{"Replay":[[[776.028,222.662,47.142,0,0,1,0,1,0,-1,0,0],[],1,8,[0,0,0],[0,0,0],[779.19,235.037,41.852,-0.858,-0.446,0.253,0,0.493,0.87,-0.513,0.747,-0.423],12.5,"Standing",0,[860,386],[[],[]]],[[776.028,222.662,47.142,0,0,1,0,1,0,-1,0,0],[],1,8,[0,0,0],[0,0,0],[779.19,235.037,41.852,-0.858,-0.446,0.253,0,0.493,0.87,-0.513,0.747,-0.423],12.5,"Standing",0,[860,386],[[],[]]],[[776.028,222.662,47.142,0,0,1,0,1,0,-1,0,0],[],1,8,[0,0,0],[0,0,0],[779.181,235.037,41.847,-0.859,-0.445,0.252,0,0.493,0.87,-0.512,0.747,-0.424],12.5,"Standing",0,[860,386],[[],[]]],[[776.028,222.662,47.142,0,0,1,0,1,0,-1,0,0],[],1,8,[0,0,0],[0,0,0],[779.198,235.037,41.857,-0.858,-0.448,0.254,0,0.493,0.87,-0.514,0.746,-0.423],12.5,"Standing",0,[860,386],[[],[]]],[[776.028,222.662,47.142,0,0,1,0,1,0,-1,0,0],[],1,8,[0,0,0],[0,0,0],[779.256,235.037,41.892,-0.852,-0.456,0.258,0,0.493,0.87,-0.524,0.741,-0.42],12.5,"Standing",0,[860,386],[[],[]]],[[776.028,222.662,47.142,0,0,1,0,1,0,-1,0,0],[],1,8,[0,0,0],[0,0,0],[779.33,235.037,41.938,-0.844,-0.466,0.264,0,0.493,0.87,-0.536,0.735,-0.416],12.5,"Standing",0,[860,386],[[],["E"]]],[[776.028,222.662,47.142,0,0,1,0,1,0,-1,0,0],[],1,8,[0,0,0],[0,0,0],[779.444,235.037,42.012,-0.832,-0.482,0.273,0,0.493,0.87,-0.554,0.724,-0.41],12.5,"Standing",0,[860,386],[[],[]]],[[776.028,222.662,47.142,0,0,1,0,1,0,-1,0,0],[],1,8,[0,0,0],[0,0,0],[779.595,235.037,42.116,-0.815,-0.504,0.285,0,0.493,0.87,-0.579,0.709,-0.402],12.5,"Standing",0,[860,386],[[],[]]],[[776.028,222.662,47.142,0,0,1,0,1,0,-1,0,0],[],1,8,[0,0,0],[0,0,0],[779.767,235.037,42.243,-0.795,-0.528,0.299,0,0.493,0.87,-0.607,0.692,-0.392],12.5,"Standing",0,[860,386],[[],[]]],[[776.028,222.662,47.142,0,0,1,0,1,0,-1,0,0],[["idle",0]],1,8,[0,0,0],[0,0,0],[779.889,235.037,42.338,-0.779,-0.545,0.309,0,0.493,0.87,-0.626,0.678,-0.384],12.5,"Standing",0,[860,386],[[],[]]],[[776.028,222.662,47.142,0,0,1,0,1,0,-1,0,0],[],1,8,[0,0,0],[0,0,0],[779.959,235.007,42.328,-0.775,-0.549,0.315,0,0.497,0.868,-0.633,0.672,-0.385],12.5,"Standing",0,[860,386],[["D"],[]]],[[775.881,222.662,47.024,0.081,0,0.997,0,1,0,-0.997,0,0.081],[],1,8,[-11.339,0,-9.112],[0,-5.263,0],[779.806,234.992,42.171,-0.778,-0.545,0.314,0,0.499,0.866,-0.629,0.674,-0.388],12.5,"Standing",0,[860,386],[[],[]]],[[775.676,222.662,46.857,0.162,0,0.987,0,1,0,-0.987,0,0.162],[["walk",0.1]],1.003,8,[-12.372,0,-10.1],[0,-4.836,0],[779.601,234.992,42.004,-0.778,-0.545,0.314,0,0.499,0.866,-0.629,0.674,-0.388],12.5,"Running",0,[860,386],[[],[]]],[[775.468,222.662,46.689,0.231,0,0.973,0,1,0,-0.973,0,0.231],[["walk",0.1]],1.101,8,[-12.439,0,-10.063],[0,-4.157,0],[779.394,234.992,41.836,-0.778,-0.545,0.314,0,0.499,0.866,-0.629,0.674,-0.388],12.5,"Running",0,[860,386],[[],[]]],[[775.261,222.662,46.521,0.289,0,0.957,0,1,0,-0.957,0,0.289],[],1.101,8,[-12.44,0,-10.062],[0,-3.594,0],[779.187,234.992,41.668,-0.778,-0.545,0.314,0,0.499,0.866,-0.629,0.674,-0.388],12.5,"Running",0,[860,386],[[],[]]],[[775.054,222.662,46.354,0.339,0,0.941,0,1,0,-0.941,0,0.339],[],1.101,8,[-12.44,0,-10.062],[0,-3.107,0],[777.618,234.992,40.4,-0.778,-0.545,0.314,0,0.499,0.866,-0.629,0.674,-0.388],12.5,"Running",1,[860,386],[["LeftShift"],[]]],[[774.795,222.662,46.144,-0.813,0,0.582,0,1,0,-0.582,0,-0.813],[],1.101,8,[-12.44,0,-10.062],[0,4.4,0],[777.359,234.992,40.19,-0.778,-0.545,0.314,0,0.499,0.866,-0.629,0.674,-0.388],12.5,"Running",1,[683,384],[[],[]]],[[774.639,222.662,46.018,-0.79,0,0.613,0,1,0,-0.613,0,-0.79],[],1.101,8,[-12.44,0,-10.062],[0,0.872,0],[777.204,234.992,40.064,-0.778,-0.545,0.314,0,0.499,0.866,-0.629,0.674,-0.388],12.5,"Running",1,[683,384],[[],[]]],[[774.432,222.662,45.851,-0.78,0,0.625,0,1,0,-0.625,0,-0.78],[["walk",0.1]],1.101,8,[-12.44,0,-10.062],[0,0.101,0],[776.997,234.992,39.897,-0.778,-0.545,0.314,0,0.499,0.866,-0.629,0.674,-0.388],12.5,"Running",1,[683,384],[[],[]]],[[774.225,222.662,45.683,-0.778,0,0.628,0,1,0,-0.628,0,-0.778],[],1.101,8,[-12.44,0,-10.062],[0,0.012,0],[776.798,234.985,39.719,-0.778,-0.544,0.315,0,0.5,0.866,-0.629,0.673,-0.389],12.5,"Running",1,[683,384],[[],[]]],[[774.017,222.662,45.515,-0.778,0,0.629,0,1,0,-0.629,0,-0.778],[],1.101,8,[-12.44,0,-10.062],[0,0.001,0],[776.722,234.992,39.623,-0.762,-0.561,0.323,0,0.499,0.866,-0.647,0.661,-0.381],12.5,"Running",1,[683,384],[[],[]]],[[773.81,222.662,45.348,-0.762,0,0.647,0,1,0,-0.647,0,-0.762],[],1.101,8,[-12.44,0,-10.062],[0,0,0],[776.571,235.007,39.51,-0.754,-0.57,0.326,0,0.497,0.868,-0.657,0.654,-0.375],12.5,"Running",1,[683,384],[[],[]]],[[773.606,222.662,45.176,-0.754,0,0.657,0,1,0,-0.657,0,-0.754],[],1.101,8,[-12.204,0,-10.346],[0,0,0],[776.467,234.992,39.358,-0.745,-0.578,0.333,0,0.499,0.866,-0.667,0.645,-0.372],12.5,"Running",1,[683,384],[[],[]]],[[773.405,222.662,45.001,-0.745,0,0.667,0,1,0,-0.667,0,-0.745],[],1.101,8,[-12.071,0,-10.502],[0,0,0],[776.356,234.992,39.229,-0.734,-0.588,0.339,0,0.499,0.866,-0.679,0.636,-0.367],12.5,"Running",1,[683,384],[[],[]]],[[773.206,222.662,44.824,-0.734,0,0.679,0,1,0,-0.679,0,-0.734],[["walk",0.1]],1.101,8,[-11.922,0,-10.671],[0,0,0],[776.212,234.992,39.08,-0.728,-0.594,0.342,0,0.499,0.866,-0.686,0.631,-0.364],12.5,"Running",1,[683,384],[[],[]]],[[773.009,222.662,44.643,-0.728,0,0.686,0,1,0,-0.686,0,-0.728],[],1.101,8,[-11.753,0,-10.856],[0,0,0],[776.042,234.992,38.914,-0.725,-0.597,0.344,0,0.499,0.866,-0.689,0.628,-0.362],12.5,"Running",1,[683,384],[[],[]]],[[772.815,222.662,44.461,-0.725,0,0.689,0,1,0,-0.689,0,-0.725],[],1.101,8,[-11.649,0,-10.968],[0,0,0],[775.866,234.992,38.741,-0.723,-0.599,0.345,0,0.499,0.866,-0.691,0.626,-0.361],12.5,"Running",1,[683,384],[[],["LeftShift"]]],[[772.622,222.662,44.277,-0.723,0,0.691,0,1,0,-0.691,0,-0.723],[],1.101,8,[-11.596,0,-11.024],[0,0,0],[775.691,234.985,38.552,-0.721,-0.6,0.347,0,0.5,0.866,-0.692,0.625,-0.361],12.5,"Running",1,[683,384],[[],[]]],[[772.429,222.662,44.093,-0.721,0,0.692,0,1,0,-0.692,0,-0.721],[],1.101,8,[-11.561,0,-11.061],[0,0,0],[775.516,234.977,38.363,-0.72,-0.6,0.348,0,0.501,0.865,-0.694,0.623,-0.361],12.5,"Running",1,[683,384],[[],[]]],[[772.236,222.662,43.908,-0.72,0,0.694,0,1,0,-0.694,0,-0.72],[],1.101,8,[-11.543,0,-11.079],[0,0,0],[775.342,234.962,38.16,-0.72,-0.599,0.349,0,0.504,0.864,-0.694,0.622,-0.363],12.5,"Running",1,[683,384],[[],["b2"]]],[[771.996,222.662,43.677,-0.72,0,0.694,0,1,0,-0.694,0,-0.72],[["walk",0.1]],1.101,8,[-11.526,0,-11.098],[0,0,0],[775.092,234.931,37.867,-0.726,-0.593,0.349,0,0.508,0.862,-0.688,0.625,-0.369],12.5,"Running",1,[683,384],[[],[]]],[[771.804,222.662,43.492,-0.726,0,0.688,0,1,0,-0.688,0,-0.726],[],1.101,8,[-11.526,0,-11.098],[0,0,0],[774.834,234.9,37.591,-0.738,-0.58,0.346,0,0.512,0.859,-0.675,0.634,-0.378],12.5,"Running",1,[683,384],[[],[]]],[[771.611,222.662,43.308,-0.738,0,0.675,0,1,0,-0.675,0,-0.738],[],1.101,8,[-11.611,0,-11.009],[0,0,0],[774.535,234.869,37.298,-0.753,-0.563,0.339,0,0.516,0.857,-0.658,0.645,-0.389],12.5,"Running",1,[683,384],[[],[]]],[[771.414,222.662,43.128,-0.753,0,0.658,0,1,0,-0.658,0,-0.753],[],1.101,8,[-11.797,0,-10.809],[0,0,0],[774.22,234.838,37.006,-0.77,-0.545,0.332,0,0.52,0.854,-0.639,0.657,-0.4],12.5,"Running",1,[683,384],[["Space"],[]]],[[771.169,223.746,42.903,-0.77,0,0.639,0,1,0,-0.639,0,-0.77],[["walk",0.1],["jump",0.1]],1,3,[-11.797,50.547,-10.809],[0,0,0],[773.865,235.906,36.705,-0.782,-0.531,0.325,0,0.522,0.853,-0.623,0.667,-0.409],12.5,"Jumping",1,[683,384],[[],[]]],[[771.016,224.357,42.773,-0.742,0,0.67,0,1,0,-0.67,0,-0.742],[["jump",0.1]],1,5,[-12.286,48.095,-10.249],[0,-6.41,0],[773.618,236.494,36.495,-0.794,-0.517,0.319,0,0.525,0.851,-0.608,0.676,-0.417],12.5,"FreeFall",1,[683,384],[[],[]]],[[770.756,225.308,42.565,-0.689,0,0.725,0,1,0,-0.725,0,-0.689],[],1,5,[-12.517,44.007,-9.966],[0,-7.889,0],[773.336,237.437,36.265,-0.797,-0.514,0.318,0,0.526,0.85,-0.604,0.678,-0.419],12.5,"FreeFall",1,[683,384],[[],[]]],[[770.598,225.838,42.443,-0.733,0,0.68,0,1,0,-0.68,0,-0.733],[],1,5,[-12.695,41.555,-9.739],[0,-7.975,0],[773.107,237.926,36.047,-0.807,-0.5,0.314,0,0.532,0.847,-0.59,0.684,-0.429],12.5,"FreeFall",1,[683,384],[[],[]]],[[770.332,226.653,42.241,-0.698,0,0.716,0,1,0,-0.716,0,-0.698],[],1,5,[-12.75,37.467,-9.667],[0,-7.994,0],[772.78,238.709,35.769,-0.815,-0.489,0.31,0,0.536,0.844,-0.579,0.689,-0.437],12.5,"FreeFall",1,[683,384],[[],[]]],[[770.117,227.243,42.084,-0.731,0,0.682,0,1,0,-0.682,0,-0.731],[],1,5,[-12.912,34.197,-9.449],[0,-7.996,0],[772.522,239.291,35.582,-0.82,-0.483,0.307,0,0.537,0.844,-0.572,0.692,-0.44],12.5,"FreeFall",1,[683,384],[[],[]]],[[769.955,227.65,41.967,-0.759,0,0.651,0,1,0,-0.651,0,-0.759],[],1,5,[-13.04,31.745,-9.271],[0,-7.996,0],[772.275,239.665,35.383,-0.83,-0.47,0.302,0,0.541,0.841,-0.558,0.698,-0.449],12.5,"FreeFall",1,[683,384],[[],[]]],[[769.736,228.145,41.814,-0.748,0,0.663,0,1,0,-0.663,0,-0.748],[],1,5,[-13.118,28.475,-9.16],[0,-7.996,0],[771.89,240.136,35.134,-0.845,-0.449,0.291,0,0.544,0.839,-0.534,0.709,-0.46],12.5,"FreeFall",1,[683,384],[[],[]]],[[769.515,228.586,41.665,-0.767,0,0.642,0,1,0,-0.642,0,-0.767],[],1,5,[-13.273,25.205,-8.935],[0,-7.996,0],[771.528,240.568,34.928,-0.857,-0.432,0.281,0,0.545,0.839,-0.516,0.718,-0.467],12.5,"FreeFall",1,[683,384],[[],[]]],[[769.29,228.972,41.522,-0.781,0,0.625,0,1,0,-0.625,0,-0.781],[],1,5,[-13.518,21.935,-8.559],[0,-7.996,0],[771.133,240.954,34.737,-0.869,-0.414,0.269,0,0.545,0.839,-0.494,0.729,-0.474],12.5,"FreeFall",1,[683,384],[[],[]]],[[769.005,229.378,41.349,-0.775,0,0.631,0,1,0,-0.631,0,-0.775],[],1,5,[-13.707,17.847,-8.254],[0,-7.996,0],[770.688,241.36,34.522,-0.881,-0.397,0.258,0,0.545,0.839,-0.473,0.739,-0.48],12.5,"FreeFall",1,[683,384],[[],[]]],[[768.774,229.641,41.216,-0.81,0,0.586,0,1,0,-0.586,0,-0.81],[],1,5,[-13.907,14.577,-7.912],[0,-7.996,0],[770.306,241.623,34.354,-0.891,-0.381,0.247,0,0.545,0.839,-0.454,0.747,-0.485],12.5,"FreeFall",1,[683,384],[[],[]]],[[768.54,229.85,41.089,-0.823,0,0.568,0,1,0,-0.568,0,-0.823],[],1,5,[-14.09,11.307,-7.581],[0,-7.996,0],[769.909,241.832,34.193,-0.901,-0.363,0.236,0,0.545,0.839,-0.433,0.756,-0.491],12.5,"FreeFall",1,[683,384],[[],[]]],[[768.302,230.004,40.967,-0.836,0,0.549,0,1,0,-0.549,0,-0.836],[],1,5,[-14.253,8.037,-7.269],[0,-7.996,0],[769.509,241.987,34.041,-0.911,-0.345,0.224,0,0.545,0.839,-0.411,0.764,-0.497],12.5,"FreeFall",1,[683,384],[[],[]]],[[768.122,230.084,40.88,-0.866,0,0.5,0,1,0,-0.5,0,-0.866],[],1,5,[-14.415,5.585,-6.943],[0,-7.996,0],[769.166,242.067,33.927,-0.921,-0.327,0.212,0,0.545,0.839,-0.39,0.772,-0.502],12.5,"FreeFall",1,[683,384],[[],[]]],[[767.88,230.143,40.769,-0.861,0,0.509,0,1,0,-0.509,0,-0.861],[["fall",0.3]],1,5,[-14.58,2.315,-6.59],[0,-7.996,0],[768.732,242.134,33.803,-0.931,-0.306,0.199,0,0.544,0.839,-0.365,0.781,-0.506],12.5,"FreeFall",1,[683,384],[[],[]]],[[767.635,230.148,40.665,-0.874,0,0.486,0,1,0,-0.486,0,-0.874],[],1,5,[-14.731,-0.955,-6.245],[0,-7.996,0],[768.301,242.138,33.678,-0.94,-0.285,0.185,0,0.544,0.839,-0.34,0.789,-0.511],12.5,"FreeFall",1,[683,384],[[],[]]],[[767.387,230.098,40.566,-0.887,0,0.462,0,1,0,-0.462,0,-0.887],[],1,5,[-14.892,-4.225,-5.85],[0,-7.996,0],[767.829,242.097,33.574,-0.951,-0.261,0.168,0,0.543,0.84,-0.31,0.798,-0.516],12.5,"FreeFall",1,[683,384],[[],[]]],[[767.136,229.993,40.474,-0.901,0,0.434,0,1,0,-0.434,0,-0.901],[],1,5,[-15.043,-7.495,-5.451],[0,-7.996,0],[767.235,242,33.481,-0.965,-0.222,0.143,0,0.542,0.841,-0.264,0.811,-0.523],12.5,"FreeFall",1,[683,384],[[],[]]],[[766.883,229.834,40.391,-0.921,0,0.39,0,1,0,-0.39,0,-0.921],[],1,5,[-15.206,-10.765,-4.977],[0,-7.996,0],[766.756,241.858,33.422,-0.972,-0.196,0.126,0,0.54,0.842,-0.233,0.819,-0.525],12.5,"FreeFall",1,[683,384],[[],[]]],[[766.627,229.621,40.318,-0.933,0,0.361,0,1,0,-0.361,0,-0.933],[],1,5,[-15.429,-14.035,-4.236],[0,-7.996,0],[766.278,241.652,33.37,-0.979,-0.171,0.109,0,0.539,0.843,-0.203,0.825,-0.527],12.5,"FreeFall",1,[683,384],[[],[]]],[[766.368,229.353,40.255,-0.944,0,0.331,0,1,0,-0.331,0,-0.944],[],1,5,[-15.556,-17.305,-3.744],[0,-7.996,0],[765.823,241.384,33.319,-0.985,-0.147,0.094,0,0.539,0.843,-0.175,0.83,-0.53],12.5,"FreeFall",1,[683,384],[["W"],["Space"]]],[[766.113,229.03,40.217,-0.958,0,0.288,0,1,0,-0.288,0,-0.958],[["fall",0.3]],1,5,[-15.146,-20.575,-1.396],[0,-6.678,0],[765.359,241.07,33.313,-0.989,-0.123,0.078,0,0.538,0.843,-0.146,0.834,-0.532],12.5,"FreeFall",1,[683,384],[[],[]]],[[765.865,228.653,40.218,-0.968,0,0.253,0,1,0,-0.253,0,-0.968],[],1,5,[-14.697,-23.845,0.944],[0,-6.537,0],[764.895,240.693,33.341,-0.993,-0.096,0.061,0,0.538,0.843,-0.114,0.838,-0.534],12.5,"FreeFall",1,[683,384],[[],[]]],[[765.625,228.222,40.258,-0.975,0,0.222,0,1,0,-0.222,0,-0.975],[],1,5,[-14.194,-27.115,3.274],[0,-6.532,0],[764.44,240.262,33.415,-0.997,-0.07,0.045,0,0.538,0.843,-0.083,0.84,-0.536],12.5,"FreeFall",1,[683,384],[[],["D"]]],[[765.406,227.736,40.33,-0.993,0,0.119,0,1,0,-0.119,0,-0.993],[],1,5,[-12.526,-30.385,4.977],[0,-0.977,0],[764.016,239.784,33.539,-0.999,-0.045,0.029,0,0.537,0.844,-0.053,0.843,-0.536],12.5,"FreeFall",1,[683,384],[[],[]]],[[765.215,227.195,40.431,-0.998,0,0.061,0,1,0,-0.061,0,-0.998],[],1,5,[-10.823,-33.655,6.644],[0,-0.324,0],[763.655,239.243,33.676,-1,-0.024,0.015,0,0.537,0.844,-0.028,0.843,-0.536],12.5,"FreeFall",1,[683,384],[[],[]]],[[765.017,226.443,40.595,-0.999,0,0.033,0,1,0,-0.033,0,-0.999],[],1,5,[-8.648,-37.743,8.68],[0,-0.209,0],[763.319,238.499,33.886,-1,-0.007,0.004,0,0.536,0.844,-0.008,0.844,-0.536],12.5,"FreeFall",1,[683,384],[[],[]]],[[764.92,225.951,40.713,-1,0,0.01,0,1,0,-0.01,0,-1],[],1,5,[-7.315,-40.195,9.87],[0,-0.172,0],[763.106,238.007,34.035,-1,0.008,-0.005,0,0.536,0.844,0.009,0.844,-0.536],12.5,"FreeFall",1,[683,384],[[],[]]],[[764.817,225.247,40.894,-1,0,-0.007,0,1,0,0.007,0,-1],[["fall",0.3]],1,5,[-5.501,-43.465,11.416],[0,-0.142,0],[762.982,237.303,34.221,-1,0.011,-0.007,0,0.536,0.844,0.013,0.844,-0.536],12.5,"FreeFall",1,[683,384],[[],[]]],[[764.744,224.489,41.099,-1,0,-0.012,0,1,0,0.012,0,-1],[],1,5,[-3.65,-46.735,12.917],[0,-0.039,0],[762.889,236.544,34.433,-1,0.013,-0.008,0,0.536,0.844,0.016,0.844,-0.536],12.5,"FreeFall",1,[683,384],[[],[]]],[[764.703,223.676,41.33,-1,0,-0.015,0,1,0,0.015,0,-1],[],1,5,[-1.788,-50.005,14.406],[0,-0.027,0],[762.816,235.732,34.673,-1,0.017,-0.011,0,0.536,0.844,0.02,0.844,-0.535],12.5,"FreeFall",1,[683,384],[[],[]]],[[764.692,222.808,41.585,-1,0,-0.02,0,1,0,0.02,0,-1],[],1,5,[0.016,-53.275,15.813],[0,-0.036,0],[762.805,234.864,34.928,-1,0.017,-0.011,0,0.536,0.844,0.02,0.844,-0.535],12.5,"FreeFall",1,[683,384],[[],[]]],[[764.697,221.886,41.852,-1,0,-0.02,0,1,0,0.02,0,-1],[],1,5,[0.322,-56.545,15.993],[0,-0.004,0],[762.8,233.942,35.197,-1,0.019,-0.012,0,0.536,0.844,0.022,0.844,-0.535],12.5,"FreeFall",1,[683,384],[[],[]]],[[764.702,221.907,42.093,-1,0,-0.022,0,1,0,0.022,0,-1],[["walk",0.1],["fall",0.3],["climb",0.1]],-4.712,12,[0.274,9.86,13.61],[0,0,0],[762.804,233.963,35.439,-1,0.019,-0.012,0,0.536,0.844,0.022,0.844,-0.535],12.5,"Climbing",1,[683,384],[[],[]]],[[764.706,222.09,42.295,-1,0,-0.022,0,1,0,0.022,0,-1],[["climb",0.1],["climb",0]],0.822,12,[0.226,11.174,11.227],[0,0,0],[762.808,234.146,35.641,-1,0.019,-0.012,0,0.536,0.844,0.022,0.844,-0.535],12.5,"Climbing",1,[683,384],[[],[]]],[[764.709,222.277,42.458,-1,0,-0.022,0,1,0,0.022,0,-1],[["climb",0.1]],0.931,12,[0.178,11.199,8.844],[0,0,0],[762.812,234.333,35.803,-1,0.019,-0.012,0,0.536,0.844,0.022,0.844,-0.535],12.5,"Climbing",1,[683,384],[[],[]]],[[764.712,222.463,42.58,-1,0,-0.022,0,1,0,0.022,0,-1],[],0.931,12,[0.13,11.2,6.462],[0,0,0],[762.814,234.519,35.925,-1,0.019,-0.012,0,0.536,0.844,0.022,0.844,-0.535],12.5,"Climbing",1,[683,384],[[],[]]],[[764.712,222.65,42.602,-1,0,-0.022,0,1,0,0.022,0,-1],[],0.931,12,[0.004,11.2,0.178],[0,0,0],[762.815,234.706,35.947,-1,0.019,-0.012,0,0.536,0.844,0.022,0.844,-0.535],12.5,"Climbing",1,[683,384],[[],[]]],[[764.712,222.837,42.603,-1,0,-0.022,0,1,0,0.022,0,-1],[],0.931,12,[0,11.2,0.004],[0,0,0],[762.815,234.893,35.948,-1,0.019,-0.012,0,0.536,0.844,0.022,0.844,-0.535],12.5,"Climbing",1,[683,384],[[],[]]],[[764.712,223.023,42.603,-1,0,-0.022,0,1,0,0.022,0,-1],[["climb",0]],0.931,12,[0,11.2,0],[0,0,0],[762.815,235.079,35.948,-1,0.019,-0.012,0,0.536,0.844,0.022,0.844,-0.535],12.5,"Climbing",1,[683,384],[[],[]]],[[764.712,223.21,42.603,-1,0,-0.022,0,1,0,0.022,0,-1],[],0.931,12,[0,11.2,0],[0,0,0],[762.815,235.266,35.948,-1,0.019,-0.012,0,0.536,0.844,0.022,0.844,-0.535],12.5,"Climbing",1,[683,384],[[],[]]],[[764.712,223.397,42.603,-1,0,-0.022,0,1,0,0.022,0,-1],[],0.931,12,[0,11.2,0],[0,0,0],[762.815,235.453,35.948,-1,0.019,-0.012,0,0.536,0.844,0.022,0.844,-0.535],12.5,"Climbing",1,[683,384],[[],[]]],[[764.712,223.583,42.603,-1,0,-0.022,0,1,0,0.022,0,-1],[],0.931,12,[0,11.2,0],[0,0,0],[762.815,235.639,35.948,-1,0.019,-0.012,0,0.536,0.844,0.022,0.844,-0.535],12.5,"Climbing",1,[683,384],[[],[]]],[[764.712,223.77,42.603,-1,0,-0.022,0,1,0,0.022,0,-1],[],0.931,12,[0,11.2,0],[0,0,0],[762.815,235.826,35.948,-1,0.019,-0.012,0,0.536,0.844,0.022,0.844,-0.535],12.5,"Climbing",1,[683,384],[[],[]]],[[764.712,223.957,42.603,-1,0,-0.022,0,1,0,0.022,0,-1],[],0.931,12,[0,11.2,0],[0,0,0],[762.888,235.996,35.902,-1,0.009,-0.006,0,0.538,0.843,0.011,0.843,-0.538],12.5,"Climbing",1,[683,384],[[],[]]],[[764.712,224.143,42.603,-1,0,-0.011,0,1,0,0.011,0,-1],[],0.931,12,[0,11.2,0],[0,0,0],[763.45,236.093,35.636,-0.998,-0.059,0.039,0,0.549,0.836,-0.071,0.834,-0.547],12.5,"Climbing",1,[683,384],[[],[]]],[[764.712,224.33,42.603,-0.998,0,0.071,0,1,0,-0.071,0,-0.998],[],0.931,12,[0,11.2,0],[0,0,0],[764.833,236.136,35.317,-0.967,-0.211,0.145,0,0.566,0.824,-0.256,0.797,-0.547],12.5,"Climbing",1,[683,384],[[],[]]],[[764.712,224.517,42.591,-0.967,0,0.256,0,1,0,-0.256,0,-0.967],[],0.931,12,[0,11.199,-0.005],[-0.009,0.005,-0.001],[767.024,236.032,35.267,-0.86,-0.409,0.305,0,0.598,0.801,-0.51,0.689,-0.515],12.5,"Climbing",1,[683,384],[[],[]]],[[764.697,224.703,42.361,-0.866,0.002,0.501,0.002,1,-0.002,-0.501,-0.001,-0.866],[],0.931,12,[-0.062,11.179,-0.028],[0.117,0.02,0.139],[769.11,235.988,35.717,-0.691,-0.566,0.45,0,0.622,0.783,-0.722,0.541,-0.43],12.5,"Climbing",1,[683,384],[["D"],[]]],[[764.697,224.936,42.15,-0.698,0,0.716,0.001,1,0.001,-0.716,0.002,-0.698],[],0.931,12,[0.012,11.185,-0.057],[-0.089,0.048,0.044],[770.329,236.078,36.269,-0.557,-0.641,0.529,0,0.636,0.771,-0.831,0.43,-0.354],12.5,"Climbing",1,[683,384],[[],[]]],[[764.62,225.089,42.042,-0.556,-0.001,0.832,0.001,1,0.002,-0.832,0.002,-0.556],[["climb",0.1],["walk",0.1],["idle",0.1]],1,8,[-9.231,11.873,-0.343],[-0.086,-0.509,-0.021],[770.46,236.115,36.175,-0.544,-0.64,0.543,0,0.648,0.762,-0.839,0.414,-0.352],12.5,"Standing",1,[683,384],[[],[]]],[[764.382,225.244,41.956,-0.543,0,0.84,0,1,0,-0.84,0.001,-0.543],[["walk",0.1]],0.637,8,[-15.508,7.698,-3.009],[-0.087,-0.059,-0.026],[768.642,236.162,34.712,-0.738,-0.509,0.444,0,0.658,0.753,-0.675,0.556,-0.485],12.5,"Running",1,[683,384],[[],[]]],[[764.056,225.354,41.887,-0.748,0,0.664,0,1,0,-0.664,0,-0.748],[["walk",0.1]],1.089,8,[-15.647,3.611,-3.334],[-0.006,0.95,0.003],[767.346,236.241,34.117,-0.82,-0.43,0.378,0,0.66,0.751,-0.572,0.616,-0.541],12.5,"Running",1,[683,384],[[],[]]],[[763.859,225.378,41.86,-0.825,0,0.566,0,1,0,-0.566,0,-0.825],[],1.089,8,[-15.796,1.158,-1.549],[0.006,0.562,0.002],[764.238,236.236,33.398,-0.968,-0.187,0.166,0,0.663,0.749,-0.25,0.725,-0.642],12.5,"Running",1,[683,384],[["Space"],["W"]]],[[763.531,226.449,41.828,-0.971,0,0.239,0,1,0,-0.239,0,-0.971],[["walk",0.1],["walk",0.1],["jump",0.1]],1,3,[-15.796,49.73,-1.549],[0.006,0.561,0.002],[762.598,237.386,33.498,-0.995,-0.075,0.065,0,0.656,0.755,-0.099,0.751,-0.653],12.5,"Jumping",1,[683,384],[[],[]]],[[763.335,227.05,41.794,-0.987,0,0.158,0,1,0,-0.158,0,-0.987],[["jump",0.1]],1,5,[-15.575,47.277,-3.325],[-0.001,-6.299,-0.002],[761.61,238.105,33.729,-1,-0.002,0.002,0,0.645,0.764,-0.003,0.764,-0.645],12.5,"FreeFall",1,[683,384],[[],[]]],[[763.071,227.804,41.759,-0.992,0,0.127,0,1,0,-0.127,0,-0.992],[],1,5,[-15.905,44.007,-1.661],[-0.002,-7.8,-0.002],[760.948,238.946,33.896,-0.999,0.036,-0.03,0,0.636,0.771,0.047,0.771,-0.636],12.5,"FreeFall",1,[683,384],[[],[]]],[[762.805,228.503,41.751,-0.996,0,0.085,0,1,0,-0.085,0,-0.996],[],1,5,[-15.996,40.737,-0.109],[-0.001,-7.973,0],[760.501,239.693,33.999,-0.997,0.055,-0.045,0,0.632,0.775,0.071,0.773,-0.63],12.5,"FreeFall",1,[683,384],[[],[]]],[[762.539,229.148,41.762,-0.998,0,0.062,0,1,0,-0.062,0,-0.998],[],1,5,[-15.982,37.467,0.738],[0,-7.993,0],[760.138,240.348,34.05,-0.997,0.065,-0.052,0,0.631,0.776,0.083,0.773,-0.629],12.5,"FreeFall",1,[683,384],[[],[]]],[[762.273,229.738,41.78,-0.999,0,0.05,0,1,0,-0.05,0,-0.999],[],1,5,[-15.96,34.197,1.123],[0,-7.996,0],[759.812,240.938,34.087,-0.996,0.071,-0.057,0,0.631,0.776,0.091,0.773,-0.628],12.5,"FreeFall",1,[683,384],[[],[]]],[[762.007,230.274,41.801,-0.999,0,0.042,0,1,0,-0.042,0,-0.999],[],1,5,[-15.945,30.927,1.328],[0,-7.996,0],[759.51,241.474,34.121,-0.995,0.074,-0.06,0,0.631,0.776,0.096,0.772,-0.628],12.5,"FreeFall",1,[683,384],[[],[]]],[[761.741,230.756,41.825,-0.999,0,0.037,0,1,0,-0.037,0,-0.999],[],1,5,[-15.934,27.657,1.454],[0,-7.996,0],[759.196,241.955,34.161,-0.995,0.079,-0.064,0,0.631,0.776,0.102,0.772,-0.627],12.5,"FreeFall",1,[683,384],[[],[]]],[[761.409,231.281,41.857,-0.998,0,0.064,0,1,0,-0.064,0,-0.998],[],1,5,[-15.927,23.57,1.531],[0,-7.996,0],[758.817,242.49,34.22,-0.994,0.084,-0.068,0,0.63,0.777,0.108,0.772,-0.626],12.5,"FreeFall",1,[683,384],[[],[]]],[[761.21,231.555,41.877,-1,0,-0.009,0,1,0,0.009,0,-1],[],1,5,[-15.917,21.117,1.627],[0,-7.996,0],[758.572,242.774,34.268,-0.993,0.089,-0.072,0,0.629,0.777,0.114,0.772,-0.625],12.5,"FreeFall",1,[683,384],[[],[]]],[[760.945,231.873,41.906,-1,0,0.019,0,1,0,-0.019,0,-1],[],1,5,[-15.906,17.847,1.73],[0,-7.996,0],[758.262,243.111,34.337,-0.993,0.094,-0.076,0,0.627,0.779,0.121,0.773,-0.622],12.5,"FreeFall",1,[683,384],[[],[]]],[[760.68,232.136,41.936,-1,0,0.012,0,1,0,-0.012,0,-1],[],1,5,[-15.895,14.577,1.83],[0,-7.996,0],[757.944,243.412,34.435,-0.992,0.101,-0.08,0,0.623,0.782,0.129,0.776,-0.618],12.5,"FreeFall",1,[683,384],[[],[]]],[[760.416,232.345,41.968,-1,0,0.004,0,1,0,-0.004,0,-1],[],1,5,[-15.883,11.307,1.93],[0,-7.996,0],[757.65,243.658,34.527,-0.991,0.105,-0.083,0,0.619,0.785,0.133,0.778,-0.614],12.5,"FreeFall",1,[683,384],[[],[]]],[[760.151,232.499,42.002,-1,0,0,0,1,0,0,0,-1],[],1,5,[-15.868,8.037,2.054],[0,-7.996,0],[757.375,243.822,34.577,-0.991,0.106,-0.083,0,0.618,0.786,0.135,0.779,-0.613],12.5,"FreeFall",1,[683,384],[[],[]]],[[759.887,232.599,42.037,-1,0,-0.002,0,1,0,0.002,0,-1],[],1,5,[-15.858,4.767,2.13],[0,-7.996,0],[757.112,243.931,34.624,-0.991,0.106,-0.083,0,0.618,0.787,0.135,0.779,-0.612],12.5,"FreeFall",1,[683,384],[[],[]]],[[759.623,232.645,42.073,-1,0,-0.002,0,1,0,0.002,0,-1],[],1,5,[-15.854,1.497,2.155],[0,-7.996,0],[756.852,243.995,34.684,-0.991,0.106,-0.083,0,0.616,0.788,0.135,0.781,-0.61],12.5,"FreeFall",1,[683,384],[[],[]]],[[759.358,232.636,42.109,-1,0,-0.002,0,1,0,0.002,0,-1],[],1,5,[-15.854,-1.773,2.156],[0,-7.996,0],[756.592,244.014,34.755,-0.991,0.106,-0.083,0,0.613,0.79,0.135,0.783,-0.607],12.5,"FreeFall",1,[683,384],[[],[]]],[[759.094,232.572,42.145,-1,0,-0.002,0,1,0,0.002,0,-1],[],1,5,[-15.854,-5.043,2.156],[0,-7.996,0],[756.348,243.997,34.846,-0.991,0.106,-0.081,0,0.608,0.794,0.133,0.787,-0.603],12.5,"FreeFall",1,[683,384],[[],[]]],[[758.83,232.454,42.181,-1,0,0,0,1,0,0,0,-1],[],1,5,[-15.854,-8.313,2.156],[0,-7.996,0],[756.139,243.933,34.937,-0.992,0.101,-0.076,0,0.602,0.798,0.127,0.792,-0.597],12.5,"FreeFall",1,[683,384],[[],[]]],[[758.566,232.281,42.217,-1,0,0.006,0,1,0,-0.006,0,-1],[],1,5,[-15.857,-11.583,2.132],[0,-7.996,0],[755.94,243.815,35.024,-0.993,0.096,-0.071,0,0.596,0.803,0.119,0.797,-0.592],12.5,"FreeFall",1,[683,384],[[],[]]],[[758.301,232.054,42.251,-1,0,0.014,0,1,0,-0.014,0,-1],[],1,5,[-15.87,-14.853,2.033],[0,-7.996,0],[755.75,243.633,35.094,-0.994,0.089,-0.065,0,0.592,0.806,0.11,0.801,-0.588],12.5,"FreeFall",1,[683,384],[["W"],[]]],[[757.989,231.694,42.326,-1,0,0.029,0,1,0,-0.029,0,-1],[["fall",0.3]],1,5,[-14.4,-18.94,4.624],[0,-6.325,0],[755.488,243.308,35.201,-0.995,0.084,-0.061,0,0.588,0.809,0.104,0.805,-0.584],12.5,"FreeFall",1,[683,384],[[],["Space"]]],[[757.798,231.344,42.338,-1,0,0.002,0,1,0,-0.002,0,-1],[],1,5,[-10.951,-22.21,1.419],[0.003,-6.241,0],[755.323,242.985,35.242,-0.995,0.081,-0.059,0,0.585,0.811,0.1,0.807,-0.582],12.5,"FreeFall",1,[683,384],[[],[]]],[[757.684,231.046,42.305,-1,0,-0.021,0,1,0,0.021,0,-1],[],1,5,[-9.739,-24.663,-0.083],[0.005,-6.252,0],[755.221,242.696,35.218,-0.995,0.08,-0.058,0,0.584,0.812,0.099,0.808,-0.581],12.5,"FreeFall",1,[683,384],[[],[]]],[[757.539,230.601,42.283,-1,0,0.006,0,1,0,-0.006,0,-1],[],1,5,[-9.447,-27.933,-0.406],[0.002,-6.266,0],[755.076,242.251,35.196,-0.995,0.08,-0.058,0,0.584,0.812,0.099,0.808,-0.581],12.5,"FreeFall",1,[683,384],[[],[]]],[[757.38,230.101,42.301,-1,0,0.006,0,1,0,-0.006,0,-1],[],1,5,[-9.576,-31.203,1.973],[0,-6.278,0],[754.918,241.751,35.214,-0.995,0.08,-0.058,0,0.584,0.812,0.099,0.808,-0.581],12.5,"FreeFall",1,[683,384],[[],[]]],[[757.237,229.547,42.297,-1,0,0.006,0,1,0,-0.006,0,-1],[],1,5,[-9.468,-34.473,0.027],[-0.002,-6.28,0],[754.775,241.197,35.21,-0.995,0.08,-0.058,0,0.584,0.812,0.099,0.808,-0.581],12.5,"FreeFall",1,[683,384],[[],[]]],[[757.094,228.939,42.281,-1,0,0.006,0,1,0,-0.006,0,-1],[],1,5,[-9.392,-37.743,-0.419],[-0.003,-6.28,0],[754.631,240.588,35.193,-0.995,0.08,-0.058,0,0.584,0.812,0.099,0.808,-0.581],12.5,"FreeFall",1,[683,384],[[],[]]],[[756.936,228.275,42.298,-1,0,0.006,0,1,0,-0.006,0,-1],[["fall",0.3]],1,5,[-9.531,-41.013,1.961],[-0.001,-6.28,0],[754.487,239.943,35.232,-0.995,0.079,-0.057,0,0.582,0.813,0.097,0.81,-0.579],12.5,"FreeFall",1,[683,384],[[],[]]],[[756.793,227.558,42.297,-1,0,0.007,0,1,0,-0.007,0,-1],[],1,5,[-9.437,-44.283,0.026],[-0.002,-6.269,0],[754.345,239.234,35.243,-0.995,0.079,-0.057,0,0.581,0.814,0.097,0.81,-0.578],12.5,"FreeFall",1,[683,384],[[],[]]],[[756.635,226.786,42.322,-1,0,0.007,0,1,0,-0.007,0,-1],[],1,5,[-9.576,-47.553,2.406],[-0.001,-6.279,0],[754.2,238.479,35.288,-0.995,0.078,-0.055,0,0.579,0.815,0.096,0.812,-0.576],12.5,"FreeFall",1,[683,384],[[],[]]],[[756.492,225.959,42.311,-1,0,0.01,0,1,0,-0.01,0,-1],[],1,5,[-9.407,-50.823,0.16],[-0.002,-6.269,0],[754.104,237.67,35.287,-0.996,0.073,-0.052,0,0.577,0.817,0.089,0.814,-0.574],12.5,"FreeFall",1,[683,384],[[],[]]],[[756.349,225.078,42.292,-1,0,0.015,0,1,0,-0.015,0,-1],[],1,5,[-9.412,-54.093,-0.399],[-0.005,-6.234,0],[754.163,236.815,35.24,-0.998,0.05,-0.035,0,0.574,0.819,0.061,0.817,-0.573],12.5,"FreeFall",1,[683,384],[[],[]]],[[756.19,224.142,42.31,-0.999,0,0.041,0,1,0,-0.041,0,-0.999],[],1,5,[-9.57,-57.363,1.98],[-0.002,-6.075,0],[754.865,235.81,34.949,-0.998,-0.047,0.034,0,0.582,0.813,-0.058,0.812,-0.581],12.5,"FreeFall",1,[683,384],[[],[]]],[[756.057,224.164,42.296,-0.997,0,0.073,-0.001,1,-0.016,-0.073,-0.016,-0.997],[["fall",0.3],["walk",0.1],["fall",0.3],["climb",0.1]],-4.78,12,[-7.096,9.872,0.446],[0.403,-0.352,0.001],[756.996,235.616,34.566,-0.94,-0.272,0.207,0,0.605,0.796,-0.342,0.748,-0.569],12.5,"Climbing",1,[683,384],[[],[]]],[[756.031,224.346,42.17,-0.943,0.003,0.332,0,1,-0.009,-0.332,-0.008,-0.943],[["climb",0.1],["climb",0]],0.823,12,[-0.222,11.106,-0.197],[0.412,0.301,0.142],[760.464,235.479,35.308,-0.704,-0.547,0.453,0,0.637,0.771,-0.71,0.542,-0.449],12.5,"Climbing",1,[683,384],[[],[]]],[[756.03,224.532,41.957,-0.71,0.001,0.705,0.002,1,-0.001,-0.705,0.001,-0.71],[["climb",0.1]],0.925,12,[0.003,11.194,-0.045],[0.052,0.059,0.218],[763.149,235.439,37.467,-0.346,-0.706,0.618,0,0.658,0.753,-0.938,0.261,-0.228],12.5,"Climbing",1,[683,384],[[],[]]],[[756.006,224.684,41.872,-0.328,-0.001,0.945,0.001,1,0.001,-0.945,0.002,-0.328],[["climb",0.1],["walk",0.1],["idle",0.1]],1,8,[-2.319,7.887,-0.205],[-0.097,-1.522,0.019],[764.164,235.379,39.012,-0.133,-0.729,0.671,0,0.677,0.736,-0.991,0.098,-0.09],12.5,"Standing",1,[683,384],[["Space"],[]]],[[755.968,225.568,41.869,-0.108,-0.001,0.994,0,1,0.001,-0.994,0,-0.108],[["walk",0.1],["jump",0.1]],1,3,[-2.319,53,-0.205],[-0.096,-1.52,0.021],[763.723,236.17,37.834,-0.275,-0.7,0.659,0,0.685,0.728,-0.962,0.2,-0.188],12.5,"Jumping",1,[683,384],[[],["W"]]],[[755.929,226.417,41.801,-0.177,-0.001,0.984,0,1,0.001,-0.984,0,-0.177],[["jump",0.1]],1,5,[-2.274,49.73,-2.565],[-0.012,-7.247,-0.044],[762.43,237.019,35.954,-0.506,-0.628,0.591,0,0.685,0.728,-0.862,0.369,-0.347],12.5,"FreeFall",1,[683,384],[[],[]]],[[755.887,227.212,41.734,-0.391,0,0.92,0,1,0,-0.92,0,-0.391],[],1,5,[-2.666,46.46,-4.915],[-0.007,-7.909,-0.022],[760.488,237.876,34.375,-0.724,-0.506,0.469,0,0.68,0.733,-0.69,0.531,-0.492],12.5,"FreeFall",1,[683,384],[[],[]]],[[755.83,227.952,41.63,-0.626,0,0.78,0,1,0,-0.78,0,-0.626],[],1,5,[-3.914,43.19,-6.948],[-0.005,-7.986,-0.004],[758.623,238.779,33.598,-0.857,-0.385,0.343,0,0.666,0.746,-0.516,0.639,-0.57],12.5,"FreeFall",1,[683,384],[[],[]]],[[755.743,228.638,41.503,-0.781,0,0.625,0,1,0,-0.625,0,-0.781],[],1,5,[-6.017,39.92,-8.071],[-0.001,-7.995,0.002],[757.265,239.683,33.386,-0.921,-0.297,0.251,0,0.646,0.764,-0.388,0.704,-0.595],12.5,"FreeFall",1,[683,384],[[],[]]],[[755.618,229.269,41.368,-0.862,0,0.507,0,1,0,-0.507,0,-0.862],[],1,5,[-8.399,36.65,-8.126],[0,-7.996,0.001],[756.438,240.507,33.379,-0.949,-0.246,0.198,0,0.627,0.779,-0.316,0.739,-0.595],12.5,"FreeFall",1,[683,384],[[],[]]],[[755.454,229.846,41.24,-0.898,0,0.44,0,1,0,-0.44,0,-0.898],[],1,5,[-10.681,33.38,-7.439],[0,-7.996,0],[755.824,241.224,33.391,-0.963,-0.212,0.164,0,0.613,0.79,-0.268,0.761,-0.59],12.5,"FreeFall",1,[683,384],[[],[]]],[[755.254,230.368,41.127,-0.919,0,0.394,0,1,0,-0.394,0,-0.919],[],1,5,[-12.788,30.11,-6.325],[0,-7.996,0],[755.238,241.802,33.34,-0.975,-0.177,0.135,0,0.607,0.795,-0.223,0.775,-0.592],12.5,"FreeFall",1,[683,384],[[],[]]],[[755.021,230.836,41.037,-0.937,0,0.35,0,1,0,-0.35,0,-0.937],[],1,5,[-14.673,26.84,-4.867],[0,-7.996,0],[754.658,242.288,33.282,-0.984,-0.143,0.109,0,0.605,0.796,-0.18,0.783,-0.595],12.5,"FreeFall",1,[683,384],[[],[]]],[[754.765,231.249,40.972,-0.951,0,0.309,0,1,0,-0.309,0,-0.951],[],1,5,[-15.565,23.57,-3.61],[0,-7.996,0],[754.074,242.701,33.24,-0.99,-0.11,0.083,0,0.605,0.796,-0.138,0.789,-0.599],12.5,"FreeFall",1,[683,384],[[],[]]],[[754.503,231.608,40.922,-0.963,0,0.268,0,1,0,-0.268,0,-0.963],[],1,5,[-15.736,20.3,-2.888],[0,-7.996,0],[753.533,243.06,33.22,-0.995,-0.081,0.062,0,0.605,0.796,-0.102,0.792,-0.602],12.5,"FreeFall",1,[683,384],[[],[]]],[[754.239,231.912,40.884,-0.972,0,0.233,0,1,0,-0.233,0,-0.972],[],1,5,[-15.845,17.03,-2.217],[0,-7.996,0],[752.978,243.382,33.248,-0.998,-0.051,0.039,0,0.603,0.798,-0.064,0.796,-0.602],12.5,"FreeFall",1,[683,384],[[],[]]],[[753.974,232.162,40.855,-0.981,0,0.196,0,1,0,-0.196,0,-0.981],[],1,5,[-15.915,13.76,-1.641],[0,-7.996,0],[752.64,243.641,33.243,-0.998,-0.044,0.033,0,0.602,0.798,-0.055,0.797,-0.601],12.5,"FreeFall",1,[683,384],[[],[]]],[[753.708,232.357,40.837,-0.982,0,0.187,0,1,0,-0.187,0,-0.982],[],1,5,[-15.966,10.49,-1.041],[0,-7.996,0],[752.35,243.846,33.241,-0.999,-0.041,0.031,0,0.601,0.799,-0.052,0.798,-0.6],12.5,"FreeFall",1,[683,384],[[],[]]],[[753.442,232.498,40.822,-0.983,0,0.184,0,1,0,-0.184,0,-0.983],[],1,5,[-15.976,7.22,-0.881],[0,-7.996,0],[752.083,243.986,33.226,-0.999,-0.041,0.031,0,0.601,0.799,-0.052,0.798,-0.6],12.5,"FreeFall",1,[683,384],[[],[]]],[[753.176,232.584,40.808,-0.983,0,0.184,0,1,0,-0.184,0,-0.983],[],1,5,[-15.979,3.95,-0.829],[0,-7.996,0],[751.816,244.082,33.224,-0.999,-0.041,0.031,0,0.6,0.8,-0.052,0.799,-0.599],12.5,"FreeFall",1,[683,384],[[],[]]],[[752.909,232.616,40.794,-0.983,0,0.184,0,1,0,-0.184,0,-0.983],[["fall",0.3]],1,5,[-15.979,0.68,-0.828],[0,-7.996,0],[751.549,244.123,33.222,-0.999,-0.041,0.031,0,0.599,0.801,-0.052,0.799,-0.598],12.5,"FreeFall",1,[683,384],[[],[]]],[[752.643,232.593,40.78,-0.983,0,0.184,0,1,0,-0.184,0,-0.983],[],1,5,[-15.979,-2.59,-0.828],[0,-7.996,0],[751.295,244.1,33.206,-0.999,-0.043,0.032,0,0.599,0.801,-0.053,0.799,-0.598],12.5,"FreeFall",1,[683,384],[[],[]]],[[752.377,232.516,40.766,-0.983,0,0.186,0,1,0,-0.186,0,-0.983],[],1,5,[-15.979,-5.86,-0.828],[0,-7.996,0],[751.052,244.023,33.188,-0.998,-0.045,0.034,0,0.599,0.801,-0.056,0.799,-0.598],12.5,"FreeFall",1,[683,384],[[],[]]],[[752.11,232.384,40.752,-0.982,0,0.189,0,1,0,-0.189,0,-0.982],[],1,5,[-15.977,-9.13,-0.853],[0,-7.996,0],[750.809,243.9,33.182,-0.998,-0.048,0.036,0,0.598,0.801,-0.06,0.8,-0.597],12.5,"FreeFall",1,[683,384],[[],[]]],[[751.844,232.198,40.737,-0.981,0,0.192,0,1,0,-0.192,0,-0.981],[],1,5,[-15.975,-12.4,-0.902],[0,-7.996,0],[750.566,243.714,33.163,-0.998,-0.05,0.038,0,0.598,0.801,-0.063,0.8,-0.597],12.5,"FreeFall",1,[683,384],[["W"],[]]],[[751.523,231.889,40.754,-0.98,0,0.201,0,1,0,-0.201,0,-0.98],[],1,5,[-14.996,-16.488,1.911],[0,-6.372,0],[750.246,243.404,33.18,-0.998,-0.05,0.038,0,0.598,0.801,-0.063,0.8,-0.597],12.5,"FreeFall",1,[683,384],[[],[]]],[[751.341,231.662,40.792,-0.99,0,0.141,0,1,0,-0.141,0,-0.99],[["fall",0.3]],1,5,[-14.412,-18.94,3.601],[0,-6.298,0],[750.063,243.178,33.218,-0.998,-0.05,0.038,0,0.598,0.801,-0.063,0.8,-0.597],12.5,"FreeFall",1,[683,384],[[],[]]],[[751.109,231.312,40.875,-0.986,0,0.167,0,1,0,-0.167,0,-0.986],[],1,5,[-13.634,-22.21,5.854],[0,-6.282,0],[749.831,242.828,33.301,-0.998,-0.05,0.038,0,0.598,0.801,-0.063,0.8,-0.597],12.5,"FreeFall",1,[683,384],[[],[]]],[[750.89,230.908,40.996,-0.986,0,0.167,0,1,0,-0.167,0,-0.986],[],1,5,[-12.856,-25.48,8.106],[0,-6.28,0],[749.612,242.424,33.422,-0.998,-0.05,0.038,0,0.598,0.801,-0.063,0.8,-0.597],12.5,"FreeFall",1,[683,384],[[],[]]],[[750.683,230.449,41.154,-0.986,0,0.167,0,1,0,-0.167,0,-0.986],[],1,5,[-12.103,-28.75,10.287],[0,-6.28,0],[749.406,241.965,33.58,-0.998,-0.05,0.038,0,0.598,0.801,-0.063,0.8,-0.597],12.5,"FreeFall",1,[683,384],[[],[]]],[[750.483,229.936,41.33,-0.986,0,0.167,0,1,0,-0.167,0,-0.986],[],1,5,[-12.003,-32.02,10.576],[0,-6.28,0],[749.206,241.452,33.756,-0.998,-0.05,0.038,0,0.598,0.801,-0.063,0.8,-0.597],12.5,"FreeFall",1,[683,384],[[],["Space"]]],[[750.283,229.368,41.506,-0.986,0,0.167,0,1,0,-0.167,0,-0.986],[],1,5,[-12.001,-35.29,10.582],[0,-6.28,0],[749.006,240.884,33.932,-0.998,-0.05,0.038,0,0.598,0.801,-0.063,0.8,-0.597],12.5,"FreeFall",1,[683,384],[[],[]]],[[750.083,228.746,41.683,-0.986,0,0.167,0,1,0,-0.167,0,-0.986],[],1,5,[-12.001,-38.56,10.582],[0,-6.28,0],[748.806,240.262,34.109,-0.998,-0.05,0.038,0,0.598,0.801,-0.063,0.8,-0.597],12.5,"FreeFall",1,[683,384],[[],[]]],[[749.883,228.069,41.859,-0.986,0,0.167,0,1,0,-0.167,0,-0.986],[["fall",0.3]],1,5,[-12.001,-41.83,10.582],[0,-6.28,0],[748.606,239.585,34.285,-0.998,-0.05,0.038,0,0.598,0.801,-0.063,0.8,-0.597],12.5,"FreeFall",1,[683,384],[[],[]]],[[749.683,227.338,42.035,-0.986,0,0.167,0,1,0,-0.167,0,-0.986],[],1,5,[-12.001,-45.1,10.582],[0,-6.28,0],[748.382,238.854,34.465,-0.998,-0.048,0.036,0,0.598,0.801,-0.06,0.8,-0.597],12.5,"FreeFall",1,[683,384],[[],[]]],[[749.483,226.552,42.212,-0.986,0,0.164,0,1,0,-0.164,0,-0.986],[],1,5,[-12.001,-48.37,10.582],[0,-6.302,0],[748.016,238.068,34.672,-0.999,-0.03,0.023,0,0.598,0.801,-0.038,0.801,-0.598],12.5,"FreeFall",1,[683,384],[[],["D"]]],[[749.277,226.634,42.35,-1,0.007,0.025,0.006,1,-0.021,-0.025,-0.021,-0.999],[["walk",0.1],["fall",0.3],["climb",0.1]],-4.031,12,[-8.13,10.004,3.11],[1.526,4.923,-0.267],[747.678,238.149,34.808,-1,-0.015,0.011,0,0.598,0.801,-0.019,0.801,-0.598],12.5,"Climbing",1,[683,384],[[],[]]],[[749.14,226.864,42.399,-1,0.002,-0.008,0.002,1,0,0.008,0,-1],[["climb",0.1],["climb",0]],0.834,12,[-5.45,11.19,1.807],[0.496,0.333,0.256],[747.428,238.38,34.912,-1,-0.004,0.003,0,0.598,0.801,-0.005,0.801,-0.598],12.5,"Climbing",1,[683,384],[[],[]]],[[749.087,227.004,42.416,-1,0,0.003,0,1,0.002,-0.003,0.002,-1],[["climb",0.1]],0.932,12,[-3.705,11.199,1.128],[0.022,0.066,0.101],[747.301,238.52,34.948,-1,0.004,-0.003,0,0.598,0.801,0.005,0.801,-0.598],12.5,"Climbing",1,[683,384],[[],[]]],[[749.055,227.144,42.425,-1,0,-0.005,0,1,0.001,0.005,0.001,-1],[],0.932,12,[-1.967,11.2,0.583],[-0.086,0.013,0.007],[747.233,238.66,34.965,-1,0.008,-0.006,0,0.598,0.801,0.009,0.801,-0.598],12.5,"Climbing",1,[683,384],[[],[]]],[[749.044,227.331,42.429,-1,0,-0.01,0,1,0,0.01,0,-1],[],0.932,12,[-0.115,11.2,0.041],[-0.037,0.002,-0.015],[747.211,238.837,34.957,-1,0.009,-0.007,0,0.599,0.801,0.011,0.8,-0.599],12.5,"Climbing",1,[683,384],[[],[]]],[[749.044,227.517,42.429,-1,0,-0.011,0,1,0,0.011,0,-1],[],0.932,12,[-0.003,11.2,0.004],[0,0,-0.005],[747.199,239.006,34.936,-1,0.01,-0.008,0,0.601,0.799,0.013,0.799,-0.601],12.5,"Climbing",1,[683,384],[[],[]]],[[749.044,227.704,42.429,-1,0,-0.013,0,1,0,0.013,0,-1],[],0.932,12,[0,11.2,0],[0.004,0,0.001],[747.162,239.138,34.873,-1,0.014,-0.011,0,0.607,0.795,0.017,0.795,-0.607],12.5,"Climbing",1,[683,384],[[],[]]],[[749.044,227.891,42.429,-1,0,-0.017,0,1,0,0.017,0,-1],[["climb",0]],0.932,12,[0,11.2,0],[0.001,0,0.001],[747.124,239.222,34.75,-1,0.017,-0.014,0,0.618,0.787,0.022,0.786,-0.617],12.5,"Climbing",1,[683,384],[[],[]]],[[749.044,228.077,42.429,-1,0,-0.022,0,1,0,0.022,0,-1],[],0.932,12,[0,11.2,0],[0,0,0],[747.083,239.267,34.582,-1,0.021,-0.017,0,0.632,0.775,0.027,0.775,-0.631],12.5,"Climbing",1,[683,384],[[],[]]],[[749.044,228.264,42.429,-1,0,-0.027,0,1,0,0.027,0,-1],[],0.932,12,[0,11.2,0],[0,0,0],[747.039,239.27,34.371,-1,0.024,-0.02,0,0.649,0.76,0.031,0.76,-0.649],12.5,"Climbing",1,[683,384],[[],[]]],[[749.044,228.451,42.429,-1,0,-0.031,0,1,0,0.031,0,-1],[],0.932,12,[0,11.2,0],[0,0,0],[746.979,239.237,34.134,-0.999,0.028,-0.025,0,0.669,0.743,0.038,0.742,-0.669],12.5,"Climbing",1,[683,384],[[],[]]],[[749.044,228.637,42.429,-0.999,0,-0.038,0,1,0,0.038,0,-0.999],[],0.932,12,[0,11.2,0],[0,0,0],[746.916,239.188,33.892,-0.999,0.032,-0.03,0,0.69,0.724,0.044,0.723,-0.689],12.5,"Climbing",1,[683,384],[[],[]]],[[749.044,228.824,42.429,-0.999,0,-0.044,0,1,0,0.044,0,-0.999],[],0.932,12,[0,11.2,0],[0,0,0],[746.821,239.12,33.654,-0.999,0.038,-0.038,0,0.71,0.704,0.053,0.703,-0.709],12.5,"Climbing",1,[683,384],[[],[]]],[[749.044,229.01,42.429,-0.999,0,-0.053,0,1,0,0.053,0,-0.999],[],0.932,12,[0,11.2,0],[0,0,0],[746.722,239.034,33.414,-0.998,0.043,-0.046,0,0.731,0.682,0.063,0.681,-0.73],12.5,"Climbing",1,[683,384],[[],[]]],[[749.044,229.197,42.429,-0.998,0,-0.063,0,1,0,0.063,0,-0.998],[],0.932,12,[0,11.2,0],[0,0,0],[746.618,238.918,33.164,-0.997,0.048,-0.054,0,0.753,0.658,0.072,0.656,-0.751],12.5,"Climbing",1,[683,384],[[],[]]],[[749.044,229.43,42.429,-0.997,0,-0.072,0,1,0,0.072,0,-0.997],[],0.932,12,[0,11.2,0],[0,0,0],[746.581,239.025,33.063,-0.997,0.049,-0.057,0,0.762,0.648,0.075,0.646,-0.76],12.5,"Climbing",1,[683,384],[[],[]]],[[749.044,229.57,42.429,-0.997,0,-0.075,0,1,0,0.075,0,-0.997],[],0.932,12,[0,11.2,0],[0,0,0],[746.575,239.073,32.985,-0.997,0.048,-0.058,0,0.768,0.64,0.075,0.638,-0.766],12.5,"Climbing",1,[683,384],[[],[]]],[[749.044,229.757,42.429,-0.997,0,-0.075,0,1,0,0.075,0,-0.997],[],0.932,12,[0,11.2,0],[0,0,0],[746.629,239.178,32.903,-0.998,0.044,-0.053,0,0.774,0.634,0.069,0.632,-0.772],12.5,"Climbing",1,[683,384],[[],[]]],[[749.044,229.944,42.429,-0.998,0,-0.069,0,1,0,0.069,0,-0.998],[],0.932,12,[0,11.2,0],[0,0,0],[746.775,239.27,32.79,-0.999,0.033,-0.042,0,0.78,0.626,0.053,0.625,-0.779],12.5,"Climbing",1,[683,384],[[],[]]],[[749.044,230.13,42.429,-0.999,0,-0.053,0,1,0,0.053,0,-0.999],[],0.932,12,[0,11.2,0],[0,0,0],[746.775,239.457,32.79,-0.999,0.033,-0.042,0,0.78,0.626,0.053,0.625,-0.779],12.5,"Climbing",1,[683,384],[[],[]]],[[749.044,230.317,42.429,-0.999,0,-0.053,0,1,0,0.053,0,-0.999],[],0.932,12,[0,11.2,0],[0,0,0],[746.775,239.644,32.79,-0.999,0.033,-0.042,0,0.78,0.626,0.053,0.625,-0.779],12.5,"Climbing",1,[683,384],[[],[]]],[[749.044,230.504,42.429,-0.999,0,-0.053,0,1,0,0.053,0,-0.999],[],0.932,12,[0,11.2,0],[0,0,0],[746.775,239.83,32.79,-0.999,0.033,-0.042,0,0.78,0.626,0.053,0.625,-0.779],12.5,"Climbing",1,[683,384],[[],[]]],[[749.044,230.69,42.429,-0.999,0,-0.053,0,1,0,0.053,0,-0.999],[],0.932,12,[0,11.2,0],[0,0,0],[746.775,240.017,32.79,-0.999,0.033,-0.042,0,0.78,0.626,0.053,0.625,-0.779],12.5,"Climbing",1,[683,384],[[],[]]],[[749.044,230.877,42.429,-0.999,0,-0.053,0,1,0,0.053,0,-0.999],[],0.932,12,[0,11.2,0],[0,0,0],[746.775,240.204,32.79,-0.999,0.033,-0.042,0,