{"Replay":[[[776.028,222.662,47.142,0,0,1,0,1,0,-1,0,0],[],1,8,[0,0,0],[0,0,0],[776.32,236.472,44.992,-0.991,-0.133,0.023,0,0.174,0.985,-0.135,0.976,-0.172],12.5,"Standing",0,[684,398],[[],[]]],[[776.028,222.662,47.142,0,0,1,0,1,0,-1,0,0],[],1,8,[0,0,0],[0,0,0],[776.31,236.472,44.99,-0.992,-0.128,0.023,0,0.174,0.985,-0.13,0.976,-0.172],12.5,"Standing",0,[684,398],[[],[]]],[[776.028,222.662,47.142,0,0,1,0,1,0,-1,0,0],[],1,8,[0,0,0],[0,0,0],[776.296,236.472,44.988,-0.992,-0.122,0.021,0,0.174,0.985,-0.124,0.977,-0.172],12.5,"Standing",0,[684,398],[[],[]]],[[776.028,222.662,47.142,0,0,1,0,1,0,-1,0,0],[],1,8,[0,0,0],[0,0,0],[776.29,236.472,44.988,-0.993,-0.119,0.021,0,0.174,0.985,-0.121,0.978,-0.172],12.5,"Standing",0,[684,398],[[],[]]],[[776.028,222.662,47.142,0,0,1,0,1,0,-1,0,0],[],1,8,[0,0,0],[0,0,0],[776.279,236.472,44.986,-0.993,-0.114,0.02,0,0.174,0.985,-0.116,0.978,-0.172],12.5,"Standing",0,[684,398],[[],[]]],[[776.028,222.662,47.142,0,0,1,0,1,0,-1,0,0],[],1,8,[0,0,0],[0,0,0],[776.259,236.472,44.984,-0.994,-0.105,0.019,0,0.174,0.985,-0.107,0.979,-0.173],12.5,"Standing",0,[684,398],[[],["E"]]],[[776.028,222.662,47.142,0,0,1,0,1,0,-1,0,0],[],1,8,[0,0,0],[0,0,0],[776.249,236.472,44.983,-0.995,-0.1,0.018,0,0.174,0.985,-0.102,0.98,-0.173],12.5,"Standing",0,[684,398],[[],[]]],[[776.028,222.662,47.142,0,0,1,0,1,0,-1,0,0],[],1,8,[0,0,0],[0,0,0],[776.232,236.472,44.981,-0.996,-0.093,0.016,0,0.174,0.985,-0.094,0.98,-0.173],12.5,"Standing",0,[684,398],[[],[]]],[[776.028,222.662,47.142,0,0,1,0,1,0,-1,0,0],[],1,8,[0,0,0],[0,0,0],[776.215,236.472,44.98,-0.996,-0.085,0.015,0,0.174,0.985,-0.086,0.981,-0.173],12.5,"Standing",0,[684,398],[[],[]]],[[776.028,222.662,47.142,0,0,1,0,1,0,-1,0,0],[],1,8,[0,0,0],[0,0,0],[776.198,236.472,44.978,-0.997,-0.077,0.014,0,0.174,0.985,-0.078,0.982,-0.173],12.5,"Standing",0,[684,398],[[],[]]],[[776.028,222.662,47.142,0,0,1,0,1,0,-1,0,0],[],1,8,[0,0,0],[0,0,0],[776.178,236.472,44.977,-0.998,-0.068,0.012,0,0.174,0.985,-0.069,0.982,-0.173],12.5,"Standing",0,[684,398],[[],[]]],[[776.028,222.662,47.142,0,0,1,0,1,0,-1,0,0],[],1,8,[0,0,0],[0,0,0],[776.15,236.472,44.975,-0.998,-0.056,0.01,0,0.174,0.985,-0.057,0.983,-0.173],12.5,"Standing",0,[684,398],[["D"],[]]],[[775.708,222.662,47.12,0.013,0,1,0,1,0,-1,0,0.013],[],1,8,[-15.758,0,-1.091],[0,-0.55,0],[775.814,236.472,44.952,-0.999,-0.048,0.008,0,0.174,0.985,-0.049,0.984,-0.173],12.5,"Standing",0,[684,398],[[],[]]],[[775.575,222.662,47.112,0.016,0,1,0,1,0,-1,0,0.016],[["walk",0.1]],1.089,8,[-15.944,0,-0.931],[0,-0.383,0],[775.668,236.472,44.944,-0.999,-0.042,0.007,0,0.174,0.985,-0.042,0.984,-0.173],12.5,"Running",0,[684,398],[[],[]]],[[775.309,222.662,47.099,0.021,0,1,0,1,0,-1,0,0.021],[],1.089,8,[-15.98,0,-0.782],[0,-0.264,0],[775.394,236.472,44.93,-0.999,-0.039,0.007,0,0.174,0.985,-0.039,0.984,-0.174],12.5,"Running",0,[684,398],[[],[]]],[[775.043,222.662,47.088,0.024,0,1,0,1,0,-1,0,0.024],[],1.089,8,[-15.985,0,-0.681],[0,-0.177,0],[775.128,236.472,44.919,-0.999,-0.039,0.007,0,0.174,0.985,-0.039,0.984,-0.174],12.5,"Running",0,[684,398],[[],[]]],[[774.776,222.662,47.077,0.026,0,1,0,1,0,-1,0,0.026],[],1.089,8,[-15.988,0,-0.63],[0,-0.126,0],[774.862,236.472,44.908,-0.999,-0.039,0.007,0,0.174,0.985,-0.039,0.984,-0.174],12.5,"Running",0,[684,398],[[],[]]],[[774.51,222.662,47.067,0.028,0,1,0,1,0,-1,0,0.028],[],1.089,8,[-15.988,0,-0.629],[0,-0.108,0],[774.595,236.472,44.898,-0.999,-0.039,0.007,0,0.174,0.985,-0.039,0.984,-0.174],12.5,"Running",0,[684,398],[[],[]]],[[774.243,222.662,47.056,0.029,0,1,0,1,0,-1,0,0.029],[],1.089,8,[-15.988,0,-0.629],[0,-0.093,0],[774.329,236.472,44.887,-0.999,-0.039,0.007,0,0.174,0.985,-0.039,0.984,-0.174],12.5,"Running",0,[684,398],[[],[]]],[[773.977,222.662,47.046,0.031,0,1,0,1,0,-1,0,0.031],[],1.089,8,[-15.988,0,-0.629],[0,-0.081,0],[774.062,236.472,44.877,-0.999,-0.039,0.007,0,0.174,0.985,-0.039,0.984,-0.174],12.5,"Running",0,[684,398],[[],[]]],[[773.71,222.662,47.035,0.032,0,0.999,0,1,0,-0.999,0,0.032],[["walk",0.1]],1.089,8,[-15.988,0,-0.629],[0,-0.07,0],[773.796,236.472,44.866,-0.999,-0.039,0.007,0,0.174,0.985,-0.039,0.984,-0.174],12.5,"Running",0,[684,398],[[],[]]],[[773.444,222.662,47.025,0.033,0,0.999,0,1,0,-0.999,0,0.033],[],1.089,8,[-15.988,0,-0.629],[0,-0.06,0],[773.529,236.472,44.856,-0.999,-0.039,0.007,0,0.174,0.985,-0.039,0.984,-0.174],12.5,"Running",0,[684,398],[[],[]]],[[773.177,222.662,47.014,0.034,0,0.999,0,1,0,-0.999,0,0.034],[],1.089,8,[-15.988,0,-0.629],[0,-0.052,0],[773.263,236.472,44.846,-0.999,-0.039,0.007,0,0.174,0.985,-0.039,0.984,-0.174],12.5,"Running",0,[684,398],[[],[]]],[[772.911,222.662,47.004,0.034,0,0.999,0,1,0,-0.999,0,0.034],[],1.089,8,[-15.988,0,-0.629],[0,-0.045,0],[772.996,236.472,44.835,-0.999,-0.039,0.007,0,0.174,0.985,-0.039,0.984,-0.174],12.5,"Running",0,[684,398],[[],[]]],[[772.644,222.662,46.993,0.035,0,0.999,0,1,0,-0.999,0,0.035],[],1.089,8,[-15.988,0,-0.629],[0,-0.039,0],[772.73,236.472,44.825,-0.999,-0.039,0.007,0,0.174,0.985,-0.039,0.984,-0.174],12.5,"Running",0,[684,398],[[],[]]],[[772.378,222.662,46.983,0.036,0,0.999,0,1,0,-0.999,0,0.036],[],1.089,8,[-15.988,0,-0.629],[0,-0.034,0],[772.463,236.472,44.814,-0.999,-0.039,0.007,0,0.174,0.985,-0.039,0.984,-0.174],12.5,"Running",0,[684,398],[[],[]]],[[772.111,222.662,46.973,0.036,0,0.999,0,1,0,-0.999,0,0.036],[["walk",0.1]],1.089,8,[-15.988,0,-0.629],[0,-0.029,0],[772.187,236.472,44.803,-0.999,-0.034,0.006,0,0.174,0.985,-0.035,0.984,-0.174],12.5,"Running",0,[684,398],[[],[]]],[[771.845,222.662,46.962,0.037,0,0.999,0,1,0,-0.999,0,0.037],[],1.089,8,[-15.988,0,-0.629],[0,-0.025,0],[771.91,236.472,44.792,-1,-0.029,0.005,0,0.174,0.985,-0.03,0.984,-0.174],12.5,"Running",0,[684,398],[[],[]]],[[771.578,222.662,46.953,0.036,0,0.999,0,1,0,-0.999,0,0.036],[],1.089,8,[-15.99,0,-0.555],[0,0.015,0],[771.626,236.472,44.783,-1,-0.022,0.004,0,0.174,0.985,-0.022,0.985,-0.174],12.5,"Running",0,[684,398],[[],[]]],[[771.312,222.662,46.945,0.036,0,0.999,0,1,0,-0.999,0,0.036],[],1.089,8,[-15.993,-0.001,-0.479],[0,0.051,0],[771.339,236.472,44.774,-1,-0.012,0.002,0,0.174,0.985,-0.013,0.985,-0.174],12.5,"Running",0,[684,398],[[],[]]],[[771.045,222.662,46.939,0.034,0,0.999,0,1,0,-0.999,0,0.034],[],1.089,8,[-15.996,-0.001,-0.355],[0,0.107,0],[771.052,236.472,44.768,-1,-0.003,0.001,0,0.174,0.985,-0.003,0.985,-0.174],12.5,"Running",0,[684,398],[[],[]]],[[770.779,222.662,46.935,0.031,0,1,0,1,0,-1,0,0.031],[],1.089,8,[-15.999,0,-0.205],[0,0.168,0],[770.769,236.472,44.764,-1,0.005,-0.001,0,0.174,0.985,0.005,0.985,-0.174],12.5,"Running",0,[684,398],[[],[]]],[[770.512,222.662,46.934,0.027,0,1,0,1,0,-1,0,0.027],[],1.089,8,[-16,0,-0.054],[0,0.222,0],[768.738,236.472,44.783,-1,0.011,-0.002,0,0.174,0.985,0.011,0.985,-0.174],12.5,"Running",1,[684,398],[["LeftShift"],[]]],[[770.112,222.662,46.936,-0.987,0,-0.161,0,1,0,0.161,0,-0.987],[["walk",0.1]],1.089,8,[-16,0,0.074],[0,6.405,0],[768.338,236.472,44.784,-1,0.011,-0.002,0,0.174,0.985,0.011,0.985,-0.174],12.5,"Running",1,[683,357.5],[[],[]]],[[769.912,222.642,46.937,-0.996,0,-0.091,0,1,0,0.091,0,-0.996],[],1.089,8,[-16,-2.453,0.075],[0,6.428,0],[768.138,236.452,44.785,-1,0.011,-0.002,0,0.174,0.985,0.011,0.985,-0.174],12.5,"Running",1,[683,357.5],[["Space"],[]]],[[769.579,223.715,46.938,-0.99,0,-0.144,0,1,0,0.144,0,-0.99],[["walk",0.1],["jump",0.1]],1,3,[-16,49.883,0.075],[0,6.421,0],[767.805,237.525,44.787,-1,0.011,-0.002,0,0.174,0.985,0.011,0.985,-0.174],12.5,"Jumping",1,[683,357.5],[[],[]]],[[769.312,224.512,46.941,-0.999,0,0.048,0,1,0,-0.048,0,-0.999],[["jump",0.1]],1,5,[-15.999,46.613,0.173],[0,-6.329,0],[767.535,238.323,44.792,-1,0.012,-0.002,0,0.174,0.985,0.013,0.985,-0.174],12.5,"FreeFall",1,[683,357.5],[[],[]]],[[769.112,225.075,46.943,-0.997,0,0.08,0,1,0,-0.08,0,-0.997],[],1,5,[-15.999,44.161,0.175],[0,-7.665,0],[767.335,238.885,44.795,-1,0.012,-0.002,0,0.174,0.985,0.013,0.985,-0.174],12.5,"FreeFall",1,[683,357.5],[[],[]]],[[768.846,225.777,46.946,-0.993,0,0.119,0,1,0,-0.119,0,-0.993],[],1,5,[-15.999,40.891,0.2],[0,-7.958,0],[767.069,239.587,44.798,-1,0.012,-0.002,0,0.174,0.985,0.013,0.985,-0.174],12.5,"FreeFall",1,[683,357.5],[[],[]]],[[768.579,226.424,46.95,-0.993,0,0.12,0,1,0,-0.12,0,-0.993],[],1,5,[-15.999,37.621,0.2],[0,-7.991,0],[766.792,240.234,44.81,-1,0.017,-0.003,0,0.174,0.985,0.017,0.985,-0.174],12.5,"FreeFall",1,[683,357.5],[[],[]]],[[768.312,227.017,46.953,-0.993,0,0.116,0,1,0,-0.116,0,-0.993],[],1,5,[-15.999,34.351,0.2],[0,-7.995,0],[766.518,240.827,44.819,-1,0.02,-0.004,0,0.174,0.985,0.02,0.985,-0.174],12.5,"FreeFall",1,[683,357.5],[[],[]]],[[768.046,227.556,46.957,-0.994,0,0.113,0,1,0,-0.113,0,-0.994],[],1,5,[-15.998,31.081,0.274],[0,-7.996,0],[766.239,241.366,44.834,-1,0.026,-0.005,0,0.174,0.985,0.027,0.984,-0.174],12.5,"FreeFall",1,[683,357.5],[[],[]]],[[767.779,228.039,46.963,-0.994,0,0.106,0,1,0,-0.106,0,-0.994],[],1,5,[-15.997,27.811,0.325],[0,-7.996,0],[765.959,241.85,44.851,-0.999,0.032,-0.006,0,0.174,0.985,0.033,0.984,-0.174],12.5,"FreeFall",1,[683,357.5],[[],[]]],[[767.513,228.469,46.97,-0.995,0,0.1,0,1,0,-0.1,0,-0.995],[],1,5,[-15.994,24.541,0.425],[0,-7.996,0],[765.679,242.279,44.869,-0.999,0.039,-0.007,0,0.174,0.985,0.039,0.984,-0.174],12.5,"FreeFall",1,[683,357.5],[[],[]]],[[767.246,228.844,46.978,-0.996,0,0.094,0,1,0,-0.094,0,-0.996],[],1,5,[-15.991,21.271,0.525],[0,-7.996,0],[765.389,242.654,44.898,-0.999,0.049,-0.009,0,0.174,0.985,0.05,0.984,-0.173],12.5,"FreeFall",1,[683,357.5],[[],["LeftShift"]]],[[766.98,229.164,46.988,-0.997,0,0.083,0,1,0,-0.083,0,-0.997],[],1,5,[-15.988,18.001,0.625],[0,-7.996,0],[765.107,242.974,44.923,-0.998,0.057,-0.01,0,0.174,0.985,0.058,0.983,-0.173],12.5,"FreeFall",1,[683,357.5],[[],[]]],[[766.713,229.43,47.001,-0.997,0,0.075,0,1,0,-0.075,0,-0.997],[],1,5,[-15.98,14.731,0.8],[0,-7.996,0],[764.821,243.24,44.954,-0.998,0.066,-0.012,0,0.174,0.985,0.067,0.983,-0.173],12.5,"FreeFall",1,[683,357.5],[[],[]]],[[766.447,229.642,47.016,-0.998,0,0.066,0,1,0,-0.066,0,-0.998],[],1,5,[-15.973,11.461,0.926],[0,-7.996,0],[764.539,243.452,44.984,-0.997,0.074,-0.013,0,0.174,0.985,0.075,0.982,-0.173],12.5,"FreeFall",1,[683,357.5],[[],[]]],[[766.181,229.799,47.034,-0.998,0,0.058,0,1,0,-0.058,0,-0.998],[],1,5,[-15.964,8.191,1.076],[0,-7.996,0],[764.266,243.609,45.007,-0.997,0.077,-0.014,0,0.174,0.985,0.078,0.982,-0.173],12.5,"FreeFall",1,[683,357.5],[[],["Space","b2"]]],[[765.849,229.918,47.059,-0.996,0,0.088,0,1,0,-0.088,0,-0.996],[],1,5,[-15.955,4.103,1.204],[0,-7.996,0],[763.934,243.728,45.032,-0.997,0.077,-0.014,0,0.174,0.985,0.078,0.982,-0.173],12.5,"FreeFall",1,[683,357.5],[[],[]]],[[765.583,229.953,47.08,-0.999,0,0.055,0,1,0,-0.055,0,-0.999],[],1,5,[-15.951,0.833,1.254],[0,-7.996,0],[763.674,243.763,45.047,-0.997,0.074,-0.013,0,0.174,0.985,0.075,0.982,-0.173],12.5,"FreeFall",1,[683,357.5],[[],[]]],[[765.383,229.943,47.095,-1,0,0.025,0,1,0,-0.025,0,-1],[],1,5,[-15.951,-1.619,1.255],[0,-7.996,0],[763.494,243.753,45.045,-0.998,0.065,-0.011,0,0.174,0.985,0.066,0.983,-0.173],12.5,"FreeFall",1,[683,357.5],[[],[]]],[[765.117,229.881,47.115,-0.998,0,0.067,0,1,0,-0.067,0,-0.998],[],1,5,[-15.954,-4.889,1.206],[0,-7.996,0],[763.248,243.692,45.047,-0.998,0.056,-0.01,0,0.174,0.985,0.056,0.983,-0.173],12.5,"FreeFall",1,[683,357.5],[[],[]]],[[764.851,229.766,47.133,-0.997,0,0.077,0,1,0,-0.077,0,-0.997],[["fall",0.3]],1,5,[-15.965,-8.159,1.058],[0,-7.996,0],[763.001,243.576,45.048,-0.999,0.046,-0.008,0,0.174,0.985,0.047,0.984,-0.173],12.5,"FreeFall",1,[683,357.5],[[],[]]],[[764.585,229.596,47.149,-0.996,0,0.086,0,1,0,-0.086,0,-0.996],[],1,5,[-15.974,-11.429,0.907],[0,-7.996,0],[762.755,243.406,45.046,-0.999,0.037,-0.007,0,0.174,0.985,0.038,0.984,-0.174],12.5,"FreeFall",1,[683,357.5],[[],[]]],[[764.319,229.371,47.162,-0.995,0,0.095,0,1,0,-0.095,0,-0.995],[],1,5,[-15.982,-14.699,0.756],[0,-7.996,0],[762.502,243.181,45.047,-1,0.031,-0.005,0,0.174,0.985,0.031,0.984,-0.174],12.5,"FreeFall",1,[683,357.5],[[],[]]],[[764.052,229.092,47.172,-0.995,0,0.102,0,1,0,-0.102,0,-0.995],[],1,5,[-15.989,-17.969,0.605],[0,-7.996,0],[762.242,242.902,45.052,-1,0.028,-0.005,0,0.174,0.985,0.028,0.984,-0.174],12.5,"FreeFall",1,[683,357.5],[[],[]]],[[763.786,228.759,47.181,-0.994,0,0.105,0,1,0,-0.105,0,-0.994],[],1,5,[-15.992,-21.239,0.504],[0,-7.996,0],[761.985,242.569,45.052,-1,0.023,-0.004,0,0.174,0.985,0.024,0.985,-0.174],12.5,"FreeFall",1,[683,357.5],[[],[]]],[[763.519,228.371,47.189,-0.994,0,0.11,0,1,0,-0.11,0,-0.994],[],1,5,[-15.994,-24.509,0.453],[0,-7.996,0],[761.725,242.181,45.054,-1,0.02,-0.004,0,0.174,0.985,0.02,0.985,-0.174],12.5,"FreeFall",1,[683,357.5],[[],[]]],[[763.253,227.928,47.195,-0.994,0,0.113,0,1,0,-0.113,0,-0.994],[],1,5,[-15.996,-27.779,0.378],[0,-7.996,0],[761.476,241.738,45.046,-1,0.012,-0.002,0,0.174,0.985,0.013,0.985,-0.174],12.5,"FreeFall",1,[683,357.5],[[],[]]],[[762.986,227.431,47.201,-0.993,0,0.12,0,1,0,-0.12,0,-0.993],[["fall",0.3]],1,5,[-15.997,-31.049,0.327],[0,-7.996,0],[761.233,241.241,45.033,-1,0.001,0,0,0.174,0.985,0.002,0.985,-0.174],12.5,"FreeFall",1,[683,357.5],[[],[]]],[[762.719,226.88,47.204,-0.991,0,0.131,0,1,0,-0.131,0,-0.991],[],1,5,[-15.999,-34.319,0.203],[0,-7.996,0],[761.014,240.69,44.998,-1,-0.02,0.004,0,0.174,0.985,-0.02,0.985,-0.174],12.5,"FreeFall",1,[683,357.5],[[],[]]],[[762.386,226.113,47.205,-0.983,0,0.186,0,1,0,-0.186,0,-0.983],[],1,5,[-16,-38.407,0.026],[0,-7.996,0],[760.792,239.918,44.889,-0.998,-0.068,0.012,0,0.176,0.984,-0.069,0.982,-0.176],12.5,"FreeFall",1,[683,357.5],[[],[]]],[[762.12,225.439,47.201,-0.98,0,0.201,0,1,0,-0.201,0,-0.98],[],1,5,[-15.997,-41.677,-0.321],[0,-7.996,0],[760.729,239.233,44.703,-0.989,-0.148,0.027,0,0.181,0.984,-0.15,0.972,-0.179],12.5,"FreeFall",1,[683,357.5],[[],[]]],[[761.853,224.711,47.184,-0.96,0,0.28,0,1,0,-0.28,0,-0.96],[],1,5,[-15.962,-44.947,-1.09],[0,-7.996,0],[760.765,238.496,44.503,-0.965,-0.256,0.048,0,0.184,0.983,-0.261,0.949,-0.178],12.5,"FreeFall",1,[683,357.5],[[],[]]],[[761.655,224.128,47.159,-0.935,0,0.356,0,1,0,-0.356,0,-0.935],[],1,5,[-15.829,-47.399,-2.303],[0,-7.996,0],[760.96,237.914,44.35,-0.918,-0.389,0.073,0,0.184,0.983,-0.396,0.903,-0.169],12.5,"FreeFall",1,[683,357.5],[[],[]]],[[761.396,223.304,47.099,-0.858,0,0.514,0,1,0,-0.514,0,-0.858],[],1,5,[-15.466,-50.669,-4.076],[0,-7.996,0],[761.122,237.09,44.218,-0.85,-0.518,0.097,0,0.184,0.983,-0.527,0.836,-0.157],12.5,"FreeFall",1,[683,357.5],[[],[]]],[[761.149,222.426,46.999,-0.828,0,0.561,0,1,0,-0.561,0,-0.828],[["fall",0.3],["walk",0.1],["fall",0.3],["fall",0.3]],1,7,[-14.709,-53.939,-6.288],[0,-0.924,0],[761.261,236.211,44.107,-0.772,-0.624,0.117,0,0.184,0.983,-0.635,0.759,-0.142],12.5,"FreeFall",1,[683,357.5],[[],[]]],[[760.92,221.962,46.864,-0.769,0,0.639,0,1,0,-0.639,0,-0.769],[],1,7,[-13.624,-5.156,-8.383],[0,-0.107,0],[761.518,235.742,44.008,-0.66,-0.738,0.14,0,0.187,0.982,-0.751,0.648,-0.123],12.5,"FreeFall",1,[683,357.5],[[],[]]],[[760.711,222.045,46.699,-0.654,0,0.756,0,1,0,-0.756,0,-0.654],[["walk",0.1],["fall",0.3],["walk",0.1]],1.103,8,[-12.384,7.097,-10.126],[0,-0.568,0],[761.631,235.811,43.867,-0.588,-0.794,0.156,0,0.193,0.981,-0.809,0.577,-0.113],12.5,"Running",1,[683,357.5],[[],[]]],[[760.53,222.15,46.503,-0.585,0,0.811,0,1,0,-0.811,0,-0.585],[],1.103,8,[-10.597,5.431,-11.982],[0,-0.066,0],[761.772,235.898,43.718,-0.514,-0.84,0.171,0,0.2,0.98,-0.858,0.504,-0.103],12.5,"Running",1,[683,357.5],[[],[]]],[[760.371,222.215,46.289,-0.514,0,0.858,0,1,0,-0.858,0,-0.514],[],1.103,8,[-9.427,3.276,-12.926],[0,-0.004,0],[761.911,235.944,43.573,-0.444,-0.877,0.185,0,0.207,0.978,-0.896,0.434,-0.092],12.5,"Running",1,[683,357.5],[[],[]]],[[760.232,222.249,46.062,-0.444,0,0.896,0,1,0,-0.896,0,-0.444],[],1.103,8,[-8.253,1.681,-13.705],[0,0,0],[761.998,235.966,43.427,-0.385,-0.902,0.195,0,0.212,0.977,-0.923,0.377,-0.082],12.5,"Running",1,[683,357.5],[[],[]]],[[760.112,222.263,45.824,-0.385,0,0.923,0,1,0,-0.923,0,-0.385],[],1.103,8,[-7.128,0.626,-14.323],[0,0,0],[762.012,235.974,43.253,-0.347,-0.916,0.201,0,0.214,0.977,-0.938,0.339,-0.074],12.5,"Running",1,[683,357.5],[["Space"],[]]],[[759.963,223.336,45.525,-0.347,0,0.938,0,1,0,-0.938,0,-0.347],[["walk",0.1],["walk",0.1],["jump",0.1]],1,3,[-7.128,49.883,-14.323],[0,0,0],[761.921,237.044,42.983,-0.331,-0.921,0.203,0,0.215,0.977,-0.944,0.323,-0.071],12.5,"Jumping",1,[683,357.5],[[],[]]],[[759.84,224.325,45.216,-0.213,0,0.977,0,1,0,-0.977,0,-0.213],[["jump",0.1]],1,5,[-5.585,45.796,-14.992],[0,-7.457,0],[761.798,238.032,42.674,-0.331,-0.921,0.203,0,0.215,0.977,-0.944,0.323,-0.071],12.5,"FreeFall",1,[683,357.5],[[],[]]],[[759.773,224.877,45.027,-0.238,0,0.971,0,1,0,-0.971,0,-0.238],[],1,5,[-5.315,43.343,-15.091],[0,-7.889,0],[761.731,238.584,42.485,-0.331,-0.921,0.203,0,0.215,0.977,-0.944,0.323,-0.071],12.5,"FreeFall",1,[683,357.5],[[],[]]],[[759.707,225.398,44.839,-0.236,0,0.972,0,1,0,-0.972,0,-0.236],[],1,5,[-5.301,40.891,-15.096],[0,-7.975,0],[761.677,239.105,42.306,-0.327,-0.923,0.203,0,0.215,0.977,-0.945,0.319,-0.07],12.5,"FreeFall",1,[683,357.5],[[],[]]],[[759.618,226.045,44.587,-0.198,0,0.98,0,1,0,-0.98,0,-0.198],[],1,5,[-5.3,37.621,-15.097],[0,-7.993,0],[761.593,239.753,42.057,-0.325,-0.923,0.203,0,0.215,0.977,-0.946,0.318,-0.07],12.5,"FreeFall",1,[683,357.5],[[],[]]],[[759.531,226.638,44.335,-0.197,0,0.98,0,1,0,-0.98,0,-0.197],[],1,5,[-5.23,34.351,-15.121],[0,-7.996,0],[761.493,240.346,41.796,-0.33,-0.922,0.203,0,0.215,0.977,-0.944,0.322,-0.071],12.5,"FreeFall",1,[683,357.5],[[],[]]],[[759.444,227.177,44.083,-0.201,0,0.98,0,1,0,-0.98,0,-0.201],[],1,5,[-5.205,31.081,-15.13],[0,-7.996,0],[761.354,240.884,41.504,-0.349,-0.915,0.202,0,0.215,0.977,-0.937,0.341,-0.075],12.5,"FreeFall",1,[683,357.5],[[],[]]],[[759.335,227.773,43.768,-0.189,0,0.982,0,1,0,-0.982,0,-0.189],[],1,5,[-5.276,26.993,-15.105],[0,-7.996,0],[761.194,241.484,41.168,-0.362,-0.911,0.199,0,0.214,0.977,-0.932,0.354,-0.078],12.5,"FreeFall",1,[683,357.5],[[],[]]],[[759.266,228.09,43.581,-0.267,0,0.964,0,1,0,-0.964,0,-0.267],[],1,5,[-5.567,24.541,-15],[0,-7.996,0],[761.101,241.801,40.963,-0.371,-0.907,0.199,0,0.214,0.977,-0.929,0.362,-0.079],12.5,"FreeFall",1,[683,357.5],[[],[]]],[[759.17,228.465,43.332,-0.244,0,0.97,0,1,0,-0.97,0,-0.244],[],1,5,[-5.79,21.271,-14.915],[0,-7.996,0],[760.996,242.176,40.709,-0.374,-0.906,0.198,0,0.214,0.977,-0.927,0.365,-0.08],12.5,"FreeFall",1,[683,357.5],[[],[]]],[[759.071,228.786,43.084,-0.247,0,0.969,0,1,0,-0.969,0,-0.247],[],1,5,[-5.932,18.001,-14.86],[0,-7.996,0],[760.898,242.496,40.461,-0.374,-0.906,0.198,0,0.214,0.977,-0.927,0.365,-0.08],12.5,"FreeFall",1,[683,357.5],[[],[]]],[[758.971,229.052,42.837,-0.247,0,0.969,0,1,0,-0.969,0,-0.247],[],1,5,[-5.981,14.731,-14.84],[0,-7.996,0],[760.798,242.762,40.213,-0.374,-0.906,0.198,0,0.214,0.977,-0.927,0.365,-0.08],12.5,"FreeFall",1,[683,357.5],[[],[]]],[[758.872,229.263,42.589,-0.247,0,0.969,0,1,0,-0.969,0,-0.247],[],1,5,[-5.982,11.461,-14.84],[0,-7.996,0],[760.685,242.977,39.972,-0.374,-0.906,0.197,0,0.213,0.977,-0.927,0.365,-0.08],12.5,"FreeFall",1,[683,357.5],[[],[]]],[[758.772,229.42,42.342,-0.247,0,0.969,0,1,0,-0.969,0,-0.247],[],1,5,[-5.982,8.191,-14.84],[0,-7.996,0],[760.602,243.134,39.736,-0.368,-0.909,0.198,0,0.213,0.977,-0.93,0.36,-0.078],12.5,"FreeFall",1,[683,357.5],[[],[]]],[[758.673,229.522,42.095,-0.241,0,0.97,0,1,0,-0.97,0,-0.241],[],1,5,[-5.982,4.921,-14.84],[0,-7.996,0],[760.539,243.236,39.515,-0.355,-0.914,0.199,0,0.213,0.977,-0.935,0.347,-0.076],12.5,"FreeFall",1,[683,357.5],[[],[]]],[[758.574,229.57,41.847,-0.227,0,0.974,0,1,0,-0.974,0,-0.227],[],1,5,[-5.89,1.651,-14.876],[0,-7.996,0],[760.507,243.281,39.3,-0.336,-0.92,0.202,0,0.214,0.977,-0.942,0.328,-0.072],12.5,"FreeFall",1,[683,357.5],[[],[]]],[[758.479,229.564,41.598,-0.208,0,0.978,0,1,0,-0.978,0,-0.208],[],1,5,[-5.682,-1.619,-14.957],[0,-7.996,0],[760.495,243.268,39.085,-0.315,-0.927,0.205,0,0.216,0.976,-0.949,0.307,-0.068],12.5,"FreeFall",1,[683,357.5],[[],[]]],[[758.389,229.503,41.347,-0.186,0,0.983,0,1,0,-0.983,0,-0.186],[],1,5,[-5.377,-4.889,-15.069],[0,-7.996,0],[760.489,243.203,38.888,-0.288,-0.935,0.208,0,0.218,0.976,-0.958,0.281,-0.063],12.5,"FreeFall",1,[683,357.5],[[],[]]],[[758.304,229.387,41.094,-0.158,0,0.987,0,1,0,-0.987,0,-0.158],[],1,5,[-5.045,-8.159,-15.184],[0,-7.996,0],[760.461,243.085,38.668,-0.271,-0.939,0.211,0,0.219,0.976,-0.962,0.265,-0.059],12.5,"FreeFall",1,[683,357.5],[[],["Space"]]],[[758.226,229.217,40.839,-0.141,0,0.99,0,1,0,-0.99,0,-0.141],[],1,5,[-4.615,-11.429,-15.32],[0,-7.996,0],[760.465,242.911,38.471,-0.244,-0.946,0.213,0,0.22,0.976,-0.97,0.238,-0.054],12.5,"FreeFall",1,[683,357.5],[[],[]]],[[758.135,228.928,40.518,-0.08,0,0.997,0,1,0,-0.997,0,-0.08],[["fall",0.3]],1,5,[-4.343,-15.517,-15.399],[0,-7.996,0],[760.476,242.619,38.233,-0.207,-0.954,0.216,0,0.221,0.975,-0.978,0.202,-0.046],12.5,"FreeFall",1,[683,357.5],[[],[]]],[[758.085,228.714,40.325,-0.109,0,0.994,0,1,0,-0.994,0,-0.109],[],1,5,[-3.927,-17.969,-15.51],[0,-7.996,0],[760.524,242.404,38.145,-0.164,-0.962,0.218,0,0.221,0.975,-0.986,0.16,-0.036],12.5,"FreeFall",1,[683,357.5],[[],[]]],[[758.028,228.38,40.064,-0.032,0,1,0,1,0,-1,0,-0.032],[],1,5,[-3.329,-21.239,-15.65],[0,-7.996,0],[760.541,242.071,37.97,-0.13,-0.967,0.219,0,0.221,0.975,-0.992,0.127,-0.029],12.5,"FreeFall",1,[683,357.5],[[],[]]],[[757.983,227.992,39.801,0.003,0,1,0,1,0,-1,0,0.003],[],1,5,[-2.639,-24.509,-15.781],[0,-7.996,0],[760.557,241.683,37.783,-0.1,-0.97,0.22,0,0.221,0.975,-0.995,0.098,-0.022],12.5,"FreeFall",1,[683,357.5],[[],[]]],[[757.947,227.549,39.537,0.033,0,0.999,0,1,0,-0.999,0,0.033],[],1,5,[-2.089,-27.779,-15.863],[0,-7.996,0],[760.616,241.237,37.625,-0.06,-0.973,0.222,0,0.222,0.975,-0.998,0.058,-0.013],12.5,"FreeFall",1,[683,357.5],[[],[]]],[[757.919,227.052,39.272,0.074,0,0.997,0,1,0,-0.997,0,0.074],[],1,5,[-1.614,-31.049,-15.918],[0,-7.996,0],[760.716,240.733,37.505,-0.006,-0.974,0.225,0,0.225,0.974,-1,0.006,-0.001],12.5,"FreeFall",1,[683,357.5],[[],[]]],[[757.902,226.501,39.006,0.127,0,0.992,0,1,0,-0.992,0,0.127],[],1,5,[-0.966,-34.319,-15.971],[0,-7.996,0],[760.804,240.178,37.391,0.047,-0.973,0.226,0,0.226,0.974,-0.999,-0.046,0.011],12.5,"FreeFall",1,[683,357.5],[[],[]]],[[757.898,225.895,38.739,0.18,0,0.984,0,1,0,-0.984,0,0.18],[["fall",0.3]],1,5,[-0.116,-37.589,-15.999],[0,-7.996,0],[760.863,239.572,37.244,0.088,-0.97,0.225,0,0.226,0.974,-0.996,-0.086,0.02],12.5,"FreeFall",1,[683,357.5],[[],[]]],[[757.908,225.234,38.473,0.22,0,0.976,0,1,0,-0.976,0,0.22],[],1,5,[0.738,-40.859,-15.982],[0,-7.996,0],[760.892,238.911,37.015,0.1,-0.969,0.225,0,0.226,0.974,-0.995,-0.098,0.023],12.5,"FreeFall",1,[683,357.5],[[],[]]],[[757.93,224.519,38.207,0.232,0,0.973,0,1,0,-0.973,0,0.232],[],1,5,[1.394,-44.129,-15.939],[0,-7.996,0],[760.921,238.196,36.764,0.105,-0.969,0.225,0,0.226,0.974,-0.994,-0.102,0.024],12.5,"FreeFall",1,[683,357.5],[[],[]]],[[757.956,223.75,37.942,0.236,0,0.972,0,1,0,-0.972,0,0.236],[],1,5,[1.603,-47.399,-15.919],[0,-7.996,0],[760.945,237.427,36.494,0.104,-0.969,0.225,0,0.226,0.974,-0.995,-0.101,0.023],12.5,"FreeFall",1,[683,357.5],[[],[]]],[[757.984,222.926,37.677,0.235,0,0.972,0,1,0,-0.972,0,0.235],[],1,5,[1.681,-50.669,-15.911],[0,-7.996,0],[760.862,236.613,36.096,0.06,-0.973,0.222,0,0.222,0.975,-0.998,-0.058,0.013],12.5,"FreeFall",1,[683,357.5],[[],[]]],[[758.012,222.111,37.411,0.093,0,0.996,0,1,0,-0.996,0,0.093],[["walk",0.1],["fall",0.3],["fall",0.3]],1,7,[1.658,-38.559,-15.914],[0,-0.298,0],[760.737,235.812,35.67,0.003,-0.976,0.218,0,0.218,0.976,-1,-0.003,0.001],12.5,"FreeFall",1,[683,357.5],[[],[]]],[[758.029,221.99,37.145,0.005,0,1,0,1,0,-1,0,0.005],[["fall",0.3]],1,7,[0.97,2.598,-15.97],[0,-0.034,0],[760.515,235.71,35.195,-0.078,-0.975,0.21,0,0.21,0.978,-0.997,0.077,-0.016],12.5,"FreeFall",1,[683,357.5],[[],[]]],[[758.033,222.09,36.879,-0.078,0,0.997,0,1,0,-0.997,0,-0.078],[["walk",0.1],["fall",0.3],["walk",0.1]],1.103,8,[0.07,6.207,-15.999],[0,-0.004,0],[760.173,235.834,34.689,-0.187,-0.962,0.197,0,0.201,0.98,-0.982,0.183,-0.038],12.5,"Running",1,[683,357.5],[[],[]]],[[758.015,222.172,36.613,-0.192,0,0.981,0,1,0,-0.981,0,-0.192],[],1.103,8,[-1.227,4.089,-15.952],[0,0.389,0],[759.751,235.941,34.209,-0.309,-0.933,0.182,0,0.192,0.981,-0.951,0.303,-0.059],12.5,"Running",1,[683,357.5],[[],[]]],[[757.969,222.219,36.35,-0.316,0,0.949,0,1,0,-0.949,0,-0.316],[],1.103,8,[-2.961,2.299,-15.722],[0,0.477,0],[759.304,236.007,33.796,-0.423,-0.891,0.166,0,0.183,0.983,-0.906,0.416,-0.077],12.5,"Running",1,[683,357.5],[[],[]]],[[757.889,222.247,36.096,-0.43,0,0.903,0,1,0,-0.903,0,-0.43],[],1.103,8,[-4.903,1.471,-15.227],[0,0.46,0],[758.83,236.057,33.471,-0.521,-0.841,0.148,0,0.174,0.985,-0.854,0.513,-0.09],12.5,"Running",1,[683,357.5],[[],[]]],[[757.779,222.253,35.853,-0.527,0,0.85,0,1,0,-0.85,0,-0.527],[],1.103,8,[-6.728,0.091,-14.514],[0,0.416,0],[758.464,236.063,33.151,-0.6,-0.788,0.139,0,0.174,0.985,-0.8,0.591,-0.104],12.5,"Running",1,[683,357.5],[[],[]]],[[757.642,222.253,35.625,-0.601,0,0.799,0,1,0,-0.799,0,-0.601],[],1.103,8,[-8.305,0.002,-13.673],[0,0.012,0],[758.118,236.063,32.877,-0.66,-0.74,0.13,0,0.174,0.985,-0.751,0.65,-0.115],12.5,"Running",1,[683,357.5],[["Space"],[]]],[[757.504,223.118,35.397,-0.66,0,0.751,0,1,0,-0.751,0,-0.66],[["walk",0.1],["walk",0.1],["jump",0.1]],1,3,[-8.305,50.701,-13.673],[0,0.011,0],[757.806,236.928,32.625,-0.706,-0.698,0.123,0,0.174,0.985,-0.708,0.695,-0.123],12.5,"Jumping",1,[683,357.5],[[],[]]],[[757.345,223.929,35.183,-0.638,0,0.77,0,1,0,-0.77,0,-0.638],[["jump",0.1]],1,5,[-10.227,47.431,-12.264],[0,-7.07,0],[757.499,237.739,32.4,-0.743,-0.659,0.116,0,0.174,0.985,-0.67,0.731,-0.129],12.5,"FreeFall",1,[683,357.5],[[],[]]],[[757.161,224.686,34.991,-0.651,0,0.759,0,1,0,-0.759,0,-0.651],[],1,5,[-11.262,44.161,-11.361],[0,-7.889,0],[757.166,238.496,32.203,-0.777,-0.619,0.109,0,0.174,0.985,-0.629,0.766,-0.135],12.5,"FreeFall",1,[683,357.5],[[],[]]],[[756.965,225.387,34.811,-0.687,0,0.726,0,1,0,-0.726,0,-0.687],[],1,5,[-11.871,40.891,-10.726],[0,-7.984,0],[756.917,239.198,32.023,-0.789,-0.605,0.107,0,0.174,0.985,-0.614,0.777,-0.137],12.5,"FreeFall",1,[683,357.5],[[],[]]],[[756.759,226.035,34.642,-0.701,0,0.714,0,1,0,-0.714,0,-0.701],[],1,5,[-12.427,37.621,-10.077],[0,-7.994,0],[756.68,239.845,31.854,-0.796,-0.596,0.105,0,0.174,0.985,-0.606,0.784,-0.138],12.5,"FreeFall",1,[683,357.5],[[],[]]],[[756.549,226.628,34.477,-0.708,0,0.706,0,1,0,-0.706,0,-0.708],[],1,5,[-12.622,34.351,-9.833],[0,-7.996,0],[756.453,240.438,31.691,-0.8,-0.591,0.104,0,0.174,0.985,-0.601,0.787,-0.139],12.5,"FreeFall",1,[683,357.5],[[],[]]],[[756.337,227.166,34.315,-0.713,0,0.701,0,1,0,-0.701,0,-0.713],[],1,5,[-12.731,31.081,-9.691],[0,-7.996,0],[756.215,240.976,31.53,-0.805,-0.584,0.103,0,0.174,0.985,-0.593,0.793,-0.14],12.5,"FreeFall",1,[683,357.5],[[],[]]],[[756.124,227.65,34.155,-0.719,0,0.695,0,1,0,-0.695,0,-0.719],[],1,5,[-12.793,27.811,-9.61],[0,-7.996,0],[755.975,241.46,31.371,-0.811,-0.576,0.102,0,0.174,0.985,-0.585,0.798,-0.141],12.5,"FreeFall",1,[683,357.5],[[],[]]],[[755.856,228.179,33.957,-0.703,0,0.712,0,1,0,-0.712,0,-0.703],[],1,5,[-12.883,23.723,-9.488],[0,-7.996,0],[755.677,241.989,31.175,-0.817,-0.568,0.1,0,0.174,0.985,-0.576,0.805,-0.142],12.5,"FreeFall",1,[683,357.5],[[],[]]],[[755.64,228.54,33.801,-0.733,0,0.68,0,1,0,-0.68,0,-0.733],[],1,5,[-12.971,20.453,-9.368],[0,-7.996,0],[755.43,242.35,31.02,-0.823,-0.559,0.099,0,0.174,0.985,-0.567,0.811,-0.143],12.5,"FreeFall",1,[683,357.5],[[],[]]],[[755.422,228.847,33.647,-0.741,0,0.672,0,1,0,-0.672,0,-0.741],[],1,5,[-13.073,17.183,-9.225],[0,-7.996,0],[755.191,242.657,30.868,-0.828,-0.552,0.097,0,0.174,0.985,-0.561,0.815,-0.144],12.5,"FreeFall",1,[683,357.5],[[],[]]],[[755.258,229.041,33.533,-0.768,0,0.641,0,1,0,-0.641,0,-0.768],[],1,5,[-13.17,14.731,-9.085],[0,-7.996,0],[755.026,242.851,30.754,-0.828,-0.552,0.097,0,0.174,0.985,-0.561,0.815,-0.144],12.5,"FreeFall",1,[683,357.5],[[],[]]],[[755.037,229.253,33.383,-0.746,0,0.666,0,1,0,-0.666,0,-0.746],[],1,5,[-13.245,11.461,-8.976],[0,-7.996,0],[754.801,243.063,30.605,-0.829,-0.551,0.097,0,0.174,0.985,-0.56,0.816,-0.144],12.5,"FreeFall",1,[683,357.5],[[],[]]],[[754.816,229.41,33.233,-0.747,0,0.665,0,1,0,-0.665,0,-0.747],[],1,5,[-13.247,8.191,-8.974],[0,-7.996,0],[754.581,243.22,30.455,-0.829,-0.551,0.097,0,0.174,0.985,-0.56,0.816,-0.144],12.5,"FreeFall",1,[683,357.5],[[],[]]],[[754.595,229.512,33.084,-0.747,0,0.665,0,1,0,-0.665,0,-0.747],[],1,5,[-13.26,4.921,-8.953],[0,-7.996,0],[754.347,243.322,30.307,-0.831,-0.547,0.096,0,0.174,0.985,-0.556,0.819,-0.144],12.5,"FreeFall",1,[683,357.5],[[],[]]],[[754.375,229.56,32.935,-0.75,0,0.661,0,1,0,-0.661,0,-0.75],[],1,5,[-13.261,1.651,-8.953],[0,-7.996,0],[754.095,243.37,30.161,-0.837,-0.538,0.095,0,0.174,0.985,-0.546,0.825,-0.145],12.5,"FreeFall",1,[683,357.5],[[],[]]],[[754.153,229.553,32.787,-0.757,0,0.653,0,1,0,-0.653,0,-0.757],[],1,5,[-13.302,-1.619,-8.892],[0,-7.996,0],[753.839,243.363,30.016,-0.844,-0.528,0.093,0,0.174,0.985,-0.536,0.831,-0.147],12.5,"FreeFall",1,[683,357.5],[[],["Space"]]],[[753.874,229.469,32.604,-0.744,0,0.668,0,1,0,-0.668,0,-0.744],[],1,5,[-13.399,-5.707,-8.745],[0,-7.996,0],[753.529,243.279,29.837,-0.85,-0.519,0.091,0,0.174,0.985,-0.527,0.837,-0.148],12.5,"FreeFall",1,[683,357.5],[[],[]]],[[753.705,229.377,32.496,-0.793,0,0.609,0,1,0,-0.609,0,-0.793],[],1,5,[-13.503,-8.159,-8.584],[0,-7.996,0],[753.352,243.187,29.731,-0.852,-0.516,0.091,0,0.174,0.985,-0.524,0.839,-0.148],12.5,"FreeFall",1,[683,357.5],[[],[]]],[[753.422,229.156,32.321,-0.753,0,0.658,0,1,0,-0.658,0,-0.753],[["fall",0.3]],1,5,[-13.601,-12.247,-8.427],[0,-7.996,0],[753.069,242.966,29.555,-0.852,-0.516,0.091,0,0.174,0.985,-0.524,0.839,-0.148],12.5,"FreeFall",1,[683,357.5],[[],[]]],[[753.195,228.917,32.181,-0.775,0,0.632,0,1,0,-0.632,0,-0.775],[],1,5,[-13.628,-15.517,-8.384],[0,-7.996,0],[752.842,242.728,29.415,-0.852,-0.516,0.091,0,0.174,0.985,-0.524,0.839,-0.148],12.5,"FreeFall",1,[683,357.5],[[],[]]],[[752.968,228.625,32.041,-0.775,0,0.632,0,1,0,-0.632,0,-0.775],[],1,5,[-13.628,-18.787,-8.383],[0,-7.996,0],[752.615,242.435,29.275,-0.852,-0.516,0.091,0,0.174,0.985,-0.524,0.839,-0.148],12.5,"FreeFall",1,[683,357.5],[[],[]]],[[752.798,228.37,31.936,-0.795,0,0.606,0,1,0,-0.606,0,-0.795],[],1,5,[-13.628,-21.239,-8.383],[0,-7.996,0],[752.445,242.18,29.17,-0.852,-0.516,0.091,0,0.174,0.985,-0.524,0.839,-0.148],12.5,"FreeFall",1,[683,357.5],[[],[]]],[[752.571,227.982,31.796,-0.775,0,0.632,0,1,0,-0.632,0,-0.775],[],1,5,[-13.628,-24.509,-8.383],[0,-7.996,0],[752.218,241.792,29.031,-0.852,-0.516,0.091,0,0.174,0.985,-0.524,0.839,-0.148],12.5,"FreeFall",1,[683,357.5],[[],[]]],[[752.344,227.539,31.657,-0.775,0,0.632,0,1,0,-0.632,0,-0.775],[],1,5,[-13.628,-27.779,-8.383],[0,-7.996,0],[752.008,241.349,28.889,-0.848,-0.521,0.092,0,0.174,0.985,-0.529,0.836,-0.147],12.5,"FreeFall",1,[683,357.5],[[],[]]],[[752.117,227.042,31.517,-0.771,0,0.637,0,1,0,-0.637,0,-0.771],[],1,5,[-13.628,-31.049,-8.383],[0,-7.996,0],[751.811,240.852,28.746,-0.843,-0.53,0.094,0,0.174,0.985,-0.539,0.83,-0.146],12.5,"FreeFall",1,[683,357.5],[[],[]]],[[751.89,226.49,31.376,-0.764,0,0.646,0,1,0,-0.646,0,-0.764],[["fall",0.3]],1,5,[-13.576,-34.319,-8.467],[0,-7.996,0],[751.655,240.3,28.598,-0.829,-0.551,0.097,0,0.174,0.985,-0.56,0.816,-0.144],12.5,"FreeFall",1,[683,357.5],[[],[]]],[[751.665,225.884,31.233,-0.747,0,0.665,0,1,0,-0.665,0,-0.747],[],1,5,[-13.483,-37.589,-8.614],[0,-7.996,0],[751.469,239.694,28.452,-0.821,-0.563,0.099,0,0.174,0.985,-0.571,0.808,-0.143],12.5,"FreeFall",1,[683,357.5],[[],[]]],[[751.444,225.224,31.084,-0.738,0,0.675,0,1,0,-0.675,0,-0.738],[],1,5,[-13.265,-40.859,-8.947],[0,-7.996,0],[751.283,239.034,28.301,-0.814,-0.573,0.101,0,0.174,0.985,-0.582,0.801,-0.141],12.5,"FreeFall",1,[683,357.5],[[],[]]],[[751.225,224.509,30.933,-0.729,0,0.684,0,1,0,-0.684,0,-0.729],[],1,5,[-13.135,-44.129,-9.136],[0,-7.996,0],[751.081,238.319,28.148,-0.81,-0.578,0.102,0,0.174,0.985,-0.587,0.798,-0.141],12.5,"FreeFall",1,[683,357.5],[[],[]]],[[751.007,223.739,30.778,-0.725,0,0.689,0,1,0,-0.689,0,-0.725],[],1,5,[-13.019,-47.399,-9.301],[0,-7.996,0],[750.863,237.549,27.993,-0.81,-0.578,0.102,0,0.174,0.985,-0.587,0.798,-0.141],12.5,"FreeFall",1,[683,357.5],[[],[]]],[[750.737,222.701,30.583,-0.701,0,0.713,0,1,0,-0.713,0,-0.701],[],1,5,[-12.958,-51.487,-9.385],[0,-7.996,0],[750.593,236.511,27.798,-0.81,-0.578,0.102,0,0.174,0.985,-0.587,0.798,-0.141],12.5,"FreeFall",1,[683,357.5],[[],[]]],[[750.575,222.037,30.465,-0.747,0,0.665,0,1,0,-0.665,0,-0.747],[["fall",0.3]],1,5,[-12.958,-53.939,-9.386],[0,-7.996,0],[750.431,235.847,27.681,-0.81,-0.578,0.102,0,0.174,0.985,-0.587,0.798,-0.141],12.5,"FreeFall",1,[683,357.5],[[],[]]],[[750.359,221.896,30.309,-0.785,0,0.619,0,1,0,-0.619,0,-0.785],[["walk",0.1],["fall",0.3],["fall",0.3]],1,7,[-12.958,4.089,-9.386],[0,-0.924,0],[750.193,235.706,27.526,-0.814,-0.571,0.101,0,0.174,0.985,-0.58,0.802,-0.141],12.5,"FreeFall",1,[683,357.5],[[],[]]],[[750.143,222.035,30.152,-0.812,0,0.584,0,1,0,-0.584,0,-0.812],[],1,7,[-12.958,8.574,-9.386],[0,-0.107,0],[749.907,235.845,27.374,-0.829,-0.551,0.097,0,0.174,0.985,-0.56,0.816,-0.144],12.5,"FreeFall",1,[683,357.5],[[],[]]],[[749.926,222.148,29.997,-0.829,0,0.56,0,1,0,-0.56,0,-0.829],[["walk",0.1],["fall",0.3],["walk",0.1]],1.103,8,[-13.03,6.007,-9.286],[0,-0.006,0],[749.564,235.958,27.233,-0.853,-0.513,0.091,0,0.174,0.985,-0.521,0.84,-0.148],12.5,"Running",1,[683,357.5],[[],[]]],[[749.706,222.201,29.847,-0.853,0,0.521,0,1,0,-0.521,0,-0.853],[],1.103,8,[-13.256,2.107,-8.96],[0,-0.001,0],[749.179,236.011,27.109,-0.883,-0.462,0.082,0,0.174,0.985,-0.469,0.87,-0.153],12.5,"Running",1,[683,357.5],[[],[]]],[[749.479,222.234,29.707,-0.883,0,0.469,0,1,0,-0.469,0,-0.883],[],1.103,8,[-13.646,1.749,-8.353],[0,0,0],[748.767,236.042,26.999,-0.914,-0.4,0.071,0,0.175,0.985,-0.406,0.9,-0.16],12.5,"Running",1,[683,357.5],[[],[]]],[[749.245,222.249,29.58,-0.914,0,0.406,0,1,0,-0.406,0,-0.914],[["walk",0.1]],1.103,8,[-14.118,0.499,-7.528],[0,0,0],[748.577,236.015,26.678,-0.92,-0.384,0.075,0,0.193,0.981,-0.392,0.903,-0.177],12.5,"Running",1,[683,357.5],[[],[]]],[[749.002,222.257,29.469,-0.92,0,0.392,0,1,0,-0.392,0,-0.92],[],1.103,8,[-14.613,0.4,-6.515],[0,0,0],[748.335,236.023,26.568,-0.92,-0.384,0.075,0,0.193,0.981,-0.392,0.903,-0.177],12.5,"Running",1,[683,357.5],[[],[]]],[[748.757,222.262,29.364,-0.92,0,0.392,0,1,0,-0.392,0,-0.92],[],1.103,8,[-14.721,0.185,-6.269],[0,0,0],[748.09,236.027,26.463,-0.92,-0.384,0.075,0,0.193,0.981,-0.392,0.903,-0.177],12.5,"Running",1,[683,357.5],[[],[]]],[[748.512,222.263,29.259,-0.92,0,0.392,0,1,0,-0.392,0,-0.92],[],1.103,8,[-14.723,0.042,-6.264],[0,0,0],[747.844,236.029,26.358,-0.92,-0.384,0.075,0,0.193,0.981,-0.392,0.903,-0.177],12.5,"Running",1,[683,357.5],[["Space"],[]]],[[748.266,223.139,29.155,-0.92,0,0.392,0,1,0,-0.392,0,-0.92],[["walk",0.1],["jump",0.1]],1,3,[-14.723,51.518,-6.264],[0,0,0],[747.599,236.904,26.254,-0.92,-0.384,0.075,0,0.193,0.981,-0.392,0.903,-0.177],12.5,"Jumping",1,[683,357.5],[[],[]]],[[748.021,223.963,29.051,-0.88,0,0.474,0,1,0,-0.474,0,-0.88],[["jump",0.1]],1,5,[-14.723,48.248,-6.264],[0,-7.071,0],[747.354,237.729,26.149,-0.92,-0.384,0.075,0,0.193,0.981,-0.392,0.903,-0.177],12.5,"FreeFall",1,[683,357.5],[[],[]]],[[747.776,224.733,28.946,-0.862,0,0.506,0,1,0,-0.506,0,-0.862],[],1,5,[-14.723,44.978,-6.264],[0,-7.889,0],[747.108,238.499,26.045,-0.92,-0.384,0.075,0,0.193,0.981,-0.392,0.903,-0.177],12.5,"FreeFall",1,[683,357.5],[[],[]]],[[747.53,225.449,28.842,-0.86,0,0.51,0,1,0,-0.51,0,-0.86],[],1,5,[-14.723,41.708,-6.264],[0,-7.984,0],[746.863,239.215,25.941,-0.92,-0.384,0.075,0,0.193,0.981,-0.392,0.903,-0.177],12.5,"FreeFall",1,[683,357.5],[[],[]]],[[747.285,226.11,28.737,-0.86,0,0.51,0,1,0,-0.51,0,-0.86],[],1,5,[-14.723,38.438,-6.264],[0,-7.994,0],[746.618,239.876,25.836,-0.92,-0.384,0.075,0,0.193,0.981,-0.392,0.903,-0.177],12.5,"FreeFall",1,[683,357.5],[[],[]]],[[747.04,226.717,28.633,-0.86,0,0.51,0,1,0,-0.51,0,-0.86],[],1,5,[-14.723,35.168,-6.264],[0,-7.996,0],[746.372,240.482,25.732,-0.92,-0.384,0.075,0,0.193,0.981,-0.392,0.903,-0.177],12.5,"FreeFall",1,[683,357.5],[[],[]]],[[746.794,227.269,28.529,-0.86,0,0.51,0,1,0,-0.51,0,-0.86],[],1,5,[-14.723,31.898,-6.264],[0,-7.996,0],[746.127,241.034,25.627,-0.92,-0.384,0.075,0,0.193,0.981,-0.392,0.903,-0.177],12.5,"FreeFall",1,[683,357.5],[[],[]]],[[746.549,227.766,28.424,-0.86,0,0.51,0,1,0,-0.51,0,-0.86],[],1,5,[-14.723,28.628,-6.264],[0,-7.996,0],[745.927,241.511,25.426,-0.92,-0.385,0.079,0,0.201,0.98,-0.393,0.901,-0.185],12.5,"FreeFall",1,[683,357.5],[[],[]]],[[746.304,228.209,28.32,-0.859,0,0.512,0,1,0,-0.512,0,-0.859],[],1,5,[-14.723,25.358,-6.264],[0,-7.996,0],[745.672,241.966,25.374,-0.918,-0.39,0.078,0,0.196,0.981,-0.397,0.9,-0.18],12.5,"FreeFall",1,[683,357.5],[[],[]]],[[746.058,228.598,28.215,-0.857,0,0.516,0,1,0,-0.516,0,-0.857],[],1,5,[-14.713,22.088,-6.287],[0,-7.996,0],[745.355,242.384,25.408,-0.92,-0.386,0.072,0,0.184,0.983,-0.393,0.904,-0.17],12.5,"FreeFall",1,[683,357.5],[[],[]]],[[745.814,228.932,28.109,-0.859,0,0.512,0,1,0,-0.512,0,-0.859],[],1,5,[-14.684,18.818,-6.355],[0,-7.996,0],[745.089,242.723,25.332,-0.921,-0.384,0.071,0,0.182,0.983,-0.39,0.905,-0.168],12.5,"FreeFall",1,[683,357.5],[[],[]]],[[745.568,229.212,28.004,-0.861,0,0.509,0,1,0,-0.509,0,-0.861],[],1,5,[-14.712,15.548,-6.288],[0,-7.996,0],[744.797,243.019,25.313,-0.923,-0.38,0.067,0,0.175,0.985,-0.386,0.908,-0.161],12.5,"FreeFall",1,[683,357.5],[[],[]]],[[745.262,229.484,27.874,-0.846,0,0.533,0,1,0,-0.533,0,-0.846],[],1,5,[-14.733,11.461,-6.241],[0,-7.996,0],[744.463,243.294,25.203,-0.926,-0.373,0.066,0,0.174,0.985,-0.378,0.912,-0.161],12.5,"FreeFall",1,[683,357.5],[[],[]]],[[745.077,229.607,27.797,-0.883,0,0.469,0,1,0,-0.469,0,-0.883],[],1,5,[-14.76,9.008,-6.175],[0,-7.996,0],[744.249,243.417,25.134,-0.93,-0.363,0.064,0,0.174,0.985,-0.368,0.916,-0.161],12.5,"FreeFall",1,[683,357.5],[[],[]]],[[744.769,229.744,27.67,-0.856,0,0.517,0,1,0,-0.517,0,-0.856],[],1,5,[-14.81,4.921,-6.056],[0,-7.996,0],[743.899,243.554,25.021,-0.935,-0.348,0.061,0,0.174,0.985,-0.354,0.921,-0.162],12.5,"FreeFall",1,[683,357.5],[[],[]]],[[744.521,229.792,27.572,-0.88,0,0.475,0,1,0,-0.475,0,-0.88],[],1,5,[-14.874,1.651,-5.895],[0,-7.996,0],[743.585,243.602,24.945,-0.944,-0.325,0.057,0,0.174,0.985,-0.33,0.93,-0.164],12.5,"FreeFall",1,[683,357.5],[[],["Space"]]],[[744.272,229.785,27.477,-0.892,0,0.452,0,1,0,-0.452,0,-0.892],[["fall",0.3]],1,5,[-14.965,-1.619,-5.662],[0,-7.996,0],[743.295,243.595,24.866,-0.949,-0.31,0.055,0,0.174,0.985,-0.315,0.935,-0.165],12.5,"FreeFall",1,[683,357.5],[[],[]]],[[744.02,229.724,27.388,-0.899,0,0.438,0,1,0,-0.438,0,-0.899],[],1,5,[-15.101,-4.889,-5.287],[0,-7.996,0],[743.011,243.534,24.789,-0.953,-0.299,0.053,0,0.174,0.985,-0.303,0.938,-0.165],12.5,"FreeFall",1,[683,357.5],[[],[]]],[[743.767,229.609,27.303,-0.904,0,0.427,0,1,0,-0.427,0,-0.904],[],1,5,[-15.183,-8.159,-5.046],[0,-7.996,0],[742.725,243.419,24.717,-0.957,-0.287,0.051,0,0.174,0.985,-0.291,0.942,-0.166],12.5,"FreeFall",1,[683,357.5],[[],[]]],[[743.513,229.438,27.222,-0.91,0,0.416,0,1,0,-0.416,0,-0.91],[],1,5,[-15.246,-11.429,-4.854],[0,-7.996,0],[742.427,243.249,24.654,-0.962,-0.27,0.048,0,0.174,0.985,-0.275,0.947,-0.167],12.5,"FreeFall",1,[683,357.5],[[],[]]],[[743.322,229.275,27.163,-0.929,0,0.369,0,1,0,-0.369,0,-0.929],[],1,5,[-15.304,-13.882,-4.669],[0,-7.996,0],[742.187,243.085,24.617,-0.967,-0.253,0.045,0,0.174,0.985,-0.256,0.952,-0.168],12.5,"FreeFall",1,[683,357.5],[[],[]]],[[743.066,229.01,27.09,-0.924,0,0.383,0,1,0,-0.383,0,-0.924],[],1,5,[-15.383,-17.152,-4.399],[0,-7.996,0],[741.875,242.82,24.568,-0.972,-0.232,0.041,0,0.174,0.985,-0.235,0.957,-0.169],12.5,"FreeFall",1,[683,357.5],[[],[]]],[[742.744,228.601,27.003,-0.92,0,0.393,0,1,0,-0.393,0,-0.92],[],1,5,[-15.464,-21.239,-4.105],[0,-7.996,0],[741.506,242.411,24.505,-0.976,-0.213,0.038,0,0.174,0.985,-0.217,0.961,-0.17],12.5,"FreeFall",1,[683,357.5],[[],[]]],[[742.55,228.315,26.955,-0.95,0,0.313,0,1,0,-0.313,0,-0.95],[["fall",0.3]],1,5,[-15.547,-23.692,-3.78],[0,-7.996,0],[741.269,242.126,24.479,-0.98,-0.197,0.035,0,0.174,0.985,-0.2,0.965,-0.17],12.5,"FreeFall",1,[683,357.5],[[],[]]],[[742.225,227.771,26.882,-0.933,0,0.36,0,1,0,-0.36,0,-0.933],[],1,5,[