{"Replay":[[[776.028,222.662,47.142,0,0,1,0,1,0,-1,0,0],[],1,8,[0,0,0],[0,0,0],[776.004,236.472,44.972,-1,0.011,-0.002,0,0.174,0.985,0.011,0.985,-0.174],12.5,"Standing",0,[768,480],[[],[]]],[[776.028,222.662,47.142,0,0,1,0,1,0,-1,0,0],[],1,8,[0,0,0],[0,0,0],[776.014,236.472,44.972,-1,0.006,-0.001,0,0.174,0.985,0.006,0.985,-0.174],12.5,"Standing",0,[768,480],[[],[]]],[[776.028,222.662,47.142,0,0,1,0,1,0,-1,0,0],[],1,8,[0,0,0],[0,0,0],[776.021,236.472,44.972,-1,0.003,-0.001,0,0.174,0.985,0.003,0.985,-0.174],12.5,"Standing",0,[768,480],[[],[]]],[[776.028,222.662,47.142,0,0,1,0,1,0,-1,0,0],[],1,8,[0,0,0],[0,0,0],[776.024,236.472,44.972,-1,0.001,0,0,0.174,0.985,0.002,0.985,-0.174],12.5,"Standing",0,[768,480],[[],[]]],[[776.028,222.662,47.142,0,0,1,0,1,0,-1,0,0],[],1,8,[0,0,0],[0,0,0],[776.028,236.472,44.972,-1,0,0,0,0.174,0.985,0,0.985,-0.174],12.5,"Standing",0,[768,480],[[],[]]],[[776.028,222.662,47.142,0,0,1,0,1,0,-1,0,0],[],1,8,[0,0,0],[0,0,0],[776.031,236.472,44.972,-1,-0.002,0,0,0.174,0.985,-0.002,0.985,-0.174],12.5,"Standing",0,[768,480],[[],[]]],[[776.028,222.662,47.142,0,0,1,0,1,0,-1,0,0],[],1,8,[0,0,0],[0,0,0],[776.035,236.472,44.972,-1,-0.003,0.001,0,0.174,0.985,-0.003,0.985,-0.174],12.5,"Standing",0,[768,480],[[],["E"]]],[[776.028,222.662,47.142,0,0,1,0,1,0,-1,0,0],[],1,8,[0,0,0],[0,0,0],[776.042,236.472,44.972,-1,-0.006,0.001,0,0.174,0.985,-0.006,0.985,-0.174],12.5,"Standing",0,[768,480],[[],[]]],[[776.028,222.662,47.142,0,0,1,0,1,0,-1,0,0],[],1,8,[0,0,0],[0,0,0],[776.048,236.472,44.972,-1,-0.009,0.002,0,0.174,0.985,-0.01,0.985,-0.174],12.5,"Standing",0,[768,480],[[],[]]],[[776.028,222.662,47.142,0,0,1,0,1,0,-1,0,0],[],1,8,[0,0,0],[0,0,0],[776.048,236.472,44.972,-1,-0.009,0.002,0,0.174,0.985,-0.01,0.985,-0.174],12.5,"Standing",0,[768,480],[[],[]]],[[776.028,222.662,47.142,0,0,1,0,1,0,-1,0,0],[],1,8,[0,0,0],[0,0,0],[776.048,236.472,44.972,-1,-0.009,0.002,0,0.174,0.985,-0.01,0.985,-0.174],12.5,"Standing",0,[768,480],[[],[]]],[[776.028,222.662,47.142,0,0,1,0,1,0,-1,0,0],[],1,8,[0,0,0],[0,0,0],[776.059,236.472,44.972,-1,-0.014,0.002,0,0.174,0.985,-0.014,0.985,-0.174],12.5,"Standing",0,[768,480],[["D"],[]]],[[775.839,222.662,47.141,0.001,0,1,0,1,0,-1,0,0.001],[],1,8,[-14.545,0,-0.138],[0,-0.074,0],[775.88,236.472,44.97,-1,-0.019,0.003,0,0.174,0.985,-0.019,0.985,-0.174],12.5,"Standing",0,[768,480],[[],[]]],[[775.575,222.662,47.137,0.003,0,1,0,1,0,-1,0,0.003],[["walk",0.1]],1.003,8,[-15.97,0,-0.226],[0,-0.104,0],[775.629,236.472,44.967,-1,-0.025,0.004,0,0.174,0.985,-0.025,0.984,-0.174],12.5,"Running",0,[768,480],[[],[]]],[[775.308,222.662,47.132,0.005,0,1,0,1,0,-1,0,0.005],[["walk",0.1]],1.101,8,[-15.997,0,-0.302],[0,-0.128,0],[775.376,236.472,44.962,-1,-0.031,0.005,0,0.174,0.985,-0.031,0.984,-0.174],12.5,"Running",0,[768,480],[[],[]]],[[775.041,222.662,47.125,0.008,0,1,0,1,0,-1,0,0.008],[],1.101,8,[-15.995,0,-0.402],[0,-0.161,0],[775.117,236.472,44.956,-0.999,-0.034,0.006,0,0.174,0.985,-0.035,0.984,-0.174],12.5,"Running",0,[768,480],[[],[]]],[[774.775,222.662,47.117,0.011,0,1,0,1,0,-1,0,0.011],[],1.101,8,[-15.992,0,-0.502],[0,-0.19,0],[774.85,236.472,44.948,-0.999,-0.034,0.006,0,0.174,0.985,-0.035,0.984,-0.174],12.5,"Running",0,[768,480],[[],[]]],[[774.508,222.662,47.108,0.014,0,1,0,1,0,-1,0,0.014],[],1.101,8,[-15.99,0,-0.553],[0,-0.191,0],[774.59,236.472,44.939,-0.999,-0.037,0.007,0,0.174,0.985,-0.038,0.984,-0.174],12.5,"Running",0,[768,480],[[],[]]],[[774.242,222.662,47.099,0.017,0,1,0,1,0,-1,0,0.017],[["walk",0.1]],1.101,8,[-15.99,0,-0.554],[0,-0.166,0],[774.324,236.472,44.93,-0.999,-0.037,0.007,0,0.174,0.985,-0.038,0.984,-0.174],12.5,"Running",0,[768,480],[[],[]]],[[773.975,222.662,47.089,0.02,0,1,0,1,0,-1,0,0.02],[],1.101,8,[-15.989,0,-0.604],[0,-0.169,0],[774.057,236.472,44.92,-0.999,-0.037,0.007,0,0.174,0.985,-0.038,0.984,-0.174],12.5,"Running",0,[768,480],[[],[]]],[[773.709,222.662,47.079,0.022,0,1,0,1,0,-1,0,0.022],[],1.101,8,[-15.989,0,-0.605],[0,-0.147,0],[773.791,236.472,44.91,-0.999,-0.037,0.007,0,0.174,0.985,-0.038,0.984,-0.174],12.5,"Running",0,[768,480],[[],[]]],[[773.442,222.662,47.069,0.024,0,1,0,1,0,-1,0,0.024],[],1.101,8,[-15.989,0,-0.605],[0,-0.127,0],[773.528,236.472,44.9,-0.999,-0.039,0.007,0,0.174,0.985,-0.039,0.984,-0.174],12.5,"Running",0,[768,480],[[],[]]],[[773.176,222.662,47.058,0.026,0,1,0,1,0,-1,0,0.026],[],1.101,8,[-15.989,0,-0.605],[0,-0.11,0],[773.261,236.472,44.89,-0.999,-0.039,0.007,0,0.174,0.985,-0.039,0.984,-0.174],12.5,"Running",0,[768,480],[[],[]]],[[772.909,222.662,47.048,0.028,0,1,0,1,0,-1,0,0.028],[],1.101,8,[-15.988,0,-0.629],[0,-0.107,0],[772.995,236.472,44.879,-0.999,-0.039,0.007,0,0.174,0.985,-0.039,0.984,-0.174],12.5,"Running",0,[768,480],[[],[]]],[[772.643,222.662,47.037,0.029,0,1,0,1,0,-1,0,0.029],[["walk",0.1]],1.101,8,[-15.988,0,-0.63],[0,-0.093,0],[772.728,236.472,44.869,-0.999,-0.039,0.007,0,0.174,0.985,-0.039,0.984,-0.174],12.5,"Running",0,[768,480],[[],[]]],[[772.376,222.662,47.027,0.031,0,1,0,1,0,-1,0,0.031],[],1.101,8,[-15.988,0,-0.63],[0,-0.081,0],[772.465,236.472,44.858,-0.999,-0.04,0.007,0,0.174,0.985,-0.041,0.984,-0.174],12.5,"Running",0,[768,480],[[],[]]],[[772.11,222.662,47.016,0.032,0,0.999,0,1,0,-0.999,0,0.032],[],1.101,8,[-15.988,0,-0.63],[0,-0.07,0],[772.199,236.472,44.848,-0.999,-0.04,0.007,0,0.174,0.985,-0.041,0.984,-0.174],12.5,"Running",0,[768,480],[[],[]]],[[771.844,222.662,47.006,0.033,0,0.999,0,1,0,-0.999,0,0.033],[],1.101,8,[-15.987,0,-0.655],[0,-0.072,0],[771.922,236.472,44.836,-0.999,-0.036,0.006,0,0.174,0.985,-0.036,0.984,-0.174],12.5,"Running",0,[768,480],[[],[]]],[[771.577,222.662,46.995,0.034,0,0.999,0,1,0,-0.999,0,0.034],[],1.101,8,[-15.987,0,-0.655],[0,-0.063,0],[771.642,236.472,44.825,-1,-0.03,0.005,0,0.174,0.985,-0.03,0.984,-0.174],12.5,"Running",0,[768,480],[[],[]]],[[771.311,222.662,46.985,0.034,0,0.999,0,1,0,-0.999,0,0.034],[],1.101,8,[-15.989,0,-0.581],[0,-0.018,0],[771.355,236.472,44.815,-1,-0.02,0.004,0,0.174,0.985,-0.021,0.985,-0.174],12.5,"Running",0,[768,480],[[],[]]],[[771.044,222.662,46.977,0.034,0,0.999,0,1,0,-0.999,0,0.034],[],1.101,8,[-15.993,0,-0.482],[0,0.035,0],[769.322,236.472,44.784,-1,-0.013,0.002,0,0.174,0.985,-0.013,0.985,-0.174],12.5,"Running",1,[768,480],[["LeftShift"],[]]],[[770.711,222.662,46.97,-0.996,0,-0.085,0,1,0,0.085,0,-0.996],[["walk",0.1]],1.101,8,[-15.997,0,-0.33],[0,5.938,0],[768.988,236.472,44.777,-1,-0.013,0.002,0,0.174,0.985,-0.013,0.985,-0.174],12.5,"Running",1,[683,357.5],[[],[]]],[[770.511,222.662,46.967,-1,0,-0.015,0,1,0,0.015,0,-1],[],1.101,8,[-15.999,0,-0.21],[0,1.177,0],[768.775,236.472,44.785,-1,-0.006,0.001,0,0.174,0.985,-0.006,0.985,-0.174],12.5,"Running",1,[683,357.5],[[],[]]],[[770.244,222.662,46.963,-1,0,0,0,1,0,0,0,-1],[],1.101,8,[-15.999,0,-0.203],[0,0.136,0],[768.495,236.472,44.792,-1,0,0,0,0.174,0.985,0,0.985,-0.174],12.5,"Running",1,[683,357.5],[["Space"],[]]],[[769.911,223.736,46.959,-1,0,-0.003,0,1,0,0.003,0,-1],[["walk",0.1],["jump",0.1]],1,3,[-15.999,49.883,-0.203],[0,0.136,0],[768.151,237.546,44.796,-1,0.004,-0.001,0,0.174,0.985,0.005,0.985,-0.174],12.5,"Jumping",1,[683,357.5],[[],[]]],[[769.711,224.339,46.959,-0.998,0,0.057,0,1,0,-0.057,0,-0.998],[["jump",0.1]],1,5,[-16,47.431,-0.013],[0,-6.384,0],[767.951,238.149,44.796,-1,0.004,-0.001,0,0.174,0.985,0.005,0.985,-0.174],12.5,"FreeFall",1,[683,357.5],[[],[]]],[[769.444,225.095,46.96,-0.993,0,0.12,0,1,0,-0.12,0,-0.993],[],1,5,[-16,44.161,0.071],[0,-7.809,0],[767.685,238.905,44.797,-1,0.004,-0.001,0,0.174,0.985,0.005,0.985,-0.174],12.5,"FreeFall",1,[683,357.5],[[],[]]],[[769.178,225.797,46.961,-0.992,0,0.127,0,1,0,-0.127,0,-0.992],[],1,5,[-16,40.891,0.073],[0,-7.974,0],[767.415,239.607,44.801,-1,0.006,-0.001,0,0.174,0.985,0.006,0.985,-0.174],12.5,"FreeFall",1,[683,357.5],[[],[]]],[[768.911,226.445,46.962,-0.992,0,0.127,0,1,0,-0.127,0,-0.992],[],1,5,[-16,37.621,0.073],[0,-7.993,0],[767.145,240.255,44.805,-1,0.008,-0.001,0,0.174,0.985,0.008,0.985,-0.174],12.5,"FreeFall",1,[683,357.5],[[],[]]],[[768.645,227.038,46.964,-0.992,0,0.125,0,1,0,-0.125,0,-0.992],[],1,5,[-16,34.351,0.098],[0,-7.996,0],[766.871,240.848,44.812,-1,0.011,-0.002,0,0.174,0.985,0.011,0.985,-0.174],12.5,"FreeFall",1,[683,357.5],[[],[]]],[[768.378,227.576,46.966,-0.993,0,0.122,0,1,0,-0.122,0,-0.993],[],1,5,[-16,31.081,0.123],[0,-7.996,0],[766.594,241.386,44.822,-1,0.015,-0.003,0,0.174,0.985,0.016,0.985,-0.174],12.5,"FreeFall",1,[683,357.5],[[],["LeftShift"]]],[[768.111,228.06,46.968,-0.993,0,0.117,0,1,0,-0.117,0,-0.993],[],1,5,[-15.999,27.811,0.173],[0,-7.996,0],[766.311,241.87,44.839,-1,0.023,-0.004,0,0.174,0.985,0.023,0.985,-0.174],12.5,"FreeFall",1,[683,357.5],[[],[]]],[[767.778,228.588,46.973,-0.99,0,0.143,0,1,0,-0.143,0,-0.99],[],1,5,[-15.998,23.723,0.249],[0,-7.996,0],[765.958,242.398,44.861,-0.999,0.032,-0.006,0,0.174,0.985,0.033,0.984,-0.174],12.5,"FreeFall",1,[683,357.5],[[],[]]],[[767.578,228.864,46.978,-0.998,0,0.067,0,1,0,-0.067,0,-0.998],[],1,5,[-15.996,21.271,0.368],[0,-7.996,0],[765.738,242.674,44.883,-0.999,0.042,-0.007,0,0.174,0.985,0.042,0.984,-0.173],12.5,"FreeFall",1,[683,357.5],[[],["b2"]]],[[767.312,229.185,46.986,-0.996,0,0.091,0,1,0,-0.091,0,-0.996],[],1,5,[-15.991,18.001,0.522],[0,-7.996,0],[765.455,242.995,44.906,-0.999,0.049,-0.009,0,0.174,0.985,0.05,0.984,-0.173],12.5,"FreeFall",1,[683,357.5],[[],[]]],[[767.045,229.451,46.997,-0.997,0,0.083,0,1,0,-0.083,0,-0.997],[],1,5,[-15.986,14.731,0.673],[0,-7.996,0],[765.169,243.261,44.934,-0.998,0.059,-0.01,0,0.174,0.985,0.06,0.983,-0.173],12.5,"FreeFall",1,[683,357.5],[[],[]]],[[766.779,229.662,47.01,-0.997,0,0.074,0,1,0,-0.074,0,-0.997],[],1,5,[-15.98,11.461,0.799],[0,-7.996,0],[764.887,243.472,44.962,-0.998,0.066,-0.012,0,0.174,0.985,0.067,0.983,-0.173],12.5,"FreeFall",1,[683,357.5],[[],[]]],[[766.513,229.819,47.026,-0.998,0,0.066,0,1,0,-0.066,0,-0.998],[],1,5,[-15.972,8.191,0.949],[0,-7.996,0],[764.611,243.629,44.987,-0.997,0.071,-0.013,0,0.174,0.985,0.072,0.982,-0.173],12.5,"FreeFall",1,[683,357.5],[[],[]]],[[766.18,229.939,47.048,-0.996,0,0.094,0,1,0,-0.094,0,-0.996],[],1,5,[-15.964,4.103,1.077],[0,-7.996,0],[764.275,243.749,45.012,-0.997,0.073,-0.013,0,0.174,0.985,0.074,0.982,-0.173],12.5,"FreeFall",1,[683,357.5],[[],[]]],[[765.981,229.97,47.062,-1,0,0.026,0,1,0,-0.026,0,-1],[],1,5,[-15.959,1.651,1.149],[0,-7.996,0],[764.072,243.78,45.029,-0.997,0.074,-0.013,0,0.174,0.985,0.075,0.982,-0.173],12.5,"FreeFall",1,[683,357.5],[[],[]]],[[765.715,229.963,47.081,-0.998,0,0.058,0,1,0,-0.058,0,-0.998],[],1,5,[-15.957,-1.619,1.178],[0,-7.996,0],[763.803,243.773,45.052,-0.997,0.076,-0.013,0,0.174,0.985,0.077,0.982,-0.173],12.5,"FreeFall",1,[683,357.5],[[],["Space"]]],[[765.382,229.878,47.106,-0.996,0,0.09,0,1,0,-0.09,0,-0.996],[["fall",0.3]],1,5,[-15.955,-5.707,1.203],[0,-7.996,0],[763.471,243.688,45.077,-0.997,0.076,-0.013,0,0.174,0.985,0.077,0.982,-0.173],12.5,"FreeFall",1,[683,357.5],[[],[]]],[[765.183,229.786,47.122,-1,0,0.023,0,1,0,-0.023,0,-1],[],1,5,[-15.953,-8.159,1.227],[0,-7.996,0],[763.271,243.596,45.092,-0.997,0.076,-0.013,0,0.174,0.985,0.077,0.982,-0.173],12.5,"FreeFall",1,[683,357.5],[[],[]]],[[764.917,229.616,47.142,-0.998,0,0.056,0,1,0,-0.056,0,-0.998],[],1,5,[-15.953,-11.429,1.229],[0,-7.996,0],[763.009,243.426,45.109,-0.997,0.074,-0.013,0,0.174,0.985,0.075,0.982,-0.173],12.5,"FreeFall",1,[683,357.5],[[],[]]],[[764.651,229.392,47.163,-0.998,0,0.058,0,1,0,-0.058,0,-0.998],[],1,5,[-15.953,-14.699,1.229],[0,-7.996,0],[762.765,243.202,45.109,-0.998,0.063,-0.011,0,0.174,0.985,0.064,0.983,-0.173],12.5,"FreeFall",1,[683,357.5],[[],[]]],[[764.385,229.113,47.183,-0.998,0,0.069,0,1,0,-0.069,0,-0.998],[],1,5,[-15.955,-17.969,1.204],[0,-7.996,0],[762.545,242.923,45.088,-0.999,0.042,-0.007,0,0.174,0.985,0.042,0.984,-0.173],12.5,"FreeFall",1,[683,357.5],[[],[]]],[[764.119,228.779,47.2,-0.996,0,0.091,0,1,0,-0.091,0,-0.996],[],1,5,[-15.967,-21.239,1.032],[0,-7.996,0],[762.37,242.589,45.03,-1,0,0,0,0.174,0.985,0,0.985,-0.174],12.5,"FreeFall",1,[683,357.5],[[],[]]],[[763.853,228.391,47.213,-0.991,0,0.133,0,1,0,-0.133,0,-0.991],[],1,5,[-15.985,-24.509,0.684],[0,-7.996,0],[762.259,242.196,44.896,-0.998,-0.068,0.012,0,0.176,0.984,-0.069,0.982,-0.176],12.5,"FreeFall",1,[683,357.5],[[],[]]],[[763.586,227.949,47.214,-0.98,0,0.201,0,1,0,-0.201,0,-0.98],[["fall",0.3]],1,5,[-16,-27.779,0.012],[0,-7.996,0],[762.25,241.748,44.714,-0.985,-0.171,0.031,0,0.178,0.984,-0.174,0.969,-0.176],12.5,"FreeFall",1,[683,357.5],[[],[]]],[[763.32,227.452,47.199,-0.953,0,0.303,0,1,0,-0.303,0,-0.953],[],1,5,[-15.963,-31.049,-1.079],[0,-7.996,0],[762.341,241.251,44.539,-0.952,-0.303,0.055,0,0.178,0.984,-0.308,0.936,-0.17],12.5,"FreeFall",1,[683,357.5],[[],[]]],[[763.057,226.9,47.161,-0.902,0,0.431,0,1,0,-0.431,0,-0.902],[],1,5,[-15.766,-34.319,-2.705],[0,-7.996,0],[762.69,240.699,44.35,-0.86,-0.502,0.091,0,0.178,0.984,-0.511,0.846,-0.153],12.5,"FreeFall",1,[683,357.5],[[],[]]],[[762.736,226.134,47.073,-0.763,0,0.646,0,1,0,-0.646,0,-0.763],[],1,5,[-15.241,-38.407,-4.855],[0,-7.996,0],[762.756,239.933,44.238,-0.782,-0.613,0.111,0,0.178,0.984,-0.623,0.77,-0.14],12.5,"FreeFall",1,[683,357.5],[[],[]]],[[762.503,225.46,46.944,-0.756,0,0.655,0,1,0,-0.655,0,-0.756],[["walk",0.1],["fall",0.3],["fall",0.3]],1,7,[-13.787,-41.677,-8.102],[0,-0.924,0],[762.851,239.254,44.107,-0.71,-0.692,0.127,0,0.181,0.984,-0.704,0.699,-0.128],12.5,"FreeFall",1,[683,357.5],[[],[]]],[[762.291,225.319,46.783,-0.707,0,0.707,0,1,0,-0.707,0,-0.707],[],1,7,[-12.542,2.299,-9.929],[0,-0.107,0],[762.874,239.102,43.937,-0.661,-0.737,0.139,0,0.186,0.983,-0.75,0.65,-0.123],12.5,"FreeFall",1,[683,357.5],[[],[]]],[[762.099,225.411,46.598,-0.661,0,0.75,0,1,0,-0.75,0,-0.661],[["fall",0.3],["walk",0.1],["fall",0.3],["walk",0.1]],1.103,8,[-11.389,5.956,-11.235],[0,-0.006,0],[762.803,239.183,43.73,-0.641,-0.754,0.146,0,0.19,0.982,-0.768,0.629,-0.122],12.5,"Running",1,[683,357.5],[[],[]]],[[761.91,225.476,46.411,-0.641,0,0.768,0,1,0,-0.768,0,-0.641],[],1.103,8,[-11.366,2.686,-11.261],[0,-0.001,0],[762.655,239.242,43.528,-0.636,-0.757,0.149,0,0.193,0.981,-0.772,0.624,-0.123],12.5,"Running",1,[683,357.5],[[],[]]],[[761.72,225.487,46.223,-0.636,0,0.772,0,1,0,-0.772,0,-0.636],[],1.103,8,[-11.365,-0.584,-11.262],[0,0,0],[762.454,239.25,43.325,-0.642,-0.752,0.149,0,0.194,0.981,-0.767,0.63,-0.124],12.5,"Running",1,[683,357.5],[["Space"],[]]],[[761.483,226.574,45.988,-0.642,0,0.767,0,1,0,-0.767,0,-0.642],[["walk",0.1],["jump",0.1]],1,3,[-11.365,50.701,-11.262],[0,0,0],[762.135,240.337,43.071,-0.664,-0.734,0.145,0,0.194,0.981,-0.748,0.651,-0.129],12.5,"Jumping",1,[683,357.5],[[],[]]],[[761.351,227.187,45.839,-0.615,0,0.788,0,1,0,-0.788,0,-0.615],[["jump",0.1]],1,5,[-10.366,48.248,-12.181],[0,-6.411,0],[761.85,240.95,42.892,-0.701,-0.699,0.138,0,0.194,0.981,-0.713,0.688,-0.136],12.5,"FreeFall",1,[683,357.5],[[],[]]],[[761.219,227.77,45.689,-0.633,0,0.774,0,1,0,-0.774,0,-0.633],[],1,5,[-10.604,45.796,-11.981],[0,-7.682,0],[761.467,241.536,42.722,-0.757,-0.641,0.126,0,0.193,0.981,-0.653,0.743,-0.146],12.5,"FreeFall",1,[683,357.5],[[],[]]],[[761.033,228.499,45.497,-0.665,0,0.747,0,1,0,-0.747,0,-0.665],[],1,5,[-11.211,42.526,-11.415],[0,-7.96,0],[760.993,242.271,42.544,-0.814,-0.571,0.111,0,0.19,0.982,-0.582,0.799,-0.155],12.5,"FreeFall",1,[683,357.5],[[],[]]],[[760.835,229.174,45.32,-0.729,0,0.684,0,1,0,-0.684,0,-0.729],[],1,5,[-12.09,39.256,-10.478],[0,-7.992,0],[760.351,242.951,42.431,-0.89,-0.449,0.086,0,0.188,0.982,-0.457,0.874,-0.167],12.5,"FreeFall",1,[683,357.5],[[],[]]],[[760.621,229.794,45.16,-0.821,0,0.571,0,1,0,-0.571,0,-0.821],[],1,5,[-12.987,35.986,-9.342],[0,-7.995,0],[759.855,243.571,42.333,-0.93,-0.36,0.069,0,0.188,0.982,-0.367,0.914,-0.175],12.5,"FreeFall",1,[683,357.5],[[],[]]],[[760.392,230.36,45.025,-0.873,0,0.487,0,1,0,-0.487,0,-0.873],[],1,5,[-14.116,32.716,-7.501],[0,-7.996,0],[759.346,244.14,42.301,-0.962,-0.268,0.051,0,0.187,0.982,-0.273,0.945,-0.18],12.5,"FreeFall",1,[683,357.5],[[],[]]],[[760.086,230.99,44.894,-0.903,0,0.429,0,1,0,-0.429,0,-0.903],[],1,5,[-14.871,28.628,-5.898],[0,-7.996,0],[758.778,244.773,42.3,-0.984,-0.175,0.033,0,0.186,0.983,-0.178,0.967,-0.183],12.5,"FreeFall",1,[683,357.5],[[],[]]],[[759.896,231.328,44.833,-0.961,0,0.276,0,1,0,-0.276,0,-0.961],[],1,5,[-15.341,26.176,-4.52],[0,-7.996,0],[758.352,245.113,42.386,-0.996,-0.085,0.016,0,0.184,0.983,-0.086,0.979,-0.184],12.5,"FreeFall",1,[683,357.5],[[],[]]],[[759.635,231.73,44.778,-0.976,0,0.218,0,1,0,-0.218,0,-0.976],[],1,5,[-15.726,22.906,-2.924],[0,-7.996,0],[757.893,245.516,42.468,-1,-0.003,0.001,0,0.184,0.983,-0.003,0.983,-0.184],12.5,"FreeFall",1,[683,357.5],[[],[]]],[[759.371,232.077,44.749,-0.991,0,0.136,0,1,0,-0.136,0,-0.991],[],1,5,[-15.933,19.636,-1.433],[0,-7.996,0],[757.464,245.866,42.588,-0.998,0.069,-0.013,0,0.183,0.983,0.07,0.981,-0.183],12.5,"FreeFall",1,[683,357.5],[[],[]]],[[759.104,232.371,44.743,-0.998,0,0.063,0,1,0,-0.063,0,-0.998],[],1,5,[-15.998,16.366,-0.094],[0,-7.996,0],[757.066,246.165,42.739,-0.991,0.132,-0.024,0,0.181,0.984,0.135,0.975,-0.179],12.5,"FreeFall",1,[683,357.5],[[],[]]],[[758.838,232.609,44.757,-1,0,-0.002,0,1,0,0.002,0,-1],[],1,5,[-15.961,13.096,1.095],[0,-7.996,0],[756.701,246.409,42.894,-0.982,0.184,-0.033,0,0.178,0.984,0.187,0.967,-0.175],12.5,"FreeFall",1,[683,357.5],[[],[]]],[[758.573,232.794,44.79,-0.998,0,-0.055,0,1,0,0.055,0,-0.998],[],1,5,[-15.857,9.826,2.128],[0,-7.996,0],[756.343,246.593,43.04,-0.971,0.234,-0.042,0,0.178,0.984,0.238,0.956,-0.173],12.5,"FreeFall",1,[683,357.5],[[],[]]],[[758.311,232.923,44.838,-0.994,0,-0.107,0,1,0,0.107,0,-0.994],[],1,5,[-15.72,6.556,2.978],[0,-7.996,0],[755.995,246.725,43.224,-0.957,0.285,-0.051,0,0.177,0.984,0.289,0.942,-0.17],12.5,"FreeFall",1,[683,357.5],[[],[]]],[[758.052,232.998,44.899,-0.987,0,-0.16,0,1,0,0.16,0,-0.987],[],1,5,[-15.544,3.286,3.79],[0,-7.996,0],[755.655,246.803,43.429,-0.94,0.336,-0.06,0,0.176,0.984,0.342,0.925,-0.165],12.5,"FreeFall",1,[683,357.5],[[],[]]],[[757.796,233.019,44.975,-0.977,0,-0.214,0,1,0,0.214,0,-0.977],[],1,5,[-15.32,0.016,4.614],[0,-7.996,0],[755.334,246.829,43.665,-0.92,0.387,-0.068,0,0.174,0.985,0.393,0.906,-0.16],12.5,"FreeFall",1,[683,357.5],[[],["Space"]]],[[757.545,232.985,45.064,-0.964,0,-0.267,0,1,0,0.267,0,-0.964],[["fall",0.3]],1,5,[-15.043,-3.254,5.448],[0,-7.996,0],[755.015,246.795,43.892,-0.897,0.436,-0.077,0,0.174,0.985,0.443,0.883,-0.156],12.5,"FreeFall",1,[683,357.5],[[],[]]],[[757.298,232.897,45.166,-0.948,0,-0.32,0,1,0,0.32,0,-0.948],[],1,5,[-14.721,-6.524,6.267],[0,-7.996,0],[754.695,246.707,44.168,-0.865,0.495,-0.087,0,0.174,0.985,0.502,0.852,-0.15],12.5,"FreeFall",1,[683,357.5],[[],[]]],[[757.058,232.754,45.282,-0.924,0,-0.383,0,1,0,0.383,0,-0.924],[],1,5,[-14.355,-9.794,7.066],[0,-7.996,0],[754.421,246.564,44.379,-0.846,0.525,-0.093,0,0.174,0.985,0.533,0.833,-0.147],12.5,"FreeFall",1,[683,357.5],[[],[]]],[[756.826,232.557,45.413,-0.909,0,-0.416,0,1,0,0.416,0,-0.909],[],1,5,[-13.849,-13.064,8.011],[0,-7.996,0],[754.163,246.367,44.589,-0.83,0.55,-0.097,0,0.174,0.985,0.558,0.817,-0.144],12.5,"FreeFall",1,[683,357.5],[[],[]]],[[756.6,232.305,45.554,-0.897,0,-0.443,0,1,0,0.443,0,-0.897],[],1,5,[-13.543,-16.334,8.519],[0,-7.996,0],[753.918,246.115,44.793,-0.816,0.569,-0.1,0,0.174,0.985,0.577,0.804,-0.142],12.5,"FreeFall",1,[683,357.5],[[],[]]],[[756.378,231.999,45.702,-0.886,0,-0.464,0,1,0,0.464,0,-0.886],[],1,5,[-13.282,-19.604,8.921],[0,-7.996,0],[753.686,245.809,44.974,-0.809,0.579,-0.102,0,0.174,0.985,0.588,0.797,-0.14],12.5,"FreeFall",1,[683,357.5],[[],[]]],[[756.16,231.638,45.855,-0.88,0,-0.475,0,1,0,0.475,0,-0.88],[],1,5,[-13.067,-22.874,9.233],[0,-7.996,0],[753.465,245.448,45.14,-0.806,0.582,-0.103,0,0.174,0.985,0.591,0.794,-0.14],12.5,"FreeFall",1,[683,357.5],[[],[]]],[[755.944,231.223,46.011,-0.878,0,-0.479,0,1,0,0.479,0,-0.878],[["fall",0.3]],1,5,[-12.948,-26.144,9.399],[0,-7.996,0],[753.249,245.033,45.296,-0.806,0.582,-0.103,0,0.174,0.985,0.591,0.794,-0.14],12.5,"FreeFall",1,[683,357.5],[[],[]]],[[755.728,230.753,46.169,-0.878,0,-0.479,0,1,0,0.479,0,-0.878],[],1,5,[-12.902,-29.414,9.462],[0,-7.996,0],[753.04,244.563,45.428,-0.812,0.575,-0.101,0,0.174,0.985,0.584,0.8,-0.141],12.5,"FreeFall",1,[683,357.5],[[],[]]],[[755.513,230.229,46.327,-0.882,0,-0.471,0,1,0,0.471,0,-0.882],[],1,5,[-12.901,-32.684,9.463],[0,-7.996,0],[752.844,244.039,45.523,-0.825,0.556,-0.098,0,0.174,0.985,0.565,0.813,-0.143],12.5,"FreeFall",1,[683,357.5],[[],["D"]]],[[755.318,229.65,46.47,-0.848,0,-0.53,0,1,0,0.53,0,-0.848],[],1,5,[-10.98,-35.954,8.054],[0,-0.924,0],[752.685,243.46,45.554,-0.849,0.521,-0.092,0,0.174,0.985,0.529,0.836,-0.147],12.5,"FreeFall",1,[683,357.5],[[],[]]],[[755.155,229.017,46.589,-0.851,0,-0.525,0,1,0,0.525,0,-0.851],[],1,5,[-9.058,-39.224,6.644],[0,-0.107,0],[752.588,242.827,45.502,-0.882,0.465,-0.082,0,0.174,0.985,0.472,0.868,-0.153],12.5,"FreeFall",1,[683,357.5],[[],[]]],[[755.024,228.329,46.685,-0.882,0,-0.471,0,1,0,0.471,0,-0.882],[],1,5,[-7.136,-42.494,5.234],[0,-0.012,0],[752.634,242.139,45.25,-0.939,0.339,-0.06,0,0.174,0.985,0.344,0.925,-0.163],12.5,"FreeFall",1,[683,357.5],[["D"],[]]],[[754.84,227.392,46.806,-0.974,0,-0.227,0,1,0,0.227,0,-0.974],[["fall",0.3]],1,5,[-9.963,-46.582,6.174],[0,-7.458,0],[752.627,241.195,45.053,-0.973,0.227,-0.041,0,0.177,0.984,0.23,0.958,-0.172],12.5,"FreeFall",1,[683,357.5],[[],[]]],[[754.665,226.87,46.877,-0.981,0,-0.196,0,1,0,0.196,0,-0.981],[["walk",0.1],["fall",0.3],["fall",0.3]],1,7,[-14.74,-29.831,5.548],[0,-1.479,0],[752.718,240.672,44.833,-0.996,0.091,-0.016,0,0.177,0.984,0.092,0.98,-0.176],12.5,"FreeFall",1,[683,357.5],[[],[]]],[[754.343,226.845,46.958,-0.997,0,-0.078,0,1,0,0.078,0,-0.997],[],1,7,[-15.564,5.647,3.697],[0,-0.491,0],[752.704,240.645,44.645,-0.999,-0.048,0.009,0,0.178,0.984,-0.049,0.983,-0.178],12.5,"FreeFall",1,[683,357.5],[[],[]]],[[754.078,226.941,46.988,-0.998,0,0.057,0,1,0,-0.057,0,-0.998],[["walk",0.1],["fall",0.3],["walk",0.1]],1.103,8,[-15.924,5.418,1.522],[0,-0.506,0],[752.754,240.732,44.442,-0.985,-0.172,0.032,0,0.182,0.983,-0.175,0.968,-0.179],12.5,"Running",1,[683,357.5],[[],[]]],[[753.812,227.004,46.978,-0.983,0,0.183,0,1,0,-0.183,0,-0.983],[],1.103,8,[-15.98,3.273,-0.736],[0,-0.476,0],[752.754,240.79,44.285,-0.962,-0.267,0.05,0,0.184,0.983,-0.272,0.946,-0.177],12.5,"Running",1,[683,357.5],[[],[]]],[[753.549,227.037,46.934,-0.962,0,0.272,0,1,0,-0.272,0,-0.962],[],1.103,8,[-15.757,1.606,-2.762],[0,-0.013,0],[752.699,240.814,44.131,-0.941,-0.333,0.064,0,0.188,0.982,-0.339,0.924,-0.177],12.5,"Running",1,[683,357.5],[[],[]]],[[753.292,227.05,46.864,-0.941,0,0.339,0,1,0,-0.339,0,-0.941],[["walk",0.1]],1.103,8,[-15.406,0.563,-4.314],[0,0,0],[752.596,240.819,43.981,-0.923,-0.377,0.074,0,0.191,0.981,-0.384,0.906,-0.177],12.5,"Running",1,[683,357.5],[[],[]]],[[753.041,227.053,46.775,-0.923,0,0.384,0,1,0,-0.384,0,-0.923],[],1.103,8,[-15.06,0.045,-5.4],[0,0,0],[752.448,240.815,43.845,-0.911,-0.405,0.08,0,0.194,0.981,-0.413,0.893,-0.177],12.5,"Running",1,[683,357.5],[[],[]]],[[752.794,227.051,46.673,-0.911,0,0.413,0,1,0,-0.413,0,-0.911],[],1.103,8,[-14.777,-0.111,-6.134],[0,0,0],[752.243,240.814,43.735,-0.905,-0.418,0.083,0,0.194,0.981,-0.426,0.888,-0.175],12.5,"Running",1,[683,357.5],[["Space"],[]]],[[752.548,227.927,46.571,-0.905,0,0.426,0,1,0,-0.426,0,-0.905],[["walk",0.1],["jump",0.1]],1,3,[-14.777,51.518,-6.134],[0,0,0],[752.008,241.687,43.619,-0.904,-0.419,0.083,0,0.195,0.981,-0.427,0.887,-0.176],12.5,"Jumping",1,[683,357.5],[[],[]]],[[752.366,228.55,46.487,-0.876,0,0.483,0,1,0,-0.483,0,-0.876],[["jump",0.1]],1,5,[-14.492,49.066,-6.779],[0,-6.41,0],[751.812,242.31,43.538,-0.906,-0.415,0.083,0,0.195,0.981,-0.423,0.889,-0.177],12.5,"FreeFall",1,[683,357.5],[[],[]]],[[752.125,229.334,46.374,-0.846,0,0.533,0,1,0,-0.533,0,-0.846],[],1,5,[-14.466,45.796,-6.836],[0,-7.813,0],[751.492,243.094,43.44,-0.917,-0.391,0.078,0,0.195,0.981,-0.399,0.899,-0.179],12.5,"FreeFall",1,[683,357.5],[[],[]]],[[751.883,230.063,46.261,-0.856,0,0.516,0,1,0,-0.516,0,-0.856],[],1,5,[-14.497,42.526,-6.771],[0,-7.975,0],[751.031,243.829,43.408,-0.943,-0.325,0.064,0,0.193,0.981,-0.332,0.926,-0.182],12.5,"FreeFall",1,[683,357.5],[[],[]]],[[751.639,230.738,46.153,-0.891,0,0.454,0,1,0,-0.454,0,-0.891],[],1,5,[-14.67,39.256,-6.388],[0,-7.993,0],[750.627,244.507,43.366,-0.96,-0.274,0.053,0,0.191,0.981,-0.279,0.942,-0.184],12.5,"FreeFall",1,[683,357.5],[[],[]]],[[751.326,231.505,46.039,-0.901,0,0.435,0,1,0,-0.435,0,-0.901],[],1,5,[-15.091,35.168,-5.315],[0,-7.996,0],[750.152,245.282,43.356,-0.974,-0.222,0.042,0,0.188,0.982,-0.226,0.957,-0.183],12.5,"FreeFall",1,[683,357.5],[[],[]]],[[751.135,231.924,45.982,-0.947,0,0.322,0,1,0,-0.322,0,-0.947],[],1,5,[-15.349,32.716,-4.511],[0,-7.996,0],[749.816,245.709,43.406,-0.985,-0.172,0.032,0,0.184,0.983,-0.175,0.968,-0.182],12.5,"FreeFall",1,[683,357.5],[[],[]]],[[750.876,232.435,45.919,-0.953,0,0.304,0,1,0,-0.304,0,-0.953],[],1,5,[-15.581,29.446,-3.633],[0,-7.996,0],[749.442,246.229,43.446,-0.991,-0.131,0.024,0,0.181,0.984,-0.133,0.975,-0.179],12.5,"FreeFall",1,[683,357.5],[[],[]]],[[750.613,232.892,45.87,-0.965,0,0.264,0,1,0,-0.264,0,-0.965],[],1,5,[-15.749,26.176,-2.82],[0,-7.996,0],[749.08,246.694,43.5,-0.996,-0.093,0.017,0,0.177,0.984,-0.094,0.98,-0.176],12.5,"FreeFall",1,[683,357.5],[[],[]]],[[750.349,233.294,45.833,-0.974,0,0.226,0,1,0,-0.226,0,-0.974],[],1,5,[-15.855,22.906,-2.147],[0,-7.996,0],[748.716,247.101,43.56,-0.999,-0.051,0.009,0,0.175,0.985,-0.052,0.983,-0.175],12.5,"FreeFall",1,[683,357.5],[[],[]]],[[750.084,233.642,45.806,-0.983,0,0.184,0,1,0,-0.184,0,-0.983],[],1,5,[-15.927,19.636,-1.522],[0,-7.996,0],[748.352,247.452,43.622,-1,-0.008,0.001,0,0.174,0.985,-0.008,0.985,-0.174],12.5,"FreeFall",1,[683,357.5],[[],[]]],[[749.818,233.935,45.791,-0.99,0,0.141,0,1,0,-0.141,0,-0.99],[],1,5,[-15.977,16.366,-0.846],[0,-7.996,0],[747.984,247.745,43.69,-0.999,0.038,-0.007,0,0.174,0.985,0.039,0.984,-0.174],12.5,"FreeFall",1,[683,357.5],[[],[]]],[[749.551,234.173,45.787,-0.996,0,0.094,0,1,0,-0.094,0,-0.996],[],1,5,[-15.999,13.096,-0.143],[0,-7.996,0],[747.63,247.984,43.766,-0.997,0.08,-0.014,0,0.174,0.985,0.081,0.982,-0.173],12.5,"FreeFall",1,[683,357.5],[[],[]]],[[749.285,234.358,45.795,-0.999,0,0.052,0,1,0,-0.052,0,-0.999],[],1,5,[-15.988,9.826,0.61],[0,-7.996,0],[747.256,248.168,43.883,-0.991,0.134,-0.024,0,0.174,0.985,0.136,0.976,-0.172],12.5,"FreeFall",1,[683,357.5],[[],[]]],[[748.952,234.511,45.821,-1,0,0.03,0,1,0,-0.03,0,-1],[],1,5,[-15.947,5.738,1.297],[0,-7.996,0],[746.856,248.321,43.983,-0.985,0.169,-0.03,0,0.174,0.985,0.172,0.97,-0.171],12.5,"FreeFall",1,[683,357.5],[[],[]]],[[748.688,234.573,45.855,-0.999,0,-0.039,0,1,0,0.039,0,-0.999],[],1,5,[-15.853,2.468,2.159],[0,-7.996,0],[746.529,248.383,44.091,-0.979,0.203,-0.036,0,0.174,0.985,0.206,0.964,-0.17],12.5,"FreeFall",1,[683,357.5],[[],["Space"]]],[[748.425,234.58,45.899,-0.997,0,-0.074,0,1,0,0.074,0,-0.997],[],1,5,[-15.764,-0.802,2.735],[0,-7.996,0],[746.207,248.39,44.211,-0.971,0.236,-0.042,0,0.174,0.985,0.239,0.956,-0.169],12.5,"FreeFall",1,[683,357.5],[[],[]]],[[748.229,234.549,45.939,-0.99,0,-0.141,0,1,0,0.141,0,-0.99],[["fall",0.3]],1,5,[-15.664,-3.254,3.261],[0,-7.996,0],[745.956,248.36,44.325,-0.963,0.267,-0.047,0,0.174,0.985,0.271,0.948,-0.167],12.5,"FreeFall",1,[683,357.5],[[],[]]],[[747.97,234.461,46.002,-0.99,0,-0.141,0,1,0,0.141,0,-0.99],[],1,5,[-15.538,-6.524,3.818],[0,-7.996,0],[745.645,248.271,44.463,-0.953,0.298,-0.053,0,0.174,0.985,0.303,0.939,-0.165],12.5,"FreeFall",1,[683,357.5],[[],[]]],[[747.713,234.318,46.073,-0.985,0,-0.173,0,1,0,0.173,0,-0.985],[],1,5,[-15.403,-9.794,4.329],[0,-7.996,0],[745.341,248.128,44.608,-0.943,0.328,-0.058,0,0.174,0.985,0.333,0.929,-0.164],12.5,"FreeFall",1,[683,357.5],[[],[]]],[[747.458,234.121,46.152,-0.979,0,-0.204,0,1,0,0.204,0,-0.979],[],1,5,[-15.252,-13.064,4.835],[0,-7.996,0],[745.048,247.931,44.751,-0.934,0.352,-0.062,0,0.174,0.985,0.358,0.92,-0.162],12.5,"FreeFall",1,[683,357.5],[[],[]]],[[747.206,233.869,46.24,-0.973,0,-0.23,0,1,0,0.23,0,-0.973],[],1,5,[-15.092,-16.334,5.312],[0,-7.996,0],[744.768,247.679,44.888,-0.926,0.371,-0.065,0,0.174,0.985,0.377,0.912,-0.161],12.5,"FreeFall",1,[683,357.5],[[],[]]],[[746.957,233.563,46.334,-0.968,0,-0.25,0,1,0,0.25,0,-0.968],[],1,5,[-14.945,-19.604,5.714],[0,-7.996,0],[744.502,247.373,45.013,-0.922,0.382,-0.067,0,0.174,0.985,0.388,0.908,-0.16],12.5,"FreeFall",1,[683,357.5],[[],[]]],[[746.71,233.202,46.434,-0.965,0,-0.262,0,1,0,0.262,0,-0.965],[],1,5,[-14.824,-22.874,6.02],[0,-7.996,0],[744.25,247.012,45.121,-0.92,0.385,-0.068,0,0.174,0.985,0.391,0.906,-0.16],12.5,"FreeFall",1,[683,357.5],[[],[]]],[[746.464,232.787,46.537,-0.964,0,-0.265,0,1,0,0.265,0,-0.964],[["fall",0.3]],1,5,[-14.746,-26.144,6.208],[0,-7.996,0],[744.004,246.597,45.224,-0.92,0.385,-0.068,0,0.174,0.985,0.391,0.906,-0.16],12.5,"FreeFall",1,[683,357.5],[[],[]]],[[746.218,232.317,46.641,-0.964,0,-0.265,0,1,0,0.265,0,-0.964],[],1,5,[-14.726,-29.414,6.258],[0,-7.996,0],[743.761,246.127,45.324,-0.921,0.384,-0.068,0,0.174,0.985,0.39,0.907,-0.16],12.5,"FreeFall",1,[683,357.5],[[],[]]],[[745.973,231.793,46.745,-0.965,0,-0.264,0,1,0,0.264,0,-0.965],[],1,5,[-14.725,-32.684,6.259],[0,-7.996,0],[743.534,245.603,45.394,-0.926,0.371,-0.065,0,0.174,0.985,0.377,0.912,-0.161],12.5,"FreeFall",1,[683,357.5],[[],[]]],[[745.727,231.214,46.849,-0.968,0,-0.25,0,1,0,0.25,0,-0.968],[],1,5,[-14.735,-35.954,6.236],[0,-7.996,0],[743.369,245.024,45.362,-0.946,0.319,-0.056,0,0.174,0.985,0.324,0.932,-0.164],12.5,"FreeFall",1,[683,357.5],[[],[]]],[[745.48,230.581,46.95,-0.981,0,-0.195,0,1,0,0.195,0,-0.981],[],1,5,[-14.82,-39.224,6.031],[0,-7.996,0],[743.218,244.391,45.321,-0.964,0.261,-0.046,0,0.174,0.985,0.265,0.95,-0.167],12.5,"FreeFall",1,[683,357.5],[[],[]]],[[745.166,229.712,47.06,-0.995,0,-0.102,0,1,0,0.102,0,-0.995],[],1,5,[-15.136,-43.312,5.186],[0,-7.996,0],[743.024,243.523,45.276,-0.981,0.193,-0.034,0,0.174,0.985,0.196,0.966,-0.17],12.5,"FreeFall",1,[683,357.5],[[],[]]],[[744.974,229.151,47.116,-0.995,0,-0.098,0,1,0,0.098,0,-0.995],[["fall",0.3]],1,5,[-15.411,-45.764,4.296],[0,-7.996,0],[742.96,242.961,45.187,-0.992,0.126,-0.022,0,0.174,0.985,0.128,0.977,-0.172],12.5,"FreeFall",1,[683,357.5],[[],[]]],[[744.648,228.342,47.184,-0.996,0,-0.085,0,1,0,0.085,0,-0.996],[["walk",0.1],["fall",0.3],["fall",0.3]],1,7,[-15.686,-16.808,3.152],[0,-0.539,0],[742.74,242.152,45.151,-0.997,0.074,-0.013,0,0.174,0.985,0.075,0.982,-0.173],12.5,"FreeFall",1,[683,357.5],[[],[]]],[[744.384,228.352,47.221,-0.997,0,-0.072,0,1,0,0.072,0,-0.997],[],1,7,[-15.864,5.02,2.074],[0,-0.062,0],[742.534,242.162,45.135,-0.999,0.046,-0.008,0,0.174,0.985,0.047,0.984,-0.173],12.5,"FreeFall",1,[683,357.5],[[],[]]],[[744.118,228.443,47.243,-0.999,0,-0.047,0,1,0,0.047,0,-0.999],[["walk",0.1],["fall",0.3],["walk",0.1]],1.103,8,[-15.953,5.256,1.219],[0,-0.004,0],[742.281,242.253,45.145,-0.999,0.04,-0.007,0,0.174,0.985,0.041,0.984,-0.174],12.5,"Running",1,[683,357.5],[["b2"],[]]],[[743.852,228.505,47.256,-0.999,0,-0.041,0,1,0,0.041,0,-0.999],[],1.103,8,[-15.982,3.202,0.76],[0,0,0],[742.015,242.315,45.158,-0.999,0.04,-0.007,0,0.174,0.985,0.041,0.984,-0.174],12.5,"Running",1,[683,357.5],[[],[]]],[[743.585,228.537,47.267,-0.999,0,-0.041,0,1,0,0.041,0,-0.999],[],1.103,8,[-15.987,1.571,0.652],[0,0,0],[743.504,242.347,45.098,-0.999,0.037,-0.007,0,0.174,0.985,0.037,0.984,-0.174],12.5,"Running",0,[683,357.5],[["LeftShift"],[]]],[[743.185,228.552,47.283,-0.968,0,0.25,0,1,0,-0.25,0,-0.968],[["walk",0.1]],1.103,8,[-15.987,0.237,0.65],[0,-12.502,0],[743.104,242.362,45.114,-0.999,0.037,-0.007,0,0.174,0.985,0.037,0.984,-0.174],12.5,"Running",0,[683,357.5],[[],[]]],[[743.052,228.552,47.288,-0.942,0,0.334,0,1,0,-0.334,0,-0.942],[],1.103,8,[-15.988,0.04,0.607],[0,-10.617,0],[742.971,242.363,45.119,-0.999,0.037,-0.007,0,0.174,0.985,0.037,0.984,-0.174],12.5,"Running",0,[683,357.5],[[],[]]],[[742.852,228.533,47.296,-0.891,0,0.454,0,1,0,-0.454,0,-0.891],[],1.103,8,[-15.989,-2.413,0.6],[0,-10.315,0],[742.771,242.343,45.127,-0.999,0.037,-0.007,0,0.174,0.985,0.037,0.984,-0.174],12.5,"Running",0,[683,357.5],[[],[]]],[[742.586,228.458,47.306,-0.801,0,0.599,0,1,0,-0.599,0,-0.801],[],1.103,8,[-15.989,-5.683,0.6],[0,-10.249,0],[742.508,242.268,45.137,-0.999,0.035,-0.006,0,0.174,0.985,0.036,0.984,-0.174],12.5,"Running",0,[683,357.5],[["Space"],[]]],[[742.32,229.324,47.316,-0.688,0,0.726,0,1,0,-0.726,0,-0.688],[["walk",0.1],["jump",0.1]],1,3,[-15.989,50.701,0.6],[0,-10.24,0],[742.242,243.134,45.147,-0.999,0.035,-0.006,0,0.174,0.985,0.036,0.984,-0.174],12.5,"Jumping",0,[683,357.5],[[],[]]],[[742.053,230.135,47.325,-0.596,0,0.803,0,1,0,-0.803,0,-0.596],[["jump",0.1]],1,5,[-15.99,47.431,0.575],[0,-6.292,0],[741.975,243.945,45.156,-0.999,0.035,-0.006,0,0.174,0.985,0.036,0.984,-0.174],12.5,"FreeFall",0,[683,357.5],[[],[]]],[[741.786,230.891,47.335,-0.524,0,0.852,0,1,0,-0.852,0,-0.524],[],1,5,[-15.99,44.161,0.575],[0,-4.992,0],[741.708,244.701,45.166,-0.999,0.035,-0.006,0,0.174,0.985,0.036,0.984,-0.174],12.5,"FreeFall",0,[683,357.5],[[],[]]],[[741.52,231.593,47.345,-0.46,0,0.888,0,1,0,-0.888,0,-0.46],[],1,5,[-15.99,40.891,0.575],[0,-4.219,0],[741.442,245.403,45.175,-0.999,0.035,-0.006,0,0.174,0.985,0.036,0.984,-0.174],12.5,"FreeFall",0,[683,357.5],[[],[]]],[[741.253,232.24,47.354,-0.404,0,0.915,0,1,0,-0.915,0,-0.404],[],1,5,[-15.99,37.621,0.575],[0,-3.613,0],[741.175,246.051,45.185,-0.999,0.035,-0.006,0,0.174,0.985,0.036,0.984,-0.174],12.5,"FreeFall",0,[683,357.5],[[],[]]],[[740.987,232.833,47.364,-0.354,0,0.935,0,1,0,-0.935,0,-0.354],[],1,5,[-15.99,34.351,0.575],[0,-3.101,0],[740.909,246.644,45.195,-0.999,0.035,-0.006,0,0.174,0.985,0.036,0.984,-0.174],12.5,"FreeFall",0,[683,357.5],[[],[]]],[[740.72,233.372,47.373,-0.311,0,0.951,0,1,0,-0.951,0,-0.311],[],1,5,[-15.99,31.081,0.575],[0,-2.663,0],[740.642,247.182,45.204,-0.999,0.035,-0.006,0,0.174,0.985,0.036,0.984,-0.174],12.5,"FreeFall",0,[683,357.5],[[],[]]],[[740.453,233.856,47.383,-0.273,0,0.962,0,1,0,-0.962,0,-0.273],[],1,5,[-15.99,27.811,0.575],[0,-2.288,0],[740.375,247.666,45.214,-0.999,0.035,-0.006,0,0.174,0.985,0.036,0.984,-0.174],12.5,"FreeFall",0,[683,357.5],[[],[]]],[[740.187,234.285,47.392,-0.24,0,0.971,0,1,0,-0.971,0,-0.24],[],1,5,[-15.99,24.541,0.575],[0,-1.965,0],[740.109,248.095,45.223,-0.999,0.035,-0.006,0,0.174,0.985,0.036,0.984,-0.174],12.5,"FreeFall",0,[683,357.5],[[],["LeftShift"]]],[[739.92,234.66,47.402,-0.212,0,0.977,0,1,0,-0.977,0,-0.212],[],1,5,[-15.99,21.271,0.575],[0,-1.688,0],[739.842,248.47,45.233,-0.999,0.035,-0.006,0,0.174,0.985,0.036,0.984,-0.174],12.5,"FreeFall",0,[683,357.5],[[],[]]],[[739.654,234.981,47.412,-0.187,0,0.982,0,1,0,-0.982,0,-0.187],[],1,5,[-15.99,18.001,0.575],[0,-1.45,0],[739.61,248.791,45.241,-1,0.02,-0.004,0,0.174,0.985,0.02,0.985,-0.174],12.5,"FreeFall",0,[683,357.5],[[],[]]],[[739.387,235.247,47.421,-0.166,0,0.986,0,1,0,-0.986,0,-0.166],[],1,5,[-15.99,14.731,0.575],[0,-1.245,0],[739.408,249.049,45.206,-1,-0.009,0.002,0,0.177,0.984,-0.01,0.984,-0.177],12.5,"FreeFall",0,[683,357.5],[[],[]]],[[739.12,235.458,47.427,-0.146,0,0.989,0,1,0,-0.989,0,-0.146],[],1,5,[-15.997,11.461,0.328],[0,-1.18,0],[739.244,249.255,45.186,-0.998,-0.054,0.01,0,0.18,0.984,-0.055,0.982,-0.179],12.5,"FreeFall",0,[683,357.5],[[],[]]],[[738.854,235.615,47.426,-0.126,0,0.992,0,1,0,-0.992,0,-0.126],[],1,5,[-15.999,8.191,-0.144],[0,-1.243,0],[739.12,249.404,45.152,-0.993,-0.114,0.021,0,0.183,0.983,-0.116,0.976,-0.182],12.5,"FreeFall",0,[683,357.5],[[],[]]],[[738.587,235.718,47.413,-0.103,0,0.995,0,1,0,-0.995,0,-0.103],[],1,5,[-15.976,4.921,-0.868],[0,-1.428,0],[739.046,249.495,45.109,-0.981,-0.192,0.037,0,0.188,0.982,-0.195,0.963,-0.184],12.5,"FreeFall",0,[683,357.5],[[],[]]],[[738.322,235.765,47.385,-0.076,0,0.997,0,1,0,-0.997,0,-0.076],[],1,5,[-15.893,1.651,-1.838],[0,-1.719,0],[739.027,249.531,45.082,-0.956,-0.287,0.056,0,0.193,0.981,-0.293,0.938,-0.184],12.5,"FreeFall",0,[683,357.5],[[],[]]],[[738.06,235.759,47.337,-0.042,0,0.999,0,1,0,-0.999,0,-0.042],[["fall",0.3]],1,5,[-15.698,-1.619,-3.088],[0,-2.124,0],[739.08,249.504,45.041,-0.914,-0.398,0.082,0,0.201,0.98,-0.406,0.895,-0.184],12.5,"FreeFall",0,[683,357.5],[[],[]]],[[737.803,235.698,47.266,0,0,1,0,1,0,-1,0,0],[],1,5,[-15.315,-4.889,-4.622],[0,-2.642,0],[739.182,249.418,45.026,-0.852,-0.512,0.11,0,0.21,0.978,-0.524,0.833,-0.179],12.5,"FreeFall",0,[683,357.5],[[],[]]],[[737.556,235.582,47.168,0.052,0,0.999,0,1,0,-0.999,0,0.052],[],1,5,[-14.662,-8.159,-6.389],[0,-3.259,0],[739.298,249.273,45.023,-0.776,-0.615,0.139,0,0.221,0.975,-0.63,0.757,-0.172],12.5,"FreeFall",0,[683,357.5],[["W"],[]]],[[737.309,235.412,47.086,0.043,0,0.999,0,1,0,-0.999,0,0.043],[],1,5,[-14.874,-11.429,-4.015],[0,1.648,0],[739.384,249.069,45.045,-0.701,-0.693,0.166,0,0.233,0.973,-0.713,0.682,-0.163],12.5,"FreeFall",0,[683,357.5],[[],["Space"]]],[[736.993,235.123,47.039,0.016,0,1,0,1,0,-1,0,0.016],[],1,5,[-15.412,-15.517,-1.085],[0,1.202,0],[739.352,248.743,45.095,-0.636,-0.748,0.189,0,0.245,0.97,-0.772,0.617,-0.156],12.5,"FreeFall",0,[683,357.5],[[],[]]],[[736.795,234.909,47.035,0.01,0,1,0,1,0,-1,0,0.01],[],1,5,[-15.961,-17.969,-0.192],[0,0.289,0],[739.511,248.472,45.202,-0.559,-0.8,0.217,0,0.262,0.965,-0.829,0.54,-0.147],12.5,"FreeFall",0,[683,357.5],[[],["D"]]],[[736.537,234.575,47.055,-0.056,0,0.998,0,1,0,-0.998,0,-0.056],[["fall",0.3]],1,5,[-15.176,-21.239,2.059],[0,4.978,0],[739.347,248.122,45.26,-0.538,-0.812,0.225,0,0.267,0.964,-0.843,0.519,-0.144],12.5,"FreeFall",0,[683,357.5],[[],[]]],[[736.29,234.187,47.113,-0.131,0,0.991,0,1,0,-0.991,0,-0.131],[],1,5,[-14.539,-24.509,4.355],[0,4.376,0],[739.362,247.688,45.445,-0.477,-0.844,0.246,0,0.28,0.96,-0.879,0.458,-0.133],12.5,"FreeFall",0,[683,357.5],[[],[]]],[[735.997,233.625,47.24,-0.207,0,0.978,0,1,0,-0.978,0,-0.207],[],1,5,[-13.822,-28.597,7.247],[0,3.555,0],[739.22,247.105,45.712,-0.428,-0.866,0.258,0,0.285,0.958,-0.904,0.411,-0.122],12.5,"FreeFall",0,[683,357.5],[[],[]]],[[735.821,233.247,47.335,-0.241,0,0.97,0,1,0,-0.97,0,-0.241],[],1,5,[-14.046,-31.049,7.618],[0,2.557,0],[739.202,246.701,45.948,-0.38,-0.885,0.27,0,0.292,0.956,-0.925,0.363,-0.111],12.5,"FreeFall",0,[683,357.5],[[],[]]],[[735.581,232.696,47.451,-0.272,0,0.962,0,1,0,-0.962,0,-0.272],[],1,5,[-14.449,-34.319,6.87],[0,1.705,0],[739.029,246.136,46.112,-0.362,-0.89,0.276,0,0.296,0.955,-0.932,0.346,-0.107],12.5,"FreeFall",0,[683,357.5],[[],[]]],[[735.336,232.09,47.554,-0.29,0,0.957,0,1,0,-0.957,0,-0.29],[],1,5,[-14.796,-37.589,6.089],[0,1.006,0],[738.783,245.53,46.215,-0.362,-0.89,0.276,0,0.296,0.955,-0.932,0.346,-0.107],12.5,"FreeFall",0,[683,357.5],[[],[]]],[[735.087,231.429,47.651,-0.302,0,0.953,0,1,0,-0.953,0,-0.302],[],1,5,[-14.912,-40.859,5.799],[0,0.655,0],[738.534,244.87,46.312,-0.362,-0.89,0.276,0,0.296,0.955,-0.932,0.346,-0.107],12.5,"FreeFall",0,[683,357.5],[[],[]]],[[734.777,230.527,47.772,-0.313,0,0.95,0,1,0,-0.95,0,-0.313],[["fall",0.3]],1,5,[-14.914,-44.947,5.793],[0,0.521,0],[738.224,243.967,46.433,-0.362,-0.89,0.276,0,0.296,0.955,-0.932,0.346,-0.107],12.5,"FreeFall",0,[683,357.5],[[],[]]],[[734.7,230.576,47.855,-0.228,0,0.974,0,1,0,-0.974,0,-0.228],[["walk",0.1],["fall",0.3],["climb",0.1]],-3.746,12,[-1.215,10.09,4.216],[-0.001,-3.784,-0.005],[738.147,244.017,46.516,-0.362,-0.89,0.276,0,0.296,0.955,-0.932,0.346,-0.107],12.5,"Climbing",0,[683,357.5],[[],[]]],[[734.686,230.76,47.902,-0.209,0,0.978,0,1,0,-0.978,0,-0.209],[["climb",0]],0.841,12,[-0.559,11.178,1.927],[0.001,-0.438,0.016],[738.137,244.2,46.564,-0.361,-0.891,0.276,0,0.296,0.955,-0.932,0.345,-0.107],12.5,"Climbing",0,[485,379],[[],[]]],[[734.683,230.788,47.914,-0.207,0,0.978,0,1,0,-0.978,0,-0.207],[],0.841,12,[-0.008,0.084,0.06],[0,-0.03,-0.002],[738.134,244.227,46.576,-0.361,-0.891,0.276,0,0.296,0.955,-0.932,0.345,-0.107],12.5,"Climbing",0,[485,379],[[],[]]],[[734.683,230.788,47.914,-0.207,0,0.978,0,1,0,-0.978,0,-0.207],[["climb",0.1]],0,12,[0,0.004,0.006],[0,-0.006,-0.002],[738.134,244.228,46.576,-0.361,-0.891,0.276,0,0.296,0.955,-0.932,0.345,-0.107],12.5,"Climbing",0,[485,379],[["b2"],[]]],[[734.683,230.788,47.914,-0.206,0,0.979,0,1,0,-0.979,0,-0.206],[["climb",0.1]],0,12,[0,0,0.001],[0,-0.001,0],[738.119,244.232,46.577,-0.363,-0.89,0.275,0,0.295,0.956,-0.932,0.346,-