{"Replay":[[[776.028,222.662,47.142,0,0,1,0,1,0,-1,0,0],[],1,8,[0,0,0],[0,0,0],[784.845,233.022,47.055,-0.01,-0.709,0.705,0,0.705,0.709,-1,0.007,-0.007],12.5,"Standing",0,[681,391],[[],[]]],[[775.725,222.662,47.145,-0.002,0,1,0,1,0,-1,0,-0.002],[],1,8,[-15.795,0.008,0.156],[0,0.078,0],[784.52,233.043,47.058,-0.01,-0.71,0.704,0,0.704,0.711,-1,0.007,-0.007],12.5,"Standing",0,[681,391],[[],[]]],[[775.458,222.662,47.148,-0.003,0,1,0,1,0,-1,0,-0.003],[["walk",0.1]],1.089,8,[-15.995,0.004,0.158],[0,0.066,0],[784.232,233.065,47.061,-0.01,-0.712,0.702,0,0.702,0.712,-1,0.007,-0.007],12.5,"Running",0,[681,391],[[],[]]],[[775.192,222.662,47.15,-0.004,0,1,0,1,0,-1,0,-0.004],[],1.089,8,[-15.999,0.001,0.158],[0,0.057,0],[783.923,233.107,47.064,-0.01,-0.716,0.698,0,0.699,0.716,-1,0.007,-0.007],12.5,"Running",0,[681,391],[[],[]]],[[774.925,222.662,47.153,-0.005,0,1,0,1,0,-1,0,-0.005],[],1.089,8,[-15.999,0,0.158],[0,0.05,0],[783.624,233.139,47.067,-0.01,-0.718,0.696,0,0.696,0.718,-1,0.007,-0.007],12.5,"Running",0,[681,391],[[],[]]],[[774.658,222.662,47.156,-0.005,0,1,0,1,0,-1,0,-0.005],[],1.089,8,[-15.999,0,0.158],[0,0.043,0],[783.313,233.181,47.07,-0.01,-0.721,0.692,0,0.692,0.721,-1,0.007,-0.007],12.5,"Running",0,[681,391],[[],[]]],[[774.392,222.662,47.158,-0.006,0,1,0,1,0,-1,0,-0.006],[],1.089,8,[-15.999,0,0.158],[0,0.037,0],[783.003,233.223,47.073,-0.01,-0.725,0.689,0,0.689,0.725,-1,0.007,-0.007],12.5,"Running",0,[681,391],[[],[]]],[[774.125,222.662,47.161,-0.006,0,1,0,1,0,-1,0,-0.006],[],1.089,8,[-15.999,0,0.158],[0,0.032,0],[782.704,233.254,47.076,-0.01,-0.727,0.686,0,0.686,0.727,-1,0.007,-0.007],12.5,"Running",0,[681,391],[[],[]]],[[773.859,222.662,47.163,-0.007,0,1,0,1,0,-1,0,-0.007],[],1.089,8,[-15.999,0,0.158],[0,0.028,0],[782.404,233.285,47.079,-0.01,-0.73,0.684,0,0.684,0.73,-1,0.007,-0.007],12.5,"Running",0,[681,391],[[],["E"]]],[[773.592,222.662,47.166,-0.007,0,1,0,1,0,-1,0,-0.007],[["walk",0.1]],1.089,8,[-15.999,0,0.158],[0,0.024,0],[782.104,233.316,47.082,-0.01,-0.732,0.681,0,0.681,0.732,-1,0.007,-0.007],12.5,"Running",0,[681,391],[[],[]]],[[773.459,222.662,47.167,-0.007,0,1,0,1,0,-1,0,-0.007],[],1.089,8,[-15.999,0,0.158],[0,0.021,0],[781.938,233.347,47.083,-0.01,-0.735,0.678,0,0.678,0.735,-1,0.007,-0.007],12.5,"Running",0,[681,391],[[],[]]],[[773.192,222.662,47.17,-0.008,0,1,0,1,0,-1,0,-0.008],[],1.089,8,[-15.999,0,0.158],[0,0.019,0],[781.626,233.388,47.087,-0.01,-0.738,0.675,0,0.675,0.738,-1,0.007,-0.007],12.5,"Running",0,[681,391],[[],[]]],[[772.925,222.662,47.173,-0.008,0,1,0,1,0,-1,0,-0.008],[],1.089,8,[-15.999,0,0.158],[0,0.017,0],[781.281,233.459,47.09,-0.01,-0.744,0.668,0,0.669,0.744,-1,0.007,-0.007],12.5,"Running",0,[681,391],[[],[]]],[[772.526,222.662,47.177,-0.008,0,1,0,1,0,-1,0,-0.008],[],1.089,8,[-15.999,0,0.158],[0,0.014,0],[780.848,233.489,47.094,-0.01,-0.746,0.666,0,0.666,0.746,-1,0.007,-0.007],12.5,"Running",0,[681,391],[[],[]]],[[772.392,222.672,47.178,-0.009,0,1,0,1,0,-1,0,-0.009],[],1.089,8,[-15.999,1.123,0.158],[0,0.012,0],[780.658,233.548,47.096,-0.01,-0.75,0.661,0,0.661,0.75,-1,0.007,-0.007],12.5,"Running",0,[681,391],[[],[]]],[[772.126,222.713,47.181,-0.009,0,1,0,1,0,-1,0,-0.009],[],1.089,8,[-15.999,2.531,0.158],[0,0.011,0],[780.312,233.66,47.1,-0.01,-0.756,0.655,0,0.655,0.756,-1,0.007,-0.006],12.5,"Running",0,[681,391],[[],[]]],[[771.859,222.745,47.183,-0.009,0,1,0,1,0,-1,0,-0.009],[["walk",0.1]],1.089,8,[-15.999,1.626,0.158],[0,0.009,0],[779.999,233.731,47.103,-0.01,-0.759,0.651,0,0.651,0.759,-1,0.008,-0.006],12.5,"Running",0,[681,391],[[],[]]],[[771.592,222.76,47.186,-0.009,0,1,0,1,0,-1,0,-0.009],[],1.089,8,[-15.999,0.723,0.158],[0,0.008,0],[779.698,233.775,47.106,-0.01,-0.761,0.648,0,0.648,0.761,-1,0.008,-0.006],12.5,"Running",0,[681,391],[[],[]]],[[771.326,222.775,47.189,-0.009,0,1,0,1,0,-1,0,-0.009],[],1.089,8,[-15.999,0.846,0.158],[0,0.007,0],[779.397,233.82,47.109,-0.01,-0.764,0.646,0,0.646,0.764,-1,0.008,-0.006],12.5,"Running",0,[681,391],[[],[]]],[[771.059,222.801,47.191,-0.009,0,1,0,1,0,-1,0,-0.009],[],1.089,8,[-15.999,1.573,0.158],[0,0.006,0],[779.107,233.865,47.112,-0.01,-0.765,0.644,0,0.644,0.765,-1,0.008,-0.006],12.5,"Running",0,[681,391],[["Space"],[]]],[[770.726,223.874,47.194,-0.009,0,1,0,1,0,-1,0,-0.009],[["walk",0.1],["jump",0.1]],1,3,[-15.999,49.883,0.158],[0,0.006,0],[778.751,234.958,47.115,-0.01,-0.767,0.642,0,0.642,0.767,-1,0.008,-0.006],12.5,"Jumping",0,[681,391],[[],[]]],[[770.526,224.477,47.196,-0.009,0,1,0,1,0,-1,0,-0.009],[["jump",0.1]],1,5,[-15.999,47.431,0.158],[0,0.005,0],[778.516,235.59,47.117,-0.01,-0.769,0.639,0,0.639,0.769,-1,0.008,-0.006],12.5,"FreeFall",0,[681,391],[[],[]]],[[770.259,225.234,47.199,-0.01,0,1,0,1,0,-1,0,-0.01],[],1,5,[-15.999,44.161,0.158],[0,0.004,0],[778.226,236.366,47.12,-0.01,-0.771,0.637,0,0.637,0.771,-1,0.008,-0.006],12.5,"FreeFall",0,[681,391],[[],[]]],[[769.993,225.936,47.202,-0.01,0,1,0,1,0,-1,0,-0.01],[],1,5,[-15.999,40.891,0.158],[0,0.003,0],[777.948,237.077,47.123,-0.01,-0.771,0.636,0,0.636,0.771,-1,0.008,-0.006],12.5,"FreeFall",0,[681,391],[[],[]]],[[769.726,226.583,47.204,-0.01,0,1,0,1,0,-1,0,-0.01],[],1,5,[-15.999,37.621,0.158],[0,0.003,0],[777.67,237.734,47.126,-0.01,-0.772,0.635,0,0.636,0.772,-1,0.008,-0.006],12.5,"FreeFall",0,[681,391],[[],[]]],[[769.46,227.176,47.207,-0.01,0,1,0,1,0,-1,0,-0.01],[],1,5,[-15.999,34.351,0.158],[0,0.002,0],[777.403,238.327,47.128,-0.01,-0.772,0.635,0,0.636,0.772,-1,0.008,-0.006],12.5,"FreeFall",0,[681,391],[[],[]]],[[769.193,227.715,47.21,-0.01,0,1,0,1,0,-1,0,-0.01],[],1,5,[-15.999,31.081,0.158],[0,0.002,0],[777.113,238.885,47.131,-0.01,-0.774,0.634,0,0.634,0.774,-1,0.008,-0.006],12.5,"FreeFall",0,[681,391],[[],[]]],[[768.926,228.199,47.212,-0.01,0,1,0,1,0,-1,0,-0.01],[],1,5,[-15.999,27.811,0.158],[0,0.002,0],[776.835,239.379,47.134,-0.01,-0.774,0.633,0,0.633,0.774,-1,0.008,-0.006],12.5,"FreeFall",0,[681,391],[[],[]]],[[768.66,228.628,47.215,-0.01,0,1,0,1,0,-1,0,-0.01],[],1,5,[-15.999,24.541,0.158],[0,0.002,0],[776.568,239.808,47.137,-0.01,-0.774,0.633,0,0.633,0.774,-1,0.008,-0.006],12.5,"FreeFall",0,[681,391],[[],[]]],[[768.393,229.003,47.218,-0.01,0,1,0,1,0,-1,0,-0.01],[],1,5,[-15.999,21.271,0.158],[0,0.001,0],[776.302,240.183,47.139,-0.01,-0.774,0.633,0,0.633,0.774,-1,0.008,-0.006],12.5,"FreeFall",0,[681,391],[[],[]]],[[768.127,229.323,47.22,-0.01,0,1,0,1,0,-1,0,-0.01],[],1,5,[-15.999,18.001,0.158],[0,0.001,0],[776.035,240.503,47.142,-0.01,-0.774,0.633,0,0.633,0.774,-1,0.008,-0.006],12.5,"FreeFall",0,[681,391],[[],["Space"]]],[[767.86,229.589,47.223,-0.01,0,1,0,1,0,-1,0,-0.01],[],1,5,[-15.999,14.731,0.158],[0,0.001,0],[775.768,240.769,47.145,-0.01,-0.774,0.633,0,0.633,0.774,-1,0.008,-0.006],12.5,"FreeFall",0,[681,391],[[],[]]],[[767.527,229.845,47.226,-0.01,0,1,0,1,0,-1,0,-0.01],[],1,5,[-15.999,10.643,0.158],[0,0.001,0],[775.423,241.035,47.148,-0.01,-0.775,0.632,0,0.632,0.775,-1,0.008,-0.006],12.5,"FreeFall",0,[681,391],[[],[]]],[[767.26,229.989,47.229,-0.01,0,1,0,1,0,-1,0,-0.01],[],1,5,[-15.999,7.373,0.158],[0,0.001,0],[775.157,241.178,47.151,-0.01,-0.775,0.632,0,0.632,0.775,-1,0.008,-0.006],12.5,"FreeFall",0,[681,391],[[],[]]],[[766.994,230.077,47.231,-0.01,0,1,0,1,0,-1,0,-0.01],[],1,5,[-15.999,4.103,0.158],[0,0.001,0],[774.879,241.276,47.153,-0.01,-0.776,0.631,0,0.631,0.776,-1,0.008,-0.006],12.5,"FreeFall",0,[681,391],[[],[]]],[[766.794,230.108,47.233,-0.01,0,1,0,1,0,-1,0,-0.01],[],1,5,[-15.999,1.651,0.158],[0,0.001,0],[774.667,241.317,47.155,-0.01,-0.777,0.63,0,0.63,0.777,-1,0.008,-0.006],12.5,"FreeFall",0,[681,391],[[],[]]],[[766.527,230.102,47.236,-0.01,0,1,0,1,0,-1,0,-0.01],[["fall",0.3]],1,5,[-15.999,-1.619,0.158],[0,0,0],[774.4,241.31,47.158,-0.01,-0.777,0.63,0,0.63,0.777,-1,0.008,-0.006],12.5,"FreeFall",0,[681,391],[[],[]]],[[766.26,230.041,47.239,-0.01,0,1,0,1,0,-1,0,-0.01],[],1,5,[-15.999,-4.889,0.158],[0,0,0],[774.122,241.259,47.161,-0.01,-0.777,0.629,0,0.629,0.777,-1,0.008,-0.006],12.5,"FreeFall",0,[681,391],[[],[]]],[[765.994,229.925,47.241,-0.01,0,1,0,1,0,-1,0,-0.01],[],1,5,[-15.999,-8.159,0.158],[0,0,0],[773.855,241.143,47.164,-0.01,-0.777,0.629,0,0.629,0.777,-1,0.008,-0.006],12.5,"FreeFall",0,[681,391],[[],[]]],[[765.661,229.704,47.245,-0.01,0,1,0,1,0,-1,0,-0.01],[],1,5,[-15.999,-12.247,0.158],[0,0,0],[773.522,240.922,47.167,-0.01,-0.777,0.629,0,0.629,0.777,-1,0.008,-0.006],12.5,"FreeFall",0,[681,391],[[],[]]],[[765.394,229.466,47.247,-0.01,0,1,0,1,0,-1,0,-0.01],[],1,5,[-15.999,-15.517,0.158],[0,0,0],[773.255,240.684,47.169,-0.01,-0.777,0.629,0,0.629,0.777,-1,0.008,-0.006],12.5,"FreeFall",0,[681,391],[[],[]]],[[765.127,229.173,47.25,-0.01,0,1,0,1,0,-1,0,-0.01],[],1,5,[-15.999,-18.787,0.158],[0,0,0],[772.989,240.391,47.172,-0.01,-0.777,0.629,0,0.629,0.777,-1,0.008,-0.006],12.5,"FreeFall",0,[681,391],[[],[]]],[[764.861,228.826,47.253,-0.01,0,1,0,1,0,-1,0,-0.01],[["fall",0.3]],1,5,[-15.999,-22.057,0.158],[0,0,0],[772.722,240.044,47.175,-0.01,-0.777,0.629,0,0.629,0.777,-1,0.008,-0.006],12.5,"FreeFall",0,[681,391],[[],[]]],[[764.594,228.424,47.255,-0.01,0,1,0,1,0,-1,0,-0.01],[],1,5,[-15.999,-25.327,0.158],[0,0,0],[772.456,239.642,47.177,-0.01,-0.777,0.629,0,0.629,0.777,-1,0.008,-0.006],12.5,"FreeFall",0,[681,391],[[],[]]],[[764.328,227.968,47.258,-0.01,0,1,0,1,0,-1,0,-0.01],[],1,5,[-15.999,-28.597,0.158],[0,0,0],[772.177,239.196,47.18,-0.01,-0.778,0.628,0,0.628,0.778,-1,0.008,-0.006],12.5,"FreeFall",0,[681,391],[[],[]]],[[764.061,227.457,47.26,-0.01,0,1,0,1,0,-1,0,-0.01],[],1,5,[-15.999,-31.867,0.158],[0,0,0],[771.911,238.685,47.183,-0.01,-0.778,0.628,0,0.628,0.778,-1,0.008,-0.006],12.5,"FreeFall",0,[681,391],[[],[]]],[[763.794,226.892,47.263,-0.01,0,1,0,1,0,-1,0,-0.01],[],1,5,[-15.999,-35.137,0.158],[0,0,0],[771.621,238.139,47.223,-0.005,-0.78,0.626,0,0.626,0.78,-1,0.004,-0.003],12.5,"FreeFall",0,[681,391],[[],[]]],[[763.594,226.433,47.265,-0.01,0,1,0,1,0,-1,0,-0.01],[],1,5,[-15.999,-37.589,0.158],[0,0,0],[771.406,237.689,47.495,0.029,-0.78,0.625,0,0.625,0.78,-1,-0.023,0.018],12.5,"FreeFall",0,[681,391],[[],["W"]]],[[763.6,226.355,47.268,0.04,0.034,0.999,-0.001,0.999,-0.034,-0.999,0.001,0.04],[["walk",0.1],["fall",0.3],["climb",0.1]],-3.132,12,[2.046,-0.132,0.067],[-0.041,-1.132,0.791],[771.431,237.591,48.223,0.122,-0.773,0.622,0,0.627,0.779,-0.993,-0.095,0.076],12.5,"Climbing",0,[681,391],[[],[]]],[[763.609,226.355,47.268,0.045,0.014,0.999,0,1,-0.014,-0.999,0,0.045],[["climb",0.1],["climb",0]],0,12,[0.246,-0.011,0.007],[-0.038,-0.225,1.574],[771.219,237.534,49.495,0.282,-0.743,0.607,0,0.633,0.774,-0.96,-0.218,0.178],12.5,"Climbing",0,[681,391],[[],[]]],[[763.611,226.355,47.268,0.047,-0.001,0.999,0,1,0.001,-0.999,0,0.047],[],0,12,[0.137,-0.001,0.003],[-0.011,-0.026,0.468],[770.6,237.487,51.092,0.48,-0.676,0.559,0,0.637,0.771,-0.877,-0.37,0.306],12.5,"Climbing",0,[681,391],[[],[]]],[[763.612,226.355,47.268,0.047,-0.002,0.999,0,1,0.002,-0.999,0,0.047],[],0,12,[0.043,0,0.001],[0.001,-0.003,-0.06],[768.851,237.428,53.36,0.758,-0.5,0.419,0,0.643,0.766,-0.652,-0.581,0.487],12.5,"Climbing",0,[681,391],[[],[]]],[[763.613,226.355,47.268,0.047,0,0.999,0,1,0,-0.999,0,0.047],[],0,12,[-0.004,0,0],[0.002,0,-0.07],[767.425,237.36,54.434,0.883,-0.357,0.305,0,0.649,0.76,-0.47,-0.671,0.573],12.5,"Climbing",0,[681,391],[[],[]]],[[763.612,226.355,47.268,0.047,0,0.999,0,1,0,-0.999,0,0.047],[],0,12,[-0.006,0,0],[0,0,-0.011],[765.995,237.201,55.219,0.958,-0.215,0.191,0,0.664,0.748,-0.287,-0.716,0.636],12.5,"Climbing",0,[681,391],[[],[]]],[[763.612,226.355,47.268,0.047,0,0.999,0,1,0,-0.999,0,0.047],[],0,12,[-0.001,0,0],[0,0,0.005],[764.604,237.008,55.723,0.993,-0.085,0.079,0,0.681,0.732,-0.116,-0.727,0.676],12.5,"Climbing",0,[681,391],[[],[]]],[[763.612,226.355,47.268,0.047,0,0.999,0,1,0,-0.999,0,0.047],[],0,12,[0,0,0],[0,0,0.002],[763.396,235.871,55.033,1,0.02,-0.019,0,0.696,0.718,0.028,-0.718,0.696],12.5,"Climbing",0,[681,391],[["D"],[]]],[[763.612,226.195,47.268,0.047,0,0.999,0,1,0,-0.999,0,0.047],[],0,12,[0,-10.979,0],[0,0,0],[762.661,235.508,55.023,0.993,0.086,-0.086,0,0.707,0.707,0.122,-0.702,0.702],12.5,"Climbing",0,[681,391],[[],[]]],[[763.612,226.009,47.268,0.047,0,0.999,0,1,0,-0.999,0,0.047],[["climb",0.1]],-0.915,12,[0,-11.196,0],[0,0,0],[763.131,230.47,50.255,0.987,0.111,-0.114,0,0.715,0.699,0.159,-0.69,0.706],12.5,"Climbing",0,[681,391],[[],[]]],[[763.612,225.823,47.268,0.047,0,0.999,0,1,0,-0.999,0,0.047],[],-0.915,12,[0,-11.2,0],[0,0,0],[764.764,230.69,51.016,0.987,0.113,-0.118,0,0.722,0.692,0.164,-0.683,0.712],12.5,"Climbing",1,[681,391],[["LeftShift"],[]]],[[764.213,225.951,47.283,0.989,-0.012,-0.151,0.013,1,0.011,0.151,-0.013,0.989],[["climb",0.1],["idle",0.1],["idle",0.1]],1,8,[12.855,27.516,2.068],[0.833,-4.752,0.459],[765.198,231.694,51.914,0.987,0.113,-0.118,0,0.722,0.692,0.164,-0.683,0.712],12.5,"Standing",1,[683,384],[[],[]]],[[764.391,226.274,47.312,0.983,-0.007,-0.186,0.008,1,0.002,0.186,-0.004,0.983],[["walk",0.1]],0.898,8,[14.878,25.063,2.372],[0.628,-0.944,-0.488],[765.439,233.016,53.047,0.993,0.083,-0.089,0,0.728,0.685,0.122,-0.68,0.723],12.5,"Running",1,[683,384],[[],[]]],[[764.652,226.658,47.354,0.992,-0.001,-0.127,0.001,1,-0.001,0.127,0.001,0.992],[["walk",0.1]],1.039,8,[15.726,21.792,2.562],[0.081,-0.11,-0.276],[766.076,234.174,53.905,0.999,0.034,-0.036,0,0.732,0.681,0.05,-0.68,0.731],12.5,"Running",1,[683,384],[[],[]]],[[764.915,226.987,47.388,0.999,0.001,-0.05,-0.001,1,-0.001,0.05,0.001,0.999],[["walk",0.1],["walk",0.1]],1.099,8,[15.855,18.522,1.953],[-0.054,-0.013,-0.012],[767.052,235.126,54.494,0.999,-0.036,0.04,0,0.736,0.677,-0.054,-0.676,0.735],12.5,"Running",1,[683,384],[[],[]]],[[765.181,227.262,47.405,0.998,0,0.059,0,1,0,-0.059,0,0.998],[],1.099,8,[15.976,15.252,0.831],[-0.02,0.367,0.032],[768.751,235.932,54.604,0.971,-0.161,0.176,0,0.738,0.675,-0.238,-0.655,0.717],12.5,"Running",1,[683,384],[["Space"],[]]],[[765.514,228.348,47.422,0.969,0,0.246,0,1,0.001,-0.246,0,0.969],[["walk",0.1],["jump",0.1]],1,3,[15.976,50.701,0.831],[-0.02,0.367,0.032],[770.148,237.383,54.504,0.932,-0.244,0.268,0,0.74,0.673,-0.363,-0.627,0.689],12.5,"Jumping",1,[683,384],[["W"],[]]],[[765.769,229.159,47.414,0.959,0,0.285,0,1,0,-0.285,0,0.959],[["jump",0.1]],1,5,[14.874,47.431,-1.265],[0.017,-6.433,-0.013],[771.414,238.423,54.127,0.878,-0.32,0.355,0,0.742,0.67,-0.478,-0.589,0.652],12.5,"FreeFall",1,[683,384],[[],[]]],[[765.947,229.732,47.386,0.917,0,0.4,0,1,0,-0.4,0,0.917],[],1,5,[13.921,44.978,-2.779],[0.01,-7.126,-0.014],[772.504,239.14,53.568,0.814,-0.387,0.433,0,0.745,0.667,-0.581,-0.543,0.607],12.5,"FreeFall",1,[683,384],[[],[]]],[[766.164,230.447,47.319,0.878,0,0.479,0,1,0,-0.479,0,0.878],[],1,5,[12.492,41.708,-4.69],[0.001,-7.233,-0.006],[773.523,239.95,52.843,0.741,-0.445,0.502,0,0.749,0.663,-0.671,-0.492,0.555],12.5,"FreeFall",1,[683,384],[[],[]]],[[766.355,231.109,47.223,0.817,0,0.577,0,1,0,-0.577,0,0.817],[],1,5,[10.908,38.438,-6.473],[-0.001,-7.212,-0.001],[774.371,240.661,52.027,0.666,-0.492,0.561,0,0.752,0.659,-0.746,-0.439,0.5],12.5,"FreeFall",1,[683,384],[[],[]]],[[766.519,231.715,47.098,0.75,0,0.662,0,1,0,-0.662,0,0.75],[],1,5,[9.171,35.168,-8.106],[-0.001,-7.143,0],[775.073,241.286,51.126,0.586,-0.531,0.612,0,0.755,0.656,-0.81,-0.384,0.442],12.5,"FreeFall",1,[683,384],[[],["LeftShift"]]],[[766.69,232.397,46.906,0.699,0,0.715,0,1,0,-0.715,0,0.699],[],1,5,[6.816,31.081,-9.939],[-0.006,-7.1,0.02],[775.664,241.963,50.141,0.506,-0.563,0.654,0,0.758,0.652,-0.863,-0.33,0.384],12.5,"FreeFall",1,[683,384],[[],[]]],[[766.762,232.765,46.774,0.58,0,0.815,0,1,0,-0.815,0,0.58],[],1,5,[5.304,28.628,-10.887],[-0.001,-7.057,0.013],[776.048,242.314,49.253,0.43,-0.586,0.687,0,0.761,0.648,-0.903,-0.279,0.327],12.5,"FreeFall",1,[683,384],[[],[]]],[[766.829,233.208,46.581,0.532,0,0.847,0,1,0,-0.847,0,0.532],[],1,5,[3.168,25.358,-11.938],[0.002,-6.981,0.004],[776.336,242.73,48.346,0.357,-0.602,0.714,0,0.764,0.645,-0.934,-0.23,0.273],12.5,"FreeFall",1,[683,384],[[],[]]],[[766.858,233.596,46.374,0.463,0,0.887,0,1,0,-0.887,0,0.463],[],1,5,[0.932,22.088,-12.762],[0.001,-6.916,0],[776.507,243.097,47.491,0.292,-0.614,0.733,0,0.767,0.642,-0.956,-0.188,0.224],12.5,"FreeFall",1,[683,384],[[],["D"]]],[[766.843,234.005,46.123,0.336,0,0.942,0,1,0,-0.942,0,0.336],[],1,5,[-1.791,18.001,-11.554],[0,-0.982,0],[776.602,243.468,46.383,0.205,-0.625,0.753,0,0.77,0.638,-0.979,-0.131,0.158],12.5,"FreeFall",1,[683,384],[[],[]]],[[766.808,234.21,45.985,0.215,0,0.977,0,1,0,-0.977,0,0.215],[],1,5,[-3.384,15.548,-10.743],[0,-0.769,0],[776.594,243.655,45.82,0.162,-0.628,0.761,0,0.771,0.636,-0.987,-0.103,0.125],12.5,"FreeFall",1,[683,384],[[],[]]],[[766.705,234.483,45.781,0.172,0,0.985,0,1,0,-0.985,0,0.172],[],1,5,[-5.93,11.461,-9.196],[0,-0.38,0],[776.521,243.885,45.268,0.126,-0.628,0.768,0,0.774,0.633,-0.992,-0.08,0.098],12.5,"FreeFall",1,[683,384],[[],["Space"]]],[[766.586,234.64,45.641,0.132,0,0.991,0,1,0,-0.991,0,0.132],[],1,5,[-7.91,8.191,-7.87],[0,-0.299,0],[776.42,243.997,44.809,0.094,-0.626,0.774,0,0.777,0.629,-0.996,-0.059,0.073],12.5,"FreeFall",1,[683,384],[[],[]]],[[766.434,234.742,45.525,0.098,0,0.995,0,1,0,-0.995,0,0.098],[],1,5,[-9.831,4.921,-6.459],[0,-0.268,0],[776.265,244.077,44.447,0.069,-0.626,0.777,0,0.779,0.627,-0.998,-0.043,0.053],12.5,"FreeFall",1,[683,384],[[],[]]],[[766.148,234.794,45.396,0.074,0,0.997,0,1,0,-0.997,0,0.074],[],1,5,[-12.604,0.016,-4.203],[0,-0.204,0],[775.966,244.118,44.118,0.048,-0.625,0.779,0,0.78,0.626,-0.999,-0.03,0.038],12.5,"FreeFall",1,[683,384],[[],[]]],[[766.05,234.863,45.364,0.049,0,0.999,0,1,0,-0.999,0,0.049],[["walk",0.1],["climb",0.1]],0,12,[-11.474,9.627,-3.826],[0,-0.069,0],[775.849,244.188,43.947,0.034,-0.626,0.779,0,0.78,0.626,-0.999,-0.021,0.027],12.5,"Climbing",1,[683,384],[[],[]]],[[765.894,235.047,45.308,0.018,-0.006,1,-0.001,1,0.006,-1,-0.001,0.018],[["climb",0.1]],0.802,12,[-6.362,11.362,-2.9],[-0.185,3.924,1.511],[775.673,244.372,43.814,0.026,-0.626,0.779,0,0.78,0.626,-1,-0.016,0.02],12.5,"Climbing",1,[683,384],[[],[]]],[[765.874,235.234,45.298,0.006,-0.007,1,-0.001,1,0.007,-1,-0.001,0.006],[["climb",0.1]],0.947,12,[-0.057,11.204,-0.072],[0.04,0.454,-0.381],[775.645,244.559,43.757,0.022,-0.626,0.78,0,0.78,0.626,-1,-0.013,0.017],12.5,"Climbing",1,[683,384],[[],[]]],[[765.874,235.42,45.298,0.019,-0.001,1,0,1,0.001,-1,0,0.019],[],0.947,12,[-0.032,11.2,-0.005],[0.034,0.053,-0.274],[775.654,244.746,43.758,0.022,-0.626,0.78,0,0.78,0.626,-1,-0.013,0.017],12.5,"Climbing",1,[683,384],[[],[]]],[[765.874,235.56,45.298,0.021,0,1,0,1,0,-1,0,0.021],[],0.947,12,[-0.03,11.2,-0.004],[0.009,0.01,-0.068],[775.654,244.886,43.743,0.02,-0.626,0.78,0,0.78,0.626,-1,-0.012,0.016],12.5,"Climbing",1,[683,384],[[],[]]],[[765.874,235.747,45.298,0.02,0,1,0,1,0,-1,0,0.02],[],0.947,12,[-0.006,11.2,-0.001],[-0.002,0.001,0.023],[775.654,245.073,43.743,0.02,-0.626,0.78,0,0.78,0.626,-1,-0.012,0.016],12.5,"Climbing",1,[683,384],[[],["b2"]]],[[765.873,235.98,45.298,0.02,0,1,0,1,0,-1,0,0.02],[],0.947,12,[0.002,11.2,0],[-0.001,0,0.01],[775.653,245.306,43.743,0.02,-0.626,0.78,0,0.78,0.626,-1,-0.012,0.016],12.5,"Climbing",1,[683,384],[[],[]]],[[765.821,236.334,45.297,0.02,0,1,0,1,0,-1,0,0.02],[["climb",0.1],["idle",0.1],["idle",0.1]],1,8,[-5.058,31.229,-0.101],[0,0,0.001],[775.6,245.66,43.742,0.02,-0.626,0.78,0,0.78,0.626,-1,-0.012,0.016],12.5,"Standing",1,[683,384],[[],[]]],[[765.732,236.829,45.295,0.02,0,1,0,1,0,-1,0,0.02],[["walk",0.1],["walk",0.1]],0.349,8,[-5.375,26.455,-0.107],[0,0,-0.001],[775.515,246.152,43.745,0.021,-0.626,0.78,0,0.78,0.626,-1,-0.013,0.016],12.5,"Running",1,[683,384],[[],[]]],[[765.642,237.23,45.293,0.021,0,1,0,1,0,-1,0,0.021],[],0.349,8,[-5.381,21.198,-0.11],[0,0,0],[775.426,246.553,43.743,0.021,-0.626,0.78,0,0.78,0.626,-1,-0.013,0.016],12.5,"Running",1,[683,384],[[],[]]],[[765.553,237.566,45.291,0.021,0,1,0,1,0,-1,0,0.021],[],0.349,8,[-5.381,17.974,-0.11],[0,0,0],[775.336,246.889,43.742,0.021,-0.626,0.78,0,0.78,0.626,-1,-0.013,0.016],12.5,"Running",1,[683,384],[[],[]]],[[765.463,237.863,45.289,0.021,0,1,0,1,0,-1,0,0.021],[],0.349,8,[-5.381,16.161,-0.11],[0,0,0],[775.247,247.186,43.74,0.021,-0.626,0.78,0,0.78,0.626,-1,-0.013,0.016],12.5,"Running",1,[683,384],[[],[]]],[[765.374,238.007,45.288,0.021,0,1,0,1,0,-1,0,0.021],[],0.349,8,[-5.381,6.006,-0.11],[0,0,0],[775.157,247.33,43.738,0.021,-0.626,0.78,0,0.78,0.626,-1,-0.013,0.016],12.5,"Running",1,[683,384],[[],[]]],[[765.284,238.145,45.286,0.021,0,1,0,1,0,-1,0,0.021],[],0.349,8,[-5.381,8.186,-0.11],[0,0,0],[775.055,247.48,43.721,0.019,-0.627,0.779,0,0.779,0.627,-1,-0.012,0.015],12.5,"Running",1,[683,384],[[],[]]],[[765.194,238.326,45.284,0.019,0,1,0,1,0,-1,0,0.019],[],0.349,8,[-5.381,10.593,-0.11],[0,0,0],[774.966,247.661,43.719,0.019,-0.627,0.779,0,0.779,0.627,-1,-0.012,0.015],12.5,"Running",1,[683,384],[[],[]]],[[765.105,238.537,45.282,0.019,0,1,0,1,0,-1,0,0.019],[["walk",0.1]],0.349,8,[-5.381,12.095,-0.102],[0,0,0],[774.876,247.872,43.717,0.019,-0.627,0.779,0,0.779,0.627,-1,-0.012,0.015],12.5,"Running",1,[683,384],[[],[]]],[[765.015,238.745,45.281,0.019,0,1,0,1,0,-1,0,0.019],[],0.349,8,[-5.381,12.011,-0.102],[0,0,0],[774.787,248.079,43.715,0.019,-0.627,0.779,0,0.779,0.627,-1,-0.012,0.015],12.5,"Running",1,[683,384],[[],["E"]]],[[764.903,239.013,45.278,0.019,0,1,0,1,0,-1,0,0.019],[],0.349,8,[-5.381,13.448,-0.102],[0,0,0],[774.675,248.347,43.713,0.019,-0.627,0.779,0,0.779,0.627,-1,-0.012,0.015],12.5,"Running",1,[683,384],[[],[]]],[[764.814,239.232,45.277,0.019,0,1,0,1,0,-1,0,0.019],[],0.349,8,[-5.381,17.121,-0.102],[0,0,0],[774.585,248.566,43.711,0.019,-0.627,0.779,0,0.779,0.627,-1,-0.012,0.015],12.5,"Running",1,[683,384],[[],[]]],[[764.724,239.397,45.275,0.019,0,1,0,1,0,-1,0,0.019],[],0.349,8,[-5.381,8.712,-0.102],[0,0,0],[774.483,248.744,43.694,0.017,-0.628,0.778,0,0.778,0.628,-1,-0.011,0.014],12.5,"Running",1,[683,384],[[],[]]],[[764.634,239.506,45.273,0.017,0,1,0,1,0,-1,0,0.017],[],0.349,8,[-5.381,5.436,-0.102],[0,0,0],[774.37,248.876,43.662,0.014,-0.63,0.777,0,0.777,0.63,-1,-0.009,0.011],12.5,"Running",1,[683,384],[[],[]]],[[764.545,239.645,45.272,0.014,0,1,0,1,0,-1,0,0.014],[["walk",0.1]],0.349,8,[-5.381,8.428,-0.094],[0,0,0],[774.256,249.038,43.629,0.011,-0.631,0.775,0,0.775,0.631,-1,-0.007,0.009],12.5,"Running",1,[683,384],[[],[]]],[[764.455,239.83,45.27,0.011,0,1,0,1,0,-1,0,0.011],[],0.349,8,[-5.381,10.811,-0.077],[0,0,0],[774.133,249.258,43.597,0.008,-0.634,0.773,0,0.773,0.634,-1,-0.005,0.006],12.5,"Running",1,[683,384],[[],[]]],[[764.366,240.044,45.269,0.008,0,1,0,1,0,-1,0,0.008],[],0.349,8,[-5.381,12.228,-0.06],[0,0,0],[774.006,249.507,43.551,0.003,-0.637,0.771,0,0.771,0.637,-1,-0.002,0.002],12.5,"Running",1,[683,384],[[],[]]],[[764.276,240.274,45.269,0.003,0,1,0,1,0,-1,0,0.003],[],0.349,8,[-5.381,13.018,-0.043],[0,0,0],[773.895,249.761,43.535,0.002,-0.639,0.769,0,0.769,0.639,-1,-0.001,0.001],12.5,"Running",1,[683,384],[[],[]]],[[764.209,240.458,45.268,0.002,0,1,0,1,0,-1,0,0.002],[],0.349,8,[-5.381,14.415,-0.019],[0,0,0],[773.803,249.968,43.504,-0.001,-0.641,0.768,0,0.768,0.641,-1,0.001,-0.001],12.5,"Running",1,[683,384],[[],[]]],[[764.119,240.705,45.268,-0.001,0,1,0,1,0,-1,0,-0.001],[],0.349,8,[-5.381,13.554,-0.009],[0,0,0],[773.7,250.226,43.489,-0.003,-0.642,0.767,0,0.767,0.642,-1,0.002,-0.002],12.5,"Running",1,[683,384],[[],[]]],[[764.03,240.949,45.268,-0.003,0,1,0,1,0,-1,0,-0.003],[],0.349,8,[-5.381,13.64,0.008],[0,0,0],[773.586,250.494,43.459,-0.006,-0.644,0.765,0,0.765,0.644,-1,0.004,-0.005],12.5,"Running",1,[683,384],[[],[]]],[[763.94,241.196,45.269,-0.006,0,1,0,1,0,-1,0,-0.006],[["walk",0.1]],0.349,8,[-5.381,13.774,0.016],[0,0,0],[773.458,250.775,43.415,-0.011,-0.646,0.763,0,0.763,0.646,-1,0.007,-0.008],12.5,"Running",1,[683,384],[[],[]]],[[763.85,241.445,45.269,-0.011,0,1,0,1,0,-1,0,-0.011],[],0.349,8,[-5.381,13.86,0.033],[0,0,0],[773.343,251.047,43.386,-0.014,-0.648,0.761,0,0.761,0.648,-1,0.009,-0.011],12.5,"Running",1,[683,384],[[],[]]],[[763.761,241.694,45.27,-0.014,0,1,0,1,0,-1,0,-0.014],[],0.349,8,[-5.381,13.91,0.058],[0,0,0],[773.225,251.32,43.342,-0.019,-0.65,0.76,0,0.76,0.65,-1,0.012,-0.014],12.5,"Running",1,[683,384],[[],[]]],[[763.671,241.932,45.271,-0.019,0,1,0,1,0,-1,0,-0.019],[],0.349,8,[-5.381,15.504,0.075],[0,0,0],[773.123,251.569,43.329,-0.02,-0.651,0.759,0,0.759,0.651,-1,0.013,-0.015],12.5,"Running",1,[683,384],[[],[]]],[[763.582,242.192,45.273,-0.02,0,1,0,1,0,-1,0,-0.02],[],0.349,8,[-5.381,16.478,0.1],[0,0,0],[772.997,251.875,43.346,-0.019,-0.655,0.756,0,0.756,0.655,-1,0.012,-0.014],12.5,"Running",1,[683,384],[["S"],["W"]]],[[763.632,242.484,45.272,-0.019,0,1,0,1,0,-1,0,-0.019],[],0.349,8,[5.14,12.39,-0.105],[0,0,0],[772.988,252.315,43.728,0.022,-0.666,0.745,0,0.746,0.666,-1,-0.015,0.016],12.5,"Running",1,[683,384],[[],[]]],[[763.698,242.619,45.27,0.022,0,1,0,1,0,-1,0,0.022],[["walk",0.1]],0.349,8,[5.369,9.938,-0.101],[0,0,0],[773.039,252.606,45.066,0.166,-0.67,0.724,0,0.734,0.679,-0.986,-0.113,0.122],12.5,"Running",1,[683,384],[[],[]]],[[763.794,242.75,45.272,0.172,0,0.985,0,1,0,-0.985,0,0.172],[],0.349,8,[5.379,6.668,0.114],[-0.001,-0.511,0.021],[772.826,252.859,47.181,0.389,-0.635,0.668,0,0.725,0.689,-0.921,-0.268,0.282],12.5,"Running",1,[683,384],[[],[]]],[[763.942,242.827,45.285,0.398,0.002,0.917,0,1,-0.002,-0.917,0,0.398],[],0.349,8,[5.364,3.398,0.887],[-0.021,-0.859,0.141],[772.521,253.034,48.44,0.519,-0.596,0.614,0,0.718,0.697,-0.855,-0.361,0.372],12.5,"Running",1,[683,384],[[],[]]],[[764.044,242.743,45.319,0.527,0.001,0.85,0,1,-0.001,-0.85,0,0.527],[],0.349,8,[5.336,-7.185,2.221],[-0.023,-0.578,0.094],[772.793,253.015,47.736,0.447,-0.628,0.637,0,0.712,0.702,-0.895,-0.314,0.319],12.5,"Running",1,[683,384],[["Space"],[]]],[[764.155,243.84,45.366,0.458,-0.001,0.889,0,1,0.001,-0.889,0,0.458],[["walk",0.1],["jump",0.1]],1,3,[5.337,51.518,2.221],[-0.022,-0.577,0.094],[773.095,254.112,46.919,0.358,-0.655,0.665,0,0.712,0.702,-0.934,-0.251,0.255],12.5,"Jumping",1,[683,384],[[],[]]],[[764.235,244.464,45.401,0.301,-0.001,0.953,0,1,0.001,-0.953,0,0.301],[["jump",0.1]],1,5,[6.94,49.066,3.09],[-0.004,6.296,-0.044],[773.207,254.746,44.114,0.052,-0.702,0.711,0,0.712,0.703,-0.999,-0.036,0.037],12.5,"FreeFall",1,[683,384],[[],[]]],[[764.374,245.248,45.46,-0.073,0,0.997,0,1,0,-0.997,0,-0.073],[],1,5,[9.204,45.796,3.833],[-0.009,7.799,-0.043],[773.077,255.573,43.076,-0.072,-0.704,0.706,0,0.708,0.706,-0.997,0.051,-0.051],12.5,"FreeFall",1,[683,384],[[],[]]],[[764.712,245.796,45.486,-0.12,0.058,0.991,-0.028,0.998,-0.062,-0.992,-0.035,-0.118],[],1,5,[16.283,33.281,1.494],[0.629,6.076,0.29],[773.26,256.203,42.546,-0.131,-0.707,0.695,0,0.701,0.713,-0.991,0.094,-0.092],12.5,"FreeFall",1,[683,384],[[],["S"]]],[[765.007,246.439,45.518,-0.165,0.02,0.986,-0.009,1,-0.022,-0.986,-0.012,-0.165],[],1,5,[12.991,29.196,1.45],[1.052,0.398,1.676],[773.368,256.912,42.437,-0.153,-0.709,0.688,0,0.696,0.718,-0.988,0.11,-0.107],12.5,"FreeFall",1,[683,384],[[],[]]],[[765.156,246.783,45.534,-0.155,0.006,0.988,-0.002,1,-0.007,-0.988,-0.003,-0.155],[],1,5,[11.439,26.732,1.149],[0.512,0.075,0.852],[773.441,257.278,42.378,-0.164,-0.71,0.685,0,0.694,0.72,-0.986,0.118,-0.114],12.5,"FreeFall",1,[683,384],[[],[]]],[[765.324,247.195,45.55,-0.164,0,0.986,0,1,0,-0.986,0,-0.164],[],1,5,[9.25,23.461,0.831],[0.102,0.008,0.179],[773.622,257.637,42.312,-0.173,-0.705,0.688,0,0.699,0.715,-0.985,0.124,-0.121],12.5,"FreeFall",1,[683,384],[["W"],[]]],[[765.481,247.632,45.569,-0.172,-0.001,0.985,0,1,0.001,-0.985,0,-0.172],[],1,5,[6.335,19.373,1.014],[-0.017,-0.07,-0.026],[773.811,258.021,42.27,-0.18,-0.7,0.692,0,0.703,0.711,-0.984,0.128,-0.126],12.5,"FreeFall",1,[683,384],[[],[]]],[[765.545,247.854,45.583,-0.179,0,0.984,0,1,0,-0.984,0,-0.179],[],1,5,[4.554,16.921,1.156],[-0.017,-0.054,-0.027],[773.886,258.222,42.254,-0.183,-0.697,0.693,0,0.705,0.709,-0.983,0.13,-0.129],12.5,"FreeFall",1,[683,384],[[],[]]],[[765.596,248.102,45.605,-0.182,0,0.983,0,1,0,-0.983,0,-0.182],[],1,5,[2.174,13.651,1.359],[-0.007,-0.028,-0.011],[773.938,258.47,42.275,-0.183,-0.697,0.693,0,0.705,0.709,-0.983,0.13,-0.129],12.5,"FreeFall",1,[683,384],[[],[]]],[[765.607,248.295,45.629,-0.183,0,0.983,0,1,0,-0.983,0,-0.183],[],1,5,[-0.202,10.381,1.568],[-0.001,-0.003,-0.002],[773.949,258.663,42.3,-0.183,-0.697,0.693,0,0.705,0.709,-0.983,0.13,-0.129],12.5,"FreeFall",1,[683,384],[[],["Space"]]],[[765.579,248.434,45.658,-0.183,0,0.983,0,1,0,-0.983,0,-0.183],[],1,5,[-2.577,7.111,1.775],[0,0,0],[773.921,258.802,42.328,-0.183,-0.697,0.693,0,0.705,0.709,-0.983,0.13,-0.129],12.5,"FreeFall",1,[683,384],[[],[]]],[[765.512,248.519,45.689,-0.183,0,0.983,0,1,0,-0.983,0,-0.183],[],1,5,[-4.952,3.841,1.983],[0,0,0],[773.854,258.887,42.36,-0.183,-0.697,0.693,0,0.705,0.709,-0.983,0.13,-0.129],12.5,"FreeFall",1,[683,384],[[],[]]],[[765.404,248.549,45.725,-0.183,0,0.983,0,1,0,-0.983,0,-0.183],[],1,5,[-7.326,0.571,2.19],[0,0,0],[773.746,258.916,42.395,-0.183,-0.697,0.693,0,0.705,0.709,-0.983,0.13,-0.129],12.5,"FreeFall",1,[683,384],[[],[]]],[[765.258,248.524,45.763,-0.183,0,0.983,0,1,0,-0.983,0,-0.183],[],1,5,[-9.7,-2.699,2.397],[0,0,0],[773.599,258.892,42.433,-0.183,-0.697,0.693,0,0.705,0.709,-0.983,0.13,-0.129],12.5,"FreeFall",1,[683,384],[[],[]]],[[765.071,248.445,45.805,-0.183,0,0.983,0,1,0,-0.983,0,-0.183],[["fall",0.3]],1,5,[-12.075,-5.969,2.604],[0,0,0],[773.413,258.813,42.476,-0.183,-0.697,0.693,0,0.705,0.709,-0.983,0.13,-0.129],12.5,"FreeFall",1,[683,384],[[],[]]],[[764.845,248.312,45.851,-0.183,0,0.983,0,1,0,-0.983,0,-0.183],[],1,5,[-14.449,-9.239,2.811],[0,0,0],[773.187,258.679,42.521,-0.183,-0.697,0.693,0,0.705,0.709,-0.983,0.13,-0.129],12.5,"FreeFall",1,[683,384],[[],[]]],[[764.669,248.384,45.947,-0.103,0.02,0.994,0.031,0.999,-0.017,-0.994,0.029,-0.104],[],1,5,[-0.325,0.691,7.678],[1.882,-6.954,-1.459],[773.041,258.751,42.661,-0.183,-0.697,0.693,0,0.705,0.709,-0.983,0.13,-0.129],12.5,"FreeFall",1,[683,384],[[],[]]],[[764.667,248.545,46.038,-0.146,0.012,0.989,0.018,1,-0.009,-0.989,0.016,-0.147],[["walk",0.1],["fall",0.3],["climb",0.1]],0.058,12,[-0.705,10.994,4.389],[-1.308,-0.798,1.001],[773.042,258.902,42.744,-0.181,-0.697,0.694,0,0.706,0.709,-0.983,0.128,-0.128],12.5,"Climbing",1,[683,384],[[],[]]],[[764.66,248.731,46.088,-0.177,0.001,0.984,0.001,1,-0.001,-0.984,0.001,-0.177],[["climb",0.1]],0.916,12,[-0.206,11.194,2.236],[-0.554,-0.089,0.433],[773.04,259.089,42.824,-0.175,-0.698,0.695,0,0.706,0.709,-0.985,0.124,-0.123],12.5,"Climbing",1,[683,384],[[],[]]],[[764.66,248.918,46.104,-0.174,-0.001,0.985,-0.002,1,0.001,-0.985,-0.002,-0.174],[],0.916,12,[0.02,11.2,0.241],[0.006,-0.01,-0.004],[773.062,259.275,42.901,-0.167,-0.699,0.696,0,0.706,0.709,-0.986,0.118,-0.118],12.5,"Climbing",1,[683,384],[[],[]]],[[764.66,249.105,46.104,-0.167,0,0.986,-0.001,1,0,-0.986,-0.001,-0.167],[],0.916,12,[0,11.2,0.005],[0.066,-0.001,-0.051],[773.114,259.44,42.979,-0.158,-0.698,0.698,0,0.707,0.707,-0.987,0.112,-0.112],12.5,"Climbing",1,[683,384],[[],[]]],[[764.66,249.291,46.104,-0.158,0,0.987,0,1,0,-0.987,0,-0.158],[],0.916,12,[-0.004,11.2,-0.005],[0.017,0,-0.013],[773.144,259.627,43.06,-0.149,-0.699,0.699,0,0.707,0.707,-0.989,0.105,-0.105],12.5,"Climbing",1,[683,384],[[],[]]],[[764.66,249.478,46.104,-0.149,0,0.989,0,1,0,-0.989,0,-0.149],[],0.916,12,[-0.001,11.2,-0.001],[-0.003,0,0.003],[773.181,259.814,43.167,-0.136,-0.7,0.701,0,0.707,0.707,-0.991,0.096,-0.096],12.5,"Climbing",1,[683,384],[[],[]]],[[764.66,249.665,46.104,-0.136,0,0.991,0,1,0,-0.991,0,-0.136],[],0.916,12,[0,11.2,0],[-0.003,0,0.002],[773.213,260,43.261,-0.125,-0.701,0.702,0,0.707,0.707,-0.992,0.089,-0.089],12.5,"Climbing",1,[683,384],[[],[]]],[[764.645,249.784,46.106,-0.125,0,0.992,0,1,0,-0.992,0,-0.125],[["climb",0.1],["idle",0.1],["idle",0.1]],1,8,[-1.77,8.747,0.244],[-0.001,0,0.001],[773.224,260.12,43.343,-0.116,-0.702,0.703,0,0.707,0.707,-0.993,0.082,-0.082],12.5,"Standing",1,[683,384],[[],[]]],[[764.591,249.896,46.113,-0.117,0,0.993,0,1,0,-0.993,0,-0.117],[["walk",0.1],["fall",0.3]],1,5,[-4.135,5.477,0.539],[0,0.067,0],[773.196,260.232,43.431,-0.107,-0.703,0.703,0,0.707,0.707,-0.994,0.075,-0.075],12.5,"FreeFall",1,[683,384],[[],[]]],[[764.497,249.953,46.125,-0.108,0,0.994,0,1,0,-0.994,0,-0.108],[],1,5,[-6.504,2.207,0.804],[0,0.074,0],[773.119,260.289,43.497,-0.1,-0.703,0.704,0,0.707,0.707,-0.995,0.071,-0.071],12.5,"FreeFall",1,[683,384],[[],[]]],[[764.364,249.956,46.141,-0.101,0,0.995,0,1,0,-0.995,0,-0.101],[["fall",0.3]],1,5,[-8.876,-1.063,1.031],[0,0.053,0],[772.998,260.292,43.554,-0.096,-0.704,0.704,0,0.707,0.707,-0.995,0.068,-0.068],12.5,"FreeFall",1,[683,384],[[],[]]],[[764.125,250.408,46.166,-0.096,0,0.995,0,1,0,-0.995,0,-0.096],[["walk",0.1],["fall",0.3],["fall",0.3]],1,7,[-15.71,31.581,1.587],[0,0.006,0],[772.771,260.743,43.619,-0.091,-0.704,0.704,0,0.707,0.707,-0.996,0.064,-0.064],12.5,"FreeFall",1,[683,384],[[],[]]],[[763.86,250.846,46.191,-0.091,0,0.996,0,1,0,-0.996,0,-0.091],[],1,7,[-15.922,22.28,1.531],[0,0.001,0],[772.514,261.182,43.672,-0.088,-0.704,0.705,0,0.707,0.707,-0.996,0.062,-0.062],12.5,"FreeFall",1,[683,384],[[],[]]],[[763.528,251.162,46.222,-0.088,0,0.996,0,1,0,-0.996,0,-0.088],[["walk",0.1],["fall",0.3],["walk",0.1]],1.103,8,[-15.934,11.187,1.455],[0,0,0],[772.194,261.498,43.743,-0.083,-0.704,0.705,0,0.707,0.707,-0.997,0.059,-0.059],12.5,"Running",1,[683,384],[[],[]]],[[763.329,251.267,46.239,-0.083,0,0.997,0,1,0,-0.997,0,-0.083],[],1.103,8,[-15.938,7.171,1.407],[0,0,0],[772.006,261.603,43.802,-0.078,-0.705,0.705,0,0.707,0.707,-0.997,0.055,-0.055],12.5,"Running",1,[683,384],[[],[]]],[[763.063,251.35,46.262,-0.078,0,0.997,0,1,0,-0.997,0,-0.078],[],1.103,8,[-15.945,3.894,1.331],[0,0,0],[771.756,261.686,43.879,-0.072,-0.705,0.706,0,0.707,0.707,-0.997,0.051,-0.051],12.5,"Running",1,[683,384],[[],[]]],[[762.797,251.392,46.283,-0.072,0,0.997,0,1,0,-0.997,0,-0.072],[],1.103,8,[-15.951,2.024,1.256],[0,0,0],[771.512,261.728,43.982,-0.063,-0.705,0.706,0,0.707,0.707,-0.998,0.044,-0.044],12.5,"Running",1,[683,384],[[],[]]],[[762.531,251.411,46.302,-0.063,0,0.998,0,1,0,-0.998,0,-0.063],[["walk",0.1]],1.103,8,[-15.958,0.855,1.156],[0,0,0],[771.36,261.747,45.817,-0.055,-0.706,0.706,0,0.707,0.707,-0.998,0.039,-0.039],12.5,"Running",0,[683,384],[["LeftShift"],[]]],[[762.132,251.416,46.327,-0.063,0,0.998,0,1,0,-0.998,0,-0.063],[],1.103,8,[-15.968,0.02,1.004],[0,0,0],[770.961,261.752,45.842,-0.055,-0.706,0.706,0,0.707,0.707,-0.998,0.039,-0.039],12.5,"Running",0,[683,384],[[],[]]],[[761.999,251.416,46.335,-0.062,0,0.998,0,1,0,-0.998,0,-0.062],[],1.103,8,[-15.975,-0.07,0.896],[0,-0.052,0],[770.828,261.752,45.85,-0.055,-0.706,0.706,0,0.707,0.707,-0.998,0.039,-0.039],12.5,"Running",0,[683,384],[[],[]]],[[761.733,251.414,46.35,-0.061,0,0.998,0,1,0,-0.998,0,-0.061],[],1.103,8,[-15.976,-0.103,0.878],[0,-0.059,0],[770.561,261.75,45.864,-0.055,-0.706,0.706,0,0.707,0.707,-0.998,0.039,-0.039],12.5,"Running",0,[683,384],[["b2"],[]]],[[761.466,251.413,46.364,-0.06,0,0.998,0,1,0,-0.998,0,-0.06],[],1.103,8,[-15.976,-0.06,0.878],[0,-0.052,0],[770.295,261.749,45.879,-0.055,-0.706,0.706,0,0.707,0.707,-0.998,0.039,-0.039],12.5,"Running",0,[683,384],[[],[]]],[[761.2,251.412,46.379,-0.06,0,0.998,0,1,0,-0.998,0,-0.06],[],1.103,8,[-15.976,-0.019,0.878],[0,-0.045,0],[770.029,261.748,45.894,-0.055,-0.706,0.706,0,0.707,0.707,-0.998,0.039,-0.039],12.5,"Running",0,[683,384],[[],[]]],[[760.934,251.412,46.393,-0.059,0,0.998,0,1,0,-0.998,0,-0.059],[],1.103,8,[-15.976,0.001,0.878],[0,-0.039,0],[769.763,261.748,45.908,-0.055,-0.706,0.706,0,0.707,0.707,-0.998,0.039,-0.039],12.5,"Running",0,[683,384],[[],[]]],[[760.668,251.412,46.408,-0.058,0,0.998,0,1,0,-0.998,0,-0.058],[["walk",0.1]],1.103,8,[-15.976,0.006,0.878],[0,-0.033,0],[769.496,261.748,45.923,-0.055,-0.706,0.706,0,0.707,0.707,-0.998,0.039,-0.039],12.5,"Running",0,[683,384],[[],[]]],[[760.402,251.412,46.423,-0.058,0,0.998,0,1,0,-0.998,0,-0.058],[],1.103,8,[-15.976,0.004,0.878],[0,-0.029,0],[769.23,261.748,45.938,-0.055,-0.706,0.706,0,0.707,0.707,-0.998,0.039,-0.039],12.5,"Running",0,[683,384],[[],[]]],[[760.135,251.413,46.437,-0.058,0,0.998,0,1,0,-0.998,0,-0.058],[],1.103,8,[-15.976,0.001,0.878],[0,-0.025,0],[768.965,261.748,45.966,-0.053,-0.706,0.706,0,0.707,0.707,-0.999,0.038,-0.038],12.5,"Running",0,[683,384],[[],[]]],[[759.869,251.413,46.452,-0.057,0,0.998,0,1,0,-0.998,0,-0.057],[],1.103,8,[-15.976,0,0.878],[0,-0.022,0],[768.689,261.759,46.009,-0.05,-0.707,0.706,0,0.706,0.708,-0.999,0.035,-0.035],12.5,"Running",0,[683,384],[[],["LeftShift"]]],[[759.47,251.413,46.473,-0.056,0,0.998,0,1,0,-0.998,0,-0.056],[],1.103,8,[-15.977,0,0.853],[0,-0.031,0],[768.27,261.78,46.073,-0.045,-0.709,0.704,0,0.705,0.709,-0.999,0.032,-0.032],12.5,"Running",0,[683,384],[[],[]]],[[759.337,251.413,46.48,-0.056,0,0.998,0,1,0,-0.998,0,-0.056],[],1.103,8,[-15.979,0,0.81],[0,-0.047,0],[768.096,261.823,46.123,-0.041,-0.712,0.701,0,0.701,0.713,-0.999,0.029,-0.029],12.5,"Running",0,[683,384],[[],[]]],[[759.07,251.413,46.492,-0.055,0,0.999,0,1,0,-0.999,0,-0.055],[["walk",0.1]],1.103,8,[-15.983,0,0.729],[0,-0.084,0],[767.789,261.865,46.192,-0.034,-0.716,0.697,0,0.698,0.716,-0.999,0.025,-0.024],12.5,"Running",0,[683,384],[[],[]]],[[758.804,251.413,46.503,-0.053,0,0.999,0,1,0,-0.999,0,-0.053],[],1.103,8,[-15.987,0,0.653],[0,-0.111,0],[767.459,261.928,46.286,-0.025,-0.721,0.692,0,0.693,0.721,-1,0.018,-0.017],12.5,"Running",0,[683,384],[[],[]]],[[758.404,251.413,46.517,-0.049,0,0.999,0,1,0,-0.999,0,-0.049],[],1.103,8,[-15.99,0,0.552],[0,-0.147,0],[767.027,261.96,46.328,-0.022,-0.724,0.69,0,0.69,0.724,-1,0.016,-0.015],12.5,"Running",0,[683,384],[[],[]]],[[758.137,251.413,46.524,-0.046,0,0.999,0,1,0,-0.999,0,-0.046],[],1.103,8,[-15.995,0,0.404],[0,-0.192,0],[766.718,262.001,46.377,-0.017,-0.727,0.686,0,0.687,0.727,-1,0.013,-0.012],12.5,"Running",0,[683,384],[[],[]]],[[757.871,251.413,46.53,-0.043,0,0.999,0,1,0,-0.999,0,-0.043],[],1.103,8,[-15.996,0,0.352],[0,-0.194,0],[766.408,262.043,46.437,-0.011,-0.73,0.683,0,0.683,0.73,-1,0.008,-0.007],12.5,"Running",0,[683,384],[[],[]]],[[757.604,251.413,46.535,-0.039,0,0.999,0,1,0,-0.999,0,-0.039],[],1.103,8,[-15.998,0,0.277],[0,-0.205,0],[766.075,262.104,46.535,0,-0.735,0.678,0,0.678,0.735,-1,0,0],12.5,"Running",0,[683,384],[[],[]]],[[757.471,251.413,46.536,-0.038,0,0.999,0,1,0,-0.999,0,-0.038],[],1.103,8,[-15.999,0,0.189],[0,-0.225,0],[765.851,262.186,46.695,0.019,-0.742,0.67,0,0.671,0.742,-1,-0.014,0.013],12.5,"Running",0,[683,384],[[],[]]],[[757.071,251.413,46.537,-0.03,0,1,0,1,0,-1,0,-0.03],[["walk",0.1]],1.103,8,[-16,0,-0.001],[0,-0.301,0],[765.354,262.267,46.915,0.046,-0.748,0.663,0,0.663,0.748,-0.999,-0.034,0.03],12.5,"Running",0,[683,384],[[],[]]],[[756.804,251.413,46.532,-0.024,0,1,0,1,0,-1,0,-0.024],[],1.103,8,[-15.997,0,-0.297],[0,-0.39,0],[764.974,262.346,47.24,0.086,-0.752,0.654,0,0.656,0.755,-0.996,-0.065,0.057],12.5,"Running",0,[683,384],[[],[]]],[[756.538,251.413,46.52,-0.015,0,1,0,1,0,-1,0,-0.015],[],1.103,8,[-15.984,0,-0.721],[0,-0.551,0],[764.576,262.406,47.755,0.152,-0.751,0.643,0,0.651,0.759,-0.988,-0.115,0.099],12.5,"Running",0,[683,384],[[],[]]],[[756.272,251.413,46.498,-0.002,0,1,0,1,0,-1,0,-0.002],[],1.103,8,[-15.941,0,-1.369],[0,-0.803,0],[764.085,262.464,48.492,0.247,-0.74,0.625,0,0.645,0.764,-0.969,-0.189,0.159],12.5,"Running",0,[683,384],[["A"],[]]],[[756.044,251.413,46.609,-0.076,0,0.997,0,1,0,-0.997,0,-0.076],[],1.103,8,[-13.101,0,8.749],[0,4.885,0],[763.525,262.503,49.491,0.359,-0.716,0.598,0,0.641,0.767,-0.933,-0.276,0.231],12.5,"Running",0,[683,384],[[],[]]],[[755.816,251.413,46.746,-0.139,0,0.99,0,1,0,-0.99,0,-0.139],[],1.103,8,[-13.747,0,8.177],[0,3.705,0],[762.847,262.542,50.498,0.471,-0.68,0.563,0,0.638,0.77,-0.882,-0.363,0.3],12.5,"Running",0,[683,384],[[],[]]],[[755.573,251.413,46.857,-0.178,0,0.984,0,1,0,-0.984,0,-0.178],[["walk",0.1]],1.103,8,[-14.607,0,6.525],[0,2.265,0],[762.119,262.58,51.321,0.563,-0.639,0.524,0,0.634,0.773,-0.826,-0.436,0.357],12.5,"Running",0,[683,384],[[],[]]],[[755.446,251.413,46.897,-0.187,0,0.982,0,1,0,-0.982,0,-0.187],[],1.103,8,[-15.209,0,4.918],[0,1.151,0],[761.387,262.609,52.087,0.658,-0.584,0.475,0,0.631,0.776,-0.753,-0.51,0.415],12.5,"Running",0,[683,384],[[],[]]],[[755.185,251.413,46.95,-0.189,0,0.982,0,1,0,-0.982,0,-0.189],[],1.103,8,[-15.711,0,3.011],[0,0.018,0],[760.841,262.628,52.414,0.695,-0.559,0.452,0,0.629,0.777,-0.719,