{"Replay":[[[776.028,222.662,47.142,0,0,1,0,1,0,-1,0,0],[],1,8,[0,0,0],[0,0,0],[778.752,237.901,39.152,-0.947,-0.275,0.169,0,0.524,0.852,-0.323,0.806,-0.496],16.125,"Standing",0,[723,309],[[],[]]],[[776.028,222.662,47.142,0,0,1,0,1,0,-1,0,0],[],1,8,[0,0.008,0],[0,0,0],[778.649,238.002,39.293,-0.949,-0.272,0.163,0,0.513,0.858,-0.317,0.814,-0.487],16.125,"Standing",0,[723,309],[[],[]]],[[776.028,222.662,47.142,0,0,1,0,1,0,-1,0,0],[],1,8,[0,0.004,0],[0,0,0],[778.518,238.111,39.445,-0.951,-0.266,0.154,0,0.502,0.865,-0.308,0.823,-0.477],16.125,"Standing",0,[723,309],[[],[]]],[[776.028,222.662,47.142,0,0,1,0,1,0,-1,0,0],[],1,8,[0,0.001,0],[0,0,0],[778.384,238.227,39.616,-0.954,-0.261,0.146,0,0.489,0.872,-0.299,0.832,-0.467],16.125,"Standing",0,[723,309],[[],[]]],[[776.028,222.662,47.142,0,0,1,0,1,0,-1,0,0],[],1,8,[0,0,0],[0,0,0],[778.254,238.34,39.79,-0.957,-0.255,0.138,0,0.476,0.879,-0.29,0.842,-0.456],16.125,"Standing",0,[723,309],[[],[]]],[[776.028,222.662,47.142,0,0,1,0,1,0,-1,0,0],[],1,8,[0,0,0],[0,0,0],[778.138,238.45,39.971,-0.959,-0.25,0.131,0,0.464,0.886,-0.282,0.85,-0.445],16.125,"Standing",0,[723,309],[[],[]]],[[776.028,222.662,47.142,0,0,1,0,1,0,-1,0,0],[],1,8,[0,0,0],[0,0,0],[777.949,238.635,40.297,-0.963,-0.242,0.119,0,0.441,0.898,-0.27,0.864,-0.425],16.125,"Standing",0,[723,309],[[],["E"]]],[[776.028,222.662,47.142,0,0,1,0,1,0,-1,0,0],[],1,8,[0,0,0],[0,0,0],[777.796,238.778,40.565,-0.966,-0.235,0.11,0,0.422,0.906,-0.26,0.875,-0.408],16.125,"Standing",0,[723,309],[[],[]]],[[776.028,222.662,47.142,0,0,1,0,1,0,-1,0,0],[],1,8,[0,0,0],[0,0,0],[777.599,238.915,40.826,-0.97,-0.221,0.097,0,0.404,0.915,-0.241,0.888,-0.392],16.125,"Standing",0,[723,309],[[],[]]],[[776.028,222.662,47.142,0,0,1,0,1,0,-1,0,0],[],1,8,[0,0,0],[0,0,0],[777.39,238.954,40.869,-0.977,-0.195,0.084,0,0.398,0.917,-0.212,0.896,-0.389],16.125,"Standing",0,[723,309],[[],[]]],[[776.028,222.662,47.142,0,0,1,0,1,0,-1,0,0],[],1,8,[0,0,0],[0,0,0],[777.31,238.868,40.652,-0.981,-0.177,0.08,0,0.41,0.912,-0.194,0.895,-0.402],16.125,"Standing",0,[723,309],[[],[]]],[[776.028,222.662,47.142,0,0,1,0,1,0,-1,0,0],[],1,8,[0,0,0],[0,0,0],[777.31,238.868,40.652,-0.981,-0.177,0.08,0,0.41,0.912,-0.194,0.895,-0.402],16.125,"Standing",0,[723,309],[["D"],[]]],[[775.843,222.662,47.105,0.023,0,1,0,1,0,-1,0,0.023],[],1,8,[-14.27,0,-2.819],[0,-1.516,0],[777.125,238.868,40.615,-0.981,-0.177,0.08,0,0.41,0.912,-0.194,0.895,-0.402],16.125,"Standing",0,[723,309],[[],[]]],[[775.583,222.662,47.054,0.047,0,0.999,0,1,0,-0.999,0,0.047],[["walk",0.1]],1.003,8,[-15.669,0,-3.095],[0,-1.376,0],[776.865,238.868,40.564,-0.981,-0.177,0.08,0,0.41,0.912,-0.194,0.895,-0.402],16.125,"Running",0,[723,309],[[],[]]],[[775.453,222.662,47.028,0.057,0,0.998,0,1,0,-0.998,0,0.057],[["walk",0.1]],1.101,8,[-15.693,0,-3.1],[0,-1.218,0],[776.734,238.868,40.538,-0.981,-0.177,0.08,0,0.41,0.912,-0.194,0.895,-0.402],16.125,"Running",0,[723,309],[[],[]]],[[775.06,222.662,46.951,0.084,0,0.996,0,1,0,-0.996,0,0.084],[["walk",0.1]],1.101,8,[-15.697,0,-3.101],[0,-1.106,0],[776.342,238.868,40.461,-0.981,-0.177,0.08,0,0.41,0.912,-0.194,0.895,-0.402],16.125,"Running",0,[723,309],[[],[]]],[[774.799,222.662,46.899,0.099,0,0.995,0,1,0,-0.995,0,0.099],[],1.101,8,[-15.697,0,-3.101],[0,-0.889,0],[776.081,238.868,40.409,-0.981,-0.177,0.08,0,0.41,0.912,-0.194,0.895,-0.402],16.125,"Running",0,[723,309],[[],[]]],[[774.668,222.662,46.873,0.106,0,0.994,0,1,0,-0.994,0,0.106],[],1.101,8,[-15.697,0,-3.101],[0,-0.784,0],[775.95,238.868,40.383,-0.981,-0.177,0.08,0,0.41,0.912,-0.194,0.895,-0.402],16.125,"Running",0,[723,309],[[],[]]],[[774.406,222.662,46.822,0.118,0,0.993,0,1,0,-0.993,0,0.118],[],1.101,8,[-15.697,0,-3.101],[0,-0.713,0],[775.678,238.868,40.329,-0.981,-0.175,0.079,0,0.41,0.912,-0.192,0.895,-0.403],16.125,"Running",0,[723,309],[[],[]]],[[774.014,222.662,46.744,0.133,0,0.991,0,1,0,-0.991,0,0.133],[],1.101,8,[-15.697,0,-3.101],[0,-0.615,0],[775.282,238.9,40.324,-0.981,-0.177,0.079,0,0.406,0.914,-0.194,0.897,-0.398],16.125,"Running",0,[723,309],[[],[]]],[[773.752,222.662,46.693,0.141,0,0.99,0,1,0,-0.99,0,0.141],[],1.101,8,[-15.701,0,-3.076],[0,-0.482,0],[775.006,238.931,40.343,-0.981,-0.177,0.078,0,0.401,0.916,-0.194,0.899,-0.394],16.125,"Running",0,[723,309],[[],[]]],[[773.49,222.662,46.641,0.148,0,0.989,0,1,0,-0.989,0,0.148],[],1.101,8,[-15.697,0,-3.1],[0,-0.427,0],[774.716,239.016,40.486,-0.981,-0.18,0.076,0,0.389,0.921,-0.195,0.903,-0.382],16.125,"Running",0,[723,309],[[],[]]],[[773.229,222.662,46.59,0.155,0,0.988,0,1,0,-0.988,0,0.155],[["walk",0.1]],1.101,8,[-15.697,0,-3.1],[0,-0.369,0],[774.457,239.127,40.711,-0.979,-0.19,0.076,0,0.372,0.928,-0.205,0.908,-0.365],16.125,"Running",0,[723,309],[[],[]]],[[772.967,222.662,46.537,0.16,0,0.987,0,1,0,-0.987,0,0.16],[],1.101,8,[-15.692,0,-3.125],[0,-0.332,0],[774.182,239.268,41.028,-0.977,-0.202,0.075,0,0.35,0.937,-0.215,0.915,-0.342],16.125,"Running",0,[723,309],[[],[]]],[[772.706,222.662,46.483,0.166,0,0.986,0,1,0,-0.986,0,0.166],[],1.101,8,[-15.662,0,-3.27],[0,-0.361,0],[773.874,239.387,41.302,-0.976,-0.208,0.072,0,0.329,0.944,-0.22,0.921,-0.321],16.125,"Running",0,[723,309],[[],[]]],[[772.446,222.662,46.426,0.173,0,0.985,0,1,0,-0.985,0,0.173],[],1.101,8,[-15.625,0,-3.442],[0,-0.4,0],[773.568,239.481,41.518,-0.975,-0.212,0.07,0,0.312,0.95,-0.223,0.926,-0.304],16.125,"Running",0,[723,309],[[],[]]],[[772.186,222.662,46.367,0.179,0,0.984,0,1,0,-0.984,0,0.179],[],1.101,8,[-15.609,0,-3.517],[0,-0.387,0],[773.263,239.547,41.659,-0.975,-0.213,0.067,0,0.3,0.954,-0.223,0.93,-0.292],16.125,"Running",0,[723,309],[[],[]]],[[771.926,222.662,46.308,0.185,0,0.983,0,1,0,-0.983,0,0.185],[],1.101,8,[-15.597,0,-3.566],[0,-0.36,0],[772.961,239.604,41.781,-0.975,-0.214,0.064,0,0.288,0.958,-0.223,0.934,-0.281],16.125,"Running",0,[723,309],[[],[]]],[[771.666,222.662,46.249,0.19,0,0.982,0,1,0,-0.982,0,0.19],[["walk",0.1]],1.101,8,[-15.597,0,-3.567],[0,-0.313,0],[772.638,239.686,41.996,-0.975,-0.215,0.06,0,0.271,0.963,-0.223,0.938,-0.264],16.125,"Running",0,[723,309],[[],[]]],[[771.406,222.662,46.189,0.194,0,0.981,0,1,0,-0.981,0,0.194],[],1.101,8,[-15.597,-0.001,-3.567],[0,-0.27,0],[772.336,239.738,42.119,-0.975,-0.215,0.058,0,0.259,0.966,-0.223,0.942,-0.252],16.125,"Running",0,[723,309],[[],[]]],[[771.146,222.662,46.13,0.198,0,0.98,0,1,0,-0.98,0,0.198],[],1.101,8,[-15.597,-0.001,-3.568],[0,-0.234,0],[772.026,239.796,42.281,-0.975,-0.216,0.055,0,0.245,0.97,-0.223,0.945,-0.239],16.125,"Running",0,[723,309],[[],[]]],[[770.886,222.662,46.07,0.202,0,0.979,0,1,0,-0.979,0,0.202],[],1.101,8,[-15.597,0,-3.568],[0,-0.202,0],[771.698,239.852,42.439,-0.976,-0.212,0.05,0,0.231,0.973,-0.218,0.95,-0.225],16.125,"Running",0,[723,309],[[],[]]],[[770.626,222.662,46.011,0.205,0,0.979,0,1,0,-0.979,0,0.205],[],1.101,8,[-15.597,0,-3.568],[0,-0.175,0],[771.362,239.904,42.596,-0.978,-0.206,0.046,0,0.217,0.976,-0.211,0.954,-0.212],16.125,"Running",0,[723,309],[[],[]]],[[770.365,222.662,45.952,0.207,0,0.978,0,1,0,-0.978,0,0.207],[],1.101,8,[-15.614,0,-3.495],[0,-0.115,0],[771.018,239.954,42.754,-0.98,-0.196,0.04,0,0.202,0.979,-0.2,0.96,-0.198],16.125,"Running",0,[723,309],[[],[]]],[[770.105,222.628,45.894,0.208,0,0.978,0,1,0,-0.978,0,0.208],[["walk",0.1]],1.101,8,[-15.614,-3.27,-3.494],[0,-0.113,0],[770.669,239.961,42.893,-0.983,-0.181,0.035,0,0.189,0.982,-0.185,0.965,-0.186],16.125,"Running",0,[723,309],[[],[]]],[[769.845,222.54,45.836,0.21,0,0.978,0,1,0,-0.978,0,0.21],[],1.101,8,[-15.614,-6.54,-3.494],[0,-0.113,0],[770.329,239.909,43.015,-0.986,-0.166,0.03,0,0.177,0.984,-0.169,0.97,-0.175],16.125,"Running",0,[723,309],[[],[]]],[[769.65,222.437,45.792,0.212,0,0.977,0,1,0,-0.977,0,0.212],[],1.101,8,[-15.614,-8.993,-3.494],[0,-0.113,0],[770.071,239.817,43.024,-0.989,-0.148,0.026,0,0.174,0.985,-0.15,0.974,-0.172],16.125,"Running",0,[723,309],[[],[]]],[[769.324,222.199,45.719,0.214,0,0.977,0,1,0,-0.977,0,0.214],[],1.101,8,[-15.614,-13.08,-3.494],[0,-0.113,0],[769.663,239.579,42.94,-0.993,-0.119,0.021,0,0.174,0.985,-0.121,0.978,-0.172],16.125,"Running",0,[723,309],[["Space"],[]]],[[768.999,223.272,45.647,0.216,0,0.976,0,1,0,-0.976,0,0.216],[["walk",0.1],["jump",0.1]],1,3,[-15.614,49.883,-3.494],[0,-0.113,0],[769.307,240.652,42.864,-0.994,-0.108,0.019,0,0.174,0.985,-0.11,0.979,-0.173],16.125,"Jumping",0,[723,309],[[],[]]],[[768.735,224.07,45.608,0.208,0,0.978,0,1,0,-0.978,0,0.208],[["jump",0.1]],1,5,[-15.873,46.613,-1.989],[0,0.671,0],[768.991,241.45,42.82,-0.996,-0.09,0.016,0,0.174,0.985,-0.091,0.981,-0.173],16.125,"FreeFall",0,[723,309],[[],[]]],[[768.537,224.632,45.585,0.199,0,0.98,0,1,0,-0.98,0,0.199],[],1,5,[-15.901,44.161,-1.772],[0,0.77,0],[768.748,242.012,42.793,-0.997,-0.074,0.013,0,0.174,0.985,-0.076,0.982,-0.173],16.125,"FreeFall",0,[723,309],[[],[]]],[[768.271,225.334,45.56,0.185,0,0.983,0,1,0,-0.983,0,0.185],[],1,5,[-15.933,40.891,-1.466],[0,0.859,0],[768.448,242.714,42.766,-0.998,-0.062,0.011,0,0.174,0.985,-0.063,0.983,-0.173],16.125,"FreeFall",0,[723,309],[[],[]]],[[768.005,225.981,45.54,0.171,0,0.985,0,1,0,-0.985,0,0.171],[],1,5,[-15.954,37.621,-1.215],[0,0.881,0],[768.134,243.361,42.742,-0.999,-0.045,0.008,0,0.174,0.985,-0.046,0.984,-0.173],16.125,"FreeFall",0,[723,309],[[],[]]],[[767.739,226.574,45.522,0.156,0,0.988,0,1,0,-0.988,0,0.156],[],1,5,[-15.968,34.351,-1.013],[0,0.869,0],[767.824,243.954,42.723,-1,-0.03,0.005,0,0.174,0.985,-0.03,0.984,-0.174],16.125,"FreeFall",0,[723,309],[[],[]]],[[767.473,227.113,45.509,0.142,0,0.99,0,1,0,-0.99,0,0.142],[],1,5,[-15.983,31.081,-0.739],[0,0.887,0],[767.518,244.493,42.71,-1,-0.016,0.003,0,0.174,0.985,-0.016,0.985,-0.174],16.125,"FreeFall",0,[723,309],[[],[]]],[[767.206,227.597,45.501,0.127,0,0.992,0,1,0,-0.992,0,0.127],[],1,5,[-15.993,27.811,-0.487],[0,0.896,0],[767.207,244.977,42.701,-1,0,0,0,0.174,0.985,0,0.985,-0.174],16.125,"FreeFall",0,[723,309],[[],[]]],[[766.94,228.026,45.496,0.112,0,0.994,0,1,0,-0.994,0,0.112],[],1,5,[-15.998,24.541,-0.261],[0,0.892,0],[766.905,245.406,42.696,-1,0.012,-0.002,0,0.174,0.985,0.012,0.985,-0.174],16.125,"FreeFall",0,[723,309],[[],[]]],[[766.673,228.401,45.495,0.098,0,0.995,0,1,0,-0.995,0,0.098],[],1,5,[-16,21.271,-0.01],[0,0.897,0],[766.608,245.781,42.696,-1,0.023,-0.004,0,0.174,0.985,0.023,0.985,-0.174],16.125,"FreeFall",0,[723,309],[[],[]]],[[766.406,228.721,45.498,0.083,0,0.997,0,1,0,-0.997,0,0.083],[],1,5,[-15.999,18.001,0.192],[0,0.881,0],[766.324,246.102,42.699,-1,0.029,-0.005,0,0.174,0.985,0.03,0.984,-0.174],16.125,"FreeFall",0,[723,309],[[],[]]],[[766.14,228.987,45.504,0.069,0,0.998,0,1,0,-0.998,0,0.069],[],1,5,[-15.996,14.731,0.369],[0,0.853,0],[766.048,246.367,42.705,-0.999,0.032,-0.006,0,0.174,0.985,0.033,0.984,-0.174],16.125,"FreeFall",0,[723,309],[[],[]]],[[765.873,229.199,45.511,0.055,0,0.998,0,1,0,-0.998,0,0.055],[],1,5,[-15.993,11.461,0.471],[0,0.793,0],[765.773,246.579,42.713,-0.999,0.035,-0.006,0,0.174,0.985,0.036,0.984,-0.174],16.125,"FreeFall",0,[723,309],[[],[]]],[[765.607,229.356,45.52,0.043,0,0.999,0,1,0,-0.999,0,0.043],[],1,5,[-15.991,8.191,0.522],[0,0.713,0],[765.502,246.736,42.722,-0.999,0.037,-0.006,0,0.174,0.985,0.037,0.984,-0.174],16.125,"FreeFall",0,[723,309],[[],[]]],[[765.407,229.438,45.527,0.035,0,0.999,0,1,0,-0.999,0,0.035],[],1,5,[-15.99,5.738,0.57],[0,0.647,0],[765.302,246.818,42.729,-0.999,0.037,-0.006,0,0.174,0.985,0.037,0.984,-0.174],16.125,"FreeFall",0,[723,309],[[],[]]],[[765.14,229.499,45.537,0.025,0,1,0,1,0,-1,0,0.025],[],1,5,[-15.989,2.468,0.598],[0,0.585,0],[765.035,246.879,42.739,-0.999,0.037,-0.006,0,0.174,0.985,0.037,0.984,-0.174],16.125,"FreeFall",0,[723,309],[[],[]]],[[764.807,229.5,45.549,0.014,0,1,0,1,0,-1,0,0.014],[["fall",0.3]],1,5,[-15.989,-1.619,0.598],[0,0.503,0],[764.715,246.88,42.751,-0.999,0.032,-0.006,0,0.174,0.985,0.033,0.984,-0.174],16.125,"FreeFall",0,[723,309],[[],["Space"]]],[[764.474,229.415,45.562,0.005,0,1,0,1,0,-1,0,0.005],[],1,5,[-15.989,-5.707,0.598],[0,0.417,0],[764.421,246.792,42.743,-1,0.018,-0.003,0,0.175,0.985,0.019,0.984,-0.175],16.125,"FreeFall",0,[723,309],[[],[]]],[[764.274,229.323,45.568,0.001,0,1,0,1,0,-1,0,0.001],[],1,5,[-15.991,-8.159,0.527],[0,0.323,0],[764.275,246.693,42.711,-1,0,0,0,0.177,0.984,0,0.984,-0.177],16.125,"FreeFall",0,[723,309],[[],[]]],[[764.007,229.153,45.574,-0.003,0,1,0,1,0,-1,0,-0.003],[],1,5,[-15.997,-11.429,0.301],[0,0.173,0],[764.072,246.512,42.659,-1,-0.022,0.004,0,0.181,0.984,-0.022,0.983,-0.181],16.125,"FreeFall",0,[723,309],[[],[]]],[[763.74,228.928,45.575,-0.003,0,1,0,1,0,-1,0,-0.003],[],1,5,[-16,-14.699,0.001],[0,-0.002,0],[763.884,246.284,42.644,-0.999,-0.048,0.009,0,0.182,0.983,-0.049,0.982,-0.182],16.125,"FreeFall",0,[723,309],[[],[]]],[[763.474,228.649,45.57,-0.001,0,1,0,1,0,-1,0,-0.001],[],1,5,[-15.996,-17.969,-0.35],[0,-0.182,0],[763.703,245.998,42.606,-0.997,-0.076,0.014,0,0.184,0.983,-0.077,0.98,-0.184],16.125,"FreeFall",0,[723,309],[[],[]]],[[763.207,228.316,45.558,0.004,0,1,0,1,0,-1,0,0.004],[["fall",0.3]],1,5,[-15.981,-21.239,-0.775],[0,-0.375,0],[763.521,245.665,42.601,-0.994,-0.104,0.019,0,0.184,0.983,-0.105,0.977,-0.183],16.125,"FreeFall",0,[723,309],[[],[]]],[[762.999,228.412,45.548,-0.037,-0.014,0.999,0.005,1,0.014,-0.999,0.005,-0.037],[["walk",0.1],["fall",0.3],["climb",0.1]],-1.77,12,[-5.578,7.862,-0.092],[1.159,10.421,3.449],[763.363,245.757,42.589,-0.992,-0.127,0.024,0,0.186,0.983,-0.129,0.974,-0.184],16.125,"Climbing",0,[723,309],[[],[]]],[[762.99,228.582,45.541,-0.047,-0.029,0.998,0.002,1,0.029,-0.999,0.003,-0.047],[["climb",0.1],["climb",0]],0.655,12,[0.615,10.967,-0.126],[-0.35,-0.667,-0.674],[763.442,245.905,42.479,-0.987,-0.157,0.031,0,0.193,0.981,-0.16,0.969,-0.19],16.125,"Climbing",0,[723,309],[[],[]]],[[762.992,228.815,45.542,-0.043,-0.004,0.999,-0.001,1,0.004,-0.999,0,-0.043],[["climb",0.1]],0.914,12,[-0.086,11.196,0.022],[-0.047,-0.046,-0.9],[763.564,246.123,42.411,-0.983,-0.178,0.036,0,0.197,0.98,-0.182,0.964,-0.194],16.125,"Climbing",0,[723,309],[[],[]]],[[762.99,228.955,45.542,-0.043,0.001,0.999,0,1,-0.001,-0.999,0,-0.043],[["climb",0]],0.914,12,[-0.09,11.2,0.008],[0.018,-0.009,-0.225],[763.626,246.251,42.363,-0.981,-0.191,0.039,0,0.201,0.98,-0.195,0.961,-0.197],16.125,"Climbing",0,[723,309],[[],[]]],[[762.99,229.142,45.542,-0.043,0.001,0.999,0,1,-0.001,-0.999,0,-0.043],[],0.914,12,[-0.019,11.2,-0.001],[0.015,-0.001,0.075],[763.827,246.41,42.272,-0.969,-0.242,0.052,0,0.209,0.978,-0.247,0.947,-0.203],16.125,"Climbing",0,[723,309],[[],[]]],[[762.99,229.328,45.542,-0.043,0,0.999,0,1,0,-0.999,0,-0.043],[],0.914,12,[0.005,11.2,-0.001],[0.002,0,0.046],[764.011,246.58,42.246,-0.955,-0.289,0.063,0,0.214,0.977,-0.296,0.933,-0.204],16.125,"Climbing",0,[723,309],[[],[]]],[[762.99,229.515,45.542,-0.043,0,0.999,0,1,0,-0.999,0,-0.043],[],0.914,12,[0.004,11.2,0],[-0.001,0,0.003],[764.219,246.758,42.277,-0.936,-0.344,0.076,0,0.216,0.976,-0.352,0.914,-0.202],16.125,"Climbing",0,[723,309],[[],[]]],[[762.966,229.668,45.535,-0.011,0,1,0,1,0,-1,0,-0.011],[["climb",0.1],["idle",0.1],["idle",0.1]],1,8,[-2.271,7.93,-0.705],[0,-2.428,-0.004],[764.434,246.894,42.286,-0.911,-0.402,0.091,0,0.221,0.975,-0.412,0.889,-0.201],16.125,"Standing",0,[723,309],[[],[]]],[[762.905,229.766,45.514,0.035,0,0.999,0,1,0,-0.999,0,0.035],[["walk",0.1],["fall",0.3]],1,5,[-4.493,4.66,-1.568],[0,-2.908,-0.001],[764.629,246.97,42.285,-0.882,-0.459,0.107,0,0.227,0.974,-0.471,0.859,-0.2],16.125,"FreeFall",0,[723,309],[[],[]]],[[762.808,229.809,45.477,0.086,0,0.996,0,1,0,-0.996,0,0.086],[],1,5,[-6.627,1.39,-2.63],[0,-3.088,0],[764.741,246.991,42.257,-0.857,-0.501,0.12,0,0.233,0.973,-0.515,0.834,-0.2],16.125,"FreeFall",0,[723,309],[[],[]]],[[762.639,229.787,45.401,0.152,0,0.988,0,1,0,-0.988,0,0.152],[],1,5,[-9.119,-2.698,-4.263],[0,-3.223,0],[764.708,246.951,42.178,-0.842,-0.525,0.128,0,0.238,0.971,-0.54,0.818,-0.2],16.125,"FreeFall",0,[723,309],[[],[]]],[[762.482,229.975,45.311,0.191,0,0.982,0,1,0,-0.982,0,0.191],[["walk",0.1],["fall",0.3],["fall",0.3]],1,7,[-13.4,18.86,-7.961],[0,-3.127,0],[763.144,247.129,41.117,-0.836,-0.533,0.132,0,0.24,0.971,-0.549,0.811,-0.2],16.125,"FreeFall",1,[723,309],[["LeftShift"],[]]],[[762.257,230.268,45.168,-0.856,0,0.517,0,1,0,-0.517,0,-0.856],[["fall",0.3]],1,7,[-13.464,15.47,-8.628],[0,3.815,0],[762.92,247.422,40.975,-0.836,-0.533,0.132,0,0.24,0.971,-0.549,0.811,-0.2],16.125,"FreeFall",1,[683,384],[[],[]]],[[762.034,230.459,45.022,-0.846,0,0.533,0,1,0,-0.533,0,-0.846],[],1,7,[-13.372,9.246,-8.786],[0,0.441,0],[762.59,247.585,40.708,-0.857,-0.5,0.127,0,0.247,0.969,-0.516,0.83,-0.212],16.125,"FreeFall",1,[683,384],[["Space"],[]]],[[761.756,230.586,44.839,-0.857,0,0.515,0,1,0,-0.515,0,-0.857],[["walk",0.1],["fall",0.3],["walk",0.1]],1.103,8,[-13.37,4.842,-8.789],[0,0.007,0],[762.312,247.711,40.525,-0.857,-0.5,0.127,0,0.247,0.969,-0.516,0.83,-0.212],16.125,"Running",1,[683,384],[[],[]]],[[761.589,231.247,44.729,-0.857,0,0.516,0,1,0,-0.516,0,-0.857],[["walk",0.1],["jump",0.1]],1,3,[-13.37,52.336,-8.789],[0,0.007,0],[762.145,248.372,40.416,-0.857,-0.5,0.127,0,0.247,0.969,-0.516,0.83,-0.212],16.125,"Jumping",1,[683,384],[[],["D"]]],[[761.386,232.085,44.597,-0.857,0,0.516,0,1,0,-0.516,0,-0.857],[["jump",0.1]],1,5,[-11.378,49.066,-7.48],[0,0.001,0],[761.943,249.21,40.283,-0.857,-0.5,0.127,0,0.247,0.969,-0.516,0.83,-0.212],16.125,"FreeFall",1,[683,384],[[],[]]],[[761.217,232.869,44.485,-0.857,0,0.516,0,1,0,-0.516,0,-0.857],[],1,5,[-9.387,45.796,-6.171],[0,0,0],[761.774,249.994,40.172,-0.857,-0.5,0.127,0,0.247,0.969,-0.516,0.83,-0.212],16.125,"FreeFall",1,[683,384],[[],["b2"]]],[[761.082,233.598,44.396,-0.857,0,0.516,0,1,0,-0.516,0,-0.857],[],1,5,[-7.395,42.526,-4.862],[0,0,0],[761.638,250.723,40.082,-0.857,-0.5,0.127,0,0.247,0.969,-0.516,0.83,-0.212],16.125,"FreeFall",1,[683,384],[[],[]]],[[761.002,234.109,44.344,-0.857,0,0.516,0,1,0,-0.516,0,-0.857],[],1,5,[-5.901,40.073,-3.88],[0,0,0],[761.558,251.235,40.03,-0.857,-0.5,0.127,0,0.247,0.969,-0.516,0.83,-0.212],16.125,"FreeFall",1,[683,384],[[],[]]],[[760.924,234.743,44.293,-0.857,0,0.516,0,1,0,-0.516,0,-0.857],[],1,5,[-3.91,36.803,-2.57],[0,0,0],[761.48,251.868,39.979,-0.857,-0.5,0.127,0,0.247,0.969,-0.516,0.83,-0.212],16.125,"FreeFall",1,[683,384],[[],[]]],[[760.874,235.458,44.26,-0.857,0,0.516,0,1,0,-0.516,0,-0.857],[],1,5,[-1.421,32.716,-0.934],[0,0,0],[761.412,252.579,39.926,-0.86,-0.495,0.127,0,0.248,0.969,-0.511,0.833,-0.213],16.125,"FreeFall",1,[683,384],[[],["LeftShift"]]],[[760.867,236.089,44.255,-0.86,0,0.511,0,1,0,-0.511,0,-0.86],[],1,5,[-0.022,28.628,-0.015],[0,0,0],[761.392,253.21,39.92,-0.861,-0.492,0.126,0,0.248,0.969,-0.508,0.834,-0.214],16.125,"FreeFall",1,[683,384],[[],[]]],[[760.867,236.426,44.255,-0.861,0,0.508,0,1,0,-0.508,0,-0.861],[],1,5,[-0.001,26.176,-0.001],[0,0,0],[761.378,253.547,39.918,-0.863,-0.489,0.125,0,0.248,0.969,-0.505,0.836,-0.214],16.125,"FreeFall",1,[683,384],[[],[]]],[[760.867,236.829,44.255,-0.863,0,0.505,0,1,0,-0.505,0,-0.863],[],1,5,[0,22.906,0],[0,0,0],[761.378,253.949,39.918,-0.863,-0.489,0.125,0,0.248,0.969,-0.505,0.836,-0.214],16.125,"FreeFall",1,[683,384],[[],[]]],[[760.867,237.176,44.255,-0.863,0,0.505,0,1,0,-0.505,0,-0.863],[],1,5,[0,19.636,0],[0,0,0],[761.393,254.307,39.955,-0.859,-0.496,0.126,0,0.246,0.969,-0.512,0.833,-0.211],16.125,"FreeFall",1,[683,384],[[],[]]],[[760.867,237.469,44.255,-0.859,0,0.512,0,1,0,-0.512,0,-0.859],[],1,5,[0,16.366,0],[0,0,0],[761.39,254.605,39.972,-0.858,-0.498,0.126,0,0.245,0.97,-0.513,0.832,-0.21],16.125,"FreeFall",1,[683,384],[[],[]]],[[760.867,237.708,44.255,-0.858,0,0.513,0,1,0,-0.513,0,-0.858],[],1,5,[0,13.096,0],[0,0,0],[761.37,254.843,39.97,-0.861,-0.494,0.125,0,0.245,0.97,-0.509,0.834,-0.21],16.125,"FreeFall",1,[683,384],[[],[]]],[[760.867,237.892,44.255,-0.861,0,0.509,0,1,0,-0.509,0,-0.861],[],1,5,[0,9.826,0],[0,0,0],[761.196,255.051,40.039,-0.875,-0.469,0.115,0,0.239,0.971,-0.483,0.85,-0.209],16.125,"FreeFall",1,[683,384],[["W"],["Space"]]],[[760.854,238.022,44.277,-0.874,0,0.486,0,1,0,-0.486,0,-0.874],[],1,5,[-1.214,6.556,2.051],[0,-0.211,0],[761.104,255.195,40.107,-0.881,-0.459,0.111,0,0.235,0.972,-0.472,0.857,-0.207],16.125,"FreeFall",1,[683,384],[[],[]]],[[760.822,238.097,44.333,-0.88,0,0.474,0,1,0,-0.474,0,-0.88],[],1,5,[-2.355,3.286,4.143],[0,-0.113,0],[760.858,255.297,40.259,-0.899,-0.426,0.1,0,0.228,0.974,-0.437,0.876,-0.205],16.125,"FreeFall",1,[683,384],[[],[]]],[[760.771,238.118,44.424,-0.897,0,0.441,0,1,0,-0.441,0,-0.897],[["fall",0.3]],1,5,[-3.459,0.016,6.256],[0,-0.291,0],[760.713,255.331,40.402,-0.907,-0.411,0.095,0,0.225,0.974,-0.422,0.884,-0.204],16.125,"FreeFall",1,[683,384],[[],[]]],[[760.704,238.084,44.551,-0.905,0,0.425,0,1,0,-0.425,0,-0.905],[],1,5,[-4.41,-3.254,8.441],[0,-0.156,0],[760.599,255.301,40.547,-0.911,-0.403,0.092,0,0.223,0.975,-0.413,0.888,-0.203],16.125,"FreeFall",1,[683,384],[[],[]]],[[760.643,238.023,44.67,-0.91,0,0.414,0,1,0,-0.414,0,-0.91],[],1,5,[-5.053,-5.707,10.109],[0,-0.091,0],[760.5,255.245,40.684,-0.914,-0.396,0.09,0,0.222,0.975,-0.406,0.891,-0.203],16.125,"FreeFall",1,[683,384],[[],[]]],[[760.526,237.853,44.916,-0.913,0,0.407,0,1,0,-0.407,0,-0.913],[],1,5,[-6.036,-9.794,12.921],[0,-0.065,0],[760.349,255.079,40.948,-0.916,-0.39,0.089,0,0.221,0.975,-0.4,0.894,-0.203],16.125,"FreeFall",1,[683,384],[[],[]]],[[760.42,237.656,45.151,-0.916,0,0.401,0,1,0,-0.401,0,-0.916],[],1,5,[-6.477,-13.064,14.544],[0,-0.052,0],[760.225,254.882,41.185,-0.918,-0.386,0.088,0,0.221,0.975,-0.396,0.896,-0.203],16.125,"FreeFall",1,[683,384],[[],[]]],[[760.313,237.404,45.395,-0.918,0,0.397,0,1,0,-0.397,0,-0.918],[],1,5,[-6.407,-16.334,14.659],[0,-0.039,0],[760.104,254.634,41.447,-0.919,-0.385,0.087,0,0.22,0.976,-0.395,0.896,-0.202],16.125,"FreeFall",1,[683,384],[[],[]]],[[760.216,237.523,45.617,-0.919,0,0.395,0,1,0,-0.395,0,-0.919],[["walk",0.1],["fall",0.3],["climb",0.1]],-1.361,12,[-5.453,10.656,12.475],[0,-0.005,0],[760.007,254.753,41.668,-0.919,-0.385,0.087,0,0.22,0.976,-0.395,0.896,-0.202],16.125,"Climbing",1,[683,384],[[],[]]],[[760.163,237.637,45.74,-0.92,0,0.391,0,1,0,-0.391,0,-0.92],[["walk",0.1],["climb",0.1],["walk",0.1],["walk",0.1]],0.939,8,[3.06,0.357,-7.015],[0.043,0.959,-0.108],[759.946,254.876,41.826,-0.918,-0.387,0.086,0,0.218,0.976,-0.396,0.896,-0.2],16.125,"Running",1,[683,384],[[],[]]],[[760.204,237.609,45.646,-0.92,0.001,0.391,0.001,1,0,-0.391,0,-0.92],[["walk",0.1],["fall",0.3]],1,5,[2.084,-2.913,-4.839],[-0.005,0.122,0.019],[760.145,254.84,41.692,-0.903,-0.418,0.094,0,0.22,0.976,-0.429,0.881,-0.199],16.125,"FreeFall",1,[683,384],[[],[]]],[[760.228,237.527,45.588,-0.905,0,0.425,0,1,0,-0.425,0,-0.905],[],1,5,[1.139,-6.183,-2.651],[-0.008,0.27,0.021],[760.975,254.69,41.443,-0.822,-0.554,0.135,0,0.238,0.971,-0.57,0.798,-0.195],16.125,"FreeFall",1,[683,384],[[],[]]],[[760.237,237.39,45.566,-0.831,0,0.557,0,1,0,-0.557,0,-0.831],[],1,5,[0.132,-9.453,-0.492],[-0.005,1.186,0.007],[763.559,254.44,42.37,-0.368,-0.897,0.246,0,0.264,0.964,-0.93,0.355,-0.097],16.125,"FreeFall",1,[683,384],[[],[]]],[[760.26,237.198,45.564,-0.424,0,0.906,0,1,0,-0.906,0,-0.424],[],1,5,[-1.205,-12.723,1.481],[0,4.291,0.003],[764.898,254.174,44.133,0.069,-0.957,0.28,0,0.281,0.96,-0.998,-0.067,0.02],16.125,"FreeFall",1,[683,384],[[],[]]],[[760.51,237.366,45.611,0.008,0.002,1,0.003,1,-0.002,-1,0.003,0.008],[["walk",0.1],["fall",0.3],["fall",0.3]],1,7,[-1.348,14.385,3.329],[0.359,2.469,0.002],[765.454,254.315,45.497,0.332,-0.904,0.27,0,0.287,0.958,-0.943,-0.318,0.095],16.125,"FreeFall",1,[683,384],[["Space"],[]]],[[760.764,237.58,45.627,0.275,0.003,0.962,0.007,1,-0.005,-0.962,0.009,0.275],[["fall",0.3]],1,7,[-2.743,11.221,0.024],[0.252,3.385,0.019],[765.797,254.5,45.545,0.33,-0.903,0.276,0,0.292,0.956,-0.944,-0.316,0.097],16.125,"FreeFall",1,[683,384],[[],[]]],[[760.788,237.731,45.626,0.309,0.002,0.951,0.003,1,-0.003,-0.951,0.004,0.309],[["walk",0.1],["fall",0.3],["walk",0.1]],0.189,8,[-0.193,7.812,-0.034],[-0.381,0.49,0.099],[765.819,254.593,44.29,0.082,-0.949,0.303,0,0.304,0.953,-0.997,-0.078,0.025],16.125,"Running",1,[683,384],[[],[]]],[[760.784,238.838,45.625,0.072,0.001,0.997,-0.004,1,0,-0.997,-0.004,0.072],[["walk",0.1],["jump",0.1]],1,3,[-0.193,53.153,-0.034],[-0.381,0.49,0.096],[765.264,255.64,42.639,-0.253,-0.918,0.305,0,0.315,0.949,-0.967,0.24,-0.08],16.125,"Jumping",1,[683,384],[[],[]]],[[760.767,239.482,45.625,-0.235,-0.001,0.972,-0.004,1,0,-0.972,-0.004,-0.235],[["jump",0.1]],1,5,[-1.942,50.701,-0.053],[0.115,-2.068,-0.007],[764.118,256.284,41.412,-0.537,-0.801,0.266,0,0.315,0.949,-0.844,0.509,-0.169],16.125,"FreeFall",1,[683,384],[[],["W"]]],[[760.757,240.293,45.625,-0.528,-0.001,0.849,-0.002,1,0,-0.849,-0.001,-0.528],[],1,5,[-0.086,47.431,0.03],[0.123,-0.239,-0.073],[763.038,257.161,40.966,-0.697,-0.684,0.217,0,0.303,0.953,-0.717,0.664,-0.211],16.125,"FreeFall",1,[683,384],[[],[]]],[[760.757,241.05,45.625,-0.696,0,0.718,0,1,0,-0.718,0,-0.696],[],1,5,[0.01,44.161,0.01],[0.037,-0.028,-0.042],[762.361,258.026,41.044,-0.761,-0.622,0.182,0,0.281,0.96,-0.649,0.731,-0.214],16.125,"FreeFall",1,[683,384],[[],[]]],[[760.758,241.751,45.625,-0.761,0,0.649,0,1,0,-0.649,0,-0.761],[],1,5,[0.003,40.891,0],[0.002,-0.003,-0.012],[762.058,258.797,41.185,-0.782,-0.601,0.166,0,0.266,0.964,-0.623,0.754,-0.208],16.125,"FreeFall",1,[683,384],[[],[]]],[[760.758,242.399,45.625,-0.782,0,0.623,0,1,0,-0.623,0,-0.782],[],1,5,[0,37.621,-0.001],[-0.003,0,-0.001],[761.937,259.47,41.241,-0.791,-0.591,0.159,0,0.26,0.966,-0.612,0.764,-0.205],16.125,"FreeFall",1,[683,384],[[],[]]],[[760.758,242.992,45.625,-0.791,0,0.612,0,1,0,-0.612,0,-0.791],[],1,5,[0,34.351,-0.001],[-0.002,0,0.001],[761.854,260.063,41.219,-0.802,-0.576,0.155,0,0.26,0.966,-0.597,0.775,-0.208],16.125,"FreeFall",1,[683,384],[[],[]]],[[760.758,243.53,45.625,-0.802,0,0.597,0,1,0,-0.597,0,-0.802],[],1,5,[0,31.081,0],[0,0,0.001],[761.733,260.596,41.173,-0.82,-0.553,0.149,0,0.261,0.965,-0.573,0.791,-0.214],16.125,"FreeFall",1,[683,384],[[],[]]],[[760.758,244.014,45.625,-0.82,0,0.573,0,1,0,-0.573,0,-0.82],[],1,5,[0,27.811,0],[0,0,0],[761.663,261.08,41.158,-0.829,-0.54,0.146,0,0.261,0.965,-0.56,0.8,-0.216],16.125,"FreeFall",1,[683,384],[[],[]]],[[760.758,244.444,45.625,-0.829,0,0.56,0,1,0,-0.56,0,-0.829],[],1,5,[0,24.541,0],[0,0,0],[761.597,261.515,41.163,-0.836,-0.53,0.143,0,0.26,0.966,-0.549,0.807,-0.217],16.125,"FreeFall",1,[683,384],[["D"],[]]],[[760.737,244.819,45.611,-0.782,0,0.624,0,1,0,-0.624,0,-0.782],[],1,5,[-1.975,21.271,-1.334],[0,-7.071,0],[761.493,261.9,41.17,-0.843,-0.519,0.138,0,0.257,0.966,-0.537,0.815,-0.217],16.125,"FreeFall",1,[683,384],[[],["Space"]]],[[760.683,245.139,45.576,-0.767,0,0.641,0,1,0,-0.641,0,-0.767],[],1,5,[-3.969,18.001,-2.639],[0,-7.889,0],[761.349,262.23,41.155,-0.852,-0.507,0.134,0,0.255,0.967,-0.524,0.823,-0.217],16.125,"FreeFall",1,[683,384],[[],[]]],[[760.596,245.405,45.518,-0.775,0,0.632,0,1,0,-0.632,0,-0.775],[],1,5,[-5.99,14.731,-3.904],[0,-7.984,0],[761.167,262.506,41.119,-0.861,-0.493,0.129,0,0.253,0.968,-0.509,0.833,-0.218],16.125,"FreeFall",1,[683,384],[[],[]]],[[760.475,245.617,45.441,-0.785,0,0.619,0,1,0,-0.619,0,-0.785],[],1,5,[-8.045,11.461,-5.11],[0,-7.994,0],[760.909,262.728,41.061,-0.874,-0.471,0.122,0,0.25,0.968,-0.486,0.846,-0.219],16.125,"FreeFall",1,[683,384],[["W"],[]]],[[760.362,245.804,45.369,-0.853,0,0.522,0,1,0,-0.522,0,-0.853],[["walk",0.1],["climb",0.1]],0.955,12,[-6.033,11.205,-3.832],[0,-0.924,0],[760.627,262.925,41.01,-0.89,-0.441,0.113,0,0.248,0.969,-0.456,0.862,-0.221],16.125,"Climbing",1,[683,384],[[],[]]],[[760.282,245.991,45.318,-0.888,0,0.46,0,1,0,-0.46,0,-0.888],[],0.955,12,[-4.021,11.2,-2.554],[0,-0.107,0],[760.376,263.111,40.952,-0.907,-0.407,0.104,0,0.248,0.969,-0.42,0.879,-0.225],16.125,"Climbing",1,[683,384],[[],[]]],[[760.236,246.177,45.289,-0.907,0,0.421,0,1,0,-0.421,0,-0.907],[],0.955,12,[-2.01,11.2,-1.276],[0,-0.012,0],[760.173,263.298,40.923,-0.922,-0.375,0.096,0,0.248,0.969,-0.387,0.893,-0.229],16.125,"Climbing",1,[683,384],[[],[]]],[[760.223,246.364,45.281,-0.922,0,0.387,0,1,0,-0.387,0,-0.922],[],0.955,12,[-0.188,11.2,-0.119],[0,-0.001,0],[760.036,263.485,40.918,-0.932,-0.35,0.09,0,0.248,0.969,-0.361,0.903,-0.231],16.125,"Climbing",1,[683,384],[[],[]]],[[760.222,246.551,45.28,-0.932,0,0.361,0,1,0,-0.361,0,-0.932],[],0.955,12,[-0.004,11.2,-0.002],[0,0,0],[759.919,263.671,40.924,-0.942,-0.326,0.083,0,0.248,0.969,-0.336,0.912,-0.234],16.125,"Climbing",1,[683,384],[[],[]]],[[760.222,246.737,45.28,-0.942,0,0.336,0,1,0,-0.336,0,-0.942],[],0.955,12,[0,11.2,0],[0,0,0],[759.731,263.872,40.993,-0.954,-0.29,0.073,0,0.245,0.97,-0.299,0.925,-0.233],16.125,"Climbing",1,[683,384],[[],[]]],[[760.222,246.924,45.28,-0.954,0,0.299,0,1,0,-0.299,0,-0.954],[],0.955,12,[0,11.2,0],[0,0,0],[759.621,264.073,41.06,-0.961,-0.27,0.067,0,0.241,0.971,-0.278,0.932,-0.232],16.125,"Climbing",1,[683,384],[[],["D"]]],[[760.215,247.076,45.304,-0.961,0,0.278,0,1,0,-0.278,0,-0.961],[["climb",0.1],["idle",0.1],["idle",0.1]],1,8,[-0.712,7.93,2.274],[0,0,0],[759.511,264.235,41.134,-0.966,-0.249,0.061,0,0.239,0.971,-0.257,0.939,-0.231],16.125,"Standing",1,[683,384],[[],[]]],[[760.196,247.175,45.366,-0.966,0,0.259,0,1,0,-0.259,0,-0.966],[["walk",0.1],["fall",0.3]],1,5,[-1.366,4.66,4.566],[0,-0.156,0],[759.399,264.343,41.248,-0.972,-0.23,0.056,0,0.236,0.972,-0.237,0.944,-0.23],16.125,"FreeFall",1,[683,384],[[],[]]],[[760.167,247.218,45.466,-0.971,0,0.239,0,1,0,-0.239,0,-0.971],[],1,5,[-1.947,1.39,6.878],[0,-0.162,0],[759.269,264.391,41.387,-0.977,-0.208,0.05,0,0.235,0.972,-0.214,0.949,-0.23],16.125,"FreeFall",1,[683,384],[[],[]]],[[760.13,247.207,45.605,-0.976,0,0.217,0,1,0,-0.217,0,-0.976],[["fall",0.3]],1,5,[-2.443,-1.88,9.209],[0,-0.185,0],[759.113,264.384,41.571,-0.983,-0.181,0.044,0,0.234,0.972,-0.186,0.955,-0.23],16.125,"FreeFall",1,[683,384],[[],[]]],[[760.085,247.142,45.783,-0.982,0,0.19,0,1,0,-0.19,0,-0.982],[],1,5,[-2.803,-5.15,11.565],[0,-0.221,0],[758.943,264.328,41.819,-0.988,-0.153,0.036,0,0.232,0.973,-0.157,0.961,-0.229],16.125,"FreeFall",1,[683,384],[[],[]]],[[760.093,247.144,45.73,-0.988,0,0.155,0,1,0,-0.155,0,-0.988],[["walk",0.1],["fall",0.3],["fall",0.3]],1,7,[-0.044,0,-0.004],[0,0.105,0],[758.81,264.34,41.845,-0.992,-0.119,0.028,0,0.229,0.973,-0.123,0.966,-0.228],16.125,"FreeFall",1,[683,384],[[],[]]],[[760.096,247.118,45.696,-0.993,0,0.122,0,1,0,-0.122,0,-0.993],[],1,7,[-0.097,-2.556,-0.011],[-0.002,0.009,0.014],[758.705,264.326,41.904,-0.995,-0.094,0.022,0,0.226,0.974,-0.096,0.97,-0.225],16.125,"FreeFall",1,[683,384],[[],[]]],[[760.097,247.041,45.687,-0.995,0,0.096,0,1,0,-0.096,0,-0.995],[["fall",0.3],["walk",0.1]],0.007,8,[-0.001,-5.825,-0.001],[0,0.001,0.009],[758.648,264.258,41.953,-0.997,-0.08,0.018,0,0.223,0.975,-0.082,0.971,-0.223],16.125,"Running",1,[683,384],[[],[]]],[[760.097,246.91,45.678,-0.997,0,0.082,0,1,0,-0.082,0,-0.997],[],0.007,8,[0.001,-9.095,0],[0,0,0.001],[758.649,264.127,41.944,-0.997,-0.08,0.018,0,0.223,0.975,-0.082,0.971,-0.223],16.125,"Running",1,[683,384],[[],[]]],[[760.098,246.724,45.669,-0.997,0,0.082,0,1,-0.001,-0.082,-0.001,-0.997],[["walk",0.1]],0.007,8,[0.001,-12.36,-0.01],[0.005,0,-0.001],[758.65,263.942,41.934,-0.997,-0.08,0.018,0,0.223,0.975,-0.082,0.971,-0.223],16.125,"Running",1,[683,384],[[],["W"]]],[[760.099,246.694,45.662,-0.997,0,0.082,0,1,-0.001,-0.082,-0.001,-0.997],[["idle",0.1],["climb",0.1]],-1.03,12,[0.002,-0.237,-0.023],[0.012,-0.001,0.001],[758.65,263.911,41.926,-0.997,-0.08,0.018,0,0.223,0.975,-0.082,0.971,-0.223],16.125,"Climbing",1,[683,384],[[],[]]],[[760.099,246.694,45.662,-0.997,0,0.082,0,1,0,-0.082,0,-0.997],[["climb",0.1],["climb",0]],0,12,[0,-0.005,-0.001],[0.04,0,0.003],[758.637,263.915,41.951,-0.997,-0.077,0.018,0,0.222,0.975,-0.079,0.972,-0.222],16.125,"Climbing",1,[683,384],[[],[]]],[[760.099,246.694,45.662,-0.997,0,0.079,0,1,0,-0.079,0,-0.997],[],0,12,[0,0,-0.003],[0.009,0,0.001],[758.635,263.92,41.97,-0.997,-0.077,0.017,0,0.221,0.975,-0.079,0.972,-0.22],16.125,"Climbing",1,[683,384],[[],[]]],[[760.099,246.694,45.662,-0.997,0,0.079,0,1,0,-0.079,0,-0.997],[],0,12,[0,0,-0.001],[-0.002,0,0],[758.634,263.924,41.989,-0.997,-0.077,0.017,0,0.22,0.976,-0.079,0.972,-0.219],16.125,"Climbing",1,[683,384],[[],[]]],[[760.099,246.694,45.662,-0.997,0,0.079,0,1,0,-0.079,0,-0.997],[["climb",0]],0,12,[0,0,0],[-0.002,0,0],[758.732,263.932,41.986,-0.994,-0.104,0.023,0,0.218,0.976,-0.106,0.97,-0.216],16.125,"Climbing",1,[683,384],[[],[]]],[[760.099,246.853,45.662,-0.994,0,0.106,0,1,0,-0.106,0,-0.994],[],0,12,[0,10.978,0],[0,0,0],[758.848,264.092,41.945,-0.991,-0.134,0.03,0,0.218,0.976,-0.137,0.967,-0.216],16.125,"Climbing",1,[683,384],[[],[]]],[[760.096,247.002,45.687,-0.991,0,0.137,0,1,0,-0.137,0,-0.991],[["climb",0.1],["idle",0.1],["idle",0.1]],1,8,[-0.253,7.708,2.37],[0,0,0],[758.992,264.24,41.923,-0.984,-0.172,0.038,0,0.218,0.976,-0.176,0.961,-0.214],16.125,"Standing",1,[683,384],[[],[]]],[[760.09,247.097,45.751,-0.985,0,0.173,0,1,0,-0.173,0,-0.985],[["walk",0.1],["fall",0.3]],1,5,[-0.502,4.438,4.748],[0,0.278,0],[759.158,264.335,41.941,-0.975,-0.216,0.048,0,0.218,0.976,-0.221,0.952,-0.212],16.125,"FreeFall",1,[683,384],[[],[]]],[[760.077,247.136,45.855,-0.977,0,0.215,0,1,0,-0.215,0,-0.977],[],1,5,[-0.949,1.168,7.09],[0,0.354,0],[759.32,264.375,42.006,-0.964,-0.259,0.058,0,0.218,0.976,-0.265,0.941,-0.21],16.125,"FreeFall",1,[683,384],[[],[]]],[[760.086,247.119,45.848,-0.965,0,0.261,0,1,0,-0.261,0,-0.965],[],1,5,[0.97,-2.323,-2.463],[0,0.282,0],[759.456,264.357,41.977,-0.955,-0.29,0.065,0,0.218,0.976,-0.297,0.932,-0.208],16.125,"FreeFall",1,[683,384],[[],[]]],[[760.089,247.116,45.841,-0.955,0,0.296,0,1,0,-0.296,0,-0.955],[["walk",0.1],["fall",0.3],["fall",0.3]],1,7,[-0.001,0,0.001],[-0.001,0.002,0],[759.495,264.354,41.964,-0.952,-0.298,0.067,0,0.218,0.976,-0.306,0.929,-0.207],16.125,"FreeFall",1,[683,384],[[],["W"]]],[[760.111,247.133,45.773,-0.952,0,0.306,0,1,0,-0.306,0,-0.952],[],1,7,[0.002,1.261,-0.005],[0.005,0,0.002],[759.517,264.371,41.896,-0.952,-0.298,0.067,0,0.218,0.976,-0.306,0.929,-0.207],16.125,"FreeFall",1,[683,384],[[],[]]],[[760.133,247.151,45.704,-0.952,0,0.306,0,1,0,-0.306,0,-0.952],[["fall",0.3],["idle",0.1]],1,8,[0.001,0.912,-0.005],[0.005,0,0.001],[759.558,264.389,41.824,-0.951,-0.303,0.068,0,0.218,0.976,-0.31,0.928,-0.207],16.125,"Standing",1,[683,384],[[],["E"]]],[[760.133,247.132,45.702,-0.951,0,0.31,0,1,0,-0.31,0,-0.951],[],1,8,[0,-2.357,-0.001],[0.001,0,0],[759.534,264.379,41.861,-0.952,-0.3,0.066,0,0.215,0.977,-0.307,0.929,-0.205],16.125,"Standing",1,[683,384],[[],[]]],[[760.136,247.059,45.695,-0.952,0,0.307,0,1,0,-0.307,0,-0.952],[],1,8,[0,-5.626,0],[0,0,0],[759.466,264.318,41.917,-0.956,-0.287,0.062,0,0.212,0.977,-0.294,0.934,-0.202],16.125,"Standing",1,[683,384],[[],[]]],[[760.138,246.931,45.687,-0.956,0,0.294,0,1,0,-0.294,0,-0.956],[],1,8,[0,-8.896,0],[0,0,0],[759.364,264.203,41.981,-0.963,-0.265,0.056,0,0.208,0.978,-0.271,0.941,-0.2],16.125,"Standing",1,[683,384],[[],[]]],[[760.14,246.749,45.679,-0.963,0,0.271,0,1,0,-0.271,0,-0.963],[],1,8,[0,-12.166,0],[0,0,0],[759.249,264.036,42.069,-0.969,-0.24,0.05,0,0.203,0.979,-0.245,0.949,-0.197],16.125,"Standing",1,[683,384],[[],[]]],[[760.142,246.512,45.671,-0.969,0,0.245,0,1,0,-0.245,0,-0.969],[],1,8,[0,-15.435,0],[0,0,0],[759.101,263.819,42.189,-0.978,-0.206,0.042,0,0.198,0.98,-0.21,0.958,-0.193],16.125,"Standing",1,[683,384],[[],[]]],[[760.143,246.474,45.669,-0.978,0,0.21,0,1,0,-0.21,0,-0.978],[["idle",0.1],["climb",0.1]],-1.286,12,[0,-0.305,0],[0,0,0],[759.052,263.793,42.255,-0.98,-0.196,0.039,0,0.194,0.981,-0.199,0.961,-0.19],16.125,"Climbing",1,[683,384],[[],[]]],[[760.143,246.473,45.669,-0.98,0,0.199,0,1,0,-0.199,0,-0.98],[["climb",0.1],["climb",0]],0,12,[0,-0.006,0],[0.001,0,0],[759.068,263.807,42.32,-0.978,-0.205,0.039,0,0.189,0.982,-0.209,0.96,-0.185],16.125,"Climbing",1,[683,384],[["D"],[]]],[[760.143,246.633,45.669,-0.978,0,0.209,0,1,0,-0.209,0,-0.978],[],0,12,[0,10.978,0],[0,0,0],[759.281,263.977,42.31,-0.962,-0.269,0.051,0,0.186,0.983,-0.274,0.945,-0.179],16.125,"Climbing",1,[683,384],[[],[]]],[[760.143,246.819,45.669,-0.901,0,0.434,0,1,0,-0.434,0,-0.901],[["idle",0.1],["climb",0.1]],0.933,12,[0,11.196,0],[0,0,0],[759.904,264.144,42.121,-0.902,-0.425,0.083,0,0.192,0.981,-0.433,0.885,-0.173],16.125,"Climbing",1,[683,384],[[],[]]],[[760.143,246.972,45.669,-0.902,0,0.433,0,1,0,-0.433,0,-0.902],[["climb",0.1],["idle",0.1],["idle",0.1]],1,8,[0,7.926,0],[0,0,0],[759.904,264.297,42.121,-0.902,-0.425,0.083,0,0.192,0.981,-0.433,0.885,-0.173],16.125,"Standing",1,[683,384],[[],[]]],[[760.143,247.05,45.669,-0.902,0,0.433,0,1,0,-0.433,0,-0.902],[["idle",0.1],["fall",0.3]],1,5,[0,5.473,0],[0,0,0],[759.904,264.375,42.121,-0.902,-0.425,0.083,0,0.192,0.981,-0.433,0.885,-0.173],16.125,"FreeFall",1,[683,384],[[],[]]],[[760.143,247.113,45.669,-0.902,0,0.433,0,1,0,-0.433,0,-0.902],[],1,5,[0,1.386,0],[0,0,0],[759.904,264.438,42.121,-0.902,-0.425,0.083,0,0.192,0.981,-0.433,0.885,-0.173],16.125,"FreeFall",1,[683,384],[[],[]]],[[760.143,247.102,45.669,-0.902,0,0.433,0,1,0,-0.433,0,-0.902],[],1,5,[0,-1.884,0],[0,0,0],[759.904,264.427,42.121,-0.902,-0.425,0.083,0,0.192,0.981,-0.433,0.885,-0.173],16.125,"FreeFall",1,[683,384],[[],[]]],[[760.143,247.058,45.669,-0.902,0,0.433,0,1,0,-0.433,0,-0.902],[],1,5,[0,-4.337,0],[0,0,0],[759.904,264.383,42.121,-0.902,-0.425,0.083,0,0.192,0.981,-0.433,0.885,-0.173],16.125,"FreeFall",1,[683,384],[["W"],[]]],[[760.143,246.928,45.669,-0.903,0,0.431,0,1,0,-0.431,0,-0.903],[],1,5,[0.007,-7.534,0.019],[-0.005,0.137,0.01],[759.904,264.253,42.121,-0.902,-0.425,0.083,0,0.192,0.981,-0.433,0.885,-0.173],16.125,"FreeFall",1,[683,384],[[],["E"]]],[[760.15,246.768,45.651,-0.902,0,0.432,0,1,0,-0.432,0,-0.902],[["fall",0.3]],1,5,[0.507,-10.804,-1.493],[0.004,0.016,-0.007],[759.911,264.093,42.103,-0.902,-0.425,0.083,0,0.192,0.981,-0.433,0.885,-0.173],16.125,"FreeFall",1,[683,384],[[],[]]],[[760.155,246.554,45.634,-0.902,0,0.432,0,1,0,-0.432,0,-0.902],[],1,5,[0.077,-14.074,-0.256],[0.002,0.002,-0.004],[759.916,263.879,42.087,-0.902,-0.425,0.083,0,0.192,0.981,-0.433,0.885,-0.173],16.125,"FreeFall",1,[683,384],[[],[]]],[[760.155,246.634,45.634,-0.902,0,0.433,0,1,0,-0.433,0,-0.902],[["fall",0.3],["climb",0.1]],-1.173,12,[0.004,9.867,-0.014],[0.001,0,-0.002],[759.916,263.959,42.086,-0.902,-0.425,0.083,0,0.192,0.981,-0.433,0.885,-0.173],16.125,"Climbing",1,[683,384],[[],[]]],[[760.155,246.818,45.634,-0.902,0,0.433,0,1,0,-0.433,0,-0.902],[["climb",0.1],["climb",0]],0.822,12,[0,11.174,0],[0,0,0],[759.902,264.146,42.104,-0.902,-0.423,0.082,0,0.191,0.982,-0.431,0.886,-0.172],16.125,"Climbing",1,[683,384],[[],[]]],[[760.139,246.999,45.667,-0.902,0,0.431,0,1,0,-0.431,0,-0.902],[["climb",0.1],["idle",0.1],["idle",0.1]],1,8,[-1.289,7.086,2.686],[0,0,0],[759.853,264.336,42.173,-0.904,-0.419,0.08,0,0.188,0.982,-0.427,0.888,-0.17],16.125,"Standing",1,[683,384],[[],[]]],[[760.106,247.083,45.734,-0.904,0,0.427,0,1,0,-0.427,0,-0.904],[["walk",0.1],["fall",0.3]],1,5,[-2.321,3.816,4.834],[0,-0.033,0],[759.796,264.423,42.259,-0.906,-0.415,0.079,0,0.187,0.982,-0.423,0.89,-0.17],16.125,"FreeFall",1,[683,384],[[],[]]],[[760.106,247.093,45.738,-0.909,0.001,0.417,0.001,1,0,-0.417,0,-0.909],[],1,5,[1.073,-0.793,-2.014],[0.02,0.571,-0.042],[759.764,264.44,42.299,-0.908,-0.411,0.077,0,0.185,0.983,-0.418,0.893,-0.168],16.125,"FreeFall",1,[683,384],[[],[]]],[[760.112,247.026,45.726,-0.909,0,0.416,0,1,0,-0.416,0,-0.909],[["fall",0.3]],1,5,[0,-4.674,0.009],[-0.012,0.075,0.025],[759.738,264.38,42.323,-0.91,-0.407,0.076,0,0.182,0.983,-0.414,0.895,-0.166],16.125,"FreeFall",1,[683,384],[[],[]]],[[760.112,246.921,45.726,-0.911,0,0.413,0,1,0,-0.413,0,-0.911],[],1,5,[-0.009,-7.23,0.008],[-0.009,0.1,0.02],[759.737,264.276,42.323,-0.91,-0.407,0.076,0,0.182,0.983,-0.414,0.895,-0.166],16.125,"FreeFall",1,[683,384],[["D"],["W"]]],[[760.094,246.771,45.666,-0.869,0,0.494,0,1,0,-0.494,-0.001,-0.869],[],1,5,[-2.707,-10.148,-2.695],[-0.046,-6.895,-0.017],[759.715,264.132,42.296,-0.909,-0.41,0.075,0,0.18,0.984,-0.417,0.894,-0.164],16.125,"FreeFall",1,[683,384],[[],[]]],[[760.042,246.569,45.58,-0.85,0,0.527,0,1,-0.001,-0.527,-0.001,-0.85],[],1,5,[-4.166,-13.103,-4.666],[-0.073,-7.514,-0.022],[759.833,263.931,42.195,-0.887,-0.455,0.083,0,0.18,0.984,-0.462,0.872,-0.16],16.125,"FreeFall",1,[683,384],[[],[]]],