{"Replay":[[[776.028,222.662,47.142,0,0,1,0,1,0,-1,0,0],[],1,8,[0,0,0],[0,0,0],[781.265,244.142,47.422,0.053,-0.966,0.254,0,0.254,0.967,-0.999,-0.052,0.014],20.656,"Standing",0,[796,366],[[],[]]],[[775.856,222.662,47.133,0.005,0,1,0,1,0,-1,0,0.005],[],1,8,[-14.525,0,-0.776],[0,-0.403,0],[781.069,244.148,47.412,0.053,-0.966,0.252,0,0.253,0.968,-0.999,-0.052,0.013],20.656,"Standing",0,[796,366],[[],[]]],[[775.592,222.662,47.119,0.012,0,1,0,1,0,-1,0,0.012],[["walk",0.1]],1.003,8,[-15.948,0,-0.852],[0,-0.385,0],[780.757,244.161,47.395,0.053,-0.967,0.25,0,0.25,0.968,-0.999,-0.052,0.013],20.656,"Running",0,[796,366],[[],[]]],[[775.326,222.662,47.105,0.017,0,1,0,1,0,-1,0,0.017],[["walk",0.1]],1.101,8,[-15.977,0,-0.854],[0,-0.335,0],[780.394,244.185,47.376,0.053,-0.968,0.245,0,0.246,0.969,-0.999,-0.052,0.013],20.656,"Running",0,[796,366],[[],[]]],[[775.059,222.662,47.091,0.022,0,1,0,1,0,-1,0,0.022],[],1.101,8,[-15.977,0,-0.854],[0,-0.289,0],[780.055,244.204,47.358,0.053,-0.969,0.242,0,0.242,0.97,-0.999,-0.052,0.013],20.656,"Running",0,[796,366],[[],[]]],[[774.793,222.662,47.076,0.026,0,1,0,1,0,-1,0,0.026],[["walk",0.1]],1.101,8,[-15.977,0,-0.854],[0,-0.25,0],[779.692,244.228,47.338,0.053,-0.97,0.237,0,0.237,0.971,-0.999,-0.052,0.013],20.656,"Running",0,[796,366],[[],[]]],[[774.527,222.662,47.062,0.03,0,1,0,1,0,-1,0,0.03],[],1.101,8,[-15.977,0,-0.854],[0,-0.216,0],[779.329,244.251,47.311,0.052,-0.971,0.232,0,0.233,0.973,-0.999,-0.05,0.012],20.656,"Running",0,[796,366],[[],[]]],[[774.261,222.662,47.048,0.033,0,0.999,0,1,0,-0.999,0,0.033],[],1.101,8,[-15.977,0,-0.854],[0,-0.187,0],[778.99,244.268,47.286,0.05,-0.972,0.229,0,0.229,0.973,-0.999,-0.049,0.012],20.656,"Running",0,[796,366],[[],[]]],[[773.994,222.662,47.034,0.036,0,0.999,0,1,0,-0.999,0,0.036],[],1.101,8,[-15.978,0,-0.829],[0,-0.15,0],[778.675,244.28,47.269,0.05,-0.973,0.227,0,0.227,0.974,-0.999,-0.049,0.011],20.656,"Running",0,[796,366],[[],[]]],[[773.728,222.662,47.021,0.038,0,0.999,0,1,0,-0.999,0,0.038],[],1.101,8,[-15.98,0,-0.804],[0,-0.117,0],[778.36,244.291,47.254,0.05,-0.973,0.224,0,0.225,0.974,-0.999,-0.049,0.011],20.656,"Running",0,[796,366],[[],["E"]]],[[773.462,222.662,47.007,0.039,0,0.999,0,1,0,-0.999,0,0.039],[],1.101,8,[-15.98,0,-0.804],[0,-0.1,0],[778.045,244.302,47.238,0.05,-0.974,0.222,0,0.222,0.975,-0.999,-0.049,0.011],20.656,"Running",0,[796,366],[[],[]]],[[773.195,222.662,46.994,0.041,0,0.999,0,1,0,-0.999,0,0.041],[["walk",0.1]],1.101,8,[-15.98,0,-0.804],[0,-0.087,0],[777.658,244.33,47.204,0.047,-0.975,0.216,0,0.216,0.976,-0.999,-0.046,0.01],20.656,"Running",0,[796,366],[[],[]]],[[772.929,222.662,46.98,0.042,0,0.999,0,1,0,-0.999,0,0.042],[],1.101,8,[-15.98,0,-0.804],[0,-0.075,0],[777.319,244.346,47.181,0.046,-0.976,0.213,0,0.213,0.977,-0.999,-0.044,0.01],20.656,"Running",0,[796,366],[[],[]]],[[772.663,222.662,46.968,0.043,0,0.999,0,1,0,-0.999,0,0.043],[],1.101,8,[-15.982,0,-0.754],[0,-0.04,0],[777.004,244.356,47.166,0.046,-0.977,0.21,0,0.21,0.978,-0.999,-0.044,0.01],20.656,"Running",0,[796,366],[[],[]]],[[772.396,222.662,46.956,0.043,0,0.999,0,1,0,-0.999,0,0.043],[],1.101,8,[-15.983,0,-0.729],[0,-0.022,0],[776.615,244.382,47.141,0.044,-0.978,0.204,0,0.204,0.979,-0.999,-0.043,0.009],20.656,"Running",0,[796,366],[[],[]]],[[772.13,222.662,46.944,0.044,0,0.999,0,1,0,-0.999,0,0.044],[],1.101,8,[-15.983,0,-0.728],[0,-0.018,0],[776.276,244.397,47.126,0.044,-0.979,0.201,0,0.201,0.98,-0.999,-0.043,0.009],20.656,"Running",0,[796,366],[[],[]]],[[771.863,222.662,46.932,0.044,0,0.999,0,1,0,-0.999,0,0.044],[],1.101,8,[-15.985,0,-0.704],[0,-0.003,0],[775.961,244.407,47.112,0.044,-0.979,0.198,0,0.199,0.98,-0.999,-0.043,0.009],20.656,"Running",0,[796,366],[[],[]]],[[771.597,222.662,46.92,0.044,0,0.999,0,1,0,-0.999,0,0.044],[["walk",0.1]],1.101,8,[-15.985,0,-0.703],[0,-0.002,0],[775.645,244.417,47.098,0.044,-0.98,0.196,0,0.196,0.981,-0.999,-0.043,0.009],20.656,"Running",0,[796,366],[[],[]]],[[771.331,222.662,46.908,0.044,0,0.999,0,1,0,-0.999,0,0.044],[],1.101,8,[-15.985,0,-0.703],[0,-0.002,0],[775.33,244.427,47.078,0.042,-0.98,0.194,0,0.194,0.981,-0.999,-0.042,0.008],20.656,"Running",0,[796,366],[[],[]]],[[771.064,222.662,46.897,0.044,0,0.999,0,1,0,-0.999,0,0.044],[],1.101,8,[-15.985,0,-0.703],[0,-0.002,0],[774.99,244.441,47.063,0.042,-0.981,0.19,0,0.19,0.982,-0.999,-0.042,0.008],20.656,"Running",0,[796,366],[[],[]]],[[770.798,222.662,46.885,0.044,0,0.999,0,1,0,-0.999,0,0.044],[],1.101,8,[-15.986,0,-0.679],[0,0.011,0],[774.65,244.455,47.049,0.042,-0.982,0.186,0,0.187,0.982,-0.999,-0.042,0.008],20.656,"Running",0,[796,366],[[],[]]],[[770.531,222.662,46.874,0.043,0,0.999,0,1,0,-0.999,0,0.043],[],1.101,8,[-15.986,0,-0.678],[0,0.01,0],[774.31,244.469,47.034,0.042,-0.982,0.183,0,0.183,0.983,-0.999,-0.042,0.008],20.656,"Running",0,[796,366],[[],[]]],[[770.265,222.628,46.863,0.043,0,0.999,0,1,0,-0.999,0,0.043],[],1.101,8,[-15.986,-3.27,-0.678],[0,0.01,0],[773.946,244.453,47.019,0.042,-0.983,0.178,0,0.178,0.984,-0.999,-0.042,0.008],20.656,"Running",0,[796,366],[["Space"],[]]],[[769.932,223.702,46.849,0.043,0,0.999,0,1,0,-0.999,0,0.043],[["walk",0.1],["walk",0.1],["jump",0.1]],1,3,[-15.986,49.883,-0.678],[0,0.01,0],[773.564,245.535,47.003,0.042,-0.984,0.176,0,0.176,0.984,-0.999,-0.042,0.007],20.656,"Jumping",0,[796,366],[[],[]]],[[769.666,224.499,46.837,0.043,0,0.999,0,1,0,-0.999,0,0.043],[["jump",0.1]],1,5,[-15.986,46.613,-0.678],[0,0.006,0],[773.249,246.341,46.989,0.042,-0.984,0.173,0,0.174,0.985,-0.999,-0.042,0.007],20.656,"FreeFall",0,[796,366],[[],[]]],[[769.399,225.242,46.826,0.043,0,0.999,0,1,0,-0.999,0,0.043],[],1,5,[-15.986,43.343,-0.678],[0,0.005,0],[772.983,247.084,46.978,0.042,-0.984,0.173,0,0.174,0.985,-0.999,-0.042,0.007],20.656,"FreeFall",0,[796,366],[[],[]]],[[769.266,225.593,46.82,0.043,0,0.999,0,1,0,-0.999,0,0.043],[],1,5,[-15.986,41.708,-0.678],[0,0.004,0],[772.85,247.435,46.972,0.042,-0.984,0.173,0,0.174,0.985,-0.999,-0.042,0.007],20.656,"FreeFall",0,[796,366],[[],[]]],[[769,226.254,46.809,0.043,0,0.999,0,1,0,-0.999,0,0.043],[],1,5,[-15.986,38.438,-0.678],[0,0.004,0],[772.583,248.096,46.967,0.044,-0.984,0.173,0,0.174,0.985,-0.999,-0.043,0.008],20.656,"FreeFall",0,[796,366],[[],[]]],[[768.734,226.86,46.798,0.043,0,0.999,0,1,0,-0.999,0,0.043],[],1,5,[-15.986,35.168,-0.678],[0,0.003,0],[772.317,248.703,46.955,0.044,-0.984,0.173,0,0.174,0.985,-0.999,-0.043,0.008],20.656,"FreeFall",0,[796,366],[[],[]]],[[768.467,227.412,46.786,0.043,0,0.999,0,1,0,-0.999,0,0.043],[],1,5,[-15.985,31.898,-0.703],[0,-0.008,0],[772.051,249.255,46.944,0.044,-0.984,0.173,0,0.174,0.985,-0.999,-0.043,0.008],20.656,"FreeFall",0,[796,366],[[],[]]],[[768.201,227.91,46.774,0.043,0,0.999,0,1,0,-0.999,0,0.043],[],1,5,[-15.985,28.628,-0.703],[0,-0.009,0],[771.784,249.752,46.932,0.044,-0.984,0.173,0,0.174,0.985,-0.999,-0.043,0.008],20.656,"FreeFall",0,[796,366],[[],[]]],[[767.934,228.353,46.763,0.043,0,0.999,0,1,0,-0.999,0,0.043],[],1,5,[-15.985,25.358,-0.703],[0,-0.008,0],[771.518,250.195,46.92,0.044,-0.984,0.173,0,0.174,0.985,-0.999,-0.043,0.008],20.656,"FreeFall",0,[796,366],[[],[]]],[[767.668,228.742,46.751,0.043,0,0.999,0,1,0,-0.999,0,0.043],[],1,5,[-15.985,22.088,-0.703],[0,-0.007,0],[771.252,250.584,46.909,0.044,-0.984,0.173,0,0.174,0.985,-0.999,-0.043,0.008],20.656,"FreeFall",0,[796,366],[[],[]]],[[767.402,229.076,46.739,0.043,0,0.999,0,1,0,-0.999,0,0.043],[],1,5,[-15.985,18.818,-0.703],[0,-0.006,0],[770.986,250.918,46.874,0.038,-0.984,0.174,0,0.174,0.985,-0.999,-0.037,0.007],20.656,"FreeFall",0,[796,366],[[],[]]],[[767.069,229.417,46.725,0.043,0,0.999,0,1,0,-0.999,0,0.043],[],1,5,[-15.985,14.731,-0.703],[0,-0.005,0],[770.654,251.259,46.843,0.033,-0.984,0.174,0,0.174,0.985,-0.999,-0.032,0.006],20.656,"FreeFall",0,[796,366],[[],[]]],[[766.869,229.58,46.717,0.043,0,0.999,0,1,0,-0.999,0,0.043],[],1,5,[-15.988,12.278,-0.608],[0,0.036,0],[770.455,251.423,46.807,0.025,-0.984,0.174,0,0.174,0.985,-1,-0.025,0.004],20.656,"FreeFall",0,[796,366],[[],["Space"]]],[[766.536,229.785,46.706,0.042,0,0.999,0,1,0,-0.999,0,0.042],[],1,5,[-15.991,8.191,-0.528],[0,0.078,0],[770.142,251.628,44.995,0.011,-0.985,0.174,0,0.174,0.985,-1,-0.011,0.002],20.656,"FreeFall",1,[796,366],[["LeftShift"],[]]],[[766.269,229.888,46.699,0.012,0,1,0,1,0,-1,0,0.012],[],1,5,[-15.995,4.921,-0.404],[0,-0.091,0],[769.875,251.73,44.988,0.011,-0.985,0.174,0,0.174,0.985,-1,-0.011,0.002],20.656,"FreeFall",1,[683,357.5],[[],[]]],[[765.936,229.939,46.694,0.011,0,1,0,1,0,-1,0,0.011],[],1,5,[-15.999,0.833,-0.177],[0,-0.006,0],[769.528,251.781,44.956,0.003,-0.985,0.174,0,0.174,0.985,-1,-0.003,0.001],20.656,"FreeFall",1,[683,357.5],[[],[]]],[[765.736,229.929,46.692,0.004,0,1,0,1,0,-1,0,0.004],[],1,5,[-15.999,-1.619,-0.176],[0,-0.052,0],[769.32,251.771,44.936,-0.002,-0.985,0.174,0,0.174,0.985,-1,0.002,0],20.656,"FreeFall",1,[683,357.5],[[],[]]],[[765.469,229.868,46.691,-0.001,0,1,0,1,0,-1,0,-0.001],[],1,5,[-16,-4.889,-0.052],[0,-0.039,0],[769.042,251.71,44.913,-0.008,-0.985,0.174,0,0.174,0.985,-1,0.008,-0.001],20.656,"FreeFall",1,[683,357.5],[[],[]]],[[765.269,229.786,46.691,-0.007,0,1,0,1,0,-1,0,-0.007],[],1,5,[-16,-7.342,0.021],[0,-0.048,0],[768.826,251.629,44.879,-0.017,-0.985,0.174,0,0.174,0.985,-1,0.017,-0.003],20.656,"FreeFall",1,[683,357.5],[[],[]]],[[765.003,229.63,46.693,-0.016,0,1,0,1,0,-1,0,-0.016],[],1,5,[-16,-10.612,0.124],[0,-0.072,0],[768.533,251.472,44.831,-0.031,-0.984,0.174,0,0.174,0.985,-1,0.031,-0.005],20.656,"FreeFall",1,[683,357.5],[[],[]]],[[764.736,229.419,46.697,-0.03,0,1,0,1,0,-1,0,-0.03],[["fall",0.3]],1,5,[-15.998,-13.882,0.274],[0,-0.108,0],[768.237,251.261,44.78,-0.047,-0.984,0.173,0,0.174,0.985,-0.999,0.046,-0.008],20.656,"FreeFall",1,[683,357.5],[[],[]]],[[764.47,229.154,46.705,-0.045,0,0.999,0,1,0,-0.999,0,-0.045],[],1,5,[-15.992,-17.152,0.498],[0,-0.124,0],[767.943,250.996,44.739,-0.061,-0.983,0.173,0,0.174,0.985,-0.998,0.06,-0.011],20.656,"FreeFall",1,[683,357.5],[[],[]]],[[764.137,228.745,46.72,-0.059,0,0.998,0,1,0,-0.998,0,-0.059],[],1,5,[-15.982,-21.239,0.752],[0,-0.114,0],[767.582,250.588,44.705,-0.075,-0.982,0.173,0,0.174,0.985,-0.997,0.074,-0.013],20.656,"FreeFall",1,[683,357.5],[[],[]]],[[763.937,228.459,46.732,-0.074,0,0.997,0,1,0,-0.997,0,-0.074],[],1,5,[-15.971,-23.692,0.968],[0,-0.113,0],[767.356,250.302,44.673,-0.088,-0.981,0.173,0,0.174,0.985,-0.996,0.087,-0.015],20.656,"FreeFall",1,[683,357.5],[[],[]]],[[763.671,228.03,46.751,-0.086,0,0.996,0,1,0,-0.996,0,-0.086],[],1,5,[-15.955,-26.962,1.201],[0,-0.102,0],[767.071,249.873,44.661,-0.097,-0.98,0.173,0,0.174,0.985,-0.995,0.096,-0.017],20.656,"FreeFall",1,[683,357.5],[[],[]]],[[763.405,227.547,46.774,-0.096,0,0.995,0,1,0,-0.995,0,-0.096],[],1,5,[-15.938,-30.232,1.402],[0,-0.078,0],[766.785,249.389,44.652,-0.107,-0.979,0.173,0,0.174,0.985,-0.994,0.105,-0.019],20.656,"FreeFall",1,[683,357.5],[[],["LeftShift"]]],[[763.074,226.866,46.806,-0.105,0,0.994,0,1,0,-0.994,0,-0.105],[["fall",0.3]],1,5,[-15.924,-34.319,1.555],[0,-0.076,0],[766.447,248.708,44.673,-0.11,-0.979,0.173,0,0.174,0.985,-0.994,0.108,-0.019],20.656,"FreeFall",1,[683,357.5],[[],[]]],[[762.875,226.417,46.827,-0.109,0,0.994,0,1,0,-0.994,0,-0.109],[],1,5,[-15.91,-36.772,1.698],[0,-0.035,0],[766.235,248.259,44.673,-0.116,-0.978,0.172,0,0.174,0.985,-0.993,0.114,-0.02],20.656,"FreeFall",1,[683,357.5],[[],[]]],[[762.61,225.77,46.856,-0.115,0,0.993,0,1,0,-0.993,0,-0.115],[],1,5,[-15.903,-40.042,1.755],[0,-0.048,0],[765.939,247.612,44.655,-0.13,-0.976,0.172,0,0.174,0.985,-0.992,0.128,-0.023],20.656,"FreeFall",1,[683,357.5],[[],[]]],[[762.345,225.068,46.887,-0.128,0,0.992,0,1,0,-0.992,0,-0.128],[],1,5,[-15.892,-43.312,1.854],[0,-0.106,0],[765.628,246.911,44.618,-0.15,-0.974,0.172,0,0.174,0.985,-0.989,0.148,-0.026],20.656,"FreeFall",1,[683,357.5],[[],["b2"]]],[[762.08,224.312,46.921,-0.148,0,0.989,0,1,0,-0.989,0,-0.148],[],1,5,[-15.865,-46.582,2.076],[0,-0.157,0],[765.291,246.155,44.55,-0.181,-0.969,0.171,0,0.174,0.985,-0.983,0.178,-0.031],20.656,"FreeFall",1,[683,357.5],[[],[]]],[[761.817,223.502,46.96,-0.178,0,0.984,0,1,0,-0.984,0,-0.178],[],1,5,[-15.819,-49.852,2.397],[0,-0.24,0],[764.916,245.344,44.446,-0.226,-0.959,0.169,0,0.174,0.985,-0.974,0.222,-0.039],20.656,"FreeFall",1,[683,357.5],[[],[]]],[[761.562,223.38,47.006,-0.225,0,0.974,0,1,0,-0.974,0,-0.225],[["walk",0.1],["fall",0.3],["fall",0.3]],1,7,[-15.227,-0.986,2.796],[0,-0.028,0],[764.509,245.222,44.316,-0.282,-0.945,0.167,0,0.174,0.985,-0.959,0.278,-0.049],20.656,"FreeFall",1,[683,357.5],[[],[]]],[[761.247,223.377,47.077,-0.282,0,0.959,0,1,0,-0.959,0,-0.282],[["fall",0.3]],1,7,[-15.082,-0.007,3.491],[0,-0.002,0],[763.979,245.22,44.168,-0.355,-0.921,0.162,0,0.174,0.985,-0.935,0.35,-0.062],20.656,"FreeFall",1,[683,357.5],[[],[]]],[[760.999,223.306,47.148,-0.355,0,0.935,0,1,0,-0.935,0,-0.355],[["walk",0.1],["fall",0.3],["walk",0.1]],1.068,8,[-14.871,-5.262,4.353],[0,0,0],[763.43,245.149,43.983,-0.446,-0.882,0.155,0,0.174,0.985,-0.895,0.439,-0.077],20.656,"Running",1,[683,357.5],[[],["W"]]],[[760.887,223.22,47.181,-0.446,0,0.895,0,1,0,-0.895,0,-0.446],[],1.068,8,[-5.974,-7.714,1.749],[0,0,0],[762.908,245.063,43.739,-0.553,-0.821,0.145,0,0.174,0.985,-0.833,0.545,-0.096],20.656,"Running",1,[683,357.5],[[],[]]],[[760.867,223.132,47.187,-0.558,0,0.83,0,1,0,-0.83,0,-0.558],[["walk",0.1]],0.429,8,[-0.159,-2.202,0.046],[0,0.439,0],[762.401,244.975,43.502,-0.661,-0.739,0.13,0,0.174,0.985,-0.75,0.651,-0.115],20.656,"Running",1,[683,357.5],[[],[]]],[[760.867,223.137,47.187,-0.668,0,0.745,0,1,0,-0.745,0,-0.668],[["idle",0.1]],1,8,[-0.003,1.083,0.001],[0,0.514,0],[761.908,244.979,43.334,-0.753,-0.648,0.114,0,0.174,0.985,-0.658,0.742,-0.131],20.656,"Standing",1,[683,357.5],[[],[]]],[[760.867,223.158,47.187,-0.759,0,0.652,0,1,0,-0.652,0,-0.759],[],1,8,[0,1.157,0],[0,0.491,0],[761.311,245,43.22,-0.844,-0.528,0.093,0,0.174,0.985,-0.536,0.832,-0.147],20.656,"Standing",1,[683,357.5],[["A"],[]]],[[761.009,223.17,47.311,-0.85,0,0.526,0,1,0,-0.526,0,-0.85],[],1,8,[10.875,0.094,9.496],[0,0.57,0],[761.31,245.013,43.331,-0.863,-0.497,0.088,0,0.174,0.985,-0.505,0.85,-0.15],20.656,"Standing",1,[683,357.5],[[],[]]],[[761.168,223.157,47.418,-0.864,0,0.503,0,1,0,-0.503,0,-0.864],[["walk",0.1]],0.996,8,[13.055,-1.917,8.421],[0,0.113,0],[761.181,244.999,43.427,-0.897,-0.435,0.077,0,0.174,0.985,-0.441,0.884,-0.156],20.656,"Running",1,[683,357.5],[[],[]]],[[761.448,223.087,47.583,-0.898,0,0.441,0,1,0,-0.441,0,-0.898],[["walk",0.1]],1.071,8,[13.452,-3.589,7.875],[0,0.008,0],[761.341,244.93,43.594,-0.91,-0.408,0.072,0,0.174,0.985,-0.414,0.896,-0.158],20.656,"Running",1,[683,357.5],[[],[]]],[[761.621,223.041,47.672,-0.91,0,0.414,0,1,0,-0.414,0,-0.91],[],1.071,8,[13.933,-3.733,6.919],[0,0.002,0],[761.464,244.883,43.684,-0.915,-0.397,0.07,0,0.174,0.985,-0.403,0.901,-0.159],20.656,"Running",1,[683,357.5],[[],[]]],[[761.856,222.978,47.78,-0.915,0,0.403,0,1,0,-0.403,0,-0.915],[],1.071,8,[14.143,-3.791,6.45],[0,0,0],[761.719,244.82,43.791,-0.913,-0.401,0.071,0,0.174,0.985,-0.407,0.899,-0.159],20.656,"Running",1,[683,357.5],[[],[]]],[[762.093,222.914,47.885,-0.913,0,0.407,0,1,0,-0.407,0,-0.913],[],1.071,8,[14.221,-3.812,6.264],[0,0,0],[762.068,244.757,43.894,-0.901,-0.426,0.075,0,0.174,0.985,-0.433,0.888,-0.157],20.656,"Running",1,[683,357.5],[[],[]]],[[762.389,222.905,48.017,-0.901,0,0.433,0,1,0,-0.433,0,-0.901],[],1.071,8,[14.195,-0.028,6.328],[0,0,0],[762.608,244.747,44.032,-0.873,-0.48,0.085,0,0.174,0.985,-0.487,0.86,-0.152],20.656,"Running",1,[683,357.5],[[],[]]],[[762.565,222.905,48.1,-0.873,0,0.487,0,1,0,-0.487,0,-0.873],[["walk",0.1]],1.071,8,[14.029,-0.001,6.711],[0,0,0],[763.127,244.747,44.149,-0.828,-0.552,0.097,0,0.174,0.985,-0.561,0.815,-0.144],20.656,"Running",1,[683,357.5],[["Space"],[]]],[[762.857,223.992,48.24,-0.828,0,0.561,0,1,0,-0.561,0,-0.828],[["walk",0.1],["jump",0.1]],1,3,[14.029,50.701,6.711],[0,0,0],[763.819,245.834,44.366,-0.767,-0.632,0.112,0,0.174,0.985,-0.642,0.755,-0.133],20.656,"Jumping",1,[683,357.5],[[],[]]],[[763.027,224.605,48.338,-0.805,0,0.593,0,1,0,-0.593,0,-0.805],[["jump",0.1]],1,5,[13.445,48.248,8.4],[0,6.41,0],[764.485,246.447,44.622,-0.677,-0.725,0.128,0,0.174,0.985,-0.736,0.666,-0.117],20.656,"FreeFall",1,[683,357.5],[[],[]]],[[763.239,225.375,48.497,-0.763,0,0.646,0,1,0,-0.646,0,-0.763],[],1,5,[12.35,44.978,10.14],[0,7.813,0],[765.316,247.204,45.012,-0.554,-0.819,0.148,0,0.177,0.984,-0.832,0.546,-0.098],20.656,"FreeFall",1,[683,357.5],[[],[]]],[[763.429,226.091,48.684,-0.659,0,0.752,0,1,0,-0.752,0,-0.659],[],1,5,[10.94,41.708,11.658],[0,7.975,0],[766.194,247.893,45.535,-0.407,-0.898,0.168,0,0.184,0.983,-0.913,0.4,-0.075],20.656,"FreeFall",1,[683,357.5],[[],[]]],[[763.592,226.752,48.893,-0.525,0,0.851,0,1,0,-0.851,0,-0.525],[],1,5,[9.122,38.438,13.114],[0,7.993,0],[766.919,248.535,46.201,-0.256,-0.949,0.183,0,0.189,0.982,-0.967,0.252,-0.048],20.656,"FreeFall",1,[683,357.5],[[],[]]],[[763.723,227.358,49.124,-0.382,0,0.924,0,1,0,-0.924,0,-0.382],[],1,5,[7.056,35.168,14.302],[0,7.996,0],[767.652,249.113,47.111,-0.066,-0.978,0.196,0,0.196,0.981,-0.998,0.065,-0.013],20.656,"FreeFall",1,[683,357.5],[["W"],[]]],[[763.832,228.04,49.421,-0.228,0,0.974,0,1,0,-0.974,0,-0.228],[],1,5,[4.078,31.081,14.21],[0,7.836,0],[768.027,249.78,47.841,0.041,-0.979,0.2,0,0.2,0.98,-0.999,-0.04,0.008],20.656,"FreeFall",1,[683,357.5],[[],[]]],[[763.869,228.408,49.597,-0.052,0,0.999,0,1,0,-0.999,0,-0.052],[],1,5,[2.31,28.628,13.947],[0,7.273,0],[768.22,250.143,48.428,0.136,-0.97,0.199,0,0.201,0.98,-0.991,-0.133,0.027],20.656,"FreeFall",1,[683,357.5],[[],[]]],[[763.883,228.851,49.824,0.018,0,1,0,1,0,-1,0,0.018],[],1,5,[-0.017,25.358,13.434],[0,7.072,0],[768.34,250.581,49.027,0.218,-0.956,0.197,0,0.202,0.979,-0.976,-0.214,0.044],20.656,"FreeFall",1,[683,357.5],[[],["A"]]],[[763.856,229.328,50.077,0.17,0,0.985,0,1,0,-0.985,0,0.17],[],1,5,[-2.138,21.271,11.342],[0,1.098,0],[768.358,251.058,49.597,0.287,-0.938,0.194,0,0.202,0.979,-0.958,-0.281,0.058],20.656,"FreeFall",1,[683,357.5],[[],[]]],[[763.819,229.574,50.208,0.277,0,0.961,0,1,0,-0.961,0,0.277],[],1,5,[-3.34,18.818,10.019],[0,0.671,0],[768.364,251.298,49.977,0.337,-0.922,0.191,0,0.203,0.979,-0.941,-0.33,0.069],20.656,"FreeFall",1,[683,357.5],[[],[]]],[[763.748,229.853,50.356,0.329,0,0.944,0,1,0,-0.944,0,0.329],[],1,5,[-4.853,15.548,8.177],[0,0.455,0],[768.321,251.573,50.32,0.375,-0.907,0.19,0,0.205,0.979,-0.927,-0.367,0.077],20.656,"FreeFall",1,[683,357.5],[[],[]]],[[763.624,230.126,50.497,0.368,0,0.93,0,1,0,-0.93,0,0.368],[],1,5,[-6.644,11.461,5.796],[0,0.335,0],[768.195,251.846,50.633,0.41,-0.893,0.187,0,0.205,0.979,-0.912,-0.401,0.084],20.656,"FreeFall",1,[683,357.5],[[],[]]],[[763.533,230.249,50.557,0.406,0,0.914,0,1,0,-0.914,0,0.406],[],1,5,[-7.662,9.008,4.328],[0,0.308,0],[768.141,251.958,50.865,0.44,-0.879,0.186,0,0.207,0.978,-0.898,-0.43,0.091],20.656,"FreeFall",1,[683,357.5],[[],[]]],[[763.392,230.365,50.608,0.436,0,0.9,0,1,0,-0.9,0,0.436],[],1,5,[-8.942,5.738,2.317],[0,0.269,0],[768.033,252.064,51.062,0.464,-0.866,0.185,0,0.209,0.978,-0.886,-0.453,0.097],20.656,"FreeFall",1,[683,357.5],[[],["Space"]]],[[763.187,230.434,50.624,0.46,0,0.888,0,1,0,-0.888,0,0.46],[],1,5,[-10.437,1.651,-0.26],[0,0.217,0],[767.842,252.127,51.163,0.478,-0.859,0.185,0,0.21,0.978,-0.879,-0.467,0.101],20.656,"FreeFall",1,[683,357.5],[[],[]]],[[763.001,230.427,50.598,0.475,0,0.88,0,1,0,-0.88,0,0.475],[],1,5,[-11.54,-1.619,-2.373],[0,0.136,0],[767.672,252.115,51.192,0.486,-0.854,0.185,0,0.212,0.977,-0.874,-0.475,0.103],20.656,"FreeFall",1,[683,357.5],[[],[]]],[[762.798,230.366,50.536,0.484,0,0.875,0,1,0,-0.875,0,0.484],[],1,5,[-12.567,-4.889,-4.523],[0,0.082,0],[767.467,252.054,51.145,0.489,-0.853,0.185,0,0.212,0.977,-0.873,-0.478,0.103],20.656,"FreeFall",1,[683,357.5],[[],[]]],[[762.579,230.25,50.438,0.488,0,0.873,0,1,0,-0.873,0,0.488],[],1,5,[-13.52,-8.159,-6.708],[0,0.032,0],[767.244,251.939,51.076,0.494,-0.85,0.184,0,0.212,0.977,-0.869,-0.483,0.105],20.656,"FreeFall",1,[683,357.5],[[],[]]],[[762.406,230.128,50.343,0.494,0,0.87,0,1,0,-0.87,0,0.494],[],1,5,[-13.929,-10.612,-7.74],[0,0.047,0],[767.067,251.816,51.011,0.5,-0.847,0.183,0,0.212,0.977,-0.866,-0.488,0.106],20.656,"FreeFall",1,[683,357.5],[[],[]]],[[762.174,229.917,50.212,0.499,0,0.867,0,1,0,-0.867,0,0.499],[],1,5,[-13.911,-13.882,-7.902],[0,0.05,0],[766.833,251.605,50.894,0.502,-0.845,0.183,0,0.212,0.977,-0.865,-0.491,0.106],20.656,"FreeFall",1,[683,357.5],[[],[]]],[[761.885,229.577,50.046,0.502,0,0.865,0,1,0,-0.865,0,0.502],[],1,5,[-13.861,-17.969,-7.992],[0,0.027,0],[766.544,251.265,50.728,0.502,-0.845,0.183,0,0.212,0.977,-0.865,-0.491,0.106],20.656,"FreeFall",1,[683,357.5],[[],[]]],[[761.712,229.332,49.945,0.502,0,0.865,0,1,0,-0.865,0,0.502],[],1,5,[-13.837,-20.422,-8.034],[0,0.005,0],[766.37,251.02,50.635,0.504,-0.844,0.183,0,0.212,0.977,-0.864,-0.492,0.107],20.656,"FreeFall",1,[683,357.5],[[],[]]],[[761.481,228.957,49.811,0.503,0,0.864,0,1,0,-0.864,0,0.503],[],1,5,[-13.836,-23.692,-8.036],[0,0.012,0],[766.137,250.646,50.516,0.506,-0.843,0.182,0,0.212,0.977,-0.862,-0.495,0.107],20.656,"FreeFall",1,[683,357.5],[[],[]]],[[761.251,228.528,49.677,0.506,0,0.863,0,1,0,-0.863,0,0.506],[["fall",0.3]],1,5,[-13.823,-26.962,-8.057],[0,0.024,0],[765.883,250.222,50.384,0.509,-0.841,0.181,0,0.21,0.978,-0.861,-0.498,0.107],20.656,"FreeFall",1,[683,357.5],[[],[]]],[[761.021,228.045,49.542,0.509,0,0.861,0,1,0,-0.861,0,0.509],[],1,5,[-13.798,-30.232,-8.1],[0,0.025,0],[765.629,249.744,50.258,0.513,-0.839,0.18,0,0.209,0.978,-0.858,-0.502,0.107],20.656,"FreeFall",1,[683,357.5],[[],[]]],[[760.791,227.507,49.407,0.513,0,0.859,0,1,0,-0.859,0,0.513],[],1,5,[-13.772,-33.502,-8.144],[0,0.036,0],[765.399,249.206,50.122,0.513,-0.839,0.18,0,0.209,0.978,-0.858,-0.502,0.107],20.656,"FreeFall",1,[683,357.5],[[],[]]],[[760.562,226.915,49.27,0.513,0,0.858,0,1,0,-0.858,0,0.513],[],1,5,[-13.734,-36.772,-8.208],[0,0.004,0],[765.17,248.614,49.986,0.513,-0.839,0.18,0,0.209,0.978,-0.858,-0.502,0.107],20.656,"FreeFall",1,[683,357.5],[[],["W"]]],[[760.354,226.268,49.146,0.513,0,0.858,0,1,0,-0.858,0,0.513],[],1,5,[-11.688,-40.042,-6.985],[0,0,0],[764.962,247.967,49.862,0.513,-0.839,0.18,0,0.209,0.978,-0.858,-0.502,0.107],20.656,"FreeFall",1,[683,357.5],[[],[]]],[[760.181,225.566,49.042,0.513,0,0.858,0,1,0,-0.858,0,0.513],[],1,5,[-9.642,-43.312,-5.763],[0,0,0],[764.789,247.265,49.758,0.513,-0.839,0.18,0,0.209,0.978,-0.858,-0.502,0.107],20.656,"FreeFall",1,[683,357.5],[[],[]]],[[760.042,224.81,48.959,0.513,0,0.858,0,1,0,-0.858,0,0.513],[["fall",0.3]],1,5,[-7.597,-46.582,-4.54],[0,0,0],[764.65,246.509,49.675,0.513,-0.839,0.18,0,0.209,0.978,-0.858,-0.502,0.107],20.656,"FreeFall",1,[683,357.5],[["A"],[]]],[[759.914,224,48.908,0.432,0,0.902,0,1,0,-0.902,0,0.432],[],1,5,[-7.677,-49.852,-2.158],[0,7.071,0],[764.528,245.699,49.588,0.506,-0.843,0.18,0,0.209,0.978,-0.862,-0.495,0.106],20.656,"FreeFall",1,[683,357.5],[[],[]]],[[759.749,223.876,49.052,0.473,0,0.881,0,1,0,-0.881,0,0.473],[["walk",0.1],["fall",0.3],["fall",0.3]],1,7,[-8.096,-0.37,12.327],[0,0.477,0],[764.371,245.575,49.674,0.495,-0.849,0.182,0,0.209,0.978,-0.869,-0.484,0.104],20.656,"FreeFall",1,[683,357.5],[[],[]]],[[759.615,223.875,49.277,0.493,0,0.87,0,1,0,-0.87,0,0.493],[],1,7,[-8.029,-0.007,13.645],[0,0.055,0],[764.243,245.574,49.847,0.486,-0.855,0.183,0,0.209,0.978,-0.874,-0.475,0.102],20.656,"FreeFall",1,[683,357.5],[[],[]]],[[759.484,223.784,49.506,0.486,0,0.874,0,1,0,-0.874,0,0.486],[["walk",0.1],["fall",0.3],["walk",0.1]],1.092,8,[-7.862,-6.677,13.775],[0,0.003,0],[764.114,245.483,50.062,0.483,-0.856,0.183,0,0.209,0.978,-0.876,-0.472,0.101],20.656,"Running",1,[683,357.5],[[],[]]],[[759.355,223.68,49.737,0.483,0,0.876,0,1,0,-0.876,0,0.483],[],1.092,8,[-7.712,-4.131,13.866],[0,0,0],[763.985,245.379,50.293,0.483,-0.856,0.183,0,0.209,0.978,-0.876,-0.472,0.101],20.656,"Running",1,[683,357.5],[["Space"],[]]],[[759.194,224.767,50.026,0.483,0,0.876,0,1,0,-0.876,0,0.483],[["walk",0.1],["walk",0.1],["jump",0.1]],1,3,[-7.712,50.701,13.866],[0,0,0],[763.825,246.466,50.575,0.482,-0.857,0.183,0,0.209,0.978,-0.876,-0.471,0.101],20.656,"Jumping",1,[683,357.5],[[],[]]],[[759.065,225.578,50.259,0.399,0,0.917,0,1,0,-0.917,0,0.399],[["jump",0.1]],1,5,[-7.73,47.431,14.006],[0,7.071,0],[763.696,247.277,50.808,0.482,-0.857,0.183,0,0.209,0.978,-0.876,-0.471,0.101],20.656,"FreeFall",1,[683,357.5],[[],[]]],[[758.969,226.15,50.434,0.396,0,0.918,0,1,0,-0.918,0,0.396],[],1,5,[-7.709,44.978,14.02],[0,7.813,0],[763.643,247.839,51.007,0.482,-0.856,0.185,0,0.212,0.977,-0.876,-0.471,0.102],20.656,"FreeFall",1,[683,357.5],[[],[]]],[[758.841,226.866,50.668,0.362,0,0.932,0,1,0,-0.932,0,0.362],[],1,5,[-7.708,41.708,14.021],[0,7.975,0],[763.594,248.533,51.332,0.49,-0.851,0.189,0,0.216,0.976,-0.872,-0.478,0.106],20.656,"FreeFall",1,[683,357.5],[[],[]]],[[758.712,227.527,50.902,0.37,0,0.929,0,1,0,-0.929,0,0.37],[],1,5,[-7.708,38.438,14.021],[0,7.993,0],[763.532,249.172,51.727,0.51,-0.839,0.19,0,0.221,0.975,-0.86,-0.498,0.113],20.656,"FreeFall",1,[683,357.5],[[],[]]],[[758.582,228.134,51.134,0.392,0,0.92,0,1,0,-0.92,0,0.392],[],1,5,[-7.837,35.168,13.949],[0,7.996,0],[763.428,249.757,52.285,0.558,-0.808,0.187,0,0.226,0.974,-0.83,-0.544,0.126],20.656,"FreeFall",1,[683,357.5],[[],[]]],[[758.446,228.686,51.364,0.443,0,0.897,0,1,0,-0.897,0,0.443],[],1,5,[-8.16,31.898,13.763],[0,7.996,0],[763.233,250.309,52.742,0.597,-0.782,0.181,0,0.226,0.974,-0.803,-0.581,0.135],20.656,"FreeFall",1,[683,357.5],[[],[]]],[[758.299,229.183,51.586,0.485,0,0.875,0,1,0,-0.875,0,0.485],[],1,5,[-8.916,28.628,13.285],[0,7.996,0],[763.002,250.812,53.158,0.631,-0.756,0.174,0,0.225,0.974,-0.775,-0.615,0.142],20.656,"FreeFall",1,[683,357.5],[[],[]]],[[758.142,229.626,51.802,0.523,0,0.853,0,1,0,-0.853,0,0.523],[],1,5,[-9.534,25.358,12.849],[0,7.996,0],[762.722,251.277,53.449,0.654,-0.738,0.166,0,0.22,0.976,-0.756,-0.638,0.144],20.656,"FreeFall",1,[683,357.5],[[],[]]],[[757.975,230.015,52.009,0.548,0,0.837,0,1,0,-0.837,0,0.548],[],1,5,[-10.09,22.088,12.417],[0,7.996,0],[762.448,251.687,53.685,0.67,-0.725,0.16,0,0.215,0.977,-0.743,-0.654,0.144],20.656,"FreeFall",1,[683,357.5],[[],[]]],[[757.801,230.349,52.212,0.565,0,0.825,0,1,0,-0.825,0,0.565],[],1,5,[-10.46,18.818,12.107],[0,7.996,0],[762.184,252.043,53.871,0.678,-0.719,0.155,0,0.21,0.978,-0.735,-0.662,0.143],20.656,"FreeFall",1,[683,357.5],[[],[]]],[[757.623,230.629,52.41,0.574,0,0.819,0,1,0,-0.819,0,0.574],[],1,5,[-10.707,15.548,11.889],[0,7.996,0],[761.911,252.343,54.064,0.688,-0.71,0.149,0,0.206,0.979,-0.726,-0.673,0.142],20.656,"FreeFall",1,[683,357.5],[[],[]]],[[757.443,230.854,52.607,0.585,0,0.811,0,1,0,-0.811,0,0.585],[],1,5,[-10.84,12.278,11.769],[0,7.996,0],[761.613,252.589,54.311,0.708,-0.692,0.142,0,0.201,0.98,-0.706,-0.694,0.142],20.656,"FreeFall",1,[683,357.5],[[],[]]],[[757.26,231.024,52.801,0.608,0,0.794,0,1,0,-0.794,0,0.608],[],1,5,[-11.004,9.008,11.615],[0,7.996,0],[761.26,252.789,54.56,0.735,-0.665,0.131,0,0.194,0.981,-0.678,-0.721,0.143],20.656,"FreeFall",1,[683,357.5],[[],[]]],[[757.072,231.14,52.99,0.639,0,0.769,0,1,0,-0.769,0,0.639],[],1,5,[-11.325,5.738,11.302],[0,7.996,0],[760.935,252.929,54.781,0.756,-0.643,0.123,0,0.188,0.982,-0.654,-0.743,0.142],20.656,"FreeFall",1,[683,357.5],[[],["Space"]]],[[756.828,231.209,53.217,0.637,0,0.771,0,1,0,-0.771,0,0.637],[],1,5,[-11.763,1.651,10.846],[0,7.996,0],[760.645,253.006,55.001,0.761,-0.637,0.12,0,0.186,0.983,-0.648,-0.748,0.141],20.656,"FreeFall",1,[683,357.5],[[],[]]],[[756.677,231.209,53.349,0.693,0,0.721,0,1,0,-0.721,0,0.693],[],1,5,[-12.083,-0.802,10.487],[0,7.996,0],[760.494,253.007,55.132,0.761,-0.637,0.12,0,0.186,0.983,-0.648,-0.748,0.141],20.656,"FreeFall",1,[683,357.5],[[],[]]],[[756.475,231.162,53.522,0.669,0,0.744,0,1,0,-0.744,0,0.669],[],1,5,[-12.181,-4.072,10.374],[0,7.996,0],[760.292,252.959,55.306,0.761,-0.637,0.12,0,0.186,0.983,-0.648,-0.748,0.141],20.656,"FreeFall",1,[683,357.5],[[],[]]],[[756.221,231.026,53.738,0.643,0,0.766,0,1,0,-0.766,0,0.643],[],1,5,[-12.183,-8.159,10.372],[0,7.996,0],[760.038,252.823,55.522,0.761,-0.637,0.12,0,0.186,0.983,-0.648,-0.748,0.141],20.656,"FreeFall",1,[683,357.5],[[],[]]],[[756.018,230.856,53.911,0.669,0,0.744,0,1,0,-0.744,0,0.669],[],1,5,[-12.183,-11.429,10.372],[0,7.996,0],[759.835,252.653,55.694,0.761,-0.637,0.12,0,0.186,0.983,-0.648,-0.748,0.141],20.656,"FreeFall",1,[683,357.5],[[],[]]],[[755.865,230.692,54.04,0.693,0,0.721,0,1,0,-0.721,0,0.693],[],1,5,[-12.183,-13.882,10.372],[0,7.996,0],[759.682,252.49,55.824,0.761,-0.637,0.12,0,0.186,0.983,-0.648,-0.748,0.141],20.656,"FreeFall",1,[683,357.5],[[],[]]],[[755.662,230.427,54.213,0.669,0,0.744,0,1,0,-0.744,0,0.669],[["fall",0.3]],1,5,[-12.183,-17.152,10.372],[0,7.996,0],[759.479,252.224,55.997,0.761,-0.637,0.12,0,0.186,0.983,-0.648,-0.748,0.141],20.656,"FreeFall",1,[683,357.5],[[],[]]],[[755.459,230.107,54.386,0.669,0,0.744,0,1,0,-0.744,0,0.669],[],1,5,[-12.183,-20.422,10.372],[0,7.996,0],[759.276,251.905,56.17,0.761,-0.637,0.12,0,0.186,0.983,-0.648,-0.748,0.141],20.656,"FreeFall",1,[683,357.5],[[],[]]],[[755.256,229.733,54.559,0.669,0,0.744,0,1,0,-0.744,0,0.669],[],1,5,[-12.183,-23.692,10.372],[0,7.996,0],[759.073,251.53,56.343,0.761,-0.637,0.12,0,0.186,0.983,-0.648,-0.748,0.141],20.656,"FreeFall",1,[683,357.5],[[],[]]],[[755.002,229.188,54.775,0.643,0,0.766,0,1,0,-0.766,0,0.643],[],1,5,[-12.183,-27.779,10.372],[0,7.996,0],[758.819,250.985,56.559,0.761,-0.637,0.12,0,0.186,0.983,-0.648,-0.748,0.141],20.656,"FreeFall",1,[683,357.5],[[],[]]],[[754.85,228.82,54.905,0.693,0,0.721,0,1,0,-0.721,0,0.693],[],1,5,[-12.183,-30.232,10.372],[0,7.996,0],[758.667,250.618,56.688,0.761,-0.637,0.12,0,0.186,0.983,-0.648,-0.748,0.141],20.656,"FreeFall",1,[683,357.5],[[],[]]],[[754.647,228.282,55.078,0.669,0,0.744,0,1,0,-0.744,0,0.669],[],1,5,[-12.183,-33.502,10.372],[0,7.996,0],[758.432,250.08,56.927,0.773,-0.624,0.118,0,0.186,0.983,-0.635,-0.759,0.143],20.656,"FreeFall",1,[683,357.5],[[],[]]],[[754.393,227.533,55.294,0.657,0,0.754,0,1,0,-0.754,0,0.657],[["fall",0.3]],1,5,[-12.183,-37.589,10.372],[0,7.996,0],[758.087,249.331,57.319,0.802,-0.588,0.111,0,0.186,0.983,-0.598,-0.788,0.149],20.656,"FreeFall",1,[683,357.5],[["W"],[]]],[[754.182,226.873,55.443,0.726,0,0.688,0,1,0,-0.688,0,0.726],[],1,5,[-12.896,-40.859,8.098],[0,6.812,0],[757.912,248.652,57.588,0.808,-0.578,0.112,0,0.19,0.982,-0.589,-0.793,0.154],20.656,"FreeFall",1,[683,357.5],[[],[]]],[[754.017,226.342,55.53,0.757,0,0.653,0,1,0,-0.653,0,0.757],[],1,5,[-13.382,-43.312,6.378],[0,6.456,0],[757.715,248.091,57.983,0.837,-0.537,0.108,0,0.197,0.98,-0.548,-0.82,0.165],20.656,"FreeFall",1,[683,357.5],[[],[]]],[[753.728,225.388,55.627,0.753,0,0.658,0,1,0,-0.658,0,0.753],[],1,5,[-14.169,-47.399,3.504],[0,6.667,0],[757.355,247.138,58.183,0.852,-0.514,0.103,0,0.197,0.98,-0.524,-0.835,0.168],20.656,"FreeFall",1,[683,357.5],[[],[]]],[[753.548,224.775,55.656,0.806,0,0.592,0,1,0,-0.592,0,0.806],[],1,5,[-14.554,-49.852,1.759],[0,6.538,0],[757.138,246.525,58.264,0.859,-0.502,0.101,0,0.197,0.98,-0.512,-0.842,0.17],20.656,"FreeFall",1,[683,357.5],[[],[]]],[[753.301,223.91,55.661,0.799,0,0.601,0,1,0,-0.601,0,0.799],[],1,5,[-14.987,-53.122,-0.585],[0,6.41,0],[756.891,245.66,58.269,0.859,-0.502,0.101,0,0.197,0.98,-0.512,-0.842,0.17],20.656,"FreeFall",1,[683,357.5],[[],["A"]]],[[753.063,222.991,55.629,0.842,0,0.54,0,1,0,-0.54,0,0.842],[],1,5,[-13.893,-56.392,-2.703],[0,0.741,0],[756.653,244.741,58.237,0.859,-0.502,0.101,0,0.197,0.98,-0.512,-0.842,0.17],20.656,"FreeFall",1,[683,357.5],[[],["W"]]],[[752.957,222.017,55.609,0.857,0,0.515,0,1,0,-0.515,0,0.857],[["fall",0.3],["walk",0.1],["fall",0.3],["fall",0.3]],1,7,[-1.797,-59.662,-0.35],[0,0.086,0],[756.556,243.762,58.243,0.86,-0.5,0.101,0,0.199,0.98,-0.51,-0.843,0.171],20.656,"FreeFall",1,[683,357.5],[[],[]]],[[752.953,221.601,55.608,0.86,0,0.511,0,1,0,-0.511,0,0.86],[],1,7,[-0.013,4.204,-0.003],[0,0.006,0],[756.552,243.346,58.242,0.86,-0.5,0.101,0,0.199,0.98,-0.51,-0.843,0.171],20.656,"FreeFall",1,[683,357.5],[[],[]]],[[752.953,221.701,55.608,0.86,0,0.51,0,1,0,-0.51,0,0.86],[["fall",0.3],["walk",0.1]],0.001,8,[-0.001,8.485,0],[0,0.001,0],[756.58,243.446,58.202,0.854,-0.509,0.103,0,0.199,0.98,-0.52,-0.837,0.17],20.656,"Running",1,[683,357.5],[[],[]]],[[752.953,221.82,55.608,0.854,0,0.52,0,1,0,-0.52,0,0.854],[],0.001,8,[0,6.092,0],[0,0,0],[756.625,243.565,58.139,0.845,-0.524,0.106,0,0.199,0.98,-0.535,-0.828,0.168],20.656,"Running",1,[683,357.5],[[],[]]],[[752.953,221.893,55.608,0.845,0,0.535,0,1,0,-0.535,0,0.845],[],0.001,8,[0,3.483,0],[0,0,0],[756.676,243.638,58.064,0.834,-0.541,0.11,0,0.199,0.98,-0.552,-0.817,0.166],20.656,"Running",1,[683,357.5],[[],[]]],[[752.953,221.932,55.608,0.834,0,0.552,0,1,0,-0.552,0,0.834],[],0.001,8,[0,1.712,0],[0,0,0],[756.81,243.652,58.064,0.819,-0.562,0.117,0,0.205,0.979,-0.574,-0.802,0.168],20.656,"Running",1,[683,357.5],[[],[]]],[[752.953,221.948,55.608,0.819,0,0.574,0,1,0,-0.574,0,0.819],[["walk",0.1]],0.001,8,[0,0.625,0],[0,0,0],[756.873,243.658,58.049,0.811,-0.573,0.121,0,0.207,0.978,-0.585,-0.793,0.168],20.656,"Running",1,[683,357.5],[[],[]]],[[752.953,221.953,55.608,0.811,0,0.585,0,1,0,-0.585,0,0.811],[],0.001,8,[0,0.076,0],[0,0,0],[756.873,243.662,58.049,0.811,-0.573,0.121,0,0.207,0.978,-0.585,-0.793,0.168],20.656,"Running",1,[683,357.5],[[],[]]],[[752.953,221.952,55.608,0.811,0,0.585,0,1,0,-0.585,0,0.811],[],0.001,8,[0,-0.102,0],[0,0,0],[756.873,243.661,58.049,0.811,-0.573,0.121,0,0.207,0.978,-0.585,-0.793,0.168],20.656,"Running",1,[683,357.5],[[],[]]],[[752.953,221.95,55.608,0.811,0,0.585,0,1,0,-0.585,0,0.811],[],0.001,8,[0,-0.097,0],[0,0,0],[756.873,243.659,58.049,0.811,-0.573,0.121,0,0.207,0.978,-0.585,-0.793,0.168],20.656,"Running",1,[683,357.5],[[],[]]],[[752.953,221.949,55.608,0.811,0,0.585,0,1,0,-0.585,0,0.811],[],0.001,8,[0,-0.048,0],[0,0,0],[756.873,243.658,58.049,0.811,-0.573,0.121,0,0.207,0.978,-0.585,-0.793,0.168],20.656,"Running",1,[683,357.5],[[],[]]],[[752.953,221.948,55.608,0.811,0,0.585,0,1,0,-0.585,0,0.811],[],0.001,8,[0,-0.012,0],[0,0,0],[756.873,243.658,58.049,0.811,-0.573,0.121,0,0.207,0.978,-0.585,-0.793,0.168],20.656,"Running",1,[683,357.5],[[],[]]],[[752.953,221.948,55.608,0.811,0,0.585,0,1,0,-0.585,0,0.811],[["walk",0.1]],0.001,8,[0,0.004,0],[0,0,0],[756.873,243.658,58.049,0.811,-0.573,0.121,0,0.207,0.978,-0.585,-0.793,0.168],20.656,"Running",1,[683,357.5],[[],[]]],[[752.953,221.948,55.608,0.811,0,0.585,0,1,0,-0.585,0,0.811],[],0.001,8,[0,0.005,0],[0,0,0],[756.873,243.658,58.049,0.811,-0.573,0.121,0,0.207,0.978,-0.585,-0.793,0.168],20.656,"Running",1,[683,357.5],[[],[]]],[[752.953,221.948,55.608,0.811,0,0.585,0,1,0,-0.585,0,0.811],[],0.001,8,[0,0.004,0],[0,0,0],[756.873,243.658,58.049,0.811,-0.573,0.121,0,0.207,0.978,-0.585,-0.793,0.168],20.656,"Running",1,[683,357.5],[[],[]]],[[752.953,221.948,55.608,0.811,0,0.585,0,1,0,-0.585,0,0.811],[],0.001,8,[0,0.002,0],[0,0,0],[756.961,243.637,58.078,0.803,-0.582,0.126,0,0.212,0.977,-0.595,-0.785,0.17],20.656,"Running",1,[683,357.5],[[],[]]],[[752.953,221.948,55.608,0.803,0,0.595,0,1,0,-0.595,0,0.803],[],0.001,8,[0,0.002,0],[0,0,0],[757.047,243.615,58.111,0.797,-0.59,0.131,0,0.216,0.976,-0.604,-0.778,0.172],20.656,"Running",1,[683,357.5],[[],[]]],[[752.953,221.948,55.608,0.797,0,0.604,0,1,0,-0.604,0,0.797],[],0.001,8,[0,0.001,0],[0,0,0],[757.09,243.615,58.04,0.786,-0.603,0.134,0,0.216,0.976,-0.618,-0.768,0.17],20.656,"Running",1,[683,357.5],[[],[]]],[[752.953,221.948,55.608,0.786,0,0.618,0,1,0,-0.618,0,0.786],[],0.001,8,[0,0.001,0],[0,0,0],[757.162,243.605,58.006,0.776,-0.616,0.138,0,0.219,0.976,-0.631,-0.757,0.17],20.656,"Running",1,[683,357.5],[[],[]]],[[752.953,221.948,55.608,0.776,0,0.631,0,1,0,-0.631,0,0.776],[["walk",0.1]],0.001,8,[0,0.001,0],[0,0,0],[757.221,243.605,57.9,0.759,-0.635,0.142,0,0.219,0.976,-0.651,-0.741,0.166],20.656,"Running",1,[683,357.5],[[],[]]],[[752.953,221.948,55.608,0.759,0,0.651,0,1,0,-0.651,0,0.759],[],0.001,8,[0,0.001,0],[0,0,0],[757.246,243.605,57.853,0.752,-0.643,0.144,0,0.219,0.976,-0.659,-0.734,0.165],20.656,"Running",1,[683,357.5],[[],[]]],[[752.953,221.948,55.608,0.752,0,0.659,0,1,0,-0.659,0,0.752],[],0.001,8,[0,0.002,0],[0,0,0],[757.267,243.605,57.812,0.746,-0.65,0.146,0,0.219,0.976,-0.666,-0.728,0.163],20.656,"Running",1,[683,357.5],[[],[]]],[[752.953,221.948,55.608,0.746,0,0.666,0,1,0,-0.666,0,0.746],[],0.001,8,[0,0.001,0],[0,0,0],[757.307,243.599,57.783,0.739,-0.658,0.148,0,0.22,0.976,-0.674,-0.721,0.162],20.656,"Running",1,[683,357.5],[[],[]]],[[752.953,221.948,55.608,0.739,0,0.674,0,1,0,-0.674,0,0.739],[],0.001,8,[0,0,0],[0,0,0],[757.341,243.599,57.714,0.728,-0.669,0.151,0,0.22,0.976,-0.686,-0.71,0.16],20.656,"Running",1,[683,357.5],[[],[]]],[[752.953,221.948,55.608,0.728,0,0.686,0,1,0,-0.686,0,0.728],[],0.001,8,[0,0,0],[0,0,0],[757.377,243.599,57.638,0.716,-0.681,0.154,0,0.22,0.976,-0.698,-0.698,0.157],20.656,"Running",1,[683,357.5],[[],[]]],[[752.953,221.948,55.608,0.716,0,0.698,0,1,0,-0.698,0,0.716],[["walk",0.1]],0.001,8,[0,0,0],[0,0,0],[757.438,243.594,57.557,0.7,-0.696,0.158,0,0.221,0.975,-0.714,-0.683,0.155],20.656,"Running",1,[683,357.5],[[],[]]],[[752.953,221.948,55.608,0.7,0,0.714,0,1,0,-0.714,0,0.7],[],0.001,8,[0,0,0],[0,0,0],[757.479,243.594,57.458,0.685,-0.711,0.161,0,0.221,0.975,-0.729,-0.668,0.151],20.656,"Running",1,[683,357.5],[[],[]]],[[752.953,221.948,55.608,0.685,0,0.729,0,1,0,-0.729,0,0.685],[],0.001,8,[0,0,0],[0,0,0],[757.514,243.594,57.372,0.671,-0.723,0.164,0,0.221,0.975,-0.742,-0.654,0.148],20.656,"Running",1,[683,357.5],[[],[]]],[[752.953,221.948,55.608,0.671,0,0.742,0,1,0,-0.742,0,0.671],[],0.001,8,[0,0,0],[0,0,0],[757.541,243.594,57.3,0.659,-0.734,0.166,0,0.221,0.975,-0.752,-0.643,0.146],20.656,"Running",1,[683,357.5],[[],[]]],[[752.953,221.948,55.608,0.659,0,0.752,0,1,0,-0.752,0,0.659],[],0.001,8,[0,0,0],[0,0,0],[757.559,243.594,57.25,0.651,-0.741,0.168,0,0.221,0.975,-0.759,-0.635,0.144],20.656,"Running",1,[683,357.5],[[],[]]],[[752.953,221.948,55.608,0.651,0,0.759,0,1,0,-0.759,0,0.651],[],0.001,8,[0,0,0],[0,0,0],[757.567,243.594,57.228,0.647,-0.744,0.169,0,0.221,0.975,-0.762,-0.631,0.143],20.656,"Running",1,[683,357.5],[[],[]]],[[752.953,221.948,55.608,0.647,0,0.762,0,1,0,-0.762,0,0.647],[],0.001,8,[0,0,0],[0,0,0],[757.556,243.599,57.191,0.643,-0.747,0.168,0,0.22,0.976,-0.765,-0.628,0.141],20.656,"Running",1,[683,357.5],[[],[]]],[[752.953,221.948,55.608,0.643,0,0.765,0,1,0,-0.765,0,0.643],[["walk",0.1]],0.001,8,[0,0,0],[0,0,0],[757.528,243.61,57.131,0.639,-0.751,0.167,0,0.218,0.976,-0.769,-0.623,0.139],20.656,"Running",1,[683,357.5],[[],[]]],[[752.953,221.948,55.608,0.639,0,0.769,0,1,0,-0.769,0,0.639],[],0.001,8,[0,0,0],[0,0,0],[757.521,243.615,57.079,0.633,-0.756,0.168,0,0.216,0.976,-0.774,-0.618,0.137],20.656,"Running",1,[683,357.5],[[],[]]],[[752.953,221.948,55.608,0.633,0,0.774,0,1,0,-0.774,0,0.633],[],0.001,8,[0,0,0],[0,0,0],[757.501,243.626,56.991,0.623,-0.764,0.167,0,0.214,0.977,-0.782,-0.608,0.133],20.656,"Running",1,[683,357.5],[[],[]]],[[752.953,221.948,55.608,0.623,0,0.782,0,1,0,-0.782,0,0.623],[],0.001,8,[0,0,0],[0,0,0],[757.479,243.637,56.904,0.613,-0.772,0.167,0,0.212,0.977,-0.79,-0.599,0.13],20.656,"Running",1,[683,357.5],[[],[]]],[[752.953,221.948,55.608,0.613,0,0.79,0,1,0,-0.79,0,0.613],[],0.001,8,[0,0,0],[0,0,0],[757.437,243.653,56.803,0.603,-0.78,0.166,0,0.208,0.978,-0.798,-0.59,0.125],20.656,"Running",1,[683,357.5],[[],[]]],[[752.953,221.948,55.608,0.603,0,0.798,0,1,0,-0.798,0,0.603],[],0.001,8,[0,0,0],[0,0,0],[757.412,243.663,56.718,0.593,-0.788,0.166,0,0.206,0.979,-0.805,-0.58,0.122],20.656,"Running",1,[683,357.5],[[],[]]],[[752.953,221.948,55.608,0.593,0,0.805,0,1,0,-0.805,0,0.593],[],0.001,8,[0,0,0],[0,0,0],[757.369,243.678,56.605,0.58,-0.798,0.165,0,0.202,0.979,-0.815,-0.568,0.117],20.656,"Running",1,[683,357.5],[[],[]]],[[752.953,221.948,55.608,0.58,0,0.815,0,1,0,-0.815,0,0.58],[["walk",0.1]],0.001,8,[0,0,0],[0,0,0],[757.347,243.688,56.494,0.565,-0.809,0.165,0,0.2,0.98,-0.825,-0.553,0.113],20.656,"Running",1,[683,357.5],[[],[]]],[[752.953,221.948,55.608,0.565,0,0.825,0,1,0,-0.825,0,0.565],[],0.001,8,[0,0,0],[0,0,0],[757.324,243.698,56.37,0.546,-0.821,0.165,0,0.197,0.98,-0.838,-0.536,0.108],20.656,"Running",1,[683,357.5],[[],[]]],[[752.953,221