{"Replay":[[[776.028,222.662,47.142,0,0,1,0,1,0,-1,0,0],[],1,8,[0,0,0],[0,0,0],[776.577,236.138,43.603,-0.988,-0.147,0.044,0,0.287,0.958,-0.153,0.947,-0.283],12.5,"Standing",0,[900,375],[[],[]]],[[776.028,222.662,47.142,0,0,1,0,1,0,-1,0,0],[],1,8,[0,0,0],[0,0,0],[776.593,236.138,43.606,-0.987,-0.151,0.045,0,0.287,0.958,-0.158,0.946,-0.283],12.5,"Standing",0,[900,375],[[],[]]],[[776.028,222.662,47.142,0,0,1,0,1,0,-1,0,0],[],1,8,[0,0,0],[0,0,0],[776.616,236.138,43.61,-0.986,-0.157,0.047,0,0.287,0.958,-0.164,0.945,-0.283],12.5,"Standing",0,[900,375],[[],[]]],[[776.028,222.662,47.142,0,0,1,0,1,0,-1,0,0],[],1,8,[0,0,0],[0,0,0],[776.643,236.138,43.614,-0.985,-0.165,0.049,0,0.287,0.958,-0.172,0.944,-0.282],12.5,"Standing",0,[900,375],[[],[]]],[[776.028,222.662,47.142,0,0,1,0,1,0,-1,0,0],[],1,8,[0,0,0],[0,0,0],[776.682,236.138,43.621,-0.983,-0.175,0.052,0,0.287,0.958,-0.183,0.942,-0.282],12.5,"Standing",0,[900,375],[[],[]]],[[776.028,222.662,47.142,0,0,1,0,1,0,-1,0,0],[],1,8,[0,0,0],[0,0,0],[776.743,236.138,43.633,-0.98,-0.191,0.057,0,0.287,0.958,-0.2,0.939,-0.281],12.5,"Standing",0,[900,375],[[],[]]],[[776.028,222.662,47.142,0,0,1,0,1,0,-1,0,0],[],1,8,[0,0,0],[0,0,0],[776.82,236.138,43.65,-0.975,-0.212,0.063,0,0.287,0.958,-0.221,0.934,-0.279],12.5,"Standing",0,[900,375],[[],[]]],[[776.028,222.662,47.142,0,0,1,0,1,0,-1,0,0],[],1,8,[0,0,0],[0,0,0],[776.918,236.138,43.673,-0.969,-0.238,0.071,0,0.287,0.958,-0.249,0.928,-0.278],12.5,"Standing",0,[900,375],[[],["E"]]],[[776.028,222.662,47.142,0,0,1,0,1,0,-1,0,0],[],1,8,[0,0,0],[0,0,0],[777.075,236.138,43.718,-0.956,-0.28,0.084,0,0.287,0.958,-0.293,0.916,-0.274],12.5,"Standing",0,[900,375],[[],[]]],[[776.028,222.662,47.142,0,0,1,0,1,0,-1,0,0],[],1,8,[0,0,0],[0,0,0],[777.166,236.138,43.747,-0.948,-0.305,0.091,0,0.287,0.958,-0.318,0.908,-0.272],12.5,"Standing",0,[900,375],[[],[]]],[[776.028,222.662,47.142,0,0,1,0,1,0,-1,0,0],[],1,8,[0,0,0],[0,0,0],[777.215,236.143,43.779,-0.943,-0.319,0.095,0,0.285,0.958,-0.333,0.904,-0.269],12.5,"Standing",0,[900,375],[[],[]]],[[776.028,222.662,47.142,0,0,1,0,1,0,-1,0,0],[],1,8,[0,0,0],[0,0,0],[777.231,236.147,43.8,-0.941,-0.325,0.096,0,0.284,0.959,-0.339,0.902,-0.267],12.5,"Standing",0,[900,375],[["D"],[]]],[[775.85,222.662,47.08,0.041,0,0.999,0,1,0,-0.999,0,0.041],[],1,8,[-13.717,0,-4.841],[0,-2.638,0],[777.054,236.155,43.768,-0.94,-0.328,0.096,0,0.282,0.959,-0.342,0.902,-0.265],12.5,"Standing",0,[900,375],[[],[]]],[[775.601,222.662,46.99,0.082,0,0.997,0,1,0,-0.997,0,0.082],[["walk",0.1]],1.003,8,[-15.028,0,-5.408],[0,-2.442,0],[776.8,236.164,43.708,-0.939,-0.329,0.096,0,0.28,0.96,-0.343,0.902,-0.263],12.5,"Running",0,[900,375],[[],[]]],[[775.35,222.662,46.899,0.118,0,0.993,0,1,0,-0.993,0,0.118],[["walk",0.1]],1.101,8,[-15.037,0,-5.466],[0,-2.143,0],[776.534,236.181,43.673,-0.939,-0.331,0.095,0,0.275,0.961,-0.345,0.903,-0.258],12.5,"Running",0,[900,375],[[],[]]],[[775.1,222.662,46.808,0.149,0,0.989,0,1,0,-0.989,0,0.149],[],1.101,8,[-15.029,0,-5.49],[0,-1.866,0],[776.259,236.205,43.666,-0.938,-0.333,0.093,0,0.268,0.963,-0.346,0.904,-0.251],12.5,"Running",0,[900,375],[[],[]]],[[774.849,222.662,46.716,0.176,0,0.984,0,1,0,-0.984,0,0.176],[],1.101,8,[-15.02,0,-5.513],[0,-1.626,0],[775.983,236.225,43.642,-0.938,-0.334,0.091,0,0.262,0.965,-0.346,0.905,-0.246],12.5,"Running",0,[900,375],[[],[]]],[[774.599,222.662,46.623,0.199,0,0.98,0,1,0,-0.98,0,0.199],[],1.101,8,[-15.011,0,-5.537],[0,-1.419,0],[775.683,236.253,43.641,-0.94,-0.33,0.087,0,0.254,0.967,-0.342,0.909,-0.239],12.5,"Running",0,[900,375],[[],[]]],[[774.349,222.662,46.531,0.219,0,0.976,0,1,0,-0.976,0,0.219],[],1.101,8,[-15.011,0,-5.538],[0,-1.228,0],[775.419,236.26,43.574,-0.94,-0.329,0.086,0,0.252,0.968,-0.34,0.91,-0.237],12.5,"Running",0,[900,375],[[],[]]],[[774.098,222.662,46.44,0.236,0,0.972,0,1,0,-0.972,0,0.236],[["walk",0.1]],1.101,8,[-15.037,0,-5.468],[0,-1.025,0],[775.13,236.275,43.531,-0.942,-0.324,0.083,0,0.247,0.969,-0.334,0.913,-0.233],12.5,"Running",0,[900,375],[[],[]]],[[773.847,222.662,46.349,0.251,0,0.968,0,1,0,-0.968,0,0.251],[],1.101,8,[-15.046,0,-5.444],[0,-0.872,0],[774.823,236.294,43.499,-0.946,-0.314,0.078,0,0.241,0.971,-0.324,0.918,-0.228],12.5,"Running",0,[900,375],[[],[]]],[[773.596,222.662,46.26,0.262,0,0.965,0,1,0,-0.965,0,0.262],[],1.101,8,[-15.079,0,-5.35],[0,-0.705,0],[774.531,236.305,43.442,-0.949,-0.306,0.075,0,0.237,0.971,-0.315,0.922,-0.225],12.5,"Running",0,[900,375],[[],[]]],[[773.344,222.662,46.173,0.271,0,0.963,0,1,0,-0.963,0,0.271],[],1.101,8,[-15.136,0,-5.185],[0,-0.522,0],[774.204,236.326,43.424,-0.954,-0.29,0.069,0,0.23,0.973,-0.299,0.929,-0.22],12.5,"Running",0,[900,375],[[],[]]],[[773.091,222.662,46.089,0.277,0,0.961,0,1,0,-0.961,0,0.277],[],1.101,8,[-15.185,0,-5.042],[0,-0.374,0],[773.87,236.346,43.408,-0.96,-0.272,0.062,0,0.223,0.975,-0.279,0.936,-0.215],12.5,"Running",0,[900,375],[[],[]]],[[772.836,222.662,46.009,0.28,0,0.96,0,1,0,-0.96,0,0.28],[],1.101,8,[-15.269,0,-4.781],[0,-0.186,0],[773.526,236.373,43.425,-0.966,-0.252,0.055,0,0.214,0.977,-0.258,0.944,-0.207],12.5,"Running",0,[900,375],[[],[]]],[[772.581,222.662,45.934,0.28,0,0.96,0,1,0,-0.96,0,0.28],[],1.101,8,[-15.363,0,-4.47],[0,0.004,0],[773.192,236.392,43.422,-0.972,-0.231,0.049,0,0.207,0.978,-0.236,0.951,-0.201],12.5,"Running",0,[900,375],[[],[]]],[[772.323,222.662,45.865,0.278,0,0.961,0,1,0,-0.961,0,0.278],[["walk",0.1]],1.101,8,[-15.457,0,-4.131],[0,0.181,0],[772.868,236.413,43.444,-0.976,-0.215,0.044,0,0.199,0.98,-0.22,0.956,-0.194],12.5,"Running",0,[900,375],[[],[]]],[[772.064,222.662,45.802,0.272,0,0.962,0,1,0,-0.962,0,0.272],[],1.101,8,[-15.544,0,-3.79],[0,0.335,0],[772.557,236.431,43.46,-0.979,-0.202,0.039,0,0.191,0.982,-0.206,0.96,-0.187],12.5,"Running",0,[900,375],[[],[]]],[[771.804,222.662,45.743,0.266,0,0.964,0,1,0,-0.964,0,0.266],[],1.101,8,[-15.608,0,-3.52],[0,0.432,0],[772.246,236.448,43.482,-0.981,-0.189,0.035,0,0.184,0.983,-0.192,0.965,-0.181],12.5,"Running",0,[900,375],[[],[]]],[[771.543,222.662,45.688,0.258,0,0.966,0,1,0,-0.966,0,0.258],[],1.101,8,[-15.656,0,-3.298],[0,0.49,0],[771.94,236.462,43.494,-0.984,-0.175,0.032,0,0.178,0.984,-0.178,0.968,-0.176],12.5,"Running",0,[900,375],[[],[]]],[[771.281,222.662,45.636,0.249,0,0.968,0,1,0,-0.968,0,0.249],[],1.101,8,[-15.701,-0.001,-3.076],[0,0.538,0],[771.634,236.472,43.494,-0.987,-0.16,0.028,0,0.174,0.985,-0.163,0.972,-0.171],12.5,"Running",0,[900,375],[[],[]]],[[771.019,222.662,45.588,0.24,0,0.971,0,1,0,-0.971,0,0.24],[],1.101,8,[-15.743,-0.001,-2.854],[0,0.58,0],[771.335,236.472,43.441,-0.989,-0.143,0.025,0,0.174,0.985,-0.146,0.974,-0.172],12.5,"Running",0,[900,375],[[],[]]],[[770.756,222.662,45.545,0.23,0,0.973,0,1,0,-0.973,0,0.23],[],1.101,8,[-15.786,0,-2.607],[0,0.629,0],[771.031,236.472,43.391,-0.992,-0.125,0.022,0,0.174,0.985,-0.127,0.977,-0.172],12.5,"Running",0,[900,375],[[],[]]],[[770.492,222.662,45.505,0.219,0,0.976,0,1,0,-0.976,0,0.219],[["walk",0.1]],1.101,8,[-15.829,0,-2.334],[0,0.683,0],[770.707,236.472,43.345,-0.995,-0.097,0.017,0,0.174,0.985,-0.099,0.98,-0.173],12.5,"Running",0,[900,375],[[],[]]],[[770.228,222.662,45.471,0.207,0,0.978,0,1,0,-0.978,0,0.207],[],1.101,8,[-15.87,0,-2.036],[0,0.743,0],[768.668,236.472,43.16,-0.996,-0.083,0.015,0,0.174,0.985,-0.085,0.981,-0.173],12.5,"Running",1,[900,375],[["LeftShift"],[]]],[[769.896,222.662,45.437,-1,0,-0.024,0,1,0,0.024,0,-1],[],1.101,8,[-15.921,0,-1.584],[0,6.366,0],[768.336,236.472,43.126,-0.996,-0.083,0.015,0,0.174,0.985,-0.085,0.981,-0.173],12.5,"Running",1,[683,357.5],[[],[]]],[[769.697,222.642,45.417,-1,0,0.002,0,1,0,-0.002,0,-1],[],1.101,8,[-15.922,-2.453,-1.581],[0,6.692,0],[768.119,236.452,43.119,-0.997,-0.076,0.013,0,0.174,0.985,-0.077,0.982,-0.173],12.5,"Running",1,[683,357.5],[[],[]]],[[769.432,222.567,45.391,-0.999,0,-0.036,0,1,0,0.036,0,-0.999],[],1.101,8,[-15.922,-5.723,-1.581],[0,6.763,0],[767.839,236.377,43.102,-0.998,-0.07,0.012,0,0.174,0.985,-0.071,0.982,-0.173],12.5,"Running",1,[683,357.5],[[],[]]],[[769.1,222.397,45.358,-0.998,0,-0.07,0,1,0,0.07,0,-0.998],[],1.101,8,[-15.922,-9.81,-1.581],[0,6.772,0],[767.497,236.207,43.077,-0.998,-0.065,0.011,0,0.174,0.985,-0.066,0.983,-0.173],12.5,"Running",1,[683,357.5],[["Space"],[]]],[[768.835,223.262,45.332,-0.999,0,-0.047,0,1,0,0.047,0,-0.999],[["walk",0.1],["walk",0.1],["jump",0.1]],1,3,[-15.922,50.701,-1.581],[0,6.766,0],[767.224,237.072,43.056,-0.998,-0.062,0.011,0,0.174,0.985,-0.063,0.983,-0.173],12.5,"Jumping",1,[683,357.5],[[],[]]],[[768.635,223.875,45.317,-0.996,0,0.094,0,1,0,-0.094,0,-0.996],[["jump",0.1]],1,5,[-15.963,48.248,-1.082],[0,-5.069,0],[767.025,237.685,43.041,-0.998,-0.062,0.011,0,0.174,0.985,-0.063,0.983,-0.173],12.5,"FreeFall",1,[683,357.5],[[],[]]],[[768.369,224.645,45.3,-0.984,0,0.18,0,1,0,-0.18,0,-0.984],[],1,5,[-15.968,44.978,-1.006],[0,-7.657,0],[766.759,238.456,43.024,-0.998,-0.062,0.011,0,0.174,0.985,-0.063,0.983,-0.173],12.5,"FreeFall",1,[683,357.5],[[],[]]],[[768.036,225.531,45.279,-0.974,0,0.226,0,1,0,-0.226,0,-0.974],[],1,5,[-15.968,40.891,-1.004],[0,-7.973,0],[766.426,239.341,43.003,-0.998,-0.062,0.011,0,0.174,0.985,-0.063,0.983,-0.173],12.5,"FreeFall",1,[683,357.5],[[],[]]],[[767.837,226.022,45.267,-0.987,0,0.162,0,1,0,-0.162,0,-0.987],[],1,5,[-15.968,38.438,-1.004],[0,-7.991,0],[766.216,239.832,42.998,-0.998,-0.057,0.01,0,0.174,0.985,-0.058,0.983,-0.173],12.5,"FreeFall",1,[683,357.5],[[],[]]],[[767.571,226.629,45.25,-0.982,0,0.19,0,1,0,-0.19,0,-0.982],[],1,5,[-15.968,35.168,-1.004],[0,-7.995,0],[765.928,240.439,42.997,-0.999,-0.048,0.008,0,0.174,0.985,-0.049,0.984,-0.173],12.5,"FreeFall",1,[683,357.5],[[],[]]],[[767.305,227.181,45.234,-0.983,0,0.181,0,1,0,-0.181,0,-0.983],[],1,5,[-15.973,31.898,-0.931],[0,-7.996,0],[765.648,240.991,42.992,-0.999,-0.042,0.007,0,0.174,0.985,-0.042,0.984,-0.173],12.5,"FreeFall",1,[683,357.5],[[],[]]],[[766.972,227.794,45.218,-0.978,0,0.207,0,1,0,-0.207,0,-0.978],[],1,5,[-15.981,27.811,-0.779],[0,-7.996,0],[765.308,241.604,42.98,-0.999,-0.039,0.007,0,0.174,0.985,-0.039,0.984,-0.174],12.5,"FreeFall",1,[683,357.5],[[],[]]],[[766.772,228.121,45.209,-0.99,0,0.139,0,1,0,-0.139,0,-0.99],[],1,5,[-15.985,25.358,-0.683],[0,-7.996,0],[765.098,241.931,42.979,-0.999,-0.034,0.006,0,0.174,0.985,-0.035,0.984,-0.174],12.5,"FreeFall",1,[683,357.5],[[],[]]],[[766.506,228.51,45.199,-0.986,0,0.167,0,1,0,-0.167,0,-0.986],[],1,5,[-15.988,22.088,-0.629],[0,-7.996,0],[764.828,242.32,42.971,-0.999,-0.032,0.006,0,0.174,0.985,-0.033,0.984,-0.174],12.5,"FreeFall",1,[683,357.5],[[],["LeftShift"]]],[[766.239,228.844,45.189,-0.986,0,0.165,0,1,0,-0.165,0,-0.986],[],1,5,[-15.99,18.818,-0.554],[0,-7.996,0],[764.551,242.654,42.97,-1,-0.028,0.005,0,0.174,0.985,-0.028,0.984,-0.174],12.5,"FreeFall",1,[683,357.5],[[],[]]],[[765.906,229.185,45.178,-0.981,0,0.194,0,1,0,-0.194,0,-0.981],[],1,5,[-15.991,14.731,-0.527],[0,-7.996,0],[764.207,242.995,42.967,-1,-0.023,0.004,0,0.174,0.985,-0.024,0.985,-0.174],12.5,"FreeFall",1,[683,357.5],[[],[]]],[[765.706,229.349,45.172,-0.992,0,0.123,0,1,0,-0.123,0,-0.992],[],1,5,[-15.994,12.278,-0.456],[0,-7.996,0],[763.997,243.159,42.969,-1,-0.018,0.003,0,0.174,0.985,-0.019,0.985,-0.174],12.5,"FreeFall",1,[683,357.5],[[],[]]],[[765.439,229.519,45.166,-0.988,0,0.151,0,1,0,-0.151,0,-0.988],[],1,5,[-15.996,9.008,-0.378],[0,-7.996,0],[763.72,243.329,42.971,-1,-0.014,0.002,0,0.174,0.985,-0.014,0.985,-0.174],12.5,"FreeFall",1,[683,357.5],[[],[]]],[[765.173,229.635,45.161,-0.989,0,0.147,0,1,0,-0.147,0,-0.989],[],1,5,[-15.997,5.738,-0.302],[0,-7.996,0],[763.443,243.445,42.974,-1,-0.009,0.002,0,0.174,0.985,-0.009,0.985,-0.174],12.5,"FreeFall",1,[683,357.5],[[],[]]],[[764.839,229.704,45.156,-0.985,0,0.175,0,1,0,-0.175,0,-0.985],[],1,5,[-15.998,1.651,-0.226],[0,-7.996,0],[763.093,243.514,42.983,-1,-0.001,0,0,0.174,0.985,-0.001,0.985,-0.174],12.5,"FreeFall",1,[683,357.5],[[],["b2"]]],[[764.639,229.704,45.154,-0.995,0,0.101,0,1,0,-0.101,0,-0.995],[],1,5,[-15.999,-0.802,-0.153],[0,-7.996,0],[762.876,243.514,42.994,-1,0.006,-0.001,0,0.174,0.985,0.006,0.985,-0.174],12.5,"FreeFall",1,[683,357.5],[[],[]]],[[764.373,229.657,45.153,-0.992,0,0.127,0,1,0,-0.127,0,-0.992],[],1,5,[-16,-4.072,-0.026],[0,-7.996,0],[762.592,243.467,43.007,-1,0.014,-0.002,0,0.174,0.985,0.014,0.985,-0.174],12.5,"FreeFall",1,[683,357.5],[[],[]]],[[764.106,229.555,45.154,-0.993,0,0.119,0,1,0,-0.119,0,-0.993],[],1,5,[-16,-7.342,0.099],[0,-7.996,0],[762.289,243.365,43.04,-1,0.031,-0.005,0,0.174,0.985,0.031,0.984,-0.174],12.5,"FreeFall",1,[683,357.5],[[],[]]],[[763.773,229.351,45.159,-0.991,0,0.135,0,1,0,-0.135,0,-0.991],[],1,5,[-15.998,-11.429,0.226],[0,-7.996,0],[761.922,243.161,43.073,-0.999,0.046,-0.008,0,0.174,0.985,0.047,0.984,-0.173],12.5,"FreeFall",1,[683,357.5],[[],["Space"]]],[[763.506,229.126,45.166,-0.996,0,0.086,0,1,0,-0.086,0,-0.996],[["fall",0.3]],1,5,[-15.992,-14.699,0.498],[0,-7.996,0],[761.623,242.936,43.11,-0.998,0.062,-0.011,0,0.174,0.985,0.063,0.983,-0.173],12.5,"FreeFall",1,[683,357.5],[[],[]]],[[763.307,228.922,45.175,-0.999,0,0.037,0,1,0,-0.037,0,-0.999],[],1,5,[-15.983,-17.152,0.741],[0,-7.996,0],[761.398,242.732,43.143,-0.997,0.074,-0.013,0,0.174,0.985,0.075,0.982,-0.173],12.5,"FreeFall",1,[683,357.5],[[],[]]],[[763.04,228.602,45.191,-0.998,0,0.058,0,1,0,-0.058,0,-0.998],[],1,5,[-15.969,-20.422,1],[0,-7.996,0],[761.113,242.412,43.177,-0.996,0.083,-0.015,0,0.174,0.985,0.085,0.981,-0.173],12.5,"FreeFall",1,[683,357.5],[[],[]]],[[762.708,228.125,45.216,-0.997,0,0.082,0,1,0,-0.082,0,-0.997],[],1,5,[-15.955,-24.509,1.205],[0,-7.996,0],[760.758,241.936,43.223,-0.995,0.094,-0.017,0,0.174,0.985,0.096,0.98,-0.173],12.5,"FreeFall",1,[683,357.5],[[],[]]],[[762.509,227.799,45.233,-1,0,0.004,0,1,0,-0.004,0,-1],[],1,5,[-15.943,-26.962,1.348],[0,-7.996,0],[760.519,241.609,43.28,-0.993,0.114,-0.02,0,0.174,0.985,0.116,0.978,-0.172],12.5,"FreeFall",1,[683,357.5],[[],[]]],[[762.243,227.315,45.258,-1,0,0.017,0,1,0,-0.017,0,-1],[],1,5,[-15.927,-30.232,1.528],[0,-7.996,0],[760.199,241.125,43.362,-0.99,0.142,-0.025,0,0.174,0.985,0.144,0.975,-0.172],12.5,"FreeFall",1,[683,357.5],[[],[]]],[[761.978,226.777,45.288,-1,0,-0.011,0,1,0,0.011,0,-1],[],1,5,[-15.893,-33.502,1.85],[0,-7.996,0],[759.844,240.587,43.494,-0.981,0.189,-0.033,0,0.174,0.985,0.192,0.966,-0.17],12.5,"FreeFall",1,[683,357.5],[[],[]]],[[761.648,226.028,45.335,-1,0,-0.027,0,1,0,0.027,0,-1],[["fall",0.3]],1,5,[-15.834,-37.589,2.301],[0,-7.996,0],[759.483,239.838,43.578,-0.978,0.206,-0.036,0,0.174,0.985,0.209,0.963,-0.17],12.5,"FreeFall",1,[683,357.5],[[],[]]],[[761.452,225.538,45.371,-0.994,0,-0.11,0,1,0,0.11,0,-0.994],[],1,5,[-15.709,-40.042,3.032],[0,-7.996,0],[759.222,239.348,43.697,-0.969,0.242,-0.043,0,0.174,0.985,0.246,0.955,-0.168],12.5,"FreeFall",1,[683,357.5],[[],[]]],[[761.191,224.837,45.426,-0.993,0,-0.115,0,1,0,0.115,0,-0.993],[],1,5,[-15.648,-43.312,3.338],[0,-7.996,0],[758.825,238.647,43.951,-0.945,0.323,-0.057,0,0.174,0.985,0.328,0.93,-0.164],12.5,"FreeFall",1,[683,357.5],[[],[]]],[[760.867,223.883,45.507,-0.986,0,-0.167,0,1,0,0.167,0,-0.986],[],1,5,[-15.511,-47.399,3.927],[0,-7.996,0],[758.401,237.693,44.206,-0.918,0.39,-0.069,0,0.174,0.985,0.396,0.904,-0.159],12.5,"FreeFall",1,[683,357.5],[[],[]]],[[760.614,223.059,45.589,-0.963,0,-0.27,0,1,0,0.27,0,-0.963],[],1,5,[-15.124,-50.669,5.215],[0,-7.996,0],[758.061,236.869,44.47,-0.887,0.454,-0.08,0,0.174,0.985,0.461,0.874,-0.154],12.5,"FreeFall",1,[683,357.5],[[],[]]],[[760.43,222.993,45.666,-0.901,0,-0.433,0,1,0,0.433,0,-0.901],[["walk",0.1],["fall",0.3],["fall",0.3]],1,7,[-14.716,6.035,6.273],[0,-0.927,0],[757.814,236.803,44.701,-0.858,0.505,-0.089,0,0.174,0.985,0.513,0.845,-0.149],12.5,"FreeFall",1,[683,357.5],[[],[]]],[[760.192,223.194,45.786,-0.861,0,-0.509,0,1,0,0.509,0,-0.861],[],1,7,[-14.208,12.342,7.355],[0,-0.107,0],[757.541,237.004,44.92,-0.838,0.537,-0.095,0,0.174,0.985,0.545,0.826,-0.146],12.5,"FreeFall",1,[683,357.5],[[],[]]],[[759.962,223.357,45.921,-0.839,0,-0.545,0,1,0,0.545,0,-0.839],[["fall",0.3]],1,7,[-13.742,8.153,8.193],[0,-0.012,0],[757.308,237.167,45.063,-0.837,0.539,-0.095,0,0.174,0.985,0.548,0.824,-0.145],12.5,"FreeFall",1,[683,357.5],[[],[]]],[[759.681,223.471,46.101,-0.837,0,-0.548,0,1,0,0.548,0,-0.837],[["walk",0.1],["fall",0.3],["walk",0.1]],1.103,8,[-13.416,3.998,8.718],[0,-0.001,0],[757.07,237.281,45.124,-0.861,0.501,-0.088,0,0.174,0.985,0.509,0.848,-0.149],12.5,"Running",1,[683,357.5],[[],[]]],[[759.514,223.507,46.211,-0.861,0,-0.509,0,1,0,0.509,0,-0.861],[],1.103,8,[-13.388,2.42,8.762],[0,0,0],[757.006,237.318,44.992,-0.905,0.419,-0.074,0,0.174,0.985,0.426,0.891,-0.157],12.5,"Running",1,[683,357.5],[[],[]]],[[759.285,223.532,46.348,-0.905,0,-0.426,0,1,0,0.426,0,-0.905],[],1.103,8,[-13.764,1.027,8.158],[0,0,0],[756.937,237.332,44.76,-0.952,0.301,-0.055,0,0.178,0.984,0.306,0.937,-0.17],12.5,"Running",1,[683,357.5],[[],[]]],[[758.985,223.541,46.493,-0.954,0,-0.299,0,1,0,0.299,0,-0.954],[],1.103,8,[-14.472,0.14,6.823],[0,-0.48,0],[757.032,237.324,44.343,-0.996,0.089,-0.017,0,0.186,0.983,0.091,0.979,-0.185],12.5,"Running",1,[683,357.5],[[],[]]],[[758.733,223.541,46.58,-0.997,0,-0.079,0,1,0,0.079,0,-0.997],[],1.103,8,[-15.217,-0.091,4.935],[0,-0.805,0],[756.935,237.315,44.252,-1,0.02,-0.004,0,0.189,0.982,0.021,0.982,-0.189],12.5,"Running",1,[683,357.5],[[],[]]],[[758.47,223.539,46.612,-1,0,-0.016,0,1,0,0.016,0,-1],[["walk",0.1]],1.103,8,[-15.919,-0.106,1.526],[0,-0.093,0],[756.965,237.299,44.016,-0.995,-0.095,0.019,0,0.195,0.981,-0.097,0.976,-0.194],12.5,"Running",1,[683,357.5],[[],[]]],[[758.203,223.538,46.621,-0.995,0,0.103,0,1,0,-0.103,0,-0.995],[],1.103,8,[-15.995,-0.057,0.352],[0,-0.413,0],[756.881,237.298,43.926,-0.986,-0.162,0.032,0,0.195,0.981,-0.166,0.967,-0.192],12.5,"Running",1,[683,357.5],[[],[]]],[[758.004,223.537,46.606,-0.986,0,0.168,0,1,0,-0.168,0,-0.986],[],1.103,8,[-15.928,-0.025,-1.454],[0,-0.082,0],[756.766,237.294,43.859,-0.981,-0.191,0.038,0,0.196,0.981,-0.195,0.962,-0.192],12.5,"Running",1,[683,357.5],[[],[]]],[[757.675,223.537,46.554,-0.981,0,0.195,0,1,0,-0.195,0,-0.981],[],1.103,8,[-15.78,0.002,-2.642],[0,-0.006,0],[756.437,237.294,43.807,-0.981,-0.191,0.038,0,0.196,0.981,-0.195,0.962,-0.192],12.5,"Running",1,[683,357.5],[[],[]]],[[757.413,223.537,46.503,-0.981,0,0.195,0,1,0,-0.195,0,-0.981],[],1.103,8,[-15.695,0.006,-3.111],[0,0,0],[756.179,237.294,43.754,-0.98,-0.193,0.039,0,0.196,0.981,-0.197,0.961,-0.192],12.5,"Running",1,[683,357.5],[[],[]]],[[757.086,223.537,46.438,-0.98,0,0.197,0,1,0,-0.197,0,-0.98],[],1.103,8,[-15.693,0.004,-3.12],[0,0,0],[755.853,237.294,43.689,-0.98,-0.193,0.039,0,0.196,0.981,-0.197,0.961,-0.192],12.5,"Running",1,[683,357.5],[[],[]]],[[756.89,223.537,46.398,-0.98,0,0.197,0,1,0,-0.197,0,-0.98],[],1.103,8,[-15.688,0.002,-3.143],[0,0,0],[755.656,237.294,43.649,-0.98,-0.193,0.039,0,0.196,0.981,-0.197,0.961,-0.192],12.5,"Running",1,[683,357.5],[[],[]]],[[756.563,223.537,46.333,-0.98,0,0.197,0,1,0,-0.197,0,-0.98],[["walk",0.1]],1.103,8,[-15.688,0,-3.145],[0,0,0],[755.33,237.294,43.584,-0.98,-0.193,0.039,0,0.196,0.981,-0.197,0.961,-0.192],12.5,"Running",1,[683,357.5],[[],[]]],[[756.367,223.537,46.294,-0.98,0,0.197,0,1,0,-0.197,0,-0.98],[],1.103,8,[-15.688,0,-3.145],[0,0,0],[755.082,235.983,43.802,-0.98,-0.193,0.039,0,0.196,0.981,-0.197,0.961,-0.192],12.5,"Running",1,[683,357.5],[[],[]]],[[756.106,223.537,46.241,-0.98,0,0.197,0,1,0,-0.197,0,-0.98],[],1.103,8,[-15.688,0,-3.145],[0,0,0],[754.782,234.918,43.956,-0.98,-0.194,0.039,0,0.196,0.981,-0.198,0.961,-0.192],12.5,"Running",1,[683,357.5],[[],[]]],[[755.779,223.537,46.176,-0.98,0,0.198,0,1,0,-0.198,0,-0.98],[],1.103,8,[-15.688,0,-3.145],[0,0,0],[754.469,234.811,43.901,-0.979,-0.202,0.04,0,0.196,0.981,-0.206,0.96,-0.192],12.5,"Running",1,[683,357.5],[[],[]]],[[755.517,223.537,46.123,-0.979,0,0.206,0,1,0,-0.206,0,-0.979],[],1.103,8,[-15.683,0,-3.169],[0,0,0],[754.229,234.561,43.879,-0.976,-0.215,0.043,0,0.196,0.981,-0.22,0.957,-0.191],12.5,"Running",1,[683,357.5],[[],[]]],[[755.322,223.537,46.082,-0.976,0,0.22,0,1,0,-0.22,0,-0.976],[],1.103,8,[-15.659,0,-3.286],[0,0,0],[754.043,233.946,43.936,-0.972,-0.232,0.046,0,0.196,0.981,-0.236,0.953,-0.191],12.5,"Running",1,[683,357.5],[[],[]]],[[755.061,223.537,46.024,-0.972,0,0.236,0,1,0,-0.236,0,-0.972],[],1.103,8,[-15.61,0,-3.509],[0,0,0],[753.805,233.534,43.924,-0.967,-0.25,0.05,0,0.197,0.98,-0.255,0.948,-0.191],12.5,"Running",1,[683,357.5],[[],[]]],[[754.802,223.537,45.962,-0.967,0,0.255,0,1,0,-0.255,0,-0.967],[["walk",0.1]],1.103,8,[-15.548,0,-3.777],[0,0,0],[753.614,233.533,43.796,-0.959,-0.276,0.057,0,0.201,0.98,-0.282,0.94,-0.193],12.5,"Running",1,[683,357.5],[[],[]]],[[754.544,223.537,45.895,-0.959,0,0.282,0,1,0,-0.282,0,-0.959],[],1.103,8,[-15.474,0,-4.069],[0,0,0],[753.4,233.533,43.688,-0.954,-0.292,0.061,0,0.203,0.979,-0.298,0.934,-0.194],12.5,"Running",1,[683,357.5],[[],[]]],[[754.224,223.537,45.802,-0.954,0,0.298,0,1,0,-0.298,0,-0.954],[],1.103,8,[-15.352,0,-4.508],[0,0,0],[753.116,233.759,43.54,-0.952,-0.301,0.063,0,0.203,0.979,-0.307,0.932,-0.193],12.5,"Running",1,[683,357.5],[[],[]]],[[754.033,223.537,45.743,-0.952,0,0.307,0,1,0,-0.307,0,-0.952],[],1.103,8,[-15.275,0,-4.761],[0,0,0],[752.977,234.353,43.357,-0.95,-0.307,0.064,0,0.203,0.979,-0.313,0.93,-0.193],12.5,"Running",1,[683,357.5],[[],[]]],[[753.779,223.537,45.661,-0.95,0,0.313,0,1,0,-0.313,0,-0.95],[],1.103,8,[-15.226,0,-4.916],[0,0,0],[752.784,235.042,43.133,-0.948,-0.313,0.065,0,0.203,0.979,-0.319,0.928,-0.193],12.5,"Running",1,[683,357.5],[[],[]]],[[753.462,223.537,45.557,-0.948,0,0.319,0,1,0,-0.319,0,-0.948],[],1.103,8,[-15.194,0,-5.014],[0,0,0],[752.524,235.586,42.914,-0.945,-0.32,0.066,0,0.203,0.979,-0.327,0.925,-0.192],12.5,"Running",1,[683,357.5],[[],[]]],[[753.21,223.537,45.472,-0.945,0,0.327,0,1,0,-0.327,0,-0.945],[["walk",0.1]],1.103,8,[-15.163,0,-5.108],[0,0,0],[752.336,236.029,42.731,-0.941,-0.332,0.069,0,0.203,0.979,-0.339,0.921,-0.191],12.5,"Running",1,[683,357.5],[[],[]]],[[752.958,223.537,45.385,-0.941,0,0.339,0,1,0,-0.339,0,-0.941],[],1.103,8,[-15.122,0,-5.227],[0,0,0],[752.13,236.375,42.57,-0.938,-0.339,0.07,0,0.203,0.979,-0.346,0.919,-0.191],12.5,"Running",1,[683,357.5],[[],[]]],[[752.706,223.537,45.295,-0.938,0,0.346,0,1,0,-0.346,0,-0.938],[],1.103,8,[-15.056,0,-5.415],[0,0,0],[751.902,236.687,42.42,-0.938,-0.339,0.07,0,0.203,0.979,-0.346,0.919,-0.191],12.5,"Running",1,[683,357.5],[[],[]]],[[752.394,223.537,45.18,-0.938,0,0.346,0,1,0,-0.346,0,-0.938],[],1.103,8,[-15.012,0,-5.536],[0,0,0],[751.599,236.833,42.276,-0.938,-0.339,0.07,0,0.203,0.979,-0.346,0.919,-0.191],12.5,"Running",1,[683,357.5],[[],[]]],[[752.206,223.537,45.111,-0.938,0,0.346,0,1,0,-0.346,0,-0.938],[],1.103,8,[-15.012,0,-5.536],[0,0,0],[751.422,236.981,42.178,-0.938,-0.339,0.07,0,0.203,0.979,-0.346,0.919,-0.191],12.5,"Running",1,[683,357.5],[[],[]]],[[751.956,223.537,45.019,-0.938,0,0.346,0,1,0,-0.346,0,-0.938],[],1.103,8,[-15.012,0,-5.536],[0,0,0],[751.179,237.077,42.067,-0.938,-0.339,0.07,0,0.203,0.979,-0.346,0.919,-0.191],12.5,"Running",1,[683,357.5],[[],[]]],[[751.705,223.537,44.926,-0.938,0,0.346,0,1,0,-0.346,0,-0.938],[],1.103,8,[-15.012,0.001,-5.536],[0,0,0],[750.929,237.146,41.963,-0.939,-0.337,0.07,0,0.203,0.979,-0.345,0.919,-0.191],12.5,"Running",1,[683,357.5],[[],[]]],[[751.393,223.537,44.811,-0.939,0,0.345,0,1,0,-0.345,0,-0.939],[["walk",0.1]],1.103,8,[-15.012,0.001,-5.536],[0,0,0],[750.563,237.194,41.892,-0.944,-0.325,0.066,0,0.2,0.98,-0.331,0.925,-0.189],12.5,"Running",1,[683,357.5],[[],[]]],[[751.205,223.537,44.742,-0.944,0,0.331,0,1,0,-0.331,0,-0.944],[],1.103,8,[-15.02,0,-5.514],[0,0,0],[750.299,237.237,41.891,-0.95,-0.306,0.061,0,0.195,0.981,-0.312,0.932,-0.185],12.5,"Running",1,[683,357.5],[["Space"],[]]],[[750.892,224.624,44.627,-0.95,0,0.312,0,1,0,-0.312,0,-0.95],[["walk",0.1],["jump",0.1]],1,3,[-15.02,50.701,-5.514],[0,0,0],[749.916,238.35,41.821,-0.957,-0.286,0.056,0,0.193,0.981,-0.291,0.939,-0.184],12.5,"Jumping",1,[683,357.5],[[],[]]],[[750.703,225.238,44.563,-0.937,0,0.35,0,1,0,-0.35,0,-0.937],[["jump",0.1]],1,5,[-15.192,48.248,-5.018],[0,-6.41,0],[749.663,238.986,41.816,-0.962,-0.268,0.052,0,0.189,0.982,-0.273,0.945,-0.182],12.5,"FreeFall",1,[683,357.5],[[],[]]],[[750.384,226.192,44.466,-0.907,0,0.421,0,1,0,-0.421,0,-0.907],[],1,5,[-15.307,44.161,-4.658],[0,-7.889,0],[749.278,239.959,41.795,-0.967,-0.25,0.047,0,0.184,0.983,-0.255,0.95,-0.178],12.5,"FreeFall",1,[683,357.5],[[],[]]],[[750.192,226.723,44.41,-0.937,0,0.349,0,1,0,-0.349,0,-0.937],[],1,5,[-15.388,41.708,-4.381],[0,-7.975,0],[749.017,240.508,41.819,-0.972,-0.231,0.042,0,0.18,0.984,-0.235,0.956,-0.175],12.5,"FreeFall",1,[683,357.5],[[],[]]],[[749.934,227.384,44.342,-0.932,0,0.362,0,1,0,-0.362,0,-0.932],[],1,5,[-15.471,38.438,-4.081],[0,-7.993,0],[748.691,241.184,41.834,-0.977,-0.21,0.037,0,0.175,0.985,-0.213,0.962,-0.171],12.5,"FreeFall",1,[683,357.5],[[],[]]],[[749.675,227.991,44.278,-0.94,0,0.341,0,1,0,-0.341,0,-0.94],[],1,5,[-15.551,35.168,-3.765],[0,-7.996,0],[748.382,241.796,41.809,-0.981,-0.192,0.034,0,0.174,0.985,-0.195,0.966,-0.17],12.5,"FreeFall",1,[683,357.5],[[],[]]],[[749.35,228.672,44.206,-0.935,0,0.355,0,1,0,-0.355,0,-0.935],[],1,5,[-15.631,31.081,-3.418],[0,-7.996,0],[748.01,242.479,41.761,-0.984,-0.174,0.031,0,0.174,0.985,-0.177,0.969,-0.171],12.5,"FreeFall",1,[683,357.5],[[],[]]],[[749.154,229.04,44.166,-0.962,0,0.274,0,1,0,-0.274,0,-0.962],[],1,5,[-15.689,28.628,-3.136],[0,-7.996,0],[747.764,242.848,41.749,-0.988,-0.154,0.027,0,0.174,0.985,-0.156,0.973,-0.172],12.5,"FreeFall",1,[683,357.5],[[],[]]],[[748.891,229.484,44.119,-0.958,0,0.286,0,1,0,-0.286,0,-0.958],[],1,5,[-15.748,25.358,-2.83],[0,-7.996,0],[747.445,243.292,41.735,-0.991,-0.131,0.023,0,0.174,0.985,-0.133,0.976,-0.172],12.5,"FreeFall",1,[683,357.5],[[],[]]],[[748.628,229.872,44.076,-0.965,0,0.264,0,1,0,-0.264,0,-0.965],[],1,5,[-15.802,22.088,-2.508],[0,-7.996,0],[747.104,243.681,41.741,-0.995,-0.099,0.017,0,0.174,0.985,-0.1,0.98,-0.173],12.5,"FreeFall",1,[683,357.5],[[],[]]],[[748.298,230.281,44.031,-0.965,0,0.264,0,1,0,-0.264,0,-0.965],[],1,5,[-15.857,18.001,-2.132],[0,-7.996,0],[746.734,244.091,41.722,-0.997,-0.082,0.014,0,0.174,0.985,-0.083,0.981,-0.173],12.5,"FreeFall",1,[683,357.5],[[],[]]],[[748.032,230.547,44.003,-0.977,0,0.215,0,1,0,-0.215,0,-0.977],[],1,5,[-15.918,14.731,-1.615],[0,-7.996,0],[746.436,244.357,41.717,-0.998,-0.068,0.012,0,0.174,0.985,-0.069,0.982,-0.173],12.5,"FreeFall",1,[683,357.5],[[],[]]],[[747.833,230.711,43.985,-0.986,0,0.168,0,1,0,-0.168,0,-0.986],[],1,5,[-15.943,12.278,-1.345],[0,-7.996,0],[746.209,244.521,41.72,-0.998,-0.056,0.01,0,0.174,0.985,-0.056,0.983,-0.173],12.5,"FreeFall",1,[683,357.5],[["W"],[]]],[[747.575,230.881,43.987,-0.985,0,0.17,0,1,0,-0.17,0,-0.985],[],1,5,[-15.202,9.008,0.921],[0,-6.567,0],[745.926,244.691,41.739,-0.999,-0.045,0.008,0,0.174,0.985,-0.045,0.984,-0.173],12.5,"FreeFall",1,[683,357.5],[[],[]]],[[747.27,231.018,44.041,-0.984,0,0.178,0,1,0,-0.178,0,-0.984],[],1,5,[-14.254,4.921,3.745],[0,-6.381,0],[745.596,244.828,41.812,-0.999,-0.034,0.006,0,0.174,0.985,-0.034,0.984,-0.174],12.5,"FreeFall",1,[683,357.5],[[],["Space"]]],[[747.041,231.066,44.127,-0.99,0,0.14,0,1,0,-0.14,0,-0.99],[],1,5,[-13.475,1.651,5.997],[0,-6.37,0],[745.353,244.876,41.908,-1,-0.028,0.005,0,0.174,0.985,-0.028,0.984,-0.174],12.5,"FreeFall",1,[683,357.5],[[],[]]],[[746.878,231.066,44.216,-0.994,0,0.107,0,1,0,-0.107,0,-0.994],[],1,5,[-12.867,-0.802,7.678],[0,-6.338,0],[745.172,244.876,42.01,-1,-0.02,0.004,0,0.174,0.985,-0.02,0.985,-0.174],12.5,"FreeFall",1,[683,357.5],[[],[]]],[[746.672,231.019,44.367,-0.992,0,0.126,0,1,0,-0.126,0,-0.992],[],1,5,[-12.032,-4.072,9.911],[0,-6.342,0],[744.935,244.829,42.186,-1,-0.006,0.001,0,0.174,0.985,-0.006,0.985,-0.174],12.5,"FreeFall",1,[683,357.5],[[],["D"]]],[[746.417,230.845,44.639,-0.999,0,0.044,0,1,0,-0.044,0,-0.999],[["fall",0.3]],1,5,[-8.86,-8.977,11.56],[0,-0.358,0],[744.654,244.656,42.48,-1,0.006,-0.001,0,0.174,0.985,0.006,0.985,-0.174],12.5,"FreeFall",1,[683,357.5],[[],[]]],[[746.32,230.713,44.79,-1,0,-0.004,0,1,0,0.004,0,-1],[],1,5,[-7.266,-11.429,12.368],[0,-0.152,0],[744.522,244.523,42.659,-1,0.022,-0.004,0,0.174,0.985,0.022,0.985,-0.174],12.5,"FreeFall",1,[683,357.5],[[],[]]],[[746.221,230.488,45.007,-1,0,-0.02,0,1,0,0.02,0,-1],[],1,5,[-5.128,-14.699,13.422],[0,-0.129,0],[744.384,244.298,42.91,-0.999,0.04,-0.007,0,0.174,0.985,0.041,0.984,-0.174],12.5,"FreeFall",1,[683,357.5],[[],[]]],[[746.158,230.209,45.242,-0.999,0,-0.039,0,1,0,0.039,0,-0.999],[],1,5,[-2.971,-17.969,14.435],[0,-0.148,0],[744.288,244.019,43.174,-0.998,0.056,-0.01,0,0.174,0.985,0.057,0.983,-0.173],12.5,"FreeFall",1,[683,357.5],[[],[]]],[[746.131,229.876,45.492,-0.999,0,-0.054,0,1,0,0.054,0,-0.999],[],1,5,[-0.78,-21.239,15.373],[0,-0.128,0],[744.239,243.686,43.445,-0.998,0.067,-0.012,0,0.174,0.985,0.068,0.983,-0.173],12.5,"FreeFall",1,[683,357.5],[[],[]]],[[746.138,229.488,45.755,-0.998,0,-0.066,0,1,0,0.066,0,-0.998],[],1,5,[0.826,-24.509,15.946],[0,-0.093,0],[744.245,243.298,43.708,-0.998,0.067,-0.012,0,0.174,0.985,0.068,0.983,-0.173],12.5,"FreeFall",1,[683,357.5],[[],[]]],[[746.155,229.045,46.021,-0.998,0,-0.067,0,1,0,0.067,0,-0.998],[],1,5,[1.076,-27.779,15.963],[0,-0.011,0],[744.269,242.855,43.968,-0.998,0.063,-0.011,0,0.174,0.985,0.064,0.983,-0.173],12.5,"FreeFall",1,[683,357.5],[[],[]]],[[746.165,229.119,46.178,-1,-0.008,0.013,-0.009,1,0,-0.013,0,-1],[["fall",0.3],["walk",0.1],["fall",0.3],["climb",0.1]],-2.315,12,[0.242,9.301,3.397],[0.037,-6.86,0.645],[744.388,242.91,43.914,-1,0.006,-0.001,0,0.182,0.983,0.006,0.983,-0.182],12.5,"Climbing",1,[683,357.5],[[],[]]],[[746.17,229.301,46.21,-1,-0.005,0.029,-0.005,1,0,-0.029,0,-1],[["climb",0.1],["climb",0]],0.775,12,[0.218,11.163,1.046],[0.009,-0.793,-0.402],[744.932,243.046,43.406,-0.981,-0.189,0.039,0,0.201,0.98,-0.193,0.961,-0.197],12.5,"Climbing",1,[683,357.5],[[],[]]],[[746.171,229.41,46.232,-0.99,0.006,0.138,0.005,1,-0.003,-0.138,-0.002,-0.99],[["walk",0.1],["climb",0.1],["walk",0.1],["walk",0.1]],0.074,8,[-0.258,4.752,4.061],[-0.04,4.383,-0.511],[746.115,243.114,43.008,-0.85,-0.514,0.114,0,0.216,0.976,-0.526,0.83,-0.184],12.5,"Running",1,[683,357.5],[[],[]]],[[746.141,229.446,45.95,-0.883,0.009,0.47,0.008,1,-0.003,-0.47,0.001,-0.883],[["walk",0.1]],0.281,8,[-2.86,2.249,2.692],[-0.009,3.916,-0.134],[747.818,243.14,43.15,-0.451,-0.871,0.196,0,0.22,0.976,-0.892,0.44,-0.099],12.5,"Running",1,[683,357.5],[["Space"],[]]],[[746.078,230.551,45.664,-0.524,0.012,0.852,-0.017,1,-0.025,-0.852,-0.028,-0.523],[["walk",0.1],["jump",0.1]],1,3,[-3.069,53.152,0.36],[-1.103,3.894,-0.282],[748.028,244.245,42.999,-0.361,-0.91,0.205,0,0.22,0.976,-0.933,0.352,-0.079],12.5,"Jumping",1,[683,357.5],[[],[]]],[[746.003,231.395,45.594,-0.387,0.009,0.922,-0.008,1,-0.013,-0.922,-0.012,-0.387],[["jump",0.1]],1,5,[-5.246,49.406,0.663],[0.815,1.132,0.548],[748.102,245.037,42.832,-0.378,-0.899,0.22,0,0.238,0.971,-0.926,0.368,-0.09],12.5,"FreeFall",1,[683,357.5],[[],[]]],[[745.895,232.182,45.603,-0.382,0.002,0.924,0,1,-0.002,-0.924,-0.001,-0.382],[],1,5,[-7.214,45.911,1.028],[0.525,-0.004,0.3],[747.823,245.791,42.607,-0.467,-0.857,0.219,0,0.248,0.969,-0.884,0.452,-0.116],12.5,"FreeFall",1,[683,357.5],[[],[]]],[[745.795,232.73,45.594,-0.463,0.001,0.886,-0.002,1,-0.002,-0.886,-0.002,-0.463],[],1,5,[-8.448,42.962,0.323],[0.003,-0.547,0.061],[746.933,246.308,42.108,-0.687,-0.702,0.187,0,0.257,0.966,-0.727,0.664,-0.177],12.5,"FreeFall",1,[683,357.5],[[],[]]],[[745.638,233.412,45.619,-0.666,0,0.746,-0.001,1,-0.001,-0.746,-0.001,-0.666],[],1,5,[-9.923,39.692,2.208],[0.088,-1.985,0.012],[745.276,246.986,41.959,-0.922,-0.374,0.1,0,0.259,0.966,-0.387,0.891,-0.238],12.5,"FreeFall",1,[683,357.5],[[],["W"]]],[[745.468,234.187,45.657,-0.918,0,0.397,0,1,0,-0.397,0,-0.918],[],1,5,[-7.005,35.605,1.55],[0.026,-0.134,-0.02],[744.338,247.833,42.414,-0.98,-0.192,0.047,0,0.236,0.972,-0.198,0.952,-0.232],12.5,"FreeFall",1,[683,357.5],[[],[]]],[[745.395,234.612,45.673,-0.98,0,0.199,0,1,0,-0.199,0,-0.98],[],1,5,[-5.261,33.152,1.16],[0.005,-0.027,-0.012],[743.886,248.323,42.855,-0.996,-0.086,0.019,0,0.214,0.977,-0.088,0.973,-0.213],12.5,"FreeFall",1,[683,357.5],[[],[]]],[[745.332,235.131,45.687,-0.996,0,0.088,0,1,0,-0.088,0,-0.996],[],1,5,[-2.936,29.882,0.645],[-0.003,-0.003,-0.003],[743.652,248.885,43.171,-1,-0.028,0.006,0,0.197,0.98,-0.028,0.98,-0.197],12.5,"FreeFall",1,[683,357.5],[[],[]]],[[745.307,235.594,45.693,-1,0,0.028,0,1,0,-0.028,0,-1],[],1,5,[-0.61,26.612,0.134],[-0.002,0,0],[743.512,249.366,43.348,-1,0.019,-0.004,0,0.19,0.982,0.019,0.982,-0.19],12.5,"FreeFall",1,[683,357.5],[[],[]]],[[745.305,236.098,45.693,-1,0,-0.019,0,1,0,0.019,0,-1],[],1,5,[-0.005,22.525,0.001],[0,0,0],[743.394,249.867,43.426,-0.998,0.068,-0.013,0,0.191,0.981,0.069,0.979,-0.191],12.5,"FreeFall",1,[683,357.5],[[],[]]],[[745.305,236.359,45.693,-0.998,0,-0.069,0,1,0,0.069,0,-0.998],[],1,5,[0,20.072,0],[0,0,0],[743.263,250.113,43.461,-0.992,0.121,-0.024,0,0.197,0.98,0.124,0.973,-0.196],12.5,"FreeFall",1,[683,357.5],[["W"],[]]],[[745.307,236.659,45.718,-0.993,0,-0.119,0,1,0,0.119,0,-0.993],[],1,5,[0.165,16.802,2.378],[0,-0.389,0],[743.118,250.398,43.542,-0.983,0.181,-0.037,0,0.203,0.979,0.184,0.962,-0.2],12.5,"FreeFall",1,[683,357.5],[[],[]]],[[745.313,236.905,45.782,-0.984,0,-0.177,0,1,0,0.177,0,-0.984],[],1,5,[0.483,13.532,4.74],[0,-0.478,0],[742.919,250.641,43.815,-0.96,0.273,-0.057,0,0.205,0.979,0.279,0.94,-0.196],12.5,"FreeFall",1,[683,357.5],[[],[]]],[[745.332,237.136,45.917,-0.964,0,-0.265,0,1,0,0.265,0,-0.964],[],1,5,[1.136,9.445,7.646],[0,-0.758,0],[742.876,250.875,44.049,-0.95,0.306,-0.063,0,0.203,0.979,0.312,0.93,-0.193],12.5,"FreeFall",1,[683,357.5],[[],[]]],[[745.352,237.234,46.026,-0.952,0,-0.307,0,1,0,0.307,0,-0.952],[],1,5,[1.844,6.992,9.288],[0,-0.372,0],[742.786,250.991,44.446,-0.921,0.381,-0.076,0,0.196,0.981,0.389,0.903,-0.181],12.5,"FreeFall",1,[683,357.5],[[],["Space"]]],[[745.408,237.328,46.253,-0.926,0,-0.377,0,1,0,0.377,0,-0.926],[],1,5,[3.245,2.905,11.917],[0,-0.634,0],[742.749,251.111,45.08,-0.873,0.479,-0.09,0,0.186,0.983,0.487,0.858,-0.162],12.5,"FreeFall",1,[683,357.5],[[],[]]],[[745.459,237.344,46.412,-0.878,0,-0.479,0,1,0,0.479,0,-0.878],[["fall",0.3]],1,5,[4.54,0.452,13.148],[0,-0.831,0],[742.714,251.154,45.92,-0.755,0.646,-0.114,0,0.174,0.985,0.656,0.744,-0.131],12.5,"FreeFall",1,[683,357.5],[[],[]]],[[745.59,237.303,46.695,-0.774,0,-0.633,0,1,0,0.633,0,-0.774],[],1,5,[7.429,-3.635,13.878],[0,-1.59,0],[742.802,251.113,46.634,-0.645,0.753,-0.133,0,0.174,0.985,0.765,0.635,-0.112],12.5,"FreeFall",1,[683,357.5],[[],[]]],[[745.714,237.402,46.85,-0.646,0,-0.764,0,1,0,0.764,0,-0.646],[["walk",0.1],["fall",0.3],["fall",0.3]],1,7,[10.327,10.575,12.178],[0,0.279,0],[742.951,251.212,47.226,-0.517,0.843,-0.149,0,0.174,0.985,0.856,0.509,-0.09],12.5,"FreeFall",1,[683,357.5],[[],[]]],[[745.913,237.571,47.027,-0.51,0,-0.86,0,1,0,0.86,0,-0.51],[],1,7,[12.195,9.015,10.35],[0,0.593,0],[743.228,251.382,47.779,-0.394,0.905,-0.16,0,0.174,0.985,0.919,0.388,-0.068],12.5,"FreeFall",1,[683,357.5],[[],[]]],[[746.137,237.683,47.17,-0.386,0,-0.923,0,1,0,0.923,0,-0.386],[],1,7,[13.666,5.424,8.313],[0,0.526,0],[743.529,251.493,48.155,-0.312,0.936,-0.165,0,0.174,0.985,0.95,0.307,-0.054],12.5,"FreeFall",1,[683,357.5],[[],[]]],[[746.442,237.755,47.305,-0.31,0,-0.951,0,1,0,0.951,0,-0.31],[["walk",0.1],["fall",0.3],["walk",0.1]],1.103,8,[14.697,2.691,6.321],[0,0.008,0],[743.759,251.547,48.326,-0.288,0.942,-0.174,0,0.182,0.983,0.958,0.283,-0.052],12.5,"Running",1,[683,357.5],[["Space"],[]]],[[746.686,238.631,47.41,-0.288,0,-0.958,0,1,0,0.958,0,-0.288],[["walk",0.1],["walk",0.1],["jump",0.1]],1,3,[14.697,51.518,6.321],[0,0.008,0],[744.004,252.422,48.431,-0.288,0.942,-0.174,0,0.182,0.983,0.958,0.283,-0.052],12.5,"Jumping",1,[683,357.5],[[],["W"]]],[[746.857,239.255,47.484,-0.288,0,-0.958,0,1,0,0.958,0,-0.288],[["jump",0.1]],1,5,[13.055,49.066,5.615],[0,0.002,0],[744.174,253.046,48.505,-0.288,0.942,-0.174,0,0.182,0.983,0.958,0.283,-0.052],12.5,"FreeFall",1,[683,357.5],[[],[]]],[[747.051,240.038,47.567,-0.288,0,-0.958,0,1,0,0.958,0,-0.288],[],1,5,[10.866,45.796,4.673],[0,0,0],[744.369,253.83,48.588,-0.288,0.942,-0.174,0,0.182,0.983,0.958,0.283,-0.052],12.5,"FreeFall",1,[683,357.5],[[],[]]],[[747.21,240.768,47.635,-0.288,0,-0.958,0,1,0,0.958,0,-0.288],[],1,5,[8.676,42.526,3.732],[0,0,0],[744.527,254.559,48.656,-0.288,0.942,-0.174,0,0.182,0.983,0.958,0.283,-0.052],12.5,"FreeFall",1,[683,357.5],[[],[]]],[[747.331,241.442,47.688,-0.288,0,-0.958,0,1,0,0.958,0,-0.288],[],1,5,[6.487,39.256,2.79],[0,0,0],[744.649,255.234,48.709,-0.288,0.942,-0.174,0,0.182,0.983,0.958,0.283,-0.052],12.5,"FreeFall",1,[683,357.5],[[],[]]],[[747.417,242.062,47.725,-0.288,0,-0.958,0,1,0,0.958,0,-0.288],[],1,5,[4.297,35.986,1.848],[0,0,0],[744.734,255.854,48.746,-0.288,0.942,-0.174,0,0.182,0.983,0.958,0.283,-0.052],12.5,"FreeFall",1,[683,357.5],[[],[]]],[[747.465,242.628,47.746,-0.288,0,-0.958,0,1,0,0.958,0,-0.288],[],1,5,[2.108,32.716,0.907],[0,0,0],[744.783,256.419,48.767,-0.288,0.942,-0.174,0,0.182,0.983,0.958,0.283,-0.052],12.5,"FreeFall",1,[683,357.5],[[],[]]],[[747.479,243.139,47.751,-0.288,0,-0.958,0,1,0,0.958,0,-0.288],[],1,5,[0.175,29.446,0.075],[0,0,0],[744.797,256.931,48.772,-0.288,0.942,-0.174,0,0.182,0.983,0.958,0.283,-0.052],12.5,"FreeFall",1,[683,357.5],[[],[]]],[[747.479,243.596,47.751,-0.288,0,-0.958,0,1,0,0.958,0,-0.288],[],1,5,[0.003,26.176,0.001],[0,0,0],[744.715,257.373,48.721,-0.298,0.937,-0.179,0,0.188,0.982,0.954,0.293,-0.056],12.5,"FreeFall",1,[683,357.5],[[],[]]],[[747.479,243.998,47.751,-0.298,0,-0.954,0,1,0,0.954,0,-0.298],[],1,5,[0,22.906,0],[0,0,0],[744.733,257.781,48.699,-0.309,0.935,-0.176,0,0.186,0.983,0.951,0.304,-0.057],12.5,"FreeFall",1,[683,357.5],[[],[]]],[[747.479,244.346,47.751,-0.309,0,-0.951,0,1,0,0.951,0,-0.309],[],1,5,[0,19.636,0],[0,0,0],[744.771,258.137,48.701,-0.313,0.934,-0.173,0,0.182,0.983,0.95,0.308,-0.057],12.5,"FreeFall",1,[683,357.5],[[],[]]],[[747.479,244.704,47.751,-0.313,0,-0.95,0,1,0,0.95,0,-0.313],[],1,5,[0,15.548,0],[0,0,0],[744.766,258.495,48.688,-0.318,0.932,-0.173,0,0.182,0.983,0.948,0.313,-0.058],12.5,"FreeFall",1,[683,357.5],[[],[]]],[[747.479,244.878,47.751,-0.318,0,-0.948,0,1,0,0.948,0,-0.318],[],1,5,[0,13.096,0],[0,0,0],[744.776,258.672,48.68,-0.322,0.931,-0.171,0,0.181,0.984,0.947,0.317,-0.058],12.5,"FreeFall",1,[683,357.5],[["W"],[]]],[[747.515,245.1,47.763,-0.322,0,-0.947,0,1,0,0.947,0,-0.322],[],1,5,[2.825,9.008,0.947],[0,0.035,0],[744.811,258.894,48.692,-0.322,0.931,-0.171,0,0.181,0.984,0.947,0.317,-0.058],12.5,"FreeFall",1,[683,357.5],[[],["Space"]]],[[747.564,245.192,47.78,-0.322,0,-0.947,0,1,0,0.947,0,-0.322],[],1,5,[4.516,6.556,1.525],[0,0.007,0],[744.861,258.986,48.708,-0.322,0.931,-0.171,0,0.181,0.984,0.947,0.317,-0.058],12.5,"FreeFall",1,[683,357.5],[[],[]]],[[747.693,245.277,47.824,-0.322,0,-0.947,0,1,0,0.947,0,-0.322],[],1,5,[7.335,2.468,2.488],[0,0,0],[745.004,259.074,48.757,-0.322,0.931,-0.17,0,0.18,0.984,0.947,0.317,-0.058],12.5,"FreeFall",1,[683,357.5],[[],[]]],[[747.799,245.288,47.86,-0.322,0,-0.947,0,1,0,0.947,0,-0.322],[],1,5,[9.027,0.016,3.066],[0,0,0],[745.141,259.09,48.811,-0.319,0.933,-0.168,0,0.177,0.984,0.948,0.314,-0.057],12.5,"FreeFall",1,[683,357.5],[[],[]]],[[747.973,245.254,47.919,-0.32,0,-0.948,0,1,0,0.948,0,-0.32],[],1,5,[11.282,-3.254,3.837],[0,-0.022,0],[745.368,259.064,48.913,-0.309,0.937,-0.165,0,0.174,0.985,0.951,0.304,-0.054],12.5,"FreeFall",1,[683,357.5],[[],[]]],[[748.185,245.166,47.991,-0.31,0,-0.951,0,1,0,0.951,0,-0.31],[],1,5,[13.547,-6.524,4.579],[0,-0.08,0],[745.667,258.684,49.092,-0.274,0.947,-0.167,0,0.174,0.985,0.962,0.27,-0.048],9.6,"FreeFall",1,[683,357.5],[["u"],[]]],[[748.494,244.979,48.092,-0.279,0,-0.96,0,1,0,0.96,0,-0.279],[["fall",0.3]],1,5,[15.191,-10.612,4.936],[0,-0.275,0],[746.095,258.043,49.303,-0.239,0.956,-0.169,0,0.174,0.985,0.971,0.236,-0.042],9.6,"FreeFall",1,[683,357.5],[[],[]]],[[748.686,244.826,48.148,-0.243,0,-0.97,0,1,0,0.97,0,-0.243],[],1,5,[15.376,-13.064,4.418],[0,-0.286,0],[746.403,257.455,49.453,-0.207,0.963,-0.17,0,0.174,0.985,0.978,0.204,-0.036],9.6,"FreeFall",1,[683,357.5],[[],[]]],[[748.944,244.574,48.213,-0.212,0,-0.977,0,1,0,0.977,0,-0.212],[],1,5,[15.532,-16.334,3.