{"Replay":[[[776.028,222.662,47.142,0,0,1,0,1,0,-1,0,0],[],1,8,[0,0,0],[0,0,0],[776.105,235.971,43.044,-1,-0.018,0.006,0,0.328,0.945,-0.019,0.945,-0.328],12.5,"Standing",0,[785,361],[[],[]]],[[776.028,222.662,47.142,0,0,1,0,1,0,-1,0,0],[],1,8,[0,0,0],[0,0,0],[776.105,235.971,43.044,-1,-0.018,0.006,0,0.328,0.945,-0.019,0.945,-0.328],12.5,"Standing",0,[785,361],[[],[]]],[[776.028,222.662,47.142,0,0,1,0,1,0,-1,0,0],[],1,8,[0,0,0],[0,0,0],[776.105,235.976,43.058,-1,-0.018,0.006,0,0.327,0.945,-0.019,0.945,-0.327],12.5,"Standing",0,[785,361],[[],[]]],[[776.028,222.662,47.142,0,0,1,0,1,0,-1,0,0],[],1,8,[0,0,0],[0,0,0],[776.105,235.976,43.058,-1,-0.018,0.006,0,0.327,0.945,-0.019,0.945,-0.327],12.5,"Standing",0,[785,361],[[],[]]],[[776.028,222.662,47.142,0,0,1,0,1,0,-1,0,0],[],1,8,[0,0,0],[0,0,0],[776.105,235.976,43.058,-1,-0.018,0.006,0,0.327,0.945,-0.019,0.945,-0.327],12.5,"Standing",0,[785,361],[[],[]]],[[776.028,222.662,47.142,0,0,1,0,1,0,-1,0,0],[],1,8,[0,0,0],[0,0,0],[776.105,235.976,43.058,-1,-0.018,0.006,0,0.327,0.945,-0.019,0.945,-0.327],12.5,"Standing",0,[785,361],[[],[]]],[[776.028,222.662,47.142,0,0,1,0,1,0,-1,0,0],[],1,8,[0,0,0],[0,0,0],[776.105,235.976,43.058,-1,-0.018,0.006,0,0.327,0.945,-0.019,0.945,-0.327],12.5,"Standing",0,[785,361],[[],["E"]]],[[776.028,222.662,47.142,0,0,1,0,1,0,-1,0,0],[],1,8,[0,0,0],[0,0,0],[776.105,235.981,43.072,-1,-0.018,0.006,0,0.326,0.945,-0.019,0.945,-0.326],12.5,"Standing",0,[785,361],[[],[]]],[[776.028,222.662,47.142,0,0,1,0,1,0,-1,0,0],[],1,8,[0,0,0],[0,0,0],[776.104,235.996,43.115,-1,-0.018,0.006,0,0.322,0.947,-0.019,0.946,-0.322],12.5,"Standing",0,[785,361],[[],[]]],[[776.028,222.662,47.142,0,0,1,0,1,0,-1,0,0],[],1,8,[0,0,0],[0,0,0],[776.11,236.005,43.144,-1,-0.019,0.007,0,0.32,0.947,-0.02,0.947,-0.32],12.5,"Standing",0,[785,361],[[],[]]],[[776.028,222.662,47.142,0,0,1,0,1,0,-1,0,0],[],1,8,[0,0,0],[0,0,0],[776.127,236.02,43.187,-1,-0.024,0.008,0,0.316,0.949,-0.025,0.948,-0.316],12.5,"Standing",0,[785,361],[[],[]]],[[776.028,222.662,47.142,0,0,1,0,1,0,-1,0,0],[],1,8,[0,0,0],[0,0,0],[776.139,236.029,43.216,-1,-0.027,0.009,0,0.314,0.949,-0.028,0.949,-0.314],12.5,"Standing",0,[785,361],[["D"],[]]],[[775.839,222.662,47.138,0.003,0,1,0,1,0,-1,0,0.003],[],1,8,[-14.541,0,-0.366],[0,-0.196,0],[775.962,236.039,43.241,-1,-0.03,0.01,0,0.312,0.95,-0.031,0.95,-0.312],12.5,"Standing",0,[785,361],[[],[]]],[[775.575,222.662,47.13,0.006,0,1,0,1,0,-1,0,0.006],[["walk",0.1]],1.003,8,[-15.965,0,-0.451],[0,-0.202,0],[775.714,236.057,43.291,-0.999,-0.034,0.011,0,0.307,0.952,-0.036,0.951,-0.307],12.5,"Running",0,[785,361],[[],[]]],[[775.308,222.662,47.122,0.01,0,1,0,1,0,-1,0,0.01],[["walk",0.1]],1.101,8,[-15.992,0,-0.502],[0,-0.2,0],[775.456,236.08,43.356,-0.999,-0.037,0.012,0,0.302,0.953,-0.039,0.953,-0.301],12.5,"Running",0,[785,361],[[],[]]],[[775.042,222.662,47.112,0.013,0,1,0,1,0,-1,0,0.013],[],1.101,8,[-15.99,0,-0.577],[0,-0.211,0],[775.203,236.112,43.448,-0.999,-0.042,0.013,0,0.293,0.956,-0.044,0.955,-0.293],12.5,"Running",0,[785,361],[[],[]]],[[774.775,222.662,47.102,0.017,0,1,0,1,0,-1,0,0.017],[["walk",0.1]],1.101,8,[-15.988,0,-0.628],[0,-0.209,0],[774.937,236.147,43.553,-0.999,-0.044,0.013,0,0.284,0.959,-0.046,0.958,-0.284],12.5,"Running",0,[785,361],[[],[]]],[[774.509,222.662,47.09,0.02,0,1,0,1,0,-1,0,0.02],[],1.101,8,[-15.985,0,-0.703],[0,-0.218,0],[774.665,236.185,43.672,-0.999,-0.044,0.012,0,0.274,0.962,-0.046,0.961,-0.273],12.5,"Running",0,[785,361],[[],[]]],[[774.242,222.662,47.078,0.024,0,1,0,1,0,-1,0,0.024],[],1.101,8,[-15.983,0,-0.729],[0,-0.202,0],[774.392,236.221,43.791,-0.999,-0.044,0.012,0,0.263,0.965,-0.046,0.964,-0.263],12.5,"Running",0,[785,361],[[],[]]],[[773.976,222.662,47.066,0.027,0,1,0,1,0,-1,0,0.027],[],1.101,8,[-15.983,0,-0.729],[0,-0.176,0],[774.116,236.249,43.881,-0.999,-0.043,0.011,0,0.255,0.967,-0.044,0.966,-0.255],12.5,"Running",0,[785,361],[[],[]]],[[773.71,222.662,47.054,0.029,0,1,0,1,0,-1,0,0.029],[],1.101,8,[-15.983,0,-0.729],[0,-0.152,0],[773.845,236.279,43.985,-0.999,-0.043,0.011,0,0.246,0.969,-0.044,0.968,-0.245],12.5,"Running",0,[785,361],[[],[]]],[[773.443,222.662,47.042,0.031,0,1,0,1,0,-1,0,0.031],[],1.101,8,[-15.984,0,-0.705],[0,-0.119,0],[773.575,236.301,44.062,-0.999,-0.043,0.011,0,0.239,0.971,-0.044,0.97,-0.238],12.5,"Running",0,[785,361],[[],[]]],[[773.177,222.662,47.03,0.033,0,0.999,0,1,0,-0.999,0,0.033],[["walk",0.1]],1.101,8,[-15.984,0,-0.704],[0,-0.102,0],[773.299,236.326,44.152,-0.999,-0.041,0.01,0,0.23,0.973,-0.042,0.972,-0.23],12.5,"Running",0,[785,361],[[],[]]],[[772.911,222.662,47.019,0.034,0,0.999,0,1,0,-0.999,0,0.034],[],1.101,8,[-15.984,0,-0.704],[0,-0.089,0],[773.023,236.357,44.273,-0.999,-0.04,0.009,0,0.22,0.976,-0.041,0.975,-0.22],12.5,"Running",0,[785,361],[[],[]]],[[772.644,222.662,47.007,0.036,0,0.999,0,1,0,-0.999,0,0.036],[],1.101,8,[-15.986,0,-0.68],[0,-0.065,0],[772.738,236.392,44.424,-0.999,-0.035,0.007,0,0.207,0.978,-0.036,0.978,-0.207],12.5,"Running",0,[785,361],[[],[]]],[[772.378,222.683,46.996,0.036,0,0.999,0,1,0,-0.999,0,0.036],[],1.101,8,[-15.987,1.382,-0.655],[0,-0.043,0],[772.447,236.443,44.56,-1,-0.028,0.006,0,0.195,0.981,-0.028,0.98,-0.195],12.5,"Running",0,[785,361],[[],[]]],[[772.111,222.721,46.987,0.036,0,0.999,0,1,0,-0.999,0,0.036],[],1.101,8,[-15.989,2.264,-0.581],[0,0,0],[772.158,236.51,44.698,-1,-0.02,0.004,0,0.183,0.983,-0.021,0.983,-0.183],12.5,"Running",0,[785,361],[[],[]]],[[771.845,222.749,46.979,0.035,0,0.999,0,1,0,-0.999,0,0.035],[],1.101,8,[-15.993,1.398,-0.456],[0,0.063,0],[771.879,236.556,44.794,-1,-0.016,0.003,0,0.175,0.985,-0.016,0.984,-0.175],12.5,"Running",0,[785,361],[[],[]]],[[771.578,222.761,46.973,0.034,0,0.999,0,1,0,-0.999,0,0.034],[],1.101,8,[-15.997,0.59,-0.331],[0,0.118,0],[771.605,236.572,44.803,-1,-0.012,0.002,0,0.174,0.985,-0.013,0.985,-0.174],12.5,"Running",0,[785,361],[[],[]]],[[771.311,222.775,46.969,0.031,0,1,0,1,0,-1,0,0.031],[["walk",0.1]],1.101,8,[-15.998,0.796,-0.254],[0,0.141,0],[771.339,236.585,44.798,-1,-0.012,0.002,0,0.174,0.985,-0.013,0.985,-0.174],12.5,"Running",0,[785,361],[[],[]]],[[771.045,222.801,46.965,0.029,0,1,0,1,0,-1,0,0.029],[],1.101,8,[-15.999,1.566,-0.203],[0,0.148,0],[771.072,236.611,44.795,-1,-0.012,0.002,0,0.174,0.985,-0.013,0.985,-0.174],12.5,"Running",0,[785,361],[[],[]]],[[770.778,222.82,46.962,0.027,0,1,0,1,0,-1,0,0.027],[],1.101,8,[-15.999,0.984,-0.202],[0,0.129,0],[770.806,236.63,44.792,-1,-0.012,0.002,0,0.174,0.985,-0.013,0.985,-0.174],12.5,"Running",0,[785,361],[[],[]]],[[770.512,222.814,46.959,0.025,0,1,0,1,0,-1,0,0.025],[],1.101,8,[-15.999,-0.674,-0.202],[0,0.112,0],[768.796,236.624,44.761,-1,-0.016,0.003,0,0.174,0.985,-0.016,0.985,-0.174],12.5,"Running",1,[785,361],[["LeftShift"],[]]],[[770.112,222.867,46.954,-0.994,0,-0.107,0,1,0,0.107,0,-0.994],[],1.101,8,[-15.999,2.341,-0.202],[0,6.072,0],[768.396,236.677,44.756,-1,-0.016,0.003,0,0.174,0.985,-0.016,0.985,-0.174],12.5,"Running",1,[683,357.5],[[],[]]],[[769.912,222.876,46.951,-0.998,0,-0.062,0,1,0,0.062,0,-0.998],[],1.101,8,[-15.999,-0.111,-0.202],[0,6.267,0],[768.217,236.686,44.737,-1,-0.025,0.004,0,0.174,0.985,-0.025,0.984,-0.174],12.5,"Running",1,[683,357.5],[[],[]]],[[769.645,222.84,46.948,-0.997,0,-0.08,0,1,0,0.08,0,-0.997],[],1.101,8,[-15.999,-3.381,-0.202],[0,6.31,0],[767.975,236.65,44.715,-0.999,-0.036,0.006,0,0.174,0.985,-0.036,0.984,-0.174],12.5,"Running",1,[683,357.5],[["Space"],[]]],[[769.379,223.705,46.944,-0.998,0,-0.069,0,1,0,0.069,0,-0.998],[["walk",0.1],["walk",0.1],["jump",0.1]],1,3,[-15.999,50.701,-0.202],[0,6.304,0],[767.729,237.515,44.696,-0.999,-0.045,0.008,0,0.174,0.985,-0.046,0.984,-0.173],12.5,"Jumping",1,[683,357.5],[[],[]]],[[769.112,224.516,46.936,-0.994,0,0.105,0,1,0,-0.105,0,-0.994],[["jump",0.1]],1,5,[-15.99,47.431,-0.572],[0,-6.342,0],[767.477,238.326,44.677,-0.999,-0.051,0.009,0,0.174,0.985,-0.052,0.983,-0.173],12.5,"FreeFall",1,[683,357.5],[[],[]]],[[768.846,225.273,46.924,-0.984,0,0.176,0,1,0,-0.176,0,-0.984],[],1,5,[-15.983,44.161,-0.727],[0,-7.805,0],[767.211,239.083,44.665,-0.999,-0.051,0.009,0,0.174,0.985,-0.052,0.983,-0.173],12.5,"FreeFall",1,[683,357.5],[[],[]]],[[768.646,225.804,46.914,-0.989,0,0.15,0,1,0,-0.15,0,-0.989],[],1,5,[-15.979,41.708,-0.825],[0,-7.958,0],[767.011,239.614,44.655,-0.999,-0.051,0.009,0,0.174,0.985,-0.052,0.983,-0.173],12.5,"FreeFall",1,[683,357.5],[[],[]]],[[768.313,226.622,46.896,-0.976,0,0.217,0,1,0,-0.217,0,-0.976],[],1,5,[-15.978,37.621,-0.83],[0,-7.993,0],[766.678,240.432,44.638,-0.999,-0.051,0.009,0,0.174,0.985,-0.052,0.983,-0.173],12.5,"FreeFall",1,[683,357.5],[[],[]]],[[768.047,227.215,46.883,-0.983,0,0.184,0,1,0,-0.184,0,-0.983],[],1,5,[-15.978,34.351,-0.831],[0,-7.996,0],[766.412,241.025,44.624,-0.999,-0.051,0.009,0,0.174,0.985,-0.052,0.983,-0.173],12.5,"FreeFall",1,[683,357.5],[[],[]]],[[767.847,227.624,46.872,-0.988,0,0.151,0,1,0,-0.151,0,-0.988],[],1,5,[-15.978,31.898,-0.831],[0,-7.996,0],[766.212,241.434,44.614,-0.999,-0.051,0.009,0,0.174,0.985,-0.052,0.983,-0.173],12.5,"FreeFall",1,[683,357.5],[[],[]]],[[767.514,228.237,46.855,-0.976,0,0.217,0,1,0,-0.217,0,-0.976],[],1,5,[-15.978,27.811,-0.831],[0,-7.996,0],[765.879,242.047,44.596,-0.999,-0.051,0.009,0,0.174,0.985,-0.052,0.983,-0.173],12.5,"FreeFall",1,[683,357.5],[[],[]]],[[767.247,228.667,46.841,-0.983,0,0.184,0,1,0,-0.184,0,-0.983],[],1,5,[-15.978,24.541,-0.831],[0,-7.996,0],[765.602,242.477,44.59,-0.999,-0.046,0.008,0,0.174,0.985,-0.047,0.984,-0.173],12.5,"FreeFall",1,[683,357.5],[[],[]]],[[766.981,229.042,46.827,-0.984,0,0.18,0,1,0,-0.18,0,-0.984],[],1,5,[-15.978,21.271,-0.831],[0,-7.996,0],[765.321,242.852,44.587,-0.999,-0.04,0.007,0,0.174,0.985,-0.041,0.984,-0.174],12.5,"FreeFall",1,[683,357.5],[[],[]]],[[766.715,229.362,46.814,-0.985,0,0.173,0,1,0,-0.173,0,-0.985],[],1,5,[-15.982,18.001,-0.757],[0,-7.996,0],[765.038,243.172,44.587,-0.999,-0.033,0.006,0,0.174,0.985,-0.033,0.984,-0.174],12.5,"FreeFall",1,[683,357.5],[[],["LeftShift"]]],[[766.448,229.628,46.803,-0.986,0,0.166,0,1,0,-0.166,0,-0.986],[],1,5,[-15.986,14.731,-0.657],[0,-7.996,0],[764.754,243.438,44.589,-1,-0.025,0.004,0,0.174,0.985,-0.025,0.984,-0.174],12.5,"FreeFall",1,[683,357.5],[[],[]]],[[766.182,229.84,46.794,-0.987,0,0.158,0,1,0,-0.158,0,-0.987],[],1,5,[-15.991,11.461,-0.532],[0,-7.996,0],[764.473,243.65,44.591,-1,-0.019,0.003,0,0.174,0.985,-0.019,0.985,-0.174],12.5,"FreeFall",1,[683,357.5],[[],[]]],[[765.915,229.997,46.787,-0.988,0,0.152,0,1,0,-0.152,0,-0.988],[],1,5,[-15.995,8.191,-0.407],[0,-7.996,0],[764.2,243.807,44.589,-1,-0.016,0.003,0,0.174,0.985,-0.016,0.985,-0.174],12.5,"FreeFall",1,[683,357.5],[[],[]]],[[765.649,230.099,46.782,-0.989,0,0.149,0,1,0,-0.149,0,-0.989],[],1,5,[-15.997,4.921,-0.306],[0,-7.996,0],[763.933,243.909,44.584,-1,-0.016,0.003,0,0.174,0.985,-0.016,0.985,-0.174],12.5,"FreeFall",1,[683,357.5],[[],[]]],[[765.382,230.147,46.777,-0.989,0,0.149,0,1,0,-0.149,0,-0.989],[],1,5,[-15.998,1.651,-0.254],[0,-7.996,0],[763.667,243.957,44.579,-1,-0.016,0.003,0,0.174,0.985,-0.016,0.985,-0.174],12.5,"FreeFall",1,[683,357.5],[[],[]]],[[765.115,230.14,46.773,-0.989,0,0.149,0,1,0,-0.149,0,-0.989],[],1,5,[-15.998,-1.619,-0.253],[0,-7.996,0],[763.403,243.95,44.572,-1,-0.017,0.003,0,0.174,0.985,-0.017,0.985,-0.174],12.5,"FreeFall",1,[683,357.5],[[],[]]],[[764.849,230.079,46.769,-0.989,0,0.15,0,1,0,-0.15,0,-0.989],[],1,5,[-15.998,-4.889,-0.253],[0,-7.996,0],[763.154,243.889,44.555,-1,-0.025,0.004,0,0.174,0.985,-0.025,0.984,-0.174],12.5,"FreeFall",1,[683,357.5],[[],[]]],[[764.649,229.998,46.766,-0.992,0,0.125,0,1,0,-0.125,0,-0.992],[],1,5,[-15.998,-7.342,-0.277],[0,-7.996,0],[762.975,243.808,44.536,-0.999,-0.034,0.006,0,0.174,0.985,-0.035,0.984,-0.174],12.5,"FreeFall",1,[683,357.5],[[],["b2"]]],[[764.316,229.794,46.757,-0.98,0,0.2,0,1,0,-0.2,0,-0.98],[],1,5,[-15.995,-11.429,-0.403],[0,-7.996,0],[762.667,243.604,44.509,-0.999,-0.045,0.008,0,0.174,0.985,-0.046,0.984,-0.173],12.5,"FreeFall",1,[683,357.5],[[],["Space"]]],[[764.049,229.569,46.749,-0.984,0,0.178,0,1,0,-0.178,0,-0.984],[["fall",0.3]],1,5,[-15.99,-14.699,-0.552],[0,-7.996,0],[762.407,243.379,44.495,-0.999,-0.048,0.008,0,0.174,0.985,-0.049,0.984,-0.173],12.5,"FreeFall",1,[683,357.5],[[],[]]],[[763.716,229.212,46.734,-0.977,0,0.214,0,1,0,-0.214,0,-0.977],[],1,5,[-15.983,-18.787,-0.729],[0,-7.996,0],[762.078,243.022,44.478,-0.999,-0.05,0.009,0,0.174,0.985,-0.05,0.984,-0.173],12.5,"FreeFall",1,[683,357.5],[[],[]]],[[763.516,228.957,46.724,-0.989,0,0.15,0,1,0,-0.15,0,-0.989],[],1,5,[-15.981,-21.239,-0.778],[0,-7.996,0],[761.888,242.767,44.46,-0.998,-0.054,0.01,0,0.174,0.985,-0.055,0.983,-0.173],12.5,"FreeFall",1,[683,357.5],[[],[]]],[[763.25,228.569,46.711,-0.982,0,0.187,0,1,0,-0.187,0,-0.982],[],1,5,[-15.98,-24.509,-0.806],[0,-7.996,0],[761.626,242.379,44.444,-0.998,-0.056,0.01,0,0.174,0.985,-0.057,0.983,-0.173],12.5,"FreeFall",1,[683,357.5],[[],[]]],[[762.984,228.126,46.696,-0.982,0,0.189,0,1,0,-0.189,0,-0.982],[],1,5,[-15.976,-27.779,-0.88],[0,-7.996,0],[761.366,241.936,44.425,-0.998,-0.059,0.01,0,0.174,0.985,-0.06,0.983,-0.173],12.5,"FreeFall",1,[683,357.5],[[],[]]],[[762.717,227.629,46.681,-0.981,0,0.192,0,1,0,-0.192,0,-0.981],[],1,5,[-15.974,-31.049,-0.906],[0,-7.996,0],[761.114,241.439,44.4,-0.998,-0.065,0.011,0,0.174,0.985,-0.066,0.983,-0.173],12.5,"FreeFall",1,[683,357.5],[[],[]]],[[762.451,227.077,46.665,-0.98,0,0.198,0,1,0,-0.198,0,-0.98],[],1,5,[-15.971,-34.319,-0.956],[0,-7.996,0],[760.866,240.887,44.371,-0.997,-0.073,0.013,0,0.174,0.985,-0.074,0.982,-0.173],12.5,"FreeFall",1,[683,357.5],[[],[]]],[[762.185,226.471,46.648,-0.979,0,0.206,0,1,0,-0.206,0,-0.979],[["fall",0.3]],1,5,[-15.965,-37.589,-1.055],[0,-7.996,0],[760.622,240.281,44.339,-0.997,-0.082,0.014,0,0.174,0.985,-0.083,0.981,-0.173],12.5,"FreeFall",1,[683,357.5],[[],[]]],[[761.919,225.811,46.629,-0.977,0,0.215,0,1,0,-0.215,0,-0.977],[],1,5,[-15.956,-40.859,-1.18],[0,-7.996,0],[760.378,239.621,44.305,-0.996,-0.091,0.016,0,0.174,0.985,-0.093,0.981,-0.173],12.5,"FreeFall",1,[683,357.5],[[],[]]],[[761.653,225.096,46.607,-0.975,0,0.224,0,1,0,-0.224,0,-0.975],[],1,5,[-15.945,-44.129,-1.33],[0,-7.996,0],[760.138,238.906,44.266,-0.995,-0.102,0.018,0,0.174,0.985,-0.104,0.98,-0.173],12.5,"FreeFall",1,[683,357.5],[[],[]]],[[761.454,224.524,46.589,-0.979,0,0.202,0,1,0,-0.202,0,-0.979],[],1,5,[-15.932,-46.582,-1.475],[0,-7.996,0],[760.007,238.331,44.192,-0.991,-0.13,0.023,0,0.175,0.985,-0.132,0.976,-0.173],12.5,"FreeFall",1,[683,357.5],[[],[]]],[[761.127,224.408,46.555,-0.985,0,0.175,0,1,0,-0.175,0,-0.985],[["walk",0.1],["fall",0.3],["fall",0.3]],1,7,[-15.676,-0.345,-1.632],[0,-0.539,0],[759.714,238.21,44.111,-0.99,-0.142,0.026,0,0.177,0.984,-0.144,0.974,-0.175],12.5,"FreeFall",1,[683,357.5],[[],[]]],[[760.866,224.407,46.521,-0.989,0,0.147,0,1,0,-0.147,0,-0.989],[],1,7,[-15.625,-0.007,-2.067],[0,-0.062,0],[759.558,238.199,43.967,-0.983,-0.178,0.033,0,0.182,0.983,-0.181,0.967,-0.179],12.5,"FreeFall",1,[683,357.5],[[],[]]],[[760.606,224.303,46.484,-0.983,0,0.182,0,1,0,-0.182,0,-0.983],[["fall",0.3],["walk",0.1],["fall",0.3],["walk",0.1]],1.087,8,[-15.598,-7.698,-2.268],[0,-0.004,0],[759.36,238.089,43.872,-0.979,-0.199,0.037,0,0.184,0.983,-0.203,0.962,-0.181],12.5,"Running",1,[683,357.5],[[],[]]],[[760.348,224.135,46.437,-0.979,0,0.203,0,1,0,-0.203,0,-0.979],[],1.087,8,[-15.505,-10.917,-2.848],[0,0,0],[759.15,237.918,43.79,-0.976,-0.216,0.041,0,0.186,0.983,-0.22,0.959,-0.181],12.5,"Running",1,[683,357.5],[[],[]]],[[760.026,223.856,46.371,-0.976,0,0.22,0,1,0,-0.22,0,-0.976],[],1.087,8,[-15.439,-15.005,-3.197],[0,0,0],[758.862,237.639,43.709,-0.973,-0.228,0.043,0,0.186,0.983,-0.232,0.956,-0.18],12.5,"Running",1,[683,357.5],[[],[]]],[[759.769,223.847,46.314,-0.973,0,0.232,0,1,0,-0.232,0,-0.973],[],1.087,8,[-15.384,2.273,-3.461],[0,0,0],[758.65,237.624,43.607,-0.969,-0.241,0.046,0,0.188,0.982,-0.246,0.952,-0.182],12.5,"Running",1,[683,357.5],[[],[]]],[[759.514,223.891,46.254,-0.969,0,0.246,0,1,0,-0.246,0,-0.969],[],1.087,8,[-15.34,2.697,-3.656],[0,0,0],[758.442,237.668,43.528,-0.965,-0.258,0.049,0,0.188,0.982,-0.263,0.948,-0.181],12.5,"Running",1,[683,357.5],[[],[]]],[[759.259,223.936,46.19,-0.965,0,0.263,0,1,0,-0.263,0,-0.965],[],1.087,8,[-15.288,2.696,-3.872],[0,0,0],[758.26,237.71,43.423,-0.958,-0.282,0.054,0,0.189,0.982,-0.287,0.941,-0.181],12.5,"Running",1,[683,357.5],[[],[]]],[[759.005,223.981,46.121,-0.958,0,0.287,0,1,0,-0.287,0,-0.958],[],1.087,8,[-15.221,2.685,-4.135],[0,0,0],[758.12,237.749,43.291,-0.947,-0.317,0.062,0,0.191,0.981,-0.323,0.929,-0.181],12.5,"Running",1,[683,357.5],[[],[]]],[[758.753,224.025,46.047,-0.947,0,0.323,0,1,0,-0.323,0,-0.947],[["walk",0.1]],1.087,8,[-15.116,2.666,-4.515],[0,0,0],[758,237.788,43.154,-0.932,-0.356,0.07,0,0.194,0.981,-0.362,0.914,-0.181],12.5,"Running",1,[683,357.5],[[],[]]],[[758.503,224.069,45.963,-0.932,0,0.362,0,1,0,-0.362,0,-0.932],[],1.087,8,[-14.942,2.635,-5.079],[0,0,0],[757.902,237.82,42.986,-0.915,-0.395,0.08,0,0.199,0.98,-0.403,0.897,-0.182],12.5,"Running",1,[683,357.5],[[],[]]],[[758.257,224.112,45.87,-0.915,0,0.403,0,1,0,-0.403,0,-0.915],[],1.087,8,[-14.719,2.596,-5.709],[0,0,0],[757.9,237.845,42.78,-0.886,-0.454,0.095,0,0.206,0.979,-0.464,0.867,-0.182],12.5,"Running",1,[683,357.5],[[],[]]],[[758.016,224.155,45.765,-0.886,0,0.464,0,1,0,-0.464,0,-0.886],[],1.087,8,[-14.461,2.551,-6.354],[0,0,0],[757.768,237.878,42.628,-0.872,-0.478,0.102,0,0.209,0.978,-0.489,0.853,-0.183],12.5,"Running",1,[683,357.5],[[],[]]],[[757.781,224.17,45.645,-0.872,0,0.489,0,1,0,-0.489,0,-0.872],[],1.087,8,[-14.013,0.371,-7.314],[0,0,0],[757.914,237.87,42.414,-0.818,-0.561,0.125,0,0.218,0.976,-0.575,0.798,-0.178],12.5,"Running",1,[683,357.5],[[],[]]],[[757.551,224.18,45.518,-0.815,0,0.579,0,1,0,-0.579,0,-0.815],[],1.087,8,[-13.801,0.876,-7.721],[0,-0.361,0],[758.055,237.864,42.26,-0.756,-0.638,0.146,0,0.223,0.975,-0.654,0.737,-0.169],12.5,"Running",1,[683,357.5],[[],[]]],[[757.333,224.204,45.369,-0.755,0,0.656,0,1,0,-0.656,0,-0.755],[["walk",0.1]],1.087,8,[-12.971,1.748,-9.081],[0,-0.042,0],[758.255,237.875,42.153,-0.675,-0.718,0.168,0,0.228,0.974,-0.738,0.657,-0.154],12.5,"Running",1,[683,357.5],[[],[]]],[[757.131,224.248,45.199,-0.671,0,0.741,0,1,0,-0.741,0,-0.671],[],1.087,8,[-12.012,2.804,-10.352],[0,-0.409,0],[758.48,237.907,42.096,-0.579,-0.793,0.189,0,0.232,0.973,-0.816,0.563,-0.134],12.5,"Running",1,[683,357.5],[[],[]]],[[756.949,224.295,45.007,-0.573,0,0.82,0,1,0,-0.82,0,-0.573],[],1.087,8,[-10.753,2.746,-11.692],[0,-0.467,0],[758.667,237.955,42.092,-0.475,-0.856,0.204,0,0.232,0.973,-0.88,0.462,-0.11],12.5,"Running",1,[683,357.5],[[],[]]],[[756.791,224.329,44.794,-0.468,0,0.884,0,1,0,-0.884,0,-0.468],[],1.087,8,[-9.242,1.744,-12.956],[0,-0.46,0],[758.864,237.978,42.072,-0.374,-0.901,0.218,0,0.235,0.972,-0.928,0.363,-0.088],12.5,"Running",1,[683,357.5],[[],[]]],[[756.661,224.352,44.563,-0.367,0,0.93,0,1,0,-0.93,0,-0.367],[],1.087,8,[-7.602,1.344,-14.012],[0,-0.42,0],[758.987,237.99,42.002,-0.298,-0.927,0.228,0,0.239,0.971,-0.954,0.29,-0.071],12.5,"Running",1,[683,357.5],[[],[]]],[[756.558,224.37,44.318,-0.296,0,0.955,0,1,0,-0.955,0,-0.296],[],1.087,8,[-6,1.059,-14.792],[0,-0.049,0],[758.993,238.005,41.843,-0.262,-0.937,0.232,0,0.24,0.971,-0.965,0.255,-0.063],12.5,"Running",1,[683,357.5],[[],[]]],[[756.475,224.38,44.065,-0.262,0,0.965,0,1,0,-0.965,0,-0.262],[],1.087,8,[-4.792,0.472,-15.241],[0,-0.006,0],[758.926,238.015,41.605,-0.256,-0.938,0.232,0,0.24,0.971,-0.967,0.249,-0.061],12.5,"Running",1,[683,357.5],[[],[]]],[[756.396,224.393,43.811,-0.256,0,0.967,0,1,0,-0.967,0,-0.256],[["walk",0.1]],1.087,8,[-4.768,0.835,-15.25],[0,-0.001,0],[758.835,238.028,41.34,-0.261,-0.937,0.232,0,0.24,0.971,-0.965,0.253,-0.063],12.5,"Running",1,[683,357.5],[[],[]]],[[756.316,224.407,43.557,-0.261,0,0.965,0,1,0,-0.965,0,-0.261],[],1.087,8,[-4.767,0.842,-15.25],[0,0,0],[758.57,238.06,40.999,-0.304,-0.926,0.223,0,0.234,0.972,-0.953,0.296,-0.071],12.5,"Running",1,[683,357.5],[[],[]]],[[756.237,224.421,43.303,-0.304,0,0.953,0,1,0,-0.953,0,-0.304],[],1.087,8,[-4.767,0.842,-15.25],[0,0,0],[757.905,238.125,40.547,-0.437,-0.878,0.195,0,0.216,0.976,-0.899,0.427,-0.095],12.5,"Running",1,[683,357.5],[[],[]]],[[756.158,224.436,43.048,-0.437,0,0.899,0,1,0,-0.899,0,-0.437],[],1.087,8,[-4.767,0.842,-15.25],[0,0,0],[757.412,238.162,40.175,-0.537,-0.825,0.176,0,0.208,0.978,-0.844,0.525,-0.112],12.5,"Running",1,[683,357.5],[["Space"],[]]],[[756.078,225.311,42.794,-0.537,0,0.844,0,1,0,-0.844,0,-0.537],[["walk",0.1],["jump",0.1]],1,3,[-4.767,51.518,-15.25],[0,0,0],[756.92,239.059,39.863,-0.629,-0.762,0.155,0,0.2,0.98,-0.778,0.616,-0.126],12.5,"Jumping",1,[683,357.5],[[],[]]],[[755.976,226.136,42.55,-0.555,0,0.832,0,1,0,-0.832,0,-0.555],[["jump",0.1]],1,5,[-6.934,48.248,-14.257],[0,-7.071,0],[756.456,239.902,39.612,-0.704,-0.697,0.137,0,0.193,0.981,-0.711,0.69,-0.136],12.5,"FreeFall",1,[683,357.5],[[],[]]],[[755.839,226.906,42.325,-0.607,0,0.795,0,1,0,-0.795,0,-0.607],[],1,5,[-8.995,44.978,-13.06],[0,-7.889,0],[755.969,240.697,39.458,-0.764,-0.634,0.117,0,0.182,0.983,-0.645,0.752,-0.139],12.5,"FreeFall",1,[683,357.5],[[],[]]],[[755.669,227.621,42.122,-0.672,0,0.74,0,1,0,-0.74,0,-0.672],[],1,5,[-10.904,41.708,-11.634],[0,-7.984,0],[755.486,241.432,39.34,-0.818,-0.566,0.1,0,0.174,0.985,-0.575,0.806,-0.142],12.5,"FreeFall",1,[683,357.5],[[],[]]],[[755.472,228.282,41.944,-0.734,0,0.679,0,1,0,-0.679,0,-0.734],[],1,5,[-12.162,38.438,-10.384],[0,-7.994,0],[754.998,242.093,39.196,-0.874,-0.479,0.084,0,0.174,0.985,-0.486,0.861,-0.152],12.5,"FreeFall",1,[683,357.5],[[],[]]],[[755.258,228.889,41.786,-0.802,0,0.598,0,1,0,-0.598,0,-0.802],[],1,5,[-13.059,35.168,-9.24],[0,-7.996,0],[754.456,242.699,39.115,-0.926,-0.371,0.065,0,0.174,0.985,-0.377,0.912,-0.161],12.5,"FreeFall",1,[683,357.5],[[],[]]],[[755.029,229.441,41.649,-0.868,0,0.497,0,1,0,-0.497,0,-0.868],[],1,5,[-13.942,31.898,-7.841],[0,-7.996,0],[753.895,243.251,39.102,-0.967,-0.253,0.045,0,0.174,0.985,-0.257,0.952,-0.168],12.5,"FreeFall",1,[683,357.5],[[],[]]],[[754.787,229.939,41.539,-0.924,0,0.383,0,1,0,-0.383,0,-0.924],[],1,5,[-14.769,28.628,-6.137],[0,-7.996,0],[753.346,243.749,39.152,-0.991,-0.133,0.023,0,0.174,0.985,-0.135,0.976,-0.172],12.5,"FreeFall",1,[683,357.5],[[],[]]],[[754.533,230.382,41.458,-0.964,0,0.265,0,1,0,-0.265,0,-0.964],[],1,5,[-15.421,25.358,-4.232],[0,-7.996,0],[752.815,244.192,39.263,-1,-0.014,0.002,0,0.174,0.985,-0.014,0.985,-0.174],12.5,"FreeFall",1,[683,357.5],[[],[]]],[[754.272,230.77,41.411,-0.989,0,0.147,0,1,0,-0.147,0,-0.989],[],1,5,[-15.827,22.088,-2.286],[0,-7.996,0],[752.307,244.58,39.432,-0.995,0.102,-0.018,0,0.174,0.985,0.103,0.98,-0.173],12.5,"FreeFall",1,[683,357.5],[[],[]]],[[754.006,231.104,41.395,-1,0,0.03,0,1,0,-0.03,0,-1],[],1,5,[-15.988,18.818,-0.352],[0,-7.996,0],[751.847,244.915,39.631,-0.979,0.203,-0.036,0,0.174,0.985,0.206,0.964,-0.17],12.5,"FreeFall",1,[683,357.5],[[],[]]],[[753.807,231.319,41.405,-0.994,0,-0.107,0,1,0,0.107,0,-0.994],[],1,5,[-15.926,16.366,1.348],[0,-7.996,0],[751.448,245.129,39.918,-0.946,0.319,-0.056,0,0.174,0.985,0.324,0.932,-0.164],12.5,"FreeFall",1,[683,357.5],[[],[]]],[[753.479,231.609,41.463,-0.987,0,-0.162,0,1,0,0.162,0,-0.987],[],1,5,[-15.664,12.278,3.25],[0,-7.996,0],[751.043,245.419,40.108,-0.927,0.37,-0.065,0,0.174,0.985,0.375,0.913,-0.161],12.5,"FreeFall",1,[683,357.5],[["W"],[]]],[[753.233,231.78,41.537,-0.965,0,-0.263,0,1,0,0.263,0,-0.965],[],1,5,[-14.203,9.008,5.134],[0,-6.867,0],[750.759,245.59,40.251,-0.916,0.395,-0.07,0,0.174,0.985,0.401,0.902,-0.159],12.5,"FreeFall",1,[683,357.5],[[],[]]],[[753.012,231.896,41.642,-0.955,0,-0.298,0,1,0,0.298,0,-0.955],[],1,5,[-12.681,5.738,6.968],[0,-6.548,0],[750.534,245.706,40.364,-0.915,0.398,-0.07,0,0.174,0.985,0.404,0.901,-0.159],12.5,"FreeFall",1,[683,357.5],[[],[]]],[[752.817,231.957,41.777,-0.952,0,-0.305,0,1,0,0.305,0,-0.952],[],1,5,[-11.123,2.468,8.771],[0,-6.333,0],[750.358,245.767,40.464,-0.92,0.385,-0.068,0,0.174,0.985,0.391,0.906,-0.16],12.5,"FreeFall",1,[683,357.5],[[],["Space"]]],[[752.648,231.964,41.942,-0.956,0,-0.294,0,1,0,0.294,0,-0.956],[["fall",0.3]],1,5,[-9.559,-0.802,10.57],[0,-6.186,0],[750.244,245.775,40.529,-0.936,0.348,-0.061,0,0.174,0.985,0.353,0.921,-0.162],12.5,"FreeFall",1,[683,357.5],[[],[]]],[[752.505,231.917,42.137,-0.966,0,-0.258,0,1,0,0.258,0,-0.966],[],1,5,[-8.029,-4.072,12.397],[0,-5.98,0],[750.184,245.719,40.53,-0.956,0.288,-0.052,0,0.177,0.984,0.292,0.941,-0.169],12.5,"FreeFall",1,[683,357.5],[[],[]]],[[752.384,231.815,42.364,-0.98,0,-0.198,0,1,0,0.198,0,-0.98],[],1,5,[-6.759,-7.342,14.322],[0,-5.79,0],[750.189,245.598,40.461,-0.978,0.205,-0.039,0,0.186,0.983,0.209,0.961,-0.181],12.5,"FreeFall",1,[683,357.5],[[],[]]],[[752.261,231.659,42.6,-0.993,0,-0.116,0,1,0,0.116,0,-0.993],[],1,5,[-7.497,-10.612,14.131],[0,-5.612,0],[750.262,245.419,40.362,-0.994,0.104,-0.021,0,0.195,0.981,0.106,0.975,-0.194],12.5,"FreeFall",1,[683,357.5],[[],[]]],[[752.121,231.448,42.826,-1,0,-0.015,0,1,0,0.015,0,-1],[],1,5,[-8.666,-13.882,13.447],[0,-5.47,0],[750.379,245.183,40.264,-1,-0.003,0.001,0,0.205,0.979,-0.003,0.979,-0.205],12.5,"FreeFall",1,[683,357.5],[[],["D"]]],[[752,231.182,43.056,-1,0,0.021,0,1,0,-0.021,0,-1],[],1,5,[-6.348,-17.152,13.998],[0,0.145,0],[750.564,244.893,40.2,-0.994,-0.11,0.024,0,0.214,0.977,-0.113,0.971,-0.213],12.5,"FreeFall",1,[683,357.5],[[],[]]],[[751.918,230.862,43.297,-0.995,0,0.102,0,1,0,-0.102,0,-0.995],[],1,5,[-4.076,-20.422,14.72],[0,0.794,0],[750.812,244.55,40.205,-0.976,-0.211,0.048,0,0.222,0.975,-0.217,0.952,-0.217],12.5,"FreeFall",1,[683,357.5],[[],[]]],[[751.872,230.488,43.553,-0.979,0,0.203,0,1,0,-0.203,0,-0.979],[["fall",0.3]],1,5,[-2.064,-23.692,15.765],[0,0.836,0],[751.259,244.151,40.238,-0.935,-0.346,0.082,0,0.23,0.973,-0.355,0.91,-0.215],12.5,"FreeFall",1,[683,357.5],[[],[]]],[[751.819,230.059,43.814,-0.941,0,0.339,0,1,0,-0.339,0,-0.941],[],1,5,[-3.426,-26.962,15.624],[0,1.119,0],[751.525,243.712,40.418,-0.899,-0.425,0.102,0,0.234,0.972,-0.437,0.874,-0.21],12.5,"FreeFall",1,[683,357.5],[[],[]]],[[751.739,229.576,44.068,-0.905,0,0.425,0,1,0,-0.425,0,-0.905],[],1,5,[-5.479,-30.232,15.017],[0,0.763,0],[751.754,243.221,40.634,-0.858,-0.499,0.121,0,0.236,0.972,-0.513,0.834,-0.203],12.5,"FreeFall",1,[683,357.5],[[],[]]],[[751.629,229.038,44.31,-0.864,0,0.503,0,1,0,-0.503,0,-0.864],[],1,5,[-6.938,-33.502,14.413],[0,0.699,0],[751.956,242.683,40.892,-0.808,-0.573,0.139,0,0.236,0.972,-0.589,0.785,-0.191],12.5,"FreeFall",1,[683,357.5],[[],[]]],[[751.497,228.445,44.542,-0.815,0,0.58,0,1,0,-0.58,0,-0.815],[],1,5,[-8.173,-36.772,13.753],[0,0.725,0],[752.166,242.091,41.174,-0.745,-0.648,0.158,0,0.236,0.972,-0.667,0.724,-0.176],12.5,"FreeFall",1,[683,357.5],[[],[]]],[[751.345,227.798,44.761,-0.753,0,0.658,0,1,0,-0.658,0,-0.753],[],1,5,[-9.388,-40.042,12.954],[0,0.795,0],[752.363,241.448,41.494,-0.668,-0.723,0.175,0,0.235,0.972,-0.744,0.649,-0.157],12.5,"FreeFall",1,[683,357.5],[[],[]]],[[751.173,227.097,44.964,-0.679,0,0.735,0,1,0,-0.735,0,-0.679],[["fall",0.3]],1,5,[-10.627,-43.312,11.957],[0,0.858,0],[752.548,240.746,41.831,-0.581,-0.791,0.191,0,0.235,0.972,-0.814,0.565,-0.137],12.5,"FreeFall",1,[683,357.5],[[],[]]],[[751.03,226.535,45.103,-0.59,0,0.807,0,1,0,-0.807,0,-0.59],[],1,5,[-11.742,-45.764,10.851],[0,0.885,0],[752.713,240.184,42.124,-0.497,-0.844,0.204,0,0.235,0.972,-0.868,0.483,-0.117],12.5,"FreeFall",1,[683,357.5],[[],[]]],[[750.765,226.422,45.299,-0.495,0,0.869,0,1,0,-0.869,0,-0.495],[["walk",0.1],["fall",0.3],["fall",0.3]],1,7,[-12.879,-0.339,9.218],[0,-0.356,0],[752.698,240.071,42.477,-0.42,-0.882,0.213,0,0.235,0.972,-0.908,0.408,-0.099],12.5,"FreeFall",1,[683,357.5],[[],[]]],[[750.538,226.421,45.434,-0.418,0,0.908,0,1,0,-0.908,0,-0.418],[],1,7,[-13.711,-0.007,7.882],[0,-0.041,0],[752.674,240.07,42.761,-0.352,-0.91,0.22,0,0.235,0.972,-0.936,0.342,-0.083],12.5,"FreeFall",1,[683,357.5],[[],[]]],[[750.298,226.317,45.548,-0.352,0,0.936,0,1,0,-0.936,0,-0.352],[["walk",0.1],["fall",0.3],["walk",0.1]],1.091,8,[-14.476,-7.698,6.728],[0,-0.002,0],[752.606,239.966,43.022,-0.289,-0.93,0.225,0,0.235,0.972,-0.957,0.281,-0.068],12.5,"Running",1,[683,357.5],[[],[]]],[[750.052,226.148,45.642,-0.289,0,0.957,0,1,0,-0.957,0,-0.289],[],1.091,8,[-14.771,-10.917,5.577],[0,0,0],[752.505,239.79,43.221,-0.244,-0.942,0.23,0,0.238,0.971,-0.97,0.237,-0.058],12.5,"Running",1,[683,357.5],[[],[]]],[[749.801,225.927,45.72,-0.244,0,0.97,0,1,0,-0.97,0,-0.244],[["walk",0.1]],1.091,8,[-15.096,-14.072,4.585],[0,0,0],[752.316,239.558,43.307,-0.236,-0.943,0.234,0,0.241,0.971,-0.972,0.229,-0.057],12.5,"Running",1,[683,357.5],[["Space"],[]]],[[749.486,227.014,45.815,-0.236,0,0.972,0,1,0,-0.972,0,-0.236],[["walk",0.1],["jump",0.1]],1,3,[-15.096,50.701,4.585],[0,0,0],[752.001,240.645,43.403,-0.236,-0.943,0.234,0,0.241,0.971,-0.972,0.229,-0.057],12.5,"Jumping",1,[683,357.5],[[],[]]],[[749.293,227.627,45.864,-0.236,0,0.972,0,1,0,-0.972,0,-0.236],[["jump",0.1]],1,5,[-15.523,48.248,3.823],[0,0,0],[751.808,241.258,43.452,-0.236,-0.943,0.234,0,0.241,0.971,-0.972,0.229,-0.057],12.5,"FreeFall",1,[683,357.5],[[],[]]],[[749.099,228.21,45.912,-0.236,0,0.972,0,1,0,-0.972,0,-0.236],[],1,5,[-15.546,45.796,3.783],[0,0,0],[751.614,241.841,43.499,-0.236,-0.943,0.234,0,0.241,0.971,-0.972,0.229,-0.057],12.5,"FreeFall",1,[683,357.5],[[],[]]],[[748.84,228.939,45.975,-0.236,0,0.972,0,1,0,-0.972,0,-0.236],[],1,5,[-15.547,42.526,3.781],[0,0,0],[751.354,242.57,43.562,-0.236,-0.943,0.234,0,0.241,0.971,-0.972,0.229,-0.057],12.5,"FreeFall",1,[683,357.5],[[],[]]],[[748.516,229.774,46.053,-0.236,0,0.972,0,1,0,-0.972,0,-0.236],[],1,5,[-15.547,38.438,3.781],[0,0,0],[751.031,243.405,43.641,-0.236,-0.943,0.234,0,0.241,0.971,-0.972,0.229,-0.057],12.5,"FreeFall",1,[683,357.5],[[],[]]],[[748.322,230.234,46.101,-0.236,0,0.972,0,1,0,-0.972,0,-0.236],[],1,5,[-15.547,35.986,3.781],[0,0,0],[750.836,243.865,43.688,-0.236,-0.943,0.234,0,0.241,0.971,-0.972,0.229,-0.057],12.5,"FreeFall",1,[683,357.5],[[],[]]],[[748.063,230.799,46.164,-0.236,0,0.972,0,1,0,-0.972,0,-0.236],[],1,5,[-15.547,32.716,3.781],[0,0,0],[750.577,244.431,43.751,-0.236,-0.943,0.234,0,0.241,0.971,-0.972,0.229,-0.057],12.5,"FreeFall",1,[683,357.5],[[],[]]],[[747.739,231.43,46.242,-0.236,0,0.972,0,1,0,-0.972,0,-0.236],[],1,5,[-15.547,28.628,3.781],[0,0,0],[750.323,245.05,43.848,-0.226,-0.945,0.238,0,0.245,0.97,-0.974,0.219,-0.055],12.5,"FreeFall",1,[683,357.5],[[],[]]],[[747.48,231.873,46.305,-0.227,0,0.974,0,1,0,-0.974,0,-0.227],[],1,5,[-15.547,25.358,3.781],[0,0.078,0],[750.068,245.497,43.934,-0.218,-0.947,0.238,0,0.243,0.97,-0.976,0.211,-0.053],12.5,"FreeFall",1,[683,357.5],[[],[]]],[[747.22,232.262,46.366,-0.219,0,0.976,0,1,0,-0.976,0,-0.219],[],1,5,[-15.587,22.088,3.613],[0,0.065,0],[749.853,245.886,44.044,-0.199,-0.95,0.239,0,0.243,0.97,-0.98,0.193,-0.049],12.5,"FreeFall",1,[683,357.5],[[],[]]],[[746.96,232.596,46.424,-0.202,0,0.979,0,1,0,-0.979,0,-0.202],[],1,5,[-15.615,18.818,3.489],[0,0.141,0],[749.635,246.227,44.191,-0.169,-0.957,0.238,0,0.241,0.971,-0.986,0.164,-0.041],12.5,"FreeFall",1,[683,357.5],[[],[]]],[[746.764,232.81,46.465,-0.171,0,0.985,0,1,0,-0.985,0,-0.171],[],1,5,[-15.675,16.366,3.208],[0,0.229,0],[749.453,246.456,44.329,-0.136,-0.963,0.234,0,0.236,0.972,-0.991,0.132,-0.032],12.5,"FreeFall",1,[683,357.5],[[],[]]],[[746.436,233.1,46.523,-0.141,0,0.99,0,1,0,-0.99,0,-0.141],[],1,5,[-15.77,12.278,2.702],[0,0.261,0],[749.125,246.746,44.387,-0.136,-0.963,0.234,0,0.236,0.972,-0.991,0.132,-0.032],12.5,"FreeFall",1,[683,357.5],[[],[]]],[[746.172,233.271,46.56,-0.137,0,0.991,0,1,0,-0.991,0,-0.137],[],1,5,[-15.85,9.008,2.187],[0,0.03,0],[748.861,246.917,44.424,-0.136,-0.963,0.234,0,0.236,0.972,-0.991,0.132,-0.032],12.5,"FreeFall",1,[683,357.5],[[],["Space"]]],[[745.908,233.387,46.596,-0.136,0,0.991,0,1,0,-0.991,0,-0.136],[],1,5,[-15.851,5.738,2.176],[0,0.003,0],[748.581,247.04,44.481,-0.13,-0.964,0.232,0,0.234,0.972,-0.992,0.126,-0.03],12.5,"FreeFall",1,[683,357.5],[[],[]]],[[745.644,233.449,46.633,-0.13,0,0.991,0,1,0,-0.991,0,-0.13],[],1,5,[-15.851,2.468,2.176],[0,0.045,0],[748.291,247.108,44.526,-0.128,-0.965,0.23,0,0.232,0.973,-0.992,0.125,-0.03],12.5,"FreeFall",1,[683,357.5],[[],[]]],[[745.247,233.439,46.685,-0.129,0,0.992,0,1,0,-0.992,0,-0.129],[],1,5,[-15.865,-2.437,2.077],[0,0.014,0],[747.88,247.102,44.58,-0.128,-0.965,0.229,0,0.231,0.973,-0.992,0.125,-0.03],12.5,"FreeFall",1,[683,357.5],[[],[]]],[[745.049,233.388,46.711,-0.128,0,0.992,0,1,0,-0.992,0,-0.128],[],1,5,[-15.868,-4.889,2.053],[0,0.003,0],[747.682,247.051,44.605,-0.128,-0.965,0.229,0,0.231,0.973,-0.992,0.125,-0.03],12.5,"FreeFall",1,[683,357.5],[[],[]]],[[744.85,233.306,46.736,-0.128,0,0.992,0,1,0,-0.992,0,-0.128],[],1,5,[-15.868,-7.342,2.052],[0,0.001,0],[747.454,246.977,44.635,-0.128,-0.966,0.226,0,0.228,0.974,-0.992,0.125,-0.029],12.5,"FreeFall",1,[683,357.5],[[],[]]],[[744.586,233.15,46.77,-0.128,0,0.992,0,1,0,-0.992,0,-0.128],[["fall",0.3]],1,5,[-15.868,-10.612,2.052],[0,0,0],[747.161,246.827,44.673,-0.128,-0.966,0.224,0,0.226,0.974,-0.992,0.125,-0.029],12.5,"FreeFall",1,[683,357.5],[[],[]]],[[744.322,232.939,46.805,-0.128,0,0.992,0,1,0,-0.992,0,-0.128],[],1,5,[-15.868,-13.882,2.052],[0,0,0],[746.849,246.626,44.709,-0.13,-0.967,0.22,0,0.222,0.975,-0.992,0.127,-0.029],12.5,"FreeFall",1,[683,357.5],[[],[]]],[[744.057,232.674,46.839,-0.13,0,0.992,0,1,0,-0.992,0,-0.13],[],1,5,[-15.868,-17.152,2.052],[0,-0.011,0],[746.538,246.371,44.745,-0.131,-0.967,0.217,0,0.219,0.976,-0.991,0.128,-0.029],12.5,"FreeFall",1,[683,357.5],[[],[]]],[[743.793,232.354,46.873,-0.131,0,0.991,0,1,0,-0.991,0,-0.131],[],1,5,[-15.865,-20.422,2.076],[0,-0.012,0],[746.229,246.061,44.785,-0.131,-0.968,0.213,0,0.215,0.977,-0.991,0.128,-0.028],12.5,"FreeFall",1,[683,357.5],[[],[]]],[[743.528,231.979,46.908,-0.131,0,0.991,0,1,0,-0.991,0,-0.131],[],1,5,[-15.861,-23.692,2.101],[0,-0.001,0],[745.95,245.69,44.822,-0.131,-0.968,0.212,0,0.214,0.977,-0.991,0.128,-0.028],12.5,"FreeFall",1,[683,357.5],[[],[]]],[[743.264,231.55,46.943,-0.131,0,0.991,0,1,0,-0.991,0,-0.131],[],1,5,[-15.861,-26.962,2.102],[0,0,0],[745.686,245.261,44.857,-0.131,-0.968,0.212,0,0.214,0.977,-0.991,0.128,-0.028],12.5,"FreeFall",1,[683,357.5],[[],[]]],[[743,231.067,46.978,-0.131,0,0.991,0,1,0,-0.991,0,-0.131],[],1,5,[-15.861,-30.232,2.102],[0,0,0],[745.421,244.777,44.892,-0.131,-0.968,0.212,0,0.214,0.977,-0.991,0.128,-0.028],12.5,"FreeFall",1,[683,357.5],[[],[]]],[[742.801,230.669,47.005,-0.131,0,0.991,0,1,0,-0.991,0,-0.131],[["fall",0.3]],1,5,[-15.861,-32.684,2.102],[0,0,0],[745.223,244.379,44.918,-0.131,-0.968,0.212,0,0.214,0.977,-0.991,0.128,-0.028],12.5,"FreeFall",1,[683,357.5],[[],[]]],[[742.471,229.936,47.048,-0.131,0,0.991,0,1,0,-0.991,0,-0.131],[],1,5,[-15.861,-36.772,2.102],[0,0,0],[744.893,243.647,44.962,-0.131,-0.968,0.212,0,0.214,0.977,-0.991,0.128,-0.028],12.5,"FreeFall",1,[683,357.5],[[],[]]],[[742.206,229.29,47.083,-0.131,0,0.991,0,1,0,-0.991,0,-0.131],[],1,5,[-15.861,-40.042,2.102],[0,0,0],[744.61,243.003,44.995,-0.133,-0.968,0.211,0,0.213,0.977,-0.991,0.13,-0.028],12.5,"FreeFall",1,[683,357.5],[[],[]]],[[741.942,228.588,47.118,-0.133,0,0.991,0,1,0,-0.991,0,-0.133],[],1,5,[-15.861,-43.312,2.102],[0,-0.011,0],[744.333,242.302,45.015,-0.139,-0.968,0.211,0,0.213,0.977,-0.99,0.136,-0.03],12.5,"FreeFall",1,[683,357.5],[[],["W"]]],[[741.702,227.832,47.15,-0.139,0,0.99,0,1,0,-0.99,0,-0.139],[],1,5,[-13.499,-46.582,1.788],[0,-0.001,0],[744.103,241.536,45.003,-0.155,-0.965,0.214,0,0.216,0.976,-0.988,0.151,-0.033],12.5,"FreeFall",1,[683,357.5],[[],[]]],[[741.502,227.022,47.177,-0.155,0,0.988,0,1,0,-0.988,0,-0.155],[],1,5,[-11.136,-49.852,1.475],[0,0,0],[743.901,240.722,45.008,-0.162,-0.963,0.215,0,0.218,0.976,-0.987,0.159,-0.035],12.5,"FreeFall",1,[683,357.5],[[],[]]],[[741.341,226.157,47.198,-0.162,0,0.987,0,1,0,-0.987,0,-0.162],[["fall",0.3]],1,5,[-8.773,-53.122,1.162],[0,0,0],[743.74,239.858,45.03,-0.162,-0.963,0.215,0,0.218,0.976,-0.987,0.159,-0.035],12.5,"FreeFall",1,[683,357.5],[["Space"],[]]],[[741.3,225.335,47.203,-0.162,0,0.987,0,1,0,-0.987,0,-0.162],[["walk",0.1],["fall",0.3],["fall",0.3]],1,7,[-0.372,-32.984,0.049],[0,0,0],[743.699,239.036,45.035,-0.162,-0.963,0.215,0,0.218,0.976,-0.987,0.159,-0.035],12.5,"FreeFall",1,[683,357.5],[[],[]]],[[741.299,225.285,47.204,-0.162,0,0.987,0,1,0,-0.987,0,-0.162],[],1,7,[-0.007,5.041,0.001],[0,0,0],[743.698,238.986,45.035,-0.162,-0.963,0.215,0,0.218,0.976,-0.987,0.159,-0.035],12.5,"FreeFall",1,[683,357.5],[["W"],[]]],[[741.159,225.397,47.227,-0.162,0,0.987,0,1,0,-0.987,0,-0.162],[["fall",0.3],["idle",0.1]],1,8,[-12.204,6.736,2.009],[0,0,0],[743.558,239.098,45.058,-0.162,-0.963,0.215,0,0.218,0.976,-0.987,0.159,-0.035],12.5,"Standing",1,[683,357.5],[[],[]]],[[740.956,226.273,47.26,-0.162,0,0.987,0,1,0,-0.987,0,-0.162],[["walk",0.1],["jump",0.1]],1,3,[-12.204,51.518,2.009],[0,0,0],[743.355,239.974,45.092,-0.162,-0.963,0.215,0,0.218,0.976,-0.987,0.159,-0.035],12.5,"Jumping",1,[683,357.5],[[],[]]],[[740.728,227.098,47.298,-0.162,0,0.987,0,1,0,-0.987,0,-0.162],[["jump",0.1]],1,5,[-14.555,48.248,2.396],[0,0,0],[743.127,240.798,45.129,-0.162,-0.963,0.215,0,0.218,0.976,-0.987,0.159,-0.035],12.5,"FreeFall",1,[683,357.5],[[],[]]],[[740.535,227.68,47.329,-0.162,0,0.987,0,1,0,-0.987,0,-0.162],[],1,5,[-15.697,45.796,2.584],[0,0,0],[742.934,241.381,45.161,-0.162,-0.963,0.215,0,0.218,0.976,-0.987,0.159,-0.035],12.5,"FreeFall",1,[683,357.5],[[],[]]],[[740.272,228.41,47.373,-0.162,0,0.987,0,1,0,-0.987,0,-0.162],[],1,5,[-15.786,42.526,2.598],[0,0,0],[742.671,242.11,45.204,-0.162,-0.963,0.215,0,0.218,0.976,-0.987,0.159,-0.035],12.5,"FreeFall",1,[683,357.5],[[],[]]],[[739.943,229.244,47.427,-0.162,0,0.987,0,1,0,-0.987,0,-0.162],[],1,5,[-15.788,38.438,2.599],[0,0,0],[742.342,242.945,45.258,-0.162,-0.963,0.215,0,0.218,0.976,-0.987,0.159,-0.035],12.5,"FreeFall",1,[683,357.5],[[],[]]],[[739.68,229.851,47.47,-0.162,0,0.987,0,1,0,-0.987,0,-0.162],[],1,5,[-15.788,35.168,2.599],[0,0,0],[742.079,243.552,45.302,-0.162,-0.963,0.215,0,0.218,0.976,-0.987,0.159,-0.035],12.5,"FreeFall",1,[683,357.5],[[],[]]],[[739.482,230.27,47.503,-0.162,0,0.987,0,1,0,-0.987,0,-0.162],[],1,5,[-15.788,32.716,2.599],[0,0,0],[741.881,243.971,45.334,-0.162,-0.963,0.215,0,0.218,0.976,-0.987,0.159,-0.035],12.5,"FreeFall",1,[683,357.5],[[],[]]],[[739.153,230.901,47.557,-0.162,0,0.987,0,1,0,-0.987,0,-0.162],[],1,5,[-15.788,28.628,2.599],[0,0,0],[741.549,244.601,45.384,-0.164,-0.963,0.215,0,0.218,0.976,-0.986,0.16,-0.036],12.5,"FreeFall",1,[683,357.5],[[],[]]],[[738.89,231.344,47.6,-0.164,0,0.986,0,1,0,-0.986,0,-0.164],[],1,5,[-15.788,25.358,2.599],[0,-0.011,0],[741.313,245.044,45.458,-0.152,-0.965,0.215,0,0.218,0.976,-0.988,0.148,-0.033],12.5,"FreeFall",1,[683,357.5],[[],[]]],[[738.693,231.64,47.633,-0.152,0,0.988,0,1,0,-0.988,0,-0.152],[],1,5,[-15.784,22.906,2.622],[0,0.078,0],[741.175,245.334,45.521,-0.138,-0.966,0.218,0,0.22,0.976,-0.99,0.134,-0.03],12.5,"FreeFall",1,[683,357.5],[[],[]]],[[738.363,232.066,47.684,-0.14,0,0.99,0,1,0,-0.99,0,-0.14],[],1,5,[-15.815,18.818,2.426],[0,0.111,0],[740.845,245.76,45.572,-0.138,-0.966,0.218,0,0.22,0.976,-0.99,0.134,-0.03],12.5,"FreeFall",1,[683,357.5],[[],["Space"]]],[[738.099,232.346,47.721,-0.138,0,0.99,0,1,0,-0.99,0,-0.138],[],1,5,[-15.847,15.548,2.206],[0,0.013,0],[740.633,246.033,45.633,-0.127,-0.967,0.22,0,0.222,0.975,-0.992,0.124,-0.028],12.5,"FreeFall",1,[683,357.5],[[],[]]],[[737.835,232.571,47.758,-0.128,0,0.992,0,1,0,-0.992,0,-0.128],[],1,5,[-15.848,12.278,2.201],[0,0.079,0],[740.373,246.258,45.674,-0.125,-0.967,0.221,0,0.222,0.975,-0.992,0.122,-0.028],12.5,"FreeFall",1,[683,357.5],[[],[]]],[[737.571,232.742,47.792,-0.126,0,0.992,0,1,0,-0.992,0,-0.126],[],1,5,[-15.871,9.008,2.03],[0,0.02,0],[740.108,246.429,45.708,-0.125,-0.967,0.221,0,0.222,0.975,-0.992,0.122,-0.028],12.5,"FreeFall",1,[683,357.5],[[],[]]],[[737.372,232.834,47.817,-0.125,0,0.992,0,1,0,-0.992,0,-0.125],[],1,5,[-15.874,6.556,2.003],[0,0.004,0],[739.91,246.521,45.733,-0.125,-0.967,0.221,0,0.222,0.975,-0.992,0.122,-0.028],12.5,"FreeFall",1,[683,357.5],[[],[]]],[[737.108,232.909,47.85,-0.125,0,0.992,0,1,0,-0.992,0,-0.125],[],1,5,[-15.874,3.286,2.002],[0,0,0],[739.645,246.596,45.766,-0.125,-0.967,0.221,0,0.222,0.975,-0.992,0.122,-0.028],12.5,"FreeFall",1,[683,