{"Replay":[[[776.028,222.662,47.142,0,0,1,0,1,0,-1,0,0],[],1,8,[0,0,0],[0,0,0],[778.198,236.472,47.187,0.02,-0.985,0.174,0,0.174,0.985,-1,-0.02,0.004],12.5,"Standing",0,[817,391],[[],[]]],[[775.856,222.662,47.136,0.003,0,1,0,1,0,-1,0,0.003],[],1,8,[-14.537,0,-0.503],[0,-0.261,0],[778.027,236.472,47.143,0.003,-0.985,0.174,0,0.174,0.985,-1,-0.003,0.001],12.5,"Standing",0,[817,391],[[],[]]],[[775.058,222.662,47.12,0.01,0,1,0,1,0,-1,0,0.01],[["walk",0.1]],1.003,8,[-15.997,0,-0.327],[0,-0.136,0],[777.229,236.472,47.127,0.003,-0.985,0.174,0,0.174,0.985,-1,-0.003,0.001],12.5,"Running",0,[817,391],[[],[]]],[[774.792,222.662,47.119,0.01,0,1,0,1,0,-1,0,0.01],[["walk",0.1]],1.103,8,[-16,0,-0.057],[0,0.053,0],[776.962,236.472,47.126,0.003,-0.985,0.174,0,0.174,0.985,-1,-0.003,0.001],12.5,"Running",0,[817,391],[[],[]]],[[774.792,222.662,47.119,0.01,0,1,0,1,0,-1,0,0.01],[],1.103,8,[-16,0,-0.057],[0,0.053,0],[776.962,236.472,47.126,0.003,-0.985,0.174,0,0.174,0.985,-1,-0.003,0.001],12.5,"Running",0,[817,391],[[],[]]],[[774.525,222.662,47.118,0.009,0,1,0,1,0,-1,0,0.009],[],1.103,8,[-16,0,-0.051],[0,0.053,0],[776.695,236.472,47.131,0.006,-0.985,0.174,0,0.174,0.985,-1,-0.006,0.001],12.5,"Running",0,[817,391],[[],[]]],[[774.258,222.662,47.117,0.008,0,1,0,1,0,-1,0,0.008],[],1.103,8,[-16,0,-0.051],[0,0.046,0],[776.429,236.472,47.148,0.014,-0.985,0.174,0,0.174,0.985,-1,-0.014,0.002],12.5,"Running",0,[817,391],[[],[]]],[[773.992,222.662,47.115,0.008,0,1,0,1,0,-1,0,0.008],[],1.103,8,[-16,0,-0.1],[0,0.015,0],[776.159,236.472,47.224,0.05,-0.984,0.173,0,0.174,0.985,-0.999,-0.05,0.009],12.5,"Running",0,[817,391],[[],["E"]]],[[773.725,222.662,47.112,0.009,0,1,0,1,0,-1,0,0.009],[],1.103,8,[-15.998,0,-0.224],[0,-0.049,0],[775.964,236.459,47.277,0.074,-0.981,0.179,0,0.18,0.984,-0.997,-0.073,0.013],12.5,"Running",0,[817,391],[[],[]]],[[773.459,222.662,47.099,0.014,0,1,0,1,0,-1,0,0.014],[["walk",0.1]],1.103,8,[-15.98,0,-0.793],[0,-0.326,0],[775.697,236.459,47.265,0.074,-0.981,0.179,0,0.18,0.984,-0.997,-0.073,0.013],12.5,"Running",0,[817,391],[[],[]]],[[773.193,222.662,47.08,0.021,0,1,0,1,0,-1,0,0.021],[],1.103,8,[-15.957,0,-1.173],[0,-0.477,0],[775.431,236.459,47.246,0.074,-0.981,0.179,0,0.18,0.984,-0.997,-0.073,0.013],12.5,"Running",0,[817,391],[[],[]]],[[772.927,222.662,47.06,0.029,0,1,0,1,0,-1,0,0.029],[],1.103,8,[-15.956,0,-1.181],[0,-0.421,0],[775.165,236.459,47.226,0.074,-0.981,0.179,0,0.18,0.984,-0.997,-0.073,0.013],12.5,"Running",0,[817,391],[[],[]]],[[772.661,222.662,47.041,0.035,0,0.999,0,1,0,-0.999,0,0.035],[],1.103,8,[-15.956,0,-1.181],[0,-0.364,0],[774.899,236.459,47.206,0.074,-0.981,0.179,0,0.18,0.984,-0.997,-0.073,0.013],12.5,"Running",0,[817,391],[[],[]]],[[772.395,222.683,47.021,0.04,0,0.999,0,1,0,-0.999,0,0.04],[],1.103,8,[-15.956,1.382,-1.181],[0,-0.315,0],[774.633,236.48,47.187,0.074,-0.981,0.179,0,0.18,0.984,-0.997,-0.073,0.013],12.5,"Running",0,[817,391],[[],[]]],[[772.129,222.721,47.001,0.045,0,0.999,0,1,0,-0.999,0,0.045],[],1.103,8,[-15.956,2.264,-1.181],[0,-0.272,0],[774.367,236.518,47.167,0.074,-0.981,0.179,0,0.18,0.984,-0.997,-0.073,0.013],12.5,"Running",0,[817,391],[[],[]]],[[771.863,222.749,46.981,0.049,0,0.999,0,1,0,-0.999,0,0.049],[],1.103,8,[-15.956,1.398,-1.181],[0,-0.235,0],[774.275,236.543,45.448,0.093,-0.979,0.18,0,0.181,0.984,-0.996,-0.091,0.017],12.5,"Running",1,[817,391],[["LeftShift"],[]]],[[771.198,222.765,46.932,0.094,0,0.996,0,1,0,-0.996,0,0.094],[["walk",0.1]],1.103,8,[-15.956,-0.037,-1.181],[0,-0.001,0],[773.61,236.559,45.399,0.093,-0.979,0.18,0,0.181,0.984,-0.996,-0.091,0.017],12.5,"Running",1,[683,384],[[],[]]],[[770.999,222.781,46.914,0.093,0,0.996,0,1,0,-0.996,0,0.093],[],1.103,8,[-15.933,1.617,-1.466],[0,0,0],[773.406,236.578,45.395,0.099,-0.979,0.179,0,0.18,0.984,-0.995,-0.097,0.018],12.5,"Running",1,[683,384],[[],[]]],[[770.799,222.824,46.896,0.099,0,0.995,0,1,0,-0.995,0,0.099],[],1.103,8,[-15.931,3.584,-1.481],[0,0,0],[773.206,236.62,45.376,0.099,-0.979,0.179,0,0.18,0.984,-0.995,-0.097,0.018],12.5,"Running",1,[683,384],[[],[]]],[[770.534,222.849,46.87,0.099,0,0.995,0,1,0,-0.995,0,0.099],[],1.103,8,[-15.922,0.314,-1.58],[0,0,0],[772.941,236.646,45.35,0.099,-0.979,0.179,0,0.18,0.984,-0.995,-0.097,0.018],12.5,"Running",1,[683,384],[[],[]]],[[770.202,222.805,46.837,0.099,0,0.995,0,1,0,-0.995,0,0.099],[],1.103,8,[-15.922,-3.774,-1.582],[0,0,0],[772.614,236.601,45.325,0.102,-0.979,0.179,0,0.18,0.984,-0.995,-0.1,0.018],12.5,"Running",1,[683,384],[[],[]]],[[769.937,222.708,46.811,0.102,0,0.995,0,1,0,-0.995,0,0.102],[],1.103,8,[-15.922,-7.044,-1.582],[0,0,0],[772.349,236.505,45.299,0.102,-0.979,0.179,0,0.18,0.984,-0.995,-0.1,0.018],12.5,"Running",1,[683,384],[["Space"],[]]],[[769.672,223.583,46.784,0.102,0,0.995,0,1,0,-0.995,0,0.102],[["walk",0.1],["jump",0.1]],1,3,[-15.922,51.518,-1.582],[0,0,0],[772.079,237.38,45.265,0.099,-0.979,0.179,0,0.18,0.984,-0.995,-0.097,0.018],12.5,"Jumping",1,[683,384],[[],[]]],[[769.406,224.408,46.757,0.099,0,0.995,0,1,0,-0.995,0,0.099],[["jump",0.1]],1,5,[-15.917,48.248,-1.631],[0,-0.022,0],[771.801,238.205,45.219,0.091,-0.98,0.179,0,0.18,0.984,-0.996,-0.09,0.016],12.5,"FreeFall",1,[683,384],[[],[]]],[[769.141,225.178,46.731,0.092,0,0.996,0,1,0,-0.996,0,0.092],[],1,5,[-15.922,44.978,-1.583],[0,-0.058,0],[771.504,238.978,45.165,0.08,-0.981,0.178,0,0.178,0.984,-0.997,-0.079,0.014],12.5,"FreeFall",1,[683,384],[[],["LeftShift"]]],[[768.875,225.894,46.706,0.081,0,0.997,0,1,0,-0.997,0,0.081],[],1,5,[-15.933,41.708,-1.459],[0,-0.084,0],[771.211,239.696,45.121,0.072,-0.982,0.177,0,0.177,0.984,-0.997,-0.071,0.013],12.5,"FreeFall",1,[683,384],[[],[]]],[[768.609,226.555,46.684,0.073,0,0.997,0,1,0,-0.997,0,0.073],[],1,5,[-15.948,38.438,-1.285],[0,-0.065,0],[770.935,240.357,45.084,0.066,-0.982,0.177,0,0.177,0.984,-0.998,-0.065,0.012],12.5,"FreeFall",1,[683,384],[[],[]]],[[768.41,227.015,46.669,0.067,0,0.998,0,1,0,-0.998,0,0.067],[],1,5,[-15.958,35.986,-1.163],[0,-0.053,0],[770.714,240.82,45.058,0.061,-0.983,0.176,0,0.176,0.984,-0.998,-0.06,0.011],12.5,"FreeFall",1,[683,384],[[],[]]],[[768.077,227.713,46.647,0.062,0,0.998,0,1,0,-0.998,0,0.062],[],1,5,[-15.965,31.898,-1.056],[0,-0.039,0],[770.381,241.518,45.035,0.061,-0.983,0.176,0,0.176,0.984,-0.998,-0.06,0.011],12.5,"FreeFall",1,[683,384],[[],[]]],[[767.811,228.211,46.631,0.061,0,0.998,0,1,0,-0.998,0,0.061],[],1,5,[-15.97,28.628,-0.982],[0,-0.004,0],[770.115,242.016,45.019,0.061,-0.983,0.176,0,0.176,0.984,-0.998,-0.06,0.011],12.5,"FreeFall",1,[683,384],[[],[]]],[[767.479,228.756,46.61,0.061,0,0.998,0,1,0,-0.998,0,0.061],[],1,5,[-15.97,24.541,-0.98],[0,0,0],[769.782,242.561,44.998,0.061,-0.983,0.176,0,0.176,0.984,-0.998,-0.06,0.011],12.5,"FreeFall",1,[683,384],[[],[]]],[[767.279,229.043,46.598,0.061,0,0.998,0,1,0,-0.998,0,0.061],[],1,5,[-15.97,22.088,-0.98],[0,0,0],[769.583,242.847,44.986,0.061,-0.983,0.176,0,0.176,0.984,-0.998,-0.06,0.011],12.5,"FreeFall",1,[683,384],[[],[]]],[[767.013,229.377,46.582,0.061,0,0.998,0,1,0,-0.998,0,0.061],[],1,5,[-15.97,18.818,-0.98],[0,0,0],[769.317,243.181,44.97,0.061,-0.983,0.176,0,0.176,0.984,-0.998,-0.06,0.011],12.5,"FreeFall",1,[683,384],[[],[]]],[[766.747,229.656,46.565,0.061,0,0.998,0,1,0,-0.998,0,0.061],[],1,5,[-15.97,15.548,-0.98],[0,0,0],[769.05,243.461,44.953,0.061,-0.983,0.176,0,0.176,0.984,-0.998,-0.06,0.011],12.5,"FreeFall",1,[683,384],[[],[]]],[[766.547,229.83,46.553,0.061,0,0.998,0,1,0,-0.998,0,0.061],[],1,5,[-15.97,13.096,-0.98],[0,0,0],[768.851,243.635,44.941,0.061,-0.983,0.176,0,0.176,0.984,-0.998,-0.06,0.011],12.5,"FreeFall",1,[683,384],[[],[]]],[[766.215,230.052,46.533,0.061,0,0.998,0,1,0,-0.998,0,0.061],[],1,5,[-15.97,9.008,-0.98],[0,0,0],[768.518,243.857,44.921,0.061,-0.983,0.176,0,0.176,0.984,-0.998,-0.06,0.011],12.5,"FreeFall",1,[683,384],[[],["Space"]]],[[765.949,230.168,46.516,0.061,0,0.998,0,1,0,-0.998,0,0.061],[],1,5,[-15.97,5.738,-0.98],[0,0,0],[768.252,243.973,44.904,0.061,-0.983,0.176,0,0.176,0.984,-0.998,-0.06,0.011],12.5,"FreeFall",1,[683,384],[[],[]]],[[765.749,230.219,46.504,0.061,0,0.998,0,1,0,-0.998,0,0.061],[],1,5,[-15.97,3.286,-0.98],[0,0,0],[768.052,244.024,44.892,0.061,-0.983,0.176,0,0.176,0.984,-0.998,-0.06,0.011],12.5,"FreeFall",1,[683,384],[[],[]]],[[765.416,230.237,46.484,0.061,0,0.998,0,1,0,-0.998,0,0.061],[],1,5,[-15.97,-0.802,-0.98],[0,0,0],[767.725,244.041,44.879,0.064,-0.982,0.176,0,0.176,0.984,-0.998,-0.063,0.011],12.5,"FreeFall",1,[683,384],[[],[]]],[[765.15,230.189,46.467,0.064,0,0.998,0,1,0,-0.998,0,0.064],[],1,5,[-15.97,-4.072,-0.98],[0,0.022,0],[767.469,243.994,44.877,0.071,-0.982,0.176,0,0.176,0.984,-0.997,-0.07,0.012],12.5,"FreeFall",1,[683,384],[[],[]]],[[764.884,230.087,46.45,0.07,0,0.998,0,1,0,-0.998,0,0.07],[],1,5,[-15.967,-7.342,-1.03],[0,0.047,0],[767.208,243.892,44.867,0.074,-0.982,0.176,0,0.176,0.984,-0.997,-0.073,0.013],12.5,"FreeFall",1,[683,384],[[],["b2"]]],[[764.618,229.931,46.432,0.073,0,0.997,0,1,0,-0.997,0,0.073],[],1,5,[-15.96,-10.612,-1.129],[0,0.028,0],[766.942,243.736,44.849,0.074,-0.982,0.176,0,0.176,0.984,-0.997,-0.073,0.013],12.5,"FreeFall",1,[683,384],[[],[]]],[[764.419,229.778,46.417,0.074,0,0.997,0,1,0,-0.997,0,0.074],[],1,5,[-15.957,-13.064,-1.178],[0,0.005,0],[766.742,243.583,44.834,0.074,-0.982,0.176,0,0.176,0.984,-0.997,-0.073,0.013],12.5,"FreeFall",1,[683,384],[[],[]]],[[764.086,229.455,46.392,0.074,0,0.997,0,1,0,-0.997,0,0.074],[["fall",0.3]],1,5,[-15.956,-17.152,-1.181],[0,0,0],[766.415,243.259,44.817,0.077,-0.981,0.176,0,0.176,0.984,-0.997,-0.076,0.014],12.5,"FreeFall",1,[683,384],[[],[]]],[[763.82,229.135,46.373,0.077,0,0.997,0,1,0,-0.997,0,0.077],[],1,5,[-15.956,-20.422,-1.181],[0,0.022,0],[766.154,242.939,44.805,0.08,-0.981,0.175,0,0.176,0.984,-0.997,-0.079,0.014],12.5,"FreeFall",1,[683,384],[[],[]]],[[763.488,228.658,46.347,0.08,0,0.997,0,1,0,-0.997,0,0.08],[],1,5,[-15.953,-24.509,-1.231],[0,0.025,0],[765.826,242.463,44.786,0.083,-0.981,0.175,0,0.176,0.984,-0.997,-0.082,0.015],12.5,"FreeFall",1,[683,384],[[],[]]],[[763.222,228.215,46.326,0.083,0,0.997,0,1,0,-0.997,0,0.083],[],1,5,[-15.949,-27.779,-1.28],[0,0.025,0],[765.57,242.02,44.78,0.089,-0.98,0.175,0,0.176,0.984,-0.996,-0.088,0.016],12.5,"FreeFall",1,[683,384],[[],[]]],[[763.023,227.848,46.309,0.089,0,0.996,0,1,0,-0.996,0,0.089],[],1,5,[-15.945,-30.232,-1.329],[0,0.045,0],[765.381,241.653,44.778,0.096,-0.98,0.175,0,0.176,0.984,-0.995,-0.094,0.017],12.5,"FreeFall",1,[683,384],[[],[]]],[[762.757,227.31,46.286,0.095,0,0.995,0,1,0,-0.995,0,0.095],[],1,5,[-15.936,-33.502,-1.429],[0,0.05,0],[765.122,241.115,44.766,0.1,-0.979,0.175,0,0.176,0.984,-0.995,-0.099,0.018],12.5,"FreeFall",1,[683,384],[[],[]]],[[762.492,226.717,46.261,0.1,0,0.995,0,1,0,-0.995,0,0.1],[["fall",0.3]],1,5,[-15.927,-36.772,-1.53],[0,0.039,0],[764.862,240.522,44.748,0.104,-0.979,0.175,0,0.176,0.984,-0.995,-0.102,0.018],12.5,"FreeFall",1,[683,384],[[],[]]],[[762.293,226.237,46.241,0.103,0,0.995,0,1,0,-0.995,0,0.103],[],1,5,[-15.92,-39.224,-1.603],[0,0.028,0],[764.67,240.042,44.739,0.108,-0.979,0.175,0,0.176,0.984,-0.994,-0.107,0.019],12.5,"FreeFall",1,[683,384],[[],[]]],[[762.028,225.55,46.213,0.108,0,0.994,0,1,0,-0.994,0,0.108],[],1,5,[-15.914,-42.494,-1.656],[0,0.037,0],[764.414,239.354,44.727,0.114,-0.978,0.175,0,0.176,0.984,-0.993,-0.113,0.02],12.5,"FreeFall",1,[683,384],[[],[]]],[[761.696,224.613,46.177,0.114,0,0.994,0,1,0,-0.994,0,0.114],[],1,5,[-15.906,-46.582,-1.731],[0,0.049,0],[764.094,238.418,44.709,0.122,-0.977,0.175,0,0.176,0.984,-0.992,-0.12,0.022],12.5,"FreeFall",1,[683,384],[[],[]]],[[761.431,223.803,46.147,0.121,0,0.993,0,1,0,-0.993,0,0.121],[],1,5,[-15.895,-49.852,-1.83],[0,0.061,0],[763.834,237.608,44.687,0.125,-0.977,0.175,0,0.176,0.984,-0.992,-0.123,0.022],12.5,"FreeFall",1,[683,384],[[],[]]],[[761.233,223.159,46.123,0.125,0,0.992,0,1,0,-0.992,0,0.125],[],1,5,[-15.881,-52.304,-1.95],[0,0.032,0],[763.635,236.964,44.663,0.125,-0.977,0.175,0,0.176,0.984,-0.992,-0.123,0.022],12.5,"FreeFall",1,[683,384],[[],[]]],[[760.968,222.253,46.09,0.125,0,0.992,0,1,0,-0.992,0,0.125],[],1,5,[-15.874,-55.574,-2.005],[0,0.004,0],[763.371,236.058,44.629,0.125,-0.977,0.175,0,0.176,0.984,-0.992,-0.123,0.022],12.5,"FreeFall",1,[683,384],[[],[]]],[[760.637,222.225,46.048,0.125,0,0.992,0,1,0,-0.992,0,0.125],[["fall",0.3],["walk",0.1],["fall",0.3],["fall",0.3]],1,7,[-15.874,11.405,-2.006],[0,0,0],[763.04,236.03,44.587,0.125,-0.977,0.175,0,0.176,0.984,-0.992,-0.123,0.022],12.5,"FreeFall",1,[683,384],[[],[]]],[[760.439,222.371,46.023,0.125,0,0.992,0,1,0,-0.992,0,0.125],[],1,7,[-15.874,11.111,-2.006],[0,0,0],[762.826,236.179,44.561,0.125,-0.977,0.173,0,0.175,0.985,-0.992,-0.123,0.022],12.5,"FreeFall",1,[683,384],[[],[]]],[[760.174,222.514,45.989,0.125,0,0.992,0,1,0,-0.992,0,0.125],[["walk",0.1],["fall",0.3],["walk",0.1]],1.103,8,[-15.874,7.031,-2.006],[0,0,0],[762.536,236.324,44.507,0.118,-0.978,0.172,0,0.174,0.985,-0.993,-0.116,0.02],12.5,"Running",1,[683,384],[["Space"],[]]],[[759.843,223.601,45.947,0.118,0,0.993,0,1,0,-0.993,0,0.118],[["walk",0.1],["jump",0.1]],1,3,[-15.874,50.701,-2.006],[0,0,0],[762.122,237.411,44.341,0.064,-0.983,0.173,0,0.174,0.985,-0.998,-0.063,0.011],12.5,"Jumping",1,[683,384],[[],[]]],[[759.181,225.526,45.869,0.08,0,0.997,0,1,0,-0.997,0,0.08],[["jump",0.1]],1,5,[-15.889,42.526,-1.881],[0,-0.425,0],[761.416,239.336,44.202,0.038,-0.984,0.174,0,0.174,0.985,-0.999,-0.037,0.007],12.5,"FreeFall",1,[683,384],[[],[]]],[[758.982,226.037,45.854,0.041,0,0.999,0,1,0,-0.999,0,0.041],[],1,5,[-15.963,40.073,-1.075],[0,-0.255,0],[761.198,239.847,44.163,0.027,-0.984,0.174,0,0.174,0.985,-1,-0.026,0.005],12.5,"FreeFall",1,[683,384],[[],[]]],[[758.849,226.361,45.848,0.028,0,1,0,1,0,-1,0,0.028],[],1,5,[-15.985,38.438,-0.67],[0,-0.145,0],[761.025,240.171,44.105,0.003,-0.985,0.174,0,0.174,0.985,-1,-0.003,0.001],12.5,"FreeFall",1,[683,384],[[],[]]],[[758.515,227.11,45.838,0.007,0,1,0,1,0,-1,0,0.007],[],1,5,[-15.994,34.351,-0.43],[0,-0.185,0],[760.681,240.921,44.082,-0.003,-0.985,0.174,0,0.174,0.985,-1,0.003,-0.001],12.5,"FreeFall",1,[683,384],[[],[]]],[[758.315,227.519,45.837,-0.002,0,1,0,1,0,-1,0,-0.002],[],1,5,[-16,31.898,-0.071],[0,-0.077,0],[760.45,241.329,44.043,-0.02,-0.985,0.174,0,0.174,0.985,-1,0.02,-0.004],12.5,"FreeFall",1,[683,384],[[],[]]],[[757.982,228.133,45.837,-0.018,0,1,0,1,0,-1,0,-0.018],[],1,5,[-16,27.811,0.048],[0,-0.134,0],[760.1,241.943,44.024,-0.03,-0.984,0.174,0,0.174,0.985,-1,0.029,-0.005],12.5,"FreeFall",1,[683,384],[[],[]]],[[757.716,228.562,45.842,-0.028,0,1,0,1,0,-1,0,-0.028],[],1,5,[-15.997,24.541,0.32],[0,-0.082,0],[759.822,242.372,44.015,-0.036,-0.984,0.174,0,0.174,0.985,-0.999,0.036,-0.006],12.5,"FreeFall",1,[683,384],[[],[]]],[[757.449,228.937,45.85,-0.035,0,0.999,0,1,0,-0.999,0,-0.035],[],1,5,[-15.993,21.271,0.473],[0,-0.054,0],[759.552,242.747,44.019,-0.038,-0.984,0.174,0,0.174,0.985,-0.999,0.037,-0.007],12.5,"FreeFall",1,[683,384],[[],["Space"]]],[[757.182,229.258,45.859,-0.037,0,0.999,0,1,0,-0.999,0,-0.037],[],1,5,[-15.99,18.001,0.575],[0,-0.017,0],[759.283,243.068,44.025,-0.039,-0.984,0.174,0,0.174,0.985,-0.999,0.039,-0.007],12.5,"FreeFall",1,[683,384],[[],[]]],[[756.916,229.524,45.869,-0.039,0,0.999,0,1,0,-0.999,0,-0.039],[],1,5,[-15.989,14.731,0.602],[0,-0.013,0],[759.01,243.334,44.029,-0.042,-0.984,0.173,0,0.174,0.985,-0.999,0.042,-0.007],12.5,"FreeFall",1,[683,384],[[],[]]],[[756.65,229.735,45.88,-0.042,0,0.999,0,1,0,-0.999,0,-0.042],[],1,5,[-15.988,11.461,0.627],[0,-0.024,0],[758.735,243.545,44.029,-0.047,-0.984,0.173,0,0.174,0.985,-0.999,0.046,-0.008],12.5,"FreeFall",1,[683,384],[[],[]]],[[756.383,229.892,45.891,-0.046,0,0.999,0,1,0,-0.999,0,-0.046],[],1,5,[-15.986,8.191,0.676],[0,-0.036,0],[758.451,243.702,44.021,-0.056,-0.983,0.173,0,0.174,0.985,-0.998,0.056,-0.01],12.5,"FreeFall",1,[683,384],[[],[]]],[[756.183,229.974,45.9,-0.056,0,0.998,0,1,0,-0.998,0,-0.056],[],1,5,[-15.982,5.738,0.749],[0,-0.068,0],[758.228,243.784,44.004,-0.069,-0.982,0.173,0,0.174,0.985,-0.998,0.068,-0.012],12.5,"FreeFall",1,[683,384],[[],[]]],[[755.917,230.036,45.915,-0.068,0,0.998,0,1,0,-0.998,0,-0.068],[],1,5,[-15.975,2.468,0.9],[0,-0.097,0],[757.923,243.846,43.978,-0.089,-0.981,0.173,0,0.174,0.985,-0.996,0.088,-0.016],12.5,"FreeFall",1,[683,384],[[],[]]],[[755.518,230.026,45.942,-0.086,0,0.996,0,1,0,-0.996,0,-0.086],[["fall",0.3]],1,5,[-15.962,-2.437,1.104],[0,-0.161,0],[757.483,243.836,43.964,-0.11,-0.979,0.173,0,0.174,0.985,-0.994,0.108,-0.019],12.5,"FreeFall",1,[683,384],[[],[]]],[[755.119,229.893,45.977,-0.106,0,0.994,0,1,0,-0.994,0,-0.106],[],1,5,[-15.936,-7.342,1.429],[0,-0.163,0],[757.073,243.703,43.987,-0.116,-0.978,0.172,0,0.174,0.985,-0.993,0.114,-0.02],12.5,"FreeFall",1,[683,384],[[],[]]],[[754.987,229.822,45.991,-0.115,0,0.993,0,1,0,-0.993,0,-0.115],[],1,5,[-15.908,-8.977,1.709],[0,-0.089,0],[756.915,243.632,43.976,-0.128,-0.977,0.172,0,0.174,0.985,-0.992,0.126,-0.022],12.5,"FreeFall",1,[683,384],[[],[]]],[[754.788,229.689,46.013,-0.127,0,0.992,0,1,0,-0.992,0,-0.127],[],1,5,[-15.893,-11.429,1.847],[0,-0.098,0],[756.697,243.499,43.981,-0.138,-0.975,0.172,0,0.174,0.985,-0.99,0.136,-0.024],12.5,"FreeFall",1,[683,384],[[],[]]],[[754.63,229.491,46.052,-0.058,0.001,0.998,0.009,1,-0.001,-0.998,0.009,-0.058],[],1,5,[-2.829,-11.497,2.344],[0.699,-7.034,-0.156],[756.532,243.301,44.024,-0.142,-0.975,0.172,0,0.174,0.985,-0.99,0.14,-0.025],12.5,"FreeFall",1,[683,384],[[],[]]],[[754.655,229.266,46.14,-0.105,0.001,0.994,0.007,1,0,-0.994,0.007,-0.105],[],1,5,[1.616,-14.764,6.01],[-0.316,-0.847,0.052],[756.553,243.076,44.107,-0.144,-0.975,0.172,0,0.174,0.985,-0.99,0.142,-0.025],12.5,"FreeFall",1,[683,384],[[],[]]],[[754.72,228.986,46.277,-0.139,0,0.99,0.002,1,0,-0.99,0.002,-0.139],[],1,5,[3.291,-18.035,7.93],[-0.23,-0.109,0.039],[756.616,242.796,44.236,-0.144,-0.975,0.172,0,0.174,0.985,-0.99,0.142,-0.025],12.5,"FreeFall",1,[683,384],[[],[]]],[[754.747,228.74,46.372,-0.143,0,0.99,0.001,1,0,-0.99,0.001,-0.143],[["fall",0.3]],1,5,[1.585,-20.488,7.459],[-0.102,-0.022,0.017],[756.643,242.55,44.329,-0.144,-0.975,0.172,0,0.174,0.985,-0.99,0.142,-0.025],12.5,"FreeFall",1,[683,384],[[],[]]],[[754.75,228.364,46.49,-0.144,0,0.99,0,1,0,-0.99,0,-0.144],[],1,5,[-0.695,-23.758,6.805],[-0.016,-0.002,0.002],[756.674,242.174,44.472,-0.13,-0.976,0.172,0,0.174,0.985,-0.992,0.128,-0.023],12.5,"FreeFall",1,[683,384],[[],[]]],[[754.699,227.818,46.621,-0.132,0,0.991,0,1,0,-0.991,0,-0.132],[],1,5,[-3.549,-27.845,5.961],[0.005,0.105,-0.001],[756.919,241.607,44.782,-0.039,-0.982,0.183,0,0.183,0.983,-0.999,0.039,-0.007],12.5,"FreeFall",1,[683,384],[[],[]]],[[754.653,227.909,46.699,-0.04,0,0.999,0,1,0,-0.999,0,-0.04],[["walk",0.1],["fall",0.3],["climb",0.1]],-2.32,12,[-2.33,10.428,3.913],[0.004,0.012,0],[757.318,241.678,45.399,0.177,-0.966,0.188,0,0.191,0.981,-0.984,-0.173,0.034],12.5,"Climbing",1,[683,384],[[],[]]],[[754.638,228.092,46.741,0.169,0.005,0.986,0,1,-0.005,-0.986,0.001,0.169],[["climb",0.1],["climb",0]],0.869,12,[-0.441,11.131,1.645],[0.017,0.36,-0.114],[757.719,241.834,46.783,0.58,-0.798,0.165,0,0.202,0.979,-0.814,-0.568,0.117],12.5,"Climbing",1,[683,384],[["D"],[]]],[[754.861,228.352,46.629,0.551,0,0.834,0.005,1,-0.003,-0.834,0.005,0.551],[["walk",0.1],["climb",0.1],["walk",0.1],["walk",0.1]],0.117,8,[-1.343,10.814,-8.982],[0.208,2.124,-0.026],[757.926,242.082,47.233,0.708,-0.691,0.146,0,0.207,0.978,-0.706,-0.693,0.147],12.5,"Running",1,[683,384],[["Space"],[]]],[[754.97,229.238,46.48,0.679,0.006,0.734,0.003,1,-0.012,-0.734,0.011,0.679],[["walk",0.1],["walk",0.1],["jump",0.1]],1,3,[-1.133,53.153,-8.939],[0.274,2.237,-0.14],[758.287,242.908,47.002,0.646,-0.743,0.174,0,0.228,0.974,-0.763,-0.629,0.147],12.5,"Jumping",1,[683,384],[[],[]]],[[755.027,230.279,46.257,0.702,-0.004,0.712,0.006,1,-0.001,-0.712,0.005,0.702],[["jump",0.1]],1,5,[1.835,48.017,-11.844],[-0.408,-5.483,0.658],[758.448,243.888,45.297,0.237,-0.941,0.241,0,0.248,0.969,-0.972,-0.229,0.059],12.5,"FreeFall",1,[683,384],[[],["W"]]],[[755.215,231.926,45.809,0.5,-0.001,0.866,0,1,0.001,-0.866,0,0.5],[],1,5,[7.424,40.659,-12.044],[-0.01,-7.976,-0.086],[758.321,245.543,44.122,0.02,-0.969,0.246,0,0.246,0.969,-1,-0.02,0.005],12.5,"FreeFall",1,[683,384],[[],[]]],[[755.297,232.414,45.648,0.12,0,0.993,0,1,0,-0.993,0,0.12],[],1,5,[6.128,38.207,-13.287],[-0.01,-7.992,-0.041],[757.941,246.074,43.537,-0.13,-0.965,0.23,0,0.232,0.973,-0.992,0.126,-0.03],12.5,"FreeFall",1,[683,384],[[],[]]],[[755.377,233.017,45.416,0.003,0,1,0,1,0,-1,0,0.003],[],1,5,[3.96,34.937,-14.298],[-0.007,-7.995,-0.007],[757.814,246.697,43.179,-0.184,-0.958,0.221,0,0.225,0.974,-0.983,0.18,-0.041],12.5,"FreeFall",1,[683,384],[[],[]]],[[755.412,233.433,45.233,-0.085,0,0.996,0,1,0,-0.996,0,-0.085],[],1,5,[2.227,32.484,-14.746],[-0.004,-7.996,0.001],[757.494,247.15,42.841,-0.267,-0.942,0.204,0,0.212,0.977,-0.964,0.261,-0.056],12.5,"FreeFall",1,[683,384],[[],[]]],[[755.425,233.819,45.046,-0.169,0,0.986,0,1,0,-0.986,0,-0.169],[],1,5,[0.471,30.032,-15.078],[-0.001,-7.996,0.003],[757.252,247.551,42.529,-0.339,-0.921,0.194,0,0.206,0.979,-0.941,0.331,-0.07],12.5,"FreeFall",1,[683,384],[[],[]]],[[755.408,234.285,44.793,-0.211,0,0.978,0,1,0,-0.978,0,-0.211],[],1,5,[-1.906,26.762,-15.249],[0,-7.996,0.001],[756.993,248.021,42.131,-0.42,-0.888,0.186,0,0.205,0.979,-0.908,0.411,-0.086],12.5,"FreeFall",1,[683,384],[[],[]]],[[755.351,234.697,44.54,-0.296,0,0.955,0,1,0,-0.955,0,-0.296],[],1,5,[-4.285,23.492,-15.117],[0,-7.996,0],[756.681,248.42,41.688,-0.518,-0.836,0.179,0,0.209,0.978,-0.855,0.507,-0.108],12.5,"FreeFall",1,[683,384],[[],[]]],[[755.256,235.054,44.294,-0.4,0,0.916,0,1,0,-0.916,0,-0.4],[],1,5,[-6.458,20.222,-14.584],[0,-7.996,0],[756.138,248.758,41.196,-0.659,-0.734,0.163,0,0.216,0.976,-0.752,0.643,-0.143],12.5,"FreeFall",1,[683,384],[[],[]]],[[755.128,235.357,44.061,-0.553,0,0.833,0,1,0,-0.833,0,-0.553],[],1,5,[-8.187,16.952,-13.735],[0,-7.996,0],[755.709,249.061,40.893,-0.728,-0.669,0.148,0,0.216,0.976,-0.686,0.711,-0.157],12.5,"FreeFall",1,[683,384],[[],[]]],[[754.972,235.606,43.847,-0.63,0,0.776,0,1,0,-0.776,0,-0.63],[],1,5,[-10.12,13.682,-12.341],[0,-7.996,0],[755.308,249.313,40.656,-0.776,-0.615,0.136,0,0.215,0.977,-0.63,0.758,-0.167],12.5,"FreeFall",1,[683,384],[[],[]]],[[754.786,235.8,43.656,-0.686,0,0.728,0,1,0,-0.728,0,-0.686],[],1,5,[-11.556,10.412,-11.052],[0,-7.996,0],[754.901,249.517,40.486,-0.814,-0.568,0.123,0,0.212,0.977,-0.581,0.795,-0.172],12.5,"FreeFall",1,[683,384],[["W"],[]]],[[754.586,235.939,43.496,-0.739,0,0.674,0,1,0,-0.674,0,-0.739],[],1,5,[-12.329,7.142,-8.798],[0,-6.912,0],[754.465,249.663,40.351,-0.852,-0.512,0.11,0,0.209,0.978,-0.524,0.833,-0.178],12.5,"FreeFall",1,[683,384],[[],[]]],[[754.427,236.008,43.4,-0.804,0,0.595,0,1,0,-0.595,0,-0.804],[],1,5,[-12.846,4.689,-7.087],[0,-6.848,0],[754.013,249.738,40.305,-0.895,-0.436,0.092,0,0.207,0.978,-0.446,0.876,-0.185],12.5,"FreeFall",1,[683,384],[[],[]]],[[754.15,236.055,43.288,-0.821,0,0.57,0,1,0,-0.57,0,-0.821],[],1,5,[-13.574,0.602,-4.198],[0,-6.986,0],[753.404,249.784,40.256,-0.938,-0.339,0.072,0,0.207,0.978,-0.346,0.918,-0.194],12.5,"FreeFall",1,[683,384],[[],["Space"]]],[[753.861,236.016,43.238,-0.877,0,0.481,0,1,0,-0.481,0,-0.877],[],1,5,[-14.078,-3.486,-1.262],[0,-7.136,0],[752.775,249.739,40.284,-0.972,-0.23,0.049,0,0.209,0.978,-0.235,0.95,-0.203],12.5,"FreeFall",1,[683,384],[[],[]]],[[753.625,235.924,43.241,-0.937,0,0.349,0,1,0,-0.349,0,-0.937],[],1,5,[-14.214,-6.756,1.118],[0,-7.201,0],[752.128,249.641,40.445,-0.996,-0.091,0.02,0,0.212,0.977,-0.093,0.973,-0.211],12.5,"FreeFall",1,[683,384],[[],[]]],[[753.332,235.732,43.302,-0.97,0,0.244,0,1,0,-0.244,0,-0.97],[],1,5,[-13.984,-10.843,4.088],[0,-7.42,0],[751.739,249.449,40.559,-0.998,-0.057,0.012,0,0.212,0.977,-0.058,0.976,-0.211],12.5,"FreeFall",1,[683,384],[[],[]]],[[753.217,235.632,43.343,-0.993,0,0.116,0,1,0,-0.116,0,-0.993],[["fall",0.3]],1,5,[-13.671,-12.478,5.238],[0,-6.85,0],[751.497,249.352,40.693,-1,-0.011,0.002,0,0.21,0.978,-0.011,0.978,-0.21],12.5,"FreeFall",1,[683,384],[[],[]]],[[753.051,235.455,43.423,-0.995,0,0.095,0,1,0,-0.095,0,-0.995],[],1,5,[-13.129,-14.931,6.941],[0,-6.695,0],[751.238,249.191,40.911,-1,0.025,-0.005,0,0.205,0.979,0.025,0.979,-0.204],12.5,"FreeFall",1,[683,384],[[],[]]],[[752.841,235.172,43.561,-0.996,0,0.085,0,1,0,-0.085,0,-0.996],[],1,5,[-12.247,-18.201,9.155],[0,-6.583,0],[750.951,248.926,41.199,-0.998,0.057,-0.011,0,0.197,0.98,0.058,0.979,-0.197],12.5,"FreeFall",1,[683,384],[[],[]]],[[752.648,234.835,43.736,-0.999,0,0.051,0,1,0,-0.051,0,-0.999],[],1,5,[-11.184,-21.471,11.279],[0,-6.548,0],[750.695,248.604,41.505,-0.996,0.086,-0.017,0,0.191,0.981,0.088,0.978,-0.191],12.5,"FreeFall",1,[683,384],[[],[]]],[[752.425,234.336,43.983,-0.999,0,0.048,0,1,0,-0.048,0,-0.999],[],1,5,[-10.642,-25.558,11.946],[0,-6.521,0],[750.41,248.122,41.907,-0.993,0.119,-0.022,0,0.184,0.983,0.121,0.976,-0.183],12.5,"FreeFall",1,[683,384],[[],[]]],[[752.296,233.997,44.136,-0.999,0,-0.039,0,1,0,0.039,0,-0.999],[],1,5,[-10.296,-28.011,12.247],[0,-6.539,0],[750.254,247.793,42.153,-0.99,0.136,-0.025,0,0.18,0.984,0.138,0.974,-0.178],12.5,"FreeFall",1,[683,384],[[],["D"]]],[[752.117,233.362,44.402,-0.995,0,-0.1,0,1,0,0.1,0,-0.995],[],1,5,[-7.441,-32.098,13.096],[0,-0.57,0],[750.056,247.169,42.507,-0.988,0.149,-0.027,0,0.175,0.985,0.152,0.973,-0.173],12.5,"FreeFall",1,[683,384],[[],[]]],[[752.04,232.815,44.518,-0.996,0.007,-0.086,0.007,1,-0.002,0.086,-0.003,-0.996],[["fall",0.3]],1,5,[-2.483,-32.664,1.871],[-0.242,-5.632,-0.547],[749.977,246.625,42.651,-0.987,0.157,-0.028,0,0.174,0.985,0.16,0.972,-0.171],12.5,"FreeFall",1,[683,384],[[],[]]],[[752.015,232.895,44.516,-0.992,0.004,-0.13,0.004,1,-0.001,0.13,-0.002,-0.992],[["walk",0.1],["fall",0.3],["climb",0.1]],-2.722,12,[-0.825,10.333,0.577],[0.148,-0.651,0.327],[749.948,246.705,42.649,-0.987,0.157,-0.028,0,0.174,0.985,0.16,0.972,-0.171],12.5,"Climbing",1,[683,384],[[],[]]],[[752.013,233.079,44.517,-0.988,0,-0.156,0,1,0,0.156,0,-0.988],[["climb",0.1],["climb",0]],0.861,12,[0.009,11.183,0],[0.069,-0.075,0.147],[749.946,246.889,42.647,-0.988,0.154,-0.027,0,0.174,0.985,0.156,0.973,-0.172],12.5,"Climbing",1,[683,384],[[],[]]],[[752.013,233.219,44.517,-0.988,0,-0.156,0,1,0,0.156,0,-0.988],[["climb",0.1]],0.932,12,[0.017,11.199,-0.008],[0.01,-0.015,0.022],[749.965,247.029,42.625,-0.989,0.143,-0.025,0,0.174,0.985,0.146,0.974,-0.172],12.5,"Climbing",1,[683,384],[[],[]]],[[752.013,233.406,44.517,-0.989,0,-0.145,0,1,0,0.145,0,-0.989],[],0.932,12,[0.002,11.2,-0.001],[-0.008,-0.002,-0.018],[750.02,247.216,42.567,-0.993,0.116,-0.02,0,0.174,0.985,0.118,0.978,-0.172],12.5,"Climbing",1,[683,384],[[],[]]],[[752.014,233.686,44.517,-0.993,0,-0.117,0,1,0,0.117,0,-0.993],[["climb",0]],0.932,12,[-0.001,11.2,0.001],[-0.001,0,-0.002],[750.048,247.496,42.539,-0.995,0.102,-0.018,0,0.174,0.985,0.103,0.98,-0.173],12.5,"Climbing",1,[683,384],[[],[]]],[[752.014,233.872,44.517,-0.995,0,-0.103,0,1,0,0.103,0,-0.995],[],0.932,12,[0,11.2,0],[0,0,0.001],[750.067,247.682,42.521,-0.996,0.093,-0.016,0,0.174,0.985,0.094,0.98,-0.173],12.5,"Climbing",1,[683,384],[[],[]]],[[752.014,234.059,44.517,-0.996,0,-0.094,0,1,0,0.094,0,-0.996],[],0.932,12,[0,11.2,0],[0,0,0.001],[750.073,247.869,42.515,-0.996,0.09,-0.016,0,0.174,0.985,0.091,0.981,-0.173],12.5,"Climbing",1,[683,384],[[],[]]],[[752.014,234.199,44.517,-0.996,0,-0.091,0,1,0,0.091,0,-0.996],[],0.932,12,[0,11.2,0],[0,0,0],[750.096,248.009,42.493,-0.997,0.079,-0.014,0,0.174,0.985,0.08,0.982,-0.173],12.5,"Climbing",1,[683,384],[[],[]]],[[752.014,234.386,44.517,-0.997,0,-0.08,0,1,0,0.08,0,-0.997],[],0.932,12,[0,11.2,0],[0,0,0],[750.108,248.196,42.481,-0.997,0.073,-0.013,0,0.174,0.985,0.074,0.982,-0.173],12.5,"Climbing",1,[683,384],[[],[]]],[[752.014,234.572,44.517,-0.997,0,-0.074,0,1,0,0.074,0,-0.997],[],0.932,12,[0,11.2,0],[0,0,0],[750.112,248.382,42.478,-0.997,0.071,-0.013,0,0.174,0.985,0.072,0.982,-0.173],12.5,"Climbing",1,[683,384],[[],[]]],[[752.014,234.759,44.517,-0.997,0,-0.072,0,1,0,0.072,0,-0.997],[],0.932,12,[0,11.2,0],[0,0,0],[750.115,248.569,42.475,-0.998,0.069,-0.012,0,0.174,0.985,0.071,0.982,-0.173],12.5,"Climbing",1,[683,384],[[],[]]],[[752.014,234.899,44.517,-0.998,0,-0.071,0,1,0,0.071,0,-0.998],[],0.932,12,[0,11.2,0],[0,0,0],[750.118,248.709,42.472,-0.998,0.068,-0.012,0,0.174,0.985,0.069,0.982,-0.173],12.5,"Climbing",1,[683,384],[[],[]]],[[752.014,235.132,44.517,-0.998,0,-0.069,0,1,0,0.069,0,-0.998],[],0.932,12,[0,11.2,0],[0,0,0],[750.121,248.942,42.469,-0.998,0.066,-0.012,0,0.174,0.985,0.067,0.983,-0.173],12.5,"Climbing",1,[683,384],[[],[]]],[[752.014,235.319,44.517,-0.998,0,-0.067,0,1,0,0.067,0,-0.998],[],0.932,12,[0,11.2,0],[0,0,0],[750.124,249.129,42.466,-0.998,0.065,-0.011,0,0.174,0.985,0.066,0.983,-0.173],12.5,"Climbing",1,[683,384],[[],[]]],[[752.014,235.459,44.517,-0.998,0,-0.066,0,1,0,0.066,0,-0.998],[],0.932,12,[0,11.2,0],[0,0,0],[750.124,249.269,42.466,-0.998,0.065,-0.011,0,0.174,0.985,0.066,0.983,-0.173],12.5,"Climbing",1,[683,384],[[],[]]],[[752.014,235.645,44.517,-0.998,0,-0.066,0,1,0,0.066,0,-0.998],[],0.932,12,[0,11.2,0],[0,0,0],[750.131,249.456,42.46,-0.998,0.062,-0.011,0,0.174,0.985,0.063,0.983,-0.173],12.5,"Climbing",1,[683,384],[[],[]]],[[752.014,235.879,44.517,-0.998,0,-0.063,0,1,0,0.063,0,-0.998],[],0.932,12,[0,11.2,0],[0,0,0],[750.137,249.689,42.455,-0.998,0.059,-0.01,0,0.174,0.985,0.06,0.983,-0.173],12.5,"Climbing",1,[683,384],[[],[]]],[[752.014,236.065,44.517,-0.998,0,-0.06,0,1,0,0.06,0,-0.998],[],0.932,12,[0,11.2,0],[0,0,0],[750.15,249.875,42.443,-0.999,0.052,-0.009,0,0.174,0.985,0.053,0.983,-0.173],12.5,"Climbing",1,[683,384],[[],[]]],[[752.014,236.252,44.517,-0.999,0,-0.053,0,1,0,0.053,0,-0.999],[],0.932,12,[0,11.2,0],[0,0,0],[750.183,250.062,42.414,-0.999,0.037,-0.007,0,0.174,0.985,0.038,0.984,-0.174],12.5,"Climbing",1,[683,384],[[],[]]],[[752.014,236.485,44.517,-0.999,0,-0.038,0,1,0,0.038,0,-0.999],[],0.932,12,[0,11.2,0],[0,0,0],[750.247,250.295,42.36,-1,0.008,-0.001,0,0.174,0.985,0.008,0.985,-0.174],12.5,"Climbing",1,[683,384],[[],[]]],[[752.014,236.765,44.517,-1,0,-0.008,0,1,0,0.008,0,-1],[],0.932,12,[0,11.2,0],[0,0,0],[750.284,250.575,42.33,-1,-0.009,0.002,0,0.174,0.985,-0.01,0.985,-0.174],12.5,"Climbing",1,[683,384],[[],[]]],[[752.014,236.859,44.517,-1,0,0.01,0,1,0,-0.01,0,-1],[],0.932,12,[0,11.2,0],[0,0,0],[750.404,250.669,42.241,-0.998,-0.062,0.011,0,0.174,0.985,-0.063,0.983,-0.173],12.5,"Climbing",1,[683,384],[[],[]]],[[752.014,236.999,44.517,-0.998,0,0.063,0,1,0,-0.063,0,-0.998],[],0.932,12,[0,11.2,0],[0,0,0],[750.61,250.809,42.108,-0.989,-0.148,0.026,0,0.174,0.985,-0.15,0.974,-0.172],12.5,"Climbing",1,[683,384],[[],[]]],[[752.012,237.151,44.542,-0.989,0,0.15,0,1,0,-0.15,0,-0.989],[["climb",0.1],["idle",0.1],["idle",0.1]],1,8,[-0.15,7.93,2.379],[0,0,0],[750.929,250.961,41.973,-0.961,-0.272,0.048,0,0.174,0.985,-0.276,0.947,-0.167],12.5,"Standing",1,[683,384],[[],[]]],[[751.997,237.517,44.648,-0.96,0,0.28,0,1,0,-0.28,0,-0.96],[["walk",0.1]],0.164,8,[-1.684,33.274,11.521],[0,-0.413,0],[751.368,251.322,41.908,-0.902,-0.425,0.076,0,0.176,0.984,-0.432,0.888,-0.159],12.5,"Running",1,[683,384],[[],[]]],[[751.912,238.098,44.959,-0.897,0,0.443,0,1,0,-0.443,0,-0.897],[["walk",0.1],["walk",0.1]],0.803,8,[-4.396,22.367,15.35],[0,-0.634,0],[751.803,251.903,42.149,-0.806,-0.582,0.104,0,0.176,0.984,-0.592,0.794,-0.142],12.5,"Running",1,[683,384],[[],[]]],[[751.803,238.367,45.201,-0.799,0,0.601,0,1,0,-0.601,0,-0.799],[["walk",0.1]],1.101,8,[-6.855,12.891,14.452],[0,-0.691,0],[752.236,252.172,42.423,-0.678,-0.724,0.129,0,0.176,0.984,-0.735,0.667,-0.119],12.5,"Running",1,[683,384],[[],[]]],[[751.652,238.518,45.42,-0.669,0,0.743,0,1,0,-0.743,0,-0.669],[],1.101,8,[-9.415,7.132,12.93],[0,-0.723,0],[752.61,252.317,42.752,-0.532,-0.833,0.151,0,0.178,0.984,-0.847,0.523,-0.095],12.5,"Running",1,[683,384],[[],[]]],[[751.461,238.601,45.606,-0.522,0,0.853,0,1,0,-0.853,0,-0.522],[],1.101,8,[-11.721,3.869,10.883],[0,-0.691,0],[752.878,252.392,43.11,-0.388,-0.906,0.168,0,0.182,0.983,-0.921,0.382,-0.071],12.5,"Running",1,[683,384],[[],[]]],[[751.24,238.642,45.753,-0.379,0,0.925,0,1,0,-0.925,0,-0.379],[],1.101,8,[-13.514,2.007,8.555],[0,-0.605,0],[753.015,252.431,43.483,-0.252,-0.951,0.177,0,0.183,0.983,-0.968,0.247,-0.046],12.5,"Running",1,[683,384],[[],[]]],[[750.996,238.661,45.86,-0.243,0,0.97,0,1,0,-0.97,0,-0.243],[],1.101,8,[-14.72,0.845,6.261],[0,-0.538,0],[753.141,252.447,43.918,-0.086,-0.979,0.184,0,0.184,0.983,-0.996,0.085,-0.016],12.5,"Running",1,[683,384],[[],[]]],[[750.675,238.667,45.949,-0.074,0,0.997,0,1,0,-0.997,0,-0.074],[["walk",0.1]],1.101,8,[-15.479,0.051,4.043],[0,-0.629,0],[752.941,252.453,44.149,-0.022,-0.983,0.184,0,0.184,0.983,-1,0.022,-0.004],12.5,"Running",1,[683,384],[[],[]]],[[750.41,238.666,45.979,-0.019,0,1,0,1,0,-1,0,-0.019],[],1.101,8,[-15.931,-0.12,1.432],[0,-0.073,0],[752.71,252.452,44.222,-0.003,-0.983,0.184,0,0.184,0.983,-1,0.003,-0.001],12.5,"Running",1,[683,384],[[],[]]],[[750.211,238.664,45.986,-0.003,0,1,0,1,0,-1,0,-0.003],[],1.101,8,[-15.993,-0.117,0.407],[0,-0.014,0],[752.557,252.447,44.273,0.016,-0.983,0.186,0,0.186,0.983,-1,-0.016,0.003],12.5,"Running",1,[683,384],[[],[]]],[[749.811,238.663,45.988,0.016,0,1,0,1,0,-1,0,0.016],[],1.101,8,[-16,-0.037,0.05],[0,-0.001,0],[752.157,252.446,44.275,0.016,-0.983,0.186,0,0.186,0.983,-1,-0.016,0.003],12.5,"Running",1,[683,384],[[],[]]],[[749.344,238.662,45.981,0.016,0,1,0,1,0,-1,0,0.016],[],1.101,8,[-15.998,0.004,-0.252],[0,0,0],[751.691,252.445,44.268,0.016,-0.983,0.186,0,0.186,0.983,-1,-0.016,0.003],12.5,"Running",1,[683,384],[[],[]]],[[749.144,238.662,45.978,0.016,0,1,0,1,0,-1,0,0.016],[],1.101,8,[-15.998,0.006,-0.253],[0,0,0],[751.491,252.445,44.265,0.016,-0.983,0.186,0,0.186,0.983,-1,-0.016,0.003],12.5,"Running",1,[683,384],[[],[]]],[[749.011,238.662,45.976,0.016,0,1,0,1,0,-1,0,0.016],[["walk",0.1]],1.101,8,[-15.998,0.005,-0.253],[0,0,0],[751.358,252.445,44.263,0.016,-0.983,0.186,0,0.186,0.983,-1,-0.016,0.003],12.5,"Running",1,[683,384],[[],[]]],[[748.811,238.663,45.973,0.016,0,1,0,1,0,-1,0,0.016],[],1.101,8,[-15.998,0.003,-0.253],[0,0,0],[751.158,252.445,44.26,0.016,-0.983,0.186,0,0.186,0.983,-1,-0.016,0.003],12.5,"Running",1,[683,384],[[],[]]],[[748.611,238.663,45.97,0.016,0,1,0,1,0,-1,0,0.016],[],1.101,8,[-15.998,0.001,-0.253],[0,0,0],[750.958,252.445,44.257,0.016,-0.983,0.186,0,0.186,0.983,-1,-0.016,0.003],12.5,"Running",1,[683,384],[[],[]]],[[748.278,238.663,45.965,0.016,0,1,0,1,0,-1,0,0.016],[],1.101,8,[-15.998,0,-0.253],[0,0,0],[750.635,252.445,44.266,0.022,-0.982,0.185,0,0.186,0.983,-1,-0.022,0.004],12.5,"Running",1,[683,384],[[],[]]],[[748.078,238.663,45.961,0.022,0,1,0,1,0,-1,0,0.022],[],1.101,8,[-15.998,0,-0.253],[0,0,0],[750.411,252.451,44.27,0.025,-0.983,0.183,0,0.183,0.983,-1,-0.025,0.005],12.5,"Running",1,[683,384],[[],[]]],[[747.811,238.663,45.956,0.025,0,1,0,1,0,-1,0,0.025],[],1.101,8,[-15.996,0,-0.351],[0,0,0],[750.117,252.457,44.267,0.027,-0.983,0.181,0,0.181,0.984,-1,-0.026,0.005],12.5,"Running",1,[683,384],[[],[]]],[[747.478,238.663,45.947,0.027,0,1,0,1,0,-1,0,0.027],[],1.101,8,[-15.995,0,-0.403],[0,0,0],[749.754,252.462,44.258,0.027,-0.984,0.178,0,0.178,0.984,-1,-0.026,0.005],12.5,"Running",1,[683,384],[[],[]]],[[747.211,238.663,45.94,0.027,0,1,0,1,0,-1,0,0.027],[["walk",0.1]],1.101,8,[-15.994,0,-0.428],[0,0,0],[749.473,252.465,44.25,0.027,-0.984,0.177,0,0.177,0.984,-1,-0.026,0.005],12.5,"Running",1,[683,384],[[],[]]],[[746.945,238.663,45.933,0.027,0,1,0,1,0,-1,0,0.027],[],1.101,8,[-15.994,0,-0.429],[0,0,0],[749.191,252.467,44.243,0.027,-0.984,0.176,0,0.176,0.984,-1,-0.026,0.005],12.5,"Running",1,[683,384],[[],[]]],[[746.678,238.663,45.926,0.027,0,1,0,1,0,-1,0,0.027],[],1.101,8,[-15.994,0,-0.429],[0,0,0],[748.898,252.473,44.238,0.028,-0.984,0.174,0,0.174,0.985,-1,-0.028,0.005],12.5,"Running",1,[683,384],[[],[]]],[[746.412,238.663,45.919,0.028,0,1,0,1,0,-1,0,0.028],[],1.101,8,[-15.994,0,-0.429],[0,0,0],[748.634,252.473,44.235,0.03,-0.984,0.174,0,0.174,0.985,-1,-0.029,0.005],12.5,"Running",1,[683,384],[[],[]]],[[746.145,238.663,45.911,0.03,0,1,0,1,0,-1,0,0.03],[],1.101,8,[-15.994,0,-0.453],[0,0,0],[748.37,252.473,44.231,0.031,-0.984,0.174,0,0.174,0.985,-1,-0.031,0.005],12.5,"Running",1,[683,384],[[],[]]],[[745.745,238.663,45.9,0.031,0,1,0,1,0,-1,0,0.031],[],1.101,8,[-15.993,0,-0.479],[0,0,0],[747.972,252.473,44.222,0.033,-0.984,0.174,0,0.174,0.985,-0.999,-0.033,0.006],12.5,"Running",1,[683,384],[[],[]]],[[745.479,238.663,45.891,0.033,0,0.999,0,1,0,-0.999,0,0.033],[["walk",0.1]],1.101,8,[-15.992,0,-0.503],[0,0,0],[747.716,252.473,44.228,0.039,-0.984,0.174,0,0.174,0.985,-0.999,-0.039,0.007],12.5,"Running",1,[683,384],[[],[]]],[[745.212,238.663,45.882,0.039,0,0.999,0,1,0,-0.999,0,0.039],[],1.101,8,[-15.991,0,-0.529],[0,0,0],[747.46,252.473,44.233,0.046,-0.984,0.173,0,0.174,0.985,-0.999,-0.045,0.008],12.5,"Running",1,[683,384],[[],[]]],[[745.012,238.663,45.875,0.046,0,0.999,0,1,0,-0.999,0,0.046],[],1.101,8,[-15.988,0,-0.624],[0,0,0],[747.328,252.473,44.322,0.088,-0.981,0.173,0,0.174,0.985,-0.996,-0.087,0.015],12.5,"Running",1,[683,384],[[],[]]],[[744.746,238.663,45.863,0.088,0,0.996,0,1,0,-0.996,0,0.088],[],1.101,8,[-15.983,0,-0.728],[0,0,0],[747.232,252.473,44.601,0.207,-0.963,0.17,0,0.174,0.985,-0.978,-0.204,0.036],12.5,"Running",1,[683,384],[[],[]]],[[744.48,238.663,45.841,0.213,0,0.977,0,1,0,-0.977,0,0.213],[],1.101,8,[-15.939,0,-1.394],[0,-0.428,0],[747.185,252.473,45.165,0.42,-0.894,0.158,0,0.174,0.985,-0.907,-0.414,0.073],12.5,"Running",1,[683,384],[[],[]]],[[744.563,238.663,45.804,0.325,0.002,0.946,-0.001,1,-0.002,-0.946,0,0.325],[],1.101,8,[-3.747,0.01,-3.636],[-0.014,4.953,0],[747.373,252.454,46.402,0.761,-0.637,0.118,0,0.182,0.983,-0.648,-0.749,0.139],12.5,"Running",1,[683,384],[[],[]]],[[744.807,238.661,45.722,0.712,0.004,0.702,-0.002,1,-0.004,-0.702,0.002,0.712],[["walk",0.1]],0.36,8,[-0.994,0.02,-3.325],[0.048,3.068,0.005],[747.372,252.441,47.124,0.91,-0.407,0.077,0,0.187,0.982,-0.414,-0.894,0.17],12.5,"Running",1,[683,384],[[],[]]],[[744.864,238.66,45.653,0.887,0.005,0.462,-0.006,1,0.001,-0.462,-0.004,0.887],[["walk",0.1],["walk",0.1]],0.239,8,[0.035,0.036,-4.131],[-0.928,4.221,-0.006],[747.214,252.42,47.522,0.963,-0.265,0.053,0,0.195,0.981,-0.27,-0.944,0.188],12.5,"Running",1,[683,384],[[],[]]],[[744.867,238.661,45.51,0.959,0.005,0.285,-0.006,1,0,-0.285,-0.002,0.959],[["walk",0.1]],0.285,8,[0.062,0.057,-10.569],[0.294,0.313,-0.001],[747.22,252.384,47.606,0.969,-0.243,0.052,0,0.209,0.978,-0.249,-0.947,0.203],12.5,"Running",1,[683,384],[["Space"],[]]],[[744.883,239.547,45.334,0.967,0.006,0.253,-0.005,1,-0.005,-0.253,0.004,0.967],[["walk",0.1],["jump",0.1]],1,3,[0.067,53.153,-10.567],[0.296,0.314,-0.004],[747.488,253.217,47.45,0.944,-0.323,0.076,0,0.228,0.974,-0.331,-0.919,0.215],12.5,"Jumping",1,[683,384],[[],[]]],[[744.896,240.433,45.158,0.942,0.007,0.336,-0.004,1,-0.01,-0.336,0.008,0.942],[],1,3,[0.067,53.153,-10.568],[0.295,0.313,-0.003],[747.933,254.053,46.973,0.871,-0.476,0.12,0,0.245,0.97,-0.491,-0.845,0.213],12.5,"Jumping",1,[683,384],[[],[]]],[[744.899,241.319,44.982,0.868,0.009,0.496,-0.002,1,-0.014,-0.496,0.012,0.868],[],1,3,[0.067,53.153,-10.568],[0.295,0.314,-0.003],[748.266,254.928,46.195,0.755,-0.635,0.163,0,0.248,0.969,-0.655,-0.732,0.187],12.5,"Jumping",1,[683,384],[[],[]]],[[744.885,241.963,44.842,0.763,0.007,0.647,-0.001,1,-0.01,-0.647,0.007,0.763],[["jump",0.1]],1,5,[-1.699,50.703,-11.433],[-0.319,-1.227,0.363],[748.375,255.579,45.48,0.641,-0.744,0.189,0,0.246,0.969,-0.767,-0.621,0.158],12.5,"FreeFall",1,[683,384],[[],["W"]]],[[744.855,242.968,44.641,0.646,0.002,0.763,0,1,-0.002,-0.763,0.001,0.646],[],1,5,[-1.236,46.614,-8.436],[-0.152,-0.083,0.207],[748.346,256.595,44.893,0.561,-0.803,0.201,0,0.242,0.97,-0.828,-0.544,0.136],12.5,"FreeFall",1,[683,384],[[],[]]],[[744.838,243.711,44.526,0.561,0,0.828,0,1,0,-0.828,0,0.561],[],1,5,[-0.861,43.344,-6.038],[-0.029,-0.01,0.057],[748.297,257.349,44.462,0.49,-0.846,0.208,0,0.239,0.971,-0.872,-0.476,0.117],12.5,"FreeFall",1,[683,384],[[],[]]],[[744.826,244.563,44.437,0.49,0,0.872,0,1,0,-0.872,0,0.49],[],1,5,[-0.43,39.257,-3.077],[0.006,-0.001,-0.002],[748.276,258.201,44.189,0.443,-0.871,0.214,0,0.239,0.971,-0.897,-0.43,0.106],12.5,"FreeFall",1,[683,384],[[],[]]],[[744.822,245.329,44.409,0.443,0,0.897,0,1,0,-0