{"Replay":[[[776.028,222.662,47.142,0,0,1,0,1,0,-1,0,0],[],1,8,[0,0,0],[0,0,0],[779.784,243.33,30.418,-0.976,-0.163,0.146,0,0.667,0.745,-0.219,0.727,-0.65],26.32,"Standing",0,[682,358],[[],[]]],[[776.028,222.662,47.142,0,0,1,0,1,0,-1,0,0],[],1,8,[0,0.008,0],[0,0,0],[779.808,243.45,30.314,-0.976,-0.163,0.146,0,0.667,0.745,-0.219,0.727,-0.65],26.32,"Standing",0,[682,358],[[],[]]],[[776.028,222.662,47.142,0,0,1,0,1,0,-1,0,0],[],1,8,[0,0.007,0],[0,0,0],[779.826,243.541,30.235,-0.976,-0.163,0.146,0,0.667,0.745,-0.219,0.727,-0.65],26.32,"Standing",0,[682,358],[[],[]]],[[776.028,222.662,47.142,0,0,1,0,1,0,-1,0,0],[],1,8,[0,0.003,0],[0,0,0],[779.84,243.613,30.172,-0.976,-0.163,0.146,0,0.667,0.745,-0.219,0.727,-0.65],26.32,"Standing",0,[682,358],[[],[]]],[[776.028,222.662,47.142,0,0,1,0,1,0,-1,0,0],[],1,8,[0,0,0],[0,0,0],[779.852,243.674,30.118,-0.976,-0.163,0.146,0,0.667,0.745,-0.219,0.727,-0.65],26.32,"Standing",0,[682,358],[[],[]]],[[776.028,222.662,47.142,0,0,1,0,1,0,-1,0,0],[],1,8,[0,0,0],[0,0,0],[779.858,243.704,30.092,-0.976,-0.163,0.146,0,0.667,0.745,-0.219,0.727,-0.65],26.32,"Standing",0,[682,358],[[],[]]],[[776.028,222.662,47.142,0,0,1,0,1,0,-1,0,0],[],1,8,[0,0,0],[0,0,0],[779.863,243.73,30.07,-0.976,-0.163,0.146,0,0.667,0.745,-0.219,0.727,-0.65],26.32,"Standing",0,[682,358],[[],[]]],[[776.028,222.662,47.142,0,0,1,0,1,0,-1,0,0],[],1,8,[0,0,0],[0,0,0],[779.866,243.747,30.054,-0.976,-0.163,0.146,0,0.667,0.745,-0.219,0.727,-0.65],26.32,"Standing",0,[682,358],[[],["E"]]],[[776.028,222.662,47.142,0,0,1,0,1,0,-1,0,0],[],1,8,[0,0,0],[0,0,0],[779.863,243.781,30.067,-0.976,-0.164,0.146,0,0.666,0.746,-0.219,0.728,-0.649],26.32,"Standing",0,[682,358],[[],[]]],[[776.028,222.662,47.142,0,0,1,0,1,0,-1,0,0],[],1,8,[0,0,0],[0,0,0],[779.876,243.852,30.136,-0.975,-0.165,0.146,0,0.663,0.749,-0.221,0.73,-0.647],26.32,"Standing",0,[682,358],[[],[]]],[[776.028,222.662,47.142,0,0,1,0,1,0,-1,0,0],[],1,8,[0,0,0],[0,0,0],[779.987,244.045,30.379,-0.973,-0.174,0.151,0,0.655,0.756,-0.23,0.736,-0.637],26.32,"Standing",0,[682,358],[[],[]]],[[776.028,222.662,47.142,0,0,1,0,1,0,-1,0,0],[],1,8,[0,0,0],[0,0,0],[780.231,244.296,30.735,-0.969,-0.19,0.16,0,0.644,0.765,-0.248,0.741,-0.624],26.32,"Standing",0,[682,358],[[],[]]],[[776.028,222.662,47.142,0,0,1,0,1,0,-1,0,0],[],1,8,[0,0,0],[0,0,0],[780.393,244.442,30.952,-0.966,-0.201,0.166,0,0.637,0.771,-0.26,0.744,-0.615],26.32,"Standing",0,[682,358],[["D"],[]]],[[775.845,222.662,47.095,0.03,0,1,0,1,0,-1,0,0.03],[],1,8,[-14.091,0,-3.61],[0,-1.95,0],[780.211,244.443,30.904,-0.966,-0.201,0.166,0,0.637,0.771,-0.26,0.744,-0.615],26.32,"Standing",0,[682,358],[[],[]]],[[775.59,222.662,47.027,0.061,0,0.998,0,1,0,-0.998,0,0.061],[["walk",0.1]],1.003,8,[-15.421,0,-4.154],[0,-1.867,0],[779.956,244.444,30.834,-0.966,-0.201,0.166,0,0.637,0.771,-0.26,0.744,-0.615],26.32,"Running",0,[682,358],[[],[]]],[[775.332,222.662,46.957,0.089,0,0.996,0,1,0,-0.996,0,0.089],[["walk",0.1]],1.101,8,[-15.448,0,-4.165],[0,-1.622,0],[779.698,244.445,30.764,-0.966,-0.201,0.166,0,0.637,0.771,-0.26,0.744,-0.615],26.32,"Running",0,[682,358],[[],[]]],[[775.075,222.662,46.888,0.112,0,0.994,0,1,0,-0.994,0,0.112],[],1.101,8,[-15.448,0,-4.165],[0,-1.403,0],[779.441,244.445,30.695,-0.966,-0.201,0.166,0,0.637,0.771,-0.26,0.744,-0.615],26.32,"Running",0,[682,358],[[],[]]],[[774.817,222.662,46.818,0.132,0,0.991,0,1,0,-0.991,0,0.132],[],1.101,8,[-15.448,0,-4.165],[0,-1.213,0],[779.183,244.446,30.625,-0.966,-0.201,0.166,0,0.637,0.771,-0.26,0.744,-0.615],26.32,"Running",0,[682,358],[[],[]]],[[774.56,222.662,46.749,0.15,0,0.989,0,1,0,-0.989,0,0.15],[],1.101,8,[-15.448,0,-4.165],[0,-1.049,0],[778.926,244.446,30.555,-0.966,-0.201,0.166,0,0.637,0.771,-0.26,0.744,-0.615],26.32,"Running",0,[682,358],[[],[]]],[[774.302,222.662,46.679,0.165,0,0.986,0,1,0,-0.986,0,0.165],[],1.101,8,[-15.448,0,-4.165],[0,-0.907,0],[778.669,244.446,30.486,-0.966,-0.201,0.166,0,0.637,0.771,-0.26,0.744,-0.615],26.32,"Running",0,[682,358],[[],[]]],[[774.045,222.662,46.61,0.178,0,0.984,0,1,0,-0.984,0,0.178],[["walk",0.1]],1.101,8,[-15.448,0,-4.165],[0,-0.784,0],[776.709,244.487,30.008,-0.966,-0.201,0.165,0,0.635,0.772,-0.26,0.746,-0.613],26.32,"Running",1,[682,358],[["LeftShift"],[]]],[[773.788,222.662,46.541,-0.985,0,0.174,0,1,0,-0.174,0,-0.985],[],1.101,8,[-15.448,0,-4.165],[0,5.757,0],[776.451,244.487,29.939,-0.966,-0.201,0.165,0,0.635,0.772,-0.26,0.746,-0.613],26.32,"Running",1,[683,357.5],[[],[]]],[[773.53,222.662,46.471,-0.968,0,0.251,0,1,0,-0.251,0,-0.968],[],1.101,8,[-15.448,0,-4.165],[0,0.159,0],[776.194,244.487,29.869,-0.966,-0.201,0.165,0,0.635,0.772,-0.26,0.746,-0.613],26.32,"Running",1,[683,357.5],[[],[]]],[[773.273,222.662,46.402,-0.966,0,0.26,0,1,0,-0.26,0,-0.966],[],1.101,8,[-15.448,0,-4.165],[0,0.004,0],[775.883,244.118,30.097,-0.965,-0.202,0.166,0,0.635,0.772,-0.262,0.745,-0.613],20.656,"Running",1,[683,357.5],[["u"],[]]],[[773.015,222.662,46.332,-0.965,0,0.262,0,1,0,-0.262,0,-0.965],[],1.101,8,[-15.448,0,-4.165],[0,0,0],[775.487,243.34,30.728,-0.964,-0.205,0.168,0,0.634,0.774,-0.265,0.746,-0.611],20.656,"Running",1,[683,357.5],[[],[]]],[[772.758,222.662,46.263,-0.964,0,0.265,0,1,0,-0.265,0,-0.964],[],1.101,8,[-15.442,0,-4.189],[0,0,0],[775.079,242.58,31.557,-0.963,-0.211,0.17,0,0.626,0.78,-0.271,0.751,-0.603],16.125,"Running",1,[683,357.5],[["u"],[]]],[[772.501,222.662,46.192,-0.963,0,0.271,0,1,0,-0.271,0,-0.963],[["walk",0.1]],1.101,8,[-15.429,0,-4.237],[0,0,0],[774.557,241.464,32.586,-0.962,-0.215,0.17,0,0.619,0.785,-0.274,0.755,-0.596],16.125,"Running",1,[683,357.5],[[],[]]],[[772.244,222.662,46.12,-0.962,0,0.274,0,1,0,-0.274,0,-0.962],[],1.101,8,[-15.402,0,-4.333],[0,0,0],[773.919,240.389,33.779,-0.962,-0.217,0.165,0,0.605,0.796,-0.272,0.766,-0.582],12.5,"Running",1,[683,357.5],[["u"],[]]],[[771.987,222.683,46.047,-0.962,0,0.272,0,1,0,-0.272,0,-0.962],[],1.101,8,[-15.388,1.382,-4.382],[0,0,0],[773.221,238.963,35.08,-0.963,-0.216,0.159,0,0.593,0.805,-0.268,0.775,-0.572],12.5,"Running",1,[683,357.5],[[],[]]],[[771.731,222.743,45.974,-0.963,0,0.268,0,1,0,-0.268,0,-0.963],[],1.101,8,[-15.395,3.529,-4.36],[0,0,0],[772.658,238.023,35.934,-0.965,-0.214,0.154,0,0.585,0.811,-0.263,0.783,-0.564],12.5,"Running",1,[683,357.5],[[],[]]],[[771.474,222.823,45.903,-0.965,0,0.263,0,1,0,-0.263,0,-0.965],[],1.101,8,[-15.415,4.651,-4.288],[0,0,0],[772.145,237.215,36.636,-0.966,-0.211,0.15,0,0.578,0.816,-0.259,0.788,-0.558],12.5,"Running",1,[683,357.5],[[],["LeftShift"]]],[[771.217,222.86,45.832,-0.966,0,0.259,0,1,0,-0.259,0,-0.966],[],1.101,8,[-15.435,1.645,-4.215],[0,0,0],[771.682,236.555,37.232,-0.967,-0.21,0.145,0,0.569,0.822,-0.256,0.795,-0.55],12.5,"Running",1,[683,357.5],[[],[]]],[[770.959,222.85,45.763,-0.967,0,0.256,0,1,0,-0.256,0,-0.967],[],1.101,8,[-15.454,-1.24,-4.142],[0,0,0],[771.203,235.946,37.76,-0.969,-0.206,0.139,0,0.559,0.829,-0.248,0.803,-0.541],12.5,"Running",1,[683,357.5],[[],[]]],[[770.573,222.737,45.661,-0.969,0,0.248,0,1,0,-0.248,0,-0.969],[["walk",0.1]],1.101,8,[-15.468,-5.448,-4.092],[0,0,0],[770.674,235.606,37.978,-0.971,-0.201,0.132,0,0.55,0.835,-0.241,0.811,-0.534],12.5,"Running",1,[683,357.5],[[],[]]],[[770.379,222.729,45.611,-0.971,0,0.241,0,1,0,-0.241,0,-0.971],[],1.101,8,[-15.498,0.541,-3.977],[0,0,0],[770.313,235.394,38.226,-0.974,-0.192,0.123,0,0.541,0.841,-0.228,0.819,-0.526],12.5,"Running",1,[683,357.5],[[],[]]],[[770.12,222.704,45.546,-0.974,0,0.228,0,1,0,-0.228,0,-0.974],[],1.101,8,[-15.53,-2.729,-3.851],[0,0,0],[769.889,235.207,38.393,-0.977,-0.18,0.114,0,0.533,0.846,-0.213,0.826,-0.521],12.5,"Running",1,[683,357.5],[[],[]]],[[769.861,222.624,45.482,-0.977,0,0.213,0,1,0,-0.213,0,-0.977],[],1.101,8,[-15.53,-5.999,-3.849],[0,0,0],[769.434,235.066,38.536,-0.981,-0.163,0.1,0,0.524,0.852,-0.191,0.836,-0.515],12.5,"Running",1,[683,357.5],[["Space"],["b2"]]],[[769.538,223.711,45.402,-0.981,0,0.191,0,1,0,-0.191,0,-0.981],[["walk",0.1],["jump",0.1]],1,3,[-15.53,50.701,-3.849],[0,0,0],[769.039,236.07,38.545,-0.983,-0.157,0.096,0,0.522,0.853,-0.184,0.838,-0.513],12.5,"Jumping",1,[683,357.5],[[],[]]],[[769.342,224.325,45.362,-0.97,0,0.245,0,1,0,-0.245,0,-0.97],[["jump",0.1]],1,5,[-15.695,48.248,-3.105],[0,-6.41,0],[768.732,236.655,38.601,-0.985,-0.145,0.088,0,0.518,0.855,-0.17,0.843,-0.511],12.5,"FreeFall",1,[683,357.5],[[],[]]],[[769.08,225.095,45.313,-0.957,0,0.291,0,1,0,-0.291,0,-0.957],[],1,5,[-15.727,44.978,-2.944],[0,-7.813,0],[768.384,237.402,38.625,-0.987,-0.136,0.082,0,0.515,0.857,-0.159,0.846,-0.508],12.5,"FreeFall",1,[683,357.5],[[],[]]],[[768.817,225.81,45.267,-0.958,0,0.288,0,1,0,-0.288,0,-0.958],[],1,5,[-15.767,41.708,-2.722],[0,-7.975,0],[768.081,238.108,38.641,-0.988,-0.133,0.079,0,0.512,0.859,-0.154,0.849,-0.506],12.5,"FreeFall",1,[683,357.5],[[],[]]],[[768.554,226.471,45.224,-0.959,0,0.284,0,1,0,-0.284,0,-0.959],[],1,5,[-15.796,38.438,-2.548],[0,-7.993,0],[767.852,238.773,38.644,-0.987,-0.138,0.082,0,0.509,0.861,-0.161,0.85,-0.502],12.5,"FreeFall",1,[683,357.5],[[],[]]],[[768.291,227.078,45.183,-0.957,0,0.29,0,1,0,-0.29,0,-0.957],[],1,5,[-15.808,35.168,-2.471],[0,-7.996,0],[767.673,239.389,38.639,-0.985,-0.151,0.088,0,0.506,0.863,-0.174,0.85,-0.498],12.5,"FreeFall",1,[683,357.5],[[],[]]],[[768.027,227.63,45.14,-0.953,0,0.304,0,1,0,-0.304,0,-0.953],[],1,5,[-15.793,31.898,-2.567],[0,-7.996,0],[767.537,239.946,38.617,-0.981,-0.168,0.098,0,0.503,0.864,-0.195,0.847,-0.494],12.5,"FreeFall",1,[683,357.5],[[],[]]],[[767.699,228.243,45.082,-0.935,0,0.355,0,1,0,-0.355,0,-0.935],[],1,5,[-15.755,27.811,-2.79],[0,-7.996,0],[767.502,240.561,38.56,-0.971,-0.207,0.12,0,0.502,0.865,-0.239,0.84,-0.488],12.5,"FreeFall",1,[683,357.5],[[],[]]],[[767.437,228.673,45.031,-0.931,0,0.366,0,1,0,-0.366,0,-0.931],[],1,5,[-15.695,24.541,-3.107],[0,-7.996,0],[767.363,240.988,38.508,-0.966,-0.222,0.129,0,0.502,0.865,-0.257,0.836,-0.486],12.5,"FreeFall",1,[683,357.5],[[],[]]],[[767.243,228.959,44.985,-0.936,0,0.352,0,1,0,-0.352,0,-0.936],[],1,5,[-15.545,22.088,-3.787],[0,-7.996,0],[767.455,241.272,38.466,-0.954,-0.259,0.15,0,0.502,0.865,-0.3,0.825,-0.479],12.5,"FreeFall",1,[683,357.5],[[],[]]],[[766.985,229.293,44.917,-0.906,0,0.424,0,1,0,-0.424,0,-0.906],[],1,5,[-15.463,18.818,-4.11],[0,-7.996,0],[767.543,241.589,38.395,-0.937,-0.301,0.176,0,0.505,0.863,-0.349,0.809,-0.473],12.5,"FreeFall",1,[683,357.5],[[],[]]],[[766.73,229.573,44.839,-0.883,0,0.47,0,1,0,-0.47,0,-0.883],[],1,5,[-15.269,15.548,-4.779],[0,-7.996,0],[767.687,241.852,38.338,-0.915,-0.348,0.205,0,0.507,0.862,-0.404,0.789,-0.463],12.5,"FreeFall",1,[683,357.5],[[],[]]],[[766.479,229.798,44.748,-0.853,0,0.522,0,1,0,-0.522,0,-0.853],[],1,5,[-15.002,12.278,-5.561],[0,-7.996,0],[767.808,242.069,38.3,-0.891,-0.392,0.231,0,0.508,0.862,-0.455,0.767,-0.452],12.5,"FreeFall",1,[683,357.5],[[],[]]],[[766.234,229.969,44.643,-0.822,0,0.569,0,1,0,-0.569,0,-0.822],[],1,5,[-14.645,9.008,-6.443],[0,-7.996,0],[767.855,242.239,38.262,-0.869,-0.426,0.251,0,0.508,0.862,-0.495,0.749,-0.441],12.5,"FreeFall",1,[683,357.5],[[],[]]],[[765.996,230.085,44.523,-0.795,0,0.606,0,1,0,-0.606,0,-0.795],[],1,5,[-14.256,5.738,-7.262],[0,-7.996,0],[767.816,242.355,38.197,-0.853,-0.45,0.265,0,0.508,0.862,-0.522,0.735,-0.433],12.5,"FreeFall",1,[683,357.5],[[],[]]],[[765.763,230.146,44.393,-0.776,0,0.631,0,1,0,-0.631,0,-0.776],[],1,5,[-13.909,2.468,-7.907],[0,-7.996,0],[767.909,242.416,38.17,-0.825,-0.487,0.287,0,0.508,0.862,-0.566,0.711,-0.419],12.5,"FreeFall",1,[683,357.5],[[],["Space"]]],[[765.478,230.147,44.22,-0.72,0,0.694,0,1,0,-0.694,0,-0.72],[["fall",0.3]],1,5,[-13.649,-1.619,-8.349],[0,-7.996,0],[767.903,242.408,38.087,-0.799,-0.518,0.306,0,0.509,0.861,-0.601,0.688,-0.406],12.5,"FreeFall",1,[683,357.5],[["W"],[]]],[[765.305,230.106,44.13,-0.746,0,0.666,0,1,0,-0.666,0,-0.746],[],1,5,[-13.973,-4.072,-6.592],[0,-6.338,0],[768.072,242.36,38.13,-0.765,-0.554,0.328,0,0.51,0.86,-0.644,0.658,-0.39],12.5,"FreeFall",1,[683,357.5],[[],[]]],[[765.006,229.97,44.03,-0.679,0,0.734,0,1,0,-0.734,0,-0.679],[],1,5,[-14.59,-8.159,-3.677],[0,-5.874,0],[768.08,242.224,38.18,-0.73,-0.588,0.348,0,0.51,0.86,-0.683,0.628,-0.372],12.5,"FreeFall",1,[683,357.5],[[],[]]],[[764.82,229.848,43.998,-0.678,0,0.735,0,1,0,-0.735,0,-0.678],[],1,5,[-15.053,-10.612,-1.95],[0,-5.867,0],[768.121,242.102,38.274,-0.703,-0.612,0.363,0,0.51,0.86,-0.711,0.605,-0.358],12.5,"FreeFall",1,[683,357.5],[[],[]]],[[764.56,229.637,43.988,-0.629,0,0.777,0,1,0,-0.777,0,-0.629],[],1,5,[-15.876,-13.882,0.231],[0,-5.955,0],[768.004,241.891,38.349,-0.685,-0.627,0.371,0,0.51,0.86,-0.729,0.589,-0.349],12.5,"FreeFall",1,[683,357.5],[[],[]]],[[764.294,229.371,43.988,-0.608,0,0.794,0,1,0,-0.794,0,-0.608],[],1,5,[-15.997,-17.152,-0.086],[0,-6.065,0],[767.808,241.625,38.392,-0.676,-0.634,0.376,0,0.51,0.86,-0.737,0.581,-0.344],12.5,"FreeFall",1,[683,357.5],[[],[]]],[[764.027,229.051,43.98,-0.597,0,0.802,0,1,0,-0.802,0,-0.597],[],1,5,[-15.992,-20.422,-0.486],[0,-6.166,0],[767.586,241.305,38.413,-0.67,-0.639,0.378,0,0.51,0.86,-0.742,0.576,-0.341],12.5,"FreeFall",1,[683,357.5],[[],[]]],[[763.761,228.677,43.969,-0.59,0,0.808,0,1,0,-0.808,0,-0.59],[["fall",0.3]],1,5,[-15.985,-23.692,-0.691],[0,-6.211,0],[767.38,240.931,38.441,-0.662,-0.645,0.382,0,0.51,0.86,-0.75,0.569,-0.337],12.5,"FreeFall",1,[683,357.5],[[],[]]],[[763.495,228.248,43.956,-0.581,0,0.814,0,1,0,-0.814,0,-0.581],[],1,5,[-15.979,-26.962,-0.818],[0,-6.194,0],[767.2,240.502,38.485,-0.65,-0.654,0.387,0,0.51,0.86,-0.76,0.559,-0.331],12.5,"FreeFall",1,[683,357.5],[[],[]]],[[763.229,227.764,43.94,-0.568,0,0.823,0,1,0,-0.823,0,-0.568],[],1,5,[-15.969,-30.232,-0.993],[0,-6.159,0],[767.052,240.026,38.566,-0.632,-0.667,0.394,0,0.509,0.861,-0.775,0.544,-0.321],12.5,"FreeFall",1,[683,357.5],[[],["D"]]],[[762.97,227.227,43.947,-0.609,0,0.793,0,1,0,-0.793,0,-0.609],[],1,5,[-15.213,-33.502,1.268],[0,-0.545,0],[766.794,239.488,38.573,-0.632,-0.667,0.394,0,0.509,0.861,-0.775,0.544,-0.321],12.5,"FreeFall",1,[683,357.5],[[],[]]],[[762.724,226.634,43.992,-0.63,0,0.777,0,1,0,-0.777,0,-0.63],[],1,5,[-14.491,-36.772,3.539],[0,-0.063,0],[766.548,238.896,38.618,-0.632,-0.667,0.394,0,0.509,0.861,-0.775,0.544,-0.321],12.5,"FreeFall",1,[683,357.5],[[],[]]],[[762.49,225.987,44.074,-0.632,0,0.775,0,1,0,-0.775,0,-0.632],[],1,5,[-13.769,-40.042,5.81],[0,-0.007,0],[766.331,238.249,38.713,-0.629,-0.669,0.395,0,0.509,0.861,-0.777,0.542,-0.32],12.5,"FreeFall",1,[683,357.5],[[],[]]],[[762.268,225.286,44.195,-0.63,0,0.777,0,1,0,-0.777,0,-0.63],[["fall",0.3]],1,5,[-13.047,-43.312,8.082],[0,0.021,0],[766.109,237.548,38.833,-0.629,-0.669,0.395,0,0.509,0.861,-0.777,0.542,-0.32],12.5,"FreeFall",1,[683,357.5],[[],[]]],[[762.058,224.53,44.351,-0.629,0,0.777,0,1,0,-0.777,0,-0.629],[],1,5,[-12.471,-46.582,9.95],[0,0.002,0],[765.898,236.792,38.99,-0.629,-0.669,0.395,0,0.509,0.861,-0.777,0.542,-0.32],12.5,"FreeFall",1,[683,357.5],[[],[]]],[[761.85,223.719,44.519,-0.629,0,0.777,0,1,0,-0.777,0,-0.629],[],1,5,[-12.435,-49.852,10.067],[0,0,0],[765.69,235.981,39.157,-0.629,-0.669,0.395,0,0.509,0.861,-0.777,0.542,-0.32],12.5,"FreeFall",1,[683,357.5],[[],[]]],[[761.928,223.777,44.46,-0.608,0.027,0.793,0.001,0.999,-0.033,-0.794,-0.02,-0.608],[["walk",0.1],["fall",0.3],["climb",0.1]],-4.154,12,[2.871,10.182,-2.301],[1.114,-0.822,1.489],[765.862,236.023,39.076,-0.624,-0.671,0.399,0,0.511,0.86,-0.781,0.537,-0.319],12.5,"Climbing",1,[683,357.5],[[],[]]],[[761.957,223.913,44.437,-0.621,0.004,0.784,0,1,-0.005,-0.784,-0.003,-0.621],[["walk",0.1],["climb",0.1],["walk",0.1],["walk",0.1]],0.254,8,[1.166,6.895,-0.918],[0.752,-0.095,0.984],[766.305,236.089,39.287,-0.57,-0.702,0.427,0,0.52,0.854,-0.821,0.487,-0.297],12.5,"Running",1,[683,357.5],[[],[]]],[[761.96,223.994,44.434,-0.575,-0.002,0.818,0,1,0.002,-0.818,0.002,-0.575],[["walk",0.1],["fall",0.3]],1,5,[-0.433,3.623,0.362],[0.07,0.467,0.109],[767.501,236.042,40.276,-0.379,-0.781,0.497,0,0.537,0.844,-0.925,0.32,-0.203],12.5,"FreeFall",1,[683,357.5],[["D"],[]]],[[761.97,224.008,44.42,-0.362,0,0.932,0.003,1,0.001,-0.932,0.003,-0.362],[["fall",0.3]],1,5,[1.061,-0.562,-1.302],[0.061,-1.641,-0.031],[769.094,235.892,43.557,0.125,-0.824,0.552,0,0.557,0.831,-0.992,-0.104,0.069],12.5,"FreeFall",1,[683,357.5],[[],[]]],[[762.198,224.073,44.142,0.103,0.009,0.995,0.001,1,-0.009,-0.995,0.002,0.103],[["walk",0.1],["fall",0.3],["fall",0.3]],1,7,[-5.332,3.2,-6.707],[0.162,1.967,-0.093],[769.403,235.896,45.142,0.372,-0.767,0.523,0,0.564,0.826,-0.928,-0.307,0.21],12.5,"FreeFall",1,[683,357.5],[[],[]]],[[762.205,224.091,43.996,0.372,0.005,0.928,0.001,1,-0.006,-0.928,0.003,0.372],[],1,7,[-5.553,0.591,-7.325],[-0.268,-0.694,0.197],[769.375,235.854,45.632,0.448,-0.734,0.51,0,0.571,0.821,-0.894,-0.368,0.256],12.5,"FreeFall",1,[683,357.5],[["Space"],[]]],[[762.135,224.066,43.888,0.451,0.001,0.892,0,1,-0.001,-0.892,0,0.451],[["walk",0.1],["fall",0.3],["walk",0.1]],0.634,8,[-4.102,-2.68,-5.385],[-0.121,-0.08,0.176],[769.415,235.778,45.325,0.42,-0.742,0.523,0,0.577,0.817,-0.908,-0.343,0.242],12.5,"Running",1,[683,357.5],[[],[]]],[[762.084,224.952,43.783,0.421,-0.001,0.907,-0.001,1,0.002,-0.907,-0.002,0.421],[["walk",0.1],["jump",0.1]],1,3,[-4.102,53.153,-5.385],[-0.121,-0.08,0.176],[769.637,236.523,42.872,0.112,-0.801,0.589,0,0.592,0.806,-0.994,-0.09,0.067],12.5,"Jumping",1,[683,357.5],[[],["W"]]],[[762.029,226.009,43.648,0.234,-0.001,0.972,-0.001,1,0.002,-0.972,-0.001,0.234],[["jump",0.1]],1,5,[-1.759,49.066,-7.261],[0.075,-7.462,-0.069],[768.957,237.615,40.621,-0.177,-0.796,0.579,0,0.589,0.808,-0.984,0.143,-0.104],12.5,"FreeFall",1,[683,357.5],[[],[]]],[[762.012,226.601,43.543,-0.08,-0.001,0.997,0,1,0.001,-0.997,0,-0.08],[],1,5,[-1.076,46.613,-8.925],[0.028,-7.89,-0.065],[767.72,238.331,38.843,-0.435,-0.737,0.518,0,0.575,0.818,-0.901,0.356,-0.25],12.5,"FreeFall",1,[683,357.5],[[],[]]],[[761.988,227.344,43.37,-0.312,0,0.95,0,1,0,-0.95,0,-0.312],[],1,5,[-1.677,43.343,-11.244],[-0.009,-7.984,-0.025],[766.396,239.278,37.8,-0.607,-0.663,0.438,0,0.551,0.835,-0.795,0.507,-0.334],12.5,"FreeFall",1,[683,357.5],[[],[]]],[[761.939,228.033,43.17,-0.496,0,0.868,0,1,0,-0.868,0,-0.496],[],1,5,[-3.727,40.073,-12.471],[-0.009,-7.994,-0.001],[765.543,240.113,37.308,-0.691,-0.612,0.385,0,0.532,0.846,-0.723,0.585,-0.368],12.5,"FreeFall",1,[683,357.5],[[],[]]],[[761.852,228.666,42.961,-0.588,0,0.809,0,1,0,-0.809,0,-0.588],[],1,5,[-6.109,36.803,-12.567],[-0.003,-7.996,0.003],[764.966,240.827,36.964,-0.738,-0.576,0.352,0,0.522,0.853,-0.675,0.629,-0.385],12.5,"FreeFall",1,[683,357.5],[[],[]]],[[761.725,229.246,42.756,-0.642,0,0.767,0,1,0,-0.767,0,-0.642],[],1,5,[-8.445,33.533,-12.096],[0,-7.996,0.002],[764.394,241.43,36.589,-0.783,-0.532,0.323,0,0.519,0.855,-0.622,0.669,-0.406],12.5,"FreeFall",1,[683,357.5],[[],[]]],[[761.562,229.771,42.564,-0.693,0,0.721,0,1,0,-0.721,0,-0.693],[],1,5,[-10.668,30.263,-11.238],[0,-7.996,0],[763.728,241.955,36.202,-0.83,-0.477,0.29,0,0.519,0.855,-0.558,0.709,-0.431],12.5,"FreeFall",1,[683,357.5],[[],[]]],[[761.364,230.241,42.39,-0.749,0,0.663,0,1,0,-0.663,0,-0.749],[],1,5,[-12.38,26.993,-10.057],[0,-7.996,0],[763.04,242.393,35.83,-0.872,-0.417,0.256,0,0.523,0.852,-0.49,0.743,-0.456],12.5,"FreeFall",1,[683,357.5],[[],[]]],[[761.147,230.657,42.237,-0.799,0,0.601,0,1,0,-0.601,0,-0.799],[],1,5,[-13.252,23.723,-8.959],[0,-7.996,0],[762.44,242.777,35.541,-0.9,-0.37,0.229,0,0.527,0.85,-0.435,0.765,-0.475],12.5,"FreeFall",1,[683,357.5],[[],[]]],[[760.917,231.018,42.102,-0.835,0,0.551,0,1,0,-0.551,0,-0.835],[],1,5,[-13.932,20.453,-7.865],[0,-7.996,0],[761.924,243.139,35.357,-0.918,-0.337,0.209,0,0.527,0.85,-0.397,0.78,-0.484],12.5,"FreeFall",1,[683,357.5],[[],[]]],[[760.678,231.325,41.984,-0.857,0,0.515,0,1,0,-0.515,0,-0.857],[],1,5,[-14.395,17.183,-6.983],[0,-7.996,0],[761.37,243.477,35.249,-0.935,-0.303,0.186,0,0.523,0.852,-0.356,0.796,-0.489],12.5,"FreeFall",1,[683,357.5],[[],[]]],[[760.434,231.577,41.876,-0.879,0,0.477,0,1,0,-0.477,0,-0.879],[],1,5,[-14.682,13.913,-6.359],[0,-7.996,0],[760.465,243.831,35.269,-0.963,-0.232,0.137,0,0.51,0.86,-0.269,0.829,-0.491],12.5,"FreeFall",1,[683,357.5],[[],["D"]]],[[760.162,231.816,41.759,-0.95,0,0.311,0,1,0,-0.311,0,-0.95],[],1,5,[-11.948,9.826,-5.175],[0,-0.539,0],[759.69,244.146,35.294,-0.98,-0.173,0.099,0,0.499,0.866,-0.199,0.849,-0.489],12.5,"FreeFall",1,[683,357.5],[[],[]]],[[760.026,231.918,41.7,-0.979,0,0.202,0,1,0,-0.202,0,-0.979],[],1,5,[-10.308,7.373,-4.464],[0,-0.107,0],[759.147,244.301,35.367,-0.99,-0.121,0.068,0,0.492,0.871,-0.139,0.862,-0.487],12.5,"FreeFall",1,[683,357.5],[[],[]]],[[759.877,232.007,41.635,-0.99,0,0.139,0,1,0,-0.139,0,-0.99],[],1,5,[-8.121,4.103,-3.517],[0,-0.012,0],[758.715,244.42,35.4,-0.995,-0.083,0.046,0,0.488,0.873,-0.095,0.869,-0.486],12.5,"FreeFall",1,[683,357.5],[[],[]]],[[759.765,232.042,41.587,-0.995,0,0.095,0,1,0,-0.095,0,-0.995],[["fall",0.3]],1,5,[-5.934,0.833,-2.57],[0,-0.001,0],[758.375,244.483,35.45,-0.998,-0.052,0.029,0,0.483,0.875,-0.059,0.874,-0.483],12.5,"FreeFall",1,[683,357.5],[[],[]]],[[759.689,232.021,41.554,-0.998,0,0.059,0,1,0,-0.059,0,-0.998],[],1,5,[-3.747,-2.437,-1.623],[0,0,0],[758.058,244.492,35.529,-1,-0.017,0.01,0,0.479,0.878,-0.02,0.878,-0.479],12.5,"FreeFall",1,[683,357.5],[[],[]]],[[759.649,231.947,41.536,-1,0,0.02,0,1,0,-0.02,0,-1],[],1,5,[-1.56,-5.707,-0.676],[0,0,0],[757.784,244.446,35.634,-1,0.017,-0.009,0,0.475,0.88,0.019,0.88,-0.475],12.5,"FreeFall",1,[683,357.5],[[],[]]],[[759.642,231.818,41.533,-1,0,-0.019,0,1,0,0.019,0,-1],[],1,5,[-0.066,-8.977,-0.028],[0,0,0],[757.569,244.353,35.769,-0.998,0.049,-0.026,0,0.47,0.883,0.055,0.881,-0.469],12.5,"FreeFall",1,[683,357.5],[["D"],[]]],[[759.616,231.634,41.533,-0.999,0,0.037,0,1,0,-0.037,0,-0.999],[],1,5,[-2.448,-12.247,0.022],[0,-7.071,0],[757.352,244.212,35.924,-0.996,0.08,-0.042,0,0.463,0.886,0.09,0.883,-0.461],12.5,"FreeFall",1,[683,357.5],[["W"],[]]],[[759.544,231.328,41.564,-0.999,0,0.049,0,1,0,-0.049,0,-0.999],[],1,5,[-4.141,-16.334,2.474],[0,-6.591,0],[757.207,243.933,36.041,-0.995,0.092,-0.048,0,0.459,0.888,0.104,0.884,-0.456],12.5,"FreeFall",1,[683,357.5],[[],[]]],[[759.484,231.103,41.608,-1,0,-0.023,0,1,0,0.023,0,-1],[["fall",0.3]],1,5,[-5.086,-18.787,3.991],[0,-6.432,0],[757.115,243.722,36.126,-0.994,0.098,-0.05,0,0.457,0.89,0.11,0.884,-0.454],12.5,"FreeFall",1,[683,357.5],[[],[]]],[[759.387,230.756,41.696,-1,0,-0.004,0,1,0,0.004,0,-1],[],1,5,[-6.299,-22.057,6.043],[0,-6.342,0],[756.93,243.403,36.309,-0.992,0.114,-0.058,0,0.452,0.892,0.127,0.884,-0.449],12.5,"FreeFall",1,[683,357.5],[[],[]]],[[759.269,230.354,41.818,-1,0,-0.021,0,1,0,0.021,0,-1],[],1,5,[-7.485,-25.327,8.11],[0,-6.409,0],[756.639,243.035,36.586,-0.987,0.145,-0.072,0,0.447,0.894,0.162,0.883,-0.441],12.5,"FreeFall",1,[683,357.5],[[],[]]],[[759.133,229.898,41.975,-0.999,0,-0.054,0,1,0,0.054,0,-0.999],[],1,5,[-8.557,-28.597,10.238],[0,-6.539,0],[756.378,242.592,36.838,-0.982,0.167,-0.083,0,0.445,0.896,0.186,0.88,-0.437],12.5,"FreeFall",1,[683,357.5],[[],[]]],[[758.984,229.387,42.17,-0.997,0,-0.079,0,1,0,0.079,0,-0.997],[],1,5,[-9.206,-31.867,12.532],[0,-6.488,0],[756.138,242.095,37.111,-0.979,0.184,-0.091,0,0.443,0.897,0.205,0.878,-0.433],12.5,"FreeFall",1,[683,357.5],[[],[]]],[[758.834,228.822,42.389,-0.995,0,-0.099,0,1,0,0.099,0,-0.995],[],1,5,[-9.011,-35.137,13.21],[0,-6.437,0],[755.911,241.537,37.389,-0.975,0.198,-0.097,0,0.442,0.897,0.22,0.875,-0.431],12.5,"FreeFall",1,[683,357.5],[[],[]]],[[758.687,228.202,42.611,-0.993,0,-0.115,0,1,0,0.115,0,-0.993],[],1,5,[-8.761,-38.407,13.388],[0,-6.409,0],[755.716,240.93,37.67,-0.973,0.207,-0.101,0,0.44,0.898,0.231,0.874,-0.428],12.5,"FreeFall",1,[683,357.5],[[],[]]],[[758.574,227.549,42.627,-0.996,0.003,-0.084,0.003,1,0.001,0.084,0,-0.996],[["fall",0.3]],1,5,[-6.493,-40.416,4.303],[-0.052,-7.233,0.026],[755.569,240.277,37.71,-0.971,0.214,-0.105,0,0.44,0.898,0.239,0.872,-0.427],12.5,"FreeFall",1,[683,357.5],[[],[]]],[[758.482,226.842,42.575,-0.992,0.002,-0.126,0.002,1,0.001,0.126,0,-0.992],[],1,5,[-5.288,-43.686,1.152],[-0.039,-6.446,0.113],[755.477,239.576,37.671,-0.971,0.214,-0.105,0,0.438,0.899,0.239,0.873,-0.426],12.5,"FreeFall",1,[683,357.5],[[],[]]],[[758.391,226.079,42.553,-0.991,0,-0.134,0,1,0,0.134,0,-0.991],[],1,5,[-6.042,-46.956,0.433],[-0.026,-6.299,0.054],[755.388,238.821,37.662,-0.971,0.215,-0.104,0,0.437,0.899,0.239,0.873,-0.425],12.5,"FreeFall",1,[683,357.5],[[],[]]],[[758.298,225.263,42.541,-0.991,0,-0.136,0,1,0,0.136,0,-0.991],[],1,5,[-6.337,-50.226,-0.191],[-0.01,-6.282,0.015],[755.34,238.017,37.653,-0.973,0.208,-0.1,0,0.435,0.9,0.231,0.876,-0.423],12.5,"FreeFall",1,[683,357.5],[[],[]]],[[758.189,224.392,42.562,-0.992,0,-0.129,0,1,0,0.129,0,-0.992],[],1,5,[-6.665,-53.496,2.171],[-0.002,-6.225,0.001],[756.268,237.179,37.25,-0.999,0.029,-0.014,0,0.43,0.903,0.032,0.903,-0.429],12.5,"FreeFall",1,[683,357.5],[[],[]]],[[758.045,223.226,42.644,-0.997,0,0.074,0,1,0,-0.074,0,-0.997],[],1,5,[-7.11,-57.584,5.118],[0.001,-4.777,-0.001],[758.251,235.987,36.947,-0.94,-0.307,0.148,0,0.434,0.901,-0.341,0.847,-0.408],12.5,"FreeFall",1,[683,357.5],[[],[]]],[[758.043,223.21,42.459,-0.947,0.003,0.321,-0.006,1,-0.027,-0.321,-0.027,-0.947],[["fall",0.3],["walk",0.1],["fall",0.3],["climb",0.1]],-4.799,12,[-0.557,7.733,0.077],[0.275,0.859,0.066],[759.71,235.931,36.884,-0.826,-0.507,0.249,0,0.441,0.898,-0.564,0.741,-0.364],12.5,"Climbing",1,[683,357.5],[[],[]]],[[757.94,223.532,42.318,-0.84,0.006,0.543,0,1,-0.01,-0.543,-0.008,-0.839],[["walk",0.1],["climb",0.1],["walk",0.1],["walk",0.1]],0.039,8,[-10.325,20.332,2.182],[2.038,1.424,0.488],[762.648,236.172,38.684,-0.35,-0.835,0.425,0,0.454,0.891,-0.937,0.312,-0.159],12.5,"Running",1,[683,357.5],[[],[]]],[[757.716,224.636,42.146,-0.376,0.007,0.926,0.001,1,-0.007,-0.926,-0.002,-0.376],[["walk",0.1],["jump",0.1]],1,3,[-10.071,53.153,-1.366],[0.315,1.436,0.123],[762.997,237.276,39.417,-0.177,-0.877,0.446,0,0.454,0.891,-0.984,0.158,-0.08],12.5,"Jumping",1,[683,357.5],[[],[]]],[[757.58,225.28,42.117,-0.146,0.004,0.989,0.002,1,-0.004,-0.989,0.001,-0.146],[["jump",0.1]],1,5,[-11.288,50.701,-2.794],[0.022,-3.602,0.259],[762.839,237.83,39.017,-0.24,-0.858,0.454,0,0.468,0.884,-0.971,0.212,-0.112],12.5,"FreeFall",1,[683,357.5],[[],[]]],[[757.385,226.091,42.047,-0.145,0.001,0.989,0.001,1,-0.001,-0.989,0,-0.145],[],1,5,[-11.945,47.43,-5.093],[-0.032,-6.426,0.131],[761.971,238.518,37.701,-0.46,-0.776,0.431,0,0.486,0.874,-0.888,0.402,-0.223],12.5,"FreeFall",1,[683,357.5],[[],["W"]]],[[757.201,226.848,41.942,-0.346,0,0.938,0,1,0,-0.938,0,-0.346],[],1,5,[-10.459,44.16,-6.973],[-0.001,-7.814,0.036],[760.556,239.201,36.44,-0.68,-0.636,0.364,0,0.496,0.868,-0.733,0.591,-0.338],12.5,"FreeFall",1,[683,357.5],[[],[]]],[[757.037,227.55,41.803,-0.578,0,0.816,0,1,0,-0.816,0,-0.578],[],1,5,[-9.513,40.89,-9.163],[0.005,-7.975,0],[759.211,239.925,35.778,-0.812,-0.508,0.288,0,0.493,0.87,-0.584,0.707,-0.4],12.5,"FreeFall",1,[683,357.5],[[],[]]],[[756.867,228.197,41.629,-0.727,0,0.686,0,1,0,-0.686,0,-0.727],[],1,5,[-10.637,37.62,-11.265],[0.001,-7.993,-0.005],[758.314,240.675,35.571,-0.868,-0.436,0.237,0,0.478,0.878,-0.496,0.762,-0.415],12.5,"FreeFall",1,[683,357.5],[[],[]]],[[756.67,228.79,41.457,-0.794,0,0.607,0,1,0,-0.607,0,-0.794],[],1,5,[-12.482,34.35,-9.755],[-0.001,-7.996,-0.002],[757.743,241.403,35.569,-0.888,-0.408,0.21,0,0.458,0.889,-0.459,0.79,-0.407],12.5,"FreeFall",1,[683,357.5],[[],[]]],[[756.447,229.329,41.313,-0.82,0,0.573,0,1,0,-0.573,0,-0.82],[],1,5,[-13.773,31.08,-8.092],[-0.001,-7.996,0],[757.038,242.056,35.577,-0.917,-0.359,0.176,0,0.44,0.898,-0.4,0.823,-0.403],12.5,"FreeFall",1,[683,357.5],[[],[]]],[[756.212,229.813,41.188,-0.855,0,0.518,0,1,0,-0.518,0,-0.855],[],1,5,[-14.205,27.81,-7.361],[0,-7.996,0],[756.645,242.534,35.426,-0.928,-0.335,0.165,0,0.441,0.898,-0.373,0.833,-0.409],12.5,"FreeFall",1,[683,357.5],[[],[]]],[[755.969,230.242,41.079,-0.87,0,0.493,0,1,0,-0.493,0,-0.87],[],1,5,[-14.657,24.54,-6.415],[0,-7.996,0],[756.106,242.916,35.212,-0.947,-0.286,0.144,0,0.448,0.894,-0.32,0.847,-0.425],12.5,"FreeFall",1,[683,357.5],[[],[]]],[[755.722,230.617,40.978,-0.896,0,0.443,0,1,0,-0.443,0,-0.896],[],1,5,[-14.839,21.27,-5.984],[0,-7.996,0],[755.651,243.25,35.032,-0.959,-0.252,0.129,0,0.455,0.891,-0.283,0.854,-0.436],12.5,"FreeFall",1,[683,357.5],[[],[]]],[[755.47,230.937,40.891,-0.913,0,0.408,0,1,0,-0.408,0,-0.913],[],1,5,[-15.15,18,-5.144],[0,-7.996,0],[755.223,243.55,34.911,-0.968,-0.225,0.116,0,0.458,0.889,-0.253,0.86,-0.443],12.5,"FreeFall",1,[683,357.5],[[],[]]],[[755.15,231.261,40.795,-0.912,0,0.41,0,1,0,-0.41,0,-0.912],[],1,5,[-15.344,13.913,-4.533],[0,-7.996,0],[754.738,243.908,34.889,-0.974,-0.204,0.103,0,0.452,0.892,-0.228,0.868,-0.441],12.5,"FreeFall",1,[683,357.5],[["W"],[]]],[[754.96,231.415,40.753,-0.95,0,0.313,0,1,0,-0.313,0,-0.95],[],1,5,[-15.128,11.46,-2.758],[0,-6.781,0],[754.299,244.109,34.96,-0.982,-0.17,0.085,0,0.445,0.896,-0.19,0.879,-0.437],12.5,"FreeFall",1,[683,357.5],[[],[]]],[[754.712,231.572,40.732,-0.955,0,0.297,0,1,0,-0.297,0,-0.955],[],1,5,[-14.805,8.19,-0.397],[0,-6.616,0],[753.811,244.306,35.05,-0.988,-0.136,0.066,0,0.438,0.899,-0.151,0.888,-0.433],12.5,"FreeFall",1,[683,357.5],[[],[]]],[[754.469,231.674,40.75,-0.966,0,0.259,0,1,0,-0.259,0,-0.966],[],1,5,[-14.416,4.92,1.954],[0,-6.596,0],[753.347,244.442,35.173,-0.993,-0.103,0.049,0,0.433,0.901,-0.114,0.896,-0.43],12.5,"FreeFall",1,[683,357.5],[[],[]]],[[754.234,231.722,40.807,-0.975,0,0.222,0,1,0,-0.222,0,-0.975],[],1,5,[-13.943,1.65,4.29],[0,-6.583,0],[752.924,244.516,35.325,-0.997,-0.073,0.035,0,0.429,0.903,-0.081,0.901,-0.427],12.5,"FreeFall",1,[683,357.5],[[],["D"]]],[[754.019,231.716,40.895,-0.993,0,0.118,0,1,0,-0.118,0,-0.993],[],1,5,[-12.222,-1.62,5.939],[0,-0.994,0],[752.519,244.522,35.489,-0.999,-0.042,0.02,0,0.426,0.905,-0.047,0.904,-0.426],12.5,"FreeFall",1,[683,357.5],[[],["Space"]]],[[753.834,231.654,41.011,-0.998,0,0.055,0,1,0,-0.055,0,-0.998],[],1,5,[-10.465,-4.89,7.549],[0,-0.359,0],[752.14,244.474,35.69,-1,-0.009,0.004,0,0.424,0.906,-0.01,0.906,-0.424],12.5,"FreeFall",1,[683,357.5],[[],[]]],[[753.678,231.539,41.153,-1,0,0.016,0,1,0,-0.016,0,-1],[["fall",0.3]],1,5,[-8.664,-8.16,9.111],[0,-0.297,0],[751.818,244.371,35.915,-1,0.019,-0.009,0,0.422,0.907,0.021,0.906,-0.422],12.5,"FreeFall",1,[683,357.5],[[],[]]],[[753.553,231.369,41.321,-1,0,-0.017,0,1,0,0.017,0,-1],[],1,5,[-6.813,-11.43,10.612],[0,-0.256,0],[751.604,244.214,36.143,-0.999,0.035,-0.016,0,0.42,0.908,0.038,0.907,-0.42],12.5,"FreeFall",1,[683,357.5],[[],[]]],[[753.459,231.144,41.512,-0.999,0,-0.035,0,1,0,0.035,0,-0.999],[],1,5,[-4.909,-14.7,12.046],[0,-0.152,0],[751.471,244.002,36.378,-0.999,0.042,-0.019,0,0.418,0.909,0.046,0.908,-0.417],12.5,"FreeFall",1,[683,357.5],[[],[]]],[[753.41,230.94,41.672,-0.999,0,-0.045,0,1,0,0.045,0,-0.999],[],1,5,[-3.455,-17.152,13.084],[0,-0.08,0],[751.375,243.81,36.584,-0.998,0.05,-0.023,0,0.415,0.91,0.055,0.908,-0.415],12.5,"FreeFall",1,[683,357.5],[[],[]]],[[753.369,230.532,41.965,-0.999,0,-0.054,0,1,0,0.054,0,-0.999],[],1,5,[-1.004,-21.24,14.779],[0,-0.076,0],[751.221,243.439,37.009,-0.997,0.072,-0.032,0,0.409,0.913,0.079,0.91,-0.408],12.5,"FreeFall",1,[683,357.5],[[],[]]],[[753.372,230.144,42.224,-0.997,0,-0.076,0,1,0,0.076,0,-0.997],[],1,5,[0.745,-24.51,15.885],[0,-0.175,0],[751.172,243.063,37.319,-0.996,0.082,-0.037,0,0.407,0.914,0.09,0.91,-0.405],12.5,"FreeFall",1,[683,357.5],[[],[]]],[[753.386,229.817,42.423,-0.996,0,-0.088,0,1,0,0.088,0,-0.996],[],1,5,[1.236,-26.962,15.947],[0,-0.105,0],[751.032,242.785,37.707,-0.992,0.114,-0.049,0,0.398,0.917,0.124,0.91,-0.395],12.5,"FreeFall",1,[683,357.5],[[],[]]],[[753.416,229.204,42.755,-0.993,0,-0.12,0,1,0,0.12,0,-0.993],[["fall",0.3]],1,5,[1.438,-31.05,15.935],[0,-0.265,0],[750.976,242.202,38.157,-0.989,0.133,-0.057,0,0.392,0.92,0.145,0.91,-0.388],12.5,"FreeFall",1,[683,357.5],[[],[]]],[[753.448,228.652,43.02,-0.99,0,-0.141,0,1,0,0.141,0,-0.99],[],1,5,[1.978,-34.32,15.877],[0,-0.175,0],[750.916,241.674,38.532,-0.986,0.153,-0.064,0,0.388,0.922,0.166,0.909,-0.382],12.5,"FreeFall",1,[683,357.5],[[],[]]],[[753.485,228.046,43.284,-0.987,0,-0.163,0,1,0,0.163,0,-0.987],[],1,5,[2.306,-37.59,15.833],[0,-0.176,0],[750.873,241.092,38.903,-0.982,0.172,-0.071,0,0.383,0.924,0.186,0.907,-0.377],12.5,"FreeFall",1,[683,357.5],[[],[]]],[[753.529,227.386,43.547,-0.983,0,-0.184,0,1,0,0.184,0,-0.983],[],1,5,[2.653,-40.86,15.778],[0,-0.165,0],[750.845,240.465,39.303,-0.978,0.191,-0.078,0,0.377,0.926,0.206,0.906,-0.368],12.5,"FreeFall",1,[683,357.5],[[],[]]],[[753.578,226.671,43.809,-0.979,0,-0.204,0,1,0,0.204,0,-0.979],[],1,5,[2.975,-44.13,15.721],[0,-0.163,0],[750.847,239.773,39.658,-0.975,0.204,-0.082,0,0.372,0.928,0.22,0.905,-0.363],12.5,"FreeFall",1,[683,357.5],[[],[]]],[[753.618,226.099,44.005,-0.976,0,-0.219,0,1,0,0.219,0,-0.976],[],1,5,[3.285,-46.582,15.659],[0,-0.123,0],[750.864,239.218,39.916,-0.974,0.212,-0.084,0,0.369,0.93,0.228,0.905,-0.359],12.5,"FreeFall",1,[683,357.5],[[],[]]],[[753.691,225.077,44.331,-0.974,0,-0.226,0,1,0,0.226,0,-0.974],[["fall",0.3]],1,5,[3.521,-50.67,15.608],[0,-0.067,0],[750.946,238.213,40.283,-0.974,0.212,-0.083,0,0.365,0.931,0.228,0.906,-0.356],12.5,"FreeFall",1,[683,357.5],[[],[]]],[[753.751,224.199,44.59,-0.974,0,-0.228,0,1,0,0.228,0,-0.974],[],1,5,[3.643,-53.94,15.58],[0,-0.008,0],[751.092,237.362,40.564,-0.977,0.197,-0.076,0,0.36,0.933,0.211,0.912,-0.352],12.5,"FreeFall",1,[683,357.5],[[],[]]],[[753.812,223.266,44.85,-0.977,0,-0.213,0,1,0,0.213,0,-0.977],[],1,5,[3.646,-57.21,15.579],[0,0.121,0],[751.365,236.445,40.737,-0.987,0.151,-0.058,0,0.356,0.934,0.162,0.922,-0.352],12.5,"FreeFall",1,[683,357.5],[[],[]]],[[753.703,223.501,45.005,-0.977,-0.022,-0.211,-0.018,1,-0.022,0.211,-0.018,-0.977],[["walk",0.1],["fall",0.3],["fall",0.3]],1,7,[-2.602,29.953,11.968],[0.779,1.61,-0.895],[751.862,236.68,40.548,-1,0.012,-0.005,0,0.356,0.934,0.013,0.934,-0.356],12.5,"FreeFall",1,[683,357.5],[[],[]]],[[753.594,223.958,45.177,-1,-0.004,-0.028,-0.004,1,-0.009,0.028,-0.009,-1],[],1,7,[-4.06,24.54,11.323],[-0.928,0.412,1.08],[752.366,237.126,40.51,-0.993,-0.108,0.041,0,0.359,0.933,-0.115,0.927,-0.356],12.5,"FreeFall",1,[683,357.5],[[],[]]],[[753.537,224.267,45.405,-0.993,0.002,0.122,0.002,1,-0.001,-0.122,-0.001,-0.993],[["walk",0.1],["fall",0.3],["walk",0.1]],0.83,8,[-5.206,14.573,12.636],[0.041,-0.641,0.197],[752.975,237.419,40.585,-0.968,-0.233,0.09,0,0.362,0.932,-0.25,0.903,-0.351],12.5,"Running",1,[683,357.5],[[],[]]],[[753.498,224.455,45.661,-0.966,0,0.259,0,1,0,-0.259,0,-0.966],[["walk",0.1]],0.943,8,[-1.897,9.269,15.825],[0.03,-0.534,0.072],[753.537,237.596,40.784,-0.931,-0.341,0.133,0,0.364,0.931,-0.366,0.867,-0.339],12.5,"Running",1,[683,357.5],[["D"],[]]],[[753.359,224.565,45.855,-0.928,0,0.374,0,1,0,-0.374,0,-0.928],[["walk",0.1],["walk",0.1]],1.099,8,[-12.233,5.258,9.124],[0.003,-0.462,-0.003],[753.815,237.695,40.973,-0.897,-0.411,0.162,0,0.366,0.93,-0.442,0.834,-0.329],12.5,"Running",1,[683,357.5],[[],[]]],[[753.12,224.625,45.968,-0.896,0,0.444,0,1,0,-0.444,0,-0.896],[],1.099,8,[-14.623,2.782,6.439],[-0.002,-0.053,-0.009],[753.783,237.755,41.11,-0.877,-0.447,0.176,0,0.366,0.93,-0.48,0.816,-0.322],12.5,"Running",1,[683,357.5],[[],["W"]]],[[752.879,224.655,45.949,-0.877,0,0.48,0,1,0,-0.48,0,-0.877],[],1.099,8,[-14.383,1.241,-5.483],[-0.001,-0.006,-0.002],[753.588,237.785,41.096,-0.873,-0.454,0.179,0,0.366,0.93,-0.488,0.812,-0.32],12.5,"Running",1,[683,357.5],[[],[]]],[[752.644,224.665,45.826,-0.873,0,0.488,0,1,0,-0.488,0,-0.873],[],1.099,8,[-14.044,0.36,-7.635],[0,-0.001,0.001],[753.353,237.795,40.974,-0.873,-0.454,0.179,0,0.366,0.93,-0.488,0.812,-0.32],12.5,"Running",1,[683,357.5],[[],[]]],[[752.411,224.667,45.696,-0.873,0,0.488,0,1,0,-0.488,0,-0.873],[],1.099,8,[-13.966,-0.029,-7.807],[0,0,0],[753.12,237.797,40.844,-0.873,-0.454,0.179,0,0.366,0.93,-0.488,0.812,-0.32],12.5,"Running",1,[683,357.5],[[],[]]],[[752.179,224.665,45.566,-0.873,0,0.488,0,1,0,-0.488,0,-0.873],[],1.099,8,[-13.964,-0.116,-7.81],[0,0,0],[752.896,237.801,40.728,-0.871,-0.457,0.179,0,0.365,0.931,-0.491,0.811,-0.318],12.5,"Running",1,[683,357.5],[[],[]]],[[751.946,224.629,45.436,-0.871,0,0.491,0,1,0,-0.491,0,-0.871],[],1.099,8,[-13.964,-3.386,-7.81],[0,0,0],[752.568,237.787,40.638,-0.878,-0.446,0.173,0,0.361,0.933,-0.479,0.819,-0.317],12.5,"Running",1,[683,357.5],[["Space"],[]]],[[751.713,225.505,45.306,-0.878,0,0.479,0,1,0,-0.479,0,-0.878],[["walk",0.1],["walk",0.1],["jump",0.1]],1,3,[-13.964,51.518,-7.81],[0,0,0],[752.172,238.679,40.529,-0.892,-0.422,0.162,0,0.357,0.934,-0.452,0.833,-0.319],12.5,"Jumping",1,[683,357.5],[[],[]]],[[751.479,226.329,45.178,-0.847,0,0.532,0,1,0,-0.532,0,-0.847],[["jump",0.1]],1,5,[-14.048,48.248,-7.659],[0,-7.071,0],[751.628,239.519,40.421,-0.918,-0.371,0.14,0,0.354,0.935,-0.397,0.859,-0.325],12.5,"FreeFall",1,[683,357.5],[[],[]]],[[751.242,227.099,45.056,-0.86,0,0.511,0,1,0,-0.511,0,-0.86],[],1,5,[-14.267,44.978,-7.242],[0,-7.889,0],[751.212,240.289,40.297,-0.932,-0.338,0.128,0,0.354,0.935,-0.362,0.872,-0.33],12.5,"FreeFall",1,[683,357.5],[[],[]]],[[750.998,227.815,44.948,-0.876,0,0.482,0,1,0,-0.482,0,-0.876],[],1,5,[-14.679,41.708,-6.365],[0,-7.984,0],[750.841,241.005,40.192,-0.942,-0.315,0.119,0,0.354,0.935,-0.337,0.881,-0.333],12.5,"FreeFall",1,[683,357.5],[[],[]]],[[750.75,228.476,44.85,-0.889,0,0.459,0,1,0,-0.459,0,-0.889],[],1,5,[-14.912,38.438,-5.8],[0,-7.994,0],[750.496,241.666,40.098,-0.948,-0.297,0.112,0,0.354,0.935,-0.317,0.887,-0.336],12.5,"FreeFall",1,[683,357.5],[[],[]]],[[750.5,229.083,44.76,-0.898,0,0.441,0,1,0,-0.441,0,-0.898],[],1,5,[-15.062,35.168,-5.396],[0,-7.996,0],[750.147,242.283,40.04,-0.954,-0.28,0.105,0,0.352,0.936,-0.3,0.893,-0.336],12.5,"FreeFall",1,[683,357.5],[[],[]]],[[750.247,229.635,44.674,-0.906,0,0.424,0,1,0,-0.424,0,-0.906],[],1,5,[-15.17,31.898,-5.085],[0,-7.996,0],[749.794,242.841,39.976,-0.96,-0.262,0.098,0,0.351,0.936,-0.28,0.899,-0.337],12.5,"FreeFall",1,[683,357.5],[[],[]]],[[749.993,230.132,44.593,-0.914,0,0.405,0,1,0,-0.405,0,-0.914],[],1,5,[-15.264,28.628,-4.798],[0,-7.996,0],[749.419,243.354,39.949,-0.966,-0.241,0.089,0,0.347,0.938,-0.257,0.906,-0.336],12.5,"FreeFall",1,[683,357.5],[[],[]]],[[749.737,230.575,44.518,-0.924,0,0.383,0,1,0,-0.383,0,-0.924],[],1,5,[-15.358,25.358,-4.486],[0,-7.996,0],[749.036,243.813,39.93,-0.972,-0.219,0.08,0,0.344,0.939,-0.233,0.913,-0.334],12.5,"FreeFall",1,[683,357.5],[[],[]]],[[749.48,230.964,44.449,-0.933,0,0.36,0,1,0,-0.36,0,-0.933],[],1,5,[-15.459,22.088,-4.124],[0,-7.996,0],[748.651,244.212,39.909,-0.978,-0.194,0.071,0,0.342,0.94,-0.207,0.92,-0.334],12.5,"FreeFall",1,[683,357.5],[[],[]]],[[749.221,231.298,44.385,-0.942,0,0.335,0,1,0,-0.335,0,-0.942],[],1,5,[-15.558,18.818,-3.735],[0,-7.996,0],[748.252,244.556,39.901,-0.984,-0.167,0.06,0,0.339,0.941,-0.178,0.926,-0.334],12.5,"FreeFall",1,[683,357.5],[[],[]]],[[748.96,231.578,44.329,-0.952,0,0.307,0,1,0,-0.307,0,-0.952],[],1,5,[-15.652,15.548,-3.318],[0,-7.996,0],[747.833,244.846,39.909,-0.99,-0.135,0.048,0,0.337,0.941,-0.143,0.932,-0.334],12.5,"FreeFall",1,[683,357.5],[[],[]]],[[748.698,231.803,44.281,-0.962,0,0.274,0,1,0,-0.274,0,-0.962],[],1,5,[-15.744,12.278,-2.851],[0,-7.996,0],[747.41,245.076,39.918,-0.994,-0.101,0.036,0,0.336,0.942,-0.108,0.936,-0.334],12.5,"FreeFall",1,[683,357.5],[[],[]]],[[748.434,231.973,44.241,-0.971,0,0.239,0,1,0,-0.239,0,-0.971],[],1,5,[-15.833,9.008,-2.306],[0,-7.996,0],[746.941,245.252,39.958,-0.998,-0.057,0.02,0,0.335,0.942,-0.061,0.941,-0.334],12.5,"FreeFall",1,[683,357.5],[[],[]]],[[748.169,232.089,44.211,-0.981,0,0.193,0,1,0,-0.193,0,-0.981],[],1,5,[-15.906,5.738,-1.734],[0,-7.996,0],[746.509,245.378,40.018,-1,-0.02,0.007,0,0.332,0.943,-0.021,0.943,-0.332],12.5,"FreeFall",1,[683,357.5],[[],[]]],[[747.903,232.151,44.193,-0.988,0,0.154,0,1,0,-0.154,0,-0.988],[],1,5,[-15.969,2.468,-0.986],[0,-7.996,0],[746.06,245.445,40.092,-1,0.021,-0.007,0,0.331,0.944,0.023,0.943,-0.331],12.5,"FreeFall",1,[683,357.5],[["W"],[]]],[[747.583,232.151,44.207,-0.992,0,0.123,0,1,0,-0.123,0,-0.992],[],1,5,[-14.945,-1.619,1.811],[0,-6.724,0],[745.543,245.445,40.201,-0.997,0.067,-0.024,0,0.331,0.944,0.071,0.941,-0.331],12.5,"FreeFall",1,[683,357.5],[[],[]]],[[747.402,232.111,44.244,-1,0,0.012,0,1,0,-0.012,0,-1],[],1,5,[-14.283,-4.072,3.472],[0,-6.68,0],[745.157,245.404,40.348,-0.992,0.116,-0.04