{"Replay":[[[776.028,222.662,47.142,0,0,1,0,1,0,-1,0,0],[],1,8,[0,0,0],[0,0,0],[776.146,240.042,49.94,0.999,-0.042,0.007,0,0.174,0.985,-0.042,-0.984,0.173],16.125,"Standing",0,[590,423],[[],[]]],[[776.028,222.662,47.142,0,0,1,0,1,0,-1,0,0],[],1,8,[0,0,0],[0,0,0],[776.146,240.042,49.94,0.999,-0.042,0.007,0,0.174,0.985,-0.042,-0.984,0.173],16.125,"Standing",0,[590,423],[[],[]]],[[776.028,222.662,47.142,0,0,1,0,1,0,-1,0,0],[],1,8,[0,0,0],[0,0,0],[776.146,240.042,49.94,0.999,-0.042,0.007,0,0.174,0.985,-0.042,-0.984,0.173],16.125,"Standing",0,[590,423],[[],[]]],[[776.028,222.662,47.142,0,0,1,0,1,0,-1,0,0],[],1,8,[0,0,0],[0,0,0],[776.146,240.042,49.94,0.999,-0.042,0.007,0,0.174,0.985,-0.042,-0.984,0.173],16.125,"Standing",0,[590,423],[[],[]]],[[776.028,222.662,47.142,0,0,1,0,1,0,-1,0,0],[],1,8,[0,0,0],[0,0,0],[776.146,240.042,49.94,0.999,-0.042,0.007,0,0.174,0.985,-0.042,-0.984,0.173],16.125,"Standing",0,[590,423],[[],["E"]]],[[776.028,222.662,47.142,0,0,1,0,1,0,-1,0,0],[],1,8,[0,0,0],[0,0,0],[776.142,240.042,49.94,0.999,-0.04,0.007,0,0.174,0.985,-0.041,-0.984,0.174],16.125,"Standing",0,[590,423],[["A"],[]]],[[775.708,222.662,47.156,-0.008,0,1,0,1,0,-1,0,-0.008],[],1,8,[-15.781,0,0.669],[0,0.337,0],[775.818,240.042,49.954,0.999,-0.039,0.007,0,0.174,0.985,-0.039,-0.984,0.174],16.125,"Standing",0,[590,423],[[],[]]],[[775.308,222.662,47.172,-0.015,0,1,0,1,0,-1,0,-0.015],[["walk",0.1]],1.089,8,[-15.986,0,0.653],[0,0.263,0],[775.418,240.042,49.97,0.999,-0.039,0.007,0,0.174,0.985,-0.039,-0.984,0.174],16.125,"Running",0,[590,423],[[],[]]],[[774.909,222.662,47.188,-0.02,0,1,0,1,0,-1,0,-0.02],[],1.089,8,[-15.988,0,0.628],[0,0.197,0],[775.019,240.042,49.986,0.999,-0.039,0.007,0,0.174,0.985,-0.039,-0.984,0.174],16.125,"Running",0,[590,423],[[],[]]],[[774.775,222.662,47.193,-0.021,0,1,0,1,0,-1,0,-0.021],[],1.089,8,[-15.988,0,0.628],[0,0.163,0],[774.885,240.042,49.991,0.999,-0.039,0.007,0,0.174,0.985,-0.039,-0.984,0.174],16.125,"Running",0,[590,423],[[],[]]],[[774.509,222.662,47.204,-0.023,0,1,0,1,0,-1,0,-0.023],[],1.089,8,[-15.988,0,0.628],[0,0.146,0],[774.614,240.042,50.002,0.999,-0.037,0.007,0,0.174,0.985,-0.038,-0.984,0.174],16.125,"Running",0,[590,423],[[],[]]],[[774.109,222.662,47.219,-0.027,0,1,0,1,0,-1,0,-0.027],[["walk",0.1]],1.089,8,[-15.988,0,0.628],[0,0.126,0],[774.21,240.042,50.018,0.999,-0.036,0.006,0,0.174,0.985,-0.036,-0.984,0.174],16.125,"Running",0,[590,423],[[],[]]],[[773.843,222.662,47.229,-0.028,0,1,0,1,0,-1,0,-0.028],[],1.089,8,[-15.989,0,0.603],[0,0.089,0],[773.944,240.042,50.028,0.999,-0.036,0.006,0,0.174,0.985,-0.036,-0.984,0.174],16.125,"Running",0,[590,423],[[],[]]],[[773.576,222.662,47.239,-0.029,0,1,0,1,0,-1,0,-0.029],[],1.089,8,[-15.99,0,0.578],[0,0.064,0],[773.673,240.042,50.038,0.999,-0.034,0.006,0,0.174,0.985,-0.035,-0.984,0.174],16.125,"Running",0,[590,423],[[],[]]],[[773.31,222.662,47.249,-0.03,0,1,0,1,0,-1,0,-0.03],[],1.089,8,[-15.99,0,0.578],[0,0.055,0],[773.406,240.042,50.047,0.999,-0.034,0.006,0,0.174,0.985,-0.035,-0.984,0.174],16.125,"Running",0,[590,423],[[],[]]],[[773.177,222.662,47.253,-0.031,0,1,0,1,0,-1,0,-0.031],[],1.089,8,[-15.99,0,0.556],[0,0.038,0],[773.269,240.042,50.052,0.999,-0.032,0.006,0,0.174,0.985,-0.033,-0.984,0.174],16.125,"Running",0,[590,423],[[],[]]],[[772.777,222.662,47.267,-0.031,0,1,0,1,0,-1,0,-0.031],[],1.089,8,[-15.99,0,0.552],[0,0.032,0],[772.865,240.042,50.066,1,-0.031,0.005,0,0.174,0.985,-0.031,-0.984,0.174],16.125,"Running",0,[590,423],[[],[]]],[[772.111,222.662,47.289,-0.032,0,0.999,0,1,0,-0.999,0,-0.032],[["walk",0.1]],1.089,8,[-15.991,0,0.527],[0,0.013,0],[772.199,240.042,50.088,1,-0.031,0.005,0,0.174,0.985,-0.031,-0.984,0.174],16.125,"Running",0,[590,423],[[],[]]],[[771.977,222.662,47.293,-0.032,0,0.999,0,1,0,-0.999,0,-0.032],[],1.089,8,[-15.992,0,0.506],[0,-0.001,0],[772.065,240.042,50.092,1,-0.031,0.005,0,0.174,0.985,-0.031,-0.984,0.174],16.125,"Running",0,[590,423],[[],[]]],[[771.711,222.662,47.302,-0.032,0,0.999,0,1,0,-0.999,0,-0.032],[],1.089,8,[-15.992,0,0.502],[0,-0.004,0],[771.799,240.042,50.1,1,-0.031,0.005,0,0.174,0.985,-0.031,-0.984,0.174],16.125,"Running",0,[590,423],[[],[]]],[[771.578,222.662,47.306,-0.032,0,0.999,0,1,0,-0.999,0,-0.032],[],1.089,8,[-15.992,-0.001,0.502],[0,-0.004,0],[771.661,240.042,50.105,1,-0.029,0.005,0,0.174,0.985,-0.03,-0.984,0.174],16.125,"Running",0,[590,423],[[],[]]],[[771.311,222.662,47.314,-0.032,0,0.999,0,1,0,-0.999,0,-0.032],[],1.089,8,[-15.992,-0.001,0.502],[0,-0.003,0],[771.39,240.042,50.113,1,-0.028,0.005,0,0.174,0.985,-0.028,-0.984,0.174],16.125,"Running",0,[590,423],[[],[]]],[[771.045,222.662,47.322,-0.032,0,1,0,1,0,-1,0,-0.032],[],1.089,8,[-15.993,0,0.478],[0,-0.015,0],[771.119,240.042,50.121,1,-0.026,0.005,0,0.174,0.985,-0.027,-0.984,0.174],16.125,"Running",0,[590,423],[[],[]]],[[770.645,222.662,47.334,-0.031,0,1,0,1,0,-1,0,-0.031],[],1.089,8,[-15.994,0,0.452],[0,-0.026,0],[772.464,240.042,50.089,1,-0.025,0.004,0,0.174,0.985,-0.025,-0.984,0.174],16.125,"Running",1,[590,423],[["LeftShift"],[]]],[[770.378,222.662,47.341,0.999,0,-0.048,0,1,0,0.048,0,0.999],[["walk",0.1]],1.089,8,[-15.994,0,0.427],[0,-5.577,0],[772.198,240.042,50.096,1,-0.025,0.004,0,0.174,0.985,-0.025,-0.984,0.174],16.125,"Running",1,[683,357.5],[[],[]]],[[770.112,222.662,47.348,1,0,-0.004,0,1,0,0.004,0,1],[],1.089,8,[-15.995,0,0.402],[0,-0.645,0],[771.931,240.042,50.103,1,-0.025,0.004,0,0.174,0.985,-0.025,-0.984,0.174],16.125,"Running",1,[683,357.5],[[],[]]],[[769.845,222.628,47.354,1,0,0.022,0,1,0,-0.022,0,1],[],1.089,8,[-15.995,-3.27,0.402],[0,-0.075,0],[771.665,240.008,50.11,1,-0.025,0.004,0,0.174,0.985,-0.025,-0.984,0.174],16.125,"Running",1,[683,357.5],[["Space"],[]]],[[769.512,223.702,47.363,1,0,0.024,0,1,0,-0.024,0,1],[["walk",0.1],["jump",0.1]],1,3,[-15.995,49.883,0.402],[0,-0.074,0],[771.331,241.082,50.118,1,-0.025,0.004,0,0.174,0.985,-0.025,-0.984,0.174],16.125,"Jumping",1,[683,357.5],[[],[]]],[[769.178,224.69,47.371,0.989,0,0.147,0,1,0,-0.147,0,0.989],[["jump",0.1]],1,5,[-15.995,45.796,0.402],[0,7.452,0],[770.998,242.07,50.126,1,-0.025,0.004,0,0.174,0.985,-0.025,-0.984,0.174],16.125,"FreeFall",1,[683,357.5],[[],[]]],[[768.912,225.419,47.378,0.988,0,0.155,0,1,0,-0.155,0,0.988],[],1,5,[-15.995,42.526,0.402],[0,7.933,0],[770.732,242.799,50.133,1,-0.025,0.004,0,0.174,0.985,-0.025,-0.984,0.174],16.125,"FreeFall",1,[683,357.5],[[],[]]],[[768.779,225.763,47.381,0.996,0,0.091,0,1,0,-0.091,0,0.996],[],1,5,[-15.995,40.891,0.402],[0,7.975,0],[770.594,243.143,50.139,1,-0.023,0.004,0,0.174,0.985,-0.024,-0.985,0.174],16.125,"FreeFall",1,[683,357.5],[[],[]]],[[767.912,227.668,47.403,0.898,0,0.441,0,1,0,-0.441,0,0.898],[],1,5,[-15.995,30.263,0.402],[0,7.996,0],[769.701,245.048,50.178,1,-0.014,0.002,0,0.174,0.985,-0.014,-0.985,0.174],16.125,"FreeFall",1,[683,357.5],[[],[]]],[[767.645,228.138,47.409,0.989,0,0.147,0,1,0,-0.147,0,0.989],[],1,5,[-15.996,26.993,0.377],[0,7.996,0],[769.43,245.518,50.187,1,-0.012,0.002,0,0.174,0.985,-0.013,-0.985,0.174],16.125,"FreeFall",1,[683,357.5],[[],[]]],[[767.379,228.554,47.413,0.989,0,0.145,0,1,0,-0.145,0,0.989],[],1,5,[-15.998,23.723,0.229],[0,7.996,0],[769.164,245.934,50.191,1,-0.012,0.002,0,0.174,0.985,-0.013,-0.985,0.174],16.125,"FreeFall",1,[683,357.5],[[],["LeftShift"]]],[[767.179,228.83,47.416,0.994,0,0.112,0,1,0,-0.112,0,0.994],[],1,5,[-15.999,21.271,0.202],[0,7.996,0],[768.964,246.21,50.194,1,-0.012,0.002,0,0.174,0.985,-0.013,-0.985,0.174],16.125,"FreeFall",1,[683,357.5],[[],[]]],[[766.912,229.151,47.419,0.989,0,0.145,0,1,0,-0.145,0,0.989],[],1,5,[-15.999,18.001,0.201],[0,7.996,0],[768.693,246.531,50.2,1,-0.011,0.002,0,0.174,0.985,-0.011,-0.985,0.174],16.125,"FreeFall",1,[683,357.5],[[],[]]],[[766.579,229.475,47.423,0.984,0,0.177,0,1,0,-0.177,0,0.984],[],1,5,[-15.999,13.913,0.201],[0,7.996,0],[768.338,246.855,50.218,1,-0.003,0.001,0,0.174,0.985,-0.003,-0.985,0.174],16.125,"FreeFall",1,[683,357.5],[[],["b2"]]],[[766.246,229.713,47.427,0.986,0,0.169,0,1,0,-0.169,0,0.986],[],1,5,[-15.999,9.826,0.176],[0,7.996,0],[767.974,247.093,50.241,1,0.008,-0.001,0,0.174,0.985,0.008,-0.985,0.174],16.125,"FreeFall",1,[683,357.5],[[],[]]],[[765.913,229.867,47.429,0.987,0,0.158,0,1,0,-0.158,0,0.987],[],1,5,[-16,5.738,0.051],[0,7.996,0],[767.618,247.247,50.256,1,0.015,-0.003,0,0.174,0.985,0.016,-0.985,0.174],16.125,"FreeFall",1,[683,357.5],[[],["Space"]]],[[765.579,229.935,47.426,0.989,0,0.15,0,1,0,-0.15,0,0.989],[],1,5,[-16,1.651,-0.124],[0,7.996,0],[767.272,247.315,50.262,1,0.02,-0.004,0,0.174,0.985,0.02,-0.985,0.174],16.125,"FreeFall",1,[683,357.5],[[],[]]],[[765.313,229.929,47.422,0.994,0,0.113,0,1,0,-0.113,0,0.994],[],1,5,[-15.998,-1.619,-0.249],[0,7.996,0],[767.001,247.309,50.26,1,0.022,-0.004,0,0.174,0.985,0.022,-0.985,0.174],16.125,"FreeFall",1,[683,357.5],[[],[]]],[[765.046,229.868,47.417,0.994,0,0.111,0,1,0,-0.111,0,0.994],[],1,5,[-15.997,-4.889,-0.325],[0,7.996,0],[766.734,247.248,50.255,1,0.022,-0.004,0,0.174,0.985,0.022,-0.985,0.174],16.125,"FreeFall",1,[683,357.5],[[],[]]],[[764.846,229.786,47.413,0.997,0,0.078,0,1,0,-0.078,0,0.997],[],1,5,[-15.996,-7.342,-0.35],[0,7.996,0],[766.525,247.166,50.256,1,0.025,-0.004,0,0.174,0.985,0.025,-0.984,0.174],16.125,"FreeFall",1,[683,357.5],[[],[]]],[[764.58,229.63,47.407,0.994,0,0.108,0,1,0,-0.108,0,0.994],[["fall",0.3]],1,5,[-15.996,-10.612,-0.352],[0,7.996,0],[766.259,247.01,50.25,1,0.025,-0.004,0,0.174,0.985,0.025,-0.984,0.174],16.125,"FreeFall",1,[683,357.5],[[],[]]],[[764.046,229.154,47.394,0.971,0,0.239,0,1,0,-0.239,0,0.971],[],1,5,[-15.995,-17.152,-0.402],[0,7.996,0],[765.725,246.534,50.237,1,0.025,-0.004,0,0.174,0.985,0.025,-0.984,0.174],16.125,"FreeFall",1,[683,357.5],[[],[]]],[[763.78,229.56,47.387,1,0,0.004,0,1,0,-0.004,0,1],[["walk",0.1],["fall",0.3],["fall",0.3]],1,7,[-15.995,32.558,-0.402],[0,-0.018,0],[765.459,246.94,50.23,1,0.025,-0.004,0,0.174,0.985,0.025,-0.984,0.174],16.125,"FreeFall",1,[683,357.5],[[],[]]],[[763.513,230.032,47.38,1,0,-0.025,0,1,0,0.025,0,1],[],1,7,[-15.995,24.352,-0.402],[0,-0.002,0],[765.206,247.412,50.216,1,0.02,-0.004,0,0.174,0.985,0.02,-0.985,0.174],16.125,"FreeFall",1,[683,357.5],[[],[]]],[[763.18,230.38,47.372,1,0,-0.02,0,1,0,0.02,0,1],[["walk",0.1],["fall",0.3],["walk",0.1]],1.103,8,[-15.995,12.389,-0.402],[0,0,0],[764.908,247.76,50.186,1,0.008,-0.001,0,0.174,0.985,0.008,-0.985,0.174],16.125,"Running",1,[683,357.5],[[],[]]],[[763.047,230.463,47.369,1,0,-0.008,0,1,0,0.008,0,1],[],1.103,8,[-15.996,9.233,-0.337],[0,0,0],[765.085,247.843,49.967,0.994,-0.105,0.019,0,0.174,0.985,-0.107,-0.979,0.173],16.125,"Running",1,[683,357.5],[[],[]]],[[762.713,230.589,47.366,0.994,0,0.114,0,1,0,-0.114,0,0.994],[["walk",0.1]],1.103,8,[-15.999,4.345,-0.127],[0,0.428,0],[765.094,247.969,49.654,0.97,-0.24,0.042,0,0.174,0.985,-0.244,-0.955,0.168],16.125,"Running",1,[683,357.5],[[],[]]],[[762.448,230.637,47.39,0.968,0,0.252,0,1,0,-0.252,0,0.968],[],1.103,8,[-15.911,2.194,1.67],[0,0.519,0],[765.166,248.017,49.265,0.918,-0.391,0.069,0,0.174,0.985,-0.397,-0.904,0.159],16.125,"Running",1,[683,357.5],[[],[]]],[[762.188,230.659,47.45,0.914,0,0.406,0,1,0,-0.406,0,0.914],[],1.103,8,[-15.524,0.884,3.862],[0,0.603,0],[765.164,248.039,48.881,0.845,-0.526,0.093,0,0.174,0.985,-0.535,-0.832,0.147],16.125,"Running",1,[683,357.5],[[],[]]],[[761.942,230.666,47.549,0.84,0,0.543,0,1,0,-0.543,0,0.84],[],1.103,8,[-14.701,0.183,6.305],[0,0.585,0],[765.076,248.046,48.586,0.77,-0.629,0.111,0,0.174,0.985,-0.639,-0.758,0.134],16.125,"Running",1,[683,357.5],[[],[]]],[[761.881,230.666,47.638,0.771,0,0.637,0,1,0,-0.637,0,0.771],[],1.103,8,[4.106,-0.087,3.145],[-0.003,-0.476,0.005],[765.104,248.046,48.361,0.703,-0.701,0.124,0,0.174,0.985,-0.712,-0.692,0.122],16.125,"Running",1,[683,357.5],[[],[]]],[[761.831,230.664,47.742,0.701,0,0.713,0,1,0,-0.713,0,0.701],[["walk",0.1]],0.357,8,[-7.249,-0.111,8.037],[0,0.303,0.014],[765.114,248.044,48.101,0.619,-0.773,0.136,0,0.174,0.985,-0.785,-0.61,0.108],16.125,"Running",1,[683,357.5],[[],[]]],[[761.773,230.663,47.919,0.594,0,0.804,0,1,0,-0.804,0,0.594],[["walk",0.1],["walk",0.1]],0.746,8,[-5.51,-0.042,9.536],[0.001,0.945,0.003],[765.064,248.043,48.19,0.598,-0.789,0.139,0,0.174,0.985,-0.802,-0.589,0.104],16.125,"Running",1,[683,357.5],[[],[]]],[[761.769,230.663,48.033,0.578,0.001,0.816,-0.001,1,-0.001,-0.816,0,0.578],[],0.746,8,[-0.89,-0.048,9.504],[0.005,1.75,0],[765.07,248.043,48.17,0.565,-0.813,0.143,0,0.174,0.985,-0.825,-0.556,0.098],16.125,"Running",1,[683,357.5],[[],[]]],[[761.75,230.662,48.16,0.546,0.001,0.838,-0.001,1,-0.001,-0.838,0,0.546],[["walk",0.1]],0.658,8,[-1.058,-0.01,10.104],[0.003,1.935,0.006],[765.052,248.042,48.25,0.553,-0.821,0.145,0,0.174,0.985,-0.833,-0.545,0.096],16.125,"Running",1,[683,357.5],[[],[]]],[[761.697,230.662,48.52,0.496,0.001,0.868,-0.001,1,-0.001,-0.868,0,0.496],[["walk",0.1]],0.701,8,[-4.329,0.002,11.775],[0.005,1.353,0.032],[764.993,248.042,48.745,0.587,-0.798,0.141,0,0.174,0.985,-0.81,-0.578,0.102],16.125,"Running",1,[683,357.5],[[],[]]],[[761.632,230.662,48.709,0.582,0.001,0.813,0,1,-0.002,-0.813,0.001,0.582],[["walk",0.1]],0.865,8,[-8.619,0.001,13.242],[-0.033,-0.078,0.092],[764.903,248.042,49.177,0.645,-0.753,0.133,0,0.174,0.985,-0.764,-0.635,0.112],16.125,"Running",1,[683,357.5],[[],[]]],[[761.552,230.662,48.902,0.643,0.002,0.766,0,1,-0.002,-0.766,0.001,0.643],[["walk",0.1]],1.09,8,[-9.35,0.001,12.965],[-0.089,-0.016,0.124],[764.767,248.042,49.667,0.712,-0.692,0.122,0,0.174,0.985,-0.703,-0.701,0.124],16.125,"Running",1,[683,357.5],[[],[]]],[[761.461,230.642,49.091,0.711,0.001,0.704,0,1,-0.002,-0.704,0.002,0.711],[],1.09,8,[-9.384,-2.451,12.953],[-0.132,-0.003,0.131],[764.601,248.022,50.121,0.768,-0.631,0.111,0,0.174,0.985,-0.641,-0.756,0.133],16.125,"Running",1,[683,357.5],[["Space"],[]]],[[761.277,231.715,49.375,0.767,-0.001,0.641,0,1,0,-0.641,0,0.767],[["walk",0.1],["walk",0.1],["jump",0.1]],1,3,[-9.384,49.883,12.953],[-0.131,-0.003,0.131],[764.338,249.095,50.611,0.809,-0.579,0.102,0,0.174,0.985,-0.588,-0.797,0.14],16.125,"Jumping",1,[683,357.5],[[],[]]],[[761.149,232.318,49.527,0.771,-0.001,0.637,0,1,0.001,-0.637,-0.001,0.771],[["jump",0.1]],1,5,[-10.65,47.431,11.771],[-0.015,6.41,-0.013],[764.129,249.695,50.983,0.847,-0.524,0.093,0,0.175,0.985,-0.532,-0.834,0.148],16.125,"FreeFall",1,[683,357.5],[[],[]]],[[760.955,233.075,49.705,0.774,0,0.633,0,1,0.001,-0.633,0,0.774],[],1,5,[-12.3,44.161,10.068],[0.02,7.813,-0.032],[763.836,250.438,51.477,0.889,-0.451,0.082,0,0.18,0.984,-0.458,-0.874,0.16],16.125,"FreeFall",1,[683,357.5],[[],[]]],[[760.736,233.777,49.856,0.821,0,0.571,0,1,0,-0.571,0,0.821],[],1,5,[-13.477,40.891,8.601],[0.014,7.975,-0.011],[763.413,251.136,51.951,0.934,-0.352,0.065,0,0.181,0.984,-0.358,-0.918,0.169],16.125,"FreeFall",1,[683,357.5],[[],[]]],[[760.501,234.424,49.983,0.878,0,0.479,0,1,0,-0.479,0,0.878],[],1,5,[-14.199,37.621,7.372],[0.005,7.993,0],[762.91,251.783,52.383,0.97,-0.24,0.044,0,0.181,0.984,-0.244,-0.954,0.175],16.125,"FreeFall",1,[683,357.5],[[],[]]],[[760.194,235.157,50.11,0.916,0,0.402,0,1,0,-0.402,0,0.916],[],1,5,[-14.927,33.533,5.756],[0,7.996,0.002],[762.345,252.516,52.743,0.99,-0.142,0.026,0,0.181,0.984,-0.144,-0.973,0.179],16.125,"FreeFall",1,[683,357.5],[[],[]]],[[760.003,235.556,50.169,0.97,0,0.242,0,1,0,-0.242,0,0.97],[],1,5,[-15.431,31.081,4.174],[-0.001,7.996,0.001],[761.969,252.922,52.902,0.997,-0.076,0.014,0,0.178,0.984,-0.077,-0.981,0.178],16.125,"FreeFall",1,[683,357.5],[[],[]]],[[759.741,236.039,50.217,0.978,0,0.209,0,1,0,-0.209,0,0.978],[],1,5,[-15.812,27.811,2.403],[0,7.996,0],[761.594,253.406,53.029,0.999,-0.036,0.006,0,0.178,0.984,-0.036,-0.983,0.178],16.125,"FreeFall",1,[683,357.5],[[],[]]],[[759.476,236.469,50.241,0.986,0,0.169,0,1,0,-0.169,0,0.986],[],1,5,[-15.949,24.541,1.261],[0,7.996,0],[761.239,253.835,53.11,1,-0.005,0.001,0,0.178,0.984,-0.005,-0.984,0.178],16.125,"FreeFall",1,[683,357.5],[[],[]]],[[759.143,236.929,50.255,0.985,0,0.17,0,1,0,-0.17,0,0.985],[],1,5,[-15.989,20.453,0.583],[0,7.996,0],[760.797,254.295,53.188,0.999,0.032,-0.006,0,0.178,0.984,0.033,-0.983,0.178],16.125,"FreeFall",1,[683,357.5],[[],[]]],[[758.943,237.164,50.257,0.998,0,0.067,0,1,0,-0.067,0,0.998],[],1,5,[-15.999,18.001,0.102],[0,7.996,0],[760.304,254.531,53.337,0.992,0.128,-0.023,0,0.178,0.984,0.13,-0.976,0.177],16.125,"FreeFall",1,[683,357.5],[[],[]]],[[758.41,237.642,50.241,0.991,0,0.136,0,1,0,-0.136,0,0.991],[],1,5,[-15.991,11.461,-0.527],[0,7.996,0],[759.771,255.008,53.321,0.992,0.128,-0.023,0,0.178,0.984,0.13,-0.976,0.177],16.125,"FreeFall",1,[683,357.5],[[],[]]],[[758.343,237.686,50.236,0.995,0,-0.097,0,1,0,0.097,0,0.995],[],1,5,[-15.943,10.643,-1.121],[0,7.996,0],[759.666,255.052,53.333,0.99,0.14,-0.025,0,0.178,0.984,0.142,-0.974,0.177],16.125,"FreeFall",1,[683,357.5],[[],[]]],[[758.079,237.829,50.204,1,0,-0.01,0,1,0,0.01,0,1],[],1,5,[-15.866,7.373,-2.061],[0,7.996,0],[759.381,255.196,53.309,0.989,0.146,-0.027,0,0.178,0.984,0.149,-0.973,0.176],16.125,"FreeFall",1,[683,357.5],[[],[]]],[[757.881,237.901,50.176,0.999,0,-0.049,0,1,0,0.049,0,0.999],[],1,5,[-15.838,4.921,-2.268],[0,7.996,0],[759.159,255.267,53.291,0.988,0.154,-0.028,0,0.178,0.984,0.156,-0.972,0.176],16.125,"FreeFall",1,[683,357.5],[[],[]]],[[757.617,237.949,50.137,1,0,-0.024,0,1,0,0.024,0,1],[],1,5,[-15.823,1.651,-2.376],[0,7.996,0],[758.861,255.315,53.266,0.986,0.165,-0.03,0,0.178,0.984,0.167,-0.97,0.176],16.125,"FreeFall",1,[683,357.5],[[],[]]],[[757.353,237.943,50.095,0.999,0,-0.035,0,1,0,0.035,0,0.999],[],1,5,[-15.803,-1.619,-2.5],[0,7.996,0],[758.563,255.309,53.238,0.984,0.175,-0.032,0,0.178,0.984,0.178,-0.968,0.176],16.125,"FreeFall",1,[683,357.5],[[],[]]],[[757.09,237.881,50.051,0.999,0,-0.046,0,1,0,0.046,0,0.999],[],1,5,[-15.775,-4.889,-2.673],[0,7.996,0],[758.275,255.248,53.203,0.983,0.183,-0.033,0,0.178,0.984,0.186,-0.967,0.175],16.125,"FreeFall",1,[683,357.5],[[],["Space"]]],[[756.828,237.766,50.004,0.999,0,-0.054,0,1,0,0.054,0,0.999],[],1,5,[-15.745,-8.159,-2.846],[0,7.996,0],[757.993,255.132,53.163,0.981,0.189,-0.034,0,0.178,0.984,0.192,-0.966,0.175],16.125,"FreeFall",1,[683,357.5],[[],[]]],[[756.631,237.643,49.967,0.996,0,-0.093,0,1,0,0.093,0,0.996],[],1,5,[-15.723,-10.612,-2.966],[0,7.996,0],[757.772,255.01,53.136,0.98,0.196,-0.036,0,0.178,0.984,0.2,-0.964,0.175],16.125,"FreeFall",1,[683,357.5],[[],[]]],[[756.37,237.433,49.916,0.998,0,-0.068,0,1,0,0.068,0,0.998],[["fall",0.3]],1,5,[-15.703,-13.882,-3.07],[0,7.996,0],[757.45,254.799,53.106,0.976,0.215,-0.039,0,0.178,0.984,0.218,-0.96,0.174],16.125,"FreeFall",1,[683,357.5],[[],[]]],[[755.978,237.014,49.837,1,0,-0.02,0,1,0,0.02,0,1],[],1,5,[-15.678,-18.787,-3.195],[0,7.996,0],[757.032,254.384,53.017,0.974,0.224,-0.04,0,0.177,0.984,0.227,-0.958,0.173],16.125,"FreeFall",1,[683,357.5],[[],[]]],[[755.782,236.759,49.794,0.992,0,-0.129,0,1,0,0.129,0,0.992],[],1,5,[-15.618,-21.239,-3.474],[0,7.996,0],[756.771,254.132,52.978,0.969,0.245,-0.044,0,0.176,0.984,0.249,-0.953,0.171],16.125,"FreeFall",1,[683,357.5],[[],[]]],[[755.522,236.371,49.734,0.993,0,-0.118,0,1,0,0.118,0,0.993],[],1,5,[-15.582,-24.509,-3.634],[0,7.996,0],[756.406,253.747,52.932,0.959,0.278,-0.049,0,0.175,0.985,0.282,-0.945,0.168],16.125,"FreeFall",1,[683,357.5],[[],[]]],[[755.264,235.928,49.668,0.988,0,-0.152,0,1,0,0.152,0,0.988],[],1,5,[-15.499,-27.779,-3.972],[0,7.996,0],[756.067,253.305,52.888,0.952,0.301,-0.054,0,0.175,0.985,0.306,-0.937,0.166],16.125,"FreeFall",1,[683,357.5],[[],[]]],[[754.944,235.298,49.575,0.99,0,-0.144,0,1,0,0.144,0,0.99],[],1,5,[-15.352,-31.867,-4.508],[0,7.996,0],[755.656,252.675,52.817,0.943,0.328,-0.058,0,0.175,0.985,0.333,-0.928,0.165],16.125,"FreeFall",1,[683,357.5],[[],[]]],[[754.69,234.733,49.495,0.979,0,-0.205,0,1,0,0.205,0,0.979],[["fall",0.3]],1,5,[-15.235,-35.137,-4.889],[0,7.996,0],[755.289,252.11,52.759,0.931,0.36,-0.064,0,0.175,0.985,0.365,-0.917,0.163],16.125,"FreeFall",1,[683,357.5],[[],[]]],[[754.438,234.113,49.407,0.971,0,-0.238,0,1,0,0.238,0,0.971],[],1,5,[-15.091,-38.407,-5.317],[0,7.996,0],[754.914,251.49,52.691,0.916,0.394,-0.07,0,0.175,0.985,0.4,-0.902,0.16],16.125,"FreeFall",1,[683,357.5],[[],[]]],[[754.251,233.613,49.335,0.952,0,-0.307,0,1,0,0.307,0,0.952],[],1,5,[-14.905,-40.859,-5.816],[0,7.996,0],[754.593,250.99,52.636,0.899,0.43,-0.076,0,0.175,0.985,0.437,-0.886,0.157],16.125,"FreeFall",1,[683,357.5],[[],[]]],[[754.006,232.898,49.23,0.95,0,-0.314,0,1,0,0.314,0,0.95],[],1,5,[-14.669,-44.129,-6.389],[0,7.996,0],[754.213,250.274,52.542,0.881,0.466,-0.083,0,0.175,0.985,0.473,-0.867,0.154],16.125,"FreeFall",1,[683,357.5],[[],[]]],[[753.766,232.128,49.115,0.936,0,-0.352,0,1,0,0.352,0,0.936],[],1,5,[-14.396,-47.399,-6.982],[0,7.996,0],[753.837,249.505,52.433,0.861,0.501,-0.089,0,0.175,0.985,0.509,-0.847,0.15],16.125,"FreeFall",1,[683,357.5],[[],[]]],[[753.53,231.304,48.99,0.921,0,-0.39,0,1,0,0.39,0,0.921],[],1,5,[-14.099,-50.669,-7.564],[0,7.996,0],[753.424,248.674,52.34,0.836,0.54,-0.097,0,0.177,0.984,0.549,-0.823,0.148],16.125,"FreeFall",1,[683,357.5],[[],[]]],[[753.3,230.426,48.856,0.901,0,-0.433,0,1,0,0.433,0,0.901],[],1,5,[-13.778,-53.939,-8.133],[0,7.996,0],[752.938,247.785,52.237,0.798,0.593,-0.109,0,0.181,0.984,0.603,-0.785,0.144],16.125,"FreeFall",1,[683,357.5],[[],[]]],[[753.02,229.251,48.674,0.887,0,-0.462,0,1,0,0.462,0,0.887],[["fall",0.3]],1,5,[-13.376,-58.027,-8.78],[0,7.996,0],[752.296,246.596,52.064,0.739,0.662,-0.125,0,0.186,0.983,0.674,-0.726,0.137],16.125,"FreeFall",1,[683,357.5],[[],[]]],[[752.859,228.632,48.556,0.758,0,-0.652,0,1,0,0.652,0,0.758],[["walk",0.1],["fall",0.3],["fall",0.3]],1,7,[-12.797,-29.91,-9.601],[0,0.754,0],[751.384,245.955,51.803,0.59,0.792,-0.156,0,0.193,0.981,0.807,-0.579,0.114],16.125,"FreeFall",1,[683,357.5],[[],[]]],[[752.66,228.615,48.379,0.585,0,-0.811,0,1,0,0.811,0,0.585],[],1,7,[-11.836,6.475,-10.763],[0,-0.722,0],[750.907,245.93,51.523,0.527,0.834,-0.166,0,0.195,0.981,0.85,-0.516,0.103],16.125,"FreeFall",1,[683,357.5],[[],[]]],[[752.497,228.742,48.169,0.523,0,-0.852,0,1,0,0.852,0,0.523],[],1,7,[-9.492,7.124,-12.872],[0,-0.083,0],[749.929,246.034,50.833,0.306,0.932,-0.192,0,0.202,0.979,0.952,-0.3,0.062],16.125,"FreeFall",1,[683,357.5],[[],[]]],[[752.354,228.832,47.944,0.295,0,-0.955,0,1,0,0.955,0,0.295],[["walk",0.1],["fall",0.3],["walk",0.1]],1.103,8,[-8.445,4.427,-13.588],[0,-0.857,0],[749.304,246.108,50.156,0.144,0.968,-0.205,0,0.207,0.978,0.99,-0.141,0.03],16.125,"Running",1,[683,357.5],[[],[]]],[[752.263,228.883,47.694,0.133,0,-0.991,0,1,0,0.991,0,0.133],[],1.103,8,[-4.966,2.34,-15.2],[0,-0.647,0],[748.867,246.151,49.402,-0.013,0.978,-0.209,0,0.209,0.978,1,0.012,-0.003],16.125,"Running",1,[683,357.5],[[],[]]],[[752.218,228.908,47.432,-0.023,0,-1,0,1,0,1,0,-0.023],[],1.103,8,[-2.357,0.997,-15.821],[0,-0.589,0],[748.606,246.176,48.616,-0.161,0.965,-0.207,0,0.209,0.978,0.987,0.158,-0.034],16.125,"Running",1,[683,357.5],[[],[]]],[[752.215,228.915,47.232,-0.168,0,-0.986,0,1,0,0.986,0,-0.168],[["walk",0.1]],1.103,8,[0.066,0.386,-15.989],[0,-0.563,0],[748.451,246.174,47.967,-0.277,0.939,-0.203,0,0.212,0.977,0.961,0.271,-0.059],16.125,"Running",1,[683,357.5],[[],[]]],[[752.284,228.915,46.771,-0.291,0,-0.957,0,1,0,0.957,0,-0.291],[],1.103,8,[2.575,-0.105,-15.791],[0,-0.451,0],[748.481,246.171,47.387,-0.306,0.93,-0.203,0,0.213,0.977,0.952,0.299,-0.065],16.125,"Running",1,[683,357.5],[[],[]]],[[752.335,228.914,46.578,-0.308,0,-0.951,0,1,0,0.951,0,-0.308],[],1.103,8,[4.342,-0.104,-15.394],[0,-0.09,0],[748.532,246.17,47.194,-0.306,0.93,-0.203,0,0.213,0.977,0.952,0.299,-0.065],16.125,"Running",1,[683,357.5],[[],[]]],[[752.435,228.912,46.26,-0.307,0,-0.952,0,1,0,0.952,0,-0.307],[],1.103,8,[4.893,-0.044,-15.233],[0,-0.006,0],[748.633,246.168,46.876,-0.306,0.93,-0.203,0,0.213,0.977,0.952,0.299,-0.065],16.125,"Running",1,[683,357.5],[[],[]]],[[752.476,228.912,46.134,-0.306,0,-0.952,0,1,0,0.952,0,-0.306],[],1.103,8,[4.896,-0.024,-15.232],[0,-0.002,0],[748.674,246.168,46.749,-0.306,0.93,-0.203,0,0.213,0.977,0.952,0.299,-0.065],16.125,"Running",1,[683,357.5],[[],[]]],[[752.558,228.912,45.88,-0.306,0,-0.952,0,1,0,0.952,0,-0.306],[],1.103,8,[4.897,-0.001,-15.232],[0,0,0],[748.755,246.168,46.496,-0.306,0.93,-0.203,0,0.213,0.977,0.952,0.299,-0.065],16.125,"Running",1,[683,357.5],[[],[]]],[[752.619,228.912,45.689,-0.306,0,-0.952,0,1,0,0.952,0,-0.306],[],1.103,8,[4.897,0.005,-15.232],[0,0,0],[748.817,246.168,46.305,-0.306,0.93,-0.203,0,0.213,0.977,0.952,0.299,-0.065],16.125,"Running",1,[683,357.5],[[],[]]],[[752.721,228.912,45.372,-0.306,0,-0.952,0,1,0,0.952,0,-0.306],[["walk",0.1]],1.103,8,[4.897,0.005,-15.232],[0,0,0],[748.918,246.168,45.988,-0.306,0.93,-0.203,0,0.213,0.977,0.952,0.299,-0.065],16.125,"Running",1,[683,357.5],[[],[]]],[[752.782,228.912,45.182,-0.306,0,-0.952,0,1,0,0.952,0,-0.306],[],1.103,8,[4.897,0.004,-15.232],[0,0,0],[748.98,246.168,45.797,-0.306,0.93,-0.203,0,0.213,0.977,0.952,0.299,-0.065],16.125,"Running",1,[683,357.5],[[],[]]],[[752.884,228.912,44.864,-0.306,0,-0.952,0,1,0,0.952,0,-0.306],[],1.103,8,[4.897,0.001,-15.232],[0,0,0],[749.082,246.168,45.48,-0.306,0.93,-0.203,0,0.213,0.977,0.952,0.299,-0.065],16.125,"Running",1,[683,357.5],[[],[]]],[[752.966,228.912,44.61,-0.306,0,-0.952,0,1,0,0.952,0,-0.306],[],1.103,8,[4.897,0,-15.232],[0,0,0],[749.154,246.168,45.166,-0.321,0.925,-0.202,0,0.213,0.977,0.947,0.314,-0.068],16.125,"Running",1,[683,357.5],[[],[]]],[[753.027,228.912,44.42,-0.321,0,-0.947,0,1,0,0.947,0,-0.321],[],1.103,8,[4.897,0,-15.232],[0,0,0],[749.234,246.176,44.857,-0.353,0.914,-0.197,0,0.21,0.978,0.935,0.346,-0.074],16.125,"Running",1,[683,357.5],[[],[]]],[[753.112,228.912,44.167,-0.353,0,-0.935,0,1,0,0.935,0,-0.353],[],1.103,8,[5.131,0,-15.155],[0,0,0],[749.262,246.168,44.302,-0.423,0.885,-0.193,0,0.213,0.977,0.906,0.413,-0.09],16.125,"Running",1,[683,357.5],[["Space"],[]]],[[753.24,230.19,43.788,-0.423,0,-0.906,0,1,0,0.906,0,-0.423],[["walk",0.1],["walk",0.1],["jump",0.1]],1,3,[5.131,49.066,-15.155],[0,0,0],[749.401,247.446,43.469,-0.527,0.831,-0.181,0,0.213,0.977,0.85,0.514,-0.112],16.125,"Jumping",1,[683,357.5],[[],[]]],[[753.345,230.974,43.543,-0.446,0,-0.895,0,1,0,0.895,0,-0.446],[["jump",0.1]],1,5,[6.693,45.796,-14.528],[0,7.071,0],[749.535,248.229,42.972,-0.581,0.795,-0.173,0,0.213,0.977,0.814,0.568,-0.124],16.125,"FreeFall",1,[683,357.5],[[],[]]],[[753.441,231.526,43.369,-0.501,0,-0.865,0,1,0,0.865,0,-0.501],[],1,5,[8.169,43.343,-13.739],[0,7.813,0],[749.715,248.777,42.329,-0.675,0.72,-0.158,0,0.214,0.977,0.737,0.66,-0.145],16.125,"FreeFall",1,[683,357.5],[[],[]]],[[753.592,232.214,43.149,-0.572,0,-0.82,0,1,0,0.82,0,-0.572],[],1,5,[9.27,40.073,-13.039],[0,7.975,0],[750.045,249.449,41.441,-0.789,0.599,-0.134,0,0.219,0.976,0.614,0.77,-0.173],16.125,"FreeFall",1,[683,357.5],[[],[]]],[[753.854,233.144,42.847,-0.652,0,-0.759,0,1,0,0.759,0,-0.652],[],1,5,[10.794,35.168,-11.81],[0,7.995,0],[750.46,250.37,40.786,-0.843,0.525,-0.119,0,0.221,0.975,0.538,0.822,-0.186],16.125,"FreeFall",1,[683,357.5],[["W"],[]]],[[753.994,233.564,42.714,-0.789,0,-0.614,0,1,0,0.614,0,-0.789],[],1,5,[11.412,32.716,-10.132],[0,7.214,0],[750.779,250.79,40.382,-0.884,0.456,-0.103,0,0.221,0.975,0.468,0.862,-0.195],16.125,"FreeFall",1,[683,357.5],[[],[]]],[[754.141,233.952,42.601,-0.839,0,-0.544,0,1,0,0.544,0,-0.839],[],1,5,[11.942,30.263,-8.425],[0,6.989,0],[751.145,251.169,39.942,-0.924,0.373,-0.085,0,0.223,0.975,0.383,0.901,-0.206],16.125,"FreeFall",1,[683,357.5],[[],[]]],[[754.346,234.422,42.485,-0.873,0,-0.488,0,1,0,0.488,0,-0.873],[],1,5,[12.531,26.993,-6.116],[0,7.028,0],[751.595,251.613,39.434,-0.957,0.282,-0.067,0,0.23,0.973,0.29,0.931,-0.221],16.125,"FreeFall",1,[683,357.5],[[],[]]],[[754.559,234.838,42.407,-0.917,0,-0.4,0,1,0,0.4,0,-0.917],[],1,5,[12.962,23.723,-3.772],[0,7.066,0],[752.069,252.002,39.011,-0.979,0.197,-0.048,0,0.238,0.971,0.203,0.951,-0.233],16.125,"FreeFall",1,[683,357.5],[[],["A"]]],[[754.765,235.2,42.367,-0.969,0,-0.246,0,1,0,0.246,0,-0.969],[],1,5,[12.009,20.453,-1.588],[0,1.45,0],[752.514,252.34,38.706,-0.991,0.128,-0.032,0,0.243,0.97,0.132,0.961,-0.241],16.125,"FreeFall",1,[683,357.5],[[],[]]],[[754.954,235.506,42.363,-0.989,0,-0.146,0,1,0,0.146,0,-0.989],[],1,5,[10.93,17.183,0.537],[0,0.679,0],[752.89,252.627,38.515,-0.997,0.078,-0.02,0,0.248,0.969,0.08,0.966,-0.247],16.125,"FreeFall",1,[683,357.5],[[],[]]],[[755.083,235.701,42.382,-0.996,0,-0.086,0,1,0,0.086,0,-0.996],[],1,5,[10.037,14.731,2.086],[0,0.467,0],[753.177,252.817,38.435,-0.999,0.038,-0.01,0,0.249,0.968,0.039,0.968,-0.249],16.125,"FreeFall",1,[683,357.5],[[],[]]],[[755.273,235.957,42.457,-0.999,0,-0.047,0,1,0,0.047,0,-0.999],[],1,5,[8.446,10.643,4.605],[0,0.336,0],[753.535,253.068,38.413,-1,-0.003,0.001,0,0.25,0.968,-0.003,0.968,-0.25],16.125,"FreeFall",1,[683,357.5],[[],[]]],[[755.241,236.067,42.528,-1,0,0.012,0,1,0.002,-0.012,0.002,-1],[],1,5,[-5.548,4.772,4.265],[0.045,-0.263,0],[753.69,253.174,38.393,-0.999,-0.047,0.012,0,0.252,0.968,-0.049,0.967,-0.251],16.125,"FreeFall",1,[683,357.5],[[],["Space"]]],[[755.159,236.113,42.621,-0.999,0,0.046,0,1,0.001,-0.046,0.001,-0.999],[],1,5,[-4.537,1.502,6.39],[-0.067,0.292,-0.003],[753.818,253.219,38.412,-0.995,-0.096,0.025,0,0.252,0.968,-0.099,0.963,-0.25],16.125,"FreeFall",1,[683,357.5],[[],[]]],[[755.092,236.104,42.751,-0.996,0,0.093,0,1,0,-0.093,0,-0.996],[],1,5,[-3.665,-1.768,8.618],[-0.036,0.389,-0.004],[753.925,253.21,38.49,-0.99,-0.135,0.035,0,0.252,0.968,-0.139,0.958,-0.249],16.125,"FreeFall",1,[683,357.5],[[],[]]],[[755.038,236.04,42.918,-0.991,0,0.134,0,1,0,-0.134,0,-0.991],[],1,5,[-3.011,-5.038,10.917],[-0.009,0.334,-0.002],[753.924,253.146,38.642,-0.988,-0.147,0.038,0,0.252,0.968,-0.152,0.957,-0.249],16.125,"FreeFall",1,[683,357.5],[[],[]]],[[755.003,235.957,43.07,-0.989,0,0.149,0,1,0,-0.149,0,-0.989],[],1,5,[-2.731,-7.491,12.685],[-0.001,0.147,-0.001],[753.919,253.058,38.768,-0.987,-0.153,0.04,0,0.253,0.968,-0.158,0.955,-0.25],16.125,"FreeFall",1,[683,357.5],[[],[]]],[[754.949,235.75,43.37,-0.988,0,0.156,0,1,0,-0.156,0,-0.988],[],1,5,[-2.456,-11.578,15.531],[0.001,0.057,0],[753.912,252.831,38.986,-0.986,-0.16,0.043,0,0.257,0.966,-0.166,0.953,-0.254],16.125,"FreeFall",1,[683,357.5],[[],[]]],[[754.835,235.162,43.664,-0.999,-0.007,0.05,-0.007,1,0,-0.05,0,-0.999],[["fall",0.3]],1,5,[-1.535,-16.452,0.697],[0.006,0.862,-0.316],[753.787,252.244,39.28,-0.986,-0.16,0.043,0,0.257,0.966,-0.166,0.953,-0.254],16.125,"FreeFall",1,[683,357.5],[[],[]]],[[754.829,235.196,43.635,-0.987,-0.004,0.16,-0.004,1,-0.001,-0.16,-0.001,-0.987],[["walk",0.1],["fall",0.3],["climb",0.1]],-1.371,12,[-0.465,7.264,0.032],[-0.084,0.41,-0.384],[753.786,252.277,39.249,-0.986,-0.16,0.043,0,0.257,0.966,-0.166,0.953,-0.254],16.125,"Climbing",1,[683,357.5],[[],[]]],[[754.828,235.327,43.635,-0.986,-0.001,0.164,-0.001,1,-0.001,-0.164,-0.001,-0.986],[["climb",0.1],["climb",0]],0.605,12,[-0.056,10.992,0.016],[0.054,0.081,-0.194],[753.799,252.403,39.229,-0.986,-0.162,0.043,0,0.259,0.966,-0.167,0.952,-0.255],16.125,"Climbing",1,[683,357.5],[[],[]]],[[754.827,235.513,43.635,-0.986,0,0.167,0,1,0,-0.167,0,-0.986],[["climb",0.1],["climb",0]],0.916,12,[-0.017,11.196,-0.004],[0.036,0.009,-0.006],[753.8,252.589,39.23,-0.986,-0.162,0.043,0,0.259,0.966,-0.167,0.952,-0.255],16.125,"Climbing",1,[683,357.5],[[],[]]],[[754.827,235.746,43.635,-0.986,0,0.167,0,1,0,-0.167,0,-0.986],[],0.916,12,[0.001,11.2,-0.002],[0,0.001,0.018],[753.8,252.823,39.231,-0.986,-0.162,0.043,0,0.259,0.966,-0.167,0.952,-0.255],16.125,"Climbing",1,[683,357.5],[[],[]]],[[754.827,235.933,43.635,-0.986,0,0.167,0,1,0,-0.167,0,-0.986],[],0.916,12,[0.001,11.2,0],[-0.003,0,0.003],[753.799,253.009,39.231,-0.986,-0.162,0.043,0,0.259,0.966,-0.167,0.952,-0.255],16.125,"Climbing",1,[683,357.5],[[],[]]],[[754.827,236.073,43.635,-0.986,0,0.167,0,1,0,-0.167,0,-0.986],[],0.916,12,[0.001,11.2,0],[-0.001,0,-0.001],[753.799,253.149,39.231,-0.986,-0.162,0.043,0,0.259,0.966,-0.167,0.952,-0.255],16.125,"Climbing",1,[683,357.5],[[],[]]],[[754.827,236.259,43.635,-0.986,0,0.167,0,1,0,-0.167,0,-0.986],[],0.916,12,[0,11.2,0],[0,0,-0.001],[753.735,253.351,39.3,-0.988,-0.15,0.04,0,0.255,0.967,-0.155,0.955,-0.252],16.125,"Climbing",1,[683,357.5],[[],[]]],[[754.827,236.493,43.635,-0.988,0,0.155,0,1,0,-0.155,0,-0.988],[],0.916,12,[0,11.2,0],[0,0,0],[753.604,253.604,39.407,-0.992,-0.123,0.032,0,0.25,0.968,-0.127,0.96,-0.248],16.125,"Climbing",1,[683,357.5],[[],[]]],[[754.827,236.679,43.635,-0.992,0,0.127,0,1,0,-0.127,0,-0.992],[],0.916,12,[0,11.2,0],[0,0,0],[753.562,253.795,39.438,-0.993,-0.114,0.029,0,0.249,0.968,-0.118,0.962,-0.248],16.125,"Climbing",1,[683,357.5],[[],[]]],[[754.827,236.866,43.635,-0.993,0,0.118,0,1,0,-0.118,0,-0.993],[],0.916,12,[0,11.2,0],[0,0,0],[753.461,253.987,39.487,-0.996,-0.091,0.023,0,0.248,0.969,-0.094,0.964,-0.247],16.125,"Climbing",1,[683,357.5],[[],[]]],[[754.827,237.053,43.635,-0.996,0,0.094,0,1,0,-0.094,0,-0.996],[],0.916,12,[0,11.2,0],[0,0,0],[753.422,254.174,39.5,-0.996,-0.082,0.021,0,0.248,0.969,-0.085,0.965,-0.247],16.125,"Climbing",1,[683,357.5],[[],[]]],[[754.827,237.286,43.635,-0.996,0,0.085,0,1,0,-0.085,0,-0.996],[],0.916,12,[0,11.2,0],[0,0,0],[753.388,254.412,39.53,-0.997,-0.074,0.019,0,0.247,0.969,-0.077,0.966,-0.246],16.125,"Climbing",1,[683,357.5],[[],[]]],[[754.827,237.426,43.635,-0.997,0,0.077,0,1,0,-0.077,0,-0.997],[],0.916,12,[0,11.2,0],[0,0,0],[753.356,254.552,39.542,-0.998,-0.067,0.017,0,0.247,0.969,-0.069,0.967,-0.246],16.125,"Climbing",1,[683,357.5],[[],[]]],[[754.827,237.706,43.635,-0.998,0,0.069,0,1,0,-0.069,0,-0.998],[],0.916,12,[0,11.2,0],[0,0,0],[753.288,254.822,39.53,-0.999,-0.05,0.013,0,0.249,0.968,-0.052,0.967,-0.249],16.125,"Climbing",1,[683,357.5],[[],[]]],[[754.827,237.939,43.635,-0.999,0,0.052,0,1,0,-0.052,0,-0.999],[],0.916,12,[0,11.2,0],[0,0,0],[753.288,255.055,39.53,-0.999,-0.05,0.013,0,0.249,0.968,-0.052,0.967,-0.249],16.125,"Climbing",1,[683,357.5],[[],[]]],[[754.827,238.033,43.635,-0.999,0,0.052,0,1,0,-0.052,0,-0.999],[],0.916,12,[0,11.2,0],[0,0,0],[753.288,255.149,39.53,-0.999,-0.05,0.013,0,0.249,0.968,-0.052,0.967,-0.249],16.125,"Climbing",1,[683,357.5],[[],[]]],[[754.827,238.173,43.635,-0.999,0,0.052,0,1,0,-0.052,0,-0.999],[],0.916,12,[0,11.2,0],[0,0,0],[753.288,255.289,39.53,-0.999,-0.05,0.013,0,0.249,0.968,-0.052,0.967,-0.249],16.125,"Climbing",1,[683,357.5],[[],[]]],[[754.827,238.313,43.635,-0.999,0,0.052,0,1,0,-0.052,0,-0.999],[],0.916,12,[0,11.2,0],[0,0,0],[753.288,255.429,39.53,-0.999,-0.05,0.013,0,0.249,0.968,-0.052,0.967,-0.249],16.125,"Climbing",1,[683,357.5],[[],[]]],[[754.827,238.546,43.635,-0.999,0,0.052,0,1,0,-0.052,0,-0.999],[],0.916,12,[0,11.2,0],[0,0,0],[753.288,255.662,39.53,-0.999,-0.05,0.013,0,0.249,0.968,-0.052,0.967,-0.249],16.125,"Climbing",1,[683,357.5],[[],[]]],[[754.827,238.733,43.635,-0.999,0,0.052,0,1,0,-0.052,0,-0.999],[],0.916,12,[0,11.2,0],[0,0,0],[753.288,255.848,39.53,-0.999,-0.05,0.013,0,0.249,0.968,-0.052,0.967,-0.249],16.125,"Climbing",1,[683,357.5],[[],[]]],[[754.827,238.873,43.635,-0.999,0,0.052,0,1,0,-0.052,0,-0.999],[],0.916,12,[0,11.2,0],[0,0,0],[753.288,255.988,39.53,-0.999,-0.05,0.013,0,0.249,0.968,-0.052,0.967,-0.249],16.125,"Climbing",1,[683,357.5],[[],[]]],[[754.827,239.059,43.635,-0.999,0,0.052,0,1,0,-0.052,0,-0.999],[],0.916,12,[0,11.2,0],[0,0,0],[753.288,256.175,39.53,-0.999,-0.05,0.013,0,0.249,0.968,-0.052,0.967,-0.249],16.125,"Climbing",1,[683,357.5],[[],[]]],[[754.827,239.292,43.635,-0.999,0,0.052,0,1,0,-0.052,0,-0.999],[],0.916,12,[0,11.2,0],[0,0,0],[753.288,256.408,39.53,-0.999,-0.05,0.013,0,0.249,0.968,-0.052,0.967,-0.249],16.125,"Climbing",1,[683,357.5],[[],[]]],[[754.827,239.479,43.635,-0.999,0,0.052,0,1,0,-0.052,0,-0.999],[],0.916,12,[0,11.2,0],[0,0,0],[753.288,256.595,39.53,-0.999,-0.05,0.013,0,0.249,0.968,-0.052,0.967,-0.249],16.125,"Climbing",1,[683,357.5],[[],[]]],[[754.827,239.666,43.635,-0.999,0,0.052,0,1,0,-0.052,0,-0.999],[],0.916,12,[0,11.2,0],[0,0,0],[753.288,256.782,39.53,-0.999,-0.05,0.013,0,0.249,0.968,-0.052,0.967,-0.249],16.125,"Climbing",1,[683,357.5],[[],[]]],[[754.827,239.806,43.635,-0.999,0,0.052,0,1,0,-0.052,0,-0.999],[],0.916,12,[0,11.2,0],[0,0,0],[753.288,256.922,39.53,-0.999,-0.05,0.013,0,0.249,0.968,-0.052,0.967,-0.249],16.125,"Climbing",1,[683,357.5],[[],[]]],[[754.827,239.992,43.635,-0.999,0,0.052,0,1,0,-0.052,0,-0.999],[],0.916,12,[0,11.2,0],[0,0,0],[753.288,257.108,39.53,-0.999,-0.05,0.013,0,0.249,0.968,-0.052,0.967,-0.249],16.125,"Climbing",1,[683,357.5],[[],[]]],[[754.827,240.226,43.635,-0.999,0,0.052,0,1,0,-0.052,0,-0.999],[],0.916,12,[0,11.2,0],[0,0,0],[753.262,257.342,39.54,-0.999,-0.044,0.011,0,0.249,0.968,-0.046,0.967,-0.249],16.125,"Climbing",1,[683,357.5],[[],[]]],[[754.827,240.412,43.635,-0.999,0,0.046,0,1,0,-0.046,0,-0.999],[],0.916,12,[0,11.2,0],[0,0,0],[753.204,257.528,39.562,-1,-0.03,0.008,0,0.249,0.968,-0.031,0.968,-0.249],16.125,"Climbing",1,[683,357.5],[[],[]]],[[754.827,240.739,43.635,-1,0,0.031,0,1,0,-0.031,0,-1],[],0.916,12,[0,11.2,0],[0,0,0],[753.191,257.855,39.568,-1,-0.027,0.007,0,0.249,0.968,-0.028,0.968,-0.249],16.125,"Climbing",1,[683,357.5],[[],[]]],[[754.827,241.112,43.635,-1,0,0.028,0,1,0,-0.028,0,-1],[["climb",0]],0.916,12,[0,11.2,0],[0,0,0],[753.178,258.233,39.592,-1,-0.024,0.006,0,0.248,0.969,-0.025,0.968,-0.248],16.125,"Climbing",1,[683,357.5],[[],[]]],[[754.827,241.252,43.635,-1,0,0.025,0,1,0,-0.025,0,-1],[],0.916,12,[0,11.2,0],[0,0,0],[753.165,258.378,39.616,-1,-0.021,0.005,0,0.247,0.969,-0.022,0.969,-0.247],16.125,"Climbing",1,[683,357.5],[[],[]]],[[754.827,241.392,43.635,-1,0,0.022,0,1,0,-0.022,0,-1],[],0.916,12,[0,11.2,0],[0,0,0],[753.152,258.518,39.621,-1,-0.018,0.005,0,0.247,0.969,-0.019,0.969,-0.247],16.125,"Climbing",1,[683,357.5],[[],[]]],[[754.827,241.532,43.635,-1,0,0.019,0,1,0,-0.019,0,-1],[],0.916,12,[0,11.2,0],[0,0,0],[753.133,258.663,39.648,-1,-0.014,0.003,0,0.246,0.969,-0.014,0.969,-0.246],16.125,"Climbing",1,[683,357.5],[[],[]]],[[754.827,241.719,43.635,-1,0,0.014,0,1,0,-0.014,0,-1],[],0.916,12,[0,11.2,0],[0,0,0],[753.096,258.854,39.683,-1,-0.005,0.001,0,0.245,0.97,-0.005,0.97,-0.245],16.125,"Climbing",1,[683,357.5],[[],[]]],[[754.827,241.906,43.635,-1,0,0.005,0,1,0,-0.005,0,-1],[],0.916,12,[0,11.2,0],[0,0,0],[753.04,259.041,39.708,-1,0.009,-0.002,0,0.245,0.97,0.009,0.97,-0.245],16.125,"Climbing",1,[683,357.5],[[],[]]],[[754.827,242.092,43.635,-1,0,-0.009,0,1,0,0.009,0,-1],[],0.916,12,[0,11.2,0],[0,0,0],[752.961,259.237,39.783,-1,0.029,-0.007,0,0.242,0.97,0.03,0.97,-0.242],16.125,"Climbing",1,[683,357.5],[[],[]]],[[754.827,242.232,43.635,-1,0,-0.03,0,1,0,0.03,0,-1],[],0.916,12,[0,11.2,0],[0,0,0],[752.86,259.382,39.853,-0.998,0.055,-0.014,0,0.241,0.971,0.057,0.969,-0.241],16.125,"Climbing",1,[683,357.5],[[],[]]],[[754.827,242.465,43.635,-0.998,0,-0.057,0,1,0,0.057,0,-0.998],[],0.916,12,[0,11.2,0],[0,0,0],[752.722,259.624,39.968,-0.996,0.091,-0.022,0,0.239,0.971,0.094,0.967,-0.238],16.125,"Climbing",1,[683,357.5],[[],[]]],[[754.827,242.652,43.635,-0.996,0,-0.094,0,1,0,0.094,0,-0.996],[],0.916,12,[0,11.2,0],[0,0,0],[752.538,259.834,40.182,-0.989,0.145,-0.035,0,0.233,0.973,0.149,0.962,-0.23],16.125,"Climbing",1,[683,357.5],[[],[]]],[[754.827,242.792,43.635,-0.989,0,-0.149,0,1,0,0.149,0,-0.989],[],0.916,12,[0,11.2,0],[0,0,0],[752.305,260.001,40.48,-0.975,0.219,-0.051,0,0.226,0.974,0.224,0.949,-0.22],16.125,"Climbing",1,[683,357.5],[[],[]]],[[754.833,242.974,43.672,-0.975,0,-0.224,0,1,0,0.224,0,-0.975],[["climb",0.1],["idle",0.1],["idle",0.1]],1,8,[0.443,7.112,2.946],[0,0,0],[751.952,260.242,41.193,-0.928,0.364,-0.078,0,0.209,0.978,0.373,0.907,-0.194],16.125,"Standing",1,[683,357.5],[["D"],[]]],[[754.584,243.627,44.098,-0.92,0,-0.391,0,1,0,0.391,0,-0.92],[["walk",0.1]],0.205,8,[-8.479,12.203,13.553],[0,0.617,0],[751.45,260.965,42.541,-0.833,0.543,-0.104,0,0.188,0.982,0.553,0.818,-0.157],16.125,"Running",1,[683,357.5],[[],[]]],[[754.473,243.772,44.341,-0.827,0,-0.563,0,1,0,0.563,0,-0.827],[["walk",0.1],["walk",0.1]],1.103,8,[-6.328,6.91,14.691],[0,0.724,0],[751.334,261.142,43.17,-0.787,0.607,-0.109,0,0.177,0.984,0.617,0.775,-0.14],16.125,"Running",1,[683,357.5],[[],[]]],[[754.413,243.853,44.599,-0.785,0,-0.62,0,1,0,0.62,0,-0.785],[],1.103,8,[-3.233,3.766,15.663],[0,0.084,0],[751.251,261.233,43.647,-0.752,0.649,-0.114,0,0.174,0.985,0.659,0.741,-0.131],16.125,"Running",1,[683,35