{"Replay":[[[776.028,222.662,47.142,0,0,1,0,1,0,-1,0,0],[],1,8,[0,0,0],[0,0,0],[776.079,236.472,44.972,-1,-0.023,0.004,0,0.174,0.985,-0.023,0.985,-0.174],12.5,"Standing",0,[693,371],[[],[]]],[[776.028,222.662,47.142,0,0,1,0,1,0,-1,0,0],[],1,8,[0,0,0],[0,0,0],[776.079,236.472,44.972,-1,-0.023,0.004,0,0.174,0.985,-0.023,0.985,-0.174],12.5,"Standing",0,[693,371],[[],[]]],[[776.028,222.662,47.142,0,0,1,0,1,0,-1,0,0],[],1,8,[0,0,0],[0,0,0],[776.079,236.472,44.972,-1,-0.023,0.004,0,0.174,0.985,-0.023,0.985,-0.174],12.5,"Standing",0,[693,371],[[],[]]],[[776.028,222.662,47.142,0,0,1,0,1,0,-1,0,0],[],1,8,[0,0,0],[0,0,0],[776.079,236.472,44.972,-1,-0.023,0.004,0,0.174,0.985,-0.023,0.985,-0.174],12.5,"Standing",0,[693,371],[[],[]]],[[776.028,222.662,47.142,0,0,1,0,1,0,-1,0,0],[],1,8,[0,0,0],[0,0,0],[776.079,236.472,44.972,-1,-0.023,0.004,0,0.174,0.985,-0.023,0.985,-0.174],12.5,"Standing",0,[693,371],[[],[]]],[[776.028,222.662,47.142,0,0,1,0,1,0,-1,0,0],[],1,8,[0,0,0],[0,0,0],[776.079,236.472,44.972,-1,-0.023,0.004,0,0.174,0.985,-0.023,0.985,-0.174],12.5,"Standing",0,[693,371],[[],[]]],[[776.028,222.662,47.142,0,0,1,0,1,0,-1,0,0],[],1,8,[0,0,0],[0,0,0],[776.079,236.472,44.972,-1,-0.023,0.004,0,0.174,0.985,-0.023,0.985,-0.174],12.5,"Standing",0,[693,371],[[],["E"]]],[[776.028,222.662,47.142,0,0,1,0,1,0,-1,0,0],[],1,8,[0,0,0],[0,0,0],[776.079,236.472,44.972,-1,-0.023,0.004,0,0.174,0.985,-0.023,0.985,-0.174],12.5,"Standing",0,[693,371],[[],[]]],[[776.028,222.662,47.142,0,0,1,0,1,0,-1,0,0],[],1,8,[0,0,0],[0,0,0],[776.079,236.472,44.972,-1,-0.023,0.004,0,0.174,0.985,-0.023,0.985,-0.174],12.5,"Standing",0,[693,371],[[],[]]],[[776.028,222.662,47.142,0,0,1,0,1,0,-1,0,0],[],1,8,[0,0,0],[0,0,0],[776.079,236.472,44.972,-1,-0.023,0.004,0,0.174,0.985,-0.023,0.985,-0.174],12.5,"Standing",0,[693,371],[[],[]]],[[776.028,222.662,47.142,0,0,1,0,1,0,-1,0,0],[],1,8,[0,0,0],[0,0,0],[776.079,236.472,44.972,-1,-0.023,0.004,0,0.174,0.985,-0.023,0.985,-0.174],12.5,"Standing",0,[693,371],[[],[]]],[[776.028,222.662,47.142,0,0,1,0,1,0,-1,0,0],[],1,8,[0,0,0],[0,0,0],[776.079,236.472,44.972,-1,-0.023,0.004,0,0.174,0.985,-0.023,0.985,-0.174],12.5,"Standing",0,[693,371],[["D"],[]]],[[775.839,222.662,47.138,0.003,0,1,0,1,0,-1,0,0.003],[],1,8,[-14.542,0,-0.342],[0,-0.183,0],[775.89,236.472,44.968,-1,-0.023,0.004,0,0.174,0.985,-0.023,0.985,-0.174],12.5,"Standing",0,[693,371],[[],[]]],[[775.575,222.662,47.132,0.006,0,1,0,1,0,-1,0,0.006],[["walk",0.1]],1.003,8,[-15.967,0,-0.375],[0,-0.166,0],[775.626,236.472,44.962,-1,-0.023,0.004,0,0.174,0.985,-0.023,0.985,-0.174],12.5,"Running",0,[693,371],[[],[]]],[[775.308,222.662,47.125,0.008,0,1,0,1,0,-1,0,0.008],[["walk",0.1]],1.101,8,[-15.995,0,-0.376],[0,-0.144,0],[775.359,236.472,44.955,-1,-0.023,0.004,0,0.174,0.985,-0.023,0.985,-0.174],12.5,"Running",0,[693,371],[[],[]]],[[775.175,222.662,47.122,0.009,0,1,0,1,0,-1,0,0.009],[],1.101,8,[-15.996,0,-0.376],[0,-0.127,0],[775.226,236.472,44.952,-1,-0.023,0.004,0,0.174,0.985,-0.023,0.985,-0.174],12.5,"Running",0,[693,371],[[],[]]],[[774.775,222.662,47.113,0.012,0,1,0,1,0,-1,0,0.012],[["walk",0.1]],1.101,8,[-15.996,0,-0.376],[0,-0.115,0],[774.826,236.472,44.943,-1,-0.023,0.004,0,0.174,0.985,-0.023,0.985,-0.174],12.5,"Running",0,[693,371],[[],[]]],[[774.642,222.662,47.11,0.013,0,1,0,1,0,-1,0,0.013],[],1.101,8,[-15.996,0,-0.376],[0,-0.096,0],[774.693,236.472,44.94,-1,-0.023,0.004,0,0.174,0.985,-0.023,0.985,-0.174],12.5,"Running",0,[693,371],[[],[]]],[[774.242,222.662,47.1,0.015,0,1,0,1,0,-1,0,0.015],[],1.101,8,[-15.996,0,-0.376],[0,-0.086,0],[774.293,236.472,44.93,-1,-0.023,0.004,0,0.174,0.985,-0.023,0.985,-0.174],12.5,"Running",0,[693,371],[[],[]]],[[774.108,222.662,47.097,0.016,0,1,0,1,0,-1,0,0.016],[],1.101,8,[-15.996,0,-0.376],[0,-0.071,0],[774.159,236.472,44.927,-1,-0.023,0.004,0,0.174,0.985,-0.023,0.985,-0.174],12.5,"Running",0,[693,371],[[],[]]],[[773.708,222.662,47.088,0.017,0,1,0,1,0,-1,0,0.017],[],1.101,8,[-15.996,0,-0.376],[0,-0.064,0],[773.759,236.472,44.918,-1,-0.023,0.004,0,0.174,0.985,-0.023,0.985,-0.174],12.5,"Running",0,[693,371],[[],[]]],[[773.575,222.662,47.085,0.018,0,1,0,1,0,-1,0,0.018],[],1.101,8,[-15.996,0,-0.376],[0,-0.053,0],[773.623,236.472,44.915,-1,-0.022,0.004,0,0.174,0.985,-0.022,0.985,-0.174],12.5,"Running",0,[693,371],[[],[]]],[[773.175,222.662,47.075,0.019,0,1,0,1,0,-1,0,0.019],[["walk",0.1]],1.101,8,[-15.996,0,-0.376],[0,-0.047,0],[773.219,236.472,44.905,-1,-0.02,0.004,0,0.174,0.985,-0.02,0.985,-0.174],12.5,"Running",0,[693,371],[[],[]]],[[772.909,222.662,47.069,0.019,0,1,0,1,0,-1,0,0.019],[],1.101,8,[-15.996,0,-0.351],[0,-0.026,0],[772.943,236.472,44.899,-1,-0.015,0.003,0,0.174,0.985,-0.016,0.985,-0.174],12.5,"Running",0,[693,371],[[],[]]],[[772.642,222.662,47.064,0.019,0,1,0,1,0,-1,0,0.019],[],1.101,8,[-15.997,0,-0.326],[0,-0.009,0],[772.662,236.472,44.894,-1,-0.009,0.002,0,0.174,0.985,-0.009,0.985,-0.174],12.5,"Running",0,[693,371],[[],[]]],[[772.375,222.662,47.06,0.019,0,1,0,1,0,-1,0,0.019],[],1.101,8,[-15.998,0,-0.251],[0,0.029,0],[772.379,236.472,44.889,-1,-0.001,0,0,0.174,0.985,-0.001,0.985,-0.174],12.5,"Running",0,[693,371],[[],[]]],[[772.109,222.662,47.057,0.018,0,1,0,1,0,-1,0,0.018],[],1.101,8,[-15.999,0,-0.151],[0,0.076,0],[772.088,236.472,44.887,-1,0.009,-0.002,0,0.174,0.985,0.01,0.985,-0.174],12.5,"Running",0,[693,371],[[],[]]],[[771.842,222.662,47.057,0.016,0,1,0,1,0,-1,0,0.016],[],1.101,8,[-16,0,-0.026],[0,0.128,0],[770.058,236.472,44.914,-1,0.016,-0.003,0,0.174,0.985,0.016,0.985,-0.174],12.5,"Running",1,[693,371],[["LeftShift"],[]]],[[771.576,222.662,47.059,-0.996,0,-0.09,0,1,0,0.09,0,-0.996],[],1.101,8,[-15.999,0,0.149],[0,5.68,0],[769.792,236.472,44.916,-1,0.016,-0.003,0,0.174,0.985,0.016,0.985,-0.174],12.5,"Running",1,[683,357.5],[[],[]]],[[771.309,222.662,47.063,-0.999,0,-0.045,0,1,0,0.045,0,-0.999],[["walk",0.1]],1.101,8,[-15.998,0,0.25],[0,0.657,0],[769.525,236.472,44.92,-1,0.016,-0.003,0,0.174,0.985,0.016,0.985,-0.174],12.5,"Running",1,[683,357.5],[[],[]]],[[771.042,222.662,47.067,-1,0,-0.019,0,1,0,0.019,0,-1],[],1.101,8,[-15.998,0,0.252],[0,0.076,0],[769.258,236.472,44.924,-1,0.016,-0.003,0,0.174,0.985,0.016,0.985,-0.174],12.5,"Running",1,[683,357.5],[[],[]]],[[770.842,222.662,47.07,-1,0,-0.016,0,1,0,0.016,0,-1],[],1.101,8,[-15.998,0,0.252],[0,0.015,0],[769.058,236.472,44.927,-1,0.016,-0.003,0,0.174,0.985,0.016,0.985,-0.174],12.5,"Running",1,[683,357.5],[[],[]]],[[770.509,222.662,47.075,-1,0,-0.016,0,1,0,0.016,0,-1],[],1.101,8,[-15.998,-0.001,0.252],[0,0.001,0],[768.725,236.472,44.933,-1,0.016,-0.003,0,0.174,0.985,0.016,0.985,-0.174],12.5,"Running",1,[683,357.5],[["Space"],[]]],[[770.242,223.538,47.079,-1,0,-0.016,0,1,0,0.016,0,-1],[["walk",0.1],["jump",0.1]],1,3,[-15.998,51.518,0.252],[0,0.001,0],[768.469,237.348,44.928,-1,0.011,-0.002,0,0.174,0.985,0.011,0.985,-0.174],12.5,"Jumping",1,[683,357.5],[[],[]]],[[769.976,224.363,47.084,-0.997,0,0.081,0,1,0,-0.081,0,-0.997],[["jump",0.1]],1,5,[-15.998,48.248,0.252],[0,-7.071,0],[768.216,238.173,44.921,-1,0.005,-0.001,0,0.174,0.985,0.005,0.985,-0.174],12.5,"FreeFall",1,[683,357.5],[[],[]]],[[769.709,225.133,47.087,-0.992,0,0.123,0,1,0,-0.123,0,-0.992],[],1,5,[-15.999,44.978,0.178],[0,-7.889,0],[767.966,238.943,44.911,-1,-0.003,0.001,0,0.174,0.985,-0.003,0.985,-0.174],12.5,"FreeFall",1,[683,357.5],[[],[]]],[[769.509,225.674,47.088,-0.995,0,0.102,0,1,0,-0.102,0,-0.995],[],1,5,[-16,42.526,0.082],[0,-7.975,0],[767.776,239.485,44.904,-1,-0.008,0.001,0,0.174,0.985,-0.008,0.985,-0.174],12.5,"FreeFall",1,[683,357.5],[[],[]]],[[769.176,226.509,47.087,-0.985,0,0.173,0,1,0,-0.173,0,-0.985],[],1,5,[-16,38.438,-0.048],[0,-7.994,0],[767.446,240.319,44.9,-1,-0.009,0.002,0,0.174,0.985,-0.009,0.985,-0.174],12.5,"FreeFall",1,[683,357.5],[[],[]]],[[768.909,227.116,47.085,-0.99,0,0.142,0,1,0,-0.142,0,-0.99],[],1,5,[-16,35.168,-0.123],[0,-7.996,0],[767.18,240.926,44.898,-1,-0.009,0.002,0,0.174,0.985,-0.009,0.985,-0.174],12.5,"FreeFall",1,[683,357.5],[[],["LeftShift"]]],[[768.643,227.668,47.083,-0.99,0,0.142,0,1,0,-0.142,0,-0.99],[],1,5,[-15.999,31.898,-0.149],[0,-7.996,0],[766.913,241.478,44.896,-1,-0.009,0.002,0,0.174,0.985,-0.009,0.985,-0.174],12.5,"FreeFall",1,[683,357.5],[[],[]]],[[768.376,228.166,47.08,-0.99,0,0.142,0,1,0,-0.142,0,-0.99],[],1,5,[-15.999,28.628,-0.15],[0,-7.996,0],[766.647,241.976,44.894,-1,-0.009,0.002,0,0.174,0.985,-0.009,0.985,-0.174],12.5,"FreeFall",1,[683,357.5],[[],[]]],[[768.11,228.609,47.078,-0.99,0,0.142,0,1,0,-0.142,0,-0.99],[],1,5,[-15.999,25.358,-0.15],[0,-7.996,0],[766.38,242.419,44.891,-1,-0.009,0.002,0,0.174,0.985,-0.009,0.985,-0.174],12.5,"FreeFall",1,[683,357.5],[[],[]]],[[767.843,228.997,47.075,-0.99,0,0.142,0,1,0,-0.142,0,-0.99],[],1,5,[-15.999,22.088,-0.15],[0,-7.996,0],[766.113,242.807,44.889,-1,-0.009,0.002,0,0.174,0.985,-0.009,0.985,-0.174],12.5,"FreeFall",1,[683,357.5],[[],[]]],[[767.576,229.331,47.073,-0.99,0,0.142,0,1,0,-0.142,0,-0.99],[],1,5,[-15.999,18.818,-0.15],[0,-7.996,0],[765.847,243.141,44.886,-1,-0.009,0.002,0,0.174,0.985,-0.009,0.985,-0.174],12.5,"FreeFall",1,[683,357.5],[[],[]]],[[767.31,229.611,47.07,-0.99,0,0.142,0,1,0,-0.142,0,-0.99],[],1,5,[-15.999,15.548,-0.15],[0,-7.996,0],[765.58,243.421,44.884,-1,-0.009,0.002,0,0.174,0.985,-0.009,0.985,-0.174],12.5,"FreeFall",1,[683,357.5],[[],[]]],[[767.043,229.836,47.068,-0.99,0,0.142,0,1,0,-0.142,0,-0.99],[],1,5,[-15.999,12.278,-0.15],[0,-7.996,0],[765.314,243.646,44.881,-1,-0.009,0.002,0,0.174,0.985,-0.009,0.985,-0.174],12.5,"FreeFall",1,[683,357.5],[[],[]]],[[766.777,230.006,47.065,-0.99,0,0.142,0,1,0,-0.142,0,-0.99],[],1,5,[-15.999,9.008,-0.15],[0,-7.996,0],[765.047,243.817,44.879,-1,-0.009,0.002,0,0.174,0.985,-0.009,0.985,-0.174],12.5,"FreeFall",1,[683,357.5],[[],["Space"]]],[[766.51,230.123,47.063,-0.99,0,0.142,0,1,0,-0.142,0,-0.99],[],1,5,[-15.999,5.738,-0.15],[0,-7.996,0],[764.78,243.933,44.876,-1,-0.009,0.002,0,0.174,0.985,-0.009,0.985,-0.174],12.5,"FreeFall",1,[683,357.5],[[],[]]],[[766.31,230.174,47.061,-0.994,0,0.109,0,1,0,-0.109,0,-0.994],[],1,5,[-15.999,3.286,-0.15],[0,-7.996,0],[764.581,243.984,44.874,-1,-0.009,0.002,0,0.174,0.985,-0.009,0.985,-0.174],12.5,"FreeFall",1,[683,357.5],[[],[]]],[[765.977,230.191,47.058,-0.985,0,0.175,0,1,0,-0.175,0,-0.985],[["fall",0.3]],1,5,[-15.999,-0.802,-0.15],[0,-7.996,0],[764.247,244.001,44.871,-1,-0.009,0.002,0,0.174,0.985,-0.009,0.985,-0.174],12.5,"FreeFall",1,[683,357.5],[[],[]]],[[765.71,230.144,47.055,-0.99,0,0.142,0,1,0,-0.142,0,-0.99],[],1,5,[-15.999,-4.072,-0.15],[0,-7.996,0],[763.981,243.954,44.869,-1,-0.009,0.002,0,0.174,0.985,-0.009,0.985,-0.174],12.5,"FreeFall",1,[683,357.5],[[],[]]],[[765.444,230.042,47.053,-0.99,0,0.142,0,1,0,-0.142,0,-0.99],[],1,5,[-15.999,-7.342,-0.15],[0,-7.996,0],[763.707,243.852,44.871,-1,-0.006,0.001,0,0.174,0.985,-0.006,0.985,-0.174],12.5,"FreeFall",1,[683,357.5],[[],[]]],[[765.177,229.885,47.05,-0.99,0,0.139,0,1,0,-0.139,0,-0.99],[],1,5,[-15.999,-10.612,-0.15],[0,-7.996,0],[763.437,243.696,44.872,-1,-0.005,0.001,0,0.174,0.985,-0.005,0.985,-0.174],12.5,"FreeFall",1,[683,357.5],[[],[]]],[[764.91,229.675,47.049,-0.991,0,0.137,0,1,0,-0.137,0,-0.991],[],1,5,[-16,-13.882,-0.1],[0,-7.996,0],[763.167,243.485,44.873,-1,-0.003,0.001,0,0.174,0.985,-0.003,0.985,-0.174],12.5,"FreeFall",1,[683,357.5],[[],[]]],[[764.644,229.409,47.047,-0.991,0,0.136,0,1,0,-0.136,0,-0.991],[],1,5,[-16,-17.152,-0.075],[0,-7.996,0],[762.897,243.219,44.874,-1,-0.001,0,0,0.174,0.985,-0.001,0.985,-0.174],12.5,"FreeFall",1,[683,357.5],[[],[]]],[[764.377,229.089,47.046,-0.991,0,0.134,0,1,0,-0.134,0,-0.991],[],1,5,[-16,-20.422,-0.05],[0,-7.996,0],[762.624,242.899,44.879,-1,0.002,0,0,0.174,0.985,0.002,0.985,-0.174],12.5,"FreeFall",1,[683,357.5],[[],[]]],[[764.111,228.715,47.046,-0.991,0,0.131,0,1,0,-0.131,0,-0.991],[["fall",0.3]],1,5,[-16,-23.692,-0.024],[0,-7.996,0],[762.35,242.525,44.884,-1,0.005,-0.001,0,0.174,0.985,0.005,0.985,-0.174],12.5,"FreeFall",1,[683,357.5],[[],[]]],[[763.844,228.286,47.046,-0.992,0,0.128,0,1,0,-0.128,0,-0.992],[],1,5,[-16,-26.962,0.026],[0,-7.996,0],[762.077,242.096,44.89,-1,0.008,-0.001,0,0.174,0.985,0.008,0.985,-0.174],12.5,"FreeFall",1,[683,357.5],[[],[]]],[[763.577,227.802,47.047,-0.992,0,0.125,0,1,0,-0.125,0,-0.992],[],1,5,[-16,-30.232,0.076],[0,-7.996,0],[761.8,241.613,44.899,-1,0.012,-0.002,0,0.174,0.985,0.013,0.985,-0.174],12.5,"FreeFall",1,[683,357.5],[[],[]]],[[763.311,227.264,47.049,-0.993,0,0.12,0,1,0,-0.12,0,-0.993],[],1,5,[-16,-33.502,0.126],[0,-7.996,0],[761.527,241.075,44.907,-1,0.016,-0.003,0,0.174,0.985,0.016,0.985,-0.174],12.5,"FreeFall",1,[683,357.5],[[],[]]],[[763.044,226.672,47.053,-0.993,0,0.117,0,1,0,-0.117,0,-0.993],[],1,5,[-15.999,-36.772,0.201],[0,-7.996,0],[761.25,240.482,44.918,-1,0.02,-0.004,0,0.174,0.985,0.021,0.985,-0.174],12.5,"FreeFall",1,[683,357.5],[[],[]]],[[762.778,226.025,47.057,-0.994,0,0.112,0,1,0,-0.112,0,-0.994],[],1,5,[-15.998,-40.042,0.252],[0,-7.996,0],[760.98,239.835,44.925,-1,0.022,-0.004,0,0.174,0.985,0.022,0.985,-0.174],12.5,"FreeFall",1,[683,357.5],[[],[]]],[[762.511,225.324,47.062,-0.994,0,0.111,0,1,0,-0.111,0,-0.994],[["fall",0.3]],1,5,[-15.997,-43.312,0.327],[0,-7.996,0],[760.71,239.134,44.934,-1,0.023,-0.004,0,0.174,0.985,0.024,0.985,-0.174],12.5,"FreeFall",1,[683,357.5],[[],[]]],[[762.311,224.762,47.066,-0.997,0,0.076,0,1,0,-0.076,0,-0.997],[],1,5,[-15.996,-45.764,0.353],[0,-7.996,0],[760.51,238.572,44.938,-1,0.023,-0.004,0,0.174,0.985,0.024,0.985,-0.174],12.5,"FreeFall",1,[683,357.5],[[],[]]],[[762.044,223.965,47.073,-0.994,0,0.109,0,1,0,-0.109,0,-0.994],[],1,5,[-15.996,-49.034,0.379],[0,-7.996,0],[760.244,237.775,44.944,-1,0.023,-0.004,0,0.174,0.985,0.024,0.985,-0.174],12.5,"FreeFall",1,[683,357.5],[[],[]]],[[761.711,222.892,47.081,-0.99,0,0.142,0,1,0,-0.142,0,-0.99],[],1,5,[-15.996,-53.122,0.379],[0,-7.996,0],[759.904,236.703,44.958,-1,0.026,-0.005,0,0.174,0.985,0.027,0.984,-0.174],12.5,"FreeFall",1,[683,357.5],[[],[]]],[[761.445,222.412,47.087,-1,0,0.007,0,1,0,-0.007,0,-1],[["walk",0.1],["fall",0.3],["fall",0.3]],1,7,[-15.996,-6.167,0.379],[0,-0.324,0],[759.637,236.222,44.964,-1,0.026,-0.005,0,0.174,0.985,0.027,0.984,-0.174],12.5,"FreeFall",1,[683,357.5],[[],[]]],[[761.245,222.454,47.092,-1,0,-0.025,0,1,0,0.025,0,-1],[],1,7,[-15.994,5.685,0.427],[0,-0.064,0],[759.434,236.264,44.972,-1,0.028,-0.005,0,0.174,0.985,0.028,0.984,-0.174],12.5,"FreeFall",1,[683,357.5],[[],[]]],[[760.845,222.595,47.103,-1,0,-0.028,0,1,0,0.028,0,-1],[["walk",0.1],["fall",0.3],["walk",0.1]],1.103,8,[-15.994,4.752,0.43],[0,-0.001,0],[759.034,236.405,44.983,-1,0.028,-0.005,0,0.174,0.985,0.028,0.984,-0.174],12.5,"Running",1,[683,357.5],[[],[]]],[[760.578,222.648,47.11,-1,0,-0.028,0,1,0,0.028,0,-1],[["walk",0.1]],1.103,8,[-15.994,2.382,0.454],[0,0,0],[758.767,236.458,44.99,-1,0.028,-0.005,0,0.174,0.985,0.028,0.984,-0.174],12.5,"Running",1,[683,357.5],[[],[]]],[[760.312,222.672,47.118,-1,0,-0.028,0,1,0,0.028,0,-1],[],1.103,8,[-15.994,0.977,0.455],[0,0,0],[758.501,236.482,44.998,-1,0.028,-0.005,0,0.174,0.985,0.028,0.984,-0.174],12.5,"Running",1,[683,357.5],[[],[]]],[[760.045,222.68,47.126,-1,0,-0.028,0,1,0,0.028,0,-1],[],1.103,8,[-15.994,0.22,0.455],[0,0,0],[758.234,236.49,45.006,-1,0.028,-0.005,0,0.174,0.985,0.028,0.984,-0.174],12.5,"Running",1,[683,357.5],[[],[]]],[[759.778,222.68,47.133,-1,0,-0.028,0,1,0,0.028,0,-1],[],1.103,8,[-15.994,-0.077,0.455],[0,0,0],[757.977,236.49,45.005,-1,0.023,-0.004,0,0.174,0.985,0.024,0.985,-0.174],12.5,"Running",1,[683,357.5],[[],[]]],[[759.512,222.678,47.141,-1,0,-0.024,0,1,0,0.024,0,-1],[],1.103,8,[-15.994,-0.116,0.455],[0,0,0],[757.738,236.488,44.99,-1,0.011,-0.002,0,0.174,0.985,0.011,0.985,-0.174],12.5,"Running",1,[683,357.5],[[],[]]],[[759.245,222.676,47.147,-1,0,-0.011,0,1,0,0.011,0,-1],[],1.103,8,[-15.995,-0.069,0.381],[0,0,0],[757.512,236.487,44.963,-1,-0.008,0.001,0,0.174,0.985,-0.008,0.985,-0.174],12.5,"Running",1,[683,357.5],[[],[]]],[[758.979,222.676,47.151,-1,0,0.008,0,1,0,-0.008,0,-1],[],1.103,8,[-15.999,-0.022,0.182],[0,0,0],[757.294,236.486,44.929,-1,-0.029,0.005,0,0.174,0.985,-0.03,0.984,-0.174],12.5,"Running",1,[683,357.5],[[],[]]],[[758.712,222.676,47.149,-1,0,0.03,0,1,0,-0.03,0,-1],[["walk",0.1]],1.103,8,[-16,0,-0.117],[0,0,0],[757.066,236.486,44.899,-0.999,-0.046,0.008,0,0.174,0.985,-0.047,0.984,-0.173],12.5,"Running",1,[683,357.5],[[],[]]],[[758.445,222.676,47.142,-0.999,0,0.047,0,1,0,-0.047,0,-0.999],[],1.103,8,[-15.993,0.006,-0.468],[0,0,0],[756.821,236.486,44.877,-0.998,-0.056,0.01,0,0.174,0.985,-0.056,0.983,-0.173],12.5,"Running",1,[683,357.5],[[],[]]],[[758.179,222.676,47.131,-0.998,0,0.056,0,1,0,-0.056,0,-0.998],[],1.103,8,[-15.983,0.004,-0.746],[0,0,0],[756.554,236.486,44.865,-0.998,-0.056,0.01,0,0.174,0.985,-0.056,0.983,-0.173],12.5,"Running",1,[683,357.5],[[],[]]],[[757.913,222.676,47.116,-0.998,0,0.056,0,1,0,-0.056,0,-0.998],[],1.103,8,[-15.975,0.002,-0.899],[0,0,0],[756.288,236.486,44.85,-0.998,-0.056,0.01,0,0.174,0.985,-0.056,0.983,-0.173],12.5,"Running",1,[683,357.5],[[],[]]],[[757.646,222.676,47.101,-0.998,0,0.056,0,1,0,-0.056,0,-0.998],[],1.103,8,[-15.975,0.001,-0.902],[0,0,0],[756.025,236.486,44.832,-0.998,-0.057,0.01,0,0.174,0.985,-0.058,0.983,-0.173],12.5,"Running",1,[683,357.5],[[],[]]],[[757.38,222.676,47.086,-0.998,0,0.058,0,1,0,-0.058,0,-0.998],[],1.103,8,[-15.975,0,-0.902],[0,0,0],[755.762,236.486,44.815,-0.998,-0.059,0.01,0,0.174,0.985,-0.06,0.983,-0.173],12.5,"Running",1,[683,357.5],[[],[]]],[[757.047,222.676,47.067,-0.998,0,0.06,0,1,0,-0.06,0,-0.998],[["walk",0.1]],1.103,8,[-15.973,0,-0.927],[0,0,0],[755.419,236.486,44.803,-0.998,-0.054,0.01,0,0.174,0.985,-0.055,0.983,-0.173],12.5,"Running",1,[683,357.5],[[],[]]],[[756.848,222.676,47.055,-0.998,0,0.055,0,1,0,-0.055,0,-0.998],[],1.103,8,[-15.972,0,-0.951],[0,0,0],[755.191,236.486,44.812,-0.999,-0.042,0.007,0,0.174,0.985,-0.042,0.984,-0.173],12.5,"Running",1,[683,357.5],[[],[]]],[[756.515,222.676,47.036,-0.999,0,0.042,0,1,0,-0.042,0,-0.999],[],1.103,8,[-15.976,0,-0.878],[0,0,0],[754.834,236.486,44.812,-1,-0.031,0.005,0,0.174,0.985,-0.031,0.984,-0.174],12.5,"Running",1,[683,357.5],[[],[]]],[[756.249,222.676,47.025,-1,0,0.031,0,1,0,-0.031,0,-1],[],1.103,8,[-15.985,0,-0.681],[0,0,0],[754.543,236.486,44.819,-1,-0.02,0.004,0,0.174,0.985,-0.02,0.985,-0.174],12.5,"Running",1,[683,357.5],[[],[]]],[[755.982,222.676,47.016,-1,0,0.02,0,1,0,-0.02,0,-1],[],1.103,8,[-15.992,0,-0.504],[0,0,0],[754.249,236.486,44.832,-1,-0.008,0.001,0,0.174,0.985,-0.008,0.985,-0.174],12.5,"Running",1,[683,357.5],[[],[]]],[[755.715,222.676,47.01,-1,0,0.008,0,1,0,-0.008,0,-1],[],1.103,8,[-15.997,0,-0.328],[0,0,0],[753.951,236.486,44.851,-1,0.006,-0.001,0,0.174,0.985,0.006,0.985,-0.174],12.5,"Running",1,[683,357.5],[[],[]]],[[755.449,222.676,47.007,-1,0,-0.006,0,1,0,0.006,0,-1],[],1.103,8,[-15.999,0,-0.128],[0,0,0],[753.651,236.486,44.876,-1,0.022,-0.004,0,0.174,0.985,0.022,0.985,-0.174],12.5,"Running",1,[683,357.5],[[],[]]],[[755.182,222.676,47.008,-1,0,-0.022,0,1,0,0.022,0,-1],[["walk",0.1]],1.103,8,[-16,0,0.098],[0,0,0],[753.348,236.486,44.908,-0.999,0.039,-0.007,0,0.174,0.985,0.039,0.984,-0.174],12.5,"Running",1,[683,357.5],[[],[]]],[[754.916,222.676,47.014,-0.999,0,-0.039,0,1,0,0.039,0,-0.999],[],1.103,8,[-15.996,0,0.349],[0,0,0],[753.058,236.486,44.934,-0.999,0.05,-0.009,0,0.174,0.985,0.05,0.984,-0.173],12.5,"Running",1,[683,357.5],[[],[]]],[[754.649,222.676,47.024,-0.999,0,-0.05,0,1,0,0.05,0,-0.999],[],1.103,8,[-15.988,0,0.625],[0,0,0],[752.776,236.486,44.959,-0.998,0.057,-0.01,0,0.174,0.985,0.058,0.983,-0.173],12.5,"Running",1,[683,357.5],[[],[]]],[[754.383,222.676,47.037,-0.998,0,-0.058,0,1,0,0.058,0,-0.998],[],1.103,8,[-15.98,0,0.803],[0,0,0],[752.509,236.486,44.972,-0.998,0.057,-0.01,0,0.174,0.985,0.058,0.983,-0.173],12.5,"Running",1,[683,357.5],[[],[]]],[[754.117,222.676,47.052,-0.998,0,-0.058,0,1,0,0.058,0,-0.998],[],1.103,8,[-15.973,0,0.929],[0,0,0],[752.243,236.486,44.987,-0.998,0.057,-0.01,0,0.174,0.985,0.058,0.983,-0.173],12.5,"Running",1,[683,357.5],[[],[]]],[[753.784,222.676,47.071,-0.998,0,-0.058,0,1,0,0.058,0,-0.998],[],1.103,8,[-15.973,0,0.932],[0,0,0],[751.91,236.486,45.006,-0.998,0.057,-0.01,0,0.174,0.985,0.058,0.983,-0.173],12.5,"Running",1,[683,357.5],[[],[]]],[[753.584,222.676,47.083,-0.998,0,-0.058,0,1,0,0.058,0,-0.998],[["walk",0.1]],1.103,8,[-15.973,0,0.932],[0,0,0],[751.711,236.486,45.018,-0.998,0.057,-0.01,0,0.174,0.985,0.058,0.983,-0.173],12.5,"Running",1,[683,357.5],[[],[]]],[[753.318,222.676,47.098,-0.998,0,-0.058,0,1,0,0.058,0,-0.998],[],1.103,8,[-15.973,0,0.932],[0,0,0],[751.445,236.486,45.033,-0.998,0.057,-0.01,0,0.174,0.985,0.058,0.983,-0.173],12.5,"Running",1,[683,357.5],[[],[]]],[[753.052,222.676,47.114,-0.998,0,-0.058,0,1,0,0.058,0,-0.998],[],1.103,8,[-15.973,0,0.932],[0,0,0],[751.188,236.486,45.04,-0.999,0.053,-0.009,0,0.174,0.985,0.054,0.983,-0.173],12.5,"Running",1,[683,357.5],[[],[]]],[[752.786,222.676,47.129,-0.999,0,-0.054,0,1,0,0.054,0,-0.999],[],1.103,8,[-15.973,0,0.932],[0,0,0],[750.932,236.486,45.047,-0.999,0.048,-0.008,0,0.174,0.985,0.049,0.984,-0.173],12.5,"Running",1,[683,357.5],[[],[]]],[[752.52,222.676,47.144,-0.999,0,-0.049,0,1,0,0.049,0,-0.999],[],1.103,8,[-15.977,0,0.858],[0,0,0],[750.675,236.486,45.053,-0.999,0.043,-0.008,0,0.174,0.985,0.044,0.984,-0.173],12.5,"Running",1,[683,357.5],[[],[]]],[[752.253,222.676,47.157,-0.999,0,-0.044,0,1,0,0.044,0,-0.999],[],1.103,8,[-15.981,0,0.783],[0,0,0],[750.419,236.486,45.057,-0.999,0.039,-0.007,0,0.174,0.985,0.039,0.984,-0.174],12.5,"Running",1,[683,357.5],[[],[]]],[[752.115,222.835,47.164,-0.999,0,-0.039,0,1,0,0.039,0,-0.999],[["walk",0.1],["walk",0.1],["walk",0.1],["climb",0.1]],0,12,[-3.635,10.979,0.178],[0,0,0],[750.288,236.645,45.058,-0.999,0.036,-0.006,0,0.174,0.985,0.036,0.984,-0.174],12.5,"Climbing",1,[683,357.5],[["S"],[]]],[[751.941,222.862,47.048,-1,0.008,-0.015,0.008,0.999,0.031,0.015,0.031,-0.999],[["climb",0.1]],0.915,12,[-10.465,-0.057,-7.759],[3.302,-2.505,-0.896],[750.126,236.671,44.99,-0.999,0.036,-0.006,0,0.174,0.985,0.036,0.984,-0.174],12.5,"Climbing",1,[683,357.5],[[],[]]],[[751.845,222.867,47.139,-1,0.007,0.01,0.007,1,0.02,-0.01,0.02,-1],[["climb",0.1]],0,12,[-7.963,0.466,1.648],[-1.06,-0.611,0.107],[750.027,236.677,45.063,-0.999,0.036,-0.006,0,0.174,0.985,0.036,0.984,-0.174],12.5,"Climbing",1,[683,357.5],[[],[]]],[[751.695,222.868,47.247,-1,0.01,0.008,0.01,0.999,0.043,-0.008,0.043,-0.999],[],0,12,[-10.073,-0.045,-5.428],[1.411,-3.241,-0.353],[749.882,236.676,45.205,-0.999,0.036,-0.006,0,0.174,0.985,0.036,0.984,-0.174],12.5,"Climbing",1,[683,357.5],[[],[]]],[[751.578,222.867,47.3,-1,0.016,0.003,0.017,0.997,0.079,-0.002,0.079,-0.997],[],0,12,[-9.902,-0.157,-4.658],[2.482,-0.099,-0.379],[749.775,236.672,45.313,-0.999,0.036,-0.006,0,0.174,0.985,0.036,0.984,-0.174],12.5,"Climbing",1,[683,357.5],[[],[]]],[[751.404,222.862,47.474,-0.999,0.017,-0.027,0.015,0.996,0.088,0.028,0.087,-0.996],[],0,12,[-8.898,-0.048,-1.482],[0.814,-0.038,-0.216],[749.602,236.667,45.499,-0.999,0.036,-0.006,0,0.174,0.985,0.036,0.984,-0.174],12.5,"Climbing",1,[683,357.5],[[],[]]],[[751.257,222.86,47.562,-0.999,0.021,-0.024,0.019,0.994,0.107,0.026,0.107,-0.994],[],0,12,[-8.998,-0.128,-1.796],[1.012,-0.056,-0.287],[749.465,236.661,45.614,-0.999,0.034,-0.006,0,0.174,0.985,0.035,0.984,-0.174],12.5,"Climbing",1,[683,357.5],[[],[]]],[[751.105,222.857,47.534,-0.999,0.027,-0.032,0.023,0.991,0.129,0.035,0.128,-0.991],[],0,12,[-9.211,-0.221,-2.407],[1.338,-0.081,-0.287],[749.321,236.654,45.619,-0.999,0.034,-0.006,0,0.174,0.985,0.035,0.984,-0.174],12.5,"Climbing",1,[683,357.5],[[],[]]],[[750.957,222.853,47.515,-0.999,0.03,-0.017,0.027,0.989,0.145,0.021,0.144,-0.989],[],0,12,[-8.56,-0.193,-0.353],[0.465,-1.397,-0.233],[749.177,236.647,45.623,-0.999,0.034,-0.006,0,0.174,0.985,0.035,0.984,-0.174],12.5,"Climbing",1,[683,357.5],[[],[]]],[[750.814,222.852,47.509,-0.999,0.032,-0.021,0.028,0.988,0.15,0.026,0.149,-0.988],[],0,12,[-8.524,-0.054,-0.293],[0.256,-0.848,-0.08],[749.038,236.644,45.624,-0.999,0.034,-0.006,0,0.174,0.985,0.035,0.984,-0.174],12.5,"Climbing",1,[683,357.5],[[],[]]],[[750.673,222.851,47.507,-0.999,0.032,-0.011,0.03,0.988,0.153,0.015,0.152,-0.988],[],0,12,[-8.439,-0.028,-0.01],[0.083,-1.837,-0.134],[748.89,236.643,45.632,-0.999,0.037,-0.007,0,0.174,0.985,0.038,0.984,-0.174],12.5,"Climbing",1,[683,357.5],[[],[]]],[[750.532,222.851,47.508,-1,0.031,0.004,0.031,0.988,0.151,0.001,0.152,-0.988],[],0,12,[-8.467,0.022,0.077],[-0.172,-2.881,-0.085],[748.741,236.643,45.638,-0.999,0.04,-0.007,0,0.174,0.985,0.041,0.984,-0.174],12.5,"Climbing",1,[683,357.5],[[],[]]],[[750.387,222.81,47.505,-1,0.027,0.014,0.029,0.989,0.148,-0.01,0.149,-0.989],[["walk",0.1],["climb",0.1],["walk",0.1],["walk",0.1]],0.584,8,[-8.953,-3.144,-0.479],[-0.19,-3.494,0.242],[748.581,236.603,45.639,-0.999,0.045,-0.008,0,0.174,0.985,0.046,0.984,-0.173],12.5,"Running",1,[683,357.5],[[],[]]],[[750.218,222.736,47.445,-1,0.017,0.002,0.018,0.993,0.118,0.001,0.118,-0.993],[["walk",0.1],["walk",0.1]],0.618,8,[-10.243,-5.041,-4.431],[-1.051,-3.049,0.508],[748.39,236.536,45.539,-0.999,0.048,-0.008,0,0.174,0.985,0.049,0.984,-0.173],12.5,"Running",1,[683,357.5],[[],[]]],[[750.038,222.672,47.347,-1,0.012,0.002,0.012,0.995,0.097,-0.001,0.097,-0.995],[["walk",0.1]],0.77,8,[-10.623,-1.986,-5.942],[-0.251,-3.439,0.055],[748.193,236.475,45.419,-0.999,0.053,-0.009,0,0.174,0.985,0.054,0.983,-0.173],12.5,"Running",1,[683,357.5],[[],[]]],[[749.855,222.664,47.221,-1,0.013,0.003,0.013,0.996,0.083,-0.002,0.083,-0.997],[["walk",0.1]],0.839,8,[-10.824,0.218,-7.198],[-0.151,-3.786,-0.218],[748.001,236.469,45.281,-0.998,0.057,-0.01,0,0.174,0.985,0.058,0.983,-0.173],12.5,"Running",1,[683,357.5],[[],[]]],[[749.674,222.673,47.103,-0.999,0.008,0.031,0.01,0.999,0.053,-0.031,0.053,-0.998],[["walk",0.1]],0.896,8,[-10.915,0.596,-7.314],[-0.847,-4.849,0.083],[747.813,236.481,45.117,-0.998,0.057,-0.01,0,0.174,0.985,0.058,0.983,-0.173],12.5,"Running",1,[683,357.5],[[],[]]],[[749.482,222.678,46.946,-1,0.002,-0.006,0.002,1,0.009,0.006,0.009,-1],[],0.896,8,[-11.845,0.12,-10.271],[-1.944,-1.182,0.431],[747.608,236.488,44.897,-0.998,0.059,-0.01,0,0.174,0.985,0.06,0.983,-0.173],12.5,"Running",1,[683,357.5],[[],[]]],[[749.333,222.678,46.816,-0.999,0,-0.054,0,1,-0.003,0.054,-0.003,-0.999],[["walk",0.1]],1.081,8,[-11.906,-0.025,-10.426],[-0.486,-0.235,0.129],[747.456,236.488,44.75,-0.998,0.059,-0.01,0,0.174,0.985,0.06,0.983,-0.173],12.5,"Running",1,[683,357.5],[[],[]]],[[749.084,222.677,46.597,-0.998,0,-0.059,0,1,-0.002,0.059,-0.002,-0.998],[],1.081,8,[-11.965,-0.064,-10.597],[0.173,-0.016,-0.034],[747.207,236.487,44.532,-0.998,0.059,-0.01,0,0.174,0.985,0.06,0.983,-0.173],12.5,"Running",1,[683,357.5],[[],[]]],[[748.935,222.676,46.464,-0.998,0,-0.06,0,1,0,0.06,0,-0.998],[["walk",0.1]],1.081,8,[-11.972,-0.045,-10.628],[0.099,-0.003,-0.023],[747.058,236.486,44.402,-0.998,0.059,-0.01,0,0.174,0.985,0.06,0.983,-0.173],12.5,"Running",1,[683,357.5],[[],["S"]]],[[748.629,222.676,46.406,-0.998,0,-0.06,0,1,0,0.06,0,-0.998],[],1.081,8,[-15.835,-0.012,0.553],[-0.002,0,0],[746.752,236.486,44.344,-0.998,0.059,-0.01,0,0.174,0.985,0.06,0.983,-0.173],12.5,"Running",1,[683,357.5],[[],[]]],[[748.363,222.676,46.421,-0.998,0,-0.06,0,1,0,0.06,0,-0.998],[],1.081,8,[-15.969,0,0.95],[-0.008,0,0.002],[746.486,236.486,44.359,-0.998,0.059,-0.01,0,0.174,0.985,0.06,0.983,-0.173],12.5,"Running",1,[683,357.5],[[],[]]],[[748.163,222.676,46.433,-0.998,0,-0.06,0,1,0,0.06,0,-0.998],[],1.081,8,[-15.971,0.003,0.958],[-0.004,0,0.001],[746.286,236.486,44.371,-0.998,0.059,-0.01,0,0.174,0.985,0.06,0.983,-0.173],12.5,"Running",1,[683,357.5],[[],[]]],[[747.764,222.676,46.457,-0.998,0,-0.06,0,1,0,0.06,0,-0.998],[],1.081,8,[-15.971,0.002,0.958],[0,0,0],[745.887,236.486,44.395,-0.998,0.059,-0.01,0,0.174,0.985,0.06,0.983,-0.173],12.5,"Running",1,[683,357.5],[["Space"],[]]],[[747.498,223.552,46.473,-0.998,0,-0.06,0,1,0,0.06,0,-0.998],[["walk",0.1],["jump",0.1]],1,3,[-15.971,51.518,0.958],[0,0,0],[745.621,237.362,44.411,-0.998,0.059,-0.01,0,0.174,0.985,0.06,0.983,-0.173],12.5,"Jumping",1,[683,357.5],[[],[]]],[[747.298,224.175,46.485,-1,0,0.003,0,1,0,-0.003,0,-1],[["jump",0.1]],1,5,[-15.971,49.066,0.957],[0,-6.41,0],[745.421,237.985,44.423,-0.998,0.059,-0.01,0,0.174,0.985,0.06,0.983,-0.173],12.5,"FreeFall",1,[683,357.5],[[],[]]],[[747.032,224.959,46.501,-0.998,0,0.065,0,1,0,-0.065,0,-0.998],[],1,5,[-15.971,45.796,0.957],[0,-7.813,0],[745.155,238.769,44.439,-0.998,0.059,-0.01,0,0.174,0.985,0.06,0.983,-0.173],12.5,"FreeFall",1,[683,357.5],[[],[]]],[[746.766,225.688,46.517,-0.997,0,0.072,0,1,0,-0.072,0,-0.997],[],1,5,[-15.971,42.526,0.957],[0,-7.975,0],[744.889,239.498,44.455,-0.998,0.059,-0.01,0,0.174,0.985,0.06,0.983,-0.173],12.5,"FreeFall",1,[683,357.5],[[],[]]],[[746.433,226.523,46.537,-0.994,0,0.106,0,1,0,-0.106,0,-0.994],[],1,5,[-15.971,38.438,0.957],[0,-7.994,0],[744.556,240.333,44.475,-0.998,0.059,-0.01,0,0.174,0.985,0.06,0.983,-0.173],12.5,"FreeFall",1,[683,357.5],[[],[]]],[[746.234,226.983,46.549,-0.998,0,-0.061,0,1,0,0.061,0,-0.998],[["jump",0.1]],1,5,[-15.971,35.986,0.957],[0,-7.996,0],[744.349,240.791,44.484,-0.998,0.062,-0.011,0,0.174,0.985,0.063,0.983,-0.174],12.5,"FreeFall",1,[683,357.5],[[],[]]],[[745.993,227.549,46.563,-1,0,-0.022,0,1,0,0.022,0,-1],[],1,5,[-13.592,32.716,0.814],[0,-0.924,0],[744.108,241.357,44.499,-0.998,0.062,-0.011,0,0.174,0.985,0.063,0.983,-0.174],12.5,"FreeFall",1,[683,357.5],[[],[]]],[[745.747,228.179,46.578,-0.998,0,-0.058,0,1,0,0.058,0,-0.998],[["fall",0.3]],1,5,[-10.618,28.628,0.636],[0,-0.062,0],[743.862,241.988,44.513,-0.998,0.062,-0.011,0,0.174,0.985,0.063,0.983,-0.174],12.5,"FreeFall",1,[683,357.5],[[],[]]],[[745.629,228.517,46.585,-0.998,0,-0.063,0,1,0,0.063,0,-0.998],[],1,5,[-8.834,26.176,0.529],[0,-0.012,0],[743.744,242.325,44.52,-0.998,0.062,-0.011,0,0.174,0.985,0.063,0.983,-0.174],12.5,"FreeFall",1,[683,357.5],[[],[]]],[[745.506,228.919,46.593,-0.998,0,-0.063,0,1,0,0.063,0,-0.998],[],1,5,[-6.455,22.906,0.387],[0,-0.001,0],[743.622,242.727,44.528,-0.998,0.062,-0.011,0,0.174,0.985,0.063,0.983,-0.174],12.5,"FreeFall",1,[683,357.5],[[],[]]],[[745.424,229.267,46.598,-0.998,0,-0.064,0,1,0,0.064,0,-0.998],[],1,5,[-4.076,19.636,0.244],[0,0,0],[743.539,243.073,44.52,-0.998,0.062,-0.011,0,0.175,0.984,0.063,0.983,-0.175],12.5,"FreeFall",1,[683,357.5],[[],[]]],[[745.376,229.625,46.601,-0.998,0,-0.063,0,1,0,0.063,0,-0.998],[],1,5,[-1.102,15.549,0.066],[0,0,0],[743.491,243.431,44.523,-0.998,0.062,-0.011,0,0.175,0.984,0.063,0.983,-0.175],12.5,"FreeFall",1,[683,357.5],[[],[]]],[[745.373,229.799,46.601,-0.998,0,-0.063,0,1,0,0.063,0,-0.998],[],1,5,[-0.071,13.096,0.004],[0,0,0],[743.488,243.605,44.523,-0.998,0.062,-0.011,0,0.175,0.984,0.063,0.983,-0.175],12.5,"FreeFall",1,[683,357.5],[[],[]]],[[745.373,229.983,46.601,-0.998,0,-0.063,0,1,0,0.063,0,-0.998],[],1,5,[-0.001,9.826,0],[0,0,0],[743.488,243.789,44.523,-0.998,0.062,-0.011,0,0.175,0.984,0.063,0.983,-0.175],12.5,"FreeFall",1,[683,357.5],[[],[]]],[[745.373,230.113,46.601,-0.998,0,-0.063,0,1,0,0.063,0,-0.998],[],1,5,[0,6.556,0],[0,0,0],[743.488,243.919,44.523,-0.998,0.062,-0.011,0,0.175,0.984,0.063,0.983,-0.175],12.5,"FreeFall",1,[683,357.5],[[],[]]],[[745.373,230.198,46.601,-0.998,0,-0.063,0,1,0,0.063,0,-0.998],[["fall",0.3]],1,5,[0,2.469,0],[0,0,0],[743.488,244.005,44.523,-0.998,0.062,-0.011,0,0.175,0.984,0.063,0.983,-0.175],12.5,"FreeFall",1,[683,357.5],[[],[]]],[[745.373,230.209,46.601,-0.998,0,-0.063,0,1,0,0.063,0,-0.998],[],1,5,[0,0.016,0],[0,0,0],[743.488,244.015,44.523,-0.998,0.062,-0.011,0,0.175,0.984,0.063,0.983,-0.175],12.5,"FreeFall",1,[683,357.5],[[],[]]],[[745.373,230.175,46.601,-0.998,0,-0.063,0,1,0,0.063,0,-0.998],[],1,5,[0,-3.254,0],[0,0,0],[743.489,243.984,44.538,-0.998,0.062,-0.011,0,0.174,0.985,0.063,0.983,-0.174],12.5,"FreeFall",1,[683,357.5],[[],["E"]]],[[745.373,230.087,46.601,-0.998,0,-0.063,0,1,0,0.063,0,-0.998],[],1,5,[0,-6.524,0],[0,0,0],[743.489,243.896,44.538,-0.998,0.062,-0.011,0,0.174,0.985,0.063,0.983,-0.174],12.5,"FreeFall",1,[683,357.5],[[],[]]],[[745.373,229.944,46.601,-0.998,0,-0.063,0,1,0,0.063,0,-0.998],[],1,5,[0,-9.794,0],[0,0,0],[743.489,243.753,44.538,-0.998,0.062,-0.011,0,0.174,0.985,0.063,0.983,-0.174],12.5,"FreeFall",1,[683,357.5],[[],[]]],[[745.373,229.747,46.601,-0.998,0,-0.063,0,1,0,0.063,0,-0.998],[],1,5,[0,-13.064,0],[0,0,0],[743.489,243.557,44.545,-0.998,0.062,-0.011,0,0.174,0.985,0.063,0.983,-0.173],12.5,"FreeFall",1,[683,357.5],[["D"],[]]],[[745.336,229.423,46.604,-0.998,0,0.06,0,1,0,-0.06,0,-0.998],[],1,5,[-2.974,-17.151,0.201],[0,-7.457,0],[743.449,243.233,44.551,-0.998,0.064,-0.011,0,0.174,0.985,0.065,0.983,-0.173],12.5,"FreeFall",1,[683,357.5],[[],[]]],[[745.284,229.188,46.607,-0.999,0,0.033,0,1,0,-0.033,0,-0.999],[["fall",0.3]],1,5,[-4.759,-19.604,0.314],[0,-7.889,0],[743.394,242.999,44.557,-0.998,0.065,-0.012,0,0.174,0.985,0.066,0.983,-0.173],12.5,"FreeFall",1,[683,357.5],[[],[]]],[[745.147,228.729,46.616,-0.995,0,0.1,0,1,0,-0.1,0,-0.995],[],1,5,[-7.734,-23.691,0.509],[0,-7.989,0],[743.254,242.539,44.569,-0.998,0.067,-0.012,0,0.174,0.985,0.068,0.983,-0.173],12.5,"FreeFall",1,[683,357.5],[[],[]]],[[745.036,228.412,46.623,-0.999,0,0.032,0,1,0,-0.032,0,-0.999],[],1,5,[-9.519,-26.144,0.631],[0,-7.994,0],[743.139,242.222,44.58,-0.998,0.068,-0.012,0,0.174,0.985,0.069,0.982,-0.173],12.5,"FreeFall",1,[683,357.5],[[],[]]],[[744.852,227.943,46.636,-0.998,0,0.064,0,1,0,-0.064,0,-0.998],[],1,5,[-11.898,-29.414,0.804],[0,-7.996,0],[742.956,241.753,44.592,-0.998,0.068,-0.012,0,0.174,0.985,0.069,0.982,-0.173],12.5,"FreeFall",1,[683,357.5],[[],[]]],[[744.629,227.418,46.651,-0.998,0,0.064,0,1,0,-0.064,0,-0.998],[],1,5,[-14.276,-32.684,0.991],[0,-7.996,0],[742.733,241.228,44.607,-0.998,0.068,-0.012,0,0.174,0.985,0.069,0.982,-0.173],12.5,"FreeFall",1,[683,357.5],[[],[]]],[[744.305,226.686,46.674,-0.995,0,0.097,0,1,0,-0.097,0,-0.995],[],1,5,[-15.937,-36.771,1.122],[0,-7.996,0],[742.405,240.496,44.633,-0.997,0.07,-0.012,0,0.174,0.985,0.071,0.982,-0.173],12.5,"FreeFall",1,[683,357.5],[[],[]]],[[744.105,226.206,46.688,-1,0,0.029,0,1,0,-0.029,0,-1],[],1,5,[-15.961,-39.224,1.124],[0,-7.996,0],[742.202,240.016,44.65,-0.997,0.071,-0.013,0,0.174,0.985,0.073,0.982,-0.173],12.5,"FreeFall",1,[683,357.5],[[],[]]],[[743.839,225.518,46.707,-0.998,0,0.061,0,1,0,-0.061,0,-0.998],[["fall",0.3]],1,5,[-15.961,-42.494,1.149],[0,-7.996,0],[741.923,239.328,44.681,-0.997,0.078,-0.014,0,0.174,0.985,0.079,0.982,-0.173],12.5,"FreeFall",1,[683,357.5],[[],[]]],[[743.573,224.776,46.727,-0.996,0,-0.085,0,1,0,0.085,0,-0.996],[],1,5,[-15.959,-45.764,1.174],[0,-7.996,0],[741.641,238.584,44.702,-0.996,0.085,-0.015,0,0.175,0.985,0.086,0.981,-0.174],12.5,"FreeFall",1,[683,357.5],[[],[]]],[[743.278,223.771,46.749,-0.999,0,-0.043,0,1,0,0.043,0,-0.999],[],1,5,[-12.988,-49.852,0.949],[0,-0.539,0],[741.346,237.579,44.724,-0.996,0.085,-0.015,0,0.175,0.985,0.086,0.981,-0.174],12.5,"FreeFall",1,[683,357.5],[[],[]]],[[743.192,223.128,46.755,-0.996,0,-0.084,0,1,0,0.084,0,-0.996],[["walk",0.1],["fall",0.3],["fall",0.3]],1,7,[-3.743,-52.304,0.273],[0,-0.107,0],[741.26,236.936,44.73,-0.996,0.085,-0.015,0,0.175,0.985,0.086,0.981,-0.174],12.5,"FreeFall",1,[683,357.5],[[],[]]],[[743.183,222.415,46.756,-0.996,0,-0.086,0,1,0,0.086,0,-0.996],[["fall",0.3]],1,7,[-0.028,-6.69,0.002],[0,-0.007,0],[741.251,236.223,44.731,-0.996,0.085,-0.015,0,0.175,0.985,0.086,0.981,-0.174],12.5,"FreeFall",1,[683,357.5],[[],[]]],[[743.183,222.454,46.756,-0.996,0,-0.086,0,1,0,0.086,0,-0.996],[],1,7,[-0.001,5.577,0],[0,-0.001,0],[741.251,236.262,44.731,-0.996,0.085,-0.015,0,0.175,0.985,0.086,0.981,-0.174],12.5,"FreeFall",1,[683,357.5],[[],[]]],[[743.183,222.577,46.756,-0.996,0,-0.086,0,1,0,0.086,0,-0.996],[["fall",0.3],["idle",0.1]],1,8,[0,5.329,0],[0,0,0],[741.251,236.385,44.731,-0.996,0.085,-0.015,0,0.175,0.985,0.086,0.981,-0.174],12.5,"Standing",1,[683,357.5],[[],[]]],[[743.183,222.638,46.756,-0.996,0,-0.086,0,1,0,0.086,0,-0.996],[],1,8,[0,2.802,0],[0,0,0],[741.248,236.446,44.734,-0.996,0.087,-0.015,0,0.175,0.985,0.088,0.981,-0.174],12.5,"Standing",1,[683,357.5],[[],["E"]]],[[743.183,222.675,46.756,-0.996,0,-0.088,0,1,0,0.088,0,-0.996],[],1,8,[0,0.731,0],[0,0,0],[741.248,236.483,44.734,-0.996,0.087,-0.015,0,0.175,0.985,0.088,0.981,-0.174],12.5,"Standing",1,[683,357.5],[[],[]]],[[743.183,222.68,46.756,-0.996,0,-0.088,0,1,0,0.088,0,-0.996],[],1,8,[0,0.223,0],[0,0,0],[741.248,236.487,44.734,-0.996,0.087,-0.015,0,0.175,0.985,0.088,0.981,-0.174],12.5,"Standing",1,[683,357.5],[[],[]]],[[743.183,222.68,46.756,-0.996,0,-0.088,0,1,0,0.088,0,-0.996],[],1,8,[0,-0.03,0],[0,0,0],[741.248,236.488,44.734,-0.996,0.087,-0.015,0,0.175,0.985,0.088,0.981,-0.174],12.5,"Standing",1,[683,357.5],[[],[]]],[[743.183,222.678,46.756,-0.996,0,-0.088,0,1,0,0.088,0,-0.996],[],1,8,[0,-0.114,0],[0,0,0],[741.243,236.488,44.753,-0.996,0.09,-0.016,0,0.174,0.985,0.091,0.981,-0.173],12.5,"Standing",1,[683,357.5],[[],[]]],[[743.183,222.676,46.756,-0.996,0,-0.091,0,1,0,0.091,0,-0.996],[],1,8,[0,-0.055,0],[0,0,0],[741.239,236.486,44.756,-0.996,0.091,-0.016,0,0.174,0.985,0.093,0.981,-0.173],12.5,"Standing",1,[683,357.5],[["D"],[]]],[[743.055,222.676,46.767,-0.996,0,-0.093,0,1,0,0.093,0,-0.996],[],1,8,[-12.309,-0.015,1.126],[0,0,0],[741.108,236.486,44.771,-0.996,0.093,-0.016,0,0.174,0.985,0.094,0.98,-0.173],12.5,"Standing",1,[683,357.5],[[],[]]],[[742.732,222.676,46.797,-0.996,0,-0.094,0,1,0,0.094,0,-0.996],[["walk",0.1]],0.852,8,[-15.904,0.004,1.48],[0,0,0],[740.782,236.486,44.804,-0.995,0.094,-0.017,0,0.174,0.985,0.096,0.98,-0.173],12.5,"Running",1,[683,357.5],[[],[]]],[[742.466,222.676,46.822,-0.995,0,-0.096,0,1,0,0.096,0,-0.995],[["walk",0.1]],1.102,8,[-15.928,0.005,1.507],[0,0,0],[740.517,236.486,44.829,-0.995,0.094,-0.017,0,0.174,0.985,0.096,0.98,-0.173],12.5,"Running",1,[683,357.5],[[],[]]],[[742.334,222.676,46.835,-0.995,0,-0.096,0,1,0,0.096,0,-0.995],[],1.102,8,[-15.927,0.005,1.529],[0,0,0],[740.384,236.486,44.842,-0.995,0.094,-0.017,0,0.174,0.985,0.096,0.98,-0.173],12.5,"Running",1,[683,357.5],[[],[]]],[[742.135,222.676,46.854,-0.995,0,-0.096,0,1,0,0.096,0,-0.995],[],1.102,8,[-15.926,0.003,1.533],[0,0,0],[740.185,236.486,44.861,-0.995,0.094,-0.017,0,0.174,0.985,0.096,0.98,-0.173],12.5,"Running",1,[683,357.5],[[],[]]],[[741.869,222.676,46.88,-0.995,0,-0.096,0,1,0,0.096,0,-0.995],[["walk",0.1]],1.102,8,[-15.926,0.001,1.533],[0,0,0],[739.923,236.486,44.884,-0.996,0.093,-0.016,0,0.174,0.985,0.094,0.98,-0.173],12.5,"Running",1,[683,357.5],[[],[]]],[[741.604,222.676,46.905,-0.996,0,-0.094,0,1,0,0.094,0,-0.996],[],1.102,8,[-15.926,0,1.533],[0,0,0],[739.67,236.486,44.897,-0.996,0.087,-0.015,0,0.174,0.985,0.088,0.981,-0.173],12.5,"Running",1,[683,357.5],[[],[]]],[[741.272,222.676,46.937,-0.996,0,-0.088,0,1,0,0.088,0,-0.996],[],1.102,8,[-15.929,0,1.508],[0,0,0],[739.354,236.486,44.913,-0.997,0.079,-0.014,0,0.174,0.985,0.08,0.982,-0.173],12.5,"Running",1,[683,357.5],[[],[]]],[[741.073,222.676,46.955,-0.997,0,-0.08,0,1,0,0.08,0,-0.997],[],1.102,8,[-15.938,0,1.413],[0,0,0],[739.177,236.486,44.91,-0.998,0.068,-0.012,0,0.174,0.985,0.069,0.982,-0.173],12.5,"Running",1,[683,357.5],[[],[]]],[[740.741,222.676,46.982,-0.998,0,-0.069,0,1,0,0.069,0,-0.998],[],1.102,8,[-15.948,0,1.283],[0,0,0],[738.894,236.486,44.893,-0.999,0.045,-0.008,0,0.174,0.985,0.046,0.984,-0.173],12.5,"Running",1,[683,357.5],[[],[]]],[[740.475,222.676,47,-0.999,0,-0.046,0,1,0,0.046,0,-0.999],[],1.102,8,[-15.961,0,1.11],[0,0,0],[738.704,236.486,44.847,-1,0.009,-0.002,0,0.174,0.985,0.01,0.985,-0.174],12.5,"Running",1,[683,357.5],[[],[]]],[[740.142,222.676,47.017,-1,0,-0.01,0,1,0,0.01,0,-1],[["walk",0.1]],1.102,8,[-15.983,0,0.733],[0,0,0],[738.457,236.486,44.795,-1,-0.029,0.005,0,0.174,0.985,-0.03,0.984,-0.174],12.5,"Running",1,[683,357.5],[[],[]]],[[739.875,222.676,47.021,-1,0,0.03,0,1,0,-0.03,0,-1],[],1.102,8,[-15.999,0,0.164],[0,0,0],[738.251,236.486,44.755,-0.998,-0.056,0.01,0,0.174,0.985,-0.056,0.983,-0.173],12.5,"Running",1,[683,357.5],[[],[]]],[[739.675,222.676,47.016,-0.998,0,0.056,0,1,0,-0.056,0,-0.998],[],1.102,8,[-15.993,0,-0.442],[0,0,0],[738.068,236.486,44.738,-0.998,-0.063,0.011,0,0.174,0.985,-0.064,0.983,-0.173],12.5,"Running",1,[683,357.5],[[],[]]],[[739.409,222.676,47.002,-0.998,0,0.