{"Replay":[[[776.028,222.662,47.142,0,0,1,0,1,0,-1,0,0],[],1,8,[0,0,0],[0,0,0],[776.641,236.305,44.241,-0.978,-0.201,0.049,0,0.237,0.971,-0.207,0.95,-0.232],12.5,"Standing",0,[648,391],[[],[]]],[[776.028,222.662,47.142,0,0,1,0,1,0,-1,0,0],[],1,8,[0,0.009,0],[0,0,0],[776.641,236.305,44.241,-0.978,-0.201,0.049,0,0.237,0.971,-0.207,0.95,-0.232],12.5,"Standing",0,[648,391],[[],[]]],[[776.028,222.662,47.142,0,0,1,0,1,0,-1,0,0],[],1,8,[0,0.007,0],[0,0,0],[776.641,236.305,44.241,-0.978,-0.201,0.049,0,0.237,0.971,-0.207,0.95,-0.232],12.5,"Standing",0,[648,391],[[],[]]],[[776.028,222.662,47.142,0,0,1,0,1,0,-1,0,0],[],1,8,[0,0.003,0],[0,0,0],[776.641,236.305,44.241,-0.978,-0.201,0.049,0,0.237,0.971,-0.207,0.95,-0.232],12.5,"Standing",0,[648,391],[[],[]]],[[776.028,222.662,47.142,0,0,1,0,1,0,-1,0,0],[],1,8,[0,0,0],[0,0,0],[776.641,236.305,44.241,-0.978,-0.201,0.049,0,0.237,0.971,-0.207,0.95,-0.232],12.5,"Standing",0,[648,391],[[],[]]],[[776.028,222.662,47.142,0,0,1,0,1,0,-1,0,0],[],1,8,[0,0,0],[0,0,0],[776.641,236.305,44.241,-0.978,-0.201,0.049,0,0.237,0.971,-0.207,0.95,-0.232],12.5,"Standing",0,[648,391],[[],[]]],[[776.028,222.662,47.142,0,0,1,0,1,0,-1,0,0],[],1,8,[0,0,0],[0,0,0],[776.641,236.305,44.241,-0.978,-0.201,0.049,0,0.237,0.971,-0.207,0.95,-0.232],12.5,"Standing",0,[648,391],[[],["E"]]],[[776.028,222.662,47.142,0,0,1,0,1,0,-1,0,0],[],1,8,[0,0,0],[0,0,0],[776.641,236.305,44.241,-0.978,-0.201,0.049,0,0.237,0.971,-0.207,0.95,-0.232],12.5,"Standing",0,[648,391],[[],[]]],[[776.028,222.662,47.142,0,0,1,0,1,0,-1,0,0],[],1,8,[0,0,0],[0,0,0],[776.641,236.305,44.241,-0.978,-0.201,0.049,0,0.237,0.971,-0.207,0.95,-0.232],12.5,"Standing",0,[648,391],[[],[]]],[[776.028,222.662,47.142,0,0,1,0,1,0,-1,0,0],[],1,8,[0,0,0],[0,0,0],[776.645,236.305,44.242,-0.978,-0.202,0.049,0,0.237,0.971,-0.208,0.95,-0.232],12.5,"Standing",0,[648,391],[[],[]]],[[776.028,222.662,47.142,0,0,1,0,1,0,-1,0,0],[],1,8,[0,0,0],[0,0,0],[776.653,236.313,44.273,-0.977,-0.207,0.05,0,0.235,0.972,-0.213,0.95,-0.229],12.5,"Standing",0,[648,391],[[],[]]],[[776.028,222.662,47.142,0,0,1,0,1,0,-1,0,0],[],1,8,[0,0,0],[0,0,0],[776.668,236.316,44.292,-0.976,-0.213,0.051,0,0.234,0.972,-0.219,0.949,-0.228],12.5,"Standing",0,[648,391],[["D"],[]]],[[775.844,222.662,47.102,0.026,0,1,0,1,0,-1,0,0.026],[],1,8,[-14.213,0,-3.095],[0,-1.667,0],[776.502,236.32,44.271,-0.974,-0.22,0.053,0,0.233,0.973,-0.227,0.947,-0.226],12.5,"Standing",0,[648,391],[[],[]]],[[775.585,222.662,47.044,0.052,0,0.999,0,1,0,-0.999,0,0.052],[["walk",0.1]],1.003,8,[-15.584,0,-3.495],[0,-1.561,0],[776.264,236.327,44.248,-0.972,-0.229,0.054,0,0.23,0.973,-0.236,0.946,-0.224],12.5,"Running",0,[648,391],[[],[]]],[[775.326,222.662,46.984,0.076,0,0.997,0,1,0,-0.997,0,0.076],[["walk",0.1]],1.101,8,[-15.584,0,-3.623],[0,-1.416,0],[776.021,236.327,44.192,-0.97,-0.235,0.056,0,0.23,0.973,-0.242,0.944,-0.223],12.5,"Running",0,[648,391],[[],[]]],[[775.066,222.662,46.921,0.097,0,0.995,0,1,0,-0.995,0,0.097],[],1.101,8,[-15.55,0,-3.769],[0,-1.301,0],[775.762,236.327,44.129,-0.97,-0.235,0.056,0,0.23,0.973,-0.242,0.944,-0.223],12.5,"Running",0,[648,391],[[],[]]],[[774.808,222.662,46.857,0.117,0,0.993,0,1,0,-0.993,0,0.117],[],1.101,8,[-15.525,0,-3.868],[0,-1.177,0],[775.503,236.327,44.065,-0.97,-0.235,0.056,0,0.23,0.973,-0.242,0.944,-0.223],12.5,"Running",0,[648,391],[[],[]]],[[774.549,222.662,46.792,0.134,0,0.991,0,1,0,-0.991,0,0.134],[],1.101,8,[-15.525,0,-3.87],[0,-1.02,0],[775.245,236.327,44.001,-0.97,-0.235,0.056,0,0.23,0.973,-0.242,0.944,-0.223],12.5,"Running",0,[648,391],[[],[]]],[[774.29,222.662,46.728,0.149,0,0.989,0,1,0,-0.989,0,0.149],[["walk",0.1]],1.101,8,[-15.525,0,-3.87],[0,-0.882,0],[773.289,236.33,43.525,-0.97,-0.237,0.056,0,0.229,0.973,-0.243,0.944,-0.222],12.5,"Running",1,[648,391],[["LeftShift"],[]]],[[773.967,222.662,46.647,-0.987,0,0.159,0,1,0,-0.159,0,-0.987],[],1.101,8,[-15.525,0,-3.87],[0,5.437,0],[772.966,236.33,43.445,-0.97,-0.237,0.056,0,0.229,0.973,-0.243,0.944,-0.222],12.5,"Running",1,[683,384],[[],[]]],[[773.708,222.662,46.582,-0.976,0,0.216,0,1,0,-0.216,0,-0.976],[],1.101,8,[-15.519,0,-3.894],[0,0.629,0],[772.697,236.33,43.383,-0.971,-0.234,0.055,0,0.229,0.973,-0.24,0.945,-0.222],12.5,"Running",1,[683,384],[[],[]]],[[773.514,222.662,46.534,-0.971,0,0.237,0,1,0,-0.237,0,-0.971],[],1.101,8,[-15.519,0,-3.894],[0,0.125,0],[772.475,236.334,43.357,-0.973,-0.227,0.053,0,0.228,0.974,-0.233,0.947,-0.222],12.5,"Running",1,[683,384],[[],[]]],[[773.255,222.662,46.469,-0.973,0,0.232,0,1,0,-0.232,0,-0.973],[],1.101,8,[-15.531,0,-3.846],[0,0.014,0],[772.165,236.34,43.336,-0.976,-0.213,0.049,0,0.225,0.974,-0.219,0.951,-0.22],12.5,"Running",1,[683,384],[[],[]]],[[772.931,222.662,46.392,-0.976,0,0.219,0,1,0,-0.219,0,-0.976],[],1.101,8,[-15.561,0,-3.724],[0,0.001,0],[771.795,236.347,43.301,-0.978,-0.201,0.046,0,0.223,0.975,-0.207,0.954,-0.218],12.5,"Running",1,[683,384],[[],[]]],[[772.736,222.662,46.347,-0.978,0,0.207,0,1,0,-0.207,0,-0.978],[["walk",0.1]],1.101,8,[-15.609,0,-3.515],[0,0,0],[771.526,236.361,43.339,-0.982,-0.182,0.041,0,0.218,0.976,-0.187,0.959,-0.215],12.5,"Running",1,[683,384],[[],[]]],[[772.475,222.662,46.292,-0.982,0,0.187,0,1,0,-0.187,0,-0.982],[],1.101,8,[-15.654,0,-3.31],[0,0,0],[771.188,236.37,43.356,-0.987,-0.16,0.035,0,0.215,0.977,-0.163,0.964,-0.212],12.5,"Running",1,[683,384],[[],[]]],[[772.214,222.662,46.241,-0.987,0,0.163,0,1,0,-0.163,0,-0.987],[],1.101,8,[-15.718,0,-2.992],[0,0,0],[770.833,236.38,43.389,-0.991,-0.131,0.028,0,0.211,0.977,-0.134,0.969,-0.209],12.5,"Running",1,[683,384],[[],[]]],[[771.885,222.662,46.186,-0.991,0,0.134,0,1,0,-0.134,0,-0.991],[],1.101,8,[-15.784,0,-2.618],[0,0,0],[770.425,236.386,43.401,-0.994,-0.105,0.022,0,0.209,0.978,-0.107,0.972,-0.208],12.5,"Running",1,[683,384],[["Space"],[]]],[[771.622,223.538,46.142,-0.994,0,0.107,0,1,0,-0.107,0,-0.994],[["walk",0.1],["jump",0.1]],1,3,[-15.784,51.518,-2.618],[0,0,0],[770.104,237.265,43.403,-0.996,-0.085,0.018,0,0.208,0.978,-0.087,0.974,-0.207],12.5,"Jumping",1,[683,384],[[],["LeftShift"]]],[[771.357,224.363,46.111,-0.984,0,0.178,0,1,0,-0.178,0,-0.984],[["jump",0.1]],1,5,[-15.905,48.248,-1.736],[0,-7.071,0],[769.804,238.093,43.406,-0.997,-0.073,0.015,0,0.207,0.978,-0.075,0.976,-0.206],12.5,"FreeFall",1,[683,384],[[],[]]],[[771.091,225.133,46.087,-0.979,0,0.202,0,1,0,-0.202,0,-0.979],[],1,5,[-15.939,44.978,-1.4],[0,-7.889,0],[769.522,238.863,43.392,-0.998,-0.067,0.014,0,0.207,0.978,-0.068,0.976,-0.206],12.5,"FreeFall",1,[683,384],[[],[]]],[[770.825,225.848,46.067,-0.98,0,0.2,0,1,0,-0.2,0,-0.98],[],1,5,[-15.955,41.708,-1.197],[0,-7.984,0],[769.252,239.579,43.374,-0.998,-0.065,0.014,0,0.207,0.978,-0.067,0.976,-0.206],12.5,"FreeFall",1,[683,384],[[],["b2"]]],[[770.559,226.509,46.048,-0.98,0,0.199,0,1,0,-0.199,0,-0.98],[],1,5,[-15.962,38.438,-1.095],[0,-7.994,0],[768.985,240.24,43.355,-0.998,-0.065,0.014,0,0.207,0.978,-0.067,0.976,-0.206],12.5,"FreeFall",1,[683,384],[[],[]]],[[770.36,226.969,46.035,-0.986,0,0.166,0,1,0,-0.166,0,-0.986],[],1,5,[-15.964,35.986,-1.069],[0,-7.996,0],[768.777,240.7,43.347,-0.998,-0.062,0.013,0,0.207,0.978,-0.064,0.976,-0.206],12.5,"FreeFall",1,[683,384],[[],[]]],[[770.094,227.535,46.017,-0.981,0,0.196,0,1,0,-0.196,0,-0.981],[],1,5,[-15.964,32.716,-1.068],[0,-7.996,0],[768.473,241.269,43.366,-0.999,-0.048,0.01,0,0.205,0.979,-0.049,0.977,-0.205],12.5,"FreeFall",1,[683,384],[[],[]]],[[769.761,228.166,45.996,-0.977,0,0.214,0,1,0,-0.214,0,-0.977],[],1,5,[-15.968,28.628,-1.018],[0,-7.996,0],[768.093,241.911,43.433,-0.999,-0.032,0.006,0,0.201,0.98,-0.032,0.979,-0.201],12.5,"FreeFall",1,[683,384],[[],[]]],[[769.561,228.503,45.985,-0.991,0,0.132,0,1,0,-0.132,0,-0.991],[],1,5,[-15.98,26.176,-0.804],[0,-7.996,0],[767.84,242.261,43.516,-1,-0.012,0.002,0,0.196,0.981,-0.012,0.981,-0.196],12.5,"FreeFall",1,[683,384],[[],[]]],[[769.295,228.905,45.976,-0.989,0,0.145,0,1,0,-0.145,0,-0.989],[],1,5,[-15.991,22.906,-0.521],[0,-7.996,0],[767.532,242.68,43.626,-1,0.005,-0.001,0,0.189,0.982,0.005,0.982,-0.189],12.5,"FreeFall",1,[683,384],[[],[]]],[[769.028,229.253,45.972,-0.992,0,0.127,0,1,0,-0.127,0,-0.992],[],1,5,[-15.999,19.636,-0.196],[0,-7.996,0],[767.237,243.039,43.704,-1,0.018,-0.003,0,0.184,0.983,0.018,0.983,-0.184],12.5,"FreeFall",1,[683,384],[[],[]]],[[768.695,229.611,45.973,-0.989,0,0.148,0,1,0,-0.148,0,-0.989],[],1,5,[-16,15.548,0.085],[0,-7.996,0],[766.877,243.408,43.787,-1,0.03,-0.005,0,0.179,0.984,0.031,0.983,-0.179],12.5,"FreeFall",1,[683,384],[[],["Space"]]],[[768.428,229.836,45.977,-0.995,0,0.102,0,1,0,-0.102,0,-0.995],[],1,5,[-15.997,12.278,0.284],[0,-7.996,0],[766.592,243.641,43.853,-0.999,0.039,-0.007,0,0.176,0.984,0.04,0.984,-0.176],12.5,"FreeFall",1,[683,384],[[],[]]],[[768.228,229.969,45.983,-0.998,0,0.06,0,1,0,-0.06,0,-0.998],[],1,5,[-15.993,9.826,0.479],[0,-7.996,0],[766.366,243.779,43.907,-0.999,0.052,-0.009,0,0.174,0.985,0.053,0.983,-0.173],12.5,"FreeFall",1,[683,384],[[],[]]],[[767.962,230.099,45.993,-0.997,0,0.081,0,1,0,-0.081,0,-0.997],[],1,5,[-15.987,6.556,0.637],[0,-7.996,0],[766.074,243.909,43.941,-0.998,0.064,-0.011,0,0.174,0.985,0.065,0.983,-0.173],12.5,"FreeFall",1,[683,384],[[],[]]],[[767.629,230.184,46.01,-0.995,0,0.101,0,1,0,-0.101,0,-0.995],[["fall",0.3]],1,5,[-15.978,2.468,0.84],[0,-7.996,0],[765.712,243.994,43.985,-0.997,0.078,-0.014,0,0.174,0.985,0.079,0.982,-0.173],12.5,"FreeFall",1,[683,384],[[],[]]],[[767.363,230.191,46.027,-0.999,0,0.054,0,1,0,-0.054,0,-0.999],[],1,5,[-15.966,-0.802,1.038],[0,-7.996,0],[765.418,244.001,44.029,-0.996,0.092,-0.016,0,0.174,0.985,0.093,0.981,-0.173],12.5,"FreeFall",1,[683,384],[[],[]]],[[767.163,230.161,46.043,-1,0,0.007,0,1,0,-0.007,0,-1],[],1,5,[-15.951,-3.254,1.255],[0,-7.996,0],[765.187,243.971,44.076,-0.994,0.107,-0.019,0,0.174,0.985,0.109,0.979,-0.173],12.5,"FreeFall",1,[683,384],[[],[]]],[[766.898,230.072,46.067,-1,0,0.024,0,1,0,-0.024,0,-1],[],1,5,[-15.931,-6.524,1.488],[0,-7.996,0],[764.894,243.883,44.128,-0.992,0.121,-0.021,0,0.174,0.985,0.123,0.977,-0.172],12.5,"FreeFall",1,[683,384],[[],[]]],[[766.566,229.885,46.103,-0.999,0,0.043,0,1,0,-0.043,0,-0.999],[],1,5,[-15.905,-10.612,1.741],[0,-7.996,0],[764.547,243.696,44.179,-0.991,0.129,-0.023,0,0.174,0.985,0.131,0.976,-0.172],12.5,"FreeFall",1,[683,384],[[],[]]],[[766.302,229.675,46.135,-1,0,0.002,0,1,0,-0.002,0,-1],[],1,5,[-15.879,-13.882,1.963],[0,-7.996,0],[764.274,243.485,44.221,-0.991,0.133,-0.024,0,0.174,0.985,0.135,0.976,-0.172],12.5,"FreeFall",1,[683,384],[[],[]]],[[766.037,229.409,46.169,-1,0,-0.003,0,1,0,0.003,0,-1],[],1,5,[-15.863,-17.152,2.09],[0,-7.996,0],[764.006,243.219,44.259,-0.991,0.135,-0.024,0,0.174,0.985,0.137,0.976,-0.172],12.5,"FreeFall",1,[683,384],[[],[]]],[[765.773,229.089,46.205,-1,0,-0.004,0,1,0,0.004,0,-1],[["fall",0.3]],1,5,[-15.853,-20.422,2.165],[0,-7.996,0],[763.739,242.899,44.298,-0.99,0.136,-0.024,0,0.174,0.985,0.139,0.975,-0.172],12.5,"FreeFall",1,[683,384],[[],[]]],[[765.509,228.715,46.242,-1,0,-0.006,0,1,0,0.006,0,-1],[],1,5,[-15.849,-23.692,2.191],[0,-7.996,0],[763.475,242.525,44.334,-0.99,0.136,-0.024,0,0.174,0.985,0.139,0.975,-0.172],12.5,"FreeFall",1,[683,384],[[],[]]],[[765.264,228.286,46.22,-1,0,-0.004,0,1,0,0.004,0,-1],[],1,5,[-15.541,-26.962,0.032],[-0.003,-7.996,0],[763.23,242.096,44.313,-0.99,0.136,-0.024,0,0.174,0.985,0.139,0.975,-0.172],12.5,"FreeFall",1,[683,384],[[],[]]],[[765.086,227.928,46.198,-0.999,0,-0.038,0,1,0,0.038,0,-0.999],[],1,5,[-14.732,-29.414,-0.722],[-0.006,-7.996,-0.001],[763.064,241.738,44.278,-0.991,0.13,-0.023,0,0.174,0.985,0.132,0.976,-0.172],12.5,"FreeFall",1,[683,384],[[],[]]],[[764.831,227.404,46.209,-1,0,0.001,0,1,0,-0.001,0,-1],[],1,5,[-15.577,-32.684,1.507],[-0.004,-7.996,0],[762.855,241.214,44.242,-0.994,0.107,-0.019,0,0.174,0.985,0.109,0.979,-0.173],12.5,"FreeFall",1,[683,384],[[],[]]],[[764.568,226.825,46.243,-1,0,0.024,0,1,0,-0.024,0,-1],[],1,5,[-15.854,-35.954,2.104],[-0.001,-7.996,0],[762.69,240.635,44.182,-0.998,0.059,-0.01,0,0.174,0.985,0.06,0.983,-0.173],12.5,"FreeFall",1,[683,384],[[],[]]],[[764.298,226.194,46.247,-0.998,0.001,0.062,0,1,-0.015,-0.062,-0.015,-0.998],[["fall",0.3]],1,5,[-16.927,-38.678,-2.789],[-3.575,-5.408,-0.087],[762.572,239.999,44.006,-1,-0.01,0.002,0,0.176,0.984,-0.01,0.984,-0.176],12.5,"FreeFall",1,[683,384],[[],[]]],[[764.017,225.52,46.208,-0.994,-0.002,0.111,-0.004,1,-0.015,-0.111,-0.015,-0.994],[],1,5,[-17.865,-40.938,-4.505],[2.044,-3.335,0.756],[762.489,239.317,43.781,-0.995,-0.095,0.017,0,0.18,0.984,-0.096,0.979,-0.179],12.5,"FreeFall",1,[683,384],[[],[]]],[[763.716,224.806,46.122,-0.981,-0.003,0.196,-0.005,1,-0.01,-0.196,-0.01,-0.981],[],1,5,[-17.957,-43.976,-4.612],[0.247,-7.102,-0.035],[762.528,238.589,43.452,-0.974,-0.221,0.042,0,0.186,0.983,-0.225,0.957,-0.181],12.5,"FreeFall",1,[683,384],[[],[]]],[[763.3,223.843,45.964,-0.928,-0.001,0.371,-0.003,1,-0.006,-0.371,-0.007,-0.928],[],1,5,[-20.41,-47.876,-6.566],[0.397,-7.834,-0.018],[762.315,237.623,43.208,-0.956,-0.29,0.055,0,0.187,0.982,-0.295,0.939,-0.178],12.5,"FreeFall",1,[683,384],[[],[]]],[[763.092,223.441,45.911,-0.944,0,0.33,0,1,0,-0.33,0,-0.944],[["walk",0.1],["fall",0.3],["fall",0.3]],1,7,[-15.897,-15.203,-3.795],[0.5,-1.554,-0.098],[762.238,237.221,43.121,-0.941,-0.334,0.063,0,0.187,0.982,-0.34,0.924,-0.176],12.5,"FreeFall",1,[683,384],[[],[]]],[[762.835,223.462,45.834,-0.938,0.001,0.347,0.002,1,0.003,-0.347,0.003,-0.938],[],1,7,[-15.312,5.349,-4.756],[0.003,-0.18,-0.011],[762.018,237.242,43.039,-0.936,-0.345,0.066,0,0.187,0.982,-0.351,0.92,-0.175],12.5,"FreeFall",1,[683,384],[[],[]]],[[762.584,223.555,45.745,-0.936,0,0.352,0,1,0,-0.352,0,-0.936],[["fall",0.3]],1,7,[-15.057,5.067,-5.426],[-0.195,-0.021,0.036],[761.783,237.335,42.94,-0.934,-0.351,0.067,0,0.187,0.982,-0.357,0.918,-0.174],12.5,"FreeFall",1,[683,384],[[],[]]],[[762.271,223.628,45.628,-0.934,0,0.357,0,1,0,-0.357,0,-0.934],[["walk",0.1],["fall",0.3],["walk",0.1]],1.104,8,[-14.979,2.538,-5.609],[0.012,-0.001,0],[761.475,237.408,42.821,-0.933,-0.352,0.067,0,0.187,0.982,-0.359,0.917,-0.174],12.5,"Running",1,[683,384],[[],[]]],[[762.084,223.65,45.557,-0.933,0,0.359,0,1,0,-0.359,0,-0.933],[],1.104,8,[-14.946,1.44,-5.709],[0.021,0,-0.003],[761.243,237.433,42.776,-0.938,-0.339,0.064,0,0.186,0.983,-0.345,0.922,-0.174],12.5,"Running",1,[683,384],[[],[]]],[[761.835,223.663,45.462,-0.938,0,0.345,0,1,0,-0.345,0,-0.938],[],1.104,8,[-14.936,0.49,-5.739],[0.006,0,-0.001],[760.897,237.457,42.762,-0.948,-0.313,0.058,0,0.181,0.984,-0.319,0.932,-0.171],12.5,"Running",1,[683,384],[[],[]]],[[761.585,223.666,45.369,-0.948,0,0.319,0,1,0,-0.319,0,-0.948],[],1.104,8,[-15.014,0.029,-5.531],[-0.001,0,0],[760.533,237.471,42.762,-0.959,-0.28,0.05,0,0.176,0.984,-0.284,0.944,-0.169],12.5,"Running",1,[683,384],[[],[]]],[[761.273,223.616,45.254,-0.959,0,0.284,0,1,0,-0.284,0,-0.959],[],1.104,8,[-15.015,-4.058,-5.527],[-0.001,0,0],[760.115,237.426,42.717,-0.969,-0.244,0.043,0,0.174,0.985,-0.248,0.954,-0.168],12.5,"Running",1,[683,384],[[],[]]],[[761.085,223.545,45.185,-0.969,0,0.248,0,1,0,-0.248,0,-0.969],[],1.104,8,[-15.015,-6.511,-5.527],[0,0,0],[759.853,237.355,42.684,-0.976,-0.216,0.038,0,0.174,0.985,-0.219,0.961,-0.169],12.5,"Running",1,[683,384],[["Space"],[]]],[[760.835,224.42,45.093,-0.976,0,0.219,0,1,0,-0.219,0,-0.976],[["walk",0.1],["walk",0.1],["jump",0.1]],1,3,[-15.015,51.518,-5.527],[0,0,0],[759.548,238.23,42.619,-0.98,-0.194,0.034,0,0.174,0.985,-0.197,0.965,-0.17],12.5,"Jumping",1,[683,384],[[],[]]],[[760.578,225.245,45.023,-0.958,0,0.287,0,1,0,-0.287,0,-0.958],[["jump",0.1]],1,5,[-15.575,48.248,-3.627],[0,-7.071,0],[759.225,239.055,42.585,-0.985,-0.169,0.03,0,0.174,0.985,-0.171,0.97,-0.171],12.5,"FreeFall",1,[683,384],[[],[]]],[[760.317,226.015,44.969,-0.955,0,0.296,0,1,0,-0.296,0,-0.955],[],1,5,[-15.683,44.978,-3.168],[0,-7.889,0],[758.911,239.825,42.561,-0.989,-0.147,0.026,0,0.174,0.985,-0.149,0.974,-0.172],12.5,"FreeFall",1,[683,384],[[],[]]],[[760.054,226.73,44.922,-0.96,0,0.279,0,1,0,-0.279,0,-0.96],[],1,5,[-15.762,41.708,-2.747],[0,-7.984,0],[758.588,240.541,42.551,-0.992,-0.123,0.022,0,0.174,0.985,-0.125,0.977,-0.172],12.5,"FreeFall",1,[683,384],[[],[]]],[[759.791,227.392,44.881,-0.967,0,0.255,0,1,0,-0.255,0,-0.967],[],1,5,[-15.819,38.438,-2.399],[0,-7.994,0],[758.262,241.202,42.55,-0.995,-0.097,0.017,0,0.174,0.985,-0.098,0.98,-0.173],12.5,"FreeFall",1,[683,384],[[],[]]],[[759.526,227.998,44.847,-0.973,0,0.229,0,1,0,-0.229,0,-0.973],[],1,5,[-15.874,35.168,-2.002],[0,-7.996,0],[757.943,241.808,42.552,-0.997,-0.073,0.013,0,0.174,0.985,-0.075,0.982,-0.173],12.5,"FreeFall",1,[683,384],[[],[]]],[[759.195,228.68,44.814,-0.971,0,0.239,0,1,0,-0.239,0,-0.971],[],1,5,[-15.923,31.081,-1.572],[0,-7.996,0],[757.565,242.49,42.551,-0.999,-0.053,0.009,0,0.174,0.985,-0.054,0.983,-0.173],12.5,"FreeFall",1,[683,384],[[],[]]],[[758.995,229.048,44.798,-0.988,0,0.154,0,1,0,-0.154,0,-0.988],[],1,5,[-15.954,28.628,-1.213],[0,-7.996,0],[757.323,242.858,42.567,-0.999,-0.035,0.006,0,0.174,0.985,-0.035,0.984,-0.174],12.5,"FreeFall",1,[683,384],[[],[]]],[[758.729,229.491,44.782,-0.986,0,0.168,0,1,0,-0.168,0,-0.986],[],1,5,[-15.976,25.358,-0.874],[0,-7.996,0],[757.015,243.301,42.583,-1,-0.016,0.003,0,0.174,0.985,-0.017,0.985,-0.174],12.5,"FreeFall",1,[683,384],[[],[]]],[[758.462,229.879,44.772,-0.989,0,0.149,0,1,0,-0.149,0,-0.989],[],1,5,[-15.99,22.088,-0.572],[0,-7.996,0],[756.694,243.69,42.617,-1,0.009,-0.001,0,0.174,0.985,0.009,0.985,-0.174],12.5,"FreeFall",1,[683,384],[[],[]]],[[758.129,230.289,44.766,-0.988,0,0.157,0,1,0,-0.157,0,-0.988],[],1,5,[-15.998,18.001,-0.266],[0,-7.996,0],[756.34,244.099,42.627,-1,0.018,-0.003,0,0.174,0.985,0.018,0.985,-0.174],12.5,"FreeFall",1,[683,384],[[],[]]],[[757.929,230.493,44.767,-0.997,0,0.082,0,1,0,-0.082,0,-0.997],[],1,5,[-15.999,15.548,0.117],[0,-7.996,0],[756.081,244.303,42.68,-0.999,0.046,-0.008,0,0.174,0.985,0.046,0.984,-0.173],12.5,"FreeFall",1,[683,384],[[],[]]],[[757.596,230.766,44.772,-0.993,0,0.12,0,1,0,-0.12,0,-0.993],[],1,5,[-15.997,11.461,0.288],[0,-7.996,0],[755.712,244.576,42.717,-0.998,0.063,-0.011,0,0.174,0.985,0.064,0.983,-0.173],12.5,"FreeFall",1,[683,384],[[],[]]],[[757.33,230.923,44.784,-0.998,0,0.07,0,1,0,-0.07,0,-0.998],[],1,5,[-15.983,8.191,0.732],[0,-7.996,0],[755.41,244.733,42.761,-0.997,0.08,-0.014,0,0.174,0.985,0.081,0.982,-0.173],12.5,"FreeFall",1,[683,384],[[],["Space"]]],[[757.064,231.025,44.8,-0.999,0,0.052,0,1,0,-0.052,0,-0.999],[],1,5,[-15.968,4.921,1.012],[0,-7.996,0],[755.109,244.835,42.811,-0.995,0.097,-0.017,0,0.174,0.985,0.098,0.98,-0.173],12.5,"FreeFall",1,[683,384],[[],[]]],[[756.798,231.073,44.821,-0.999,0,0.035,0,1,0,-0.035,0,-0.999],[],1,5,[-15.948,1.651,1.287],[0,-7.996,0],[754.806,244.883,42.869,-0.993,0.115,-0.02,0,0.174,0.985,0.117,0.978,-0.172],12.5,"FreeFall",1,[683,384],[[],[]]],[[756.599,231.073,44.84,-1,0,-0.017,0,1,0,0.017,0,-1],[],1,5,[-15.924,-0.802,1.554],[0,-7.996,0],[754.574,244.884,42.923,-0.991,0.132,-0.023,0,0.174,0.985,0.134,0.976,-0.172],12.5,"FreeFall",1,[683,384],[[],[]]],[[756.267,231.006,44.878,-0.999,0,0.032,0,1,0,-0.032,0,-0.999],[],1,5,[-15.891,-4.889,1.866],[0,-7.996,0],[754.213,244.816,42.993,-0.989,0.147,-0.026,0,0.174,0.985,0.149,0.974,-0.172],12.5,"FreeFall",1,[683,384],[[],[]]],[[756.003,230.89,44.913,-1,0,-0.017,0,1,0,0.017,0,-1],[],1,5,[-15.857,-8.159,2.137],[0,-7.996,0],[753.919,244.7,43.061,-0.986,0.162,-0.029,0,0.174,0.985,0.165,0.971,-0.171],12.5,"FreeFall",1,[683,384],[[],[]]],[[755.673,230.669,44.962,-1,0,0.001,0,1,0,-0.001,0,-1],[["fall",0.3]],1,5,[-15.821,-12.247,2.389],[0,-7.996,0],[753.538,244.479,43.169,-0.981,0.19,-0.033,0,0.174,0.985,0.193,0.966,-0.17],12.5,"FreeFall",1,[683,384],[[],[]]],[[755.41,230.431,45.005,-0.998,0,-0.061,0,1,0,0.061,0,-0.998],[],1,5,[-15.782,-15.517,2.635],[0,-7.996,0],[753.239,244.241,43.257,-0.977,0.21,-0.037,0,0.174,0.985,0.213,0.962,-0.17],12.5,"FreeFall",1,[683,384],[[],[]]],[[755.148,230.138,45.056,-0.997,0,-0.081,0,1,0,0.081,0,-0.997],[],1,5,[-15.701,-18.787,3.076],[0,-7.996,0],[752.944,243.948,43.348,-0.973,0.228,-0.04,0,0.174,0.985,0.231,0.958,-0.169],12.5,"FreeFall",1,[683,384],[["W"],[]]],[[754.842,229.696,45.151,-0.996,0,-0.091,0,1,0,0.091,0,-0.996],[],1,5,[-14.028,-22.874,5.54],[0,-6.536,0],[752.604,243.506,43.489,-0.968,0.247,-0.044,0,0.174,0.985,0.251,0.953,-0.168],12.5,"FreeFall",1,[683,384],[[],[]]],[[754.623,229.28,45.263,-0.989,0,-0.145,0,1,0,0.145,0,-0.989],[],1,5,[-12.664,-26.144,7.495],[0,-6.454,0],[752.379,243.091,43.608,-0.967,0.25,-0.044,0,0.174,0.985,0.254,0.953,-0.168],12.5,"FreeFall",1,[683,384],[[],[]]],[[754.426,228.811,45.408,-0.989,0,-0.15,0,1,0,0.15,0,-0.989],[],1,5,[-11.268,-29.414,9.426],[0,-6.322,0],[752.182,242.621,43.753,-0.967,0.25,-0.044,0,0.174,0.985,0.254,0.953,-0.168],12.5,"FreeFall",1,[683,384],[[],[]]],[[754.337,228.555,45.493,-0.979,0,-0.203,0,1,0,0.203,0,-0.979],[],1,5,[-10.566,-31.049,10.39],[0,-6.294,0],[752.114,242.365,43.81,-0.97,0.238,-0.042,0,0.174,0.985,0.242,0.956,-0.168],12.5,"FreeFall",1,[683,384],[[],[]]],[[754.175,228.004,45.686,-0.99,0,-0.14,0,1,0,0.14,0,-0.99],[["fall",0.3]],1,5,[-9.162,-34.319,12.316],[0,-6.193,0],[752.028,241.803,43.835,-0.981,0.19,-0.034,0,0.178,0.984,0.193,0.965,-0.175],12.5,"FreeFall",1,[683,384],[[],[]]],[[754.068,227.554,45.851,-0.993,0,-0.119,0,1,0,0.119,0,-0.993],[],1,5,[-8.341,-36.772,13.563],[0,-5.94,0],[752.188,241.311,43.497,-0.999,0.053,-0.011,0,0.196,0.981,0.054,0.979,-0.196],12.5,"FreeFall",1,[683,384],[[],[]]],[[753.921,226.907,46.074,-0.999,0,0.036,0,1,0,-0.036,0,-0.999],[],1,5,[-8.909,-40.042,13.288],[0,-5.252,0],[752.797,240.585,42.949,-0.978,-0.203,0.047,0,0.226,0.974,-0.208,0.953,-0.221],12.5,"FreeFall",1,[683,384],[[],[]]],[[753.738,226.24,46.096,-0.98,-0.003,0.198,-0.012,0.999,-0.043,-0.198,-0.044,-0.979],[],1,5,[-11.848,-40.275,-1.511],[-0.618,0.321,0.29],[754.071,239.793,42.304,-0.838,-0.526,0.144,0,0.264,0.964,-0.546,0.808,-0.222],12.5,"FreeFall",1,[683,384],[[],[]]],[[753.481,226.655,45.906,-0.864,0.001,0.503,0,1,-0.001,-0.503,-0.001,-0.864],[["walk",0.1],["fall",0.3],["fall",0.3]],1,7,[-12.887,30.279,5.132],[3.91,2.092,0.616],[755.649,240.06,42.312,-0.563,-0.787,0.252,0,0.305,0.952,-0.827,0.536,-0.172],12.5,"FreeFall",1,[683,384],[[],[]]],[[753.333,227.003,45.726,-0.574,0.012,0.818,-0.007,1,-0.02,-0.819,-0.017,-0.574],[],1,7,[-12.109,26.051,-0.759],[-0.389,-0.168,-0.339],[756.893,240.276,42.845,-0.28,-0.904,0.323,0,0.336,0.942,-0.96,0.263,-0.094],12.5,"FreeFall",1,[683,384],[[],["D"]]],[[753.152,227.403,45.719,-0.279,0.007,0.96,-0.003,1,-0.008,-0.96,-0.006,-0.279],[["walk",0.1],["fall",0.3],["walk",0.1]],0.837,8,[-10.026,22.786,-0.383],[0.551,-0.021,0.722],[757.494,240.582,43.674,-0.065,-0.932,0.356,0,0.356,0.934,-0.998,0.061,-0.023],12.5,"Running",1,[683,384],[[],[]]],[[753.011,227.749,45.712,-0.065,0,0.998,0.001,1,0,-0.998,0.001,-0.065],[["walk",0.1],["walk",0.1]],0.692,8,[-7.519,19.514,-0.399],[0.122,-0.003,0.271],[757.793,240.828,44.175,0.045,-0.925,0.376,0,0.377,0.926,-0.999,-0.041,0.017],12.5,"Running",1,[683,384],[["Space"],[]]],[[752.854,228.856,45.704,0.045,-0.005,0.999,0.003,1,0.005,-0.999,0.003,0.045],[["walk",0.1],["jump",0.1]],1,3,[-7.519,53.153,-0.399],[0.122,-0.004,0.271],[757.628,241.936,44.171,0.045,-0.925,0.376,0,0.377,0.926,-0.999,-0.041,0.017],12.5,"Jumping",1,[683,384],[[],[]]],[[752.746,229.5,45.698,0.045,-0.005,0.999,0.003,1,0.004,-0.999,0.002,0.045],[["jump",0.1]],1,5,[-9.184,50.702,-0.519],[-0.095,-0.001,-0.164],[757.521,242.58,44.164,0.045,-0.925,0.376,0,0.377,0.926,-0.999,-0.041,0.017],12.5,"FreeFall",1,[683,384],[[],[]]],[[752.568,230.311,45.688,0.045,-0.002,0.999,0.001,1,0.002,-0.999,0.001,0.045],[],1,5,[-11.57,47.431,-0.594],[-0.08,0,-0.149],[757.348,243.391,44.152,0.045,-0.925,0.376,0,0.377,0.926,-0.999,-0.041,0.017],12.5,"FreeFall",1,[683,384],[[],[]]],[[752.351,231.068,45.678,0.045,0,0.999,0,1,0,-0.999,0,0.045],[],1,5,[-13.979,44.161,-0.657],[-0.027,0,-0.051],[757.132,244.147,44.14,0.045,-0.925,0.376,0,0.377,0.926,-0.999,-0.041,0.017],12.5,"FreeFall",1,[683,384],[[],[]]],[[752.095,231.77,45.666,0.045,0,0.999,0,1,0,-0.999,0,0.045],[],1,5,[-15.87,40.891,-0.713],[-0.003,0,-0.007],[756.877,244.849,44.128,0.045,-0.925,0.376,0,0.377,0.926,-0.999,-0.041,0.017],12.5,"FreeFall",1,[683,384],[[],[]]],[[751.829,232.417,45.654,0.045,0,0.999,0,1,0,-0.999,0,0.045],[],1,5,[-15.983,37.621,-0.716],[0.002,0,0.003],[756.611,245.497,44.116,0.045,-0.925,0.376,0,0.377,0.926,-0.999,-0.041,0.017],12.5,"FreeFall",1,[683,384],[[],[]]],[[751.563,233.01,45.642,0.045,0,0.999,0,1,0,-0.999,0,0.045],[],1,5,[-15.985,34.351,-0.716],[0.001,0,0.002],[756.345,246.089,44.105,0.045,-0.925,0.376,0,0.377,0.926,-0.999,-0.041,0.017],12.5,"FreeFall",1,[683,384],[[],[]]],[[751.296,233.549,45.63,0.045,0,0.999,0,1,0,-0.999,0,0.045],[],1,5,[-15.984,31.081,-0.716],[0,0,0.001],[756.078,246.628,44.093,0.045,-0.925,0.376,0,0.377,0.926,-0.999,-0.041,0.017],12.5,"FreeFall",1,[683,384],[[],[]]],[[751.03,234.033,45.618,0.045,0,0.999,0,1,0,-0.999,0,0.045],[],1,5,[-15.984,27.811,-0.716],[0,0,0],[755.812,247.112,44.081,0.045,-0.925,0.376,0,0.377,0.926,-0.999,-0.041,0.017],12.5,"FreeFall",1,[683,384],[[],[]]],[[750.763,234.462,45.606,0.045,0,0.999,0,1,0,-0.999,0,0.045],[],1,5,[-15.984,24.541,-0.716],[0,0,0],[755.545,247.541,44.069,0.045,-0.925,0.376,0,0.377,0.926,-0.999,-0.041,0.017],12.5,"FreeFall",1,[683,384],[[],[]]],[[750.497,234.837,45.594,0.045,0,0.999,0,1,0,-0.999,0,0.045],[],1,5,[-15.984,21.271,-0.716],[0,0,0],[755.335,247.893,44.059,0.045,-0.924,0.381,0,0.381,0.925,-0.999,-0.041,0.017],12.5,"FreeFall",1,[683,384],[[],[]]],[[750.231,235.157,45.582,0.045,0,0.999,0,1,0,-0.999,0,0.045],[],1,5,[-15.984,18.001,-0.716],[0,0,0],[755.069,248.214,44.047,0.045,-0.924,0.381,0,0.381,0.925,-0.999,-0.041,0.017],12.5,"FreeFall",1,[683,384],[[],[]]],[[749.964,235.423,45.57,0.045,0,0.999,0,1,0,-0.999,0,0.045],[],1,5,[-15.984,14.731,-0.716],[0,0,0],[754.797,248.48,44.02,0.042,-0.924,0.381,0,0.381,0.925,-0.999,-0.038,0.016],12.5,"FreeFall",1,[683,384],[[],[]]],[[749.698,235.635,45.559,0.042,0,0.999,0,1,0,-0.999,0,0.042],[],1,5,[-15.984,11.461,-0.716],[0,-0.022,0],[754.503,248.703,44.007,0.042,-0.925,0.379,0,0.379,0.925,-0.999,-0.039,0.016],12.5,"FreeFall",1,[683,384],[[],[]]],[[749.432,235.792,45.547,0.042,0,0.999,0,1,0,-0.999,0,0.042],[],1,5,[-15.986,8.191,-0.667],[0,-0.003,0],[754.181,248.883,43.994,0.042,-0.926,0.374,0,0.374,0.927,-0.999,-0.039,0.016],12.5,"FreeFall",1,[683,384],[[],[]]],[[749.165,235.894,45.536,0.042,0,0.999,0,1,0,-0.999,0,0.042],[],1,5,[-15.986,4.921,-0.666],[0,0,0],[753.83,249.019,43.979,0.042,-0.929,0.367,0,0.368,0.93,-0.999,-0.039,0.015],12.5,"FreeFall",1,[683,384],[[],["Space"]]],[[748.832,235.946,45.522,0.042,0,0.999,0,1,0,-0.999,0,0.042],[],1,5,[-15.986,0.834,-0.666],[0,0,0],[753.469,249.081,43.964,0.042,-0.93,0.365,0,0.365,0.931,-0.999,-0.039,0.015],12.5,"FreeFall",1,[683,384],[[],[]]],[[748.566,235.926,45.511,0.042,0,0.999,0,1,0,-0.999,0,0.042],[],1,5,[-15.986,-2.436,-0.666],[0,0,0],[753.161,249.077,43.951,0.042,-0.931,0.362,0,0.362,0.932,-0.999,-0.039,0.015],12.5,"FreeFall",1,[683,384],[[],[]]],[[748.366,235.875,45.503,0.042,0,0.999,0,1,0,-0.999,0,0.042],[],1,5,[-15.986,-4.889,-0.666],[0,0,0],[752.85,249.064,43.903,0.034,-0.935,0.354,0,0.354,0.935,-0.999,-0.032,0.012],12.5,"FreeFall",1,[683,384],[[],[]]],[[748.1,235.759,45.492,0.034,0,0.999,0,1,0,-0.999,0,0.034],[["fall",0.3]],1,5,[-15.986,-8.159,-0.666],[0,-0.056,0],[752.421,249.002,43.833,0.021,-0.939,0.343,0,0.343,0.939,-1,-0.02,0.007],12.5,"FreeFall",1,[683,384],[[],[]]],[[747.833,235.589,45.483,0.023,0,1,0,1,0,-1,0,0.023],[],1,5,[-15.991,-11.429,-0.543],[0,-0.095,0],[751.957,248.893,43.755,0.005,-0.944,0.329,0,0.329,0.944,-1,-0.005,0.002],12.5,"FreeFall",1,[683,384],[[],[]]],[[747.567,235.365,45.476,0.007,0,1,0,1,0,-1,0,0.007],[],1,5,[-15.996,-14.699,-0.343],[0,-0.122,0],[751.5,248.722,43.674,-0.013,-0.948,0.317,0,0.317,0.949,-1,0.013,-0.004],12.5,"FreeFall",1,[683,384],[[],[]]],[[747.3,235.085,45.474,-0.011,0,1,0,1,0,-1,0,-0.011],[],1,5,[-16,-17.969,-0.093],[0,-0.147,0],[751.063,248.485,43.59,-0.035,-0.951,0.306,0,0.306,0.952,-0.999,0.034,-0.011],12.5,"FreeFall",1,[683,384],[[],[]]],[[747.034,234.752,45.477,-0.033,0,0.999,0,1,0,-0.999,0,-0.033],[],1,5,[-15.999,-21.239,0.208],[0,-0.173,0],[750.616,248.192,43.501,-0.062,-0.953,0.295,0,0.296,0.955,-0.998,0.059,-0.018],12.5,"FreeFall",1,[683,384],[[],[]]],[[746.7,234.258,45.488,-0.058,0,0.998,0,1,0,-0.998,0,-0.058],[],1,5,[-15.99,-25.326,0.563],[0,-0.211,0],[750.14,247.73,43.448,-0.082,-0.954,0.287,0,0.288,0.958,-0.997,0.079,-0.024],12.5,"FreeFall",1,[683,384],[[],[]]],[[746.501,233.921,45.499,-0.08,0,0.997,0,1,0,-0.997,0,-0.08],[["fall",0.3]],1,5,[-15.97,-27.779,0.97],[0,-0.173,0],[749.843,247.414,43.423,-0.095,-0.955,0.281,0,0.282,0.959,-0.995,0.091,-0.027],12.5,"FreeFall",1,[683,384],[[],[]]],[[746.235,233.424,45.521,-0.093,0,0.996,0,1,0,-0.996,0,-0.093],[],1,5,[-15.946,-31.049,1.311],[0,-0.109,0],[749.499,246.934,43.419,-0.104,-0.956,0.276,0,0.277,0.961,-0.995,0.1,-0.029],12.5,"FreeFall",1,[683,384],[[],[]]],[[745.969,232.873,45.545,-0.103,0,0.995,0,1,0,-0.995,0,-0.103],[],1,5,[-15.928,-34.319,1.514],[0,-0.079,0],[749.064,246.42,43.398,-0.123,-0.956,0.265,0,0.267,0.964,-0.992,0.119,-0.033],12.5,"FreeFall",1,[683,384],[[],[]]],[[745.638,232.107,45.58,-0.12,0,0.993,0,1,0,-0.993,0,-0.12],[],1,5,[-15.913,-38.406,1.667],[0,-0.146,0],[748.6,245.681,43.403,-0.137,-0.957,0.256,0,0.259,0.966,-0.991,0.132,-0.035],12.5,"FreeFall",1,[683,384],[[],[]]],[[745.439,231.606,45.604,-0.135,0,0.991,0,1,0,-0.991,0,-0.135],[],1,5,[-15.88,-40.859,1.952],[0,-0.12,0],[748.288,245.204,43.403,-0.149,-0.957,0.249,0,0.252,0.968,-0.989,0.145,-0.038],12.5,"FreeFall",1,[683,384],[[],[]]],[[745.175,230.891,45.64,-0.148,0,0.989,0,1,0,-0.989,0,-0.148],[],1,5,[-15.85,-44.129,2.188],[0,-0.103,0],[747.973,244.5,43.437,-0.153,-0.957,0.245,0,0.248,0.969,-0.988,0.148,-0.038],12.5,"FreeFall",1,[683,384],[[],[]]],[[744.911,230.122,45.679,-0.152,0,0.988,0,1,0,-0.988,0,-0.152],[],1,5,[-15.821,-47.399,2.387],[0,-0.034,0],[747.662,243.742,43.479,-0.154,-0.958,0.242,0,0.245,0.97,-0.988,0.149,-0.038],12.5,"FreeFall",1,[683,384],[[],[]]],[[744.582,229.083,45.73,-0.154,0,0.988,0,1,0,-0.988,0,-0.154],[["fall",0.3]],1,5,[-15.813,-51.486,2.441],[0,-0.014,0],[747.3,242.711,43.53,-0.156,-0.958,0.239,0,0.242,0.97,-0.988,0.151,-0.038],12.5,"FreeFall",1,[683,384],[[],[]]],[[744.384,228.419,45.76,-0.156,0,0.988,0,1,0,-0.988,0,-0.156],[],1,5,[-15.809,-53.939,2.464],[0,-0.013,0],[747.074,242.054,43.565,-0.156,-0.959,0.237,0,0.24,0.971,-0.988,0.151,-0.037],12.5,"FreeFall",1,[683,384],[[],[]]],[[744.121,227.486,45.802,-0.156,0,0.988,0,1,0,-0.988,0,-0.156],[],1,5,[-15.805,-57.209,2.49],[0,-0.001,0],[746.781,241.128,43.611,-0.156,-0.96,0.235,0,0.238,0.971,-0.988,0.151,-0.037],12.5,"FreeFall",1,[683,384],[[],[]]],[[743.857,226.498,45.843,-0.156,0,0.988,0,1,0,-0.988,0,-0.156],[],1,5,[-15.805,-60.479,2.491],[0,0,0],[746.46,240.155,43.662,-0.156,-0.961,0.23,0,0.233,0.973,-0.988,0.151,-0.036],12.5,"FreeFall",1,[683,384],[[],[]]],[[743.594,225.456,45.885,-0.156,0,0.988,0,1,0,-0.988,0,-0.156],[],1,5,[-15.805,-63.749,2.491],[0,0,0],[746.138,239.127,43.712,-0.156,-0.962,0.225,0,0.228,0.974,-0.988,0.152,-0.036],12.5,"FreeFall",1,[683,384],[[],[]]],[[743.444,225.304,45.91,-0.12,0,0.993,0.002,1,0,-0.993,0.002,-0.12],[["walk",0.1],["fall",0.3],["fall",0.3]],1,7,[0.25,-0.309,0.225],[0.42,-8.702,-0.133],[745.926,238.992,43.763,-0.151,-0.964,0.22,0,0.222,0.975,-0.989,0.147,-0.034],12.5,"FreeFall",1,[683,384],[[],[]]],[[743.391,225.303,45.931,-0.072,0,0.997,0.002,1,0.001,-0.997,0.003,-0.072],[],1,7,[-2.891,-0.312,1.577],[-0.121,-5.355,0.862],[745.809,239.007,43.808,-0.146,-0.966,0.214,0,0.216,0.976,-0.989,0.143,-0.032],12.5,"FreeFall",1,[683,384],[[],[]]],[[743.396,225.301,45.948,-0.096,0.005,0.995,0.002,1,-0.005,-0.995,0.001,-0.096],[["fall",0.3],["walk",0.1],["fall",0.3],["walk",0.1]],0.227,8,[-2.026,-0.731,1.651],[-0.138,-3.016,-1.477],[745.731,239.027,43.849,-0.142,-0.968,0.206,0,0.208,0.978,-0.99,0.139,-0.029],12.5,"Running",1,[683,384],[[],[]]],[[743.388,225.304,45.973,-0.091,0.001,0.996,0.001,1,-0.001,-0.996,0.001,-0.091],[["walk",0.1]],0.18,8,[-2.334,0.02,2.015],[-0.03,-3.753,0.004],[745.665,239.043,43.889,-0.139,-0.97,0.201,0,0.203,0.979,-0.99,0.136,-0.028],12.5,"Running",1,[683,384],[["Space"],[]]],[[743.406,226.411,46.01,-0.057,0.023,0.998,0.001,1,-0.023,-0.998,0,-0.057],[["walk",0.1],["jump",0.1]],1,3,[-1.444,53.152,2.023],[-0.105,-3.841,-0.92],[745.663,240.161,43.939,-0.135,-0.971,0.197,0,0.199,0.98,-0.991,0.133,-0.027],12.5,"Jumping",1,[683,384],[[],[]]],[[743.416,227.075,46.031,-0.087,0.036,0.996,0.001,0.999,-0.036,-0.996,-0.002,-0.087],[],1,3,[-1.444,53.152,2.032],[-0.121,-3.837,-0.922],[745.64,240.837,43.973,-0.132,-0.972,0.192,0,0.194,0.981,-0.991,0.13,-0.026],12.5,"Jumping",1,[683,384],[[],["W"]]],[[743.483,227.922,46.034,-0.107,0.016,0.994,0,1,-0.016,-0.994,-0.001,-0.107],[["jump",0.1]],1,5,[-0.335,49.573,0.151],[0.106,-0.508,1.121],[745.651,241.69,43.983,-0.131,-0.973,0.19,0,0.191,0.981,-0.991,0.128,-0.025],12.5,"FreeFall",1,[683,384],[[],[]]],[[743.485,228.714,46.034,-0.128,0.003,0.992,0,1,-0.004,-0.992,0,-0.128],[],1,5,[-0.139,46.298,0.019],[0.058,-0.059,0.493],[745.597,242.491,43.997,-0.128,-0.974,0.186,0,0.188,0.982,-0.992,0.125,-0.024],12.5,"FreeFall",1,[683,384],[[],[]]],[[743.484,229.451,46.034,-0.127,0,0.992,0,1,0,-0.992,0,-0.127],[],1,5,[-0.029,43.028,0.004],[0.014,-0.007,0.102],[745.561,243.234,44.002,-0.128,-0.975,0.184,0,0.186,0.983,-0.992,0.125,-0.024],12.5,"FreeFall",1,[683,384],[[],[]]],[[743.486,230.134,46.034,-0.127,0,0.992,0,1,0,-0.992,0,-0.127],[],1,5,[0.002,39.75,0],[0.001,-0.005,-0.002],[745.533,243.923,44.005,-0.128,-0.975,0.182,0,0.183,0.983,-0.992,0.126,-0.023],12.5,"FreeFall",1,[683,384],[[],[]]],[[743.488,230.763,46.033,-0.128,0,0.992,0,1,0,-0.992,0,-0.128],[],1,5,[0,36.48,0],[0.001,-0.001,0],[745.521,244.554,44.007,-0.128,-0.975,0.18,0,0.182,0.983,-0.992,0.126,-0.023],12.5,"FreeFall",1,[683,384],[[],[]]],[[743.494,231.472,46.037,-0.128,0,0.992,0,1,0,-0.992,0,-0.128],[],1,5,[0.008,32.393,0.011],[0.001,0,0.006],[745.511,245.266,44.012,-0.128,-0.975,0.179,0,0.181,0.984,-0.992,0.126,-0.023],12.5,"FreeFall",1,[683,384],[[],[]]],[[743.494,231.856,46.037,-0.128,0,0.992,0,1,0,-0.992,0,-0.128],[],1,5,[-0.001,29.94,0.001],[0.001,0,0.004],[745.511,245.65,44.012,-0.128,-0.975,0.179,0,0.181,0.984,-0.992,0.126,-0.023],12.5,"FreeFall",1,[683,384],[[],[]]],[[743.494,232.321,46.037,-0.128,0,0.992,0,1,0,-0.992,0,-0.128],[],1,5,[0,26.67,0],[0,0,0.001],[745.482,246.121,44.016,-0.128,-0.976,0.177,0,0.178,0.984,-0.992,0.126,-0.023],12.5,"FreeFall",1,[683,384],[[],[]]],[[743.494,232.732,46.037,-0.128,0,0.992,0,1,0,-0.992,0,-0.128],[],1,5,[0,23.4,0],[0,0,0],[745.467,246.534,44.018,-0.128,-0.976,0.176,0,0.177,0.984,-0.992,0.126,-0.023],12.5,"FreeFall",1,[683,384],[[],[]]],[[743.494,233.168,46.037,-0.128,0,0.992,0,1,0,-0.992,0,-0.128],[],1,5,[0,19.313,0],[0,0,0],[745.467,246.97,44.018,-0.128,-0.976,0.176,0,0.177,0.984,-0.992,0.126,-0.023],12.5,"FreeFall",1,[683,384],[[],[]]],[[743.494,233.389,46.037,-0.128,0,0.992,0,1,0,-0.992,0,-0.128],[],1,5,[0,16.86,0],[0,0,0],[745.467,247.191,44.018,-0.128,-0.976,0.176,0,0.177,0.984,-0.992,0.126,-0.023],12.5,"FreeFall",1,[683,384],[["W"],[]]],[[743.469,233.636,46.04,-0.128,0,0.992,0,1,0,-0.992,0,-0.128],[],1,5,[-2.364,13.59,0.304],[0,0,0],[745.442,247.438,44.021,-0.128,-0.976,0.176,0,0.177,0.984,-0.992,0.126,-0.023],12.5,"FreeFall",1,[683,384],[[],[]]],[[743.475,233.823,46.056,-0.119,0,0.993,-0.001,1,0,-0.993,-0.001,-0.119],[],1,5,[0.097,10.003,0.239],[0.006,-0.187,-0.001],[745.455,247.625,44.042,-0.125,-0.977,0.176,0,0.177,0.984,-0.992,0.123,-0.022],12.5,"FreeFall",1,[683,384],[[],[]]],[[743.477,233.98,46.076,-0.124,0,0.992,0,1,0,-0.992,0,-0.124],[],1,5,[0.381,5.916,0.831],[0.022,0.011,-0.003],[745.626,247.766,44.138,-0.084,-0.979,0.184,0,0.184,0.983,-0.996,0.083,-0.015],12.5,"FreeFall",1,[683,384],[[],[]]],[[743.467,234.034,46.087,-0.087,0,0.996,0,1,0,-0.996,0,-0.087],[],1,5,[-1.403,3.463,0.956],[0.011,0.264,-0.001],[746.161,247.76,44.485,0.056,-0.977,0.208,0,0.208,0.978,-0.998,-0.055,0.012],12.5,"FreeFall",1,[683,384],[[],[]]],[[743.419,234.057,46.104,0.042,0,0.999,0,1,0,-0.999,0,0.042],[],1,5,[-3.786,0.193,1.018],[0.002,1.019,0],[746.931,247.663,45.443,0.32,-0.917,0.236,0,0.249,0.968,-0.947,-0.31,0.08],12.5,"FreeFall",1,[683,384],[[],[]]],[[743.625,234.026,46.052,0.276,0.001,0.961,0,1,-0.001,-0.961,0,0.276],[["fall",0.3]],1,5,[3.747,-3.124,-5.021],[-0.002,2.22,0.031],[747.423,246.775,46.738,0.605,-0.762,0.233,0,0.292,0.956,-0.796,-0.578,0.177],12.5,"FreeFall",1,[683,384],[[],[]]],[[743.827,233.923,45.974,0.578,0.001,0.816,-0.003,1,0.001,-0.816,-0.003,0.578],[["walk",0.1],["fall",0.3],["fall",0.3]],1,7,[-1.338,-6.488,-4.37],[-0.431,2.598,-0.014],[747.261,245.153,47.152,0.741,-0.638,0.209,0,0.311,0.95,-0.671,-0.704,0.23],12.5,"FreeFall",1,[683,384],[[],[]]],[[743.92,233.794,45.905,0.734,0.001,0.679,-0.004,1,0.003,-0.679,-0.005,0.734],[],1,7,[0.047,-8.698,-3.983],[0.129,-0.152,0.001],[747.262,244.362,47,0.744,-0.633,0.213,0,0.319,0.948,-0.668,-0.706,0.237],12.5,"FreeFall",1,[683,384],[[],[]]],[[743.933,233.615,45.864,0.745,0,0.667,-0.001,1,0.001,-0.667,-0.001,0.745],[["walk",0.1],["fall",0.3],["walk",0.1]],0.275,8,[0.035,-11.958,-1.583],[0.18,-0.011,0.031],[747.507,244.403,46.473,0.623,-0.74,0.253,0,0.323,0.946,-0.782,-0.59,0.202],12.5,"Running",1,[683,384],[[],[]]],[[743.934,234.5,45.838,0.624,0,0.782,0.002,1,-0.001,-0.782,0.002,0.624],[["walk",0.1],["jump",0.1]],1,3,[0.035,53.153,-1.583],[0.18,-0.011,0.031],[747.591,245.854,45.078,0.278,-0.911,0.305,0,0.318,0.948,-0.961,-0.264,0.088],12.5,"Jumping",1,[683,384],[[],[]]],[[743.903,235.557,45.783,0.324,0,0.946,0.001,1,0,-0.946,0.001,0.324],[["jump",0.1]],1,5,[-2.44,49.066,-3.303],[-0.073,-2.917,0.006],[747.25,247.341,44.28,0.075,-0.952,0.298,0,0.299,0.954,-0.997,-0.071,0.022],12.5,"FreeFall",1,[683,384],[[],[]]],[[743.858,236.15,45.74,0.101,0,0.995,0,1,0,-0.995,0.001,0.101],[],1,5,[-4.222,46.613,-3.457],[-0.051,-1.908,0.013],[746.859,248.44,43.85,-0.046,-0.96,0.275,0,0.275,0.961,-0.999,0.045,-0.013],12.5,"FreeFall",1,[683,384],[[],[]]],[[743.763,236.892,45.687,-0.025,0,1,0,1,0,-1,0,-0.025],[],1,5,[-6.561,43.343,-2.999],[-0.015,-1.076,0.009],[746.465,249.603,43.645,-0.104,-0.963,0.249,0,0.25,0.968,-0.995,0.101,-0.026],12.5,"FreeFall",1,[683,384],[[],["W"]]],[[743.676,237.581,45.648,-0.099,0,0.995,0,1,0,-0.995,0,-0.099],[],1,5,[-4.391,40.073,-2.005],[-0.001,-0.124,0.003],[746.18,250.601,43.53,-0.139,-0.963,0.232,0,0.234,0.972,-0.99,0.135,-0.032],12.5,"FreeFall",1,[683,384],[[],[]]],[[743.619,238.365,45.621,-0.138,0,0.99,0,1,0,-0.99,0,-0.138],[],1,5,[-1.68,35.986,-0.767],[0.001,-0.008,0],[746.056,251.581,43.444,-0.163,-0.96,0.226,0,0.229,0.973,-0.987,0.159,-0.037],12.5,"FreeFall",1,[683,384],[[],[]]],[[743.61,238.794,45.618,-0.163,0,0.987,0,1,0,-0.987,0,-0.163],[],1,5,[-0.224,33.533,-0.102],[0.001,-0.002,0],[746.053,252.152,43.404,-0.176,-0.958,0.226,0,0.229,0.973,-0.984,0.171,-0.04],12.5,"FreeFall",1,[683,384],[[],[]]],[[743.61,239.319,45.617,-0.176,0,0.984,0,1,0,-0.984,0,-0.176],[],1,5,[-0.004,30.263,-0.002],[0,0,0],[746.061,252.775,43.384,-0.182,-0.957,0.225,0,0.229,0.973,-0.983,0.177,-0.042],12.5,"FreeFall",1,[683,384],[[],[]]],[[743.61,239.789,45.617,-0.182,0,0.983,0,1,0,-0.983,0,-0.182],[],1,5,[0,26.993,0],[0,0,0],[746.045,253.314,43.347,-0.196,-0.955,0.225,0,0.229,0.973,-0.981,0.191,-0.045],12.5,"FreeFall",1,[683,384],[[],[]]],[[743.61,240.3,45.617,-0.196,0,0.981,0,1,0,-0.981,0,-0.196],[],1,5,[0,22.906,0],[0,0,0],[745.948,253.882,43.286,-0.224,-0.95,0.22,0,0.226,0.974,-0.975,0.218,-0.05],12.5,"FreeFall",1,[683,384],[[],[]]],[[743.61,240.566,45.617,-0.224,0,0.975,0,1,0,-0.975,0,-0.224],[],1,5,[0,20.453,0],[0,0,0],[745.809,254.192,43.231,-0.254,-0.944,0.213,0,0.22,0.976,-0.967,0.248,-0.056],12.5,"FreeFall",1,[683,384],[[],[]]],[[743.61,240.873,45.617,-0.254,0,0.967,0,1,0,-0.967,0,-0.254],[],1,5,[0,17.183,0],[0,0,0],[745.707,254.533,43.184,-0.28,-0.937,0.208,0,0.216,0.976,-0.96,0.273,-0.061],12.5,"FreeFall",1,[683,384],[[],[]]],[[743.61,241.125,45.617,-0.28,0,0.96,0,1,0,-0.96,0,-0.28],[],1,5,[0,13.913,0],[0,