{"Replay":[[[776.028,222.662,47.142,0,0,1,0,1,0,-1,0,0],[],1,8,[0,0,0],[0,0,0],[776.238,239.794,43.19,-0.999,-0.051,0.013,0,0.245,0.969,-0.053,0.968,-0.245],16.125,"Standing",0,[683,357.5],[[],[]]],[[776.028,222.662,47.142,0,0,1,0,1,0,-1,0,0],[],1,8,[0,0.009,0],[0,0,0],[776.238,239.794,43.19,-0.999,-0.051,0.013,0,0.245,0.969,-0.053,0.968,-0.245],16.125,"Standing",0,[683,357.5],[[],[]]],[[776.028,222.662,47.142,0,0,1,0,1,0,-1,0,0],[],1,8,[0,0.006,0],[0,0,0],[776.238,239.794,43.19,-0.999,-0.051,0.013,0,0.245,0.969,-0.053,0.968,-0.245],16.125,"Standing",0,[683,358],[[],[]]],[[776.028,222.662,47.142,0,0,1,0,1,0,-1,0,0],[],1,8,[0,0.002,0],[0,0,0],[776.235,239.808,43.246,-0.999,-0.051,0.013,0,0.242,0.97,-0.053,0.969,-0.242],16.125,"Standing",0,[683,358],[["b2"],[]]],[[776.028,222.662,47.142,0,0,1,0,1,0,-1,0,0],[],1,8,[0,0,0],[0,0,0],[776.223,239.836,43.36,-0.999,-0.05,0.012,0,0.235,0.972,-0.051,0.971,-0.235],16.125,"Standing",0,[683,358],[[],[]]],[[776.028,222.662,47.142,0,0,1,0,1,0,-1,0,0],[],1,8,[0,0,0],[0,0,0],[776.207,239.854,43.435,-0.999,-0.047,0.011,0,0.23,0.973,-0.048,0.972,-0.23],16.125,"Standing",0,[683,358],[[],[]]],[[776.028,222.662,47.142,0,0,1,0,1,0,-1,0,0],[],1,8,[0,0,0],[0,0,0],[776.197,239.877,43.529,-0.999,-0.046,0.01,0,0.224,0.975,-0.047,0.973,-0.224],16.125,"Standing",0,[683,358],[[],[]]],[[776.028,222.662,47.142,0,0,1,0,1,0,-1,0,0],[],1,8,[0,0,0],[0,0,0],[776.17,239.902,43.642,-0.999,-0.039,0.009,0,0.217,0.976,-0.04,0.975,-0.217],16.125,"Standing",0,[683,358],[[],["E"]]],[[776.028,222.662,47.142,0,0,1,0,1,0,-1,0,0],[],1,8,[0,0,0],[0,0,0],[776.144,239.927,43.756,-0.999,-0.033,0.007,0,0.21,0.978,-0.034,0.977,-0.21],16.125,"Standing",0,[683,358],[[],[]]],[[776.028,222.662,47.142,0,0,1,0,1,0,-1,0,0],[],1,8,[0,0,0],[0,0,0],[776.119,239.952,43.87,-1,-0.027,0.006,0,0.203,0.979,-0.028,0.979,-0.203],16.125,"Standing",0,[683,358],[[],[]]],[[776.028,222.662,47.142,0,0,1,0,1,0,-1,0,0],[],1,8,[0,0,0],[0,0,0],[776.086,239.979,44.003,-1,-0.018,0.004,0,0.195,0.981,-0.018,0.981,-0.195],16.125,"Standing",0,[683,358],[[],[]]],[[776.028,222.662,47.142,0,0,1,0,1,0,-1,0,0],[],1,8,[0,0,0],[0,0,0],[776.022,240.019,44.213,-1,0.002,0,0,0.182,0.983,0.002,0.983,-0.182],16.125,"Standing",0,[683,358],[["D"],[]]],[[775.708,222.662,47.136,0.003,0,1,0,1,0,-1,0,0.003],[],1,8,[-15.793,0,-0.291],[0,-0.147,0],[775.68,240.033,44.284,-1,0.01,-0.002,0,0.177,0.984,0.01,0.984,-0.177],16.125,"Standing",0,[683,358],[[],[]]],[[775.575,222.662,47.136,0.003,0,1,0,1,0,-1,0,0.003],[["walk",0.1]],1.089,8,[-15.971,0,-0.014],[0,0.012,0],[775.508,240.042,44.337,-1,0.024,-0.004,0,0.174,0.985,0.024,0.985,-0.174],16.125,"Running",0,[683,358],[[],[]]],[[775.308,222.662,47.138,0.002,0,1,0,1,0,-1,0,0.002],[],1.089,8,[-15.999,0,0.154],[0,0.103,0],[775.206,240.042,44.34,-0.999,0.036,-0.006,0,0.174,0.985,0.037,0.984,-0.174],16.125,"Running",0,[683,358],[[],[]]],[[775.042,222.662,47.144,-0.002,0,1,0,1,0,-1,0,-0.002],[],1.089,8,[-15.995,0,0.379],[0,0.203,0],[774.917,240.042,44.347,-0.999,0.044,-0.008,0,0.174,0.985,0.044,0.984,-0.173],16.125,"Running",0,[683,358],[[],[]]],[[774.775,222.662,47.154,-0.006,0,1,0,1,0,-1,0,-0.006],[],1.089,8,[-15.989,0,0.58],[0,0.278,0],[772.89,240.042,44.443,-0.999,0.048,-0.009,0,0.174,0.985,0.049,0.984,-0.173],16.125,"Running",1,[683,358],[["LeftShift"],[]]],[[774.509,222.662,47.165,-0.992,0,-0.124,0,1,0,0.124,0,-0.992],[],1.089,8,[-15.984,0,0.708],[0,5.738,0],[772.623,240.042,44.455,-0.999,0.048,-0.009,0,0.174,0.985,0.049,0.984,-0.173],16.125,"Running",1,[683,357.5],[[],[]]],[[774.242,222.662,47.178,-0.997,0,-0.079,0,1,0,0.079,0,-0.997],[],1.089,8,[-15.981,0,0.784],[0,0.663,0],[772.357,240.042,44.468,-0.999,0.048,-0.009,0,0.174,0.985,0.049,0.984,-0.173],16.125,"Running",1,[683,357.5],[[],[]]],[[773.976,222.662,47.191,-0.999,0,-0.053,0,1,0,0.053,0,-0.999],[["walk",0.1]],1.089,8,[-15.981,0,0.785],[0,0.077,0],[772.091,240.042,44.481,-0.999,0.048,-0.009,0,0.174,0.985,0.049,0.984,-0.173],16.125,"Running",1,[683,357.5],[[],[]]],[[773.71,222.662,47.205,-0.999,0,-0.049,0,1,0,0.049,0,-0.999],[],1.089,8,[-15.981,0,0.785],[0,0.009,0],[771.824,240.042,44.494,-0.999,0.048,-0.009,0,0.174,0.985,0.049,0.984,-0.173],16.125,"Running",1,[683,357.5],[[],[]]],[[773.443,222.662,47.218,-0.999,0,-0.049,0,1,0,0.049,0,-0.999],[],1.089,8,[-15.981,0,0.785],[0,0.001,0],[771.562,240.042,44.504,-0.999,0.047,-0.008,0,0.174,0.985,0.048,0.984,-0.173],16.125,"Running",1,[683,357.5],[[],[]]],[[773.177,222.662,47.231,-0.999,0,-0.048,0,1,0,0.048,0,-0.999],[],1.089,8,[-15.981,0,0.785],[0,0,0],[771.313,240.042,44.505,-0.999,0.041,-0.007,0,0.174,0.985,0.041,0.984,-0.174],16.125,"Running",1,[683,357.5],[[],[]]],[[772.911,222.662,47.243,-0.999,0,-0.041,0,1,0,0.041,0,-0.999],[],1.089,8,[-15.982,0,0.761],[0,0,0],[771.072,240.042,44.5,-0.999,0.031,-0.006,0,0.174,0.985,0.032,0.984,-0.174],16.125,"Running",1,[683,357.5],[[],[]]],[[772.644,222.662,47.255,-0.999,0,-0.032,0,1,0,0.032,0,-0.999],[],1.089,8,[-15.986,0,0.662],[0,0,0],[770.823,240.042,44.5,-1,0.025,-0.004,0,0.174,0.985,0.026,0.984,-0.174],16.125,"Running",1,[683,357.5],[[],[]]],[[772.378,222.662,47.264,-1,0,-0.026,0,1,0,0.026,0,-1],[["walk",0.1]],1.089,8,[-15.992,0,0.512],[0,0,0],[770.557,240.042,44.509,-1,0.025,-0.004,0,0.174,0.985,0.026,0.984,-0.174],16.125,"Running",1,[683,357],[[],["b2"]]],[[772.111,222.662,47.271,-1,0,-0.026,0,1,0,0.026,0,-1],[],1.089,8,[-15.995,0,0.411],[0,0,0],[770.294,240.042,44.513,-1,0.024,-0.004,0,0.174,0.985,0.024,0.985,-0.174],16.125,"Running",1,[683,357.5],[[],[]]],[[771.644,222.662,47.283,-1,0,-0.024,0,1,0,0.024,0,-1],[],1.089,8,[-15.995,0,0.409],[0,0,0],[769.828,240.042,44.525,-1,0.024,-0.004,0,0.174,0.985,0.024,0.985,-0.174],16.125,"Running",1,[683,357.5],[[],["LeftShift"]]],[[771.378,222.662,47.289,-1,0,-0.024,0,1,0,0.024,0,-1],[],1.089,8,[-15.995,0,0.384],[0,0,0],[769.553,240.042,44.537,-1,0.027,-0.005,0,0.174,0.985,0.027,0.984,-0.174],16.125,"Running",1,[683,357.5],[[],[]]],[[771.045,222.662,47.297,-1,0,-0.027,0,1,0,0.027,0,-1],[],1.089,8,[-15.995,0,0.384],[0,0,0],[769.211,240.042,44.551,-1,0.03,-0.005,0,0.174,0.985,0.03,0.984,-0.174],16.125,"Running",1,[683,357.5],[[],[]]],[[770.845,222.662,47.302,-1,0,-0.03,0,1,0,0.03,0,-1],[],1.089,8,[-15.994,-0.001,0.431],[0,0,0],[769.002,240.042,44.562,-0.999,0.033,-0.006,0,0.174,0.985,0.033,0.984,-0.174],16.125,"Running",1,[683,357.5],[[],[]]],[[770.711,222.662,47.306,-0.999,0,-0.033,0,1,0,0.033,0,-0.999],[["walk",0.1]],1.089,8,[-15.993,-0.001,0.477],[0,0,0],[768.865,240.042,44.569,-0.999,0.034,-0.006,0,0.174,0.985,0.035,0.984,-0.174],16.125,"Running",1,[683,357.5],[[],[]]],[[770.445,222.662,47.315,-0.999,0,-0.035,0,1,0,0.035,0,-0.999],[],1.089,8,[-15.991,-0.001,0.533],[0,0,0],[768.594,240.042,44.581,-0.999,0.036,-0.006,0,0.174,0.985,0.037,0.984,-0.174],16.125,"Running",1,[683,357.5],[[],[]]],[[770.178,222.662,47.324,-0.999,0,-0.037,0,1,0,0.037,0,-0.999],[],1.089,8,[-15.99,-0.001,0.559],[0,0,0],[768.327,240.042,44.59,-0.999,0.036,-0.006,0,0.174,0.985,0.037,0.984,-0.174],16.125,"Running",1,[683,357.5],[[],[]]],[[769.912,222.628,47.334,-0.999,0,-0.037,0,1,0,0.037,0,-0.999],[],1.089,8,[-15.99,-3.271,0.559],[0,0,0],[768.061,240.008,44.599,-0.999,0.036,-0.006,0,0.174,0.985,0.037,0.984,-0.174],16.125,"Running",1,[683,357.5],[[],[]]],[[769.645,222.54,47.343,-0.999,0,-0.037,0,1,0,0.037,0,-0.999],[],1.089,8,[-15.99,-6.541,0.559],[0,0,0],[767.798,239.92,44.606,-0.999,0.034,-0.006,0,0.174,0.985,0.035,0.984,-0.174],16.125,"Running",1,[683,357.5],[["Space"],[]]],[[769.245,223.834,47.357,-0.999,0,-0.035,0,1,0,0.035,0,-0.999],[["walk",0.1],["jump",0.1]],1,3,[-15.99,49.883,0.559],[0,0,0],[767.407,241.214,44.614,-0.999,0.031,-0.006,0,0.174,0.985,0.032,0.984,-0.174],16.125,"Jumping",1,[683,357.5],[[],[]]],[[768.979,224.632,47.366,-0.998,0,0.06,0,1,0,-0.06,0,-0.998],[["jump",0.1]],1,5,[-15.99,46.613,0.559],[0,-7.071,0],[767.184,242.012,44.595,-1,0.016,-0.003,0,0.174,0.985,0.016,0.985,-0.174],16.125,"FreeFall",1,[683,357.5],[[],[]]],[[768.779,225.194,47.373,-0.997,0,0.079,0,1,0,-0.079,0,-0.997],[],1,5,[-15.992,44.161,0.512],[0,-7.813,0],[767.001,242.574,44.59,-1,0.01,-0.002,0,0.174,0.985,0.01,0.985,-0.174],16.125,"FreeFall",1,[683,357.5],[[],[]]],[[768.579,225.726,47.377,-0.996,0,0.089,0,1,0,-0.089,0,-0.996],[],1,5,[-15.998,41.708,0.271],[0,-7.96,0],[766.827,243.106,44.577,-1,0,0,0,0.174,0.985,0,0.985,-0.174],16.125,"FreeFall",1,[683,357.5],[[],[]]],[[768.312,226.387,47.379,-0.991,0,0.132,0,1,0,-0.132,0,-0.991],[],1,5,[-15.999,38.438,0.16],[0,-7.992,0],[766.574,243.767,44.572,-1,-0.004,0.001,0,0.174,0.985,-0.004,0.985,-0.174],16.125,"FreeFall",1,[683,357.5],[[],[]]],[[768.045,226.993,47.38,-0.991,0,0.137,0,1,0,-0.137,0,-0.991],[],1,5,[-16,35.168,0.01],[0,-7.995,0],[766.307,244.373,44.572,-1,-0.004,0.001,0,0.174,0.985,-0.004,0.985,-0.174],16.125,"FreeFall",1,[683,357.5],[[],[]]],[[767.779,227.545,47.379,-0.991,0,0.137,0,1,0,-0.137,0,-0.991],[],1,5,[-16,31.898,-0.067],[0,-7.996,0],[766.041,244.925,44.571,-1,-0.004,0.001,0,0.174,0.985,-0.004,0.985,-0.174],16.125,"FreeFall",1,[683,357.5],[[],[]]],[[767.512,228.043,47.378,-0.991,0,0.137,0,1,0,-0.137,0,-0.991],[],1,5,[-16,28.628,-0.068],[0,-7.996,0],[765.774,245.423,44.57,-1,-0.004,0.001,0,0.174,0.985,-0.004,0.985,-0.174],16.125,"FreeFall",1,[683,357.5],[[],[]]],[[767.246,228.486,47.377,-0.991,0,0.137,0,1,0,-0.137,0,-0.991],[],1,5,[-16,25.358,-0.068],[0,-7.996,0],[765.508,245.866,44.569,-1,-0.004,0.001,0,0.174,0.985,-0.004,0.985,-0.174],16.125,"FreeFall",1,[683,357.5],[[],[]]],[[766.979,228.875,47.376,-0.991,0,0.137,0,1,0,-0.137,0,-0.991],[],1,5,[-16,22.088,-0.068],[0,-7.996,0],[765.241,246.255,44.568,-1,-0.004,0.001,0,0.174,0.985,-0.004,0.985,-0.174],16.125,"FreeFall",1,[683,357.5],[[],[]]],[[766.712,229.209,47.374,-0.991,0,0.137,0,1,0,-0.137,0,-0.991],[],1,5,[-16,18.818,-0.068],[0,-7.996,0],[764.974,246.589,44.567,-1,-0.004,0.001,0,0.174,0.985,-0.004,0.985,-0.174],16.125,"FreeFall",1,[683,357.5],[[],[]]],[[766.446,229.488,47.373,-0.991,0,0.137,0,1,0,-0.137,0,-0.991],[],1,5,[-16,15.548,-0.068],[0,-7.996,0],[764.708,246.868,44.566,-1,-0.004,0.001,0,0.174,0.985,-0.004,0.985,-0.174],16.125,"FreeFall",1,[683,357.5],[[],[]]],[[766.179,229.713,47.372,-0.991,0,0.137,0,1,0,-0.137,0,-0.991],[],1,5,[-16,12.278,-0.068],[0,-7.996,0],[764.441,247.093,44.565,-1,-0.004,0.001,0,0.174,0.985,-0.004,0.985,-0.174],16.125,"FreeFall",1,[683,357.5],[["W"],[]]],[[765.922,229.884,47.394,-0.993,0,0.118,0,1,0,-0.118,0,-0.993],[],1,5,[-15.097,9.008,2.137],[0,-6.478,0],[764.18,247.264,44.589,-1,-0.003,0,0,0.174,0.985,-0.003,0.985,-0.174],16.125,"FreeFall",1,[683,357.5],[[],[]]],[[765.622,230.02,47.473,-0.991,0,0.134,0,1,0,-0.134,0,-0.991],[],1,5,[-13.969,4.921,4.895],[0,-6.305,0],[763.879,247.4,44.668,-1,-0.003,0,0,0.174,0.985,-0.003,0.985,-0.174],16.125,"FreeFall",1,[683,357.5],[[],[]]],[[765.398,230.068,47.578,-0.994,0,0.107,0,1,0,-0.107,0,-0.994],[],1,5,[-13.063,1.651,7.099],[0,-6.283,0],[763.651,247.448,44.775,-1,-0.001,0,0,0.174,0.985,-0.001,0.985,-0.174],16.125,"FreeFall",1,[683,357.5],[[],[]]],[[765.19,230.062,47.719,-0.994,0,0.106,0,1,0,-0.106,0,-0.994],[],1,5,[-12.157,-1.619,9.304],[0,-6.291,0],[763.443,247.442,44.917,-1,-0.001,0,0,0.174,0.985,-0.001,0.985,-0.174],16.125,"FreeFall",1,[683,357.5],[[],[]]],[[764.996,230.001,47.895,-0.994,0,0.106,0,1,0,-0.106,0,-0.994],[],1,5,[-11.381,-4.889,11.171],[0,-6.281,0],[763.246,233.536,47.537,-1,0,0,0,0.174,0.985,0,0.985,-0.174],16.125,"FreeFall",1,[683,357.5],[[],["Space"]]],[[764.807,229.885,48.083,-0.995,0,0.104,0,1,0,-0.104,0,-0.995],[],1,5,[-11.328,-8.159,11.298],[0,-6.292,0],[763.057,233.536,47.708,-1,0.002,0,0,0.174,0.985,0.002,0.985,-0.174],16.125,"FreeFall",1,[683,357.5],[[],["D"]]],[[764.641,229.715,48.281,-1,0,0.031,0,1,0,-0.031,0,-1],[],1,5,[-9.126,-11.429,12.211],[0,-0.738,0],[762.889,233.536,47.884,-1,0.007,-0.001,0,0.174,0.985,0.007,0.985,-0.174],16.125,"FreeFall",1,[683,357.5],[[],[]]],[[764.512,229.491,48.494,-1,0,-0.002,0,1,0,0.002,0,-1],[["fall",0.3]],1,5,[-6.924,-14.699,13.123],[0,-0.119,0],[762.757,233.536,48.068,-1,0.013,-0.002,0,0.174,0.985,0.013,0.985,-0.174],16.125,"FreeFall",1,[683,357.5],[[],[]]],[[764.412,229.178,48.59,-1,0,-0.011,0,1,0,0.011,0,-1],[],1,5,[-3.177,-13.395,-6.369],[-0.009,-0.008,-0.005],[762.653,233.536,48.12,-1,0.019,-0.003,0,0.174,0.985,0.019,0.985,-0.174],16.125,"FreeFall",1,[683,357.5],[[],[]]],[[764.374,228.99,48.526,-1,0,-0.019,0,1,0,0.019,0,-1],[],1,5,[-2.911,-15.848,-4.597],[0.006,-0.042,0.002],[762.611,233.536,48.033,-1,0.025,-0.004,0,0.174,0.985,0.026,0.984,-0.174],16.125,"FreeFall",1,[683,357.5],[[],[]]],[[764.34,228.772,48.483,-1,0,-0.025,0,1,0,0.025,0,-1],[],1,5,[-2.635,-18.3,-2.831],[0.006,-0.049,0.002],[762.575,233.536,47.958,-1,0.028,-0.005,0,0.174,0.985,0.029,0.984,-0.174],16.125,"FreeFall",1,[683,357.5],[[],[]]],[[764.292,228.339,48.461,-1,0,-0.028,0,1,0,0.028,0,-1],[],1,5,[-2.159,-22.388,0.109],[0.002,-0.027,0.001],[762.524,233.536,47.859,-1,0.028,-0.005,0,0.174,0.985,0.029,0.984,-0.174],16.125,"FreeFall",1,[683,357.5],[[],[]]],[[764.279,228.4,48.461,-1,0,-0.029,0,1,0,0.029,0,-1],[["walk",0.1],["fall",0.3],["climb",0.1]],-1.866,12,[-0.374,9.429,0.019],[0,-0.005,0],[762.512,233.536,47.871,-1,0.028,-0.005,0,0.174,0.985,0.029,0.984,-0.174],16.125,"Climbing",1,[683,357.5],[[],[]]],[[764.278,228.582,48.461,-1,0,-0.029,0,1,0,0.029,0,-1],[["climb",0.1],["climb",0]],0.786,12,[-0.007,11.165,0],[0,-0.001,0],[762.512,233.536,47.903,-1,0.028,-0.005,0,0.174,0.985,0.029,0.984,-0.174],16.125,"Climbing",1,[683,357],[["b2"],[]]],[[764.278,228.769,48.461,-1,0,-0.029,0,1,0,0.029,0,-1],[["climb",0.1]],0.93,12,[0,11.199,0],[0,0,0],[764.262,233.536,47.885,-1,0.028,-0.005,0,0.174,0.985,0.029,0.984,-0.174],16.125,"Climbing",0,[683,357],[["LeftShift"],[]]],[[764.279,228.951,48.499,-1,0,-0.029,0,1,0,0.029,0,-1],[["climb",0.1],["idle",0.1],["idle",0.1]],1,8,[0.085,7.112,2.978],[0,0,0],[764.264,233.536,47.955,-1,0.028,-0.005,0,0.174,0.985,0.029,0.984,-0.174],16.125,"Standing",0,[683,357.5],[[],[]]],[[764.281,229.036,48.573,-1,0,-0.029,0,1,0,0.029,0,-1],[["walk",0.1],["fall",0.3]],1,5,[0.154,3.842,5.36],[0,0,0],[764.266,233.536,48.044,-1,0.028,-0.005,0,0.174,0.985,0.029,0.984,-0.174],16.125,"FreeFall",0,[683,357.5],[[],["W"]]],[[764.284,229.064,48.647,-1,0,-0.029,0,1,0,0.029,0,-1],[],1,5,[0.068,-0.246,2.382],[0,0,0],[764.274,233.536,48.124,-1,0.019,-0.003,0,0.174,0.985,0.019,0.985,-0.174],16.125,"FreeFall",0,[683,357.5],[[],[]]],[[764.284,229.041,48.662,-1,0,-0.029,0,1,0,0.029,0,-1],[],1,5,[0.017,-2.698,0.596],[0,0,0],[764.289,233.536,48.131,-1,-0.009,0.002,0,0.175,0.985,-0.009,0.985,-0.175],16.125,"FreeFall",0,[683,357.5],[[],[]]],[[764.284,228.987,48.664,-1,0,-0.029,0,1,0,0.029,0,-1],[],1,5,[0.001,-5.151,0.031],[0,0,0],[764.319,233.535,48.104,-0.998,-0.061,0.011,0,0.181,0.984,-0.062,0.982,-0.18],16.125,"FreeFall",0,[683,357.5],[[],[]]],[[764.284,228.867,48.664,-1,0,-0.029,0,1,0,0.029,0,-1],[],1,5,[0,-8.419,0],[0,-0.001,0],[764.368,233.534,48.056,-0.991,-0.135,0.026,0,0.19,0.982,-0.137,0.972,-0.188],16.125,"FreeFall",0,[683,357.5],[[],[]]],[[764.284,228.693,48.65,-1,0,-0.028,0,1,0,0.028,0,-1],[["fall",0.3]],1,5,[0,-11.689,0],[0,0,0],[764.445,233.534,47.988,-0.972,-0.231,0.047,0,0.2,0.98,-0.236,0.952,-0.194],16.125,"FreeFall",0,[683,357.5],[[],["LeftShift"]]],[[764.284,228.664,48.641,-1,0,-0.027,0,1,0,0.027,0,-1],[["fall",0.3],["climb",0.1]],-0.974,12,[0,-0.231,0],[0.001,-0.001,0],[764.532,233.533,47.969,-0.938,-0.338,0.072,0,0.208,0.978,-0.346,0.918,-0.195],16.125,"Climbing",0,[683,357.5],[[],[]]],[[764.284,228.663,48.641,-1,0,-0.027,0,1,0,0.027,0,-1],[["climb",0.1],["climb",0]],0,12,[0,-0.005,0],[0.001,0,0],[764.685,233.531,47.977,-0.856,-0.504,0.116,0,0.225,0.974,-0.517,0.834,-0.192],16.125,"Climbing",0,[683,357.5],[[],[]]],[[764.284,228.663,48.641,-1,0,-0.027,0,1,0,0.027,0,-1],[],0,12,[0,0,0],[0,0,0],[764.74,233.531,47.987,-0.82,-0.557,0.132,0,0.23,0.973,-0.572,0.798,-0.189],16.125,"Climbing",0,[683,357.5],[[],[]]],[[764.284,228.663,48.641,-1,0,-0.027,0,1,0,0.027,0,-1],[],0,12,[0,0,0],[0,0,0],[764.856,233.53,48.02,-0.736,-0.657,0.165,0,0.243,0.97,-0.677,0.714,-0.179],16.125,"Climbing",0,[683,357.5],[[],[]]],[[764.284,228.663,48.641,-1,0,-0.027,0,1,0,0.027,0,-1],[],0,12,[0,0,0],[0,0,0],[764.97,233.529,48.084,-0.63,-0.751,0.197,0,0.254,0.967,-0.776,0.61,-0.16],16.125,"Climbing",0,[683,357.5],[[],[]]],[[764.284,228.663,48.641,-1,0,-0.027,0,1,0,0.027,0,-1],[],0,12,[0,0,0],[0,0,0],[765.076,233.528,48.177,-0.505,-0.832,0.227,0,0.263,0.965,-0.863,0.488,-0.133],16.125,"Climbing",0,[683,357.5],[[],[]]],[[764.284,228.663,48.641,-1,0,-0.027,0,1,0,0.027,0,-1],[],0,12,[0,0,0],[0,0,0],[765.455,234.651,48.175,-0.37,-0.894,0.251,0,0.27,0.963,-0.929,0.356,-0.1],16.125,"Climbing",0,[683,357.5],[[],[]]],[[764.284,228.663,48.641,-1,0,-0.027,0,1,0,0.027,0,-1],[],0,12,[0,0,0],[0,0,0],[766.039,236.423,48.211,-0.238,-0.933,0.269,0,0.277,0.961,-0.971,0.229,-0.066],16.125,"Climbing",0,[683,357.5],[[],[]]],[[764.284,228.663,48.641,-1,0,-0.027,0,1,0,0.027,0,-1],[],0,12,[0,0,0],[0,0,0],[766.79,238.752,48.455,-0.074,-0.957,0.28,0,0.281,0.96,-0.997,0.071,-0.021],16.125,"Climbing",0,[683,357.5],[["S"],[]]],[[764.284,228.458,48.641,-1,0,-0.027,0,1,0,0.027,0,-1],[],0,12,[0,-11.117,0],[0,0,0],[767.308,240.248,48.664,0.007,-0.959,0.282,0,0.282,0.959,-1,-0.007,0.002],16.125,"Climbing",0,[683,357.5],[[],[]]],[[764.284,228.545,48.641,-1,0,-0.027,0,1,0,0.027,0,-1],[["climb",0.1]],-0.926,12,[0,10.023,0],[0,0,0],[768.848,245.509,48.851,0.046,-0.958,0.283,0,0.283,0.959,-0.999,-0.044,0.013],16.125,"Climbing",0,[640,383],[[],[]]],[[764.284,228.57,48.641,-1,0,-0.027,0,1,0,0.027,0,-1],[],-0.926,12,[0,0.198,0],[0,0,0],[768.848,245.534,48.851,0.046,-0.958,0.283,0,0.283,0.959,-0.999,-0.044,0.013],16.125,"Climbing",0,[640,383],[[],[]]],[[764.284,228.57,48.641,-1,0,-0.027,0,1,0,0.027,0,-1],[["climb",0.1]],0,12,[0,0.01,0],[0,0,0],[768.848,245.534,48.851,0.046,-0.958,0.283,0,0.283,0.959,-0.999,-0.044,0.013],16.125,"Climbing",0,[640,383],[[],[]]],[[764.284,228.57,48.641,-1,0,-0.027,0,1,0,0.027,0,-1],[],0,12,[0,0,0],[0,0,0],[768.848,245.534,48.851,0.046,-0.958,0.283,0,0.283,0.959,-0.999,-0.044,0.013],16.125,"Climbing",0,[642,383],[[],[]]],[[764.284,228.57,48.641,-1,0,-0.027,0,1,0,0.027,0,-1],[],0,12,[0,0,0],[0,0,0],[768.848,245.534,48.851,0.046,-0.958,0.283,0,0.283,0.959,-0.999,-0.044,0.013],16.125,"Climbing",0,[647,384],[[],[]]],[[764.284,228.57,48.641,-1,0,-0.027,0,1,0,0.027,0,-1],[],0,12,[0,0,0],[0,0,0],[768.848,245.534,48.851,0.046,-0.958,0.283,0,0.283,0.959,-0.999,-0.044,0.013],16.125,"Climbing",0,[649,387],[[],["E"]]],[[764.284,228.57,48.641,-1,0,-0.027,0,1,0,0.027,0,-1],[],0,12,[0,0,0],[0,0,0],[768.848,245.534,48.851,0.046,-0.958,0.283,0,0.283,0.959,-0.999,-0.044,0.013],16.125,"Climbing",0,[650,388],[[],[]]],[[764.284,228.57,48.641,-1,0,-0.027,0,1,0,0.027,0,-1],[],0,12,[0,0,0],[0,0,0],[768.848,245.534,48.851,0.046,-0.958,0.283,0,0.283,0.959,-0.999,-0.044,0.013],16.125,"Climbing",0,[650,389],[[],[]]],[[764.284,228.57,48.641,-1,0,-0.027,0,1,0,0.027,0,-1],[["climb",0.1]],0,12,[0,0,0],[0,0,0],[768.848,245.534,48.851,0.046,-0.958,0.283,0,0.283,0.959,-0.999,-0.044,0.013],16.125,"Climbing",0,[721,348],[[],[]]],[[764.284,228.57,48.641,-1,0,-0.027,0,1,0,0.027,0,-1],[],0,12,[0,0,0],[0,0,0],[768.848,245.534,48.851,0.046,-0.958,0.283,0,0.283,0.959,-0.999,-0.044,0.013],16.125,"Climbing",0,[724,348],[[],[]]],[[764.284,228.57,48.641,-1,0,-0.027,0,1,0,0.027,0,-1],[],0,12,[0,0,0],[0,0,0],[768.848,245.534,48.851,0.046,-0.958,0.283,0,0.283,0.959,-0.999,-0.044,0.013],16.125,"Climbing",0,[720,348],[[],[]]],[[764.284,228.57,48.641,-1,0,-0.027,0,1,0,0.027,0,-1],[],0,12,[0,0,0],[0,0,0],[768.848,245.534,48.851,0.046,-0.958,0.283,0,0.283,0.959,-0.999,-0.044,0.013],16.125,"Climbing",0,[712,348],[[],[]]],[[764.284,228.57,48.641,-1,0,-0.027,0,1,0,0.027,0,-1],[],0,12,[0,0,0],[0,0,0],[768.848,245.534,48.851,0.046,-0.958,0.283,0,0.283,0.959,-0.999,-0.044,0.013],16.125,"Climbing",0,[701,350],[[],[]]],[[764.284,228.57,48.641,-1,0,-0.027,0,1,0,0.027,0,-1],[],0,12,[0,0,0],[0,0,0],[768.848,245.534,48.851,0.046,-0.958,0.283,0,0.283,0.959,-0.999,-0.044,0.013],16.125,"Climbing",0,[695,354],[[],[]]],[[764.284,228.57,48.641,-1,0,-0.027,0,1,0,0.027,0,-1],[],0,12,[0,0,0],[0,0,0],[768.848,245.534,48.851,0.046,-0.958,0.283,0,0.283,0.959,-0.999,-0.044,0.013],16.125,"Climbing",0,[692,354],[[],[]]],[[764.284,228.57,48.641,-1,0,-0.027,0,1,0,0.027,0,-1],[],0,12,[0,0,0],[0,0,0],[768.848,245.534,48.851,0.046,-0.958,0.283,0,0.283,0.959,-0.999,-0.044,0.013],16.125,"Climbing",0,[690,356],[[],["E"]]],[[764.284,228.57,48.641,-1,0,-0.027,0,1,0,0.027,0,-1],[],0,12,[0,0,0],[0,0,0],[768.848,245.534,48.851,0.046,-0.958,0.283,0,0.283,0.959,-0.999,-0.044,0.013],16.125,"Climbing",0,[690,356],[[],[]]],[[764.284,228.57,48.641,-1,0,-0.027,0,1,0,0.027,0,-1],[],0,12,[0,0,0],[0,0,0],[768.848,245.534,48.851,0.046,-0.958,0.283,0,0.283,0.959,-0.999,-0.044,0.013],16.125,"Climbing",0,[690,356],[[],[]]],[[764.284,228.57,48.641,-1,0,-0.027,0,1,0,0.027,0,-1],[],0,12,[0,0,0],[0,0,0],[768.848,245.534,48.851,0.046,-0.958,0.283,0,0.283,0.959,-0.999,-0.044,0.013],16.125,"Climbing",0,[690,356],[[],[]]],[[764.284,228.57,48.641,-1,0,-0.027,0,1,0,0.027,0,-1],[],0,12,[0,0,0],[0,0,0],[768.848,245.534,48.851,0.046,-0.958,0.283,0,0.283,0.959,-0.999,-0.044,0.013],16.125,"Climbing",0,[690,356],[[],[]]],[[764.284,228.57,48.641,-1,0,-0.027,0,1,0,0.027,0,-1],[],0,12,[0,0,0],[0,0,0],[768.848,245.534,48.851,0.046,-0.958,0.283,0,0.283,0.959,-0.999,-0.044,0.013],16.125,"Climbing",0,[690,356],[[],[]]],[[764.284,228.57,48.641,-1,0,-0.027,0,1,0,0.027,0,-1],[],0,12,[0,0,0],[0,0,0],[768.848,245.534,48.851,0.046,-0.958,0.283,0,0.283,0.959,-0.999,-0.044,0.013],16.125,"Climbing",0,[689,356],[[],[]]],[[764.284,228.57,48.641,-1,0,-0.027,0,1,0,0.027,0,-1],[],0,12,[0,0,0],[0,0,0],[768.829,245.54,48.85,0.046,-0.958,0.282,0,0.282,0.959,-0.999,-0.044,0.013],16.125,"Climbing",0,[689,356],[["b2"],[]]],[[764.284,228.57,48.641,-1,0,-0.027,0,1,0,0.027,0,-1],[],0,12,[0,0,0],[0,0,0],[768.791,245.551,48.848,0.046,-0.959,0.28,0,0.28,0.96,-0.999,-0.044,0.013],16.125,"Climbing",0,[689,356],[[],[]]],[[764.284,228.57,48.641,-1,0,-0.027,0,1,0,0.027,0,-1],[],0,12,[0,0,0],[0,0,0],[768.754,245.562,48.846,0.046,-0.96,0.277,0,0.278,0.961,-0.999,-0.044,0.013],16.125,"Climbing",0,[689,356],[[],[]]],[[764.284,228.57,48.641,-1,0,-0.027,0,1,0,0.027,0,-1],[],0,12,[0,0,0],[0,0,0],[768.698,245.578,48.844,0.046,-0.961,0.274,0,0.274,0.962,-0.999,-0.044,0.013],16.125,"Climbing",0,[689,356],[[],[]]],[[764.284,228.57,48.641,-1,0,-0.027,0,1,0,0.027,0,-1],[],0,12,[0,0,0],[0,0,0],[768.679,245.583,48.843,0.046,-0.961,0.273,0,0.273,0.962,-0.999,-0.044,0.013],16.125,"Climbing",0,[689,356],[[],[]]],[[764.284,228.57,48.641,-1,0,-0.027,0,1,0,0.027,0,-1],[],0,12,[0,0,0],[0,0,0],[768.623,245.599,48.827,0.043,-0.962,0.269,0,0.269,0.963,-0.999,-0.041,0.012],16.125,"Climbing",0,[689,356],[[],[]]],[[764.284,228.57,48.641,-1,0,-0.027,0,1,0,0.027,0,-1],[],0,12,[0,0,0],[0,0,0],[768.567,245.615,48.818,0.041,-0.963,0.266,0,0.266,0.964,-0.999,-0.04,0.011],16.125,"Climbing",0,[689,356],[[],[]]],[[764.284,228.57,48.641,-1,0,-0.027,0,1,0,0.027,0,-1],[],0,12,[0,0,0],[0,0,0],[768.512,245.63,48.802,0.038,-0.964,0.262,0,0.262,0.965,-0.999,-0.037,0.01],16.125,"Climbing",0,[689,356],[[],[]]],[[764.284,228.57,48.641,-1,0,-0.027,0,1,0,0.027,0,-1],[],0,12,[0,0,0],[0,0,0],[768.456,245.645,48.787,0.035,-0.965,0.259,0,0.259,0.966,-0.999,-0.034,0.009],16.125,"Climbing",0,[689,356],[[],[]]],[[764.284,228.57,48.641,-1,0,-0.027,0,1,0,0.027,0,-1],[],0,12,[0,0,0],[0,0,0],[768.418,245.655,48.772,0.032,-0.966,0.256,0,0.257,0.967,-0.999,-0.031,0.008],16.125,"Climbing",0,[689,356],[[],[]]],[[764.284,228.57,48.641,-1,0,-0.027,0,1,0,0.027,0,-1],[],0,12,[0,0,0],[0,0,0],[768.381,245.665,48.745,0.025,-0.967,0.254,0,0.254,0.967,-1,-0.025,0.006],16.125,"Climbing",0,[689,356],[[],[]]],[[764.284,228.57,48.641,-1,0,-0.027,0,1,0,0.027,0,-1],[],0,12,[0,0,0],[0,0,0],[768.344,245.675,48.719,0.019,-0.968,0.252,0,0.252,0.968,-1,-0.019,0.005],16.125,"Climbing",0,[689,356],[[],[]]],[[764.284,228.57,48.641,-1,0,-0.027,0,1,0,0.027,0,-1],[],0,12,[0,0,0],[0,0,0],[768.326,245.68,48.7,0.014,-0.968,0.251,0,0.251,0.968,-1,-0.014,0.004],16.125,"Climbing",0,[689,356],[[],[]]],[[764.284,228.57,48.641,-1,0,-0.027,0,1,0,0.027,0,-1],[],0,12,[0,0,0],[0,0,0],[768.326,245.68,48.7,0.014,-0.968,0.251,0,0.251,0.968,-1,-0.014,0.004],16.125,"Climbing",0,[689,356],[[],[]]],[[764.284,228.57,48.641,-1,0,-0.027,0,1,0,0.027,0,-1],[],0,12,[0,0,0],[0,0,0],[768.326,245.68,48.7,0.014,-0.968,0.251,0,0.251,0.968,-1,-0.014,0.004],16.125,"Climbing",0,[689,356],[[],[]]],[[764.284,228.57,48.641,-1,0,-0.027,0,1,0,0.027,0,-1],[],0,12,[0,0,0],[0,0,0],[768.326,245.68,48.7,0.014,-0.968,0.251,0,0.251,0.968,-1,-0.014,0.004],16.125,"Climbing",0,[689,356],[[],[]]],[[764.284,228.57,48.641,-1,0,-0.027,0,1,0,0.027,0,-1],[],0,12,[0,0,0],[0,0,0],[768.326,245.68,48.7,0.014,-0.968,0.251,0,0.251,0.968,-1,-0.014,0.004],16.125,"Climbing",0,[689,356],[[],[]]],[[764.284,228.57,48.641,-1,0,-0.027,0,1,0,0.027,0,-1],[],0,12,[0,0,0],[0,0,0],[768.326,245.68,48.7,0.014,-0.968,0.251,0,0.251,0.968,-1,-0.014,0.004],16.125,"Climbing",0,[689,356],[[],[]]],[[764.284,228.57,48.641,-1,0,-0.027,0,1,0,0.027,0,-1],[],0,12,[0,0,0],[0,0,0],[768.326,245.68,48.7,0.014,-0.968,0.251,0,0.251,0.968,-1,-0.014,0.004],16.125,"Climbing",0,[689,356],[[],[]]],[[764.284,228.57,48.641,-1,0,-0.027,0,1,0,0.027,0,-1],[],0,12,[0,0,0],[0,0,0],[768.288,245.69,48.674,0.008,-0.969,0.248,0,0.248,0.969,-1,-0.008,0.002],16.125,"Climbing",0,[689,356],[[],[]]],[[764.284,228.57,48.641,-1,0,-0.027,0,1,0,0.027,0,-1],[],0,12,[0,0,0],[0,0,0],[768.269,245.695,48.636,-0.001,-0.969,0.247,0,0.247,0.969,-1,0.001,0],16.125,"Climbing",0,[689,356],[[],[]]],[[764.284,228.57,48.641,-1,0,-0.027,0,1,0,0.027,0,-1],[],0,12,[0,0,0],[0,0,0],[768.23,245.704,48.537,-0.026,-0.969,0.245,0,0.245,0.97,-1,0.026,-0.006],16.125,"Climbing",0,[689,356],[[],[]]],[[764.284,228.57,48.641,-1,0,-0.027,0,1,0,0.027,0,-1],[],0,12,[0,0,0],[0,0,0],[768.146,245.723,48.369,-0.07,-0.968,0.24,0,0.24,0.971,-0.998,0.068,-0.017],16.125,"Climbing",0,[689,356],[[],[]]],[[764.284,228.57,48.641,-1,0,-0.027,0,1,0,0.027,0,-1],[],0,12,[0,0,0],[0,0,0],[768.003,245.746,47.981,-0.175,-0.957,0.231,0,0.234,0.972,-0.985,0.17,-0.041],16.125,"Climbing",0,[689,356],[[],[]]],[[764.284,228.57,48.641,-1,0,-0.027,0,1,0,0.027,0,-1],[],0,12,[0,0,0],[0,0,0],[767.916,245.751,47.673,-0.257,-0.94,0.225,0,0.233,0.972,-0.966,0.25,-0.06],16.125,"Climbing",0,[689,356],[[],[]]],[[764.284,228.57,48.641,-1,0,-0.027,0,1,0,0.027,0,-1],[],0,12,[0,0,0],[0,0,0],[767.825,245.751,47.38,-0.335,-0.916,0.22,0,0.233,0.972,-0.942,0.326,-0.078],16.125,"Climbing",0,[689,356],[[],[]]],[[764.284,228.57,48.641,-1,0,-0.027,0,1,0,0.027,0,-1],[],0,12,[0,0,0],[0,0,0],[767.751,245.746,47.142,-0.397,-0.892,0.215,0,0.234,0.972,-0.918,0.386,-0.093],16.125,"Climbing",0,[689,356],[[],[]]],[[764.284,228.57,48.641,-1,0,-0.027,0,1,0,0.027,0,-1],[],0,12,[0,0,0],[0,0,0],[767.682,245.746,46.991,-0.437,-0.875,0.211,0,0.234,0.972,-0.9,0.425,-0.102],16.125,"Climbing",0,[689,356],[[],[]]],[[764.284,228.57,48.641,-1,0,-0.027,0,1,0,0.027,0,-1],[],0,12,[0,0,0],[0,0,0],[767.64,245.742,46.866,-0.468,-0.859,0.208,0,0.235,0.972,-0.884,0.454,-0.11],16.125,"Climbing",0,[689,356],[[],[]]],[[764.284,228.57,48.641,-1,0,-0.027,0,1,0,0.027,0,-1],[],0,12,[0,0,0],[0,0,0],[767.594,245.742,46.782,-0.49,-0.847,0.205,0,0.235,0.972,-0.872,0.476,-0.115],16.125,"Climbing",0,[689,356],[[],[]]],[[764.284,228.57,48.641,-1,0,-0.027,0,1,0,0.027,0,-1],[],0,12,[0,0,0],[0,0,0],[767.57,245.742,46.741,-0.501,-0.841,0.204,0,0.235,0.972,-0.866,0.487,-0.118],16.125,"Climbing",0,[689,356],[[],[]]],[[764.284,228.57,48.641,-1,0,-0.027,0,1,0,0.027,0,-1],[],0,12,[0,0,0],[0,0,0],[767.57,245.742,46.741,-0.501,-0.841,0.204,0,0.235,0.972,-0.866,0.487,-0.118],16.125,"Climbing",0,[689,356],[[],[]]],[[764.284,228.57,48.641,-1,0,-0.027,0,1,0,0.027,0,-1],[],0,12,[0,0,0],[0,0,0],[767.57,245.742,46.741,-0.501,-0.841,0.204,0,0.235,0.972,-0.866,0.487,-0.118],16.125,"Climbing",0,[689,356],[[],[]]],[[764.284,228.57,48.641,-1,0,-0.027,0,1,0,0.027,0,-1],[],0,12,[0,0,0],[0,0,0],[767.576,245.742,46.751,-0.498,-0.843,0.204,0,0.235,0.972,-0.867,0.484,-0.117],16.125,"Climbing",0,[689,356],[[],[]]],[[764.284,228.57,48.641,-1,0,-0.027,0,1,0,0.027,0,-1],[],0,12,[0,0,0],[0,0,0],[767.697,245.719,46.773,-0.48,-0.851,0.212,0,0.241,0.97,-0.877,0.466,-0.116],16.125,"Climbing",0,[689,356],[[],[]]],[[764.284,228.57,48.641,-1,0,-0.027,0,1,0,0.027,0,-1],[],0,12,[0,0,0],[0,0,0],[767.895,245.685,46.867,-0.441,-0.869,0.224,0,0.25,0.968,-0.897,0.427,-0.11],16.125,"Climbing",0,[689,356],[[],[]]],[[764.284,228.57,48.641,-1,0,-0.027,0,1,0,0.027,0,-1],[],0,12,[0,0,0],[0,0,0],[768.158,245.64,47.038,-0.382,-0.892,0.24,0,0.26,0.966,-0.924,0.369,-0.099],16.125,"Climbing",0,[689,356],[[],[]]],[[764.284,228.57,48.641,-1,0,-0.027,0,1,0,0.027,0,-1],[],0,12,[0,0,0],[0,0,0],[768.539,245.578,47.45,-0.27,-0.926,0.264,0,0.274,0.962,-0.963,0.259,-0.074],16.125,"Climbing",0,[689,356],[[],[]]],[[764.284,228.57,48.641,-1,0,-0.027,0,1,0,0.027,0,-1],[],0,12,[0,0,0],[0,0,0],[768.77,245.534,47.779,-0.189,-0.942,0.278,0,0.283,0.959,-0.982,0.181,-0.053],16.125,"Climbing",0,[689,356],[[],[]]],[[764.284,228.57,48.641,-1,0,-0.027,0,1,0,0.027,0,-1],[],0,12,[0,0,0],[0,0,0],[768.874,245.512,47.938,-0.151,-0.947,0.285,0,0.288,0.958,-0.988,0.145,-0.044],16.125,"Climbing",0,[689,356],[[],[]]],[[764.284,228.57,48.641,-1,0,-0.027,0,1,0,0.027,0,-1],[],0,12,[0,0,0],[0,0,0],[769.02,245.478,48.21,-0.091,-0.952,0.294,0,0.295,0.956,-0.996,0.087,-0.027],16.125,"Climbing",0,[689,356],[[],[]]],[[764.284,228.57,48.641,-1,0,-0.027,0,1,0,0.027,0,-1],[],0,12,[0,0,0],[0,0,0],[769.147,245.443,48.452,-0.039,-0.953,0.302,0,0.302,0.953,-0.999,0.037,-0.012],16.125,"Climbing",0,[689,356],[["S"],[]]],[[764.284,228.729,48.641,-1,0,-0.027,0,1,0,0.027,0,-1],[],0,12,[0,10.979,0],[0,0,0],[769.224,245.579,48.55,-0.018,-0.952,0.306,0,0.306,0.952,-1,0.018,-0.006],16.125,"Climbing",0,[689,356],[[],[]]],[[764.284,228.915,48.641,-1,0,-0.027,0,1,0,0.027,0,-1],[["climb",0.1]],0.915,12,[0,11.196,0],[0,0,0],[769.281,245.747,48.643,0,-0.951,0.31,0,0.31,0.951,-1,0,0],16.125,"Climbing",0,[689,356],[[],[]]],[[764.357,229.068,48.637,-0.985,0,-0.17,0,1,0,0.17,0,-0.985],[["climb",0.1],["idle",0.1],["idle",0.1]],1,8,[6.072,7.926,-0.541],[0,11.048,0],[769.427,245.875,48.743,0.021,-0.949,0.314,0,0.314,0.949,-1,-0.02,0.007],16.125,"Standing",0,[689,356],[[],[]]],[[764.571,229.138,48.632,-0.937,0,-0.349,0,1,0,0.349,0,-0.937],[["walk",0.1]],0.42,8,[15.404,2.823,-0.294],[0,11.175,0],[769.711,245.92,48.852,0.043,-0.947,0.319,0,0.319,0.948,-0.999,-0.041,0.014],16.125,"Running",0,[689,356],[[],[]]],[[764.855,229.164,48.497,-0.897,-0.002,-0.442,0,1,-0.004,0.442,-0.003,-0.897],[["walk",0.1]],1.063,8,[15.479,0.543,-2.419],[-0.008,6.071,-0.021],[770.171,245.921,47.076,0.063,-0.944,0.323,0,0.324,0.946,-0.998,-0.06,0.02],16.125,"Running",1,[689,356],[["LeftShift"],[]]],[[765.144,229.166,48.146,0.13,0.001,0.991,0.001,1,-0.001,-0.991,0.001,0.13],[["walk",0.1]],1.063,8,[16.164,0.012,-0.303],[-0.1,-6.694,0.131],[770.464,245.923,46.73,0.063,-0.944,0.323,0,0.324,0.946,-0.998,-0.06,0.02],16.125,"Running",1,[683,357.5],[[],[]]],[[765.409,229.133,48.169,0.099,0,0.995,0,1,0,-0.995,0,0.099],[],1.063,8,[15.933,-3.224,1.406],[-0.046,-0.815,0.043],[770.728,245.89,46.751,0.063,-0.944,0.323,0,0.324,0.946,-0.998,-0.06,0.02],16.125,"Running",1,[683,357.5],[[],[]]],[[765.67,229.102,48.182,0.077,0.011,0.997,-0.014,1,-0.01,-0.997,-0.013,0.077],[],1.063,8,[15.342,-1.869,1.06],[-0.842,-0.866,-0.82],[771.005,245.858,46.746,0.063,-0.944,0.323,0,0.324,0.946,-0.998,-0.06,0.02],16.125,"Running",1,[683,357.5],[[],[]]],[[765.932,229.031,48.203,0.068,0.006,0.998,-0.008,1,-0.006,-0.998,-0.007,0.068],[],1.063,8,[15.884,-5.529,1.133],[0.607,-0.101,0.507],[771.263,245.788,46.784,0.065,-0.944,0.323,0,0.324,0.946,-0.998,-0.061,0.021],16.125,"Running",1,[683,357.5],[["Space"],[]]],[[766.329,230.36,48.232,0.067,-0.006,0.998,0.008,1,0.006,-0.998,0.008,0.067],[["walk",0.1],["jump",0.1]],1,3,[15.886,53.153,1.129],[0.606,-0.106,0.506],[771.641,247.117,46.835,0.065,-0.944,0.323,0,0.324,0.946,-0.998,-0.061,0.021],16.125,"Jumping",1,[683,357.5],[["W"],[]]],[[766.515,231.006,48.243,0.065,-0.006,0.998,0.008,1,0.005,-0.998,0.007,0.065],[["jump",0.1]],1,5,[14.285,50.902,0.82],[-0.214,-0.021,-0.166],[771.847,247.757,46.855,0.066,-0.944,0.324,0,0.325,0.946,-0.998,-0.063,0.022],16.125,"FreeFall",1,[683,357.5],[[],[]]],[[766.862,232.395,48.263,0.066,-0.001,0.998,0.001,1,0.001,-0.998,0.001,0.066],[],1,5,[10.103,45.159,0.593],[-0.122,-0.001,-0.099],[772.297,249.114,46.88,0.068,-0.942,0.33,0,0.33,0.944,-0.998,-0.064,0.022],16.125,"FreeFall",1,[683,357.5],[[],[]]],[[767.005,233.114,48.271,0.068,0,0.998,0,1,0,-0.998,0,0.068],[],1,5,[7.703,41.866,0.472],[-0.026,0,-0.021],[772.492,249.813,46.873,0.065,-0.941,0.333,0,0.334,0.943,-0.998,-0.061,0.022],16.125,"FreeFall",1,[683,357.5],[[],["LeftShift"]]],[[767.109,233.777,48.278,0.065,0,0.998,0,1,0,-0.998,0,0.065],[],1,5,[5.318,38.59,0.332],[0.002,0,0.002],[772.586,250.477,46.845,0.058,-0.941,0.333,0,0.334,0.943,-0.998,-0.055,0.02],16.125,"FreeFall",1,[683,357.5],[[],[]]],[[767.16,234.239,48.281,0.058,0,0.998,0,1,0,-0.998,0,0.058],[],1,5,[3.533,36.136,0.221],[0.004,0,0.003],[772.624,250.939,46.797,0.049,-0.941,0.334,0,0.334,0.943,-0.999,-0.046,0.016],16.125,"FreeFall",1,[683,357.5],[[],[]]],[[767.195,234.807,48.283,0.049,0,0.999,0,1,0,-0.999,0,0.049],[],1,5,[1.155,32.867,0.073],[0.002,0,0.002],[772.605,251.52,46.738,0.038,-0.943,0.331,0,0.332,0.943,-0.999,-0.036,0.013],16.125,"FreeFall",1,[683,357.5],[[],["S"]]],[[767.189,235.321,48.283,0.039,0,0.999,0,1,0,-0.999,0,0.039],[],1,5,[-1.223,29.597,-0.073],[0.001,-0.078,0],[772.543,252.046,46.669,0.025,-0.944,0.329,0,0.329,0.944,-1,-0.024,0.008],16.125,"FreeFall",1,[683,357.5],[[],[]]],[[767.126,235.887,48.28,0.027,0,1,0,1,0,-1,0,0.027],[],1,5,[-4.2,25.51,-0.194],[0,-0.099,0],[772.42,252.625,46.59,0.011,-0.945,0.327,0,0.327,0.945,-1,-0.011,0.004],16.125,"FreeFall",1,[683,357.5],[[],[]]],[[767.059,236.185,48.277,0.013,0,1,0,1,0,-1,0,0.013],[],1,5,[-5.987,23.058,-0.235],[0,-0.11,0],[772.297,252.936,46.529,0,-0.946,0.325,0,0.325,0.946,-1,0,0],16.125,"FreeFall",1,[683,357.5],[[],[]]],[[766.934,236.535,48.273,0.002,0,1,0,1,0,-1,0,0.002],[],1,5,[-8.37,19.788,-0.224],[0,-0.091,0],[772.158,253.286,46.484,-0.008,-0.946,0.325,0,0.325,0.946,-1,0.007,-0.002],16.125,"FreeFall",1,[683,357.5],[[],["b2"]]],[[766.77,236.831,48.27,-0.006,0,1,0,1,0,-1,0,-0.006],[],1,5,[-10.753,16.518,-0.157],[0,-0.066,0],[771.986,253.582,46.456,-0.012,-0.946,0.325,0,0.325,0.946,-1,0.012,-0.004],16.125,"FreeFall",1,[683,357.5],[[],[]]],[[766.509,237.124,48.269,-0.011,0,1,0,1,0,-1,0,-0.011],[],1,5,[-13.729,12.43,-0.004],[0,-0.04,0],[771.703,253.881,46.447,-0.014,-0.946,0.324,0,0.324,0.946,-1,0.013,-0.004],16.125,"FreeFall",1,[683,357.5],[[],[]]],[[766.322,237.259,48.27,-0.014,0,1,0,1,0,-1,0,-0.014],[],1,5,[-15.51,9.978,0.149],[0,-0.018,0],[771.484,254.022,46.408,-0.022,-0.946,0.322,0,0.322,0.947,-1,0.02,-0.007],16.125,"FreeFall",1,[683,357.5],[[],[]]],[[766.057,237.391,48.273,-0.021,0,1,0,1,0,-1,0,-0.021],[],1,5,[-15.989,6.708,0.2],[0,-0.058,0],[771.157,254.167,46.348,-0.034,-0.947,0.32,0,0.32,0.947,-0.999,0.032,-0.011],16.125,"FreeFall",1,[683,357.5],[[],[]]],[[765.79,237.469,48.278,-0.033,0,0.999,0,1,0,-0.999,0,-0.033],[["fall",0.3]],1,5,[-15.996,3.438,0.312],[0,-0.096,0],[770.814,254.263,46.299,-0.045,-0.948,0.316,0,0.317,0.949,-0.999,0.043,-0.014],16.125,"FreeFall",1,[683,357.5],[[],[]]],[[765.524,237.492,48.286,-0.044,0,0.999,0,1,0,-0.999,0,-0.044],[],1,5,[-15.991,0.168,0.513],[0,-0.089,0],[770.429,254.311,46.202,-0.067,-0.948,0.311,0,0.312,0.95,-0.998,0.064,-0.021],16.125,"FreeFall",1,[683,357.5],[[],[]]],[[765.135,237.452,48.293,-0.063,0.005,0.998,0,1,-0.005,-0.998,0,-0.063],[],1,5,[-13.463,1.772,-1.73],[0,-0.207,-1.113],[769.956,254.283,46.089,-0.092,-0.947,0.309,0,0.31,0.951,-0.996,0.088,-0.029],16.125,"FreeFall",1,[683,357.5],[[],[]]],[[764.954,237.45,48.283,-0.09,0.007,0.996,0.001,1,-0.007,-0.996,0,-0.09],[],1,5,[-14.908,-1.072,-0.333],[0.003,-0.202,0.056],[769.733,254.281,45.982,-0.113,-0.945,0.308,0,0.31,0.951,-0.994,0.107,-0.035],16.125,"FreeFall",1,[683,357.5],[[],[]]],[[764.757,237.879,48.297,-0.112,0.003,0.994,0,1,-0.003,-0.994,0,-0.112],[["walk",0.1],["fall",0.3],["fall",0.3]],1,7,[-15.915,41.76,1.401],[0.016,-0.04,0.471],[769.375,254.71,45.701,-0.175,-0.936,0.305,0,0.31,0.951,-0.985,0.166,-0.054],16.125,"FreeFall",1,[683,357.5],[[],[]]],[[764.492,238.518,48.326,-0.174,-0.003,0.985,0,1,0.003,-0.985,0,-0.174],[],1,7,[-15.851,33.595,1.793],[0.014,-0.005,0.153],[768.901,255.313,45.215,-0.28,-0.911,0.304,0,0.317,0.949,-0.96,0.266,-0.089],16.125,"FreeFall",1,[683,357.5],[[],[]]],[[764.23,238.931,48.371,-0.285,-0.001,0.959,0,1,0.001,-0.959,0,-0.285],[],1,7,[-15.726,19.984,2.8],[-0.023,0.383,-0.163],[768.076,255.682,44.412,-0.459,-0.84,0.289,0,0.325,0.946,-0.888,0.434,-0.149],16.125,"FreeFall",1,[683,357.5],[[],[]]],[[763.973,239.165,48.442,-0.469,0,0.883,0,1,0,-0.883,0,-0.469],[["fall",0.3],["walk",0.1],["fall",0.3],["walk",0.1]],1.102,8,[-15.368,11.097,4.472],[-0.015,0.71,-0.041],[766.278,255.972,43.598,-0.713,-0.665,0.22,0,0.314,0.949,-0.701,0.677,-0.224],16.125,"Running",1,[683,357.5],[[],[]]],[[763.717,240.051,48.517,-0.722,0.001,0.692,0,1,-0.001,-0.692,0,-0.722],[["walk",0.1],["jump",0.1]],1,3,[-15.366,53.153,4.47],[-0.014,0.709,-0.041],[763.718,256.913,43.31,-0.942,-0.32,0.102,0,0.304,0.953,-0.336,0.897,-0.286],16.125,"Jumping",1,[683,357.5],[[],[]]],[[763.461,240.937,48.591,-0.946,0.001,0.325,0.001,1,-0.001,-0.325,-0.001,-0.946],[],1,3,[-15.365,53.153,4.467],[-0.014,0.709,-0.041],[761.499,257.929,44.205,-0.999,0.046,-0.013,0,0.278,0.961,0.048,0.96,-0.277],16.125,"Jumping",1,[683,357.5],[[],[]]],[[763.205,241.823,48.666,-0.998,0.002,-0.06,0.002,1,-0.001,0.06,-0.001,-0.998],[],1,3,[-15.365,53.153,4.464],[-0.014,0.708,-0.041],[760.432,258.943,45.288,-0.962,0.264,-0.068,0,0.248,0.969,0.273,0.932,-0.239],16.125,"Jumping",1,[683,357.5],[[],[]]],[[762.959,242.675,48.757,-0.967,0.001,-0.256,0.001,1,-0.001,0.256,-0.001,-0.967],[["jump",0.1]],1,5,[-14.169,49.866,6.024],[0.059,-1.529,0.045],[760.529,259.9,45.612,-0.98,0.196,-0.044,0,0.221,0.975,0.201,0.955,-0.217],16.125,"FreeFall",1,[683,357.5],[[],[]]],[[762.753,243.472,48.867,-0.98,0,-0.2,0,1,0,0.2,0,-0.98],[],1,5,[-11.432,46.605,7.018],[0.029,0.345,0.026],[760.847,260.739,45.575,-0.999,0.046,-0.01,0,0.209,0.978,0.047,0.977,-0.209],16.125,"FreeFall",1,[683,357.5],[[],[]]],[[762.552,244.392,49.032,-0.998,0,-0.068,0,1,0,0.068,0,-0.998],[],1,5,[-8.575,42.526,8.507],[0.003,1.183,0.006],[761.108,261.655,45.494,-0.996,-0.086,0.019,0,0.211,0.978,-0.088,0.974,-0.21],16.125,"FreeFall",1,[683,357.5],[[],[]]],[[762.456,244.903,49.148,-0.997,0,0.074,0,1,0,-0.074,0,-0.997],[],1,5,[-7.188,40.075,9.591],[-0.001,1.1,0.001],[761.393,262.124,45.301,-0.983,-0.178,0.041,0,0.222,0.975,-0.183,0.958,-0.219],16.125,"FreeFall",1,[683,357.5],[[],[]]],[[762.331,245.687,49.374,-0.986,0,0.166,0,1,0,-0.166,0,-0.986],[],1,5,[-5.231,35.988,11.718],[-0.001,0.789,-0.001],[761.497,262.845,45.225,-0.974,-0.22,0.054,0,0.239,0.971,-0.226,0.946,-0.233],16.125,"FreeFall",1,[683,357.5],[[],[]]],[[762.272,246.116,49.533,-0.976,0,0.22,0,1,0,-0.22,0,-0.976],[],1,5,[-4.395,33.535,13.201],[0,0.438,0],[761.538,263.176,45.014,-0.973,-0.221,0.06,0,0.262,0.965,-0.229,0.939,-0.255],16.125,"FreeFall",1,[683,357.5],[[],[]]],[[762.161,246.999,49.969,-0.974,0,0.226,0,1,0,-0.226,0,-0.974],[],1,5,[-3.612,27.813,15.574],[0,0.035,0],[761.419,264.033,45.363,-0.975,-0.215,0.06,0,0.268,0.963,-0.223,0.939,-0.261],16.125,"FreeFall",1,[683,357.5],[["D"],[]]],[[762.056,247.428,50.207,-0.956,0,0.293,0,1,0,-0.293,0,-0.956],[],1,5,[-7.345,24.543,13.572],[0,-5.594,0],[761.248,264.494,45.719,-0.977,-0.206,0.056,0,0.261,0.965,-0.214,0.943,-0.255],16.125,"FreeFall",1,[683,357.5],[[],[]]],[[761.911,247.803,50.417,-0.95,0,0.312,0,1,0,-0.312,0,-0.95],[],1,5,[-9.465,21.273,11.959],[0,-6.267,0],[761.059,264.889,46.007,-0.978,-0.201,0.053,0,