{"Replay":[[[776.028,222.662,47.142,0,0,1,0,1,0,-1,0,0],[],1,8,[0,0,0],[0,0,0],[777.721,235.357,41.845,-0.953,-0.273,0.136,0,0.445,0.896,-0.305,0.853,-0.424],12.5,"Standing",0,[704,316],[[],[]]],[[776.028,222.662,47.142,0,0,1,0,1,0,-1,0,0],[],1,8,[0,0,0],[0,0,0],[777.697,235.383,41.894,-0.953,-0.272,0.134,0,0.441,0.898,-0.303,0.855,-0.42],12.5,"Standing",0,[704,316],[[],[]]],[[776.028,222.662,47.142,0,0,1,0,1,0,-1,0,0],[],1,8,[0,0,0],[0,0,0],[777.635,235.443,42.003,-0.954,-0.269,0.129,0,0.431,0.902,-0.299,0.861,-0.411],12.5,"Standing",0,[704,316],[[],[]]],[[776.028,222.662,47.142,0,0,1,0,1,0,-1,0,0],[],1,8,[0,0,0],[0,0,0],[777.591,235.488,42.089,-0.955,-0.268,0.125,0,0.423,0.906,-0.296,0.866,-0.404],12.5,"Standing",0,[704,316],[[],[]]],[[776.028,222.662,47.142,0,0,1,0,1,0,-1,0,0],[],1,8,[0,0,0],[0,0,0],[777.531,235.532,42.171,-0.957,-0.263,0.12,0,0.415,0.91,-0.29,0.871,-0.398],12.5,"Standing",0,[704,316],[[],[]]],[[776.028,222.662,47.142,0,0,1,0,1,0,-1,0,0],[],1,8,[0,0,0],[0,0,0],[777.469,235.582,42.268,-0.959,-0.259,0.115,0,0.407,0.914,-0.284,0.876,-0.39],12.5,"Standing",0,[704,316],[[],[]]],[[776.028,222.662,47.142,0,0,1,0,1,0,-1,0,0],[],1,8,[0,0,0],[0,0,0],[777.377,235.643,42.385,-0.962,-0.251,0.108,0,0.396,0.918,-0.273,0.884,-0.381],12.5,"Standing",0,[704,316],[[],[]]],[[776.028,222.662,47.142,0,0,1,0,1,0,-1,0,0],[],1,8,[0,0,0],[0,0,0],[777.22,235.742,42.588,-0.967,-0.235,0.095,0,0.377,0.926,-0.253,0.896,-0.364],12.5,"Standing",0,[704,316],[[],["E"]]],[[776.028,222.662,47.142,0,0,1,0,1,0,-1,0,0],[],1,8,[0,0,0],[0,0,0],[777.105,235.815,42.747,-0.971,-0.222,0.086,0,0.362,0.932,-0.238,0.905,-0.352],12.5,"Standing",0,[704,316],[[],[]]],[[776.028,222.662,47.142,0,0,1,0,1,0,-1,0,0],[],1,8,[0,0,0],[0,0,0],[776.991,235.889,42.924,-0.975,-0.209,0.077,0,0.346,0.938,-0.223,0.915,-0.337],12.5,"Standing",0,[704,316],[[],[]]],[[776.028,222.662,47.142,0,0,1,0,1,0,-1,0,0],[],1,8,[0,0,0],[0,0,0],[776.872,235.971,43.131,-0.979,-0.194,0.068,0,0.328,0.945,-0.206,0.924,-0.321],12.5,"Standing",0,[704,316],[[],[]]],[[776.028,222.662,47.142,0,0,1,0,1,0,-1,0,0],[["idle",0]],1,8,[0,0,0],[0,0,0],[776.77,236.039,43.315,-0.982,-0.181,0.059,0,0.312,0.95,-0.19,0.933,-0.306],12.5,"Standing",0,[704,316],[["D"],[]]],[[775.843,222.662,47.104,0.025,0,1,0,1,0,-1,0,0.025],[],1,8,[-14.235,0,-2.994],[0,-1.612,0],[776.513,236.094,43.438,-0.984,-0.171,0.054,0,0.298,0.955,-0.18,0.939,-0.293],12.5,"Standing",0,[704,316],[[],[]]],[[775.583,222.662,47.053,0.048,0,0.999,0,1,0,-0.999,0,0.048],[["walk",0.1]],1.003,8,[-15.678,0,-3.046],[0,-1.34,0],[776.199,236.138,43.525,-0.985,-0.165,0.049,0,0.287,0.958,-0.172,0.944,-0.282],12.5,"Running",0,[704,316],[[],[]]],[[775.321,222.662,47.005,0.066,0,0.998,0,1,0,-0.998,0,0.066],[["walk",0.1]],1.101,8,[-15.739,0,-2.878],[0,-1.071,0],[775.914,236.168,43.576,-0.985,-0.164,0.047,0,0.278,0.96,-0.17,0.946,-0.274],12.5,"Running",0,[704,316],[[],[]]],[[775.058,222.662,46.959,0.08,0,0.997,0,1,0,-0.997,0,0.08],[],1.101,8,[-15.761,0,-2.753],[0,-0.861,0],[775.631,236.201,43.644,-0.985,-0.164,0.046,0,0.269,0.963,-0.17,0.949,-0.265],12.5,"Running",0,[704,316],[[],[]]],[[774.796,222.662,46.913,0.093,0,0.996,0,1,0,-0.996,0,0.093],[["walk",0.1]],1.101,8,[-15.766,0,-2.726],[0,-0.73,0],[773.634,236.217,43.358,-0.985,-0.164,0.045,0,0.264,0.964,-0.17,0.95,-0.261],12.5,"Running",1,[704,316],[["LeftShift"],[]]],[[774.533,222.662,46.868,-0.997,0,0.082,0,1,0,-0.082,0,-0.997],[],1.101,8,[-15.766,0,-2.726],[0,5.781,0],[773.371,236.217,43.313,-0.985,-0.164,0.045,0,0.264,0.964,-0.17,0.95,-0.261],12.5,"Running",1,[683,357.5],[[],[]]],[[774.27,222.662,46.822,-0.987,0,0.161,0,1,0,-0.161,0,-0.987],[],1.101,8,[-15.766,0,-2.726],[0,0.16,0],[773.099,236.233,43.325,-0.985,-0.164,0.044,0,0.26,0.966,-0.17,0.952,-0.256],12.5,"Running",1,[683,357.5],[[],[]]],[[774.007,222.662,46.777,-0.986,0,0.17,0,1,0,-0.17,0,-0.986],[],1.101,8,[-15.766,0,-2.726],[0,0.018,0],[772.833,236.237,43.294,-0.985,-0.165,0.044,0,0.259,0.966,-0.17,0.952,-0.255],12.5,"Running",1,[683,357.5],[[],[]]],[[773.679,222.662,46.72,-0.985,0,0.17,0,1,0,-0.17,0,-0.985],[],1.101,8,[-15.766,0,-2.726],[0,0.001,0],[772.503,236.241,43.251,-0.985,-0.165,0.044,0,0.257,0.966,-0.17,0.952,-0.254],12.5,"Running",1,[683,357.5],[[],[]]],[[773.482,222.662,46.686,-0.985,0,0.17,0,1,0,-0.17,0,-0.985],[],1.101,8,[-15.766,0,-2.725],[0,0,0],[772.311,236.249,43.242,-0.985,-0.168,0.044,0,0.255,0.967,-0.173,0.952,-0.251],12.5,"Running",1,[683,357.5],[[],[]]],[[773.219,222.662,46.641,-0.985,0,0.173,0,1,0,-0.173,0,-0.985],[],1.101,8,[-15.766,0,-2.725],[0,0,0],[772.044,236.264,43.253,-0.985,-0.169,0.044,0,0.25,0.968,-0.175,0.953,-0.247],12.5,"Running",1,[683,357.5],[[],[]]],[[772.956,222.662,46.595,-0.985,0,0.175,0,1,0,-0.175,0,-0.985],[["walk",0.1]],1.101,8,[-15.758,0,-2.774],[0,0,0],[771.781,236.272,43.234,-0.984,-0.171,0.044,0,0.248,0.969,-0.177,0.954,-0.244],12.5,"Running",1,[683,357.5],[[],[]]],[[772.694,222.662,46.548,-0.984,0,0.177,0,1,0,-0.177,0,-0.984],[],1.101,8,[-15.753,0,-2.799],[0,0,0],[771.519,236.279,43.214,-0.984,-0.173,0.044,0,0.246,0.969,-0.178,0.954,-0.242],12.5,"Running",1,[683,357.5],[[],[]]],[[772.432,222.662,46.501,-0.984,0,0.178,0,1,0,-0.178,0,-0.984],[],1.101,8,[-15.749,0,-2.824],[0,0,0],[771.246,236.294,43.225,-0.984,-0.173,0.043,0,0.241,0.971,-0.178,0.955,-0.237],12.5,"Running",1,[683,357.5],[[],[]]],[[772.169,222.662,46.454,-0.984,0,0.178,0,1,0,-0.178,0,-0.984],[],1.101,8,[-15.744,0,-2.849],[0,0,0],[770.976,236.305,43.221,-0.984,-0.173,0.042,0,0.237,0.971,-0.178,0.956,-0.234],12.5,"Running",1,[683,357.5],[[],[]]],[[771.907,222.681,46.406,-0.984,0,0.178,0,1,0,-0.178,0,-0.984],[],1.101,8,[-15.744,1.34,-2.849],[0,0,0],[770.685,236.341,43.251,-0.985,-0.169,0.04,0,0.232,0.973,-0.173,0.958,-0.228],12.5,"Running",1,[683,357.5],[[],["LeftShift"]]],[[771.579,222.77,46.347,-0.985,0,0.173,0,1,0,-0.173,0,-0.985],[],1.101,8,[-15.744,4.297,-2.849],[0,0,0],[770.311,236.448,43.278,-0.987,-0.158,0.037,0,0.226,0.974,-0.163,0.961,-0.223],12.5,"Running",1,[683,357.5],[[],[]]],[[771.382,222.825,46.312,-0.987,0,0.163,0,1,0,-0.163,0,-0.987],[],1.101,8,[-15.757,4.133,-2.779],[0,0,0],[770.057,236.516,43.322,-0.989,-0.143,0.033,0,0.221,0.975,-0.147,0.965,-0.219],12.5,"Running",1,[683,357.5],[[],[]]],[[771.119,222.862,46.268,-0.989,0,0.147,0,1,0,-0.147,0,-0.989],[["walk",0.1]],1.101,8,[-15.786,1.367,-2.605],[0,0,0],[769.69,236.573,43.409,-0.993,-0.113,0.025,0,0.214,0.977,-0.116,0.97,-0.212],12.5,"Running",1,[683,357.5],[["Space"],[]]],[[770.658,224.361,46.192,-0.993,0,0.116,0,1,0,-0.116,0,-0.993],[["walk",0.1],["jump",0.1]],1,3,[-15.786,49.066,-2.605],[0,0,0],[769.154,238.081,43.414,-0.996,-0.089,0.019,0,0.21,0.978,-0.091,0.974,-0.21],12.5,"Jumping",1,[683,357.5],[[],[]]],[[770.327,225.332,46.151,-0.977,0,0.213,0,1,0,-0.213,0,-0.977],[["jump",0.1]],1,5,[-15.891,44.978,-1.861],[0,-7.457,0],[768.782,239.059,43.424,-0.997,-0.075,0.016,0,0.208,0.978,-0.077,0.975,-0.207],12.5,"FreeFall",1,[683,357.5],[[],[]]],[[769.995,226.218,46.12,-0.971,0,0.238,0,1,0,-0.238,0,-0.971],[],1,5,[-15.933,40.891,-1.459],[0,-7.96,0],[768.428,239.948,43.42,-0.998,-0.068,0.014,0,0.207,0.978,-0.069,0.976,-0.206],12.5,"FreeFall",1,[683,357.5],[[],[]]],[[769.729,226.866,46.099,-0.98,0,0.201,0,1,0,-0.201,0,-0.98],[],1,5,[-15.952,37.621,-1.235],[0,-7.992,0],[768.153,240.599,43.419,-0.998,-0.065,0.014,0,0.206,0.979,-0.066,0.976,-0.205],12.5,"FreeFall",1,[683,357.5],[[],["b2"]]],[[769.463,227.459,46.08,-0.98,0,0.198,0,1,0,-0.198,0,-0.98],[],1,5,[-15.962,34.351,-1.108],[0,-7.995,0],[767.887,241.192,43.4,-0.998,-0.065,0.014,0,0.206,0.979,-0.066,0.976,-0.205],12.5,"FreeFall",1,[683,357.5],[[],[]]],[[769.264,227.868,46.067,-0.986,0,0.165,0,1,0,-0.165,0,-0.986],[],1,5,[-15.965,31.898,-1.058],[0,-7.996,0],[767.687,241.6,43.387,-0.998,-0.065,0.014,0,0.206,0.979,-0.066,0.976,-0.205],12.5,"FreeFall",1,[683,357.5],[[],[]]],[[768.998,228.365,46.049,-0.98,0,0.198,0,1,0,-0.198,0,-0.98],[],1,5,[-15.965,28.628,-1.055],[0,-7.996,0],[767.415,242.104,43.401,-0.998,-0.063,0.013,0,0.203,0.979,-0.064,0.977,-0.203],12.5,"FreeFall",1,[683,357.5],[[],[]]],[[768.731,228.808,46.032,-0.981,0,0.196,0,1,0,-0.196,0,-0.981],[],1,5,[-15.965,25.358,-1.055],[0,-7.996,0],[767.147,242.553,43.413,-0.998,-0.063,0.013,0,0.201,0.98,-0.064,0.978,-0.2],12.5,"FreeFall",1,[683,357.5],[[],[]]],[[768.465,229.197,46.015,-0.981,0,0.196,0,1,0,-0.196,0,-0.981],[],1,5,[-15.967,22.088,-1.03],[0,-7.996,0],[766.87,242.951,43.445,-0.998,-0.06,0.012,0,0.197,0.98,-0.061,0.978,-0.197],12.5,"FreeFall",1,[683,357.5],[[],[]]],[[768.199,229.531,45.997,-0.981,0,0.193,0,1,0,-0.193,0,-0.981],[],1,5,[-15.967,18.818,-1.03],[0,-7.996,0],[766.598,243.291,43.46,-0.998,-0.059,0.012,0,0.195,0.981,-0.06,0.979,-0.195],12.5,"FreeFall",1,[683,357.5],[[],[]]],[[768,229.746,45.985,-0.987,0,0.159,0,1,0,-0.159,0,-0.987],[],1,5,[-15.97,16.366,-0.982],[0,-7.996,0],[766.379,243.517,43.517,-0.999,-0.052,0.01,0,0.19,0.982,-0.053,0.98,-0.19],12.5,"FreeFall",1,[683,357.5],[[],[]]],[[767.667,230.036,45.965,-0.976,0,0.218,0,1,0,-0.218,0,-0.976],[],1,5,[-15.971,12.278,-0.955],[0,-7.996,0],[766.029,243.816,43.552,-0.999,-0.046,0.009,0,0.187,0.982,-0.047,0.981,-0.186],12.5,"FreeFall",1,[683,357.5],[[],[]]],[[767.401,230.206,45.951,-0.984,0,0.179,0,1,0,-0.179,0,-0.984],[],1,5,[-15.977,9.008,-0.857],[0,-7.996,0],[765.738,243.998,43.612,-0.999,-0.037,0.007,0,0.182,0.983,-0.038,0.983,-0.182],12.5,"FreeFall",1,[683,357.5],[[],[]]],[[767.134,230.322,45.938,-0.985,0,0.17,0,1,0,-0.17,0,-0.985],[],1,5,[-15.982,5.738,-0.756],[0,-7.996,0],[765.447,244.13,43.704,-1,-0.028,0.005,0,0.175,0.985,-0.028,0.984,-0.175],12.5,"FreeFall",1,[683,357.5],[[],["Space"]]],[[766.801,230.391,45.925,-0.981,0,0.194,0,1,0,-0.194,0,-0.981],[],1,5,[-15.989,1.651,-0.605],[0,-7.996,0],[765.107,244.201,43.711,-1,-0.025,0.004,0,0.174,0.985,-0.025,0.984,-0.174],12.5,"FreeFall",1,[683,357.5],[[],[]]],[[766.535,230.384,45.917,-0.987,0,0.158,0,1,0,-0.158,0,-0.987],[],1,5,[-15.993,-1.619,-0.456],[0,-7.996,0],[764.833,244.194,43.708,-1,-0.022,0.004,0,0.174,0.985,-0.022,0.985,-0.174],12.5,"FreeFall",1,[683,357.5],[[],[]]],[[766.268,230.323,45.91,-0.988,0,0.155,0,1,0,-0.155,0,-0.988],[],1,5,[-15.995,-4.889,-0.404],[0,-7.996,0],[764.553,244.133,43.712,-1,-0.016,0.003,0,0.174,0.985,-0.016,0.985,-0.174],12.5,"FreeFall",1,[683,357.5],[[],[]]],[[766.068,230.242,45.906,-0.993,0,0.115,0,1,0,-0.115,0,-0.993],[],1,5,[-15.996,-7.342,-0.355],[0,-7.996,0],[764.339,244.052,43.719,-1,-0.009,0.002,0,0.174,0.985,-0.009,0.985,-0.174],12.5,"FreeFall",1,[683,357.5],[[],[]]],[[765.802,230.085,45.901,-0.99,0,0.142,0,1,0,-0.142,0,-0.99],[["fall",0.3]],1,5,[-15.998,-10.612,-0.254],[0,-7.996,0],[764.055,243.895,43.728,-1,-0.002,0,0,0.174,0.985,-0.002,0.985,-0.174],12.5,"FreeFall",1,[683,357.5],[[],[]]],[[765.535,229.874,45.898,-0.991,0,0.134,0,1,0,-0.134,0,-0.991],[],1,5,[-15.999,-13.882,-0.154],[0,-7.996,0],[763.768,243.684,43.741,-1,0.008,-0.001,0,0.174,0.985,0.008,0.985,-0.174],12.5,"FreeFall",1,[683,357.5],[[],[]]],[[765.202,229.534,45.898,-0.987,0,0.158,0,1,0,-0.158,0,-0.987],[],1,5,[-16,-17.969,-0.027],[0,-7.996,0],[763.421,243.344,43.752,-1,0.014,-0.002,0,0.174,0.985,0.014,0.985,-0.174],12.5,"FreeFall",1,[683,357.5],[[],[]]],[[765.002,229.289,45.899,-0.996,0,0.086,0,1,0,-0.086,0,-0.996],[],1,5,[-16,-20.422,0.117],[0,-7.996,0],[763.208,243.099,43.764,-1,0.02,-0.004,0,0.174,0.985,0.02,0.985,-0.174],12.5,"FreeFall",1,[683,357.5],[[],[]]],[[764.802,229.013,45.901,-0.997,0,0.08,0,1,0,-0.08,0,-0.997],[],1,5,[-15.998,-22.874,0.219],[0,-7.996,0],[763.005,242.823,43.77,-1,0.022,-0.004,0,0.174,0.985,0.022,0.985,-0.174],12.5,"FreeFall",1,[683,357.5],[[],[]]],[[764.469,228.486,45.908,-0.99,0,0.144,0,1,0,-0.144,0,-0.99],[],1,5,[-15.997,-26.962,0.324],[0,-7.996,0],[762.671,242.296,43.776,-1,0.022,-0.004,0,0.174,0.985,0.022,0.985,-0.174],12.5,"FreeFall",1,[683,357.5],[[],[]]],[[764.135,227.873,45.915,-0.99,0,0.144,0,1,0,-0.144,0,-0.99],[["fall",0.3]],1,5,[-15.996,-31.049,0.35],[0,-7.996,0],[762.338,241.683,43.783,-1,0.022,-0.004,0,0.174,0.985,0.022,0.985,-0.174],12.5,"FreeFall",1,[683,357.5],[[],[]]],[[763.935,227.464,45.919,-0.997,0,0.078,0,1,0,-0.078,0,-0.997],[],1,5,[-15.996,-33.502,0.35],[0,-7.996,0],[762.142,241.274,43.785,-1,0.02,-0.004,0,0.174,0.985,0.02,0.985,-0.174],12.5,"FreeFall",1,[683,357.5],[[],[]]],[[763.669,226.872,45.925,-0.994,0,0.113,0,1,0,-0.113,0,-0.994],[],1,5,[-15.996,-36.772,0.35],[0,-7.996,0],[761.912,240.682,43.76,-1,0.003,-0.001,0,0.174,0.985,0.003,0.985,-0.174],12.5,"FreeFall",1,[683,357.5],[[],[]]],[[763.402,226.225,45.931,-0.992,0,0.13,0,1,0,-0.13,0,-0.992],[],1,5,[-15.997,-40.042,0.326],[0,-7.996,0],[761.701,240.035,43.722,-1,-0.022,0.004,0,0.174,0.985,-0.022,0.985,-0.174],12.5,"FreeFall",1,[683,357.5],[[],[]]],[[763.069,225.34,45.932,-0.998,0,0.059,0,1,0,-0.059,0,-0.998],[["walk",0.1],["fall",0.3],["fall",0.3]],1,7,[-16,-44.129,0.051],[0,-0.136,0],[761.484,239.15,43.639,-0.997,-0.073,0.013,0,0.174,0.985,-0.074,0.982,-0.173],12.5,"FreeFall",1,[683,357.5],[[],[]]],[[762.802,225.179,45.928,-0.997,0,0.075,0,1,0,-0.075,0,-0.997],[],1,7,[-15.996,1.935,-0.345],[0,-0.016,0],[761.268,238.989,43.599,-0.995,-0.094,0.017,0,0.174,0.985,-0.096,0.98,-0.173],12.5,"FreeFall",1,[683,357.5],[[],[]]],[[762.536,225.271,45.91,-0.995,0,0.096,0,1,0,-0.096,0,-0.995],[["walk",0.1],["fall",0.3],["walk",0.1]],1.103,8,[-15.957,6.038,-1.165],[0,-0.001,0],[761.11,239.081,43.514,-0.99,-0.139,0.024,0,0.174,0.985,-0.141,0.975,-0.172],12.5,"Running",1,[683,357.5],[[],[]]],[[762.271,225.348,45.885,-0.99,0,0.141,0,1,0,-0.141,0,-0.99],[["walk",0.1]],1.103,8,[-15.927,3.763,-1.525],[0,0,0],[760.959,239.158,43.425,-0.982,-0.185,0.033,0,0.174,0.985,-0.187,0.967,-0.171],12.5,"Running",1,[683,357.5],[[],[]]],[[762.007,225.391,45.849,-0.982,0,0.187,0,1,0,-0.187,0,-0.982],[],1.103,8,[-15.842,1.938,-2.241],[0,0,0],[760.82,239.201,43.326,-0.972,-0.233,0.041,0,0.174,0.985,-0.237,0.957,-0.169],12.5,"Running",1,[683,357.5],[[],[]]],[[761.744,225.41,45.801,-0.972,0,0.237,0,1,0,-0.237,0,-0.972],[],1.103,8,[-15.719,0.767,-2.984],[0,0,0],[760.698,239.218,43.204,-0.958,-0.284,0.05,0,0.175,0.985,-0.288,0.943,-0.167],12.5,"Running",1,[683,357.5],[[],[]]],[[761.485,225.413,45.74,-0.958,0,0.288,0,1,0,-0.288,0,-0.958],[],1.103,8,[-15.549,-0.117,-3.769],[0,0,0],[760.575,239.22,43.092,-0.941,-0.332,0.059,0,0.175,0.985,-0.337,0.927,-0.165],12.5,"Running",1,[683,357.5],[[],[]]],[[761.229,225.381,45.665,-0.941,0,0.337,0,1,0,-0.337,0,-0.941],[],1.103,8,[-15.326,-2.265,-4.593],[0,0,0],[760.432,239.189,42.981,-0.926,-0.371,0.066,0,0.175,0.985,-0.377,0.912,-0.162],12.5,"Running",1,[683,357.5],[[],[]]],[[760.977,225.359,45.577,-0.926,0,0.377,0,1,0,-0.377,0,-0.926],[],1.103,8,[-15.067,-0.813,-5.381],[0,0,0],[760.214,239.167,42.884,-0.921,-0.383,0.068,0,0.175,0.985,-0.389,0.907,-0.161],12.5,"Running",1,[683,357.5],[[],[]]],[[760.73,225.374,45.478,-0.921,0,0.389,0,1,0,-0.389,0,-0.921],[],1.103,8,[-14.825,1.382,-6.018],[0,0,0],[759.983,239.182,42.78,-0.919,-0.388,0.069,0,0.175,0.985,-0.394,0.905,-0.161],12.5,"Running",1,[683,357.5],[[],[]]],[[760.484,225.38,45.375,-0.919,0,0.394,0,1,0,-0.394,0,-0.919],[["walk",0.1]],1.103,8,[-14.744,-0.121,-6.213],[0,0,0],[759.737,239.187,42.677,-0.919,-0.388,0.069,0,0.175,0.985,-0.394,0.905,-0.161],12.5,"Running",1,[683,357.5],[[],[]]],[[760.238,225.373,45.27,-0.919,0,0.394,0,1,0,-0.394,0,-0.919],[],1.103,8,[-14.704,-0.496,-6.307],[0,0,0],[759.475,239.18,42.577,-0.921,-0.383,0.068,0,0.175,0.985,-0.389,0.907,-0.161],12.5,"Running",1,[683,357.5],[[],[]]],[[759.993,225.331,45.165,-0.921,0,0.389,0,1,0,-0.389,0,-0.921],[],1.103,8,[-14.703,-3.766,-6.309],[0,0,0],[759.195,239.141,42.494,-0.926,-0.373,0.066,0,0.174,0.985,-0.378,0.912,-0.161],12.5,"Running",1,[683,357.5],[[],[]]],[[759.748,225.234,45.06,-0.926,0,0.378,0,1,0,-0.378,0,-0.926],[],1.103,8,[-14.703,-7.036,-6.309],[0,0,0],[758.916,239.044,42.399,-0.93,-0.361,0.064,0,0.174,0.985,-0.367,0.916,-0.162],12.5,"Running",1,[683,357.5],[[],[]]],[[759.503,225.082,44.955,-0.93,0,0.367,0,1,0,-0.367,0,-0.93],[],1.103,8,[-14.703,-10.306,-6.309],[0,0,0],[758.646,238.892,42.302,-0.934,-0.353,0.062,0,0.174,0.985,-0.358,0.92,-0.162],12.5,"Running",1,[683,357.5],[["Space"],[]]],[[759.258,225.958,44.85,-0.934,0,0.358,0,1,0,-0.358,0,-0.934],[["walk",0.1],["jump",0.1]],1,3,[-14.703,51.518,-6.309],[0,0,0],[758.393,239.768,42.199,-0.935,-0.35,0.062,0,0.174,0.985,-0.355,0.921,-0.162],12.5,"Jumping",1,[683,357.5],[[],[]]],[[758.885,227.174,44.705,-0.869,0,0.495,0,1,0,-0.495,0,-0.869],[["jump",0.1]],1,5,[-14.939,46.613,-5.729],[0,-7.682,0],[758.02,240.985,42.055,-0.935,-0.35,0.062,0,0.174,0.985,-0.355,0.921,-0.162],12.5,"FreeFall",1,[683,357.5],[[],[]]],[[758.636,227.917,44.61,-0.88,0,0.475,0,1,0,-0.475,0,-0.88],[],1,5,[-14.957,43.343,-5.681],[0,-7.96,0],[757.77,241.727,41.96,-0.935,-0.35,0.062,0,0.174,0.985,-0.355,0.921,-0.162],12.5,"FreeFall",1,[683,357.5],[[],[]]],[[758.511,228.268,44.563,-0.909,0,0.416,0,1,0,-0.416,0,-0.909],[],1,5,[-14.958,41.708,-5.681],[0,-7.984,0],[757.646,242.078,41.913,-0.935,-0.35,0.062,0,0.174,0.985,-0.355,0.921,-0.162],12.5,"FreeFall",1,[683,357.5],[[],[]]],[[758.262,228.929,44.468,-0.879,0,0.476,0,1,0,-0.476,0,-0.879],[],1,5,[-14.958,38.438,-5.68],[0,-7.994,0],[757.388,242.739,41.821,-0.936,-0.347,0.061,0,0.174,0.985,-0.352,0.922,-0.163],12.5,"FreeFall",1,[683,357.5],[[],[]]],[[758.013,229.536,44.374,-0.881,0,0.473,0,1,0,-0.473,0,-0.881],[],1,5,[-14.958,35.168,-5.68],[0,-7.996,0],[757.114,243.346,41.734,-0.939,-0.338,0.06,0,0.174,0.985,-0.343,0.925,-0.163],12.5,"FreeFall",1,[683,357.5],[[],[]]],[[757.701,230.217,44.256,-0.869,0,0.494,0,1,0,-0.494,0,-0.869],[],1,5,[-14.975,31.081,-5.634],[0,-7.996,0],[756.773,244.028,41.627,-0.943,-0.328,0.058,0,0.174,0.985,-0.333,0.929,-0.164],12.5,"FreeFall",1,[683,357.5],[[],[]]],[[757.513,230.586,44.187,-0.905,0,0.425,0,1,0,-0.425,0,-0.905],[],1,5,[-15.025,28.628,-5.499],[0,-7.996,0],[756.573,244.396,41.562,-0.945,-0.323,0.057,0,0.174,0.985,-0.328,0.93,-0.164],12.5,"FreeFall",1,[683,357.5],[[],[]]],[[757.199,231.131,44.076,-0.877,0,0.481,0,1,0,-0.481,0,-0.877],[],1,5,[-15.087,24.541,-5.328],[0,-7.996,0],[756.25,244.941,41.454,-0.946,-0.321,0.057,0,0.174,0.985,-0.325,0.931,-0.164],12.5,"FreeFall",1,[683,357.5],[[],[]]],[[757.01,231.417,44.01,-0.908,0,0.418,0,1,0,-0.418,0,-0.908],[],1,5,[-15.111,22.088,-5.259],[0,-7.996,0],[756.062,245.227,41.388,-0.946,-0.321,0.057,0,0.174,0.985,-0.325,0.931,-0.164],12.5,"FreeFall",1,[683,357.5],[[],[]]],[[756.758,231.751,43.923,-0.894,0,0.448,0,1,0,-0.448,0,-0.894],[],1,5,[-15.128,18.818,-5.209],[0,-7.996,0],[755.81,245.561,41.301,-0.946,-0.321,0.057,0,0.174,0.985,-0.325,0.931,-0.164],12.5,"FreeFall",1,[683,357.5],[[],[]]],[[756.506,232.031,43.836,-0.894,0,0.448,0,1,0,-0.448,0,-0.894],[],1,5,[-15.129,15.548,-5.208],[0,-7.996,0],[755.557,245.841,41.214,-0.946,-0.321,0.057,0,0.174,0.985,-0.325,0.931,-0.164],12.5,"FreeFall",1,[683,357.5],[[],[]]],[[756.253,232.256,43.749,-0.894,0,0.448,0,1,0,-0.448,0,-0.894],[],1,5,[-15.129,12.278,-5.208],[0,-7.996,0],[755.305,246.066,41.127,-0.946,-0.321,0.057,0,0.174,0.985,-0.325,0.931,-0.164],12.5,"FreeFall",1,[683,357.5],[[],[]]],[[756.001,232.427,43.663,-0.894,0,0.448,0,1,0,-0.448,0,-0.894],[],1,5,[-15.129,9.008,-5.208],[0,-7.996,0],[755.053,246.237,41.041,-0.946,-0.321,0.057,0,0.174,0.985,-0.325,0.931,-0.164],12.5,"FreeFall",1,[683,357.5],[[],[]]],[[755.749,232.543,43.576,-0.894,0,0.448,0,1,0,-0.448,0,-0.894],[],1,5,[-15.129,5.738,-5.208],[0,-7.996,0],[754.801,246.353,40.954,-0.946,-0.321,0.057,0,0.174,0.985,-0.325,0.931,-0.164],12.5,"FreeFall",1,[683,357.5],[[],[]]],[[755.497,232.604,43.489,-0.894,0,0.448,0,1,0,-0.448,0,-0.894],[],1,5,[-15.129,2.468,-5.208],[0,-7.996,0],[754.544,246.414,40.869,-0.946,-0.319,0.056,0,0.174,0.985,-0.324,0.932,-0.164],12.5,"FreeFall",1,[683,357.5],[["W"],[]]],[[755.122,232.594,43.411,-0.879,0,0.477,0,1,0,-0.477,0,-0.879],[],1,5,[-14.91,-2.437,-1.639],[0,-6.36,0],[754.169,246.404,40.79,-0.946,-0.319,0.056,0,0.174,0.985,-0.324,0.932,-0.164],12.5,"FreeFall",1,[683,357.5],[[],[]]],[[754.875,232.52,43.408,-0.907,0,0.421,0,1,0,-0.421,0,-0.907],[],1,5,[-14.762,-5.707,0.739],[0,-6.289,0],[753.918,246.33,40.789,-0.947,-0.318,0.056,0,0.174,0.985,-0.322,0.932,-0.164],12.5,"FreeFall",1,[683,357.5],[[],[]]],[[754.691,232.428,43.432,-0.918,0,0.396,0,1,0,-0.396,0,-0.918],[],1,5,[-14.651,-8.159,2.523],[0,-6.292,0],[753.735,246.238,40.813,-0.947,-0.318,0.056,0,0.174,0.985,-0.322,0.932,-0.164],12.5,"FreeFall",1,[683,357.5],[[],[]]],[[754.509,232.305,43.479,-0.918,0,0.396,0,1,0,-0.396,0,-0.918],[],1,5,[-14.535,-10.612,4.307],[0,-6.282,0],[753.553,246.116,40.86,-0.947,-0.318,0.056,0,0.174,0.985,-0.322,0.932,-0.164],12.5,"FreeFall",1,[683,357.5],[[],[]]],[[754.268,232.095,43.575,-0.908,0,0.42,0,1,0,-0.42,0,-0.908],[],1,5,[-14.382,-13.882,6.686],[0,-6.28,0],[753.312,245.905,40.956,-0.947,-0.318,0.056,0,0.174,0.985,-0.322,0.932,-0.164],12.5,"FreeFall",1,[683,357.5],[[],[]]],[[754.095,231.778,43.649,-0.876,0.006,0.482,0.006,1,-0.002,-0.482,0.001,-0.876],[["fall",0.3]],1,5,[-1.98,-15.09,0.202],[-0.008,-10.007,-0.544],[753.148,245.588,41.031,-0.947,-0.318,0.056,0,0.174,0.985,-0.322,0.932,-0.164],12.5,"FreeFall",1,[683,357.5],[[],[]]],[[754.152,231.569,43.601,-0.911,0.006,0.413,0.006,1,-0.002,-0.413,0.001,-0.911],[],1,5,[1.545,-17.542,-1.462],[-0.053,-7.019,0.147],[753.262,245.379,40.963,-0.939,-0.338,0.06,0,0.174,0.985,-0.343,0.925,-0.163],12.5,"FreeFall",1,[683,357.5],[[],[]]],[[754.156,231.243,43.588,-0.897,0.002,0.441,0.002,1,-0.001,-0.441,0,-0.897],[],1,5,[-0.569,-20.812,-0.338],[-0.026,-6.21,0.192],[753.508,245.042,40.829,-0.907,-0.413,0.075,0,0.178,0.984,-0.42,0.893,-0.162],12.5,"FreeFall",1,[683,357.5],[[],[]]],[[754.125,230.862,43.594,-0.863,0,0.506,0,1,0,-0.506,0,-0.863],[],1,5,[-2.663,-24.082,0.74],[-0.004,-5.683,0.073],[754.108,244.633,40.641,-0.809,-0.577,0.112,0,0.19,0.982,-0.588,0.794,-0.154],12.5,"FreeFall",1,[683,357.5],[[],[]]],[[754.057,230.426,43.615,-0.757,0,0.653,0,1,0,-0.653,0,-0.757],[],1,5,[-4.869,-27.352,1.598],[0,-4.834,0.011],[755.128,244.153,40.669,-0.589,-0.79,0.168,0,0.208,0.978,-0.808,0.576,-0.123],12.5,"FreeFall",1,[683,357.5],[[],[]]],[[753.951,229.937,43.644,-0.532,0,0.847,0,1,0,-0.847,0,-0.532],[],1,5,[-7.241,-30.622,1.795],[0.001,-3.902,-0.003],[756.264,243.61,41.243,-0.249,-0.943,0.22,0,0.227,0.974,-0.969,0.242,-0.056],12.5,"FreeFall",1,[683,357.5],[[],[]]],[[753.939,229.413,43.556,-0.239,0.025,0.971,-0.009,1,-0.027,-0.971,-0.015,-0.239],[],1,5,[-1.539,-32.09,-7.18],[-0.346,-0.949,-0.33],[757.161,243.036,42.058,0.088,-0.966,0.242,0,0.243,0.97,-0.996,-0.085,0.021],12.5,"FreeFall",1,[683,357.5],[[],[]]],[[754.003,229.829,43.308,0.074,0.006,0.997,0,1,-0.006,-0.997,0,0.074],[["fall",0.3],["walk",0.1],["fall",0.3],["fall",0.3]],1,7,[-9.427,36.784,-9.117],[0.959,1.102,2.651],[757.669,243.396,42.732,0.33,-0.911,0.246,0,0.261,0.965,-0.944,-0.318,0.086],12.5,"FreeFall",1,[683,357.5],[[],[]]],[[753.922,230.52,43.037,0.331,0.003,0.944,0,1,-0.003,-0.944,0.001,0.331],[],1,7,[-7.966,31.523,-10.487],[-0.136,-1.002,0.367],[757.654,244.067,42.504,0.334,-0.908,0.251,0,0.267,0.964,-0.942,-0.322,0.089],12.5,"FreeFall",1,[683,357.5],[[],[]]],[[753.832,230.893,42.918,0.339,0,0.941,0,1,0,-0.941,0,0.339],[["walk",0.1],["fall",0.3],["walk",0.1]],0.908,8,[-6.822,29.071,-9.035],[-0.032,-0.199,0.135],[757.518,244.412,41.785,0.172,-0.947,0.271,0,0.275,0.961,-0.985,-0.165,0.047],12.5,"Running",1,[683,357.5],[[],[]]],[[753.69,232.001,42.73,0.176,-0.003,0.984,0,1,0.003,-0.984,-0.001,0.176],[["walk",0.1],["jump",0.1]],1,3,[-6.822,53.153,-9.035],[-0.032,-0.198,0.135],[757.036,245.519,40.819,-0.047,-0.96,0.275,0,0.275,0.961,-0.999,0.045,-0.013],12.5,"Jumping",1,[683,357.5],[[],[]]],[[753.597,232.645,42.605,0.016,-0.002,1,0,1,0.003,-1,0,0.016],[["jump",0.1]],1,5,[-7.672,50.701,-10.561],[0.023,-6.45,-0.091],[756.387,246.188,40.059,-0.255,-0.932,0.259,0,0.268,0.963,-0.967,0.245,-0.068],12.5,"FreeFall",1,[683,357.5],[[],[]]],[[753.445,233.456,42.427,-0.132,-0.001,0.991,0,1,0.001,-0.991,0,-0.132],[],1,5,[-10.054,47.431,-10.684],[-0.004,-7.788,-0.083],[755.634,247.042,39.524,-0.41,-0.882,0.233,0,0.255,0.967,-0.912,0.396,-0.105],12.5,"FreeFall",1,[683,357.5],[[],[]]],[[753.257,234.212,42.263,-0.291,0,0.957,0,1,0,-0.957,0,-0.291],[],1,5,[-12.022,44.161,-9.319],[-0.015,-7.621,-0.026],[754.971,247.836,39.201,-0.513,-0.833,0.209,0,0.243,0.97,-0.858,0.498,-0.125],12.5,"FreeFall",1,[683,357.5],[[],["W"]]],[[753.074,234.914,42.091,-0.396,0,0.918,0,1,0,-0.918,0,-0.396],[],1,5,[-10.314,40.891,-10.972],[-0.008,-7.953,0],[754.464,248.564,38.964,-0.578,-0.793,0.192,0,0.235,0.972,-0.816,0.561,-0.136],12.5,"FreeFall",1,[683,357.5],[[],[]]],[[752.917,235.562,41.888,-0.464,0,0.886,0,1,0,-0.886,0,-0.464],[],1,5,[-8.871,37.621,-12.866],[-0.002,-7.991,0.003],[753.916,249.242,38.734,-0.649,-0.741,0.171,0,0.225,0.974,-0.76,0.633,-0.146],12.5,"FreeFall",1,[683,357.5],[[],[]]],[[752.726,236.294,41.617,-0.514,0,0.858,0,1,0,-0.858,0,-0.514],[],1,5,[-9.238,33.533,-13.06],[0.001,-7.996,0.001],[753.587,249.985,38.461,-0.674,-0.72,0.163,0,0.221,0.975,-0.739,0.657,-0.149],12.5,"FreeFall",1,[683,357.5],[[],[]]],[[752.6,236.693,41.461,-0.597,0,0.802,0,1,0,-0.802,0,-0.597],[],1,5,[-10.295,31.081,-12.241],[0.001,-7.996,0],[753.211,250.397,38.298,-0.721,-0.676,0.15,0,0.216,0.976,-0.693,0.704,-0.156],12.5,"FreeFall",1,[683,357.5],[[],[]]],[[752.421,237.177,41.263,-0.623,0,0.782,0,1,0,-0.782,0,-0.623],[],1,5,[-10.776,27.811,-11.826],[0,-7.996,0],[752.784,250.891,38.1,-0.767,-0.626,0.136,0,0.213,0.977,-0.641,0.75,-0.163],12.5,"FreeFall",1,[683,357.5],[[],[]]],[[752.231,237.606,41.076,-0.675,0,0.737,0,1,0,-0.737,0,-0.675],[],1,5,[-11.524,24.541,-11.098],[0,-7.996,0],[752.243,251.336,37.954,-0.826,-0.551,0.117,0,0.207,0.978,-0.563,0.808,-0.171],12.5,"FreeFall",1,[683,357.5],[[],[]]],[[752.029,237.981,40.903,-0.744,0,0.668,0,1,0,-0.668,0,-0.744],[],1,5,[-12.26,21.271,-10.279],[0,-7.996,0],[751.949,251.714,37.793,-0.841,-0.53,0.111,0,0.206,0.979,-0.541,0.823,-0.173],12.5,"FreeFall",1,[683,357.5],[[],[]]],[[751.813,238.302,40.747,-0.762,0,0.648,0,1,0,-0.648,0,-0.762],[],1,5,[-13.185,18.001,-9.059],[0,-7.996,0],[751.53,252.05,37.711,-0.869,-0.486,0.099,0,0.2,0.98,-0.496,0.851,-0.174],12.5,"FreeFall",1,[683,357.5],[[],[]]],[[751.589,238.568,40.602,-0.795,0,0.607,0,1,0,-0.607,0,-0.795],[],1,5,[-13.449,14.731,-8.667],[0,-7.996,0],[750.975,252.351,37.762,-0.907,-0.413,0.078,0,0.186,0.983,-0.42,0.892,-0.168],12.5,"FreeFall",1,[683,357.5],[[],[]]],[[751.358,238.779,40.468,-0.844,0,0.537,0,1,0,-0.537,0,-0.844],[],1,5,[-13.889,11.461,-7.943],[0,-7.996,0],[750.558,252.576,37.736,-0.93,-0.362,0.066,0,0.18,0.984,-0.368,0.915,-0.167],12.5,"FreeFall",1,[683,357.5],[[],[]]],[[751.119,238.936,40.351,-0.873,0,0.488,0,1,0,-0.488,0,-0.873],[],1,5,[-14.5,8.191,-6.759],[0,-7.996,0],[750.142,252.744,37.727,-0.95,-0.309,0.055,0,0.175,0.985,-0.314,0.935,-0.166],12.5,"FreeFall",1,[683,357.5],[[],[]]],[[750.748,239.069,40.202,-0.868,0,0.496,0,1,0,-0.496,0,-0.868],[],1,5,[-14.875,3.286,-5.893],[0,-7.996,0],[749.625,252.88,37.65,-0.965,-0.257,0.045,0,0.174,0.985,-0.261,0.951,-0.168],12.5,"FreeFall",1,[683,357.5],[[],[]]],[[750.622,239.087,40.158,-0.946,0,0.325,0,1,0,-0.325,0,-0.946],[],1,5,[-15.148,1.651,-5.14],[0,-7.996,0],[749.368,252.897,37.668,-0.978,-0.207,0.037,0,0.174,0.985,-0.211,0.963,-0.17],12.5,"FreeFall",1,[683,357.5],[[],[]]],[[750.301,239.07,40.069,-0.929,0,0.37,0,1,0,-0.37,0,-0.929],[["fall",0.3]],1,5,[-15.443,-2.437,-4.182],[0,-7.996,0],[748.912,252.88,37.651,-0.988,-0.154,0.027,0,0.174,0.985,-0.157,0.973,-0.172],12.5,"FreeFall",1,[683,357.5],[[],[]]],[[750.041,238.995,40.011,-0.958,0,0.286,0,1,0,-0.286,0,-0.958],[],1,5,[-15.637,-5.707,-3.385],[0,-7.996,0],[748.431,252.805,37.734,-0.998,-0.062,0.011,0,0.174,0.985,-0.063,0.983,-0.173],12.5,"FreeFall",1,[683,357.5],[[],[]]],[[749.778,238.866,39.967,-0.981,0,0.195,0,1,0,-0.195,0,-0.981],[],1,5,[-15.8,-8.977,-2.522],[0,-7.996,0],[748.09,252.676,37.747,-1,-0.028,0.005,0,0.174,0.985,-0.028,0.984,-0.174],12.5,"FreeFall",1,[683,357.5],[[],[]]],[[749.579,238.733,39.948,-0.992,0,0.128,0,1,0,-0.128,0,-0.992],[],1,5,[-15.954,-11.429,-1.136],[0,-7.996,0],[747.752,252.544,37.842,-0.999,0.036,-0.006,0,0.174,0.985,0.036,0.984,-0.174],12.5,"FreeFall",1,[683,357.5],[[],[]]],[[749.379,238.57,39.941,-0.998,0,0.064,0,1,0,-0.064,0,-0.998],[],1,5,[-15.991,-13.882,-0.489],[0,-7.996,0],[747.414,252.38,37.963,-0.995,0.102,-0.018,0,0.174,0.985,0.103,0.98,-0.173],12.5,"FreeFall",1,[683,357.5],[[],[]]],[[749.046,238.23,39.95,-0.998,0,0.063,0,1,0,-0.063,0,-0.998],[],1,5,[-15.99,-17.969,0.567],[0,-7.996,0],[746.895,252.04,38.176,-0.98,0.198,-0.035,0,0.174,0.985,0.201,0.965,-0.17],12.5,"FreeFall",1,[683,357.5],[[],[]]],[[748.78,237.896,39.974,-0.998,0,-0.069,0,1,0,0.069,0,-0.998],[],1,5,[-15.916,-21.239,1.629],[0,-7.996,0],[746.504,251.706,38.364,-0.962,0.269,-0.047,0,0.174,0.985,0.273,0.947,-0.167],12.5,"FreeFall",1,[683,357.5],[["W"],[]]],[[748.528,237.508,40.023,-0.988,0,-0.155,0,1,0,0.155,0,-0.988],[["fall",0.3]],1,5,[-14.681,-24.509,3.667],[0,-7,0],[746.137,251.318,38.588,-0.939,0.339,-0.06,0,0.174,0.985,0.345,0.924,-0.163],12.5,"FreeFall",1,[683,357.5],[[],[]]],[[748.297,237.066,40.104,-0.972,0,-0.234,0,1,0,0.234,0,-0.972],[],1,5,[-13.357,-27.779,5.649],[0,-6.897,0],[745.807,250.876,38.85,-0.911,0.407,-0.072,0,0.174,0.985,0.413,0.897,-0.158],12.5,"FreeFall",1,[683,357.5],[[],[]]],[[748.089,236.569,40.218,-0.952,0,-0.306,0,1,0,0.306,0,-0.952],[],1,5,[-11.929,-31.049,7.557],[0,-6.873,0],[745.519,250.379,39.139,-0.88,0.468,-0.082,0,0.174,0.985,0.475,0.867,-0.153],12.5,"FreeFall",1,[683,357.5],[[],[]]],[[747.907,236.017,40.363,-0.928,0,-0.372,0,1,0,0.372,0,-0.928],[],1,5,[-10.387,-34.319,9.374],[0,-6.837,0],[745.276,249.827,39.439,-0.85,0.518,-0.091,0,0.174,0.985,0.526,0.837,-0.148],12.5,"FreeFall",1,[683,357.5],[[],[]]],[[747.751,235.411,40.537,-0.904,0,-0.427,0,1,0,0.427,0,-0.904],[],1,5,[-8.724,-37.589,11.081],[0,-6.766,0],[745.072,249.221,39.763,-0.819,0.565,-0.1,0,0.174,0.985,0.574,0.807,-0.142],12.5,"FreeFall",1,[683,357.5],[[],[]]],[[747.624,234.751,40.738,-0.878,0,-0.478,0,1,0,0.478,0,-0.878],[],1,5,[-6.942,-40.859,12.664],[0,-6.736,0],[744.907,248.561,40.113,-0.786,0.608,-0.107,0,0.174,0.985,0.618,0.774,-0.137],12.5,"FreeFall",1,[683,357.5],[[],[]]],[[747.509,233.848,41.025,-0.865,0,-0.502,0,1,0,0.502,0,-0.865],[["fall",0.3]],1,5,[-4.55,-44.947,14.44],[0,-6.721,0],[744.766,247.658,40.523,-0.757,0.643,-0.113,0,0.174,0.985,0.653,0.746,-0.132],12.5,"FreeFall",1,[683,357.5],[[],[]]],[[747.465,233.266,41.212,-0.809,0,-0.588,0,1,0,0.588,0,-0.809],[],1,5,[-2.982,-47.399,15.298],[0,-6.659,0],[744.711,247.076,40.78,-0.741,0.662,-0.117,0,0.174,0.985,0.672,0.729,-0.129],12.5,"FreeFall",1,[683,357.5],[[],[]]],[[747.436,232.442,41.475,-0.809,0,-0.587,0,1,0,0.587,0,-0.809],[],1,5,[-1.277,-50.669,15.921],[0,-6.502,0],[744.682,246.252,41.043,-0.741,0.662,-0.117,0,0.174,0.985,0.672,0.729,-0.129],12.5,"FreeFall",1,[683,357.5],[[],[]]],[[747.36,231.595,41.558,-0.837,0.004,-0.548,0.004,1,0.002,0.548,-0.001,-0.837],[],1,5,[-4.416,-52.04,6.146],[-0.043,-7.421,0.053],[744.647,245.405,40.939,-0.784,0.611,-0.108,0,0.174,0.985,0.62,0.772,-0.136],12.5,"FreeFall",1,[683,357.5],[[],[]]],[[747.271,230.694,41.599,-0.845,0.002,-0.534,0.002,1,0.001,0.534,-0.001,-0.845],[],1,5,[-5.615,-55.31,3.707],[0.021,-5.934,0.155],[744.639,244.462,40.239,-0.895,0.439,-0.086,0,0.191,0.981,0.447,0.878,-0.171],12.5,"FreeFall",1,[683,357.5],[[],[]]],[[747.205,229.982,41.66,-0.921,0.001,-0.389,0.001,1,0,0.389,0,-0.921],[],1,5,[-5.077,-57.762,5.411],[0.009,-4.892,0.091],[745.187,243.705,39.245,-0.994,0.104,-0.022,0,0.209,0.978,0.107,0.972,-0.208],12.5,"FreeFall",1,[683,357.5],[[],[]]],[[747.071,228.763,41.651,-0.996,-0.008,-0.094,-0.007,1,-0.018,0.094,-0.017,-0.995],[],1,5,[-6.016,-59.794,1.809],[0.896,-2.02,-0.108],[746.868,242.433,38.285,-0.881,-0.461,0.108,0,0.228,0.974,-0.473,0.858,-0.201],12.5,"FreeFall",1,[683,357.5],[[],[]]],[[746.8,228.971,41.376,-0.88,0.001,0.474,-0.006,1,-0.012,-0.474,-0.014,-0.88],[["fall",0.3],["walk",0.1],["fall",0.3],["fall",0.3]],1,7,[-10.532,28.915,3.858],[0.098,0.318,-0.044],[747.31,242.634,38.023,-0.766,-0.625,0.148,0,0.231,0.973,-0.642,0.746,-0.177],12.5,"FreeFall",1,[683,357.5],[[],[]]],[[746.609,229.416,41.427,-0.751,0,0.661,-0.003,1,-0.004,-0.661,-0.005,-0.751],[],1,7,[-10.938,25.207,4.62],[0.036,-1.802,0.275],[747.108,243.079,38.085,-0.768,-0.623,0.147,0,0.231,0.973,-0.64,0.748,-0.177],12.5,"FreeFall",1,[683,357.5],[[],[]]],[[746.45,229.802,41.495,-0.763,-0.001,0.647,-0.002,1,-0.001,-0.647,-0.002,-0.763],[["walk",0.1],["fall",0.3],["walk",0.1]],0.819,8,[-8.671,21.937,3.733],[0.22,-0.208,-0.008],[746.392,243.458,38.097,-0.865,-0.487,0.117,0,0.233,0.973,-0.501,0.842,-0.202],12.5,"Running",1,[683,357.5],[[],[]]],[[746.27,230.909,41.573,-0.863,-0.001,0.505,0.001,1,0.003,-0.505,0.003,-0.863],[["walk",0.1],["jump",0.1]],1,3,[-8.671,53.153,3.733],[0.219,-0.209,-0.008],[745.399,244.548,38.229,-0.962,-0.265,0.065,0,0.239,0.971,-0.273,0.934,-0.23],12.5,"Jumping",1,[683,357.5],[[],[]]],[[746.1,231.761,41.636,-0.932,0,0.361,0.001,1,0.002,-0.361,0.002,-0.932],[["jump",0.1]],1,5,[-11.049,49.884,3.8],[-0.111,-7.095,-0.025],[744.327,245.403,38.684,-1,0.008,-0.002,0,0.238,0.971,0.008,0.971,-0.238],12.5,"FreeFall",1,[683,357.5],[[],["W"]]],[[745.904,232.558,41.677,-0.993,0.001,0.121,0.001,1,0.001,-0.121,0.001,-0.993],[],1,5,[-12.174,46.614,1.702],[-0.077,-7.892,0.02],[743.871,246.242,39.085,-0.994,0.102,-0.023,0,0.223,0.975,0.105,0.969,-0.222],12.5,"FreeFall",1,[683,357.5],[[],[]]],[[745.678,233.301,41.696,-1,0,0.028,0,1,0,-0.028,0,-1],[],1,5,[-14.373,43.343,0.8],[-0.02,-7.984,0.02],[743.585,247.012,39.281,-0.991,0.132,-0.029,0,0.214,0.977,0.135,0.968,-0.212],12.5,"FreeFall",1,[683,357.5],[[],[]]],[[745.487,233.823,41.713,-0.999,0,-0.035,0,1,0,0.035,0,-0.999],[],1,5,[-15.724,40.891,1.572],[-0.002,-7.994,0.011],[743.285,247.591,39.727,-0.979,0.2,-0.039,0,0.191,0.981,0.204,0.961,-0.187],12.5,"FreeFall",1,[683,357.5],[[],[]]],[[745.091,234.773,41.766,-1,0,-0.006,0,1,0,0.006,0,-1],[],1,5,[-15.854,35.986,2.153],[0.003,-7.996,0.001],[742.824,248.562,39.986,-0.968,0.246,-0.046,0,0.183,0.983,0.25,0.952,-0.177],12.5,"FreeFall",1,[683,357.5],[[],[]]],[[744.894,235.203,41.803,-0.988,0,-0.152,0,1,0,0.152,0,-0.988],[],1,5,[-15.675,33.533,3.194],[0.001,-7.996,-0.001],[742.597,248.997,40.103,-0.962,0.267,-0.049,0,0.181,0.984,0.271,0.947,-0.174],12.5,"FreeFall",1,[683,357.5],[[],[]]],[[744.7,235.601,41.851,-0.985,0,-0.174,0,1,0,0.174,0,-0.985],[],1,5,[-15.501,31.081,3.96],[0,-7.996,-0.001],[742.356,249.406,40.299,-0.951,0.304,-0.054,0,0.176,0.984,0.309,0.936,-0.167],12.5,"FreeFall",1,[683,357.5],[[],[]]],[[744.508,235.969,41.905,-0.977,0,-0.213,0,1,0,0.213,0,-0.977],[],1,5,[-15.405,28.628,4.322],[0,-7.996,0],[742.09,249.78,40.515,-0.932,0.357,-0.063,0,0.174,0.985,0.362,0.918,-0.162],12.5,"FreeFall",1,[683,357.5],[[],[]]],[[744.19,236.515,42.006,-0.979,0,-0.203,0,1,0,0.203,0,-0.979],[],1,5,[-15.219,24.541,4.939],[0,-7.996,0],[741.736,250.325,40.682,-0.922,0.381,-0.067,0,0.174,0.985,0.387,0.908,-0.16],12.5,"FreeFall",1,[683,357.5],[[],[]]],[[743.879,236.975,42.125,-0.973,0,-0.229,0,1,0,0.229,0,-0.973],[],1,5,[-14.916,20.453,5.789],[0,-7.996,0],[741.398,250.785,40.851,-0.914,0.4,-0.07,0,0.174,0.985,0.406,0.9,-0.159],12.5,"FreeFall",1,[683,357.5],[[],[]]],[[743.694,237.21,42.201,-0.95,0,-0.313,0,1,0,0.313,0,-0.95],[],1,5,[-14.762,18.001,6.17],[0,-7.996,0],[741.196,251.02,40.962,-0.908,0.412,-0.073,0,0.174,0.985,0.419,0.894,-0.158],12.5,"FreeFall",1,[683,357.5],[[],[]]],[[743.45,237.476,42.309,-0.956,0,-0.294,0,1,0,0.294,0,-0.956],[],1,5,[-14.627,14.731,6.485],[0,-7.996,0],[740.933,251.286,41.109,-0.901,0.426,-0.075,0,0.174,0.985,0.433,0.888,-0.157],12.5,"FreeFall",1,[683,357.5],[[],[]]],[[743.207,237.688,42.42,-0.951,0,-0.309,0,1,0,0.309,0,-0.951],[],1,5,[-14.533,11.461,6.694],[0,-7.996,0],[740.664,251.498,41.276,-0.892,0.446,-0.079,0,0.174,0.985,0.453,0.878,-0.155],12.5,"FreeFall",1,[683,357.5],[[],["Space"]]],[[742.906,237.875,42.563,-0.954,0,-0.298,0,1,0,0.298,0,-0.954],[],1,5,[-14.425,7.373,6.923],[0,-7.996,0],[740.357,251.685,41.436,-0.889,0.451,-0.08,0,0.174,0.985,0.458,0.875,-0.154],12.5,"FreeFall",1,[683,357.5],[[],[]]],[[742.728,237.947,42.653,-0.93,0,-0.367,0,1,0,0.367,0,-0.93],[],1,5,[-14.276,4.921,7.224],[0,-7.996,0],[740.165,251.757,41.553,-0.884,0.461,-0.081,0,0.174,0.985,0.468,0.87,-0.153],12.5,"FreeFall",1,[683,357.5],[[],[]]],[[742.491,237.995,42.775,-0.938,0,-0.346,0,1,0,0.346,0,-0.938],[],1,5,[-14.223,1.651,7.328],[0,-7.996,0],[739.922,251.805,41.692,-0.881,0.466,-0.082,0,0.174,0.985,0.473,0.867,-0.153],12.5,"FreeFall",1,[683,357.5],[[],[]]],[[742.255,237.988,42.899,-0.936,0,-0.352,0,1,0,0.352,0,-0.936],[["fall",0.3]],1,5,[-14.142,-1.619,7.483],[0,-7.996,0],[739.687,251.799,41.812,-0.882,0.465,-0.082,0,0.174,0.985,0.472,0.868,-0.153],12.5,"FreeFall",1,[683,357.5],[[],[]]],[[741.961,237.904,43.057,-0.948,0,-0.319,0,1,0,0.319,0,-0.948],[],1,5,[-14.094,-5.707,7.574],[0,-7.996,0],[739.397,251.714,41.961,-0.883,0.462,-0.081,0,0.174,0.985,0.469,0.87,-0.153],12.5,"FreeFall",1,[683,357.5],[[],[]]],[[741.785,237.812,43.151,-0.925,0,-0.379,0,1,0,0.379,0,-0.925],[],1,5,[-14.105,-8.159,7.554],[0,-7.996,0],[739.245,251.622,42,-0.893,0.443,-0.078,0,0.174,0.985,0.45,0.88,-0.155],12.5,"FreeFall",1,[683,357.5],[[],[]]],[[741.49,237.591,43.308,-0.955,0,-0.295,0,1,0,0.295,0,-0.955],[],1,5,[-14.129,-12.247,7.508],[0,-7.996,0],[738.987,251.401,42.081,-0.906,0.416,-0.073,0,0.174,0.985,0.423,0.892,-0.157],12.5,"FreeFall",1,[683,357.5],[[],[]]],[[741.253,237.353,43.429,-0.954,0,-0.299,0,1,0,0.299,0,-0.954],[],1,5,[-14.288,-15.517,7.202],[0,-7.996,0],[738.791,251.163,42.12,-0.92,0.387,-0.068,0,0.174,0.985,0.393,0.906,-0.16],12.5,"FreeFall",1,[683,357.5],[[],[]]],[[741.011,237.06,43.542,-0.964,0,-0.267,0,1,0,0.267,0,-0.964],[],1,5,[-14.495,-18.786,6.774],[0,-7.996,0],[738.577,250.87,42.184,-0.927,0.368,-0.065,0,0.174,0.985,0.374,0.913,-0.161],12.5,"FreeFall",1,[683,357.5],[[],[]]],[[740.828,236.805,43.622,-0.96,0,-0.279,0,1,0,0.279,0,-0.96],[],1,5,[-14.703,-21.239,6.31],[0,-7.996,0],[738.4,250.615,42.252,-0.929,0.364,-0.064,0,0.174,0.985,0.369,0.915,-0.161],12.5,"FreeFall",1,[683,357.5],[[],[]]],[[740.581,236.417,43.723,-0.97,0,-0.243,0,1,0,0.243,0,-0.97],[["fall",0.3]],1,5,[-14.837,-24.509,5.988],[0,-7.996,0],[738.153,250.227,42.352,-0.929,0.364,-0.064,0,0.174,0.985,0.369,0.915,-0.161],12.5,"FreeFall",1,[683,357.5],[[],[]]],[[740.395,236.09,43.797,-0.961,0,-0.275,0,1,0,0.275,0,-0.961],[],1,5,[-14.866,-26.961,5.916],[0,-7.996,0],[737.967,249.9,42.426,-0.929,0.364,-0.064,0,0.174,0.985,0.369,0.915,-0.161],12.5,"FreeFall",1,[683,357.5],[[],[]]],[[740.085,235.477,43.92,-0.978,0,-0.21,0,1,0,0.21,0,-0.978],[],1,5,[-14.868,-31.049,5.912],[0,-7.996,0],[737.657,249.287,42.549,-0.929,0.364,-0.064,0,0.174,0.985,0.369,0.915,-0.161],12.5,"FreeFall",1,[683,357.5],[[],[]]],[[739.838,234.925,44.018,-0.97,0,-0.243,0,1,0,0.243,0,-0.97],[],1,5,[-14.868,-34.319,5.912],[0,-7.996,0],[737.412,248.736,42.644,-0.93,0.362,-0.064,0,0.174,0.985,0.368,0.916,-0.161],12.5,"FreeFall",1,[683,357.5],[[],[]]],[[739.59,234.319,44.117,-0.97,0,-0.241,0,1,0,0.241,0,-0.97],[],1,5,[-14.868,-37.589,5.912],[0,-7.996,0],[737.153,248.13,42.762,-0.927,0.37,-0.065,0,0.174,0.985,0.375,0.913,-0.161],12.5,"FreeFall",1,[683,357.5],[[],[]]],[[739.342,233.659,44.215,-0.969,0,-0.249,0,1,0,0.249,0,-0.969],[],1,5,[-14.877,-40.859,5.889],[0,-7.996,0],[736.882,247.469,42.902,-0.92,0.385,-0.068,0,0.174,0.985,0.391,0.906,-0.16],12.5,"FreeFall",1,[683,357.5],[[],[]]],[[739.033,232.757,44.34,-0.972,0,-0.233,0,1,0,0.233,0,-0.972],[["fall",0.3]],1,5,[-14.831,-44.947,6.004],[0,-7.996,0],[736.569,246.567,43.035,-0.919,0.388,-0.068,0,0.174,0.985,0.394,0.905,-0.16],12.5,"FreeFall",1,[683,357.5],[[],[]]],[[738.848,232.174,44.418,-0.954,0,-0.3,0,1,0,0.3,0,-0.954],[],1,5,[-14.73,-47.399,6.247],[0,-7.996,0],[736.383,245.984,43.116,-0.918,0.39,-0.069,0,0.174,0.985,0.396,0.904,-0.159],12.5,"FreeFall",1,[683,357.5],[[],[]]],[[738.603,231.35,44.523,-0.963,0,-0.27,0,1,0,0.27,0,-0.963],[],1,5,[-14.705,-50.669,6.306],[0,-7.996,0],