{"Replay":[[[776.028,222.662,47.142,0,0,1,0,1,0,-1,0,0],[],1,8,[0,0,0],[0,0,0],[776.253,236.467,44.954,-0.995,-0.101,0.018,0,0.176,0.984,-0.102,0.979,-0.175],12.5,"Standing",0,[683,384],[[],[]]],[[776.028,222.662,47.142,0,0,1,0,1,0,-1,0,0],[],1,8,[0,0.009,0],[0,0,0],[776.253,236.467,44.954,-0.995,-0.101,0.018,0,0.176,0.984,-0.102,0.979,-0.175],12.5,"Standing",0,[683,384],[[],[]]],[[776.028,222.662,47.142,0,0,1,0,1,0,-1,0,0],[],1,8,[0,0.007,0],[0,0,0],[776.253,236.467,44.954,-0.995,-0.101,0.018,0,0.176,0.984,-0.102,0.979,-0.175],12.5,"Standing",0,[683,384],[[],[]]],[[776.028,222.662,47.142,0,0,1,0,1,0,-1,0,0],[],1,8,[0,0.003,0],[0,0,0],[776.253,236.467,44.954,-0.995,-0.101,0.018,0,0.176,0.984,-0.102,0.979,-0.175],12.5,"Standing",0,[683,384],[[],[]]],[[776.028,222.662,47.142,0,0,1,0,1,0,-1,0,0],[],1,8,[0,0,0],[0,0,0],[776.253,236.467,44.954,-0.995,-0.101,0.018,0,0.176,0.984,-0.102,0.979,-0.175],12.5,"Standing",0,[683,384],[[],[]]],[[776.028,222.662,47.142,0,0,1,0,1,0,-1,0,0],[],1,8,[0,0,0],[0,0,0],[776.253,236.467,44.954,-0.995,-0.101,0.018,0,0.176,0.984,-0.102,0.979,-0.175],12.5,"Standing",0,[683,384],[[],[]]],[[776.028,222.662,47.142,0,0,1,0,1,0,-1,0,0],[],1,8,[0,0,0],[0,0,0],[776.253,236.467,44.954,-0.995,-0.101,0.018,0,0.176,0.984,-0.102,0.979,-0.175],12.5,"Standing",0,[683,384],[[],["E"]]],[[776.028,222.662,47.142,0,0,1,0,1,0,-1,0,0],[],1,8,[0,0,0],[0,0,0],[776.253,236.467,44.954,-0.995,-0.101,0.018,0,0.176,0.984,-0.102,0.979,-0.175],12.5,"Standing",0,[683,384],[[],[]]],[[776.028,222.662,47.142,0,0,1,0,1,0,-1,0,0],[],1,8,[0,0,0],[0,0,0],[776.253,236.467,44.954,-0.995,-0.101,0.018,0,0.176,0.984,-0.102,0.979,-0.175],12.5,"Standing",0,[683,384],[[],[]]],[[776.028,222.662,47.142,0,0,1,0,1,0,-1,0,0],[],1,8,[0,0,0],[0,0,0],[776.253,236.467,44.954,-0.995,-0.101,0.018,0,0.176,0.984,-0.102,0.979,-0.175],12.5,"Standing",0,[683,384],[["D"],[]]],[[775.84,222.662,47.123,0.012,0,1,0,1,0,-1,0,0.012],[],1,8,[-14.47,0,-1.488],[0,-0.797,0],[776.065,236.467,44.934,-0.995,-0.101,0.018,0,0.176,0.984,-0.102,0.979,-0.175],12.5,"Standing",0,[683,384],[[],[]]],[[775.577,222.662,47.096,0.024,0,1,0,1,0,-1,0,0.024],[["walk",0.1]],1.003,8,[-15.887,0,-1.634],[0,-0.723,0],[775.802,236.467,44.907,-0.995,-0.101,0.018,0,0.176,0.984,-0.102,0.979,-0.175],12.5,"Running",0,[683,384],[[],[]]],[[775.312,222.662,47.068,0.035,0,0.999,0,1,0,-0.999,0,0.035],[["walk",0.1],["walk",0.1]],1.101,8,[-15.915,0,-1.637],[0,-0.627,0],[775.537,236.467,44.88,-0.995,-0.101,0.018,0,0.176,0.984,-0.102,0.979,-0.175],12.5,"Running",0,[683,384],[[],[]]],[[775.047,222.662,47.041,0.044,0,0.999,0,1,0,-0.999,0,0.044],[],1.101,8,[-15.916,0,-1.637],[0,-0.542,0],[775.272,236.467,44.853,-0.995,-0.101,0.018,0,0.176,0.984,-0.102,0.979,-0.175],12.5,"Running",0,[684,384],[[],[]]],[[774.649,222.662,47,0.056,0,0.998,0,1,0,-0.998,0,0.056],[],1.101,8,[-15.916,0,-1.637],[0,-0.467,0],[774.874,236.467,44.812,-0.995,-0.101,0.018,0,0.176,0.984,-0.102,0.979,-0.175],12.5,"Running",0,[683,389],[[],[]]],[[774.383,222.662,46.973,0.062,0,0.998,0,1,0,-0.998,0,0.062],[],1.101,8,[-15.916,0,-1.637],[0,-0.375,0],[774.609,236.467,44.784,-0.995,-0.101,0.018,0,0.176,0.984,-0.102,0.979,-0.175],12.5,"Running",0,[683,389],[[],[]]],[[774.251,222.662,46.959,0.065,0,0.998,0,1,0,-0.998,0,0.065],[],1.101,8,[-15.916,0,-1.637],[0,-0.33,0],[774.476,236.467,44.771,-0.995,-0.101,0.018,0,0.176,0.984,-0.102,0.979,-0.175],12.5,"Running",0,[681,391],[[],[]]],[[773.986,222.662,46.932,0.07,0,0.998,0,1,0,-0.998,0,0.07],[],1.101,8,[-15.916,0,-1.637],[0,-0.3,0],[774.211,236.467,44.744,-0.995,-0.101,0.018,0,0.176,0.984,-0.102,0.979,-0.175],12.5,"Running",0,[681,392],[[],[]]],[[773.72,222.662,46.905,0.074,0,0.997,0,1,0,-0.997,0,0.074],[],1.101,8,[-15.916,0,-1.637],[0,-0.26,0],[773.945,236.467,44.716,-0.995,-0.101,0.018,0,0.176,0.984,-0.102,0.979,-0.175],12.5,"Running",0,[681,392],[[],[]]],[[773.455,222.662,46.877,0.078,0,0.997,0,1,0,-0.997,0,0.078],[["walk",0.1]],1.101,8,[-15.916,0,-1.637],[0,-0.225,0],[771.939,236.467,44.51,-0.995,-0.101,0.018,0,0.176,0.984,-0.102,0.979,-0.175],12.5,"Running",1,[681,392],[["LeftShift"],[]]],[[773.057,222.662,46.836,-0.999,0,-0.041,0,1,0,0.041,0,-0.999],[],1.101,8,[-15.916,0,-1.637],[0,6.154,0],[771.541,236.467,44.469,-0.995,-0.101,0.018,0,0.176,0.984,-0.102,0.979,-0.175],12.5,"Running",1,[683,384],[[],[]]],[[772.858,222.662,46.816,-0.997,0,0.078,0,1,0,-0.078,0,-0.997],[],1.101,8,[-15.916,0,-1.637],[0,0.759,0],[771.342,236.467,44.449,-0.995,-0.101,0.018,0,0.176,0.984,-0.102,0.979,-0.175],12.5,"Running",1,[683,384],[[],[]]],[[772.593,222.662,46.789,-0.995,0,0.098,0,1,0,-0.098,0,-0.995],[],1.101,8,[-15.916,0,-1.637],[0,0.088,0],[771.067,236.472,44.455,-0.995,-0.098,0.017,0,0.174,0.985,-0.099,0.98,-0.173],12.5,"Running",1,[683,384],[[],[]]],[[772.327,222.662,46.761,-0.995,0,0.099,0,1,0,-0.099,0,-0.995],[],1.101,8,[-15.916,0,-1.637],[0,0.01,0],[770.794,236.472,44.433,-0.995,-0.095,0.017,0,0.174,0.985,-0.096,0.98,-0.173],12.5,"Running",1,[683,384],[[],[]]],[[772.062,222.662,46.735,-0.995,0,0.096,0,1,0,-0.096,0,-0.995],[],1.101,8,[-15.921,0,-1.588],[0,0.001,0],[770.521,236.472,44.411,-0.996,-0.092,0.016,0,0.174,0.985,-0.093,0.981,-0.173],12.5,"Running",1,[683,384],[["Space"],[]]],[[771.73,223.749,46.702,-0.996,0,0.093,0,1,0,-0.093,0,-0.996],[["walk",0.1],["walk",0.1],["jump",0.1]],1,3,[-15.921,50.701,-1.588],[0,0.001,0],[770.19,237.559,44.378,-0.996,-0.092,0.016,0,0.174,0.985,-0.093,0.981,-0.173],12.5,"Jumping",1,[683,384],[[],[]]],[[771.398,224.754,46.671,-0.977,0,0.215,0,1,0,-0.215,0,-0.977],[["jump",0.1]],1,5,[-15.931,46.613,-1.488],[0,-7.457,0],[769.854,238.565,44.349,-0.996,-0.09,0.016,0,0.174,0.985,-0.091,0.981,-0.173],12.5,"FreeFall",1,[683,384],[[],[]]],[[771.199,225.317,46.652,-0.982,0,0.188,0,1,0,-0.188,0,-0.982],[],1,5,[-15.931,44.161,-1.487],[0,-7.889,0],[769.655,239.127,44.33,-0.996,-0.09,0.016,0,0.174,0.985,-0.091,0.981,-0.173],12.5,"FreeFall",1,[683,384],[[],[]]],[[771,225.848,46.634,-0.982,0,0.19,0,1,0,-0.19,0,-0.982],[],1,5,[-15.933,41.708,-1.464],[0,-7.975,0],[769.456,239.658,44.312,-0.996,-0.09,0.016,0,0.174,0.985,-0.091,0.981,-0.173],12.5,"FreeFall",1,[683,384],[[],[]]],[[770.668,226.666,46.603,-0.967,0,0.255,0,1,0,-0.255,0,-0.967],[],1,5,[-15.933,37.621,-1.462],[0,-7.994,0],[769.127,240.476,44.279,-0.996,-0.092,0.016,0,0.174,0.985,-0.093,0.981,-0.173],12.5,"FreeFall",1,[683,384],[[],[]]],[[770.402,227.259,46.579,-0.974,0,0.224,0,1,0,-0.224,0,-0.974],[],1,5,[-15.933,34.351,-1.462],[0,-7.996,0],[768.873,241.069,44.248,-0.995,-0.096,0.017,0,0.174,0.985,-0.098,0.98,-0.173],12.5,"FreeFall",1,[683,384],[[],[]]],[[770.203,227.668,46.56,-0.981,0,0.196,0,1,0,-0.196,0,-0.981],[],1,5,[-15.931,31.898,-1.486],[0,-7.996,0],[768.706,241.478,44.208,-0.994,-0.11,0.019,0,0.174,0.985,-0.112,0.979,-0.173],12.5,"FreeFall",1,[683,384],[[],["LeftShift"]]],[[769.938,228.166,46.534,-0.97,0,0.243,0,1,0,-0.243,0,-0.97],[],1,5,[-15.924,28.628,-1.561],[0,-7.996,0],[768.46,241.976,44.17,-0.993,-0.118,0.021,0,0.174,0.985,-0.12,0.978,-0.172],12.5,"FreeFall",1,[683,384],[[],[]]],[[769.673,228.609,46.505,-0.968,0,0.25,0,1,0,-0.25,0,-0.968],[],1,5,[-15.9,25.358,-1.783],[0,-7.996,0],[768.209,242.419,44.132,-0.992,-0.124,0.022,0,0.174,0.985,-0.126,0.977,-0.172],12.5,"FreeFall",1,[683,384],[[],[]]],[[769.408,228.997,46.474,-0.967,0,0.256,0,1,0,-0.256,0,-0.967],[],1,5,[-15.886,22.088,-1.91],[0,-7.996,0],[767.956,242.807,44.093,-0.991,-0.128,0.023,0,0.174,0.985,-0.13,0.976,-0.172],12.5,"FreeFall",1,[683,384],[[],[]]],[[769.143,229.331,46.44,-0.965,0,0.261,0,1,0,-0.261,0,-0.965],[],1,5,[-15.873,18.818,-2.01],[0,-7.996,0],[767.702,243.141,44.053,-0.991,-0.133,0.023,0,0.174,0.985,-0.135,0.976,-0.172],12.5,"FreeFall",1,[683,384],[[],[]]],[[768.879,229.611,46.406,-0.964,0,0.266,0,1,0,-0.266,0,-0.964],[],1,5,[-15.864,15.548,-2.085],[0,-7.996,0],[767.457,243.421,44.007,-0.99,-0.141,0.025,0,0.174,0.985,-0.143,0.975,-0.172],12.5,"FreeFall",1,[683,384],[[],[]]],[[768.615,229.836,46.37,-0.962,0,0.273,0,1,0,-0.273,0,-0.962],[],1,5,[-15.854,12.278,-2.16],[0,-7.996,0],[767.215,243.646,43.958,-0.988,-0.15,0.026,0,0.174,0.985,-0.152,0.973,-0.172],12.5,"FreeFall",1,[683,384],[[],[]]],[[768.351,230.006,46.332,-0.959,0,0.282,0,1,0,-0.282,0,-0.959],[],1,5,[-15.836,9.008,-2.283],[0,-7.996,0],[766.974,243.817,43.907,-0.987,-0.159,0.028,0,0.174,0.985,-0.161,0.972,-0.171],12.5,"FreeFall",1,[683,384],[[],[]]],[[768.087,230.123,46.292,-0.957,0,0.291,0,1,0,-0.291,0,-0.957],[],1,5,[-15.814,5.738,-2.432],[0,-7.996,0],[766.737,243.933,43.852,-0.985,-0.17,0.03,0,0.174,0.985,-0.172,0.97,-0.171],12.5,"FreeFall",1,[683,384],[[],[]]],[[767.824,230.184,46.249,-0.953,0,0.302,0,1,0,-0.302,0,-0.953],[],1,5,[-15.79,2.468,-2.581],[0,-7.996,0],[766.501,243.994,43.795,-0.983,-0.18,0.032,0,0.174,0.985,-0.183,0.968,-0.171],12.5,"FreeFall",1,[683,384],[[],["Space"]]],[[767.561,230.191,46.204,-0.95,0,0.312,0,1,0,-0.312,0,-0.95],[],1,5,[-15.761,-0.802,-2.754],[0,-7.996,0],[766.269,244.001,43.733,-0.981,-0.193,0.034,0,0.174,0.985,-0.196,0.966,-0.17],12.5,"FreeFall",1,[683,384],[[],[]]],[[767.299,230.144,46.155,-0.946,0,0.324,0,1,0,-0.324,0,-0.946],[],1,5,[-15.73,-4.072,-2.927],[0,-7.996,0],[766.069,243.954,43.653,-0.975,-0.217,0.038,0,0.174,0.985,-0.22,0.961,-0.169],12.5,"FreeFall",1,[683,384],[[],[]]],[[767.037,230.042,46.104,-0.938,0,0.348,0,1,0,-0.348,0,-0.938],[],1,5,[-15.692,-7.342,-3.124],[0,-7.996,0],[765.875,243.852,43.569,-0.969,-0.242,0.043,0,0.174,0.985,-0.246,0.955,-0.168],12.5,"FreeFall",1,[683,384],[[],[]]],[[766.646,229.787,46.017,-0.901,0,0.434,0,1,0,-0.434,0,-0.901],[["fall",0.3]],1,5,[-15.608,-12.247,-3.52],[0,-7.996,0],[765.585,243.597,43.438,-0.959,-0.28,0.049,0,0.174,0.985,-0.284,0.944,-0.167],12.5,"FreeFall",1,[683,384],[[],[]]],[[766.517,229.675,45.985,-0.938,0,0.347,0,1,0,-0.347,0,-0.938],[],1,5,[-15.522,-13.882,-3.878],[0,-7.996,0],[765.604,243.482,43.338,-0.942,-0.331,0.059,0,0.175,0.985,-0.336,0.927,-0.165],12.5,"FreeFall",1,[683,384],[[],[]]],[[766.261,229.409,45.911,-0.889,0,0.458,0,1,0,-0.458,0,-0.889],[],1,5,[-15.345,-17.152,-4.53],[0,-7.996,0],[765.54,243.211,43.181,-0.917,-0.393,0.071,0,0.177,0.984,-0.399,0.902,-0.163],12.5,"FreeFall",1,[683,384],[[],[]]],[[766.203,229.128,45.851,-0.87,0,0.493,-0.002,1,-0.003,-0.493,-0.003,-0.87],[],1,5,[6.892,-15.745,-2.036],[-0.276,-5.541,0.005],[765.702,242.922,43.032,-0.886,-0.456,0.084,0,0.181,0.984,-0.464,0.871,-0.16],12.5,"FreeFall",1,[683,384],[[],[]]],[[766.294,228.832,45.814,-0.823,0,0.567,-0.002,1,-0.002,-0.567,-0.003,-0.823],[],1,5,[4.554,-19.015,-2.394],[0.122,-7.712,0.019],[766.013,242.62,42.942,-0.85,-0.518,0.097,0,0.183,0.983,-0.527,0.836,-0.156],12.5,"FreeFall",1,[683,384],[[],[]]],[[766.346,228.481,45.768,-0.773,0,0.634,-0.001,1,-0.001,-0.634,-0.001,-0.773],[],1,5,[2.251,-22.285,-3.019],[0.089,-7.963,0.005],[766.299,242.261,42.849,-0.81,-0.577,0.11,0,0.187,0.982,-0.587,0.795,-0.151],12.5,"FreeFall",1,[683,384],[[],[]]],[[766.36,228.075,45.709,-0.725,0,0.689,0,1,0,-0.689,0,-0.725],[],1,5,[-0.005,-25.555,-3.803],[0.029,-7.992,-0.004],[766.552,241.844,42.75,-0.767,-0.63,0.123,0,0.191,0.981,-0.641,0.753,-0.147],12.5,"FreeFall",1,[683,384],[[],[]]],[[766.337,227.615,45.636,-0.675,0,0.738,0,1,0,-0.738,0,-0.675],[["fall",0.3]],1,5,[-2.194,-28.825,-4.754],[0.004,-7.995,-0.003],[766.74,241.378,42.674,-0.724,-0.676,0.134,0,0.194,0.981,-0.689,0.711,-0.14],12.5,"FreeFall",1,[683,384],[[],[]]],[[766.194,227.101,45.498,-0.695,0,0.719,0,1,0,-0.719,0,-0.695],[["walk",0.1],["fall",0.3],["fall",0.3]],1,7,[-11.546,-32.095,-9.864],[-0.003,-0.924,-0.002],[766.759,240.864,42.563,-0.685,-0.714,0.141,0,0.194,0.981,-0.728,0.672,-0.133],12.5,"FreeFall",1,[683,384],[[],[]]],[[766.001,226.573,45.317,-0.682,0,0.731,0,1,0,-0.731,0,-0.682],[],1,7,[-11.589,-25.439,-11.007],[-0.002,-0.107,0.001],[766.69,240.336,42.409,-0.654,-0.742,0.147,0,0.194,0.981,-0.757,0.641,-0.127],12.5,"FreeFall",1,[683,384],[[],[]]],[[765.816,226.534,45.125,-0.653,0,0.757,0,1,0,-0.757,0,-0.653],[["walk",0.1],["fall",0.3],["walk",0.1]],1.102,8,[-10.978,2.571,-11.638],[0.001,-0.012,0.001],[766.608,240.294,42.23,-0.63,-0.762,0.152,0,0.195,0.981,-0.777,0.618,-0.123],12.5,"Running",1,[683,384],[[],[]]],[[765.641,226.593,44.924,-0.63,0,0.777,0,1,0,-0.777,0,-0.63],[],1.102,8,[-10.472,3.388,-12.096],[0,-0.001,0],[766.487,240.353,42.045,-0.615,-0.773,0.154,0,0.195,0.981,-0.788,0.603,-0.12],12.5,"Running",1,[683,384],[[],[]]],[[765.472,226.636,44.718,-0.615,0,0.788,0,1,0,-0.788,0,-0.615],[],1.102,8,[-10.085,2.023,-12.422],[0,0,0],[766.318,240.396,41.838,-0.615,-0.773,0.154,0,0.195,0.981,-0.788,0.603,-0.12],12.5,"Running",1,[683,384],[[],[]]],[[765.307,226.657,44.508,-0.615,0,0.788,0,1,0,-0.788,0,-0.615],[["walk",0.1]],1.102,8,[-9.846,0.908,-12.612],[0,0,0],[766.064,240.426,41.641,-0.63,-0.762,0.149,0,0.191,0.981,-0.777,0.618,-0.121],12.5,"Running",1,[683,384],[["Space"],[]]],[[765.143,227.523,44.298,-0.63,0,0.777,0,1,0,-0.777,0,-0.63],[["walk",0.1],["jump",0.1]],1,3,[-9.846,50.701,-12.612],[0,0,0],[765.678,241.311,41.466,-0.668,-0.732,0.136,0,0.183,0.983,-0.744,0.657,-0.122],12.5,"Jumping",1,[683,384],[[],[]]],[[764.976,228.334,44.09,-0.597,0,0.802,0,1,0,-0.802,0,-0.597],[["jump",0.1]],1,5,[-10.072,47.431,-12.432],[0,-7.071,0],[765.117,242.144,41.306,-0.746,-0.656,0.116,0,0.174,0.985,-0.666,0.734,-0.129],12.5,"FreeFall",1,[683,384],[[],[]]],[[764.71,229.448,43.791,-0.603,0,0.798,0,1,0,-0.798,0,-0.603],[],1,5,[-10.687,42.526,-11.908],[0,-7.96,0],[764.755,243.258,41.003,-0.768,-0.63,0.111,0,0.174,0.985,-0.64,0.757,-0.133],12.5,"FreeFall",1,[683,384],[[],[]]],[[764.567,229.959,43.652,-0.701,0,0.714,0,1,0,-0.714,0,-0.701],[],1,5,[-11.78,40.073,-10.812],[0,-7.989,0],[764.419,243.769,40.868,-0.811,-0.577,0.102,0,0.174,0.985,-0.586,0.798,-0.141],12.5,"FreeFall",1,[683,384],[[],[]]],[[764.414,230.439,43.523,-0.748,0,0.664,0,1,0,-0.664,0,-0.748],[],1,5,[-12.265,37.621,-10.273],[0,-7.994,0],[764.119,244.25,40.75,-0.841,-0.533,0.094,0,0.174,0.985,-0.541,0.828,-0.146],12.5,"FreeFall",1,[683,384],[[],[]]],[[764.201,231.032,43.364,-0.761,0,0.648,0,1,0,-0.648,0,-0.761],[],1,5,[-12.952,34.351,-9.393],[0,-7.996,0],[763.792,244.842,40.606,-0.862,-0.499,0.088,0,0.174,0.985,-0.507,0.849,-0.15],12.5,"FreeFall",1,[683,384],[[],[]]],[[763.978,231.571,43.218,-0.787,0,0.617,0,1,0,-0.617,0,-0.787],[],1,5,[-13.441,31.081,-8.678],[0,-7.996,0],[763.478,245.381,40.475,-0.878,-0.471,0.083,0,0.174,0.985,-0.478,0.865,-0.153],12.5,"FreeFall",1,[683,384],[[],[]]],[[763.749,232.055,43.081,-0.807,0,0.59,0,1,0,-0.59,0,-0.807],[],1,5,[-13.787,27.811,-8.119],[0,-7.996,0],[763.163,245.865,40.355,-0.893,-0.443,0.078,0,0.174,0.985,-0.45,0.879,-0.155],12.5,"FreeFall",1,[683,384],[[],[]]],[[763.515,232.484,42.952,-0.825,0,0.565,0,1,0,-0.565,0,-0.825],[],1,5,[-14.049,24.541,-7.657],[0,-7.996,0],[762.827,246.294,40.25,-0.909,-0.41,0.072,0,0.174,0.985,-0.416,0.895,-0.158],12.5,"FreeFall",1,[683,384],[[],[]]],[[763.278,232.859,42.831,-0.846,0,0.533,0,1,0,-0.533,0,-0.846],[],1,5,[-14.282,21.271,-7.212],[0,-7.996,0],[762.48,246.669,40.16,-0.926,-0.373,0.066,0,0.174,0.985,-0.379,0.911,-0.161],12.5,"FreeFall",1,[683,384],[[],[]]],[[763.036,233.18,42.719,-0.867,0,0.498,0,1,0,-0.498,0,-0.867],[],1,5,[-14.543,18.001,-6.67],[0,-7.996,0],[762.088,246.99,40.097,-0.945,-0.321,0.057,0,0.174,0.985,-0.326,0.931,-0.164],12.5,"FreeFall",1,[683,384],[[],[]]],[[762.79,233.446,42.616,-0.894,0,0.449,0,1,0,-0.449,0,-0.894],[],1,5,[-14.803,14.731,-6.071],[0,-7.996,0],[761.764,247.256,40.024,-0.955,-0.293,0.052,0,0.174,0.985,-0.297,0.94,-0.166],12.5,"FreeFall",1,[683,384],[[],[]]],[[762.538,233.657,42.528,-0.907,0,0.422,0,1,0,-0.422,0,-0.907],[],1,5,[-15.121,11.461,-5.23],[0,-7.996,0],[761.448,247.467,39.961,-0.962,-0.269,0.047,0,0.174,0.985,-0.273,0.947,-0.167],12.5,"FreeFall",1,[683,384],[[],[]]],[[762.284,233.814,42.447,-0.917,0,0.399,0,1,0,-0.399,0,-0.917],[],1,5,[-15.273,8.191,-4.768],[0,-7.996,0],[761.142,247.624,39.904,-0.967,-0.25,0.044,0,0.174,0.985,-0.254,0.953,-0.168],12.5,"FreeFall",1,[683,384],[[],[]]],[[762.028,233.916,42.373,-0.925,0,0.38,0,1,0,-0.38,0,-0.925],[],1,5,[-15.388,4.921,-4.381],[0,-7.996,0],[760.834,247.727,39.854,-0.972,-0.23,0.041,0,0.174,0.985,-0.234,0.958,-0.169],12.5,"FreeFall",1,[683,384],[[],[]]],[[761.77,233.964,42.305,-0.933,0,0.361,0,1,0,-0.361,0,-0.933],[],1,5,[-15.475,1.651,-4.065],[0,-7.996,0],[760.533,247.775,39.806,-0.976,-0.214,0.038,0,0.174,0.985,-0.217,0.961,-0.17],12.5,"FreeFall",1,[683,384],[[],[]]],[[761.511,233.958,42.242,-0.939,0,0.345,0,1,0,-0.345,0,-0.939],[],1,5,[-15.555,-1.619,-3.748],[0,-7.996,0],[760.227,247.768,39.767,-0.98,-0.196,0.034,0,0.174,0.985,-0.199,0.965,-0.17],12.5,"FreeFall",1,[683,384],[[],[]]],[[761.186,233.873,42.169,-0.934,0,0.358,0,1,0,-0.358,0,-0.934],[],1,5,[-15.618,-5.707,-3.474],[0,-7.996,0],[759.89,247.683,39.7,-0.981,-0.191,0.034,0,0.174,0.985,-0.194,0.966,-0.17],12.5,"FreeFall",1,[683,384],[[],["Space"]]],[[760.924,233.744,42.115,-0.947,0,0.323,0,1,0,-0.323,0,-0.947],[],1,5,[-15.68,-8.977,-3.183],[0,-7.996,0],[759.609,247.554,39.656,-0.983,-0.183,0.032,0,0.174,0.985,-0.186,0.968,-0.171],12.5,"FreeFall",1,[683,384],[[],[]]],[[760.728,233.611,42.076,-0.959,0,0.283,0,1,0,-0.283,0,-0.959],[],1,5,[-15.695,-11.429,-3.107],[0,-7.996,0],[759.402,247.421,39.624,-0.983,-0.179,0.032,0,0.174,0.985,-0.182,0.968,-0.171],12.5,"FreeFall",1,[683,384],[[],[]]],[[760.466,233.387,42.026,-0.951,0,0.311,0,1,0,-0.311,0,-0.951],[["fall",0.3]],1,5,[-15.72,-14.699,-2.982],[0,-7.996,0],[759.124,247.197,39.582,-0.984,-0.173,0.03,0,0.174,0.985,-0.175,0.97,-0.171],12.5,"FreeFall",1,[683,384],[[],[]]],[[760.139,233.029,41.965,-0.942,0,0.336,0,1,0,-0.336,0,-0.942],[],1,5,[-15.734,-18.787,-2.906],[0,-7.996,0],[758.777,246.839,39.532,-0.986,-0.165,0.029,0,0.174,0.985,-0.168,0.971,-0.171],12.5,"FreeFall",1,[683,384],[[],[]]],[[759.942,232.774,41.93,-0.964,0,0.265,0,1,0,-0.265,0,-0.964],[],1,5,[-15.751,-21.239,-2.812],[0,-7.996,0],[758.546,246.584,39.516,-0.988,-0.151,0.027,0,0.174,0.985,-0.154,0.973,-0.172],12.5,"FreeFall",1,[683,384],[[],[]]],[[759.679,232.386,41.885,-0.959,0,0.284,0,1,0,-0.284,0,-0.959],[],1,5,[-15.773,-24.509,-2.685],[0,-7.996,0],[758.242,246.196,39.496,-0.991,-0.135,0.024,0,0.174,0.985,-0.137,0.976,-0.172],12.5,"FreeFall",1,[683,384],[[],[]]],[[759.416,231.943,41.843,-0.964,0,0.267,0,1,0,-0.267,0,-0.964],[],1,5,[-15.809,-27.779,-2.464],[0,-7.996,0],[757.938,245.754,39.479,-0.993,-0.118,0.021,0,0.174,0.985,-0.12,0.978,-0.172],12.5,"FreeFall",1,[683,384],[[],[]]],[[759.151,231.446,41.806,-0.995,0,0.101,0,1,0,-0.101,0,-0.995],[["fall",0.3]],1,5,[-15.849,-31.049,-2.192],[0,-7.996,0],[757.597,245.253,39.476,-0.996,-0.086,0.015,0,0.175,0.985,-0.087,0.981,-0.174],12.5,"FreeFall",1,[683,384],[[],[]]],[[758.858,230.748,41.765,-0.992,0,0.13,0,1,0,-0.13,0,-0.992],[["fall",0.3],["fall",0]],1,5,[-12.898,-35.137,-1.785],[0,-0.539,0],[757.288,244.558,39.46,-0.997,-0.079,0.014,0,0.174,0.985,-0.081,0.982,-0.173],12.5,"FreeFall",1,[683,384],[[],[]]],[[758.711,230.288,41.745,-0.997,0,0.083,0,1,0,-0.083,0,-0.997],[],1,5,[-11.127,-37.589,-1.54],[0,-0.107,0],[757.127,244.099,39.45,-0.997,-0.073,0.013,0,0.174,0.985,-0.074,0.982,-0.173],12.5,"FreeFall",1,[683,384],[[],[]]],[[758.55,229.628,41.723,-0.997,0,0.075,0,1,0,-0.075,0,-0.997],[],1,5,[-8.766,-40.859,-1.213],[0,-0.012,0],[756.952,243.438,39.438,-0.998,-0.067,0.012,0,0.174,0.985,-0.068,0.983,-0.173],12.5,"FreeFall",1,[683,384],[[],["E"]]],[[758.429,228.913,41.706,-0.998,0,0.062,0,1,0,-0.062,0,-0.998],[],1,5,[-6.406,-44.129,-0.886],[0,-0.001,0],[756.803,242.721,39.432,-0.998,-0.055,0.01,0,0.174,0.985,-0.056,0.983,-0.174],12.5,"FreeFall",1,[683,384],[[],[]]],[[758.347,228.143,41.695,-0.998,0,0.056,0,1,0,-0.056,0,-0.998],[],1,5,[-4.045,-47.399,-0.559],[0,0,0],[756.717,241.952,39.423,-0.999,-0.053,0.009,0,0.174,0.985,-0.054,0.983,-0.174],12.5,"FreeFall",1,[683,384],[[],[]]],[[758.304,227.319,41.689,-0.999,0,0.054,0,1,0,-0.054,0,-0.999],[],1,5,[-1.684,-50.669,-0.233],[0,0,0],[756.667,241.129,39.432,-0.999,-0.05,0.009,0,0.174,0.985,-0.051,0.984,-0.173],12.5,"FreeFall",1,[683,384],[[],[]]],[[758.3,226.432,41.688,-0.999,0,0.051,0,1,0,-0.051,0,-0.999],[["walk",0.1],["fall",0.3],["fall",0.3]],1,7,[-0.012,-18.153,-0.002],[0,0,0],[756.663,240.242,39.431,-0.999,-0.05,0.009,0,0.174,0.985,-0.051,0.984,-0.173],12.5,"FreeFall",1,[683,384],[[],[]]],[[758.3,226.421,41.688,-0.999,0,0.051,0,1,0,-0.051,0,-0.999],[],1,7,[-0.001,3.769,0],[0,0,0],[756.656,240.231,39.436,-0.999,-0.047,0.008,0,0.174,0.985,-0.048,0.984,-0.173],12.5,"FreeFall",1,[683,384],[[],[]]],[[758.3,226.521,41.688,-0.999,0,0.048,0,1,0,-0.048,0,-0.999],[["fall",0.3],["fall",0.3],["idle",0.1]],1,8,[0,5.915,0],[0,0,0],[756.652,240.331,39.439,-0.999,-0.045,0.008,0,0.174,0.985,-0.046,0.984,-0.173],12.5,"Standing",1,[683,384],[[],["E"]]],[[758.3,226.611,41.688,-0.999,0,0.046,0,1,0,-0.046,0,-0.999],[],1,8,[0,3.255,0],[0,0,0],[756.641,240.421,39.447,-0.999,-0.041,0.007,0,0.174,0.985,-0.042,0.984,-0.173],12.5,"Standing",1,[683,384],[[],[]]],[[758.3,226.641,41.688,-0.999,0,0.042,0,1,0,-0.042,0,-0.999],[],1,8,[0,1.958,0],[0,0,0],[756.634,240.451,39.452,-0.999,-0.038,0.007,0,0.174,0.985,-0.038,0.984,-0.174],12.5,"Standing",1,[683,384],[[],[]]],[[758.3,226.66,41.688,-0.999,0,0.038,0,1,0,-0.038,0,-0.999],[],1,8,[0,0.783,0],[0,0,0],[756.627,240.47,39.457,-0.999,-0.035,0.006,0,0.174,0.985,-0.035,0.984,-0.174],12.5,"Standing",1,[683,384],[[],[]]],[[758.3,226.666,41.688,-0.999,0,0.035,0,1,0,-0.035,0,-0.999],[],1,8,[0,0.152,0],[0,0,0],[756.62,240.476,39.463,-0.999,-0.032,0.006,0,0.174,0.985,-0.032,0.984,-0.174],12.5,"Standing",1,[683,384],[[],[]]],[[758.3,226.666,41.688,-0.999,0,0.032,0,1,0,-0.032,0,-0.999],[],1,8,[0,-0.081,0],[0,0,0],[756.613,240.476,39.468,-1,-0.028,0.005,0,0.174,0.985,-0.029,0.984,-0.174],12.5,"Standing",1,[683,384],[[],[]]],[[758.3,226.664,41.688,-1,0,0.029,0,1,0,-0.029,0,-1],[],1,8,[0,-0.102,0],[0,0,0],[756.592,240.474,39.484,-1,-0.019,0.003,0,0.174,0.985,-0.019,0.985,-0.174],12.5,"Standing",1,[683,384],[["D"],[]]],[[758.171,226.663,41.684,-1,0,0.019,0,1,0,-0.019,0,-1],[],1,8,[-12.355,-0.057,-0.357],[0,0,0],[756.443,240.473,39.496,-1,-0.01,0.002,0,0.174,0.985,-0.01,0.985,-0.174],12.5,"Standing",1,[683,384],[[],[]]],[[757.78,226.662,41.676,-1,0,0.01,0,1,0,-0.01,0,-1],[["walk",0.1]],0.852,8,[-15.987,-0.006,-0.312],[0,0,0],[756.028,240.472,39.508,-1,0.001,0,0,0.174,0.985,0.001,0.985,-0.174],12.5,"Running",1,[683,384],[[],[]]],[[757.58,226.662,41.674,-1,0,-0.013,0,1,0,0.013,0,-1],[],1.103,8,[-15.999,0.003,-0.169],[0,0,0],[755.805,240.469,39.506,-1,0.011,-0.002,0,0.175,0.985,0.011,0.984,-0.175],12.5,"Running",1,[683,384],[[],[]]],[[757.437,226.662,41.672,-1,0,-0.011,0,1,0,0.011,0,-1],[],1.103,8,[-1.365,0.007,-0.014],[0,0,0],[755.661,240.469,39.504,-1,0.011,-0.002,0,0.175,0.985,0.011,0.984,-0.175],12.5,"Running",1,[683,384],[[],[]]],[[757.433,226.663,41.672,-1,0,-0.011,0,1,0,0.011,0,-1],[["walk",0.1]],0.094,8,[-0.072,0.049,-0.001],[0,0,0],[755.658,240.47,39.504,-1,0.011,-0.002,0,0.175,0.985,0.011,0.984,-0.175],12.5,"Running",1,[683,384],[[],[]]],[[757.433,226.663,41.672,-1,0,-0.011,0,1,0,0.011,0,-1],[["walk",0.1],["idle",0.1]],1,8,[-0.001,0.043,0],[0,0,0],[755.658,240.47,39.504,-1,0.011,-0.002,0,0.175,0.985,0.011,0.984,-0.175],12.5,"Standing",1,[683,384],[[],[]]],[[757.433,226.664,41.672,-1,0,-0.011,0,1,0,0.011,0,-1],[],1,8,[0,0.02,0],[0,0,0],[755.658,240.471,39.504,-1,0.011,-0.002,0,0.175,0.985,0.011,0.984,-0.175],12.5,"Standing",1,[683,384],[[],[]]],[[757.433,226.664,41.672,-1,0,-0.011,0,1,0,0.011,0,-1],[],1,8,[0,0.005,0],[0,0,0],[755.658,240.471,39.504,-1,0.011,-0.002,0,0.175,0.985,0.011,0.984,-0.175],12.5,"Standing",1,[683,384],[[],["E"]]],[[757.433,226.664,41.672,-1,0,-0.011,0,1,0,0.011,0,-1],[],1,8,[0,-0.002,0],[0,0,0],[755.658,240.471,39.504,-1,0.011,-0.002,0,0.175,0.985,0.011,0.984,-0.175],12.5,"Standing",1,[683,384],[[],[]]],[[757.433,226.664,41.672,-1,0,-0.011,0,1,0,0.011,0,-1],[],1,8,[0,-0.002,0],[0,0,0],[755.658,240.471,39.504,-1,0.011,-0.002,0,0.175,0.985,0.011,0.984,-0.175],12.5,"Standing",1,[683,384],[[],[]]],[[757.433,226.664,41.672,-1,0,-0.011,0,1,0,0.011,0,-1],[],1,8,[0,-0.001,0],[0,0,0],[755.672,240.471,39.493,-1,0.005,-0.001,0,0.175,0.985,0.005,0.985,-0.175],12.5,"Standing",1,[683,384],[["D"],[]]],[[757.304,226.664,41.674,-1,0,-0.005,0,1,0,0.005,0,-1],[],1,8,[-12.36,-0.001,0.142],[0,0,0],[755.557,240.471,39.484,-1,-0.001,0,0,0.175,0.985,-0.001,0.985,-0.175],12.5,"Standing",1,[683,384],[[],[]]],[[757.047,226.664,41.675,-0.998,0,0.062,0,1,0,-0.062,0,-0.998],[["walk",0.1],["walk",0.1]],0.852,8,[-15.928,0.023,0.085],[0,0,0],[755.439,240.468,39.365,-0.998,-0.062,0.011,0,0.176,0.984,-0.063,0.982,-0.176],12.5,"Running",1,[683,384],[[],[]]],[[756.91,226.664,41.676,-0.998,0,0.063,0,1,0,-0.063,0,-0.998],[],0.852,8,[-3.568,0.027,0.019],[0,0,0],[755.302,240.469,39.366,-0.998,-0.062,0.011,0,0.176,0.984,-0.063,0.982,-0.176],12.5,"Running",1,[683,384],[[],[]]],[[756.902,226.665,41.676,-0.998,0,0.063,0,1,0,-0.063,0,-0.998],[["walk",0.1]],0.246,8,[-0.071,0.05,0],[0,0,0],[755.291,240.475,39.396,-0.998,-0.062,0.011,0,0.174,0.985,-0.063,0.983,-0.174],12.5,"Running",1,[683,384],[[],[]]],[[756.901,226.666,41.676,-0.998,0,0.063,0,1,0,-0.063,0,-0.998],[["idle",0.1]],1,8,[-0.001,0.031,0],[0,0,0],[755.291,240.476,39.4,-0.998,-0.062,0.011,0,0.174,0.985,-0.063,0.983,-0.173],12.5,"Standing",1,[683,384],[[],[]]],[[756.901,226.666,41.676,-0.998,0,0.063,0,1,0,-0.063,0,-0.998],[],1,8,[0,0.007,0],[0,0,0],[755.291,240.476,39.4,-0.998,-0.062,0.011,0,0.174,0.985,-0.063,0.983,-0.173],12.5,"Standing",1,[683,384],[[],[]]],[[756.901,226.666,41.676,-0.998,0,0.063,0,1,0,-0.063,0,-0.998],[],1,8,[0,0.001,0],[0,0,0],[755.291,240.476,39.4,-0.998,-0.062,0.011,0,0.174,0.985,-0.063,0.983,-0.173],12.5,"Standing",1,[683,384],[[],[]]],[[756.901,226.666,41.676,-0.998,0,0.063,0,1,0,-0.063,0,-0.998],[],1,8,[0,-0.002,0],[0,0,0],[755.291,240.476,39.4,-0.998,-0.062,0.011,0,0.174,0.985,-0.063,0.983,-0.173],12.5,"Standing",1,[683,384],[[],[]]],[[756.901,226.666,41.676,-0.998,0,0.063,0,1,0,-0.063,0,-0.998],[],1,8,[0,-0.001,0],[0,0,0],[755.291,240.476,39.4,-0.998,-0.062,0.011,0,0.174,0.985,-0.063,0.983,-0.173],12.5,"Standing",1,[683,384],[[],["E"]]],[[756.901,226.666,41.676,-0.998,0,0.063,0,1,0,-0.063,0,-0.998],[],1,8,[0,-0.001,0],[0,0,0],[755.291,240.476,39.4,-0.998,-0.062,0.011,0,0.174,0.985,-0.063,0.983,-0.173],12.5,"Standing",1,[683,384],[[],[]]],[[756.901,226.666,41.676,-0.998,0,0.063,0,1,0,-0.063,0,-0.998],[],1,8,[0,-0.001,0],[0,0,0],[755.291,240.476,39.4,-0.998,-0.062,0.011,0,0.174,0.985,-0.063,0.983,-0.173],12.5,"Standing",1,[683,384],[[],[]]],[[756.901,226.666,41.676,-0.998,0,0.063,0,1,0,-0.063,0,-0.998],[],1,8,[0,0,0],[0,0,0],[755.291,240.476,39.4,-0.998,-0.062,0.011,0,0.174,0.985,-0.063,0.983,-0.173],12.5,"Standing",1,[683,384],[[],[]]],[[756.901,226.666,41.676,-0.998,0,0.063,0,1,0,-0.063,0,-0.998],[],1,8,[0,0,0],[0,0,0],[755.291,240.476,39.4,-0.998,-0.062,0.011,0,0.174,0.985,-0.063,0.983,-0.173],12.5,"Standing",1,[683,384],[[],[]]],[[756.901,226.666,41.676,-0.998,0,0.063,0,1,0,-0.063,0,-0.998],[],1,8,[0,0,0],[0,0,0],[755.305,240.476,39.39,-0.998,-0.068,0.012,0,0.174,0.985,-0.069,0.982,-0.173],12.5,"Standing",1,[683,384],[["D"],[]]],[[756.773,226.666,41.668,-0.998,0,0.069,0,1,0,-0.069,0,-0.998],[],1,8,[-12.336,0,-0.775],[0,0,0],[755.224,240.476,39.349,-0.996,-0.088,0.016,0,0.174,0.985,-0.089,0.981,-0.173],12.5,"Standing",1,[683,384],[[],[]]],[[756.516,226.666,41.65,-0.996,0,0.089,0,1,0,-0.089,0,-0.996],[["walk",0.1]],0.852,8,[-15.89,0,-1.098],[0,0,0],[755.033,240.476,39.289,-0.993,-0.116,0.02,0,0.174,0.985,-0.117,0.978,-0.172],12.5,"Running",1,[683,384],[[],[]]],[[756.25,226.666,41.627,-0.993,0,0.117,0,1,0,-0.117,0,-0.993],[["walk",0.1]],1.098,8,[-15.935,0,-1.423],[0,0,0],[754.85,240.476,39.216,-0.988,-0.149,0.026,0,0.174,0.985,-0.152,0.973,-0.172],12.5,"Running",1,[683,384],[[],[]]],[[755.985,226.666,41.597,-0.988,0,0.152,0,1,0,-0.152,0,-0.988],[],1.098,8,[-15.89,-0.022,-1.871],[0,0,0],[754.665,240.476,39.141,-0.983,-0.181,0.032,0,0.174,0.985,-0.184,0.968,-0.171],12.5,"Running",1,[683,384],[[],[]]],[[755.721,226.666,41.558,-0.983,0,0.184,0,1,0,-0.184,0,-0.983],[],1.098,8,[-15.816,-0.016,-2.417],[0,0,0],[754.467,240.476,39.068,-0.978,-0.207,0.037,0,0.174,0.985,-0.21,0.963,-0.17],12.5,"Running",1,[683,384],[[],[]]],[[755.459,226.666,41.51,-0.978,0,0.21,0,1,0,-0.21,0,-0.978],[],1.098,8,[-15.728,0.014,-2.937],[0,0,0],[754.26,240.476,38.993,-0.973,-0.228,0.04,0,0.174,0.985,-0.232,0.958,-0.169],12.5,"Running",1,[683,384],[[],[]]],[[755.068,226.666,41.427,-0.973,0,0.232,0,1,0,-0.232,0,-0.973],[["walk",0.1]],1.098,8,[-15.642,0.012,-3.365],[0,0,0],[753.869,240.476,38.91,-0.973,-0.228,0.04,0,0.174,0.985,-0.232,0.958,-0.169],12.5,"Running",1,[683,384],[[],[]]],[[754.873,226.666,41.381,-0.973,0,0.232,0,1,0,-0.232,0,-0.973],[],1.098,8,[-15.568,-0.026,-3.692],[0,0,0],[753.678,240.476,38.862,-0.972,-0.23,0.041,0,0.174,0.985,-0.233,0.958,-0.169],12.5,"Running",1,[683,384],[[],[]]],[[754.614,226.665,41.32,-0.972,0,0.233,0,1,0,-0.233,0,-0.972],[],1.098,8,[-15.564,-0.053,-3.71],[0,0,0],[753.411,240.475,38.804,-0.973,-0.227,0.04,0,0.174,0.985,-0.23,0.958,-0.169],12.5,"Running",1,[683,384],[[],[]]],[[754.354,226.664,41.257,-0.973,0,0.23,0,1,0,-0.23,0,-0.973],[],1.098,8,[-15.558,-0.081,-3.734],[0,0,0],[753.116,240.474,38.759,-0.976,-0.213,0.038,0,0.174,0.985,-0.217,0.961,-0.17],12.5,"Running",1,[683,384],[[],[]]],[[754.03,226.663,41.18,-0.976,0,0.217,0,1,0,-0.217,0,-0.976],[],1.098,8,[-15.57,0.007,-3.686],[0,0,0],[752.764,240.474,38.696,-0.979,-0.203,0.036,0,0.174,0.985,-0.206,0.964,-0.17],12.5,"Running",1,[683,384],[[],[]]],[[753.835,226.663,41.137,-0.979,0,0.206,0,1,0,-0.206,0,-0.979],[],1.098,8,[-15.618,-0.027,-3.476],[0,0,0],[752.488,240.473,38.695,-0.985,-0.171,0.03,0,0.174,0.985,-0.173,0.97,-0.171],12.5,"Running",1,[683,384],[[],[]]],[[753.574,226.663,41.081,-0.985,0,0.173,0,1,0,-0.173,0,-0.985],[],1.098,8,[-15.657,-0.028,-3.296],[0,0,0],[752.166,240.473,38.675,-0.989,-0.146,0.026,0,0.174,0.985,-0.149,0.974,-0.172],12.5,"Running",1,[683,384],[[],[]]],[[753.313,226.628,41.026,-0.989,0,0.149,0,1,0,-0.149,0,-0.989],[["walk",0.1]],1.098,8,[-15.657,-3.298,-3.293],[0,0,0],[751.834,240.438,38.663,-0.993,-0.117,0.021,0,0.174,0.985,-0.119,0.978,-0.172],12.5,"Running",1,[683,384],[[],[]]],[[753.052,226.539,40.972,-0.993,0,0.119,0,1,0,-0.119,0,-0.993],[],1.098,8,[-15.657,-6.568,-3.293],[0,0,0],[751.499,240.349,38.656,-0.996,-0.086,0.015,0,0.174,0.985,-0.088,0.981,-0.173],12.5,"Running",1,[683,384],[[],[]]],[[752.791,226.396,40.917,-0.996,0,0.088,0,1,0,-0.088,0,-0.996],[],1.098,8,[-15.657,-9.838,-3.293],[0,0,0],[751.163,240.206,38.653,-0.998,-0.054,0.01,0,0.174,0.985,-0.055,0.983,-0.173],12.5,"Running",1,[683,384],[[],[]]],[[752.53,226.198,40.862,-0.998,0,0.055,0,1,0,-0.055,0,-0.998],[],1.098,8,[-15.657,-13.108,-3.293],[0,0,0],[750.831,240.008,38.651,-1,-0.023,0.004,0,0.174,0.985,-0.024,0.985,-0.174],12.5,"Running",1,[683,384],[["Space"],[]]],[[752.269,227.063,40.807,-1,0,0.024,0,1,0,-0.024,0,-1],[["walk",0.1],["jump",0.1]],1,3,[-15.657,50.701,-3.293],[0,0,0],[750.505,240.873,38.647,-1,0.006,-0.001,0,0.174,0.985,0.006,0.985,-0.174],12.5,"Jumping",1,[683,384],[[],[]]],[[752.005,227.874,40.777,-0.996,0,0.086,0,1,0,-0.086,0,-0.996],[["jump",0.1]],1,5,[-15.932,47.431,-0.925],[0,-7.071,0],[750.184,241.684,38.665,-0.999,0.033,-0.006,0,0.174,0.985,0.033,0.984,-0.174],12.5,"FreeFall",1,[683,384],[[],[]]],[[751.739,228.63,40.776,-0.995,0,0.095,0,1,0,-0.095,0,-0.995],[],1,5,[-15.998,44.161,0.078],[0,-7.889,0],[749.865,242.441,38.71,-0.998,0.057,-0.01,0,0.174,0.985,0.058,0.983,-0.173],12.5,"FreeFall",1,[683,384],[[],[]]],[[751.472,229.332,40.783,-0.997,0,0.074,0,1,0,-0.074,0,-0.997],[],1,5,[-15.991,40.891,0.519],[0,-7.984,0],[749.522,243.142,38.79,-0.995,0.094,-0.017,0,0.174,0.985,0.096,0.98,-0.173],12.5,"FreeFall",1,[683,384],[[],[]]],[[751.006,230.43,40.809,-0.991,0,0.137,0,1,0,-0.137,0,-0.991],[],1,5,[-15.973,35.168,0.93],[0,-7.996,0],[749.044,244.24,38.828,-0.995,0.1,-0.018,0,0.174,0.985,0.102,0.98,-0.173],12.5,"FreeFall",1,[683,384],[[],[]]],[[750.873,230.712,40.821,-0.999,0,-0.035,0,1,0,0.035,0,-0.999],[],1,5,[-15.933,33.533,1.447],[0,-7.996,0],[748.896,244.523,38.855,-0.994,0.108,-0.019,0,0.174,0.985,0.11,0.979,-0.173],12.5,"FreeFall",1,[683,384],[[],[]]],[[750.674,231.111,40.841,-1,0,-0.01,0,1,0,0.01,0,-1],[],1,5,[-15.917,31.081,1.622],[0,-7.996,0],[748.69,244.921,38.882,-0.994,0.111,-0.02,0,0.174,0.985,0.113,0.979,-0.173],12.5,"FreeFall",1,[683,384],[[],[]]],[[750.409,231.595,40.87,-1,0,0.02,0,1,0,-0.02,0,-1],[],1,5,[-15.904,27.811,1.754],[0,-7.996,0],[748.407,245.405,38.929,-0.992,0.12,-0.021,0,0.174,0.985,0.122,0.977,-0.172],12.5,"FreeFall",1,[683,384],[[],[]]],[[750.144,232.025,40.9,-1,0,0.011,0,1,0,-0.011,0,-1],[],1,5,[-15.898,24.541,1.805],[0,-7.996,0],[748.133,245.835,38.969,-0.992,0.125,-0.022,0,0.174,0.985,0.127,0.977,-0.172],12.5,"FreeFall",1,[683,384],[[],[]]],[[749.88,232.4,40.932,-1,0,0.006,0,1,0,-0.006,0,-1],[],1,5,[-15.88,21.271,1.953],[0,-7.996,0],[747.856,246.21,39.014,-0.991,0.131,-0.023,0,0.174,0.985,0.133,0.976,-0.172],12.5,"FreeFall",1,[683,384],[[],[]]],[[749.631,232.72,40.921,-1,0,0,0,1,-0.001,0,-0.001,-1],[],1,5,[-15.664,18.001,0.335],[0.038,-7.996,0.005],[747.595,246.53,39.015,-0.99,0.137,-0.024,0,0.174,0.985,0.139,0.975,-0.172],12.5,"FreeFall",1,[683,384],[[],[]]],[[749.367,232.986,40.948,-1,0,-0.007,0,1,0,0.007,0,-1],[],1,5,[-15.847,14.731,2.05],[0.022,-7.996,-0.002],[747.311,246.796,39.064,-0.989,0.148,-0.026,0,0.174,0.985,0.15,0.974,-0.172],12.5,"FreeFall",1,[683,384],[[],[]]],[[749.103,233.197,40.985,-1,0,-0.018,0,1,0,0.018,0,-1],[],1,5,[-15.843,11.461,2.228],[0.006,-7.996,-0.003],[747.026,247.008,39.124,-0.987,0.159,-0.028,0,0.174,0.985,0.161,0.972,-0.171],12.5,"FreeFall",1,[683,384],[[],[]]],[[748.84,233.354,41.024,-1,0,-0.029,0,1,0,0.029,0,-1],[],1,5,[-15.818,8.191,2.401],[0,-7.996,-0.002],[746.74,247.164,39.19,-0.985,0.171,-0.03,0,0.174,0.985,0.174,0.97,-0.171],12.5,"FreeFall",1,[683,384],[[],[]]],[[748.576,233.457,41.067,-0.999,0,-0.041,0,1,0,0.041,0,-0.999],[],1,5,[-15.791,4.921,2.574],[-0.001,-7.996,0],[746.456,247.267,39.256,-0.983,0.182,-0.032,0,0.174,0.985,0.184,0.968,-0.171],12.5,"FreeFall",1,[683,384],[[],[]]],[[748.31,233.504,41.086,-0.998,0.001,-0.06,0.002,1,-0.009,0.06,-0.009,-0.998],[],1,5,[-16.615,1.549,-2.271],[-2.201,-6.041,-0.26],[746.163,247.314,39.294,-0.98,0.197,-0.035,0,0.174,0.985,0.2,0.965,-0.17],12.5,"FreeFall",1,[683,384],[[],[]]],[[748.037,233.496,41.081,-0.997,0.001,-0.078,0.002,1,-0.013,0.078,-0.013,-0.997],[["fall",0.3]],1,5,[-16.212,-1.713,0.779],[0.372,-7.768,0.118],[745.863,247.306,39.318,-0.977,0.212,-0.037,0,0.174,0.985,0.215,0.962,-0.17],12.5,"FreeFall",1,[683,384],[[],[]]],[[747.772,233.434,41.118,-0.996,-0.001,-0.085,0,1,-0.005,0.085,-0.005,-0.996],[],1,5,[-15.739,-4.984,3.029],[0.443,-7.969,0.043],[745.562,247.244,39.409,-0.972,0.23,-0.041,0,0.174,0.985,0.233,0.958,-0.169],12.5,"FreeFall",1,[683,384],[[],[]]],[[747.511,233.316,41.176,-0.995,-0.001,-0.102,-0.001,1,-0.001,0.102,-0.001,-0.995],[],1,5,[-15.618,-8.255,3.475],[0.165,-7.993,-0.029],[745.27,247.127,39.514,-0.968,0.248,-0.044,0,0.174,0.985,0.252,0.953,-0.168],12.5,"FreeFall",1,[683,384],[[],[]]],[[747.187,233.093,41.253,-0.996,0,-0.088,0,1,0,0.088,0,-0.996],[],1,5,[-15.552,-12.342,3.735],[0.008,-7.996,-0.025],[744.934,246.904,39.611,-0.966,0.255,-0.045,0,0.174,0.985,0.259,0.951,-0.168],12.5,"FreeFall",1,[683,384],[[],[]]],[[746.929,232.854,41.319,-0.992,0,-0.129,0,1,0,0.129,0,-0.992],[],1,5,[-15.484,-15.612,4.019],[-0.011,-7.996,-0.008],[744.665,246.664,39.691,-0.964,0.261,-0.046,0,0.174,0.985,0.265,0.949,-0.167],12.5,"FreeFall",1,[683,384],[[],[]]],[[746.671,232.559,41.388,-0.991,0,-0.135,0,1,0,0.135,0,-0.991],[],1,5,[-15.453,-18.882,4.145],[-0.006,-7.996,0],[744.398,246.369,39.774,-0.962,0.267,-0.047,0,0.174,0.985,0.271,0.948,-0.167],12.5,"FreeFall",1,[683,384],[[],[]]],[[746.478,232.303,41.441,-0.985,0,-0.174,0,1,0,0.174,0,-0.985],[["fall",0.3]],1,5,[-15.428,-21.335,4.241],[-0.002,-7.996,0.001],[744.187,246.113,39.852,-0.959,0.278,-0.049,0,0.174,0.985,0.282,0.945,-0.167],12.5,"FreeFall",1,[683,384],[[],[]]],[[746.222,231.913,41.513,-0.988,0,-0.152,0,1,0,0.152,0,-0.988],[],1,5,[-15.4,-24.605,4.341],[0,-7.996,0.001],[743.908,245.723,39.957,-0.955,0.291,-0.051,0,0.174,0.985,0.296,0.941,-0.166],12.5,"FreeFall",1,[683,384],[[],[]]],[[745.966,231.469,41.588,-0.986,0,-0.166,0,1,0,0.166,0,-0.986],[],1,5,[-15.352,-27.875,4.509],[0,-7.996,0],[743.628,245.279,40.068,-0.951,0.306,-0.054,0,0.174,0.985,0.311,0.936,-0.165],12.5,"FreeFall",1,[683,384],[[],[]]],[[745.711,230.97,41.666,-0.983,0,-0.181,0,1,0,0.181,0,-0.983],[],1,5,[-15.286,-31.145,4.725],[0,-7.996,0],[743.345,244.781,40.191,-0.945,0.323,-0.057,0,0.174,0.985,0.328,0.93,-0.164],12.5,"FreeFall",1,[683,384],[[],[]]],[[745.457,230.417,41.749,-0.98,0,-0.2,0,1,0,0.2,0,-0.98],[],1,5,[-15.211,-34.415,4.963],[0,-7.996,0],[743.057,244.227,40.329,-0.937,0.345,-0.061,0,0.174,0.985,0.351,0.922,-0.163],12.5,"FreeFall",1,[683,384],[["W"],[]]],[[745.22,229.81,41.85,-0.971,0,-0.24,0,1,0,0.24,0,-0.971],[],1,5,[-13.643,-37.685,6.759],[0,-6.645,0],[742.779,243.62,40.503,-0.926,0.373,-0.066,0,0.174,0.985,0.378,0.912,-0.161],12.5,"FreeFall",1,[683,384],[[],[]]],[[745.009,229.148,41.981,-0.961,0,-0.275,0,1,0,0.275,0,-0.961],[["fall",0.3]],1,5,[-12.05,-40.955,8.531],[0,-6.533,0],[742.511,242.958,40.742,-0.908,0.412,-0.073,0,0.174,0.985,0.419,0.894,-0.158],12.5,"FreeFall",1,[683,384],[[],[]]],[[744.825,228.431,42.141,-0.949,0,-0.316,0,1,0,0.316,0,-0.949],[],1,5,[-10.416,-44.225,10.267],[0,-6.62,0],[742.265,242.241,41.038,-0.885,0.459,-0.081,0,0.174,0.985,0.467,0.871,-0.154],12.5,"FreeFall",1,[683,384],[[],[]]],[[744.669,228.482,42.295,-0.9,0,-0.436,0,1,0,0.436,0,-0.9],[["walk",0.1],["fall",0.3],["climb",0.1]],-3.685,12,[-8.719,10.104,8.594],[0,-0.765,0],[742.051,242.292,41.338,-0.857,0.508,-0.09,0,0.174,0.985,0.516,0.844,-0.149],12.5,"Climbing",1,[683,384],[[],[]]],[[744.227,229.192,41.945,-0.863,0,-0.505,0,1,0,0.505,0,-0.863],[["climb",0.1],["jump",0.1]],1,3,[-26.535,41.378,-21.001],[0,-0.765,0],[741.539,243.002,41.205,-0.812,0.575,-0.101,0,0.174,0.985,0.584,0.799,-0.141],12.5,"Jumping",1,[683,384],[[],[]]],[[743.798,229.847,41.616,-0.858,0,-0.514,0,1,0,0.514,0,-0.858],[["jump",0.1]],1,5,[-25.278,38.108,-18.976],[0,-6.22,0],[741.075,243.657,41.016,-0.78,0.616,-0.109,0,0.174,0.985,0.625,0.769,-0.136],12.5,"FreeFall",1,[683,384],[[],[]]],[[743.39,230.448,41.321,-0.844,0,-0.537,0,1,0,0.537,0,-0.844],[],1,5,[-23.975,34.838,-16.981],[0,-6.64,0],[740.638,244.259,40.876,-0.744,0.658,-0.116,0,0.174,0.985,0.668,0.733,-0.129],12.5,"FreeFall",1,[683,384],[[],[]]],[[743.005,230.995,41.058,-0.814,0,-0.581,0,1,0,0.581,0,-0.814],[],1,5,[-22.641,31.568,-15.006],[0,-6.721,0],[740.231,244.805,40.774,-0.704,0.7,-0.123,0,0.174,0.985,0.71,0.693,-0.122],12.5,"FreeFall",1,[683,384],[[],[]]],[[742.554,231.602,40.776,-0.796,0,-0.605,0,1,0,0.605,0,-0.796],[],1,5,[-20.927,27.48,-12.569],[0,-6.743,0],[739.769,245.412,40.653,-0.661,0.739,-0.13,0,0.174,0.985,0.75,0.651,-0.115],12.5,"FreeFall",1,[683,384],[[],[]]],[[742.302,231.925,40.631,-0.722,0,-0.692,0,1,0,0.692,0,-0.722],[],1,5,[-19.869,25.028,-11.129],[0,-6.744,0],[739.513,245.735,40.657,-0.62,0.772,-0.136,0,0.174,0.985,0.784,0.611,-0.108],12.5,"FreeFall",1,[683,384],[[],[]]],[[741.986,232.308,40.465,-0.704,0,-0.71,0,1,0,0.71,0,-0.704],[],1,5,[-18.414,21.758,-9.241],[0,-6.711,0],[739.201,246.118,40.609,-0.587,0.798,-0.141,0,0.174,0.985,0.81,0.578,-0.102],12.5,"FreeFall",1,[683,384],[[],[]]],[[741.694,232.636,40.33,-0.673,0,-0.74,0,1,0,0.74,0,-0.673],[],1,5,[-16.918,18.488,-7.385],[0,-6.63,0],[738.917,246.446,40.579,-0.556,0.819,-0.144,0,0.174,0.985,0.831,0.547,-0.096],12.5,"FreeFall",1,[683,384],[[],[]]],[[741.428,232.91,40.226,-0.643,0,-0.765,0,1,0,0.765,0,-0.643],[],1,5,[-15.386,15.218,-5.559],[0,-6.587,0],[738.661,246.72,40.567,-0.528,0.836,-0.147,0,0.174,0.985,0.849,0.52,-0.092],12.5,"FreeFall",1,[683,384],[[],[]]],[[741.188,233.13,40.152,-0.617,0,-0.787,0,1,0,0.787,0,-0.617],[],1,5,[-13.821,11.948,-3.762],[0,-6.549,0],[738.432,246.94,40.575,-0.502,0.852,-0.15,0,0.174,0