{"Replay":[[[776.028,222.662,47.142,-0.98,0,0.198,0,1,0,-0.198,0,-0.98],[["idle",0]],1,8,[0,0,0],[0,0,0],[774.735,236.472,44.672,-0.981,-0.192,0.034,0,0.174,0.985,-0.195,0.966,-0.17],12.5,"Standing",1,[683,384],[[],[]]],[[776.028,222.662,47.142,-0.981,0,0.195,0,1,0,-0.195,0,-0.981],[],1,8,[0,0,0],[0,0,0],[774.731,236.472,44.674,-0.981,-0.191,0.034,0,0.174,0.985,-0.194,0.966,-0.17],12.5,"Standing",1,[683,384],[[],[]]],[[776.028,222.662,47.142,-0.981,0,0.194,0,1,0,-0.194,0,-0.981],[],1,8,[0,0,0],[0,0,0],[774.711,236.472,44.684,-0.983,-0.183,0.032,0,0.174,0.985,-0.186,0.968,-0.171],12.5,"Standing",1,[683,384],[[],[]]],[[776.028,222.662,47.142,-0.983,0,0.186,0,1,0,-0.186,0,-0.983],[],1,8,[0,0,0],[0,0,0],[774.711,236.472,44.684,-0.983,-0.183,0.032,0,0.174,0.985,-0.186,0.968,-0.171],12.5,"Standing",1,[683,384],[[],[]]],[[776.028,222.662,47.142,-0.983,0,0.186,0,1,0,-0.186,0,-0.983],[],1,8,[0,0,0],[0,0,0],[774.711,236.472,44.684,-0.983,-0.183,0.032,0,0.174,0.985,-0.186,0.968,-0.171],12.5,"Standing",1,[683,384],[[],[]]],[[776.028,222.662,47.142,-0.983,0,0.186,0,1,0,-0.186,0,-0.983],[],1,8,[0,0,0],[0,0,0],[774.711,236.472,44.684,-0.983,-0.183,0.032,0,0.174,0.985,-0.186,0.968,-0.171],12.5,"Standing",1,[683,384],[[],[]]],[[776.028,222.662,47.142,-0.983,0,0.186,0,1,0,-0.186,0,-0.983],[],1,8,[0,0,0],[0,0,0],[774.711,236.472,44.684,-0.983,-0.183,0.032,0,0.174,0.985,-0.186,0.968,-0.171],12.5,"Standing",1,[683,384],[[],["E"]]],[[776.028,222.662,47.142,-0.983,0,0.186,0,1,0,-0.186,0,-0.983],[],1,8,[0,0,0],[0,0,0],[774.711,236.472,44.684,-0.983,-0.183,0.032,0,0.174,0.985,-0.186,0.968,-0.171],12.5,"Standing",1,[683,384],[[],[]]],[[776.028,222.662,47.142,-0.983,0,0.186,0,1,0,-0.186,0,-0.983],[],1,8,[0,0,0],[0,0,0],[774.711,236.472,44.684,-0.983,-0.183,0.032,0,0.174,0.985,-0.186,0.968,-0.171],12.5,"Standing",1,[683,384],[[],[]]],[[776.028,222.662,47.142,-0.983,0,0.186,0,1,0,-0.186,0,-0.983],[],1,8,[0,0,0],[0,0,0],[774.711,236.472,44.684,-0.983,-0.183,0.032,0,0.174,0.985,-0.186,0.968,-0.171],12.5,"Standing",1,[683,384],[[],[]]],[[776.028,222.662,47.142,-0.983,0,0.186,0,1,0,-0.186,0,-0.983],[],1,8,[0,0,0],[0,0,0],[774.711,236.472,44.684,-0.983,-0.183,0.032,0,0.174,0.985,-0.186,0.968,-0.171],12.5,"Standing",1,[683,384],[["D"],[]]],[[775.806,222.662,47.1,-0.983,0,0.186,0,1,0,-0.186,0,-0.983],[],1,8,[-15.186,0,-2.872],[0,0,0],[774.489,236.472,44.642,-0.983,-0.183,0.032,0,0.174,0.985,-0.186,0.968,-0.171],12.5,"Standing",1,[683,384],[[],[]]],[[775.545,222.662,47.051,-0.983,0,0.186,0,1,0,-0.186,0,-0.983],[["walk",0.1]],1.066,8,[-15.711,0,-2.971],[0,0,0],[774.252,236.472,44.581,-0.981,-0.192,0.034,0,0.174,0.985,-0.195,0.966,-0.17],12.5,"Running",1,[683,384],[[],[]]],[[775.152,222.662,46.977,-0.981,0,0.195,0,1,0,-0.195,0,-0.981],[],1.066,8,[-15.721,0,-2.973],[0,0,0],[773.89,236.472,44.49,-0.978,-0.204,0.036,0,0.174,0.985,-0.207,0.963,-0.17],12.5,"Running",1,[683,384],[[],[]]],[[774.89,222.662,46.925,-0.978,0,0.207,0,1,0,-0.207,0,-0.978],[["walk",0.1]],1.066,8,[-15.693,0,-3.118],[0,0,0],[773.648,236.472,44.429,-0.977,-0.212,0.037,0,0.174,0.985,-0.215,0.962,-0.17],12.5,"Running",1,[683,384],[[],[]]],[[774.695,222.662,46.884,-0.977,0,0.215,0,1,0,-0.215,0,-0.977],[],1.066,8,[-15.654,0,-3.307],[0,0,0],[773.492,236.472,44.369,-0.973,-0.227,0.04,0,0.174,0.985,-0.23,0.958,-0.169],12.5,"Running",1,[683,384],[[],[]]],[[774.434,222.662,46.827,-0.973,0,0.23,0,1,0,-0.23,0,-0.973],[],1.066,8,[-15.626,0,-3.438],[0,0,0],[773.279,236.472,44.289,-0.969,-0.245,0.043,0,0.174,0.985,-0.249,0.954,-0.168],12.5,"Running",1,[683,384],[[],[]]],[[774.11,222.662,46.751,-0.969,0,0.249,0,1,0,-0.249,0,-0.969],[],1.066,8,[-15.57,0,-3.684],[0,0,0],[772.97,236.472,44.206,-0.967,-0.251,0.044,0,0.174,0.985,-0.255,0.952,-0.168],12.5,"Running",1,[683,384],[[],[]]],[[773.722,222.662,46.652,-0.967,0,0.255,0,1,0,-0.255,0,-0.967],[],1.066,8,[-15.498,0,-3.978],[0,0,0],[772.583,236.472,44.107,-0.967,-0.251,0.044,0,0.174,0.985,-0.255,0.952,-0.168],12.5,"Running",1,[683,384],[[],[]]],[[773.593,222.662,46.618,-0.967,0,0.255,0,1,0,-0.255,0,-0.967],[],1.066,8,[-15.476,0,-4.062],[0,0,0],[772.454,236.472,44.074,-0.967,-0.251,0.044,0,0.174,0.985,-0.255,0.952,-0.168],12.5,"Running",1,[683,384],[[],[]]],[[773.4,222.662,46.567,-0.967,0,0.255,0,1,0,-0.255,0,-0.967],[],1.066,8,[-15.472,0,-4.075],[0,0,0],[772.26,236.472,44.023,-0.967,-0.251,0.044,0,0.174,0.985,-0.255,0.952,-0.168],12.5,"Running",1,[683,384],[[],[]]],[[773.142,222.662,46.5,-0.967,0,0.255,0,1,0,-0.255,0,-0.967],[["walk",0.1]],1.066,8,[-15.472,0,-4.076],[0,0,0],[772.003,236.472,43.955,-0.967,-0.251,0.044,0,0.174,0.985,-0.255,0.952,-0.168],12.5,"Running",1,[683,384],[[],[]]],[[772.884,222.662,46.432,-0.967,0,0.255,0,1,0,-0.255,0,-0.967],[],1.066,8,[-15.472,0,-4.076],[0,0,0],[771.749,236.472,43.885,-0.967,-0.252,0.045,0,0.174,0.985,-0.256,0.952,-0.168],12.5,"Running",1,[683,384],[[],[]]],[[772.626,222.662,46.364,-0.967,0,0.256,0,1,0,-0.256,0,-0.967],[],1.066,8,[-15.472,0,-4.076],[0,0,0],[771.495,236.472,43.815,-0.966,-0.254,0.045,0,0.174,0.985,-0.258,0.952,-0.168],12.5,"Running",1,[683,384],[[],[]]],[[772.368,222.662,46.295,-0.966,0,0.258,0,1,0,-0.258,0,-0.966],[],1.066,8,[-15.466,0,-4.1],[0,0,0],[771.237,236.472,43.747,-0.966,-0.254,0.045,0,0.174,0.985,-0.258,0.952,-0.168],12.5,"Running",1,[683,384],[[],[]]],[[772.175,222.662,46.244,-0.966,0,0.258,0,1,0,-0.258,0,-0.966],[],1.066,8,[-15.46,0,-4.123],[0,0,0],[771.036,236.472,43.699,-0.967,-0.251,0.044,0,0.174,0.985,-0.255,0.952,-0.168],12.5,"Running",1,[683,384],[[],[]]],[[771.853,222.686,46.158,-0.967,0,0.255,0,1,0,-0.255,0,-0.967],[],1.066,8,[-15.459,1.309,-4.125],[0,0,0],[770.698,236.496,43.62,-0.969,-0.245,0.043,0,0.174,0.985,-0.249,0.954,-0.168],12.5,"Running",1,[683,384],[[],[]]],[[771.595,222.756,46.09,-0.969,0,0.249,0,1,0,-0.249,0,-0.969],[["walk",0.1]],1.066,8,[-15.472,4.522,-4.077],[0,0,0],[770.416,236.566,43.563,-0.971,-0.236,0.042,0,0.174,0.985,-0.24,0.956,-0.169],12.5,"Running",1,[683,384],[[],[]]],[[771.337,222.832,46.023,-0.971,0,0.24,0,1,0,-0.24,0,-0.971],[],1.066,8,[-15.497,4.071,-3.981],[0,0,0],[770.134,236.642,43.508,-0.973,-0.227,0.04,0,0.174,0.985,-0.23,0.958,-0.169],12.5,"Running",1,[683,384],[[],[]]],[[771.078,222.85,45.959,-0.973,0,0.23,0,1,0,-0.23,0,-0.973],[],1.066,8,[-15.533,-0.136,-3.836],[0,0,0],[769.852,236.661,43.455,-0.975,-0.218,0.038,0,0.174,0.985,-0.221,0.96,-0.169],12.5,"Running",1,[683,384],[[],[]]],[[770.819,222.796,45.897,-0.975,0,0.221,0,1,0,-0.221,0,-0.975],[],1.066,8,[-15.569,-4.478,-3.689],[0,0,0],[769.565,236.607,43.407,-0.978,-0.207,0.037,0,0.174,0.985,-0.21,0.963,-0.17],12.5,"Running",1,[683,384],[[],[]]],[[770.559,222.824,45.838,-0.978,0,0.21,0,1,0,-0.21,0,-0.978],[],1.066,8,[-15.603,2.954,-3.542],[0,0,0],[769.297,236.634,43.352,-0.978,-0.204,0.036,0,0.174,0.985,-0.207,0.963,-0.17],12.5,"Running",1,[683,384],[[],[]]],[[770.298,222.839,45.781,-0.978,0,0.207,0,1,0,-0.207,0,-0.978],[],1.066,8,[-15.641,-0.316,-3.371],[0,0,0],[770.742,236.65,43.657,-0.979,-0.201,0.035,0,0.174,0.985,-0.204,0.964,-0.17],12.5,"Running",0,[683,384],[["LeftShift"],[]]],[[770.037,222.785,45.726,-0.934,0,0.356,0,1,0,-0.356,0,-0.934],[["walk",0.1]],1.066,8,[-15.652,-4.163,-3.319],[0,-11.85,0],[770.481,236.595,43.601,-0.979,-0.201,0.035,0,0.174,0.985,-0.204,0.964,-0.17],12.5,"Running",0,[683,384],[["b2"],[]]],[[769.711,222.648,45.657,-0.813,0,0.583,0,1,0,-0.583,0,-0.813],[],1.066,8,[-15.652,-8.251,-3.318],[0,-12.512,0],[770.151,236.458,43.531,-0.979,-0.2,0.035,0,0.174,0.985,-0.203,0.964,-0.17],12.5,"Running",0,[683,384],[["Space"],[]]],[[769.32,223.925,45.574,-0.594,0,0.804,0,1,0,-0.804,0,-0.594],[["walk",0.1],["jump",0.1]],1,3,[-15.652,49.066,-3.318],[0,-12.496,0],[769.76,237.735,43.448,-0.979,-0.2,0.035,0,0.174,0.985,-0.203,0.964,-0.17],12.5,"Jumping",0,[683,384],[[],[]]],[[768.928,225.08,45.493,-0.422,0,0.906,0,1,0,-0.906,0,-0.422],[["jump",0.1]],1,5,[-15.668,44.161,-3.244],[0,-6.948,0],[769.368,238.89,43.367,-0.979,-0.2,0.035,0,0.174,0.985,-0.203,0.964,-0.17],12.5,"FreeFall",0,[683,384],[[],[]]],[[768.667,225.782,45.439,-0.335,0,0.942,0,1,0,-0.942,0,-0.335],[],1,5,[-15.668,40.891,-3.244],[0,-5.331,0],[769.107,239.592,43.313,-0.979,-0.2,0.035,0,0.174,0.985,-0.203,0.964,-0.17],12.5,"FreeFall",0,[683,384],[[],[]]],[[768.471,226.273,45.398,-0.279,0,0.96,0,1,0,-0.96,0,-0.279],[],1,5,[-15.668,38.438,-3.244],[0,-4.554,0],[768.911,240.083,43.272,-0.979,-0.2,0.035,0,0.174,0.985,-0.203,0.964,-0.17],12.5,"FreeFall",0,[683,384],[[],[]]],[[768.21,226.88,45.344,-0.212,0,0.977,0,1,0,-0.977,0,-0.212],[],1,5,[-15.668,35.168,-3.244],[0,-3.966,0],[768.653,240.69,43.219,-0.979,-0.201,0.035,0,0.174,0.985,-0.204,0.964,-0.17],12.5,"FreeFall",0,[683,384],[[],[]]],[[767.948,227.432,45.29,-0.154,0,0.988,0,1,0,-0.988,0,-0.154],[],1,5,[-15.668,31.898,-3.244],[0,-3.416,0],[768.395,241.242,43.166,-0.979,-0.203,0.036,0,0.174,0.985,-0.206,0.964,-0.17],12.5,"FreeFall",0,[683,384],[[],["LeftShift"]]],[[767.687,227.929,45.235,-0.104,0,0.995,0,1,0,-0.995,0,-0.104],[],1,5,[-15.663,28.628,-3.269],[0,-2.947,0],[768.14,241.734,43.082,-0.979,-0.203,0.036,0,0.176,0.984,-0.206,0.963,-0.172],12.5,"FreeFall",0,[683,384],[[],[]]],[[767.492,228.267,45.194,-0.071,0,0.997,0,1,0,-0.997,0,-0.071],[],1,5,[-15.658,26.176,-3.292],[0,-2.582,0],[767.945,242.071,43.041,-0.979,-0.203,0.036,0,0.176,0.984,-0.206,0.963,-0.172],12.5,"FreeFall",0,[683,384],[[],[]]],[[767.165,228.761,45.126,-0.023,0,1,0,1,0,-1,0,-0.023],[],1,5,[-15.657,22.088,-3.294],[0,-2.249,0],[767.618,242.566,42.972,-0.979,-0.203,0.036,0,0.176,0.984,-0.206,0.963,-0.172],12.5,"FreeFall",0,[683,384],[[],[]]],[[766.904,229.095,45.071,0.01,0,1,0,1,0,-1,0,0.01],[],1,5,[-15.657,18.818,-3.294],[0,-1.887,0],[765.645,242.9,42.557,-0.979,-0.203,0.036,0,0.176,0.984,-0.206,0.963,-0.172],12.5,"FreeFall",1,[683,384],[["LeftShift"],[]]],[[766.643,229.375,45.016,-0.953,0,0.304,0,1,0,-0.304,0,-0.953],[],1,5,[-15.657,15.548,-3.294],[0,-7.29,0],[765.384,243.179,42.502,-0.979,-0.203,0.036,0,0.176,0.984,-0.206,0.963,-0.172],12.5,"FreeFall",1,[683,384],[[],[]]],[[766.448,229.548,44.975,-0.954,0,0.299,0,1,0,-0.299,0,-0.954],[],1,5,[-15.657,13.096,-3.294],[0,-7.856,0],[765.188,243.353,42.461,-0.979,-0.203,0.036,0,0.176,0.984,-0.206,0.963,-0.172],12.5,"FreeFall",1,[683,384],[[],["Space"]]],[[765.991,229.835,44.879,-0.905,0,0.426,0,1,0,-0.426,0,-0.905],[],1,5,[-15.657,7.373,-3.294],[0,-7.993,0],[764.731,243.64,42.365,-0.979,-0.203,0.036,0,0.176,0.984,-0.206,0.963,-0.172],12.5,"FreeFall",1,[683,384],[[],[]]],[[765.795,229.907,44.838,-0.953,0,0.302,0,1,0,-0.302,0,-0.953],[],1,5,[-15.657,4.921,-3.294],[0,-7.995,0],[764.536,243.712,42.324,-0.979,-0.203,0.036,0,0.176,0.984,-0.206,0.963,-0.172],12.5,"FreeFall",1,[683,384],[[],["b2"]]],[[765.6,229.948,44.796,-0.953,0,0.302,0,1,0,-0.302,0,-0.953],[],1,5,[-15.657,2.468,-3.294],[0,-7.996,0],[764.34,243.753,42.283,-0.979,-0.203,0.036,0,0.176,0.984,-0.206,0.963,-0.172],12.5,"FreeFall",1,[683,384],[[],[]]],[[765.339,229.955,44.742,-0.943,0,0.334,0,1,0,-0.334,0,-0.943],[],1,5,[-15.657,-0.802,-3.294],[0,-7.996,0],[764.079,243.76,42.228,-0.979,-0.203,0.036,0,0.176,0.984,-0.206,0.963,-0.172],12.5,"FreeFall",1,[683,384],[[],[]]],[[765.078,229.908,44.687,-0.943,0,0.334,0,1,0,-0.334,0,-0.943],[],1,5,[-15.657,-4.072,-3.294],[0,-7.996,0],[763.838,243.712,42.163,-0.977,-0.21,0.038,0,0.176,0.984,-0.214,0.962,-0.172],12.5,"FreeFall",1,[683,384],[[],[]]],[[764.817,229.806,44.632,-0.94,0,0.341,0,1,0,-0.341,0,-0.94],[["fall",0.3]],1,5,[-15.657,-7.342,-3.294],[0,-7.996,0],[763.636,243.608,42.067,-0.972,-0.231,0.042,0,0.177,0.984,-0.235,0.957,-0.172],12.5,"FreeFall",1,[683,384],[[],[]]],[[764.556,229.649,44.575,-0.932,0,0.362,0,1,0,-0.362,0,-0.932],[],1,5,[-15.632,-10.612,-3.414],[0,-7.996,0],[763.42,243.451,41.991,-0.968,-0.248,0.045,0,0.177,0.984,-0.252,0.952,-0.172],12.5,"FreeFall",1,[683,384],[[],["LeftShift"]]],[[764.232,229.377,44.498,-0.913,0,0.409,0,1,0,-0.409,0,-0.913],[],1,5,[-15.553,-14.699,-3.757],[0,-7.996,0],[763.145,243.179,41.892,-0.963,-0.266,0.048,0,0.177,0.984,-0.27,0.948,-0.171],12.5,"FreeFall",1,[683,384],[[],[]]],[[763.974,229.098,44.431,-0.918,0,0.395,0,1,0,-0.395,0,-0.918],[],1,5,[-15.486,-17.969,-4.022],[0,-7.996,0],[762.923,242.903,41.823,-0.959,-0.281,0.05,0,0.176,0.984,-0.285,0.944,-0.169],12.5,"FreeFall",1,[683,384],[[],[]]],[[763.652,228.672,44.342,-0.898,0,0.44,0,1,0,-0.44,0,-0.898],[],1,5,[-15.407,-22.057,-4.316],[0,-7.996,0],[762.622,242.48,41.739,-0.956,-0.289,0.051,0,0.175,0.985,-0.294,0.941,-0.167],12.5,"FreeFall",1,[683,384],[[],[]]],[[763.524,228.478,44.304,-0.934,0,0.357,0,1,0,-0.357,0,-0.934],[],1,5,[-15.346,-23.692,-4.526],[0,-7.996,0],[762.511,242.286,41.695,-0.954,-0.295,0.052,0,0.175,0.985,-0.3,0.939,-0.167],12.5,"FreeFall",1,[683,384],[[],[]]],[[763.269,228.05,44.227,-0.952,0,0.305,0,1,0,-0.305,0,-0.952],[["fall",0.3]],1,5,[-15.294,-26.962,-4.701],[0,-7.996,0],[762.269,241.858,41.617,-0.952,-0.301,0.053,0,0.174,0.985,-0.306,0.937,-0.166],12.5,"FreeFall",1,[683,384],[[],[]]],[[763.038,227.567,44.156,-0.939,0,0.345,0,1,0,-0.345,0,-0.939],[],1,5,[-13.012,-30.232,-4.012],[0,-0.924,0],[762.038,241.375,41.545,-0.952,-0.301,0.053,0,0.174,0.985,-0.306,0.937,-0.166],12.5,"FreeFall",1,[683,384],[[],[]]],[[762.845,227.029,44.096,-0.951,0,0.31,0,1,0,-0.31,0,-0.951],[],1,5,[-10.734,-33.502,-3.311],[0,-0.107,0],[761.845,240.837,41.486,-0.952,-0.301,0.053,0,0.174,0.985,-0.306,0.937,-0.166],12.5,"FreeFall",1,[683,384],[[],[]]],[[762.69,226.436,44.048,-0.952,0,0.306,0,1,0,-0.306,0,-0.952],[],1,5,[-8.457,-36.772,-2.608],[0,-0.012,0],[761.691,240.246,41.445,-0.952,-0.303,0.053,0,0.174,0.985,-0.307,0.937,-0.165],12.5,"FreeFall",1,[683,384],[[],[]]],[[762.572,225.789,44.012,-0.952,0,0.307,0,1,0,-0.307,0,-0.952],[],1,5,[-6.179,-40.042,-1.906],[0,-0.001,0],[761.586,239.599,41.404,-0.95,-0.307,0.054,0,0.174,0.985,-0.312,0.936,-0.165],12.5,"FreeFall",1,[683,384],[[],[]]],[[762.551,225.088,44.006,-0.95,0,0.312,0,1,0,-0.312,0,-0.95],[["walk",0.1],["fall",0.3],["fall",0.3]],1,7,[-0.17,-43.312,-0.052],[0,0,0],[761.573,238.898,41.395,-0.949,-0.31,0.055,0,0.174,0.985,-0.315,0.935,-0.165],12.5,"FreeFall",1,[683,384],[[],[]]],[[762.551,224.696,44.006,-0.949,0,0.315,0,1,0,-0.315,0,-0.949],[],1,7,[-0.003,-4.885,-0.001],[0,0,0],[761.585,238.506,41.39,-0.948,-0.314,0.055,0,0.174,0.985,-0.319,0.933,-0.165],12.5,"FreeFall",1,[683,384],[[],[]]],[[762.551,224.786,44.006,-0.948,0,0.319,0,1,0,-0.319,0,-0.948],[["fall",0.3],["fall",0.3],["idle",0.1]],1,8,[0,5.506,0],[0,0,0],[761.594,238.596,41.387,-0.947,-0.317,0.056,0,0.174,0.985,-0.322,0.932,-0.164],12.5,"Standing",1,[683,384],[[],["E"]]],[[762.551,224.856,44.006,-0.947,0,0.322,0,1,0,-0.322,0,-0.947],[],1,8,[0,3.418,0],[0,0,0],[761.606,238.666,41.382,-0.945,-0.322,0.057,0,0.174,0.985,-0.327,0.931,-0.164],12.5,"Standing",1,[683,384],[[],[]]],[[762.551,224.895,44.006,-0.945,0,0.327,0,1,0,-0.327,0,-0.945],[],1,8,[0,1.732,0],[0,0,0],[761.622,238.705,41.376,-0.943,-0.328,0.058,0,0.174,0.985,-0.333,0.929,-0.164],12.5,"Standing",1,[683,384],[[],[]]],[[762.551,224.912,44.006,-0.943,0,0.333,0,1,0,-0.333,0,-0.943],[],1,8,[0,0.655,0],[0,0,0],[761.647,238.722,41.368,-0.94,-0.336,0.059,0,0.174,0.985,-0.342,0.926,-0.163],12.5,"Standing",1,[683,384],[[],[]]],[[762.551,224.916,44.006,-0.94,0,0.342,0,1,0,-0.342,0,-0.94],[],1,8,[0,0.097,0],[0,0,0],[761.676,238.726,41.358,-0.936,-0.347,0.061,0,0.174,0.985,-0.352,0.922,-0.163],12.5,"Standing",1,[683,384],[[],[]]],[[762.551,224.915,44.006,-0.936,0,0.352,0,1,0,-0.352,0,-0.936],[],1,8,[0,-0.093,0],[0,0,0],[761.706,238.726,41.349,-0.932,-0.357,0.063,0,0.174,0.985,-0.362,0.918,-0.162],12.5,"Standing",1,[683,384],[[],[]]],[[762.551,224.913,44.006,-0.932,0,0.362,0,1,0,-0.362,0,-0.932],[],1,8,[0,-0.086,0],[0,0,0],[761.718,238.723,41.345,-0.93,-0.361,0.064,0,0.174,0.985,-0.367,0.916,-0.162],12.5,"Standing",1,[683,384],[["D"],[]]],[[762.431,224.912,43.959,-0.93,0,0.367,0,1,0,-0.367,0,-0.93],[],1,8,[-11.522,-0.039,-4.476],[0,0,0],[761.606,238.723,41.295,-0.929,-0.364,0.064,0,0.174,0.985,-0.369,0.915,-0.161],12.5,"Standing",1,[683,384],[[],[]]],[[762.253,224.912,43.889,-0.929,0,0.369,0,1,0,-0.369,0,-0.929],[["walk",0.1]],0.852,8,[-14.709,-0.013,-5.791],[0,0,0],[761.462,238.722,41.215,-0.925,-0.375,0.066,0,0.174,0.985,-0.381,0.911,-0.161],12.5,"Running",1,[683,384],[[],[]]],[[762.005,224.912,43.791,-0.925,0,0.381,0,1,0,-0.381,0,-0.925],[["walk",0.1]],1.09,8,[-14.865,0.003,-5.908],[0,0,0],[761.227,238.722,41.113,-0.923,-0.38,0.067,0,0.174,0.985,-0.385,0.909,-0.16],12.5,"Running",1,[683,384],[[],[]]],[[761.758,224.912,43.69,-0.923,0,0.385,0,1,0,-0.385,0,-0.923],[],1.09,8,[-14.794,0.005,-6.093],[0,0,0],[761.022,238.722,41,-0.917,-0.394,0.069,0,0.174,0.985,-0.4,0.903,-0.159],12.5,"Running",1,[683,384],[[],[]]],[[761.512,224.912,43.587,-0.917,0,0.4,0,1,0,-0.4,0,-0.917],[],1.09,8,[-14.764,0.004,-6.165],[0,0,0],[760.802,238.722,40.891,-0.913,-0.402,0.071,0,0.174,0.985,-0.409,0.899,-0.158],12.5,"Running",1,[683,384],[[],[]]],[[761.268,224.912,43.481,-0.913,0,0.409,0,1,0,-0.409,0,-0.913],[],1.09,8,[-14.667,0.002,-6.393],[0,0,0],[760.574,238.722,40.78,-0.91,-0.408,0.072,0,0.174,0.985,-0.414,0.896,-0.158],12.5,"Running",1,[683,384],[[],[]]],[[761.024,224.912,43.372,-0.91,0,0.414,0,1,0,-0.414,0,-0.91],[["walk",0.1]],1.09,8,[-14.605,0.001,-6.533],[0,0,0],[760.343,238.722,40.669,-0.908,-0.412,0.073,0,0.174,0.985,-0.419,0.894,-0.158],12.5,"Running",1,[683,384],[[],[]]],[[760.781,224.912,43.262,-0.908,0,0.419,0,1,0,-0.419,0,-0.908],[],1.09,8,[-14.563,0,-6.626],[0,0,0],[760.1,238.722,40.558,-0.908,-0.412,0.073,0,0.174,0.985,-0.419,0.894,-0.158],12.5,"Running",1,[683,384],[[],[]]],[[760.539,224.912,43.151,-0.908,0,0.419,0,1,0,-0.419,0,-0.908],[],1.09,8,[-14.532,0,-6.695],[0,0,0],[759.862,238.722,40.446,-0.908,-0.414,0.073,0,0.174,0.985,-0.42,0.894,-0.158],12.5,"Running",1,[683,384],[[],[]]],[[760.236,224.912,43.011,-0.908,0,0.42,0,1,0,-0.42,0,-0.908],[],1.09,8,[-14.531,0,-6.696],[0,0,0],[759.521,238.722,40.316,-0.913,-0.401,0.071,0,0.174,0.985,-0.407,0.9,-0.159],12.5,"Running",1,[683,384],[[],[]]],[[759.994,224.878,42.9,-0.913,0,0.407,0,1,0,-0.407,0,-0.913],[],1.09,8,[-14.531,-3.27,-6.696],[0,0,0],[759.187,238.688,40.231,-0.927,-0.37,0.065,0,0.174,0.985,-0.375,0.913,-0.161],12.5,"Running",1,[683,384],[[],[]]],[[759.752,224.79,42.788,-0.927,0,0.375,0,1,0,-0.375,0,-0.927],[],1.09,8,[-14.531,-6.54,-6.696],[0,0,0],[758.811,238.6,40.163,-0.945,-0.323,0.057,0,0.174,0.985,-0.328,0.93,-0.164],12.5,"Running",1,[683,384],[[],[]]],[[759.51,224.647,42.676,-0.945,0,0.328,0,1,0,-0.328,0,-0.945],[],1.09,8,[-14.531,-9.81,-6.696],[0,0,0],[758.418,238.457,40.111,-0.962,-0.269,0.047,0,0.174,0.985,-0.273,0.947,-0.167],12.5,"Running",1,[683,384],[[],[]]],[[759.268,224.449,42.565,-0.962,0,0.273,0,1,0,-0.273,0,-0.962],[["walk",0.1]],1.09,8,[-14.531,-13.08,-6.696],[0,0,0],[757.894,238.259,40.139,-0.987,-0.16,0.028,0,0.174,0.985,-0.162,0.972,-0.171],12.5,"Running",1,[683,384],[["Space"],[]]],[[758.783,226.125,42.342,-0.987,0,0.162,0,1,0,-0.162,0,-0.987],[["walk",0.1],["jump",0.1]],1,3,[-14.531,47.431,-6.696],[0,0,0],[757.274,239.936,39.997,-0.994,-0.105,0.018,0,0.174,0.985,-0.106,0.979,-0.173],12.5,"Jumping",1,[683,384],[[],[]]],[[758.66,226.51,42.293,-0.99,0,0.142,0,1,0,-0.142,0,-0.99],[["jump",0.1]],1,5,[-14.882,45.796,-5.547],[0,-5.277,0],[757,240.321,40.053,-0.999,-0.04,0.007,0,0.174,0.985,-0.041,0.984,-0.174],12.5,"FreeFall",1,[683,384],[[],[]]],[[758.405,227.24,42.225,-0.987,0,0.159,0,1,0,-0.159,0,-0.987],[],1,5,[-15.498,42.526,-3.24],[0,-7.682,0],[756.665,241.05,40.046,-1,-0.005,0.001,0,0.174,0.985,-0.005,0.985,-0.174],12.5,"FreeFall",1,[683,384],[[],[]]],[[758.275,227.584,42.205,-0.998,0,0.07,0,1,0,-0.07,0,-0.998],[],1,5,[-15.719,40.891,-2.068],[0,-7.889,0],[756.369,241.394,40.169,-0.997,0.073,-0.013,0,0.174,0.985,0.074,0.982,-0.173],12.5,"FreeFall",1,[683,384],[[],[]]],[[758.01,228.231,42.193,-0.998,0,0.059,0,1,0,-0.059,0,-0.998],[],1,5,[-15.984,37.621,-0.174],[0,-7.984,0],[755.93,242.041,40.336,-0.987,0.16,-0.028,0,0.174,0.985,0.163,0.972,-0.171],12.5,"FreeFall",1,[683,384],[[],[]]],[[757.744,228.824,42.208,-1,0,-0.03,0,1,0,0.03,0,-1],[],1,5,[-15.957,34.351,1.157],[0,-7.994,0],[755.504,242.634,40.548,-0.968,0.248,-0.044,0,0.174,0.985,0.252,0.953,-0.168],12.5,"FreeFall",1,[683,384],[[],[]]],[[757.48,229.363,42.246,-0.993,0,-0.121,0,1,0,0.121,0,-0.993],[],1,5,[-15.79,31.081,2.574],[0,-7.996,0],[755.087,243.173,40.815,-0.938,0.341,-0.06,0,0.174,0.985,0.346,0.924,-0.163],12.5,"FreeFall",1,[683,384],[[],[]]],[[757.221,229.847,42.307,-0.976,0,-0.219,0,1,0,0.219,0,-0.976],[],1,5,[-15.491,27.811,3.998],[0,-7.996,0],[754.698,243.657,41.12,-0.899,0.431,-0.076,0,0.174,0.985,0.437,0.886,-0.156],12.5,"FreeFall",1,[683,384],[[],[]]],[[756.969,230.276,42.393,-0.949,0,-0.314,0,1,0,0.314,0,-0.949],[],1,5,[-15.024,24.541,5.496],[0,-7.996,0],[754.338,244.086,41.469,-0.85,0.519,-0.091,0,0.174,0.985,0.527,0.837,-0.148],12.5,"FreeFall",1,[683,384],[[],[]]],[[756.726,230.651,42.503,-0.913,0,-0.409,0,1,0,0.409,0,-0.913],[],1,5,[-14.408,21.271,6.952],[0,-7.996,0],[754.013,244.461,41.861,-0.79,0.604,-0.106,0,0.174,0.985,0.613,0.778,-0.137],12.5,"FreeFall",1,[683,384],[[],[]]],[[756.496,230.972,42.637,-0.865,0,-0.503,0,1,0,0.503,0,-0.865],[],1,5,[-13.628,18.001,8.377],[0,-7.996,0],[753.717,244.782,42.405,-0.69,0.713,-0.126,0,0.174,0.985,0.724,0.68,-0.12],12.5,"FreeFall",1,[683,384],[[],[]]],[[756.281,231.237,42.794,-0.78,0,-0.626,0,1,0,0.626,0,-0.78],[],1,5,[-12.676,14.731,9.756],[0,-7.996,0],[753.494,245.048,42.689,-0.656,0.743,-0.131,0,0.174,0.985,0.754,0.647,-0.114],12.5,"FreeFall",1,[683,384],[[],[]]],[[756.085,231.449,42.974,-0.751,0,-0.66,0,1,0,0.66,0,-0.751],[],1,5,[-11.201,11.461,11.402],[0,-7.996,0],[753.308,245.259,43.224,-0.555,0.819,-0.144,0,0.174,0.985,0.832,0.547,-0.096],12.5,"FreeFall",1,[683,384],[[],[]]],[[755.909,231.606,43.174,-0.661,0,-0.75,0,1,0,0.75,0,-0.661],[],1,5,[-10.507,8.191,12.066],[0,-7.996,0],[753.158,245.416,43.632,-0.491,0.858,-0.151,0,0.174,0.985,0.871,0.484,-0.085],12.5,"FreeFall",1,[683,384],[[],[]]],[[755.752,231.708,43.389,-0.603,0,-0.798,0,1,0,0.798,0,-0.603],[],1,5,[-8.971,4.921,13.24],[0,-7.996,0],[753.04,245.518,44.04,-0.428,0.89,-0.157,0,0.174,0.985,0.904,0.422,-0.074],12.5,"FreeFall",1,[683,384],[[],[]]],[[755.551,231.76,43.735,-0.599,0,-0.8,0,1,0,0.8,0,-0.599],[],1,5,[-7.852,0.016,13.943],[0,-7.996,0],[752.89,245.57,44.568,-0.367,0.916,-0.162,0,0.174,0.985,0.93,0.361,-0.064],12.5,"FreeFall",1,[683,384],[[],[]]],[[755.491,231.75,43.854,-0.428,0,-0.904,0,1,0,0.904,0,-0.428],[],1,5,[-7.022,-1.619,14.371],[0,-7.996,0],[752.89,245.56,44.856,-0.306,0.938,-0.165,0,0.174,0.985,0.952,0.301,-0.053],12.5,"FreeFall",1,[683,384],[[],[]]],[[755.39,231.689,44.1,-0.43,0,-0.903,0,1,0,0.903,0,-0.43],[],1,5,[-5.883,-4.889,14.879],[0,-7.996,0],[752.854,245.499,45.26,-0.247,0.954,-0.168,0,0.174,0.985,0.969,0.243,-0.043],12.5,"FreeFall",1,[683,384],[["W"],[]]],[[755.317,231.573,44.347,-0.36,0,-0.933,0,1,0,0.933,0,-0.36],[],1,5,[-3.505,-8.159,14.764],[0,-6.912,0],[752.849,245.383,45.644,-0.193,0.966,-0.17,0,0.174,0.985,0.981,0.19,-0.034],12.5,"FreeFall",1,[683,384],[[],[]]],[[755.283,231.403,44.591,-0.303,0,-0.953,0,1,0,0.953,0,-0.303],[],1,5,[-1.132,-11.429,14.561],[0,-6.742,0],[752.874,245.213,45.996,-0.15,0.974,-0.172,0,0.174,0.985,0.989,0.148,-0.026],12.5,"FreeFall",1,[683,384],[[],["Space"]]],[[755.289,231.179,44.831,-0.259,0,-0.966,0,1,0,0.966,0,-0.259],[["fall",0.3]],1,5,[1.232,-14.699,14.264],[0,-6.644,0],[752.93,244.989,46.317,-0.116,0.978,-0.172,0,0.174,0.985,0.993,0.114,-0.02],12.5,"FreeFall",1,[683,384],[[],[]]],[[755.334,230.899,45.064,-0.224,0,-0.975,0,1,0,0.975,0,-0.224],[],1,5,[3.583,-17.969,13.873],[0,-6.566,0],[753.02,244.71,46.621,-0.086,0.981,-0.173,0,0.174,0.985,0.996,0.085,-0.015],12.5,"FreeFall",1,[683,384],[[],[]]],[[755.418,230.566,45.29,-0.194,0,-0.981,0,1,0,0.981,0,-0.194],[],1,5,[5.916,-21.239,13.388],[0,-6.524,0],[753.16,244.376,46.926,-0.052,0.983,-0.173,0,0.174,0.985,0.999,0.051,-0.009],12.5,"FreeFall",1,[683,384],[[],[]]],[[755.54,230.178,45.507,-0.16,0,-0.987,0,1,0,0.987,0,-0.16],[],1,5,[8.223,-24.509,12.79],[0,-6.553,0],[753.295,243.988,47.161,-0.044,0.984,-0.173,0,0.174,0.985,0.999,0.043,-0.008],12.5,"FreeFall",1,[683,384],[[],[]]],[[755.7,229.735,45.712,-0.15,0,-0.989,0,1,0,0.989,0,-0.15],[],1,5,[10.418,-27.779,11.997],[0,-6.367,0],[753.479,243.545,47.397,-0.03,0.984,-0.174,0,0.174,0.985,1,0.029,-0.005],12.5,"FreeFall",1,[683,384],[[],[]]],[[755.88,229.238,45.909,-0.136,0,-0.991,0,1,0,0.991,0,-0.136],[],1,5,[10.811,-31.049,11.804],[0,-6.39,0],[753.682,243.048,47.625,-0.016,0.985,-0.174,0,0.174,0.985,1,0.015,-0.003],12.5,"FreeFall",1,[683,384],[[],[]]],[[756.062,228.687,46.104,-0.122,0,-0.993,0,1,0,0.993,0,-0.122],[],1,5,[10.982,-34.319,11.649],[0,-6.393,0],[753.889,242.497,47.851,-0.001,0.985,-0.174,0,0.174,0.985,1,0.001,0],12.5,"FreeFall",1,[683,384],[[],[]]],[[756.248,228.081,46.296,-0.108,0,-0.994,0,1,0,0.994,0,-0.108],[["fall",0.3]],1,5,[11.145,-37.589,11.493],[0,-6.393,0],[754.108,241.891,48.083,0.017,0.985,-0.174,0,0.174,0.985,1,-0.017,0.003],12.5,"FreeFall",1,[683,384],[[],[]]],[[756.328,228.141,46.442,0,0.032,-0.999,-0.006,0.999,0.032,1,0.006,0],[["walk",0.1],["fall",0.3],["climb",0.1]],-3.132,12,[-1.29,9.768,6.382],[0.431,0.646,-2.435],[754.273,241.95,48.282,0.038,0.984,-0.174,0,0.174,0.985,0.999,-0.037,0.007],12.5,"Climbing",1,[683,384],[[],[]]],[[756.298,228.324,46.523,0.041,0.019,-0.999,-0.004,1,0.019,0.999,0.003,0.041],[["climb",0.1],["climb",0]],0.814,12,[-1.67,11.174,3.944],[-0.208,0.077,1.53],[754.259,242.134,48.397,0.057,0.983,-0.173,0,0.174,0.985,0.998,-0.056,0.01],12.5,"Climbing",1,[683,384],[[],[]]],[[756.281,228.557,46.571,0.057,0,-0.998,0,1,0,0.998,0,0.057],[["climb",0.1]],0.931,12,[-0.306,11.199,1.204],[-0.057,0.006,0.437],[754.245,242.367,48.476,0.074,0.982,-0.173,0,0.174,0.985,0.997,-0.073,0.013],12.5,"Climbing",1,[683,384],[[],[]]],[[756.28,228.697,46.575,0.074,-0.002,-0.997,0,1,-0.002,0.997,0,0.074],[],0.931,12,[0.027,11.2,0.095],[0,0.001,0.001],[754.269,242.507,48.509,0.088,0.981,-0.173,0,0.174,0.985,0.996,-0.087,0.015],12.5,"Climbing",1,[683,384],[[],[]]],[[756.281,228.884,46.575,0.088,-0.001,-0.996,0,1,-0.001,0.996,0,0.088],[["climb",0]],0.931,12,[0.001,11.2,0.002],[0.009,0,-0.079],[754.296,242.694,48.534,0.101,0.98,-0.173,0,0.174,0.985,0.995,-0.099,0.017],12.5,"Climbing",1,[683,384],[[],[]]],[[756.28,229.071,46.575,0.101,0,-0.995,0,1,0,0.995,0,0.101],[],0.931,12,[-0.006,11.2,-0.001],[0.002,0,-0.021],[754.312,242.881,48.55,0.108,0.979,-0.173,0,0.174,0.985,0.994,-0.107,0.019],12.5,"Climbing",1,[683,384],[[],[]]],[[756.28,229.257,46.575,0.108,0,-0.994,0,1,0,0.994,0,0.108],[],0.931,12,[-0.002,11.2,0],[-0.001,0,0.004],[754.328,243.067,48.565,0.116,0.978,-0.172,0,0.174,0.985,0.993,-0.114,0.02],12.5,"Climbing",1,[683,384],[[],[]]],[[756.3,229.41,46.591,0.116,0,-0.993,0,1,0,0.993,0,0.116],[["climb",0.1],["idle",0.1],["idle",0.1]],1,8,[1.856,7.93,1.493],[0,0,0.003],[754.353,243.22,48.587,0.119,0.978,-0.172,0,0.174,0.985,0.993,-0.117,0.021],12.5,"Standing",1,[683,384],[[],[]]],[[756.35,229.508,46.631,0.047,0,-0.999,0,1,0,0.999,0,0.047],[["walk",0.1],["fall",0.3]],1,5,[3.74,4.66,2.968],[0,-5.576,0],[754.407,243.318,48.63,0.121,0.978,-0.172,0,0.174,0.985,0.993,-0.119,0.021],12.5,"FreeFall",1,[683,384],[[],[]]],[[756.432,229.551,46.696,0.02,0,-1,0,1,0,1,0,0.02],[],1,5,[5.619,1.39,4.436],[0,-6.21,0],[754.489,243.362,48.695,0.121,0.978,-0.172,0,0.174,0.985,0.993,-0.119,0.021],12.5,"FreeFall",1,[683,384],[[],[]]],[[756.546,229.541,46.785,0.017,0,-1,0,1,0,1,0,0.017],[],1,5,[7.502,-1.88,5.898],[0,-6.272,0],[754.602,243.351,48.784,0.121,0.978,-0.172,0,0.174,0.985,0.993,-0.119,0.021],12.5,"FreeFall",1,[683,384],[[],[]]],[[756.618,229.849,46.842,0.093,0,-0.996,0,1,0,0.996,0,0.093],[["walk",0.1],["fall",0.3],["fall",0.3]],1,7,[3.883,21.945,3.043],[0,-0.356,0],[754.675,243.659,48.841,0.121,0.978,-0.172,0,0.174,0.985,0.993,-0.119,0.021],12.5,"FreeFall",1,[683,384],[[],[]]],[[756.58,230.229,46.891,0.078,0,-0.997,-0.004,1,-0.001,0.997,0.004,0.078],[["fall",0.3]],1,7,[3.243,21.07,2.909],[0.094,-1.399,-0.019],[754.633,244.039,48.893,0.119,0.978,-0.172,0,0.174,0.985,0.993,-0.117,0.021],12.5,"FreeFall",1,[683,384],[[],["D"]]],[[756.532,230.476,46.888,0.062,0,-0.998,-0.005,1,-0.001,0.998,0.005,0.062],[["walk",0.1],["fall",0.3],["walk",0.1]],0.3,8,[2.371,7.935,-0.501],[-0.037,-2.465,-0.01],[754.473,244.286,48.775,0.061,0.983,-0.173,0,0.174,0.985,0.998,-0.06,0.011],12.5,"Running",1,[683,384],[[],[]]],[[756.572,230.61,46.879,0.02,0,-1,-0.004,1,0,1,0.004,0.02],[["walk",0.1]],0.167,8,[2.411,14.923,-0.529],[-0.026,-2.448,-0.009],[754.41,244.42,48.646,0.005,0.985,-0.174,0,0.174,0.985,1,-0.005,0.001],12.5,"Running",1,[683,384],[[],["W"]]],[[756.573,230.774,46.877,0,0.003,-1,-0.001,1,0.003,1,0.001,0],[],0.167,8,[-0.337,12.181,-0.033],[-0.24,0.031,-0.153],[753.912,244.568,47.913,-0.285,0.943,-0.173,0,0.181,0.984,0.959,0.28,-0.052],12.5,"Running",1,[683,384],[[],[]]],[[756.343,230.972,46.877,-0.284,0,-0.959,0.001,1,-0.001,0.959,-0.001,-0.284],[["idle",0.1]],1,8,[-0.424,7.743,0.011],[-0.07,-0.516,0.003],[753.452,244.755,47.174,-0.517,0.841,-0.159,0,0.186,0.983,0.856,0.508,-0.096],12.5,"Standing",1,[683,384],[[],[]]],[[756.167,231.078,46.877,-0.524,-0.001,-0.852,0.001,1,-0.001,0.852,-0.001,-0.524],[],1,8,[-0.411,3.283,-0.014],[0.018,-0.688,0.005],[753.26,244.861,46.873,-0.603,0.784,-0.148,0,0.186,0.983,0.798,0.592,-0.112],12.5,"Standing",1,[683,384],[[],[]]],[[756.125,231.05,46.877,-0.604,-0.001,-0.797,0,1,-0.001,0.797,-0.001,-0.604],[],1,8,[-0.101,-4.809,0.002],[0.057,-0.202,0.001],[753.262,244.836,46.448,-0.716,0.686,-0.129,0,0.184,0.983,0.698,0.704,-0.132],12.5,"Standing",1,[683,384],[["S"],[]]],[[756.009,230.923,46.836,-0.72,0,-0.693,0,1,0,0.693,0,-0.72],[],1,8,[-3.743,-8.827,-2.831],[0.041,-0.552,-0.041],[753.11,244.706,46.624,-0.659,0.739,-0.14,0,0.186,0.983,0.752,0.647,-0.122],12.5,"Standing",1,[683,384],[["Space"],[]]],[[755.946,231.809,46.789,-0.666,0,-0.746,0,1,0.001,0.746,0.001,-0.666],[["walk",0.1],["jump",0.1]],1,3,[-3.743,53.153,-2.831],[0.041,-0.552,-0.041],[752.991,245.578,47.027,-0.524,0.836,-0.163,0,0.191,0.981,0.852,0.514,-0.1],12.5,"Jumping",1,[683,384],[[],[]]],[[755.841,232.865,46.704,-0.418,0,-0.909,0,1,0,0.909,0,-0.418],[["jump",0.1]],1,5,[-5.955,49.066,-4.882],[-0.015,7.42,0.019],[752.885,246.613,47.455,-0.355,0.916,-0.187,0,0.2,0.98,0.935,0.348,-0.071],12.5,"FreeFall",1,[683,384],[[],[]]],[[755.719,233.649,46.613,-0.23,0,-0.973,0,1,0,0.973,0,-0.23],[],1,5,[-8.123,45.796,-5.867],[-0.008,7.929,0.011],[752.815,247.382,47.728,-0.229,0.953,-0.2,0,0.206,0.979,0.973,0.224,-0.047],12.5,"FreeFall",1,[683,384],[[],[]]],[[755.602,234.201,46.54,-0.131,0,-0.991,0,1,0,0.991,0,-0.131],[],1,5,[-9.909,43.343,-5.816],[-0.004,7.983,0.004],[752.76,247.931,47.833,-0.167,0.965,-0.204,0,0.207,0.978,0.986,0.164,-0.035],12.5,"FreeFall",1,[683,384],[["W"],[]]],[[755.459,234.889,46.455,-0.126,0,-0.992,0,1,0,0.992,0,-0.126],[],1,5,[-7.839,40.073,-4.605],[-0.001,0.923,0],[752.756,248.643,47.815,-0.15,0.969,-0.195,0,0.197,0.98,0.989,0.147,-0.03],12.5,"FreeFall",1,[683,384],[[],[]]],[[755.35,235.523,46.391,-0.145,0,-0.989,0,1,0,0.989,0,-0.145],[],1,5,[-5.783,36.803,-3.398],[0,0.107,0],[752.806,249.312,47.746,-0.162,0.97,-0.181,0,0.183,0.983,0.987,0.16,-0.03],12.5,"FreeFall",1,[683,384],[[],[]]],[[755.275,236.103,46.347,-0.162,0,-0.987,0,1,0,0.987,0,-0.162],[],1,5,[-3.728,33.533,-2.19],[0,0.012,0],[752.798,249.91,47.653,-0.189,0.967,-0.172,0,0.175,0.985,0.982,0.186,-0.033],12.5,"FreeFall",1,[683,384],[[],[]]],[[755.234,236.627,46.323,-0.189,0,-0.982,0,1,0,0.982,0,-0.189],[],1,5,[-1.673,30.263,-0.983],[0,0.001,0],[752.734,250.437,47.558,-0.218,0.961,-0.169,0,0.174,0.985,0.976,0.215,-0.038],12.5,"FreeFall",1,[683,384],[[],["S"]]],[[755.23,237.098,46.312,-0.215,0,-0.977,0,1,0,0.977,0,-0.215],[],1,5,[0.649,26.993,-0.448],[0,0.211,0],[752.667,250.902,47.469,-0.245,0.954,-0.171,0,0.176,0.984,0.969,0.242,-0.043],12.5,"FreeFall",1,[683,384],[[],[]]],[[755.265,237.514,46.311,-0.242,0,-0.97,0,1,0,0.97,0,-0.242],[],1,5,[2.954,23.723,0.158],[0,0.224,0],[752.58,251.302,47.358,-0.277,0.945,-0.176,0,0.183,0.983,0.961,0.273,-0.051],12.5,"FreeFall",1,[683,384],[[],[]]],[[755.338,237.875,46.321,-0.273,0,-0.962,0,1,0,0.962,0,-0.273],[],1,5,[5.237,20.453,0.843],[0,0.259,0],[752.493,251.641,47.197,-0.324,0.928,-0.182,0,0.193,0.981,0.946,0.318,-0.062],12.5,"FreeFall",1,[683,384],[[],[]]],[[755.449,238.182,46.343,-0.318,0,-0.948,0,1,0,0.948,0,-0.318],[],1,5,[7.483,17.183,1.64],[0,0.374,0],[752.555,251.942,47.137,-0.347,0.92,-0.183,0,0.195,0.981,0.938,0.341,-0.068],12.5,"FreeFall",1,[683,384],[[],[]]],[[755.639,238.489,46.393,-0.343,0,-0.939,0,1,0,0.939,0,-0.343],[],1,5,[10.187,13.096,2.891],[0,0.213,0],[752.738,252.248,47.164,-0.355,0.917,-0.182,0,0.195,0.981,0.935,0.348,-0.069],12.5,"FreeFall",1,[683,384],[[],["Space"]]],[[755.83,238.673,46.453,-0.353,0,-0.936,0,1,0,0.936,0,-0.353],[],1,5,[12.272,9.826,4.046],[0,0.08,0],[752.93,252.433,47.225,-0.355,0.917,-0.182,0,0.195,0.981,0.935,0.348,-0.069],12.5,"FreeFall",1,[683,384],[[],[]]],[[755.996,238.775,46.512,-0.354,0,-0.935,0,1,0,0.935,0,-0.354],[],1,5,[13.8,7.373,4.973],[0,0.016,0],[753.08,252.532,47.268,-0.358,0.916,-0.183,0,0.196,0.981,0.934,0.351,-0.07],12.5,"FreeFall",1,[683,384],[[],[]]],[[756.241,238.864,46.604,-0.357,0,-0.934,0,1,0,0.934,0,-0.357],[],1,5,[14.925,4.103,5.656],[0,0.024,0],[753.325,252.621,47.36,-0.358,0.916,-0.183,0,0.196,0.981,0.934,0.351,-0.07],12.5,"FreeFall",1,[683,384],[[],[]]],[[756.285,238.92,46.725,-0.276,-0.001,-0.961,0,1,-0.001,0.961,0,-0.276],[],1,5,[-1.081,0.726,7.792],[-0.016,3.655,-0.001],[753.352,252.674,47.472,-0.359,0.915,-0.184,0,0.197,0.98,0.933,0.352,-0.071],12.5,"FreeFall",1,[683,384],[[],[]]],[[756.263,238.994,46.815,-0.326,0.032,-0.945,0.039,0.999,0.021,0.944,-0.03,-0.327],[["walk",0.1],["climb",0.1]],0.06,12,[-1.813,2.106,4.134],[-2.716,1.755,-3.246],[753.366,252.744,47.512,-0.359,0.915,-0.185,0,0.199,0.98,0.933,0.352,-0.071],12.5,"Climbing",1,[683,384],[[],[]]],[[756.226,239.159,46.877,-0.35,0.022,-0.936,0.026,1,0.014,0.936,-0.019,-0.351],[["climb",0.1]],0.175,12,[-2.013,11.03,3.202],[1.406,0.193,1.621],[753.302,252.906,47.594,-0.356,0.916,-0.187,0,0.2,0.98,0.934,0.349,-0.071],12.5,"Climbing",1,[683,384],[[],[]]],[[756.208,239.345,46.908,-0.355,0.002,-0.935,0.002,1,0.001,0.935,-0.002,-0.355],[["climb",0.1]],0.919,12,[-0.534,11.191,0.973],[0.681,0.016,0.799],[753.234,253.087,47.673,-0.346,0.919,-0.19,0,0.202,0.979,0.938,0.339,-0.07],12.5,"Climbing",1,[683,384],[[],[]]],[[756.207,239.532,46.91,-0.346,-0.002,-0.938,-0.002,1,-0.001,0.938,0.002,-0.346],[],0.919,12,[0.049,11.199,-0.029],[0.016,0.002,0.02],[753.244,253.274,47.741,-0.327,0.926,-0.191,0,0.202,0.979,0.945,0.32,-0.066],12.5,"Climbing",1,[683,384],[[],[]]],[[756.208,239.718,46.909,-0.327,-0.001,-0.945,-0.001,1,0,0.945,0.001,-0.327],[],0.919,12,[0.003,11.2,-0.002],[-0.076,0,-0.086],[753.243,253.454,47.813,-0.3,0.934,-0.195,0,0.205,0.979,0.954,0.294,-0.061],12.5,"Climbing",1,[683,384],[[],[]]],[[756.231,239.871,46.918,-0.3,0,-0.954,0,1,0,0.954,0,-0.3],[["climb",0.1],["idle",0.1],["idle",0.1]],1,8,[2.238,7.93,0.791],[-0.023,0,-0.024],[753.294,253.607,47.904,-0.273,0.942,-0.197,0,0.205,0.979,0.962,0.267,-0.056],12.5,"Standing",1,[683,384],[[],[]]],[[756.292,239.969,46.938,-0.275,0,-0.961,0,1,0,0.961,0,-0.275],[["walk",0.1],["fall",0.3]],1,5,[4.51,4.66,1.497],[0.002,-0.2,0.002],[753.427,253.711,48.05,-0.233,0.952,-0.197,0,0.202,0.979,0.972,0.228,-0.047],12.5,"FreeFall",1,[683,384],[[],[]]],[[756.391,240.013,46.969,-0.238,0,-0.971,0,1,0,0.971,0,-0.238],[],1,5,[6.814,1.39,2.105],[0.004,-0.312,0.004],[753.585,253.761,48.164,-0.207,0.959,-0.195,0,0.2,0.98,0.978,0.203,-0.041],12.5,"FreeFall",1,[683,384],[[],[]]],[[756.529,240.002,47.009,-0.211,0,-0.977,0,1,0,0.977,0,-0.211],[["fall",0.3]],1,5,[9.158,-1.88,2.541],[0.002,-0.225,0.001],[753.781,253.756,48.275,-0.184,0.964,-0.194,0,0.197,0.98,0.983,0.181,-0.036],12.5,"FreeFall",1,[683,384],[[],[]]],[[756.608,240.31,47.05,-0.081,-0.001,-0.997,0.003,1,-0.001,0.997,-0.004,-0.081],[["walk",0.1],["fall",0.3],["fall",0.3]],1,7,[4.825,20.799,2.237],[-0.836,8.533,0.03],[753.913,254.07,48.367,-0.166,0.967,-0.192,0,0.195,0.981,0.986,0.162,-0.032],12.5,"FreeFall",1,[683,384],[[],[]]],[[756.598,240.621,47.094,-0.042,-0.003,-0.999,0.014,1,-0.003,0.999,-0.015,-0.042],[],1,7,[6.99,16.106,2.737],[-0.501,7.326,-0.077],[753.952,254.386,48.445,-0.149,0.97,-0.191,0,0.193,0.981,0.989,0.146,-0.029],12.5,"FreeFall",1,[683,384],[[],[]]],[[756.606,240.857,47.15,0.013,-0.004,-1,0.015,1,-0.004,1,-0.015,0.013],[["walk",0.1],["fall",0.3],["walk",0.1]],0.518,8,[7.294,8.736,2.668],[0.07,7.46,-0.045],[754,254.628,48.53,-0.139,0.972,-0.188,0,0.19,0.982,0.99,0.137,-0.026],12.5,"Running",1,[683,384],[[],[]]],[[756.544,241.145,47.185,-0.037,-0.003,-0.999,0.014,1,-0.003,0.999,-0.014,-0.037],[],0.518,8,[7.076,21.768,2.479],[0.033,7.455,-0.028],[753.979,254.923,48.586,-0.133,0.973,-0.186,0,0.188,0.982,0.991,0.131,-0.025],12.5,"Running",1,[683,384],[[],[]]],[[756.579,241.45,47.223,-0.001,0,-1,0.014,1,0,1,-0.014,-0.001],[],0.518,8,[7.601,15.664,2.245],[0.03,7.732,-0.11],[754.25,255.227,46.891,-0.133,0.973,-0.186,0,0.188,0.982,0.991,0.131,-0.025],12.5,"Running",0,[683,384],[["LeftShift","b2"],[]]],[[756.561,241.71,47.264,-0.017,-0.001,-1,0.002,1,-0.001,1,-0.002,-0.017],[["walk",0.1],["walk",0.1]],0.547,8,[1.643,15.77,2.023],[0.069,1.662,-0.004],[754.232,255.488,46.949,-0.133,0.973,-0.186,0,0.188,0.982,0.991,0.131,-0.025],12.5,"Running",0,[683,384],[[],["W"]]],[[756.563,241.928,47.269,-0.012,-0.003,-1,0,1,-0.003,1,0,-0.012],[["walk",0.1]],0.18,8,[0.011,11.079,0.031],[0.078,0.067,0.039],[754.306,255.719,46.949,-0.141,0.974,-0.18,0,0.182,0.983,0.99,0.138,-0.026],12.5,"Running",0,[683,384],[[],[]]],[[756.562,242.086,47.269,-0.013,-0.002,-1,0,1,-0.002,1,0,-0.013],[["idle",0.1]],1,8,[-0.047,5.598,-0.005],[-0.001,-0.078,-0.062],[754.353,255.883,46.853,-0.186,0.967,-0.176,0,0.18,0.984,0.983,0.183,-0.033],12.5,"Standing",0,[683,384],[[],[]]],[[756.562,242.15,47.269,-0.014,-0.001,-1,0,1,-0.001,1,0,-0.014],[],1,8,[-0.033,2.988,0],[-0.009,-0.057,-0.045],[754.431,255.95,46.604,-0.298,0.939,-0.17,0,0.178,0.984,0.954,0.294,-0.053],12.5,"Standing",0,[683,384],[[],[]]],[[756.561,242.176,47.269,-0.014,-0.001,-1,0,1,-0.001,1,0,-0.014],[],1,8,[-0.022,1.693,0.001],[-0.006,-0.039,-0.031],[754.487,255.976,46.449,-0.368,0.915,-0.166,0,0.178,0.984,0.93,0.362,-0.066],12.5,"Standing",0,[683,384],[[],[]]],[[756.561,242.192,47.269,-0.015,0,-1,0,1,0,1,0,-0.015],[],1,8,[-0.003,0.6,0],[-0.003,-0.005,-0.03],[754.953,256.003,45.811,-0.672,0.73,-0.129,0,0.174,0.985,0.741,0.662,-0.117],12.5,"Standing",0,[683,384],[[],["LeftShift"]]],[[756.561,242.196,47.269,-0.015,0,-1,0,1,0,1,0,-0.015],[],1,8,[-0.002,0.056,0],[0,-0.001,-0.004],[755.401,256.006,45.435,-0.845,0.527,-0.093,0,0.174,0.985,0.535,0.832,-0.147],12.5,"Standing",0,[683,384],[[],[]]],[[756.561,242.196,47.269,-0.015,0,-1,0,1,0,1,0,-0.015],[],1,8,[0,0.001,0],[0,0,0.002],[755.926,256.006,45.194,-0.956,0.288,-0.051,0,0.174,0.985,0.293,0.942,-0.166],12.5,"Standing",0,[683,384],[[],[]]],[[756.561,242.196,47.269,-0.015,0,-1,0,1,0,1,0,-0.015],[],1,8,[0,0,0],[0,0,0.001],[756.462,256.006,45.101,-0.999,0.045,-0.008,0,0.174,0.985,0.046,0.984,-0.173],12.5,"Standing",0,[683,384],[[],[]]],[[756.561,242.196,47.269,-0.015,0,-1,0,1,0,1,0,-0.015],[],1,8,[0,0,0],[0,0,0],[756.924,256.006,45.129,-0.986,-0.165,0.029,0,0.174,0.985,-0.167,0.971,-0.171],12.5,"Standing",0,[683,384],[[],[]]],[[756.561,242.196,47.269,-0.015,0,-1,0,1,0,1,0,-0.015],[],1,8,[0,0,0],[0,0,0],[756.943,250.064,46.188,-0.943,-0.327,0.059,0,0.177,0.984,-0.333,0.928,-0.167],12.5,"Standing",0,[683,384],[[],[]]],[[756.561,242.196,47.269,-0.015,0,-1,0,1,0,1,0,-0.015],[],1,8,[0,0,0],[0,0,0],[756.943,248.111,46.547,-0.884,-0.46,0.085,0,0.182,0.983,-0.468,0.869,-0.161],12.5,"Standing",0,[683,384],[[],[]]],[[756.561,242.196,47.269,-0.015,0,-1,0,1,0,1,0,-0.015],[],1,8,[0,0,0],[0,0,0],[756.947,247.207,46.73,-0.814,-0.571,0.108,0,0.186,0.983,-0.581,0.8,-0.151],12.5,"Standing",0,[683,384],[[],[]]],[[756.561,242.196,47.269,-0.015,0,-1,0,1,0,1,0,-0.01