{"Replay":[[[776.028,222.662,47.142,0,0,1,0,1,0,-1,0,0],[],1,8,[0,0,0],[0,0,0],[775.387,236.468,45.042,-0.956,0.288,-0.051,0,0.176,0.984,0.292,0.942,-0.168],12.5,"Standing",0,[683,357.5],[[],[]]],[[776.028,222.662,47.142,0,0,1,0,1,0,-1,0,0],[],1,8,[0,0.009,0],[0,0,0],[775.387,236.468,45.042,-0.956,0.288,-0.051,0,0.176,0.984,0.292,0.942,-0.168],12.5,"Standing",0,[683,357.5],[[],[]]],[[776.028,222.662,47.142,0,0,1,0,1,0,-1,0,0],[],1,8,[0,0.006,0],[0,0,0],[775.387,236.468,45.042,-0.956,0.288,-0.051,0,0.176,0.984,0.292,0.942,-0.168],12.5,"Standing",0,[683,357.5],[[],[]]],[[776.028,222.662,47.142,0,0,1,0,1,0,-1,0,0],[],1,8,[0,0.002,0],[0,0,0],[775.387,236.468,45.042,-0.956,0.288,-0.051,0,0.176,0.984,0.292,0.942,-0.168],12.5,"Standing",0,[683,357.5],[[],[]]],[[776.028,222.662,47.142,0,0,1,0,1,0,-1,0,0],[],1,8,[0,0,0],[0,0,0],[775.387,236.468,45.042,-0.956,0.288,-0.051,0,0.176,0.984,0.292,0.942,-0.168],12.5,"Standing",0,[683,357.5],[[],[]]],[[776.028,222.662,47.142,0,0,1,0,1,0,-1,0,0],[],1,8,[0,0,0],[0,0,0],[775.387,236.468,45.042,-0.956,0.288,-0.051,0,0.176,0.984,0.292,0.942,-0.168],12.5,"Standing",0,[683,357.5],[[],[]]],[[776.028,222.662,47.142,0,0,1,0,1,0,-1,0,0],[],1,8,[0,0,0],[0,0,0],[775.387,236.468,45.042,-0.956,0.288,-0.051,0,0.176,0.984,0.292,0.942,-0.168],12.5,"Standing",0,[683,357.5],[[],[]]],[[776.028,222.662,47.142,0,0,1,0,1,0,-1,0,0],[],1,8,[0,0,0],[0,0,0],[775.387,236.468,45.042,-0.956,0.288,-0.051,0,0.176,0.984,0.292,0.942,-0.168],12.5,"Standing",0,[683,357.5],[[],["E"]]],[[776.028,222.662,47.142,0,0,1,0,1,0,-1,0,0],[],1,8,[0,0,0],[0,0,0],[775.387,236.468,45.042,-0.956,0.288,-0.051,0,0.176,0.984,0.292,0.942,-0.168],12.5,"Standing",0,[683,357.5],[[],[]]],[[776.028,222.662,47.142,0,0,1,0,1,0,-1,0,0],[],1,8,[0,0,0],[0,0,0],[775.387,236.468,45.042,-0.956,0.288,-0.051,0,0.176,0.984,0.292,0.942,-0.168],12.5,"Standing",0,[683,357.5],[[],[]]],[[776.028,222.662,47.142,0,0,1,0,1,0,-1,0,0],[],1,8,[0,0,0],[0,0,0],[775.387,236.468,45.042,-0.956,0.288,-0.051,0,0.176,0.984,0.292,0.942,-0.168],12.5,"Standing",0,[683,357.5],[[],[]]],[[776.028,222.662,47.142,0,0,1,0,1,0,-1,0,0],[],1,8,[0,0,0],[0,0,0],[775.387,236.468,45.042,-0.956,0.288,-0.051,0,0.176,0.984,0.292,0.942,-0.168],12.5,"Standing",0,[683,357],[[],[]]],[[776.028,222.662,47.142,0,0,1,0,1,0,-1,0,0],[],1,8,[0,0,0],[0,0,0],[775.387,236.468,45.042,-0.956,0.288,-0.051,0,0.176,0.984,0.292,0.942,-0.168],12.5,"Standing",0,[680,357],[["D"],[]]],[[775.848,222.662,47.197,-0.036,0,0.999,0,1,0,-0.999,0,-0.036],[],1,8,[-13.912,0,4.248],[0,2.304,0],[775.188,236.472,45.129,-0.953,0.299,-0.053,0,0.174,0.985,0.304,0.938,-0.165],12.5,"Standing",0,[680,357],[["b2"],[]]],[[775.594,222.662,47.274,-0.071,0,0.997,0,1,0,-0.997,0,-0.071],[["walk",0.1]],1.003,8,[-15.275,0,4.665],[0,2.091,0],[773.248,236.472,45.768,-0.949,0.311,-0.055,0,0.174,0.985,0.316,0.934,-0.165],12.5,"Running",1,[680,357],[["LeftShift"],[]]],[[775.34,222.662,47.355,-0.907,0,-0.421,0,1,0,0.421,0,-0.907],[["walk",0.1]],1.101,8,[-15.243,0,4.861],[0,7.139,0],[772.994,236.472,45.849,-0.949,0.311,-0.055,0,0.174,0.985,0.316,0.934,-0.165],12.5,"Running",1,[683,357.5],[[],[]]],[[775.087,222.662,47.439,-0.947,0,-0.32,0,1,0,0.32,0,-0.947],[["walk",0.1]],1.101,8,[-15.181,0,5.052],[0,-0.242,0],[772.708,236.472,45.985,-0.942,0.332,-0.058,0,0.174,0.985,0.337,0.927,-0.164],12.5,"Running",1,[683,357.5],[[],[]]],[[774.834,222.662,47.523,-0.942,0,-0.336,0,1,0,0.336,0,-0.942],[],1.101,8,[-15.18,0,5.056],[0,-0.007,0],[772.417,236.472,46.133,-0.932,0.356,-0.063,0,0.174,0.985,0.362,0.918,-0.162],12.5,"Running",1,[683,357.5],[[],[]]],[[774.583,222.662,47.613,-0.932,0,-0.362,0,1,0,0.362,0,-0.932],[],1.101,8,[-15.068,0,5.382],[0,0,0],[772.128,236.472,46.291,-0.922,0.382,-0.067,0,0.174,0.985,0.388,0.908,-0.16],12.5,"Running",1,[683,357.5],[[],[]]],[[774.334,222.662,47.708,-0.922,0,-0.388,0,1,0,0.388,0,-0.922],[],1.101,8,[-14.919,0,5.781],[0,0,0],[771.843,236.472,46.457,-0.91,0.408,-0.072,0,0.174,0.985,0.414,0.896,-0.158],12.5,"Running",1,[683,357.5],[[],[]]],[[774.026,222.662,47.837,-0.91,0,-0.414,0,1,0,0.414,0,-0.91],[],1.101,8,[-14.748,0,6.205],[0,0,0],[771.504,236.472,46.648,-0.9,0.43,-0.076,0,0.174,0.985,0.437,0.886,-0.156],12.5,"Running",1,[683,357.5],[[],[]]],[[773.844,222.662,47.918,-0.9,0,-0.437,0,1,0,0.437,0,-0.9],[],1.101,8,[-14.575,0,6.601],[0,0,0],[771.293,236.472,46.794,-0.888,0.452,-0.08,0,0.174,0.985,0.459,0.875,-0.154],12.5,"Running",1,[683,357.5],[[],[]]],[[773.604,222.662,48.034,-0.888,0,-0.459,0,1,0,0.459,0,-0.888],[],1.101,8,[-14.398,0,6.979],[0,0,0],[771.032,236.472,46.957,-0.88,0.469,-0.083,0,0.174,0.985,0.476,0.866,-0.153],12.5,"Running",1,[683,357.5],[[],[]]],[[773.307,222.662,48.186,-0.88,0,-0.476,0,1,0,0.476,0,-0.88],[["walk",0.1]],1.101,8,[-14.215,0,7.343],[0,0,0],[770.719,236.472,47.15,-0.872,0.482,-0.085,0,0.174,0.985,0.49,0.859,-0.151],12.5,"Running",1,[683,357.5],[[],[]]],[[773.131,222.662,48.281,-0.872,0,-0.49,0,1,0,0.49,0,-0.872],[],1.101,8,[-14.08,0,7.599],[0,0,0],[770.529,236.472,47.277,-0.866,0.493,-0.087,0,0.174,0.985,0.5,0.853,-0.15],12.5,"Running",1,[683,357.5],[[],["LeftShift"]]],[[772.898,222.662,48.411,-0.866,0,-0.5,0,1,0,0.5,0,-0.866],[],1.101,8,[-13.954,0,7.828],[0,0,0],[770.29,236.472,47.423,-0.863,0.498,-0.088,0,0.174,0.985,0.506,0.849,-0.15],12.5,"Running",1,[683,357.5],[[],[]]],[[772.667,222.662,48.544,-0.863,0,-0.506,0,1,0,0.506,0,-0.863],[],1.101,8,[-13.854,0,8.004],[0,0,0],[770.059,236.472,47.556,-0.863,0.498,-0.088,0,0.174,0.985,0.506,0.849,-0.15],12.5,"Running",1,[683,357.5],[[],[]]],[[772.437,222.662,48.678,-0.863,0,-0.506,0,1,0,0.506,0,-0.863],[],1.101,8,[-13.803,0,8.092],[0,0,0],[769.829,236.472,47.691,-0.863,0.498,-0.088,0,0.174,0.985,0.506,0.849,-0.15],12.5,"Running",1,[683,357.5],[[],[]]],[[772.207,222.662,48.813,-0.863,0,-0.506,0,1,0,0.506,0,-0.863],[],1.101,8,[-13.802,0,8.094],[0,0,0],[769.599,236.472,47.826,-0.863,0.498,-0.088,0,0.174,0.985,0.506,0.849,-0.15],12.5,"Running",1,[683,357.5],[[],[]]],[[771.919,222.662,48.982,-0.863,0,-0.506,0,1,0,0.506,0,-0.863],[],1.101,8,[-13.802,0,8.094],[0,0,0],[769.312,236.472,47.995,-0.863,0.498,-0.088,0,0.174,0.985,0.506,0.849,-0.15],12.5,"Running",1,[683,357.5],[[],[]]],[[771.747,222.662,49.083,-0.863,0,-0.506,0,1,0,0.506,0,-0.863],[["walk",0.1]],1.101,8,[-13.802,0,8.094],[0,0,0],[769.144,236.472,48.084,-0.865,0.494,-0.087,0,0.174,0.985,0.502,0.852,-0.15],12.5,"Running",1,[683,357.5],[[],[]]],[[771.459,222.662,49.252,-0.865,0,-0.502,0,1,0,0.502,0,-0.865],[],1.101,8,[-13.802,0,8.094],[0,0,0],[768.872,236.472,48.211,-0.873,0.481,-0.085,0,0.174,0.985,0.488,0.859,-0.152],12.5,"Running",1,[683,357.5],[[],["b2"]]],[[771.229,222.662,49.386,-0.873,0,-0.488,0,1,0,0.488,0,-0.873],[],1.101,8,[-13.839,0,8.03],[0,0,0],[768.665,236.472,48.289,-0.883,0.462,-0.081,0,0.174,0.985,0.469,0.87,-0.153],12.5,"Running",1,[683,357.5],[[],[]]],[[771.054,222.662,49.484,-0.883,0,-0.469,0,1,0,0.469,0,-0.883],[],1.101,8,[-13.957,-0.001,7.822],[0,0,0],[768.511,236.47,48.314,-0.894,0.441,-0.078,0,0.175,0.985,0.448,0.88,-0.156],12.5,"Running",1,[683,357.5],[[],[]]],[[770.76,222.662,49.641,-0.894,0,-0.448,0,1,0,0.448,0,-0.894],[],1.101,8,[-14.131,-0.001,7.504],[0,0,0],[768.233,236.467,48.409,-0.902,0.424,-0.076,0,0.176,0.984,0.431,0.888,-0.159],12.5,"Running",1,[683,357.5],[[],[]]],[[770.522,222.662,49.761,-0.902,0,-0.431,0,1,0,0.431,0,-0.902],[],1.101,8,[-14.302,-0.001,7.173],[0,0,0],[768.002,236.464,48.488,-0.907,0.414,-0.075,0,0.177,0.984,0.421,0.893,-0.161],12.5,"Running",1,[683,357.5],[[],[]]],[[770.282,222.662,49.876,-0.907,0,-0.421,0,1,0,0.421,0,-0.907],[["walk",0.1]],1.101,8,[-14.435,0,6.901],[0,0,0],[767.77,236.464,48.588,-0.91,0.409,-0.074,0,0.177,0.984,0.415,0.895,-0.161],12.5,"Running",1,[683,357.5],[[],[]]],[[770.04,222.662,49.989,-0.91,0,-0.415,0,1,0,0.415,0,-0.91],[],1.101,8,[-14.511,0,6.74],[0,0,0],[767.528,236.464,48.701,-0.91,0.409,-0.074,0,0.177,0.984,0.415,0.895,-0.161],12.5,"Running",1,[683,357.5],[[],[]]],[[769.798,222.628,50.101,-0.91,0,-0.415,0,1,0,0.415,0,-0.91],[],1.101,8,[-14.513,-3.27,6.737],[0,0,0],[767.286,236.43,48.813,-0.91,0.409,-0.074,0,0.177,0.984,0.415,0.895,-0.161],12.5,"Running",1,[683,357.5],[[],[]]],[[769.556,222.54,50.213,-0.91,0,-0.415,0,1,0,0.415,0,-0.91],[],1.101,8,[-14.513,-6.54,6.737],[0,0,0],[767.046,236.342,48.921,-0.91,0.407,-0.073,0,0.177,0.984,0.414,0.896,-0.161],12.5,"Running",1,[683,357.5],[[],[]]],[[769.314,222.397,50.326,-0.91,0,-0.414,0,1,0,0.414,0,-0.91],[],1.101,8,[-14.513,-9.81,6.737],[0,0,0],[766.821,236.204,49.053,-0.912,0.405,-0.072,0,0.175,0.985,0.411,0.898,-0.159],12.5,"Running",1,[683,357.5],[["Space"],[]]],[[769.012,223.47,50.466,-0.912,0,-0.411,0,1,0,0.411,0,-0.912],[["walk",0.1],["jump",0.1]],1,3,[-14.513,49.883,6.737],[0,0,0],[766.526,237.28,49.203,-0.912,0.403,-0.071,0,0.174,0.985,0.41,0.898,-0.158],12.5,"Jumping",1,[683,357.5],[[],[]]],[[768.769,224.267,50.576,-0.946,0,-0.324,0,1,0,0.324,0,-0.946],[["jump",0.1]],1,5,[-14.584,46.613,6.58],[0,-7.071,0],[766.323,237.536,49.4,-0.912,0.403,-0.071,0,0.174,0.985,0.41,0.898,-0.158],12.5,"FreeFall",1,[683,357.5],[[],[]]],[[768.587,224.829,50.658,-0.947,0,-0.321,0,1,0,0.321,0,-0.947],[],1,5,[-14.595,44.161,6.556],[0,-7.813,0],[766.177,237.536,49.58,-0.911,0.406,-0.072,0,0.174,0.985,0.413,0.897,-0.158],12.5,"FreeFall",1,[683,357.5],[[],[]]],[[768.344,225.531,50.767,-0.957,0,-0.289,0,1,0,0.289,0,-0.957],[],1,5,[-14.596,40.891,6.554],[0,-7.975,0],[765.981,237.536,49.813,-0.909,0.41,-0.072,0,0.174,0.985,0.417,0.895,-0.158],12.5,"FreeFall",1,[683,357.5],[[],[]]],[[768.101,226.179,50.877,-0.956,0,-0.292,0,1,0,0.292,0,-0.956],[],1,5,[-14.576,37.621,6.599],[0,-7.993,0],[765.781,237.536,50.037,-0.907,0.415,-0.073,0,0.174,0.985,0.421,0.893,-0.158],12.5,"FreeFall",1,[683,357.5],[[],[]]],[[767.797,226.912,51.016,-0.964,0,-0.265,0,1,0,0.265,0,-0.964],[],1,5,[-14.544,33.533,6.668],[0,-7.996,0],[765.528,237.536,50.308,-0.904,0.42,-0.074,0,0.174,0.985,0.427,0.891,-0.157],12.5,"FreeFall",1,[683,357.5],[[],[]]],[[767.616,227.31,51.1,-0.942,0,-0.334,0,1,0,0.334,0,-0.942],[],1,5,[-14.514,31.081,6.733],[0,-7.996,0],[765.372,237.536,50.473,-0.901,0.427,-0.075,0,0.174,0.985,0.434,0.887,-0.156],12.5,"FreeFall",1,[683,357.5],[[],[]]],[[767.375,227.794,51.213,-0.951,0,-0.31,0,1,0,0.31,0,-0.951],[],1,5,[-14.471,27.811,6.826],[0,-7.996,0],[765.163,237.536,50.681,-0.898,0.434,-0.077,0,0.174,0.985,0.441,0.884,-0.156],12.5,"FreeFall",1,[683,357.5],[[],[]]],[[767.134,228.224,51.329,-0.948,0,-0.318,0,1,0,0.318,0,-0.948],[],1,5,[-14.417,24.541,6.939],[0,-7.996,0],[764.953,237.536,50.878,-0.895,0.44,-0.078,0,0.174,0.985,0.447,0.881,-0.155],12.5,"FreeFall",1,[683,357.5],[[],[]]],[[766.835,228.684,51.476,-0.956,0,-0.292,0,1,0,0.292,0,-0.956],[],1,5,[-14.361,20.453,7.053],[0,-7.996,0],[764.69,237.536,51.097,-0.895,0.44,-0.078,0,0.174,0.985,0.447,0.881,-0.155],12.5,"FreeFall",1,[683,357.5],[[],[]]],[[766.656,228.919,51.565,-0.935,0,-0.355,0,1,0,0.355,0,-0.935],[],1,5,[-14.319,18.001,7.139],[0,-7.996,0],[764.53,237.536,51.223,-0.895,0.44,-0.078,0,0.174,0.985,0.447,0.881,-0.155],12.5,"FreeFall",1,[683,357.5],[[],[]]],[[766.417,229.185,51.684,-0.946,0,-0.324,0,1,0,0.324,0,-0.946],[],1,5,[-14.317,14.731,7.144],[0,-7.996,0],[764.312,237.536,51.384,-0.895,0.44,-0.078,0,0.174,0.985,0.447,0.881,-0.155],12.5,"FreeFall",1,[683,357.5],[[],[]]],[[766.119,229.441,51.833,-0.956,0,-0.292,0,1,0,0.292,0,-0.956],[],1,5,[-14.317,10.643,7.144],[0,-7.996,0],[764.034,237.536,51.573,-0.895,0.44,-0.078,0,0.174,0.985,0.447,0.881,-0.155],12.5,"FreeFall",1,[683,357.5],[[],[]]],[[765.94,229.553,51.922,-0.935,0,-0.355,0,1,0,0.355,0,-0.935],[],1,5,[-14.317,8.191,7.144],[0,-7.996,0],[763.865,237.536,51.671,-0.897,0.436,-0.077,0,0.174,0.985,0.442,0.883,-0.156],12.5,"FreeFall",1,[683,357.5],[[],[]]],[[765.702,229.656,52.041,-0.948,0,-0.319,0,1,0,0.319,0,-0.948],[],1,5,[-14.317,4.921,7.144],[0,-7.996,0],[763.634,237.536,51.773,-0.902,0.424,-0.075,0,0.175,0.985,0.431,0.888,-0.158],12.5,"FreeFall",1,[683,357.5],[[],[]]],[[765.463,229.704,52.159,-0.952,0,-0.307,0,1,0,0.307,0,-0.952],[],1,5,[-14.349,1.651,7.078],[0,-7.996,0],[763.388,237.535,51.821,-0.911,0.406,-0.075,0,0.181,0.984,0.412,0.896,-0.165],12.5,"FreeFall",1,[683,357.5],[[],[]]],[[765.222,229.697,52.274,-0.958,0,-0.288,0,1,0,0.288,0,-0.958],[],1,5,[-14.436,-1.619,6.899],[0,-7.996,0],[763.14,237.535,51.829,-0.923,0.378,-0.072,0,0.188,0.982,0.385,0.906,-0.173],12.5,"FreeFall",1,[683,357.5],[[],[]]],[[764.919,229.612,52.413,-0.974,0,-0.227,0,1,0,0.227,0,-0.974],[],1,5,[-14.575,-5.707,6.602],[0,-7.996,0],[762.833,237.534,51.829,-0.937,0.343,-0.068,0,0.195,0.981,0.35,0.919,-0.183],12.5,"FreeFall",1,[683,357.5],[["W"],[]]],[[764.694,229.483,52.54,-0.97,0,-0.245,0,1,0,0.245,0,-0.97],[],1,5,[-12.86,-8.977,8.257],[0,-6.212,0],[762.607,237.533,51.807,-0.949,0.308,-0.064,0,0.202,0.979,0.314,0.93,-0.192],12.5,"FreeFall",1,[683,357.5],[[],[]]],[[764.497,229.3,52.695,-0.976,0,-0.217,0,1,0,0.217,0,-0.976],[],1,5,[-11.185,-12.247,9.953],[0,-6.005,0],[762.415,237.533,51.799,-0.96,0.272,-0.058,0,0.209,0.978,0.278,0.939,-0.201],12.5,"FreeFall",1,[683,357.5],[[],[]]],[[764.327,229.061,52.879,-0.983,0,-0.181,0,1,0,0.181,0,-0.983],[],1,5,[-9.57,-15.517,11.706],[0,-5.982,0],[762.257,237.532,51.801,-0.971,0.235,-0.052,0,0.216,0.976,0.241,0.948,-0.21],12.5,"FreeFall",1,[683,357.5],[[],[]]],[[764.183,228.769,53.094,-0.99,0,-0.143,0,1,0,0.143,0,-0.99],[["fall",0.3]],1,5,[-8.079,-18.787,13.564],[0,-5.968,0],[762.14,237.531,51.746,-0.982,0.185,-0.044,0,0.229,0.973,0.19,0.956,-0.225],12.5,"FreeFall",1,[683,357.5],[[],["Space"]]],[[764.046,228.422,53.322,-0.996,0,-0.093,0,1,0,0.093,0,-0.996],[],1,5,[-8.256,-22.057,13.7],[0,-5.877,0],[762.026,237.503,51.767,-0.988,0.153,-0.037,0,0.238,0.971,0.157,0.959,-0.235],12.5,"FreeFall",1,[683,357.5],[[],[]]],[[763.899,228.02,53.544,-0.998,0,-0.059,0,1,0,0.059,0,-0.998],[],1,5,[-8.945,-25.327,13.266],[0,-6,0],[761.904,237.529,51.764,-0.992,0.124,-0.031,0,0.245,0.97,0.128,0.962,-0.243],12.5,"FreeFall",1,[683,357.5],[[],[]]],[[763.738,227.691,53.665,-0.997,-0.002,-0.073,-0.002,1,0.001,0.073,0.001,-0.997],[],1,5,[-13.799,-26.853,8.835],[0.12,-4.245,0.106],[761.783,237.5,51.7,-0.995,0.095,-0.025,0,0.25,0.968,0.098,0.963,-0.249],12.5,"FreeFall",1,[683,357.5],[[],["D"]]],[[763.485,227.08,53.864,-0.997,-0.001,-0.079,-0.001,1,0.001,0.079,0.001,-0.997],[],1,5,[-11.029,-30.94,10.003],[-0.046,-0.064,-0.057],[761.57,237.506,51.641,-0.997,0.069,-0.018,0,0.255,0.967,0.072,0.964,-0.254],12.5,"FreeFall",1,[683,357.5],[[],[]]],[[763.361,226.673,53.995,-0.997,0,-0.073,0,1,0,0.073,0,-0.997],[],1,5,[-9.415,-33.393,10.764],[-0.033,0.159,-0.039],[761.491,237.528,51.566,-0.999,0.046,-0.013,0,0.26,0.966,0.048,0.965,-0.26],12.5,"FreeFall",1,[683,357.5],[[],[]]],[[763.183,225.927,54.223,-0.999,-0.002,-0.054,-0.002,1,-0.003,0.054,-0.003,-0.999],[],1,5,[-10.126,-37.254,9.403],[-0.668,0.65,0.428],[761.339,236.934,51.676,-0.999,0.034,-0.009,0,0.264,0.964,0.036,0.964,-0.264],12.5,"FreeFall",1,[683,357.5],[[],[]]],[[763.042,225.441,54.323,-0.999,-0.003,-0.039,-0.003,1,-0.005,0.039,-0.004,-0.999],[["fall",0.3]],1,5,[-10.569,-39.706,8.045],[0.034,0.209,-0.023],[761.192,236.877,51.655,-0.999,0.034,-0.009,0,0.264,0.964,0.036,0.964,-0.264],12.5,"FreeFall",1,[683,357.5],[[],[]]],[[762.886,224.745,54.472,-0.999,-0.001,-0.037,-0.001,1,-0.002,0.037,-0.002,-0.999],[],1,5,[-8.607,-42.976,9.465],[0.149,0.024,-0.095],[761.034,236.632,51.684,-0.999,0.034,-0.009,0,0.264,0.964,0.036,0.964,-0.264],12.5,"FreeFall",1,[683,357.5],[[],[]]],[[762.759,224.799,54.611,-0.999,0,-0.036,0,1,0,0.036,0,-0.999],[["walk",0.1],["fall",0.3],["climb",0.1]],-3.581,12,[-7.017,10.129,7.68],[0.075,0.003,-0.048],[760.905,237.111,51.71,-0.999,0.034,-0.009,0,0.264,0.964,0.036,0.964,-0.264],12.5,"Climbing",1,[683,357.5],[[],[]]],[[762.659,224.983,54.721,-0.999,0,-0.036,0,1,0,0.036,0,-0.999],[["climb",0.1],["climb",0]],0.844,12,[-5.421,11.179,5.9],[0.002,0,-0.002],[762.551,237.528,51.694,-0.999,0.034,-0.009,0,0.264,0.964,0.036,0.964,-0.264],12.5,"Climbing",0,[683,357.5],[["LeftShift"],[]]],[[762.571,225.148,54.799,-1,-0.001,-0.018,0,1,-0.016,0.018,-0.016,-1],[["walk",0.1],["climb",0.1],["walk",0.1],["walk",0.1]],0.553,8,[-3.028,4.509,-1.197],[0.503,-2.446,0.31],[762.464,237.528,51.794,-0.999,0.034,-0.009,0,0.264,0.964,0.036,0.964,-0.264],12.5,"Running",0,[683,357.5],[[],[]]],[[762.547,225.66,54.773,-1,-0.001,-0.011,-0.001,1,0,0.011,0,-1],[["walk",0.1]],0.225,8,[-0.815,34.298,2.283],[2.064,-0.691,0.02],[762.384,237.528,51.962,-0.998,0.056,-0.015,0,0.262,0.965,0.058,0.963,-0.262],12.5,"Running",0,[683,357.5],[["b2"],[]]],[[762.543,226.123,54.748,-1,-0.001,0,-0.001,1,-0.006,0,-0.006,-1],[["walk",0.1],["walk",0.1]],0.167,8,[0.029,23.23,0.187],[-2.207,-0.436,0.008],[762.335,237.528,52.095,-0.997,0.075,-0.02,0,0.259,0.966,0.078,0.963,-0.258],12.5,"Running",0,[683,357.5],[[],[]]],[[762.547,226.345,54.731,-1,-0.001,-0.001,-0.001,1,0,0.001,0,-1],[["idle",0.1]],1,8,[0.439,15.285,-0.617],[-0.602,0.058,-0.019],[762.094,237.53,52.393,-0.982,0.184,-0.045,0,0.239,0.971,0.19,0.953,-0.234],12.5,"Standing",0,[683,357.5],[[],[]]],[[762.555,226.56,54.716,-1,-0.001,-0.004,-0.001,1,-0.001,0.004,-0.001,-1],[["walk",0.1]],0.052,8,[0.512,11.416,-0.051],[-0.002,0.171,0.006],[761.877,237.532,52.69,-0.948,0.31,-0.07,0,0.22,0.976,0.317,0.925,-0.209],12.5,"Running",0,[683,357.5],[[],[]]],[[762.566,226.708,54.696,-1,-0.001,-0.015,-0.001,1,-0.002,0.015,-0.002,-1],[["walk",0.1]],0.035,8,[0.764,7.377,-0.271],[-0.009,0.872,0.014],[761.669,237.534,53.056,-0.877,0.471,-0.094,0,0.196,0.981,0.48,0.86,-0.172],12.5,"Running",0,[683,357.5],[[],["W"]]],[[762.567,226.809,54.66,-1,0,-0.018,0,1,-0.004,0.018,-0.004,-1],[["walk",0.1]],0.056,8,[0,3.194,-0.103],[0.05,0.005,-0.03],[761.522,237.536,53.406,-0.767,0.632,-0.111,0,0.174,0.985,0.642,0.755,-0.133],12.5,"Running",0,[683,357.5],[[],[]]],[[762.567,226.828,54.658,-1,0,-0.018,0,1,-0.003,0.018,-0.003,-1],[["idle",0.1]],1,8,[-0.005,-0.115,-0.082],[0.047,-0.04,-0.013],[761.272,237.536,53.674,-0.603,0.785,-0.138,0,0.174,0.985,0.797,0.594,-0.105],12.5,"Standing",0,[683,357.5],[[],[]]],[[762.567,226.806,54.657,-1,0,-0.017,0,1,-0.003,0.017,-0.003,-1],[],1,8,[-0.003,-2.53,-0.066],[0.038,-0.035,-0.008],[761.06,237.536,54.039,-0.377,0.912,-0.161,0,0.174,0.985,0.926,0.372,-0.066],12.5,"Standing",0,[683,357.5],[[],["LeftShift"]]],[[762.567,226.703,54.656,-1,0,-0.017,0,1,-0.002,0.017,-0.002,-1],[],1,8,[-0.002,-6.569,-0.049],[0.028,-0.026,0],[760.932,237.536,54.462,-0.116,0.978,-0.172,0,0.174,0.985,0.993,0.115,-0.02],12.5,"Standing",0,[683,357.5],[[],[]]],[[762.567,226.56,54.656,-1,0,-0.017,0,1,-0.002,0.017,-0.002,-1],[["walk",0.1],["fall",0.3]],1,5,[-0.001,-9.816,-0.025],[0.015,-0.017,0],[760.912,237.536,54.883,0.137,0.975,-0.172,0,0.174,0.985,0.991,-0.135,0.024],12.5,"FreeFall",0,[683,357.5],[[],[]]],[[762.567,226.417,54.655,-1,0,-0.016,0,1,-0.001,0.016,-0.001,-1],[],1,5,[-0.001,-12.254,-0.022],[0.013,-0.014,0],[760.97,237.536,55.224,0.337,0.927,-0.164,0,0.174,0.985,0.942,-0.332,0.058],12.5,"FreeFall",0,[683,357.5],[[],[]]],[[762.567,226.179,54.651,-1,0,-0.016,0,1,-0.001,0.016,-0.001,-1],[],1,5,[0,-15.505,-0.018],[0.022,-0.013,0],[761.055,237.502,55.495,0.488,0.859,-0.152,0,0.174,0.985,0.873,-0.481,0.085],12.5,"FreeFall",0,[683,357.5],[[],[]]],[[762.567,226.141,54.649,-1,0,-0.016,0,1,-0.001,0.016,-0.001,-1],[["fall",0.3],["climb",0.1]],-1.292,12,[0.003,-0.301,-0.019],[0.022,-0.009,-0.001],[761.203,237.536,55.736,0.624,0.77,-0.136,0,0.174,0.985,0.782,-0.614,0.108],12.5,"Climbing",0,[683,357.5],[[],[]]],[[762.567,226.14,54.649,-1,0,-0.016,0,1,0,0.016,0,-1],[["climb",0.1],["climb",0]],0,12,[0,-0.006,-0.002],[0.021,-0.001,0.001],[762.247,230.398,55.016,0.754,0.647,-0.114,0,0.174,0.985,0.657,-0.742,0.131],12.5,"Climbing",0,[683,357.5],[[],[]]],[[762.567,226.14,54.649,-1,0,-0.016,0,1,0,0.016,0,-1],[],0,12,[0,0,-0.001],[0.001,0,0],[764.12,228.245,55.462,0.912,0.403,-0.071,0,0.174,0.985,0.409,-0.899,0.158],12.5,"Climbing",1,[683,357.5],[["LeftShift"],[]]],[[762.548,226.337,53.935,0.971,0.003,-0.239,0.002,1,0.02,0.239,-0.02,0.971],[["idle",0.1]],1,8,[-0.002,11.848,0.064],[2.064,9.997,-0.101],[764.048,229.24,54.847,0.912,0.403,-0.071,0,0.174,0.985,0.409,-0.899,0.158],12.5,"Standing",1,[683,357.5],[[],[]]],[[762.548,226.464,53.908,0.929,0.003,-0.37,0,1,0.007,0.37,-0.007,0.929],[],1,8,[-0.044,9.264,-0.467],[0.719,1.551,0.246],[764.163,229.235,54.617,0.957,0.284,-0.05,0,0.174,0.985,0.289,-0.943,0.166],12.5,"Standing",1,[683,357.5],[["A"],[]]],[[762.524,226.584,53.889,0.96,0,-0.281,0,1,0,0.281,0,0.96],[],1,8,[-2.195,5.992,-1.523],[0.234,0.179,0.086],[764.183,229.595,54.508,0.979,0.202,-0.036,0,0.174,0.985,0.205,-0.964,0.17],12.5,"Standing",1,[683,357.5],[[],[]]],[[762.464,226.65,53.857,0.979,0,-0.204,0,1,-0.001,0.204,0.001,0.979],[["walk",0.1]],0.184,8,[-4.489,2.722,-2.14],[-0.022,0.021,-0.006],[764.138,230.483,54.513,0.99,0.139,-0.025,0,0.174,0.985,0.141,-0.975,0.172],12.5,"Running",1,[683,357.5],[["Space"],[]]],[[762.389,227.526,53.821,0.99,0,-0.141,0,1,0,0.141,0,0.99],[["walk",0.1],["jump",0.1]],1,3,[-4.489,51.518,-2.14],[-0.022,0.021,-0.006],[764.078,232.733,54.62,0.996,0.082,-0.015,0,0.174,0.985,0.084,-0.981,0.173],12.5,"Jumping",1,[683,357.5],[[],[]]],[[762.318,228.149,53.794,1,0,-0.021,0,1,0,0.021,0,1],[["jump",0.1]],1,5,[-6.277,49.066,-2.16],[-0.019,6.415,-0.002],[764.036,234.155,54.655,0.999,0.038,-0.007,0,0.174,0.985,0.038,-0.984,0.174],12.5,"FreeFall",1,[683,357.5],[[],[]]],[[762.15,229.12,53.753,0.993,0,0.119,0,1,0,-0.119,0,0.993],[],1,5,[-9.246,44.978,-1.905],[-0.005,7.889,-0.001],[763.887,236.388,54.792,1,0.013,-0.002,0,0.174,0.985,0.013,-0.985,0.174],12.5,"FreeFall",1,[683,357.5],[[],[]]],[[762.02,229.662,53.732,0.996,0,0.086,0,1,0,-0.086,0,0.996],[],1,5,[-11.002,42.526,-1.568],[-0.001,7.975,-0.001],[763.761,237.036,54.782,1,0.008,-0.001,0,0.174,0.985,0.008,-0.985,0.174],12.5,"FreeFall",1,[683,357.5],[[],[]]],[[761.813,230.337,53.712,0.992,0,0.124,0,1,0,-0.124,0,0.992],[],1,5,[-13.302,39.256,-0.942],[0,7.993,0],[763.554,237.536,54.732,1,0.008,-0.001,0,0.174,0.985,0.008,-0.985,0.174],12.5,"FreeFall",1,[683,357.5],[[],[]]],[[761.567,230.957,53.703,0.992,0,0.125,0,1,0,-0.125,0,0.992],[],1,5,[-15.585,35.986,-0.258],[0,7.996,0],[763.31,237.536,54.614,1,0.008,-0.001,0,0.174,0.985,0.008,-0.985,0.174],12.5,"FreeFall",1,[683,357.5],[[],[]]],[[761.302,231.523,53.701,0.992,0,0.125,0,1,0,-0.125,0,0.992],[],1,5,[-15.991,32.716,-0.137],[0,7.996,0],[763.049,237.536,54.503,1,0.004,-0.001,0,0.174,0.985,0.004,-0.985,0.174],12.5,"FreeFall",1,[683,357.5],[[],["LeftShift"]]],[[761.035,232.034,53.699,0.992,0,0.129,0,1,0,-0.129,0,0.992],[],1,5,[-15.999,29.446,-0.135],[0,7.996,0],[762.782,237.536,54.411,1,0.004,-0.001,0,0.174,0.985,0.004,-0.985,0.174],12.5,"FreeFall",1,[683,357],[[],["b2"]]],[[760.768,232.491,53.697,0.992,0,0.129,0,1,0,-0.129,0,0.992],[],1,5,[-16,26.176,-0.06],[0,7.996,0],[762.516,237.536,54.329,1,0.004,-0.001,0,0.174,0.985,0.004,-0.985,0.174],12.5,"FreeFall",1,[683,357],[[],[]]],[[760.435,232.985,53.696,0.987,0,0.162,0,1,0,-0.162,0,0.987],[],1,5,[-16,22.088,-0.059],[0,7.996,0],[762.186,237.536,54.232,1,-0.001,0,0,0.174,0.985,-0.001,-0.985,0.174],12.5,"FreeFall",1,[683,357.5],[[],[]]],[[760.168,233.319,53.695,0.991,0,0.134,0,1,0,-0.134,0,0.991],[],1,5,[-16,18.818,-0.059],[0,7.996,0],[761.92,237.536,54.167,1,-0.004,0.001,0,0.174,0.985,-0.004,-0.985,0.174],12.5,"FreeFall",1,[683,357.5],[[],[]]],[[759.969,233.534,53.695,0.995,0,0.104,0,1,0,-0.104,0,0.995],[],1,5,[-16,16.366,0.013],[0,7.996,0],[761.724,237.536,54.115,1,-0.012,0.002,0,0.174,0.985,-0.012,-0.985,0.174],12.5,"FreeFall",1,[683,357.5],[[],[]]],[[759.702,233.773,53.696,0.989,0,0.145,0,1,0,-0.145,0,0.989],[],1,5,[-16,13.096,0.066],[0,7.996,0],[761.46,237.536,54.058,1,-0.021,0.004,0,0.174,0.985,-0.021,-0.985,0.174],12.5,"FreeFall",1,[683,357.5],[[],[]]],[[759.435,233.957,53.699,0.988,0,0.154,0,1,0,-0.154,0,0.988],[],1,5,[-15.999,9.826,0.19],[0,7.996,0],[761.195,237.536,54.014,1,-0.029,0.005,0,0.174,0.985,-0.029,-0.984,0.174],12.5,"FreeFall",1,[683,357.5],[[],[]]],[[759.102,234.11,53.706,0.981,0,0.195,0,1,0,-0.195,0,0.981],[],1,5,[-15.996,5.738,0.342],[0,7.996,0],[760.862,237.536,53.991,1,-0.03,0.005,0,0.174,0.985,-0.031,-0.984,0.174],12.5,"FreeFall",1,[683,357.5],[[],[]]],[[758.902,234.162,53.711,0.991,0,0.131,0,1,0,-0.131,0,0.991],[],1,5,[-15.993,3.286,0.462],[0,7.996,0],[760.661,237.536,53.988,1,-0.03,0.005,0,0.174,0.985,-0.031,-0.984,0.174],12.5,"FreeFall",1,[683,357.5],[["W"],[]]],[[758.582,234.179,53.686,0.985,0,0.17,0,1,0,-0.17,0,0.985],[["fall",0.3]],1,5,[-14.936,-0.802,-2.323],[0,6.396,0],[760.341,237.536,53.96,1,-0.03,0.005,0,0.174,0.985,-0.031,-0.984,0.174],12.5,"FreeFall",1,[683,357.5],[[],[]]],[[758.342,234.132,53.624,0.991,0,0.136,0,1,0,-0.136,0,0.991],[],1,5,[-14.09,-4.072,-4.551],[0,6.293,0],[760.1,237.536,53.914,1,-0.026,0.005,0,0.174,0.985,-0.026,-0.984,0.174],12.5,"FreeFall",1,[683,357.5],[[],[]]],[[758.116,234.03,53.525,0.991,0,0.131,0,1,0,-0.131,0,0.991],[],1,5,[-13.244,-7.342,-6.779],[0,6.315,0],[759.874,237.536,53.839,1,-0.023,0.004,0,0.174,0.985,-0.023,-0.985,0.174],12.5,"FreeFall",1,[683,357.5],[[],[]]],[[757.956,233.918,53.427,0.995,0,0.102,0,1,0,-0.102,0,0.995],[],1,5,[-12.599,-9.794,-8.447],[0,6.307,0],[759.711,237.536,53.774,1,-0.015,0.003,0,0.174,0.985,-0.015,-0.985,0.174],12.5,"FreeFall",1,[683,357.5],[[],["Space"]]],[[757.755,233.72,53.263,0.993,0,0.12,0,1,0,-0.12,0,0.993],[],1,5,[-11.724,-13.064,-10.663],[0,6.338,0],[759.511,237.536,53.645,1,-0.015,0.003,0,0.174,0.985,-0.015,-0.985,0.174],12.5,"FreeFall",1,[683,357.5],[[],["A"]]],[[757.582,233.468,53.075,0.999,0,0.048,0,1,0,-0.048,0,0.999],[],1,5,[-9.562,-16.334,-11.668],[0,0.733,0],[759.339,237.536,53.501,1,-0.015,0.003,0,0.174,0.985,-0.015,-0.985,0.174],12.5,"FreeFall",1,[683,357.5],[[],[]]],[[757.417,233.077,52.816,1,0,0.019,0,1,0,-0.019,0,1],[["fall",0.3]],1,5,[-6.861,-20.422,-12.923],[0,0.05,0],[759.174,237.536,53.314,1,-0.013,0.002,0,0.174,0.985,-0.014,-0.985,0.174],12.5,"FreeFall",1,[683,357.5],[[],[]]],[[757.325,232.703,52.59,1,0,0.014,0,1,0,-0.014,0,1],[],1,5,[-4.699,-23.692,-13.927],[0,0.017,0],[759.081,237.536,53.159,1,-0.01,0.002,0,0.174,0.985,-0.01,-0.985,0.174],12.5,"FreeFall",1,[683,357.5],[[],[]]],[[757.28,232.386,52.41,1,0,0.011,0,1,0,-0.011,0,1],[],1,5,[-3.077,-26.144,-14.677],[0,0.024,0],[759.035,237.536,53.038,1,-0.009,0.002,0,0.174,0.985,-0.009,-0.985,0.174],12.5,"FreeFall",1,[683,357.5],[["A"],[]]],[[757.181,231.79,52.118,0.994,0,0.106,0,1,0,-0.106,0,0.994],[],1,5,[-5.827,-30.232,-13.531],[0,5.87,0],[758.936,237.536,52.854,1,-0.007,0.001,0,0.174,0.985,-0.007,-0.985,0.174],12.5,"FreeFall",1,[683,357.5],[[],[]]],[[757.095,231.392,51.955,0.996,0,0.084,0,1,0,-0.084,0,0.996],[],1,5,[-7.478,-32.684,-12.846],[0,6.209,0],[758.848,237.536,52.766,1,-0.004,0.001,0,0.174,0.985,-0.004,-0.985,0.174],12.5,"FreeFall",1,[683,357.5],[[],[]]],[[756.947,230.813,51.75,0.994,0,0.108,0,1,0,-0.108,0,0.994],[],1,5,[-9.681,-35.954,-11.938],[0,6.294,0],[758.698,237.536,52.669,1,-0.001,0,0,0.174,0.985,-0.001,-0.985,0.174],12.5,"FreeFall",1,[683,357.5],[[],[]]],[[756.766,230.18,51.559,0.994,0,0.106,0,1,0,-0.106,0,0.994],[],1,5,[-11.28,-39.224,-11.299],[0,6.304,0],[758.51,237.536,52.601,1,0.005,-0.001,0,0.174,0.985,0.005,-0.985,0.174],12.5,"FreeFall",1,[683,357.5],[[],[]]],[[756.53,229.312,51.324,0.992,0,0.126,0,1,0,-0.126,0,0.992],[["fall",0.3]],1,5,[-11.325,-43.312,-11.303],[0,6.328,0],[758.267,237.324,52.492,1,0.011,-0.002,0,0.174,0.985,0.012,-0.985,0.174],12.5,"FreeFall",1,[683,357.5],[[],[]]],[[756.342,228.556,51.134,0.996,0,0.094,0,1,0,-0.094,0,0.996],[],1,5,[-11.255,-46.582,-11.372],[0,6.33,0],[758.077,237.458,52.46,1,0.011,-0.002,0,0.174,0.985,0.012,-0.985,0.174],12.5,"FreeFall",1,[683,357.5],[[],[]]],[[756.202,227.953,50.991,0.998,0,0.067,0,1,0,-0.067,0,0.998],[],1,5,[-11.186,-49.034,-11.44],[0,6.29,0],[757.936,237.536,52.437,1,0.011,-0.002,0,0.174,0.985,0.012,-0.985,0.174],12.5,"FreeFall",1,[683,357.5],[[],[]]],[[756.016,227.102,50.801,0.996,0,0.093,0,1,0,-0.093,0,0.996],[],1,5,[-11.182,-52.304,-11.444],[0,6.281,0],[757.749,236.973,52.297,1,0.011,-0.002,0,0.174,0.985,0.012,-0.985,0.174],12.5,"FreeFall",1,[683,357.5],[[],[]]],[[755.83,226.196,50.61,0.996,0,0.093,0,1,0,-0.093,0,0.996],[],1,5,[-11.182,-55.574,-11.444],[0,6.28,0],[757.561,236.749,52.226,1,0.011,-0.002,0,0.174,0.985,0.012,-0.985,0.174],12.5,"FreeFall",1,[683,357.5],[[],[]]],[[755.661,226.219,50.437,1,0,0.021,0,1,0,-0.021,0,1],[["walk",0.1],["fall",0.3],["climb",0.1]],-4.631,12,[-9.517,9.88,-9.739],[0,0.726,0],[757.391,237.466,52.176,1,0.011,-0.002,0,0.174,0.985,0.012,-0.985,0.174],12.5,"Climbing",1,[683,357.5],[[],[]]],[[755.52,226.402,50.292,1,0,-0.008,0,1,0,0.008,0,1],[["climb",0.1],["climb",0]],0.823,12,[-7.851,11.174,-8.034],[0,0.084,0],[757.25,237.536,52.011,1,0.011,-0.002,0,0.174,0.985,0.012,-0.985,0.174],12.5,"Climbing",1,[683,357.5],[[],[]]],[[755.406,226.589,50.176,1,0,-0.011,0,1,0,0.011,0,1],[["climb",0.1]],0.931,12,[-6.185,11.199,-6.33],[0,0.01,0],[757.137,237.536,51.862,1,0.011,-0.002,0,0.174,0.985,0.012,-0.985,0.174],12.5,"Climbing",1,[683,357.5],[[],[]]],[[755.303,226.822,50.071,1,0,-0.011,0,1,0,0.011,0,1],[],0.931,12,[-4.103,11.2,-4.199],[0,0.001,0],[757.034,237.536,51.716,1,0.011,-0.002,0,0.174,0.985,0.012,-0.985,0.174],12.5,"Climbing",1,[683,357.5],[[],[]]],[[755.262,226.962,50.029,1,0,-0.012,0,1,0,0.012,0,1],[],0.931,12,[-2.854,11.2,-2.921],[0,0,0],[756.983,237.536,51.66,1,0.018,-0.003,0,0.174,0.985,0.018,-0.985,0.174],12.5,"Climbing",1,[683,357.5],[[],["W"]]],[[755.229,227.196,49.995,1,0,-0.018,0,1,0,0.018,0,1],[],0.931,12,[-0.772,11.2,-0.79],[0,0,0],[756.933,237.536,51.603,1,0.028,-0.005,0,0.174,0.985,0.029,-0.984,0.174],12.5,"Climbing",1,[683,357.5],[[],[]]],[[755.227,227.335,49.993,1,0,-0.029,0,1,0,0.029,0,1],[["climb",0]],0.931,12,[-0.05,11.2,-0.051],[0,0,0],[756.746,237.536,51.784,0.991,0.135,-0.024,0,0.177,0.984,0.137,-0.975,0.176],12.5,"Climbing",1,[683,357.5],[[],[]]],[[755.227,227.569,49.992,0.991,0,-0.137,0,1,0,0.137,0,0.991],[],0.931,12,[0,11.2,0],[0,0,0],[756.607,237.535,51.902,0.978,0.206,-0.038,0,0.183,0.983,0.209,-0.961,0.179],12.5,"Climbing",1,[683,357.5],[[],[]]],[[755.227,227.709,49.992,0.978,0,-0.209,0,1,0,0.209,0,0.978],[],0.931,12,[0,11.2,0],[0,0,0],[756.077,237.534,52.262,0.901,0.425,-0.086,0,0.197,0.98,0.433,-0.883,0.178],12.5,"Climbing",1,[683,357.5],[[],[]]],[[755.216,227.577,50.015,0.902,0,-0.432,0,1,0,0.432,0,0.902],[],0.931,12,[-0.001,-10.757,0.001],[-0.003,0.001,-0.001],[755.177,237.532,52.602,0.726,0.67,-0.151,0,0.22,0.976,0.687,-0.709,0.16],12.5,"Climbing",1,[683,357.5],[[],[]]],[[755.055,227.391,50.186,0.734,0,-0.68,0,1,0,0.68,0,0.734],[["climb",0.1]],-0.896,12,[0,-11.191,0],[-0.003,0.003,-0.004],[754.052,237.531,52.632,0.442,0.874,-0.2,0,0.223,0.975,0.897,-0.431,0.099],12.5,"Climbing",1,[683,357.5],[[],[]]],[[754.779,227.108,50.284,0.434,0,-0.901,0,1,0,0.901,0,0.434],[["climb",0.1],["idle",0.1],["idle",0.1]],1,8,[-2.32,-15.219,-1.983],[-0.012,-1.335,-0.01],[753.618,237.494,52.696,0.398,0.894,-0.204,0,0.222,0.975,0.917,-0.388,0.088],12.5,"Standing",1,[683,357.5],[[],[]]],[[754.656,226.821,50.261,0.478,0,-0.879,0,1,0,0.879,0,0.478],[["walk",0.1],["fall",0.3]],1,5,[-3.178,-18.489,-4.206],[-0.004,6.917,0],[753.674,237.532,52.811,0.487,0.852,-0.194,0,0.222,0.975,0.874,-0.475,0.108],12.5,"FreeFall",1,[683,357.5],[[],[]]],[[754.61,226.569,50.195,0.567,0,-0.823,0,1,0,0.823,0,0.567],[],1,5,[-3.699,-20.942,-5.915],[-0.002,7.782,0.001],[754.07,237.512,52.993,0.659,0.732,-0.174,0,0.232,0.973,0.753,-0.641,0.153],12.5,"FreeFall",1,[683,357.5],[[],[]]],[[754.561,226.677,50.117,0.688,0,-0.726,0,1,0,0.726,0,0.688],[["fall",0.3],["walk",0.1],["fall",0.3],["climb",0.1]],-1.745,12,[-2.435,10.564,-3.894],[0,0.9,0],[754.633,237.53,53.044,0.816,0.561,-0.141,0,0.243,0.97,0.578,-0.791,0.199],12.5,"Climbing",1,[683,357.5],[[],[]]],[[754.53,226.909,50.068,0.819,0,-0.574,0,1,0,0.574,0,0.819],[["climb",0.1],["climb",0]],0.88,12,[-0.855,11.195,-1.368],[0,0.061,0],[755.122,237.529,52.926,0.905,0.412,-0.105,0,0.248,0.969,0.425,-0.877,0.225],12.5,"Climbing",1,[683,357.5],[[],[]]],[[754.527,227.049,50.062,0.905,0,-0.425,0,1,0,0.425,0,0.905],[["climb",0.1]],0.933,12,[-0.084,11.2,-0.134],[0,0.012,0],[755.459,237.53,52.749,0.946,0.313,-0.078,0,0.242,0.97,0.323,-0.918,0.229],12.5,"Climbing",1,[683,357.5],[[],[]]],[[754.527,227.235,50.062,0.946,0,-0.323,0,1,0,0.323,0,0.946],[],0.933,12,[-0.002,11.2,-0.003],[0,0.001,0],[755.637,237.531,52.508,0.96,0.272,-0.063,0,0.226,0.974,0.28,-0.935,0.217],12.5,"Climbing",1,[683,357.5],[[],[]]],[[754.527,227.469,50.062,0.96,0,-0.28,0,1,0,0.28,0,0.96],[["climb",0]],0.933,12,[0,11.2,0],[0,0,0],[755.636,237.531,52.446,0.957,0.281,-0.064,0,0.223,0.975,0.289,-0.933,0.214],12.5,"Climbing",1,[683,357.5],[[],[]]],[[754.527,227.609,50.062,0.957,0,-0.289,0,1,0,0.289,0,0.957],[],0.933,12,[0,11.2,0],[0,0,0],[755.499,237.531,52.513,0.94,0.332,-0.078,0,0.228,0.974,0.341,-0.915,0.214],12.5,"Climbing",1,[683,357.5],[[],[]]],[[754.527,227.795,50.062,0.94,0,-0.341,0,1,0,0.341,0,0.94],[],0.933,12,[0,11.2,0],[0,0,0],[755.25,237.53,52.646,0.906,0.411,-0.102,0,0.24,0.971,0.423,-0.879,0.217],12.5,"Climbing",1,[683,357.5],[[],[]]],[[754.527,227.982,50.062,0.906,0,-0.423,0,1,0,0.423,0,0.906],[],0.933,12,[0,11.2,0],[0,0,0],[754.592,237.529,52.757,0.776,0.611,-0.156,0,0.247,0.969,0.631,-0.752,0.192],12.5,"Climbing",1,[683,357.5],[[],[]]],[[754.527,227.804,50.062,0.776,0,-0.631,0,1,0,0.631,0,0.776],[],0.933,12,[0,-11.034,0],[0,0,0],[753.908,237.529,52.738,0.607,0.769,-0.198,0,0.249,0.968,0.794,-0.588,0.151],12.5,"Climbing",1,[683,357.5],[[],[]]],[[754.527,227.665,50.062,0.607,0,-0.794,0,1,0,0.794,0,0.607],[["climb",0.1]],-0.919,12,[0,-11.191,0],[0,0,0],[753.142,237.528,52.543,0.388,0.89,-0.238,0,0.259,0.966,0.922,-0.375,0.1],12.5,"Climbing",1,[683,357.5],[[],[]]],[[754.504,227.38,50.032,0.373,0,-0.928,0,1,0,0.928,0,0.373],[["climb",0.1],["idle",0.1],["idle",0.1]],1,8,[-1.81,-15.279,-2.366],[0,-0.949,0],[752.498,237.528,52.191,0.185,0.948,-0.26,0,0.264,0.964,0.983,-0.179,0.049],12.5,"Standing",1,[683,357.5],[[],[]]],[[754.443,227.092,49.974,0.081,0,-0.997,0,1,0,0.997,0,0.081],[],1,5,[-2.607,-18.549,-4.612],[-0.001,6.962,-0.002],[752.155,237.528,51.935,0.089,0.96,-0.264,0,0.265,0.964,0.996,-0.086,0.024],12.5,"FreeFall",1,[683,357.5],[[],[]]],[[754.052,226.654,49.944,0.133,0,-0.991,0,1,0,0.991,0,0.133],[],1,5,[-1.234,-22.636,-1.903],[0.003,0.469,-0.005],[751.71,237.356,51.918,0.092,0.961,-0.262,0,0.264,0.965,0.996,-0.089,0.024],12.5,"FreeFall",1,[683,357.5],[[],[]]],[[754.039,226.351,49.934,0.094,0,-0.996,0,1,0,0.996,0,0.094],[],1,5,[-0.296,-25.089,-0.388],[0.002,0.093,-0.006],[751.567,237.528,51.92,0.092,0.961,-0.262,0,0.264,0.965,0.996,-0.089,0.024],12.5,"FreeFall",1,[683,357.5],[[],[]]],[[754.038,225.899,49.933,0.093,0,-0.996,0,1,0,0.996,0,0.093],[],1,5,[-0.005,-28.359,-0.008],[0.001,0.011,-0.005],[751.512,237.276,51.924,0.092,0.961,-0.262,0,0.264,0.965,0.996,-0.089,0.024],12.5,"FreeFall",1,[683,357.5],[[],[]]],[[754.032,225.392,49.934,0.092,0,-0.996,0,1,0,0.996,0,0.092],[],1,5,[-0.009,-31.629,0.007],[-0.001,0.001,-0.015],[751.398,237.164,51.935,0.092,0.961,-0.262,0,0.264,0.965,0.996,-0.089,0.024],12.5,"FreeFall",1,[683,357.5],[["A"],[]]],[[754.022,224.682,49.897,0.214,0,-0.977,0,1,0,0.977,0,0.214],[["fall",0.3]],1,5,[-0.29,-35.716,-2.957],[-0.004,7.457,-0.021],[751.251,236.866,51.874,0.08,0.962,-0.263,0,0.264,0.965,0.997,-0.077,0.021],12.5,"FreeFall",1,[683,357.5],[[],[]]],[[754.013,224.215,49.846,0.176,0,-0.984,0,1,0,0.984,0,0.176],[],1,5,[-0.454,-38.169,-4.735],[-0.003,7.889,-0.022],[751.065,236.749,51.754,0.053,0.963,-0.266,0,0.266,0.964,0.999,-0.051,0.014],12.5,"FreeFall",1,[683,357.5],[[],[]]],[[753.998,223.545,49.742,0.185,0,-0.983,0,1,0,0.983,0,0.185],[],1,5,[-0.628,-41.439,-7.11],[-0.002,7.984,-0.025],[750.877,236.341,51.535,0.014,0.963,-0.268,0,0.268,0.963,1,-0.013,0.004],12.5,"FreeFall",1,[683,357.5],[[],["E"]]],[[753.965,222.631,49.557,0.18,-0.001,-0.984,0,1,-0.001,0.984,0,0.18],[],1,5,[-0.694,-45.526,-10.087],[-0.006,7.995,-0.058],[750.745,235.642,49.444,-0.035,0.962,-0.269,0,0.269,0.963,0.999,0.034,-0.009],12.5,"FreeFall",0,[683,357.5],[["LeftShift"],[]]],[[753.955,222.678,49.413,0.221,0,-0.975,0,1,0,0.975,0,0.221],[["walk",0.1],["fall",0.3],["climb",0.1]],-3.794,12,[-0.529,10.078,-7.71],[0.002,0.924,-0.028],[750.687,235.866,49.299,-0.035,0.962,-0.269,0,0.269,0.963,0.999,0.034,-0.009],12.5,"Climbing",0,[683,357.5],[[],[]]],[[753.948,222.862,49.31,0.225,0,-0.974,0,1,0,0.974,0,0.225],[["climb",0.1],["climb",0]],0.84,12,[-0.371,11.178,-5.333],[0.001,0.107,-0.001],[750.626,236.137,48.957,-0.105,0.957,-0.271,0,0.273,0.962,0.994,0.101,-0.029],12.5,"Climbing",0,[683,357.5],[[],[]]],[[753.943,223.049,49.245,0.226,0,-0.974,0,1,0,0.974,0,0.226],[["climb",0.1]],0.931,12,[-0.206,11.2,-2.956],[0,0.012,0.003],[750.608,236.391,48.635,-0.18,0.946,-0.271,0,0.275,0.961,0.984,0.173,-0.05],12.5,"Climbing",0,[683,357.5],[[],[]]],[[753.942,223.189,49.223,0.226,0,-0.974,0,1,0,0.974,0,0.226],[],0.931,12,[-0.082,11.2,-1.173],[0,0.002,0.001],[750.607,236.573,48.343,-0.255,0.929,-0.269,0,0.279,0.96,0.967,0.245,-0.071],12.5,"Climbing",0,[683,357.5],[[],[]]],[[753.941,223.375,49.22,0.226,0,-0.974,0,1,0,0.974,0,0.226],[],0.931,12,[-0.002,11.2,-0.03],[0,0,0],[750.674,236.797,48.082,-0.329,0.907,-0.263,0,0.279,0.96,0.944,0.316,-0.092],12.5,"Climbing",0,[683,357.5],[[],[]]],[[753.941,223.562,49.219,0.226,0,-0.974,0,1,0,0.974,0,0.226],[["climb",0]],0.931,12,[0,11.2,-0.001],[0,0,0],[750.772,237.013,47.811,-0.406,0.878,-0.255,0,0.279,0.96,0.914,0.39,-0.113],12.5,"Climbing",0,[683,357.5],[[],[]]],[[753.941,223.749,49.219,0.226,0,-0.974,0,1,0,0.974,0,0.226],[],0.931,12,[0,11.2,0],[0,0,0],[750.894,237.212,47.524,-0.486,0.839,-0.245,0,0.28,0.96,0.874,0.467,-0.136],12.5,"Climbing",0,[683,357.5],[[],["A"]]],[[753.941,223.776,49.219,0.226,0,-0.974,0,1,0,0.974,0,0.226],[],0.931,12,[0,0.221,0],[0,0,0],[751.112,237.239,47.1,-0.599,0.768,-0.227,0,0.283,0.959,0.8,0.575,-0.17],12.5,"Climbing",0,[683,357.5],[[],["LeftShift"]]],[[753.941,223.777,49.219,0.226,0,-0.974,0,1,0,0.974,0,0.226],[["climb",0.1]],0,12,[0,0.004,0],[0,0,0],[751.249,237.236,46.859,-0.659,0.72,-0.216,0,0.287,0.958,0.752,0.632,-0.189],12.5,"Climbing",0,[683,357.5],[[],[]]],[[753.941,223.777,49.219,0.226,0,-0.974,0,1,0,0.974,0,0.226],[],0,12,[0,0,0],[0,0,0],[751.348,237.223,46.665,-0.702,0.681,-0.208,0,0.291,0.957,0.712,0.671,-0.205],12.5,"Climbing",0,[683,357.5],[[],[]]],[[753.941,223.777,49.219,0.226,0,-0.974,0,1,0,0.974,0,0.226],[],0,12,[0,0,0],[0,0,0],[751.444,237.209,46.49,-0.738,0.645,-0.2,0,0.296,0.955,0.675,0.705,-0.218],12.5,"Climbing",0,[683,357.5],[[],[]]],[[753.941,223.777,49.219,0.226,0,-0.974,0,1,0,0.974,0,0.226],[],0,12,[0,0,0],[0,0,0],[751.534,237.193,46.335,-0.768,0.611,-0.193,0,0.301,0.954,0.641,0.732,-0.231],12.5,"Climbing",0,[683,357.5],[[],[]]],[[753.941,223.777,49.219,0.226,0,-0.974,0,1,0,0.974,0,0.226],[],0,12,[0,0,0],[0,0,0],[751.659,237.186,46.197,-0.798,0.574,-0.183,0,0.303,0.953,0.603,0.761,-0.242],12.5,"Climbing",0,[683,357.5],[[],[]]],[[753.941,223.777,49.219,0.226,0,-0.974,0,1,0,0.974,0,0.226],[],0,12,[0,0,0],[0,0,0],[751.821,237.182,46.064,-0.83,0.531,-0.17,0,0.304,0.953,0.558,0.791,-0.252],12.5,"Climbing",0,[683,357.5],[[],[]]],[[753.941,223.777,49.219,0.226,0,-0.974,0,1,0,0.974,0,0.226],[],0,12,[0,0,0],[0,0,0],[752.007,237.183,45.946,-0.861,0.485,-0.155,0,0.304,0.953,0.509,0.82,-0.262],12.5,"Climbing",0,[683,357.5],[[],[]]],[[753.941,223.777,49.219,0.226,0,-0.974,0,1,0,0.974,0,0.226],[],0,12,[0,0,0],[0,0,0],[752.21,237.179,45.818,-0.891,0.432,-0.139,0,0.305,0.952,0.454,0.849,-0.272],12.5,"Climbing",0,[683,357.5],[[],[]]],[[753.941,223.777,49.219,0.226,0,-0.974,0,1,0,0.974,0,0.226],[],0,12,[0,0,0],[0,0,0],[752.427,237.17,45.685,-0.919,0.375,-0.121,0,0.308,0.952,0.394,0.875,-0.283],12.5,"Climbing",0,[683,357.5],[[],[]]],[[753.941,223.777,49.219,0.226,0,-0.974,0,1,0,0.974,0,0.226],[],0,12,[0,0,0],[0,0,0],[752.65,237.151,45.537,-0.944,0.314,-0.103,0,0.312,0.95,0.331,0.896,-0.295],12.5,"Climbing",0,[683,357.5],[[],[]]],[[753.941,223.777,49.219,0.226,0,-0.974,0,1,0,0.974,0,0.226],[],0,12,[0,0,