{"Replay":[[[776.028,222.662,47.142,-0.997,0,0.074,0,1,0,-0.074,0,-0.997],[],1,8,[0,0,0],[0,0,0],[774.445,236.468,44.824,-0.997,-0.073,0.013,0,0.176,0.984,-0.074,0.982,-0.175],12.5,"Standing",1,[683,357.5],[[],[]]],[[776.028,222.662,47.142,-0.997,0,0.074,0,1,0,-0.074,0,-0.997],[],1,8,[0,0.009,0],[0,0,0],[774.445,236.468,44.824,-0.997,-0.073,0.013,0,0.176,0.984,-0.074,0.982,-0.175],12.5,"Standing",1,[683,357.5],[[],[]]],[[776.028,222.662,47.142,-0.997,0,0.074,0,1,0,-0.074,0,-0.997],[],1,8,[0,0.007,0],[0,0,0],[774.445,236.468,44.824,-0.997,-0.073,0.013,0,0.176,0.984,-0.074,0.982,-0.175],12.5,"Standing",1,[683,357.5],[[],[]]],[[776.028,222.662,47.142,-0.997,0,0.074,0,1,0,-0.074,0,-0.997],[],1,8,[0,0.003,0],[0,0,0],[774.448,236.471,44.836,-0.997,-0.075,0.013,0,0.174,0.985,-0.076,0.982,-0.174],12.5,"Standing",1,[683,357.5],[[],[]]],[[776.028,222.662,47.142,-0.997,0,0.076,0,1,0,-0.076,0,-0.997],[],1,8,[0,0,0],[0,0,0],[774.448,236.471,44.836,-0.997,-0.075,0.013,0,0.174,0.985,-0.076,0.982,-0.174],12.5,"Standing",1,[683,357.5],[[],[]]],[[776.028,222.662,47.142,-0.997,0,0.076,0,1,0,-0.076,0,-0.997],[],1,8,[0,0,0],[0,0,0],[774.451,236.472,44.843,-0.997,-0.076,0.013,0,0.174,0.985,-0.077,0.982,-0.173],12.5,"Standing",1,[683,357.5],[[],[]]],[[776.028,222.662,47.142,-0.997,0,0.077,0,1,0,-0.077,0,-0.997],[],1,8,[0,0,0],[0,0,0],[774.458,236.472,44.838,-0.997,-0.079,0.014,0,0.174,0.985,-0.08,0.982,-0.173],12.5,"Standing",1,[683,357.5],[[],["E"]]],[[776.028,222.662,47.142,-0.997,0,0.08,0,1,0,-0.08,0,-0.997],[],1,8,[0,0,0],[0,0,0],[774.48,236.472,44.823,-0.996,-0.088,0.016,0,0.174,0.985,-0.09,0.981,-0.173],12.5,"Standing",1,[683,357.5],[[],[]]],[[776.028,222.662,47.142,-0.996,0,0.09,0,1,0,-0.09,0,-0.996],[],1,8,[0,0,0],[0,0,0],[774.509,236.472,44.804,-0.995,-0.101,0.018,0,0.174,0.985,-0.102,0.98,-0.173],12.5,"Standing",1,[683,357.5],[[],[]]],[[776.028,222.662,47.142,-0.995,0,0.102,0,1,0,-0.102,0,-0.995],[],1,8,[0,0,0],[0,0,0],[774.55,236.472,44.778,-0.993,-0.118,0.021,0,0.174,0.985,-0.119,0.978,-0.172],12.5,"Standing",1,[683,357.5],[[],[]]],[[776.028,222.662,47.142,-0.993,0,0.119,0,1,0,-0.119,0,-0.993],[],1,8,[0,0,0],[0,0,0],[774.595,236.472,44.75,-0.99,-0.136,0.024,0,0.174,0.985,-0.138,0.975,-0.172],12.5,"Standing",1,[683,357.5],[[],[]]],[[776.028,222.662,47.142,-0.99,0,0.138,0,1,0,-0.138,0,-0.99],[],1,8,[0,0,0],[0,0,0],[774.64,236.472,44.724,-0.988,-0.154,0.027,0,0.174,0.985,-0.157,0.973,-0.172],12.5,"Standing",1,[683,357.5],[["D"],[]]],[[775.739,222.662,47.102,-0.988,0,0.157,0,1,0,-0.157,0,-0.988],[],1,8,[-15.644,0,-2.182],[0,0,0],[774.385,236.472,44.664,-0.985,-0.168,0.03,0,0.174,0.985,-0.171,0.97,-0.171],12.5,"Standing",1,[683,357.5],[[],[]]],[[775.542,222.662,47.071,-0.985,0,0.171,0,1,0,-0.171,0,-0.985],[["walk",0.1]],1.089,8,[-15.794,0,-2.491],[0,0,0],[774.223,236.472,44.615,-0.983,-0.182,0.032,0,0.174,0.985,-0.185,0.968,-0.171],12.5,"Running",1,[683,357.5],[[],[]]],[[775.279,222.662,47.026,-0.983,0,0.185,0,1,0,-0.185,0,-0.983],[],1.089,8,[-15.766,0,-2.727],[0,0,0],[773.991,236.472,44.553,-0.98,-0.194,0.034,0,0.174,0.985,-0.197,0.966,-0.17],12.5,"Running",1,[683,357.5],[[],[]]],[[775.082,222.662,46.99,-0.98,0,0.197,0,1,0,-0.197,0,-0.98],[],1.089,8,[-15.727,0,-2.942],[0,0,0],[773.821,236.472,44.503,-0.978,-0.205,0.036,0,0.174,0.985,-0.208,0.963,-0.17],12.5,"Running",1,[683,357.5],[[],[]]],[[774.755,222.662,46.925,-0.978,0,0.208,0,1,0,-0.208,0,-0.978],[],1.089,8,[-15.687,0,-3.15],[0,0,0],[773.518,236.472,44.426,-0.976,-0.214,0.038,0,0.174,0.985,-0.217,0.961,-0.17],12.5,"Running",1,[683,357.5],[[],[]]],[[774.495,222.662,46.87,-0.976,0,0.217,0,1,0,-0.217,0,-0.976],[["walk",0.1]],1.089,8,[-15.652,0,-3.32],[0,0,0],[773.273,236.472,44.363,-0.975,-0.22,0.039,0,0.174,0.985,-0.223,0.96,-0.169],12.5,"Running",1,[683,357.5],[[],[]]],[[774.234,222.662,46.812,-0.975,0,0.223,0,1,0,-0.223,0,-0.975],[],1.089,8,[-15.62,0,-3.468],[0,0,0],[773.024,236.472,44.3,-0.974,-0.224,0.04,0,0.174,0.985,-0.228,0.959,-0.169],12.5,"Running",1,[683,357.5],[[],[]]],[[773.974,222.662,46.753,-0.974,0,0.228,0,1,0,-0.228,0,-0.974],[],1.089,8,[-15.597,0,-3.568],[0,0,0],[772.78,236.472,44.233,-0.972,-0.23,0.041,0,0.174,0.985,-0.234,0.958,-0.169],12.5,"Running",1,[683,357.5],[[],[]]],[[773.714,222.662,46.692,-0.972,0,0.234,0,1,0,-0.234,0,-0.972],[],1.089,8,[-15.58,0,-3.641],[0,0,0],[772.532,236.472,44.167,-0.971,-0.235,0.041,0,0.174,0.985,-0.238,0.956,-0.169],12.5,"Running",1,[683,357.5],[[],[]]],[[773.455,222.662,46.63,-0.971,0,0.238,0,1,0,-0.238,0,-0.971],[],1.089,8,[-15.557,0,-3.739],[0,0,0],[772.285,236.472,44.099,-0.97,-0.239,0.042,0,0.174,0.985,-0.243,0.955,-0.168],12.5,"Running",1,[683,357.5],[[],[]]],[[773.196,222.662,46.567,-0.97,0,0.243,0,1,0,-0.243,0,-0.97],[],1.089,8,[-15.539,0,-3.812],[0,0,0],[772.042,236.472,44.029,-0.968,-0.245,0.043,0,0.174,0.985,-0.249,0.954,-0.168],12.5,"Running",1,[683,357.5],[[],[]]],[[772.938,222.662,46.502,-0.968,0,0.249,0,1,0,-0.249,0,-0.968],[["walk",0.1]],1.089,8,[-15.521,0,-3.886],[0,0,0],[771.791,236.472,43.96,-0.968,-0.248,0.044,0,0.174,0.985,-0.252,0.953,-0.168],12.5,"Running",1,[683,357.5],[[],[]]],[[772.679,222.662,46.436,-0.968,0,0.252,0,1,0,-0.252,0,-0.968],[],1.089,8,[-15.496,0,-3.983],[0,0,0],[771.541,236.472,43.89,-0.967,-0.251,0.044,0,0.174,0.985,-0.255,0.952,-0.168],12.5,"Running",1,[683,357.5],[[],[]]],[[772.421,222.662,46.368,-0.967,0,0.255,0,1,0,-0.255,0,-0.967],[],1.089,8,[-15.484,0,-4.032],[0,0,0],[771.291,236.472,43.82,-0.966,-0.254,0.045,0,0.174,0.985,-0.258,0.951,-0.168],12.5,"Running",1,[683,357.5],[[],[]]],[[772.099,222.662,46.284,-0.966,0,0.258,0,1,0,-0.258,0,-0.966],[],1.089,8,[-15.471,0,-4.082],[0,0,0],[770.969,236.472,43.735,-0.966,-0.254,0.045,0,0.174,0.985,-0.258,0.951,-0.168],12.5,"Running",1,[683,357.5],[[],[]]],[[771.841,222.662,46.215,-0.966,0,0.258,0,1,0,-0.258,0,-0.966],[],1.089,8,[-15.458,0,-4.13],[0,0,0],[770.711,236.472,43.666,-0.966,-0.254,0.045,0,0.174,0.985,-0.258,0.951,-0.168],12.5,"Running",1,[683,357.5],[[],[]]],[[771.584,222.662,46.146,-0.966,0,0.258,0,1,0,-0.258,0,-0.966],[],1.089,8,[-15.458,0,-4.131],[0,0,0],[770.453,236.472,43.597,-0.966,-0.254,0.045,0,0.174,0.985,-0.258,0.951,-0.168],12.5,"Running",1,[683,357.5],[[],[]]],[[771.391,222.662,46.094,-0.966,0,0.258,0,1,0,-0.258,0,-0.966],[],1.089,8,[-15.458,0,-4.131],[0,0,0],[770.26,236.472,43.545,-0.966,-0.254,0.045,0,0.174,0.985,-0.258,0.951,-0.168],12.5,"Running",1,[683,357.5],[[],[]]],[[771.069,222.662,46.008,-0.966,0,0.258,0,1,0,-0.258,0,-0.966],[["walk",0.1]],1.089,8,[-15.458,0,-4.131],[0,0,0],[769.938,236.472,43.459,-0.966,-0.254,0.045,0,0.174,0.985,-0.258,0.951,-0.168],12.5,"Running",1,[683,357.5],[[],[]]],[[770.811,222.662,45.939,-0.966,0,0.258,0,1,0,-0.258,0,-0.966],[],1.089,8,[-15.458,-0.001,-4.131],[0,0,0],[769.661,236.472,43.4,-0.968,-0.247,0.044,0,0.174,0.985,-0.251,0.953,-0.168],12.5,"Running",1,[683,357.5],[[],[]]],[[770.553,222.662,45.871,-0.968,0,0.251,0,1,0,-0.251,0,-0.968],[],1.089,8,[-15.458,-0.001,-4.131],[0,0,0],[769.375,236.472,43.343,-0.971,-0.236,0.042,0,0.174,0.985,-0.24,0.956,-0.169],12.5,"Running",1,[683,357.5],[[],[]]],[[770.36,222.662,45.82,-0.971,0,0.24,0,1,0,-0.24,0,-0.971],[],1.089,8,[-15.488,-0.001,-4.015],[0,0,0],[769.134,236.472,43.316,-0.975,-0.218,0.038,0,0.174,0.985,-0.222,0.96,-0.169],12.5,"Running",1,[683,357.5],[[],[]]],[[770.036,222.662,45.74,-0.975,0,0.222,0,1,0,-0.222,0,-0.975],[],1.089,8,[-15.532,-0.001,-3.84],[0,0,0],[768.748,236.472,43.267,-0.98,-0.194,0.034,0,0.174,0.985,-0.197,0.966,-0.17],12.5,"Running",1,[683,357.5],[[],[]]],[[769.778,222.628,45.676,-0.98,0,0.197,0,1,0,-0.197,0,-0.98],[],1.089,8,[-15.533,-3.271,-3.839],[0,0,0],[768.42,236.438,43.24,-0.986,-0.167,0.029,0,0.174,0.985,-0.169,0.971,-0.171],12.5,"Running",1,[683,357.5],[["Space"],[]]],[[769.519,223.504,45.612,-0.986,0,0.169,0,1,0,-0.169,0,-0.986],[["walk",0.1],["walk",0.1],["jump",0.1]],1,3,[-15.533,51.518,-3.839],[0,0,0],[768.093,237.314,43.216,-0.99,-0.139,0.025,0,0.174,0.985,-0.141,0.975,-0.172],12.5,"Jumping",1,[683,357.5],[[],[]]],[[769.257,224.328,45.563,-0.973,0,0.232,0,1,0,-0.232,0,-0.973],[["jump",0.1]],1,5,[-15.763,48.248,-2.736],[0,-7.071,0],[767.756,238.139,43.213,-0.994,-0.108,0.019,0,0.174,0.985,-0.11,0.979,-0.173],12.5,"FreeFall",1,[683,357.5],[[],[]]],[[768.861,225.463,45.505,-0.954,0,0.3,0,1,0,-0.3,0,-0.954],[],1,5,[-15.839,43.343,-2.262],[0,-7.96,0],[767.342,239.273,43.167,-0.995,-0.101,0.018,0,0.174,0.985,-0.102,0.98,-0.173],12.5,"FreeFall",1,[683,357.5],[[],[]]],[[768.729,225.814,45.49,-0.986,0,0.168,0,1,0,-0.168,0,-0.986],[],1,5,[-15.894,41.708,-1.833],[0,-7.984,0],[767.163,239.624,43.183,-0.997,-0.081,0.014,0,0.174,0.985,-0.082,0.981,-0.173],12.5,"FreeFall",1,[683,357.5],[[],[]]],[[768.397,226.632,45.455,-0.969,0,0.246,0,1,0,-0.246,0,-0.969],[],1,5,[-15.916,37.621,-1.639],[0,-7.995,0],[766.82,240.442,43.156,-0.997,-0.076,0.013,0,0.174,0.985,-0.077,0.982,-0.173],12.5,"FreeFall",1,[683,357.5],[[],[]]],[[768.264,226.935,45.443,-0.99,0,0.144,0,1,0,-0.144,0,-0.99],[],1,5,[-15.942,35.986,-1.358],[0,-7.996,0],[766.673,240.745,43.154,-0.997,-0.07,0.012,0,0.174,0.985,-0.071,0.982,-0.173],12.5,"FreeFall",1,[683,357.5],[[],[]]],[[767.932,227.634,45.417,-0.972,0,0.235,0,1,0,-0.235,0,-0.972],[],1,5,[-15.952,31.898,-1.238],[0,-7.996,0],[766.341,241.444,43.128,-0.997,-0.07,0.012,0,0.174,0.985,-0.071,0.982,-0.173],12.5,"FreeFall",1,[683,357.5],[[],[]]],[[767.666,228.131,45.398,-0.979,0,0.203,0,1,0,-0.203,0,-0.979],[],1,5,[-15.959,28.628,-1.138],[0,-7.996,0],[766.075,241.942,43.109,-0.997,-0.07,0.012,0,0.174,0.985,-0.071,0.982,-0.173],12.5,"FreeFall",1,[683,357.5],[[],[]]],[[767.4,228.575,45.379,-0.979,0,0.203,0,1,0,-0.203,0,-0.979],[],1,5,[-15.96,25.358,-1.136],[0,-7.996,0],[765.809,242.385,43.09,-0.997,-0.07,0.012,0,0.174,0.985,-0.071,0.982,-0.173],12.5,"FreeFall",1,[683,357.5],[[],[]]],[[767.2,228.871,45.365,-0.985,0,0.17,0,1,0,-0.17,0,-0.985],[],1,5,[-15.96,22.906,-1.136],[0,-7.996,0],[765.609,242.681,43.076,-0.997,-0.07,0.012,0,0.174,0.985,-0.071,0.982,-0.173],12.5,"FreeFall",1,[683,357.5],[[],[]]],[[766.868,229.297,45.341,-0.972,0,0.235,0,1,0,-0.235,0,-0.972],[],1,5,[-15.96,18.818,-1.136],[0,-7.996,0],[765.276,243.107,43.052,-0.997,-0.07,0.012,0,0.174,0.985,-0.071,0.982,-0.173],12.5,"FreeFall",1,[683,357.5],[[],[]]],[[766.668,229.512,45.327,-0.985,0,0.17,0,1,0,-0.17,0,-0.985],[],1,5,[-15.96,16.366,-1.136],[0,-7.996,0],[765.084,243.322,43.033,-0.997,-0.073,0.013,0,0.174,0.985,-0.074,0.982,-0.173],12.5,"FreeFall",1,[683,357.5],[[],[]]],[[766.336,229.802,45.303,-0.971,0,0.238,0,1,0,-0.238,0,-0.971],[],1,5,[-15.96,12.278,-1.136],[0,-7.996,0],[764.758,243.612,43.004,-0.997,-0.076,0.013,0,0.174,0.985,-0.077,0.982,-0.173],12.5,"FreeFall",1,[683,357.5],[[],[]]],[[766.07,229.972,45.284,-0.978,0,0.209,0,1,0,-0.209,0,-0.978],[],1,5,[-15.956,9.008,-1.185],[0,-7.996,0],[764.503,243.783,42.977,-0.997,-0.081,0.014,0,0.174,0.985,-0.082,0.981,-0.173],12.5,"FreeFall",1,[683,357.5],[[],[]]],[[765.804,230.088,45.263,-0.977,0,0.214,0,1,0,-0.214,0,-0.977],[],1,5,[-15.952,5.738,-1.235],[0,-7.996,0],[764.238,243.899,42.957,-0.997,-0.081,0.014,0,0.174,0.985,-0.082,0.981,-0.173],12.5,"FreeFall",1,[683,357.5],[[],[]]],[[765.538,230.15,45.242,-0.977,0,0.214,0,1,0,-0.214,0,-0.977],[],1,5,[-15.946,2.468,-1.31],[0,-7.996,0],[763.975,243.96,42.932,-0.997,-0.082,0.015,0,0.174,0.985,-0.084,0.981,-0.173],12.5,"FreeFall",1,[683,357.5],[[],["Space"]]],[[765.206,230.15,45.214,-0.969,0,0.248,0,1,0,-0.248,0,-0.969],[],1,5,[-15.946,-1.619,-1.311],[0,-7.996,0],[763.643,243.96,42.905,-0.997,-0.082,0.015,0,0.174,0.985,-0.084,0.981,-0.173],12.5,"FreeFall",1,[683,357.5],[[],[]]],[[765.006,230.11,45.198,-0.983,0,0.183,0,1,0,-0.183,0,-0.983],[],1,5,[-15.944,-4.072,-1.335],[0,-7.996,0],[763.444,243.92,42.888,-0.997,-0.082,0.015,0,0.174,0.985,-0.084,0.981,-0.173],12.5,"FreeFall",1,[683,357.5],[[],[]]],[[764.807,230.038,45.181,-0.983,0,0.183,0,1,0,-0.183,0,-0.983],[],1,5,[-15.944,-6.524,-1.337],[0,-7.996,0],[763.248,243.848,42.869,-0.996,-0.084,0.015,0,0.174,0.985,-0.085,0.981,-0.173],12.5,"FreeFall",1,[683,357.5],[[],[]]],[[764.475,229.851,45.153,-0.968,0,0.249,0,1,0,-0.249,0,-0.968],[["fall",0.3]],1,5,[-15.944,-10.612,-1.337],[0,-7.996,0],[762.909,243.661,42.846,-0.997,-0.081,0.014,0,0.174,0.985,-0.082,0.981,-0.173],12.5,"FreeFall",1,[683,357.5],[[],[]]],[[764.209,229.64,45.13,-0.977,0,0.214,0,1,0,-0.214,0,-0.977],[],1,5,[-15.942,-13.882,-1.361],[0,-7.996,0],[762.629,243.451,42.834,-0.997,-0.075,0.013,0,0.174,0.985,-0.076,0.982,-0.173],12.5,"FreeFall",1,[683,357.5],[[],[]]],[[764.01,229.446,45.114,-0.985,0,0.175,0,1,0,-0.175,0,-0.985],[],1,5,[-15.946,-16.334,-1.315],[0,-7.996,0],[762.411,243.257,42.83,-0.998,-0.067,0.012,0,0.174,0.985,-0.068,0.983,-0.173],12.5,"FreeFall",1,[683,357.5],[[],[]]],[[763.678,229.055,45.088,-0.973,0,0.232,0,1,0,-0.232,0,-0.973],[],1,5,[-15.954,-20.422,-1.212],[0,-7.996,0],[762.058,242.865,42.819,-0.998,-0.058,0.01,0,0.174,0.985,-0.058,0.983,-0.173],12.5,"FreeFall",1,[683,357.5],[[],[]]],[[763.478,228.779,45.075,-0.987,0,0.158,0,1,0,-0.158,0,-0.987],[],1,5,[-15.963,-22.874,-1.093],[0,-7.996,0],[761.833,242.589,42.823,-0.999,-0.047,0.008,0,0.174,0.985,-0.048,0.984,-0.173],12.5,"FreeFall",1,[683,357.5],[[],[]]],[[763.146,228.252,45.055,-0.977,0,0.212,0,1,0,-0.212,0,-0.977],[],1,5,[-15.973,-26.962,-0.937],[0,-7.996,0],[761.472,242.062,42.824,-0.999,-0.034,0.006,0,0.174,0.985,-0.035,0.984,-0.174],12.5,"FreeFall",1,[683,357.5],[[],[]]],[[762.946,227.894,45.045,-0.991,0,0.134,0,1,0,-0.134,0,-0.991],[],1,5,[-15.981,-29.414,-0.77],[0,-7.996,0],[761.252,241.704,42.83,-1,-0.025,0.004,0,0.174,0.985,-0.026,0.984,-0.174],12.5,"FreeFall",1,[683,357.5],[[],[]]],[[762.613,227.23,45.033,-0.982,0,0.191,0,1,0,-0.191,0,-0.982],[["fall",0.3]],1,5,[-15.99,-33.502,-0.561],[0,-7.996,0],[760.901,241.04,42.831,-1,-0.017,0.003,0,0.174,0.985,-0.018,0.985,-0.174],12.5,"FreeFall",1,[683,357.5],[[],[]]],[[762.413,226.791,45.027,-0.999,0,0.05,0,1,0,-0.05,0,-0.999],[["walk",0.1],["fall",0.3],["fall",0.3]],1,7,[-15.995,-35.954,-0.417],[0,-1.026,0],[760.698,240.601,42.829,-1,-0.016,0.003,0,0.174,0.985,-0.016,0.985,-0.174],12.5,"FreeFall",1,[683,357.5],[[],[]]],[[762.079,226.044,45.021,-1,0,0.022,0,1,0,-0.022,0,-1],[],1,7,[-15.997,-27.453,-0.284],[0,-0.069,0],[760.365,239.854,42.822,-1,-0.016,0.003,0,0.174,0.985,-0.016,0.985,-0.174],12.5,"FreeFall",1,[683,357.5],[[],[]]],[[761.879,225.973,45.018,-1,0,0.016,0,1,0,-0.016,0,-1],[],1,7,[-15.998,0.484,-0.259],[0,-0.014,0],[760.168,239.784,42.816,-1,-0.017,0.003,0,0.174,0.985,-0.018,0.985,-0.174],12.5,"FreeFall",1,[683,357.5],[[],[]]],[[761.546,226.068,45.012,-1,0,0.018,0,1,0,-0.018,0,-1],[["walk",0.1],["fall",0.3],["walk",0.1]],1.103,8,[-15.998,4.777,-0.258],[0,0,0],[759.856,239.878,42.795,-1,-0.027,0.005,0,0.174,0.985,-0.027,0.984,-0.174],12.5,"Running",1,[683,357.5],[[],[]]],[[761.28,226.124,45.008,-1,0,0.027,0,1,0,-0.027,0,-1],[],1.103,8,[-15.998,2.918,-0.282],[0,0,0],[759.642,239.935,42.751,-0.999,-0.05,0.009,0,0.174,0.985,-0.051,0.984,-0.173],12.5,"Running",1,[683,357.5],[[],[]]],[[760.88,226.161,44.997,-0.999,0,0.051,0,1,0,-0.051,0,-0.999],[["walk",0.1]],1.103,8,[-15.994,0.867,-0.433],[0,0,0],[759.295,239.971,42.703,-0.997,-0.073,0.013,0,0.174,0.985,-0.074,0.982,-0.173],12.5,"Running",1,[683,357.5],[[],[]]],[[760.68,226.166,44.988,-0.997,0,0.074,0,1,0,-0.074,0,-0.997],[],1.103,8,[-15.98,0.274,-0.79],[0,0,0],[759.161,239.976,42.649,-0.995,-0.101,0.018,0,0.174,0.985,-0.102,0.98,-0.173],12.5,"Running",1,[683,357.5],[[],[]]],[[760.414,226.167,44.969,-0.995,0,0.102,0,1,0,-0.102,0,-0.995],[],1.103,8,[-15.956,-0.077,-1.179],[0,0,0],[758.984,239.977,42.575,-0.99,-0.138,0.024,0,0.174,0.985,-0.14,0.975,-0.172],12.5,"Running",1,[683,357.5],[[],[]]],[[760.215,226.165,44.95,-0.99,0,0.14,0,1,0,-0.14,0,-0.99],[],1.103,8,[-15.918,-0.133,-1.613],[0,0,0],[758.892,239.975,42.495,-0.983,-0.18,0.032,0,0.174,0.985,-0.183,0.968,-0.171],12.5,"Running",1,[683,357.5],[[],[]]],[[759.885,226.163,44.904,-0.983,0,0.183,0,1,0,-0.183,0,-0.983],[],1.103,8,[-15.844,-0.08,-2.231],[0,0,0],[758.679,239.973,42.39,-0.973,-0.226,0.04,0,0.174,0.985,-0.229,0.959,-0.169],12.5,"Running",1,[683,357.5],[[],[]]],[[759.622,226.162,44.857,-0.973,0,0.229,0,1,0,-0.229,0,-0.973],[],1.103,8,[-15.732,-0.027,-2.917],[0,0,0],[758.532,239.97,42.278,-0.962,-0.268,0.048,0,0.175,0.985,-0.272,0.948,-0.168],12.5,"Running",1,[683,357.5],[[],[]]],[[759.362,226.162,44.798,-0.962,0,0.272,0,1,0,-0.272,0,-0.962],[],1.103,8,[-15.577,-0.001,-3.654],[0,0,0],[758.366,239.97,42.181,-0.952,-0.302,0.054,0,0.175,0.985,-0.306,0.937,-0.166],12.5,"Running",1,[683,357.5],[[],[]]],[[759.169,226.162,44.745,-0.952,0,0.306,0,1,0,-0.306,0,-0.952],[["walk",0.1]],1.103,8,[-15.407,0.006,-4.313],[0,0,0],[758.247,239.97,42.102,-0.943,-0.328,0.058,0,0.175,0.985,-0.333,0.928,-0.165],12.5,"Running",1,[683,357.5],[[],[]]],[[758.852,226.162,44.645,-0.943,0,0.333,0,1,0,-0.333,0,-0.943],[],1.103,8,[-15.232,0.004,-4.898],[0,0,0],[757.971,239.97,41.987,-0.938,-0.343,0.061,0,0.175,0.985,-0.348,0.923,-0.164],12.5,"Running",1,[683,357.5],[[],[]]],[[758.663,226.162,44.579,-0.938,0,0.348,0,1,0,-0.348,0,-0.938],[],1.103,8,[-15.093,0.002,-5.308],[0,0,0],[757.787,239.97,41.92,-0.937,-0.344,0.061,0,0.175,0.985,-0.349,0.923,-0.164],12.5,"Running",1,[683,357.5],[[],[]]],[[758.348,226.111,44.468,-0.937,0,0.349,0,1,0,-0.349,0,-0.937],[],1.103,8,[-15.086,-4.085,-5.331],[0,0,0],[757.46,239.919,41.813,-0.939,-0.34,0.06,0,0.175,0.985,-0.345,0.924,-0.164],12.5,"Running",1,[683,357.5],[[],[]]],[[758.16,226.04,44.401,-0.939,0,0.345,0,1,0,-0.345,0,-0.939],[],1.103,8,[-15.086,-6.538,-5.331],[0,0,0],[757.188,239.85,41.788,-0.948,-0.312,0.055,0,0.174,0.985,-0.317,0.934,-0.165],12.5,"Running",1,[683,357.5],[[],[]]],[[757.845,225.852,44.29,-0.948,0,0.317,0,1,0,-0.317,0,-0.948],[],1.103,8,[-15.086,-10.625,-5.331],[0,0,0],[756.784,239.663,41.712,-0.959,-0.28,0.049,0,0.174,0.985,-0.284,0.944,-0.167],12.5,"Running",1,[683,357.5],[[],[]]],[[757.657,225.699,44.224,-0.959,0,0.284,0,1,0,-0.284,0,-0.959],[["walk",0.1]],1.103,8,[-15.086,-13.078,-5.331],[0,0,0],[756.503,239.509,41.686,-0.968,-0.245,0.043,0,0.174,0.985,-0.249,0.954,-0.168],12.5,"Running",1,[683,357.5],[["Space"],[]]],[[757.342,226.772,44.113,-0.968,0,0.249,0,1,0,-0.249,0,-0.968],[["walk",0.1],["jump",0.1]],1,3,[-15.086,49.883,-5.331],[0,0,0],[756.109,240.583,41.612,-0.976,-0.215,0.038,0,0.174,0.985,-0.219,0.961,-0.169],12.5,"Jumping",1,[683,357.5],[[],[]]],[[757.021,227.761,44.024,-0.942,0,0.337,0,1,0,-0.337,0,-0.942],[["jump",0.1]],1,5,[-15.491,45.796,-4.001],[0,-7.457,0],[755.725,241.571,41.556,-0.981,-0.191,0.034,0,0.174,0.985,-0.194,0.966,-0.17],12.5,"FreeFall",1,[683,357.5],[[],[]]],[[756.761,228.49,43.965,-0.947,0,0.32,0,1,0,-0.32,0,-0.947],[],1,5,[-15.611,42.526,-3.507],[0,-7.934,0],[755.427,242.3,41.517,-0.984,-0.176,0.031,0,0.174,0.985,-0.179,0.969,-0.171],12.5,"FreeFall",1,[683,357.5],[[],[]]],[[756.565,229.001,43.925,-0.961,0,0.276,0,1,0,-0.276,0,-0.961],[],1,5,[-15.692,40.073,-3.125],[0,-7.984,0],[755.204,242.811,41.492,-0.986,-0.165,0.029,0,0.174,0.985,-0.168,0.971,-0.171],12.5,"FreeFall",1,[683,357.5],[[],[]]],[[756.303,229.635,43.877,-0.955,0,0.297,0,1,0,-0.297,0,-0.955],[],1,5,[-15.742,36.803,-2.862],[0,-7.994,0],[754.926,243.445,41.452,-0.987,-0.159,0.028,0,0.174,0.985,-0.162,0.972,-0.171],12.5,"FreeFall",1,[683,357.5],[[],[]]],[[756.106,230.074,43.843,-0.966,0,0.259,0,1,0,-0.259,0,-0.966],[],1,5,[-15.772,34.351,-2.693],[0,-7.996,0],[754.707,243.885,41.431,-0.988,-0.15,0.026,0,0.174,0.985,-0.152,0.973,-0.172],12.5,"FreeFall",1,[683,357.5],[[],[]]],[[755.777,230.739,43.789,-0.949,0,0.314,0,1,0,-0.314,0,-0.949],[],1,5,[-15.79,30.263,-2.585],[0,-7.996,0],[754.344,244.549,41.397,-0.99,-0.136,0.024,0,0.174,0.985,-0.138,0.975,-0.172],12.5,"FreeFall",1,[683,357.5],[[],[]]],[[755.579,231.097,43.758,-0.972,0,0.236,0,1,0,-0.236,0,-0.972],[],1,5,[-15.812,27.811,-2.443],[0,-7.996,0],[754.076,244.907,41.41,-0.994,-0.107,0.019,0,0.174,0.985,-0.109,0.979,-0.173],12.5,"FreeFall",1,[683,357.5],[[],[]]],[[755.249,231.625,43.711,-0.962,0,0.272,0,1,0,-0.272,0,-0.962],[],1,5,[-15.846,23.723,-2.213],[0,-7.996,0],[753.716,245.435,41.383,-0.995,-0.095,0.017,0,0.174,0.985,-0.096,0.98,-0.173],12.5,"FreeFall",1,[683,357.5],[[],[]]],[[755.051,231.901,43.689,-0.981,0,0.195,0,1,0,-0.195,0,-0.981],[],1,5,[-15.902,21.271,-1.763],[0,-7.996,0],[753.434,245.711,41.417,-0.998,-0.059,0.01,0,0.174,0.985,-0.06,0.983,-0.173],12.5,"FreeFall",1,[683,357.5],[[],[]]],[[754.719,232.293,43.656,-0.974,0,0.225,0,1,0,-0.225,0,-0.974],[],1,5,[-15.926,17.183,-1.539],[0,-7.996,0],[753.042,246.103,41.428,-0.999,-0.033,0.006,0,0.174,0.985,-0.033,0.984,-0.174],12.5,"FreeFall",1,[683,357.5],[[],[]]],[[754.519,232.488,43.643,-0.991,0,0.133,0,1,0,-0.133,0,-0.991],[],1,5,[-15.969,14.731,-0.992],[0,-7.996,0],[752.781,246.298,41.463,-1,-0.005,0.001,0,0.174,0.985,-0.005,0.985,-0.174],12.5,"FreeFall",1,[683,357.5],[[],[]]],[[754.186,232.743,43.63,-0.985,0,0.171,0,1,0,-0.171,0,-0.985],[],1,5,[-15.991,10.643,-0.538],[0,-7.996,0],[752.383,246.554,41.504,-1,0.024,-0.004,0,0.174,0.985,0.025,0.985,-0.174],12.5,"FreeFall",1,[683,357.5],[[],[]]],[[753.92,232.887,43.628,-0.994,0,0.108,0,1,0,-0.108,0,-0.994],[],1,5,[-16,7.373,-0.091],[0,-7.996,0],[752.057,246.697,41.553,-0.999,0.052,-0.009,0,0.174,0.985,0.053,0.983,-0.173],12.5,"FreeFall",1,[683,357.5],[[],[]]],[[753.653,232.976,43.633,-0.997,0,0.08,0,1,0,-0.08,0,-0.997],[],1,5,[-15.995,4.103,0.385],[0,-7.996,0],[751.742,246.786,41.603,-0.997,0.075,-0.013,0,0.174,0.985,0.076,0.982,-0.173],12.5,"FreeFall",1,[683,357.5],[[],[]]],[[753.453,233.006,43.643,-1,0,0.023,0,1,0,-0.023,0,-1],[],1,5,[-15.978,1.651,0.823],[0,-7.996,0],[751.495,246.817,41.658,-0.995,0.098,-0.017,0,0.174,0.985,0.1,0.98,-0.173],12.5,"FreeFall",1,[683,357.5],[[],[]]],[[753.065,232.975,43.63,-0.995,0,0.1,0,1,0,-0.1,0,-0.995],[],1,5,[-15.938,-3.254,0.025],[0.021,-7.996,0.001],[751.058,246.785,41.695,-0.992,0.123,-0.022,0,0.174,0.985,0.125,0.977,-0.172],12.5,"FreeFall",1,[683,357.5],[[],[]]],[[752.876,232.912,43.614,-1,0,-0.025,0,1,-0.001,0.025,-0.001,-1],[],1,5,[-15.614,-5.707,-0.142],[0.038,-7.996,0.002],[750.821,246.722,41.729,-0.989,0.148,-0.026,0,0.174,0.985,0.15,0.974,-0.172],12.5,"FreeFall",1,[683,357.5],[[],[]]],[[752.624,232.782,43.598,-1,0,-0.017,0,1,-0.001,0.017,-0.001,-1],[],1,5,[-15.722,-8.977,-0.043],[0.048,-7.996,-0.002],[750.521,246.592,41.765,-0.985,0.172,-0.03,0,0.174,0.985,0.175,0.97,-0.171],12.5,"FreeFall",1,[683,357.5],[[],[]]],[[752.436,232.649,43.589,-0.997,0,-0.075,0,1,0,0.075,0,-0.997],[],1,5,[-15.479,-11.429,-0.171],[0.034,-7.996,-0.005],[750.283,246.459,41.816,-0.979,0.199,-0.035,0,0.174,0.985,0.202,0.964,-0.17],12.5,"FreeFall",1,[683,357.5],[[],["Space"]]],[[752.111,232.359,43.621,-0.999,0,-0.037,0,1,0,0.037,0,-0.999],[["fall",0.3]],1,5,[-15.732,-15.517,2.571],[0.008,-7.996,-0.005],[749.906,246.17,41.915,-0.973,0.228,-0.04,0,0.174,0.985,0.231,0.958,-0.169],12.5,"FreeFall",1,[683,357.5],[[],[]]],[[751.924,232.144,43.623,-0.991,0,-0.133,0,1,0,0.133,0,-0.991],[],1,5,[-15.39,-17.969,0.301],[0.018,-7.996,-0.001],[749.641,245.954,42.021,-0.961,0.273,-0.048,0,0.174,0.985,0.277,0.946,-0.167],12.5,"FreeFall",1,[683,357.5],[[],[]]],[[751.61,231.717,43.606,-0.994,0,-0.113,0,1,-0.001,0.113,-0.001,-0.994],[],1,5,[-15.523,-22.057,0.056],[0.039,-7.996,-0.001],[749.273,245.527,42.084,-0.951,0.305,-0.054,0,0.174,0.985,0.31,0.936,-0.165],12.5,"FreeFall",1,[683,357.5],[[],[]]],[[751.417,231.421,43.621,-0.977,0,-0.214,0,1,0,0.214,0,-0.977],[],1,5,[-15.461,-24.509,1.838],[0.021,-7.996,-0.005],[749.024,245.231,42.189,-0.938,0.34,-0.06,0,0.174,0.985,0.346,0.924,-0.163],12.5,"FreeFall",1,[683,357.5],[[],[]]],[[751.097,230.859,43.696,-0.983,0,-0.185,0,1,0,0.185,0,-0.983],[],1,5,[-15.233,-28.597,4.68],[0.002,-7.996,-0.004],[748.642,244.669,42.375,-0.922,0.382,-0.067,0,0.174,0.985,0.388,0.908,-0.16],12.5,"FreeFall",1,[683,357.5],[[],[]]],[[750.919,230.481,43.722,-0.956,0,-0.294,0,1,0,0.294,0,-0.956],[],1,5,[-14.475,-31.049,1.846],[0.008,-7.996,-0.001],[748.402,244.291,42.522,-0.902,0.426,-0.075,0,0.174,0.985,0.432,0.888,-0.157],12.5,"FreeFall",1,[683,357.5],[[],[]]],[[750.559,229.631,43.712,-0.97,0,-0.244,0,1,0,0.244,0,-0.97],[["fall",0.3]],1,5,[-14.733,-35.954,0.133],[0.032,-7.996,-0.002],[747.985,243.441,42.639,-0.879,0.47,-0.083,0,0.174,0.985,0.477,0.865,-0.153],12.5,"FreeFall",1,[683,357.5],[[],[]]],[[750.376,229.161,43.729,-0.922,0,-0.387,0,1,0,0.387,0,-0.922],[],1,5,[-14.652,-38.407,1.914],[0.016,-7.996,-0.005],[747.753,242.971,42.783,-0.855,0.512,-0.09,0,0.174,0.985,0.519,0.842,-0.148],12.5,"FreeFall",1,[683,357.5],[[],[]]],[[750.134,228.487,43.785,-0.916,0,-0.401,0,1,0,0.401,0,-0.916],[],1,5,[-14.407,-41.677,4.282],[0.002,-7.996,-0.004],[747.471,242.297,42.96,-0.83,0.549,-0.097,0,0.174,0.985,0.558,0.817,-0.144],12.5,"FreeFall",1,[683,357.5],[[],[]]],[[749.898,227.758,43.881,-0.897,0,-0.443,0,1,0,0.443,0,-0.897],[],1,5,[-13.979,-44.947,6.625],[-0.001,-7.996,-0.001],[747.203,241.569,43.169,-0.806,0.583,-0.103,0,0.174,0.985,0.593,0.793,-0.14],12.5,"FreeFall",1,[683,357.5],[[],[]]],[[749.672,226.975,44.014,-0.877,0,-0.48,0,1,0,0.48,0,-0.877],[],1,5,[-13.347,-48.217,8.704],[-0.001,-7.996,0],[746.955,240.785,43.388,-0.787,0.608,-0.107,0,0.174,0.985,0.618,0.775,-0.137],12.5,"FreeFall",1,[683,357.5],[[],[]]],[[749.456,226.138,44.171,-0.862,0,-0.508,0,1,0,0.508,0,-0.862],[],1,5,[-12.898,-51.487,9.465],[0,-7.996,0],[746.714,239.948,43.664,-0.759,0.642,-0.113,0,0.174,0.985,0.652,0.747,-0.132],12.5,"FreeFall",1,[683,357.5],[[],[]]],[[749.246,225.245,44.334,-0.838,0,-0.545,0,1,0,0.545,0,-0.838],[],1,5,[-12.591,-54.757,9.872],[0,-7.996,0],[746.493,239.056,43.892,-0.743,0.659,-0.116,0,0.174,0.985,0.669,0.732,-0.129],12.5,"FreeFall",1,[683,357.5],[[],[]]],[[748.992,225.418,44.55,-0.765,0,-0.644,0,1,0,0.644,0,-0.765],[["fall",0.3],["walk",0.1],["fall",0.3],["fall",0.3]],1,7,[-12.142,21.6,10.42],[0,0.046,0],[746.232,239.228,44.156,-0.731,0.672,-0.118,0,0.174,0.985,0.682,0.72,-0.127],12.5,"FreeFall",1,[683,357.5],[[],[]]],[[748.843,225.669,44.683,-0.731,0,-0.682,0,1,0,0.682,0,-0.731],[],1,7,[-11.903,18.592,10.692],[0,0.009,0],[746.081,239.479,44.302,-0.728,0.675,-0.119,0,0.174,0.985,0.685,0.717,-0.126],12.5,"FreeFall",1,[683,357.5],[[],[]]],[[748.696,225.855,44.819,-0.728,0,-0.686,0,1,0,0.686,0,-0.728],[["fall",0.3],["walk",0.1],["fall",0.3],["walk",0.1]],1.103,8,[-11.713,13.013,10.9],[0,0.002,0],[747.3,228.286,45.888,-0.733,0.669,-0.119,0,0.174,0.985,0.68,0.722,-0.128],12.5,"Running",1,[683,357.5],[[],[]]],[[748.589,226.059,44.918,-0.733,0,-0.68,0,1,0,0.68,0,-0.733],[],1.103,8,[-0.375,5.493,0.349],[0,0,0],[747.213,228.286,46.007,-0.737,0.666,-0.118,0,0.174,0.985,0.676,0.725,-0.128],12.5,"Running",1,[683,357.5],[[],[]]],[[748.588,226.11,44.919,-0.737,0,-0.676,0,1,0,0.676,0,-0.737],[["walk",0.1]],0.035,8,[-0.02,3.443,0.018],[0,0,0],[747.205,228.286,45.997,-0.745,0.657,-0.116,0,0.174,0.985,0.667,0.734,-0.13],12.5,"Running",1,[683,357.5],[[],[]]],[[748.588,226.141,44.919,-0.745,0,-0.667,0,1,0,0.667,0,-0.745],[["idle",0.1]],1,8,[-0.001,2.015,0.001],[0,0,0],[747.182,228.286,45.967,-0.762,0.638,-0.113,0,0.174,0.985,0.648,0.75,-0.132],12.5,"Standing",1,[683,357.5],[[],[]]],[[748.588,226.161,44.919,-0.762,0,-0.648,0,1,0,0.648,0,-0.762],[],1,8,[0,0.782,0],[0,0,0],[747.15,228.286,45.922,-0.783,0.613,-0.108,0,0.174,0.985,0.623,0.771,-0.136],12.5,"Standing",1,[683,357.5],[[],[]]],[[748.588,226.166,44.919,-0.782,0,-0.623,0,1,0,0.623,0,-0.782],[],1,8,[0,0.137,0],[0,0,0],[747.088,228.286,45.826,-0.822,0.561,-0.099,0,0.174,0.985,0.57,0.809,-0.143],12.5,"Standing",1,[683,357.5],[[],["E"]]],[[748.588,226.165,44.919,-0.822,0,-0.57,0,1,0,0.57,0,-0.822],[],1,8,[0,-0.116,0],[0,0,0],[747.069,228.286,45.795,-0.833,0.544,-0.096,0,0.174,0.985,0.553,0.821,-0.145],12.5,"Standing",1,[683,357.5],[[],[]]],[[748.588,226.164,44.919,-0.833,0,-0.553,0,1,0,0.553,0,-0.833],[],1,8,[0,-0.107,0],[0,0,0],[747.036,228.286,45.735,-0.854,0.512,-0.09,0,0.174,0.985,0.52,0.841,-0.148],12.5,"Standing",1,[683,357.5],[[],[]]],[[748.588,226.163,44.919,-0.854,0,-0.52,0,1,0,0.52,0,-0.854],[],1,8,[0,-0.058,0],[0,0,0],[746.998,228.286,45.658,-0.879,0.47,-0.083,0,0.174,0.985,0.477,0.865,-0.153],12.5,"Standing",1,[683,357.5],[[],[]]],[[748.588,226.162,44.919,-0.879,0,-0.478,0,1,0,0.478,0,-0.879],[],1,8,[0,-0.025,0],[0,0,0],[746.95,228.286,45.544,-0.91,0.408,-0.072,0,0.174,0.985,0.414,0.896,-0.158],12.5,"Standing",1,[683,357.5],[[],[]]],[[748.588,226.162,44.919,-0.91,0,-0.414,0,1,0,0.414,0,-0.91],[],1,8,[0,0.002,0],[0,0,0],[746.898,228.286,45.384,-0.946,0.32,-0.056,0,0.174,0.985,0.325,0.931,-0.164],12.5,"Standing",1,[683,357.5],[[],[]]],[[748.588,226.162,44.919,-0.946,0,-0.325,0,1,0,0.325,0,-0.946],[],1,8,[0,0.005,0],[0,0,0],[746.858,228.286,45.204,-0.975,0.221,-0.039,0,0.174,0.985,0.224,0.96,-0.169],12.5,"Standing",1,[683,357.5],[["D"],[]]],[[748.409,226.162,44.981,-0.976,0,-0.218,0,1,0,0.218,0,-0.976],[],1,8,[-13.84,0.004,4.758],[0,-0.392,0],[746.658,228.286,45.082,-0.993,0.119,-0.021,0,0.174,0.985,0.12,0.978,-0.172],12.5,"Standing",1,[683,357.5],[[],[]]],[[748.218,226.162,45.028,-0.993,0,-0.119,0,1,0,0.119,0,-0.993],[["walk",0.1]],1.009,8,[-15.501,0.002,3.645],[0,-0.078,0],[746.474,229.575,44.661,-1,-0.016,0.003,0,0.175,0.985,-0.016,0.984,-0.175],12.5,"Running",1,[683,357.5],[[],[]]],[[747.822,226.162,45.081,-1,0,0.027,0,1,0,-0.027,0,-1],[["walk",0.1]],1.098,8,[-15.883,0,1.93],[0,-0.521,0],[746.145,231.201,44.275,-0.995,-0.099,0.018,0,0.176,0.984,-0.101,0.979,-0.175],12.5,"Running",1,[683,357.5],[[],[]]],[[747.622,226.162,45.083,-0.995,0,0.103,0,1,0,-0.103,0,-0.995],[],1.098,8,[-15.992,0,-0.141],[0,-0.103,0],[746.078,233.217,43.793,-0.984,-0.176,0.031,0,0.176,0.984,-0.178,0.969,-0.173],12.5,"Running",1,[683,357.5],[[],[]]],[[747.459,226.162,45.06,-0.985,0,0.17,0,1,0,-0.17,0,-0.985],[],1.098,8,[7.796,0,-1.583],[-0.001,2.076,-0.009],[746.078,234.781,43.387,-0.969,-0.242,0.044,0,0.177,0.984,-0.246,0.954,-0.172],12.5,"Running",1,[683,357.5],[[],[]]],[[747.484,226.162,45.037,-0.972,0,0.233,0,1,0,-0.233,0,-0.972],[["walk",0.1],["walk",0.1]],0.549,8,[-0.291,0,-1.731],[0.001,1.191,-0.001],[746.28,236.438,43.01,-0.955,-0.291,0.052,0,0.177,0.984,-0.296,0.94,-0.169],12.5,"Running",1,[683,357.5],[[],[]]],[[747.479,226.162,44.996,-0.966,0,0.26,0,1,0,-0.26,0,-0.966],[["walk",0.1]],0.121,8,[-0.273,0,-2.132],[0,1.977,0],[746.394,237.317,42.781,-0.945,-0.322,0.058,0,0.177,0.984,-0.327,0.93,-0.167],12.5,"Running",1,[683,357.5],[[],[]]],[[747.451,226.142,44.953,-0.955,0.023,0.296,0.024,1,0,-0.296,0.007,-0.955],[["walk",0.1]],0.148,8,[-2.096,-1.672,-2.856],[0.562,2.165,-1.695],[746.509,238.18,42.575,-0.937,-0.344,0.062,0,0.177,0.984,-0.349,0.922,-0.166],12.5,"Running",1,[683,357.5],[[],[]]],[[747.283,226.14,44.88,-0.941,0.014,0.339,0.014,1,0,-0.339,0.005,-0.941],[["walk",0.1]],0.244,8,[-13.972,0.417,-5.048],[-0.393,0.25,1.067],[746.423,238.734,42.393,-0.927,-0.368,0.066,0,0.176,0.984,-0.374,0.913,-0.163],12.5,"Running",1,[683,357.5],[[],[]]],[[747.037,226.15,44.789,-0.928,0.001,0.373,0.001,1,0,-0.373,0,-0.928],[["walk",0.1]],1.025,8,[-14.891,0.642,-5.549],[-0.184,0.029,0.468],[746.293,239.096,42.213,-0.909,-0.41,0.073,0,0.175,0.985,-0.416,0.895,-0.159],12.5,"Running",1,[683,357.5],[[],[]]],[[746.79,226.159,44.69,-0.909,-0.001,0.416,-0.001,1,0,-0.416,0,-0.909],[["walk",0.1]],1.096,8,[-14.802,0.389,-5.965],[-0.004,0.003,-0.002],[746.216,239.359,42.045,-0.882,-0.464,0.082,0,0.174,0.985,-0.471,0.869,-0.153],12.5,"Running",1,[683,357.5],[[],[]]],[[746.608,226.162,44.609,-0.882,-0.001,0.471,-0.001,1,0,-0.471,0,-0.882],[],1.096,8,[-14.558,0.194,-6.619],[0.025,0.001,-0.059],[746.192,239.582,41.905,-0.857,-0.508,0.09,0,0.174,0.985,-0.516,0.844,-0.149],12.5,"Running",1,[683,357.5],[[],[]]],[[746.313,226.163,44.454,-0.857,0,0.516,0,1,0,-0.516,0,-0.857],[["walk",0.1]],1.096,8,[-14.122,0.012,-7.531],[0.008,0,-0.013],[745.965,239.701,41.725,-0.846,-0.525,0.093,0,0.174,0.985,-0.533,0.833,-0.147],12.5,"Running",1,[683,357.5],[[],[]]],[[746.083,226.163,44.318,-0.846,0,0.533,0,1,0,-0.533,0,-0.846],[],1.096,8,[-13.714,-0.026,-8.243],[-0.001,0,0.003],[745.684,239.801,41.583,-0.857,-0.507,0.089,0,0.174,0.985,-0.515,0.844,-0.149],12.5,"Running",1,[683,357.5],[[],[]]],[[745.855,226.129,44.181,-0.857,0,0.515,0,1,0,-0.515,0,-0.857],[],1.096,8,[-13.705,-3.296,-8.257],[-0.001,0,0.002],[745.396,239.816,41.447,-0.869,-0.487,0.086,0,0.174,0.985,-0.494,0.856,-0.151],12.5,"Running",1,[683,357.5],[[],[]]],[[745.683,226.067,44.077,-0.869,0,0.494,0,1,0,-0.494,0,-0.869],[],1.096,8,[-13.705,-5.749,-8.257],[0,0,0.001],[744.926,239.801,41.405,-0.919,-0.389,0.069,0,0.174,0.985,-0.395,0.905,-0.16],12.5,"Running",1,[683,357.5],[["Space"],[]]],[[745.34,227.345,43.871,-0.919,0,0.395,0,1,0,-0.395,0,-0.919],[["walk",0.1],["jump",0.1]],1,3,[-13.705,49.066,-8.257],[0,0,0.001],[744.341,241.106,41.275,-0.951,-0.303,0.053,0,0.174,0.985,-0.308,0.937,-0.165],12.5,"Jumping",1,[683,357.5],[[],[]]],[[745.101,228.128,43.754,-0.919,0,0.394,0,1,0,-0.394,0,-0.919],[["jump",0.1]],1,5,[-14.634,45.796,-6.445],[0,-7.071,-0.001],[743.731,241.912,41.33,-0.986,-0.162,0.029,0,0.174,0.985,-0.165,0.971,-0.171],12.5,"FreeFall",1,[683,357.5],[[],[]]],[[744.787,229.031,43.645,-0.947,0,0.321,0,1,0,-0.321,0,-0.947],[],1,5,[-15.215,41.708,-4.946],[0,-7.934,0],[743.301,242.821,41.289,-0.993,-0.115,0.02,0,0.174,0.985,-0.116,0.978,-0.172],12.5,"FreeFall",1,[683,357.5],[[],[]]],[[744.593,229.532,43.598,-0.977,0,0.215,0,1,0,-0.215,0,-0.977],[],1,5,[-15.64,39.256,-3.209],[0,-7.984,0],[742.909,243.328,41.378,-1,-0.03,0.005,0,0.174,0.985,-0.03,0.984,-0.174],12.5,"FreeFall",1,[683,357.5],[[],[]]],[[744.395,230.002,43.569,-0.992,0,0.13,0,1,0,-0.13,0,-0.992],[],1,5,[-15.872,36.803,-1.967],[0,-7.993,0],[742.592,243.803,41.445,-1,0.024,-0.004,0,0.174,0.985,0.025,0.985,-0.174],12.5,"FreeFall",1,[683,357.5],[[],[]]],[[744.129,230.582,43.556,-0.994,0,0.108,0,1,0,-0.108,0,-0.994],[],1,5,[-15.989,33.533,-0.529],[0,-7.996,0],[742.27,244.386,41.479,-0.999,0.051,-0.009,0,0.174,0.985,0.051,0.984,-0.173],12.5,"FreeFall",1,[683,357.5],[[],[]]],[[743.862,231.107,43.56,-0.997,0,0.082,0,1,0,-0.082,0,-0.997],[],1,5,[-15.995,30.263,0.38],[0,-7.996,0],[741.974,244.913,41.509,-0.998,0.065,-0.011,0,0.174,0.985,0.066,0.983,-0.173],12.5,"FreeFall",1,[683,357.5],[[],[]]],[[743.596,231.577,43.573,-0.998,0,0.068,0,1,0,-0.068,0,-0.998],[],1,5,[-15.979,26.993,0.816],[0,-7.996,0],[741.657,245.385,41.57,-0.996,0.089,-0.016,0,0.174,0.985,0.091,0.981,-0.173],12.5,"FreeFall",1,[683,357.5],[[],[]]],[[743.263,232.088,43.594,-0.997,0,0.076,0,1,0,-0.076,0,-0.997],[],1,5,[-15.966,22.906,1.049],[0,-7.996,0],[741.268,245.897,41.647,-0.993,0.117,-0.021,0,0.174,0.985,0.119,0.978,-0.172],12.5,"FreeFall",1,[683,357.5],[[],[]]],[[743.064,232.354,43.611,-1,0,-0.019,0,1,0,0.019,0,-1],[],1,5,[-15.936,20.453,1.43],[0,-7.996,0],[741.003,246.163,41.734,-0.988,0.151,-0.027,0,0.174,0.985,0.153,0.973,-0.172],12.5,"FreeFall",1,[683,357.5],[[],[]]],[[742.808,232.66,43.606,-1,0,-0.02,0,1,0,0.02,0,-1],[],1,5,[-15.81,17.183,0.04],[0.015,-7.996,0.001],[740.691,246.47,41.79,-0.983,0.18,-0.032,0,0.174,0.985,0.182,0.968,-0.171],12.5,"FreeFall",1,[683,357.5],[[],[]]],[[742.489,232.962,43.563,-1,0,-0.015,0,1,-0.001,0.015,-0.001,-1],[],1,5,[-15.764,13.096,0.042],[0.096,-7.996,0.004],[740.327,246.772,41.8,-0.978,0.204,-0.036,0,0.174,0.985,0.207,0.963,-0.17],12.5,"FreeFall",1,[683,357.5],[[],[]]],[[742.237,233.14,43.515,-0.997,0,-0.073,0,1,-0.002,0.073,-0.002,-0.997],[],1,5,[-15.61,9.826,0.008],[0.148,-7.996,-0.002],[740.042,246.95,41.792,-0.974,0.222,-0.039,0,0.174,0.985,0.225,0.959,-0.169],12.5,"FreeFall",1,[683,357.5],[[],[]]],[[742.051,233.238,43.477,-0.992,-0.001,-0.126,0,1,-0.003,0.126,-0.003,-0.992],[],1,5,[-15.318,7.373,-0.154],[0.165,-7.996,-0.009],[739.845,247.048,41.766,-0.973,0.228,-0.04,0,0.174,0.985,0.232,0.958,-0.169],12.5,"FreeFall",1,[683,357.5],[[],[]]],[[741.803,233.327,43.458,-0.995,0,-0.1,0,1,-0.001,0.1,-0.001,-0.995],[],1,5,[-15.425,4.103,-0.084],[0.111,-7.996,-0.019],[739.597,247.137,41.749,-0.973,0.228,-0.04,0,0.174,0.985,0.232,0.958,-0.169],12.5,"FreeFall",1,[683,357.5],[[],[]]],[[741.61,233.358,43.471,-0.991,0,-0.133,0,1,0,0.133,0,-0.991],[],1,5,[-15.488,1.651,1.686],[0.05,-7.996,-0.019],[739.399,247.168,41.771,-0.972,0.231,-0.041,0,0.174,0.985,0.235,0.957,-0.169],12.5,"FreeFall",1,[683,357.5],[[],[]]],[[741.286,233.341,43.537,-0.998,0,-0.07,0,1,0,0.07,0,-0.998],[["fall",0.3]],1,5,[-15.561,-2.437,3.663],[0.002,-7.996,-0.008],[739.076,247.151,41.838,-0.972,0.231,-0.041,0,0.174,0.985,0.235,0.957,-0.169],12.5,"FreeFall",1,[683,357.5],[[],[]]],[[741.104,233.288,43.524,-0.991,0,-0.135,0,1,-0.002,0.135,-0.002,-0.991],[],1,5,[-14.856,-4.889,1.15],[0.071,-7.996,0.007],[738.894,247.098,41.822,-0.972,0.231,-0.041,0,0.174,0.985,0.235,0.957,-0.169],12.5,"FreeFall",1,[683,357.5],[[],[]]],[[740.795,233.134,43.504,-0.998,0,-0.069,0,1,-0.001,0.069,-0.001,-0.998],[],1,5,[-15.478,-8.977,0.028],[0.091,-7.996,-0.002],[738.585,246.944,41.803,-0.972,0.231,-0.041,0,0.174,0.985,0.235,0.957,-0.169],12.5,"FreeFall",1,[683,357.5],[[],[]]],[[740.602,233.001,43.519,-0.991,0,-0.136,0,1,0,0.136,0,-0.991],[],1,5,[-15.512,-11.429,1.803],[0.045,-7.996,-0.01],[738.391,246.811,41.819,-0.972,0.231,-0.041,0,0.174,0.985,0.235,0.957,-0.169],12.5,"FreeFall",1,[683,357.5],[[],[]]],[[740.343,232.777,43.571,-0.995,0,-0.103,0,1,0,0.103,0,-0.995],[],1,5,[-15.549,-14.699,3.649],[0.008,-7.996,-0.008],[738.135,246.587,41.869,-0.972,0.23,-0.04,0,0.174,0.985,0.233,0.958,-0.169],12.5,"FreeFall",1,[683,357.5],[[],[]]],[[740.032,232.418,43.586,-0.998,0,-0.068,0,1,0,0.068,0,-0.998],[],1,5,[-15.43,-18.787,0.284],[0.022,-7.996,-0.001],[737.827,246.228,41.879,-0.973,0.228,-0.04,0,0.174,0.985,0.232,0.958,-0.169],12.5,"FreeFall",1,[683,357.5],[[],[]]],[[739.774,232.071,43.615,-0.995,0,-0.1,0,1,0,0.1,0,-0.995],[["fall",0.3]],1,5,[-15.519,-22.057,2.663],[0.01,-7.996,-0.002],[737.569,245.881,41.909,-0.973,0.228,-0.04,0,0.174,0.985,0.232,0.958,-0.169],12.5,"FreeFall",1,[683,357.5],[[],["Space"]]],[[739.515,231.669,43.674,-0.995,0,-0.1,0,1,0,0.1,0,-0.995],[],1,5,[-15.563,-25.327,3.684],[0.002,-7.996,-0.002],[737.31,245.479,41.968,-0.973,0.228,-0.04,0,0.174,0.985,0.232,0.958,-0.169],12.5,"FreeFall",1,[683,357.5],[[],[]]],[[739.255,231.213,43.736,-0.995,0,-0.1,0,1,0,0.1,0,-0.995],[],1,5,[-15.565,-28.597,3.707],[0,-7.996,-0.001],[737.05,245.023,42.03,-0.973,0.228,-0.04,0,0.174,0.985,0.232,0.958,-0.169],12.5,"FreeFall",1,[683,357.5],[[],[]]],[[738.996,230.702,43.798,-0.995,0,-0.1,0,1,0,0.1,0,-0.995],[],1,5,[-15.565,-31.867,3.707],[0,-7.996,0],[736.775,244.513,42.112,-0.971,0.237,-0.042,0,0.174,0.985,0.241,0.956,-0.169],12.5,"FreeFall",1,[683,357.5],[[],[]]],[[738.736,230.137,43.86,-0.994,0,-0.11,0,1,0,0.11,0,-0.994],[],1,5,[-15.565,-35.137,3.707],[0,-7.996,0],[736.474,243.947,42.231,-0.964,0.261,-0.046,0,0.174,0.985,0.265,0.95,-0.167],12.5,"FreeFall",1,[683,357.5],[[],[]]],[[738.478,229.518,43.923,-0.991,0,-0.135,0,1,0,0.135,0,-0.991],[],1,5,[-15.53,-38.407,3.851],[0,-7.996,0],[736.15,243.328,42.388,-0.953,0.3,-0.053,0,0.174,0.985,0.304,0.938,-0.165],12.5,"FreeFall",1,[683,357.5],[[],[]]],[[738.232,228.843,43.941,-0.985,0,-0.175,0,1,0,0.175,0,-0.985],[],1,5,[-15.164,-41.677,0.607],[0.015,-7.996,0.001],[735.826,242.653,42.532,-0.935,0.349,-0.062,0,0.174,0.985,0.355,0.921,-0.162],12.5,"FreeFall",1,[683,357.5],[[],[]]],[[738.042,228.301,43.964,-0.966,0,-0.26,0,1,0,0.26,0,-0.966],[["fall",0.3]],1,5,[-15.196,-44.129,2.393],[0.01,-7.996,-0.002],[735.49,242.111,42.839,-0.888,0.452,-0.08,0,0.174,0.985,0.459,0.875,-0.154],12.5,"FreeFall",1,[683,357.5],[[],[]]],[[737.735,227.33,43.964,-0.952,0,-0.305,0,1,0,0.305,0,-0.952],[],1,5,[-14.943,-48.217,0.127],[0.015,-7.996,-0.002],[735.137,241.14,42.952,-0.867,0.49,-0.086,0,0.174,0.985,0.498,0.854,-0.151],12.5,"FreeFall",1,[683,357.5],[[],[]]],[[737.489,226.492,43.99,-0.926,0,-0.378,0,1,0,0.378,0,-0.926],[],1,5,[-14.703,-51.487,2.496],[0.006,-7.996,-0.003],[734.805,240.302,43.233,-0.816,0.57,-0.1,0,0.174,0.985,0.579,0.803,-0.142],12.5,"FreeFall",1,[683,357.5],[[],[]]],[[737.307,225.828,44.036,-0.869,0,-0.494,0,1,0,0.494,0,-0.869],[],1,5,[-14.436,-53.939,4.262],[0.001,-7.996,