{"Replay":[[[776.028,222.662,47.142,0,0,1,0,1,0,-1,0,0],[],1,8,[0,0,0],[0,0,0],[776.342,236.469,49.305,0.99,-0.142,0.025,0,0.175,0.985,-0.144,-0.974,0.173],12.5,"Standing",0,[615,292],[[],[]]],[[776.028,222.662,47.142,0,0,1,0,1,0,-1,0,0],[],1,8,[0,0.009,0],[0,0,0],[776.342,236.47,49.305,0.99,-0.142,0.025,0,0.175,0.985,-0.144,-0.974,0.173],12.5,"Standing",0,[615,293],[[],[]]],[[776.028,222.662,47.142,0,0,1,0,1,0,-1,0,0],[],1,8,[0,0.006,0],[0,0,0],[776.342,236.47,49.305,0.99,-0.142,0.025,0,0.175,0.985,-0.144,-0.974,0.173],12.5,"Standing",0,[616,294],[[],[]]],[[776.028,222.662,47.142,0,0,1,0,1,0,-1,0,0],[],1,8,[0,0.002,0],[0,0,0],[776.342,236.47,49.305,0.99,-0.142,0.025,0,0.175,0.985,-0.144,-0.974,0.173],12.5,"Standing",0,[617,300],[[],[]]],[[776.028,222.662,47.142,0,0,1,0,1,0,-1,0,0],[],1,8,[0,0,0],[0,0,0],[776.342,236.47,49.305,0.99,-0.142,0.025,0,0.175,0.985,-0.144,-0.974,0.173],12.5,"Standing",0,[617,304],[[],[]]],[[776.028,222.662,47.142,0,0,1,0,1,0,-1,0,0],[],1,8,[0,0,0],[0,0,0],[776.342,236.47,49.305,0.99,-0.142,0.025,0,0.175,0.985,-0.144,-0.974,0.173],12.5,"Standing",0,[617,306],[[],[]]],[[776.028,222.662,47.142,0,0,1,0,1,0,-1,0,0],[],1,8,[0,0,0],[0,0,0],[776.342,236.47,49.305,0.99,-0.142,0.025,0,0.175,0.985,-0.144,-0.974,0.173],12.5,"Standing",0,[610,304],[[],[]]],[[776.028,222.662,47.142,0,0,1,0,1,0,-1,0,0],[],1,8,[0,0,0],[0,0,0],[776.342,236.47,49.305,0.99,-0.142,0.025,0,0.175,0.985,-0.144,-0.974,0.173],12.5,"Standing",0,[610,304],[[],["E"]]],[[776.028,222.662,47.142,0,0,1,0,1,0,-1,0,0],[],1,8,[0,0,0],[0,0,0],[776.342,236.47,49.305,0.99,-0.142,0.025,0,0.175,0.985,-0.144,-0.974,0.173],12.5,"Standing",0,[610,304],[[],[]]],[[776.028,222.662,47.142,0,0,1,0,1,0,-1,0,0],[],1,8,[0,0,0],[0,0,0],[776.342,236.47,49.305,0.99,-0.142,0.025,0,0.175,0.985,-0.144,-0.974,0.173],12.5,"Standing",0,[610,304],[[],[]]],[[776.028,222.662,47.142,0,0,1,0,1,0,-1,0,0],[],1,8,[0,0,0],[0,0,0],[776.342,236.47,49.305,0.99,-0.142,0.025,0,0.175,0.985,-0.144,-0.974,0.173],12.5,"Standing",0,[610,304],[[],[]]],[[776.028,222.662,47.142,0,0,1,0,1,0,-1,0,0],[],1,8,[0,0,0],[0,0,0],[776.342,236.47,49.305,0.99,-0.142,0.025,0,0.175,0.985,-0.144,-0.974,0.173],12.5,"Standing",0,[610,304],[[],[]]],[[776.028,222.662,47.142,0,0,1,0,1,0,-1,0,0],[],1,8,[0,0,0],[0,0,0],[776.342,236.47,49.305,0.99,-0.142,0.025,0,0.175,0.985,-0.144,-0.974,0.173],12.5,"Standing",0,[610,304],[["A"],[]]],[[775.841,222.662,47.169,-0.017,0,1,0,1,0,-1,0,-0.017],[],1,8,[-14.395,0,2.092],[0,1.122,0],[776.156,236.47,49.332,0.99,-0.142,0.025,0,0.175,0.985,-0.144,-0.974,0.173],12.5,"Standing",0,[610,304],[[],[]]],[[775.579,222.662,47.207,-0.034,0,0.999,0,1,0,-0.999,0,-0.034],[["walk",0.1]],1.003,8,[-15.805,0,2.297],[0,1.018,0],[775.894,236.47,49.37,0.99,-0.142,0.025,0,0.175,0.985,-0.144,-0.974,0.173],12.5,"Running",0,[610,304],[[],[]]],[[775.316,222.662,47.246,-0.049,0,0.999,0,1,0,-0.999,0,-0.049],[["walk",0.1]],1.101,8,[-15.833,0,2.301],[0,0.882,0],[777.362,236.47,49.157,0.99,-0.142,0.025,0,0.175,0.985,-0.144,-0.974,0.173],12.5,"Running",1,[597,296],[["LeftShift"],[]]],[[774.986,222.662,47.293,0.998,0,0.058,0,1,0,-0.058,0,0.998],[["walk",0.1]],1.101,8,[-15.834,0,2.301],[0,-5.443,0],[777.032,236.47,49.205,0.99,-0.142,0.025,0,0.175,0.985,-0.144,-0.974,0.173],12.5,"Running",1,[683,357.5],[[],[]]],[[774.788,222.662,47.322,0.993,0,0.119,0,1,0,-0.119,0,0.993],[],1.101,8,[-15.834,0,2.301],[0,-1.079,0],[776.832,236.472,49.219,0.99,-0.142,0.025,0,0.174,0.985,-0.144,-0.975,0.172],12.5,"Running",1,[683,357.5],[[],[]]],[[774.524,222.662,47.361,0.99,0,0.138,0,1,0,-0.138,0,0.99],[],1.101,8,[-15.834,0,2.301],[0,-0.125,0],[776.562,236.472,49.263,0.99,-0.139,0.024,0,0.174,0.985,-0.141,-0.975,0.172],12.5,"Running",1,[683,357.5],[[],[]]],[[774.26,222.662,47.399,0.99,0,0.14,0,1,0,-0.14,0,0.99],[],1.101,8,[-15.834,0,2.301],[0,-0.014,0],[776.283,236.472,49.318,0.991,-0.131,0.023,0,0.174,0.985,-0.133,-0.976,0.172],12.5,"Running",1,[683,357.5],[[],[]]],[[773.996,222.662,47.437,0.991,0,0.133,0,1,0,-0.133,0,0.991],[],1.101,8,[-15.841,0,2.253],[0,-0.002,0],[775.998,236.472,49.377,0.993,-0.12,0.021,0,0.174,0.985,-0.122,-0.977,0.172],12.5,"Running",1,[683,357.5],[[],[]]],[[773.732,222.662,47.472,0.993,0,0.122,0,1,0,-0.122,0,0.993],[],1.101,8,[-15.858,0,2.13],[0,0,0],[775.703,236.472,49.444,0.994,-0.105,0.018,0,0.174,0.985,-0.106,-0.979,0.173],12.5,"Running",1,[683,357.5],[[],[]]],[[773.467,222.662,47.505,0.994,0,0.106,0,1,0,-0.106,0,0.994],[],1.101,8,[-15.88,0,1.956],[0,0,0],[775.41,236.472,49.505,0.996,-0.091,0.016,0,0.174,0.985,-0.092,-0.981,0.173],12.5,"Running",1,[683,357.5],[[],[]]],[[773.202,222.662,47.534,0.996,0,0.092,0,1,0,-0.092,0,0.996],[["walk",0.1]],1.101,8,[-15.909,0,1.708],[0,0,0],[775.12,236.472,49.558,0.997,-0.079,0.014,0,0.174,0.985,-0.08,-0.982,0.173],12.5,"Running",1,[683,357.5],[[],[]]],[[772.937,222.662,47.56,0.997,0,0.08,0,1,0,-0.08,0,0.997],[],1.101,8,[-15.931,0,1.482],[0,0,0],[774.822,236.472,49.613,0.998,-0.063,0.011,0,0.174,0.985,-0.064,-0.983,0.173],12.5,"Running",1,[683,357.5],[[],[]]],[[772.671,222.662,47.581,0.998,0,0.064,0,1,0,-0.064,0,0.998],[],1.101,8,[-15.949,0,1.282],[0,0,0],[774.537,236.472,49.653,0.998,-0.054,0.01,0,0.174,0.985,-0.055,-0.983,0.173],12.5,"Running",1,[683,357.5],[[],[]]],[[772.338,222.662,47.603,0.998,0,0.055,0,1,0,-0.055,0,0.998],[],1.101,8,[-15.967,0,1.029],[0,0,0],[774.178,236.472,49.698,0.999,-0.042,0.007,0,0.174,0.985,-0.042,-0.984,0.173],12.5,"Running",1,[683,357.5],[[],["LeftShift"]]],[[772.005,222.662,47.622,0.999,0,0.042,0,1,0,-0.042,0,0.999],[],1.101,8,[-15.976,0,0.878],[0,0,0],[773.835,236.472,49.725,0.999,-0.037,0.007,0,0.174,0.985,-0.038,-0.984,0.174],12.5,"Running",1,[683,357.5],[[],[]]],[[771.872,222.693,47.628,0.999,0,0.038,0,1,0,-0.038,0,0.999],[],1.101,8,[-15.984,4.415,0.704],[0,0,0],[773.686,236.503,49.746,1,-0.029,0.005,0,0.174,0.985,-0.03,-0.984,0.174],12.5,"Running",1,[683,357.5],[[],[]]],[[771.606,222.788,47.638,1,0,0.03,0,1,0,-0.03,0,1],[["walk",0.1]],1.101,8,[-15.989,5.455,0.603],[0,0,0],[773.399,236.598,49.773,1,-0.02,0.004,0,0.174,0.985,-0.02,-0.985,0.174],12.5,"Running",1,[683,357.5],[[],[]]],[[771.339,222.857,47.647,1,0,0.02,0,1,0,-0.02,0,1],[],1.101,8,[-15.993,3.363,0.478],[0,0,0],[773.112,236.668,49.798,1,-0.011,0.002,0,0.174,0.985,-0.011,-0.985,0.174],12.5,"Running",1,[683,357.5],[[],[]]],[[771.006,222.9,47.654,1,0,0.011,0,1,0,-0.011,0,1],[],1.101,8,[-15.997,1.517,0.326],[0,0,0],[772.759,236.71,49.822,1,-0.001,0,0,0.174,0.985,-0.001,-0.985,0.174],12.5,"Running",1,[683,357.5],[[],[]]],[[770.739,222.914,47.657,1,0,0.001,0,1,0,-0.001,0,1],[],1.101,8,[-15.999,0.49,0.177],[0,0,0],[772.479,236.724,49.836,1,0.005,-0.001,0,0.174,0.985,0.005,-0.985,0.174],12.5,"Running",1,[683,357.5],[[],[]]],[[770.406,222.916,47.658,1,0,-0.005,0,1,0,0.005,0,1],[],1.101,8,[-16,-0.047,0.024],[0,0,0],[772.128,236.726,49.85,1,0.012,-0.002,0,0.174,0.985,0.013,-0.985,0.174],12.5,"Running",1,[683,357.5],[[],[]]],[[770.139,222.844,47.657,1,0,-0.013,0,1,0,0.013,0,1],[],1.101,8,[-16,-5.681,-0.075],[0,0,0],[771.837,236.654,49.868,1,0.023,-0.004,0,0.174,0.985,0.024,-0.985,0.174],12.5,"Running",1,[683,357.5],[[],[]]],[[769.873,222.715,47.655,1,0,-0.024,0,1,0,0.024,0,1],[["walk",0.1]],1.101,8,[-16,-8.951,-0.077],[0,0,0],[771.55,236.525,49.883,0.999,0.033,-0.006,0,0.174,0.985,0.033,-0.984,0.174],12.5,"Running",1,[683,357.5],[[],[]]],[[769.606,222.532,47.654,0.999,0,-0.033,0,1,0,0.033,0,0.999],[],1.101,8,[-16,-12.221,-0.077],[0,0,0],[771.262,236.342,49.897,0.999,0.042,-0.007,0,0.174,0.985,0.043,-0.984,0.173],12.5,"Running",1,[683,357.5],[[],[]]],[[769.34,222.294,47.653,0.999,0,-0.043,0,1,0,0.043,0,0.999],[],1.101,8,[-16,-15.491,-0.077],[0,0,0],[770.971,236.104,49.914,0.999,0.053,-0.009,0,0.174,0.985,0.054,-0.983,0.173],12.5,"Running",1,[683,357.5],[[],[]]],[[769.073,222.002,47.652,0.999,0,-0.054,0,1,0,0.054,0,0.999],[],1.101,8,[-16,-18.761,-0.077],[0,0,0],[770.665,235.812,49.941,0.997,0.07,-0.012,0,0.174,0.985,0.071,-0.982,0.173],12.5,"Running",1,[683,357.5],[[],[]]],[[768.873,221.747,47.651,0.997,0,-0.071,0,1,0,0.071,0,0.997],[],1.101,8,[-16,-21.214,-0.077],[0,0,0],[770.422,235.557,49.969,0.996,0.088,-0.016,0,0.174,0.985,0.09,-0.981,0.173],12.5,"Running",1,[683,357.5],[["Space"],[]]],[[768.54,222.834,47.649,0.996,0,-0.09,0,1,0,0.09,0,0.996],[["walk",0.1],["jump",0.1]],1,3,[-16,50.701,-0.077],[0,0,0],[770.015,236.644,50.015,0.993,0.119,-0.021,0,0.174,0.985,0.121,-0.978,0.172],12.5,"Jumping",1,[683,357.5],[[],[]]],[[768.008,224.401,47.606,0.995,0,0.099,0,1,0,-0.099,0,0.995],[["jump",0.1]],1,5,[-15.936,44.161,-1.432],[0,7.889,0],[769.465,238.212,49.984,0.992,0.127,-0.022,0,0.174,0.985,0.129,-0.977,0.172],12.5,"FreeFall",1,[683,357.5],[[],[]]],[[767.81,224.933,47.583,1,0,-0.029,0,1,0,0.029,0,1],[],1,5,[-15.886,41.708,-1.906],[0,7.975,0],[769.266,238.743,49.961,0.992,0.127,-0.022,0,0.174,0.985,0.129,-0.977,0.172],12.5,"FreeFall",1,[683,357.5],[[],[]]],[[767.743,225.103,47.575,0.995,0,-0.096,0,1,0,0.096,0,0.995],[],1,5,[-15.874,40.891,-2],[0,7.984,0],[769.185,238.913,49.962,0.991,0.133,-0.023,0,0.174,0.985,0.135,-0.976,0.172],12.5,"FreeFall",1,[683,357.5],[[],[]]],[[767.545,225.594,47.549,0.999,0,-0.035,0,1,0,0.035,0,0.999],[],1,5,[-15.868,38.438,-2.054],[0,7.993,0],[768.972,239.404,49.945,0.99,0.139,-0.024,0,0.174,0.985,0.141,-0.975,0.172],12.5,"FreeFall",1,[683,357.5],[[],[]]],[[767.281,226.201,47.514,1,0,-0.008,0,1,0,0.008,0,1],[],1,5,[-15.854,35.168,-2.155],[0,7.996,0],[768.692,240.011,49.918,0.989,0.145,-0.026,0,0.174,0.985,0.147,-0.974,0.172],12.5,"FreeFall",1,[683,357.5],[[],[]]],[[767.017,226.753,47.476,1,0,-0.015,0,1,0,0.015,0,1],[],1,5,[-15.84,31.898,-2.254],[0,7.996,0],[768.402,240.563,49.896,0.987,0.156,-0.027,0,0.174,0.985,0.158,-0.972,0.171],12.5,"FreeFall",1,[683,357.5],[[],[]]],[[766.753,227.25,47.437,1,0,-0.025,0,1,0,0.025,0,1],[],1,5,[-15.826,28.628,-2.354],[0,7.996,0],[768.107,241.06,49.875,0.985,0.168,-0.03,0,0.174,0.985,0.17,-0.97,0.171],12.5,"FreeFall",1,[683,357.5],[[],[]]],[[766.49,227.693,47.396,0.999,0,-0.038,0,1,0,0.038,0,0.999],[],1,5,[-15.799,25.358,-2.526],[0,7.996,0],[767.802,241.504,49.856,0.982,0.185,-0.033,0,0.174,0.985,0.187,-0.967,0.171],12.5,"FreeFall",1,[683,357.5],[[],[]]],[[766.227,228.082,47.351,0.998,0,-0.055,0,1,0,0.055,0,0.998],[],1,5,[-15.766,22.088,-2.724],[0,7.996,0],[767.477,241.892,49.843,0.977,0.209,-0.037,0,0.174,0.985,0.212,-0.962,0.17],12.5,"FreeFall",1,[683,357.5],[[],[]]],[[765.965,228.416,47.301,0.997,0,-0.08,0,1,0,0.08,0,0.997],[],1,5,[-15.717,18.818,-2.994],[0,7.996,0],[767.052,242.226,49.869,0.962,0.27,-0.048,0,0.174,0.985,0.275,-0.947,0.167],12.5,"FreeFall",1,[683,357.5],[[],[]]],[[765.704,228.696,47.246,0.99,0,-0.144,0,1,0,0.144,0,0.99],[],1,5,[-15.637,15.548,-3.386],[0,7.996,0],[766.636,242.506,49.874,0.943,0.326,-0.058,0,0.174,0.985,0.331,-0.929,0.164],12.5,"FreeFall",1,[683,357.5],[[],[]]],[[765.447,228.921,47.175,0.979,0,-0.203,0,1,0,0.203,0,0.979],[],1,5,[-15.391,12.278,-4.371],[0,7.996,0],[766.195,242.731,49.861,0.918,0.39,-0.069,0,0.174,0.985,0.396,-0.904,0.159],12.5,"FreeFall",1,[683,357.5],[[],[]]],[[765.195,229.091,47.089,0.963,0,-0.27,0,1,0,0.27,0,0.963],[],1,5,[-15.102,9.008,-5.284],[0,7.996,0],[765.742,242.901,49.823,0.887,0.455,-0.08,0,0.174,0.985,0.462,-0.873,0.154],12.5,"FreeFall",1,[683,357.5],[[],[]]],[[764.887,229.228,46.961,0.951,0,-0.309,0,1,0,0.309,0,0.951],[],1,5,[-14.697,4.921,-6.324],[0,7.996,0],[765.236,243.038,49.727,0.851,0.517,-0.091,0,0.174,0.985,0.525,-0.838,0.148],12.5,"FreeFall",1,[683,357.5],[[],[]]],[[764.708,229.269,46.872,0.899,0,-0.438,0,1,0,0.438,0,0.899],[],1,5,[-14.222,2.468,-7.324],[0,7.996,0],[764.857,243.079,49.656,0.811,0.576,-0.102,0,0.174,0.985,0.585,-0.798,0.141],12.5,"FreeFall",1,[683,357.5],[[],[]]],[[764.423,229.269,46.7,0.897,0,-0.443,0,1,0,0.443,0,0.897],[],1,5,[-13.621,-1.619,-8.394],[0,7.996,0],[764.224,243.077,49.493,0.734,0.668,-0.119,0,0.175,0.985,0.679,-0.723,0.128],12.5,"FreeFall",1,[683,357.5],[[],[]]],[[764.15,229.184,46.508,0.837,0,-0.548,0,1,0,0.548,0,0.837],[],1,5,[-12.979,-5.707,-9.356],[0,7.996,0],[763.824,242.992,49.289,0.703,0.701,-0.124,0,0.175,0.985,0.712,-0.692,0.123],12.5,"FreeFall",1,[683,357.5],[[],[]]],[[764.047,229.127,46.424,0.748,0,-0.663,0,1,0,0.663,0,0.748],[],1,5,[-12.225,-7.342,-10.279],[0,7.996,0],[763.417,242.926,49.188,0.63,0.764,-0.139,0,0.178,0.984,0.777,-0.62,0.112],12.5,"FreeFall",1,[683,357.5],[[],[]]],[[763.856,228.97,46.239,0.728,0,-0.686,0,1,0,0.686,0,0.728],[],1,5,[-11.272,-10.612,-11.351],[0,7.996,0],[762.957,242.767,48.94,0.554,0.819,-0.149,0,0.18,0.984,0.832,-0.545,0.1],12.5,"FreeFall",1,[683,357.5],[[],["Space"]]],[[763.682,228.759,46.036,0.66,0,-0.751,0,1,0,0.751,0,0.66],[],1,5,[-10.124,-13.882,-12.386],[0,7.996,0],[762.52,242.553,48.648,0.473,0.866,-0.159,0,0.181,0.984,0.881,-0.466,0.086],12.5,"FreeFall",1,[683,357.5],[[],[]]],[[763.53,228.494,45.818,0.586,0,-0.81,0,1,0,0.81,0,0.586],[],1,5,[-8.909,-17.152,-13.287],[0,7.996,0],[762.01,242.282,48.267,0.355,0.919,-0.171,0,0.183,0.983,0.935,-0.349,0.065],12.5,"FreeFall",1,[683,357.5],[[],[]]],[[763.372,228.174,45.623,0.477,0,-0.879,0,1,0,0.879,0,0.477],[["fall",0.3]],1,5,[-7.638,-20.422,-12.805],[-0.003,7.996,-0.005],[761.644,241.957,47.958,0.283,0.942,-0.178,0,0.186,0.983,0.959,-0.278,0.053],12.5,"FreeFall",1,[683,357.5],[[],[]]],[[763.262,227.8,45.391,0.408,0,-0.913,0,1,0,0.913,0,0.408],[],1,5,[-6.034,-23.692,-14.567],[-0.001,7.996,-0.004],[761.35,241.574,47.626,0.224,0.957,-0.184,0,0.189,0.982,0.975,-0.22,0.042],12.5,"FreeFall",1,[683,357.5],[[],[]]],[[763.179,227.371,45.139,0.352,0,-0.936,0,1,0,0.936,0,0.352],[],1,5,[-4.596,-26.962,-15.312],[0,7.996,-0.001],[761.104,241.136,47.273,0.17,0.967,-0.19,0,0.193,0.981,0.985,-0.167,0.033],12.5,"FreeFall",1,[683,357.5],[[],[]]],[[763.117,226.887,44.88,0.3,0,-0.954,0,1,0,0.954,0,0.3],[],1,5,[-3.61,-30.232,-15.586],[0,7.996,0],[760.907,240.647,46.911,0.121,0.974,-0.194,0,0.195,0.981,0.993,-0.118,0.024],12.5,"FreeFall",1,[683,357.5],[[],[]]],[[763.069,226.349,44.617,0.251,0,-0.968,0,1,0,0.968,0,0.251],[],1,5,[-2.742,-33.502,-15.763],[0,7.996,0],[760.764,240.109,46.539,0.072,0.978,-0.195,0,0.195,0.981,0.997,-0.071,0.014],12.5,"FreeFall",1,[683,357.5],[[],[]]],[[763.035,225.757,44.353,0.204,0,-0.979,0,1,0,0.979,0,0.204],[],1,5,[-1.945,-36.772,-15.881],[0,7.996,0],[760.633,239.517,46.152,0.02,0.981,-0.195,0,0.195,0.981,1,-0.02,0.004],12.5,"FreeFall",1,[683,357.5],[[],[]]],[[763.014,225.11,44.087,0.053,0,-0.999,0,1,0,0.999,0,0.053],[["walk",0.1],["fall",0.3],["fall",0.3]],1,7,[-1.169,-40.042,-15.957],[0,0.27,0],[760.472,238.861,45.75,-0.035,0.979,-0.198,0,0.199,0.98,0.999,0.034,-0.007],12.5,"FreeFall",1,[683,357.5],[[],[]]],[[763.005,224.44,43.754,-0.033,0,-0.999,0,1,0,0.999,0,-0.033],[["fall",0.3]],1,7,[-0.331,-10.829,-15.996],[0,0.018,0],[760.322,238.182,45.254,-0.096,0.975,-0.201,0,0.202,0.979,0.995,0.094,-0.019],12.5,"FreeFall",1,[683,357.5],[[],[]]],[[763.01,224.456,43.554,-0.096,0,-0.995,0,1,0,0.995,0,-0.096],[["walk",0.1],["fall",0.3],["walk",0.1]],1.103,8,[0.508,4.39,-15.991],[0,0.004,0],[760.203,238.191,44.865,-0.163,0.966,-0.202,0,0.205,0.979,0.987,0.159,-0.033],12.5,"Running",1,[683,357.5],[[],[]]],[[763.033,224.547,43.289,-0.163,0,-0.987,0,1,0,0.987,0,-0.163],[],1.103,8,[1.512,5.236,-15.928],[0,0,0],[759.966,238.268,44.049,-0.337,0.92,-0.198,0,0.21,0.978,0.941,0.33,-0.071],12.5,"Running",1,[683,357.5],[[],[]]],[[763.128,224.655,42.696,-0.359,0,-0.933,0,1,0,0.933,0,-0.359],[],1.103,8,[2.604,1.281,-15.787],[0,-0.717,0],[760.006,238.372,43.256,-0.396,0.898,-0.194,0,0.212,0.977,0.918,0.387,-0.084],12.5,"Running",1,[683,357.5],[[],[]]],[[763.189,224.664,42.506,-0.399,0,-0.917,0,1,0,0.917,0,-0.399],[],1.103,8,[5.251,0.573,-15.1],[0,-0.142,0],[760.04,238.378,42.982,-0.419,0.887,-0.193,0,0.213,0.977,0.908,0.409,-0.089],12.5,"Running",1,[683,357.5],[[],[]]],[[763.291,224.668,42.26,-0.419,0,-0.908,0,1,0,0.908,0,-0.419],[],1.103,8,[6.312,0.063,-14.701],[0,-0.016,0],[760.125,238.382,42.592,-0.46,0.868,-0.189,0,0.213,0.977,0.888,0.449,-0.098],12.5,"Running",1,[683,357.5],[[],[]]],[[763.402,224.667,42.018,-0.46,0,-0.888,0,1,0,0.888,0,-0.46],[["walk",0.1]],1.103,8,[6.693,-0.098,-14.533],[0,-0.002,0],[760.235,238.381,42.349,-0.46,0.868,-0.189,0,0.213,0.977,0.888,0.449,-0.098],12.5,"Running",1,[683,357.5],[["W"],[]]],[[763.597,224.665,41.87,-0.46,0,-0.888,0,1,0,0.888,0,-0.46],[],1.103,8,[14.341,-0.092,-5.873],[0,0,0],[760.402,238.373,42.167,-0.465,0.864,-0.19,0,0.215,0.977,0.885,0.454,-0.1],12.5,"Running",1,[683,357.5],[[],[]]],[[763.849,224.664,41.786,-0.465,0,-0.885,0,1,0,0.885,0,-0.465],[],1.103,8,[15.23,-0.044,-4.867],[0,0,0],[760.651,238.368,42.178,-0.437,0.878,-0.195,0,0.216,0.976,0.899,0.427,-0.095],12.5,"Running",1,[683,357.5],[[],[]]],[[764.103,224.664,41.707,-0.437,0,-0.899,0,1,0,0.899,0,-0.437],[],1.103,8,[15.277,-0.01,-4.753],[0,0,0],[760.959,238.371,42.348,-0.367,0.909,-0.2,0,0.215,0.977,0.93,0.358,-0.079],12.5,"Running",1,[683,357.5],[[],[]]],[[764.356,224.664,41.621,-0.367,0,-0.93,0,1,0,0.93,0,-0.367],[],1.103,8,[15.125,0.003,-5.219],[0,0,0],[761.344,238.381,42.615,-0.262,0.943,-0.204,0,0.212,0.977,0.965,0.257,-0.056],12.5,"Running",1,[683,357.5],[[],[]]],[[764.601,224.664,41.517,-0.258,0,-0.966,0,1,0,0.966,0,-0.258],[],1.103,8,[14.684,0.005,-6.353],[0,0.389,0],[761.818,238.397,42.905,-0.135,0.97,-0.204,0,0.206,0.979,0.991,0.132,-0.028],12.5,"Running",1,[683,357.5],[[],[]]],[[764.703,224.664,41.357,-0.242,-0.009,-0.97,0,1,-0.009,0.97,-0.002,-0.242],[],1.103,8,[9.578,-0.059,-8.51],[0.169,-6.76,-0.365],[762.185,238.412,43.092,-0.005,0.98,-0.2,0,0.2,0.98,1,0.005,-0.001],12.5,"Running",1,[683,357.5],[[],[]]],[[764.713,224.664,41.124,-0.103,-0.015,-0.995,0.001,1,-0.016,0.995,-0.002,-0.103],[["walk",0.1],["walk",0.1]],0.884,8,[9.229,0.009,-10.167],[0.039,-5.201,0.045],[762.474,238.424,43.145,0.117,0.974,-0.194,0,0.195,0.981,0.993,-0.115,0.023],12.5,"Running",1,[683,357.5],[[],[]]],[[764.713,224.664,40.867,0.041,-0.015,-0.999,0.001,1,-0.015,0.999,-0.001,0.041],[["walk",0.1]],0.947,8,[8.364,0.004,-11.669],[-0.054,-3.981,-0.004],[762.826,238.447,43.095,0.226,0.957,-0.181,0,0.186,0.983,0.974,-0.222,0.042],12.5,"Running",1,[683,357.5],[[],[]]],[[764.738,224.664,40.607,0.174,-0.014,-0.985,0.002,1,-0.014,0.985,0,0.174],[],0.947,8,[7.603,0,-12.871],[-0.085,-2.658,-0.022],[763.351,238.474,43.038,0.371,0.915,-0.161,0,0.174,0.985,0.929,-0.365,0.064],12.5,"Running",1,[683,357.5],[[],[]]],[[764.767,224.664,40.339,0.346,-0.012,-0.938,0.003,1,-0.011,0.938,0.001,0.346],[["walk",0.1]],1.031,8,[6.911,0.002,-13.778],[-0.108,-1.179,-0.039],[763.862,238.474,42.983,0.538,0.83,-0.146,0,0.174,0.985,0.843,-0.53,0.093],12.5,"Running",1,[683,357.5],[[],["A"]]],[[764.93,224.664,39.945,0.423,-0.011,-0.906,0.005,1,-0.01,0.906,0,0.423],[],1.031,8,[4.696,-0.003,-7.614],[0.036,-3.801,0.058],[764.317,238.474,42.668,0.626,0.768,-0.135,0,0.174,0.985,0.78,-0.617,0.109],12.5,"Running",1,[683,357.5],[[],["W"]]],[[764.925,224.664,39.905,0.617,-0.01,-0.787,0.005,1,-0.009,0.787,0.002,0.617],[["walk",0.1]],0.617,8,[0.981,0.004,-2.338],[-0.085,-0.865,-0.102],[764.647,238.474,42.683,0.716,0.688,-0.121,0,0.174,0.985,0.698,-0.705,0.124],12.5,"Running",1,[683,357.5],[[],[]]],[[764.925,224.665,39.899,0.716,-0.007,-0.698,0.004,1,-0.005,0.698,0.001,0.716],[["walk",0.1],["walk",0.1]],0.175,8,[-0.153,0.075,-0.065],[-0.124,0.319,-0.174],[764.818,238.475,42.686,0.756,0.644,-0.114,0,0.174,0.985,0.654,-0.745,0.131],12.5,"Running",1,[683,357.5],[[],[]]],[[764.924,224.665,39.898,0.757,-0.006,-0.653,0.004,1,-0.004,0.653,0.001,0.757],[["idle",0.1]],1,8,[-0.163,0.072,-0.02],[-0.083,0.088,-0.136],[764.98,238.475,42.687,0.793,0.6,-0.106,0,0.174,0.985,0.609,-0.781,0.138],12.5,"Standing",1,[683,357.5],[[],[]]],[[764.922,224.666,39.898,0.793,-0.005,-0.609,0.003,1,-0.003,0.609,0,0.793],[],1,8,[-0.144,0.051,-0.013],[-0.053,0.022,-0.103],[765.312,238.476,42.659,0.86,0.503,-0.089,0,0.174,0.985,0.511,-0.847,0.149],12.5,"Standing",1,[683,357.5],[[],[]]],[[764.922,224.666,39.898,0.863,-0.001,-0.506,0.001,1,-0.001,0.506,0,0.863],[],1,8,[-0.011,-0.038,0.004],[-0.033,0.424,-0.178],[765.639,238.476,42.592,0.914,0.4,-0.07,0,0.174,0.985,0.406,-0.9,0.159],12.5,"Standing",1,[683,357.5],[["A","W"],[]]],[[764.875,224.665,39.714,0.918,0,-0.397,0,1,0,0.397,0,0.918],[],1,8,[-3.63,-0.038,-14.179],[-0.003,0.447,-0.013],[765.868,238.475,42.32,0.951,0.304,-0.054,0,0.174,0.985,0.309,-0.937,0.165],12.5,"Standing",1,[683,357.5],[[],[]]],[[764.808,224.664,39.53,0.952,0,-0.307,0,1,0,0.307,0,0.952],[["walk",0.1]],1.009,8,[-5.638,-0.023,-14.892],[0.003,0.089,0.012],[766.026,238.474,42.038,0.974,0.221,-0.039,0,0.174,0.985,0.224,-0.96,0.169],12.5,"Running",1,[683,357.5],[[],[]]],[[764.691,224.664,39.29,0.975,0,-0.224,0,1,0,0.224,0,0.975],[["walk",0.1]],1.098,8,[-7.229,-0.006,-14.27],[0.002,0.01,0.007],[766.083,238.474,41.706,0.988,0.153,-0.027,0,0.174,0.985,0.155,-0.973,0.172],12.5,"Running",1,[683,357.5],[[],[]]],[[764.552,224.664,39.063,0.988,0,-0.155,0,1,0,0.155,0,0.988],[["walk",0.1]],1.098,8,[-8.461,0.001,-13.578],[0,0.001,0],[766.224,230.139,39.933,0.995,0.097,-0.017,0,0.174,0.985,0.099,-0.98,0.173],12.5,"Running",1,[683,357.5],[[],[]]],[[764.398,224.664,38.846,0.995,0,-0.099,0,1,0,0.099,0,0.995],[],1.098,8,[-9.404,0.002,-12.943],[0,0,-0.001],[766.115,229.805,39.569,0.999,0.047,-0.008,0,0.174,0.985,0.047,-0.984,0.173],12.5,"Running",1,[683,357.5],[[],[]]],[[764.241,224.63,38.63,0.999,0,-0.047,0,1,0,0.047,0,0.999],[],1.098,8,[-9.423,-3.268,-12.931],[0,0,0],[765.961,230.362,39.442,0.999,0.037,-0.007,0,0.174,0.985,0.038,-0.984,0.174],12.5,"Running",1,[683,357.5],[[],[]]],[[764.084,224.542,38.415,0.999,0,-0.038,0,1,0,0.038,0,0.999],[],1.098,8,[-9.423,-6.538,-12.931],[0,0,0],[765.806,231.76,39.469,1,0.026,-0.005,0,0.174,0.985,0.027,-0.984,0.174],12.5,"Running",1,[683,357.5],[[],[]]],[[763.927,224.399,38.199,1,0,-0.027,0,1,0,0.027,0,1],[],1.098,8,[-9.423,-9.808,-12.931],[0,0,0],[765.644,233.035,39.501,1,0.025,-0.004,0,0.174,0.985,0.025,-0.984,0.174],12.5,"Running",1,[683,357.5],[[],[]]],[[763.77,224.201,37.983,1,0,-0.025,0,1,0,0.025,0,1],[],1.098,8,[-9.423,-13.078,-12.931],[0,0,0],[765.49,234.376,39.546,1,0.019,-0.003,0,0.174,0.985,0.019,-0.985,0.174],12.5,"Running",1,[683,357.5],[["Space"],[]]],[[763.534,225.496,37.66,1,0,-0.019,0,1,0,0.019,0,1],[["walk",0.1],["walk",0.1],["jump",0.1]],1,3,[-9.423,49.883,-12.931],[0,0,0],[765.268,236.895,39.422,1,0.009,-0.002,0,0.174,0.985,0.01,-0.985,0.174],12.5,"Jumping",1,[683,357.5],[[],[]]],[[763.359,226.293,37.46,0.998,0,0.062,0,1,0,-0.062,0,0.998],[["jump",0.1]],1,5,[-10.983,46.613,-11.622],[0,5.487,0],[765.103,238.261,39.311,1,0.003,-0.001,0,0.174,0.985,0.003,-0.985,0.174],12.5,"FreeFall",1,[683,357.5],[[],[]]],[[763.22,226.855,37.316,0.997,0,0.071,0,1,0,-0.071,0,0.997],[],1,5,[-11.193,44.161,-11.432],[0,6.082,0],[764.99,239.239,39.217,1,-0.011,0.002,0,0.174,0.985,-0.011,-0.985,0.174],12.5,"FreeFall",1,[683,357.5],[[],[]]],[[763.079,227.387,37.174,0.996,0,0.087,0,1,0,-0.087,0,0.996],[],1,5,[-11.272,41.708,-11.355],[0,6.15,0],[764.875,240.216,39.13,1,-0.023,0.004,0,0.174,0.985,-0.023,-0.985,0.174],12.5,"FreeFall",1,[683,357.5],[[],[]]],[[762.889,228.048,36.988,0.992,0,0.126,0,1,0,-0.126,0,0.992],[],1,5,[-11.433,38.438,-11.194],[0,6.176,0],[764.718,241.191,38.97,0.999,-0.039,0.007,0,0.174,0.985,-0.039,-0.984,0.174],12.5,"FreeFall",1,[683,357.5],[[],[]]],[[762.696,228.655,36.803,0.99,0,0.141,0,1,0,-0.141,0,0.99],[],1,5,[-11.573,35.168,-11.049],[0,6.157,0],[764.564,242.004,38.787,0.998,-0.057,0.01,0,0.174,0.985,-0.058,-0.983,0.173],12.5,"FreeFall",1,[683,357.5],[[],[]]],[[762.501,229.207,36.622,0.987,0,0.16,0,1,0,-0.16,0,0.987],[],1,5,[-11.744,31.898,-10.866],[0,6.132,0],[764.421,242.708,38.585,0.997,-0.082,0.014,0,0.174,0.985,-0.083,-0.981,0.173],12.5,"FreeFall",1,[683,357.5],[[],[]]],[[762.302,229.704,36.444,0.983,0,0.184,0,1,0,-0.184,0,0.983],[],1,5,[-11.946,28.628,-10.644],[0,6.085,0],[764.327,243.318,38.322,0.991,-0.134,0.024,0,0.174,0.985,-0.136,-0.976,0.172],12.5,"FreeFall",1,[683,357.5],[[],[]]],[[762.048,230.25,36.228,0.966,0,0.257,0,1,0,-0.257,0,0.966],[],1,5,[-12.212,24.541,-10.337],[0,5.868,0],[764.115,243.92,38.07,0.987,-0.155,0.027,0,0.174,0.985,-0.158,-0.972,0.171],12.5,"FreeFall",1,[683,357.5],[[],[]]],[[761.89,230.536,36.105,0.973,0,0.232,0,1,0,-0.232,0,0.973],[],1,5,[-12.72,22.088,-9.704],[0,6.057,0],[764.068,244.254,37.826,0.976,-0.215,0.038,0,0.174,0.985,-0.218,-0.961,0.169],12.5,"FreeFall",1,[683,357.5],[[],[]]],[[761.675,230.87,35.948,0.95,0,0.312,0,1,0,-0.312,0,0.95],[],1,5,[-12.953,18.818,-9.392],[0,5.821,0],[763.896,244.619,37.619,0.97,-0.239,0.042,0,0.174,0.985,-0.242,-0.955,0.168],12.5,"FreeFall",1,[683,357.5],[[],[]]],[[761.451,231.15,35.803,0.941,0,0.338,0,1,0,-0.338,0,0.941],[],1,5,[-13.497,15.548,-8.592],[0,6.049,0],[763.7,244.919,37.442,0.966,-0.254,0.045,0,0.174,0.985,-0.258,-0.952,0.168],12.5,"FreeFall",1,[683,357.5],[[],[]]],[[761.223,231.375,35.665,0.935,0,0.355,0,1,0,-0.355,0,0.935],[],1,5,[-13.715,12.278,-8.24],[0,6.142,0],[763.498,245.158,37.271,0.962,-0.269,0.047,0,0.174,0.985,-0.273,-0.947,0.167],12.5,"FreeFall",1,[683,357.5],[[],[]]],[[760.993,231.545,35.531,0.929,0,0.37,0,1,0,-0.37,0,0.929],[],1,5,[-13.845,9.008,-8.02],[0,6.153,0],[763.305,245.338,37.084,0.955,-0.291,0.051,0,0.174,0.985,-0.295,-0.941,0.166],12.5,"FreeFall",1,[683,357.5],[[],[]]],[[760.76,231.661,35.4,0.92,0,0.391,0,1,0,-0.391,0,0.92],[],1,5,[-13.969,5.738,-7.802],[0,6.099,0],[763.173,245.465,36.796,0.933,-0.354,0.062,0,0.174,0.985,-0.359,-0.919,0.162],12.5,"FreeFall",1,[683,357.5],[[],[]]],[[760.171,231.713,35.088,0.82,0,0.572,0,1,0,-0.572,0,0.82],[],1,5,[-14.151,-2.437,-7.466],[0,5.742,0],[762.599,245.518,36.458,0.929,-0.364,0.064,0,0.174,0.985,-0.369,-0.915,0.161],12.5,"FreeFall",1,[683,357.5],[[],[]]],[[760.05,231.683,35.032,0.91,0,0.415,0,1,0,-0.415,0,0.91],[],1,5,[-14.544,-4.072,-6.657],[0,6.039,0],[762.493,245.488,36.375,0.925,-0.374,0.066,0,0.174,0.985,-0.38,-0.911,0.161],12.5,"FreeFall",1,[683,357.5],[[],[]]],[[759.989,231.662,35.005,0.915,0,0.403,0,1,0,-0.403,0,0.915],[],1,5,[-14.637,-4.889,-6.455],[0,6.103,0],[762.445,245.469,36.325,0.921,-0.382,0.067,0,0.174,0.985,-0.388,-0.907,0.16],12.5,"FreeFall",1,[683,357.5],[[],[]]],[[759.805,231.581,34.927,0.889,0,0.458,0,1,0,-0.458,0,0.889],[],1,5,[-14.756,-7.342,-6.186],[0,6.185,0],[762.283,245.389,36.205,0.915,-0.398,0.07,0,0.174,0.985,-0.404,-0.901,0.159],12.5,"FreeFall",1,[683,357.5],[[],[]]],[[759.558,231.424,34.826,0.868,0,0.496,0,1,0,-0.496,0,0.868],[],1,5,[-14.818,-10.612,-6.035],[0,6.147,0],[762.052,245.233,36.073,0.909,-0.409,0.072,0,0.174,0.985,-0.416,-0.896,0.158],12.5,"FreeFall",1,[683,357.5],[[],["Space"]]],[[759.31,231.213,34.729,0.862,0,0.507,0,1,0,-0.507,0,0.862],[["fall",0.3]],1,5,[-14.92,-13.882,-5.78],[0,6.176,0],[761.813,245.023,35.956,0.906,-0.416,0.073,0,0.174,0.985,-0.423,-0.892,0.157],12.5,"FreeFall",1,[683,357.5],[[],[]]],[[759.06,230.948,34.636,0.858,0,0.514,0,1,0,-0.514,0,0.858],[],1,5,[-14.992,-17.152,-5.59],[0,6.212,0],[761.564,244.757,35.863,0.906,-0.416,0.073,0,0.174,0.985,-0.423,-0.892,0.157],12.5,"FreeFall",1,[683,357.5],[[],[]]],[[758.81,230.628,34.544,0.857,0,0.515,0,1,0,-0.515,0,0.857],[],1,5,[-15.036,-20.422,-5.471],[0,6.272,0],[761.313,244.438,35.771,0.906,-0.416,0.073,0,0.174,0.985,-0.423,-0.892,0.157],12.5,"FreeFall",1,[683,357.5],[[],[]]],[[758.559,230.254,34.453,0.857,0,0.515,0,1,0,-0.515,0,0.857],[],1,5,[-15.036,-23.692,-5.469],[0,6.279,0],[761.063,244.063,35.68,0.906,-0.416,0.073,0,0.174,0.985,-0.423,-0.892,0.157],12.5,"FreeFall",1,[683,357.5],[[],[]]],[[758.309,229.825,34.362,0.857,0,0.515,0,1,0,-0.515,0,0.857],[],1,5,[-15.037,-26.962,-5.468],[0,6.28,0],[760.803,243.635,35.608,0.909,-0.409,0.072,0,0.174,0.985,-0.416,-0.896,0.158],12.5,"FreeFall",1,[683,357.5],[[],[]]],[[758.058,229.341,34.271,0.861,0,0.509,0,1,0,-0.509,0,0.861],[],1,5,[-15.036,-30.232,-5.468],[0,6.336,0],[760.534,243.151,35.552,0.915,-0.397,0.07,0,0.174,0.985,-0.403,-0.901,0.159],12.5,"FreeFall",1,[683,357.5],[[],[]]],[[757.808,228.803,34.178,0.867,0,0.498,0,1,0,-0.498,0,0.867],[],1,5,[-14.994,-33.502,-5.584],[0,6.386,0],[760.262,242.613,35.502,0.922,-0.381,0.067,0,0.174,0.985,-0.387,-0.908,0.16],12.5,"FreeFall",1,[683,357.5],[[],[]]],[[757.559,228.211,34.082,0.876,0,0.483,0,1,0,-0.483,0,0.876],[["fall",0.3]],1,5,[-14.914,-36.772,-5.794],[0,6.414,0],[759.994,242.021,35.441,0.927,-0.368,0.065,0,0.174,0.985,-0.374,-0.913,0.161],12.5,"FreeFall",1,[683,357.5],[[],[]]],[[757.312,227.564,33.982,0.882,0,0.47,0,1,0,-0.47,0,0.882],[],1,5,[-14.812,-40.042,-6.049],[0,6.395,0],[759.73,241.374,35.371,0.932,-0.357,0.063,0,0.174,0.985,-0.362,-0.918,0.162],12.5,"FreeFall",1,[683,357.5],[[],[]]],[[757.067,226.862,33.878,0.888,0,0.459,0,1,0,-0.459,0,0.888],[],1,5,[-14.725,-43.312,-6.259],[0,6.382,0],[759.466,240.673,35.297,0.937,-0.345,0.061,0,0.174,0.985,-0.35,-0.922,0.163],12.5,"FreeFall",1,[683,357.5],[[],[]]],[[756.823,226.107,33.771,0.894,0,0.448,0,1,0,-0.448,0,0.894],[],1,5,[-14.645,-46.582,-6.444],[0,6.381,0],[759.186,239.917,35.25,0.945,-0.322,0.057,0,0.174,0.985,-0.327,-0.931,0.164],12.5,"FreeFall",1,[683,357.5],[[],[]]],[[756.458,224.87,33.605,0.88,0,0.474,0,1,0,-0.474,0,0.88],[],1,5,[-14.561,-51.487,-6.631],[0,6.477,0],[758.81,238.681,35.103,0.948,-0.314,0.055,0,0.174,0.985,-0.319,-0.933,0.165],12.5,"FreeFall",1,[683,357.5],[[],[]]],[[756.278,224.206,33.519,0.919,0,0.394,0,1,0,-0.394,0,0.919],[],1,5,[-14.399,-53.939,-6.976],[0,6.369,0],[758.611,238.017,35.046,0.952,-0.303,0.053,0,0.174,0.985,-0.307,-0.937,0.165],12.5,"FreeFall",1,[683,357.5],[[],[]]],[[756.099,223.512,33.43,0.924,0,0.382,0,1,0,-0.382,0,0.924],[["fall",0.3]],1,5,[-14.338,-56.392,-7.101],[0,6.378,0],[758.414,237.322,34.983,0.955,-0.292,0.052,0,0.174,0.985,-0.297,-0.94,0.166],12.5,"FreeFall",1,[683,357.5],[[],[]]],[[755.861,222.538,33.309,0.918,0,0.396,0,1,0,-0.396,0,0.918],[],1,5,[-14.246,-59.662,-7.284],[0,6.369,0],[758.164,236.348,34.88,0.957,-0.285,0.05,0,0.174,0.985,-0.289,-0.943,0.166],12.5,"FreeFall",1,[683,357.5],[[],[]]],[[755.632,221.523,33.243,0.939,-0.006,0.344,0.005,1,0.002,-0.344,0,0.939],[],1,5,[-12.622,-59.692,3.736],[0.159,-5.234,1.345],[757.927,235.333,34.815,0.957,-0.285,0.05,0,0.174,0.985,-0.289,-0.943,0.166],12.5,"FreeFall",1,[683,357.5],[[],[]]],[[755.423,220.494,33.281,0.943,-0.008,0.332,0.008,1,0.002,-0.332,0,0.943],[],1,5,[-12.558,-62.959,1.346],[-0.043,4.948,-0.228],[757.715,234.304,34.853,0.957,-0.285,0.05,0,0.174,0.985,-0.289,-0.943,0.166],12.5,"FreeFall",1,[683,357.5],[[],[]]],[[755.21,219.411,33.279,0.924,-0.003,0.382,0.003,1,0.001,-0.382,0,0.924],[],1,5,[-12.938,-66.229,-1.005],[-0.025,6.126,-0.266],[757.509,233.221,34.85,0.957,-0.285,0.05,0,0.174,0.985,-0.289,-0.943,0.166],12.5,"FreeFall",1,[683,357.5],[[],[]]],[[755.044,219.409,33.308,0.943,0.009,0.333,-0.003,1,-0.017,-0.333,0.015,0.943],[["walk",0.1],["fall",0.3],["climb",0.1]],-5.519,12,[-9.188,9.495,1.126],[1.089,1.897,-0.722],[757.358,233.219,34.906,0.958,-0.284,0.05,0,0.174,0.985,-0.288,-0.943,0.166],12.5,"Climbing",1,[683,357.5],[[],[]]],[[754.939,219.588,33.36,0.949,0.005,0.315,-0.002,1,-0.012,-0.315,0.011,0.949],[["climb",0.1]],0.791,12,[-5.686,11.066,2.135],[-0.163,0.93,0.102],[757.248,233.398,34.951,0.958,-0.284,0.05,0,0.174,0.985,-0.288,-0.943,0.166],12.5,"Climbing",1,[683,357.5],[[],[]]],[[754.867,219.775,33.385,0.956,0.001,0.293,0,1,-0.004,-0.293,0.003,0.956],[["climb",0.1]],0.922,12,[-3.476,11.197,1.246],[-0.458,0.107,0.205],[757.177,233.585,34.954,0.956,-0.288,0.051,0,0.174,0.985,-0.292,-0.942,0.166],12.5,"Climbing",1,[683,357.5],[[],[]]],[[754.833,219.961,33.398,0.956,0,0.293,0,1,0.001,-0.293,0,0.956],[],0.922,12,[-1.2,11.2,0.506],[-0.1,0.012,0.042],[757.153,233.771,34.944,0.954,-0.295,0.052,0,0.174,0.985,-0.3,-0.939,0.166],12.5,"Climbing",1,[683,357.5],[[],[]]],[[754.828,220.148,33.4,0.954,0,0.3,0,1,0.001,-0.3,-0.001,0.954],[],0.922,12,[-0.031,11.2,0.023],[0.027,0.001,-0.013],[757.165,233.958,34.92,0.951,-0.306,0.054,0,0.174,0.985,-0.31,-0.936,0.165],12.5,"Climbing",1,[683,357.5],[[],[]]],[[754.828,220.335,33.4,0.951,0,0.31,0,1,0,-0.31,0,0.951],[],0.922,12,[-0.002,11.2,-0.002],[0.018,0,-0.008],[757.189,234.145,34.884,0.946,-0.32,0.056,0,0.174,0.985,-0.325,-0.931,0.164],12.5,"Climbing",1,[683,357.5],[[],[]]],[[754.828,220.521,33.4,0.946,0,0.325,0,1,0,-0.325,0,0.946],[],0.922,12,[-0.001,11.2,-0.002],[0.002,0,-0.001],[757.194,234.331,34.876,0.945,-0.323,0.057,0,0.174,0.985,-0.328,-0.93,0.164],12.5,"Climbing",1,[683,357.5],[[],[]]],[[754.828,220.708,33.4,0.945,0,0.328,0,1,0,-0.328,0,0.945],[],0.922,12,[0,11.2,0],[-0.002,0,0.001],[757.194,234.518,34.876,0.945,-0.323,0.057,0,0.174,0.985,-0.328,-0.93,0.164],12.5,"Climbing",1,[683,357.5],[[],[]]],[[754.828,220.941,33.4,0.945,0,0.328,0,1,0,-0.328,0,0.945],[],0.922,12,[0,11.2,0],[0,0,0],[757.194,234.751,34.876,0.945,-0.323,0.057,0,0.174,0.985,-0.328,-0.93,0.164],12.5,"Climbing",1,[683,357.5],[[],[]]],[[754.828,221.174,33.4,0.945,0,0.328,0,1,0,-0.328,0,0.945],[],0.922,12,[0,11.2,0],[0,0,0],[757.194,234.984,34.876,0.945,-0.323,0.057,0,0.174,0.985,-0.328,-0.93,0.164],12.5,"Climbing",1,[683,357.5],[[],[]]],[[754.828,221.268,33.4,0.945,0,0.328,0,1,0,-0.328,0,0.945],[],0.922,12,[0,11.2,0],[0,0,0],[757.194,235.078,34.876,0.945,-0.323,0.057,0,0.174,0.985,-0.328,-0.93,0.164],12.5,"Climbing",1,[683,357.5],[[],[]]],[[754.828,221.454,33.4,0.945,0,0.328,0,1,0,-0.328,0,0.945],[],0.922,12,[0,11.2,0],[0,0,0],[757.194,235.264,34.876,0.945,-0.323,0.057,0,0.174,0.985,-0.328,-0.93,0.164],12.5,"Climbing",1,[683,357.5],[[],[]]],[[754.828,221.641,33.4,0.945,0,0.328,0,1,0,-0.328,0,0.945],[],0.922,12,[0,11.2,0],[0,0,0],[757.194,235.451,34.876,0.945,-0.323,0.057,0,0.174,0.985,-0.328,-0.93,0.164],12.5,"Climbing",1,[683,357.5],[[],[]]],[[754.828,221.828,33.4,0.945,0,0.328,0,1,0,-0.328,0,0.945],[],0.922,12,[0,11.2,0],[0,0,0],[757.194,235.638,34.876,0.945,-0.323,0.057,0,0.174,0.985,-0.328,-0.93,0.164],12.5,"Climbing",1,[683,357.5],[[],[]]],[[754.828,222.014,33.4,0.945,0,0.328,0,1,0,-0.328,0,0.945],[],0.922,12,[0,11.2,0],[0,0,0],[757.194,235.824,34.876,0.945,-0.323,0.057,0,0.174,0.985,-0.328,-0.93,0.164],12.5,"Climbing",1,[683,357.5],[[],[]]],[[754.828,222.201,33.4,0.945,0,0.328,0,1,0,-0.328,0,0.945],[],0.922,12,[0,11.2,0],[0,0,0],[757.194,236.011,34.876,0.945,-0.323,0.057,0,0.174,0.985,-0.328,-0.93,0.164],12.5,"Climbing",1,[683,357.5],[[],[]]],[[754.828,222.388,33.4,0.945,0,0.328,0,1,0,-0.328,0,0.945],[],0.922,12,[0,11.2,0],[0,0,0],[757.194,236.198,34.876,0.945,-0.323,0.057,0,0.174,0.985,-0.328,-0.93,0.164],12.5,"Climbing",1,[683,357.5],[[],[]]],[[754.828,222.574,33.4,0.945,0,0.328,0,1,0,-0.328,0,0.945],[],0.922,12,[0,11.2,0],[0,0,0],[757.194,236.384,34.876,0.945,-0.323,0.057,0,0.174,0.985,-0.328,-0.93,0.164],12.5,"Climbing",1,[683,357.5],[[],[]]],[[754.828,222.761,33.4,0.945,0,0.328,0,1,0,-0.328,0,0.945],[],0.922,12,[0,11.2,0],[0,0,0],[757.194,236.571,34.876,0.945,-0.323,0.057,0,0.174,0.985,-0.328,-0.93,0.164],12.5,"Climbing",1,[683,357.5],[[],[]]],[[754.828,222.948,33.4,0.945,0,0.328,0,1,0,-0.328,0,0.945],[],0.922,12,[0,11.2,0],[0,0,0],[757.196,236.758,34.873,0.944,-0.325,0.057,0,0.174,0.985,-0.33,-0.93,0.164],12.5,"Climbing",1,[683,357.5],[[],[]]],[[754.828,223.134,33.4,0.944,0,0.33,0,1,0,-0.33,0,0.944],[],0.922,12,[0,11.2,0],[0,0,0],[757.205,236.944,34.858,0.942,-0.331,0.058,0,0.174,0.985,-0.336,-0.928,0.164],12.5,"Climbing",1,[683,357.5],[[],[]]],[[754.828,223.321,33.4,0.942,0,0.336,0,1,0,-0.336,0,0.942],[],0.922,12,[0,11.2,0],[0,0,0],[757.248,237.131,34.786,0.932,-0.358,0.063,0,0.174,0.985,-0.364,-0.917,0.162],12.5,"Climbing",1,[683,357.5],[[],[]]],[[754.828,223.507,33.4,0.932,0,0.364,0,1,0,-0.364,0,0.932],[],0.922,12,[0,11.2,0],[0,0,0],[757.366,237.318,34.556,0.894,-0.441,0.078,0,0.174,0.985,-0.448,-0.88,0.155],12.5,"Climbing",1,[683,357.5],[[],[]]],[[754.828,223.741,33.4,0.894,0,0.448,0,1,0,-0.448,0,0.894],[],0.922,12,[0,11.2,0],[0,0,0],[757.586,237.551,33.811,0.735,-0.667,0.118,0,0.174,0.985,-0.678,-0.724,0.128],12.5,"Climbing",1,[683,357.5],[[],[]]],[[754.828,223.974,33.4,0.735,0,0.678,0,1,0,-0.678,0,0.735],[],0.922,12,[0,11.2,0],[0,0,0],[757.615,237.784,33.493,0.653,-0.746,0.131,0,0.174,0.985,-0.757,-0.643,0.113],12.5,"Climbing",1,[683,357.5],[[],[]]],[[754.79,224.041,33.399,0.652,0,0.759,0,1,0,-0.759,0,0.652],[["climb",0.1],["idle",0.1],["idle",0.1]],1,8,[-6.175,7.206,-0.253],[0,0.303,0],[757.549,237.851,32.998,0.509,-0.848,0.149,0,0.174,0.985,-0.861,-0.501,0.088],12.5,"Standing",1,[683,357.5],[[],[]]],[[754.669,224.102,33.486,0.567,0.008,0.824,-0.006,1,-0.005,-0.824,-0.002,0.567],[["walk",0.1]],0.426,8,[-10.491,3.01,2.62],[-0.12,-2.722,-0.261],[757.412,237.912,32.922,0.458,-0.875,0.154,0,0.174,0.985,-0.889,-0.451,0.08],12.5,"Running",1,[683,357.5],[[],["W"]]],[[754.569,224.14,33.758,0.47,0.005,0.883,-0.002,1,-0.005,-0.883,0.001,0.47],[["walk",0.1]],0.746,8,[-8.35,1.839,12.986],[-0.028,0.132,0.458],[757.311,237.95,33.216,0.464,-0.872,0.154,0,0.174,0.985,-0.886,-0.457,0.081],12.5,"Running",1,[683,357.5],[[],[]]],[[754.443,224.137,33.991,0.463,0,0.886,0,1,0,-0.886,0,0.463],[["walk",0.1]],1.065,8,[-7.333,-1.431,14.179],[-0.027,0.015,0.174],[757.203,237.947,33.59,0.509,-0.848,0.149,0,0.174,0.985,-0.861,-0.501,0.088],12.5,"Running",1,[683,357.5],[["Space"],[]]],[[754.321,225.023,34.228,0.509,-0.003,0.861,0.001,1,0.003,-0.861,0,0.509],[["walk",0.1],["walk",0.1],["jump",0.1]],1,3,[-7.333,53.153,14.179],[-0.027,0.015,0.174],[757.088,238.833,33.922,0.539,-0.83,0.146,0,0.174,0.985,-0.843,-0.53,0.094],12.5,"Jumping",1,[683,357.5],[[],[]]],[[754.154,226.079,34.516,0.431,-0.002,0.902,0,1,0.002,-0.902,0,0.431],[["jump",0.1]],1,5,[-8.111,49.066,13.777],[-0.001,7.458,-0.102],[756.931,239.889,34.306,0.567,-0.811,0.143,0,0.174,0.985,-0.823,-0.559,0.099],12.5,"FreeFall",1,[683,357.5],[[],[]]],[[754.047,226.672,34.685,0.485,-0.001,0.875,0,1,0.001,-0.875,0,0.485],[],1,5,[-8.574,46.613,13.501],[0.011,7.889,-0.067],[756.833,240.482,34.589,0.601,-0.787,0.139,0,0.174,0.985,-0.8,-0.591,0.104],12.5,"FreeFall",1,[683,357.5],[[],[]]],[[753.897,227.415,34.905,0.489,0,0.872,0,1,0,-0.872,0,0.489],[],1,5,[-9.064,43.343,13.185],[0.011,7.984,-0.018],[756.685,241.225,34.928,0.634,-0.762,0.134,0,0.174,0.985,-0.773,-0.624,0.11],12.5,"FreeFall",1,[683,357.5],[[],[]]],[[753.739,228.103,35.119,0.526,0,0.851,0,1,0,-0.851,0,0.526],[],1,5,[-9.598,40.073,12.803],[0.005,7.994,0],[756.524,241.913,35.243,0.661,-0.739,0.13,0,0.174,0.985,-0.75,-0.651,0.115],12.5,"FreeFall",1,[683,357.5],[[],[]]],[[753.571,228.737,35.327,0.556,0,0.831,0,1,0,-0.831,0,0.556],[],1,5,[-10.132,36.803,12.383],[0.001,7.996,0.003],[756.353,242.547,35.516,0.679,-0.723,0.127,0,0.174,0.985,-0.734,-0.669,0.118],12.5,"FreeFall",1,[683,357.5],[[],[]]],[[753.396,229.316,35.528,0.575,0,0.818,0,1,0,-0.818,0,0.575],[],1,5,[-10.574,33.533,12.008],[0,7.996,0.001],[756.176,243.126,35.734,0.684,-0.719,0.127,0,0.174,0.985,-0.73,-0.673,0.119],12.5,"FreeFall",1,[683,357.5],[[],[]]],[[753.215,229.841,35.724,0.58,0,0.814,0,1,0,-0.814,0,0.58],[],1,5,[-10.857,30.263,11.753],[0,7.996,0],[755.996,243.651,35.93,0.684,-0.719,0.127,0,0.174,0.985,-0.73,-0.673,0.119],12.5,"FreeFall",1,[683,357.5],[[],[]]],[[753.033,230.311,35.919,0.58,0,0.814,0,1,0,-0.814,0,0.58],[],1,5,[-10.935,26.993,11.68],[0,7.996,0],[755.813,244.122,36.134,0.686,-0.717,0.126,0,0.174,0.985,-0.728,-0.675,0.119],12.5,"FreeFall",1,[683,357.5],[[],[]]],[[752.805,230.823,36.162,0.556,0,0.831,0,1,0,-0.831,0,0.556],[],1,5,[-10.936,22.906,11.679],[0,7.996,0],[755.584,244.633,36.386,0.688,-0.715,0.126,0,0.174,0.985,-0.726,-0.678,0.119],12.5,"FreeFall",1,[683,357.5],[[],[]]],[[752.622,231.17,36.356,0.586,0,0.811,0,1,0,-0.811,0,0.586],[],1,5,[-10.972,19.636,11.645],[0,7.996,0],[755.401,244.98,36.584,0.689,-0.714,0.126,0,0.174,0.985,-0.725,-0.679,0.12],12.5,"FreeFall",1,[683,357.5],[[],[]]],[[752.485,231.395,36.502,0.613,0,0.79,0,1,0,-0.79,0,0.613],[],1,5,[-11.007,17.183,11.612],[0,7.996,0],[755.263,245.206,36.743,0.693,-0.71,0.125,0,0.174,0.985,-0.721,-0.682,0.12],12.5,"FreeFall",1,[683,357.5],[[],[]]],[[752.301,231.648,36.695,0.591,0,0.807,0,1,0,-0.807,0,0.591],[],1,5,[-11.027,13.913,11.593],[0,7.996,0],[755.078,245.458,36.945,0.695,-0.708,0.125,0,0.174,0.985,-0.719,-0.684,0.121],12.