{"Replay":[[[776.028,222.662,47.142,-0.97,0,0.244,0,1,0,-0.244,0,-0.97],[],1,8,[0,0,0],[0,0,0],[774.916,236.47,44.573,-0.965,-0.26,0.046,0,0.175,0.985,-0.264,0.95,-0.169],12.5,"Standing",1,[683,357.5],[[],[]]],[[776.028,222.662,47.142,-0.965,0,0.264,0,1,0,-0.264,0,-0.965],[],1,8,[0,0,0],[0,0,0],[774.965,236.467,44.54,-0.96,-0.276,0.049,0,0.176,0.984,-0.28,0.945,-0.169],12.5,"Standing",1,[683,357.5],[[],[]]],[[776.028,222.662,47.142,-0.96,0,0.28,0,1,0,-0.28,0,-0.96],[],1,8,[0,0,0],[0,0,0],[774.994,236.464,44.515,-0.957,-0.285,0.051,0,0.177,0.984,-0.289,0.942,-0.17],12.5,"Standing",1,[683,357.5],[[],[]]],[[776.028,222.662,47.142,-0.957,0,0.289,0,1,0,-0.289,0,-0.957],[],1,8,[0,0,0],[0,0,0],[775.01,236.464,44.509,-0.955,-0.291,0.052,0,0.177,0.984,-0.295,0.94,-0.169],12.5,"Standing",1,[683,357.5],[[],[]]],[[776.028,222.662,47.142,-0.955,0,0.295,0,1,0,-0.295,0,-0.955],[],1,8,[0,0,0],[0,0,0],[775.014,236.464,44.507,-0.955,-0.292,0.053,0,0.177,0.984,-0.297,0.94,-0.169],12.5,"Standing",1,[683,357.5],[[],[]]],[[776.028,222.662,47.142,-0.955,0,0.297,0,1,0,-0.297,0,-0.955],[],1,8,[0,0,0],[0,0,0],[775.023,236.464,44.504,-0.954,-0.295,0.053,0,0.177,0.984,-0.3,0.939,-0.169],12.5,"Standing",1,[683,357.5],[[],[]]],[[776.028,222.662,47.142,-0.954,0,0.3,0,1,0,-0.3,0,-0.954],[],1,8,[0,0,0],[0,0,0],[775.031,236.464,44.501,-0.953,-0.298,0.054,0,0.177,0.984,-0.303,0.938,-0.169],12.5,"Standing",1,[683,357.5],[[],["E"]]],[[776.028,222.662,47.142,-0.953,0,0.303,0,1,0,-0.303,0,-0.953],[],1,8,[0,0,0],[0,0,0],[775.039,236.464,44.498,-0.952,-0.301,0.054,0,0.177,0.984,-0.306,0.937,-0.169],12.5,"Standing",1,[683,357.5],[[],[]]],[[776.028,222.662,47.142,-0.952,0,0.306,0,1,0,-0.306,0,-0.952],[],1,8,[0,0,0],[0,0,0],[775.048,236.464,44.495,-0.951,-0.304,0.055,0,0.177,0.984,-0.309,0.936,-0.169],12.5,"Standing",1,[683,357.5],[[],[]]],[[776.028,222.662,47.142,-0.951,0,0.309,0,1,0,-0.309,0,-0.951],[],1,8,[0,0,0],[0,0,0],[775.056,236.464,44.492,-0.95,-0.307,0.055,0,0.177,0.984,-0.312,0.935,-0.168],12.5,"Standing",1,[683,357.5],[[],[]]],[[776.028,222.662,47.142,-0.95,0,0.312,0,1,0,-0.312,0,-0.95],[],1,8,[0,0,0],[0,0,0],[775.056,236.464,44.492,-0.95,-0.307,0.055,0,0.177,0.984,-0.312,0.935,-0.168],12.5,"Standing",1,[683,357.5],[["D"],[]]],[[775.874,222.662,47.092,-0.95,0,0.312,0,1,0,-0.312,0,-0.95],[],1,8,[-13.82,0,-4.537],[0,0,0],[774.902,236.464,44.441,-0.95,-0.307,0.055,0,0.177,0.984,-0.312,0.935,-0.168],12.5,"Standing",1,[683,357.5],[[],[]]],[[775.624,222.662,47.01,-0.95,0,0.312,0,1,0,-0.312,0,-0.95],[["walk",0.1]],1.003,8,[-15.174,0,-4.982],[0,0,0],[774.652,236.464,44.359,-0.95,-0.307,0.055,0,0.177,0.984,-0.312,0.935,-0.168],12.5,"Running",1,[683,357.5],[[],[]]],[[775.434,222.662,46.948,-0.95,0,0.312,0,1,0,-0.312,0,-0.95],[["walk",0.1]],1.101,8,[-15.2,0,-4.99],[0,0,0],[774.467,236.464,44.295,-0.95,-0.308,0.056,0,0.177,0.984,-0.313,0.935,-0.168],12.5,"Running",1,[683,357.5],[[],[]]],[[775.117,222.662,46.844,-0.95,0,0.313,0,1,0,-0.313,0,-0.95],[],1.101,8,[-15.202,0,-4.991],[0,0,0],[774.149,236.467,44.204,-0.949,-0.31,0.055,0,0.176,0.984,-0.315,0.934,-0.167],12.5,"Running",1,[683,357.5],[[],[]]],[[774.864,222.662,46.76,-0.949,0,0.315,0,1,0,-0.315,0,-0.949],[["walk",0.1]],1.101,8,[-15.194,0,-5.014],[0,0,0],[773.904,236.467,44.118,-0.948,-0.313,0.056,0,0.176,0.984,-0.318,0.933,-0.167],12.5,"Running",1,[683,357.5],[[],[]]],[[774.548,222.662,46.655,-0.948,0,0.318,0,1,0,-0.318,0,-0.948],[],1.101,8,[-15.186,0,-5.038],[0,0,0],[773.588,236.467,44.013,-0.948,-0.313,0.056,0,0.176,0.984,-0.318,0.933,-0.167],12.5,"Running",1,[683,357.5],[[],[]]],[[774.295,222.662,46.57,-0.948,0,0.318,0,1,0,-0.318,0,-0.948],[],1.101,8,[-15.171,0,-5.085],[0,0,0],[773.335,236.467,43.928,-0.948,-0.313,0.056,0,0.176,0.984,-0.318,0.933,-0.167],12.5,"Running",1,[683,357.5],[[],[]]],[[773.979,222.662,46.465,-0.948,0,0.318,0,1,0,-0.318,0,-0.948],[],1.101,8,[-15.17,0,-5.086],[0,0,0],[773.019,236.467,43.822,-0.948,-0.313,0.056,0,0.176,0.984,-0.318,0.933,-0.167],12.5,"Running",1,[683,357.5],[[],[]]],[[773.663,222.662,46.359,-0.948,0,0.318,0,1,0,-0.318,0,-0.948],[],1.101,8,[-15.17,0,-5.086],[0,0,0],[772.703,236.467,43.716,-0.948,-0.313,0.056,0,0.176,0.984,-0.318,0.933,-0.167],12.5,"Running",1,[683,357.5],[[],[]]],[[773.536,222.662,46.316,-0.948,0,0.318,0,1,0,-0.318,0,-0.948],[],1.101,8,[-15.17,0,-5.086],[0,0,0],[772.576,236.467,43.674,-0.948,-0.313,0.056,0,0.176,0.984,-0.318,0.933,-0.167],12.5,"Running",1,[683,357.5],[[],[]]],[[773.346,222.662,46.253,-0.948,0,0.318,0,1,0,-0.318,0,-0.948],[],1.101,8,[-15.17,0,-5.086],[0,0,0],[772.387,236.467,43.61,-0.948,-0.313,0.056,0,0.176,0.984,-0.318,0.933,-0.167],12.5,"Running",1,[683,357.5],[[],[]]],[[773.094,222.662,46.168,-0.948,0,0.318,0,1,0,-0.318,0,-0.948],[["walk",0.1]],1.101,8,[-15.17,0,-5.086],[0,0,0],[772.134,236.467,43.525,-0.948,-0.313,0.056,0,0.176,0.984,-0.318,0.933,-0.167],12.5,"Running",1,[683,357.5],[[],[]]],[[772.777,222.662,46.062,-0.948,0,0.318,0,1,0,-0.318,0,-0.948],[],1.101,8,[-15.17,0,-5.086],[0,0,0],[771.817,236.47,43.432,-0.948,-0.314,0.056,0,0.175,0.985,-0.319,0.933,-0.166],12.5,"Running",1,[683,357.5],[[],[]]],[[772.524,222.662,45.977,-0.948,0,0.319,0,1,0,-0.319,0,-0.948],[],1.101,8,[-15.17,0,-5.086],[0,0,0],[771.551,236.472,43.364,-0.949,-0.312,0.055,0,0.174,0.985,-0.316,0.934,-0.165],12.5,"Running",1,[683,357.5],[[],[]]],[[772.272,222.662,45.892,-0.949,0,0.316,0,1,0,-0.316,0,-0.949],[],1.101,8,[-15.162,0,-5.109],[0,0,0],[771.278,236.472,43.287,-0.951,-0.304,0.054,0,0.174,0.985,-0.309,0.937,-0.165],12.5,"Running",1,[683,357.5],[[],[]]],[[772.019,222.662,45.808,-0.951,0,0.309,0,1,0,-0.309,0,-0.951],[],1.101,8,[-15.178,0,-5.063],[0,0,0],[771.013,236.472,43.207,-0.953,-0.3,0.053,0,0.174,0.985,-0.304,0.938,-0.165],12.5,"Running",1,[683,357.5],[[],[]]],[[771.765,222.662,45.725,-0.953,0,0.304,0,1,0,-0.304,0,-0.953],[],1.101,8,[-15.217,0,-4.945],[0,0,0],[770.735,236.472,43.134,-0.955,-0.291,0.051,0,0.174,0.985,-0.295,0.941,-0.166],12.5,"Running",1,[683,357.5],[[],[]]],[[771.511,222.662,45.644,-0.955,0,0.295,0,1,0,-0.295,0,-0.955],[["walk",0.1]],1.101,8,[-15.24,0,-4.872],[0,0,0],[770.432,236.472,43.073,-0.961,-0.273,0.048,0,0.174,0.985,-0.277,0.946,-0.167],12.5,"Running",1,[683,357.5],[[],[]]],[[771.257,222.662,45.564,-0.961,0,0.277,0,1,0,-0.277,0,-0.961],[],1.101,8,[-15.285,0,-4.73],[0,0,0],[770.137,236.472,43.011,-0.965,-0.258,0.046,0,0.174,0.985,-0.262,0.95,-0.168],12.5,"Running",1,[683,357.5],[[],[]]],[[771.001,222.662,45.49,-0.965,0,0.262,0,1,0,-0.262,0,-0.965],[],1.101,8,[-15.371,0,-4.444],[0,0,0],[769.841,236.472,42.954,-0.969,-0.243,0.043,0,0.174,0.985,-0.247,0.954,-0.168],12.5,"Running",1,[683,357.5],[[],[]]],[[770.679,222.662,45.402,-0.969,0,0.247,0,1,0,-0.247,0,-0.969],[],1.101,8,[-15.44,-0.001,-4.198],[0,0,0],[769.421,236.472,42.914,-0.978,-0.206,0.036,0,0.174,0.985,-0.209,0.963,-0.17],12.5,"Running",1,[683,357.5],[[],[]]],[[770.098,222.662,45.253,-0.978,0,0.209,0,1,0,-0.209,0,-0.978],[],1.101,8,[-15.504,-0.001,-3.953],[0,0,0],[768.801,236.472,42.785,-0.981,-0.19,0.034,0,0.174,0.985,-0.193,0.966,-0.17],12.5,"Running",1,[683,357.5],[[],[]]],[[769.904,222.642,45.203,-0.981,0,0.193,0,1,0,-0.193,0,-0.981],[["walk",0.1]],1.101,8,[-15.504,-2.454,-3.953],[0,0,0],[768.588,236.452,42.746,-0.983,-0.183,0.032,0,0.174,0.985,-0.186,0.968,-0.171],12.5,"Running",1,[683,357.5],[[],[]]],[[769.711,222.591,45.154,-0.983,0,0.186,0,1,0,-0.186,0,-0.983],[],1.101,8,[-15.504,-4.906,-3.953],[0,0,0],[768.356,236.401,42.717,-0.985,-0.168,0.03,0,0.174,0.985,-0.17,0.97,-0.171],12.5,"Running",1,[683,357.5],[[],[]]],[[769.452,222.475,45.088,-0.985,0,0.17,0,1,0,-0.17,0,-0.985],[],1.101,8,[-15.504,-8.176,-3.953],[0,0,0],[768.056,236.285,42.675,-0.988,-0.151,0.027,0,0.174,0.985,-0.153,0.973,-0.172],12.5,"Running",1,[683,357.5],[[],[]]],[[769.194,222.305,45.022,-0.988,0,0.153,0,1,0,-0.153,0,-0.988],[],1.101,8,[-15.504,-11.446,-3.953],[0,0,0],[767.719,236.115,42.656,-0.993,-0.119,0.021,0,0.174,0.985,-0.121,0.978,-0.172],12.5,"Running",1,[683,357.5],[["Space"],[]]],[[768.936,223.18,44.956,-0.993,0,0.121,0,1,0,-0.121,0,-0.993],[["walk",0.1],["jump",0.1]],1,3,[-15.504,51.518,-3.953],[0,0,0],[767.405,236.99,42.626,-0.995,-0.096,0.017,0,0.174,0.985,-0.097,0.98,-0.173],12.5,"Jumping",1,[683,357.5],[[],[]]],[[768.673,224.005,44.913,-0.982,0,0.188,0,1,0,-0.188,0,-0.982],[["jump",0.1]],1,5,[-15.861,48.248,-2.049],[0,-7.071,0],[767.106,237.815,42.607,-0.997,-0.08,0.014,0,0.174,0.985,-0.081,0.982,-0.173],12.5,"FreeFall",1,[683,357.5],[[],[]]],[[768.408,224.775,44.886,-0.978,0,0.209,0,1,0,-0.209,0,-0.978],[],1,5,[-15.923,44.978,-1.564],[0,-7.889,0],[766.83,238.585,42.587,-0.997,-0.076,0.013,0,0.174,0.985,-0.077,0.982,-0.173],12.5,"FreeFall",1,[683,357.5],[[],[]]],[[768.142,225.49,44.863,-0.978,0,0.208,0,1,0,-0.208,0,-0.978],[],1,5,[-15.946,41.708,-1.309],[0,-7.984,0],[766.55,239.301,42.575,-0.998,-0.069,0.012,0,0.174,0.985,-0.071,0.982,-0.173],12.5,"FreeFall",1,[683,357.5],[[],[]]],[[767.876,226.152,44.843,-0.979,0,0.202,0,1,0,-0.202,0,-0.979],[],1,5,[-15.953,38.438,-1.23],[0,-7.994,0],[766.273,239.962,42.562,-0.998,-0.065,0.011,0,0.174,0.985,-0.066,0.983,-0.173],12.5,"FreeFall",1,[683,357.5],[[],[]]],[[767.677,226.612,44.828,-0.986,0,0.165,0,1,0,-0.165,0,-0.986],[],1,5,[-15.96,35.986,-1.134],[0,-7.996,0],[766.067,240.422,42.552,-0.998,-0.062,0.011,0,0.174,0.985,-0.063,0.983,-0.173],12.5,"FreeFall",1,[683,357.5],[[],[]]],[[767.344,227.31,44.806,-0.974,0,0.227,0,1,0,-0.227,0,-0.974],[],1,5,[-15.965,31.898,-1.054],[0,-7.996,0],[765.72,241.12,42.54,-0.998,-0.056,0.01,0,0.174,0.985,-0.056,0.983,-0.173],12.5,"FreeFall",1,[683,357.5],[[],[]]],[[767.078,227.808,44.789,-0.982,0,0.189,0,1,0,-0.189,0,-0.982],[],1,5,[-15.968,28.628,-1.004],[0,-7.996,0],[765.436,241.618,42.536,-0.999,-0.048,0.008,0,0.174,0.985,-0.049,0.984,-0.173],12.5,"FreeFall",1,[683,357.5],[[],[]]],[[766.546,228.639,44.759,-0.951,0,0.31,0,1,0,-0.31,0,-0.951],[],1,5,[-15.974,22.088,-0.903],[0,-7.996,0],[764.889,242.45,42.516,-0.999,-0.042,0.007,0,0.174,0.985,-0.042,0.984,-0.173],12.5,"FreeFall",1,[683,357.5],[[],[]]],[[766.412,228.813,44.752,-0.994,0,0.109,0,1,0,-0.109,0,-0.994],[],1,5,[-15.98,20.453,-0.795],[0,-7.996,0],[764.749,242.623,42.515,-0.999,-0.039,0.007,0,0.174,0.985,-0.039,0.984,-0.174],12.5,"FreeFall",1,[683,357.5],[[],[]]],[[766.213,229.049,44.743,-0.99,0,0.139,0,1,0,-0.139,0,-0.99],[],1,5,[-15.985,18.001,-0.683],[0,-7.996,0],[764.542,242.859,42.511,-0.999,-0.035,0.006,0,0.174,0.985,-0.036,0.984,-0.174],12.5,"FreeFall",1,[683,357.5],[[],[]]],[[765.813,229.427,44.728,-0.972,0,0.234,0,1,0,-0.234,0,-0.972],[],1,5,[-15.988,13.096,-0.627],[0,-7.996,0],[764.139,243.237,42.498,-0.999,-0.034,0.006,0,0.174,0.985,-0.034,0.984,-0.174],12.5,"FreeFall",1,[683,357.5],[[],[]]],[[765.68,229.526,44.723,-0.995,0,0.101,0,1,0,-0.101,0,-0.995],[],1,5,[-15.989,11.461,-0.583],[0,-7.996,0],[764.002,243.336,42.496,-0.999,-0.032,0.006,0,0.174,0.985,-0.033,0.984,-0.174],12.5,"FreeFall",1,[683,357.5],[[],[]]],[[765.48,229.649,44.716,-0.991,0,0.132,0,1,0,-0.132,0,-0.991],[],1,5,[-15.99,9.008,-0.553],[0,-7.996,0],[763.802,243.459,42.489,-0.999,-0.032,0.006,0,0.174,0.985,-0.033,0.984,-0.174],12.5,"FreeFall",1,[683,357.5],[[],[]]],[[765.28,229.741,44.709,-0.991,0,0.132,0,1,0,-0.132,0,-0.991],[],1,5,[-15.991,6.556,-0.527],[0,-7.996,0],[763.602,243.551,42.482,-0.999,-0.032,0.006,0,0.174,0.985,-0.033,0.984,-0.174],12.5,"FreeFall",1,[683,357.5],[[],[]]],[[765.013,229.816,44.7,-0.986,0,0.165,0,1,0,-0.165,0,-0.986],[],1,5,[-15.991,3.286,-0.526],[0,-7.996,0],[763.336,243.626,42.473,-0.999,-0.032,0.006,0,0.174,0.985,-0.033,0.984,-0.174],12.5,"FreeFall",1,[683,357.5],[[],[]]],[[764.68,229.833,44.689,-0.98,0,0.198,0,1,0,-0.198,0,-0.98],[["fall",0.3]],1,5,[-15.991,-0.802,-0.526],[0,-7.996,0],[763.002,243.644,42.462,-0.999,-0.032,0.006,0,0.174,0.985,-0.033,0.984,-0.174],12.5,"FreeFall",1,[683,357.5],[[],[]]],[[764.414,229.786,44.681,-0.986,0,0.165,0,1,0,-0.165,0,-0.986],[],1,5,[-15.991,-4.072,-0.526],[0,-7.996,0],[762.743,243.596,42.448,-0.999,-0.035,0.006,0,0.174,0.985,-0.036,0.984,-0.174],12.5,"FreeFall",1,[683,357.5],[[],[]]],[[764.147,229.684,44.672,-0.986,0,0.168,0,1,0,-0.168,0,-0.986],[],1,5,[-15.991,-7.342,-0.526],[0,-7.996,0],[762.494,243.494,42.427,-0.999,-0.043,0.008,0,0.174,0.985,-0.044,0.984,-0.173],12.5,"FreeFall",1,[683,357.5],[[],[]]],[[763.88,229.528,44.662,-0.984,0,0.176,0,1,0,-0.176,0,-0.984],[],1,5,[-15.99,-10.612,-0.575],[0,-7.996,0],[762.252,243.338,42.399,-0.998,-0.054,0.01,0,0.174,0.985,-0.055,0.983,-0.173],12.5,"FreeFall",1,[683,357.5],[[],[]]],[[763.614,229.317,44.651,-0.982,0,0.187,0,1,0,-0.187,0,-0.982],[],1,5,[-15.985,-13.882,-0.699],[0,-7.996,0],[762.014,243.127,42.367,-0.998,-0.066,0.012,0,0.174,0.985,-0.067,0.983,-0.173],12.5,"FreeFall",1,[683,357.5],[[],[]]],[[763.348,229.051,44.637,-0.98,0,0.199,0,1,0,-0.199,0,-0.98],[],1,5,[-15.976,-17.152,-0.874],[0,-7.996,0],[761.778,242.859,42.318,-0.997,-0.079,0.014,0,0.175,0.985,-0.08,0.981,-0.174],12.5,"FreeFall",1,[683,357.5],[[],[]]],[[763.081,228.731,44.619,-0.977,0,0.212,0,1,0,-0.212,0,-0.977],[],1,5,[-15.964,-20.422,-1.074],[0,-7.996,0],[761.583,242.531,42.213,-0.994,-0.106,0.019,0,0.178,0.984,-0.108,0.978,-0.177],12.5,"FreeFall",1,[683,357.5],[[],["Space"]]],[[762.284,227.445,44.556,-0.874,0,0.487,0,1,0,-0.487,0,-0.874],[["fall",0.3]],1,5,[-15.949,-30.232,-1.279],[0,-7.996,0],[760.813,241.241,42.119,-0.993,-0.117,0.021,0,0.18,0.984,-0.119,0.977,-0.178],12.5,"FreeFall",1,[683,357.5],[[],[]]],[[762.019,226.907,44.528,-0.968,0,0.25,0,1,0,-0.25,0,-0.968],[],1,5,[-15.907,-33.502,-1.72],[0,-7.996,0],[760.556,240.703,42.086,-0.993,-0.12,0.022,0,0.18,0.984,-0.122,0.976,-0.178],12.5,"FreeFall",1,[683,357.5],[[],[]]],[[761.754,226.314,44.497,-0.967,0,0.253,0,1,0,-0.253,0,-0.967],[],1,5,[-15.887,-36.772,-1.9],[0,-7.996,0],[760.297,240.108,42.038,-0.992,-0.122,0.022,0,0.181,0.984,-0.124,0.976,-0.179],12.5,"FreeFall",1,[683,357.5],[[],[]]],[[761.489,225.667,44.465,-0.967,0,0.254,0,1,0,-0.254,0,-0.967],[],1,5,[-15.88,-40.042,-1.953],[0,-7.996,0],[760.032,239.461,42.006,-0.992,-0.122,0.022,0,0.181,0.984,-0.124,0.976,-0.179],12.5,"FreeFall",1,[683,357.5],[[],[]]],[[761.224,224.966,44.432,-0.967,0,0.254,0,1,0,-0.254,0,-0.967],[],1,5,[-15.877,-43.312,-1.978],[0,-7.996,0],[759.767,238.76,41.973,-0.992,-0.122,0.022,0,0.181,0.984,-0.124,0.976,-0.179],12.5,"FreeFall",1,[683,357.5],[[],[]]],[[760.96,224.21,44.399,-0.967,0,0.254,0,1,0,-0.254,0,-0.967],[],1,5,[-15.877,-46.582,-1.979],[0,-7.996,0],[759.503,238.004,41.94,-0.992,-0.122,0.022,0,0.181,0.984,-0.124,0.976,-0.179],12.5,"FreeFall",1,[683,357.5],[[],[]]],[[760.695,223.4,44.366,-0.967,0,0.254,0,1,0,-0.254,0,-0.967],[],1,5,[-15.877,-49.852,-1.979],[0,-7.996,0],[759.238,237.194,41.907,-0.992,-0.122,0.022,0,0.181,0.984,-0.124,0.976,-0.179],12.5,"FreeFall",1,[683,357.5],[[],[]]],[[760.431,222.535,44.333,-0.967,0,0.254,0,1,0,-0.254,0,-0.967],[["fall",0.3]],1,5,[-15.877,-53.122,-1.979],[0,-7.996,0],[758.973,236.329,41.874,-0.992,-0.122,0.022,0,0.181,0.984,-0.124,0.976,-0.179],12.5,"FreeFall",1,[683,357.5],[[],[]]],[[760.166,221.615,44.3,-0.967,0,0.254,0,1,0,-0.254,0,-0.967],[],1,5,[-15.877,-56.392,-1.979],[0,-7.996,0],[758.709,235.409,41.841,-0.992,-0.122,0.022,0,0.181,0.984,-0.124,0.976,-0.179],12.5,"FreeFall",1,[683,357.5],[[],[]]],[[759.926,221.636,44.27,-0.986,0,0.164,0,1,0,-0.164,0,-0.986],[["walk",0.1],["fall",0.3],["climb",0.1]],-4.699,12,[-13.512,9.863,-1.684],[0,-0.924,0],[758.469,235.43,41.811,-0.992,-0.122,0.022,0,0.181,0.984,-0.124,0.976,-0.179],12.5,"Climbing",1,[683,357.5],[[],[]]],[[759.772,221.773,44.251,-0.992,0,0.128,0,1,0,-0.128,0,-0.992],[["climb",0.1],["climb",0]],0.822,12,[-11.738,11.13,-1.463],[0,-0.183,0],[758.315,235.567,41.792,-0.992,-0.122,0.022,0,0.181,0.984,-0.124,0.976,-0.179],12.5,"Climbing",1,[683,357.5],[[],[]]],[[759.601,221.96,44.229,-0.992,0,0.125,0,1,0,-0.125,0,-0.992],[["climb",0.1]],0.927,12,[-9.373,11.199,-1.168],[0,-0.021,0],[758.144,235.754,41.77,-0.992,-0.122,0.022,0,0.181,0.984,-0.124,0.976,-0.179],12.5,"Climbing",1,[683,357.5],[[],[]]],[[759.442,222.193,44.21,-0.992,0,0.124,0,1,0,-0.124,0,-0.992],[],0.927,12,[-6.417,11.2,-0.8],[0,-0.001,0],[757.985,235.987,41.751,-0.992,-0.122,0.022,0,0.181,0.984,-0.124,0.976,-0.179],12.5,"Climbing",1,[683,357.5],[[],[]]],[[759.36,222.38,44.199,-0.992,0,0.124,0,1,0,-0.124,0,-0.992],[],0.927,12,[-4.052,11.2,-0.505],[0,0,0],[757.903,236.174,41.74,-0.992,-0.122,0.022,0,0.181,0.984,-0.124,0.976,-0.179],12.5,"Climbing",1,[683,357.5],[[],[]]],[[759.313,222.613,44.193,-0.992,0,0.124,0,1,0,-0.124,0,-0.992],[["climb",0]],0.927,12,[-1.096,11.2,-0.137],[0,0,0],[757.863,236.401,41.703,-0.992,-0.123,0.023,0,0.183,0.983,-0.125,0.975,-0.182],12.5,"Climbing",1,[683,357.5],[[],[]]],[[759.309,222.8,44.193,-0.992,0,0.125,0,1,0,-0.125,0,-0.992],[],0.927,12,[-0.027,11.2,-0.003],[0,0,0],[757.829,236.588,41.721,-0.994,-0.111,0.021,0,0.183,0.983,-0.113,0.977,-0.182],12.5,"Climbing",1,[683,357.5],[[],[]]],[[759.309,222.94,44.193,-0.994,0,0.113,0,1,0,-0.113,0,-0.994],[],0.927,12,[-0.001,11.2,0],[0,0,0],[757.57,236.728,41.895,-1,-0.005,0.001,0,0.183,0.983,-0.005,0.983,-0.183],12.5,"Climbing",1,[683,357.5],[[],[]]],[[759.309,223.173,44.193,-1,0,0.005,0,1,0,-0.005,0,-1],[],0.927,12,[0,11.2,0],[0,0,0],[757.403,236.964,42.048,-0.997,0.07,-0.013,0,0.182,0.983,0.071,0.981,-0.182],12.5,"Climbing",1,[683,357.5],[[],[]]],[[759.309,223.313,44.193,-0.997,0,-0.071,0,1,0,0.071,0,-0.997],[],0.927,12,[0,11.2,0],[0,0,0],[757.002,237.104,42.486,-0.962,0.27,-0.05,0,0.182,0.983,0.275,0.946,-0.175],12.5,"Climbing",1,[683,357.5],[[],[]]],[[759.309,223.181,44.193,-0.962,0,-0.275,0,1,0,0.275,0,-0.962],[],0.927,12,[0,-10.757,0],[0,0,0],[756.667,236.967,43.013,-0.877,0.472,-0.089,0,0.184,0.983,0.48,0.862,-0.162],12.5,"Climbing",1,[683,357.5],[[],["W"]]],[[759.285,222.968,44.2,-0.872,0,-0.489,0,1,0,0.489,0,-0.872],[["climb",0.1],["idle",0.1],["idle",0.1]],1,8,[-2.292,-14.027,0.654],[0,0.789,0],[756.681,235.035,43.743,-0.781,0.613,-0.115,0,0.184,0.983,0.624,0.768,-0.144],12.5,"Standing",1,[683,357.5],[[],[]]],[[759.226,222.7,44.223,-0.833,0,-0.553,0,1,0,0.553,0,-0.833],[["walk",0.1],["fall",0.3]],1,5,[-4.336,-17.297,1.879],[0,-6.98,0],[756.572,234.911,43.986,-0.721,0.681,-0.128,0,0.184,0.983,0.693,0.709,-0.133],12.5,"FreeFall",1,[683,357.5],[[],[]]],[[759.136,222.377,44.272,-0.804,0,-0.595,0,1,0,0.595,0,-0.804],[],1,5,[-6.028,-20.567,3.558],[0,-7.878,0],[756.48,234.701,44.123,-0.699,0.703,-0.13,0,0.182,0.983,0.715,0.688,-0.127],12.5,"FreeFall",1,[683,357.5],[[],[]]],[[759.022,222.002,44.297,-0.789,0,-0.614,0.001,1,-0.002,0.614,-0.002,-0.789],[],1,5,[-7.365,-23.756,5.172],[-0.001,-8.039,0.003],[756.352,234.567,44.154,-0.694,0.709,-0.129,0,0.18,0.984,0.72,0.682,-0.125],12.5,"FreeFall",1,[683,357.5],[[],[]]],[[758.927,221.692,44.24,-0.769,0,-0.64,0.002,1,-0.003,0.64,-0.004,-0.769],[],1,5,[-7.778,-25.563,4.274],[0.139,-8.323,-0.017],[756.245,234.538,44.031,-0.706,0.697,-0.126,0,0.177,0.984,0.708,0.695,-0.125],12.5,"FreeFall",1,[683,357.5],[[],[]]],[[758.757,221.119,44.218,-0.82,0.001,-0.573,0.002,1,-0.002,0.573,-0.003,-0.82],[],1,5,[-8.571,-29.104,4.916],[0.168,-8.164,0.023],[756.069,234.197,43.869,-0.737,0.665,-0.119,0,0.176,0.984,0.675,0.726,-0.13],12.5,"FreeFall",1,[683,357.5],[[],[]]],[[758.6,220.611,44.18,-0.827,0.001,-0.562,0.002,1,-0.001,0.562,-0.002,-0.827],[],1,5,[-8.986,-31.68,4.465],[0.051,-8.171,0.04],[755.947,233.89,43.507,-0.808,0.58,-0.104,0,0.176,0.984,0.589,0.795,-0.142],12.5,"FreeFall",1,[683,357.5],[[],[]]],[[758.44,220.049,44.278,-0.88,0,-0.476,0.001,1,0,0.476,-0.001,-0.88],[["fall",0.3]],1,5,[-9.954,-34.95,6.642],[0.049,-8.016,0.038],[755.844,233.489,43.338,-0.859,0.504,-0.09,0,0.176,0.984,0.512,0.846,-0.151],12.5,"FreeFall",1,[683,357.5],[[],[]]],[[758.295,220.123,44.374,-0.879,0,-0.476,0,1,0,0.476,0,-0.879],[["walk",0.1],["fall",0.3],["climb",0.1]],-2.912,12,[-7.965,10.287,5.31],[0.02,-0.927,0.012],[755.767,233.689,43.223,-0.895,0.439,-0.078,0,0.176,0.984,0.446,0.881,-0.158],12.5,"Climbing",1,[683,357.5],[[],[]]],[[758.16,220.354,44.464,-0.897,0,-0.441,0,1,0,0.441,0,-0.897],[["climb",0.1],["climb",0]],0.857,12,[-5.482,11.193,3.651],[-0.002,-0.062,-0.002],[755.618,234.02,43.198,-0.903,0.423,-0.078,0,0.181,0.984,0.43,0.888,-0.163],12.5,"Climbing",1,[683,357.5],[[],[]]],[[758.066,220.634,44.527,-0.903,0,-0.43,0,1,0,0.43,0,-0.903],[["climb",0.1]],0.933,12,[-2.507,11.2,1.67],[-0.001,-0.002,-0.001],[755.412,234.328,43.347,-0.875,0.476,-0.09,0,0.187,0.982,0.485,0.859,-0.163],12.5,"Climbing",1,[683,357.5],[[],[]]],[[758.044,220.867,44.541,-0.875,0,-0.485,0,1,0,0.485,0,-0.875],[],0.933,12,[-0.196,11.2,0.131],[0,0,0],[755.326,234.572,43.448,-0.853,0.512,-0.099,0,0.189,0.982,0.521,0.838,-0.161],12.5,"Climbing",1,[683,357.5],[[],[]]],[[758.044,220.914,44.541,-0.853,0,-0.521,0,1,0,0.521,0,-0.853],[],0.933,12,[-0.074,11.2,0.049],[0,0,0],[755.26,234.627,43.546,-0.829,0.549,-0.107,0,0.191,0.981,0.56,0.813,-0.159],12.5,"Climbing",1,[683,357.5],[[],[]]],[[758.044,221.053,44.542,-0.829,0,-0.56,0,1,0,0.56,0,-0.829],[["climb",0]],0.933,12,[-0.004,11.2,0.003],[0,0,0],[755.17,234.781,43.789,-0.774,0.621,-0.122,0,0.193,0.981,0.633,0.76,-0.149],12.5,"Climbing",1,[683,357.5],[[],[]]],[[758.044,221.193,44.542,-0.774,0,-0.633,0,1,0,0.633,0,-0.774],[],0.933,12,[0,11.2,0],[0,0,0],[755.118,234.934,44.015,-0.722,0.679,-0.133,0,0.193,0.981,0.691,0.709,-0.139],12.5,"Climbing",1,[683,357.5],[[],[]]],[[758.044,221.427,44.542,-0.722,0,-0.691,0,1,0,0.691,0,-0.722],[],0.933,12,[0,11.2,0],[0,0,0],[755.108,235.181,44.251,-0.669,0.729,-0.141,0,0.19,0.982,0.743,0.657,-0.127],12.5,"Climbing",1,[683,357.5],[[],[]]],[[758.044,221.613,44.542,-0.669,0,-0.743,0,1,0,0.743,0,-0.669],[],0.933,12,[0,11.2,0],[0,0,0],[755.095,235.374,44.426,-0.624,0.767,-0.149,0,0.19,0.982,0.781,0.613,-0.119],12.5,"Climbing",1,[683,357.5],[[],[]]],[[758.044,221.8,44.542,-0.624,0,-0.781,0,1,0,0.781,0,-0.624],[],0.933,12,[0,11.2,0],[0,0,0],[755.092,235.564,44.546,-0.592,0.792,-0.153,0,0.19,0.982,0.806,0.581,-0.113],12.5,"Climbing",1,[683,357.5],[[],[]]],[[758.044,221.987,44.542,-0.592,0,-0.806,0,1,0,0.806,0,-0.592],[],0.933,12,[0,11.2,0],[0,0,0],[755.092,235.753,44.593,-0.579,0.801,-0.155,0,0.19,0.982,0.815,0.568,-0.11],12.5,"Climbing",1,[683,357.5],[[],[]]],[[758.044,222.173,44.542,-0.579,0,-0.815,0,1,0,0.815,0,-0.579],[],0.933,12,[0,11.2,0],[0,0,0],[755.092,235.942,44.597,-0.577,0.801,-0.155,0,0.19,0.982,0.816,0.567,-0.11],12.5,"Climbing",1,[683,357.5],[[],[]]],[[758.044,222.36,44.542,-0.577,0,-0.816,0,1,0,0.816,0,-0.577],[],0.933,12,[0,11.2,0],[0,0,0],[755.329,234.633,44.764,-0.577,0.801,-0.155,0,0.19,0.982,0.816,0.567,-0.11],12.5,"Climbing",1,[683,357.5],[[],[]]],[[758.044,222.547,44.542,-0.577,0,-0.816,0,1,0,0.816,0,-0.577],[],0.933,12,[0,11.2,0],[0,0,0],[755.35,234.623,44.796,-0.572,0.805,-0.157,0,0.191,0.981,0.82,0.562,-0.11],12.5,"Climbing",1,[683,357.5],[[],[]]],[[758.044,222.733,44.542,-0.572,0,-0.82,0,1,0,0.82,0,-0.572],[],0.933,12,[0,11.2,0],[0,0,0],[755.369,234.603,44.867,-0.553,0.817,-0.162,0,0.194,0.981,0.833,0.542,-0.107],12.5,"Climbing",1,[683,357.5],[[],[]]],[[758.03,222.886,44.562,-0.553,0,-0.833,0,1,0,0.833,0,-0.553],[["climb",0.1],["idle",0.1],["idle",0.1]],1,8,[-1.364,7.93,1.954],[0,0,0],[755.388,234.568,44.988,-0.525,0.835,-0.166,0,0.195,0.981,0.851,0.515,-0.102],12.5,"Standing",1,[683,357.5],[[],[]]],[[757.981,223,44.634,-0.626,0,-0.78,0,1,0,0.78,0,-0.626],[["walk",0.1],["fall",0.3]],1,5,[-3.001,3.842,4.444],[0,-7.457,0],[755.384,234.506,45.207,-0.48,0.86,-0.172,0,0.196,0.981,0.877,0.471,-0.094],12.5,"FreeFall",1,[683,357.5],[[],[]]],[[757.879,223.025,44.79,-0.643,0,-0.766,0,1,0,0.766,0,-0.643],[],1,5,[-4.815,-1.063,7.524],[0,-7.975,0],[755.355,234.404,45.563,-0.414,0.892,-0.179,0,0.196,0.981,0.91,0.406,-0.081],12.5,"FreeFall",1,[683,357.5],[["W"],[]]],[[757.799,223.227,44.915,-0.453,0,-0.891,0,1,0,0.891,0,-0.453],[["fall",0.3],["walk",0.1],["fall",0.3],["climb",0.1]],-0.089,12,[-3.209,11.109,5.015],[0,-0.538,0],[755.373,234.312,45.889,-0.345,0.92,-0.186,0,0.199,0.98,0.939,0.338,-0.068],12.5,"Climbing",1,[683,357.5],[[],[]]],[[757.759,223.414,44.978,-0.347,0,-0.938,0,1,0,0.938,0,-0.347],[["climb",0.1]],0.926,12,[-1.924,11.198,3.007],[0,-0.062,0],[755.482,234.289,46.234,-0.232,0.953,-0.195,0,0.201,0.98,0.973,0.227,-0.047],12.5,"Climbing",1,[683,357.5],[[],[]]],[[757.74,223.601,45.007,-0.232,0,-0.973,0,1,0,0.973,0,-0.232],[],0.926,12,[-0.64,11.2,1],[0,-0.007,0],[755.667,233.783,46.413,-0.176,0.964,-0.199,0,0.202,0.979,0.984,0.173,-0.036],12.5,"Climbing",1,[683,357.5],[[],[]]],[[757.738,223.787,45.01,-0.177,0,-0.984,0,1,0,0.984,0,-0.177],[],0.926,12,[-0.017,11.2,0.026],[0,-0.001,0],[755.756,233.783,46.496,-0.141,0.97,-0.2,0,0.202,0.979,0.99,0.138,-0.028],12.5,"Climbing",1,[683,357.5],[[],[]]],[[757.738,223.974,45.01,-0.141,0,-0.99,0,1,0,0.99,0,-0.141],[],0.926,12,[0,11.2,0.001],[0,0,0],[755.86,233.784,46.551,-0.117,0.973,-0.197,0,0.199,0.98,0.993,0.115,-0.023],12.5,"Climbing",1,[683,357.5],[[],[]]],[[757.747,224.093,45.022,-0.117,0,-0.993,0,1,0,0.993,0,-0.117],[["climb",0.1],["idle",0.1],["idle",0.1]],1,8,[1.073,8.747,1.43],[0,0,0],[755.933,233.784,46.591,-0.105,0.975,-0.195,0,0.196,0.981,0.994,0.103,-0.021],12.5,"Standing",1,[683,357.5],[[],[]]],[[757.793,224.225,45.081,-0.202,0,-0.979,0,1,0,0.979,0,-0.202],[["walk",0.1],["fall",0.3]],1,5,[2.925,4.66,3.764],[0,-5.95,0],[757.453,226.541,46.806,-0.102,0.976,-0.194,0,0.195,0.981,0.995,0.1,-0.02],12.5,"FreeFall",1,[683,357.5],[[],[]]],[[757.825,224.391,45.104,-0.129,0,-0.992,0.007,1,-0.001,0.992,-0.007,-0.129],[["fall",0.3],["walk",0.1],["fall",0.3]],1,12,[1.249,10.784,-0.18],[-0.534,-0.424,-0.001],[756.811,231.331,44.98,-0.111,0.977,-0.183,0,0.184,0.983,0.994,0.109,-0.021],12.5,"FreeFall",0,[683,357.5],[["LeftShift","b2"],["D"]]],[[757.823,224.946,45.097,-0.128,0,-0.992,0.001,1,0,0.992,-0.001,-0.128],[["climb",0.1]],0.899,12,[-0.005,11.181,-0.055],[0.03,0.027,0.016],[756.304,234.592,44.926,-0.111,0.977,-0.183,0,0.184,0.983,0.994,0.109,-0.021],12.5,"Climbing",0,[683,357.5],[[],["W"]]],[[757.823,224.974,45.097,-0.128,0,-0.992,0,1,0,0.992,0,-0.128],[],0.899,12,[0,0,0],[-0.002,0,0],[756.356,234.711,44.494,-0.38,0.908,-0.175,0,0.189,0.982,0.925,0.373,-0.072],12.5,"Climbing",0,[683,357.5],[[],[]]],[[757.823,224.974,45.097,-0.128,0,-0.992,0,1,0,0.992,0,-0.128],[["climb",0.1]],0,12,[0,0,0],[0,0,0],[756.448,234.8,44.175,-0.557,0.815,-0.162,0,0.195,0.981,0.831,0.546,-0.109],12.5,"Climbing",0,[683,357.5],[[],["LeftShift"]]],[[757.823,224.974,45.097,-0.128,0,-0.992,0,1,0,0.992,0,-0.128],[],0,12,[0,0,0],[0,0,0],[756.789,234.958,43.631,-0.817,0.564,-0.119,0,0.207,0.978,0.576,0.8,-0.169],12.5,"Climbing",0,[683,357.5],[[],[]]],[[757.823,224.974,45.097,-0.128,0,-0.992,0,1,0,0.992,0,-0.128],[],0,12,[0,0,0],[0,0,0],[756.87,235.01,43.45,-0.865,0.489,-0.109,0,0.218,0.976,0.501,0.845,-0.188],12.5,"Climbing",0,[683,357.5],[["D"],[]]],[[757.823,224.768,45.097,-0.128,0,-0.992,0,1,0,0.992,0,-0.128],[],0,12,[0,-11.117,0],[0,0,0],[756.919,235.031,43.253,-0.898,0.428,-0.1,0,0.228,0.974,0.44,0.874,-0.205],12.5,"Climbing",0,[683,357.5],[[],[]]],[[757.823,224.582,45.097,-0.128,0,-0.992,0,1,0,0.992,0,-0.128],[["climb",0.1]],-0.926,12,[0,-11.198,0],[0,0,0],[756.967,235.192,43.002,-0.926,0.367,-0.091,0,0.241,0.971,0.378,0.898,-0.223],12.5,"Climbing",0,[683,357.5],[["Space"],[]]],[[756.919,225.209,44.98,-0.128,0,-0.992,0,1,0,0.992,0,-0.128],[["climb",0.1],["jump",0.1]],1,3,[-43.402,28.476,-5.601],[0,0,0],[756.042,236.525,42.637,-0.937,0.34,-0.087,0,0.247,0.969,0.351,0.908,-0.231],12.5,"Jumping",0,[683,357.5],[[],[]]],[[756.049,225.751,44.877,-0.249,0,-0.969,0,1,0,0.969,0,-0.249],[["jump",0.1]],1,5,[-40.644,24.389,-4.476],[0,-7.457,0],[755.172,237.766,42.303,-0.947,0.312,-0.081,0,0.25,0.968,0.323,0.916,-0.237],12.5,"FreeFall",0,[683,357.5],[[],[]]],[[755.081,226.289,44.784,-0.433,0,-0.901,0,1,0,0.901,0,-0.433],[],1,5,[-37.317,19.484,-3.168],[0,-7.975,0],[752.538,238.694,42.651,-0.95,0.302,-0.078,0,0.25,0.968,0.312,0.92,-0.238],12.5,"FreeFall",1,[683,357.5],[["LeftShift"],[]]],[[754.629,226.513,44.75,-0.976,0,-0.216,0,1,0,0.216,0,-0.976],[],1,5,[-35.643,17.031,-2.54],[0,-7.992,0],[752.037,239.519,42.468,-0.95,0.302,-0.078,0,0.25,0.968,0.312,0.92,-0.238],12.5,"FreeFall",1,[683,357.5],[[],["Space"]]],[[753.525,226.958,44.696,-0.999,0,-0.051,0,1,0,0.051,0,-0.999],[],1,5,[-31.171,10.491,-0.892],[0,-7.996,0],[750.847,240.288,42.383,-0.942,0.324,-0.084,0,0.252,0.968,0.334,0.912,-0.237],12.5,"FreeFall",1,[683,357.5],[[],[]]],[[752.57,227.185,44.698,-0.997,0,-0.074,0,1,0,0.074,0,-0.997],[],1,5,[-26.698,3.951,0.757],[0,-7.996,0],[749.799,240.644,42.493,-0.928,0.361,-0.093,0,0.249,0.968,0.373,0.899,-0.231],12.5,"FreeFall",1,[683,357.5],[[],[]]],[[751.763,227.194,44.756,-0.993,0,-0.115,0,1,0,0.115,0,-0.993],[],1,5,[-22.265,-2.589,2.509],[0,-7.996,0],[748.944,240.743,42.624,-0.919,0.382,-0.097,0,0.247,0.969,0.394,0.89,-0.227],12.5,"FreeFall",1,[683,357.5],[[],[]]],[[751.176,227.023,44.858,-0.985,0,-0.171,0,1,0,0.171,0,-0.985],[],1,5,[-18.484,-8.311,4.269],[0,-7.996,0],[748.367,240.599,42.749,-0.919,0.382,-0.096,0,0.245,0.97,0.394,0.891,-0.225],12.5,"FreeFall",1,[683,357.5],[[],["LeftShift"]]],[[750.89,226.85,44.941,-0.963,0,-0.269,0,1,0,0.269,0,-0.963],[],1,5,[-16.386,-11.581,5.401],[0,-7.996,0],[748.088,240.446,42.837,-0.92,0.381,-0.096,0,0.243,0.97,0.393,0.892,-0.224],12.5,"FreeFall",1,[683,357.5],[[],[]]],[[750.698,226.685,45.015,-0.954,0,-0.299,0,1,0,0.299,0,-0.954],[],1,5,[-14.941,-14.034,6.181],[0,-7.996,0],[747.905,240.289,42.896,-0.921,0.377,-0.095,0,0.243,0.97,0.389,0.894,-0.224],12.5,"FreeFall",1,[683,357.5],[[],[]]],[[750.452,226.417,45.12,-0.965,0,-0.263,0,1,0,0.263,0,-0.965],[],1,5,[-14.718,-17.304,6.285],[0,-7.996,0],[747.669,240.026,42.987,-0.923,0.373,-0.094,0,0.243,0.97,0.384,0.895,-0.225],12.5,"FreeFall",1,[683,357.5],[[],[]]],[[750.268,226.18,45.198,-0.957,0,-0.29,0,1,0,0.29,0,-0.957],[],1,5,[-14.741,-19.756,6.221],[0,-7.996,0],[747.513,239.791,43.006,-0.929,0.358,-0.09,0,0.245,0.97,0.37,0.901,-0.227],12.5,"FreeFall",1,[683,357.5],[[],[]]],[[750.022,225.817,45.3,-0.97,0,-0.243,0,1,0,0.243,0,-0.97],[["fall",0.3]],1,5,[-14.771,-23.026,6.149],[0,-7.996,0],[747.289,239.42,43.02,-0.935,0.343,-0.088,0,0.248,0.969,0.354,0.906,-0.232],12.5,"FreeFall",1,[683,357.5],[[],[]]],[[749.774,226.752,45.4,-0.974,0,-0.226,0,1,0,0.226,0,-0.974],[],1,5,[-14.865,100.002,5.92],[0,-7.996,0],[747.094,240.354,43.037,-0.944,0.32,-0.082,0,0.249,0.968,0.33,0.914,-0.235],12.5,"FreeFall",1,[683,357.5],[[],[]]],[[749.525,228.419,45.495,-0.979,0,-0.202,0,1,0,0.202,0,-0.979],[],1,5,[-14.964,100,5.663],[0,-7.996,0],[746.925,242.021,43.044,-0.954,0.289,-0.074,0,0.249,0.968,0.299,0.924,-0.238],12.5,"FreeFall",1,[683,357.5],[[],[]]],[[749.274,230.086,45.583,-0.986,0,-0.169,0,1,0,0.169,0,-0.986],[],1,5,[-15.101,100,5.287],[0,-7.996,0],[746.829,243.682,42.942,-0.972,0.229,-0.06,0,0.252,0.968,0.237,0.94,-0.244],12.5,"FreeFall",1,[683,357.5],[[],[]]],[[748.956,232.169,45.684,-0.997,0,-0.072,0,1,0,0.072,0,-0.997],[],1,5,[-15.269,100,4.782],[0,-7.996,0],[746.804,245.75,42.736,-0.991,0.126,-0.033,0,0.256,0.967,0.13,0.958,-0.254],12.5,"FreeFall",1,[683,357.5],[[],[]]],[[748.762,233.419,45.734,-1,0,-0.031,0,1,0,0.031,0,-1],[],1,5,[-15.529,100,3.845],[0,-7.996,0],[747.383,246.937,42.133,-0.994,-0.101,0.029,0,0.275,0.961,-0.105,0.956,-0.273],12.5,"FreeFall",1,[683,357.5],[[],[]]],[[748.434,235.502,45.786,-0.963,0,0.268,0,1,0,-0.268,0,-0.963],[["fall",0.3]],1,5,[-15.858,100,2.113],[0,-7.996,0],[747.795,248.951,41.772,-0.959,-0.271,0.083,0,0.294,0.956,-0.283,0.917,-0.281],12.5,"FreeFall",1,[683,357.5],[["W"],[]]],[[748.058,238.002,45.887,-0.911,0,0.413,0,1,0,-0.413,0,-0.911],[],1,5,[-14.446,100,5.397],[0,-4.948,0],[748.736,251.306,41.468,-0.85,-0.497,0.173,0,0.329,0.944,-0.526,0.803,-0.28],12.5,"FreeFall",1,[683,357.5],[[],[]]],[[747.88,239.232,45.969,-0.82,0,0.573,0,1,0,-0.573,0,-0.82],[],1,5,[-14.14,97.548,7.158],[0,-4.304,0],[748.971,252.49,41.512,-0.807,-0.555,0.2,0,0.339,0.941,-0.59,0.759,-0.274],12.5,"FreeFall",1,[683,357.5],[[],[]]],[[747.635,240.824,46.066,-0.753,0,0.658,0,1,0,-0.658,0,-0.753],[],1,5,[-15.045,94.278,4.954],[0,-5.507,0],[749.46,253.997,41.627,-0.723,-0.646,0.247,0,0.358,0.934,-0.691,0.675,-0.258],12.5,"FreeFall",1,[683,357.5],[[],[]]],[[747.507,241.599,46.1,-0.691,0,0.723,0,1,0,-0.723,0,-0.691],[],1,5,[-15.394,92.643,3.814],[0,-5.321,0],[749.663,254.729,41.694,-0.682,-0.68,0.268,0,0.367,0.93,-0.731,0.635,-0.25],12.5,"FreeFall",1,[683,357.5],[[],[]]],[[747.312,242.737,46.133,-0.629,0,0.777,0,1,0,-0.777,0,-0.629],[],1,5,[-15.701,90.19,2.053],[0,-5.727,0],[750.348,255.746,41.935,-0.565,-0.76,0.322,0,0.39,0.921,-0.825,0.52,-0.22],12.5,"FreeFall",1,[683,357.5],[[],[]]],[[746.981,244.565,46.141,-0.471,0,0.882,0,1,0,-0.882,0,-0.471],[],1,5,[-15.978,86.103,-0.435],[0,-5.118,0],[750.47,257.515,42.136,-0.496,-0.796,0.348,0,0.401,0.916,-0.869,0.454,-0.199],12.5,"FreeFall",1,[683,357.5],[[],[]]],[[746.717,245.966,46.109,-0.414,0,0.91,0,1,0,-0.91,0,-0.414],[["fall",0.3]],1,5,[-15.754,82.833,-2.672],[0,-5.568,0],[750.561,258.879,42.331,-0.432,-0.824,0.368,0,0.408,0.913,-0.902,0.394,-0.176],12.5,"FreeFall",1,[683,357.5],[[],[]]],[[746.459,247.312,46.046,-0.345,0,0.939,0,1,0,-0.939,0,-0.345],[],1,5,[-15.444,79.563,-4.167],[0,-5.687,0],[750.538,260.201,42.444,-0.386,-0.841,0.38,0,0.412,0.911,-0.923,0.351,-0.159],12.5,"FreeFall",1,[683,357.5],[[],["D"]]],[[746.203,248.604,46.001,-0.363,0,0.932,0,1,0,-0.932,0,-0.363],[],1,5,[-15.228,76.293,-1.793],[0,-0.302,0],[750.336,261.48,42.421,-0.378,-0.842,0.384,0,0.414,0.91,-0.926,0.344,-0.157],12.5,"FreeFall",1,[683,357.5],[[],[]]],[[745.951,249.842,45.996,-0.378,0,0.926,0,1,0,-0.926,0,-0.378],[],1,5,[-15.089,73.023,0.586],[0,0.021,0],[750.084,262.717,42.415,-0.378,-0.842,0.384,0,0.414,0.91,-0.926,0.344,-0.157],12.5,"FreeFall",1,[683,357.5],[[],[]]],[[745.763,250.734,46.018,-0.379,0,0.926,0,1,0,-0.926,0,-0.379],[],1,5,[-14.998,70.57,2.371],[0,0.004,0],[749.896,263.61,42.438,-0.378,-0.842,0.384,0,0.414,0.91,-0.926,0.344,-0.157],12.5,"FreeFall",1,[683,357.5],[[],[]]],[[745.515,251.876,46.082,-0.378,0,0.926,0,1,0,-0.926,0,-0.378],[],1,5,[-14.876,67.3,4.752],[0,0,0],[749.647,264.752,42.502,-0.378,-0.842,0.384,0,0.414,0.91,-0.926,0.344,-0.157],12.5,"FreeFall",1,[683,357],[[],["b2"]]],[[744.774,254.975,46.38,-0.378,0,0.926,0,1,0,-0.926,0,-0.378],[["fall",0.3]],1,5,[-14.81,57.49,6.055],[0,0,0],[748.907,267.851,42.8,-0.378,-0.842,0.384,0,0.414,0.91,-0.926,0.344,-0.157],12.5,"FreeFall",1,[683,357],[[],[]]],[[744.589,255.673,46.456,-0.378,0,0.926,0,1,0,-0.926,0,-0.378],[],1,5,[-14.81,55.038,6.055],[0,0,0],[748.722,268.549,42.876,-0.378,-0.842,0.384,0,0.414,0.91,-0.926,0.344,-0.157],12.5,"FreeFall",1,[683,357],[[],[]]],[[744.28,256.769,46.582,-0.378,0,0.926,0,1,0,-0.926,0,-0.378],[],1,5,[-14.81,50.95,6.055],[0,0,0],[748.413,269.645,43.002,-0.378,-0.842,0.384,0,0.414,0.91,-0.926,0.344,-0.157],12.5,"FreeFall",1,[683,357],[[],[]]],[[744.219,256.978,46.607,-0.378,0,0.926,0,1,0,-0.926,0,-0.378],[],1,5,[-14.81,50.133,6.055],[0,0,0],[748.368,269.854,43.047,-0.374,-0.844,0.384,0,0.414,0.91,-0.927,0.34,-0.155],12.5,"FreeFall",1,[683,357.5],[[],[]]],[[743.972,257.779,46.708,-0.374,0,0.927,0,1,0,-0.927,0,-0.374],[],1,5,[-14.81,46.863,6.055],[0,0.033,0],[748.226,270.655,43.273,-0.346,-0.854,0.389,0,0.414,0.91,-0.938,0.315,-0.143],12.5,"FreeFall",1,[683,357.5],[[],[]]],[[743.724,258.526,46.808,-0.349,0,0.937,0,1,0,-0.937,0,-0.349],[],1,5,[-14.838,43.593,5.986],[0,0.215,0],[748.144,271.383,43.523,-0.311,-0.864,0.397,0,0.418,0.909,-0.951,0.282,-0.13],12.5,"FreeFall",1,[683,357.5],[[],[]]],[[743.475,259.219,46.902,-0.315,0,0.949,0,1,0,-0.949,0,-0.315],[],1,5,[-15.007,40.323,5.548],[0,0.291,0],[748.137,272.057,43.897,-0.249,-0.879,0.408,0,0.421,0.907,-0.969,0.226,-0.105],12.5,"FreeFall",1,[683,357.5],[[],[]]],[[743.222,259.857,46.986,-0.256,0,0.967,0,1,0,-0.967,0,-0.256],[["fall",0.3]],1,5,[-15.205,37.053,4.981],[0,0.489,0],[748.199,272.65,44.34,-0.172,-0.89,0.422,0,0.429,0.903,-0.985,0.155,-0.074],12.5,"FreeFall",1,[683,357.5],[[],[]]],[[742.964,260.44,47.055,-0.182,0,0.983,0,1,0,-0.983,0,-0.182],[],1,5,[-15.49,33.783,4.003],[0,0.612,0],[748.233,273.194,44.841,-0.086,-0.897,0.434,0,0.435,0.9,-0.996,0.078,-0.038],12.5,"FreeFall",1,[683,357.5],[[],[]]],[[742.703,260.969,47.105,-0.097,0,0.995,0,1,0,-0.995,0,-0.097],[],1,5,[-15.754,30.513,2.788],[0,0.682,0],[748.222,273.683,45.346,-0.002,-0.897,0.442,0,0.442,0.897,-1,0.002,-0.001],12.5,"FreeFall",1,[683,357.5],[[],[]]],[[742.438,261.444,47.134,-0.013,0,1,0,1,0,-1,0,-0.013],[],1,5,[-15.934,27.243,1.425],[0,0.679,0],[748.125,274.131,45.79,0.072,-0.893,0.445,0,0.446,0.895,-0.997,-0.065,0.032],12.5,"FreeFall",1,[683,357.5],[[],[]]],[[742.238,261.764,47.139,0.064,0,0.998,0,1,0,-0.998,0,0.064],[],1,5,[-15.995,24.79,0.14],[0,0.608,0],[748.058,274.417,46.119,0.127,-0.885,0.448,0,0.451,0.892,-0.992,-0.113,0.057],12.5,"FreeFall",1,[683,357.5],[[],[]]],[[741.905,262.229,47.12,0.117,0,0.993,0,1,0,-0.993,0,0.117],[],1,5,[-15.959,20.703,-1.14],[0,0.451,0],[747.822,274.848,46.302,0.159,-0.878,0.451,0,0.457,0.89,-0.987,-0.142,0.073],12.5,"FreeFall",1,[683,357.5],[[],[]]],[[741.641,262.54,47.088,0.154,0,0.988,0,1,0,-0.988,0,0.154],[],1,5,[-15.873,17.433,-2.011],[0,0.285,0],[747.676,275.103,46.392,0.176,-0.871,0.458,0,0.465,0.885,-0.984,-0.156,0.082],12.5,"FreeFall",1,[683,357.5],[[],[]]],[[741.311,262.852,47.036,0.173,0,0.985,0,1,0,-0.985,0,0.173],[["fall",0.3]],1,5,[-15.796,13.345,-2.547],[0,0.148,0],[747.375,275.401,46.354,0.178,-0.87,0.46,0,0.468,0.884,-0.984,-0.157,0.083],12.5,"FreeFall",1,[683,357.5],[[],[]]],[[741.114,262.999,47.001,0.177,0,0.984,0,1,0,-0.984,0,0.177],[],1,5,[-15.751,10.893,-2.809],[0,0.039,0],[747.201,275.534,46.296,0.173,-0.869,0.463,0,0.47,0.883,-0.985,-0.153,0.081],12.5,"FreeFall",1,[683,357.5],[[],[]]],[[740.786,263.174,46.942,0.174,0,0.985,0,1,0,-0.985,0,0.174],[],1,5,[-15.745,6.805,-2.848],[0,-0.032,0],[746.885,275.695,46.126,0.155,-0.871,0.466,0,0.472,0.882,-0.988,-0.136,0.073],12.5,"FreeFall",1,[683,357.5],[[],[]]],[[740.589,263.239,46.907,0.156,0,0.988,0,1,0,-0.988,0,0.156],[],1,5,[-15.757,4.353,-2.778],[0,-0.127,0],[746.642,275.76,45.805,0.108,-0.876,0.469,0,0.472,0.882,-0.994,-0.095,0.051],12.5,"FreeFall",1,[683,357.5],[[],[]]],[[740.26,263.279,46.855,0.115,0,0.993,0,1,0,-0.993,0,0.115],[["fall",0]],1,5,[-15.807,0.265,-2.479],[0,-0.36,0],[746.297,275.799,45.667,0.094,-0.878,0.47,0,0.472,0.882,-0.996,-0.083,0.044],12.5,"FreeFall",1,[683,357.5],[[],[]]],[[740.061,263.262,46.832,0.097,0,0.995,0,1,0,-0.995,0,0.097],[],1,5,[-15.901,-2.187,-1.769],[0,-0.162,0],[746.075,275.782,45.53,0.075,-0.879,0.471,0,0.472,0.882,-0.997,-0.066,0.035],12.5,"FreeFall",1,[683,357.5],[[],[]]],[[739.796,263.191,46.806,0.078,0,0.997,0,1,0,-0.997,0,0.078],[],1,5,[-15.929,-5.457,-1.509],[0,-0.152,0],[745.784,275.719,45.447,0.066,-0.88,0.47,0,0.471,0.882,-0.998,-0.058,0.031],12.5,"FreeFall",1,[683,357.5],[[],[]]],[[739.53,263.066,46.785,0.067,0,0.998,0,1,0,-0.998,0,0.067],[["fall",0.3]],1,5,[-15.954,-8.727,-1.21],[0,-0.084,0],[745.496,275.601,45.388,0.06,-0.881,0.469,0,0.47,0.883,-0.998,-0.053,0.028],12.5,"FreeFall",1,[683,357.5],[[],[]]],[[739.264,262.887,46.767,0.061,0,0.998,0,1,0,-0.998,0,0.061],[],1,5,[-15.965,-11.997,-1.056],[0,-0.054,0],[745.23,275.422,45.37,0.06,-0.881,0.469,0,0.47,0.883,-0.998,-0.053,0.028],12.5,"FreeFall",1,[683,357.5],[[],[]]],[[738.998,262.652,46.751,0.06,0,0.998,0,1,0,-0.998,0,0.06],[],1,5,[-15.971,-15.267,-0.955],[0,-0.006,0],[744.95,275.195,45.353,0.06,-0.882,0.468,0,0.469,0.883,-0.998,-0.053,0.028],12.5,"FreeFall",1,[683,357.5],[[],[]]],[[738.732,262.364,46.735,0.06,0,0.998,0,1,0,-0.998,0,0.06],[],1,5,[-15.972,-18.537,-0.953],[0,-0.001,0],[744.671,274.913,45.336,0.06,-0.882,0.467,0,0.468,0.884,-0.998,-0.053,0.028],12.5,"FreeFall",1,[683,357.5],[[],[]]],[[738.466,262.021,46.719,0.06,0,0.998,0,1,0,-0.998,0,0.06],[],1,5,[-15.972,-21.807,-0.953],[0,0,0],[744.396,274.577,45.338,0.063,-0.883,0.466,0,0.467,0.885,-0.998,-0.055,0.029],12.5,"FreeFall",1,[683,357.5],[[],[]]],[[738.2,261.623,46.703,0.062,0,0.998,0,1,0,-0.998,0,0.062],[],1,5,[-15.972,-25.077,-0.953],[0,0.022,0],[744.132,274.18,45.332,0.064,-0.883,0.4