[[[776,222.69961547851563,47,1,3.244407409397354e-8,3.122084838921846e-14,-3.244407409397354e-8,1,3.360123557172301e-8,-3.013068988104786e-14,-3.360123557172301e-8,1],8,0.004191398620605469],[[776,222.69961547851563,47,1,5.909355849098574e-8,3.275794552607368e-14,-5.909355849098574e-8,1,6.120119167007943e-8,-2.914134862239126e-14,-6.120119167007943e-8,1],8,0.020986318588256837],[[776,222.69961547851563,47,1,7.906572818683344e-8,3.439151293935759e-14,-7.906572818683344e-8,1,8.188568045852662e-8,-2.7917162396910723e-14,-8.188568045852662e-8,1],8,0.04184222221374512],[[776,222.69961547851563,47,1,5.6163234063433268e-8,3.302550968158416e-14,-5.6163234063433268e-8,1,5.816633930066928e-8,-2.9758700115668088e-14,-5.816633930066928e-8,1],8,0.05310988426208496],[[776,222.69961547851563,47,1,2.7562641946587975e-8,3.2055795870381337e-14,-2.7562641946587975e-8,1,2.854565828158684e-8,-3.126900390633576e-14,-2.854565828158684e-8,1],8,0.06978988647460938],[[776,222.69961547851563,47,1,4.704166833846557e-9,3.1886870395644518e-14,-4.704166833846557e-9,1,4.871894887514827e-9,-3.18639530722236e-14,-4.871894887514827e-9,1],8,0.0874319076538086],[[775.842529296875,222.69961547851563,46.98318099975586,0.9908901453018189,4.869857548328582e-7,0.1346728354692459,8.33403035471747e-8,1,-0.000004229263140587136,-0.1346728354692459,0.00000420195874539786,0.9908901453018189],8,0.10578799247741699],[[775.5811767578125,222.69961547851563,46.955787658691409,0.9519608616828919,0.0000025495182853774169,0.30621975660324099,9.295421818933392e-7,1,-0.000011215494851057884,-0.30621975660324099,0.000010961356565530878,0.9519608616828919],8,0.12422680854797363],[[775.3157348632813,222.69961547851563,46.92816162109375,0.8904775977134705,0.000004190801519143861,0.45502710342407229,0.000001403368401042826,1,-0.0000119563637781539,-0.45502710342407229,0.000011285444998065941,0.8904775977134705],8,0.13681578636169434],[[775.0501098632813,222.69961547851563,46.900638580322269,0.8182278871536255,0.000004457654540601652,0.5748940110206604,0.0000010253189657305484,1,-0.00000921317496249685,-0.5748940110206604,0.000008127926776069217,0.8182278871536255],8,0.1540203094482422],[[774.7846069335938,222.69961547851563,46.873260498046878,-0.998740017414093,4.795887207365013e-7,-0.05018340051174164,9.277524668505066e-7,1,-0.000008907224582799245,0.05018340051174164,-0.000008942559361457825,-0.998740017414093],8,0.17041850090026856],[[774.5210571289063,222.69961547851563,46.845909118652347,-0.9981196522712708,3.3700464996400117e-7,0.061295997351408008,5.475566311474722e-8,1,-0.000004606367838277947,-0.061295997351408008,-0.0000045943502300360709,-0.9981196522712708],8,0.19300270080566407],[[774.3223266601563,222.69961547851563,46.825294494628909,-0.9949327111244202,2.4481156657429893e-8,0.10054314881563187,-6.913586503287661e-8,1,-9.2762854819739e-7,-0.10054314881563187,-9.298790928369272e-7,-0.9949327111244202],8,0.20262360572814942],[[773.9909057617188,222.69961547851563,46.790924072265628,-0.994729220867157,-7.176345206971746e-8,0.10253674536943436,-2.426245693243345e-8,1,4.6450540480691418e-7,-0.10253674536943436,4.595693212650076e-7,-0.994729220867157],8,0.22046804428100587],[[773.7257690429688,222.69961547851563,46.763427734375,-0.9946714043617249,-7.089827391837389e-9,0.10309616476297379,8.346670021808223e-9,1,1.49297704865603e-7,-0.10309616476297379,1.493626626825062e-7,-0.9946714043617249],8,0.2368154525756836],[[773.5269165039063,222.69961547851563,46.74280548095703,-0.9937296509742737,1.3812594623630048e-8,0.11180968582630158,1.2000348270646555e-8,1,-1.6881299913507065e-8,-0.11180968582630158,-1.543369165801778e-8,-0.9937296509742737],8,0.25462985038757326],[[773.1956787109375,222.69961547851563,46.70587921142578,-0.993729293346405,1.4028614714334254e-8,0.11181280016899109,3.837818507435031e-9,1,-9.135682432770409e-8,-0.11181280016899109,-9.035483117258991e-8,-0.993729293346405],8,0.2759726047515869],[[772.9307861328125,222.69961547851563,46.676063537597659,-0.9950222373008728,8.577125676367814e-9,0.09965288639068604,-3.3506699637086969e-9,1,-1.1952606371323783e-7,-0.09965288639068604,-1.1926499610126485e-7,-0.9950222373008728],8,0.2868812084197998],[[772.6654663085938,222.69961547851563,46.64901351928711,-0.9966111183166504,8.051290745214601e-10,0.08225753903388977,-5.624088306177555e-9,1,-7.792790768235136e-8,-0.08225753903388977,-7.812644042815009e-8,-0.9966111183166504],8,0.30434417724609377],[[772.3997802734375,222.69961547851563,46.62638473510742,-0.9977809190750122,-6.105582706084078e-9,0.066582590341568,-8.548567187460776e-9,1,-3.6406134995559117e-8,-0.066582590341568,-3.68945300976975e-8,-0.9977809190750122],8,0.32115745544433596],[[772.1337280273438,222.69961547851563,46.608001708984378,-0.9989572763442993,-1.2555279482739934e-8,0.04565544053912163,-1.2339421040508114e-8,1,5.0098174497748008e-9,-0.04565544053912163,4.4412318267461618e-9,-0.9989572763442993],8,0.33757925033569338],[[771.8673706054688,222.69961547851563,46.59499740600586,-0.999810516834259,-1.8107524368815576e-8,0.019467169418931009,-1.7209904612514039e-8,1,4.6276941390033247e-8,-0.019467169418931009,4.593314528733572e-8,-0.999810516834259],8,0.3543739318847656],[[771.6007690429688,222.69967651367188,46.58876037597656,-0.9999947547912598,-2.2728215753886617e-8,-0.0032341142650693657,-2.3010958472013955e-8,1,8.73877112894661e-8,0.0032341142650693657,8.746167168283137e-8,-0.9999947547912598],8,0.3725864887237549],[[771.3341674804688,222.69969177246095,46.588706970214847,-0.9998518824577332,-2.007271326931459e-8,-0.017209365963935853,-2.1687043272322627e-8,1,9.361878738900487e-8,0.017209365963935853,9.397814437761554e-8,-0.9998518824577332],8,0.3948385715484619],[[771.0675659179688,222.69969177246095,46.59272766113281,-0.999336838722229,-9.742843865012674e-9,-0.03641297668218613,-1.2127862270006063e-8,1,6.527825036073409e-8,0.03641297668218613,6.567656640754649e-8,-0.999336838722229],8,0.40715885162353518],[[770.8009643554688,223.57281494140626,46.59724426269531,-0.9990578293800354,-7.698399140387835e-10,-0.04339877888560295,-2.379111574413173e-9,1,3.7029387556231089e-8,0.04339877888560295,3.7097748872838568e-8,-0.9990578293800354],3,0.42454981803894045],[[770.5372924804688,224.39483642578126,46.6076545715332,-0.9992040395736694,-4.654548035887274e-8,0.039890263229608539,-1.2682529870744475e-7,1,-0.000002009986246775952,-0.039890263229608539,-0.0000020134455098741457,-0.9992040395736694],5,0.4429757595062256],[[770.2748413085938,225.162353515625,46.62111282348633,-0.9977147579193115,-1.6906645328162996e-7,0.06756652146577835,-6.038761171112128e-7,1,-0.000006414858489733888,-0.06756652146577835,-0.000006441001005441649,-0.9977147579193115],5,0.45375895500183108],[[770.0126953125,225.87538146972657,46.63691711425781,-0.9977836608886719,-5.478972298078588e-7,0.06654123216867447,-0.0000011558564665392624,1,-0.00000909808022697689,-0.06654123216867447,-0.000009154828148894012,-0.9977836608886719],5,0.47054481506347659],[[769.7506103515625,226.53390502929688,46.654239654541019,-0.9980883598327637,-9.329167482974299e-7,0.06180352345108986,-0.0000015496536889259006,1,-0.000009931060048984364,-0.06180352345108986,-0.000010007849596149754,-0.9980883598327637],5,0.48711538314819338],[[769.4885864257813,227.13792419433595,46.67294692993164,-0.9981913566589356,-0.0000011223587534914259,0.06011669710278511,-0.00000172699026279588,1,-0.00001000567226583371,-0.06011669710278511,-0.000010091395779454615,-0.9981913566589356],5,0.5034151077270508],[[769.2266845703125,227.68743896484376,46.69224548339844,-0.9983946681022644,-0.0000012004602467641235,0.056639593094587329,-0.0000017662595155343297,1,-0.000009939403753378429,-0.056639593094587329,-0.00001002348835754674,-0.9983946681022644],5,0.5194981098175049],[[768.96484375,228.18246459960938,46.712398529052737,-0.9984918832778931,-0.0000012136537179685548,0.054899998009204867,-0.0000017597867554286495,1,-0.000009899436918203719,-0.054899998009204867,-0.000009981119546864648,-0.9984918832778931],5,0.538135290145874],[[768.7030029296875,228.62298583984376,46.733070373535159,-0.9985863566398621,-0.0000012213059790155967,0.05315317586064339,-0.0000017494268149675918,1,-0.000009889302418741864,-0.05315317586064339,-0.000009968310223484878,-0.9985863566398621],5,0.5539157390594482],[[768.441162109375,229.00900268554688,46.75420379638672,-0.9986775517463684,-0.0000012339397699179245,0.0514109842479229,-0.0000017446901665607584,1,-0.000009889778993965593,-0.0514109842479229,-0.000009966396646632348,-0.9986775517463684],5,0.5700829029083252],[[768.1793212890625,229.34051513671876,46.77580261230469,-0.9986776113510132,-0.0000012338275610090932,0.05141019448637962,-0.000001744647875057126,1,-0.00000989129148365464,-0.05141019448637962,-0.000009967904588847887,-0.9986776113510132],5,0.5875194072723389],[[767.91748046875,229.61753845214845,46.79746627807617,-0.9986776113510132,-0.0000012344302149358555,0.05141036584973335,-0.000001745283725540503,1,-0.000009891887202684302,-0.05141036584973335,-0.00000996853214019211,-0.9986776113510132],5,0.6074779033660889],[[767.6556396484375,229.84005737304688,46.81913375854492,-0.9986777305603027,-0.0000012347879874141655,0.05140864476561546,-0.0000017456278555982863,1,-0.00000989194813882932,-0.05140864476561546,-0.000009968608537747059,-0.9986777305603027],5,0.6205379962921143],[[767.393798828125,230.00807189941407,46.84080123901367,-0.9986777305603027,-0.0000012348872360234964,0.051407866179943088,-0.0000017457166450185469,1,-0.000009891893569147215,-0.051407866179943088,-0.00000996855760604376,-0.9986777305603027],5,0.637406587600708],[[767.1319580078125,230.12159729003907,46.86246871948242,-0.9986779689788818,-0.0000012349358939900413,0.05140373855829239,-0.0000017457224430472707,1,-0.000009891859917843249,-0.05140373855829239,-0.000009968518497771584,-0.9986779689788818],5,0.654045820236206],[[766.8701171875,230.1806182861328,46.88414764404297,-0.9984922409057617,-0.000001201925670102355,0.054892733693122867,-0.000001747543706187571,1,-0.000009891713489196264,-0.054892733693122867,-0.000009972726729756687,-0.9984922409057617],5,0.670712947845459],[[766.6082153320313,230.1851348876953,46.905052185058597,-0.9982942938804627,-0.0000011679057934088633,0.05838250741362572,-0.0000017483798728790135,1,-0.000009891522495308891,-0.05838250741362572,-0.00000997672486846568,-0.9982942938804627],5,0.6881110668182373],[[766.3463745117188,230.13516235351563,46.92503356933594,-0.9981905221939087,-0.000001149704303315957,0.060131002217531207,-0.0000017476518223702442,1,-0.000009891487934510224,-0.060131002217531207,-0.000009978676644095686,-0.9981905221939087],5,0.7097773551940918],[[766.0845336914063,230.0306854248047,46.94448471069336,-0.9981909394264221,-0.0000011484058859423386,0.06012403964996338,-0.0000017462893993069884,1,-0.000009891622539726086,-0.06012403964996338,-0.000009978721209336073,-0.9981909394264221],5,0.7202048301696777],[[765.8226928710938,229.8717041015625,46.963863372802737,-0.9981909394264221,-0.0000011478597343739239,0.06012323498725891,-0.0000017457432477385738,1,-0.000009891771696857177,-0.06012323498725891,-0.000009978837624657899,-0.9981909394264221],5,0.7474911212921143],[[765.6263427734375,229.71670532226563,46.978363037109378,-0.999639630317688,-0.0000014627705695602345,0.02684354968369007,-0.000001728947609080933,1,-0.0000098926557257073,-0.02684354968369007,-0.000009935502021107823,-0.999639630317688],5,0.7531847953796387],[[765.299072265625,229.3902587890625,47.00263214111328,-0.9956338405609131,-8.376207460969454e-7,0.09334464371204376,-0.000001768562697179732,1,-0.000009890446563076694,-0.09334464371204376,-0.000010012348866439425,-0.9956338405609131],5,0.7717227935791016],[[765.1027221679688,229.15350341796876,47.017154693603519,-0.9996395707130432,-0.0000014626983784182813,0.026846708729863168,-0.000001728844267745444,1,-0.000009890325600281358,-0.026846708729863168,-0.000009933174624165986,-0.9996395707130432],5,0.7855942249298096],[[764.7754516601563,228.6907958984375,47.04142379760742,-0.9956335425376892,-8.335335337505967e-7,0.09334778785705567,-0.0000017644689478402143,1,-0.000009890228284348268,-0.09334778785705567,-0.000010011752237915062,-0.9956335425376892],5,0.8043737411499023],[[764.5136108398438,228.25930786132813,47.060821533203128,-0.9981910586357117,-0.0000011433770623625606,0.06012210249900818,-0.0000017411630324204453,1,-0.00000989047566690715,-0.06012210249900818,-0.000009977266927307938,-0.9981910586357117],5,0.8204691410064697],[[764.2517700195313,227.77333068847657,47.080196380615237,-0.9981907606124878,-0.000001143400936598482,0.06012702360749245,-0.0000017413253772247118,1,-0.000009891956324281637,-0.06012702360749245,-0.000009978760317608249,-0.9981907606124878],5,0.8364818096160889],[[764.055419921875,227.37307739257813,47.09469985961914,-0.9995911717414856,-0.0000014442523479374359,0.028591394424438478,-0.0000017278163113587653,1,-0.000009893105016089976,-0.028591394424438478,-0.00000993846060737269,-0.9995911717414856],5,0.8534624576568604],[[763.7280883789063,226.6378631591797,47.11848449707031,-0.9951307773590088,-7.869980436225887e-7,0.09856323897838593,-0.0000017704454648992397,1,-0.000009890368346532341,-0.09856323897838593,-0.000010016710803029128,-0.9951307773590088],5,0.8778369426727295],[[763.4659423828125,225.98838806152345,47.136661529541019,-0.9975054860115051,-0.0000010438610615892686,0.07058875262737274,-0.0000017463220274294145,1,-0.000009889745342661627,-0.07058875262737274,-0.000009988345482270234,-0.9975054860115051],5,0.8868408203125],[[763.2693481445313,225.46551513671876,47.149314880371097,-0.9990943074226379,-0.0000013066337487543934,0.042550425976514819,-0.000001729094606162107,1,-0.000009891671652439982,-0.042550425976514819,-0.00000995628670352744,-0.9990943074226379],5,0.9028267860412598],[[762.9417114257813,224.5259246826172,47.168678283691409,-0.9934586882591248,-6.299673032117425e-7,0.11419185250997544,-0.0000017709130588627887,1,-0.000009890037290460896,-0.11419185250997544,-0.000010027568350778893,-0.9934586882591248],5,0.9211227893829346],[[762.6793823242188,223.71295166015626,47.18281173706055,-0.9962728023529053,-8.867935434864194e-7,0.08625863492488861,-0.0000017463750054957928,1,-0.000009889703505905345,-0.08625863492488861,-0.000010003483112086542,-0.9962728023529053],5,0.9370534420013428],[[762.4170532226563,222.84547424316407,47.19554901123047,-0.9958066344261169,-8.335020424965478e-7,0.09148324280977249,-0.0000017456976593166474,1,-0.000009891158697428182,-0.09148324280977249,-0.000010009383004216943,-0.9958066344261169],5,0.9538969993591309],[[762.1498413085938,222.7149200439453,47.20699691772461,-0.9999957084655762,1.2794536985438754e-7,-0.002921692794188857,1.3717468050344906e-7,1,-0.00000315868555844645,0.002921692794188857,-0.00000315907277581573,-0.9999957084655762],7,0.9705140590667725],[[761.8831176757813,222.6519012451172,47.21732711791992,-0.9993603229522705,7.97022892129462e-7,-0.03576227277517319,6.796225306970882e-7,1,0.000003294956741228816,0.03576227277517319,0.000003268544332968304,-0.9993603229522705],7,0.9872705936431885],[[761.6165161132813,222.5452423095703,47.22750473022461,-0.9995225667953491,2.569283878983697e-7,-0.03089769184589386,2.0255102128885483e-7,1,0.0000017630464981266414,0.03089769184589386,0.0000017559464140504134,-0.9995225667953491],8,1.0042321681976319],[[761.3499145507813,222.52691650390626,47.23609161376953,-0.9996176362037659,-2.5274987436318953e-8,-0.0276500191539526,-2.7477604191972206e-8,1,7.928063183726408e-8,0.0276500191539526,8.00100750097954e-8,-0.9996176362037659],8,1.021202802658081],[[761.0833129882813,222.53652954101563,47.24361801147461,-0.9997857809066773,-3.583214436275739e-8,-0.020697981119155885,-3.205112975024349e-8,1,-1.8300724491382426e-7,0.020697981119155885,-1.8230464604584996e-7,-0.9997857809066773],8,1.0384511947631837],[[760.8167114257813,222.5448455810547,47.249412536621097,-0.99992835521698,-1.1996814652803778e-9,-0.011969763785600663,-2.5021060223728855e-10,1,-7.932393941700866e-8,0.011969763785600663,-7.931525658477767e-8,-0.99992835521698],8,1.0547118186950684],[[760.5501098632813,222.54981994628907,47.25294876098633,-0.9999947547912598,3.2504782865316886e-8,-0.0032340995967388155,3.242736923425582e-8,1,2.3989246145106337e-8,0.0032340995967388155,2.3884247468686227e-8,-0.9999947547912598],8,1.0701878070831299],[[760.2835083007813,222.55255126953126,47.2541618347168,-0.999998927116394,4.0298303360941648e-8,-0.0014819606440141798,4.018458454879692e-8,1,7.676496949216016e-8,0.0014819606440141798,7.670533364034782e-8,-0.999998927116394],8,1.0867159366607667],[[760.0169067382813,222.55397033691407,47.254638671875,-0.999998927116394,3.9747970248527056e-8,-0.001481959829106927,3.958098915290975e-8,1,1.1270550714925776e-7,0.001481959829106927,1.1264672394872832e-7,-0.999998927116394],8,1.103830099105835],[[759.7503051757813,222.5546875,47.255035400390628,-0.9999999403953552,2.0010643808632268e-8,0.0002597509592305869,2.003113408477475e-8,1,7.888044706305664e-8,-0.0002597509592305869,7.88856482358824e-8,-0.9999999403953552],8,1.1207232475280762],[[759.5503540039063,222.554931640625,47.25505065917969,-0.9999999403953552,5.365786925892735e-9,0.00025998937780968845,5.379704681729436e-9,1,5.353062348945059e-8,-0.00025998937780968845,5.353201970592636e-8,-0.9999999403953552],8,1.1363699436187745],[[759.2171020507813,222.55503845214845,47.254966735839847,-0.9999999403953552,-1.902141200105234e-8,0.00025998937780968845,-1.9018470354126295e-8,1,1.1317016657130808e-8,-0.00025998937780968845,1.1312071279689917e-8,-0.9999999403953552],8,1.1536016464233399],[[758.9505004882813,222.55487060546876,47.25489044189453,-0.9999999403953552,-3.8512411038027497e-8,0.00025998937780968845,-3.8518241041174409e-8,1,-2.2421406953299085e-8,-0.00025998937780968845,-2.2431422053159623e-8,-0.9999999403953552],8,1.170100212097168],[[758.6838989257813,222.5546875,47.25481414794922,-0.9999999403953552,-5.7986746071492237e-8,0.00025998937780968845,-5.8001344171998429e-8,1,-5.6131007397652868e-8,-0.00025998937780968845,-5.6146085114505698e-8,-0.9999999403953552],8,1.1861603260040284],[[758.4172973632813,222.55450439453126,47.254737854003909,-0.9999999403953552,-7.744432650724775e-8,0.00026189672644250095,-7.746785257722877e-8,1,-8.981176335964847e-8,-0.00026189672644250095,-8.983204935475442e-8,-0.9999999403953552],8,1.2045021057128907],[[758.1506958007813,222.5543212890625,47.254661560058597,-0.9999999403953552,-5.1148560942237967e-8,0.0002654730051290244,-5.1166029635396629e-8,1,-6.579453781796474e-8,-0.0002654730051290244,-6.580812339507247e-8,-0.9999999403953552],8,1.2195537090301514],[[757.8840942382813,222.55413818359376,47.25458526611328,-0.9999999403953552,-2.4875923543277169e-8,0.0002604662149678916,-2.488681083434585e-8,1,-4.179771551093836e-8,-0.0002604662149678916,-4.180419921340217e-8,-0.9999999403953552],8,1.2375407218933106],[[757.6174926757813,222.553955078125,47.25450897216797,-0.9999999403953552,1.3745882210258742e-9,0.0002604662149678916,1.3699463785599165e-9,1,-1.7821403019979699e-8,-0.0002604662149678916,-1.782104597225498e-8,-0.9999999403953552],8,1.2530803680419922],[[757.3508911132813,222.55377197265626,47.254432678222659,-0.9999999403953552,2.760266326617966e-8,0.0002604662149678916,2.760426198733512e-8,1,6.1344156421228039e-9,-0.0002604662149678916,6.141605446430276e-9,-0.9999999403953552],8,1.2698724269866944],[[757.0842895507813,222.5535888671875,47.254356384277347,-0.9999999403953552,5.380832135415403e-8,0.0002604662149678916,5.381615508781579e-8,1,3.00697564625807e-8,-0.0002604662149678916,3.0083775470757249e-8,-0.9999999403953552],8,1.2874934673309327],[[756.8176879882813,222.55340576171876,47.25428009033203,-0.9999999403953552,7.999157958238357e-8,0.0002604662149678916,8.000564122312426e-8,1,5.39846425340329e-8,-0.0002604662149678916,5.4005479199759068e-8,-0.9999999403953552],8,1.3056704998016358],[[756.5510864257813,222.55328369140626,47.25420379638672,-0.9999999403953552,7.808226598626789e-8,0.0002623735636007041,7.809718738371885e-8,1,5.6877031084923149e-8,-0.0002623735636007041,5.689751958470879e-8,-0.9999999403953552],8,1.320662498474121],[[756.2844848632813,222.5531005859375,47.254127502441409,-0.9999999403953552,4.811636955537324e-8,0.0002661882608663291,4.8126693741323837e-8,1,3.8774029320620687e-8,-0.0002661882608663291,3.878684040614644e-8,-0.9999999403953552],8,1.3385612964630128],[[756.0178833007813,222.55291748046876,47.254051208496097,-0.9999999403953552,1.817616102073316e-8,0.0002700029581319541,1.8181747662993076e-8,1,2.0686607982156603e-8,-0.0002700029581319541,2.0691516056103866e-8,-0.9999999403953552],8,1.3537847995758057],[[755.7512817382813,222.552734375,47.25397491455078,-0.9999999403953552,-1.1738356064938671e-8,0.00027214872534386814,-1.1737644634024491e-8,1,2.6147040088631e-9,-0.00027214872534386814,2.6115094531320439e-9,-0.9999999403953552],8,1.3709194660186768],[[755.4846801757813,222.55255126953126,47.25389862060547,-0.9999999403953552,-4.162726341405687e-8,0.00027214872534386814,-4.163146627433889e-8,1,-1.5441759870782336e-8,-0.00027214872534386814,-1.545308947470403e-8,-0.9999999403953552],8,1.38714599609375],[[755.2180786132813,222.5523681640625,47.253822326660159,-0.9999999403953552,-7.149056102662144e-8,0.0002762018411885947,-7.149981229304103e-8,1,-3.348267441083408e-8,-0.0002762018411885947,-3.350242039346085e-8,-0.9999999403953552],8,1.4040491580963135],[[754.9514770507813,222.55218505859376,47.253746032714847,-0.9999999403953552,-1.0132825423170289e-7,0.0002804933756124228,-1.0134270667094825e-7,1,-5.150804227582739e-8,-0.0002804933756124228,-5.1536467537971478e-8,-0.9999999403953552],8,1.421860694885254],[[754.6848754882813,222.552001953125,47.25366973876953,-0.9999999403953552,-6.947512076749263e-8,0.0002804933756124228,-6.948549469143473e-8,1,-3.6981646189815368e-8,-0.0002804933756124228,-3.7001132824343588e-8,-0.9999999403953552],8,1.4381814002990723],[[754.4182739257813,222.55181884765626,47.25359344482422,-0.9999999403953552,-3.764920464277566e-8,0.0002804933756124228,-3.765551070955553e-8,1,-2.2467663285397067e-8,-0.0002804933756124228,-2.24782237268073e-8,-0.9999999403953552],8,1.4542996883392335],[[754.1516723632813,222.5516357421875,47.253517150878909,-0.9999999403953552,-5.850689266395648e-9,0.00027143346960656345,-5.852851536758408e-9,1,-7.965796910980316e-9,-0.00027143346960656345,-7.96738586217316e-9,-0.9999999403953552],8,1.4718518257141114],[[753.8850708007813,222.55148315429688,47.253440856933597,-0.9999999403953552,2.592082459784706e-8,0.0002673803537618369,2.592256898026335e-8,1,6.523803275371165e-9,-0.0002673803537618369,6.530734175669295e-9,-0.9999999403953552],8,1.4927701950073243],[[753.6184692382813,222.55130004882813,47.25336456298828,-0.9999999403953552,5.7665147323859858e-8,0.00027834760840050876,5.767099509057516e-8,1,2.1000671424076246e-8,-0.00027834760840050876,2.1016722584477067e-8,-0.9999999403953552],8,1.5038142204284669],[[753.3518676757813,222.55111694335938,47.25328826904297,-0.9999999403953552,8.938251738754843e-8,0.0002731023996602744,8.939220208503684e-8,1,3.5465333780848599e-8,-0.0002731023996602744,3.5489744476535637e-8,-0.9999999403953552],8,1.5198545455932618],[[753.0852661132813,222.55099487304688,47.253211975097659,-0.9999999403953552,8.889650615628853e-8,0.0002659498422872275,8.890621927548637e-8,1,3.653121893876232e-8,-0.0002659498422872275,3.655486224829474e-8,-0.9999999403953552],8,1.5372498035430909],[[752.8853149414063,222.5508575439453,47.25315475463867,-0.9999999403953552,6.440728128609408e-8,0.0002719103067647666,6.441470645768277e-8,1,2.729341908036531e-8,-0.0002719103067647666,2.7310933958801799e-8,-0.9999999403953552],8,1.553091287612915],[[752.5520629882813,222.55062866210938,47.25305938720703,-0.9999999403953552,2.3627306333651178e-8,0.0002661882608663291,2.3630478906966347e-8,1,1.1910014308114114e-8,-0.0002661882608663291,1.191630438768243e-8,-0.9999999403953552],8,1.5711870193481446],[[752.2854614257813,222.55044555664063,47.25298309326172,-0.9999999403953552,-8.965385767112366e-9,0.0002616583078633994,-8.965487019452212e-9,1,-3.850241514502528e-10,-0.0002616583078633994,-3.8737002494571018e-10,-0.9999999403953552],8,1.587186574935913],[[752.0855102539063,222.55030822753907,47.252925872802737,-0.9999999403953552,-3.3391671649951607e-8,0.0002559362619649619,-3.3394130127817337e-8,1,-9.599546046956675e-9,-0.0002559362619649619,-9.60809209971103e-9,-0.9999999403953552],8,1.6029949188232422],[[751.7522583007813,222.55007934570313,47.252830505371097,-0.9999999403953552,-7.406725188729979e-8,0.0002680956094991416,-7.407393809444329e-8,1,-2.4943462406668006e-8,-0.0002680956094991416,-2.496332029977566e-8,-0.9999999403953552],8,1.6212291717529297],[[751.4856567382813,222.54989624023438,47.25275421142578,-0.9999999403953552,-1.0657679894165995e-7,0.00025736677343957126,-1.0658637705773799e-7,1,-3.720714403243619e-8,-0.00025736677343957126,-3.723457453475021e-8,-0.9999999403953552],8,1.6377999782562256],[[751.2857055664063,222.5497589111328,47.2526969909668,-0.9999999403953552,-9.62964676887168e-8,0.0002642809122335166,-9.630547026517888e-8,1,-3.405747150964089e-8,-0.0002642809122335166,-3.408292315043582e-8,-0.9999999403953552],8,1.6536169052124024],[[750.9524536132813,222.54953002929688,47.252601623535159,-0.9999999403953552,-5.032304528640452e-8,0.0002697645395528525,-5.032804750726427e-8,1,-1.853460496192838e-8,-0.0002697645395528525,-1.8548179880895078e-8,-0.9999999403953552],8,1.6703200340270997],[[750.6858520507813,222.54934692382813,47.252525329589847,-0.9999999403953552,-1.3580133462198774e-8,0.0002528368204366416,-1.358168333354115e-8,1,-6.1276272944610359e-9,-0.0002528368204366416,-6.131060992231596e-9,-0.9999999403953552],8,1.6876494884490967],[[750.4192504882813,222.54916381835938,47.25244903564453,-0.9999999403953552,2.3131699222744829e-8,0.0002556978433858603,2.3133301496613968e-8,1,6.2686398294431459e-9,-0.0002556978433858603,6.2745546536291389e-9,-0.9999999403953552],8,1.7049496173858643],[[750.1526489257813,222.54904174804688,47.25237274169922,-0.9999999403953552,5.981212325423258e-8,0.0002576051920186728,5.981692652312631e-8,1,1.8654242595061988e-8,-0.0002576051920186728,1.8669650714286946e-8,-0.9999999403953552],8,1.7206745147705079],[[749.8860473632813,222.54885864257813,47.252296447753909,-0.9999999403953552,9.6461171494866e-8,0.00025879728491418064,9.646920773320744e-8,1,3.102921652953228e-8,-0.00025879728491418064,3.105418144855321e-8,-0.9999999403953552],8,1.7370984554290772],[[749.6194458007813,222.54867553710938,47.252220153808597,-0.9999999403953552,8.31361006703446e-8,0.0002597509592305869,8.314314214885599e-8,1,2.7091905607790069e-8,-0.0002597509592305869,2.7113500777886658e-8,-0.9999999403953552],8,1.7549207210540772],[[749.3528442382813,222.54849243164063,47.25214385986328,-0.9999999403953552,5.318195306358575e-8,0.00026022779638879,5.3186568038654516e-8,1,1.7726405232565413e-8,-0.00026022779638879,1.774024482870118e-8,-0.9999999403953552],8,1.7705554962158204],[[749.0862426757813,222.54830932617188,47.25206756591797,-0.9999999403953552,2.3253409864310016e-8,0.00026070463354699314,2.32555912305088e-8,1,8.368925108470649e-9,-0.00026070463354699314,8.374987814363522e-9,-0.9999999403953552],8,1.7872207164764405],[[748.8196411132813,223.4214324951172,47.251991271972659,-0.9999999403953552,-6.649549799675469e-9,0.0002609430521260947,-6.649805595060343e-9,1,-9.80548420237426e-10,-0.0002609430521260947,-9.822835878026127e-10,-0.9999999403953552],3,1.8074254989624024],[[748.5557861328125,224.2434539794922,47.2519416809082,-0.9957422018051148,3.9925318162659099e-8,0.09218143671751023,-1.4736721709596169e-7,1,-0.00000202497471946117,-0.09218143671751023,-0.000002029937377301394,-0.9957422018051148],5,1.825610637664795],[[748.2930297851563,225.01097106933595,47.25202178955078,-0.9917216897010803,2.0392569410887519e-7,0.1284058541059494,-6.249733246477263e-7,1,-0.00000641501355858054,-0.1284058541059494,-0.000006442158792197006,-0.9917216897010803],5,1.8378736972808838],[[748.0303955078125,225.7239990234375,47.25213623046875,-0.9914013147354126,3.1682873213867427e-8,0.13085640966892243,-0.0000011684403489198303,1,-0.000009094519555219449,-0.13085640966892243,-0.00000916921635507606,-0.9914013147354126],5,1.8538603782653809],[[747.7677612304688,226.3825225830078,47.252655029296878,-0.9913375377655029,-2.4037944967858495e-7,0.1313389539718628,-0.0000015577828662571847,1,-0.000009927816790877842,-0.1313389539718628,-0.000010046414899989032,-0.9913375377655029],5,1.8717029094696046],[[747.505126953125,226.98654174804688,47.25324249267578,-0.9913301467895508,-4.007394522886898e-7,0.13139469921588899,-0.0000017302088508586167,1,-0.000010003970601246693,-0.13139469921588899,-0.000010144578482140787,-0.9913301467895508],5,1.8869612216949463],[[747.2424926757813,227.5360565185547,47.25382995605469,-0.9913293123245239,-4.4722679604092266e-7,0.13140110671520234,-0.0000017685105149212177,1,-0.000009938648872775957,-0.13140110671520234,-0.00001008485742204357,-0.9913293123245239],5,1.9039270877838135],[[746.9798583984375,228.0310821533203,47.254417419433597,-0.9913291931152344,-4.4526186115945168e-7,0.1314016431570053,-0.0000017612915144127329,1,-0.000009899099495669362,-0.1314016431570053,-0.000010044703230960295,-0.9913291931152344],5,1.920661449432373],[[746.7172241210938,228.4716033935547,47.2550048828125,-0.9913291931152344,-4.36128061664931e-7,0.13140180706977845,-0.000001750753995111154,1,-0.000009889099601423368,-0.13140180706977845,-0.000010033405487774872,-0.9913291931152344],5,1.9382169246673585],[[746.45458984375,228.8576202392578,47.255592346191409,-0.9913291931152344,-4.3140698835486548e-7,0.13140197098255158,-0.0000017460580465922249,1,-0.00000988958800007822,-0.13140197098255158,-0.000010033272701548413,-0.9913291931152344],5,1.9538395404815674],[[746.1919555664063,229.1891326904297,47.25617980957031,-0.9913291931152344,-4.302950742385292e-7,0.1314016580581665,-0.000001745140366438136,1,-0.000009891150511975866,-0.1314016580581665,-0.000010034700608230196,-0.9913291931152344],5,1.970337152481079],[[745.9293212890625,229.46615600585938,47.25676727294922,-0.9913291931152344,-4.3042822994721066e-7,0.13140182197093965,-0.000001745366148497851,1,-0.000009891827176033985,-0.13140182197093965,-0.000010035400919150561,-0.9913291931152344],5,1.987069845199585],[[745.6666870117188,229.6886749267578,47.257354736328128,-0.9913291931152344,-4.306752430238703e-7,0.13140197098255158,-0.000001745630811456067,1,-0.000009891933586914093,-0.13140197098255158,-0.000010035540981334634,-0.9913291931152344],5,2.005314826965332],[[745.404052734375,229.856689453125,47.25794219970703,-0.9913291931152344,-4.30772757908926e-7,0.1314016580581665,-0.000001745720624057867,1,-0.00000989189175015781,-0.1314016580581665,-0.000010035511877504178,-0.9913291931152344],5,2.020282030105591],[[745.1414184570313,229.97021484375,47.25852966308594,-0.9913291931152344,-4.307893846089428e-7,0.13140182197093965,-0.0000017457344938520692,1,-0.000009891858098853845,-0.13140182197093965,-0.000010035480045189616,-0.9913291931152344],5,2.037559986114502],[[744.8787841796875,230.02923583984376,47.259117126464847,-0.9913291931152344,-4.3078870248791647e-7,0.13140197098255158,-0.000001745733698044205,1,-0.000009891846275422722,-0.13140197098255158,-0.000010035468221758493,-0.9913291931152344],5,2.0546631813049318],[[744.6161499023438,230.03375244140626,47.25970458984375,-0.9913291931152344,-4.3078787825834299e-7,0.1314016580581665,-0.0000017457296053180472,1,-0.000009891844456433319,-0.1314016580581665,-0.000010035466402769089,-0.9913291931152344],5,2.0705108642578127],[[744.353515625,229.98377990722657,47.260292053222659,-0.9913291931152344,-4.307877077280864e-7,0.13140182197093965,-0.0000017457314243074507,1,-0.000009891847184917424,-0.13140182197093965,-0.000010035469131253194,-0.9913291931152344],5,2.0868589878082277],[[743.8939208984375,229.7651824951172,47.26161193847656,-0.9732701182365418,5.180074822419556e-7,0.22966338694095612,-0.0000018003464674620773,1,-0.000009885035979095847,-0.22966338694095612,-0.000010034284059656784,-0.9732701182365418],5,2.118558645248413],[[743.8282470703125,229.72032165527345,47.261775970458987,-0.9994933009147644,-0.0000014238286212275853,0.03182896599173546,-0.0000017392326299159322,1,-0.000009881654477794655,-0.03182896599173546,-0.000009932005923474208,-0.9994933009147644],5,2.1243364810943605],[[743.5656127929688,229.50685119628907,47.26235580444336,-0.9913291931152344,-4.070852526183444e-7,0.13140180706977845,-0.0000017212344118888723,1,-0.00000988741794571979,-0.13140180706977845,-0.00001002785938908346,-0.9913291931152344],5,2.137200117111206],[[743.302978515625,229.23887634277345,47.262943267822269,-0.9913291931152344,-4.1974618625317819e-7,0.13140197098255158,-0.0000017346848153465544,1,-0.000009892526577459649,-0.13140197098255158,-0.000010034691513283179,-0.9913291931152344],5,2.1541831493377687],[[743.0403442382813,228.91639709472657,47.26353073120117,-0.9913291931152344,-4.2834776081690509e-7,0.1314016580581665,-0.0000017434342680644477,1,-0.000009893098649627064,-0.1314016580581665,-0.000010036407729785424,-0.9913291931152344],5,2.171746015548706],[[742.7777099609375,228.53941345214845,47.26411819458008,-0.9913291931152344,-4.3099976210214665e-7,0.13140182197093965,-0.0000017460138224123512,1,-0.000009892364687402733,-0.13140182197093965,-0.000010036018466053065,-0.9913291931152344],5,2.186669111251831],[[742.5807495117188,228.2209014892578,47.2645263671875,-0.9951560497283936,-7.48578656839527e-7,0.09830779582262039,-0.0000017294950112045627,1,-0.000009892793059407268,-0.09830779582262039,-0.00001001489636109909,-0.9951560497283936],5,2.203402042388916],[[742.2525024414063,227.6219482421875,47.26530075073242,-0.9864020943641663,-1.1922790577045817e-7,0.16434988379478455,-0.0000017687616491457448,1,-0.000009890376531984657,-0.16434988379478455,-0.000010046584066003561,-0.9864020943641663],5,2.219916582107544],[[742.0118408203125,227.0814666748047,47.26624298095703,-0.9992108345031738,-5.752688707616471e-7,0.0397210568189621,-8.217546678679355e-7,1,-0.000006189094165165443,-0.0397210568189621,-0.0000062168505792215,-0.9992108345031738],5,2.238485813140869],[[741.8566284179688,226.6403350830078,47.26687240600586,-0.9999959468841553,-3.150356633341289e-7,0.002837900072336197,-3.2267209348901817e-7,1,-0.0000026904103833658157,-0.002837900072336197,-0.0000026913153305940797,-0.9999959468841553],5,2.2607948780059816],[[741.6842651367188,226.00448608398438,47.267574310302737,-0.9999998807907105,-3.389644476214926e-8,-0.0005372542073018849,-3.3681008204666799e-8,1,-4.0100417209032459e-7,0.0005372542073018849,-4.00986039039708e-7,-0.9999998807907105],5,2.2744901180267336],[[741.6364135742188,225.22158813476563,47.26776885986328,-0.9999990463256836,5.7883287496451888e-8,-0.0013669144827872515,5.721025075899888e-8,1,4.924144150209031e-7,0.0013669144827872515,4.923357437291998e-7,-0.9999990463256836],7,2.2875030040740969],[[741.5046997070313,225.18614196777345,47.267967224121097,-0.999998927116394,6.138789476750617e-9,-0.0014747056411579252,5.9942917296496038e-9,1,9.798844757824554e-8,0.0014747056411579252,9.797950184520232e-8,-0.999998927116394],7,2.305981397628784],[[741.2615966796875,225.2798309326172,47.26832962036133,-0.999998927116394,-1.04134425527036e-8,-0.0014812449226155878,-1.0312986908900257e-8,1,-6.78257379149727e-8,0.0014812449226155878,-6.781038308645293e-8,-0.999998927116394],8,2.3260278701782228],[[741.0133056640625,226.1529541015625,47.26869583129883,-0.999998927116394,-9.871097716995792e-9,-0.0014818802010267974,-9.72777858265772e-9,1,-9.672152856410321e-8,0.0014818802010267974,-9.670701217601163e-8,-0.999998927116394],3,2.3376128673553469],[[740.7527465820313,226.9749755859375,47.269107818603519,-0.9959014058113098,4.611327497627826e-8,0.09044551104307175,-1.4392823288744695e-7,1,-0.000002094649062200915,-0.09044551104307175,-0.000002099081712003681,-0.9959014058113098],5,2.354208469390869],[[740.489990234375,227.74249267578126,47.26964569091797,-0.9919440746307373,1.9286275687591115e-7,0.12667658925056458,-6.275920441112248e-7,1,-0.00000643685643808567,-0.12667658925056458,-0.000006464502803282812,-0.9919440746307373],5,2.3709352016448976],[[740.2273559570313,228.4555206298828,47.27022933959961,-0.9914014935493469,2.642297047827924e-8,0.1308552622795105,-0.0000011739489309547935,1,-0.000009096138455788605,-0.1308552622795105,-0.000009171542842523195,-0.9914014935493469],5,2.388821601867676],[[740.0303955078125,228.95452880859376,47.27063751220703,-0.9951617121696472,-4.884911959379679e-7,0.09825024008750916,-0.000001461441911487782,1,-0.000009830815542954952,-0.09825024008750916,-0.000009926838174578734,-0.9951617121696472],5,2.4102299213409426],[[739.7021484375,229.7180633544922,47.27143859863281,-0.9855310916900635,-3.538687209925229e-8,0.16949491202831269,-0.0000017555664726387477,1,-0.000009998992936743889,-0.16949491202831269,-0.000010151878086617217,-0.9855310916900635],5,2.420579195022583],[[739.4395751953125,230.267578125,47.2708854675293,-0.9901459217071533,-3.602931997193082e-7,0.14003928005695344,-0.0000017690553022475797,1,-0.000009935282832884696,-0.14003928005695344,-0.000010085117537528277,-0.9901459217071533],5,2.437924385070801],[[739.2426147460938,230.64395141601563,47.269718170166019,-0.9938819408416748,-6.421636271625175e-7,0.1104474887251854,-0.000001746818384162907,1,-0.000009904866601573304,-0.1104474887251854,-0.000010037199899670668,-0.9938819408416748],5,2.4530069828033449],[[738.9143676757813,231.203125,47.26663589477539,-0.9840133190155029,1.5611290038464177e-8,0.1780947595834732,-0.0000017737116877469817,1,-0.000009887810847430956,-0.1780947595834732,-0.000010045626368082594,-0.9840133190155029],5,2.471238613128662],[[738.6517333984375,231.58914184570313,47.26364517211914,-0.9893996119499207,-2.888257597533084e-7,0.14521846175193788,-0.000001743212806104566,1,-0.000009887919077300467,-0.14521846175193788,-0.000010036249477707316,-0.9893996119499207],5,2.4866154193878176],[[738.3890991210938,231.920654296875,47.26056671142578,-0.9893996715545654,-2.8622287118196257e-7,0.14521822333335877,-0.0000017410351347280085,1,-0.000009891022273222916,-0.14521822333335877,-0.000010039004337158986,-0.9893996715545654],5,2.5048255920410158],[[738.1265258789063,232.1976776123047,47.25749588012695,-0.9891448616981506,-2.7214215947424238e-7,0.14694352447986604,-0.000001744665837577486,1,-0.000009892134585243184,-0.14694352447986604,-0.000010041121640824713,-0.9891448616981506],5,2.520907163619995],[[737.8639526367188,232.42019653320313,47.2540397644043,-0.9886263012886047,-2.4003787757465036e-7,0.1503927856683731,-0.0000017475925915277913,1,-0.000009891951776808128,-0.1503927856683731,-0.000010042268513643649,-0.9886263012886047],5,2.536991834640503],[[737.6669921875,232.5513153076172,47.250797271728519,-0.9930872917175293,-5.571434940065956e-7,0.11737805604934693,-0.0000017302745618508198,1,-0.000009892565685731825,-0.11737805604934693,-0.000010027278221969027,-0.9930872917175293],5,2.5534210205078127],[[737.3387451171875,232.7017364501953,47.24528121948242,-0.9830681085586548,7.342816843447508e-8,0.183240607380867,-0.0000017688319076114568,1,-0.00000989033196674427,-0.183240607380867,-0.000010046991519629956,-0.9830681085586548],5,2.5700085163116457],[[737.1417846679688,232.75111389160157,47.24193572998047,-0.9928810596466065,-5.394607569542131e-7,0.11911002546548844,-0.0000017298028751611128,1,-0.000009890248293231707,-0.11911002546548844,-0.000010025876690633595,-0.9928810596466065],5,2.5857834815979006],[[736.8135375976563,232.76527404785157,47.23591232299805,-0.982746958732605,9.482565843654811e-8,0.18495503067970277,-0.0000017648575294515468,1,-0.000009890155524772127,-0.18495503067970277,-0.000010045940143754706,-0.982746958732605],5,2.6049141883850099],[[736.5509643554688,232.71530151367188,47.231014251708987,-0.9886263012886047,-2.3308555796575093e-7,0