[[[776,222.69961547851563,47,1,2.3842272156571199e-8,1.885421140501893e-14,-2.3842272156571199e-8,1,5.603233432793786e-8,-1.7518272734675344e-14,-5.603233432793786e-8,1],8,0.008755922317504883],[[776,222.69961547851563,47,1,8.757472969023184e-9,1.8480361555286985e-14,-8.757472969023184e-9,1,2.0581154558385607e-8,-1.8300123108506637e-14,-2.0581154558385607e-8,1],8,0.020648479461669923],[[776,222.69961547851563,47,1,-2.547666966279394e-9,1.8551204002863546e-14,2.547666966279394e-9,1,-5.987355500280955e-9,-1.8535948939483496e-14,5.987355500280955e-9,1],8,0.03698229789733887],[[776,222.69961547851563,47,1,-1.3845561142034058e-8,1.892204688563274e-14,1.3845561142034058e-8,1,-3.2538842731355547e-8,-1.8471528695713017e-14,3.2538842731355547e-8,1],8,0.0635368824005127],[[776,222.69961547851563,47,1,-4.017916310772307e-8,2.0950540022442178e-14,4.017916310772307e-8,1,-9.442616999422171e-8,-1.7156574419604707e-14,9.442616999422171e-8,1],8,0.07695674896240235],[[776,222.69961547851563,47,1,-3.764279199458542e-8,2.085853699777731e-14,3.764279199458542e-8,1,-8.846537014051137e-8,-1.7528452376635446e-14,8.846537014051137e-8,1],8,0.08684229850769043],[[776,222.69961547851563,47,1,-3.135038184609584e-8,2.0425716714257519e-14,3.135038184609584e-8,1,-7.36773984044703e-8,-1.8115901912808299e-14,7.36773984044703e-8,1],8,0.0971376895904541],[[776,222.69961547851563,47,1,-2.5060661101861116e-8,2.0082075447556449e-14,2.5060661101861116e-8,1,-5.889573984063645e-8,-1.8606108678504569e-14,5.889573984063645e-8,1],8,0.10706090927124024],[[776,222.69961547851563,47,1,-1.5631117733505563e-8,1.9738783158429648e-14,1.5631117733505563e-8,1,-3.673509496593397e-8,-1.916457274722238e-14,3.673509496593397e-8,1],8,0.11754894256591797],[[776,222.69961547851563,47,1,-9.348113394480606e-9,1.9625585675358584e-14,9.348113394480606e-9,1,-2.1969221108975036e-8,-1.94202157610332e-14,2.1969221108975036e-8,1],8,0.128584623336792],[[776,222.69961547851563,47,1,7.135886326281593e-11,1.962947694471827e-14,-7.135886326281593e-11,1,1.677645522502047e-10,-1.9629463392191114e-14,-1.677645522502047e-10,1],8,0.1404426097869873],[[776,222.69961547851563,47,1,6.3476530698380888e-9,1.9747758319538755e-14,-6.3476530698380888e-9,1,1.4917874935349574e-8,-1.9653065118233408e-14,-1.4917874935349574e-8,1],8,0.14882993698120118],[[776,222.69961547851563,47,1,1.5757064986132719e-8,2.0098451982558664e-14,-1.5757064986132719e-8,1,3.7031224309203029e-8,-1.951494792585412e-14,-3.7031224309203029e-8,1],8,0.16107702255249024],[[776,222.69961547851563,47,1,2.5160446170957586e-8,2.06567229277645e-14,-2.5160446170957586e-8,1,5.913041078997594e-8,-1.9168975624482208e-14,-5.913041078997594e-8,1],8,0.1725020408630371],[[776,222.69961547851563,47,1,3.4557800177026368e-8,2.1422176437802845e-14,-3.4557800177026368e-8,1,8.121543260131148e-8,-1.8615549707734666e-14,-8.121543260131148e-8,1],8,0.18393230438232423],[[776,222.69961547851563,47,1,4.394913233340958e-8,2.239441271312259e-14,-4.394913233340958e-8,1,1.0328631105949171e-7,-1.7855068281096704e-14,-1.0328631105949171e-7,1],8,0.1959552764892578],[[776,222.69961547851563,47,1,4.318156854310473e-8,2.2391449791873097e-14,-4.318156854310473e-8,1,1.0148242779450811e-7,-1.800927909947382e-14,-1.0148242779450811e-7,1],8,0.20709967613220216],[[776,222.69961547851563,47,1,3.149655114498273e-8,2.1513918576319958e-14,-3.149655114498273e-8,1,7.402106660947538e-8,-1.9182509516913437e-14,-7.402106660947538e-8,1],8,0.21731042861938477],[[776,222.69961547851563,47,1,2.37107009581905e-8,2.1115369245846076e-14,-2.37107009581905e-8,1,5.572327310687797e-8,-1.9794131679335033e-14,-5.572327310687797e-8,1],8,0.22820067405700684],[[776,222.69961547851563,47,1,1.2038165131400547e-8,2.0787516673281826e-14,-1.2038165131400547e-8,1,2.82912377969069e-8,-2.0446941665849817e-14,-2.82912377969069e-8,1],8,0.24013090133666993],[[776,222.69961547851563,47,1,3.731091546832488e-10,2.0780528651466978e-14,-3.731091546832488e-10,1,8.767782055940643e-10,-2.0780201696749338e-14,-8.767782055940643e-10,1],8,0.25369977951049807],[[776,222.69961547851563,47,1,-1.1284470247119316e-8,2.109309736153097e-14,1.1284470247119316e-8,1,-2.652011410475552e-8,-2.0793832150936554e-14,2.652011410475552e-8,1],8,0.2649118900299072],[[776,222.69961547851563,47,1,-2.2934578680633423e-8,2.1724470638216643e-14,2.2934578680633423e-8,1,-5.3899452012728946e-8,-2.048830906092782e-14,5.3899452012728946e-8,1],8,0.29308056831359866],[[776,222.69961547851563,47,1,-4.285739052534154e-8,2.364049304622376e-14,4.285739052534154e-8,1,-1.007207899306195e-7,-1.9323864069217129e-14,1.007207899306195e-7,1],8,0.31852197647094729],[[775.7081298828125,222.69961547851563,47.00113296508789,0.9703122973442078,-2.6274445730223307e-8,0.24185539782047273,3.842395202013904e-8,1,-4.5518053326532029e-8,-0.24185539782047273,5.3459768167840596e-8,0.9703122973442078],8,0.33059263229370119],[[775.5086059570313,222.69961547851563,47.000205993652347,0.9273951649665833,-2.1247844372851433e-8,0.37408313155174258,3.1013879464580899e-8,1,-2.0087185248485185e-8,-0.37408313155174258,3.023052741468746e-8,0.9273951649665833],8,0.3526642322540283],[[775.2420043945313,222.69961547851563,46.998069763183597,0.853611946105957,-1.733391030711573e-8,0.5209094882011414,1.4856648355987545e-8,1,8.93072282792673e-9,-0.5209094882011414,1.1559728174681538e-10,0.853611946105957],8,0.35994720458984377],[[775.0420532226563,222.69961547851563,46.995269775390628,0.7925596833229065,-1.6044303663420579e-8,0.6097943186759949,-5.356027288350163e-10,1,2.7007141412127568e-8,-0.6097943186759949,-2.1731379362677218e-8,0.7925596833229065],8,0.3702566623687744],[[774.9087524414063,222.69961547851563,46.99289321899414,0.7517310976982117,-1.5795279750818737e-8,0.6594697833061218,-1.183043973895792e-8,1,3.7437029476450337e-8,-0.6594697833061218,-3.594439590415277e-8,0.7517310976982117],8,0.3800673484802246],[[774.7754516601563,222.69961547851563,46.990230560302737,0.7116016149520874,-1.594486853662147e-8,0.7025831937789917,-2.370587459665785e-8,1,4.6704801803798549e-8,-0.7025831937789917,-4.98905627921431e-8,0.7116016149520874],8,0.39115381240844729],[[774.5755004882813,222.69961547851563,46.98584747314453,0.6526805758476257,-1.678783512204518e-8,0.7576332092285156,-4.233579886658845e-8,1,5.862941065970517e-8,-0.7576332092285156,-7.034127946781155e-8,0.6526805758476257],8,0.4006345272064209],[[774.3755493164063,222.69961547851563,46.98110580444336,0.5960911512374878,-1.8239083132698398e-8,0.8029167652130127,-6.160843213365297e-8,1,6.84545682361204e-8,-0.8029167652130127,-9.027160530195033e-8,0.5960911512374878],8,0.4126884937286377],[[774.1755981445313,222.69961547851563,46.975730895996097,0.5429542660713196,-2.0173425596681228e-8,0.839762270450592,-8.119859273847396e-8,1,7.652230493704337e-8,-0.839762270450592,-1.0973562325489184e-7,0.5429542660713196],8,0.4289741516113281],[[773.9756469726563,222.69961547851563,46.969947814941409,0.493682324886322,-1.9474786228101949e-8,0.8696423172950745,-8.719890587371992e-8,1,7.189547091002169e-8,-0.8696423172950745,-1.1132538446645413e-7,0.493682324886322],8,0.4378042221069336],[[773.7756958007813,222.69961547851563,46.96352767944336,0.4484887719154358,-1.249356529342549e-8,0.8937884569168091,-6.439761790488774e-8,1,4.629190897276203e-8,-0.8937884569168091,-7.831925330492595e-8,0.4484887719154358],8,0.4489748477935791],[[773.6423950195313,222.69961547851563,46.959163665771487,0.42070066928863528,-7.578686123110856e-9,0.907199501991272,-4.8217355441693147e-8,1,3.071403753551749e-8,-0.907199501991272,-5.666417735028517e-8,0.42070066928863528],8,0.4615671634674072],[[773.4424438476563,222.69961547851563,46.95232391357422,0.38222622871398928,1.1396404653307712e-10,0.924068808555603,-2.281442412765955e-8,1,9.313492199680696e-9,-0.924068808555603,-2.464195958395976e-8,0.38222622871398928],8,0.4719083309173584],[[773.2424926757813,222.69961547851563,46.9454231262207,0.347099632024765,8.12853873100039e-9,0.9378282427787781,3.6376273104821168e-9,1,-1.0013728513058595e-8,-0.9378282427787781,6.887231229768531e-9,0.347099632024765],8,0.4827544689178467],[[773.1091918945313,222.69961547851563,46.94082260131836,0.3256271481513977,1.3621453298640063e-8,0.9454982876777649,2.1719744225379146e-8,1,-2.188686387682992e-8,-0.9454982876777649,2.766293683009735e-8,0.3256271481513977],8,0.49229979515075686],[[772.9092407226563,222.69961547851563,46.933921813964847,0.2960091233253479,2.2048183723200056e-8,0.9551851153373718,4.9355968201325598e-8,1,-3.837790174543443e-8,-0.9551851153373718,5.8504294742078858e-8,0.2960091233253479],8,0.5038506984710693],[[772.7092895507813,222.69961547851563,46.92702102661133,0.269115149974823,3.066608300628104e-8,0.9631080031394959,7.746297825406146e-8,1,-5.3485734952118949e-8,-0.9631080031394959,8.89990374730587e-8,0.269115149974823],8,0.5169546604156494],[[772.5093383789063,222.69961547851563,46.92012023925781,0.24484258890151978,3.377071777777019e-8,0.969562828540802,9.039738557703459e-8,1,-5.765882349351159e-8,-0.969562828540802,1.0176328402167201e-7,0.24484258890151978],8,0.5295686721801758],[[772.3093872070313,222.69961547851563,46.9132194519043,0.22299271821975709,2.5511749157658415e-8,0.9748201370239258,7.203045271353403e-8,1,-4.264788699970268e-8,-0.9748201370239258,7.972690241331293e-8,0.22299271821975709],8,0.5422258377075195],[[772.1760864257813,222.69961547851563,46.90843963623047,0.209804967045784,1.9957106189849584e-8,0.9777432680130005,5.9510661287731639e-8,1,-3.318124441875625e-8,-0.9777432680130005,6.514773787102968e-8,0.209804967045784],8,0.55295729637146],[[771.9761352539063,222.69961547851563,46.90119552612305,0.19178646802902223,1.1563711765916196e-8,0.9814366698265076,4.0403449474979428e-8,1,-1.9677834472986434e-8,-0.9814366698265076,4.34273701443999e-8,0.19178646802902223],8,0.5635237693786621],[[771.6431274414063,222.69961547851563,46.88859176635742,0.16532652080059052,-2.561506784459766e-9,0.9862388968467712,7.894506381944666e-9,1,1.2738645693843865e-9,-0.9862388968467712,7.57526574801659e-9,0.16532652080059052],8,0.5862178802490234],[[771.443359375,222.69961547851563,46.880706787109378,0.15174336731433869,-1.110440894791509e-8,0.9884199500083923,-1.1907345331962916e-8,1,1.306253416544223e-8,-0.9884199500083923,-1.3751610516976598e-8,0.15174336731433869],8,0.5958003997802734],[[771.3101806640625,222.69961547851563,46.87540817260742,0.14372465014457704,-1.682225203580856e-8,0.9896177053451538,-2.5196261077553573e-8,1,2.0658053045963244e-8,-0.9896177053451538,-2.790373798688961e-8,0.14372465014457704],8,0.6075942516326904],[[771.1104125976563,222.69961547851563,46.86717224121094,0.13294538855552674,-2.5427189243032445e-8,0.991123378276825,-4.5229096912180469e-8,1,3.172177187593661e-8,-0.991123378276825,-4.904487838075511e-8,0.13294538855552674],8,0.6169981956481934],[[770.9772338867188,222.69961547851563,46.86164093017578,0.12644705176353455,-3.118016778103083e-8,0.991973340511322,-5.863693885999055e-8,1,3.8906929233917256e-8,-0.991973340511322,-6.308594890924724e-8,0.12644705176353455],8,0.628619909286499],[[770.7774658203125,222.69961547851563,46.85334396362305,0.1175672635436058,-3.9830478471003519e-8,0.9930649399757385,-7.881003227794281e-8,1,4.943881748431522e-8,-0.9930649399757385,-8.407586449266091e-8,0.1175672635436058],8,0.638984203338623],[[770.644287109375,222.69961547851563,46.84781265258789,0.1121736541390419,-4.560959965260736e-8,0.9936886429786682,-9.228998720800519e-8,1,5.6317546182071968e-8,-0.9936886429786682,-9.802485578802589e-8,0.1121736541390419],8,0.6482422351837158],[[770.4445190429688,222.69961547851563,46.839515686035159,0.10478745400905609,-4.6838032119467246e-8,0.994494616985321,-9.692365665614489e-8,1,5.730992924668499e-8,-0.994494616985321,-1.0239541836654098e-7,0.10478745400905609],8,0.6602718830108643],[[770.2447509765625,222.67919921875,46.83121871948242,0.09813366830348969,-3.3146431377417687e-8,0.9951732158660889,-7.02142912700765e-8,1,4.023100430572413e-8,-0.9951732158660889,-7.382340072581428e-8,0.09813366830348969],8,0.6714777946472168],[[770.111572265625,222.64854431152345,46.825687408447269,0.09410768002271652,-2.4008349086557247e-8,0.9955620169639587,-5.2324075738852119e-8,1,2.9061419937193024e-8,-0.9955620169639587,-5.4826767126314738e-8,0.09410768002271652],8,0.683189868927002],[[769.9118041992188,222.5770263671875,46.81795120239258,0.08838406950235367,-1.0287991791813056e-8,0.9960864782333374,-2.5390617608422873e-8,1,1.258135551296391e-8,-0.9960864782333374,-2.640324225922086e-8,0.08838406950235367],8,0.6953392028808594],[[769.7118530273438,222.474853515625,46.81061935424805,0.08301007002592087,3.4466245413256049e-9,0.9965487122535706,1.6456365159456255e-9,1,-3.5956384536461884e-9,-0.9965487122535706,1.9384311933379196e-9,0.08301007002592087],8,0.7065184116363525],[[769.5119018554688,222.34201049804688,46.80449676513672,0.07767415046691895,1.7194180301771668e-8,0.9969788193702698,2.877451521499097e-8,1,-1.9488092917185896e-8,-0.9969788193702698,3.0201302791965648e-8,0.07767415046691895],8,0.7173557281494141],[[769.3119506835938,222.17852783203126,46.79890823364258,0.07254127413034439,3.095397360652896e-8,0.997365415096283,5.5987506186738759e-8,1,-3.5107873941342407e-8,-0.997365415096283,5.838677452629781e-8,0.07254127413034439],8,0.7298295497894287],[[769.1786499023438,222.05250549316407,46.795406341552737,0.0693051815032959,4.0133272705134007e-8,0.997595489025116,7.416888792022292e-8,1,-4.538268427722869e-8,-0.997595489025116,7.713580885138072e-8,0.0693051815032959],8,0.7417647838592529],[[768.9786987304688,221.83792114257813,46.79080581665039,0.06457053869962692,4.6001396469819159e-8,0.997913122177124,8.650210503446942e-8,1,-5.169476224864411e-8,-0.997913122177124,8.965955089479394e-8,0.06457053869962692],8,0.7520530223846436],[[768.7787475585938,221.59268188476563,46.786338806152347,0.06016501039266586,3.605123666261534e-8,0.9981884360313416,6.881291625404629e-8,1,-4.02643074437492e-8,-0.9981884360313416,7.111076172350295e-8,0.06016501039266586],8,0.7639584541320801],[[768.6454467773438,221.4121551513672,46.78371047973633,0.057353656738996509,2.941525245603316e-8,0.998353898525238,5.6986589669349999e-8,1,-3.273752824384246e-8,-0.998353898525238,5.877040010204837e-8,0.057353656738996509],5,0.7754149436950684],[[768.4454956054688,221.11582946777345,46.78021240234375,0.05326623469591141,1.94579268253392e-8,0.9985803365707398,3.920320423844714e-8,1,-2.1576767039732659e-8,-0.9985803365707398,4.029686451190173e-8,0.05326623469591141],5,0.7861688137054443],[[768.2455444335938,220.78884887695313,46.77679443359375,0.049485206604003909,9.497203024011469e-9,0.9987748861312866,2.1369231717471849e-8,1,-1.0567610786438309e-8,-0.9987748861312866,2.1865991683966969e-8,0.049485206604003909],5,0.7975113391876221],[[768.0037841796875,220.8819580078125,46.772666931152347,0.04795793816447258,-3.783227064957373e-9,0.9988493323326111,-2.4758368688537759e-9,1,3.9064582679770869e-9,-0.9988493323326111,-2.6603337310859844e-9,0.04795793816447258],12,0.8153586387634277],[[767.9107666015625,221.02015686035157,46.771080017089847,0.04779785871505737,-1.3737619042331062e-8,0.9988570213317871,-2.035580592973929e-8,1,1.4727415731385918e-8,-0.9988570213317871,-2.1036479225244876e-8,0.04779785871505737],12,0.826530933380127],[[767.7791748046875,221.4134521484375,46.76901626586914,0.0457347072660923,-2.3687949379791463e-8,0.998953640460968,-3.826884764634997e-8,1,2.5464810704534103e-8,-0.998953640460968,-3.939342718695116e-8,0.0457347072660923],8,0.8405454158782959],[[767.5848388671875,221.8118133544922,46.766319274902347,0.042744364589452746,-3.363825129554243e-8,0.9990860223770142,-5.622766963142567e-8,1,3.60746383876176e-8,-0.9990860223770142,-5.771826749878528e-8,0.042744364589452746],8,0.8508031368255615],[[767.3851318359375,222.1016845703125,46.763607025146487,0.039762597531080249,-4.358937744086688e-8,0.9992091655731201,-7.421481740266245e-8,1,4.657718832845603e-8,-0.9992091655731201,-7.600815621344737e-8,0.039762597531080249],8,0.8760218620300293],[[767.0518798828125,222.38400268554688,46.75908660888672,0.03525660187005997,-6.017519638135127e-8,0.9993782639503479,-1.0422954943578589e-7,1,6.388970064108435e-8,-0.9993782639503479,-1.064172820974818e-7,0.03525660187005997],8,0.8827512264251709],[[766.9185791015625,222.45022583007813,46.75727844238281,0.03366684541106224,-4.941747633324667e-8,0.9994331002235413,-8.593038813842213e-8,1,5.234015176824869e-8,-0.9994331002235413,-8.764380510228875e-8,0.03366684541106224],8,0.8933446407318115],[[766.7186279296875,222.5187530517578,46.75456619262695,0.03153975307941437,-3.328283426640155e-8,0.9995024800300598,-5.8442125805413528e-8,1,3.514357160838699e-8,-0.9995024800300598,-5.952146864274255e-8,0.03153975307941437],8,0.9051892757415772],[[766.5853271484375,222.54991149902345,46.75275802612305,0.03025810420513153,-2.2528125143139733e-8,0.9995421171188355,-4.009676146665697e-8,1,2.375225349737775e-8,-0.9995421171188355,-4.079710080873156e-8,0.03025810420513153],8,0.9160857200622559],[[766.3853759765625,222.58206176757813,46.75004577636719,0.028508087620139123,-6.39930330947891e-9,0.9995935559272766,-1.2556484740855467e-8,1,6.760012549733574e-9,-0.9995935559272766,-1.2744095556627144e-8,0.028508087620139123],8,0.9260971546173096],[[766.2520751953125,222.59664916992188,46.74823760986328,0.027445921674370767,4.350791282803357e-9,0.9996232986450195,5.814894343814103e-9,1,-4.512085816088529e-9,-0.9996232986450195,5.936542368800701e-9,0.027445921674370767],8,0.9357244968414307],[[766.0521240234375,222.6116943359375,46.74552536010742,0.02599232643842697,2.047173630614907e-8,0.9996621608734131,3.3383638964323839e-8,1,-2.1346666656540948e-8,-0.9996621608734131,3.392720770989399e-8,0.02599232643842697],8,0.9474174976348877],[[765.9188232421875,222.6185302734375,46.743717193603519,0.02510937675833702,3.1215996898481538e-8,0.9996846914291382,5.176788420158118e-8,1,-3.25261133582444e-8,-0.9996846914291382,5.256827151356447e-8,0.02510937675833702],8,0.9582502841949463],[[765.7188720703125,222.62554931640626,46.741004943847659,0.023900752887129785,4.732741842872201e-8,0.9997143149375916,7.934807655374243e-8,1,-4.923796126377056e-8,-0.9997143149375916,8.050223243571964e-8,0.023900752887129785],8,0.9681768417358398],[[765.5189208984375,222.6300048828125,46.7382926940918,0.02281264215707779,5.4138730831709839e-8,0.9997397661209106,9.122726396526559e-8,1,-5.623450149983e-8,-0.9997397661209106,9.248638122016928e-8,0.02281264215707779],8,0.9807147979736328],[[765.3189697265625,222.63282775878907,46.73558044433594,0.02183770388364792,4.236374806509957e-8,0.9997615218162537,7.169609972379476e-8,1,-4.3939905935985737e-8,-0.9997615218162537,7.263854939765224e-8,0.02183770388364792],8,1.008007287979126],[[764.9190673828125,222.63575744628907,46.73015594482422,0.020130276679992677,1.8829847903134579e-8,0.9997973442077637,3.261899550466296e-8,1,-1.9490427050072868e-8,-0.9997973442077637,3.3004734945052408e-8,0.020130276679992677],8,1.0267560482025147],[[764.6524658203125,222.63665771484376,46.726539611816409,0.019184431061148645,3.1530580368865914e-9,0.9998159408569336,6.564212284843052e-9,1,-3.2795921534045648e-9,-0.9998159408569336,6.625921145086977e-9,0.019184431061148645],8,1.0353245735168458],[[764.4525146484375,222.6370391845703,46.72382736206055,0.01858094334602356,-8.597598188941902e-9,0.9998273849487305,-1.2974649798991323e-8,1,8.84020590063983e-9,-0.9998273849487305,-1.313666952995618e-8,0.01858094334602356],8,1.0577149391174317],[[764.1192626953125,222.6374053955078,46.71930694580078,0.017711041495203973,-2.8168251731131023e-8,0.9998431205749512,-4.5529311876180148e-8,1,2.8979169286458274e-8,-0.9998431205749512,-4.603542080872103e-8,0.017711041495203973],8,1.0655624866485596],[[763.8526611328125,222.63755798339845,46.71569061279297,0.017121771350502969,-4.381205087611306e-8,0.9998534321784973,-7.155990999763162e-8,1,4.504388684267724e-8,-0.9998534321784973,-7.232065257767317e-8,0.017121771350502969],8,1.0925509929656983],[[763.5860595703125,222.63763427734376,46.712074279785159,0.016620473936200143,-5.944421843651071e-8,0.9998618960380554,-9.757549435107649e-8,1,6.107440952973775e-8,-0.9998618960380554,-9.857710381311336e-8,0.016620473936200143],8,1.0990853309631348],[[763.4527587890625,222.63766479492188,46.71026611328125,0.016399677842855455,-5.792932356030178e-8,0.9998655319213867,-9.522205601797396e-8,1,5.9498937332591598e-8,-0.9998655319213867,-9.618501906061283e-8,0.016399677842855455],8,1.1087191104888917],[[763.3194580078125,222.63768005371095,46.708457946777347,0.01619860716164112,-4.7090285448803118e-8,0.9998688101768494,-7.751530262112283e-8,1,4.835226974364559e-8,-0.9998688101768494,-7.828836601220246e-8,0.01619860716164112],8,1.1273677349090577],[[763.0528564453125,222.63768005371095,46.70484161376953,0.015834854915738107,-2.5424872873713867e-8,0.9998745918273926,-4.2114642440083119e-8,1,2.6095024807659685e-8,-0.9998745918273926,-4.252257213011035e-8,0.015834854915738107],8,1.1349971294403077],[[762.8529052734375,222.63768005371095,46.70212936401367,0.015593929216265679,-9.186988947362807e-9,0.9998784065246582,-1.55767470033652e-8,1,9.431038172635909e-9,-0.9998784065246582,-1.5721919766065186e-8,0.015593929216265679],8,1.156803846359253],[[762.5863037109375,222.63768005371095,46.69851303100586,0.015311667695641518,1.2448470698700476e-8,0.9998827576637268,1.9788416238952779e-8,1,-1.2752959577255752e-8,-0.9998827576637268,1.9981364118848434e-8,0.015311667695641518],8,1.1647670269012452],[[762.3863525390625,222.63768005371095,46.69580078125,0.01512616965919733,2.8663691864494468e-8,0.999885618686676,4.62970923820194e-8,1,-2.9367349441145053e-8,-0.999885618686676,4.673600884075313e-8,0.01512616965919733],8,1.1822988986968995],[[762.1197509765625,222.63768005371095,46.69218444824219,0.014909208752214909,5.0268688767118877e-8,0.9998888373374939,8.16203638009938e-8,1,-5.1491305441686566e-8,-0.9998888373374939,8.237898185825543e-8,0.014909208752214909],8,1.1892263889312745],[[761.9197998046875,223.2899627685547,46.68947219848633,0.014751371927559376,6.646092032269735e-8,0.9998912215232849,1.0809674222400645e-7,1,-6.806289576388736e-8,-0.9998912215232849,1.0908900094364071e-7,0.014751371927559376],3,1.2058601379394532],[[761.7198486328125,223.91159057617188,46.68675994873047,0.01461876556277275,8.264323980711197e-8,0.9998931288719177,1.3455748160140502e-7,1,-8.46193444203891e-8,-0.9998931288719177,1.3578014090853686e-7,0.01461876556277275],5,1.224452257156372],[[761.5198974609375,224.5025634765625,46.68404769897461,0.014506516046822071,7.055833606273154e-8,0.9998947978019714,1.1495005480810505e-7,1,-7.223346187856805e-8,-0.9998947978019714,1.1598581295402255e-7,0.014506516046822071],5,1.2305269241333008],[[761.3865966796875,224.87950134277345,46.6822395324707,0.01443970575928688,6.250589734690948e-8,0.9998957514762878,1.0188389154563993e-7,1,-6.39837409721622e-8,-0.9998957514762878,1.0279717344019446e-7,0.01443970575928688],5,1.2417290210723878],[[761.1866455078125,225.4193878173828,46.679527282714847,0.014348829165101052,5.043349915467843e-8,0.9998970627784729,8.229327619346805e-8,1,-5.161962590705116e-8,-0.9998970627784729,8.302548337724147e-8,0.014348829165101052],5,1.2516958713531495],[[761.0533447265625,225.76226806640626,46.67771911621094,0.014293750748038292,4.2389416421428908e-8,0.999897837638855,6.923878714815146e-8,1,-4.3383529657603506e-8,-0.999897837638855,6.985182920971056e-8,0.014293750748038292],5,1.260909080505371],[[760.9200439453125,226.09153747558595,46.67591094970703,0.014242974109947682,3.434868744989217e-8,0.9998985528945923,5.61891368988654e-8,1,-3.5152552868567e-8,-0.9998985528945923,5.66841151794506e-8,0.014242974109947682],5,1.2696444988250733],[[760.7200927734375,226.55987548828126,46.67319869995117,0.014173130504786969,2.2293891177582738e-8,0.9998995661735535,3.6623944765779018e-8,1,-2.2815257239017229e-8,-0.9998995661735535,3.694362860073852e-8,0.014173130504786969],5,1.2800331115722657],[[760.5867919921875,226.85507202148438,46.671390533447269,0.014130630530416966,1.4261561709361104e-8,0.9999001622200012,2.3586762765148707e-8,1,-1.4596315267567661e-8,-0.9999001622200012,2.3790663661316104e-8,0.014130630530416966],5,1.2911491394042969],[[760.4534912109375,227.1366424560547,46.66958236694336,0.014091403223574162,6.232601101885393e-9,0.9999006986618042,1.0554676244112216e-8,1,-6.381965178547944e-9,-0.9999006986618042,1.0643559811285286e-8,0.014091403223574162],5,1.300046682357788],[[760.2535400390625,227.533447265625,46.6668701171875,0.014037416316568852,-5.804520419872006e-9,0.9999014735221863,-8.983777277649097e-9,1,5.93121374237171e-9,-0.9999014735221863,-9.066151385184185e-9,0.014037416316568852],5,1.3103680610656739],[[760.1202392578125,227.7809600830078,46.665061950683597,0.014004558324813843,-1.3825050437787923e-8,0.9999019503593445,-2.2002891952865867e-8,1,1.4134577064339738e-8,-0.9999019503593445,-2.21986837800614e-8,0.014004558324813843],5,1.318833589553833],[[759.9202880859375,228.12667846679688,46.662349700927737,0.013959557749330998,-2.5849510976172497e-8,0.9999025464057922,-4.1521690974377637e-8,1,2.6431711930285929e-8,-0.9999025464057922,-4.1886618618036667e-8,0.013959557749330998],5,1.3303256034851075],[[759.7869873046875,228.3401336669922,46.66054153442383,0.013932219706475735,-3.3861596193673907e-8,0.9999029636383057,-5.452758244928191e-8,1,3.4624644484893e-8,-0.9999029636383057,-5.5004687027349067e-8,0.013932219706475735],5,1.3403894901275635],[[759.5870361328125,228.63475036621095,46.65782928466797,0.013894793577492237,-4.587337443240358e-8,0.9999034404754639,-7.402638146913887e-8,1,4.690648225391669e-8,-0.9999034404754639,-7.467098583902043e-8,0.013894793577492237],5,1.3504691123962403],[[759.3870849609375,228.89871215820313,46.65511703491211,0.013861100189387799,-5.7877539205719589e-8,0.9999039173126221,-9.351307284077848e-8,1,5.917942047517499e-8,-0.9999039173126221,-9.432438474732408e-8,0.013861100189387799],5,1.3618090152740479],[[759.2537841796875,229.0576629638672,46.6533088684082,0.013840723782777787,-6.587608680774793e-8,0.999904215335846,-1.0649742421264819e-7,1,6.735653812484088e-8,-0.999904215335846,-1.0741948841541671e-7,0.013840723782777787],5,1.3743135929107667],[[759.0538330078125,229.27053833007813,46.650596618652347,0.013812873512506485,-7.786756128780326e-8,0.9999045729637146,-1.259637514294809e-7,1,7.9615077197559e-8,-0.9999045729637146,-1.2705145024938248e-7,0.013812873512506485],5,1.3881869316101075],[[758.8538818359375,229.4527587890625,46.647884368896487,0.013787808828055859,-8.073405410868873e-8,0.9999049305915833,-1.3065580617421802e-7,1,8.254335881474617e-8,-0.9999049305915833,-1.317814906087733e-7,0.013787808828055859],5,1.3976480960845948],[[758.7205810546875,229.5572052001953,46.64607620239258,0.013772649690508843,-7.0490152381808e-8,0.9999051690101624,-1.1410353550900254e-7,1,7.206849517160663e-8,-0.9999051690101624,-1.1508528530157491e-7,0.013772649690508843],5,1.4085776805877686],[[758.5206298828125,229.68832397460938,46.64336395263672,0.013751933351159096,-5.513244261123873e-8,0.9999054670333862,-8.928786598971783e-8,1,5.63656534779966e-8,-0.9999054670333862,-9.005456291788505e-8,0.013751933351159096],5,1.4212791919708253],[[758.3206787109375,229.78880310058595,46.64065170288086,0.013733289204537869,-3.9784517014140877e-8,0.9999057054519653,-6.448758682608968e-8,1,4.0673981516192728e-8,-0.9999057054519653,-6.504009064656202e-8,0.013733289204537869],5,1.4320487976074219],[[758.1207275390625,229.85861206054688,46.637939453125,0.013716589659452439,-2.4446375590514436e-8,0.9999059438705444,-3.970276196696432e-8,1,2.4993312308652095e-8,-0.9999059438705444,-4.004185072403743e-8,0.013716589659452439],5,1.4436898231506348],[[757.9207763671875,229.89776611328126,46.63522720336914,0.013701648451387883,-9.118013899467315e-9,0.9999061226844788,-1.4933451808474275e-8,1,9.323501970470716e-9,-0.9999061226844788,-1.5059796965033457e-8,0.013701648451387883],5,1.4568684101104737],[[757.6541748046875,229.90228271484376,46.63161087036133,0.013683990575373173,1.1304584823790265e-8,0.9999063611030579,1.8068071483412497e-8,1,-1.1552909739975803e-8,-0.9999063611030579,1.822446904498065e-8,0.013683990575373173],5,1.484417200088501],[[757.3209228515625,229.831298828125,46.62709045410156,0.013664978556334973,3.680838389641394e-8,0.9999066591262817,5.928091084683729e-8,1,-3.762196953971397e-8,-0.9999066591262817,5.97894782572439e-8,0.013664978556334973],5,1.4958720207214356],[[757.1209716796875,229.74783325195313,46.6243782043457,0.013655233196914196,5.209763287439273e-8,0.9999067783355713,8.398772166628987e-8,1,-5.3249468834337679e-8,-0.9999067783355713,8.470701828855454e-8,0.013655233196914196],5,1.517425537109375],[[756.7877197265625,229.54058837890626,46.620880126953128,0.013211226090788842,7.75589299450985e-8,0.9999127388000488,1.251613923614059e-7,1,-7.92193759480142e-8,-0.9999127388000488,1.261970652421951e-7,0.013211226090788842],5,1.524817705154419],[[756.6544189453125,229.43385314941407,46.6202278137207,0.012745631858706475,7.844159455316913e-8,0.9999187588691711,1.266389517695643e-7,1,-8.00621933194634e-8,-0.9999187588691711,1.27649101955285e-7,0.012745631858706475],5,1.5336849689483643],[[756.5211181640625,229.31349182128907,46.6204719543457,0.011908525601029396,7.003006174954862e-8,0.9999290704727173,1.131361244688378e-7,1,-7.138240931681139e-8,-0.9999290704727173,1.1397816024327767e-7,0.011908525601029396],5,1.5437262058258057],[[756.3211669921875,229.10740661621095,46.62290573120117,0.009754326194524765,5.7415942222860397e-8,0.9999524354934692,9.293175651237107e-8,1,-5.83252059982442e-8,-0.9999524354934692,9.349625429422304e-8,0.009754326194524765],5,1.5533995628356934],[[756.1878662109375,228.95297241210938,46.625492095947269,0.007906978018581868,4.9007720548388536e-8,0.9999687671661377,7.947154756493546e-8,1,-4.963765221077665e-8,-0.9999687671661377,7.986155026173947e-8,0.007906978018581868],5,1.563326358795166],[[756.0545654296875,228.78492736816407,46.62830352783203,0.005976904649287462,4.060003178096849e-8,0.9999821186065674,6.60005383679163e-8,1,-4.099524275602562e-8,-0.9999821186065674,6.624438952940182e-8,0.005976904649287462],5,1.573530912399292],[[755.7213134765625,228.30517578125,46.635414123535159,0.0013490122510120273,1.958344597596806e-8,0.9999991059303284,3.225101963266752e-8,1,-1.9626970271247047e-8,-0.9999991059303284,3.227746603329251e-8,0.0013490122510120273],5,1.591015338897705],[[755.5880126953125,228.0894317626953,46.63825988769531,-0.00030994712142273784,1.1178165060243828e-8,0.9999999403953552,1.872350807730072e-8,1,-1.1172361702449507e-8,-0.9999999403953552,1.872004418146389e-8,-0.00030994712142273784],5,1.6011574268341065],[[755.4547119140625,227.86007690429688,46.64110565185547,-0.0018131076358258725,2.774021679030625e-9,0.9999983310699463,5.183049989199162e-9,1,-2.7646287481530864e-9,-0.9999983310699463,5.178029116592597e-9,-0.0018131076358258725],5,1.611898422241211],[[755.2547607421875,227.490478515625,46.6453742980957,-0.003864389145746827,-9.829587810372687e-9,0.9999925494194031,-1.5145781517844626e-8,1,9.771131459501703e-9,-0.9999925494194031,-1.5107909590028613e-8,-0.003864389145746827],5,1.6210098266601563],[[755.1214599609375,227.22705078125,46.64822006225586,-0.00510910851880908,-1.8230025489174296e-8,0.9999869465827942,-2.870745774430361e-8,1,1.8083591513118337e-8,-0.9999869465827942,-2.861469283743645e-8,-0.00510910851880908],5,1.630661964416504],[[754.9881591796875,226.9499969482422,46.651065826416019,-0.006257002241909504,-2.66286956929207e-8,0.9999804496765137,-4.227426586567162e-8,1,2.6364702421233234e-8,-0.9999804496765137,-4.210847492913672e-8,-0.006257002241909504],7,1.6424102783203126],[[754.7882080078125,226.5088653564453,46.65533447265625,-0.007836160250008107,-3.922308522419371e-8,0.9999693036079407,-6.263140761575414e-8,1,3.873348575211821e-8,-0.9999693036079407,-6.232596660993295e-8,-0.007836160250008107],7,1.6514880657196046],[[754.6549072265625,226.19775390625,46.658180236816409,-0.008797126822173596,-4.76167727470056e-8,0.9999613165855408,-7.620542419317644e-8,1,4.694819821793317e-8,-0.9999613165855408,-7.578946537023512e-8,-0.008797126822173596],7,1.6665220260620118],[[754.3883056640625,225.9129638671875,46.66387176513672,-0.010537986643612385,-6.439745448005852e-8,0.9999444484710693,-1.0335581634990376e-7,1,6.33118091286633e-8,-0.9999444484710693,-1.0268290395742952e-7,-0.010537986643612385],7,1.6778371334075928],[[754.1883544921875,225.95489501953126,46.66814041137695,-0.011691482737660408,-4.825863442192713e-8,0.9999316334724426,-7.757088837934134e-8,1,4.7354951959732719e-8,-0.9999316334724426,-7.701193993625566e-8,-0.011691482737660408],8,1.6902635097503663],[[753.9884033203125,226.01170349121095,46.67240905761719,-0.01271500252187252,-3.212707611055521e-8,0.9999191761016846,-5.17742826389167e-8,1,3.147131266700853e-8,-0.9999191761016846,-5.136994118970506e-8,-0.01271500252187252],8,1.6999719142913819],[[753.7884521484375,226.05531311035157,46.67667770385742,-0.013628442771732808,-1.600312948824012e-8,0.9999071359634399,-2.5971193196028254e-8,1,1.5650634566100053e-8,-0.9999071359634399,-2.57554866323062e-8,-0.013628442771732808],8,1.7112605571746827],[[753.7218017578125,226.06655883789063,46.6781005859375,-0.0139088099822402,-1.0630222035956649e-8,0.9999032616615295,-1.7369432114833218e-8,1,1.0389638482877217e-8,-0.9999032616615295,-1.7223245052377935e-8,-0.0139088099822402],8,1.7207114696502686],[[753.4552001953125,226.09857177734376,46.68379211425781,-0.014941299334168435,1.0852398091287796e-8,0.9998883605003357,1.7037633526229e-8,1,-1.0599016775358905e-8,-0.9998883605003357,1.687736883582147e-8,-0.014941299334168435],8,1.7334492206573487],[[753.2552490234375,226.75767517089845,46.68806076049805,-0.015696626156568528,2.695479395242728e-8,0.9998767971992493,4.2841417524641659e-8,1,-2.628556750039479e-8,-0.9998767971992493,4.242354378902746e-8,-0.015696626156568528],3,1.7505323886871338],[[752.9886474609375,227.59332275390626,46.69375228881836,-0.01652909256517887,4.841159650936788e-8,0.9998633861541748,7.723712514007275e-8,1,-4.7141377024217948e-8,-0.9998633861541748,7.644737110013011e-8,-0.01652909256517887],5,1.778430461883545],[[752.5887451171875,228.74459838867188,46.70228958129883,-0.017541319131851198,8.056753131313599e-8,0.9998461604118347,1.2880126121217473e-7,1,-7.83202338539013e-8,-0.9998461604118347,1.2740760269025487e-7,-0.017541319131851198],5,1.7875094413757325],[[752.4554443359375,229.1011199951172,46.705135345458987,-0.017827989533543588,8.158782094369599e-8,0.9998410940170288,1.3047801417087613e-7,1,-7.927425826892432e-8,-0.9998410940170288,1.2904398261071038e-7,-0.017827989533543588],5,1.798675298690796],[[752.1888427734375,229.7732696533203,46.71242141723633,-0.018967919051647188,6.425312903957092e-8,0.9998201131820679,1.0287246965390296e-7,1,-6.231306315385155e-8,-0.9998201131820679,1.0167201480726362e-7,-0.018967919051647188],5,1.8236656188964844],[[751.8558959960938,230.53680419921876,46.72647476196289,-0.022482380270957948,4.2597370963903816e-8,0.9997472167015076,6.846481426237006e-8,1,-4.1068499712082487e-8,-0.9997472167015076,6.752419068334348e-8,-0.022482380270957948],5,1.8312106132507325],[[751.7228393554688,230.81837463378907,46.73441696166992,-0.024748193100094796,3.3937208598899818e-8,0.9996936917304993,5.4716824848810577e-8,1,-3.259305003666668e-8,-0.9996936917304993,5.389344792661177e-8,-0.024748193100094796],5,1.8408856391906739],[[751.6563110351563,230.9540557861328,46.73881912231445,-0.02606012485921383,2.960720024702823e-8,0.9996603727340698,4.78413859639204e-8,1,-2.8370083171580519e-8,-0.9996603727340698,4.7085809029567829e-8,-0.02606012485921383],5,1.8490567207336426],[[751.5232543945313,231.21517944335938,46.747867584228519,-0.028793834149837495,2.094707340916102e-8,0.9995853900909424,3.407637194641211e-8,1,-1.9974166320935184e-8,-0.9995853900909424,3.34871117502189e-8,-0.028793834149837495],5,1.858673334121704],[[751.3236694335938,231.5813446044922,46.76154708862305,-0.03282539173960686,7.956618475191135e-9,0.9994611144065857,1.3384798158710965e-8,1,-7.521310685376648e-9,-0.9994611144065857,1.3130694753726857e-8,-0.03282539173960686],5,1.867844820022583],[[751.1240844726563,231.91683959960938,46.77524185180664,-0.03655349835753441,-5.033649497221404e-9,0.9993317127227783,-7.356827147475542e-9,1,4.767918060366583e-9,-0.9993317127227783,-7.177626493160005e-9,-0.03655349835753441],5,1.8805229663848878],[[750.9910278320313,232.12347412109376,46.78437423706055,-0.038822777569293979,-1.369331315004274e-8,0.9992461204528809,-2.12074198202572e-8,1,1.2879691979605923e-8,-0.9992461204528809,-2.0691405921979823e-8,-0.038822777569293979],5,1.8888428211212159],[[750.7914428710938,232.4078826904297,46.798072814941409,-0.041930779814720157,-2.6681364673208919e-8,0.9991205334663391,-4.200995817882358e-8,1,2.494178907852529e-8,-0.9991205334663391,-4.092717986736716e-8,-0.041930779814720157],5,1.9046485424041749],[[750.5918579101563,232.66162109375,46.811771392822269,-0.04472917318344116,-3.966704298363766e-8,0.9989991784095764,-6.283682552066239e-8,1,3.689332928047406e-8,-0.9989991784095764,-6.112372830102686e-8,-0.04472917318344116],5,1.9134442806243897],[[750.4588012695313,232.8137664794922,46.82090377807617,-0.04642146825790405,-4.832250866115828e-8,0.9989219307899475,-7.673050106404844e-8,1,4.4808874832824588e-8,-0.9989219307899475,-7.456768713609563e-8,-0.04642146825790405],5,1.9234702587127686],[[750.2592163085938,233.01641845703126,46.83460235595703,-0.04873460903763771,-6.130274243787426e-8,0.9988117814064026,-9.758017682770515e-8,1,5.661448554405979e-8,-0.9988117814064026,-9.470514328313584e-8,-0.04873460903763771],5,1.9399800300598145],[[749.9931030273438,233.2389373779297,46.852867126464847,-0.05148458853363991,-7.860339223952906e-8,0.9986737966537476,-1.2539094029762055e-7,1,7.224350184742434e-8,-0.9986737966537476,-1.2150522366027872e-7,-0.05148458853363991],5,1.948909044265747],[[749.8600463867188,233.3297576904297,46.86199951171875,-0.05271153897047043,-8.725072575543891e-8,0.9986097812652588,-1.392967163837966e-7,1,8.0019425752198e-8,-0.9986097812652588,-1.34885112856864e-7,-0.05271153897047043],5,1.9603052139282227],[[749.7269897460938,233.40695190429688,46.871131896972659,-0.053831811994314197,-8.614510704774148e-8,0.9985499978065491,-1.3762425510321919e-7,1,7.885088137982166e-8,-0.9985499978065491,-1.3318002345386049e-7,-0.053831811994314197],5,1.968827724456787],[[749.5939331054688,233.4705352783203,46.88026428222656,-0.05486564710736275,-7.529037304720987e-8,0.9984937310218811,-1.2036613838972699e-7,1,6.87900225671001e-8,-0.9984937310218811,-1.164106322448788e-7,-0.05486564710736275],5,1.9785218238830567],[[749.3943481445313,233.54034423828126,46.89396286010742,-0.05628829076886177,-5.901402033714476e-8,0.9984145760536194,-9.446053184092307e-8,1,5.378226930474739e-8,-0.9984145760536194,-9.128346079023686e-8,-0.05628829076886177],5,2.0002691745758058],[[748.9951782226563,233.58799743652345,46.92136001586914,-0.05880212038755417,-2.64832156204875e-8,0.9982696771621704,-4.260673236444745e-8,1,2.401941046059619e-8,-0.9982696771621704,-4.112061802175049e-8,-0.05880212038755417],5,2.028067111968994],[[748.6625366210938,233.53404235839845,46.944190979003909,-0.06052478775382042,6.022680132389269e-10,0.9981666803359985,6.295321486327055e-10,1,-5.652019408053377e-10,-0.9981666803359985,5.94169324852345e-10,-0.06052478775382042],5,2.034048080444336],[[748.5294799804688,233.48861694335938,46.95332336425781,-0.06111247092485428,1.1430132396128556e-8,0.9981308579444885,1.7925646744743063e-8,1,-1.0354004764678848e-8,-0.9981308579444885,1.7259383255918693e-8,-0.06111247092485428],5,2.0415902137756349],[[748.3964233398438,233.4295654296875,46.96245574951172,-0.061640553176403049,2.2254234011143127e-8,0.9980984330177307,3.522073299677686e-8,1,-2.0121472488199289e-8,-0.9980984330177307,3.3913458707957037e-8,-0.061640553176403049],5,2.049495220184326],[[748.2633666992188,233.3568878173828,46.971588134765628,-0.06212465465