[[[776,222.69961547851563,47,1,1.8893155484533964e-8,2.722218033401804e-14,-1.8893155484533964e-8,1,2.2096990903719417e-9,-2.7180433468179667e-14,-2.2096990903719417e-9,1],8,0.013794898986816407],[[776,222.69961547851563,47,1,-3.09110816942848e-8,2.7346038573763249e-14,3.09110816942848e-8,1,-3.615290955494288e-9,-2.72342861289002e-14,3.615290955494288e-9,1],8,0.03312563896179199],[[776,222.69961547851563,47,1,-6.076808745092421e-8,2.7559365515595139e-14,6.076808745092421e-8,1,-7.10729919362052e-9,-2.7127468497987855e-14,7.10729919362052e-9,1],8,0.03899359703063965],[[776,222.69961547851563,47,1,-8.066212586754773e-8,2.7759370323232614e-14,8.066212586754773e-8,1,-9.434061531976568e-9,-2.6998399311551139e-14,9.434061531976568e-9,1],8,0.0449519157409668],[[776,222.69961547851563,47,1,-1.0054766619305156e-7,2.8005533344297764e-14,1.0054766619305156e-7,1,-1.175982955459176e-8,-2.682310923124865e-14,1.175982955459176e-8,1],8,0.055139780044555667],[[776,222.69961547851563,47,1,-1.0285594242986918e-7,2.8066485835182184e-14,1.0285594242986918e-7,1,-1.202980115522223e-8,-2.6829148576162574e-14,1.202980115522223e-8,1],8,0.06186985969543457],[[776,222.69961547851563,47,1,-8.759822378578974e-8,2.7922353014811497e-14,8.759822378578974e-8,1,-1.0245292614285973e-8,-2.7024884337745887e-14,1.0245292614285973e-8,1],8,0.06925463676452637],[[776,222.69961547851563,47,1,-7.234702792402459e-8,2.780222680223189e-14,7.234702792402459e-8,1,-8.461546130433817e-9,-2.719005745652637e-14,8.461546130433817e-9,1],8,0.0797884464263916],[[776,222.69961547851563,47,1,-5.7102344186432677e-8,2.770821969761382e-14,5.7102344186432677e-8,1,-6.678561703665764e-9,-2.7326858359705623e-14,6.678561703665764e-9,1],8,0.0897221565246582],[[776,222.69961547851563,47,1,-3.424753813874304e-8,2.7617570231598666e-14,3.424753813874304e-8,1,-4.005513254412563e-9,-2.7480391551724937e-14,4.005513254412563e-9,1],8,0.0996999740600586],[[776,222.69961547851563,47,1,-1.9019140040654748e-8,2.759095476233004e-14,1.9019140040654748e-8,1,-2.224432416042532e-9,-2.7548648854746478e-14,2.224432416042532e-9,1],8,0.10911417007446289],[[776,222.69961547851563,47,1,-3.797248293579969e-9,2.7591422324516926e-14,3.797248293579969e-9,1,-4.441126078003066e-10,-2.7589735034885995e-14,4.441126078003066e-10,1],8,0.11624717712402344],[[776,222.69961547851563,47,-0.20191095769405366,3.122999103766233e-8,0.9794038534164429,5.734066554907713e-9,1,-3.070461573884131e-8,-0.9794038534164429,-5.836316985252665e-10,-0.20191095769405366],8,0.13500523567199708],[[776,222.69961547851563,47,-0.15266790986061097,5.3914675390842606e-8,0.9882775545120239,5.882298204085146e-9,1,-5.364549338082725e-8,-0.9882775545120239,-2.37660291446673e-9,-0.15266790986061097],8,0.1539609432220459],[[776,222.69961547851563,47,-0.13043023645877839,7.666721302257429e-8,0.991457462310791,4.7164658845133548e-9,1,-7.670731605458059e-8,-0.991457462310791,-5.32877741932225e-9,-0.13043023645877839],8,0.15949034690856934],[[776,222.69961547851563,47,-0.1260128617286682,9.938295164602096e-8,0.9920285940170288,3.188224573236198e-9,1,-9.97765496890679e-8,-0.9920285940170288,-9.410317858282724e-9,-0.1260128617286682],8,0.16984033584594727],[[776,222.69961547851563,47,-0.1250983625650406,1.145092980436857e-7,0.9921443462371826,2.111539609828128e-9,1,-1.15149724422281e-7,-0.9921443462371826,-1.2310088948197518e-8,-0.1250983625650406],8,0.18070292472839356],[[776,222.69961547851563,47,-0.124993696808815,1.0121175364474766e-7,0.992157518863678,5.502330258089216e-10,1,-1.0194246158334863e-7,-0.992157518863678,-1.2196247567430874e-8,-0.124993696808815],8,0.18996405601501466],[[776,222.69961547851563,47,-0.12493204325437546,8.036633403207816e-8,0.9921653270721436,-4.678279985625977e-10,1,-8.105986637474416e-8,-0.9921653270721436,-1.0591136856419326e-8,-0.12493204325437546],8,0.20261669158935548],[[776,222.69961547851563,47,-0.12492495030164719,4.911370510285451e-8,0.9921662211418152,-1.995136944543674e-9,1,-4.975269973783725e-8,-0.9921662211418152,-8.194860789956238e-9,-0.12492495030164719],8,0.21413040161132813],[[776,222.69961547851563,47,-0.1249207928776741,2.8289710130025015e-8,0.9921666979789734,-3.012904370436331e-9,1,-2.8892406689351448e-8,-0.9921666979789734,-6.598565693849423e-9,-0.1249207928776741],8,0.22273969650268556],[[776,222.69961547851563,47,-0.12492028623819351,-2.9296527426225795e-9,0.9921667575836182,-4.538763143102642e-9,1,2.3813226945890166e-9,-0.9921667575836182,-4.205734427387142e-9,-0.12492028623819351],8,0.23791813850402833],[[776,222.69961547851563,47,-0.12665289640426637,-3.413634885873762e-8,0.9919471144676209,-6.118230810869818e-9,1,3.363229694741676e-8,-0.9919471144676209,-1.8093340159452965e-9,-0.12665289640426637],8,0.255840539932251],[[776,222.69961547851563,47,-0.13011763989925385,-7.571049565058274e-8,0.991498589515686,-8.36806268722512e-9,1,7.526149659042858e-8,-0.991498589515686,1.495926049699392e-9,-0.13011763989925385],8,0.2626912593841553],[[776,222.69961547851563,47,-0.13011763989925385,-9.648119458915971e-8,0.991498589515686,-9.49225587021374e-9,1,9.606275597207059e-8,-0.991498589515686,3.0879006018835754e-9,-0.13011763989925385],8,0.2743523120880127],[[776,222.69961547851563,47,-0.13531146943569184,-1.0903202962708747e-7,0.9908031225204468,-9.780888987620529e-9,1,1.0870834188381196e-7,-0.9908031225204468,5.018550019997292e-9,-0.13531146943569184],8,0.29424571990966799],[[776,222.69961547851563,47,-0.14568716287612916,-6.803226426654874e-8,0.9893307089805603,-4.6377963691668359e-9,1,6.808298991245465e-8,-0.9893307089805603,5.3305035940809379e-9,-0.14568716287612916],8,0.3100728988647461],[[776,222.69961547851563,47,-0.15432241559028626,-4.343939252748896e-8,0.9880205392837524,-1.3419846345286147e-9,1,4.3756475776035589e-8,-0.9880205392837524,5.42669642555893e-9,-0.15432241559028626],8,0.3168177604675293],[[776,222.69961547851563,47,-0.15777328610420228,-1.889218559369965e-8,0.9874753355979919,2.03662886555378e-9,1,1.9457205624462405e-8,-0.9874753355979919,5.080948106694905e-9,-0.15777328610420228],8,0.3284468650817871],[[776,222.69961547851563,47,-0.168113574385643,-2.4946384957758029e-9,0.985767662525177,4.457395341717074e-9,1,3.2908233915662778e-9,-0.985767662525177,4.947187992598856e-9,-0.168113574385643],8,0.3397982120513916],[[776,222.69961547851563,47,-0.17327673733234406,2.203312376991562e-8,0.9848731756210327,8.213558722047765e-9,1,-2.0926457011682943e-8,-0.9848731756210327,4.463245328878429e-9,-0.17327673733234406],8,0.34966278076171877],[[776,222.69961547851563,47,-0.17843562364578248,3.8382026446015519e-8,0.9839515686035156,1.0800857985771018e-8,1,-3.7049350254392269e-8,-0.9839515686035156,4.01659772109042e-9,-0.17843562364578248],8,0.3599400520324707],[[776,222.69961547851563,47,-0.183588907122612,5.47213794277468e-8,0.9830031394958496,1.3471461279834785e-8,1,-5.3151580914345689e-8,-0.9830031394958496,3.4844478413731396e-9,-0.183588907122612],8,0.3692803382873535],[[776,222.69961547851563,47,-0.18702182173728944,7.919839362102721e-8,0.9823557734489441,1.7559534271072154e-8,1,-7.72778889768233e-8,-0.9823557734489441,2.797058140657782e-9,-0.18702182173728944],8,0.3806018829345703],[[776,222.69961547851563,47,-0.18702182173728944,9.549980006795522e-8,0.9823557734489441,2.0283460244741037e-8,1,-9.335350625860883e-8,-0.9823557734489441,2.466431947567571e-9,-0.18702182173728944],8,0.38981056213378909],[[776.0189208984375,222.69961547851563,47.0992431640625,-0.18702206015586854,1.19938860621005e-7,0.9823557138442993,2.4367173168116098e-8,1,-1.1745405004148779e-7,-0.9823557138442993,1.970733798373203e-9,-0.18702206015586854],8,0.4022092819213867],[[776.0422973632813,222.69961547851563,47.222042083740237,-0.18702252209186555,1.0028770702774637e-7,0.9823556542396545,2.003225141322673e-8,1,-9.827522973182568e-8,-0.9823556542396545,1.2991149267449487e-9,-0.18702252209186555],8,0.42220330238342287],[[776.1043701171875,222.69961547851563,47.54816818237305,-0.18702206015586854,5.119655455132488e-8,0.9823557138442993,9.203072970365156e-9,1,-5.036401162783477e-8,-0.9823557138442993,-3.7849023915015325e-10,-0.18702206015586854],8,0.42880725860595705],[[776.0487060546875,222.69961547851563,47.72531509399414,-0.18358926475048066,2.176803981512876e-8,0.9830030202865601,2.8114930383793536e-9,1,-2.1619342760459405e-8,-0.9830030202865601,-1.2053732456607236e-9,-0.18358926475048066],8,0.4413900375366211],[[775.9767456054688,222.69961547851563,47.83605194091797,-0.17499718070030213,2.1685351292433099e-9,0.9845689535140991,-1.2798500037547456e-9,1,-2.4300028655943608e-9,-0.9845689535140991,-1.6853441975328565e-9,-0.17499718070030213],8,0.45708584785461428],[[775.863037109375,222.69961547851563,48.000343322753909,-0.16983520984649659,-2.7220758980206484e-8,0.9854725003242493,-7.262742851565918e-9,1,2.6370384986762475e-8,-0.9854725003242493,-2.6786131090972278e-9,-0.16983520984649659],8,0.46379780769348147],[[775.7478637695313,222.69961547851563,48.163856506347659,-0.16294540464878083,-5.658063528812818e-8,0.9866350889205933,-1.3040552637733072e-8,1,5.519339296711223e-8,-0.9866350889205933,-3.872756337841565e-9,-0.16294540464878083],8,0.4744291305541992],[[775.67041015625,222.69961547851563,48.27238464355469,-0.1594972163438797,-7.61424701067881e-8,0.9871983528137207,-1.6823245019281786e-8,1,7.441180116529722e-8,-0.9871983528137207,-4.73940442446974e-9,-0.1594972163438797],8,0.48502421379089358],[[775.553466796875,222.69961547851563,48.434654235839847,-0.1594972163438797,-1.0549035067697332e-7,0.9871983528137207,-2.249425179456921e-8,1,1.0322401777784762e-7,-0.9871983528137207,-5.742345265957738e-9,-0.1594972163438797],8,0.4962122440338135],[[775.3974609375,222.69961547851563,48.650882720947269,-0.1594972163438797,-9.035504433541064e-8,0.9871983528137207,-1.8800513146288723e-8,1,8.848922306015084e-8,-0.9871983528137207,-4.446051971029874e-9,-0.1594972163438797],8,0.5115275382995606],[[775.3194580078125,222.69961547851563,48.75899124145508,-0.1594972163438797,-7.37547551921125e-8,0.9871983528137207,-1.5080324544669567e-8,1,7.227471598980628e-8,-0.9871983528137207,-3.3596561088700129e-9,-0.1594972163438797],8,0.5204432010650635],[[775.241455078125,222.69961547851563,48.86709976196289,-0.1594972163438797,-5.7161553712603566e-8,0.9871983528137207,-1.1361725782421673e-8,1,5.606714026384907e-8,-0.9871983528137207,-2.2737243199344449e-9,-0.1594972163438797],8,0.5276122093200684],[[775.1634521484375,222.69961547851563,48.9752082824707,-0.15777233242988587,-4.0571386250576327e-8,0.9874755144119263,-7.673024882137725e-9,1,3.986002283795642e-8,-0.9874755144119263,-1.2881155031507774e-9,-0.15777233242988587],8,0.5400340557098389],[[775.0852661132813,222.69961547851563,49.08321762084961,-0.1577722132205963,-2.3992367204073163e-8,0.9874755144119263,-3.985902274905584e-9,1,2.3659829651023757e-8,-0.9874755144119263,-2.0311705095643618e-10,-0.1577722132205963],8,0.5474801063537598],[[774.9678955078125,222.69961547851563,49.24518585205078,-0.15777233242988587,8.628825987067046e-10,0.9874755144119263,1.5418306631431733e-9,1,-6.27483287551911e-10,-0.9874755144119263,1.4235205236801108e-9,-0.15777233242988587],8,0.5597410202026367],[[774.8896484375,222.69961547851563,49.35316467285156,-0.15949665009975434,1.7426680543053409e-8,0.9871984720230103,5.253273371863543e-9,1,-1.680391648051227e-8,-0.9871984720230103,2.5058553010381958e-9,-0.15949665009975434],8,0.5671381950378418],[[774.6580200195313,222.69961547851563,49.44696807861328,-0.16639012098312379,5.054515028746209e-8,0.9860600233078003,1.289711804020044e-8,1,-4.9083421771456418e-8,-0.9860600233078003,4.550335663822125e-9,-0.16639012098312379],8,0.5835645198822022],[[774.395751953125,222.69961547851563,49.49228286743164,-0.17155520617961884,8.364141024230776e-8,0.9851745367050171,2.0703341263583753e-8,1,-8.129487838459682e-8,-0.9851745367050171,6.449843770184316e-9,-0.17155520617961884],8,0.6113238334655762],[[774.133056640625,222.69961547851563,49.53784942626953,-0.18873585760593415,1.1678616118615537e-7,0.9820278882980347,2.906382334799673e-8,1,-1.1333769833754559e-7,-0.9820278882980347,7.150597891580901e-9,-0.18873585760593415],8,0.6177468299865723],[[773.9365234375,222.69961547851563,49.5749397277832,-0.18873655796051026,8.866108203164913e-8,0.9820277690887451,2.2124329035477787e-8,1,-8.603159074027644e-8,-0.9820277690887451,5.4893991574545e-9,-0.18873655796051026],8,0.6296401023864746],[[773.8055419921875,222.69961547851563,49.60007095336914,-0.1887366771697998,6.992103607217359e-8,0.9820277094841003,1.7500470406162095e-8,1,-6.783724870729202e-8,-0.9820277094841003,4.382569418481808e-9,-0.1887366771697998],8,0.6405649185180664],[[773.6090698242188,222.69961547851563,49.637813568115237,-0.18873737752437592,4.1825988006394257e-8,0.9820275902748108,1.0568363961738214e-8,1,-4.0560308889325827e-8,-0.9820275902748108,2.723178349484101e-9,-0.18873737752437592],8,0.6495020389556885],[[773.4780883789063,222.69961547851563,49.6629753112793,-0.18873749673366548,2.31059544830714e-8,0.9820275902748108,5.949425396778452e-9,1,-2.2385394871093923e-8,-0.9820275902748108,1.6175364381254554e-9,-0.18873749673366548],8,0.6597397327423096],[[773.2161254882813,222.69961547851563,49.71329879760742,-0.1904524713754654,-1.430733131968509e-8,0.9816964268684387,-3.3459670589763847e-9,1,1.392495985186315e-8,-0.9816964268684387,-6.326808521528449e-10,-0.1904524713754654],8,0.6730952262878418],[[773.0852661132813,222.69961547851563,49.73863220214844,-0.19387996196746827,-3.3005502331207029e-8,0.9810252785682678,-8.054024114301228e-9,1,3.205217069535138e-8,-0.9810252785682678,-1.686927375565972e-9,-0.19387996196746827],8,0.6840119361877441],[[772.8889770507813,222.69961547851563,49.77726745605469,-0.1938796043395996,-6.103459782025311e-8,0.9810253381729126,-1.51123273894882e-8,1,5.9228465687510837e-8,-0.9810253381729126,-3.342384591320524e-9,-0.1938796043395996],8,0.6962535381317139],[[772.6926879882813,222.69961547851563,49.816036224365237,-0.2007288783788681,-8.90675977416322e-8,0.9796468615531921,-2.2355683526598115e-8,1,8.633740122832023e-8,-0.9796468615531921,-4.570265499381776e-9,-0.2007288783788681],8,0.7087488174438477],[[772.56201171875,222.69961547851563,49.84256362915039,-0.2007288783788681,-1.0773172220979177e-7,0.9796468615531921,-2.7182011308468647e-8,1,1.0440038522574469e-7,-0.9796468615531921,-5.672600611461576e-9,-0.2007288783788681],8,0.7156271934509277],[[772.431396484375,222.69961547851563,49.86929702758789,-0.20415055751800538,-1.0829145224988679e-7,0.9789395332336426,-2.7450658635075343e-8,1,1.0489655721812596e-7,-0.9789395332336426,-5.457843510470184e-9,-0.20415055751800538],8,0.725395917892456],[[772.235595703125,222.69961547851563,49.90999221801758,-0.20415030419826508,-8.193720901772395e-8,0.9789395332336426,-2.0927625854483268e-8,1,7.933567047757606e-8,-0.9789395332336426,-4.29047952721362e-9,-0.20415030419826508],8,0.7386612892150879],[[772.1051025390625,222.69961547851563,49.93720626831055,-0.20415030419826508,-6.437709032525163e-8,0.9789395332336426,-1.6581262585191326e-8,1,6.230417426422719e-8,-0.9789395332336426,-3.5126361819237674e-9,-0.20415030419826508],8,0.7485411167144775],[[771.9093627929688,222.69961547851563,49.9780387878418,-0.2041510045528412,-3.8050984585424888e-8,0.978939414024353,-1.0065177136198145e-8,1,3.677057591744415e-8,-0.978939414024353,-2.346448813028701e-9,-0.2041510045528412],8,0.7603964805603027],[[771.6483764648438,223.56251525878907,50.0324821472168,-0.2041512429714203,-2.9757589725676327e-9,0.9789393544197083,-1.3835554923957716e-9,1,2.751247452081884e-9,-0.9789393544197083,-7.927463685497571e-10,-0.2041512429714203],3,0.7777218818664551],[[771.45263671875,224.17391967773438,50.07331466674805,-0.2041512429714203,2.3310979813118139e-8,0.9789393544197083,5.122789747957768e-9,1,-2.2744162109233913e-8,-0.9789393544197083,3.716514596074916e-10,-0.2041512429714203],5,0.7979257106781006],[[771.1264038085938,225.1248016357422,50.1413688659668,-0.20415152609348298,6.708476263384e-8,0.9789392948150635,1.5957443366687586e-8,1,-6.520019013578349e-8,-0.9789392948150635,2.310649227510453e-9,-0.20415152609348298],5,0.806818962097168],[[770.9959106445313,225.4813232421875,50.1685905456543,-0.20415183901786805,8.458118117005142e-8,0.9789392352104187,2.02880663380256e-8,1,-8.216989755283066e-8,-0.9789392352104187,3.0856488475450307e-9,-0.20415183901786805],5,0.8170416355133057],[[770.8001708984375,225.99053955078126,50.20942306518555,-0.1993405967950821,1.1079404771408008e-7,0.9799302816390991,2.66798174664018e-8,1,-1.0763589841644716e-7,-0.9799302816390991,4.688156085563833e-9,-0.1993405967950821],5,0.8384673595428467],[[770.5389404296875,226.62181091308595,50.262699127197269,-0.19141140580177308,1.456925531329034e-7,0.9815099239349365,3.4974593887682207e-8,1,-1.416165247292156e-7,-0.9815099239349365,7.220893660786487e-9,-0.19141140580177308],5,0.8442835807800293],[[770.4080810546875,226.91700744628907,50.28839111328125,-0.18573878705501557,1.6310551131937246e-7,0.982599139213562,3.9021877284994846e-8,1,-1.5861772340031167e-7,-0.982599139213562,8.881402280280782e-9,-0.18573878705501557],5,0.8536243438720703],[[770.277099609375,227.19857788085938,50.313316345214847,-0.1788717359304428,1.4491331512545003e-7,0.9838724136352539,3.456118946587594e-8,1,-1.4100537271133363e-7,-0.9838724136352539,8.781925409095948e-9,-0.1788717359304428],5,0.8627362251281738],[[770.080322265625,227.5953826904297,50.34929656982422,-0.172235906124115,1.1767818364205596e-7,0.9850557446479797,2.8054538248056816e-8,1,-1.1455817627847864e-7,-0.9850557446479797,7.904253251922455e-9,-0.172235906124115],5,0.8747186660766602],[[769.948974609375,227.8428955078125,50.37242126464844,-0.16014257073402406,9.946715096020853e-8,0.9870938658714294,2.3953912631213826e-8,1,-9.688147173392281e-8,-0.9870938658714294,8.129912743015666e-9,-0.16014257073402406],5,0.8869071006774902],[[769.7516479492188,228.18861389160157,50.40481948852539,-0.156650111079216,7.230039500427665e-8,0.9876541495323181,1.785987358005059e-8,1,-7.03714349015172e-8,-0.9876541495323181,6.615684888799933e-9,-0.156650111079216],5,0.8962135314941406],[[769.5540771484375,228.50367736816407,50.43618392944336,-0.1513749361038208,4.5147057647909608e-8,0.9884763956069946,1.1898379170816043e-8,1,-4.385126572969966e-8,-0.9884763956069946,5.123284463337541e-9,-0.1513749361038208],5,0.9094343185424805],[[769.4223022460938,228.69668579101563,50.456485748291019,-0.15102802217006684,2.707901636256338e-8,0.9885295033454895,7.919874533968141e-9,1,-2.6183228030163265e-8,-0.9885295033454895,3.874628173861083e-9,-0.15102802217006684],5,0.9297752380371094],[[769.0927124023438,229.11959838867188,50.50680923461914,-0.14943206310272218,-1.8057415118732935e-8,0.9887719750404358,-1.9505954629295276e-9,1,1.7967673571206434e-8,-0.9887719750404358,7.562524495519085e-10,-0.14943206310272218],5,0.937993049621582],[[768.8949584960938,229.3324737548828,50.536705017089847,-0.14596930146217347,-4.511380780058971e-8,0.9892891049385071,-7.779413557784665e-9,1,4.445439572009491e-8,-0.9892891049385071,-1.207111965939589e-9,-0.14596930146217347],5,0.9484953880310059],[[768.7630615234375,229.45736694335938,50.556251525878909,-0.1441182941198349,-6.313709377536725e-8,0.9895604848861694,-1.1630914897864386e-8,1,6.210925818095348e-8,-0.9895604848861694,-2.5584137031131606e-9,-0.1441182941198349],5,0.958134651184082],[[768.631103515625,229.56861877441407,50.57551956176758,-0.1423618048429489,-8.115004135333948e-8,0.9898146986961365,-1.5448661017103406e-8,1,7.976315430369141e-8,-0.9898146986961365,-3.9360852355230239e-9,-0.1423618048429489],5,0.9680793285369873],[[768.4331665039063,229.7099609375,50.60404586791992,-0.14230269193649293,-1.0816177820061057e-7,0.9898231625556946,-2.116204989022208e-8,1,1.0623146096122582e-7,-0.9898231625556946,-5.829664750933716e-9,-0.14230269193649293],5,0.9780669212341309],[[768.3012084960938,229.7871551513672,50.62301254272461,-0.1422436684370041,-1.261598754354054e-7,0.9898316860198975,-2.4964901257362727e-8,1,1.238683040583055e-7,-0.9898316860198975,-7.091569109718421e-9,-0.1422436684370041],5,0.9885501861572266],[[768.1692504882813,229.85073852539063,50.6419792175293,-0.14223602414131165,-1.441505901311757e-7,0.9898327589035034,-2.876515381444733e-8,1,1.4149779303807009e-7,-0.9898327589035034,-8.346608737497263e-9,-0.14223602414131165],5,0.9949407577514648],[[768.0372924804688,229.9006805419922,50.660945892333987,-0.1422334760427475,-1.6213367359796394e-7,0.9898331165313721,-3.256340619373077e-8,1,1.5911982131910919e-7,-0.9898331165313721,-9.600173100920984e-9,-0.1422334760427475],5,1.0064804553985596],[[767.8828125,229.9520721435547,50.711204528808597,-0.06450028717517853,-0.000010038845175586176,0.9979177117347717,-0.0016774123068898917,0.9999985694885254,-0.00009835956007009372,-0.9979162812232971,-0.0016802636673673988,-0.06450021266937256],5,1.020789623260498],[[767.8851318359375,229.95350646972657,50.76323318481445,-0.11587504297494888,-0.00011069285392295569,0.9932637810707092,-0.0018001147545874119,0.9999983906745911,-0.000098559663456399,-0.9932621717453003,-0.0017994093941524625,-0.11587505787611008],5,1.0313568115234376],[[767.925048828125,229.93011474609376,50.88285827636719,-0.13135607540607453,-0.00008396059274673462,0.9913352727890015,-0.001096670632250607,0.9999994039535523,-0.000060619051510002467,-0.9913346171379089,-0.001095130923204124,-0.13135609030723573],5,1.041957139968872],[[767.947021484375,229.89749145507813,50.9616813659668,-0.14045806229114533,-0.00005398741996032186,0.9900866150856018,-0.0006287347641773522,0.9999998211860657,-0.000034667122235987338,-0.9900864362716675,-0.0006273711333051324,-0.14045806229114533],5,1.0502080917358399],[[767.959716796875,229.8512420654297,51.03687286376953,-0.14162898063659669,-0.00002618711005197838,0.9899197816848755,-0.0003015567490365356,0.9999999403953552,-0.000016690306438249537,-0.9899197816848755,-0.00030088084167800844,-0.14162898063659669],5,1.057629108428955],[[767.9632568359375,229.79136657714845,51.108436584472659,-0.13869155943393708,-0.000008677183359395713,0.9903356432914734,-0.0001096729829441756,1,-0.000006597291303478414,-0.9903356432914734,-0.00010952804586850107,-0.13869155943393708],5,1.0685997009277344],[[767.951171875,229.67601013183595,51.208961486816409,-0.12578943371772767,0.000002175368535972666,0.9920569658279419,0.000008254221029346809,1,-0.0000011461789881650475,-0.9920569658279419,0.00000804448063718155,-0.12578943371772767],5,1.0804171562194825],[[767.9315795898438,229.58206176757813,51.2713508605957,-0.09345962852239609,0.000002956099933726364,0.9956230521202087,0.00002683635648281779,1,-4.499533190482907e-7,-0.9956230521202087,0.000026676843845052646,-0.09345962852239609],5,1.0909035205841065],[[767.8850708007813,229.41561889648438,51.35749053955078,0.06575898081064224,-8.085200988716679e-7,0.9978355169296265,0.000022631784304394388,1,-6.811976049903024e-7,-0.9978355169296265,0.000022627593352808618,0.06575898081064224],5,1.101363182067871],[[767.9623413085938,229.2915802001953,51.380332946777347,0.20050424337387086,0.0012518793810158969,0.9796920418739319,-0.00122971145901829,0.9999986886978149,-0.0010261547286063433,-0.9796920418739319,-0.0009989901445806027,0.20050552487373353],5,1.1113989353179932],[[767.9994506835938,229.15390014648438,51.36043167114258,0.21554303169250489,0.0013437105808407069,0.9764934182167053,-0.0013193268096074463,0.9999985694885254,-0.00108483771327883,-0.9764934778213501,-0.0010544847464188934,0.21554449200630189],5,1.119816780090332],[[768.391845703125,229.44659423828126,51.30609130859375,0.7402538061141968,-0.03531438857316971,0.6713994145393372,0.04361453652381897,0.9990384578704834,0.00446024676784873,-0.6709113717079163,0.025981061160564424,0.7410822510719299],7,1.133875846862793],[[768.4483032226563,229.74008178710938,51.27432632446289,0.8684309124946594,-0.03128676116466522,0.49482205510139468,0.0359848216176033,0.9993523359298706,0.0000326753179251682,-0.49450260400772097,0.017777709290385248,0.8689942955970764],7,1.1518893241882325],[[768.4692993164063,230.28604125976563,51.20816421508789,0.9598221778869629,0.003934085369110107,0.28058141469955447,-0.004087232053279877,0.9999916553497315,-0.00003933469270123169,-0.28057920932769778,-0.001109046977944672,0.9598302245140076],7,1.1594364643096924],[[768.4672241210938,230.65960693359376,51.175716400146487,0.9564738273620606,0.00982988066971302,0.29165247082710268,-0.010335561819374562,0.9999465942382813,0.00019317364785820246,-0.2916349768638611,-0.0031991577707231046,0.9565243124961853],8,1.1709010601043702],[[768.46484375,231.1012725830078,51.159454345703128,0.9415274262428284,0.009102387353777886,0.336813360452652,-0.00976757425814867,0.9999522566795349,0.00028052949346601963,-0.33679473400115969,-0.0035539756063371898,0.9415714144706726],3,1.179128646850586],[[768.4593505859375,231.53271484375,51.13657760620117,0.8447607159614563,0.006066151894629002,0.53510981798172,-0.007415523286908865,0.9999724626541138,0.0003706866118591279,-0.535092830657959,-0.004281261004507542,0.8447824120521545],5,1.1893365383148194],[[768.4483032226563,231.95054626464845,51.10563278198242,0.7555880546569824,0.0031788700725883247,0.655039370059967,-0.004647406283766031,0.9999890923500061,0.0005078919348306954,-0.6550306081771851,-0.003427991410717368,0.7555945515632629],5,1.196828842163086],[[768.4302978515625,232.354736328125,51.06780242919922,0.6436001062393189,0.0011236348655074835,0.7653611302375794,-0.0024786069989204408,0.9999967217445374,0.000616180244833231,-0.7653579115867615,-0.002293603029102087,0.6436008214950562],5,1.2065138816833497],[[768.3877563476563,232.93548583984376,51.001338958740237,0.5328490138053894,-0.00011640336742857471,0.8462103009223938,-0.0006355985533446074,0.9999996423721314,0.0005377875058911741,-0.8462101221084595,-0.0008244096534326673,0.5328487753868103],5,1.2156565189361573],[[768.3480224609375,233.3056182861328,50.95255661010742,0.42337319254875185,-0.00032381308847106993,0.9059553146362305,-0.00009908716310746968,0.9999999403953552,0.0004037328180857003,-0.9059553742408752,-0.0002606982016004622,0.42337313294410708],5,1.2262632846832276],[[768.2476196289063,234.0050048828125,50.87227249145508,0.22003966569900514,-0.00019889390387106687,0.975490927696228,0.00014808066771365702,1,0.00017048879817593843,-0.975490927696228,0.00010693704098230228,0.22003968060016633],5,1.2425220012664796],[[768.1886596679688,234.3342742919922,50.84407424926758,0.16508640348911286,-0.00010962878150166944,0.9862791299819946,0.00011955360241699964,1,0.00009114266140386462,-0.9862791299819946,0.00010286680480930954,0.16508641839027406],5,1.259737491607666],[[768.0567016601563,234.95191955566407,50.81391525268555,0.07551715523004532,-0.000017082671547541396,0.9971445202827454,0.0000420430296799168,1,0.000013947527804702986,-0.9971445202827454,0.00004086969784111716,0.07551715523004532],5,1.265695333480835],[[767.984130859375,235.24029541015626,50.812198638916019,0.10544874519109726,-0.00000364081415682449,0.9944247603416443,0.00001834557406255044,1,0.0000017158628224933637,-0.9944247603416443,0.00001806235741241835,0.10544874519109726],5,1.2749156951904297],[[767.907470703125,235.5150604248047,50.81956100463867,0.09252526611089707,0.0000024240762286353858,0.9957103133201599,0.000005450966909847921,1,-0.00000294104438580689,-0.9957103133201599,0.00000569970507058315,0.09252526611089707],5,1.2860665321350098],[[767.83544921875,235.89842224121095,50.826255798339847,0.04815469682216644,0.007787499576807022,0.9988095164299011,0.0002929262991528958,0.999969482421875,-0.007810665760189295,-0.9988398551940918,0.0006686978158541024,0.04815094545483589],5,1.2964942455291749],[[767.8447875976563,236.25106811523438,50.80626678466797,0.03936642408370972,0.004627970978617668,0.9992141127586365,0.0006152918213047087,0.9999889731407166,-0.004655800294131041,-0.9992246627807617,0.0007980904774740338,0.03936314210295677],5,1.3093664646148682],[[767.9198608398438,236.18841552734376,50.71532440185547,0.02806389331817627,-0.02730909176170826,0.9992330074310303,0.05381472408771515,0.9982183575630188,0.025769950821995736,-0.9981564879417419,0.053050242364406589,0.029483525082468988],5,1.3279871940612794],[[767.98193359375,236.0981903076172,50.60013198852539,0.03578953444957733,-0.023614095523953439,0.9990803003311157,0.038020409643650058,0.9990292191505432,0.02225090190768242,-0.9986358284950256,0.037189096212387088,0.03665260598063469],5,1.3349006175994874],[[768.0145263671875,236.0210418701172,50.53226852416992,0.06103426218032837,-0.01713668182492256,0.9979885816574097,0.022574326023459436,0.9996205568313599,0.015784122049808503,-0.9978803396224976,0.021565547212958337,0.06139795109629631],5,1.3435707092285157],[[768.050048828125,235.8795928955078,50.44599151611328,0.03217334300279617,-0.007237046491354704,0.9994561076164246,0.006873220670968294,0.9999517202377319,0.007019380573183298,-0.9994586706161499,0.006643645465373993,0.03222152963280678],5,1.3555614948272706],[[768.0645751953125,235.76820373535157,50.39896011352539,0.043150950223207477,-0.0033652163110673429,0.9990628957748413,0.0017057318473234773,0.9999931454658508,0.003294676775112748,-0.9990671277046204,0.0015619649784639478,0.04315639287233353],5,1.3644280433654786],[[768.0729370117188,235.57557678222657,50.34355163574219,0.006954028271138668,-0.0004078454221598804,0.9999757409095764,-0.0010000623296946288,0.9999994039535523,0.00041480970685370266,-0.999975323677063,-0.0010029226541519166,0.006953616626560688],5,1.376089096069336],[[768.0610961914063,235.352294921875,50.29673385620117,0.0439373180270195,0.00042061562999151647,0.9990342259407044,-0.001079870737157762,0.9999993443489075,-0.00037352947401814163,-0.9990336894989014,-0.0010624158894643188,0.043937742710113528],5,1.3888869285583497],[[768.0408325195313,235.18641662597657,50.26767349243164,0.044112637639045718,0.0004292911908123642,0.9990264773368836,-0.0007557666394859552,0.9999996423721314,-0.000396338029531762,-0.9990262985229492,-0.0007375473505817354,0.04411294311285019],5,1.4053623676300049],[[767.970947265625,234.8137664794922,50.21529769897461,0.028872761875391008,0.00018737280333880335,0.9995830655097961,-0.00021961459424346685,0.9999999403953552,-0.0001811074180295691,-0.9995830655097961,-0.00021429396292660385,0.02887280099093914],5,1.411576509475708],[[767.92138671875,234.60699462890626,50.19222640991211,0.02212618663907051,0.0000953298294916749,0.9997552037239075,-0.00008495151269016787,1,-0.0000934730633161962,-0.9997552037239075,-0.00008286251249955967,0.022126194089651109],5,1.422523021697998],[[767.8290405273438,234.2713165283203,50.161922454833987,0.015261167660355568,0.000021184372599236668,0.9998835325241089,8.084018645604374e-7,1,-0.00002119917917298153,-0.9998835325241089,0.000001131831936618255,0.015261167660355568],5,1.432729721069336],[[767.7554321289063,234.03048706054688,50.14472198486328,0.009659944102168084,0.0000014118072613200639,0.9999533295631409,0.000015837198588997127,1,-0.0000015648666931156186,-0.9999533295631409,0.000015851575881242753,0.009659944102168084],5,1.4417977333068848],[[767.813232421875,233.8058624267578,50.143802642822269,0.007794748060405254,-0.00014129308692645282,0.9999696016311646,-0.00002137048250006046,1,0.0001414639555150643,-0.9999696016311646,-0.000022472509954241106,0.007794744800776243],5,1.4521512985229493],[[767.8388671875,233.56761169433595,50.142852783203128,0.009190525859594345,-0.00009579830657457933,0.9999577403068543,-0.00002864425550797023,1,0.00009606561798136681,-0.9999577403068543,-0.000029525939680752346,0.009190523065626622],5,1.4615843296051026],[[767.858642578125,233.1846923828125,50.14140319824219,0.012496715411543846,-0.00003872979141306132,0.9999219179153442,-0.00001954204708454199,1,0.00003897704664268531,-0.9999219179153442,-0.00002002760629693512,0.012496714480221272],5,1.4721245765686036],[[767.8594360351563,232.91236877441407,50.140384674072269,0.012647746130824089,-0.00001644314397708513,0.9999200105667114,-0.000011820566214737483,1,0.00001659397457842715,-0.9999200105667114,-0.000012029497156618163,0.012647746130824089],5,1.4795145988464356],[[767.87158203125,232.62643432617188,50.121253967285159,0.08155632764101029,-0.0000020593934095813894,0.9966687560081482,-0.000006761321856174618,1,0.0000026195484679192306,-0.9966687560081482,-0.000006952438980079023,0.08155632764101029],5,1.4907419681549073],[[768.011962890625,232.8301544189453,50.10329818725586,0.2640322744846344,0.004434919450432062,0.9645036458969116,0.002329609589651227,0.9999836087226868,-0.005235790275037289,-0.9645110368728638,0.0036293345037847759,0.26401761174201968],7,1.5019454956054688],[[768.1586303710938,233.0505828857422,50.09252166748047,0.44022783637046816,0.0073118144646286968,0.8978563547134399,0.0036464829463511707,0.9999440312385559,-0.009931085631251336,-0.8978787064552307,0.007645956240594387,0.4401765465736389],7,1.510575532913208],[[768.3829345703125,233.9990234375,50.00322723388672,0.924106240272522,-0.0027556491550058128,0.3821256458759308,0.0022576716728508474,0.9999959468841553,0.0017515427898615599,-0.38212892413139346,-0.0007558974321000278,0.9241087436676025],7,1.530494213104248],[[768.3826293945313,234.47430419921876,49.950653076171878,0.9699258208274841,-0.0017690241802483798,0.24339428544044496,0.000870060408487916,0.9999923706054688,0.003800897393375635,-0.24339915812015534,-0.003474820638075471,0.9699199795722961],8,1.5504255294799805],[[768.3954467773438,235.357666015625,49.8916130065918,0.9940358400344849,0.0025953766889870168,0.10902274399995804,-0.0029997460078448059,0.9999892115592957,0.0035451899748295547,-0.10901236534118653,-0.0038510863669216635,0.9940329194068909],3,1.557030200958252],[[768.39794921875,235.57508850097657,49.874534606933597,0.9885980486869812,0.002783792791888118,0.15055276453495027,-0.0033009126782417299,0.9999895095825195,0.00318501191213727,-0.15054230391979218,-0.003645658027380705,0.9885968565940857],5,1.5651447772979737],[[768.4013061523438,236.20693969726563,49.80908203125,0.9715184569358826,0.0018934805411845446,0.23695628345012666,-0.0023578335531055929,0.9999958276748657,0.0016762849409133196,-0.23695212602615357,-0.0021872452925890686,0.971518874168396],5,1.5765461921691895],[[768.3936157226563,237.001708984375,49.689205169677737,0.848164975643158,0.00020703572954516858,0.5297321677207947,-0.000600831292103976,0.9999996423721314,0.0005711724516004324,-0.5297318696975708,-0.0008027281146496534,0.8481647968292236],5,1.590634822845459],[[768.3881225585938,237.19187927246095,49.65441131591797,0.8322064876556397,0.00008352810255018994,0.5544657707214356,-0.00036265639937482774,0.9999998807907105,0.000393670576158911,-0.5544657111167908,-0.000528695818502456,0.8322064280509949],5,1.5989265441894532],[[768.3455810546875,237.9185333251953,49.50170135498047,0.5704701542854309,-0.0001611119951121509,0.8213183283805847,0.00009594883886165917,1,0.00012951865210197866,-0.8213183283805847,0.00000491801574753481,0.5704701542854309],5,1.6132607460021973],[[768.3107299804688,238.26141357421876,49.42210006713867,0.26677075028419497,-0.0000985935766948387,0.9637600183486939,0.00012731853348668665,1,0.00006705892883474007,-0.9637600183486939,0.00010481516073923558,0.26677075028419497],5,1.6224327087402344],[[768.2413330078125,238.7501983642578,49.309837341308597,0.16701020300388337,-0.00003020666008524131,0.9859551787376404,0.00008909281314117834,1,0.00001554558730276767,-0.9859551787376404,0.00008524525037501007,0.16701020300388337],5,1.6330506801605225],[[768.1844482421875,239.05902099609376,49.24130630493164,0.08935101330280304,-0.000005165362381376326,0.9960001707077026,0.00005531287388294004,1,2.2399713373033593e-7,-0.9960001707077026,0.00005507162131834775,0.08935101330280304],5,1.6440377235412598],[[768.0840454101563,239.4967041015625,49.149559020996097,0.01895911805331707,0.000006424033472285373,0.9998202323913574,0.000020001945813419299,1,-0.00000680447556078434,-0.9998202323913574,0.000020127356037846768,0.01895911805331707],5,1.654660701751709],[[768.0076293945313,239.77146911621095,49.09640884399414,-0.001832079142332077,0.000006099274287407752,0.9999983310699463,0.000007439492947014514,1,-0.0000060856546042487029,-0.9999983310699463,0.000007428331173287006,-0.0018320792587473989],5,1.6629753112792969],[[767.8795166015625,240.15806579589845,49.029422760009769,-0.011565755121409893,0.000003314931063869153,0.999933123588562,-3.9312777744271445e-7,1,-0.000003319699771964224,-0.999933123588562,-4.314963177876052e-7,-0.011565755121409893],5,1.6736853122711182],[[767.7850952148438,240.39877319335938,48.993370056152347,-0.016396308317780496,0.0000017653516124482849,0.9998655915260315,-0.0000016779982843218023,1,-0.0000017931056390807499,-0.9998655915260315,-0.0000017071730553652743,-0.016396308317780496],5,1.6842880249023438],[[767.8111572265625,240.60076904296876,48.97180938720703,0.01192010659724474,0.0011122877476736904,0.99992835521698,-0.003065441967919469,0.999994695186615,-0.0010758183198049665,-0.9999242424964905,-0.003052398329600692,0.011923452839255333],5,1.693634033203125],[[767.8474731445313,240.8683319091797,48.937255859375,-0.023912440985441209,-0.00007561327947769314,0.9997140765190125,-0.0009441250585950911,0.9999995231628418,0.00005305208105710335,-0.9997135996818543,-0.0009425864554941654,-0.023912502452731134],5,1.7050292491912842],[[767.859619140625,241.02967834472657,48.91600799560547,-0.018092308193445207,-0.00024365140416193753,0.999836266040802,-0.00026930205058306456,0.9999999403953552,0.0002388182037975639,-0.999836266040802,-0.00026493717450648546,-0.01809237338602543],5,1.7125864028930665],[[767.8595581054688,241.24615478515626,48.88694381713867,-0.020700421184301378,-0.00020825669344048947,0.9997857213020325,0.00009663286618888378,1,0.0002103020960930735,-0.9997857213020325,0.00010096549522131681,-0.020700400695204736],5,1.7269830703735352],[[767.8374633789063,241.4319610595703,48.86143112182617,-0.026986397802829744,-0.00010369408846599981,0.9996358156204224,0.00012444434105418622,1,0.00010709139314712957,-0.9996358156204224,0.00012728902220260352,-0.026986384764313699],5,1.7463245391845704],[[767.8098754882813,241.62799072265626,48.85308837890625,-0.021541452035307885,-0.00006003403541399166,0.9997679591178894,-0.001299635972827673,0.9999991655349731,0.00003204541280865669,-0.9997671246528626,-0.0012986441142857075,-0.02154151163995266],5,1.755206823348999],[[767.820068359375,241.7035369873047,48.87666702270508,-0.03517809137701988,-0.00006477384158642963,0.9993810653686523,-0.0014249940868467093,0.9999989867210388,0.000014654273400083185,-0.9993800520896912,-0.0014235966373234988,-0.03517815098166466],5,1.7645506858825684],[[767.8444213867188,241.79132080078126,48.9285774230957,-0.041027020663022998,-0.00003802763967541978,0.9991580247879028,-0.0008787092519924045,0.9999996423721314,0.000001978469526875415,-0.9991576671600342,-0.00087788823293522,-0.04102703556418419],5,1.775078296661377],[[767.8504638671875,241.84844970703126,48.971534729003909,-0.045936305075883868,-0.00001594902278156951,0.9989443421363831,-0.000361181068001315,0.9999999403953552,-6.429809218388982e-7,-0.9989442825317383,-0.0003608293191064149,-0.045936308801174167],5,1.7868144512176514],[[767.84228515625,241.86949157714845,48.99812698364258,-0.049835726618766788,-0.000007329902473429684,0.9987574219703674,-0.00015583222557324916,1,-4.3665281168614458e-7,-0.9987574219703674,-0.00015566035290248692,-0.049835726618766788],5,1.7958519458770753],[[767.8248901367188,241.87535095214845,49.04251480102539,-0.045412514358758929,-0.0000024178386865969516,0.9989683032035828,-0.00010380640014773235,1,-0.0000022986382646195126,-0.9989683032035828,-0.00010380369349149987,-0.045412514358758929],5,1.8066372871398926],[[767.8363647460938,241.86199951171876,49.09353256225586,-0.04589182883501053,-0.000002652158400451299,0.9989464282989502,-0.000133189168991521,1,-0.0000034637862427189249,-0.9989464282989502,-0.00013320780999492854,-0.04589182883501053],5,1.816751480102539],[[767.840087890625,241.835021972