[[[776,222.69961547851563,47,1,1.3580050417516532e-9,-3.379004214917148e-16,-1.3580050417516532e-9,1,-7.11256689100992e-8,2.4131140163173486e-16,7.11256689100992e-8,1],8,0.00805044174194336],[[776,222.69961547851563,47,1,5.724393181694154e-10,-3.1043434585558969e-16,-5.724393181694154e-10,1,-2.9981560345504479e-8,2.9327171133876385e-16,2.9981560345504479e-8,1],8,0.023883819580078126],[[776,222.69961547851563,47,1,-1.6294406796069084e-11,-3.1111880141653036e-16,1.6294406796069084e-11,1,8.534521978020848e-10,3.1110487831245987e-16,-8.534521978020848e-10,1],8,0.04738640785217285],[[776,222.69961547851563,47,1,-9.966788505622049e-10,-3.5255112686389885e-16,9.966788505622049e-10,1,5.220123711069391e-8,3.005232398095467e-16,-5.220123711069391e-8,1],8,0.0574946403503418],[[776,222.69961547851563,47,1,-1.5844068279591284e-9,-4.0151823389356796e-16,1.5844068279591284e-9,1,8.298358977754106e-8,2.7003844462852565e-16,-8.298358977754106e-8,1],8,0.06919384002685547],[[776,222.69961547851563,47,1,-2.1717581066837967e-9,-4.685224575487641e-16,2.1717581066837967e-9,1,1.137462177780435e-7,2.2149316000658916e-16,-1.137462177780435e-7,1],8,0.08691143989562988],[[776,222.69961547851563,47,1,-1.5727981139690428e-9,-4.1897648290898555e-16,1.5727981139690428e-9,1,8.23755854639785e-8,2.8941630853043789e-16,-8.23755854639785e-8,1],8,0.09760308265686035],[[776,222.69961547851563,47,1,-1.1239141839425316e-9,-3.928755067464791e-16,1.1239141839425316e-9,1,5.8865193608426128e-8,3.2671606610727105e-16,-5.8865193608426128e-8,1],8,0.11227679252624512],[[776,222.69961547851563,47,1,-6.753177461682469e-10,-3.7716397201719789e-16,6.753177461682469e-10,1,3.536986525887187e-8,3.5327806642110025e-16,-3.536986525887187e-8,1],8,0.1257920265197754],[[776,222.69961547851563,47,1,-7.763649445546861e-11,-3.7255568926766087e-16,7.763649445546861e-11,1,4.066182057727019e-9,3.722399842063514e-16,-4.066182057727019e-9,1],8,0.1414024829864502],[[776,222.69961547851563,47,1,3.7028927146742776e-10,-3.813572880319191e-16,-3.7028927146742776e-10,1,-1.9394031269825974e-8,3.741758780073011e-16,1.9394031269825974e-8,1],8,0.15256786346435548],[[776,222.69961547851563,47,1,6.687470022193054e-10,-3.9305314543738609e-16,-6.687470022193054e-10,1,-3.502582046621683e-8,3.696297198304893e-16,3.502582046621683e-8,1],8,0.1626577377319336],[[776,222.69961547851563,47,1,1.1161944701854055e-9,-4.1932474579920507e-16,-1.1161944701854055e-9,1,-5.846098716233428e-8,3.5407091572950988e-16,5.846098716233428e-8,1],8,0.1755056381225586],[[776,222.69961547851563,47,1,1.5633551120330936e-9,-4.560519620432535e-16,-1.5633551120330936e-9,1,-8.188114009044512e-8,3.2804265205156929e-16,8.188114009044512e-8,1],8,0.18673062324523927],[[776,222.69961547851563,47,1,2.1591235466189575e-9,-5.212511584878508e-16,-2.1591235466189575e-9,1,-1.1308466696391406e-7,2.770873998760167e-16,1.1308466696391406e-7,1],8,0.20306062698364259],[[776,222.69961547851563,47,1,1.920667846988522e-9,-5.021350542364197e-16,-1.920667846988522e-9,1,-1.0059549282459557e-7,3.089245360968885e-16,1.0059549282459557e-7,1],8,0.22524356842041017],[[776,222.69961547851563,47,1,9.53096490619032e-10,-4.4365542310195e-16,-9.53096490619032e-10,1,-4.991867186276977e-8,3.960780853804884e-16,4.991867186276977e-8,1],8,0.23577356338500977],[[776,222.69961547851563,47,1,5.663573499070651e-10,-4.3423594027244938e-16,-5.663573499070651e-10,1,-2.966309331497996e-8,4.1743604761528519e-16,2.966309331497996e-8,1],8,0.24719810485839845],[[776,222.69961547851563,47,1,-2.066252169363736e-10,-4.3892807928376457e-16,2.066252169363736e-10,1,1.0822106766283924e-8,4.366919652425724e-16,-1.0822106766283924e-8,1],8,0.2608950138092041],[[776,222.69961547851563,47,1,-7.859286554889877e-10,-4.629624803434277e-16,7.859286554889877e-10,1,4.1163310982028636e-8,4.306110892444542e-16,-4.1163310982028636e-8,1],8,0.2731759548187256],[[776,222.69961547851563,47,1,-1.364860779951016e-9,-5.045369220374777e-16,1.364860779951016e-9,1,7.148507563670137e-8,4.069697379420966e-16,-7.148507563670137e-8,1],8,0.28514623641967776],[[776,222.69961547851563,47,1,-1.7506094351915636e-9,-5.419803840477685e-16,1.7506094351915636e-9,1,9.168878989385121e-8,3.8146914932051588e-16,-9.168878989385121e-8,1],8,0.2965223789215088],[[776,222.69961547851563,47,1,-1.8418285785415379e-9,-5.614549420545657e-16,1.8418285785415379e-9,1,9.646640819482855e-8,3.837803316566584e-16,-9.646640819482855e-8,1],8,0.30994749069213869],[[776,222.69961547851563,47,1,-1.547589612016509e-9,-5.39305083423425e-16,1.547589612016509e-9,1,8.105553206405603e-8,4.138644008442894e-16,-8.105553206405603e-8,1],8,0.32059240341186526],[[776,222.69961547851563,47,1,-1.1064668070659423e-9,-5.140550312657743e-16,1.1064668070659423e-9,1,5.7951556442503718e-8,4.499335254278805e-16,-5.7951556442503718e-8,1],8,0.33347105979919436],[[776,222.69961547851563,47,1,-6.656267759197476e-10,-4.988366020606931e-16,6.656267759197476e-10,1,3.486238853156465e-8,4.756312344981551e-16,-3.486238853156465e-8,1],8,0.344862699508667],[[776,222.69961547851563,47,1,-7.827952175354369e-11,-4.943252516440575e-16,7.827952175354369e-11,1,4.0998422434768148e-9,4.940043320361665e-16,-4.0998422434768148e-9,1],8,0.3610115051269531],[[776,222.69961547851563,47,0.013348941691219807,-3.3988927228278955e-9,0.9999108910560608,3.047555097168697e-8,1,2.9923430400202734e-9,-0.9999108910560608,3.0432889985831937e-8,0.013348941691219807],8,0.37987637519836428],[[776,222.69961547851563,47,0.0547160841524601,-4.60366367249776e-9,0.9985019564628601,6.10508053000558e-8,1,1.2650981373596438e-9,-0.9985019564628601,6.089013027121837e-8,0.0547160841524601],8,0.4045391082763672],[[776,222.69961547851563,47,-0.25809136033058169,1.440643782046891e-8,0.9661205410957336,1.1312726400092288e-7,1,1.530940529903546e-8,-0.9661205410957336,1.1324579674010238e-7,-0.25809136033058169],8,0.42201685905456545],[[776,222.69961547851563,47,-0.3002924919128418,1.6958328075133978e-8,0.9538471698760986,1.1007738009993773e-7,1,1.6875958408490989e-8,-0.9538471698760986,1.1006471822838648e-7,-0.3002924919128418],8,0.43946242332458498],[[776,222.69961547851563,47,-0.4238046109676361,2.1787622372926309e-8,0.9057536125183106,6.936117813438614e-8,1,8.399596573838153e-9,-0.9057536125183106,6.638392591185038e-8,-0.4238046109676361],8,0.4493436813354492],[[776,222.69961547851563,47,-0.5203248858451843,2.1951009898657504e-8,0.8539683818817139,3.976115792170276e-8,1,-1.478147715339162e-9,-0.8539683818817139,3.318565688914532e-8,-0.5203248858451843],8,0.4683234691619873],[[776,222.69961547851563,47,-0.5915682315826416,1.5777398942873334e-8,0.8062549829483032,1.6368085775653186e-9,1,-1.8367780185712946e-8,-0.8062549829483032,-9.546110568692257e-9,-0.5915682315826416],8,0.47789883613586428],[[776,222.69961547851563,47,-0.6178092956542969,8.803940687585055e-9,0.7863279581069946,-2.6507047223844894e-8,1,-3.2022565932265937e-8,-0.7863279581069946,-4.0627071484777846e-8,-0.6178092956542969],8,0.48958635330200198],[[776,222.69961547851563,47,-0.6619437336921692,-1.912264652181861e-10,0.7495535016059876,-5.380664447329764e-8,1,-4.72624641645325e-8,-0.7495535016059876,-7.161604997918403e-8,-0.6619437336921692],8,0.5139696598052979],[[776,222.69961547851563,47,-0.7089454531669617,-1.3302098977874266e-8,0.7052633166313171,-8.310222199270356e-8,1,-6.467490720751812e-8,-0.7052633166313171,-1.0445992870700138e-7,-0.7089454531669617],8,0.5274157524108887],[[776,222.69961547851563,47,-0.719937264919281,-1.3460498493600426e-8,0.6940391659736633,-6.067536162390752e-8,1,-4.3545028916014419e-8,-0.6940391659736633,-7.346076813519176e-8,-0.719937264919281],8,0.5455536842346191],[[776,222.69961547851563,47,-0.7295641899108887,-1.3005948318323135e-8,0.6839123368263245,-3.856487040820866e-8,1,-2.2122137011137967e-8,-0.6839123368263245,-4.251451102277315e-8,-0.7295641899108887],8,0.5547590255737305],[[776,222.69961547851563,47,-0.7295641899108887,-1.263623605751718e-8,0.6839123368263245,-3.304020523842155e-8,1,-1.6769273969430288e-8,-0.6839123368263245,-3.483086530309265e-8,-0.7295641899108887],8,0.5630738735198975],[[776,222.69961547851563,47,-0.7295641899108887,-1.1527575338732277e-8,0.6839123368263245,-1.647328673470838e-8,1,-7.175541827386667e-10,-0.6839123368263245,-1.1789785148152987e-8,-0.7295641899108887],8,0.5784385204315186],[[776,222.69961547851563,47,-0.7295637130737305,-1.0419615392720516e-8,0.6839128732681274,8.302496884438071e-11,1,1.532386484370818e-8,-0.6839128732681274,1.1236516606061287e-8,-0.7295637130737305],8,0.5872499942779541],[[776,222.69961547851563,47,-0.7295641899108887,-9.312365989444516e-9,0.6839123368263245,1.6628709076371707e-8,1,3.135500747930564e-8,-0.6839123368263245,3.424807104579486e-8,-0.7295641899108887],8,0.6035490036010742],[[776,222.69961547851563,47,-0.7295640110969544,-7.83715492502779e-9,0.6839125156402588,3.867312869942907e-8,1,5.271387593097643e-8,-0.6839125156402588,6.49071836278381e-8,-0.7295640110969544],8,0.6130509376525879],[[776,222.69961547851563,47,-0.7295635342597961,-7.100062759946013e-9,0.6839130520820618,4.9688285486126918e-8,1,6.33864516430549e-8,-0.6839130520820618,8.022691133646731e-8,-0.7295635342597961],8,0.624906063079834],[[776,222.69961547851563,47,-0.7295641899108887,-5.99486504881952e-9,0.6839123368263245,6.620217618547031e-8,1,7.938678692198664e-8,-0.6839123368263245,1.0319423893179192e-7,-0.7295641899108887],8,0.6362812519073486],[[776,222.69961547851563,47,-0.7295641899108887,-4.404790310275075e-9,0.6839123368263245,7.103072618974693e-8,1,8.221267933095078e-8,-0.6839123368263245,1.0855821841460056e-7,-0.7295641899108887],8,0.6618633270263672],[[776,222.69961547851563,47,-0.7271708250045776,3.3454711223512847e-10,0.686456561088562,3.384561964026034e-8,1,3.536567660944456e-8,-0.686456561088562,4.8950436593031557e-8,-0.7271708250045776],8,0.6717658042907715],[[776,222.69961547851563,47,-0.718721866607666,2.2927049148080416e-9,0.6952977180480957,1.4986161644969799e-8,1,1.219359369031281e-8,-0.6952977180480957,1.9183646671194766e-8,-0.718721866607666],8,0.6950328350067139],[[776,222.69961547851563,47,-0.7150694727897644,6.449856204682192e-9,0.6990533471107483,-1.662111159816959e-8,1,-2.6228478944290147e-8,-0.6990533471107483,-3.037423113028126e-8,-0.7150694727897644],8,0.7039799690246582],[[776,222.69961547851563,47,-0.715068519115448,7.300890558781248e-9,0.6990544199943543,-2.293852396917373e-8,1,-3.390795555446857e-8,-0.6990544199943543,-4.02817867950489e-8,-0.715068519115448],8,0.7141575813293457],[[776,222.69961547851563,47,-0.717506468296051,9.71199032306913e-9,0.6965518593788147,-4.180209245419064e-8,1,-5.7002591091759317e-8,-0.6965518593788147,-7.001705171205686e-8,-0.717506468296051],8,0.7267584800720215],[[776,222.69961547851563,47,-0.7211470007896423,1.1895167517650407e-8,0.6927821040153503,-6.053235779290844e-8,1,-8.018090369432685e-8,-0.6927821040153503,-9.975795478567307e-8,-0.7211470007896423],8,0.7375578880310059],[[776,222.69961547851563,47,-0.7283678650856018,9.846476523023285e-9,0.6851862668991089,-5.7666397879074796e-8,1,-7.567114579387635e-8,-0.6851862668991089,-9.462865335763127e-8,-0.7283678650856018],8,0.7485601902008057],[[776,222.69961547851563,47,-0.7331376671791077,6.408117592116014e-9,0.6800802946090698,-4.426462751894178e-8,1,-5.7140578491043928e-8,-0.6800802946090698,-7.199540874580635e-8,-0.7331376671791077],8,0.7608029842376709],[[776,222.69961547851563,47,-0.7378702163696289,4.054769853212292e-9,0.674942672252655,-3.542134408007769e-8,1,-4.4731390147489949e-8,-0.674942672252655,-5.691333626600681e-8,-0.7378702163696289],8,0.7709512710571289],[[776,222.69961547851563,47,-0.7495472431182861,-6.382054884568333e-10,0.6619508862495422,-1.8182042538228417e-8,1,-1.9623955793690585e-8,-0.6619508862495422,-2.6744700676317735e-8,-0.7495472431182861],8,0.7855567932128906],[[776,222.69961547851563,47,-0.762126624584198,-4.846981038753029e-9,0.647428035736084,-1.4426086991647936e-9,1,5.78833558861902e-9,-0.647428035736084,3.477459209477729e-9,-0.762126624584198],8,0.8130984306335449],[[775.8277587890625,222.69961547851563,46.85366439819336,-0.7788264751434326,-9.368602782444669e-9,0.6272394061088562,1.8623001807327456e-8,1,3.8059933871181786e-8,-0.6272394061088562,4.132316533400626e-8,-0.7788264751434326],8,0.8359591960906982],[[775.5698852539063,222.69961547851563,46.644657135009769,-0.7928680777549744,-1.3037342760924276e-8,0.609393298625946,3.7930025342802767e-8,1,7.074388719274794e-8,-0.609393298625946,7.920487377077734e-8,-0.7928680777549744],8,0.8586421012878418],[[775.2532958984375,222.69961547851563,46.40018844604492,-0.8033908605575562,-1.4817645777043254e-8,0.5954520106315613,5.194098307015338e-8,1,9.496408637232889e-8,-0.5954520106315613,1.0722164489607167e-7,-0.8033908605575562],8,0.8680267333984375],[[775.1465454101563,222.69961547851563,46.3203125,-0.8054652214050293,-1.1566380742067395e-8,0.5926430225372315,4.2600710514761889e-8,1,7.74155282101674e-8,-0.5926430225372315,8.760252967476845e-8,-0.8054652214050293],8,0.876908540725708],[[775.039306640625,222.69961547851563,46.24113082885742,-0.8075300455093384,-8.384833272145898e-9,0.5898264646530151,3.33257439422141e-8,1,5.98419660491345e-8,-0.5898264646530151,6.79805864933769e-8,-0.8075300455093384],8,0.8865053653717041],[[774.9317016601563,222.69961547851563,46.1623649597168,-0.8095852732658386,-5.273027792185303e-9,0.5870022773742676,2.411614907771309e-8,1,4.2243630815619329e-8,-0.5870022773742676,4.8356056936427197e-8,-0.8095852732658386],8,0.8975017070770264],[[774.7698974609375,222.69961547851563,46.044837951660159,-0.8156932592391968,-4.567466127536335e-10,0.5784846544265747,1.0586417964475459e-8,1,1.571695307234222e-8,-0.5784846544265747,1.8944293245226619e-8,-0.8156932592391968],8,0.9085748195648193],[[774.4982299804688,222.69961547851563,45.851661682128909,-0.8227071762084961,6.950781283876495e-9,0.5684654116630554,-1.1401939836730435e-8,1,-2.872864079961346e-8,-0.5684654116630554,-3.0116865445961596e-8,-0.8227071762084961],8,0.9277017116546631],[[774.3887329101563,222.69961547851563,45.77552032470703,-0.8266578316688538,9.608422502083159e-9,0.5627049803733826,-2.00664018734642e-8,1,-4.655453977875368e-8,-0.5627049803733826,-4.9776136989976297e-8,-0.8266578316688538],8,0.9408235549926758],[[774.16845703125,222.69961547851563,45.62518310546875,-0.83731609582901,1.4383013891006158e-8,0.5467191338539124,-3.669651604809587e-8,1,-8.2509636456507e-8,-0.5467191338539124,-8.914933147252668e-8,-0.83731609582901],8,0.9514510631561279],[[774.0571899414063,222.69961547851563,45.551734924316409,-0.8429994583129883,1.6312485584535353e-8,0.5379144549369812,-4.481751147977775e-8,1,-1.0056176336092904e-7,-0.5379144549369812,-1.0888149404308933e-7,-0.8429994583129883],8,0.9630603790283203],[[773.8888549804688,222.69961547851563,45.44373321533203,-0.8559004068374634,1.1176200409579451e-8,0.5171406865119934,-3.519418712016886e-8,1,-7.986012207084059e-8,-0.5171406865119934,-8.655266015011876e-8,-0.8559004068374634],8,0.9735963344573975],[[773.7182006835938,222.69961547851563,45.33949661254883,-0.8612746000289917,7.80078313056265e-9,0.5081397891044617,-2.579443503236689e-8,1,-5.9072082336797396e-8,-0.5081397891044617,-6.398446572575267e-8,-0.8612746000289917],8,0.9860134124755859],[[773.6035766601563,222.69961547851563,45.27139663696289,-0.8742907643318176,4.4778043495341539e-9,0.48540252447128298,-1.9896294389809556e-8,1,-4.506146922267362e-8,-0.48540252447128298,-4.9054538209247769e-8,-0.8742907643318176],8,1.0072040557861329],[[773.25439453125,222.69961547851563,45.07627868652344,-0.8883174657821655,-1.9087322833399868e-9,0.45922982692718508,-3.47169559766769e-9,1,-2.5591446739525738e-9,-0.45922982692718508,-3.867639097876463e-9,-0.8883174657821655],8,1.0187551975250245],[[773.1364135742188,222.69961547851563,45.01414489746094,-0.9023147225379944,-3.670659109999974e-9,0.4310779273509979,1.5508031525612865e-9,1,1.1761148499545016e-8,-0.4310779273509979,1.1280774536714944e-8,-0.9023147225379944],8,1.029162883758545],[[772.95654296875,222.69961547851563,44.92672348022461,-0.9089807271957398,-5.953462167695989e-9,0.416838139295578,8.74205419165719e-9,1,3.3345848748922438e-8,-0.416838139295578,3.395475545175941e-8,-0.9089807271957398],8,1.040942907333374],[[772.7750244140625,222.69961547851563,44.84275436401367,-0.9202739596366882,-7.461338213943236e-9,0.3912745714187622,1.5323108115694596e-8,1,5.5109115493223729e-8,-0.3912745714187622,5.6711026985567517e-8,-0.9202739596366882],8,1.054727554321289],[[772.46875,222.69961547851563,44.71128463745117,-0.924324095249176,-1.0961483276616946e-8,0.3816084563732147,2.5901737643607704e-8,1,9.146307888840966e-8,-0.3816084563732147,9.442585024999062e-8,-0.924324095249176],8,1.07462477684021],[[772.2840576171875,222.69961547851563,44.63459014892578,-0.93586266040802,-1.0442757769624223e-8,0.35236498713493349,3.1555302371089058e-8,1,1.1344539530000475e-7,-0.35236498713493349,1.1728829463208968e-7,-0.93586266040802],8,1.0855464935302735],[[772.1597290039063,222.69961547851563,44.586585998535159,-0.9395044445991516,-7.927869916102282e-9,0.34253668785095217,2.5993868391083198e-8,1,9.444017479154354e-8,-0.34253668785095217,9.763081720848277e-8,-0.9395044445991516],8,1.0969645977020264],[[771.8468017578125,222.69961547851563,44.47185134887695,-0.9475985169410706,-2.3283621697345326e-9,0.3194636106491089,1.326565524095713e-8,1,4.663716524078154e-8,-0.3194636106491089,4.843120393616118e-8,-0.9475985169410706],8,1.1152162551879883],[[771.6575317382813,222.69961547851563,44.407081604003909,-0.9571735858917236,1.1197953675434747e-9,0.2895146906375885,6.539964125806819e-9,1,1.7754143044612648e-8,-0.2895146906375885,1.888721179454933e-8,-0.9571735858917236],8,1.126786470413208],[[771.5302734375,222.69961547851563,44.367408752441409,-0.9620836973190308,2.7317226258816165e-9,0.2727544605731964,2.3953432570777979e-9,1,-1.5662514618597357e-9,-0.2727544605731964,-8.535243622986854e-10,-0.9620836973190308],8,1.1375298500061036],[[771.338134765625,222.69961547851563,44.31205749511719,-0.9722620844841003,4.617588533761818e-9,0.2338940054178238,-2.64992028320421e-9,1,-3.075754406722808e-8,-0.2338940054178238,-3.0524198280090789e-8,-0.9722620844841003],8,1.1505463123321534],[[771.1441040039063,222.69961547851563,44.263763427734378,-0.9765762686729431,5.951415804617e-9,0.21517148613929749,-7.130546819666961e-9,1,-6.002160546358937e-8,-0.21517148613929749,-6.014997211423179e-8,-0.9765762686729431],8,1.1620221138000489],[[770.948974609375,222.69961547851563,44.21993637084961,-0.9838097095489502,5.661637825227217e-9,0.17921634018421174,-1.0532883898406454e-8,1,-8.941144358232123e-8,-0.17921634018421174,-8.985150401485953e-8,-0.9838097095489502],8,1.1812324523925782],[[770.6869506835938,222.69961547851563,44.170692443847659,-0.988696813583374,3.9786143268827349e-9,0.14992853999137879,-1.023040319125812e-8,1,-9.400066147691177e-8,-0.14992853999137879,-9.447198578982352e-8,-0.988696813583374],8,1.1903326511383057],[[770.4893798828125,222.69961547851563,44.13956832885742,-0.9904564619064331,2.3850299513128449e-9,0.13782617449760438,-7.527548362418202e-9,1,-7.139963997815357e-8,-0.13782617449760438,-7.175572847017975e-8,-0.9904564619064331],8,1.2021703720092774],[[770.2913208007813,222.69961547851563,44.111488342285159,-0.9935302734375,1.9218247826469082e-10,0.11356782913208008,-5.37948530165977e-9,1,-4.875380454905098e-8,-0.11356782913208008,-4.904931927285361e-8,-0.9935302734375],8,1.2141790390014649],[[770.0927124023438,222.69961547851563,44.08782958984375,-0.9948444962501526,-8.449259625287198e-10,0.10141193121671677,-3.5096614503515868e-9,1,-2.6097930927448944e-8,-0.10141193121671677,-2.631930406948868e-8,-0.9948444962501526],8,1.2266809940338135],[[769.9602661132813,222.6894073486328,44.0726432800293,-0.9976620674133301,-2.0093522401509746e-9,0.06834039092063904,-2.76544676047763e-9,1,-1.096905144493121e-8,-0.06834039092063904,-1.11323981144551e-8,-0.9976620674133301],8,1.236609935760498],[[769.7615966796875,222.64854431152345,44.049922943115237,-0.9987909197807312,-2.659789721803918e-9,0.04915996268391609,-2.085694505993274e-9,1,1.1729404114646514e-8,-0.04915996268391609,1.161268947669214e-8,-0.9987909197807312],8,1.2517094612121583],[[769.4967041015625,222.54637145996095,44.01963424682617,-0.9999929070472717,-2.7119866352620649e-9,0.0037662796676158907,-2.5538913206446525e-9,1,4.198132685928613e-8,-0.0037662796676158907,4.197140768269492e-8,-0.9999929070472717],8,1.2643020153045655],[[769.2980346679688,223.1986541748047,43.996917724609378,-0.999458372592926,-1.6072058128813183e-9,-0.032909244298934939,-3.73599551295456e-9,1,6.462518342686963e-8,0.032909244298934939,6.471312730127465e-8,-0.999458372592926],3,1.2799489498138428],[[769.0987548828125,223.82028198242188,43.98908996582031,-0.9999757409095764,-1.0167249264725343e-9,0.006965788081288338,-4.0788911137568109e-10,1,8.740514090277429e-8,-0.006965788081288338,8.740018131447869e-8,-0.9999757409095764],5,1.3003811836242676],[[768.765869140625,224.78819274902345,44.005340576171878,-0.9947675466537476,-1.2719086894819044e-10,0.10216434299945831,1.2720261288734492e-8,1,1.2510130886767002e-7,-0.10216434299945831,1.2574628271977418e-7,-0.9947675466537476],5,1.30808424949646],[[768.6992797851563,224.9715576171875,44.009037017822269,-0.9997454285621643,1.8241284038822415e-8,-0.0225631445646286,1.5246815365799195e-8,1,1.3288703826219717e-7,0.0225631445646286,1.3250918584617467e-7,-0.9997454285621643],5,1.3168537616729737],[[768.5661010742188,225.3280792236328,44.01644515991211,-0.9999420046806336,1.9226206404709957e-8,0.01077099796384573,2.0827098268227929e-8,1,1.4851772789370444e-7,-0.01077099796384573,1.4873343445742649e-7,-0.9999420046806336],5,1.3255839347839356],[[768.3663330078125,225.83729553222657,44.027565002441409,-0.9990220665931702,2.1573850261802364e-8,0.04421378672122955,2.8426731191188993e-8,1,1.543654519764459e-7,-0.04421378672122955,1.5547135490123765e-7,-0.9990220665931702],5,1.3345966339111329],[[768.233154296875,226.1597442626953,44.03498077392578,-0.9999395608901978,3.10546184323357e-8,0.0109943225979805,3.2538657990244249e-8,1,1.3480365623763647e-7,-0.0109943225979805,1.3515325747448515e-7,-0.9999395608901978],5,1.343212604522705],[[768.0999755859375,226.46856689453126,44.042396545410159,-0.9999394416809082,3.506425727550777e-8,0.011004971340298653,3.633802947433651e-8,1,1.1554524803614186e-7,-0.011004971340298653,1.1593814974730776e-7,-0.9999394416809082],5,1.3578429222106934],[[767.8336181640625,227.0453338623047,44.057228088378909,-0.9969874620437622,3.562235662002422e-8,0.07756286859512329,4.1764408820199608e-8,1,7.75659003693363e-8,-0.07756286859512329,8.057160272301189e-8,-0.9969874620437622],5,1.3699665069580079],[[767.6338500976563,227.442138671875,44.06835174560547,-0.9990177154541016,4.328298786049345e-8,0.04431236535310745,4.552526533529999e-8,1,4.959249011449174e-8,-0.04431236535310745,5.1561109160047638e-8,-0.9990177154541016],5,1.3817343711853028],[[767.5006713867188,227.6896514892578,44.075767517089847,-0.9999393820762634,4.763886707337406e-8,0.011010879650712014,4.798387820414973e-8,1,3.1069248507265e-8,-0.011010879650712014,3.1595707383758057e-8,-0.9999393820762634],5,1.3922467231750489],[[767.3009033203125,228.03536987304688,44.086891174316409,-0.9990177154541016,5.048829976317393e-8,0.044312734156847,5.06807253941588e-8,1,3.219057687076088e-9,-0.044312734156847,5.461697316633263e-9,-0.9990177154541016],5,1.4029839038848878],[[767.1011352539063,228.35043334960938,44.09801483154297,-0.9991663694381714,5.381151879646495e-8,0.04082309827208519,5.284338300270974e-8,1,-2.4794426067842325e-8,-0.04082309827208519,-2.2616525541252487e-8,-0.9991663694381714],5,1.4156646728515626],[[766.7684936523438,228.80740356445313,44.11756896972656,-0.9942309856414795,6.090009918580108e-8,0.10726024210453034,5.3447941184003869e-8,1,-7.235211541001263e-8,-0.10726024210453034,-6.620187775752129e-8,-0.9942309856414795],5,1.435851812362671],[[766.6354370117188,228.9663543701172,44.12544250488281,-0.9999717473983765,5.4849866870654299e-8,0.007517946884036064,5.41611768767325e-8,1,-9.180999427371717e-8,-0.007517946884036064,-9.140021717257696e-8,-0.9999717473983765],5,1.4454751014709473],[[766.5023803710938,229.11167907714845,44.13331604003906,-0.9999717473983765,5.541527414720804e-8,0.00751785933971405,5.4577405705913409e-8,1,-1.1165514735012039e-7,-0.00751785933971405,-1.1124168253218159e-7,-0.9999717473983765],5,1.4549024105072022],[[766.3027954101563,229.3041229248047,44.14512634277344,-0.9991664290428162,5.987962481412979e-8,0.04082275182008743,5.411730441551299e-8,1,-1.4225969380277093e-7,-0.04082275182008743,-1.3993189895700198e-7,-0.9991664290428162],5,1.4654724597930909],[[766.109619140625,229.4658966064453,44.170345306396487,-0.9996245503425598,4.658427599224524e-8,0.02739986591041088,4.279512211269321e-8,1,-1.388773824828604e-7,-0.02739986591041088,-1.3765266260179488e-7,-0.9996245503425598],5,1.4804120063781739],[[765.9262084960938,229.59701538085938,44.215667724609378,-0.9997800588607788,2.8218881453767609e-8,0.020973453298211099,2.5746500043055677e-8,1,-1.1815150458005519e-7,-0.020973453298211099,-1.1758552176388548e-7,-0.9997800588607788],5,1.5041453838348389],[[765.5886840820313,229.76730346679688,44.366615295410159,-0.9951760768890381,2.4863078262882256e-9,0.0981048122048378,-4.789492358270309e-9,1,-7.392803524908231e-8,-0.0981048122048378,-7.404128155030776e-8,-0.9951760768890381],5,1.5137379169464112],[[765.48486328125,229.79681396484376,44.43479919433594,-0.9999770522117615,-1.572460206489268e-8,-0.0067713758908212189,-1.5324108204595178e-8,1,-5.919692469547044e-8,0.0067713758908212189,-5.9091799897714739e-8,-0.9999770522117615],5,1.5239801406860352],[[765.3372802734375,229.81553649902345,44.55382537841797,-0.9998120069503784,-2.9728722594768443e-8,0.019388260319828988,-3.0437750098144536e-8,1,-3.627493327940101e-8,-0.019388260319828988,-3.685824978560959e-8,-0.9998120069503784],5,1.5351150035858155],[[765.2442626953125,229.81097412109376,44.644344329833987,-0.9999769926071167,-4.060466451960565e-8,-0.006780629511922598,-4.046544788138817e-8,1,-2.0668412759050626e-8,0.006780629511922598,-2.0393557065290225e-8,-0.9999769926071167],5,1.547785758972168],[[765.1104736328125,229.7786102294922,44.791900634765628,-0.999812126159668,-5.4870991306188446e-8,0.01938437670469284,-5.480978515493007e-8,1,3.6888530008383215e-9,-0.01938437670469284,2.6257063190371356e-9,-0.999812126159668],5,1.5577116012573243],[[764.9776000976563,229.715576171875,44.94132614135742,-0.999812126159668,-6.925055373585565e-8,0.019383953884243966,-6.870067181807826e-8,1,2.903394680231486e-8,-0.019383953884243966,2.7696801296883679e-8,-0.999812126159668],5,1.570444107055664],[[764.8448486328125,229.62188720703126,45.090850830078128,-0.999812126159668,-8.319798894262931e-8,0.019383946433663369,-8.213812208168747e-8,1,5.54736665492328e-8,-0.019383946433663369,5.387108359400372e-8,-0.999812126159668],5,1.5944569110870362],[[764.579345703125,229.34254455566407,45.38990783691406,-0.9953563809394836,-1.1582176284719026e-7,0.09625852108001709,-1.0544170692128319e-7,1,1.1292178925259577e-7,-0.09625852108001709,1.0224776048062268e-7,-0.9953563809394836],5,1.609114170074463],[[764.4188232421875,229.46937561035157,45.57072067260742,-0.9995449185371399,-6.6304856716215e-8,-0.03016643412411213,-6.864433288455985e-8,1,7.65168195471233e-8,0.03016643412411213,7.855275185875144e-8,-0.9995449185371399],12,1.6314671039581299],[[764.28466796875,229.6548614501953,45.721832275390628,-0.9982682466506958,-3.1520531962314638e-8,-0.05882600322365761,-3.382008273433712e-8,1,3.8095119947456627e-8,0.05882600322365761,4.0018647951001188e-8,-0.9982682466506958],12,1.6395227909088135],[[764.2450561523438,229.7897186279297,45.7498893737793,-0.9991744756698608,-0.0023726813960820438,-0.040555477142333987,-0.002382683800533414,0.9999971389770508,0.00019830561359412968,0.04055488854646683,0.00029477241332642734,-0.9991772770881653],12,1.6519403457641602],[[764.2431030273438,229.88232421875,45.75020980834961,-0.998410701751709,-0.002297044266015291,-0.056309428066015246,-0.0023116685915738346,0.9999973177909851,0.0001945795229403302,0.05630882829427719,0.0003244390245527029,-0.9984133243560791],12,1.6640675067901612],[[764.2428588867188,230.0688934326172,45.750244140625,-0.998157799243927,-0.0005992032820358872,-0.0606687031686306,-0.0006032943492755294,0.9999998211860657,0.00004911621363135055,0.06066866219043732,0.00008562681614421308,-0.9981579780578613],12,1.6752629280090333],[[764.2427978515625,230.16221618652345,45.75025939941406,-0.9978363513946533,-0.00009735061030369252,-0.0657462477684021,-0.00009809326729737222,1,0.000008067640010267496,0.0657462477684021,0.000014499448298010975,-0.9978363513946533],12,1.6877100467681885],[[764.24267578125,230.34886169433595,45.75027847290039,-0.997825026512146,0.00013898751058150083,-0.06591835618019104,0.00014004195691086352,1,-0.000011375563190085814,0.06591835618019104,-0.000020582157958415338,-0.997825026512146],12,1.7008023262023926],[[764.2426147460938,230.53550720214845,45.750282287597659,-0.9976997375488281,0.00004749885556520894,-0.06778844445943833,0.00004787348734680563,1,-0.000003902007847500499,0.06778844445943833,-0.000007138301498343935,-0.9976997375488281],12,1.7192606925964356],[[764.2426147460938,230.6754913330078,45.75028610229492,-0.9976987242698669,0.0000026176001028943576,-0.06780336052179337,0.0000026385937417217066,1,-2.200697366561144e-7,0.06780336052179337,-3.984688135005854e-7,-0.9976987242698669],12,1.7305152416229249],[[764.2426147460938,230.8154754638672,45.75028610229492,-0.9975786805152893,-0.000007938084308989346,-0.06954697519540787,-0.000008001475180208218,1,6.329047437247937e-7,0.06954697519540787,0.0000011878506711582305,-0.9975786805152893],12,1.7425427436828614],[[764.2426147460938,230.90879821777345,45.75028610229492,-0.9975786209106445,-0.00000645043019176228,-0.0695473924279213,-0.000006502090400317684,1,5.164254730516404e-7,0.0695473924279213,9.673784688857268e-7,-0.9975786209106445],12,1.7542681694030762],[[764.2426147460938,231.0487823486328,45.75028610229492,-0.9975786209106445,-0.0000022908548089617399,-0.0695473775267601,-0.0000023093011805030985,1,1.848349171496011e-7,0.0695473775267601,3.449932250987331e-7,-0.9975786209106445],12,1.766808271408081],[[764.1141967773438,231.2139129638672,45.759239196777347,-0.9975781440734863,2.751329191141849e-7,-0.06955499202013016,2.77290354233628e-7,1,-2.1362518864975756e-8,0.06955499202013016,-4.059770830622256e-8,-0.9975781440734863],8,1.78566575050354],[[763.8569946289063,231.31861877441407,45.77716827392578,-0.9975826144218445,3.366405110227788e-7,-0.06949006021022797,3.3933417853404537e-7,1,-2.6959195764675316e-8,0.06949006021022797,-5.047438023098039e-8,-0.9975826144218445],8,1.8078629970550538],[[763.5279541015625,231.3871612548828,45.773067474365237,-0.9984393119812012,-0.00021520355949178338,-0.05584654211997986,-0.00017248987569473684,0.9999997019767761,-0.0007696595275774598,0.0558466911315918,-0.000758825393859297,-0.9984390735626221],8,1.8260307312011719],[[763.264404296875,231.4152069091797,45.71210479736328,-0.9984334707260132,0.00015869516937527806,-0.0559515655040741,0.0003868115018121898,0.9999916553497315,-0.004066226072609425,0.055950455367565158,-0.004081498831510544,-0.9984251856803894],8,1.8418340682983399],[[763.0008544921875,231.43069458007813,45.63991165161133,-0.9983640313148499,0.0008664579945616424,-0.05717041343450546,0.0013125069672241808,0.9999690055847168,-0.007765007205307484,0.05716191232204437,-0.007827340625226498,-0.9983342289924622],8,1.8526670932769776],[[762.8033447265625,231.4193878173828,45.576900482177737,-0.9980561137199402,0.0014466800494119526,-0.062304433435201648,0.002270706696435809,0.9999108910560608,-0.013157036155462265,0.062279846519231799,-0.013272935524582863,-0.997970461845398],8,1.87091064453125],[[762.6057739257813,231.37777709960938,45.56917953491211,-0.9978668689727783,0.0022856234572827818,-0.06524216383695603,0.003237056313082576,0.9998899102210999,-0.014481117017567158,0.06520188599824906,-0.014661419205367566,-0.9977644085884094],8,1.8809285163879395],[[762.4080810546875,231.30638122558595,45.56942367553711,-0.997827410697937,0.002882320201024413,-0.06581911444664002,0.003905478399246931,0.9998734593391419,-0.015421628952026368,0.0657663345336914,-0.015645179897546769,-0.9977123737335205],8,1.8915793895721436],[[762.2103271484375,231.2056427001953,45.57135772705078,-0.9978232979774475,0.0031428418587893249,-0.06586957722902298,0.004216184373944998,0.9998604655265808,-0.016162293031811715,0.06580959260463715,-0.016404831781983377,-0.9976973533630371],8,1.9052319526672364],[[762.0125122070313,231.07595825195313,45.573246002197269,-0.9978378415107727,0.003216915298253298,-0.06564485281705857,0.004331051837652922,0.9998488426208496,-0.01683693751692772,0.06558077037334442,-0.017084844410419465,-0.9977009892463684],8,1.9162731170654297],[[761.7482299804688,230.85829162597657,45.58025360107422,-0.9979555010795593,0.0028496154118329288,-0.06384942680597305,0.0038349514361470939,0.9998753666877747,-0.015314944088459015,0.06379783153533936,-0.015528491698205471,-0.997842013835907],8,1.9329781532287598],[[761.55029296875,230.66177368164063,45.57512283325195,-0.9978535771369934,0.0028120060451328756,-0.06542420387268067,0.003904246026650071,0.9998550415039063,-0.016572877764701844,0.06536811590194702,-0.016792738810181619,-0.9977198839187622],8,1.9437437057495118],[[761.3671875,230.7362823486328,45.583133697509769,-0.9974654912948608,0.0015177479945123196,-0.07113530486822128,0.002176799811422825,0.999955415725708,-0.009188157506287098,0.07111818343400955,-0.00931971799582243,-0.9974243640899658],12,1.9556918144226075],[[761.2575073242188,230.8264617919922,45.58803939819336,-0.9972480535507202,0.0006178973708301783,-0.07413434237241745,0.0009027533233165741,0.999992311000824,-0.003808982204645872,0.07413142174482346,-0.003865425242111087,-0.9972409605979919],12,1.9662251472473145],[[761.1117553710938,230.96595764160157,45.5934944152832,-0.9972162842750549,-0.000045173852413427088,-0.07456357032060623,-0.00006623709487030283,0.9999999403953552,0.00028001415194012225,0.07456355541944504,0.0002841735549736768,-0.9972162246704102],12,1.9787731170654297],[[760.9884643554688,231.10592651367188,45.597198486328128,-0.9972012639045715,-0.00014758984616491944,-0.07476404309272766,-0.0002164989273296669,0.9999995827674866,0.0009135837899520993,0.07476387172937393,0.0009272132301703095,-0.9972008466720581],12,1.989659070968628],[[760.8579711914063,231.22547912597657,45.60243606567383,-0.9972044229507446,-0.00007453222497133538,-0.0747215747833252,-0.00010929122800007463,0.9999998807907105,0.00046109140384942293,0.07472153007984162,0.0004679687845055014,-0.9972043037414551],8,2.0032222270965578],[[760.6494750976563,231.3372039794922,45.614280700683597,-0.9998511075973511,-0.000004770198302139761,0.01725691743195057,-0.0000035641762679006207,1,0.00006991704140091315,-0.01725691743195057,0.00006984511855989695,-0.9998511075973511],5,2.0200014114379885],[[760.4020385742188,231.39442443847657,45.63162612915039,-0.9985573291778565,0.000014613078747061082,0.05369646102190018,0.000013466307791532018,1,-0.000021718362404499204,-0.053696464747190478,-0.000020963934730389157,-0.9985573291778565],5,2.032953977584839],[[760.2697143554688,231.402587890625,45.64150619506836,-0.9999765157699585,0.000009348033017886337,-0.006851373706012964,0.000009517614671494812,1,-0.00002471891275490634,0.006851373240351677,-0.000024783541448414327,-0.9999765157699585],5,2.044478416442871],[[760.0703735351563,231.38929748535157,45.655494689941409,-0.9995437264442444,0.0000027008579763787567,0.03020484559237957,0.0000015359252074631514,1,-0.000038590947951888668,-0.03020484559237957,-0.00003852694862871431,-0.9995437264442444],5,2.0568687915802],[[759.870849609375,231.34535217285157,45.64583969116211,-0.9993847012519836,-0.000004809114670933923,0.03507378324866295,-0.000008558145054848865,1,-0.00010673969518393278,-0.03507378324866295,-0.0001069741920218803,-0.9993847012519836],5,2.068528413772583],[[759.6712646484375,231.270751953125,45.62821578979492,-0.9991686344146729,-0.00001323018022958422,0.0407678559422493,-0.000018246040781377816,1,-0.00012266259000170976,-0.0407678559422493,-0.00012330447498243302,-0.9991686344146729],5,2.0801239013671877],[[759.5382080078125,231.20399475097657,45.60778045654297,-0.9999410510063171,-0.000020799301637453028,0.010856588371098042,-0.000022111784346634523,1,-0.00012077271821908653,-0.010856586508452893,-0.00012100566527806222,-0.9999410510063171],5,2.0924007892608644],[[759.2789916992188,231.03140258789063,45.566436767578128,-0.9979068636894226,0.0014866167912259698,0.06465087831020355,0.0006678816280327737,0.9999193549156189,-0.012683712877333165,-0.06466451287269592,-0.012613984756171704,-0.9978273510932922],5,2.105344772338867],[[759.0759887695313,230.8703155517578,45.530845642089847,-0.9994688630104065,0.0017137181712314487,0.032542385160923007,0.0010628585005179048,0.9997992515563965,-0.020007142797112466,-0.032570138573646548,-0.019961928948760034,-0.9992700815200806],5,2.120948553085327],[[758.887939453125,230.9513702392578,45.509395599365237,-0.999934196472168,0.00015643257938791066,-0.011472458019852639,0.00026746635558083653,0.9999531507492065,-0.009677319787442685,0.01147040631622076,-0.009679751470685006,-0.9998873472213745],12,2.133732318878174],[[758.7220458984375,231.08822631835938,45.48987579345703,-0.9995026588439941,-0.0001205076914629899,-0.031534966081380847,-0.00007307974010473117,0.9999988675117493,-0.0015051278751343489,0.031535111367702487,-0.0015020747669041157,-0.9995015263557434],12,2.144261598587036],[[758.5512084960938,231.2069091796875,45.47785949707031,-0.9993844032287598,-0.00005673705163644627,-0.035083599388599399,-0.00009425955067854375,0.9999994039535523,0.001067863660864532,0.03508352115750313,0.001070513273589313,-0.999383807182312],8,2.1570956707000734],[[758.3619384765625,231.29493713378907,45.4777946472168,-0.9995521306991577,-0.000014404319699679036,0.029925893992185594,0.000017414857211406344,0.999999463558197,0.0010630048345774413,-0.029925892129540445,0.0010630498873069883,-0.99955153465271],5,2.169400453567505],[[758.1629028320313,231.35231018066407,45.483787536621097,-0.9981159567832947,0.00005509084803634323,0.061355605721473697,0.00008981539576780051,0.9999998211860657,0.0005631977110169828,-0.06135556474328041,0.0005676473374478519,-0.9981158375740051],5,2.181804656982422],[[757.9630126953125,231.3790283203125,45.489967346191409,-0.9977384209632874,0.00007780520536471158,0.06721677631139755,0.00009121774201048538,1,0.00019647242152132094,-0.06721676141023636,0.00020215942640788853,-0.9977383613586426],5,2.1940932273864748],[[757.7630615234375,231.37509155273438,45.496158599853519,-0.9976549744606018,0.00005602815872407518,0.06844399124383927,0.000058090117818210277,1,0.000028135960747022183,-0.06844399124383927,0.00003204590029781684,-0.9976549744606018],5,2.2057278156280519],[[757.5631103515625,231.34048461914063,45.502384185791019,-0.9976397156715393,0.000026461711968295277,0.06866607815027237,0.000025120216378127226,1,-0.000020399984350660817,-0.06866607815027237,-0.0000186269280675333,-0.9976397156715393],5,2.217947244644165],[[757.4298095703125,231.30038452148438,45.50654220581055,-0.999370813369751,0.000011278556485194713,0.035468678921461108,0.00001045547287503723,1,-0.000023391423383145594,-0.035468678921461108,-0.0000230058631132124,-0.999370813369751],5,2.2290403842926027],[[757.2298583984375,231.21469116210938,45.51278305053711,-0.9976407885551453,4.4476107063928796e-7,0.06864999234676361,-5.637164690597274e-7,1,-0.000014670760720036924,-0.06864999234676361,-0.000014674847989226692,-0.9976407885551453],5,2.2418246269226076],[[757.0299072265625,231.0983428955078,45.51902389526367,-0.9977558851242065,-0.0000028737331376760268,0.06695706397294998,-0.0000032760228805273074,1,-0.000005898375093238428,-0.06695706397294998,-0.000006104491149017122,-0.997755885124206