[[[776,222.69961547851563,47,1,-6.540454222658809e-8,7.239260257333076e-16,6.540454222658809e-8,1,-3.0844349296899056e-9,-5.221899356912046e-16,3.0844349296899056e-9,1],8,0.016464710235595704],[[776,222.69961547851563,47,1,-3.190088193605334e-8,6.67442004222569e-16,3.190088193605334e-8,1,-1.5044241408190829e-9,-6.194495938871732e-16,1.5044241408190829e-9,1],8,0.033386945724487308],[[776,222.69961547851563,47,1,1.5741490333454067e-9,6.637621754623411e-16,-1.5741490333454067e-9,1,7.423686665397611e-11,-6.636453378551792e-16,-7.423686665397611e-11,1],8,0.0416254997253418],[[776,222.69961547851563,47,1,1.8300937654203154e-8,6.817120212245214e-16,-1.8300937654203154e-8,1,8.630616221694254e-10,-6.659171860988336e-16,-8.630616221694254e-10,1],8,0.05013775825500488],[[776,222.69961547851563,47,1,3.502057666082692e-8,7.128352410197558e-16,-3.502057666082692e-8,1,1.651549341730174e-9,-6.549970255845944e-16,-1.651549341730174e-9,1],8,0.058402061462402347],[[776,222.69961547851563,47,1,5.1733071160242619e-8,7.57115370645132e-16,-5.1733071160242619e-8,1,2.4397002196252517e-9,-6.309021675483209e-16,-2.4397002196252517e-9,1],8,0.06594347953796387],[[776,222.69961547851563,47,1,6.843842470516393e-8,8.145356811999419e-16,-6.843842470516393e-8,1,3.2275142558546578e-9,-5.93649711467636e-16,-3.2275142558546578e-9,1],8,0.07510948181152344],[[776,222.69961547851563,47,1,8.513664084830452e-8,8.85079443783477e-16,-8.513664084830452e-8,1,4.014991894507602e-9,-5.432565450619255e-16,-4.014991894507602e-9,1],8,0.08375024795532227],[[776,222.69961547851563,47,1,1.0182772314237809e-7,9.687297706763515e-16,-1.0182772314237809e-7,1,4.802133357628691e-9,-4.797395560505752e-16,-4.802133357628691e-9,1],8,0.09394693374633789],[[776,222.69961547851563,47,1,1.0897306168544674e-7,1.0197382006391239e-15,-1.0897306168544674e-7,1,5.1391029209924e-9,-4.597143736885035e-16,-5.1391029209924e-9,1],8,0.1047968864440918],[[776,222.69961547851563,47,1,8.990194544367114e-8,9.42394139917676e-16,-8.990194544367114e-8,1,4.239721018706177e-9,-5.612349252465164e-16,-4.239721018706177e-9,1],8,0.11443734169006348],[[776,222.69961547851563,47,1,5.1784169841084807e-8,8.408163606961642e-16,-5.1784169841084807e-8,1,2.442109403588688e-9,-7.143537593359459e-16,-2.442109403588688e-9,1],8,0.12813091278076173],[[776,222.69961547851563,47,-0.332849383354187,-4.0481523910784747e-8,-0.9429799914360046,-6.184819767440786e-8,1,-2.1098419011877924e-8,0.9429799914360046,5.1299021919248847e-8,-0.332849383354187],8,0.1462085247039795],[[776,222.69961547851563,47,-0.30692675709724429,-7.521993694581397e-8,-0.9517331123352051,-7.418231007250142e-8,1,-5.5111453178824379e-8,0.9517331123352051,5.3686584067236257e-8,-0.30692675709724429],8,0.16514134407043458],[[776,222.69961547851563,47,-0.2807450294494629,-1.0181334886283367e-7,-0.9597823619842529,-8.217397606813393e-8,1,-8.204298040936919e-8,0.9597823619842529,5.5835979395624238e-8,-0.2807450294494629],8,0.17271995544433595],[[776,222.69961547851563,47,-0.28330811858177187,-8.124881389903749e-8,-0.959028959274292,-5.684147197371203e-8,1,-6.792825502088817e-8,0.959028959274292,3.5267991194132267e-8,-0.28330811858177187],8,0.18145751953125],[[776,222.69961547851563,47,-0.28276100754737856,-7.433666127099059e-8,-0.9591903686523438,-4.839161249492463e-8,1,-6.323395496110607e-8,0.9591903686523438,2.8536671692336314e-8,-0.28276100754737856],8,0.19179987907409669],[[776,222.69961547851563,47,-0.27606120705604555,-5.347343901007662e-8,-0.9611400365829468,-2.3143792660107466e-8,1,-4.898800654018487e-8,0.9611400365829468,8.720737909584387e-9,-0.27606120705604555],8,0.20217657089233399],[[776,222.69961547851563,47,-0.2608624994754791,-3.2682166306585717e-8,-0.9653759598731995,1.8636712173503158e-9,1,-3.4357938716311767e-8,0.9653759598731995,-1.076184119597201e-8,-0.2608624994754791],8,0.21184539794921876],[[776,222.69961547851563,47,-0.21334056556224824,-1.9412143004160499e-8,-0.9769778847694397,1.803011429046819e-8,1,-2.3806778770563143e-8,0.9769778847694397,-2.2693974699450338e-8,-0.21334056556224824],8,0.22234249114990235],[[776,222.69961547851563,47,-0.1893870234489441,6.635355598305637e-10,-0.981902539730072,4.187285540524499e-8,1,-7.4005717110026129e-9,0.981902539730072,-4.251663554555307e-8,-0.1893870234489441],8,0.23168444633483888],[[776,222.69961547851563,47,-0.16704364120960236,1.3440536683617666e-8,-0.9859495162963867,5.750723630626453e-8,1,3.888960709019784e-9,0.9859495162963867,-5.604960406913051e-8,-0.16704364120960236],8,0.24132847785949708],[[776,222.69961547851563,47,-0.14979511499404908,2.6196049773830056e-8,-0.9887170791625977,7.293542125808017e-8,1,1.544494487859538e-8,0.9887170791625977,-6.979892219760586e-8,-0.14979511499404908],8,0.2510817050933838],[[776,222.69961547851563,47,-0.13250310719013215,3.870372822234458e-8,-0.9911825656890869,8.815292318331558e-8,1,2.7263586943604424e-8,0.9911825656890869,-8.376313331837082e-8,-0.13250310719013215],8,0.26047825813293459],[[776,222.69961547851563,47,-0.12903837859630586,5.8995961893515417e-8,-0.9916396141052246,1.1090491369714073e-7,1,4.50617072544901e-8,0.9916396141052246,-1.0416301421400931e-7,-0.12903837859630586],8,0.2704007625579834],[[776,222.69961547851563,47,-0.1307709515094757,4.960572752565895e-8,-0.9914125800132752,8.37590476976402e-8,1,3.898727385376333e-8,0.9914125800132752,-7.794137246719402e-8,-0.1307709515094757],8,0.2853817939758301],[[776,222.69961547851563,47,-0.14633964002132417,4.1258797267573757e-8,-0.9892343878746033,5.653850720932496e-8,1,3.334394094167692e-8,0.9892343878746033,-5.105029643459602e-8,-0.14633964002132417],8,0.3064427375793457],[[776,222.69961547851563,47,-0.18938256800174714,3.070276477501466e-8,-0.9819033741950989,1.997793930286207e-8,1,2.741541749173848e-8,0.9819033741950989,-1.4424403893542604e-8,-0.18938256800174714],8,0.31330418586730959],[[776,222.69961547851563,47,-0.2269664704799652,2.4865768111226317e-8,-0.9739025831222534,1.609050226392128e-9,1,2.5157103067385834e-8,0.9739025831222534,4.142760801073564e-9,-0.2269664704799652],8,0.32292914390563967],[[776,222.69961547851563,47,-0.27934175729751589,1.505747171393068e-8,-0.9601917266845703,-2.607243843044671e-8,1,2.3266803594879094e-8,0.9601917266845703,3.153392924559739e-8,-0.27934175729751589],8,0.33167171478271487],[[776,222.69961547851563,47,-0.4319828450679779,3.452952812565968e-9,-0.9018818140029907,-4.4410214172785348e-8,1,2.510018859425145e-8,0.9018818140029907,5.0895614833734729e-8,-0.4319828450679779],8,0.3405778408050537],[[776,222.69961547851563,47,-0.52747642993927,-8.293375763912536e-9,-0.8495696783065796,-6.240961170078663e-8,1,2.898670103945733e-8,0.8495696783065796,6.831111676319779e-8,-0.52747642993927],8,0.353104829788208],[[776,222.69961547851563,47,-0.6344258189201355,-2.6365647443071795e-8,-0.772983729839325,-8.83729924794352e-8,1,3.8423142001420277e-8,0.772983729839325,9.268752165780825e-8,-0.6344258189201355],8,0.36119580268859866],[[776,222.69961547851563,47,-0.7347952723503113,-4.488198257490694e-8,-0.6782889366149902,-1.0460519206390018e-7,1,4.7150145121577228e-8,0.6782889366149902,1.0559824659139849e-7,-0.7347952723503113],8,0.3700129985809326],[[776,222.69961547851563,47,-0.826524019241333,-4.319633006844015e-8,-0.5629014372825623,-7.931704715247179e-8,1,3.9724742606495059e-8,0.5629014372825623,7.748113262096013e-8,-0.826524019241333],8,0.38329052925109866],[[776,222.69961547851563,47,-0.948247492313385,-4.5696776140857767e-8,-0.3175322115421295,-5.6867140330041369e-8,1,2.591027836729154e-8,0.3175322115421295,4.262650321606998e-8,-0.948247492313385],8,0.39670538902282717],[[776,222.69961547851563,47,-0.9933049082756043,-3.1071515138592079e-8,-0.11552222073078156,-3.144949189959334e-8,1,1.4492241851016275e-9,0.11552222073078156,5.072636977132561e-9,-0.9933049082756043],8,0.41080212593078616],[[776,222.69961547851563,47,-0.9986205101013184,-1.4708022355591766e-8,-0.05250747129321098,-1.3756070060821913e-8,1,-1.8491238762408103e-8,0.05250747129321098,-1.7743435165584743e-8,-0.9986205101013184],8,0.4237210750579834],[[776,222.69961547851563,47,-0.9968333840370178,9.856130134267005e-9,0.0795186385512352,6.0598193130090298e-9,1,-4.798246422410557e-8,-0.0795186385512352,-4.73486529983802e-8,-0.9968333840370178],8,0.44003891944885256],[[776,222.69961547851563,47,-0.9959656596183777,1.5863442115460203e-8,0.08973504602909088,1.0933665528511938e-8,1,-5.5428579059935149e-8,-0.08973504602909088,-5.4223828982458147e-8,-0.9959656596183777],8,0.44759368896484377],[[776,222.69961547851563,47,-0.9958155155181885,2.7056584528395434e-8,0.09138626605272293,2.0716189652603135e-8,1,-7.03287525993801e-8,-0.09138626605272293,-6.814128283849641e-8,-0.9958155155181885],8,0.4563884735107422],[[776,222.69961547851563,47,-0.9963332414627075,4.336990855335898e-8,0.08555740118026734,3.5580193014084219e-8,1,-9.257151845076805e-8,-0.08555740118026734,-8.918793525936053e-8,-0.9963332414627075],8,0.4646434783935547],[[776,222.69961547851563,47,-0.996366024017334,4.891093752235065e-8,0.08517498522996903,4.0542538215504467e-8,1,-9.997921779358876e-8,-0.08517498522996903,-9.616268670242789e-8,-0.996366024017334],8,0.47340869903564455],[[776,222.69961547851563,47,-0.9963663220405579,5.1116185062483058e-8,0.0851714015007019,4.286956567511879e-8,1,-9.86527766144718e-8,-0.0851714015007019,-9.464304895345777e-8,-0.9963663220405579],8,0.4814167022705078],[[776,222.69961547851563,47,-0.9963685870170593,4.4376957220038096e-8,0.08514482527971268,3.7600255353709147e-8,1,-8.119393157812738e-8,-0.08514482527971268,-7.769761367626416e-8,-0.9963685870170593],8,0.48926568031311037],[[776,222.69961547851563,47,-0.9963693618774414,3.764324318922263e-8,0.08513550460338593,3.2333911548221297e-8,1,-6.374217775828584e-8,-0.08513550460338593,-6.075799063864906e-8,-0.9963693618774414],8,0.49750375747680666],[[776,222.69961547851563,47,-0.9963696002960205,2.7549370784640815e-8,0.08513293415307999,2.4438939760784707e-8,1,-3.757835642659302e-8,-0.08513293415307999,-3.5361374273179538e-8,-0.9963696002960205],8,0.5088667869567871],[[776,222.69961547851563,47,-0.9963697791099548,2.0823813784431878e-8,0.08513111621141434,1.9178459709223717e-8,1,-2.014510513959067e-8,-0.08513111621141434,-1.843929098299668e-8,-0.9963697791099548],8,0.5171751976013184],[[776,222.69961547851563,47,-0.9963697791099548,1.4101198431148987e-8,0.08513098210096359,1.3920235630848765e-8,1,-2.719299008191456e-9,-0.08513098210096359,-1.5243840634227013e-9,-0.9963697791099548],8,0.5261349678039551],[[776,222.69961547851563,47,-0.9963697791099548,7.3814594436782958e-9,0.08513101935386658,8.664258643875656e-9,1,1.469906241169383e-8,-0.08513101935386658,1.5383298190840834e-8,-0.9963697791099548],8,0.5341246128082275],[[776,222.69961547851563,47,-0.9963697791099548,6.645913819269822e-10,0.08513102680444718,3.410528304215177e-9,1,3.21099840050465e-8,-0.08513102680444718,3.228375788921767e-8,-0.9963697791099548],8,0.5432600975036621],[[776,222.69961547851563,47,-0.9963697791099548,-6.049407197394885e-9,0.08513102680444718,-1.8409580526679293e-9,1,4.95134635514205e-8,-0.08513102680444718,4.917699669704234e-8,-0.9963697791099548],8,0.5513718128204346],[[776,222.69961547851563,47,-0.9963697791099548,-1.2760537515532633e-8,0.08513102680444718,-7.090201314952083e-9,1,6.690951437349213e-8,-0.08513102680444718,6.606301639067169e-8,-0.9963697791099548],8,0.5647006034851074],[[776,222.69961547851563,47,-0.9963697791099548,-2.28218564046756e-8,0.08513102680444718,-1.4959860905605639e-8,1,9.29896515344808e-8,-0.08513102680444718,9.13785243028542e-8,-0.9963697791099548],8,0.5734555721282959],[[776,222.69961547851563,47,-0.9963697791099548,-2.9525821787501628e-8,0.08513102680444718,-2.0203497541615435e-8,1,1.1036712521672598e-7,-0.08513102680444718,1.0824651752727732e-7,-0.9963697791099548],8,0.5817117691040039],[[776,222.69961547851563,47,-0.9963697791099548,-2.46254376889965e-8,0.08513102680444718,-1.742424338146975e-8,1,8.53325516914083e-8,-0.08513102680444718,8.353942604344411e-8,-0.9963697791099548],8,0.5903537273406982],[[776,222.69961547851563,47,-0.996370255947113,-2.135978149908624e-8,0.08512532711029053,-1.557230255855302e-8,1,6.865175805614854e-8,-0.08512532711029053,6.707697508545607e-8,-0.996370255947113],8,0.599663496017456],[[776,222.69961547851563,47,-0.9965173602104187,-1.7978855737510459e-8,0.08338560163974762,-1.369204394308099e-8,1,5.198135966111295e-8,-0.08338560163974762,5.065860619879459e-8,-0.9965173602104187],8,0.610288143157959],[[776,222.69961547851563,47,-0.9968032836914063,-1.127794213573452e-8,0.07989492267370224,-9.817264334799347e-9,1,1.86752888708952e-8,-0.07989492267370224,1.7831240484156298e-8,-0.9968032836914063],8,0.6259078979492188],[[776,222.69961547851563,47,-0.9975863099098206,-7.830736947767037e-9,0.06943764537572861,-7.706703719634334e-9,1,2.054144854213291e-9,-0.06943764537572861,1.5140514397771199e-9,-0.9975863099098206],8,0.6340117454528809],[[776,222.69961547851563,47,-0.9980477690696716,-4.561744315623173e-9,0.06245530769228935,-5.48083978202385e-9,1,-1.4544727200416219e-8,-0.06245530769228935,-1.4858640540182933e-8,-0.9980477690696716],8,0.6427509784698486],[[776,222.69961547851563,47,-0.9984599351882935,-1.408679617398434e-9,0.05547752603888512,-3.140006477053703e-9,1,-3.112054969278688e-8,-0.05547752603888512,-3.124682379507249e-8,-0.9984599351882935],8,0.6514875888824463],[[776,222.69961547851563,47,-0.9985557794570923,1.7918986294773732e-9,0.05372490733861923,-7.71095687301937e-10,1,-4.768515537989515e-8,-0.05372490733861923,-4.7657714219440098e-8,-0.9985557794570923],8,0.6601150035858154],[[776,222.69961547851563,47,-0.9984607696533203,1.4882633792012712e-8,0.05546300858259201,8.579202237513073e-9,1,-1.1388917897647844e-7,-0.05546300858259201,-1.1323804471885524e-7,-0.9984607696533203],8,0.6930193901062012],[[775.9495849609375,222.69961547851563,46.997196197509769,-0.9984607696533203,1.5448179624399928e-8,0.05546277016401291,9.243242615752934e-9,1,-1.1213225548090122e-7,-0.05546277016401291,-1.1144700096110683e-7,-0.9984607696533203],8,0.7027549743652344],[[775.7744140625,222.69961547851563,46.987464904785159,-0.998362123966217,1.2468169607871005e-8,0.057211171835660937,7.785653011183058e-9,1,-8.206909996033574e-8,-0.057211171835660937,-8.148925445539135e-8,-0.998362123966217],8,0.7216360569000244],[[775.2433471679688,222.69961547851563,46.957096099853519,-0.9988235831260681,3.2990139509081475e-9,0.04849132150411606,3.2042593023362544e-9,1,-2.0317905136124638e-9,-0.04849132150411606,-1.874021604564291e-9,-0.9988235831260681],8,0.752293586730957],[[775.0435791015625,222.69961547851563,46.94706726074219,-0.9999078512191773,6.385287437682408e-11,0.013575409539043904,4.4222292494566775e-10,1,2.7868720664514514e-8,-0.013575409539043904,2.7872154362285074e-8,-0.9999078512191773],8,0.7599351406097412],[[774.8436279296875,222.69961547851563,46.94301223754883,-0.9999883770942688,-2.8577837873910996e-9,0.0048203617334365849,-2.579559454929381e-9,1,5.772476541210381e-8,-0.0048203617334365849,5.771165945134271e-8,-0.9999883770942688],8,0.7754578590393066],[[774.7103271484375,222.69961547851563,46.9420051574707,-0.9999407529830933,-4.06034450506354e-9,-0.010885767638683319,-4.905197137361483e-9,1,7.758409026337176e-8,0.010885767638683319,7.763289033846377e-8,-0.9999407529830933],8,0.7809514999389648],[[774.5770263671875,222.69961547851563,46.94286346435547,-0.9998701810836792,-5.763003407821543e-9,-0.016111182048916818,-7.333547102916782e-9,1,9.742250739463998e-8,0.016111182048916818,9.7528015885473e-8,-0.9998701810836792],8,0.790071964263916],[[774.3770751953125,222.69961547851563,46.945796966552737,-0.999840497970581,-7.378430311177908e-9,-0.017861638218164445,-9.322889127361123e-9,1,1.0877899825345594e-7,0.017861638218164445,1.0892816959540142e-7,-0.999840497970581],8,0.8139283657073975],[[773.9771728515625,222.69961547851563,46.95285415649414,-0.9998404383659363,-5.451759932384448e-9,-0.01786259189248085,-6.488861448161742e-9,1,5.800200497674268e-8,0.01786259189248085,5.810866099409395e-8,-0.9998404383659363],8,0.8248598575592041],[[773.8438720703125,222.69961547851563,46.95523452758789,-0.9998700618743897,-4.911316686673217e-9,-0.01612119749188423,-5.574448014300515e-9,1,4.108918716383414e-8,0.01612119749188423,4.117371332768016e-8,-0.9998700618743897],8,0.8347148895263672],[[773.7105712890625,222.69961547851563,46.95744323730469,-0.9999728202819824,-4.629987504500832e-9,-0.007372821681201458,-4.8083657055997268e-9,1,2.417624500594684e-8,0.007372821681201458,2.4211038507360173e-8,-0.9999728202819824],8,0.8436906337738037],[[773.4439697265625,222.69961547851563,46.95976257324219,-0.9999999403953552,-3.517180102718953e-9,-0.0003836476244032383,-3.5134828380023466e-9,1,-9.637846076770984e-9,0.0003836476244032383,-9.636497821929879e-9,-0.9999999403953552],8,0.858539342880249],[[773.3106689453125,222.69961547851563,46.960060119628909,-0.9999487996101379,-2.775212282202233e-9,0.01012120395898819,-3.0439841758322929e-9,1,-2.6539922259871674e-8,-0.01012120395898819,-2.656937070355525e-8,-0.9999487996101379],8,0.867875337600708],[[772.7108154296875,222.69961547851563,46.95445251464844,-0.999275803565979,8.471472967563898e-10,0.03805079311132431,-3.056766173514802e-9,1,-1.025392535325409e-7,-0.03805079311132431,-1.0258130345164318e-7,-0.999275803565979],8,0.9026925563812256],[[772.5108642578125,222.69961547851563,46.94790267944336,-0.9960671663284302,6.053958667706638e-9,0.08860115706920624,-3.687980587585571e-9,1,-1.0978903475233892e-7,-0.08860115706920624,-1.0968400943056622e-7,-0.9960671663284302],8,0.9168922901153565],[[771.7803344726563,222.69961547851563,46.88500213623047,-0.995749294757843,-4.3111975100984525e-10,0.09210511296987534,-8.365229620110881e-10,1,-4.362921579570411e-9,-0.09210511296987534,-4.421424115719219e-9,-0.995749294757843],8,0.962885856628418],[[771.2490844726563,222.69961547851563,46.836029052734378,-0.9977039098739624,-5.526029411839772e-9,0.0677269771695137,-6.387718132216946e-10,1,7.218282149779043e-8,-0.0677269771695137,7.197382245749395e-8,-0.9977039098739624],8,0.9964821338653565],[[771.0496215820313,222.69961547851563,46.821563720703128,-0.9996194839477539,-4.497580974316406e-9,0.027584899216890336,-1.716750186453453e-9,1,1.0083358148449406e-7,-0.027584899216890336,1.007478545034246e-7,-0.9996194839477539],8,1.0058116912841797],[[770.9163818359375,222.69961547851563,46.81645965576172,-0.9998224973678589,-4.086264215885649e-9,0.01883922889828682,-2.155117639901505e-9,1,1.0252698245949432e-7,-0.01883922889828682,1.0246818504811017e-7,-0.9998224973678589],8,1.0189011096954346],[[770.7164306640625,222.69961547851563,46.812137603759769,-0.9999880790710449,-2.1988235676673186e-9,0.0048773400485515598,-1.8135755119885744e-9,1,7.899173226633138e-8,-0.0048773400485515598,7.898194098743261e-8,-0.9999880790710449],8,1.0293593406677247],[[770.4498291015625,222.69961547851563,46.81025695800781,-0.9999999403953552,-1.178094954923381e-9,-0.0003481241874396801,-1.1946788003314169e-9,1,4.763764849258223e-8,0.0003481241874396801,4.763806060736897e-8,-0.9999999403953552],8,1.048901081085205],[[770.1832275390625,222.69961547851563,46.81013107299805,-0.9999729990959168,-2.3692572903577516e-10,-0.007352557498961687,-3.5689570743180356e-10,1,1.631545387681399e-8,0.007352557498961687,1.6317637019369614e-8,-0.9999729990959168],8,1.0638432502746583],[[770.0499267578125,222.6894073486328,46.81017303466797,-0.9999412894248962,1.2341246080627145e-10,-0.010833323001861573,1.1620487211372321e-10,1,6.65945409927815e-10,0.010833323001861573,6.646474481897258e-10,-0.9999412894248962],8,1.0706055164337159],[[769.9166259765625,223.13108825683595,46.810218811035159,-0.9998976588249207,4.2912795539251649e-10,-0.014307521283626557,6.434509591812798e-10,1,-1.497513935078132e-8,0.014307521283626557,-1.4982813212327529e-8,-0.9998976588249207],3,1.0804078578948975],[[769.7833251953125,223.56253051757813,46.8116455078125,-0.9998364448547363,8.607048407327511e-10,0.01808556541800499,3.0669580763920126e-10,1,-3.063543729808771e-8,-0.01808556541800499,-3.0624878633034316e-8,-0.9998364448547363],5,1.0957920551300049],[[769.5167236328125,224.38455200195313,46.81617736816406,-0.9960229992866516,2.1139285877325166e-9,0.08909623324871063,-3.4177447538752405e-9,1,-6.193394597175939e-8,-0.08909623324871063,-6.199213942181814e-8,-0.9960229992866516],5,1.1024525165557862],[[769.3834228515625,224.77513122558595,46.81975555419922,-0.9996449947357178,-3.3838341018110897e-9,0.02664325200021267,-5.4578652708414669e-9,1,-7.777180144330487e-8,-0.02664325200021267,-7.788960942889389e-8,-0.9996449947357178],5,1.111057996749878],[[769.3167724609375,224.96530151367188,46.822078704833987,-0.9998687505722046,-7.790337264168557e-9,-0.016199588775634767,-6.401624563778796e-9,1,-8.577706722689982e-8,0.016199588775634767,-8.566210851768119e-8,-0.9998687505722046],5,1.1210317611694337],[[769.1170043945313,225.51539611816407,46.83137893676758,-0.9992719292640686,-6.0388760658725008e-9,0.03815247118473053,-1.0244363579658966e-8,1,-1.10032956968098e-7,-0.03815247118473053,-1.1034369151730061e-7,-0.9992719292640686],5,1.127436876296997],[[768.9839477539063,225.86509704589845,46.83912658691406,-0.9999437928199768,-1.4024147176883162e-8,-0.010604621842503548,-1.2682157546350936e-8,1,-1.2661487858167676e-7,0.010604621842503548,-1.2647326741443977e-7,-0.9999437928199768],5,1.1360952854156495],[[768.8509521484375,226.201171875,46.84880828857422,-0.9996545314788818,-1.8954617431177213e-8,-0.026283254846930505,-1.518613856887896e-8,1,-1.4357907218709443e-7,0.026283254846930505,-1.4313032181689778e-7,-0.9996545314788818],5,1.1444385051727296],[[768.7181396484375,226.52362060546876,46.860557556152347,-0.9990435838699341,-2.4751050986537849e-8,-0.043726030737161639,-1.7728352119661396e-8,1,-1.6099461674912164e-7,0.043726030737161639,-1.6006545422442287e-7,-0.9990435838699341],5,1.152069091796875],[[768.5855712890625,226.8324432373047,46.87455749511719,-0.9981277585029602,-2.8142022046040439e-8,-0.061163999140262607,-1.9426449782145029e-8,1,-1.4308980667010474e-7,0.061163999140262607,-1.4163370565256629e-7,-0.9981277585029602],5,1.1602880954742432],[[768.4532470703125,227.1276397705078,46.89086151123047,-0.9969069361686707,-3.094852374374568e-8,-0.07859111577272415,-2.1136294492407616e-8,1,-1.256834849527877e-7,0.07859111577272415,-1.2363361179268396e-7,-0.9969069361686707],5,1.1689071655273438],[[768.3212280273438,227.40921020507813,46.90947341918945,-0.9953837394714356,-3.3187031789339019e-8,-0.09597533196210861,-2.285941391733104e-8,1,-1.0870650868355369e-7,0.09597533196210861,-1.0601074507121666e-7,-0.9953837394714356],5,1.1771533489227296],[[768.1895751953125,227.67715454101563,46.930389404296878,-0.9920940399169922,-3.616647248350091e-8,-0.12549664080142976,-2.4803130216355386e-8,1,-9.210951645854948e-8,0.12549664080142976,-8.826859243526997e-8,-0.9920940399169922],5,1.1867153644561768],[[768.0585327148438,227.9314727783203,46.95479202270508,-0.9902416467666626,-3.700938577821944e-8,-0.13936114311218263,-2.6707228428790587e-8,1,-7.579427574455622e-8,0.13936114311218263,-7.133269264159026e-8,-0.9902416467666626],5,1.1946518421173096],[[767.9278564453125,228.17218017578126,46.98149490356445,-0.9881990551948547,-3.7381372663958248e-8,-0.1531752496957779,-2.857429137748113e-8,1,-5.969818772655344e-8,0.1531752496957779,-5.461681951146602e-8,-0.9881990551948547],5,1.2025339603424073],[[767.7976684570313,228.3992462158203,47.01008987426758,-0.9862553477287293,-3.719120655887309e-8,-0.16522815823554994,-3.037888163248681e-8,1,-4.375689854896336e-8,0.16522815823554994,-3.813602944546801e-8,-0.9862553477287293],5,1.2104740142822266],[[767.7327270507813,228.50767517089845,47.02510452270508,-0.9773404598236084,-3.830387385050926e-8,-0.21167351305484773,-3.1428712077286039e-8,1,-3.584446162108179e-8,0.21167351305484773,-2.837961510238074e-8,-0.9773404598236084],5,1.2185032367706299],[[767.5386352539063,228.81251525878907,47.073211669921878,-0.9874062538146973,-3.518872304653087e-8,-0.1582050919532776,-3.370077195086196e-8,1,-1.208791378104479e-8,0.1582050919532776,-6.604047975145022e-9,-0.9874062538146973],5,1.2268366813659669],[[767.40966796875,228.99871826171876,47.106895446777347,-0.9788236021995544,-3.3873348570523379e-8,-0.20470558106899262,-3.538790238621914e-8,1,3.737875342579855e-9,0.20470558106899262,1.0902821756531012e-8,-0.9788236021995544],5,1.235551357269287],[[767.2810668945313,229.17127990722657,47.14229202270508,-0.9762516617774963,-3.188387509567292e-8,-0.2166394740343094,-3.702004036654216e-8,1,1.9650169491569615e-8,0.2166394740343094,2.7203512331652747e-8,-0.9762516617774963],5,1.244894027709961],[[767.1529541015625,229.33023071289063,47.17930221557617,-0.9727280139923096,-2.93181550148347e-8,-0.23194867372512818,-3.865394049284987e-8,1,3.570452022927384e-8,0.23194867372512818,4.369651662727847e-8,-0.9727280139923096],5,1.2524445056915284],[[767.0254516601563,229.47555541992188,47.21821212768555,-0.9685232043266296,-2.6115753115618646e-8,-0.2489231824874878,-4.0319360294915899e-8,1,5.1961755787033329e-8,0.2489231824874878,6.036259492248064e-8,-0.9685232043266296],5,1.2610747814178467],[[766.8352661132813,229.66799926757813,47.28006362915039,-0.9719379544258118,-2.311679203614858e-8,-0.23523740470409394,-4.239644724179925e-8,1,7.690070447097242e-8,0.23523740470409394,8.471594270531568e-8,-0.9719379544258118],5,1.2740797996520997],[[766.772216796875,229.72532653808595,47.30165481567383,-0.9481832981109619,-1.40384859292908e-8,-0.3177238404750824,-4.340611781117332e-8,1,8.535233320117186e-8,0.3177238404750824,9.472081075045935e-8,-0.9481832981109619],5,1.280271291732788],[[766.58447265625,229.87689208984376,47.37052536010742,-0.9612168073654175,-1.3250027741662507e-8,-0.27579379081726076,-4.575208834012301e-8,1,1.1141531075509192e-7,0.27579379081726076,1.1971241065111827e-7,-0.9612168073654175],5,1.2890734672546387],[[766.5223388671875,229.92059326171876,47.394649505615237,-0.9321483969688416,-1.7308274258276413e-10,-0.36207646131515505,-4.691549904123349e-8,1,1.2030365326154425e-7,0.36207646131515505,1.291278550752395e-7,-0.9321483969688416],5,1.2978150844573975],[[766.3379516601563,230.03128051757813,47.47206115722656,-0.9460133910179138,8.525253836211277e-10,-0.32412761449813845,-4.9775628951920228e-8,1,1.4790758484650724e-7,0.32412761449813845,1.560562168378965e-7,-0.9460133910179138],5,1.3059258460998536],[[766.277099609375,230.06137084960938,47.49921417236328,-0.9111819267272949,1.7613523084492045e-8,-0.4120042026042938,-4.447678847441239e-8,1,1.411149952446067e-7,0.4120042026042938,1.4690606064959867e-7,-0.9111819267272949],5,1.313962459564209],[[766.156982421875,230.11131286621095,47.55696487426758,-0.9126636981964111,2.1191997490177529e-8,-0.40871140360832217,-3.3929154596989977e-8,1,1.2761547907302885e-7,0.40871140360832217,1.3033725565492205e-7,-0.9126636981964111],5,1.3226275444030762],[[766.0386962890625,230.14764404296876,47.61836242675781,-0.8986029028892517,2.9302142934284349e-8,-0.4387628436088562,-2.3225544154570345e-8,1,1.1435034963369617e-7,0.4387628436088562,1.1294606139244934e-7,-0.8986029028892517],5,1.3304352760314942],[[765.9224243164063,230.1703338623047,47.68355941772461,-0.8827337622642517,3.670220749540931e-8,-0.46987345814704897,-1.2333591925539622e-8,1,1.0128149341426252e-7,0.46987345814704897,9.519982313577202e-8,-0.8827337622642517],5,1.3389663696289063],[[765.7517700195313,230.1788330078125,47.78776550292969,-0.8640879988670349,4.529215047455182e-8,-0.5033407807350159,4.5879047227970208e-9,1,8.210698609900646e-8,0.5033407807350159,6.863837853643418e-8,-0.8640879988670349],5,1.348445177078247],[[765.6419677734375,230.16746520996095,47.86326217651367,-0.8267780542373657,5.2547637352517998e-8,-0.5625282526016235,1.626131584941959e-8,1,6.951319164727465e-8,0.5625282526016235,4.83245337079552e-8,-0.8267780542373657],5,1.3571295738220215],[[765.5887451171875,230.15667724609376,47.90333557128906,-0.7853987812995911,5.6786845448186798e-8,-0.6189900636672974,2.2352304895889575e-8,1,6.337964464364632e-8,0.6189900636672974,3.594244191162943e-8,-0.7853987812995911],5,1.3646857738494874],[[765.4345703125,230.10386657714845,48.0306396484375,-0.803587794303894,5.882275644353285e-8,-0.595186173915863,4.036761680481504e-8,1,4.4328700710138949e-8,0.595186173915863,1.1595754578763718e-8,-0.803587794303894],5,1.373497486114502],[[765.3845825195313,230.07945251464845,48.0747184753418,-0.7390972971916199,6.021691234536775e-8,-0.6735987067222595,4.671533204714251e-8,1,3.813804383412389e-8,0.6735987067222595,-3.279662319499721e-9,-0.7390972971916199],5,1.380523920059204],[[765.2879028320313,230.02040100097657,48.166507720947269,-0.7379987835884094,6.114315453942254e-8,-0.6748020052909851,5.950174042368417e-8,1,2.553480804579067e-8,0.6748020052909851,-2.130723686377678e-8,-0.7379987835884094],5,1.388960599899292],[[765.1947021484375,229.94772338867188,48.26181411743164,-0.7139707207679749,6.072050240391036e-8,-0.7001755833625794,7.25664790479641e-8,1,1.2725609899177926e-8,0.7001755833625794,-4.1723566823748118e-8,-0.7139707207679749],5,1.3972179889678956],[[765.1049194335938,229.86141967773438,48.3603401184082,-0.6916117668151856,5.911447686912652e-8,-0.7222694754600525,8.58838049566657e-8,1,-3.928896652460878e-10,0.7222694754600525,-6.230298055243111e-8,-0.6916117668151856],5,1.4055449962615967],[[765.018310546875,229.76148986816407,48.461727142333987,-0.6672666668891907,5.6070494025561859e-8,-0.7448188662528992,9.949695822797367e-8,1,-1.3856400471468078e-8,0.7448188662528992,-8.335312884355517e-8,-0.6672666668891907],5,1.413708209991455],[[764.9351196289063,229.64794921875,48.56590270996094,-0.6421756744384766,5.1587178973022677e-8,-0.766557514667511,1.1342776673473054e-7,1,-2.772573459708383e-8,0.766557514667511,-1.0475369549567404e-7,-0.6421756744384766],5,1.4224176406860352],[[764.825439453125,229.4520721435547,48.726531982421878,-0.6322667002677918,4.782981832818223e-8,-0.774750828742981,1.349655178728426e-7,1,-4.840831735464235e-8,0.774750828742981,-1.3517160368792248e-7,-0.6322667002677918],5,1.4348971843719483],[[764.7643432617188,229.30445861816407,48.83662796020508,-0.5405714511871338,2.9557778447042439e-8,-0.8412981033325195,1.5058446933835513e-7,1,-6.162368038076238e-8,0.8412981033325195,-1.5999843583358598e-7,-0.5405714511871338],5,1.4524707794189454],[[764.6713256835938,228.96835327148438,49.062583923339847,-0.4983144998550415,7.695829751241945e-9,-0.8669963479042053,1.1584939585418397e-7,1,-5.770912636648973e-8,0.8669963479042053,-1.2919829828206276e-7,-0.4983144998550415],5,1.461087942123413],[[764.6177368164063,228.57774353027345,49.29389953613281,-0.3807133436203003,-2.0796207422790759e-8,-0.9246931076049805,8.10877622825501e-8,1,-5.587518714378348e-8,0.9246931076049805,-9.625372143773348e-8,-0.3807133436203003],5,1.4829001426696778],[[764.6038208007813,228.1326446533203,49.52663803100586,-0.3045150339603424,-3.672711912372506e-8,-0.9525075554847717,4.684500964913241e-8,1,-5.353462029233924e-8,0.9525075554847717,-6.09223178571483e-8,-0.3045150339603424],5,1.4895224571228028],[[764.6065063476563,228.01284790039063,49.58460998535156,-0.13866034150123597,-4.7735429831163859e-8,-0.990339994430542,3.8282156111790758e-8,1,-5.356104892939584e-8,0.990339994430542,-4.533914577109499e-8,-0.13866034150123597],5,1.4970531463623047],[[764.6193237304688,227.76304626464845,49.699432373046878,-0.0841279923915863,-5.22886338671924e-8,-0.9964549541473389,2.1214997758534083e-8,1,-5.42657829782911e-8,0.9964549541473389,-2.5705061190706148e-8,-0.0841279923915863],5,1.5064949989318848],[[764.6094360351563,227.49961853027345,49.796871185302737,0.0006315904902294278,-0.00005356541441869922,-0.9999998211860657,-0.000003170728405166301,1,-0.00005356742622097954,0.9999998211860657,0.0000032045604712038768,0.0006315903156064451],5,1.5135631561279297],[[764.5617065429688,227.22256469726563,49.890907287597659,0.08786170929670334,-0.0002130456705344841,-0.9961326718330383,-0.000016249225154751913,1,-0.00021530600497499108,0.9961326718330383,0.000035103537811664867,0.08786170184612274],5,1.5216169357299805],[[764.5096435546875,226.931884765625,49.98213195800781,0.1761394739151001,0.0009371089399792254,-0.9843647480010986,0.0000418486597482115,0.9999995231628418,0.0009594814036972821,0.9843652248382568,-0.00021019690029788762,0.17613935470581056],5,1.529249906539917],[[764.4590454101563,226.62757873535157,50.069671630859378,0.26497167348861697,-0.0009665407706052065,-0.964255690574646,-0.000016492429494974205,0.999999463558197,-0.0010069012641906739,0.9642561674118042,0.0002827032294590026,0.264971524477005],5,1.5374250411987305],[[764.4120483398438,226.30966186523438,50.15215301513672,0.35165029764175417,0.00000492531080453773,-0.9361314177513123,-0.000018942275346489624,1,-0.0000018541689996709466,0.9361314177513123,0.00001838447860791348,0.35165029764175417],5,1.5455281734466553],[[764.3728637695313,225.9781036376953,50.22925567626953,0.43399038910865786,-0.00002557694460847415,-0.9009174704551697,-0.0000241906145674875,1,-0.00004004299989901483,0.9009174704551697,0.00003917202411685139,0.43399038910865786],5,1.5542628765106202],[[764.3145141601563,225.6329345703125,50.320953369140628,0.5669167041778565,-0.00012584318756125867,-0.8237751126289368,-0.0000348559879057575,1,-0.00017675166600383818,0.8237751126289368,0.00012891697406303138,0.5669167041778565],5,1.5624570846557618],[[764.3015747070313,225.2741241455078,50.3829460144043,0.5719578266143799,-0.00007233928045025095,-0.8202829957008362,-0.00003395681414986029,1,-0.00011186522897332907,0.8202829957008362,0.00009183639485854656,0.5719578266143799],5,1.5692424774169922],[[764.2766723632813,224.90170288085938,50.44657516479492,0.6763122081756592,0.00006623066292377189,-0.7366150617599487,-0.00002383570790698286,1,0.0000680277735227719,0.7366150617599487,-0.000028450271202018486,0.6763122081756592],5,1.5782227516174317],[[764.2697143554688,224.7103729248047,50.475624084472659,0.6985610723495483,0.00006199283234309405,-0.715550422668457,-0.000017711023247102277,1,0.00006934605335118249,0.715550422668457,-0.000035769327951129529,0.6985610723495483],5,1.585871934890747],[[764.2356567382813,224.115966796875,50.56390380859375,0.7393326163291931,-0.0000034672020774451086,-0.6733404397964478,-0.000005350727406039368,1,-0.000011024392733816058,0.6733404397964478,0.000011753553735616152,0.7393326163291931],5,1.5947189331054688],[[764.2252807617188,223.70266723632813,50.618900299072269,0.7927217483520508,-0.000003254941475461237,-0.6095836162567139,-0.0000025659476250439185,1,-0.000008676453035150189,0.6095836162567139,0.000008442172656941694,0.7927217483520508],5,1.6039729118347169],[[764.2235717773438,223.27574157714845,50.669097900390628,0.8194032311439514,-0.0000021467553779075389,-0.5732175707817078,-0.0000012282282568776282,1,-0.000005500824954651762,0.5732175707817078,0.00000521143601872609,0.8194032311439514],5,1.6107544898986817],[[764.2303466796875,222.83518981933595,50.714176177978519,0.8403061628341675,-0.0000010508803143238766,-0.5421121716499329,-6.376448595801776e-7,1,-0.0000029268799153214788,0.5421121716499329,0.000002805150188578409,0.8403061628341675],5,1.620957374572754],[[764.2454833984375,222.38101196289063,50.753849029541019,0.8563311100006104,-3.3486088568679408e-7,-0.5164271593093872,-3.676156268284103e-7,1,-0.0000012579927215483622,0.5164271593093872,0.0000012671050626522629,0.8563311100006104],5,1.6280701160430909],[[764.256103515625,222.14881896972657,50.771575927734378,0.8703900575637817,-1.1077727180008879e-7,-0.4923627972602844,-2.8237300853106719e-7,1,-7.241650337164174e-7,0.4923627972602844,7.693360544180905e-7,0.8703900575637817],5,1.6355116367340088],[[764.2361450195313,221.9343719482422,50.79499435424805,0.8539703488349915,-0.17268863320350648,-0.4908291697502136,0.11839981377124787,0.9830650091171265,-0.13987396657466889,0.5066716074943543,0.06133413314819336,0.8599546551704407],5,1.6442720890045167],[[764.2573852539063,221.9423828125,50.78345489501953,0.8502393364906311,-0.18411079049110413,-0.4931493401527405,0.12323513627052307,0.9804248213768005,-0.15355880558490754,0.5117676854133606,0.06978841871023178,0.8562846779823303],5,1.654116153717041],[[764.2786254882813,221.94271850585938,50.774078369140628,0.8590533137321472,-0.16298507153987885,-0.48524561524391177,0.10760428011417389,0.9842726588249207,-0.14010213315486909,0.5004485249519348,0.06814069300889969,0.8630805611610413],5,1.6598286628723145],[[764.3947143554688,221.90943908691407,50.72740936279297,0.8281189799308777,-0.062264371663331988,-0.5570835471153259,0.034961946308612826,0.9976140856742859,-0.05952995643019676,0.5594609975814819,0.029821163043379785,0.8283200263977051],5,1.6732656955718995],[[764.4852905273438,222.16018676757813,50.71242904663086,0.868560254573822,-0.004112831316888332,-0.4955664873123169,0.0012342053232714534,0.9999803900718689,-0.006135945674031973,0.4955820143222809,0.004717807751148939,0.8685483336448669],7,1.6840977668762208],[[764.5894775390625,222.66998291015626,50.77378463745117,0.8616690635681152,0.012786226347088814,-0.5073095560073853,-0.022500289604067804,0.9996620416641235,-0.013021434657275677,0.5069715976715088,0.022634780034422876,0.8616654872894287],7,1.6945734024047852],[[764.6607666015625,222.95846557617188,50.81174850463867,0.8686311841011047,0.01863139122724533,-0.49510881304740908,-0.021363697946071626,0.999771773815155,0.00014131107309367508,0.4949984550476074,0.010454608127474785,0.8688309788703919],7,1.7044506072998047],[[764.7264404296875,223.1862030029297,50.86134338378906,0.8720537424087524,0.008375235833227635,-0.4893384873867035,-0.01221255399286747,0.9999145865440369,-0.004650119226425886,0.4892577528953552,0.010031227022409439,0.8720815181732178],7,1.7124876976013184],[[764.79931640625,223.36328125,50.89924240112305,0.8763960599899292,-0.0005232979310676456,-0.48159080743789675,-0.0019566710107028486,0.9999873042106628,-0.004647327121347189,0.48158711194992068,0.005015213508158922,0.876383900642395],7,1.7195303440093995],[[764.8790283203125,223.4993896484375,50.92854690551758,0.8796456456184387,-0.00044670404167845845,-0.47562938928604128,0.0020107997115701439,0.9999940991401672,0.0027796640060842039,0.47562533617019656,-0.0034015148412436249,0.8796414136886597],8,1.7275545597076417],[[764.914794921875,223.55372619628907,50.948848724365237,0.8828780651092529,-0.008896177634596825,-0.4695180356502533,0.004447531886398792,0.9999340772628784,-0.010583114810287953,0.4695812463760376,0.007255403324961662,0.882859468460083],8,1.7354755401611329],[[764.98388671875,223.6392059326172,50.98948669433594,0.885028064250946,-0.0003213742165826261,-0.46553754806518557,0.002762826159596443,0.9999857544898987,0.004562058486044407,0.4655294716358185,-0.005323749501258135,0.8850163817405701],8,1.7436573505401612],[[765.0533447265625,223.70498657226563,51.02355194091797,0.8881625533103943,-0.0019350466318428517,-0.45952528715133669,0.0029800410848110916,0.9999943375587463,0.001548829604871571,0.4595196843147278,-0.0027450176421552898,0.8881633281707764],8,1.7519690990447999],[[765.12158203125,223.75547790527345,51.05644989013672,0.890678346157074,-0.003922432195395231,-0.4546170234680176,0.0033891976345330478,0.9999922513961792,-0.0019878633320331575,0.4546213150024414,0.00022975947649683803,0.8906847834587097],8,1.7593157291412354],[[765.1902465820313,223.7947235107422,51.08664321899414,0.8927358388900757,-0.0036995888222008945,-0.4505651891231537,0.0031983787193894388,0.9999931454658508,-0.0018737711943686009,0.4505690336227417,0.00023170467466115952,0.8927415609359741],8,1.7683687210083008],[[765.2608642578125,223.8255157470703,51.113346099853519,0.9009062647819519,-0.0033326754346489908,-0.4340008795261383,0.0029458124190568926,0.9999944567680359,-0.0015639503253623844,0.43400368094444277,0.00013048744585830718,0.9009110927581787],8,1.7770013809204102],[[765.3243408203125,223.85861206054688,51.125709533691409,0.9102134108543396,-0.003165954491123557,-0.4141274094581604,0.002887894632294774,0.9999949932098389,-0.001