[[[776,222.69961547851563,47,1,-1.6072267072786418e-8,9.815523671901239e-15,1.6072267072786418e-8,1,-4.075141291082218e-8,-9.160556292469799e-15,4.075141291082218e-8,1],8,0.006837606430053711],[[776,222.69961547851563,47,1,-5.516872736421874e-9,9.670755576820112e-15,5.516872736421874e-9,1,-1.3988087133043337e-8,-9.593584946094615e-15,1.3988087133043337e-8,1],8,0.021661043167114259],[[776,222.69961547851563,47,1,8.546463092784507e-9,9.916847447117693e-15,-8.546463092784507e-9,1,2.166967405514697e-8,-9.731648775398224e-15,-2.166967405514697e-8,1],8,0.03640866279602051],[[776,222.69961547851563,47,1,2.2597781423883135e-8,1.0663422286827634e-14,-2.2597781423883135e-8,1,5.729697605261208e-8,-9.368637559259343e-15,-5.729697605261208e-8,1],8,0.06597709655761719],[[776,222.69961547851563,47,1,3.7133261798771858e-8,1.2141303350340308e-14,-3.7133261798771858e-8,1,9.415189339279095e-8,-8.64513589703261e-15,-9.415189339279095e-8,1],8,0.09048223495483399],[[776,222.69961547851563,47,1,2.736000226377655e-8,1.1469058192850775e-14,-2.736000226377655e-8,1,6.937166574516596e-8,-9.571048787499967e-15,-6.937166574516596e-8,1],8,0.10060596466064453],[[776,222.69961547851563,47,1,7.832273496433118e-9,1.084550895949889e-14,-7.832273496433118e-9,1,1.985883812949396e-8,-1.068996914642753e-14,-1.985883812949396e-8,1],8,0.1333332061767578],[[776,222.69961547851563,47,1,-8.421718433737624e-9,1.1062986362772327e-14,8.421718433737624e-9,1,-2.1353391943534917e-8,-1.088315449180666e-14,2.1353391943534917e-8,1],8,0.14354634284973145],[[776,222.69961547851563,47,1,-1.8165779991363708e-8,1.1514397325418455e-14,1.8165779991363708e-8,1,-4.605960413073262e-8,-1.0677688862758238e-14,4.605960413073262e-8,1],8,0.15784525871276856],[[776,222.69961547851563,47,-0.9805884957313538,4.36490887878449e-9,-0.1960771381855011,3.4509930468828999e-9,1,5.002648517660191e-9,0.1960771381855011,4.228878580647688e-9,-0.9805884957313538],8,0.18532061576843263],[[776,222.69961547851563,47,-0.9999734163284302,-3.1047886484003586e-9,-0.007295515388250351,-3.3835030333051465e-9,1,3.819116045633564e-8,0.007295515388250351,3.8214828634863809e-8,-0.9999734163284302],8,0.2148420810699463],[[776,222.69961547851563,47,-0.9960472583770752,-1.5766495664593095e-8,0.08882520347833634,-7.945630819961025e-9,1,8.840139287258353e-8,-0.08882520347833634,8.734619427741564e-8,-0.9960472583770752],8,0.2259838581085205],[[776,222.69961547851563,47,-0.9922013282775879,-2.4812928600681518e-8,0.12464547902345658,-9.690380942117827e-9,1,1.2193076770472545e-7,-0.12464547902345658,1.1977201097579383e-7,-0.9922013282775879],8,0.2411651611328125],[[776,222.69961547851563,47,-0.9869486093521118,-1.8449016536692399e-8,0.1610354781150818,-5.274062520044254e-9,1,8.224143499546699e-8,-0.1610354781150818,8.031876319591902e-8,-0.9869486093521118],8,0.2655646800994873],[[775.7769165039063,222.69961547851563,46.963592529296878,-0.974875271320343,-1.0034762354393934e-8,0.2227514386177063,-2.883635996653311e-9,1,3.2428868479428277e-8,-0.2227514386177063,3.0971769149346076e-8,-0.974875271320343],8,0.28135156631469729],[[775.4527587890625,222.69961547851563,46.892005920410159,-0.9623460173606873,1.8218291319982428e-9,0.2718273997306824,-3.018232774820717e-9,1,-1.738755273095194e-8,-0.2718273997306824,-1.7553281494997465e-8,-0.9623460173606873],8,0.31301116943359377],[[775.0673828125,222.69961547851563,46.78525161743164,-0.9318370819091797,1.957246276163005e-8,0.36287686228752139,-8.905804094183623e-9,1,-7.680628044681726e-8,-0.36287686228752139,-7.480264940795678e-8,-0.9318370819091797],8,0.33479785919189455],[[774.7555541992188,222.69961547851563,46.667911529541019,-0.9172050952911377,3.067083653718328e-8,0.39841538667678835,-1.3393616882240167e-8,1,-1.0781593573483406e-7,-0.39841538667678835,-1.0422554908018356e-7,-0.9172050952911377],8,0.36319756507873537],[[774.326904296875,222.69961547851563,46.483436584472659,-0.9136881828308106,1.4326118957797007e-8,0.4064159691333771,-6.232665938910031e-9,1,-4.926192431753407e-8,-0.4064159691333771,-4.7543093018020957e-8,-0.9136881828308106],8,0.38974475860595705],[[773.9613037109375,222.69961547851563,46.321189880371097,-0.9136881828308106,-4.428457323069068e-10,0.4064159691333771,-1.0321390964129762e-10,1,8.575952725742297e-10,-0.4064159691333771,7.416268710258578e-10,-0.9136881828308106],8,0.39951395988464358],[[773.534912109375,222.69961547851563,46.13152313232422,-0.9136881828308106,-1.7649384176365858e-8,0.4064159691333771,7.0379075900461889e-9,1,5.924923840439078e-8,-0.4064159691333771,5.699564553651726e-8,-0.9136881828308106],8,0.42954373359680178],[[773.3521728515625,222.69961547851563,46.050235748291019,-0.9136881828308106,-2.5015738813749523e-8,0.4064159691333771,1.0095123847975174e-8,1,8.424751030133848e-8,-0.4064159691333771,8.107877391694274e-8,-0.9136881828308106],8,0.43921875953674319],[[773.2303466796875,222.69961547851563,45.99604415893555,-0.9136881828308106,-2.9924017042048948e-8,0.4064159691333771,1.2132181481661064e-8,1,1.0090413127272768e-7,-0.4064159691333771,9.712562132335734e-8,-0.9136881828308106],8,0.452606201171875],[[772.8648681640625,222.69961547851563,45.83346939086914,-0.921327531337738,-2.266158816155439e-8,0.3887873888015747,9.118906518779113e-9,1,7.989736161562178e-8,-0.3887873888015747,7.715695460319694e-8,-0.921327531337738],8,0.47603917121887209],[[772.6195068359375,222.69961547851563,45.72909927368164,-0.9260126352310181,-1.1428095803012184e-8,0.3774925768375397,4.854570967438576e-9,1,4.2182261239531729e-8,-0.3774925768375397,4.0893869623914728e-8,-0.9260126352310181],8,0.49104905128479006],[[772.4345092773438,222.69961547851563,45.653160095214847,-0.9386329650878906,-2.2822550516110597e-9,0.3449176847934723,2.6479314296778968e-9,1,1.3822691435905199e-8,-0.3449176847934723,1.3887752281505073e-8,-0.9386329650878906],8,0.5043020248413086],[[772.247314453125,222.69961547851563,45.582923889160159,-0.9543741941452026,6.105030259107025e-9,0.29861322045326235,1.8310193361514849e-9,1,-1.4592631103482745e-8,-0.29861322045326235,-1.3380064167733963e-8,-0.9543741941452026],8,0.5168962478637695],[[771.9298706054688,222.69961547851563,45.481475830078128,-0.9623460173606873,1.8560360359742846e-8,0.2718273103237152,1.7934728147039892e-9,1,-6.193056378833717e-8,-0.2718273103237152,-5.9111119554700056e-8,-0.9623460173606873],8,0.5396296977996826],[[771.6735229492188,222.69961547851563,45.40792465209961,-0.9839840531349182,2.305969637461658e-8,0.1782565861940384,5.392982060925533e-9,1,-9.959288860272864e-8,-0.1782565861940384,-9.703647663172888e-8,-0.9839840531349182],8,0.5567073822021484],[[771.4119873046875,222.69961547851563,45.35669708251953,-0.9930374622344971,1.9801184691914388e-8,0.11779896169900894,8.02872346383765e-9,1,-1.004114125180422e-7,-0.11779896169900894,-9.876652029561228e-8,-0.9930374622344971],8,0.5842018127441406],[[771.01513671875,222.69961547851563,45.307090759277347,-0.9997177720069885,3.1862532612336737e-9,0.023756781592965127,2.0651385046477346e-9,1,-4.721588453548975e-8,-0.023756781592965127,-4.7153495330576337e-8,-0.9997177720069885],8,0.5952358245849609],[[770.68212890625,222.69961547851563,45.29542922973633,-0.9999676942825317,-3.5696454681044544e-9,0.00803951732814312,-3.5940557197022828e-9,1,-3.0218334501341816e-9,-0.00803951732814312,-3.0506304149469089e-9,-0.9999676942825317],8,0.6161794662475586],[[770.482177734375,222.69961547851563,45.29319763183594,-0.9993655681610107,-7.3049015725246139e-9,-0.0356152318418026,-8.13985057135369e-9,1,2.3298603935018037e-8,0.0356152318418026,2.3573724305947509e-8,-0.9993655681610107],8,0.6280210018157959],[[770.2822265625,222.69961547851563,45.29863357543945,-0.9987699389457703,-1.057779641655543e-8,-0.04958376660943031,-1.305003483054179e-8,1,4.953608367941342e-8,0.04958376660943031,5.0122221040282969e-8,-0.9987699389457703],8,0.6487407684326172],[[769.9492797851563,222.69961547851563,45.31451416015625,-0.9958152770996094,-1.446854458464486e-8,-0.09138920903205872,-2.3050203523666825e-8,1,9.284685376087509e-8,0.09138920903205872,9.456484661996001e-8,-0.9958152770996094],8,0.6614806652069092],[[769.74951171875,222.67919921875,45.324424743652347,-0.9946243166923523,-1.4500280087759166e-8,-0.10354918986558914,-2.517266572965582e-8,1,1.017590278706848e-7,0.10354918986558914,1.0381861414998639e-7,-0.9946243166923523],8,0.683190107345581],[[769.4165649414063,222.5770263671875,45.34095764160156,-0.9924508929252625,-6.456135182020262e-9,-0.12264260649681092,-1.3950484323288493e-8,1,6.024851728625436e-8,0.12264260649681092,6.150462183995842e-8,-0.9924508929252625],8,0.6961815357208252],[[769.1502075195313,223.43992614746095,45.35418701171875,-0.9924508929252625,-1.6235814914722369e-9,-0.12264260649681092,-4.981371315437855e-9,1,2.7072035280184538e-8,0.12264260649681092,2.747859362273175e-8,-0.9924508929252625],3,0.7182793617248535],[[768.8191528320313,224.44190979003907,45.39126205444336,-0.9999871253967285,6.1657607908216509e-9,-0.0050776381976902489,6.242259598110422e-9,1,-1.505001279156204e-8,0.0050776381976902489,-1.5081514703751965e-8,-0.9999871253967285],5,0.746208667755127],[[768.4224853515625,225.53187561035157,45.442169189453128,-0.997642457485199,1.9693612074433987e-8,0.06862598657608032,1.5038738254702367e-8,1,-6.834623889062641e-8,-0.06862598657608032,-6.715306710702862e-8,-0.997642457485199],5,0.7763755321502686],[[767.9597778320313,226.64852905273438,45.50182342529297,-0.9933506846427918,3.4968813622526798e-8,0.11512792110443115,1.952661321524829e-8,1,-1.3525858832963423e-7,-0.11512792110443115,-1.3211115401645657e-7,-0.9933506846427918],5,0.7931058406829834],[[767.6287231445313,227.34393310546876,45.541385650634769,-0.9969147443771362,2.1733420396685689e-8,0.07849212735891342,1.1279611911163557e-8,1,-1.3362624429191784e-7,-0.07849212735891342,-1.323286085153086e-7,-0.9969147443771362],5,0.8066842555999756],[[767.4295654296875,227.72030639648438,45.56008529663086,-0.9997080564498901,3.5637091055917837e-9,0.024161946028470994,8.435827036912258e-10,1,-1.1258914156542233e-7,-0.024161946028470994,-1.125358863873771e-7,-0.9997080564498901],5,0.8244397640228272],[[767.0972290039063,228.27947998046876,45.58586883544922,-0.9925394058227539,-3.4946812110803195e-9,0.12192434817552567,-1.2963051077008459e-8,1,-7.686453074029487e-8,-0.12192434817552567,-7.787159006511502e-8,-0.9925394058227539],5,0.8433041572570801],[[766.8309326171875,228.66549682617188,45.59892654418945,-0.9955718517303467,-1.8564119130815017e-8,0.09400392323732376,-2.3218431621785386e-8,1,-4.841815126610527e-8,-0.09400392323732376,-5.038637240772914e-8,-0.9955718517303467],5,0.8584716320037842],[[766.5645751953125,228.99700927734376,45.609588623046878,-0.9952367544174194,-3.03674703161505e-8,0.09748752415180206,-3.2430076402079069e-8,1,-1.9573102250092235e-8,-0.09748752415180206,-2.2641398089717769e-8,-0.9952367544174194],5,0.8747193813323975],[[766.2313232421875,229.33477783203126,45.621604919433597,-0.9909733533859253,-4.3886174694307559e-8,0.13405893743038178,-4.189567093249025e-8,1,1.7668938312453976e-8,-0.13405893743038178,1.1892958617920613e-8,-0.9909733533859253],5,0.8959004878997803],[[765.9647216796875,229.54367065429688,45.63031005859375,-0.9948906302452087,-5.3599801930204197e-8,0.10095882415771485,-4.8947768505058778e-8,1,4.8555712339748428e-8,-0.10095882415771485,4.336591175047033e-8,-0.9948906302452087],5,0.9131603240966797],[[765.6314697265625,229.7281494140625,45.641014099121097,-0.9909728169441223,-6.723864487412357e-8,0.13406316936016084,-5.575318695605347e-8,1,8.942613760609675e-8,-0.13406316936016084,8.114442096029961e-8,-0.9909728169441223],5,0.9343736171722412],[[765.3648681640625,229.81442260742188,45.649574279785159,-0.994888424873352,-7.290854853181372e-8,0.10098016262054444,-6.06737557973247e-8,1,1.2423160455909966e-7,-0.10098016262054444,1.1746973882509337e-7,-0.994888424873352],5,0.9531707763671875],[[764.7650146484375,229.80926513671876,45.6688346862793,-0.9639092683792114,-5.332039876293493e-8,0.26623088121414187,-2.5955168680980024e-8,1,1.0630611058104478e-7,-0.26623088121414187,9.55593790763487e-8,-0.9639092683792114],5,0.9894261360168457],[[764.4317626953125,229.6871795654297,45.67902374267578,-0.9907400608062744,-1.530955806572365e-9,0.13577240705490113,8.02712296632535e-9,1,6.98503299645381e-8,-0.13577240705490113,7.029338178199396e-8,-0.9907400608062744],5,1.0127675533294678],[[764.0318603515625,229.4282684326172,45.69117736816406,-0.9856682419776917,4.145871201899354e-8,0.16869522631168366,4.571308309664346e-8,1,2.1335663902277703e-8,-0.16869522631168366,2.8741466095993929e-8,-0.9856682419776917],5,1.0350406169891358],[[763.7652587890625,229.1875457763672,45.69927978515625,-0.9947100877761841,7.17129182703502e-8,0.1027221828699112,7.072079455383573e-8,1,-1.3300284429362819e-8,-0.1027221828699112,-5.965333116364491e-9,-0.9947100877761841],5,1.0542523860931397],[[763.4320068359375,228.80999755859376,45.709407806396487,-0.990738570690155,1.0715642417835625e-7,0.13578318059444428,9.974035464210829e-8,1,-6.142005304354825e-8,-0.13578318059444428,-4.7308155615155559e-8,-0.990738570690155],5,1.086338996887207],[[762.9356079101563,228.02877807617188,45.807098388671878,-0.9824787378311157,9.446784332567404e-8,0.18637463450431825,8.034572829274112e-8,1,-8.33260926924595e-8,-0.18637463450431825,-6.689170817253398e-8,-0.9824787378311157],5,1.1096351146697999],[[762.606201171875,227.29981994628907,45.975406646728519,-0.9929060339927673,4.3225334422913878e-8,0.11890146881341934,3.4698580009262517e-8,1,-7.378297794957689e-8,-0.11890146881341934,-6.913385419693441e-8,-0.9929060339927673],5,1.1402287483215333],[[762.2626342773438,227.56716918945313,46.196685791015628,-0.999796986579895,-1.4980237494910399e-8,-0.020149508491158487,-1.3849625446482606e-8,1,-5.625068766335062e-8,0.020149508491158487,-5.5960203582117177e-8,-0.999796986579895],12,1.1647825241088868],[[762.1409301757813,227.75379943847657,46.27506637573242,-0.9984236359596252,-3.976278506456765e-8,-0.05612737685441971,-3.7141823838737767e-8,1,-4.773977124727935e-8,0.05612737685441971,-4.5579842122833728e-8,-0.9984236359596252],12,1.1765880584716797],[[762.1151123046875,227.94044494628907,46.29170608520508,-0.9998664259910584,-6.065459245974125e-8,-0.01634390652179718,-6.003627817108281e-8,1,-3.8321875450719747e-8,0.01634390652179718,-3.7335528446647007e-8,-0.9998664259910584],12,1.1949124336242676],[[762.1146240234375,228.12709045410157,46.29203796386719,-0.9930329322814941,-7.781821409480472e-8,0.11783703416585922,-8.144141361299262e-8,1,-2.5932324732025337e-8,-0.11783703416585922,-3.534846726438445e-8,-0.9930329322814941],12,1.209871768951416],[[762.1146240234375,228.31246948242188,46.212913513183597,-0.9338061809539795,0.00009501846216153353,0.35777920484542849,0.00025701645063236356,0.9999998807907105,0.0004052362055517733,-0.3577791452407837,0.0004703672311734408,-0.9338061213493347],12,1.2269988059997559],[[762.1149291992188,228.437744140625,45.95209884643555,-0.7689967155456543,0.005079471506178379,0.6392325758934021,-0.0008541891002096236,0.9999593496322632,-0.008973469026386738,-0.6392521858215332,-0.007446593604981899,-0.7689611315727234],12,1.2440516948699952],[[761.9888916015625,228.8434295654297,45.66019058227539,-0.49064311385154726,0.008108910173177719,0.8713228702545166,-0.00848216563463211,0.9998648762702942,-0.014081496745347977,-0.8713193535804749,-0.014299694448709488,-0.4905080497264862],8,1.2588677406311036],[[761.8294067382813,229.15602111816407,45.58040237426758,-0.2501547634601593,0.004943612031638622,0.9681932330131531,-0.004322384484112263,0.9999712705612183,-0.006222657859325409,-0.9681962132453919,-0.005741531029343605,-0.2501262128353119],8,1.2722227573394776],[[761.60791015625,229.52508544921876,45.52099609375,-0.19602163136005402,-0.000029666314731002786,0.980599582195282,-0.00018455198733136058,1,-0.000006638663307967363,-0.980599582195282,-0.00018227292457595468,-0.1960216462612152],8,1.2899129390716553],[[761.3857421875,229.8396453857422,45.42073059082031,-0.24441121518611909,-0.0006157941534183919,0.9696714878082275,0.00041741147288121283,0.9999996423721314,0.0007402651244774461,-0.9696716070175171,0.0005856811185367405,-0.24441087245941163],8,1.3038718700408936],[[760.9833984375,230.25900268554688,45.286773681640628,-0.5204830169677734,0.00001374376461171778,0.8538720011711121,0.000007895838280091994,1,-0.0000112828593046288,-0.8538720011711121,8.69497512212547e-7,-0.5204830169677734],8,1.336925745010376],[[760.7481689453125,230.42369079589845,45.264347076416019,-0.7312986850738525,0.000022198322767508217,0.6820573806762695,-0.000011934318536077626,1,-0.00004534203981165774,-0.6820573806762695,-0.000041298462747363377,-0.7312986850738525],8,1.366811990737915],[[760.35400390625,230.5807647705078,45.31865310668945,-0.8331150412559509,9.993185301482299e-8,0.5530997514724731,-0.00000318602019433456,1,-0.000004979669483873295,-0.5530997514724731,-0.000005910824711463647,-0.8331150412559509],5,1.3847012519836426],[[760.146484375,230.5955810546875,45.401065826416019,-0.8918061852455139,-9.495910262558027e-7,0.4524177014827728,-8.273107141576475e-7,1,4.681297696151887e-7,-0.4524177014827728,4.319102231420402e-8,-0.8918061852455139],5,1.4002511501312256],[[759.9578857421875,230.55589294433595,45.51835632324219,-0.9382535219192505,-3.6641051792685177e-7,0.3459485173225403,-8.11360933994365e-8,1,8.390968559979228e-7,-0.3459485173225403,7.592166184622329e-7,-0.9382535219192505],5,1.4137675762176514],[[759.754150390625,230.4296417236328,45.71063232421875,-0.9506295919418335,-1.6894771803777077e-8,0.31032782793045046,6.288171050528035e-8,1,2.4706770318516649e-7,-0.31032782793045046,2.5438382067477507e-7,-0.9506295919418335],5,1.4322795867919922],[[759.619140625,230.267333984375,45.89932632446289,-0.9731807708740234,3.95036074962718e-8,0.23004183173179627,4.292446220688362e-8,1,9.866258920965265e-9,-0.23004183173179627,1.9476075863167354e-8,-0.9731807708740234],5,1.4481699466705323],[[759.4876708984375,230.0680694580078,45.98783874511719,-0.9920905828475952,-0.0001324664626736194,0.12552395462989808,-0.004515274427831173,0.9993899464607239,-0.03463223949074745,-0.12544278800487519,-0.03492509573698044,-0.9914859533309937],5,1.4664714336395264],[[759.25341796875,230.42886352539063,46.01420974731445,-0.991221010684967,-0.00010790459054987878,0.13221529126167298,0.00007722649752395228,0.9999990463256836,0.0013950959546491504,-0.13221530616283418,0.0013930589193478227,-0.9912200570106506],12,1.507537603378296],[[759.2100219726563,230.66217041015626,46.015933990478519,-0.9883373975753784,0.00001653984872973524,0.1522800177335739,0.000176208617631346,0.999999463558197,0.0010350256925448776,-0.15227991342544557,0.0010497876210138202,-0.9883368611335754],12,1.5245990753173829],[[759.2078247070313,230.84881591796876,46.01607131958008,-0.9866647124290466,0.00001004837940854486,0.16276608407497407,0.000019013014025404119,1,0.00005351907748263329,-0.16276608407497407,0.00005590005821431987,-0.9866647124290466],12,1.540304183959961],[[759.2078247070313,231.03546142578126,46.016151428222659,-0.9833553433418274,0.0000016329693153238623,0.1816929429769516,-0.000017789006960811095,1,-0.00010526488040341064,-0.1816929429769516,-0.00010674491204554215,-0.9833552837371826],12,1.5629215240478516],[[759.2078247070313,231.22210693359376,46.016170501708987,-0.965600311756134,0.0000022980113953963157,0.26003092527389529,-0.000006665970431640744,1,-0.00003359090624144301,-0.26003092527389529,-0.00003416874460526742,-0.965600311756134],12,1.5754077434539796],[[759.2078247070313,231.40875244140626,46.01616287231445,-0.9506574273109436,2.7700476579184398e-8,0.31024250388145449,0.0000010905297358476674,1,0.0000032523582831345267,-0.31024250388145449,0.0000034302072435821175,-0.9506574273109436],12,1.5934667587280274],[[759.1610107421875,231.54005432128907,46.00625228881836,-0.8724992275238037,0.007744786329567432,0.48855412006378176,0.006422651465982199,0.9999697804450989,-0.004381896927952766,-0.488573282957077,-0.0006853886879980564,-0.8725225925445557],8,1.6172831058502198],[[759.0323486328125,232.4066925048828,45.72206115722656,-0.6641419529914856,0.008960708044469357,0.7475528120994568,0.009147148579359055,0.9999507069587708,-0.0038596095982939007,-0.7475505471229553,0.004274647682905197,-0.6641911864280701],8,1.6436936855316163],[[758.831298828125,233.3174285888672,45.5742301940918,-0.42240363359451296,0.002029792871326208,0.9064055681228638,-0.002089026616886258,0.9999926686286926,-0.003212900133803487,-0.9064054489135742,-0.003250646172091365,-0.42239630222320559],8,1.6607167720794678],[[758.5433959960938,234.2042999267578,45.52924346923828,-0.45846083760261538,0.00065635732607916,0.8887143731117249,-0.001298105577006936,0.999998152256012,-0.0014081989647820593,-0.8887136578559876,-0.0017992490902543069,-0.45845913887023928],8,1.7064688205718995],[[758.150390625,234.8536834716797,45.468971252441409,-0.7794247269630432,0.054144129157066348,0.6241518259048462,0.022538339719176294,0.9980369210243225,-0.05843273177742958,-0.6260903477668762,-0.031476572155952457,-0.7791149616241455],8,1.739928960800171],[[757.68017578125,234.82728576660157,45.416751861572269,-0.8874555826187134,0.0006394077208824456,0.46089276671409609,0.00008951519703259692,0.9999992847442627,-0.001214960590004921,-0.4608931839466095,-0.001036966685205698,-0.8874549865722656],5,1.7865228652954102],[[757.3289184570313,234.49868774414063,45.581058502197269,-0.9505568146705627,-0.00035774472053162754,0.3105504512786865,-0.00024409765319433063,0.9999998807907105,0.0004048165865242481,-0.3105505704879761,0.00030899653211236,-0.9505568146705627],5,1.824392318725586],[[757.0557861328125,233.89418029785157,45.929847717285159,-0.978585422039032,0.00001606825753697194,0.20584122836589814,0.00001559645534143783,1,-0.0000039146357266872659,-0.20584122836589814,-6.204119245012407e-7,-0.978585422039032],5,1.8665623664855958],[[756.9119262695313,233.103271484375,46.137325286865237,-0.9998434782028198,0.0023230598308146,-0.017539506778120996,0.0024747829884290697,0.9999596476554871,-0.008633785881102085,0.017518743872642518,-0.008675843477249146,-0.9998089075088501],5,1.9040193557739258],[[756.9359130859375,233.05125427246095,46.181861877441409,-0.9988848567008972,-0.00010394058335805312,0.047213196754455569,-0.00006213389133336022,0.9999995827674866,0.0008869541343301535,-0.047213271260261539,0.0008830315200611949,-0.9988844394683838],12,1.9349093437194825],[[756.93603515625,233.05125427246095,46.181983947753909,-0.9995839595794678,-0.000012020917893096339,0.028843825682997705,-0.00001407331001246348,1,-0.0000709523301338777,-0.028843825682997705,-0.00007132873724913225,-0.999583899974823],12,1.970935344696045],[[756.93603515625,233.05125427246095,46.181983947753909,-0.9998873472213745,4.796862071998476e-7,0.015010824427008629,5.367417088564253e-7,1,0.0000037969284676364625,-0.015010824427008629,0.000003804557536568609,-0.9998873472213745],12,2.0050172805786135],[[756.93603515625,233.05125427246095,46.181983947753909,-0.9999122619628906,3.975577911319306e-8,0.013245985843241215,3.8240123956256869e-8,1,-1.1467699323475245e-7,-0.013245985843241215,-1.1416040734957278e-7,-0.9999122619628906],12,2.0621840953826906],[[756.93603515625,233.05125427246095,46.181983947753909,-0.9998288154602051,7.203468754823916e-8,0.018501970916986467,7.272002733316185e-8,1,3.636864320810673e-8,-0.018501970916986467,3.770788126189473e-8,-0.9998288154602051],12,2.090782403945923],[[756.93603515625,233.05125427246095,46.181983947753909,-0.9995280504226685,1.797993931518249e-8,0.03071977011859417,2.0653869725606456e-8,1,8.672537177289996e-8,-0.03071977011859417,8.731892364721716e-8,-0.9995280504226685],12,2.1054787635803224],[[756.93603515625,233.05125427246095,46.181983947753909,-0.9993534088134766,-2.4832516487549584e-8,0.035955384373664859,-2.1366044933301965e-8,1,9.679456525191199e-8,-0.035955384373664859,9.596374894726978e-8,-0.9993534088134766],12,2.1219642162323],[[756.93603515625,233.05125427246095,46.181983947753909,-0.9992214441299439,-5.69105225167732e-8,0.03945240378379822,-5.283080994900047e-8,1,1.0445096876310345e-7,-0.03945240378379822,1.0228534819134438e-7,-0.9992214441299439],12,2.1365694999694826],[[756.93603515625,233.05125427246095,46.181983947753909,-0.9990008473396301,-5.419612492119086e-8,0.044691771268844607,-5.1576421356003269e-8,1,5.977020833825009e-8,-0.044691771268844607,5.740544395393954e-8,-0.9990008473396301],12,2.1532387733459474],[[756.93603515625,233.05125427246095,46.181983947753909,-0.9987529516220093,-5.1248935761805117e-8,0.049925386905670169,-5.0557030562004e-8,1,1.5121669250106607e-8,-0.049925386905670169,1.2578731833912116e-8,-0.9987529516220093],12,2.167292356491089],[[756.93603515625,233.05125427246095,46.181983947753909,-0.9984775185585022,-4.806972597748427e-8,0.055160488933324817,-4.977237821890412e-8,1,-2.94934405786762e-8,-0.055160488933324817,-3.219400568355013e-8,-0.9984775185585022],12,2.1908438205718996],[[756.93603515625,233.05125427246095,46.181983947753909,-0.9982783794403076,-4.390514618535235e-8,0.058653369545936587,-4.898744165870994e-8,1,-8.521180205889323e-8,-0.058653369545936587,-8.793838190968018e-8,-0.9982783794403076],12,2.2039856910705568],[[756.93603515625,233.05125427246095,46.181983947753909,-0.9981747269630432,-3.156153738359535e-8,0.060392409563064578,-3.6817645820974579e-8,1,-8.591979394623195e-8,-0.060392409563064578,-8.798647144203642e-8,-0.9981747269630432],12,2.2191574573516847],[[756.93603515625,233.05125427246095,46.181983947753909,-0.9981750249862671,-8.815510099680069e-9,0.06038741022348404,-1.2768550661235168e-8,1,-6.50754543585208e-8,-0.06038741022348404,-6.572775390623065e-8,-0.9981750249862671],12,2.2393393516540529],[[756.93603515625,233.05125427246095,46.181983947753909,-0.9981751441955566,1.3911417795497983e-8,0.06038574501872063,1.125996362816295e-8,1,-4.4248881891917338e-8,-0.06038574501872063,-4.348818904986729e-8,-0.9981751441955566],12,2.256941556930542],[[756.93603515625,233.05125427246095,46.181983947753909,-0.9982790350914002,4.22169392777505e-8,0.058642663061618808,4.1221269952984588e-8,1,-1.8188329065083054e-8,-0.058642663061618808,-1.573970287438442e-8,-0.9982790350914002],12,2.271467685699463],[[756.93603515625,233.05125427246095,46.181983947753909,-0.9982788562774658,5.923132206930859e-8,0.05864575877785683,5.9182735157037317e-8,1,-2.5654158797294714e-9,-0.05864575877785683,9.098157782716498e-10,-0.9982788562774658],12,2.284095048904419],[[756.93603515625,233.05125427246095,46.181983947753909,-0.9983800649642944,7.623625464248107e-8,0.056896310299634936,7.710529814630718e-8,1,1.307891484003676e-8,-0.056896310299634936,1.7444735433969073e-8,-0.9983800649642944],12,2.297045946121216],[[756.93603515625,233.05125427246095,46.181983947753909,-0.9984779953956604,9.325913907787253e-8,0.05515192449092865,9.498903352778143e-8,1,2.8744487678977749e-8,-0.05515192449092865,3.393956404806886e-8,-0.9984779953956604],12,2.315793514251709],[[756.93603515625,233.05125427246095,46.181983947753909,-0.9986645579338074,1.0024720609180804e-7,0.051663123071193698,1.0255987348273266e-7,1,4.2113438070146e-8,-0.051663123071193698,4.735576197845148e-8,-0.9986645579338074],12,2.3459854125976564],[[756.93603515625,233.05125427246095,46.181983947753909,-0.9988387227058411,1.959686635188973e-8,0.04817846044898033,2.0731670602458508e-8,1,2.3054461451010867e-8,-0.04817846044898033,2.4026508782526436e-8,-0.9988387227058411],12,2.3605270385742189],[[756.93603515625,233.05125427246095,46.181983947753909,-0.9988387823104858,-2.0758800900466669e-8,0.04817774519324303,-2.0129986566530534e-8,1,1.3537160725718423e-8,-0.04817774519324303,1.2551623740364448e-8,-0.9988387823104858],12,2.3731937408447267],[[756.93603515625,233.05125427246095,46.181983947753909,-0.9988385438919067,-5.1002984946535437e-8,0.04818250983953476,-5.07533393090398e-8,1,6.404671903936787e-9,-0.04818250983953476,3.9518099903546048e-9,-0.9988385438919067],12,2.3857104778289797],[[756.93603515625,233.05125427246095,46.181983947753909,-0.9988383054733276,-8.122773920149484e-8,0.0481877475976944,-8.135709350653997e-8,1,-7.230844256689295e-10,-0.0481877475976944,-4.642659590103904e-9,-0.9988383054733276],12,2.400294780731201],[[756.93603515625,233.05125427246095,46.181983947753909,-0.9988386034965515,-1.0376075465501344e-7,0.04818155616521835,-1.0428067298562383e-7,1,-8.27719492946244e-9,-0.04818155616521835,-1.329198706656598e-8,-0.9988386034965515],12,2.4138944149017336],[[756.93603515625,233.05125427246095,46.181983947753909,-0.9988385438919067,-8.075347324165705e-8,0.04818298667669296,-8.130896844704694e-8,1,-9.56887813430285e-9,-0.04818298667669296,-1.347547318175657e-8,-0.9988385438919067],12,2.4363818168640138],[[756.93603515625,233.05125427246095,46.181983947753909,-0.9990006685256958,-4.248733986855768e-8,0.04469558969140053,-4.3048217435170957e-8,1,-1.1586282155917616e-8,-0.04469558969140053,-1.3498768325348465e-8,-0.9990006685256958],12,2.4502172470092775],[[756.93603515625,232.9377899169922,46.181983947753909,-0.9991506338119507,-1.9566247289048989e-8,0.04120646044611931,-2.0107288278836678e-8,1,-1.2715580588462672e-8,-0.04120646044611931,-1.3533330900372676e-8,-0.9991506338119507],12,2.4716992378234865],[[756.93603515625,232.51927185058595,46.181983947753909,-0.9991506934165955,4.9249376132820547e-8,0.0412057489156723,4.8627299520376258e-8,1,-1.6099082955634004e-8,-0.0412057489156723,-1.4081686039446595e-8,-0.9991506934165955],12,2.516007900238037],[[756.93603515625,232.49130249023438,46.181983947753909,-0.9992212057113648,1.0265652150565075e-7,0.03945789486169815,1.0200074029853568e-7,1,-1.8632841047860894e-8,-0.03945789486169815,-1.4593596553424959e-8,-0.9992212057113648],12,2.536409378051758],[[756.93603515625,232.4912872314453,46.181983947753909,-0.9992885589599609,8.824962094422517e-8,0.03771468624472618,8.782585325661785e-8,1,-1.2892946266163108e-8,-0.03771468624472618,-9.571449410827882e-9,-0.9992885589599609],12,2.563774824142456],[[756.93603515625,232.4912872314453,46.181983947753909,-0.9992886185646057,2.904090301569795e-8,0.03771277889609337,2.9060355899446223e-8,1,-3.233383352729824e-11,-0.03771277889609337,1.0636359570881382e-9,-0.9992886185646057],12,2.575897216796875],[[756.93603515625,232.4912872314453,46.181983947753909,-0.9992885589599609,-2.0241705200874095e-8,0.03771492466330528,-1.9853322541507624e-8,1,1.0672356332008804e-8,-0.03771492466330528,9.915996912468472e-9,-0.9992885589599609],12,2.593268394470215],[[756.93603515625,232.4912872314453,46.181983947753909,-0.9992884993553162,-5.962989035879218e-8,0.03771611675620079,-5.894662535865791e-8,1,1.9227922365416817e-8,-0.03771611675620079,1.6991004159194746e-8,-0.9992884993553162],12,2.6131365299224855],[[756.93603515625,232.4912872314453,46.181983947753909,-0.9992884993553162,-8.914891225231259e-8,0.03771611675620079,-8.824466846135692e-8,1,2.563979961678342e-8,-0.03771611675620079,2.2293310308896254e-8,-0.9992884993553162],12,2.6252052783966066],[[756.93603515625,232.4912872314453,46.181983947753909,-0.9992884993553162,-1.0132739447499262e-7,0.03771611675620079,-1.0036075792640986e-7,1,2.7522446544026026e-8,-0.03771611675620079,2.3717646513432557e-8,-0.9992884993553162],12,2.6371376514434816],[[756.93603515625,232.4912872314453,46.181983947753909,-0.9992884993553162,-7.138199720202465e-8,0.03771611675620079,-7.075462349348527e-8,1,1.7968936560919248e-8,-0.03771611675620079,1.5287561438981357e-8,-0.9992884993553162],12,2.656733751296997],[[756.93603515625,232.4912872314453,46.181983947753909,-0.9992884993553162,-4.893975003028572e-8,0.03771611675620079,-4.85666262761697e-8,1,1.0809161565816794e-8,-0.03771611675620079,8.96972629504944e-9,-0.9992884993553162],12,2.6668999195098879],[[756.93603515625,232.4912872314453,46.181983947753909,-0.9992884993553162,-2.6511894901659617e-8,0.03771611675620079,-2.6392859453494567e-8,1,3.6539762326981419e-9,-0.03771611675620079,2.6559403565329377e-9,-0.9992884993553162],12,2.6807024478912355],[[756.93603515625,232.4912872314453,46.181983947753909,-0.9992884397506714,3.3695461976179787e-9,0.0377175472676754,3.1500395625272405e-9,1,-5.879179365564369e-9,-0.0377175472676754,-5.756184418004295e-9,-0.9992884397506714],12,2.695540428161621],[[756.93603515625,232.4912872314453,46.181983947753909,-0.9992884397506714,2.576387281294501e-8,0.0377175472676754,2.5290646021858266e-8,1,-1.3023700340397682e-8,-0.0377175472676754,-1.2060532128543855e-8,-0.9992884397506714],12,2.7072436809539797],[[756.93603515625,232.4912872314453,46.181983947753909,-0.9992884397506714,4.814384624296508e-8,0.0377175472676754,4.7417064052979188e-8,1,-2.016364319956665e-8,-0.0377175472676754,-1.836083995954141e-8,-0.9992884397506714],12,2.721221685409546],[[756.93603515625,232.4912872314453,46.181983947753909,-0.9992884397506714,7.796150924832546e-8,0.0377175472676754,7.68969030673361e-8,1,-2.9676446189341733e-8,-0.0377175472676754,-2.6754968018849469e-8,-0.9992884397506714],12,2.7381579875946047],[[756.93603515625,232.4912872314453,46.181983947753909,-0.9992884397506714,1.003080285499891e-7,0.0377175472676754,9.89902417813937e-8,1,-3.6805715808441167e-8,-0.0377175472676754,-3.304585760588452e-8,-0.9992884397506714],12,2.7518372535705568],[[756.93603515625,232.4912872314453,46.181983947753909,-0.9992884397506714,9.588191574039229e-8,0.0377175472676754,9.465834693855868e-8,1,-3.422608330083676e-8,-0.0377175472676754,-3.0631447600626419e-8,-0.9992884397506714],12,2.7667033672332765],[[756.93603515625,232.4912872314453,46.181983947753909,-0.9992884397506714,6.69236470685064e-8,0.0377175472676754,6.609423053305363e-8,1,-2.323704428874862e-8,-0.0377175472676754,-2.0727597416225764e-8,-0.9992884397506714],12,2.7789833545684816],[[756.93603515625,232.4912872314453,46.181983947753909,-0.9992884397506714,2.8341485602823014e-8,0.0377175472676754,2.8037216992515824e-8,1,-8.595947953438099e-9,-0.0377175472676754,-7.532336532278805e-9,-0.9992884397506714],12,2.7947824001312258],[[756.93603515625,232.37782287597657,46.181983947753909,-0.9992884397506714,-5.734984709349078e-10,0.0377175472676754,-4.842010681294084e-10,1,2.3766637546884796e-9,-0.0377175472676754,2.3567097162668917e-9,-0.9992884397506714],12,2.8170058727264406],[[756.93603515625,232.1459503173828,46.181983947753909,-0.9992884397506714,-4.872396175414906e-8,0.0377175472676754,-4.7979284545363046e-8,1,2.0648723619842714e-8,-0.0377175472676754,1.8824369618641869e-8,-0.9992884397506714],12,2.8453214168548586],[[756.93603515625,231.86598205566407,46.181983947753909,-0.9992884397506714,-1.0643664438703127e-7,0.0377175472676754,-1.0490642665672567e-7,1,4.254943775094944e-8,-0.0377175472676754,3.8562347981496717e-8,-0.9992884397506714],12,2.8555495738983156],[[756.93603515625,231.7259979248047,46.181983947753909,-0.9992884397506714,-8.445400823120508e-8,0.0377175472676754,-8.32527078387102e-8,1,3.342052679045082e-8,-0.0377175472676754,3.0256657623795039e-8,-0.9992884397506714],12,2.8675944805145265],[[756.93603515625,231.5860137939453,46.181983947753909,-0.9992884397506714,-6.248546924325638e-8,0.0377175472676754,-6.161286592032411e-8,1,2.429746714938119e-8,-0.0377175472676754,2.195629100754104e-8,-0.9992884397506714],12,2.8808703422546388],[[756.93603515625,231.44602966308595,46.181983947753909,-0.9992884397506714,-4.053100610690308e-8,0.0377175472676754,-3.9986897348853748e-8,1,1.5180253498670028e-8,-0.0377175472676754,1.3661244580021048e-8,-0.9992884397506714],12,2.8907358646392824],[[756.93603515625,231.30604553222657,46.181983947753909,-0.9992884397506714,-1.859061704578835e-8,0.0377175472676754,-1.837478968980122e-8,1,6.0688853942281188e-9,-0.0377175472676754,5.371515232610591e-9,-0.9992884397506714],12,2.901939630508423],[[756.93603515625,231.2127227783203,46.181983947753909,-0.9992884397506714,-3.971504014543825e-9,0.0377175472676754,-3.974411910689923e-9,1,-2.115863257171058e-12,-0.0377175472676754,-1.5201942482612197e-10,-0.9992884397506714],12,2.9130208492279054],[[756.93603515625,231.0260772705078,46.181983947753909,-0.9992884397506714,2.524798325964639e-8,0.0377175472676754,2.480788374725762e-8,1,-1.2136337268486841e-8,-0.0377175472676754,-1.1192009097271694e-8,-0.9992884397506714],12,2.931105375289917],[[756.93603515625,230.88609313964845,46.181983947753909,-0.9992884397506714,4.714621226753479e-8,0.0377175472676754,4.637846373611865e-8,1,-2.123019804400883e-8,-0.0377175472676754,-1.946581029699246e-8,-0.9992884397506714],12,2.9429330825805666],[[756.93603515625,230.74610900878907,46.181983947753909,-0.9992884397506714,6.903041338546245e-8,0.0377175472676754,6.793521833969862e-8,1,-3.0318233257276009e-8,-0.0377175472676754,-2.7734309071547615e-8,-0.9992884397506714],12,2.956038475036621],[[756.93603515625,230.6061248779297,46.181983947753909,-0.9992884397506714,9.090057773164517e-8,0.0377175472676754,8.947815643978174e-8,1,-3.940044024375311e-8,-0.0377175472676754,-3.599750897365084e-8,-0.9992884397506714],12,2.9681396484375],[[756.93603515625,230.4661407470703,46.181983947753909,-0.9992884397506714,1.127567301750787e-7,0.0377175472676754,1.1100728869450904e-7,1,-4.847682788522434e-8,-0.0377175472676754,-4.425541177965897e-8,-0.9992884397506714],12,2.9843435287475588],[[756.93603515625,230.43817138671876,46.181983947753909,-0.9992884397506714,4.660900643216337e-8,0.0377175472676754,4.590228286360798e-8,1,-1.960317419502644e-8,-0.0377175472676754,-1.7857903600315695e-8,-0.9992884397506714],12,3.010728359222412],[[756.93603515625,230.4381561279297,46.181983947753909,-0.9992884397506714,-5.788243218063371e-10,0.0377175472676754,-5.417020720877019e-10,1,9.944367551639744e-10,-0.0377175472676754,9.732974426412966e-10,-0.9992884397506714],12,3.0450243949890138],[[756.93603515625,230.4381561279297,46.181983947753909,-0.9991506338119507,-5.7141082976386318e-8,0.04120646417140961,-5.612246312125535e-8,1,2.587674607923418e-8,-0.04120646417140961,2.3542160221268206e-8,-0.9991506338119507],12,3.0640416145324709],[[756.93603515625,230.4381561279297,46.181983947753909,-0.9944033026695252,-9.827153490959972e-8,0.10565061867237091,-9.390861777092141e-8,1,4.6270358211586429e-8,-0.10565061867237091,3.6089893740154369e-8,-0.9944033026695252],12,3.0899391174316408],[[756.93603515625,230.4381561279297,46.181983947753909,-0.9404312372207642,-6.706680011347999e-8,0.33998391032218935,-6.2866185146504e-8,1,2.337015558850908e-8,-0.33998391032218935,6.045352551886651e-10,-0.9404312372207642],12,3.1016554832458498],[[756.93115234375,230.68309020996095,46.05541229248047,-0.8372668027877808,0.0007382924086414278,0.546794056892395,-0.0007503086817450821,0.9999966025352478,-0.0024991098325699569,-0.546794056892395,-0.0025026861112564804,-0.8372634053230286],12,3.1333086490631105],[[756.788330078125,230.8503875732422,45.64228820800781,-0.5841761231422424,0.048459120094776157,0.8101789951324463,0.08812731504440308,0.9961013197898865,0.003964154981076717,-0.8068282604217529,0.07371466606855393,-0.5861691832542419],8,3.160282611846924],[[756.5654907226563,230.76426696777345,45.3016357421875,-0.4629013240337372,0.016973676159977914,0.8862472772598267,0.03894803673028946,0.999240517616272,0.0012054339749738575,-0.8855537176132202,0.0350755900144577,-0.4632108509540558],8,3.1724886894226076],[[756.3748779296875,231.8681640625,45.03160858154297,-0.48272544145584109,-0.02329684980213642,0.8754618167877197,-0.05804746598005295,0.9982990026473999,-0.005441432353109121,-0.8738458752632141,-0.053445056080818179,-0.48325666785240176],3,3.1974308490753176],[[756.2103881835938,232.9225311279297,44.75916290283203,-0.5580315589904785,-0.019765561446547509,0.8295843005180359,-0.0379675067961216,0.9992774724960327,-0.0017307280795648695,-0.8289507031440735,-0.03246304765343666,-0.5583788156509399],5,3.2275872230529787],[[755.9794311523438,234.07528686523438,44.447139739990237,-0.6550502777099609,-0.0045674447901546959,0.7555714845657349,-0.004017277620732784,0.9999886751174927,0.002562132431194186,-0.755574643611908,-0.0013570147566497326,-0.6550611853599548],5,3.2480309009552],[[755.7382202148438,234.94207763671876