[[[776,222.69961547851563,47,1,7.258057621584158e-8,-1.0535644486822302e-13,-7.258057621584158e-8,1,-9.124979527541655e-8,9.873348070111449e-14,9.124979527541655e-8,1],8,0.011249065399169922],[[776,222.69961547851563,47,1,6.331942614679065e-8,-1.0471890688574723e-13,-6.331942614679065e-8,1,-7.96064796304563e-8,9.967827480300909e-14,7.96064796304563e-8,1],8,0.026775360107421876],[[776,222.69961547851563,47,1,3.6101415190614719e-8,-1.0334661864350517e-13,-3.6101415190614719e-8,1,-4.538742004456253e-8,1.017080706764914e-13,4.538742004456253e-8,1],8,0.04872417449951172],[[776,222.69961547851563,47,1,1.5703172095982155e-8,-1.0294662258075738e-13,-1.5703172095982155e-8,1,-1.9742312673542984e-8,1.026366085220623e-13,1.9742312673542984e-8,1],8,0.055597782135009769],[[776,222.69961547851563,47,1,-4.681999232758471e-9,-1.0307167852509e-13,4.681999232758471e-9,1,5.886363840801323e-9,1.0304411946111813e-13,-5.886363840801323e-9,1],8,0.06662559509277344],[[776,222.69961547851563,47,1,-1.8264854517724417e-8,-1.034452336073563e-13,1.8264854517724417e-8,1,2.2963025259059579e-8,1.0302581677319386e-13,-2.2963025259059579e-8,1],8,0.07725000381469727],[[776,222.69961547851563,47,1,-3.862825437295214e-8,-1.0443976548391368e-13,3.862825437295214e-8,1,4.856433832856055e-8,1.025638043461799e-13,-4.856433832856055e-8,1],8,0.08606982231140137],[[776,222.69961547851563,47,1,-5.2196600819343078e-8,-1.0539176275399173e-13,5.2196600819343078e-8,1,6.562277121702209e-8,1.0196647671177617e-13,-6.562277121702209e-8,1],8,0.09641098976135254],[[776,222.69961547851563,47,1,-6.575915278972389e-8,-1.0657459344285553e-13,6.575915278972389e-8,1,8.267391393701473e-8,1.0113802427925284e-13,-8.267391393701473e-8,1],8,0.10653877258300781],[[776,222.69961547851563,47,1,-5.364865884871506e-8,-1.0584071054482724e-13,5.364865884871506e-8,1,6.744832603544637e-8,1.0222219934668403e-13,-6.744832603544637e-8,1],8,0.11808991432189942],[[776,222.69961547851563,47,-0.45352423191070559,-2.844936908275031e-8,0.8912439346313477,6.833193566535556e-8,1,6.669280594451266e-8,-0.8912439346313477,9.114722132608222e-8,-0.45352423191070559],8,0.1339855194091797],[[776,222.69961547851563,47,-0.42888176441192629,-1.4057683905832619e-8,0.9033606648445129,9.761133412666823e-8,1,6.190374080006223e-8,-0.9033606648445129,1.1472761940467535e-7,-0.42888176441192629],8,0.15682673454284669],[[776,222.69961547851563,47,-0.326545387506485,-1.0280009732355211e-8,0.9451815485954285,1.0563487506942693e-7,1,4.7371418787633959e-8,-0.9451815485954285,1.1531304977552282e-7,-0.326545387506485],8,0.16615509986877442],[[776,222.69961547851563,47,-0.2994919419288635,-1.1527473420258617e-9,0.9540988206863403,7.345388297608224e-8,1,2.4265402132073178e-8,-0.9540988206863403,7.734955431715207e-8,-0.2994919419288635],8,0.1796436309814453],[[776,222.69961547851563,47,-0.27059978246688845,4.688678778563826e-9,0.9626919627189636,5.152455173629278e-8,1,9.61247614839067e-9,-0.9626919627189636,5.220340426603798e-8,-0.27059978246688845],8,0.1896364688873291],[[776,222.69961547851563,47,-0.23865190148353578,1.5190890323424356e-8,0.97110515832901,1.7935377627509298e-8,1,-1.1235217201033265e-8,-0.97110515832901,1.4735832998269416e-8,-0.23865190148353578],8,0.20139360427856446],[[776,222.69961547851563,47,-0.17208263278007508,2.229924156438301e-8,0.9850825071334839,-5.338174347002678e-9,1,-2.3569445062321394e-8,-0.9850825071334839,-9.314434556983997e-9,-0.17208263278007508],8,0.21083784103393556],[[776,222.69961547851563,47,-0.13931234180927277,3.0737428602378716e-8,0.9902485013008118,-2.899777484799415e-8,1,-3.511964763447395e-8,-0.9902485013008118,-3.360760203463542e-8,-0.13931234180927277],8,0.2198173999786377],[[776,222.69961547851563,47,-0.10638108104467392,4.404127196266927e-8,0.9943254590034485,-6.502303762090378e-8,1,-5.124931234945507e-8,-0.9943254590034485,-7.010601166257402e-8,-0.10638108104467392],8,0.232069730758667],[[776,222.69961547851563,47,-0.04368821531534195,5.19980254409802e-8,0.999045193195343,-8.594025047159448e-8,1,-5.5805884358051119e-8,-0.999045193195343,-8.829626096940047e-8,-0.04368821531534195],8,0.24419379234313966],[[776,222.69961547851563,47,-0.04368859902024269,3.852041530194583e-8,0.999045193195343,-7.480101515966453e-8,1,-4.182830437571283e-8,-0.999045193195343,-7.655701494968526e-8,-0.04368859902024269],8,0.25370287895202639],[[776,222.69961547851563,47,0.04536464810371399,3.170962870058247e-8,0.9989705085754395,-6.247032757755733e-8,1,-2.8905441595838967e-8,-0.9989705085754395,-6.109473105198049e-8,0.04536464810371399],8,0.26796460151672366],[[776,222.69961547851563,47,0.09936465322971344,2.1509434233735193e-8,0.9950510859489441,-4.946664233784759e-8,1,-1.6676729330811214e-8,-0.9950510859489441,-4.756475746603428e-8,0.09936465322971344],8,0.286557674407959],[[776,222.69961547851563,47,0.14097857475280763,5.5502629159320808e-9,0.9900126457214356,-3.1473764039446908e-8,1,-1.1243661557358565e-9,-0.9900126457214356,-3.1000912059653277e-8,0.14097857475280763],8,0.2957179546356201],[[776,222.69961547851563,47,0.15997305512428285,-7.295337223212073e-9,0.9871214032173157,-1.7767749938002454e-8,1,1.0269961769893144e-8,-0.9871214032173157,-1.9181843669002775e-8,0.15997305512428285],8,0.3073859214782715],[[776,222.69961547851563,47,0.20633211731910706,-2.4289750655270838e-8,0.9784820079803467,1.1886566175789426e-9,1,2.4573258983195957e-8,-0.9784820079803467,-3.907173695694155e-9,0.20633211731910706],8,0.32676100730895998],[[776,222.69961547851563,47,0.21998490393161775,-3.76528674905785e-8,0.9755032658576965,1.5543729858791268e-8,1,3.5093147943143779e-8,-0.9755032658576965,7.442996441398009e-9,0.21998490393161775],8,0.33643627166748049],[[776,222.69961547851563,47,0.21998536586761475,-4.659481689373024e-8,0.975503146648407,2.5108670698159586e-8,1,4.210265913684452e-8,-0.975503146648407,1.5231618633038125e-8,0.21998536586761475],8,0.3467564582824707],[[776,222.69961547851563,47,0.23529328405857087,-5.576663042461405e-8,0.9719244241714478,3.4778484092612419e-8,1,4.895801097859476e-8,-0.9719244241714478,2.228256690273156e-8,0.23529328405857087],8,0.3566553592681885],[[776,222.69961547851563,47,0.2657298743724823,-6.983955813666398e-8,0.9640475511550903,4.9591371009682919e-8,1,5.877474862359122e-8,-0.9640475511550903,3.2190232701623248e-8,0.2657298743724823],8,0.36608004570007326],[[776,222.69961547851563,47,0.2808511257171631,-7.926551859327447e-8,0.9597513675689697,5.956295723308358e-8,1,6.515978867582817e-8,-0.9597513675689697,3.8865429985435188e-8,0.2808511257171631],8,0.3742220401763916],[[776,222.69961547851563,47,0.3108837604522705,-8.937291084976096e-8,0.9504479169845581,6.97259991966348e-8,1,7.122560674588385e-8,-0.9504479169845581,4.412804699427397e-8,0.3108837604522705],8,0.38446998596191409],[[776,222.69961547851563,47,0.3257862329483032,-9.897651409573882e-8,0.9454434514045715,7.99787542860031e-8,1,7.712839078521938e-8,-0.9454434514045715,5.048802265150698e-8,0.3257862329483032],8,0.39389562606811526],[[776,222.69961547851563,47,0.3389662504196167,-1.1304667424383297e-7,0.9407985210418701,9.547184021130306e-8,1,8.5762188462013e-8,-0.9407985210418701,6.074927938470864e-8,0.3389662504196167],8,0.40520620346069338],[[776,222.69961547851563,47,0.3634963929653168,-9.19458500447945e-8,0.9315956234931946,7.837613225092355e-8,1,6.811582409227413e-8,-0.9315956234931946,4.825500710126107e-8,0.3634963929653168],8,0.41523075103759768],[[776,222.69961547851563,47,0.3748586177825928,-5.8566822502825747e-8,0.9270820021629334,5.2424756091795646e-8,1,4.1975738440669377e-8,-0.9270820021629334,3.28670815008536e-8,0.3748586177825928],8,0.42784929275512698],[[776,222.69961547851563,47,0.3861631751060486,-2.5023879857144494e-8,0.9224305152893066,2.6172624956188885e-8,1,1.6171382455354434e-8,-0.9224305152893066,1.789763537374256e-8,0.3861631751060486],8,0.4383225440979004],[[776,222.69961547851563,47,0.4101962447166443,-2.8693649678501744e-9,0.9119972586631775,8.236114901194469e-9,1,-5.581800022191885e-10,-0.9119972586631775,7.740277752077418e-9,0.4101962447166443],8,0.4490029811859131],[[776,222.69961547851563,47,0.42131778597831728,3.094028855343822e-8,0.9069131016731262,-1.8958969505433744e-8,1,-2.5308422024750145e-8,-0.9069131016731262,-6.531248430974301e-9,0.42131778597831728],8,0.4607415199279785],[[776,222.69961547851563,47,0.44023293256759646,6.495274362805503e-8,0.8978835940361023,-4.664905617346449e-8,1,-4.946776144265641e-8,-0.8978835940361023,-2.0108085863057569e-8,0.44023293256759646],8,0.4723083972930908],[[776,222.69961547851563,47,0.44023293256759646,8.75289174473437e-8,0.8978835940361023,-6.509925043474141e-8,1,-6.55653877856821e-8,-0.8978835940361023,-2.958750933146348e-8,0.44023293256759646],8,0.4802732467651367],[[775.8548583984375,222.69961547851563,46.92884826660156,0.4527356028556824,8.278902186020787e-8,0.8916448354721069,-6.362615323496357e-8,1,-6.05433925215948e-8,-0.8916448354721069,-2.9321780559143918e-8,0.4527356028556824],8,0.4971146583557129],[[775.6793823242188,222.69961547851563,46.84029006958008,0.460506796836853,6.66233006541006e-8,0.8876561522483826,-5.271378356042078e-8,1,-4.770793538000362e-8,-0.8876561522483826,-2.4821886768222613e-8,0.460506796836853],8,0.519181489944458],[[775.3833618164063,222.69961547851563,46.68720626831055,0.46205779910087588,3.932547798513042e-8,0.8868498206138611,-3.450470487109669e-8,1,-2.6365581717868737e-8,-0.8868498206138611,-1.8418067071479528e-8,0.46205779910087588],8,0.5283792018890381],[[775.32421875,222.69961547851563,46.65644454956055,0.46205779910087588,3.3860761305959389e-8,0.8868498206138611,-3.086521971340517e-8,1,-2.2099845509160333e-8,-0.8868498206138611,-1.716141007079841e-8,0.46205779910087588],8,0.5357615947723389],[[775.087646484375,222.69961547851563,46.53325271606445,0.4651516377925873,1.2073278377044972e-8,0.8852310180664063,-1.6255606638537757e-8,1,-5.09692554828689e-9,-0.8852310180664063,-1.2019124362439016e-8,0.4651516377925873],8,0.5515387058258057],[[774.8515014648438,222.69961547851563,46.40933609008789,0.4651542901992798,-9.755219743112776e-9,0.8852296471595764,-1.6584236206540482e-9,1,1.189142562196821e-8,-0.8852296471595764,-6.9994334772616188e-9,0.4651542901992798],8,0.5669817924499512],[[774.6744384765625,222.69961547851563,46.316307067871097,0.46515345573425295,-2.6114388873565987e-8,0.8852300643920898,9.281268198435555e-9,1,2.4623174610383104e-8,-0.8852300643920898,-3.237497159247482e-9,0.46515345573425295],8,0.5802333354949951],[[774.4973754882813,222.69961547851563,46.2232780456543,0.46515312790870669,-4.24630712814178e-8,0.8852302432060242,2.0213946072544787e-8,1,3.734676923272673e-8,-0.8852302432060242,5.220285870244368e-10,0.46515312790870669],8,0.5930259227752686],[[774.3793334960938,222.69961547851563,46.161258697509769,0.46515312790870669,-5.3356369988932786e-8,0.8852302432060242,2.7498504806544589e-8,1,4.5824634753444118e-8,-0.8852302432060242,3.02703528909376e-9,0.46515312790870669],8,0.6017770767211914],[[774.2022705078125,222.69961547851563,46.06822967529297,0.46515366435050967,-6.968759436176697e-8,0.8852299451828003,3.84195182334679e-8,1,5.853463846960949e-8,-0.8852299451828003,6.7825056682124799e-9,0.46515366435050967],8,0.6136608123779297],[[774.084228515625,222.69961547851563,46.00621032714844,0.46360665559768679,-8.055731370859576e-8,0.8860411047935486,4.568149947203892e-8,1,6.701614552184765e-8,-0.8860411047935486,9.406554646318455e-9,0.46360665559768679],8,0.6239907741546631],[[773.9070434570313,222.69961547851563,45.913429260253909,0.46050745248794558,-9.683773782853678e-8,0.8876558542251587,5.652415424606261e-8,1,7.97695918208774e-8,-0.8876558542251587,1.3439506396650814e-8,0.46050745248794558],8,0.6339707374572754],[[773.7887573242188,222.69961547851563,45.8519172668457,0.458959698677063,-1.076842224279062e-7,0.8884570598602295,6.373390704084159e-8,1,8.827992559190534e-8,-0.8884570598602295,1.6107913225482663e-8,0.458959698677063],8,0.6435184478759766],[[773.6111450195313,222.69961547851563,45.760047912597659,0.4558503031730652,-1.2392359849400237e-7,0.8900564908981323,7.449808236970057e-8,1,1.0107631709388443e-7,-0.8900564908981323,2.0231832209560708e-8,0.4558503031730652],8,0.6538963317871094],[[773.4924926757813,222.69961547851563,45.69915771484375,0.4496215879917145,-1.000303413434267e-7,0.8932191729545593,6.054118983911394e-8,1,8.151383212862129e-8,-0.8932191729545593,1.742617428135418e-8,0.4496215879917145],8,0.6646702289581299],[[773.37353515625,222.69961547851563,45.638980865478519,0.44649991393089297,-7.623012265867146e-8,0.8947836756706238,4.6658627184115178e-8,1,6.191110912823206e-8,-0.8947836756706238,1.4106073642494721e-8,0.44649991393089297],8,0.674405574798584],[[773.1946411132813,222.69961547851563,45.54952621459961,0.44180381298065188,-4.0566021652921339e-8,0.897111713886261,2.600023130128193e-8,1,3.241404655796032e-8,-0.897111713886261,9.004463841222332e-9,0.44180381298065188],8,0.6840200424194336],[[773.0750732421875,222.69961547851563,45.49045181274414,0.4418036937713623,-1.6852617079621269e-8,0.8971117734909058,1.2235327417897679e-8,1,1.2759841183651588e-8,-0.8971117734909058,5.3391109311462518e-9,0.4418036937713623],8,0.6944093704223633],[[772.8956298828125,222.69961547851563,45.402061462402347,0.42448756098747256,1.8804179546805245e-8,0.9054337739944458,-7.831129522628544e-9,1,-1.7096736470989528e-8,-0.9054337739944458,1.667833787744044e-10,0.42448756098747256],8,0.7045762538909912],[[772.775146484375,222.69961547851563,45.34486770629883,0.42448756098747256,4.249227103514386e-8,0.9054337739944458,-2.1201627120603918e-8,1,-3.6990499552302938e-8,-0.9054337739944458,-3.4946623372889009e-9,0.42448756098747256],8,0.7142829895019531],[[772.5941162109375,222.69961547851563,45.25988006591797,0.40860965847969057,7.793791922949822e-8,0.9127092361450195,-4.072272119515219e-8,1,-6.716073386314747e-8,-0.9127092361450195,-9.725479088729117e-9,0.40860965847969057],8,0.7257120609283447],[[772.47265625,222.69961547851563,45.20484924316406,0.40062278509140017,1.0151280349646186e-7,0.9162430763244629,-5.35537658663543e-8,1,-8.73763141839845e-8,-0.9162430763244629,-1.4063325615154554e-8,0.40062278509140017],8,0.7353246212005615],[[772.28955078125,222.69961547851563,45.12433624267578,0.3829458951950073,8.501795889515052e-8,0.9237707853317261,-4.4910908769679739e-8,1,-7.341594709942001e-8,-0.9237707853317261,-1.3373048446396752e-8,0.3829458951950073],8,0.7475416660308838],[[772.1050415039063,222.69961547851563,45.04705810546875,0.37324145436286929,6.867756496831135e-8,0.9277342557907105,-3.642031032313753e-8,1,-5.937475933137648e-8,-0.9277342557907105,-1.1627247609169445e-8,0.37324145436286929],8,0.7600970268249512],[[771.9196166992188,222.69961547851563,44.97200393676758,0.35208040475845339,5.221069443450688e-8,0.9359697699546814,-2.8255948691935374e-8,1,-4.5153520034091346e-8,-0.9359697699546814,-1.0549043416574478e-8,0.35208040475845339],8,0.7703306674957275],[[771.7951049804688,222.69961547851563,44.92431640625,0.3422539234161377,4.131295128217971e-8,0.9396075010299683,-2.2915532582601373e-8,1,-3.5621276595065868e-8,-0.9396075010299683,-9.340085149744937e-9,0.3422539234161377],8,0.7803921699523926],[[771.6699829101563,222.69961547851563,44.878238677978519,0.33073773980140688,3.041590090901991e-8,0.9437227249145508,-1.7694318898975326e-8,1,-2.602853754751777e-8,-0.9437227249145508,-8.089910963349212e-9,0.33073773980140688],8,0.7900726795196533],[[771.4813842773438,222.69961547851563,44.811588287353519,0.3108881711959839,1.4078718635346377e-8,0.9504464864730835,-1.0169783237756747e-8,1,-1.1486236850544174e-8,-0.9504464864730835,-6.0948992519627158e-9,0.3108881711959839],8,0.8005526065826416],[[771.3549194335938,222.69961547851563,44.76942825317383,0.3108881711959839,3.310494767205796e-9,0.9504464864730835,-5.15610487639151e-9,1,-1.7965480214598984e-9,-0.9504464864730835,-4.342076032060049e-9,0.3108881711959839],8,0.8101541996002197],[[771.0381469726563,222.69961547851563,44.66568374633789,0.28253310918807986,-2.3720307495977978e-8,0.9592575430870056,6.644536476585472e-9,1,2.2770741736621859e-8,-0.9592575430870056,-5.96669103014591e-11,0.28253310918807986],8,0.8290174007415772],[[770.9114379882813,223.13787841796876,44.62422561645508,0.2724624276161194,-3.4471757004439499e-8,0.962166428565979,1.1258073584485829e-8,1,3.263921044549534e-8,-0.962166428565979,1.939181482057961e-9,0.2724624276161194],3,0.8407986164093018],[[770.719482421875,223.7697296142578,44.568275451660159,0.2693103849887848,-5.058414132008693e-8,0.9630534648895264,1.8132324086650443e-8,1,4.745418991092265e-8,-0.9630534648895264,4.682491283602985e-9,0.2693103849887848],5,0.8606579303741455],[[770.4627075195313,224.5644989013672,44.49630355834961,0.2630957365036011,-7.202432072972442e-8,0.964769721031189,2.718336133966659e-8,1,6.724142309622039e-8,-0.964769721031189,8.53475246032076e-9,0.2630957365036011],5,0.8682260513305664],[[770.3341064453125,224.94143676757813,44.46108627319336,0.25930532813072207,-8.271744889043475e-8,0.9657953977584839,3.1666903765881219e-8,1,7.714476168985129e-8,-0.9657953977584839,1.0579701559265687e-8,0.25930532813072207],5,0.8774874210357666],[[770.205322265625,225.3047637939453,44.4264030456543,0.2526133358478546,-9.336307726925952e-8,0.9675673246383667,3.608559140388934e-8,1,8.707133503094156e-8,-0.9675673246383667,1.2919858072280022e-8,0.2526133358478546],5,0.8861415386199951],[[770.0763549804688,225.6544647216797,44.392520904541019,0.25241926312446597,-1.0407826067648785e-7,0.967617928981781,4.04846147716853e-8,1,9.700023184677775e-8,-0.967617928981781,1.4688912308713498e-8,0.25241926312446597],5,0.8941354751586914],[[769.8828125,226.15347290039063,44.34203338623047,0.24755612015724183,-1.200683215074605e-7,0.9688735604286194,4.7016534665544898e-8,1,1.1191252724529477e-7,-0.9688735604286194,1.784844272378905e-8,0.24755612015724183],5,0.9040815830230713],[[769.753662109375,226.46910095214845,44.308902740478519,0.24730028212070466,-1.307691803731359e-7,0.9689388871192932,5.1353698182765586e-8,1,1.2185432751721238e-7,-0.9689388871192932,1.9623985991756855e-8,0.24730028212070466],5,0.9132897853851318],[[769.62451171875,226.7711181640625,44.27592468261719,0.2439424842596054,-1.4140033499643324e-7,0.9697896838188171,5.5658802011748779e-8,1,1.318046543019591e-7,-0.9697896838188171,2.182457947697003e-8,0.2439424842596054],5,0.9228885173797607],[[769.4306030273438,227.19857788085938,44.2270393371582,0.2438771277666092,-1.5744278414331348e-7,0.9698061347007752,6.209258884837254e-8,1,1.467301729007886e-7,-0.9698061347007752,2.4433642664689615e-8,0.2438771277666092],5,0.9336662292480469],[[769.2366943359375,227.5953826904297,44.178279876708987,0.24220819771289826,-1.734330652425342e-7,0.9702243208885193,6.8500618510825e-8,1,1.6165505201115594e-7,-0.9702243208885193,2.7306789718295478e-8,0.24220819771289826],5,0.9457759857177734],[[769.1072998046875,227.8428955078125,44.14594268798828,0.24212683737277986,-1.4955530502902548e-7,0.9702445864677429,5.9098137938917719e-8,1,1.3939377652150143e-7,-0.9702445864677429,2.35886741251079e-8,0.24212683737277986],5,0.9553277492523193],[[768.9779052734375,228.0767822265625,44.1136589050293,0.24046111106872559,-1.256489099432656e-7,0.9706587791442871,4.974223699605318e-8,1,1.171244079500866e-7,-0.9706587791442871,2.0118873678143246e-8,0.24046111106872559],5,0.9653043746948242],[[768.7838134765625,228.40206909179688,44.06551742553711,0.24043309688568116,-8.987102972923822e-8,0.970665693283081,3.5707998335965388e-8,1,8.374216520223854e-8,-0.970665693283081,1.4526140290627154e-8,0.24043309688568116],5,0.9742074012756348],[[768.6544189453125,228.6018829345703,44.03346252441406,0.2387574017047882,-6.600680535484571e-8,0.9710792303085327,2.6398124575166549e-8,1,6.14821686895084e-8,-0.9710792303085327,1.0955346851915238e-8,0.2387574017047882],5,0.9852850437164307],[[768.0715942382813,229.3324737548828,43.89018249511719,0.2387445569038391,4.113785934123371e-8,0.9710823893547058,-1.5462763514051404e-8,1,-3.8561307036388828e-8,-0.9710823893547058,-5.809315251070757e-9,0.2387445569038391],5,1.0233895778656006],[[767.8773193359375,229.5146942138672,43.84244918823242,0.23232513666152955,7.67639747323301e-8,0.9726381897926331,-2.9191417283414013e-8,1,-7.195077955657325e-8,-0.9726381897926331,-1.1676712929897804e-8,0.23232513666152955],5,1.0496792793273926],[[767.55322265625,229.75025939941407,43.7648811340332,0.2231888324022293,1.3602226545117447e-7,0.9747752547264099,-5.1573227466406027e-8,1,-1.2773375601682347e-7,-0.9747752547264099,-2.1763558066822953e-8,0.2231888324022293],5,1.0597567558288575],[[767.3582763671875,229.85073852539063,43.720149993896487,0.21726955473423005,1.3593576397852304e-7,0.976111650466919,-5.141520631468666e-8,1,-1.2781816849383177e-7,-0.976111650466919,-2.2415987288582074e-8,0.21726955473423005],5,1.0672626495361329],[[767.2281494140625,229.9006805419922,43.691078186035159,0.2118314802646637,1.240004650071569e-7,0.9773061871528626,-4.690619093139503e-8,1,-1.1671291844095322e-7,-0.9773061871528626,-2.111824137784879e-8,0.2118314802646637],5,1.0828790664672852],[[767.0327758789063,229.95005798339845,43.648563385009769,0.20205241441726685,1.060756602555557e-7,0.9793747067451477,-4.0348446361804238e-8,1,-9.998539240996252e-8,-0.9793747067451477,-1.931395665621949e-8,0.20205241441726685],5,1.0895724296569825],[[766.8369140625,229.96878051757813,43.6079216003418,0.19674000144004823,8.828093456259012e-8,0.9804556965827942,-3.3863010173718069e-8,1,-8.324570899276296e-8,-0.9804556965827942,-1.6823419102252047e-8,0.19674000144004823],5,1.1016180515289307],[[766.6408081054688,229.9568328857422,43.56848907470703,0.1866505891084671,7.042589800221322e-8,0.9824263453483582,-2.7568322735760377e-8,1,-6.644798133947916e-8,-0.9824263453483582,-1.468129173787247e-8,0.1866505891084671],5,1.113713264465332],[[766.4443969726563,229.91424560546876,43.53092956542969,0.18130670487880708,5.2685923179751629e-8,0.983426570892334,-2.1351203471908776e-8,1,-4.963747102237903e-8,-0.983426570892334,-1.1997734361557378e-8,0.18130670487880708],5,1.1354799270629883],[[766.1166381835938,229.77513122558595,43.47049331665039,0.16882668435573579,2.3118618130979486e-8,0.9856457710266113,-1.1401787958220666e-8,1,-2.1502341240875468e-8,-0.9856457710266113,-7.607955154753654e-9,0.16882668435573579],5,1.1478667259216309],[[765.853759765625,229.60252380371095,43.425453186035159,0.16272304952144624,-4.197110992087971e-10,0.9866718053817749,-3.5592717662069619e-9,1,1.0123798466210588e-9,-0.9866718053817749,-3.6765706035168934e-9,0.16272304952144624],5,1.1603748798370362],[[765.72216796875,229.49578857421876,43.40370559692383,0.15357287228107453,-1.218885348208687e-8,0.9881373047828674,2.6092014659973019e-10,1,1.2294630202802637e-8,-0.9881373047828674,-1.6302967864589846e-9,0.15357287228107453],5,1.1699798107147217],[[765.5904541015625,229.37542724609376,43.382972717285159,0.14998574554920197,-2.3923160341610129e-8,0.9886881709098816,4.0388612454478338e-9,1,2.358416928416318e-8,-0.9886881709098816,4.5588527397555369e-10,0.14998574554920197],5,1.1794929504394532],[[765.3927001953125,229.16934204101563,43.352867126464847,0.1417068988084793,-4.149996257751809e-8,0.9899086356163025,9.564979031040366e-9,1,4.055378255429787e-8,-0.9899086356163025,3.7217053883153996e-9,0.1417068988084793],5,1.1931335926055909],[[765.2607421875,229.01490783691407,43.333763122558597,0.1362212896347046,-5.3191719473488777e-8,0.9906784296035767,1.3185530889359143e-8,1,5.187916229942857e-8,-0.9906784296035767,5.9955742592876508e-9,0.1362212896347046],5,1.2008559703826905],[[765.128662109375,228.84686279296876,43.31543731689453,0.13097237050533296,-6.486640558023282e-8,0.9913859963417053,1.6743255670803593e-8,1,6.321806012010711e-8,-0.9913859963417053,8.319210209606354e-9,0.13097237050533296],5,1.209479570388794],[[764.9964599609375,228.66517639160157,43.29781723022461,0.12408573180437088,-7.650785960322537e-8,0.9922714829444885,2.0224492303100307e-8,1,7.457463624405136e-8,-0.9922714829444885,1.0814538597969659e-8,0.12408573180437088],5,1.21842622756958],[[764.7980346679688,228.3671112060547,43.27279281616211,0.11903295665979386,-9.399257550057882e-8,0.9928902983665466,2.5353207533385104e-8,1,9.162614134083924e-8,-0.9928902983665466,1.4266422709852123e-8,0.11903295665979386],5,1.228651523590088],[[764.6657104492188,228.1513671875,43.256805419921878,0.11026903241872788,-1.0554765594861237e-7,0.993901789188385,2.8681739649982775e-8,1,1.0301314290472874e-7,-0.993901789188385,1.714767172700249e-8,0.11026903241872788],5,1.2374556064605713],[[764.5332641601563,227.92201232910157,43.24184036254883,0.09494659304618836,-1.1694344692614323e-7,0.9954823851585388,3.1866061789287417e-8,1,1.1443484737583276e-7,-0.9954823851585388,2.0856903759636226e-8,0.09494659304618836],5,1.248976707458496],[[764.2678833007813,227.4224090576172,43.216068267822269,0.08678629249334336,-1.4010031179623184e-7,0.996226966381073,3.801373438250266e-8,1,1.373193470044498e-7,-0.996226966381073,2.5952868298873e-8,0.08678629249334336],5,1.2625164985656739],[[764.1350708007813,227.15216064453126,43.20436096191406,0.07062523066997528,-1.51311340346183e-7,0.9975029230117798,4.0930981271003478e-8,1,1.4879212528740028e-7,-0.9975029230117798,3.032029383120971e-8,0.07062523066997528],5,1.2737197875976563],[[763.8690795898438,226.57080078125,43.185089111328128,0.06400617212057114,-1.5734065073047533e-7,0.997949481010437,4.205213244290462e-8,1,1.5496681271542912e-7,-0.997949481010437,3.20470725512223e-8,0.06400617212057114],5,1.2895879745483399],[[763.6029663085938,225.93495178222657,43.168052673339847,0.0504595972597599,-1.1193652937890875e-7,0.9987261295318604,3.041522944613462e-8,1,1.1054261506160401e-7,-0.9987261295318604,2.4798547215709733e-8,0.0504595972597599],5,1.3031713962554932],[[763.51318359375,225.91952514648438,43.16013717651367,0.006646584719419479,0.02595672756433487,0.999640941619873,-0.0001491696311859414,0.9996630549430847,-0.025956308469176294,-0.9999778866767883,0.000023404722014674918,0.006648216862231493],12,1.3143658638000489],[[763.4041137695313,226.17556762695313,43.14360809326172,0.013221334666013718,0.0028431701939553024,0.9999085664749146,-0.0031730877235531809,0.9999910593032837,-0.0028014483395963909,-0.9999075531959534,-0.0031357607804238798,0.013230238109827042],12,1.3386778831481934],[[763.40283203125,226.26852416992188,43.14309310913086,0.026697954162955285,-0.004713870584964752,0.9996324181556702,-0.0022386284545063974,0.9999861121177673,0.004775327164679766,-0.9996410608291626,-0.002365297172218561,0.026687029749155046],12,1.3486759662628174],[[763.4044189453125,226.45513916015626,43.143001556396487,0.022768046706914903,-0.0037848162464797498,0.9997336268424988,-0.000304291897919029,0.9999927878379822,0.003792727133259177,-0.999740719795227,-0.00039056382956914604,0.022766729816794397],12,1.3612353801727296],[[763.404541015625,226.5484619140625,43.142913818359378,0.019338445737957956,-0.0017821136862039567,0.9998114109039307,0.00008099041588138789,0.9999983906745911,0.0017808804986998439,-0.9998130202293396,0.000046535682486137378,0.019338559359312059],12,1.3703663349151612],[[763.4044189453125,226.64178466796876,43.142852783203128,0.01923365704715252,-0.00044125295244157314,0.9998149275779724,0.00018204304797109216,0.9999998807907105,0.00043783258297480643,-0.9998149871826172,0.0001735882251523435,0.019233735278248788],12,1.3815128803253174],[[763.4041748046875,226.78176879882813,43.1428108215332,0.01920226961374283,0.0002917502133641392,0.9998155832290649,0.00011603010352700949,0.9999999403953552,-0.00029403247754089534,-0.9998155832290649,0.00012165479711256921,0.019202236086130143],12,1.392435073852539],[[763.4041137695313,226.87509155273438,43.14280319213867,0.019184056669473649,0.0003014619287569076,0.9998159408569336,0.000053180581744527447,0.9999999403953552,-0.0003025378391612321,-0.9998159408569336,0.00005897469600313343,0.019184039905667306],12,1.4016478061676026],[[763.4041137695313,227.01507568359376,43.1428108215332,0.019181841984391214,0.00013518564810510725,0.9998160004615784,5.200458872423042e-7,1,-0.00013522049994207919,-0.9998160004615784,0.0000031137283258431127,0.019181840121746064],12,1.4124574661254883],[[763.404052734375,227.1083984375,43.14281463623047,0.017434051260352136,0.0000452888198196888,0.9998480081558228,-0.000009619185220799409,1,-0.00004512797750066966,-0.9998480081558228,-0.000008830959814076778,0.017434051260352136],12,1.4226653575897217],[[763.404052734375,227.24838256835938,43.14281463623047,0.015687497332692148,-0.000012709765542240348,0.9998769164085388,-0.000007927964361442719,1,0.000012835715097025968,-0.9998769164085388,-0.000008128348781610839,0.015687497332692148],12,1.4330532550811768],[[763.404052734375,227.38836669921876,43.142818450927737,0.013940935023128987,-0.000016171023162314669,0.9999028444290161,-0.0000025926503894879717,1,0.000016208741726586596,-0.9999028444290161,-0.0000028183635549794418,0.013940935023128987],12,1.449427843093872],[[763.404052734375,227.57501220703126,43.142818450927737,0.010447653941810131,-0.000003983233455073787,0.9999454021453857,4.3295827367728636e-7,1,0.000003978926997660892,-0.9999454021453857,3.9136418195084845e-7,0.010447653941810131],12,1.480525016784668],[[763.404052734375,227.85498046875,43.142818450927737,-0.0000325594337482471,9.903999398375163e-7,1,2.1824914142598573e-7,1,-9.903927775667399e-7,-1,2.1821689699663694e-7,-0.0000325594337482471],12,1.4883179664611817],[[763.404052734375,227.94830322265626,43.142818450927737,-0.005272618029266596,6.781821184631554e-7,0.9999861121177673,6.349383596671032e-8,1,-6.778568035770149e-7,-0.9999861121177673,5.991886808942582e-8,-0.005272618029266596],12,1.4982919692993165],[[763.404052734375,228.13494873046876,43.142818450927737,-0.010512770153582096,8.05810529413975e-8,0.9999447464942932,-3.4616029154221908e-8,1,-8.094944092817969e-8,-0.9999447464942932,-3.546511706531419e-8,-0.010512770153582096],12,1.510843276977539],[[763.404052734375,228.228271484375,43.142818450927737,-0.02972262166440487,-3.144182159076081e-8,0.9995582103729248,-3.0689704999531389e-8,1,3.054313779671247e-8,-0.9995582103729248,-2.976832469414603e-8,-0.02972262166440487],12,1.521334171295166],[[763.404052734375,228.50823974609376,43.142818450927737,-0.03845126926898956,-8.523448258301869e-8,0.9992604851722717,4.101862405292422e-9,1,8.545540453042122e-8,-0.9992604851722717,7.384697742196522e-9,-0.03845126926898956],12,1.5462596416473389],[[763.404052734375,228.6015625,43.142818450927737,-0.04368692263960838,-9.143739276851193e-8,0.9990452527999878,1.5538335063070009e-8,1,9.220424601608102e-8,-0.9990452527999878,1.9551620766833368e-8,-0.04368692263960838],12,1.5556023120880128],[[763.404052734375,228.7882080078125,43.142818450927737,-0.04368692263960838,-1.0391494953410074e-7,0.9990452527999878,3.8396631651949067e-8,1,1.0569328878773377e-7,-0.9990452527999878,4.297738698255671e-8,-0.04368692263960838],12,1.57261061668396],[[763.404052734375,228.92819213867188,43.142818450927737,-0.04368692263960838,-1.1326612536777248e-7,0.9990452527999878,5.5527536346744458e-8,1,1.1580251424447852e-7,-0.9990452527999878,6.053357992641395e-8,-0.04368692263960838],12,1.5848045349121094],[[763.404052734375,229.02151489257813,43.142818450927737,-0.04368692263960838,-8.937318085600055e-8,0.9990452527999878,4.8690147025354238e-8,1,9.158774361139877e-8,-0.9990452527999878,5.2644846704197337e-8,-0.04368692263960838],12,1.5945920944213868],[[763.404052734375,229.1614990234375,43.142818450927737,-0.04368692263960838,-5.355289189878931e-8,0.9990452527999878,3.843953777504794e-8,1,5.528498192575171e-8,-0.9990452527999878,4.081806892486384e-8,-0.04368692263960838],12,1.6050574779510499],[[763.404052734375,229.39480590820313,43.142818450927737,-0.04368692263960838,6.096600557725651e-9,0.9990452527999878,2.136978594080574e-8,1,-5.167954064688729e-9,-0.9990452527999878,2.1123611304574298e-8,-0.04368692263960838],12,1.6268606185913087],[[763.404052734375,229.58145141601563,43.142818450927737,-0.04368692263960838,5.3770342844927657e-8,0.9990452527999878,7.727108730648525e-9,1,-5.348383069758711e-8,-0.9990452527999878,5.38318767340229e-9,-0.04368692263960838],12,1.6439409255981446],[[763.404052734375,229.721435546875,43.142818450927737,-0.04368692263960838,8.949892560394801e-8,0.9990452527999878,-2.497247297839067e-9,1,-8.969364984068307e-8,-0.9990452527999878,-6.413302777730223e-9,-0.04368692263960838],12,1.656365156173706],[[763.404052734375,229.95474243164063,43.142818450927737,-0.04368692263960838,7.988381156565083e-8,0.9990452527999878,-1.097829471774503e-8,1,-8.044021626574249e-8,-0.9990452527999878,-1.4481998711346478e-8,-0.04368692263960838],12,1.6758990287780762],[[763.3470458984375,230.0503387451172,43.090633392333987,-0.04368692263960838,6.375620387188974e-8,0.9990452527999878,-1.4781237567262906e-8,1,-6.446349942734742e-8,-0.9990452527999878,-1.7583337452720117e-8,-0.04368692263960838],8,1.6907682418823243],[[763.2164916992188,230.10655212402345,42.97105026245117,-0.04368692263960838,4.7638934574933958e-8,0.9990452527999878,-1.8581745919732385e-8,1,-4.849701440434728e-8,-0.9990452527999878,-2.0682689338968886e-8,-0.04368692263960838],8,1.7017204761505128],[[763.2822875976563,230.13645935058595,42.85536575317383,-0.01497842837125063,0.00015039328718557954,0.9998878240585327,-0.00021645579545293003,0.9999999403953552,-0.00015365263971034437,-0.9998877644538879,-0.0002187329955631867,-0.014978394843637944],8,1.7177817821502686],[[763.3333740234375,230.15802001953126,42.73017883300781,-0.01659150794148445,0.0018761716783046723,0.9998605847358704,0.00006544041389133781,0.9999982118606567,-0.0018753440817818046,-0.9998623728752136,0.00003431650111451745,-0.016591601073741914],8,1.7325375080108643],[[763.3685302734375,230.16587829589845,42.66693115234375,-0.017246058210730554,0.003499808954074979,0.9998451471328735,0.0002823911781888455,0.9999938607215881,-0.00349545874632895,-0.9998512268066406,0.0002220645546913147,-0.01724693924188614],8,1.7440297603607178],[[763.467529296875,230.17965698242188,42.50803756713867,-0.013651933521032334,0.007894530892372132,0.9998756647109985,0.0012094321427866817,0.9999682307243347,-0.007878748700022698,-0.999906063079834,0.001101721660234034,-0.013661048375070095],8,1.7622747421264649],[[763.50390625,230.1737823486328,42.44438552856445,-0.017139092087745668,0.009455686435103417,0.9998084306716919,0.0015424686716869474,0.999954342842102,-0.009430624544620514,-0.9998519420623779,0.0013805407797917724,-0.017152894288301469],8,1.7723159790039063],[[763.5396728515625,230.14007568359376,42.34790802001953,-0.01379253901541233,0.012443180195987225,0.9998274445533752,0.0021422328427433969,0.999920666217804,-0.012414787895977497,-0.999902606010437,0.001970631768926978,-0.013818101026117802],8,1.7852215766906739],[[763.539306640625,230.07749938964845,42.249107360839847,-0.008623246103525162,0.013247246854007244,0.9998750686645508,0.002837236039340496,0.9999085664749146,-0.013223220594227314,-0.9999588131904602,0.002722854493185878,-0.008660043589770794],8,1.7979888916015626],[[763.5401000976563,230.02035522460938,42.18218231201172,-0.00993787869811058,0.014042775146663189,0.9998520016670227,0.0031988653354346754,0.9998967051506043,-0.014011608436703682,-0.9999455213546753,0.0030591462273150684,-0.009981772862374783],8,1.8062620162963868],[[763.5444946289063,229.873291015625,42.04853439331055,-0.01147733349353075,0.01441066525876522,0.9998303055763245,0.002608426846563816,0.9998931884765625,-0.01438162848353386,-0.999930739402771,0.0024429215118288996,-0.011513696983456612],8,1.8232502937316895],[[763.5472412109375,229.506103515625,41.80803680419922,-0.010204561054706574,0.016071371734142305,0.9998188018798828,0.0020747899543493988,0.9998690485954285,-0.016051001846790315,-0.9999457597732544,0.0019106206018477679,-0.010236568748950959],8,1.8625755310058594],[[763.5452270507813,229.6756591796875,41.67131805419922,-0.014496351592242718,0.003219445003196597,0.9998897314071655,0.00026053705369122326,0.9999948143959045,-0.0032160060945898296,-0.999894917011261,0.00021388796449173242,-0.014497115276753903],12,1.871591329574585],[[763.5457153320313,229.8618621826172,41.60689926147461,-0.014040134847164154,-0.000796784705016762,0.9999011158943176,-0.0001273807283723727,0.9999997019767761,0.0007950746221467853,-0.9999014139175415,-0.00011620517034316435,-0.014040232636034489],12,1.889967441558838],[[763.5270385742188,230.014404296875,41.54312515258789,-0.010516757145524025,-0.0005799314822070301,0.9999445080757141,-0.00006227162521099672,0.9999998211860657,0.000579308602027595,-0.9999446868896484,-0.00005617572242044844,-0.010516791604459286],8,1.9059216976165772],[[763.4918212890625,230.09304809570313,41.48017501831055,0.04026884585618973,-0.00020993742509745061,0.9991888403892517,-0.0000030333972063090188,1,0.00021023010776843876,-0.9991888999938965,-0.000011496660590637476,0.04026884585618973],5,1.9185354709625245],[[763.458251953125,230.12843322753907,41.43096923828125,0.03872440382838249,-0.00007874607399571687,0.9992499351501465,0.000015142453776206822,1,0.00007821836334187537,-0.9992499351501465,0.000012102135769964662,0.03872440755367279],5,1.930445671081543],[[763.4534301757813,230.150146484375,41.364593505859378,0.005365269724279642,-0.000015672178051318043,0.9999856352806091,0.0022747276816517116,0.9999974370002747,0.0000034676454561122229,-0.999983012676239,0.0022746764589101078,0.005365291610360146],5,1.9397377967834473],[[763.4683837890625,230.14572143554688,41.32273864746094,0.010397551581263543,-0.00003477583595667966,0.9999459385871887,0.002379409270361066,0.9999971985816956,0.000010036279491032474,-0.9999431371688843,0.0023791762068867685,0.010397604666650296],5,1.947922706604004],[[763.5535888671875,230.0570831298828,41.19863510131836,0.07584536075592041,-0.000022712036297889428,0.9971196055412293,-0.0009695136686787009,0.9999995231628418,0.00009652316657593474,-0.997119128704071,-0.0009740418754518032,0.07584530860185623],5,1.97304368019104],[[763.5875244140625,229.9699249267578,41.1302490234375,0.05874880403280258,-0.00008047602750593796,0.9982727766036987,-0.0011638556607067586,0.9999992847442627,0.0001491086441092193,-0.9982721209526062,-0.0011706053046509624,0.05874866992235184],5,1.9911105632781983],[[763.6138916015625,229.80828857421876,41.02855682373047,0.08035323023796082,0.010154756717383862,0.99671471118927,-0.0007414740393869579,0.9999484419822693,-0.010127926245331765,-0.9967661499977112,0.00007477348844986409,0.08035661280155182],5,1.9987421035766602],[[763.6324462890625,229.6563720703125,40.94784927368164,0.054787032306194308,0.016369609162211419,0.9983638525009155,-0.0005637899739667773,0.9998659491539002,-0.016363298520445825,-0.9984979033470154,0.00033362905378453434,0.05478891730308533],5,2.0128180980682375],[[763.63671875,229.69778442382813,40.89961242675781,0.012946526519954205,0.011057194322347641,0.9998550415039063,-0.0004893909208476543,0.9999387860298157,-0.011051783338189125,-0.9999160766601563,-0.00034623913234099746,0.012951144948601723],12,2.022888660430908],[[763.6400146484375,229.7838134765625,40.86124801635742,-0.0013830827083438635,0.005157869309186935,0.9999857544898987,-0.00028650337480939925,0.9999866485595703,-0.005158270243555307,-0.9999989867210388,-0.0002936336968559772,-0.001381586422212422],12,2.043419599533081],[[763.617919921875,229.9560546875,40.752662658691409,-0.00521689560264349,-0.0008690622635185719,0.9999859929084778,0.000016650892575853505,0.9999996423721314,0.0008691609255038202,-0.9999864101409912,0.000021184981960686856,-0.005216878838837147],8,2.0533246994018556],[[763.5629272460938,230.03253173828126,40.64339828491211,0.06371436268091202,-0.0007379109156318009,0.9979678988456726,0.0000866412156028673,0.9999997019767761,0.0007338817813433707,-0.9979681968688965,0.00003970634497818537,0.0637144073843956],5,2.068298101425171],[[763.5303955078125,230.0526123046875,40.55793380737305,0.025383714586496354,-0.000504100346006453,0.9996776580810547,0.0008470233296975493,0.9999995231628418,0.0004827551