[[[776,222.69961547851563,47,1,-4.417648824528442e-8,-2.4623530685686895e-14,4.417648824528442e-8,1,1.2076893263213151e-8,2.4090016819463407e-14,-1.2076893263213151e-8,1],8,0.003904581069946289],[[776,222.69961547851563,47,1,-1.7153103826217376e-8,-2.4498930445079893e-14,1.7153103826217376e-8,1,4.6892760785510749e-9,2.441849450234273e-14,-4.6892760785510749e-9,1],8,0.02393031120300293],[[776,222.69961547851563,47,1,1.885113398714111e-8,-2.4643044630725739e-14,-1.885113398714111e-8,1,-5.153517168565713e-9,2.4545895033873355e-14,5.153517168565713e-9,1],8,0.03813743591308594],[[776,222.69961547851563,47,1,4.583412049896651e-8,-2.4983294377506003e-14,-4.583412049896651e-8,1,-1.2530093407292498e-8,2.4408987404542748e-14,1.2530093407292498e-8,1],8,0.04560399055480957],[[776,222.69961547851563,47,1,8.178453470009117e-8,-2.5745778190031273e-14,-8.178453470009117e-8,1,-2.235817930795747e-8,2.3917225486355318e-14,2.235817930795747e-8,1],8,0.06264019012451172],[[776,222.69961547851563,47,1,1.0074962375483665e-7,-2.635222667521104e-14,-1.0074962375483665e-7,1,-2.754283379147182e-8,2.357729761209501e-14,2.754283379147182e-8,1],8,0.07817268371582031],[[776,222.69961547851563,47,1,6.885641568032952e-8,-2.5725839034452907e-14,-6.885641568032952e-8,1,-1.8823897107722588e-8,2.442969227790543e-14,1.8823897107722588e-8,1],8,0.09426307678222656],[[776,222.69961547851563,47,1,3.699045691973879e-8,-2.537189615304733e-14,-3.699045691973879e-8,1,-1.0112408688200958e-8,2.4997832851012676e-14,1.0112408688200958e-8,1],8,0.1115410327911377],[[776,222.69961547851563,47,1,2.902822338057831e-8,-2.5326644264873217e-14,-2.902822338057831e-8,1,-7.935699208871938e-9,2.5096285184537938e-14,7.935699208871938e-9,1],8,0.11940145492553711],[[776,222.69961547851563,47,1,1.310885799910011e-8,-2.528807546665294e-14,-1.310885799910011e-8,1,-3.5836758005558524e-9,2.524109732533232e-14,3.5836758005558524e-9,1],8,0.12665200233459474],[[776,222.69961547851563,47,1,-2.803705045906213e-9,-2.5318712648355128e-14,2.803705045906213e-9,1,7.664887058389525e-10,2.5316562878734996e-14,-7.664887058389525e-10,1],8,0.13532662391662599],[[776,222.69961547851563,47,1,-2.66597997011786e-8,-2.5494268697003054e-14,2.66597997011786e-8,1,7.288251335779705e-9,2.52999644211006e-14,-7.288251335779705e-9,1],8,0.1444683074951172],[[776,222.69961547851563,47,-0.7463443875312805,-1.7930723572590069e-9,0.6655599474906921,1.1674704758490862e-8,1,1.5785840190574164e-8,-0.6655599474906921,1.9551888996716117e-8,-0.7463443875312805],8,0.15986418724060059],[[776,222.69961547851563,47,-0.7394591569900513,-3.4024612460825668e-8,0.6732014417648315,-1.7416851960661007e-8,1,3.141045468169068e-8,-0.6732014417648315,1.1501697372295894e-8,-0.7394591569900513],8,0.18081283569335938],[[776,222.69961547851563,47,-0.6749289035797119,-6.629511517530773e-8,0.7378827333450317,-4.443464263204078e-8,1,4.920143581443881e-8,-0.7378827333450317,4.1991504717842078e-10,-0.6749289035797119],8,0.1906111240386963],[[776,222.69961547851563,47,-0.6607442498207092,-8.976604704002966e-8,0.7506111264228821,-6.43416839807287e-8,1,6.29522389772319e-8,-0.7506111264228821,-6.70025457338852e-9,-0.6607442498207092],8,0.20945978164672852],[[776,222.69961547851563,47,-0.6552536487579346,-1.2099002333343379e-7,0.7554088830947876,-9.070725326409956e-8,1,8.148403196628351e-8,-0.7554088830947876,-1.512835368089327e-8,-0.6552536487579346],8,0.21732568740844727],[[776,222.69961547851563,47,-0.6604576706886292,-9.062382844149397e-8,0.750863254070282,-6.922225281869032e-8,1,5.980511019743062e-8,-0.750863254070282,-1.2477701538671227e-8,-0.6604576706886292],8,0.22844290733337403],[[776,222.69961547851563,47,-0.6604517698287964,-8.047216937256963e-8,0.7508684992790222,-6.206353475590731e-8,1,5.25820418317835e-8,-0.7508684992790222,-1.1873652283611591e-8,-0.6604517698287964],8,0.2349390983581543],[[775.8932495117188,222.69961547851563,46.87863540649414,-0.6786156892776489,-4.015392818246255e-8,0.7344935536384583,-3.274623949778288e-8,1,2.4413854049498697e-8,-0.7344935536384583,-7.484278086167251e-9,-0.6786156892776489],8,0.2524569034576416],[[775.760498046875,222.69961547851563,46.73370361328125,-0.6850042343139648,-9.802127109992398e-9,0.7285391092300415,-1.0591147514560362e-8,1,3.4962386319392637e-9,-0.7285391092300415,-5.321127094504163e-9,-0.6850042343139648],8,0.27327775955200198],[[775.5781860351563,222.69961547851563,46.539302825927737,-0.7137140035629273,3.051589558822343e-8,0.7004372477531433,2.0022461910684798e-8,1,-2.3164934859210008e-8,-0.7004372477531433,-2.508659724398399e-9,-0.7137140035629273],8,0.28122544288635256],[[775.4840087890625,222.69961547851563,46.444942474365237,-0.7258385419845581,5.071635555964349e-8,0.6878650784492493,3.55497959958484e-8,1,-3.621777722173647e-8,-0.6878650784492493,-1.8347950936359326e-9,-0.7258385419845581],8,0.289989709854126],[[775.3394775390625,222.69961547851563,46.306739807128909,-0.7258385419845581,8.107353011155283e-8,0.6878650784492493,5.882835552029064e-8,1,-5.5786582464634196e-8,-0.6878650784492493,-2.6080847551068765e-11,-0.7258385419845581],8,0.29761672019958498],[[775.2427368164063,222.69961547851563,46.214996337890628,-0.755174994468689,1.0122241178578406e-7,0.6555233001708984,7.48935278238605e-8,1,-6.813593955712349e-8,-0.6555233001708984,-2.3601072207668496e-9,-0.755174994468689],8,0.31127285957336428],[[775.0928344726563,222.69961547851563,46.08266067504883,-0.7863208055496216,9.588657690073888e-8,0.6178183555603027,7.269646573604405e-8,1,-6.267833185802374e-8,-0.6178183555603027,-4.372064488222804e-9,-0.7863208055496216],8,0.3308587074279785],[[774.8844604492188,222.69961547851563,45.916358947753909,-0.8155824542045593,6.515806916240763e-8,0.578640878200531,5.059930074935437e-8,1,-4.128668962266602e-8,-0.578640878200531,-4.39387548567538e-9,-0.8155824542045593],8,0.3412306308746338],[[774.7224731445313,222.69961547851563,45.79911804199219,-0.8294885158538818,4.2248082365858866e-8,0.5585237145423889,3.365173384395348e-8,1,-2.5664716574169689e-8,-0.5585237145423889,-2.493296236139031e-9,-0.8294885158538818],8,0.3483741283416748],[[774.6675415039063,222.69961547851563,45.76132583618164,-0.8428986668586731,3.458336905737269e-8,0.5380723476409912,2.787936281833936e-8,1,-2.0599262740006453e-8,-0.5380723476409912,-2.3619752820280839e-9,-0.8428986668586731],8,0.35675835609436037],[[774.4996337890625,222.69961547851563,45.65262222290039,-0.8428987860679627,1.18197807097431e-8,0.5380721688270569,1.0569641162305743e-8,1,-5.409392489497122e-9,-0.5380721688270569,1.1276590772268947e-9,-0.8428987860679627],8,0.36626672744750979],[[774.2748413085938,222.69961547851563,45.50907897949219,-0.8898292183876038,-1.845531372168807e-8,0.4562937617301941,-1.4296293926463477e-8,1,1.2566585105844297e-8,-0.4562937617301941,4.6588048974172129e-9,-0.8898292183876038],8,0.38598036766052248],[[774.0986328125,222.69961547851563,45.41472244262695,-0.8984348773956299,-4.1091929858794177e-8,0.43910685181617739,-3.318729469015125e-8,1,2.56778278640013e-8,-0.43910685181617739,8.497086589898118e-9,-0.8984348773956299],8,0.39766526222229006],[[773.9791870117188,222.69961547851563,45.35543441772461,-0.906703531742096,-5.606609221331382e-8,0.4217684864997864,-4.5940055315440989e-8,1,3.4170597018601259e-8,-0.4217684864997864,1.1606533512065198e-8,-0.906703531742096],8,0.4060018062591553],[[773.7982177734375,222.69961547851563,45.27030944824219,-0.913934051990509,-7.856004913264769e-8,0.4058627784252167,-6.527851326154632e-8,1,4.65669707239158e-8,-0.4058627784252167,1.6065021313238505e-8,-0.913934051990509],8,0.4168732166290283],[[773.61572265625,222.69961547851563,45.18849182128906,-0.9268975853919983,-1.0067449096595738e-7,0.3753144145011902,-8.500498438479554e-8,1,5.830732163758512e-8,-0.3753144145011902,2.2141321665003489e-8,-0.9268975853919983],8,0.428743839263916],[[773.4926147460938,222.69961547851563,45.13737106323242,-0.9268975853919983,-1.1579357561686266e-7,0.3753144145011902,-9.814894497139903e-8,1,6.61300489923633e-8,-0.3753144145011902,2.445906588377511e-8,-0.9268975853919983],8,0.4360775947570801],[[773.3690795898438,222.69961547851563,45.08717727661133,-0.9370229840278626,-9.591506966444286e-8,0.3492676913738251,-8.208314739022171e-8,1,5.440318773253239e-8,-0.3492676913738251,2.2308046965235918e-8,-0.9370229840278626],8,0.44664907455444338],[[773.1820678710938,222.69961547851563,45.01631546020508,-0.9441371560096741,-6.671707097893887e-8,0.3295527696609497,-5.763415700243968e-8,1,3.7330959656856069e-8,-0.3295527696609497,1.6252050372145278e-8,-0.9441371560096741],8,0.45982933044433596],[[772.9935302734375,222.69961547851563,44.94960403442383,-0.9469796419143677,-3.788157343365128e-8,0.32129353284835818,-3.3052749870421397e-8,1,2.0483740925669737e-8,-0.32129353284835818,8.778051174829216e-9,-0.9469796419143677],8,0.4700000286102295],[[772.8673706054688,222.69961547851563,44.90644454956055,-0.952447772026062,-1.860533238584594e-8,0.30470195412635805,-1.6480296238796656e-8,1,9.546090140588604e-9,-0.30470195412635805,4.070574100012436e-9,-0.952447772026062],8,0.48153233528137209],[[772.6771240234375,222.69961547851563,44.844825744628909,-0.9550724625587463,1.0091280699953132e-8,0.2963724434375763,8.50735570878669e-9,1,-6.634014226847285e-9,-0.2963724434375763,-3.814618398934044e-9,-0.9550724625587463],8,0.49362826347351076],[[772.4862060546875,222.69961547851563,44.78520202636719,-0.9571205377578735,3.8706350125039538e-8,0.2896900177001953,3.3591387449405377e-8,1,-2.2628816154224297e-8,-0.2896900177001953,-1.192741461153446e-8,-0.9571205377578735],8,0.5047140121459961],[[772.2948608398438,222.69961547851563,44.726993560791019,-0.9615544080734253,6.713776201650035e-8,0.27461448311805727,5.890741405778499e-8,1,-3.821748251198187e-8,-0.27461448311805727,-2.0571359726773154e-8,-0.9615544080734253],8,0.5158243179321289],[[772.1668090820313,222.69961547851563,44.68984603881836,-0.9639157652854919,8.602778933664013e-8,0.2662074863910675,7.586581318719255e-8,1,-4.845668044595186e-8,-0.2662074863910675,-2.6512109840837185e-8,-0.9639157652854919],8,0.5261428356170654],[[771.97412109375,222.71046447753907,44.63620376586914,-0.9662045836448669,9.767164499407954e-8,0.25777652859687807,8.658272321326877e-8,1,-5.436888272924989e-8,-0.25777652859687807,-3.0212468971058118e-8,-0.9662045836448669],8,0.5374526977539063],[[771.781005859375,222.74461364746095,44.58430862426758,-0.970559298992157,7.558234216276105e-8,0.24086228013038636,6.740608426980543e-8,1,-4.218486182594461e-8,-0.24086228013038636,-2.470732418657917e-8,-0.970559298992157],8,0.5494906902313232],[[771.5870971679688,222.80050659179688,44.53548049926758,-0.9738305807113648,5.369673417021659e-8,0.22727526724338532,4.807342790513758e-8,1,-3.027765060892307e-8,-0.22727526724338532,-1.855940112704957e-8,-0.9738305807113648],8,0.562140941619873],[[771.3925170898438,222.85023498535157,44.48947525024414,-0.9757781624794006,3.2013467432534529e-8,0.21876244246959687,2.8649983718764817e-8,1,-1.8547245517197554e-8,-0.21876244246959687,-1.1830456614347895e-8,-0.9757781624794006],8,0.5752198696136475],[[771.2625122070313,222.86868286132813,44.45998764038086,-0.9776512980461121,1.757049972184177e-8,0.2102329283952713,1.5640173600672825e-8,1,-1.0844467546178294e-8,-0.2102329283952713,-7.314028493965452e-9,-0.9776512980461121],8,0.5833394527435303],[[771.1322021484375,222.87161254882813,44.431617736816409,-0.9811742305755615,3.107760049303465e-9,0.19312460720539094,2.503422580346637e-9,1,-3.373294976682928e-9,-0.19312460720539094,-2.8263176243825684e-9,-0.9811742305755615],8,0.5950839519500732],[[770.9361572265625,222.83099365234376,44.39229202270508,-0.9834617376327515,-1.841400099067414e-8,0.18111616373062135,-1.732662546771735e-8,1,7.585891914629883e-9,-0.18111616373062135,4.3223025159022658e-9,-0.9834617376327515],8,0.60605788230896],[[770.7395629882813,222.82305908203126,44.3555793762207,-0.9886685013771057,-3.974226103764522e-8,0.1501152217388153,-3.747842214352204e-8,1,1.7909762561885146e-8,-0.1501152217388153,1.2080737299413613e-8,-0.9886685013771057],8,0.6179625988006592],[[770.5419921875,222.85169982910157,44.32435607910156,-0.9913707971572876,-6.096221483176123e-8,0.1310877650976181,-5.781185663522592e-8,1,2.7838094496246414e-8,-0.1310877650976181,2.0019445656771496e-8,-0.9913707971572876],8,0.6307439804077148],[[770.409912109375,222.87338256835938,44.3061637878418,-0.9913707971572876,-7.526087841824847e-8,0.1310877650976181,-7.136024038345568e-8,1,3.445344631813896e-8,-0.1310877650976181,2.4801684261888114e-8,-0.9913707971572876],8,0.6379659175872803],[[770.2777099609375,222.85935974121095,44.2885856628418,-0.9955106377601624,-8.859343836320477e-8,0.09464949369430542,-8.5136193206381e-8,1,4.056496649695873e-8,-0.09464949369430542,3.2324759757784707e-8,-0.9955106377601624],8,0.6466286182403565],[[770.0787353515625,222.80682373046876,44.26825714111328,-0.9983116984367371,-1.0877601397396575e-7,0.05808417871594429,-1.0611113054892485e-7,1,4.896392269415628e-8,-0.05808417871594429,4.2717879011888729e-8,-0.9983116984367371],8,0.659630298614502],[[769.8796997070313,222.7236328125,44.24925231933594,-0.9992437362670898,-9.543312273763149e-8,0.03888363391160965,-9.38637398917308e-8,1,4.218657068122411e-8,-0.03888363391160965,3.850490415402419e-8,-0.9992437362670898],8,0.6727662086486816],[[769.6806640625,222.6097869873047,44.23031997680664,-0.9999837875366211,-6.465678836775624e-8,0.005699340254068375,-6.449255351981265e-8,1,2.900021023322097e-8,-0.005699340254068375,2.8632175741449829e-8,-0.9999837875366211],8,0.6838757991790772],[[769.4816284179688,223.26889038085938,44.21139144897461,-0.9999497532844544,-3.477166998777648e-8,-0.010022083297371865,-3.49366366947379e-8,1,1.6285373050095587e-8,0.010022083297371865,1.6634693622563647e-8,-0.9999497532844544],3,0.6982877254486084],[[769.2819213867188,223.90074157714845,44.20612335205078,-0.9986187815666199,-5.103664602046365e-9,0.05254083871841431,-4.9008161973063128e-9,1,3.989608199361783e-9,-0.05254083871841431,3.72660435843386e-9,-0.9986187815666199],5,0.7188866138458252],[[769.0153198242188,224.6955108642578,44.208351135253909,-0.9933866262435913,3.5896785988143168e-8,0.11481741815805435,3.420675298571041e-8,1,-1.668956350897588e-8,-0.11481741815805435,-1.2651658387596854e-8,-0.9933866262435913],5,0.7250235080718994],[[768.8820190429688,225.07244873046876,44.20968246459961,-0.9984377026557922,5.532988467393807e-8,0.055876217782497409,5.383362022826077e-8,1,-2.8283372088822035e-8,-0.055876217782497409,-2.5231164713090949e-8,-0.9984377026557922],5,0.735316276550293],[[768.7487182617188,225.43577575683595,44.21101760864258,-0.9984115958213806,7.54797042645805e-8,0.056340914219617847,7.32773060008185e-8,1,-4.1156521746188449e-8,-0.056340914219617847,-3.696263917163378e-8,-0.9984115958213806],5,0.7426590919494629],[[768.6154174804688,225.7854766845703,44.21235275268555,-0.9984026551246643,9.552422852721065e-8,0.05649891495704651,9.254546995407509e-8,1,-5.533879132713082e-8,-0.05649891495704651,-5.002167924317291e-8,-0.9984026551246643],5,0.751542329788208],[[768.4821166992188,226.12155151367188,44.213687896728519,-0.9983996152877808,1.1547025735580974e-7,0.05655256658792496,1.1164103597138819e-7,1,-7.087026432373023e-8,-0.05655256658792496,-6.444325606480561e-8,-0.9983996152877808],5,0.7592179775238037],[[768.3488159179688,226.44400024414063,44.215023040771487,-0.9983986020088196,1.1944815980768909e-7,0.05657069757580757,1.1518556419787274e-7,1,-7.86104408234678e-8,-0.05657069757580757,-7.196842233270218e-8,-0.9983986020088196],5,0.7674784660339356],[[768.2155151367188,226.75282287597657,44.21635818481445,-0.9983982443809509,1.0736718536463741e-7,0.056576941162347797,1.031343472845947e-7,1,-7.773539323352452e-8,-0.056576941162347797,-7.177585814588383e-8,-0.9983982443809509],5,0.7777278423309326],[[768.0822143554688,227.0480194091797,44.21769332885742,-0.9983981251716614,9.541138012991724e-8,0.0565791055560112,9.123130695343207e-8,1,-7.646312383258192e-8,-0.0565791055560112,-7.11788601392982e-8,-0.9983981251716614],5,0.7858381271362305],[[767.8822631835938,227.46527099609376,44.219696044921878,-0.9959594011306763,7.999729234597908e-8,0.08980486541986466,7.369208532281846e-8,1,-7.352574726837702e-8,-0.08980486541986466,-6.661074536395972e-8,-0.9959594011306763],5,0.7960340976715088],[[767.7489624023438,227.7263946533203,44.221031188964847,-0.9983980655670166,6.605679914173379e-8,0.05657997727394104,6.212390246673749e-8,1,-7.126923406985952e-8,-0.05657997727394104,-6.764009441440067e-8,-0.9983980655670166],5,0.8040828704833984],[[767.6156616210938,227.97390747070313,44.22236633300781,-0.9983980655670166,5.44805089930378e-8,0.05657987296581268,5.0679346941251427e-8,1,-6.861706935978873e-8,-0.05657987296581268,-6.563971766126997e-8,-0.9983980655670166],5,0.8145561218261719],[[767.4823608398438,228.20779418945313,44.22370147705078,-0.9983980655670166,4.2998461680099356e-8,0.05658026412129402,3.93517751717809e-8,1,-6.55657572679047e-8,-0.05658026412129402,-6.323418944020887e-8,-0.9983980655670166],5,0.8244593143463135],[[767.2824096679688,228.5330810546875,44.225704193115237,-0.9959593415260315,2.795589537640808e-8,0.08980550616979599,2.2663405374601099e-8,1,-5.99525051825367e-8,-0.08980550616979599,-5.7674956366327027e-8,-0.9959593415260315],5,0.8327751159667969],[[767.1491088867188,228.73289489746095,44.2270393371582,-0.9983980655670166,1.4738792408763857e-8,0.05658021569252014,1.159580431675522e-8,1,-5.587754259295252e-8,-0.05658021569252014,-5.513193457318266e-8,-0.9983980655670166],5,0.8427174091339111],[[767.0158081054688,228.91909790039063,44.22837448120117,-0.9983980655670166,3.5298530765004445e-9,0.056580133736133578,6.240781780242344e-10,1,-5.137447800507289e-8,-0.056580133736133578,-5.1256868971449879e-8,-0.9983980655670166],5,0.8523013591766357],[[766.8825073242188,229.09165954589845,44.22970962524414,-0.9983980655670166,-7.613605745859786e-9,0.056580059230327609,-1.0257105387267984e-8,1,-4.6430987055146036e-8,-0.056580059230327609,-4.6936953879139767e-8,-0.9983980655670166],5,0.8611276149749756],[[766.7492065429688,229.2506103515625,44.23104476928711,-0.9983980655670166,-1.8697351222840554e-8,0.056579988449811938,-2.1052706244972798e-8,1,-4.1032716779909609e-8,-0.056579988449811938,-4.215814541908003e-8,-0.9983980655670166],5,0.8700592517852783],[[766.3493041992188,229.6457061767578,44.235050201416019,-0.9820278286933899,-4.687962018579128e-8,0.18873628973960877,-5.1570324899330447e-8,1,-1.9942504536629714e-8,-0.18873628973960877,-2.9317284599983396e-8,-0.9820278286933899],5,0.8937952518463135],[[766.1493530273438,229.79727172851563,44.23705291748047,-0.9956391453742981,-6.606096292216535e-8,0.09328853338956833,-6.713782596534657e-8,1,-8.404959395136303e-9,-0.09328853338956833,-1.4631496014771983e-8,-0.9956391453742981],5,0.9045820236206055],[[766.0160522460938,229.8812713623047,44.23804473876953,-0.9978659749031067,-7.735559393040603e-8,0.06529544293880463,-7.752870345711927e-8,1,-1.173409147625648e-10,-0.06529544293880463,-5.1793613842221479e-9,-0.9978659749031067],5,0.9139101505279541],[[765.8827514648438,229.95166015625,44.2384147644043,-0.9947992563247681,-8.800327577773715e-8,0.10185497999191284,-8.752710556336751e-8,1,9.14411923957914e-9,-0.10185497999191284,1.814907529817944e-10,-0.9947992563247681],5,0.9238951206207275],[[765.6828002929688,230.0316925048828,44.232757568359378,-0.9855376482009888,-1.043591737470706e-7,0.16945673525333405,-1.0160371743950236e-7,1,2.493194983799185e-8,-0.16945673525333405,7.353940123522307e-9,-0.9855376482009888],5,0.933302640914917],[[765.5497436523438,230.06802368164063,44.22465515136719,-0.990635335445404,-1.1496718599346423e-7,0.13653422892093659,-1.1107790953701624e-7,1,3.610435683754076e-8,-0.13653422892093659,2.0600314343255378e-8,-0.990635335445404],5,0.9402337074279785],[[765.3549194335938,230.09695434570313,44.22575378417969,-0.9550580382347107,-1.3345314187063196e-7,0.2964188754558563,-1.231634456644315e-7,1,5.3386962406420938e-8,-0.2964188754558563,1.4479677901135802e-8,-0.9550580382347107],5,0.9581432342529297],[[765.1658935546875,230.09523010253907,44.248409271240237,-0.9121343493461609,-1.5104957640232897e-7,0.4098913371562958,-1.33314173922372e-7,1,7.184618056044201e-8,-0.4098913371562958,1.0889043444706204e-8,-0.9121343493461609],5,0.9793741703033447],[[764.8575439453125,230.0242462158203,44.335296630859378,-0.8226794600486755,-1.6192815621707269e-7,0.5685054659843445,-1.3079363725410077e-7,1,9.556094937579474e-8,-0.5685054659843445,4.259137931228452e-9,-0.8226794600486755],5,0.9859368801116943],[[764.7947998046875,229.9998321533203,44.35569763183594,-0.8306075930595398,-1.4991151431331674e-7,0.5568581819534302,-1.1865479621064878e-7,1,9.222445385148603e-8,-0.5568581819534302,1.0528433236345336e-8,-0.8306075930595398],5,0.993213415145874],[[764.6665649414063,229.94078063964845,44.389564514160159,-0.8155885934829712,-1.2607212340753905e-7,0.5786321759223938,-9.422537772252326e-8,1,8.506782478434616e-8,-0.5786321759223938,1.4858510866133657e-8,-0.8155885934829712],5,1.0013585090637208],[[764.4716186523438,229.82666015625,44.4334716796875,-0.7112657427787781,-9.010884127746977e-8,0.7029231786727905,-6.055052637066183e-8,1,6.692242493500089e-8,-0.7029231786727905,5.037255501605387e-9,-0.7112657427787781],5,1.01417875289917],[[764.2742309570313,229.68186950683595,44.46207046508789,-0.6581459641456604,-5.263040492309301e-8,0.7528903484344482,-2.8733870394148654e-8,1,4.47864998420755e-8,-0.7528903484344482,7.842599458740552e-9,-0.6581459641456604],5,1.0247113704681397],[[764.141357421875,229.56832885742188,44.46879577636719,-0.5659375190734863,-2.7513051392702438e-8,0.8244481682777405,-1.0015455131906492e-8,1,2.649642638630212e-8,-0.8244481682777405,6.738097191316683e-9,-0.5659375190734863],5,1.0333342552185059],[[764.0086669921875,229.44114685058595,44.465606689453128,-0.5043764114379883,-1.8315143845981652e-9,0.8634839057922363,7.087433306907087e-9,1,6.260972185145874e-9,-0.8634839057922363,9.277771439997196e-9,-0.5043764114379883],5,1.04329252243042],[[763.8135375976563,229.22483825683595,44.471500396728519,-0.4660312533378601,3.705554973976177e-8,0.8847682476043701,3.0465734823792448e-8,1,-2.5834522077161638e-8,-0.8847682476043701,1.4915420010197523e-8,-0.4660312533378601],5,1.058063268661499],[[763.561279296875,228.88873291015626,44.513214111328128,-0.3748021721839905,8.730642520049514e-8,0.9271048307418823,5.7327593339095986e-8,1,-7.099512089325799e-8,-0.9271048307418823,2.6539559883076437e-8,-0.3748021721839905],5,1.081841230392456],[[763.3128051757813,228.4981231689453,44.59365463256836,-0.21954883635044099,1.3317223590547656e-7,0.9756014943122864,7.727143014335525e-8,1,-1.1911357233884701e-7,-0.9756014943122864,4.923487395558368e-8,-0.21954883635044099],5,1.0886623859405518],[[763.1864013671875,228.28237915039063,44.63327407836914,-0.16152890026569367,1.2237795488090342e-7,0.9868679642677307,6.899123405901264e-8,1,-1.1271404076751424e-7,-0.9868679642677307,4.98786647540328e-8,-0.16152890026569367],5,1.0990118980407715],[[763.0572509765625,228.0530242919922,44.66334915161133,-0.1208023950457573,1.1276793543402164e-7,0.9926765561103821,6.065675961508532e-8,1,-1.0621833723689633e-7,-0.9926765561103821,4.73811141432634e-8,-0.1208023950457573],5,1.106576919555664],[[762.8598022460938,227.6834259033203,44.69220733642578,-0.09113989025354386,1.0028080765778214e-7,0.9958381056785584,4.821609422833717e-8,1,-9.628713115716892e-8,-0.9958381056785584,3.923982561104822e-8,-0.09113989025354386],5,1.1165475845336915],[[762.6607666015625,227.28317260742188,44.71106719970703,-0.06731753796339035,8.838959075774255e-8,0.997731626033783,3.589332919773369e-8,1,-8.616880364797908e-8,-0.997731626033783,3.00112361628635e-8,-0.06731753796339035],5,1.128209114074707],[[762.5602416992188,227.21261596679688,44.7186164855957,-0.04793734475970268,8.056390754518361e-8,0.9988503456115723,2.771524520994717e-8,1,-7.932651158171211e-8,-0.9988503456115723,2.388067876779587e-8,-0.04793734475970268],7,1.1376440525054932],[[762.4724731445313,227.20269775390626,44.723331451416019,-0.036958031356334689,7.309139249400687e-8,0.9993168115615845,1.9572958365188243e-8,1,-7.241749244712992e-8,-0.9993168115615845,1.688317752268631e-8,-0.036958031356334689],7,1.1487977504730225],[[762.3436889648438,227.201171875,44.72840881347656,-0.03680409863591194,6.229444693417463e-8,0.9993224740028381,7.3456534188665049e-9,1,-6.206614244774755e-8,-0.9993224740028381,5.056388197033357e-9,-0.03680409863591194],7,1.157360315322876],[[762.2579956054688,227.2010955810547,44.73157501220703,-0.03671348839998245,5.5102692186892457e-8,0.9993258118629456,-8.04773303553219e-10,1,-5.516942991334872e-8,-0.9993258118629456,-2.8296929244220338e-9,-0.03671348839998245],7,1.1661934852600098],[[762.0866088867188,227.2010955810547,44.73786926269531,-0.03670390695333481,4.072952819456077e-8,0.9993261694908142,-1.709666364035911e-8,1,-4.138492926131221e-8,-0.9993261694908142,-1.8604133344979347e-8,-0.03670390695333481],8,1.183553695678711],[[762.0009155273438,227.6427764892578,44.74101257324219,-0.03669742867350578,3.354767486030141e-8,0.9993264079093933,-2.5237484990725535e-8,1,-3.449706298397359e-8,-0.9993264079093933,-2.648643970815101e-8,-0.03669742867350578],3,1.1926844120025635],[[761.8723754882813,228.2848358154297,44.7457275390625,-0.03146098554134369,2.291880107918587e-8,0.9995049834251404,-3.738792742069563e-8,1,-2.410699551091966e-8,-0.9995049834251404,-3.812785109857941e-8,-0.03146098554134369],3,1.2033915519714356],[[761.7792358398438,228.6958465576172,44.74903869628906,-0.031459417194128039,1.5744554104912824e-8,0.9995050430297852,-4.548391530079243e-8,1,-1.7183957368160919e-8,-0.9995050430297852,-4.600199687843087e-8,-0.031459417194128039],5,1.214374303817749],[[761.6761474609375,229.09323120117188,44.752567291259769,-0.03145894408226013,8.573320720017819e-9,0.9995050430297852,-5.357644639047976e-8,1,-1.0263859095971384e-8,-0.9995050430297852,-5.3872820870992658e-8,-0.03145894408226013],5,1.2240993976593018],[[761.4402465820313,229.8471221923828,44.76028060913086,-0.028288500383496286,-5.5720885683285818e-9,0.999599814414978,-6.970249444293586e-8,1,3.6017508975305647e-9,-0.999599814414978,-6.957271381224928e-8,-0.028288500383496286],5,1.235938310623169],[[761.3089599609375,230.20364379882813,44.76408386230469,-0.028061993420124055,-1.271208827091641e-8,0.999606192111969,-7.775958010824979e-8,1,1.0534147776297687e-8,-0.999606192111969,-7.743334862198026e-8,-0.028061993420124055],5,1.2466537952423096],[[761.109375,230.71286010742188,44.769691467285159,-0.028006138280034066,-2.344262561848609e-8,0.9996077418327332,-8.983759158809335e-8,1,2.0934832534180715e-8,-0.9996077418327332,-8.921605143541456e-8,-0.028006138280034066],5,1.257655382156372],[[760.97607421875,231.03530883789063,44.77342224121094,-0.027973337098956109,-3.0593920286037249e-8,0.9996086955070496,-9.7884836236517e-8,1,2.7866660090580809e-8,-0.9996086955070496,-9.706700865308449e-8,-0.027973337098956109],5,1.267608880996704],[[760.776123046875,231.49343872070313,44.77901840209961,-0.027969546616077424,-4.131976183430197e-8,0.9996087551116943,-1.0994905608185945e-7,1,3.825950400937472e-8,-0.9996087551116943,-1.0883594114829975e-7,-0.027969546616077424],5,1.278221845626831],[[760.642822265625,231.7818145751953,44.78274917602539,-0.027967359870672227,-4.846663870239354e-8,0.9996088147163391,-1.1798752552749647e-7,1,4.51845139082252e-8,-0.9996088147163391,-1.1667768262668688e-7,-0.027967359870672227],5,1.2909824848175049],[[760.44287109375,232.1888427734375,44.78834533691406,-0.027966732159256936,-5.918156276152331e-8,0.9996088743209839,-1.3003875665162924e-7,1,5.556653803751033e-8,-0.9996088743209839,-1.2843388219607733e-7,-0.027966732159256936],5,1.3009142875671387],[[760.242919921875,232.56521606445313,44.793941497802737,-0.027966666966676713,-6.988970113752657e-8,0.9996088743209839,-1.4208225707079692e-7,1,6.594192569764346e-8,-0.9996088743209839,-1.4018250737990457e-7,-0.027966666966676713],5,1.311704158782959],[[760.109619140625,232.79910278320313,44.797672271728519,-0.02291623130440712,-7.628919718172256e-8,0.9997373819351196,-1.5008392040272157e-7,1,7.286897840685924e-8,-0.9997373819351196,-1.4837462458672236e-7,-0.02291623130440712],5,1.3221149444580079],[[759.90966796875,233.1243896484375,44.80241775512695,-0.014672030694782734,-7.70477299738559e-8,0.9998923540115356,-1.4665073422293063e-7,1,7.490412912147804e-8,-0.9998923540115356,-1.455359637247966e-7,-0.014672030694782734],5,1.333622694015503],[[759.709716796875,233.41900634765626,44.80556106567383,-0.004459495656192303,-6.028289334381043e-8,0.9999900460243225,-1.1266655519648339e-7,1,5.978105122039779e-8,-0.9999900460243225,-1.1239884400993106e-7,-0.004459495656192303],5,1.3464148044586182],[[759.576416015625,233.598388671875,44.80640411376953,0.026488248258829118,-4.652454066444989e-8,0.9996491074562073,-9.039208492822581e-8,1,4.8936037444491379e-8,-0.9996491074562073,-9.165659520249392e-8,0.026488248258829118],5,1.3565871715545655],[[759.37646484375,233.8419189453125,44.802066802978519,0.04501960426568985,-2.9493630648858017e-8,0.9989861249923706,-5.730178642693318e-8,1,3.210588772617484e-8,-0.9989861249923706,-5.8689085591367987e-8,0.04501960426568985],5,1.3659334182739258],[[759.2432861328125,233.98724365234376,44.796504974365237,0.06835728883743286,-1.794392545662049e-8,0.9976608753204346,-3.551239302623799e-8,1,2.04192183161922e-8,-0.9976608753204346,-3.682512783598213e-8,0.06835728883743286],5,1.3772664070129395],[[758.8441162109375,234.34146118164063,44.76961135864258,0.13486552238464356,1.5354304494508143e-8,0.9908639192581177,2.6998259627930566e-8,1,-1.9170583342997817e-8,-0.9908639192581177,2.933705189889224e-8,0.13486552238464356],5,1.399681568145752],[[758.7118530273438,234.43228149414063,44.753665924072269,0.19205275177955628,2.3634903811853293e-8,0.9813845753669739,4.711180778826929e-8,1,-3.330280051727641e-8,-0.9813845753669739,5.263069624561467e-8,0.19205275177955628],5,1.4111721515655518],[[758.4498901367188,234.57305908203126,44.70418167114258,0.2108083814382553,4.2690928125921349e-8,0.977527379989624,8.665969630783366e-8,1,-6.23609324179597e-8,-0.977527379989624,9.785843957388352e-8,0.2108083814382553],5,1.4335393905639649],[[758.1893310546875,234.65933227539063,44.64767074584961,0.25094375014305117,5.170150885192015e-8,0.968001663684845,1.110350140720584e-7,1,-8.219516445251429e-8,-0.968001663684845,1.2810843941224449e-7,0.25094375014305117],5,1.441263198852539],[[758.1246337890625,234.67237854003907,44.631656646728519,0.26153242588043215,4.851268897709815e-8,0.9651947021484375,1.0666084904187301e-7,1,-7.916326438817123e-8,-0.9651947021484375,1.2365224222321559e-7,0.26153242588043215],5,1.4511961936950684],[[757.8671264648438,234.69052124023438,44.562557220458987,0.26745057106018069,4.085714877533064e-8,0.9635716080665588,8.911105453535129e-8,1,-6.713559486115628e-8,-0.9635716080665588,1.0382033366340693e-7,0.26745057106018069],5,1.4609317779541016],[[757.7386474609375,234.6791534423828,44.52692413330078,0.2736968994140625,3.6792595636825357e-8,0.9618160128593445,8.03486130962483e-8,1,-6.111747552495217e-8,-0.9618160128593445,9.400824296790234e-8,0.2736968994140625],5,1.4708757400512696],[[757.5462036132813,234.63656616210938,44.47232437133789,0.2770611643791199,3.140929294431771e-8,0.9608522653579712,6.722770962142022e-8,1,-5.207406061913389e-8,-0.9608522653579712,7.902360010803022e-8,0.2770611643791199],5,1.4828979969024659],[[757.4180297851563,234.5911407470703,44.435447692871097,0.2773863673210144,2.803349019586676e-8,0.9607584476470947,5.84760826427555e-8,1,-4.606147996355503e-8,-0.9607584476470947,6.895821513808187e-8,0.2773863673210144],5,1.5026204586029053],[[757.1619262695313,234.45941162109376,44.36146545410156,0.2804975211620331,2.1108903069944064e-8,0.959854781627655,4.1029370123624179e-8,1,-3.398174541757726e-8,-0.959854781627655,4.891402838325121e-8,0.2804975211620331],5,1.5101110935211182],[[757.0211181640625,234.4377899169922,44.32041931152344,0.28409677743911745,1.5916000961624378e-8,0.9587956070899963,2.7981030825685594e-8,1,-2.4890939087640619e-8,-0.9587956070899963,3.389952496490878e-8,0.28409677743911745],7,1.52138352394104],[[756.89404296875,234.43666076660157,44.282859802246097,0.2858644723892212,1.0852365228686267e-8,0.9582700729370117,1.4954709470771378e-8,1,-1.578614039488002e-8,-0.9582700729370117,1.884334643875718e-8,0.2858644723892212],7,1.5410497188568116],[[756.7677001953125,234.4365997314453,44.24523162841797,0.2858836352825165,5.854784657088885e-9,0.9582643508911133,1.936474314234715e-9,1,-6.687498110835577e-9,-0.9582643508911133,3.767500533768953e-9,0.2858836352825165],7,1.5474028587341309],[[756.6834716796875,234.4365997314453,44.220123291015628,0.2858867645263672,2.5251349899946264e-9,0.9582633972167969,-6.737730373629347e-9,1,-6.249922246404083e-10,-0.9582633972167969,-6.277843134228078e-9,0.2858867645263672],7,1.5575008392333985],[[756.55712890625,234.4365997314453,44.18246078491211,0.2858879268169403,-2.4666415576746205e-9,0.9582630395889282,-1.9742079970797023e-8,1,8.463922007706515e-9,-0.9582630395889282,-2.1337838163049129e-8,0.2858879268169403],8,1.5780596733093262],[[756.388671875,234.4365997314453,44.13224411010742,0.28421297669410708,-9.154661917420981e-9,0.9587611556053162,-3.708938223212499e-8,1,2.0543119205740369e-8,-0.9587611556053162,-4.1398479311283157e-8,0.28421297669410708],8,1.585688829421997],[[756.2623291015625,234.4365997314453,44.094764709472659,0.28253838419914248,-1.4211258836382968e-8,0.9592559933662415,-5.010592118992463e-8,1,2.957302847050869e-8,-0.9592559933662415,-5.641992117944028e-8,0.28253838419914248],8,1.5951049327850342],[[756.1781005859375,234.4365997314453,44.06991958618164,0.2808620035648346,-1.7630915394306613e-8,0.9597481489181519,-5.878947817450353e-8,1,3.557459038461275e-8,-0.9597481489181519,-6.641464267431729e-8,0.2808620035648346],8,1.614403486251831],[[756.0096435546875,234.4365997314453,44.020572662353519,0.27415016293525698,-2.4732429437790416e-8,0.961686909198761,-7.622883657631974e-8,1,4.744847359461346e-8,-0.961686909198761,-8.631628389821344e-8,0.27415016293525698],8,1.620429277420044],[[755.9254150390625,234.4365997314453,43.99638366699219,0.2707892656326294,-2.8350637393259605e-8,0.9626386761665344,-8.496359527043751e-8,1,5.335113684168391e-8,-0.9626386761665344,-9.623615682130549e-8,0.2707892656326294],8,1.6299476623535157],[[755.7988891601563,234.4365997314453,43.96068572998047,0.26574110984802248,-3.382716329269897e-8,0.964044451713562,-9.81049268489187e-8,1,6.213165448798463e-8,-0.964044451713562,-1.1108844688578756e-7,0.26574110984802248],8,1.648158311843872],[[755.67236328125,234.4365997314453,43.925655364990237,0.25393491983413699,-3.47836817127245e-8,0.9672213196754456,-9.651014920564194e-8,1,6.130031948714532e-8,-0.9672213196754456,-1.0891296398085615e-7,0.25393491983413699],8,1.653846263885498],[[755.587890625,234.44607543945313,43.9031867980957,0.24547775089740754,-2.831110990086927e-8,0.9694022536277771,-7.555909320444698e-8,1,4.8338225866473297e-8,-0.9694022536277771,-8.51131147783235e-8,0.24547775089740754],8,1.660740852355957],[[755.5032958984375,234.4722900390625,43.881526947021487,0.23869815468788148,-2.1485844214907958e-8,0.9710938334465027,-5.45269642771018e-8,1,3.552831628894637e-8,-0.9710938334465027,-6.143133646219212e-8,0.23869815468788148],8,1.6714797019958497],[[755.3764038085938,234.53953552246095,43.85010528564453,0.2234034538269043,-1.1325867355083119e-8,0.9747260808944702,-2.2697625112755305e-8,1,1.682174755046617e-8,-0.9747260808944702,-2.5882004095478807e-8,0.2234034538269043],8,1.6928093433380128],[[755.2068481445313,234.66610717773438,43.810821533203128,0.2114681899547577,3.1780780229695439e-9,0.9773848652839661,2.0011336587799634e-8,1,-7.581291150415837e-9,-0.9773848652839661,2.1161980612305343e-8,0.2114681899547577],8,1.7014737129211426],[[755.07958984375,234.7839813232422,43.782962799072269,0.2080526053905487,1.4358355393540024e-8,0.9781176447868347,5.2082807400211098e-8,1,-2.5757962873740327e-8,-0.9781176447868347,5.630212385199229e-8,0.2080526053905487],8,1.7186698913574219],[[754.9522094726563,234.9161376953125,43.755767822265628,0.19950202107429505,2.5948789783569738e-8,0.9798974394798279,8.429115183616887e-8,1,-4.364236971809987e-8,-0.9798974394798279,9.130341993568436e-8,0.19950202107429505],8,1.7248075008392335],[[754.8672485351563,235.0100555419922,43.73826599121094,0.1960766762495041,2.848064362126479e-8,0.9805885553359985,8.976289223028289e-8,1,-4.6993260838235076e-8,-0.9805885553359985,9.723474647671537e-8,0.1960766762495041],8,1.7345383167266846],[[754.7398071289063,235.15447998046876,43.71265411376953,0.1909363716840744,2.453598213492114e-8,0.9816024303436279,7.388783984652037e-8,1,-3.936813541827178e-8,-0.9816024303436279,8.004528950777967e-8,0.1909363716840744],8,1.7456116676330567],[[754.6547241210938,235.2528076171875,43.695987701416019,0.1909363716840744,2.1568421715301157e-8,0.9816024303436279,6.331012514237955e-8,1,-3.428743156064229e-8,-0.9816024303436279,6.869208846183028e-8,0.1909363716840744],8,1.7649428844451905],[[754.4845581054688,235.44688415527345,43.66288757324219,0.1909363716840744,1.563710583241118e-8,0.9816024303436279,4.216824223135518e-8,1,-2.4132537745913397e-8,-0.9816024303436279,4.600022762701883e-8,0.1909363716840744],8,1.7701687812805176],[[754.4420166015625,235.4960479736328,43.65461730957031,0.1909363716840744,1.4155069116839059e-8,0.9816024303436279,3.6885595022795317e-8,1,-2.1595170096588846e-8,-0.9816024303436279,4.0330291994905568e-8,0.1909363716840744],8,1.7785818576812745],[[754.3143920898438,235.6468505859375,43.62980651855469,0.1909363716840744,9.710857895584013e-9,0.9816024303436279,2.1044423093030674e-8,1,-1.3986317881631294e-8,-0.9816024303436279,2.3327753950752596e-8,0.1909363716840744],8,1.7939209938049317],[[754.186767578125,235.79771423339845,43.60499572753906,0.1909363716840744,5.269493730253316e-9,0.9816024303436279,5.213401266246365e-9,1,-6.382341322108687e-9,-0.9816024303436279,6.336108082649616e-9,0.1909363716840744],8,1.7996225357055665],[[754.0591430664063,235.94894409179688,43.58018493652344,0.1909363716840744,8.309752885793387e-10,0.9816024303436279,-1.0607476674806549e-8,1,1.2167633567372605e-9,-0.9816024303436279,-1.0644649606206258e-8,0.1909363716840744],8,1.8113737106323243],[[753.9740600585938,236.05125427246095,43.56364440917969,0.1909363716840744,-2.1264570104762017e-9,0.9816024303436279,-2.1149096696149173e-8,1,6.280127973212757e-9,-0.9816024303436279,-2.195910830948833e-8,0.1909363716840744],8,1.8189120292663575],[[753.9315185546875,236.10354614257813,43.55537414550781,0.1909363716840744,-3.604699427839364e-9,0.9816024303436279,-2.6418216947377006e-8,1,8.810999041486412e-9,-0.9816024303436279,-2.7614525777153177e-8,0.1909363716840744],8,1.82509183883667],[[753.846435546875,236.20809936523438,43.53883361816406,0.1909363716840744,-6.560236798236474e-9,0.9816024303436279,-3.695308237183781e-8,1,1.3871119364239349e-8,-0.9816024303436279,-3.8921736944530497e-8,0.1909363716840744],8,1.8337101936340333],[[753.7613525390625,236.3116912841797,43.52229309082031,0.1909363716840744,-9.514511845054585e-9,0.9816024303436279,-4.748344650806757e-8,1,1.8929078748897156e-8,-0.9816024303436279,-5.0224112868590967e-8,0.1909363716840744],8,1.8415844440460206],[[753.67626953125,236.41465759277345,43.50575256347656,0.1909363716840744,-1.2467524790338303e-8,0.9816024303436279,-5.8009309356066299e-8,1,2.398487453092457e-8,-0.9816024303436279,-6.15216677601893e-8,0.1909363716840744],8,1.8527967929840088],[[753.5911865234375,236.51719665527345,43.48921203613281,0.1909363716840744,-1.5419274745909207e-8,0.9816024303436279,-6.853067446854766e-8,1,2.9038512039392118e-8,-0.9816024303436279,-7.281438740847079e-8,0.1909363716840744],8,1.860365867614746],[[753.4635620117188,236.66787719726563,43.46440124511719,0.1909358948469162,-1.9844572207716739e-8,0.9816024899482727,-8.430431108763514e-8,1,3.6614913767607507e-8,-0.981602489948272