[[[776.0277099609375,222.69961547851563,47.142364501953128,3.2586038495362529e-14,1.9425455022314965e-8,1,-9.680640289388976e-8,1,-1.9425455022314965e-8,-1,-9.680640289388976e-8,3.4466546505957168e-14],8,0.011927604675292969],[[776.0277099609375,222.69961547851563,47.142364501953128,3.2742526138301867e-14,1.8640736954012028e-8,1,-9.289577462823218e-8,1,-1.8640736954012028e-8,-1,-9.289577462823218e-8,3.4474169802482457e-14],8,0.026158809661865236],[[776.0277099609375,222.69961547851563,47.142364501953128,3.3145876451520786e-14,1.4395669545308465e-8,1,-7.174057969905334e-8,1,-1.4395669545308465e-8,-1,-7.174057969905334e-8,3.417862984279006e-14],8,0.039162635803222659],[[776.0277099609375,222.69961547851563,47.142364501953128,3.353475266573702e-14,8.739813317504286e-9,1,-4.355473137707122e-8,1,-8.739813317504286e-9,-1,-4.355473137707122e-8,3.3915412660364896e-14],8,0.052381277084350589],[[776.0277099609375,222.69961547851563,47.142364501953128,3.366859064766678e-14,5.9136970875783849e-9,1,-2.947084176696535e-8,1,-5.9136970875783849e-9,-1,-2.947084176696535e-8,3.3842872758762038e-14],8,0.06079459190368652],[[776.0277099609375,222.69961547851563,47.142364501953128,3.3762482555804027e-14,3.0887878921248559e-9,1,-1.5392970453831368e-8,1,-3.0887878921248559e-9,-1,-1.5392970453831368e-8,3.38100282091993e-14],8,0.07183670997619629],[[776.0277099609375,222.69961547851563,47.142364501953128,3.382865954590711e-14,-1.146313155508949e-9,1,5.712558426296255e-9,1,1.146313155508949e-9,-1,5.712558426296255e-9,3.383520880465528e-14],8,0.0820317268371582],[[776.0277099609375,222.69961547851563,47.142364501953128,3.380545084315234e-14,-5.378700596025965e-9,1,2.6804560349091845e-8,1,5.378700596025965e-9,-1,2.6804560349091845e-8,3.39496226270386e-14],8,0.09411072731018067],[[776.0277099609375,222.69961547851563,47.142364501953128,3.374040887719858e-14,-8.198785650392893e-9,1,4.0858385119690868e-8,1,8.198785650392893e-9,-1,4.0858385119690868e-8,3.4075400243442289e-14],8,0.11650848388671875],[[776.0277099609375,222.69961547851563,47.142364501953128,3.3404699227015599e-14,-1.5243728057612317e-8,1,7.596667472853369e-8,1,1.5243728057612317e-8,-1,7.596667472853369e-8,3.456271523865663e-14],8,0.12587571144104005],[[776.0277099609375,222.69961547851563,47.142364501953128,3.3201306287589108e-14,-1.8059598261288558e-8,1,8.999948875043629e-8,1,1.8059598261288558e-8,-1,8.999948875043629e-8,3.482666086941644e-14],8,0.1352558135986328],[[776.0277099609375,222.69961547851563,47.142364501953128,3.2822326806328589e-14,-2.228114936997372e-8,1,1.1103746544449678e-7,1,2.228114936997372e-8,-1,1.1103746544449678e-7,3.529637113185505e-14],8,0.14673614501953126],[[776.0277099609375,222.69961547851563,47.142364501953128,3.3164622984709419e-14,-1.9571150033925734e-8,1,9.753225782560549e-8,1,1.9571150033925734e-8,-1,9.753225782560549e-8,3.507344222453308e-14],8,0.15806102752685548],[[776.0277099609375,222.69961547851563,47.142364501953128,3.376028365827295e-14,-1.3399573006722676e-8,1,6.677638708652012e-8,1,1.3399573006722676e-8,-1,6.677638708652012e-8,3.4655058770566296e-14],8,0.1691443920135498],[[775.9266357421875,222.69961547851563,47.1431884765625,-0.0005111651844345033,-7.232728638228991e-9,0.9999998807907105,3.60355407735824e-8,1,7.251149458653572e-9,-0.9999998807907105,3.603923914852203e-8,-0.0005111651844345033],8,0.18493270874023438],[[775.73583984375,222.69961547851563,47.14474868774414,-0.0012349775061011315,-1.0721240562006074e-9,0.9999992251396179,5.317564166773536e-9,1,1.0786920245919874e-9,-0.9999992251396179,5.318892437600198e-9,-0.0012349775061011315],8,0.20409560203552247],[[775.403076171875,222.69961547851563,47.14746856689453,-0.002411683090031147,9.181131410684884e-9,0.999997079372406,-4.582284063303632e-8,1,-9.291668767730244e-9,-0.999997079372406,-4.58451161478024e-8,-0.002411683090031147],8,0.21516847610473634],[[775.269775390625,222.69961547851563,47.1485595703125,-0.002832431811839342,1.3277490218399635e-8,0.9999960064888,-6.625992909903289e-8,1,-1.3465220938257972e-8,-0.9999960064888,-6.629780813227626e-8,-0.002832431811839342],8,0.22392678260803224],[[775.136474609375,222.69961547851563,47.14965057373047,-0.0032135082874447109,1.7371156957324275e-8,0.9999948143959045,-8.668668272093783e-8,1,-1.764981583107783e-8,-0.9999948143959045,-8.674295770561003e-8,-0.0032135082874447109],8,0.23626947402954102],[[774.869873046875,222.69961547851563,47.151832580566409,-0.0039010378532111646,1.8631363118970513e-8,0.9999923706054688,-9.297397696172993e-8,1,-1.8994203543343248e-8,-0.9999923706054688,-9.304736892090659e-8,-0.0039010378532111646],8,0.24887704849243165],[[774.736572265625,222.69961547851563,47.152923583984378,-0.004208812955766916,1.5802250175056544e-8,0.9999911189079285,-7.885242325755826e-8,1,-1.6134267255552005e-8,-0.9999911189079285,-7.891962638950645e-8,-0.004208812955766916],8,0.2616434097290039],[[774.469970703125,222.69961547851563,47.15510559082031,-0.004759727977216244,1.0149054929797785e-8,0.9999886751174927,-5.063157715312627e-8,1,-1.03901651726801e-8,-0.9999886751174927,-5.068045894063289e-8,-0.004759727977216244],8,0.2751946449279785],[[774.27001953125,222.69961547851563,47.156742095947269,-0.005123342387378216,5.91344351263956e-9,0.9999868869781494,-2.9484800379009358e-8,1,-6.064583502052301e-9,-0.9999868869781494,-2.9515483390696319e-8,-0.005123342387378216],8,0.287750244140625],[[774.070068359375,222.69961547851563,47.15837860107422,-0.005445726681500673,1.681382699736389e-9,0.9999851584434509,-8.353716829390123e-9,1,-1.7269004004560884e-9,-0.9999851584434509,-8.36299651751915e-9,-0.005445726681500673],8,0.2989156246185303],[[773.8701171875,222.69961547851563,47.16001510620117,-0.005733381025493145,-2.5472206566234947e-9,0.999983549118042,1.2762075840555554e-8,1,2.6204336478485858e-9,-0.999983549118042,1.2776890656596152e-8,-0.005733381025493145],8,0.3123936653137207],[[773.670166015625,222.69961547851563,47.161651611328128,-0.0059904903173446659,-6.772449712144635e-9,0.9999820590019226,3.386290714502138e-8,1,6.975430011380013e-9,-0.9999820590019226,3.390408309655868e-8,-0.0059904903173446659],8,0.32549500465393069],[[773.47021484375,222.69961547851563,47.16328811645508,-0.006220403593033552,-1.099437607621212e-8,0.999980628490448,5.494905153113905e-8,1,1.1336400262962343e-8,-0.999980628490448,5.50185070835596e-8,-0.006220403593033552],8,0.3369576930999756],[[773.270263671875,222.69961547851563,47.16492462158203,-0.0064260284416377548,-1.5213066362207429e-8,0.9999793767929077,7.602074703072503e-8,1,1.5701902000841984e-8,-0.9999793767929077,7.61200809051843e-8,-0.0064260284416377548],8,0.35021209716796877],[[773.0703125,222.69961547851563,47.166561126708987,-0.006609935313463211,-1.942857608128179e-8,0.9999781250953674,9.707819970117271e-8,1,2.0070695327945033e-8,-0.9999781250953674,9.720874061258655e-8,-0.006609935313463211],8,0.36116552352905276],[[772.93701171875,222.69961547851563,47.16765213012695,-0.006720971781760454,-2.2237177432771206e-8,0.9999774098396301,1.1110868314290201e-7,1,2.2984453451613264e-8,-0.9999774098396301,1.1126064691779902e-7,-0.006720971781760454],8,0.37098217010498049],[[772.737060546875,222.69961547851563,47.169288635253909,-0.006872672587633133,-1.9532576445158157e-8,0.999976396560669,9.759168762002446e-8,1,2.0203769324211863e-8,-0.999976396560669,9.772823261755548e-8,-0.006872672587633133],8,0.3848292827606201],[[772.470458984375,222.69961547851563,47.171470642089847,-0.007053008768707514,-1.1321743542680452e-8,0.9999751448631287,5.656005086507321e-8,1,1.1720953985161487e-8,-0.9999751448631287,5.664131208504841e-8,-0.007053008768707514],8,0.39954257011413576],[[772.2705078125,222.69961547851563,47.1731071472168,-0.0071719312109053139,-5.168752981177249e-9,0.9999743103981018,2.5810724224584193e-8,1,5.3540030187093638e-9,-0.9999743103981018,2.584845937292357e-8,-0.0071719312109053139],8,0.42035531997680666],[[772.00390625,222.69961547851563,47.175289154052737,-0.007311119232326746,3.028486794676155e-9,0.9999732971191406,-1.5156233601487658e-8,1,-3.1393796451339996e-9,-0.9999732971191406,-1.5178780898850165e-8,-0.007311119232326746],8,0.42975521087646487],[[771.87060546875,222.69961547851563,47.1763801574707,-0.00737300980836153,7.124242973333139e-9,0.9999728202819824,-3.562606565310489e-8,1,-7.387115363854946e-9,-0.9999728202819824,-3.5679562415680269e-8,-0.00737300980836153],8,0.44086146354675295],[[771.670654296875,222.69961547851563,47.178016662597659,-0.007456708233803511,1.3264337184182296e-8,0.9999722242355347,-6.631389481981387e-8,1,-1.3759202666108195e-8,-0.9999722242355347,-6.641464977974465e-8,-0.007456708233803511],8,0.45119476318359377],[[771.470703125,222.69961547851563,47.17965316772461,-0.007531704846769571,1.9400214767983927e-8,0.9999716281890869,-9.69815374673999e-8,1,-2.0131221134533918e-8,-0.9999716281890869,-9.713041038139636e-8,-0.007531704846769571],8,0.460681676864624],[[771.33740234375,222.69961547851563,47.18074417114258,-0.00757700577378273,2.0030572756013499e-8,0.9999712705612183,-1.0013006601639063e-7,1,-2.0789855170733064e-8,-0.9999712705612183,-1.0028471564282882e-7,-0.00757700577378273],8,0.472515344619751],[[771.004150390625,222.69961547851563,47.1834716796875,-0.007678709924221039,1.2965341689152865e-8,0.9999704957008362,-6.480568970346212e-8,1,-1.3463362869003959e-8,-0.9999704957008362,-6.490716231155602e-8,-0.007678709924221039],8,0.49128150939941409],[[770.80419921875,223.35189819335938,47.18510818481445,-0.00773819861933589,8.730021150427092e-9,0.9999700784683228,-4.362964745041609e-8,1,-9.067908202098352e-9,-0.9999700784683228,-4.369850969965228e-8,-0.00773819861933589],3,0.5065157413482666],[[770.53759765625,224.17391967773438,47.18729019165039,-0.9964858889579773,-5.0155666286855197e-8,0.08376103639602661,-4.834543432252758e-8,1,2.3640158275384239e-8,-0.08376103639602661,1.9507620407921423e-8,-0.9964858889579773],5,0.5285506248474121],[[770.204345703125,225.1248016357422,47.19001770019531,-0.9882593750953674,-6.029180354971686e-8,0.15278545022010804,-5.0527521722187888e-8,1,6.779118422173269e-8,-0.15278545022010804,5.927540058792147e-8,-0.9882593750953674],5,0.546856164932251],[[769.937744140625,225.82420349121095,47.19219970703125,-0.9917854070663452,-6.419685405489872e-8,0.1279127299785614,-5.124483948293346e-8,1,1.0454755994260268e-7,-0.1279127299785614,9.713387782994687e-8,-0.9917854070663452],5,0.5604503154754639],[[769.671142578125,226.46910095214845,47.19358444213867,-0.9910628199577332,-6.920338790905589e-8,0.13339591026306153,-5.058818786096708e-8,1,1.429377647355068e-7,-0.13339591026306153,1.3491205663740403e-7,-0.9910628199577332],5,0.580333948135376],[[769.404541015625,227.0594940185547,47.193641662597659,-0.9896061420440674,-5.0778890425817738e-8,0.1438043713569641,-3.220390709657295e-8,1,1.3149605138096377e-7,-0.1438043713569641,1.2549824646157504e-7,-0.9896061420440674],5,0.5928022861480713],[[769.20458984375,227.46652221679688,47.19183349609375,-0.9934533834457398,-2.6319973756017135e-8,0.11423847079277039,-1.3816739752314789e-8,1,1.1024032886552959e-7,-0.11423847079277039,1.0794021676474586e-7,-0.9934533834457398],5,0.6066160202026367],[[769.004638671875,227.8428955078125,47.18907928466797,-0.9926314353942871,-6.940147567746635e-9,0.12117250263690949,3.7820320208936668e-9,1,8.825691821812143e-8,-0.12117250263690949,8.806487272750019e-8,-0.9926314353942871],5,0.6169612407684326],[[768.871337890625,228.0767822265625,47.186458587646487,-0.9958038330078125,8.599267964370938e-9,0.0915132686495781,1.537611282742546e-8,1,7.334810447900964e-8,-0.0915132686495781,7.444744198892295e-8,-0.9958038330078125],5,0.6262838840484619],[[768.67138671875,228.40206909179688,47.18162536621094,-0.9919837713241577,2.5277842041759869e-8,0.12636540830135346,3.1846688841596918e-8,1,4.99627077488185e-8,-0.12636540830135346,5.358651478104548e-8,-0.9919837713241577],5,0.6367137432098389],[[768.5380859375,228.6018829345703,47.178123474121097,-0.9956424832344055,3.941943305107998e-8,0.09325233846902847,4.277766407767558e-8,1,3.401339654374169e-8,-0.09325233846902847,3.785430280345281e-8,-0.9956424832344055],5,0.6468195915222168],[[768.338134765625,228.87606811523438,47.17278289794922,-0.9917615652084351,5.6628060463026489e-8,0.1280977576971054,5.824375648444402e-8,1,8.867139911217237e-9,-0.1280977576971054,1.6254983137287128e-8,-0.9917615652084351],5,0.657454252243042],[[768.204833984375,229.0418243408203,47.16904067993164,-0.9954781532287598,6.902831728439196e-8,0.09499087929725647,6.85384762277863e-8,1,-8.419398511705367e-9,-0.09499087929725647,-1.8707970728115699e-9,-0.9954781532287598],5,0.6675722599029541],[[768.0048828125,229.26492309570313,47.163352966308597,-0.9917615652084351,8.696220987758352e-8,0.12809762358665467,8.30640729532206e-8,1,-3.577317286840298e-8,-0.12809762358665467,-2.4838147538730483e-8,-0.9917615652084351],5,0.6786043643951416],[[767.87158203125,229.39662170410157,47.15955352783203,-0.9954781532287598,9.753885166219334e-8,0.09499099850654602,9.276096335497641e-8,1,-5.471401820500432e-8,-0.09499099850654602,-4.565515254739694e-8,-0.9954781532287598],5,0.6884262561798096],[[767.671630859375,229.56861877441407,47.15385437011719,-0.9917615652084351,1.163247773661169e-7,0.12809774279594422,1.0633696945205884e-7,1,-8.480915170139269e-8,-0.12809774279594422,-7.04889302483025e-8,-0.9917615652084351],5,0.700080394744873],[[767.4716796875,229.7099609375,47.148155212402347,-0.9917615652084351,1.1887297546309128e-7,0.12809762358665467,1.0638877512292311e-7,1,-1.043007529233364e-7,-0.12809762358665467,-8.98133336590945e-8,-0.9917615652084351],5,0.7109713554382324],[[767.33837890625,229.7871551513672,47.14435577392578,-0.9954781532287598,9.758925756386816e-8,0.09499099850654602,8.83227500025896e-8,1,-1.0175586595551067e-7,-0.09499099850654602,-9.290587144050733e-8,-0.9954781532287598],5,0.7228984832763672],[[767.138427734375,229.87741088867188,47.13865661621094,-0.9917615652084351,7.345184371843061e-8,0.12809774279594422,6.162839838452783e-8,1,-9.626377561744448e-8,-0.12809774279594422,-8.757625380440004e-8,-0.9917615652084351],5,0.7368214130401611],[[766.871826171875,229.95005798339845,47.13105773925781,-0.9869442582130432,4.027202393785956e-8,0.16106221079826356,2.676210364427334e-8,1,-8.604948931179024e-8,-0.16106221079826356,-8.061568479433845e-8,-0.9869442582130432],5,0.7545411586761475],[[766.605224609375,229.96820068359376,47.12345886230469,-0.9869442582130432,4.347419313432965e-9,0.16106221079826356,-7.528252687905024e-9,1,-7.31232105977142e-8,-0.16106221079826356,-7.338104524023947e-8,-0.9869442582130432],5,0.7696430683135986],[[766.338623046875,229.93185424804688,47.11585998535156,-0.9863749146461487,-3.1277156864462088e-8,0.16451315581798554,-4.125398334053898e-8,1,-5.722785090256366e-8,-0.16451315581798554,-6.323493551008142e-8,-0.9863749146461487],5,0.791736364364624],[[766.072021484375,229.84100341796876,47.10746383666992,-0.9857929944992065,-6.69843132072856e-8,0.16796466708183289,-7.445466820854563e-8,1,-3.8178164629698588e-8,-0.16796466708183289,-5.014152293369989e-8,-0.9857929944992065],5,0.8074989318847656],[[765.805419921875,229.69564819335938,47.09813690185547,-0.9848987460136414,-1.0278892403903228e-7,0.17313139140605927,-1.0712130205092763e-7,1,-1.5680070575285755e-8,-0.17313139140605927,-3.3989341119422536e-8,-0.9848987460136414],5,0.817042350769043],[[765.6056518554688,229.5508575439453,47.09019088745117,-0.9898723363876343,-1.307781474224612e-7,0.1419604867696762,-1.316621052183109e-7,1,3.1661844257513396e-9,-0.1419604867696762,-1.5556697263718889e-8,-0.9898723363876343],5,0.8280582427978516],[[765.4724731445313,229.43731689453126,47.084598541259769,-0.9932661652565002,-1.4900047062837985e-7,0.11585474759340286,-1.4805345927015879e-7,1,1.6779443612335855e-8,-0.11585474759340286,-4.862409364037035e-10,-0.9932661652565002],5,0.83760666847229],[[765.272705078125,229.24143981933595,47.07497787475586,-0.988330066204071,-1.4094059963554174e-7,0.15232758224010468,-1.377460847606926e-7,1,3.152418770469012e-8,-0.15232758224010468,1.0173774711574879e-8,-0.988330066204071],5,0.8486251831054688],[[765.1395263671875,229.0938262939453,47.068050384521487,-0.992432713508606,-1.2329533660704329e-7,0.1227898895740509,-1.194379990465677e-7,1,3.877490328818567e-8,-0.1227898895740509,2.381570141096745e-8,-0.992432713508606],5,0.8601851463317871],[[764.9397583007813,228.84686279296876,47.056915283203128,-0.9866803288459778,-9.8290257710687e-8,0.16267111897468568,-9.182479487890305e-8,1,4.7264325786500197e-8,-0.16267111897468568,3.169753881593351e-8,-0.9866803288459778],5,0.8715217113494873],[[764.7401733398438,228.56922912597657,47.04450988769531,-0.9861071705818176,-7.226443443641983e-8,0.16611044108867646,-6.42476365442235e-8,1,5.363529709256909e-8,-0.16611044108867646,4.221794824843528e-8,-0.9861071705818176],5,0.8833034038543701],[[764.5405883789063,228.2609405517578,47.031280517578128,-0.984923779964447,-4.6132637265827728e-8,0.17298871278762818,-3.667834391762881e-8,1,5.784923473584058e-8,-0.17298871278762818,5.063214914002856e-8,-0.984923779964447],5,0.8944392204284668],[[764.4076538085938,228.03839111328126,47.02167892456055,-0.9896450638771057,-2.672608445664082e-8,0.14353609085083009,-1.8328268680534167e-8,1,5.98288778519418e-8,-0.14353609085083009,5.657858892504919e-8,-0.9896450638771057],5,0.9054763317108154],[[764.208251953125,227.67901611328126,47.006385803222659,-0.9827367067337036,-2.1348878220806e-9,0.1850096434354782,9.219281338346264e-9,1,6.051043754951024e-8,-0.1850096434354782,6.11714838782973e-8,-0.9827367067337036],5,0.9183340072631836],[[764.0089721679688,227.2889862060547,46.98952102661133,-0.9817528128623962,2.4849105884072743e-8,0.19016163051128388,3.6767119127034678e-8,1,5.9145030206764207e-8,-0.19016163051128388,6.505749183816079e-8,-0.9817528128623962],5,0.9305055141448975],[[763.8097534179688,226.86830139160157,46.97148895263672,-0.9807423949241638,5.220230647751123e-8,0.19530579447746278,6.432341592699231e-8,1,5.571978078933171e-8,-0.19530579447746278,6.720949130567533e-8,-0.9807423949241638],5,0.9442617893218994],[[763.6107177734375,226.4169464111328,46.9524040222168,-0.9782796502113342,7.949847002919341e-8,0.20728938281536103,9.186054228393914e-8,1,5.0011390584359108e-8,-0.20728938281536103,6.79668445968673e-8,-0.9782796502113342],5,0.956012487411499],[[763.3455810546875,225.76747131347657,46.92392349243164,-0.9669445753097534,1.1433406399419255e-7,0.25498664379119875,1.2829265472191765e-7,1,3.811112136986594e-8,-0.25498664379119875,6.956425835369373e-8,-0.9669445753097534],5,0.9687445163726807],[[763.1470336914063,225.24459838867188,46.89967727661133,-0.9708662033081055,1.447528887865701e-7,0.23962225019931794,1.5569806066650927e-7,1,2.6746631576202163e-8,-0.23962225019931794,6.327611856704607e-8,-0.9708662033081055],5,0.9821970462799072],[[762.8170166015625,224.3050079345703,46.853214263916019,-0.9467433094978333,1.217646996565236e-7,0.3219893276691437,1.2858195930220973e-7,1,-9.502675729633481e-11,-0.3219893276691437,4.1312052445618977e-8,-0.9467433094978333],5,1.0029006004333497],[[762.6195068359375,223.7003936767578,46.82183074951172,-0.960458517074585,1.018588093870676e-7,0.27842313051223757,1.0167767783286763e-7,1,-1.509076241745788e-8,-0.27842313051223757,1.3815366628477932e-8,-0.960458517074585],5,1.0150136947631837],[[762.4882202148438,223.2802734375,46.79841613769531,-0.9751409888267517,8.703914744501162e-8,0.2215852290391922,8.451082322835646e-8,1,-2.0891167906711418e-8,-0.2215852290391922,-1.6454841933466469e-9,-0.9751409888267517],7,1.0273222923278809],[[762.2918701171875,222.6245574951172,46.760623931884769,-0.9756553173065186,6.366961002868266e-8,0.2193097174167633,5.9388732154275206e-8,1,-2.611230165427969e-8,-0.2193097174167633,-1.2452079367619718e-8,-0.9756553173065186],7,1.0377953052520753],[[761.7698364257813,222.5734405517578,46.65092086791992,-0.9766032099723816,1.5006731413080843e-9,0.2150491327047348,-6.764017790317212e-9,1,-3.769573453382691e-8,-0.2150491327047348,-3.826837158271701e-8,-0.9766032099723816],8,1.0748798847198487],[[761.5743408203125,222.61611938476563,46.608707427978519,-0.9753674268722534,-2.1531402438768056e-8,0.2205863744020462,-3.153461136662372e-8,1,-4.182684065767717e-8,-0.2205863744020462,-4.775264628165132e-8,-0.9753674268722534],8,1.0830461978912354],[[761.4442138671875,222.63722229003907,46.5796012878418,-0.9753735661506653,-3.7023259125135158e-8,0.22055916488170625,-4.803879249948295e-8,1,-4.457991309436693e-8,-0.22055916488170625,-5.407746428431892e-8,-0.9753735661506653],8,1.0919806957244874],[[761.2492065429688,222.65972900390626,46.53554153442383,-0.9765150547027588,-6.052898982034094e-8,0.21544930338859559,-7.275964009068048e-8,1,-4.8836966470844348e-8,-0.21544930338859559,-6.336604485568387e-8,-0.9765150547027588],8,1.1022803783416749],[[761.053955078125,222.67428588867188,46.49225997924805,-0.9776315689086914,-8.406861695675616e-8,0.21032477915287019,-9.744191231675359e-8,1,-5.322088014736437e-8,-0.21032477915287019,-7.252486255993063e-8,-0.9776315689086914],8,1.117239236831665],[[760.8584594726563,222.68356323242188,46.449989318847659,-0.9811546206474304,-7.945694591171559e-8,0.19322411715984345,-8.952445540444387e-8,1,-4.337134384968522e-8,-0.19322411715984345,-5.985228312965774e-8,-0.9811546206474304],8,1.1312546730041505],[[760.5969848632813,222.69091796875,46.39777755737305,-0.9831265211105347,-5.290188198614487e-8,0.18292681872844697,-5.755767418236246e-8,1,-2.0142447709758927e-8,-0.18292681872844697,-3.0331417377738038e-8,-0.9831265211105347],8,1.1458189487457276],[[760.400390625,222.6941375732422,46.36078643798828,-0.9870275855064392,-3.3208714000920739e-8,0.16055068373680116,-3.4002077597961036e-8,1,-2.194175063863213e-9,-0.16055068373680116,-7.624768372238578e-9,-0.9870275855064392],8,1.1590819358825684],[[760.2031860351563,222.6961669921875,46.32780838012695,-0.9911295771598816,-1.30535022790923e-8,0.13289913535118104,-1.0972137864939669e-8,1,1.6393579826967654e-8,-0.13289913535118104,1.4789974578377496e-8,-0.9911295771598816],8,1.1691749095916749],[[760.0711669921875,222.6970977783203,46.3090934753418,-0.9928895831108093,7.173958649353551e-10,0.11903897672891617,4.198423386725381e-9,1,2.899197681927035e-8,-0.11903897672891617,2.928560682846637e-8,-0.9928895831108093],8,1.1796848773956299],[[759.8726806640625,222.69805908203126,46.28460693359375,-0.9958279132843018,2.186897596345716e-8,0.0912514254450798,2.640552487775949e-8,1,4.8507555305832287e-8,-0.0912514254450798,5.071471775863756e-8,-0.9958279132843018],8,1.1907939910888672],[[759.6736450195313,222.6986541748047,46.2652702331543,-0.9968689680099487,4.280790477650953e-8,0.07907100021839142,4.835832001504059e-8,1,6.82804639495771e-8,-0.07907100021839142,7.189041895117043e-8,-0.9968689680099487],8,1.2017621994018555],[[759.4744262695313,223.35775756835938,46.24671936035156,-0.9985041618347168,6.486024517471378e-8,0.05467605218291283,6.980738476158877e-8,1,8.857114863758398e-8,-0.05467605218291283,9.225545483104725e-8,-0.9985041618347168],3,1.2177059650421143],[[759.27490234375,223.98960876464845,46.23434066772461,-0.9948468208312988,8.619907987394981e-8,0.10138953477144242,9.71800915294807e-8,1,1.0336594158388834e-7,-0.10138953477144242,1.1268632249539223e-7,-0.9948468208312988],5,1.2387516498565674],[[759.008544921875,224.7843780517578,46.2232551574707,-0.9879607558250427,9.601964734429203e-8,0.15470458567142487,1.1167106350740142e-7,1,9.247936105793997e-8,-0.15470458567142487,1.0864200561400139e-7,-0.9879607558250427],5,1.247025728225708],[[758.80859375,225.3446807861328,46.216861724853519,-0.9918727874755859,9.484347884836098e-8,0.1272335797548294,1.0402700212353011e-7,1,6.553360520911156e-8,-0.1272335797548294,7.823672376616742e-8,-0.9918727874755859],5,1.2592201232910157],[[758.608642578125,225.8743438720703,46.211082458496097,-0.9917851686477661,9.011188950580618e-8,0.1279146522283554,9.599051509212586e-8,1,3.979283036414927e-8,-0.1279146522283554,5.174453221457043e-8,-0.9917851686477661],5,1.2685577869415284],[[758.475341796875,226.21041870117188,46.207279205322269,-0.9954821467399597,8.806540563455201e-8,0.09494873136281967,9.06725574623124e-8,1,2.3144183458612134e-8,-0.09494873136281967,3.1648866638533948e-8,-0.9954821467399597],5,1.2790279388427735],[[758.275390625,226.68898010253907,46.20158004760742,-0.9917649030685425,8.13882081729389e-8,0.12807171046733857,8.194585632281815e-8,1,-9.150113999822906e-10,-0.12807171046733857,9.587470373162433e-9,-0.9917649030685425],5,1.2906041145324708],[[758.14208984375,226.99099731445313,46.19778060913086,-0.9954797029495239,7.738447038718732e-8,0.09497449547052384,7.615129504756624e-8,1,-1.6608749930924206e-8,-0.09497449547052384,-9.301242442916191e-9,-0.9954797029495239],5,1.3015620708465577],[[757.942138671875,227.41845703125,46.192081451416019,-0.9917635321617127,7.122853418195518e-8,0.12808220088481904,6.672390640005688e-8,1,-3.946060189718992e-8,-0.12808220088481904,-3.058944386680196e-8,-0.9917635321617127],5,1.3136181831359864],[[757.7421875,227.8152618408203,46.18638229370117,-0.9917634725570679,6.430784793565181e-8,0.12808287143707276,5.686090531753507e-8,1,-6.179809020068206e-8,-0.12808287143707276,-5.400617908435379e-8,-0.9917634725570679],5,1.325310230255127],[[757.60888671875,228.06277465820313,46.18258285522461,-0.9954795241355896,5.732658792112488e-8,0.09497613459825516,5.02787393941162e-8,1,-7.659956935412993e-8,-0.09497613459825516,-7.147802705276263e-8,-0.9954795241355896],5,1.3365216255187989],[[757.408935546875,228.4084930419922,46.176883697509769,-0.9917634129524231,5.193350816057318e-8,0.12808316946029664,3.965091721624958e-8,1,-9.8445241292211e-8,-0.12808316946029664,-9.255577282374361e-8,-0.9917634129524231],5,1.3464999198913575],[[757.275634765625,228.6219482421875,46.1730842590332,-0.9954795241355896,4.312704504627618e-8,0.09497623145580292,3.253523317425788e-8,1,-1.1306922687026599e-7,-0.09497623145580292,-1.0946802575517722e-7,-0.9954795241355896],5,1.3578433990478516],[[757.009033203125,229.00796508789063,46.16548538208008,-0.9869466423988342,3.928010627873846e-8,0.16104769706726075,1.6654324141995859e-8,1,-1.418410562337158e-7,-0.16104769706726075,-1.3730740988648905e-7,-0.9869466423988342],5,1.3693127632141114],[[756.875732421875,229.18052673339845,46.161685943603519,-0.9954795241355896,2.366624940464135e-8,0.09497621655464173,8.833776377059621e-9,1,-1.5659085761399184e-7,-0.09497621655464173,-1.5504399186738738e-7,-0.9954795241355896],5,1.380676507949829],[[756.609130859375,229.48480224609376,46.15408706665039,-0.9869466423988342,1.5955405885392794e-8,0.16104768216609956,-8.316066946179035e-9,1,-1.5003580244865589e-7,-0.16104768216609956,-1.494166070870051e-7,-0.9869466423988342],5,1.3942012786865235],[[756.475830078125,229.6165008544922,46.15028762817383,-0.9954795241355896,-6.051350087687979e-9,0.09497620165348053,-1.8411459024036959e-8,1,-1.2926270187563205e-7,-0.09497620165348053,-1.3042702562415799e-7,-0.9954795241355896],5,1.4060070514678956],[[756.27587890625,229.7884979248047,46.144588470458987,-0.9917634725570679,-1.9570633114085468e-8,0.1280830204486847,-3.235563994508084e-8,1,-9.773744125141093e-8,-0.1280830204486847,-1.0107662973268816e-7,-0.9917634725570679],5,1.4185912609100342],[[756.00927734375,229.9701385498047,46.13698959350586,-0.9869465827941895,-3.952492022563092e-8,0.1610477864742279,-4.901027850223727e-8,1,-5.4925365589042488e-8,-0.1610477864742279,-6.210139957829597e-8,-0.9869465827941895],5,1.4315571784973145],[[755.8759765625,230.04052734375,46.1331901550293,-0.9954795241355896,-5.411746073491486e-8,0.09497631341218949,-5.755326526468707e-8,1,-3.343610899264604e-8,-0.09497631341218949,-3.8751160502670248e-8,-0.9954795241355896],5,1.4435548782348633],[[755.676025390625,230.1205596923828,46.12749099731445,-0.9917634129524231,-6.858328305270334e-8,0.12808309495449067,-6.919630379798036e-8,1,-3.363209433171477e-10,-0.12808309495449067,-9.19642761942896e-9,-0.9917634129524231],5,1.454334020614624],[[755.47607421875,230.16993713378907,46.12179183959961,-0.9917634725570679,-8.37588132185374e-8,0.1280829757452011,-8.009694596466943e-8,1,3.3740548133209816e-8,-0.1280829757452011,2.3203588384035357e-8,-0.9917634725570679],5,1.4700491428375245],[[755.20947265625,230.18807983398438,46.114192962646487,-0.9869466423988342,-1.045541253574811e-7,0.16104774177074433,-9.267312606198175e-8,1,8.128461814749244e-8,-0.16104774177074433,6.52987779403702e-8,-0.9869466423988342],5,1.4914209842681885],[[754.876220703125,230.13412475585938,46.10469436645508,-0.9810343980789185,-1.0442267495136548e-7,0.19383364915847779,-8.375319282549754e-8,1,1.1482996598033424e-7,-0.19383364915847779,9.641796339110442e-8,-0.9810343980789185],5,1.505746841430664],[[754.67626953125,230.06088256835938,46.098995208740237,-0.9917634725570679,-7.020837955451498e-8,0.12808296084403993,-5.653278734030209e-8,1,1.1040675218509932e-7,-0.12808296084403993,1.0225650015627252e-7,-0.9917634725570679],5,1.5171470642089844],[[754.54296875,229.99501037597657,46.09519577026367,-0.9954795241355896,-4.847649393013853e-8,0.09497625380754471,-3.8490547638048159e-8,1,1.0697347363475274e-7,-0.09497625380754471,1.0283421403300963e-7,-0.9954795241355896],5,1.5273077487945557],[[754.343017578125,229.87066650390626,46.08949661254883,-0.9917634725570679,-2.450420311106427e-8,0.12808306515216828,-1.1769324181898355e-8,1,1.0018356988439337e-7,-0.12808306515216828,9.78509504534486e-8,-0.9917634725570679],5,1.537442684173584],[[754.209716796875,229.77073669433595,46.085697174072269,-0.9954795241355896,-3.0647562265784247e-9,0.09497636556625366,5.998516794392117e-9,1,9.514111098951617e-8,-0.09497636556625366,9.528074684794774e-8,-0.9954795241355896],5,1.5473103523254395],[[754.009765625,229.59530639648438,46.07999801635742,-0.9919857978820801,2.1211489453776268e-8,0.1263492852449417,3.232765166671925e-8,1,8.592912337235248e-8,-0.1263492852449417,8.932504869108016e-8,-0.9919857978820801],5,1.5604629516601563],[[753.809814453125,229.38922119140626,46.074581146240237,-0.9919858574867249,4.849396617601087e-8,0.12634918093681336,5.845901895895622e-8,1,7.516115374528454e-8,-0.12634918093681336,8.194504630409938e-8,-0.9919858574867249],5,1.581629991531372],[[753.4765625,228.97760009765626,46.065670013427737,-0.9813717603683472,8.895227665561834e-8,0.19211849570274354,1.0084985291314297e-7,1,5.21496730243598e-8,-0.19211849570274354,7.055333384187179e-8,-0.9813717603683472],5,1.591688871383667],[[753.276611328125,228.68975830078126,46.060325622558597,-0.9919858574867249,1.2096140267203737e-7,0.12634915113449098,1.266320452941727e-7,1,3.684856508812118e-8,-0.12634915113449098,5.255310497886967e-8,-0.9919858574867249],5,1.6022741794586182],[[753.143310546875,228.48081970214845,46.0567626953125,-0.9958055019378662,1.409961072340593e-7,0.09149563312530518,1.4396856329312869e-7,1,2.5887214150088768e-8,-0.09149563312530518,3.895112143936785e-8,-0.9958055019378662],5,1.6142220497131348],[[752.943359375,228.1418914794922,46.051700592041019,-0.9922051429748535,1.673517857625484e-7,0.12461521476507187,1.6958209414497106e-7,1,7.289953085631851e-9,-0.12461521476507187,2.83656369504115e-8,-0.9922051429748535],5,1.6257245540618897],[[752.81005859375,227.89889526367188,46.04836654663086,-0.9958055019378662,1.5003485032138998e-7,0.09149548411369324,1.502431530298054e-7,1,-4.611079074123836e-9,-0.09149548411369324,9.154832447677564e-9,-0.9958055019378662],5,1.6361916065216065],[[752.54345703125,227.37203979492188,46.04169845581055,-0.9877775311470032,1.1328025806278674e-7,0.15587010979652406,1.109226488438253e-7,1,-2.382336994344314e-8,-0.15587010979652406,-6.242663719291386e-9,-0.9877775311470032],5,1.6478805541992188],[[752.41015625,227.0881805419922,46.03853988647461,-0.996271550655365,9.398921463343868e-8,0.08627292513847351,9.152328317441061e-8,1,-3.253822811188911e-8,-0.08627292513847351,-2.4520927510707226e-8,-0.996271550655365],5,1.6594164371490479],[[752.1435546875,226.4795684814453,46.03312683105469,-0.9891018867492676,5.845452477615254e-8,0.1472327709197998,5.22767855670736e-8,1,-4.582849655321297e-8,-0.1472327709197998,-3.763219780239524e-8,-0.9891018867492676],5,1.675379753112793],[[751.876953125,225.81646728515626,46.029052734375,-0.9901068210601807,2.0627323848998459e-8,0.1403156965970993,1.2971090868063584e-8,1,-5.547888903834064e-8,-0.1403156965970993,-5.310997863716693e-8,-0.9901068210601807],5,1.690467357635498],[[751.6103515625,225.09886169433595,46.02676773071289,-0.9903504848480225,-1.774965774359316e-8,0.1385853886604309,-2.651730390823559e-8,1,-6.141892328059839e-8,-0.1385853886604309,-6.450117240319742e-8,-0.9903504848480225],5,1.7072267532348633],[[751.410400390625,224.52488708496095,46.025543212890628,-0.9949566721916199,-4.955002097517536e-8,0.10030551999807358,-5.626237253864019e-8,1,-6.409023711739792e-8,-0.10030551999807358,-6.941044006225639e-8,-0.9949566721916199],5,1.7212462425231934],[[751.21044921875,223.92027282714845,46.025238037109378,-0.99546879529953,-7.962864145838467e-8,0.09508875757455826,-8.618484770295254e-8,1,-6.484135184336992e-8,-0.09508875757455826,-7.274275759527882e-8,-0.99546879529953],5,1.732503890991211],[[751.0771484375,223.50015258789063,46.02567672729492,-0.9984919428825378,-1.0255836713213285e-7,0.054898858070373538,-1.0626830260207498e-7,1,-6.465837998348434e-8,-0.054898858070373538,-7.039487570636993e-8,-0.9984919428825378],5,1.7428288459777833],[[750.877197265625,222.8444366455078,46.0277214050293,-0.9997544884681702,-8.45722354370082e-8,0.022158941254019738,-8.5583778286491e-8,1,-4.470119563393382e-8,-0.022158941254019738,-4.658666341583739e-8,-0.9997544884681702],7,1.7536087036132813],[[750.67724609375,222.44764709472657,46.03061294555664,-0.9999150633811951,-6.412525976884354e-8,-0.013035192154347897,-6.377446482019877e-8,1,-2.732698334284578e-8,0.013035192154347897,-2.6493349736256279e-8,-0.9999150633811951],7,1.7672455310821534],[[750.477294921875,222.45375061035157,46.03449630737305,-0.999785304069519,-4.207301884662229e-8,-0.020720994099974633,-4.1868020161928146e-8,1,-1.03270734186367e-8,0.020720994099974633,-9.457308713933799e-9,-0.999785304069519],7,1.7779760360717774],[[750.27734375,222.52218627929688,46.038856506347659,-0.9997602105140686,-1.9818180874153769e-8,-0.02189815044403076,-1.9967675513044015e-8,1,6.608164238031122e-9,0.02189815044403076,7.043834848730057e-9,-0.9997602105140686],8,1.7909367084503174],[[750.14404296875,222.5638885498047,46.041812896728519,-0.9997146129608154,-4.967057876115177e-9,-0.023889286443591119,-5.396560087689295e-9,1,1.7914393524165463e-8,0.023889286443591119,1.803820026680114e-8,-0.9997146129608154],8,1.8015589714050294],[[749.87744140625,222.6235809326172,46.04813003540039,-0.9997140169143677,2.4687647481869136e-8,-0.023915065452456476,2.372559926300255e-8,1,4.051144841810128e-8,0.023915065452456476,3.9932462669867166e-8,-0.9997140169143677],8,1.814868688583374],[[749.744140625,222.6432342529297,46.05131912231445,-0.9997135400772095,3.9505867022171517e-8,-0.02393488772213459,3.827693362268292e-8,1,5.180293527473623e-8,0.02393488772213459,5.087194310249288e-8,-0.9997135400772095],8,1.827026605606079],[[749.544189453125,222.6637725830078,46.05610275268555,-0.9997134804725647,6.172009392457767e-8,-0.023936022073030473,6.009216235725035e-8,1,6.87311825231518e-8,0.023936022073030473,6.727312751309e-8,-0.9997134804725647],8,1.837233066558838],[[749.410888671875,222.6731719970703,46.05929183959961,-0.9997134804725647,7.652165123772648e-8,-0.02393661066889763,7.462784878953244e-8,1,8.00106789711208e-8,0.02393661066889763,7.82014168976275e-8,-0.9997134804725647],8,1.8476674556732178],[[749.2109375,222.68287658691407,46.0640754699707,-0.9997134804725647,7.215235342528104e-8,-0.023936795070767404,7.046326544468684e-8,1,7.140795332816197e-8,0.023936795070767404,6.970082466750682e-8,-0.9997134804725647],8,1.8586571216583253],[[749.010986328125,222.6890411376953,46.0688591003418,-0.9997134804725647,5.4510234548388328e-8,-0.023936783894896508,5.3327276816617089e-8,1,5.005836101190653e-8,0.023936783894896508,4.876753223470587e-8,-0.9997134804725647],8,1.8696630001068116],[[748.877685546875,222.6918487548828,46.07204818725586,-0.9997134804725647,4.275510789852888e-8,-0.023936782032251359,4.1909391512717778e-8,1,3.583290464348465e-8,0.023936782032251359,3.48194610921837e-8,-0.9997134804725647],8,1.8801112174987794],[[748.744384765625,222.69390869140626,46.07523727416992,-0.9997134804725647,3.100500833852493e-8,-0.023936782032251359,3.0496387637413139e-8,1,2.1613526968167208e-8,0.023936782032251359,2.0877347850500884e-8,-0.9997134804725647],8,1.8911855220794678],[[748.54443359375,222.696044921875,46.080020904541019,-0.9997134804725647,1.3389274577946253e-8,-0.023936782032251359,1.3386028285822249e-8,1,2.9585212057980927e-10,0.023936782032251359,-2.4651072849657397e-11,-0.9997134804725647],8,1.9023663997650147],[[748.344482421875,222.6973876953125,46.08480453491211,-0.9997134804725647,-4.215165994025938e-9,-0.023936782032251359,-3.7133622843299465e-9,1,-2.1008158768154318e-8,0.023936782032251359,-2.091325335129568e-8,-0.9997134804725647],8,1.9132254123687745],[[748.14453125,222.69822692871095,46.0895881652832,-0.9997134804725647,-2.1808320482819e-8,-0.023936782032251359,-2.0801790512336994e-8,1,-4.2298516689243118e-8,0.023936782032251359,-4.178846779723244e-8,-0.9997134804725647],8,1.9250240325927735],[[747.944580078125,222.6987762451172,46.0943717956543,-0.9997134804725647,-3.939019421750345e-8,-0.023936782032251359,-3.787926416976006e-8,1,-6.357522863709164e-8,0.023936782032251359,-6.2650300947098e-8,-0.9997134804725647],8,1.9376091957092286],[[747.74462890625,222.69911193847657,46.09915542602539,-0.9997134804725647,-5.6960800520755586e-8,-0.023936782032251359,-5.494578658726823e-8,1,-8.483829816441357e-8,0.023936782032251359,-8.349876878810392e-8,-0.9997134804725647],8,1.9504156112670899],[[747.544677734375,223.3513946533203,46.103939056396487,-0.9997134804725647,-7.452013761621856e-8,-0.023936782032251359,-7.200137019935937e-8,1,-1.0608774658749098e-7,0.023936782032251359,-1.0433386421482283e-7,-0.9997134804725647],3,1.9673211574554444],[[747.278076171875,224.1734161376953,46.11031723022461,-0.9976812601089478,-9.712056936450608e-8,0.06805958598852158,-1.0589245391656732e-7,1,-1.252776087312668e-7,-0.06805958598852158,-1.3219411698628392e-7,-0.9976812601089478],5,1.9867687225341797],[[746.94482421875,225.12429809570313,46.118289947509769,-0.9905456900596619,-7.995752326905859e-8,0.13718339800834657,-9.163297676195725e-8,1,-7.879325636395152e-8,-0.13718339800834657,-9.061884043148894e-8,-0.9905456900596619],5,2.0002834796905519],[[746.611572265625,225.9900360107422,46.12626266479492,-0.988876223564148,-6.983906075674895e-8,0.1487407088279724,-7.605398621990389e-8,1,-3.609580190300221e-8,-0.1487407088279724,-4.700660483081265e-8,-0.988876223564148],5,2.027440309524536],[[746.344970703125,226.62130737304688,46.13105773925781,-0.9928337335586548,-6.21205984430162e-8,0.11950407177209854,-6.30681071811523e-8,1,-4.146646581659752e-9,-0.11950407177209854,-1.165382634837897e-8,-0.9928337335586548],5,2.0356380939483644],[[746.211669921875,226.91650390625,46.13297653198242,-0.9981905221939087,-5.7241138051722376e-8,0.060130778700113299,-5.666039015750357e-8,1,1.1363136209752156e-8,-0.060130778700113299,7.935541113113232e-9,-0.9981905221939087],5,2.0460433959960939],[[746.01171875,227.33375549316407,46.134552001953128,-0.9954688549041748,-4.924826768615276e-8,0.09508811682462692,-4.6244327478461858e-8,1,3.379472701681152e-8,-0.09508811682462692,2.9244313637377674e-8,-0.9954688549041748],5,2.0582849979400636],[[745.811767578125,227.7203369140625,46.13557434082031,-0.9953011274337769,-4.0525769406940529e-8,0.09682802855968476,-3.531279446633562e-8,1,5.5551137023712729e-8,-0.09682802855968476,5.187084184399282e-8,-0.9953011274337769],5,2.0697696208953859],[[745.678466796875,227.96104431152345,46.13603210449219,-0.997974157333374,-3.2377684533457798e-8,0.06362075358629227,-2.7987715256472258e-8,1,6.989335332718838e-8,-0.063620