[[[774.812255859375,222.69961547851563,46.830665588378909,-0.9971882700920105,5.2357638224975747e-8,-0.07493726909160614,5.6898240785585588e-8,1,-5.8457111151710708e-8,0.07493726909160614,-6.255654483311446e-8,-0.9971882700920105],8,0.007422447204589844],[[774.812255859375,222.69961547851563,46.830665588378909,-0.9971882700920105,3.34324958828347e-8,-0.07493726909160614,3.6332142627770739e-8,1,-3.73310875545485e-8,0.07493726909160614,-3.9948751862084467e-8,-0.9971882700920105],8,0.018047809600830079],[[774.812255859375,222.69961547851563,46.830665588378909,-0.9971882700920105,2.0822465529590774e-8,-0.07493726909160614,2.2628727336382327e-8,1,-2.3254587588894539e-8,0.07493726909160614,-2.4884936777880286e-8,-0.9971882700920105],8,0.02779102325439453],[[774.812255859375,222.69961547851563,46.830665588378909,-0.9971882700920105,1.9175114829295127e-9,-0.07493726909160614,2.0845711823369585e-9,1,-2.151112399317867e-9,0.07493726909160614,-2.3012762806473576e-9,-0.9971882700920105],8,0.04005742073059082],[[774.812255859375,222.69961547851563,46.830665588378909,-0.9967823028564453,-2.328232895365545e-8,-0.08015645295381546,-2.5433978478872633e-8,1,2.5822144422704697e-8,0.08015645295381546,2.7777753430768827e-8,-0.9967823028564453],8,0.07015204429626465],[[774.812255859375,222.69961547851563,46.830665588378909,-0.9967823028564453,-6.102363414584033e-8,-0.08015645295381546,-6.666772378594033e-8,1,6.773721850095171e-8,0.08015645295381546,7.286310932386186e-8,-0.9967823028564453],8,0.09025979042053223],[[774.812255859375,222.69961547851563,46.830665588378909,-0.9986332058906555,-5.903812194674174e-8,-0.05226532369852066,-6.25048883762247e-8,1,6.46956905825391e-8,0.05226532369852066,6.78741045589959e-8,-0.9986332058906555],8,0.1033945083618164],[[774.812255859375,222.69961547851563,46.830665588378909,-0.9996597170829773,-4.975669298801222e-8,-0.026084942743182184,-5.115174772640785e-8,1,5.2813934559026168e-8,0.026084942743182184,5.413025405687222e-8,-0.9996597170829773],8,0.11256074905395508],[[774.812255859375,222.69961547851563,46.830665588378909,-0.9999038577079773,-6.304234467791048e-9,-0.01386683713644743,-6.37122488100772e-9,1,4.7868229380299e-9,0.01386683713644743,4.874711301283696e-9,-0.9999038577079773],8,0.14502477645874024],[[774.812255859375,222.69961547851563,46.830665588378909,-0.9996538162231445,4.520822383113909e-9,0.026310188695788385,4.32113278492352e-9,1,-7.646675292960481e-9,-0.026310188695788385,-7.53033813083448e-9,-0.9996538162231445],8,0.15158653259277345],[[774.812255859375,222.69961547851563,46.830665588378909,-0.9993860125541687,2.1101245195609409e-8,0.03503670543432236,2.018775369094783e-8,1,-2.642620167137011e-8,-0.03503670543432236,-2.5702664885329797e-8,-0.9993860125541687],8,0.16470980644226075],[[774.812255859375,222.69961547851563,46.830665588378909,-0.9982306361198425,3.272737814086213e-8,0.05946075916290283,3.0450753030208946e-8,1,-3.919394231388651e-8,-0.05946075916290283,-3.7313967027330366e-8,-0.9982306361198425],8,0.1741011142730713],[[774.812255859375,222.69961547851563,46.830665588378909,-0.9971727132797241,4.4309157232191868e-8,0.07514365017414093,4.050750490591781e-8,1,-5.2115893822701767e-8,-0.07514365017414093,-4.8924665208005538e-8,-0.9971727132797241],8,0.1829700469970703],[[774.812255859375,222.69961547851563,46.830665588378909,-0.9957078695297241,6.164724197788019e-8,0.09255202859640122,5.5243848606778559e-8,1,-7.174890015448909e-8,-0.09255202859640122,-6.632801330397342e-8,-0.9957078695297241],8,0.19540023803710938],[[774.812255859375,222.69961547851563,46.830665588378909,-0.9923061728477478,7.363973253404765e-8,0.12380809336900711,6.36597476955103e-8,1,-8.456454736460728e-8,-0.12380809336900711,-7.603232887731792e-8,-0.9923061728477478],8,0.20919489860534669],[[774.812255859375,222.69961547851563,46.830665588378909,-0.9923061728477478,6.056038159840682e-8,0.12380809336900711,5.2289543361894178e-8,1,-7.005311886132404e-8,-0.12380809336900711,-6.304027522219258e-8,-0.9923061728477478],8,0.21904945373535157],[[774.812255859375,222.69961547851563,46.830665588378909,-0.9835251569747925,2.4887150118502178e-8,0.18077117204666139,2.0770659858726505e-8,1,-2.4664783992989215e-8,-0.18077117204666139,-2.0503700071117238e-8,-0.9835251569747925],8,0.24313688278198243],[[774.712890625,222.69961547851563,46.812400817871097,-0.9791669845581055,5.762878174664365e-9,0.2030567228794098,5.54522872064922e-9,1,-1.6407879499524825e-9,-0.2030567228794098,-4.806093301112924e-10,-0.9791669845581055],8,0.2688267230987549],[[774.395751953125,222.69961547851563,46.747337341308597,-0.9750862717628479,-2.6840103473091405e-8,0.22182589769363404,-1.9067742940137579e-8,1,3.7179642475848598e-8,-0.22182589769363404,3.202363885179693e-8,-0.9750862717628479],8,0.28575968742370608],[[774.1356811523438,222.69961547851563,46.688941955566409,-0.9743053913116455,-5.3015664747135818e-8,0.22523105144500733,-3.86306915345358e-8,1,6.827465881542594e-8,-0.22523105144500733,5.781953760219949e-8,-0.9743053913116455],8,0.2925865650177002],[[774.0057373046875,222.69961547851563,46.65904235839844,-0.9739103317260742,-6.61401884372026e-8,0.22693318128585816,-4.83787303551253e-8,1,8.382926353078801e-8,-0.22693318128585816,7.066344664963253e-8,-0.9739103317260742],8,0.3042604923248291],[[773.8109130859375,222.69961547851563,46.61374282836914,-0.9739103317260742,-7.333338913895204e-8,0.22693318128585816,-5.389970780811382e-8,1,9.183280269553507e-8,-0.22693318128585816,7.720527861465598e-8,-0.9739103317260742],8,0.3149855136871338],[[773.6810302734375,222.69961547851563,46.58348846435547,-0.9739102721214294,-6.168755106727986e-8,0.22693341970443726,-4.5456634012452926e-8,1,7.674879753949426e-8,-0.22693341970443726,6.443081446150245e-8,-0.9739102721214294],8,0.3245277404785156],[[773.4862060546875,222.69961547851563,46.53810119628906,-0.974697470664978,-4.400252606728827e-8,0.22352825105190278,-3.271982862429468e-8,1,5.4179249531216558e-8,-0.22352825105190278,4.5494573441828837e-8,-0.974697470664978],8,0.33712291717529299],[[773.291259765625,222.69961547851563,46.493263244628909,-0.9754720330238342,-2.639512608482164e-8,0.22012336552143098,-1.991250542232592e-8,1,3.166875472970787e-8,-0.22012336552143098,2.650877739540647e-8,-0.9754720330238342],8,0.34696173667907717],[[773.03125,222.69961547851563,46.434425354003909,-0.9777241349220276,-2.869048998377366e-9,0.20989419519901277,-2.535641696610469e-9,1,1.8575597726666616e-9,-0.20989419519901277,1.2839644902840064e-9,-0.9777241349220276],8,0.3638434410095215],[[772.8357543945313,222.69961547851563,46.39205551147461,-0.9812409281730652,1.4576018614320674e-8,0.1927855908870697,1.0875496059270518e-8,1,-2.025326573118491e-8,-0.1927855908870697,-1.7776693894688834e-8,-0.9812409281730652],8,0.3785216808319092],[[772.57421875,222.69961547851563,46.3399543762207,-0.9850664734840393,3.7412434039652e-8,0.1721745729446411,2.9357243747085705e-8,1,-4.933130881568104e-8,-0.1721745729446411,-4.354004445872306e-8,-0.9850664734840393],8,0.3931736946105957],[[772.3773803710938,222.69961547851563,46.30472946166992,-0.9850664734840393,5.480859854856135e-8,0.172174334526062,4.32082032375547e-8,1,-7.112353728189191e-8,-0.172174334526062,-6.26220639787789e-8,-0.9850664734840393],8,0.4061620235443115],[[772.1803588867188,222.69961547851563,46.2702522277832,-0.990953803062439,6.974737942755383e-8,0.13420328497886659,5.787673629242818e-8,1,-9.23539360542236e-8,-0.13420328497886659,-8.37512388329742e-8,-0.990953803062439],8,0.4184112548828125],[[772.0484619140625,222.69961547851563,46.25104904174805,-0.9925206303596497,6.88333088305626e-8,0.12207711488008499,5.811239844888405e-8,1,-9.138123147067745e-8,-0.12207711488008499,-8.360355963077382e-8,-0.9925206303596497],8,0.4278542995452881],[[771.8500366210938,222.69961547851563,46.22597122192383,-0.9955444931983948,4.94452230270781e-8,0.09429299831390381,4.3241119129788788e-8,1,-6.783925243780686e-8,-0.09429299831390381,-6.345965886112026e-8,-0.9955444931983948],8,0.44028806686401369],[[771.7174072265625,222.69961547851563,46.2124137878418,-0.9966232180595398,3.732155917646196e-8,0.08211034536361695,3.314112007046788e-8,1,-5.227534316532001e-8,-0.08211034536361695,-4.9377593569488457e-8,-0.9966232180595398],8,0.4507927894592285],[[771.5845947265625,222.69961547851563,46.20090866088867,-0.9975530505180359,2.5375792134241239e-8,0.06991375237703324,2.2855903836216386e-8,1,-3.684274219040162e-8,-0.06991375237703324,-3.515464896963749e-8,-0.9975530505180359],8,0.46087169647216799],[[771.3189697265625,223.56251525878907,46.178401947021487,-0.9990419745445252,1.7828674092612574e-9,0.04376228153705597,1.497820201201705e-9,1,-6.546325259648711e-9,-0.04376228153705597,-6.474505820364129e-9,-0.9990419745445252],3,0.48064684867858889],[[771.0526733398438,224.37091064453126,46.165138244628909,-0.9945565462112427,-2.1927872850824316e-8,0.10419830679893494,-1.944901661943277e-8,1,2.4805832055108114e-8,-0.10419830679893494,2.2644249142445007e-8,-0.9945565462112427],5,0.5009205341339111],[[770.7194213867188,225.3047637939453,46.15974426269531,-0.9888541102409363,-5.246546663784102e-8,0.14888790249824525,-4.276368059663582e-8,1,6.836302191004506e-8,-0.14888790249824525,6.123405427160833e-8,-0.9888541102409363],5,0.5089335441589356],[[770.5861206054688,225.6544647216797,46.1605110168457,-0.9991158843040466,-5.621501486530178e-8,0.04204077273607254,-5.261946967038966e-8,1,8.663179329460036e-8,-0.04204077273607254,8.434303566673407e-8,-0.9991158843040466],5,0.5185098648071289],[[770.4528198242188,225.99053955078126,46.16321563720703,-0.9995505809783936,-6.55444907238234e-8,0.02997654303908348,-6.240403394031091e-8,1,1.0569939234983394e-7,-0.02997654303908348,1.0378123249665805e-7,-0.9995505809783936],5,0.5299496650695801],[[770.2528686523438,226.46910095214845,46.169979095458987,-0.9986934661865234,-8.323320344061358e-8,0.05110100656747818,-7.637241594693478e-8,1,1.3621189509649413e-7,-0.05110100656747818,1.3213123395416916e-7,-0.9986934661865234],5,0.5426661968231201],[[770.0531005859375,226.91700744628907,46.179237365722659,-0.9994329214096069,-6.509726802050864e-8,0.033671870827674869,-6.106017735874048e-8,1,1.209233033705459e-7,-0.033671870827674869,1.1879871664177699e-7,-0.9994329214096069],5,0.5526182651519775],[[769.853515625,227.33425903320313,46.19179153442383,-0.9995956420898438,-4.923959195934913e-8,0.02843410149216652,-4.625947624958826e-8,1,1.0546557405177737e-7,-0.02843410149216652,1.0410758477519266e-7,-0.9995956420898438],5,0.5653810501098633],[[769.720458984375,227.5953826904297,46.20110321044922,-0.999929666519165,-3.532476000600582e-8,-0.011860535480082035,-3.6456455632105647e-8,1,9.520081079017473e-8,0.011860535480082035,9.562650404859596e-8,-0.999929666519165],5,0.5753321647644043],[[769.5210571289063,227.9615478515625,46.216487884521487,-0.9998387694358826,-2.3824801687055698e-8,0.01795511320233345,-2.240533447661619e-8,1,7.92576031471981e-8,-0.01795511320233345,7.884253960810384e-8,-0.9998387694358826],5,0.5873115062713623],[[769.3216552734375,228.2970428466797,46.232723236083987,-0.9999398589134216,-9.440822346107325e-9,0.010966879315674305,-8.751544378071685e-9,1,6.289885590149425e-8,-0.010966879315674305,6.279909570139353e-8,-0.9999398589134216],5,0.5997292995452881],[[769.1224365234375,228.6018829345703,46.250221252441409,-0.9999836087226868,4.239173456710432e-9,0.00572621263563633,4.502585415622207e-9,1,4.598820169121609e-8,-0.00572621263563633,4.601323055908324e-8,-0.9999836087226868],5,0.615454912185669],[[768.85693359375,228.9606475830078,46.275089263916019,-0.9995920062065125,2.0645021692189404e-8,0.028562555089592935,2.12873327853913e-8,1,2.2183829884170337e-8,-0.028562555089592935,2.2782799646847708e-8,-0.9995920062065125],5,0.6273951530456543],[[768.7243041992188,229.11959838867188,46.28866195678711,-0.9985541105270386,3.048455710086273e-8,-0.05375603586435318,2.99843883055928e-8,1,1.0110938752916354e-8,0.05375603586435318,8.484477120873635e-9,-0.9985541105270386],5,0.6386423110961914],[[768.5256958007813,229.3324737548828,46.31203842163086,-0.9995737075805664,4.223044314244362e-8,-0.029195088893175126,4.25105142198845e-8,1,-8.97239438302222e-9,0.029195088893175126,-1.02096677778718e-8,-0.9995737075805664],5,0.6556353569030762],[[768.26123046875,229.56861877441407,46.346004486083987,-0.999910831451416,5.8046541795420129e-8,-0.013352102600038052,5.853547691003769e-8,1,-3.622794153557152e-8,0.013352102600038052,-3.7006284259177849e-8,-0.999910831451416],5,0.6662883758544922],[[768.063232421875,229.7099609375,46.37456130981445,-0.9983677268028259,6.721720779978568e-8,-0.05711307376623154,7.064061691153256e-8,1,-5.792206891896967e-8,0.05711307376623154,-6.186202483604575e-8,-0.9983677268028259],5,0.6767513751983643],[[767.9314575195313,229.7871551513672,46.3950309753418,-0.9937990307807922,7.043822591867866e-8,-0.11119095981121063,7.90392391536443e-8,1,-7.294562465176569e-8,0.11119095981121063,-8.128174044941261e-8,-0.9937990307807922],5,0.6884298324584961],[[767.7344360351563,229.87741088867188,46.42961120605469,-0.9960793852806091,8.217489977369041e-8,-0.08846377581357956,9.111431609198917e-8,1,-9.701362557734683e-8,0.08846377581357956,-1.0469359068565609e-7,-0.9960793852806091],5,0.6998887062072754],[[767.5379028320313,229.93701171875,46.46665954589844,-0.9941957592964172,8.940978091231955e-8,-0.10758594423532486,1.0321674182023344e-7,1,-1.22765783316936e-7,0.10758594423532486,-1.331578829422142e-7,-0.9941957592964172],5,0.7113056182861328],[[767.4073486328125,229.95970153808595,46.493492126464847,-0.9893103241920471,7.000161161840879e-8,-0.14582550525665284,8.751769797754605e-8,1,-1.1370131858257082e-7,0.14582550525665284,-1.2524819226200635e-7,-0.9893103241920471],5,0.7217061519622803],[[767.0162353515625,229.946044921875,46.57773208618164,-0.9998320937156677,4.259649344362515e-8,-0.018324125558137895,4.408880371897794e-8,1,-8.103566528916417e-8,0.018324125558137895,-8.18299454863336e-8,-0.9998320937156677],5,0.7453241348266602],[[766.8209228515625,229.8932342529297,46.6208381652832,-0.9941957592964172,1.5554714849486119e-8,-0.10758629441261292,2.2555536105528519e-8,1,-6.385482009818588e-8,0.10758629441261292,-6.591085366380867e-8,-0.9941957592964172],5,0.7662966251373291],[[766.56005859375,229.77513122558595,46.676231384277347,-0.9992181658744812,-5.4526587689451848e-9,-0.03953513875603676,-3.971250883694211e-9,1,-3.754920641085846e-8,0.03953513875603676,-3.73628452621233e-8,-0.9992181658744812],5,0.7739510536193848],[[766.36328125,229.65078735351563,46.71192932128906,-0.9988287687301636,-2.380980745897432e-8,-0.04838535934686661,-2.3058884579540974e-8,1,-1.607783062240742e-8,0.04838535934686661,-1.4943287496294034e-8,-0.9988287687301636],5,0.784862756729126],[[766.2315063476563,229.5508575439453,46.73252868652344,-0.9985548853874207,-3.5306022994063827e-8,-0.05374182015657425,-3.531420134095242e-8,1,-7.974133020560714e-10,0.05374182015657425,1.1015885981180418e-9,-0.9985548853874207],5,0.7943220138549805],[[766.0992431640625,229.43731689453126,46.7496223449707,-0.9997881650924683,-4.646220830295533e-8,-0.02058245800435543,-4.67925573843786e-8,1,1.556833062466012e-8,0.02058245800435543,1.652813885755222e-8,-0.9997881650924683],5,0.8048098087310791],[[765.9002075195313,229.24143981933595,46.76845932006836,-0.9961448907852173,-6.46516156166399e-8,0.08772296458482743,-6.112902894983563e-8,1,4.284220622707835e-8,-0.08772296458482743,3.731462783207462e-8,-0.9961448907852173],5,0.8157563209533691],[[765.76708984375,229.0938262939453,46.773719787597659,-0.9951832890510559,-7.560025494512957e-8,0.09803172200918198,-6.984527090025949e-8,1,6.213709724534056e-8,-0.09803172200918198,5.499074973158713e-8,-0.9951832890510559],5,0.8258931636810303],[[765.567138671875,228.84686279296876,46.76963424682617,-0.9837692975997925,-9.582351623294017e-8,0.17943795025348664,-8.040755972160696e-8,1,9.318553395587515e-8,-0.17943795025348664,7.724489847760197e-8,-0.9837692975997925],5,0.8368778228759766],[[765.36767578125,228.56922912597657,46.75552749633789,-0.958114504814148,-1.1939052058096423e-7,0.2863853871822357,-8.673112006363226e-8,1,1.2672492744059128e-7,-0.2863853871822357,9.657847499511263e-8,-0.958114504814148],5,0.84808349609375],[[765.170166015625,228.2609405517578,46.72611618041992,-0.9394294023513794,-9.878036877353225e-8,0.3427424430847168,-6.295026366842649e-8,1,1.1566421420639017e-7,-0.3427424430847168,8.70826397658675e-8,-0.9394294023513794],5,0.8602237701416016],[[764.9110717773438,227.80221557617188,46.663902282714847,-0.8766564726829529,-7.608438323813971e-8,0.4811168313026428,-3.447642882292712e-8,1,9.532071487683425e-8,-0.4811168313026428,6.697632670693565e-8,-0.8766564726829529],5,0.8787240982055664],[[764.7841186523438,227.5524139404297,46.62408447265625,-0.8522191047668457,-6.196867730068334e-8,0.5231850147247315,-2.1510633274601788e-8,1,8.340625612390795e-8,-0.5231850147247315,5.982636253065721e-8,-0.8522191047668457],5,0.888364315032959],[[764.6004638671875,227.15216064453126,46.54704284667969,-0.8043017983436585,-4.0838337156401397e-8,0.5942210555076599,-3.858570796211325e-9,1,6.350310144398463e-8,-0.5942210555076599,4.878281600895207e-8,-0.8043017983436585],5,0.8993299007415772],[[764.4268798828125,226.72125244140626,46.44830322265625,-0.7806965112686157,-1.9767165682083033e-8,0.6249103546142578,8.023431696813077e-9,1,4.1655624727354737e-8,-0.6249103546142578,3.7534327645971646e-8,-0.7806965112686157],7,0.910686731338501],[[764.2102661132813,226.09902954101563,46.29304504394531,-0.768221378326416,8.277996066397009e-9,0.6401842832565308,2.0867366501420294e-8,1,1.2110201730308745e-8,-0.6401842832565308,2.266227561165124e-8,-0.768221378326416],7,0.9273905754089356],[[764.0543212890625,225.97471618652345,46.16779327392578,-0.7072203159332275,2.7595072893404905e-8,0.7069932818412781,2.8263020368513027e-8,1,-1.0759497293122422e-8,-0.7069932818412781,1.2372430191476269e-8,-0.7072203159332275],7,0.9418740272521973],[[763.8629150390625,226.0361328125,45.98234939575195,-0.6261776089668274,5.467958530402939e-8,0.7796804308891296,3.4736043375005468e-8,1,-4.223351979248946e-8,-0.7796804308891296,6.373285232896819e-10,-0.6261776089668274],8,0.9568216800689697],[[763.6917724609375,226.10382080078126,45.778076171875,-0.5539664030075073,8.293107356394103e-8,0.8325390219688416,3.8425806536679377e-8,1,-7.40439389801395e-8,-0.8325390219688416,-9.026868141859268e-9,-0.5539664030075073],8,0.9714879989624023],[[763.6150512695313,226.12783813476563,45.66914749145508,-0.4975305497646332,9.759855856827926e-8,0.8674464821815491,3.924939306898523e-8,1,-9.000069667308708e-8,-0.8674464821815491,-1.0731350030823706e-8,-0.4975305497646332],8,0.9843103885650635],[[763.4796142578125,226.15977478027345,45.43956756591797,-0.47778454422950747,1.0885106860314409e-7,0.8784770369529724,3.523930658388963e-8,1,-1.0474294498408199e-7,-0.8784770369529724,-1.90876399130957e-8,-0.47778454422950747],8,0.9967048168182373],[[763.3832397460938,226.1740264892578,45.26432800292969,-0.4670673608779907,7.809310176298823e-8,0.8842217326164246,2.1429576335663115e-8,1,-7.699883752820824e-8,-0.8842217326164246,-1.7015144848642195e-8,-0.4670673608779907],8,1.010185718536377],[[763.320556640625,226.18052673339845,45.14665222167969,-0.4670731723308563,5.744939812757366e-8,0.884218692779541,1.2228287715743136e-8,1,-5.851255124866839e-8,-0.884218692779541,-1.6517162748641568e-8,-0.4670731723308563],8,1.0225372314453126],[[763.2271118164063,226.18722534179688,44.96984100341797,-0.46088579297065737,2.6614531023483324e-8,0.8874594569206238,-1.3722581959640934e-9,1,-3.070223186796284e-8,-0.8874594569206238,-1.5368044614660904e-8,-0.46088579297065737],8,1.0325970649719239],[[763.1347045898438,226.19146728515626,44.792476654052737,-0.46088671684265139,-4.314482549006016e-9,0.8874589800834656,-1.4964097516667608e-8,1,-2.909735785650014e-9,-0.8874589800834656,-1.462108034644416e-8,-0.46088671684265139],8,1.0433621406555176],[[763.0732421875,226.1934051513672,44.674156188964847,-0.4717002213001251,-2.5101202894006748e-8,0.881758987903595,-2.424616774021615e-8,1,1.5496615546339855e-8,-0.881758987903595,-1.4069519771453543e-8,-0.4717002213001251],8,1.0535314083099366],[[762.9478149414063,226.1958770751953,44.43879699707031,-0.4793827533721924,-6.641332817025614e-8,0.8776059150695801,-4.31189803862253e-8,1,5.2122288707323608e-8,-0.8776059150695801,-1.2854946440654658e-8,-0.4793827533721924],8,1.0680418014526368],[[762.853515625,226.84815979003907,44.262420654296878,-0.5006999969482422,-9.757735597304418e-8,0.8656208515167236,-5.792998791775972e-8,1,7.921691036472112e-8,-0.8656208515167236,-1.0481497447756283e-8,-0.5006999969482422],3,1.0830774307250977],[[762.7545166015625,227.46978759765626,44.088680267333987,-0.479642391204834,-1.2898767920432875e-7,0.8774640560150147,-6.753172954176989e-8,1,1.100860984593055e-7,-0.8774640560150147,-6.454709211567433e-9,-0.479642391204834],5,1.1074333190917969],[[762.5779418945313,228.4376983642578,43.80594253540039,-0.4648531377315521,-1.3059066361620354e-7,0.8853877782821655,-5.3560349044801117e-8,1,1.1937476074308507e-7,-0.8853877782821655,8.070055734776816e-9,-0.4648531377315521],5,1.1155738830566407],[[762.5013427734375,228.801025390625,43.69694900512695,-0.5686823725700378,-1.146719554867559e-7,0.8225572109222412,-3.9651887107083897e-8,1,1.1199540494999383e-7,-0.8225572109222412,3.1073863482333766e-8,-0.5686823725700378],5,1.126244068145752],[[762.3783569335938,229.32046508789063,43.539302825927737,-0.5683800578117371,-9.350060992119325e-8,0.822766125202179,-1.891223533334596e-8,1,1.0057690502662808e-7,-0.822766125202179,4.1605563438906759e-8,-0.5683800578117371],5,1.136385440826416],[[762.29296875,229.6497344970703,43.43692398071289,-0.6216915249824524,-7.600110052408127e-8,0.7832621932029724,-4.9030490778534389e-9,1,9.313983895253841e-8,-0.7832621932029724,5.406387870721119e-8,-0.6216915249824524],5,1.147172451019287],[[762.1595458984375,230.11807250976563,43.28794479370117,-0.6551805138587952,-5.14307672005998e-8,0.7554723620414734,1.6493295618147387e-8,1,8.238136928184758e-8,-0.7554723620414734,6.643489314228646e-8,-0.6551805138587952],5,1.1584885120391846],[[762.01708984375,230.55575561523438,43.14773941040039,-0.6862565279006958,-2.5769256950525233e-8,0.7273595929145813,3.8082443865050666e-8,1,7.135890456311245e-8,-0.7273595929145813,7.667014045864562e-8,-0.6862565279006958],5,1.1695811748504639],[[761.8672485351563,230.96278381347657,43.01535415649414,-0.7161343097686768,1.0631547864292657e-9,0.6979624629020691,5.992663432152767e-8,1,5.99636322817787e-8,-0.6979624629020691,8.476855839489872e-8,-0.7161343097686768],5,1.181467056274414],[[761.763916015625,231.21710205078126,42.931114196777347,-0.7991524934768677,2.810831212229914e-8,0.601128339767456,7.521583711422864e-8,1,5.323423835079666e-8,-0.601128339767456,8.775664639415482e-8,-0.7991524934768677],5,1.1927728652954102],[[761.600341796875,231.5730438232422,42.81645965576172,-0.8094558715820313,5.464108454589223e-8,0.5871807336807251,9.841112813546715e-8,1,4.260763475372187e-8,-0.5871807336807251,9.227412078871566e-8,-0.8094558715820313],5,1.2045409679412842],[[761.4287719726563,231.89833068847657,42.71378707885742,-0.8707655072212219,9.066237538490896e-8,0.49169856309890749,1.2273066829493474e-7,1,3.296176487310731e-8,-0.49169856309890749,8.904845572033082e-8,-0.8707655072212219],5,1.2175960540771485],[[761.2498779296875,232.1929473876953,42.625152587890628,-0.9014613032341003,1.23206731927894e-7,0.43285974860191347,1.4774991541344208e-7,1,2.3065414467282609e-8,-0.43285974860191347,8.474756896248437e-8,-0.9014613032341003],5,1.2294847965240479],[[760.8756103515625,232.6902313232422,42.48445510864258,-0.9725273251533508,1.1101241881306123e-7,0.23278871178627015,1.1547622591479012e-7,1,5.5473807769601539e-9,-0.23278871178627015,3.2276542327736027e-8,-0.9725273251533508],5,1.2528295516967774],[[760.6847534179688,232.89288330078126,42.43086624145508,-0.9985074996948242,9.226702957221278e-8,0.05461445823311806,9.212344309617038e-8,1,-5.146568504699189e-9,-0.05461445823311806,-1.0761515983892522e-10,-0.9985074996948242],5,1.2653076648712159],[[760.4251098632813,233.1154022216797,42.39376449584961,-0.9999383687973023,6.201717894782633e-8,0.01110160443931818,6.181909384395112e-8,1,-1.818567518796499e-8,-0.01110160443931818,-1.749826239461072e-8,-0.9999383687973023],5,1.2800674438476563],[[760.2938842773438,233.2062225341797,42.39002990722656,-0.9806545376777649,4.1773411396661689e-8,-0.19574646651744843,4.7797630742252298e-8,1,-2.605182203296863e-8,0.19574646651744843,-3.490405475758962e-8,-0.9806545376777649],5,1.2918341159820557],[[759.8392333984375,233.41680908203126,42.4544563293457,-0.9956484436988831,-6.400628471681102e-9,-0.09318862110376358,-2.0311010651141716e-9,1,-4.698391009583247e-8,0.09318862110376358,-4.6590180602379408e-8,-0.9956484436988831],5,1.3184013366699219],[[759.7119750976563,233.44631958007813,42.4933967590332,-0.8894039392471314,-3.832466788367128e-8,-0.45712214708328249,-1.4541841508730613e-8,1,-5.5545541499668619e-8,0.45712214708328249,-4.2755022633400588e-8,-0.8894039392471314],5,1.3332104682922364],[[759.468505859375,233.46446228027345,42.597415924072269,-0.873021125793457,-6.946773822846808e-8,-0.48768240213394167,-3.887672761493377e-8,1,-7.284973690957486e-8,0.48768240213394167,-4.463986158498301e-8,-0.873021125793457],5,1.34281325340271],[[759.353515625,233.45309448242188,42.66270446777344,-0.8099533319473267,-8.90149749466218e-8,-0.5864943861961365,-5.062971908387226e-8,1,-8.185461553011919e-8,0.5864943861961365,-3.6604369313408827e-8,-0.8099533319473267],5,1.3534226417541505],[[759.1907958984375,233.41050720214845,42.776458740234378,-0.8007124662399292,-1.1169008473643771e-7,-0.599048912525177,-6.823884746154363e-8,1,-9.523494526320064e-8,0.599048912525177,-3.5377397011870929e-8,-0.8007124662399292],5,1.369307518005371],[[759.0399169921875,233.33726501464845,42.90700912475586,-0.7360227704048157,-1.3680904942248163e-7,-0.6769567728042603,-8.500809656197817e-8,1,-1.0966897434627754e-7,0.6769567728042603,-2.3172058050136003e-8,-0.7360227704048157],5,1.3789899349212647],[[758.9013061523438,233.2333526611328,43.050743103027347,-0.6650863289833069,-1.6065435204382084e-7,-0.7467665076255798,-1.0093021529655744e-7,1,-1.2524270687208628e-7,0.7467665076255798,-7.925904377259485e-9,-0.6650863289833069],5,1.389662265777588],[[758.77734375,233.09878540039063,43.207210540771487,-0.6291429400444031,-1.480011349030974e-7,-0.777289628982544,-9.64942188375062e-8,1,-1.1230366681047599e-7,0.777289628982544,4.348903015483074e-9,-0.6291429400444031],5,1.4048655033111573],[[758.6290893554688,232.87168884277345,43.42871856689453,-0.5890831351280212,-1.0910078174219962e-7,-0.8080724477767944,-8.005121543419591e-8,1,-7.665644830012752e-8,0.8080724477767944,1.9530158823499734e-8,-0.5890831351280212],5,1.4278099536895753],[[758.4977416992188,232.590087890625,43.66059494018555,-0.5058441162109375,-7.014615022171711e-8,-0.8626248836517334,-6.618989800699637e-8,1,-4.2503266683979749e-8,0.8626248836517334,3.559702577149437e-8,-0.5058441162109375],5,1.4359376430511475],[[758.3106689453125,231.9661407470703,44.087799072265628,-0.5680291056632996,-1.2876393284955157e-8,-0.8230084776878357,-3.868696296649432e-8,1,1.1055692361594538e-8,0.8230084776878357,3.811965498812242e-8,-0.5680291056632996],5,1.4648804664611817],[[758.261474609375,231.7572021484375,44.211727142333987,-0.37405645847320559,1.2331446974656047e-8,-0.9274059534072876,-3.232306156064624e-8,1,2.6333772495945597e-8,0.9274059534072876,3.982691865189736e-8,-0.37405645847320559],5,1.472135066986084],[[758.218017578125,231.53465270996095,44.33775329589844,-0.3659442365169525,2.905527018981502e-8,-0.9306367635726929,-2.5854895113752719e-8,1,4.1387490767874627e-8,0.9306367635726929,3.920703051107921e-8,-0.3659442365169525],5,1.4818463325500489],[[758.1365356445313,231.04867553710938,44.59165573120117,-0.4239351451396942,5.894094812219919e-8,-0.9056925177574158,-1.13338014529063e-8,1,7.038342886289684e-8,0.9056925177574158,4.010294674117176e-8,-0.4239351451396942],5,1.4986903667449952],[[758.076416015625,230.64842224121095,44.78240966796875,-0.3951350152492523,8.432710529859833e-8,-0.9186230301856995,-1.0585345794345003e-10,1,9.184281424268193e-8,0.9186230301856995,3.638755075030531e-8,-0.3951350152492523],5,1.5107808113098145],[[757.99609375,230.0670623779297,45.03668212890625,-0.45996737480163576,1.1375620800890829e-7,-0.8879358172416687,1.729792664662e-8,1,1.1915244613192044e-7,0.8879358172416687,3.944678894640674e-8,-0.45996737480163576],5,1.5255255699157715],[[757.929931640625,229.5952911376953,45.22538757324219,-0.5177375078201294,1.351450720221692e-7,-0.8555395007133484,3.267959414188226e-8,1,1.3818836919199385e-7,0.8555395007133484,4.358662408776581e-8,-0.5177375078201294],5,1.5391056537628174],[[757.8502197265625,229.0928497314453,45.408565521240237,-0.5818970203399658,1.5577164447222459e-7,-0.8132624626159668,5.0058755363124877e-8,1,1.5572169331790065e-7,0.8132624626159668,4.9903079002433517e-8,-0.5818970203399658],5,1.5533502101898194],[[757.755126953125,228.55975341796876,45.58430480957031,-0.7442423701286316,1.346973164118026e-7,-0.6679096221923828,5.8687337656238017e-8,1,1.3627548867134465e-7,0.6679096221923828,6.222416004675324e-8,-0.7442423701286316],5,1.5652616024017335],[[757.6447143554688,227.99600219726563,45.749671936035159,-0.904880166053772,8.952258667704882e-8,-0.4256664216518402,5.086707233203924e-8,1,1.02178560723587e-7,0.4256664216518402,7.080694786054664e-8,-0.904880166053772],5,1.5759155750274659],[[757.5619506835938,227.60313415527345,45.85160446166992,-0.9526928663253784,6.48194529162538e-8,-0.3039347231388092,4.2031654601260018e-8,1,8.151815933388207e-8,0.3039347231388092,6.488688342187743e-8,-0.9526928663253784],5,1.5874037742614747],[[757.4261474609375,226.98829650878907,45.99000930786133,-0.995991587638855,1.2580632535730274e-8,0.08944662660360336,1.8000950063878919e-8,1,5.97916738342974e-8,-0.08944662660360336,6.116212603046734e-8,-0.995991587638855],5,1.598494529724121],[[757.3165283203125,226.56137084960938,46.0432243347168,-0.9775042533874512,-1.2771480761841758e-8,0.21091577410697938,-2.2973134505832606e-9,1,4.9905448662457277e-8,-0.21091577410697938,4.829824717944575e-8,-0.9775042533874512],7,1.610769510269165],[[757.0621948242188,225.9518280029297,46.02714538574219,-0.9249663949012756,-5.9005166974657189e-8,0.38004884123802187,-4.780031659379347e-8,1,3.891994637683638e-8,-0.38004884123802187,1.783318737125228e-8,-0.9249663949012756],7,1.6224303245544434],[[756.9362182617188,225.9412384033203,45.985836029052737,-0.7575724720954895,-8.087361180741937e-8,0.652751088142395,-7.115242794952792e-8,1,4.131818798214226e-8,-0.652751088142395,-1.5143301723696824e-8,-0.7575724720954895],7,1.6329765319824219],[[756.7753295898438,226.0018310546875,45.87127685546875,-0.6562637090682983,-1.0681660000955162e-7,0.7545315623283386,-1.0541639028360805e-7,1,4.987949253631996e-8,-0.7545315623283386,-4.6805894271528817e-8,-0.6562637090682983],7,1.6500766277313233],[[756.5940551757813,226.08303833007813,45.67654037475586,-0.4035588204860687,-6.808890162801618e-8,0.9149537086486816,-7.745649810431132e-8,1,4.0254111155491049e-8,-0.9149537086486816,-5.4624205603204248e-8,-0.4035588204860687],8,1.6622791290283204],[[756.5010375976563,226.12411499023438,45.50105285644531,-0.3640791177749634,-4.9955232839238309e-8,0.9313680529594421,-5.7192295344066227e-8,1,3.12794838919217e-8,-0.9313680529594421,-4.187886659678952e-8,-0.3640791177749634],8,1.6744730472564698],[[756.44970703125,226.14340209960938,45.378143310546878,-0.3320140540599823,-3.7848160161502167e-8,0.9432744383811951,-4.40069456431047e-8,1,2.463464987556563e-8,-0.9432744383811951,-3.3331573945361018e-8,-0.3320140540599823],8,1.6853296756744385],[[756.3814697265625,226.16357421875,45.19021224975586,-0.3126305639743805,-2.115485209230883e-8,0.9498748183250427,-2.447429636731613e-8,1,1.421601947271256e-8,-0.9498748183250427,-1.880315458890891e-8,-0.3126305639743805],8,1.6973555088043213],[[756.3180541992188,226.17645263671876,45.000553131103519,-0.31289032101631167,-5.1569934989004199e-9,0.94978928565979,-4.957426469331949e-9,1,3.796487124674286e-9,-0.94978928565979,-3.5206262349873897e-9,-0.31289032101631167],8,1.7079567909240723],[[756.2554321289063,226.18466186523438,44.81061553955078,-0.3013063669204712,1.0880213174857545e-8,0.9535273909568787,1.4418078286837499e-8,1,-6.854500966824162e-9,-0.9535273909568787,1.1682727674156013e-8,-0.3013063669204712],8,1.7202823162078858],[[756.1947021484375,226.1898651123047,44.620052337646487,-0.30131736397743227,2.6864146462912687e-8,0.9535239338874817,3.3781269337396228e-8,1,-1.749852707177979e-8,-0.9535239338874817,2.6938639763329776e-8,-0.30131736397743227],8,1.732987642288208],[[756.07421875,226.1952362060547,44.2386474609375,-0.34429964423179629,5.999637409104253e-8,0.9388598203659058,7.339619401136588e-8,1,-3.6987511720099067e-8,-0.9388598203659058,5.617394904788853e-8,-0.34429964423179629],8,1.7550430297851563],[[756.0340576171875,226.1862030029297,44.11151123046875,-0.3978182375431061,7.37695700081531e-8,0.9174642562866211,8.694192388247757e-8,1,-4.270737363754051e-8,-0.9174642562866211,6.277633701756713e-8,-0.3978182375431061],8,1.7668581008911133],[[755.9537353515625,227.04910278320313,43.85723876953125,-0.4280415177345276,9.707130743663584e-8,0.9037590622901917,1.1438045532941033e-7,1,-5.323512297650268e-8,-0.9037590622901917,8.058552936063279e-8,-0.4280415177345276],3,1.7822685241699219],[[755.8795776367188,227.66050720214845,43.67198181152344,-0.43932536244392397,1.1878304206902613e-7,0.8983280062675476,1.3162259904220265e-7,1,-6.785705863876501e-8,-0.8983280062675476,8.84289477198763e-8,-0.43932536244392397],5,1.806361436843872],[[755.6878051757813,228.79135131835938,43.32136917114258,-0.43220826983451846,1.0793551297183513e-7,0.9017738103866577,1.025904339257977e-7,1,-7.052220496461814e-8,-0.9017738103866577,6.203308799967999e-8,-0.43220826983451846],5,1.8163669109344483],[[755.6156616210938,229.14105224609376,43.20952606201172,-0.5757227540016174,1.0243197579029584e-7,0.8176449537277222,8.199170054012939e-8,1,-6.754458325985979e-8,-0.8176449537277222,2.8153145592568764e-8,-0.5757227540016174],5,1.8267848491668702],[[755.53564453125,229.4771270751953,43.10313415527344,-0.6107438802719116,8.860794764586899e-8,0.7918282151222229,6.141279840221614e-8,1,-6.453478107459887e-8,-0.7918282151222229,9.214160101578273e-9,-0.6107438802719116],5,1.8371164798736573],[[755.44921875,229.79957580566407,43.00174331665039,-0.6800129413604736,7.347962593939883e-8,0.7332001328468323,4.072742498806292e-8,1,-6.244467698479639e-8,-0.7332001328468323,-1.2601836019143775e-8,-0.6800129413604736],5,1.8471689224243165],[[755.3085327148438,230.25770568847657,42.859947204589847,-0.6888193488121033,4.9075985941726688e-8,0.7249330282211304,9.803014400233679e-9,1,-5.838260719315258e-8,-0.7249330282211304,-3.31085381333196e-8,-0.6888193488121033],5,1.861196517944336],[[755.1079711914063,230.8208465576172,42.6843376159668,-0.7364737391471863,1.2590512632471018e-8,0.676466166973114,-3.159970773936038e-8,1,-5.301502170595995e-8,-0.676466166973114,-6.042030520347908e-8,-0.7364737391471863],5,1.872539758682251],[[755.00244140625,231.08197021484376,42.60309600830078,-0.8126113414764404,-1.3182657632171413e-8,0.5828059911727905,-5.254080548411366e-8,1,-5.0638799820035277e-8,-0.5828059911727905,-7.177075644904107e-8,-0.8126113414764404],5,1.8840060234069825],[[754.8350830078125,231.44813537597657,42.49391174316406,-0.8521625995635986,-4.67150655936166e-8,0.5232771039009094,-8.423373998311945e-8,1,-4.790153695921617e-8,-0.5232771039009094,-8.489747926887503e-8,-0.8521625995635986],5,1.895244836807251],[[754.6590576171875,231.78363037109376,42.399566650390628,-0.8792349100112915,-8.098808024215032e-8,0.47638845443725588,-1.1622116602438837e-7,1,-4.4496520246184448e-8,-0.47638845443725588,-9.448931592714871e-8,-0.8792349100112915],5,1.9062039852142335],[[754.4759521484375,232.08847045898438,42.319515228271487,-0.9052174687385559,-1.1732597471336703e-7,0.42494866251945498,-1.4861980446312374e-7,1,-4.0492565744898459e-8,-0.42494866251945498,-9.981036441786273e-8,-0.9052174687385559],5,1.918846845626831],[[754.2882690429688,232.36265563964845,42.25069046020508,-0.9497435688972473,-1.1543490785470567e-7,0.3130289912223816,-1.300606982113095e-7,1,-2.5842352258109714e-8,-0.3130289912223816,-6.52563798553274e-8,-0.9497435688972473],5,1.9304165840148926],[[754.16064453125,232.52841186523438,42.21308135986328,-0.9750323295593262,-1.1186250503669726e-7,0.22206291556358338,-1.184088631589475e-7,1,-1.6166433525199865e-8,-0.22206291556358338,-4.2057010318785618e-8,-0.9750323295593262],5,1.9421322345733643],[[753.9649658203125,232.7515106201172,42.17379379272461,-0.9926875829696655,-1.0179721954273191e-7,0.12071206420660019,-1.0266622751942123e-7,1,-9.797708200309785e-10,-0.12071206420660019,-1.3365658801944847e-8,-0.9926875829696655],5,1.9575328826904297],[[753.699951171875,233.00128173828126,42.152313232421878,-0.9999176263809204,-8.429144315869053e-8,0.012833618558943272,-8.404511930848457e-8,1,1.973246277486851e-8,-0.012833618558943272,1.8652235311833466e-8,-0.9999176263809204],5,1.9697661399841309],[[753.5007934570313,233.15284729003907,42.1601676940918,-0.9960771203041077,-6.775666605562947e-8,-0.08848907053470612,-7.115018973991028e-8,1,3.519540214824701e-8,0.08848907053470612,4.135334918942135e-8,-0.9960771203041077],5,1.981874704360962],[[753.3034057617188,233.27374267578126,42.18934631347656,-0.9763612747192383,-4.7519691293018698e-8,-0.21614503860473634,-6.006184349871546e-8,1,5.145788506411009e-8,0.21614503860473634,6.322355261545454e-8,-0.9763612747192383],5,1.994431972503662],[[753.1101684570313,233.36399841308595,42.2385368347168,-0.9618117213249207,-2.91889641346188e-8,-0.27371200919151308,-4.9658840595157019e-8,1,6.785777628692813e-8,0.27371200919151308,7.885861919021409e-8,-0.9618117213249207],5,2.00603985786438],[[752.922607421875,233.42359924316407,42.30707550048828,-0.9212476015090942,-4.624845395539978e-9,-0.38897669315338137,-4.0983582749731798e-8,1,8.517523752971101e-8,0.38897669315338137,9.440913828484554e-8,-0.9212476015090942],5,2.0184080600738527],[[752.8014526367188,233.4462890625,42.36199951171875,-0.8452060222625732,2.103977969625248e-8,-0.5344406366348267,-3.674971438272223e-8,1,9.74867049308159e-8,0.5344406366348267,1.0203689271293115e-7,-0.8452060222625732],5,2.02968430519104],[[752.6287231445313,233.4547882080078,42.46065902709961,-0.8270787000656128,3.9885428293473527e-8,-0.5620861649513245,-3.097510159477679e-8,1,1.1653778386744307e-7,0.5620861649513245,1.1379659525800889e-7,-0.8270787000656128],5,2.0416502952575685],[[752.4680786132813,233.43263244628907,42.5781364440918,-0.7868986129760742,6.371818273009922e-8,-0.6170822978019714,-2.6069018943530865e-8,1,1.3650020491695614e-7,0.6170822978019714,1.2349855182947068e-7,-0.7868986129760742],5,2.0543293952941896],[[752.3200073242188,233.37982177734376,42.7120475769043,-0.6995486617088318,9.643746068377368e-8,-0.7145849466323853,-2.335457338631386e-8,1,1.578190591544626e-7,0.7145849466323853,1.2709094221463602e-7,-0.6995486617088318],5,2.0681281089782717],[[752.1434326171875,233.26171875,42.91100311279297,-0.6400351524353027,9.664638156436922e-8,-0.7683455944061279,-1.2145679129105247e-8,1,1.3590243952421589e-7,0.7683455944061279,9.63144159982221e-8,-0.6400351524353027],5,2.091295003890991],[[751.9927978515625,233.089111328125,43.13043975830078,-0.5371311902999878,8.756117608754721e-8,-0.843498706817627,7.051984773909226e-9,1,9.931649458394532e-8,0.843498706817627,4.739764492001086e-8,-0.5371311902999878],5,2.099738359451294],[[751.8982543945313,232.9239044189453,43.30613708496094,-0.4783545434474945,7.392613809997784e-8,-0.8781667947769165,2.1996584109729157e-8,1,7.22003719033637e-8,0.8781667947769165,1.522070647297369e-8,-0.4783545434474945],5,2.1125357151031496],[[751.8186645507813,232.72802734375,43.48949432373047,-0.4520712494