[[[776,222.69961547851563,47,1,3.33467262692011e-8,6.518309011310525e-15,-3.33467262692011e-8,1,3.709113727268232e-8,-5.281441008543695e-15,-3.709113727268232e-8,1],8,0.007843971252441407],[[776,222.69961547851563,47,1,5.634318789304871e-9,6.243470536849028e-15,-5.634318789304871e-9,1,6.2669633926759619e-9,-6.208160697893312e-15,-6.2669633926759619e-9,1],8,0.025659799575805665],[[776,222.69961547851563,47,1,-2.2054409853922153e-8,6.822865213209966e-15,2.2054409853922153e-8,1,-2.4530878661721546e-8,-6.281851293755015e-15,2.4530878661721546e-8,1],8,0.04806399345397949],[[776,222.69961547851563,47,1,-4.280542853507541e-8,7.816022778810422e-15,4.280542853507541e-8,1,-4.761199789982129e-8,-5.7779708751912188e-15,4.761199789982129e-8,1],8,0.05730581283569336],[[776,222.69961547851563,47,1,-7.736090879006952e-8,1.0532416783073495e-14,7.736090879006952e-8,1,-8.60476703223867e-8,-3.875691576753302e-15,8.60476703223867e-8,1],8,0.07434225082397461],[[776,222.69961547851563,47,1,-5.587489226854814e-8,9.187232748110626e-15,5.587489226854814e-8,1,-6.214901304701925e-8,-5.714662785680485e-15,6.214901304701925e-8,1],8,0.09112930297851563],[[776,222.69961547851563,47,1,-3.440722906589144e-8,8.311528582624715e-15,3.440722906589144e-8,1,-3.827077321716388e-8,-6.9947375155702839e-15,3.827077321716388e-8,1],8,0.1070866584777832],[[776,222.69961547851563,47,1,-1.2957912964850493e-8,7.943232727927914e-15,1.2957912964850493e-8,1,-1.4412925963824819e-8,-7.75647128042076e-15,1.4412925963824819e-8,1],8,0.12393999099731446],[[776,222.69961547851563,47,1,8.473075574499945e-9,8.085570685483369e-15,-8.473075574499945e-9,1,9.424539371138963e-9,-8.005715807348022e-15,-9.424539371138963e-9,1],8,0.1399378776550293],[[776,222.69961547851563,47,1,2.453429814863739e-8,8.526978189022424e-15,-2.453429814863739e-8,1,2.728927483985899e-8,-7.857455395425366e-15,-2.728927483985899e-8,1],8,0.15594744682312013],[[776,222.69961547851563,47,1,5.128012858790498e-8,9.89854560622637e-15,-5.128012858790498e-8,1,5.703840244564162e-8,-6.973609125733972e-15,-5.703840244564162e-8,1],8,0.17423367500305177],[[776,222.69961547851563,47,1,7.265622770091795e-8,1.1566639776506259e-14,-7.265622770091795e-8,1,8.081482860688993e-8,-5.694939623503668e-15,-8.081482860688993e-8,1],8,0.19060540199279786],[[775.8386840820313,222.69961547851563,47.01072311401367,0.9886655807495117,5.9580266054126699e-8,0.15013468265533448,-6.873381863670147e-8,1,5.5779889152063336e-8,-0.15013468265533448,-6.546698472220669e-8,0.9886655807495117],8,0.2100672721862793],[[775.5761108398438,222.69961547851563,47.028175354003909,0.9403259754180908,3.80543667688471e-8,0.34027501940727236,-4.839427703018373e-8,1,2.1900021351939359e-8,-0.34027501940727236,-3.7060519986198418e-8,0.9403259754180908],8,0.22914862632751466],[[775.31005859375,222.69961547851563,47.04585647583008,0.8643036484718323,1.9333757705908284e-8,0.5029703974723816,-2.123392661701473e-8,1,-1.9508030746351325e-9,-0.5029703974723816,-8.993950473268342e-9,0.8643036484718323],8,0.2424614429473877],[[775.0439453125,222.69961547851563,47.063541412353519,0.7754921317100525,2.5384863100441636e-9,0.6313572525978088,9.787719079668023e-9,1,-1.60428754725217e-8,-0.6313572525978088,1.8620671227154163e-8,0.7754921317100525],8,0.2591114044189453],[[774.77783203125,222.69961547851563,47.080440521240237,0.6840453147888184,-1.3002988019650275e-8,0.7294394969940186,4.2349228124294316e-8,1,-2.1887769818818016e-8,-0.7294394969940186,4.586342683410294e-8,0.6840453147888184],8,0.2823812961578369],[[774.51171875,222.69961547851563,47.096412658691409,0.5959462523460388,-2.7738396468635075e-8,0.8030243515968323,7.50547428651771e-8,1,-2.1157758212098089e-8,-0.8030243515968323,7.287967207503243e-8,0.5959462523460388],8,0.29108238220214846],[[774.245361328125,222.69961547851563,47.11105728149414,0.5145114064216614,-4.195014113861362e-8,0.8574835062026978,1.0717165110918359e-7,1,-1.5383264440060885e-8,-0.8574835062026978,9.981278736859167e-8,0.5145114064216614],8,0.30757832527160647],[[773.97900390625,222.69961547851563,47.123905181884769,0.4413866400718689,-4.112692408853036e-8,0.8973169922828674,1.0215916290690075e-7,1,-4.418468257938457e-9,-0.8973169922828674,9.361940556118498e-8,0.4413866400718689],8,0.3254108428955078],[[773.712646484375,222.69961547851563,47.13529586791992,0.3768647313117981,-2.585752589823187e-8,0.9262682795524597,6.004930952485665e-8,1,3.483934252201948e-9,-0.9262682795524597,5.4308802788227697e-8,0.3768647313117981],8,0.3436925411224365],[[773.5128784179688,222.69961547851563,47.14311599731445,0.3341754674911499,-1.462244281213998e-8,0.9425109028816223,2.826087275309419e-8,1,5.494208643597176e-9,-0.9425109028816223,2.480015126593571e-8,0.3341754674911499],8,0.3569142818450928],[[773.1796264648438,222.69961547851563,47.15542221069336,0.27160122990608218,3.785588287286146e-9,0.9624098539352417,-2.4610230298094394e-8,1,3.011794369456311e-9,-0.9624098539352417,-2.450313552060379e-8,0.27160122990608218],8,0.3751842975616455],[[772.9130249023438,222.69961547851563,47.16440963745117,0.22889988124370576,1.827677564847363e-8,0.9734499454498291,-6.657967333012493e-8,1,-3.119519087491085e-9,-0.9734499454498291,-6.409792518979884e-8,0.22889988124370576],8,0.3903470039367676],[[772.6464233398438,222.69961547851563,47.1728630065918,0.1925303190946579,3.259811975908633e-8,0.9812909960746765,-1.0817566220566732e-7,1,-1.1995454407554007e-8,-0.9812909960746765,-1.0384231785565135e-7,0.1925303190946579],8,0.40731310844421389],[[772.4464721679688,222.69961547851563,47.1785888671875,0.16901178658008576,2.6971484601290287e-8,0.985614001750946,-8.674315665757604e-8,1,-1.2490556144939547e-8,-0.985614001750946,-8.338421508824467e-8,0.16901178658008576],8,0.42285776138305666],[[772.1132202148438,222.69961547851563,47.18585968017578,0.13587509095668794,1.7704625321357527e-8,0.9907259941101074,-5.117326651316034e-8,1,-1.0852094334268259e-8,-0.9907259941101074,-4.922415186570106e-8,0.13587509095668794],8,0.44101524353027346],[[771.9132690429688,222.69961547851563,47.18778991699219,0.11981041729450226,1.2202067800615169e-8,0.992796778678894,-2.9946587432050367e-8,1,-8.67665406190099e-9,-0.992796778678894,-2.86913213187745e-8,0.11981041729450226],8,0.4565541744232178],[[771.5800170898438,222.69961547851563,47.1880989074707,0.09849130362272263,3.1064291139415447e-9,0.9951379299163818,5.245142986609608e-9,1,-3.6407312720143638e-9,-0.9951379299163818,5.578220996227401e-9,0.09849130362272263],8,0.4743940830230713],[[771.3134155273438,222.69961547851563,47.18690872192383,0.08490750938653946,-4.112870488626186e-9,0.996388852596283,3.325908792817245e-8,1,1.2935956750226297e-9,-0.996388852596283,3.302914919345312e-8,0.08490750938653946],8,0.4916872978210449],[[771.1134643554688,222.69961547851563,47.185298919677737,0.0765453428030014,-9.499549591396317e-9,0.997066080570221,5.4202409671688659e-8,1,5.366352251456874e-9,-0.997066080570221,5.3632614793741598e-8,0.0765453428030014],8,0.5067105293273926],[[770.7802124023438,222.69961547851563,47.182403564453128,0.06472410261631012,-1.8432642079346807e-8,0.9979031682014465,8.900045145310287e-8,1,1.2698795792687179e-8,-0.9979031682014465,8.79919213048197e-8,0.06472410261631012],8,0.5239810943603516],[[770.5802612304688,222.69961547851563,47.18065643310547,0.05866014212369919,-2.3768242485289194e-8,0.998278021812439,1.0982407872006661e-7,1,1.7355832326870769e-8,-0.998278021812439,1.0861687371743756e-7,0.05866014212369919],8,0.539475679397583],[[770.2470092773438,222.64854431152345,47.177738189697269,0.049228888005018237,-2.0469197892225567e-8,0.998787522315979,9.068192952099707e-8,1,1.602445642845396e-8,-0.998787522315979,8.978311427654262e-8,0.049228888005018237],8,0.557488203048706],[[769.9804077148438,223.52166748046876,47.1754035949707,0.0417494997382164,-1.1378103792480943e-8,0.9991281032562256,4.676677178849786e-8,1,9.433840375550062e-9,-0.9991281032562256,4.633213634974709e-8,0.0417494997382164],3,0.5766866207122803],[[769.7138061523438,224.34368896484376,47.17308044433594,0.03639789670705795,-2.326334458402357e-9,0.999337375164032,2.9652742483676777e-9,1,2.2198756166602608e-9,-0.999337375164032,2.882510674595551e-9,0.03639789670705795],5,0.5963976383209229],[[769.4472045898438,225.1112060546875,47.17076110839844,0.03238055109977722,6.695563214975664e-9,0.9994755983352661,-4.0751110930159487e-8,1,-5.378840484127068e-9,-0.9994755983352661,-4.0555569569278308e-8,0.03238055109977722],5,0.6092379093170166],[[769.1806030273438,225.82423400878907,47.16844177246094,0.02902512066066265,1.5692007693246525e-8,0.9995786547660828,-8.439739218601972e-8,1,-1.324794407508989e-8,-0.9995786547660828,-8.397731221521099e-8,0.02902512066066265],5,0.6251647472381592],[[768.9140014648438,226.48275756835938,47.166107177734378,0.026158614084124566,2.4665705922188864e-8,0.9996578097343445,-1.279814085819453e-7,1,-2.132518694963892e-8,-0.9996578097343445,-1.2737976362586779e-7,0.026158614084124566],5,0.6416077613830566],[[768.6473999023438,227.08677673339845,47.16377258300781,0.023698970675468446,2.669664489474144e-8,0.9997191429138184,-1.3643673923979805e-7,1,-2.3469826970767828e-8,-0.9997191429138184,-1.3584221392193286e-7,0.023698970675468446],5,0.6572694778442383],[[768.3807983398438,227.63629150390626,47.16143798828125,0.021586669608950616,2.1808633121622735e-8,0.999767005443573,-1.0983756482119134e-7,1,-1.944213678939377e-8,-0.999767005443573,-1.093922818995452e-7,0.021586669608950616],5,0.6744401454925537],[[768.1141967773438,228.13131713867188,47.15910339355469,0.019772380590438844,1.6930640001078247e-8,0.9998044967651367,-8.327723577394863e-8,1,-1.5287039190070574e-8,-0.9998044967651367,-8.295869236008002e-8,0.019772380590438844],5,0.6916921138763428],[[767.8475952148438,228.57183837890626,47.156768798828128,0.018214058130979539,1.2061838638999234e-8,0.9998341202735901,-5.6752607946464198e-8,1,-1.1029973379095282e-8,-0.9998341202735901,-5.654229440210656e-8,0.018214058130979539],5,0.7067415714263916],[[767.5809936523438,228.95785522460938,47.15443420410156,0.016875572502613069,7.20151405175784e-9,0.9998576045036316,-3.026103456704732e-8,1,-6.691794673940876e-9,-0.9998576045036316,-3.01437950156469e-8,0.016875572502613069],5,0.724043607711792],[[767.3143920898438,229.28936767578126,47.153297424316409,0.01524357683956623,2.349671346379978e-9,0.9998838305473328,-3.798534375931695e-9,1,-2.292034340101168e-9,-0.9998838305473328,-3.76315423267215e-9,0.01524357683956623],5,0.7412173748016357],[[767.1144409179688,229.5022430419922,47.15316390991211,0.013804875314235688,-1.2830178031109086e-9,0.9999046921730042,1.6027517091288247e-8,1,1.06186104353867e-9,-0.9999046921730042,1.601133092776763e-8,0.013804875314235688],5,0.7573800086975098],[[766.7811889648438,229.78890991210938,47.15469741821289,0.010816275142133236,-7.324146622522676e-9,0.9999415278434753,4.9026017023834359e-8,1,6.794265594578519e-9,-0.9999415278434753,4.89496585487359e-8,0.010816275142133236],5,0.7738215923309326],[[766.5812377929688,229.92002868652345,47.15631103515625,0.00889124907553196,-1.0940137684656293e-8,0.9999604821205139,6.87965240331323e-8,1,1.0328858657260298e-8,-0.9999604821205139,6.87019721112847e-8,0.00889124907553196],5,0.7889742851257324],[[766.2479858398438,230.07044982910157,47.15922164916992,0.005877362564206123,-1.695231155451893e-8,0.9999827146530151,1.0170268183173903e-7,1,1.635484991879821e-8,-0.9999827146530151,1.0160480456988808e-7,0.005877362564206123],5,0.8080098628997803],[[765.9813842773438,230.1294708251953,47.161556243896487,0.003800216130912304,-2.174976287960817e-8,0.9999927878379822,1.2799212356640056e-7,1,2.12635189456023e-8,-0.9999927878379822,1.2791039694093343e-7,0.003800216130912304],5,0.8239343166351318],[[765.7147827148438,230.1339874267578,47.16389083862305,0.002028463874012232,-2.6537337660670347e-8,0.9999979138374329,1.5425358412812785e-7,1,2.622449457589937e-8,-0.9999979138374329,1.542000660492704e-7,0.002028463874012232],5,0.8414440155029297],[[765.4481811523438,230.08401489257813,47.16622543334961,0.0005087178433313966,-2.5300185058085846e-8,0.9999998807907105,1.4596190567317536e-7,1,2.5225935118555755e-8,-0.9999998807907105,1.459490590605128e-7,0.0005087178433313966],5,0.8609237670898438],[[765.1815795898438,229.9795379638672,47.16856002807617,-0.0007962805684655905,-1.8054899797448344e-8,0.9999997019767761,1.0317745591237326e-7,1,1.8137063406697963e-8,-0.9999997019767761,1.0319186571905448e-7,-0.0007962805684655905],5,0.8763315677642822],[[764.9149780273438,229.820556640625,47.170894622802737,-0.001917107030749321,-1.0821755935808142e-8,0.999998152256012,6.044396627657989e-8,1,1.0937653449616392e-8,-0.999998152256012,6.046482070587445e-8,-0.001917107030749321],5,0.8976671695709229],[[764.7150268554688,229.66555786132813,47.172645568847659,-0.002647467888891697,-5.404350744697695e-9,0.9999964833259583,2.842543622705307e-8,1,5.47962564212412e-9,-0.9999964833259583,2.8439842481020606e-8,-0.002647467888891697],5,0.9065778255462647],[[764.3817749023438,229.339111328125,47.17556381225586,-0.0037053260020911695,3.611432264349901e-9,0.9999931454658508,-2.4881915194896466e-8,1,-3.7036533839795995e-9,-0.9999931454658508,-2.489546702122425e-8,-0.0037053260020911695],5,0.9262011051177979],[[764.1818237304688,229.10235595703126,47.17731475830078,-0.00425057765096426,9.013338519991976e-9,0.9999909400939941,-5.6833670214473389e-8,1,-9.254997657137665e-9,-0.9999909400939941,-5.687249426955532e-8,-0.00425057765096426],5,0.9408793449401856],[[763.9152221679688,228.73899841308595,47.179649353027347,-0.004880562424659729,1.6207607700380323e-8,0.9999880790710449,-9.939950018633681e-8,1,-1.6692931481543384e-8,-0.9999880790710449,-9.94797915154777e-8,-0.004880562424659729],5,0.9561591148376465],[[763.5819702148438,228.20816040039063,47.18256759643555,-0.005554757546633482,2.5187791408143313e-8,0.9999845623970032,-1.5254981633461285e-7,1,-2.6035570144244958e-8,-0.9999845623970032,-1.5269208120116674e-7,-0.005554757546633482],5,0.9737038612365723],[[763.3153686523438,227.72218322753907,47.18490219116211,-0.006009052507579327,2.063072201963223e-8,0.9999819397926331,-1.2436974827778614e-7,1,-2.1378452785825176e-8,-0.9999819397926331,-1.2449596908936656e-7,-0.006009052507579327],5,0.9932754039764404],[[763.1154174804688,227.32192993164063,47.18665313720703,-0.0063021304085850719,1.721638120955049e-8,0.9999801516532898,-1.0325319976800529e-7,1,-1.786745151832747e-8,-0.9999801516532898,-1.033637531122622e-7,-0.0063021304085850719],5,1.0136959552764893],[[762.8488159179688,226.74057006835938,47.188987731933597,-0.006643534637987614,1.2668364135492994e-8,0.9999779462814331,-7.512161914746685e-8,1,-1.3167728241114674e-8,-0.9999779462814331,-7.520744560451931e-8,-0.006643534637987614],5,1.021756649017334],[[762.5155639648438,225.93724060058595,47.1919059753418,-0.007009659893810749,6.99024704786666e-9,0.9999754428863525,-3.9994393574716017e-8,1,-7.2707728726584268e-9,-0.9999754428863525,-4.004437670346306e-8,-0.007009659893810749],5,1.0407061576843262],[[762.2489624023438,225.23326110839845,47.19424057006836,-0.007256458047777414,2.453112601941143e-9,0.9999736547470093,-1.1921795994851437e-8,1,-2.5396893477136475e-9,-0.9999736547470093,-1.193991128189964e-8,-0.007256458047777414],5,1.0583841800689698],[[761.9823608398438,224.4747772216797,47.19776153564453,-0.007948576472699643,-2.0787336296734795e-9,0.999968409538269,1.6125000001920854e-8,1,2.2069741589803017e-9,-0.999968409538269,1.6142033487653863e-8,-0.007948576472699643],5,1.0741689205169678],[[761.7157592773438,223.66180419921876,47.201881408691409,-0.00891804974526167,-6.603940505556238e-9,0.9999602437019348,4.414225074356182e-8,1,6.997881829562402e-9,-0.9999602437019348,4.42029026714863e-8,-0.00891804974526167],5,1.0957581996917725],[[761.5158081054688,223.0163116455078,47.20502853393555,-0.009627710096538067,-9.993230243310336e-9,0.9999536275863648,6.513578654221419e-8,1,1.062083132552516e-8,-0.9999536275863648,6.523502094069045e-8,-0.009627710096538067],7,1.1066439151763917],[[761.1825561523438,222.3925323486328,47.21027374267578,-0.010681170038878918,-1.5633624173005957e-8,0.99994295835495,1.0008970718899946e-7,1,1.6703651795069164e-8,-0.99994295835495,1.002624117063533e-7,-0.010681170038878918],7,1.1238033771514893],[[760.9826049804688,222.44876098632813,47.21342086791992,-0.01122694555670023,-1.901302759677037e-8,0.9999369978904724,1.2104185032058013e-7,1,2.0373242648474844e-8,-0.9999369978904724,1.2126295700909396e-7,-0.01122694555670023],7,1.1393179893493653],[[760.6493530273438,222.5687713623047,47.218666076660159,-0.012009716592729092,-1.0748954615280582e-8,0.9999278783798218,6.787110606865099e-8,1,1.1564901924998594e-8,-0.9999278783798218,6.800510021776063e-8,-0.012009716592729092],8,1.1567950248718262],[[760.3827514648438,222.62696838378907,47.222862243652347,-0.012539361603558064,-4.147289178746405e-9,0.9999213814735413,2.5382433932463756e-8,1,4.465920078189356e-9,-0.9999213814735413,2.5436436956738363e-8,-0.012539361603558064],8,1.1742222309112549],[[760.1161499023438,222.6598663330078,47.22705841064453,-0.012989838607609272,2.446321589744116e-9,0.999915599822998,-1.7065143964600794e-8,1,-2.6682200893191067e-9,-0.999915599822998,-1.7098363613854418e-8,-0.012989838607609272],8,1.1905186176300049],[[759.9161987304688,222.6743927001953,47.23020553588867,-0.013282855041325093,7.386462108627256e-9,0.9999117851257324,-4.887460036684388e-8,1,-8.03636535096075e-9,-0.9999117851257324,-4.8977035760344737e-8,-0.013282855041325093],8,1.206068515777588],[[759.5829467773438,222.6878204345703,47.235450744628909,-0.013707070611417294,1.561077489498075e-8,0.999906063079834,-1.0184150056602448e-7,1,-1.7008321862022059e-8,-0.999906063079834,-1.0206506573240404e-7,-0.013707070611417294],8,1.2241685390472413],[[759.3163452148438,222.69320678710938,47.239646911621097,-0.013994710519909859,1.383966097279199e-8,0.999902069568634,-8.996109102099581e-8,1,-1.5100118488931004e-8,-0.999902069568634,-9.01636028061148e-8,-0.013994710519909859],8,1.2415568828582764],[[759.0497436523438,222.69615173339845,47.24384307861328,-0.014239429496228695,9.291041713765935e-9,0.9998986124992371,-6.00300467112902e-8,1,-1.0146864681814805e-8,-0.9998986124992371,-6.016844622536155e-8,-0.014239429496228695],8,1.2575511932373047],[[758.7831420898438,222.69775390625,47.24803924560547,-0.014449232257902623,4.7471000463872318e-9,0.9998956322669983,-3.012636184962503e-8,1,-5.182944295967218e-9,-0.9998956322669983,-3.0198108902368406e-8,-0.014449232257902623],8,1.2741978168487549],[[758.6453247070313,222.69862365722657,47.250213623046878,-0.014511849731206894,2.07542691366136e-10,0.9998946785926819,-2.498165008191222e-10,1,-2.111902319690273e-10,-0.9998946785926819,-2.5285495919291636e-10,-0.014511849731206894],8,1.2939667701721192],[[758.6364135742188,222.6990966796875,47.25035095214844,-0.014519089832901955,-4.328043701207207e-9,0.9998946189880371,2.9600935036455668e-8,1,4.758323957076982e-9,-0.9998946189880371,2.9666901824043636e-8,-0.014519089832901955],8,1.313908576965332],[[758.63623046875,222.6993408203125,47.25035095214844,-0.01451992616057396,-8.859744937694814e-9,0.9998945593833923,5.9426199072731836e-8,1,9.7236343421514e-9,-0.9998945593833923,5.956112048011164e-8,-0.01451992616057396],8,1.3248348236083985],[[758.63623046875,222.69949340820313,47.25035095214844,-0.014520023949444294,-1.3387571939915688e-8,0.9998945593833923,8.922598482286048e-8,1,1.4684682803078886e-8,-0.9998945593833923,8.942979690118591e-8,-0.014520023949444294],8,1.3405091762542725],[[758.63623046875,222.69956970214845,47.25035095214844,-0.014520036056637764,-1.791152826058351e-8,0.9998945593833923,1.1900029761591213e-7,1,1.9641488435695466e-8,-0.9998945593833923,1.1927293996905065e-7,-0.014520036056637764],8,1.3573122024536133],[[758.63623046875,222.69961547851563,47.25035095214844,-0.014520038850605488,-1.1843641622988344e-8,0.9998945593833923,7.852232641880619e-8,1,1.2985157837874795e-8,-0.9998945593833923,7.870259111086853e-8,-0.014520038850605488],8,1.375368595123291],[[758.63623046875,222.69961547851563,47.25035095214844,-0.014520038850605488,-5.780940171007387e-9,0.9998945593833923,3.807893733664969e-8,1,6.334515578743094e-9,-0.9998945593833923,3.816690252733679e-8,-0.014520038850605488],8,1.3937537670135499],[[758.63623046875,222.69961547851563,47.25035095214844,-0.014520038850605488,-1.2373139179899795e-9,0.9998945593833923,7.769076049157775e-9,1,1.350263456600942e-9,-0.9998945593833923,7.787862799091272e-9,-0.014520038850605488],8,1.4127418994903565],[[758.63623046875,222.69961547851563,47.25035095214844,-0.014520038850605488,6.328926716037131e-9,0.9998945593833923,-4.2704201064225347e-8,1,-6.949726127913891e-9,-0.9998945593833923,-4.2800611055326956e-8,-0.014520038850605488],8,1.425856351852417],[[758.63623046875,222.69961547851563,47.25035095214844,-0.014520038850605488,1.237610103288489e-8,0.9998945593833923,-8.304400722636274e-8,1,-1.3583335345401793e-8,-0.9998945593833923,-8.323248579245046e-8,-0.014520038850605488],8,1.4469594955444337],[[758.63623046875,222.69961547851563,47.25035095214844,-0.014520038850605488,1.5733997216216268e-8,0.9998945593833923,-1.0538511219237989e-7,1,-1.7266012619643335e-8,-0.9998945593833923,-1.056247072028782e-7,-0.014520038850605488],8,1.4572749137878419],[[758.63623046875,222.69961547851563,47.25035095214844,-0.014520038850605488,1.1040131475681392e-8,0.9998945593833923,-7.383744815570026e-8,1,-1.2113530623025781e-8,-0.9998945593833923,-7.400555546155374e-8,-0.014520038850605488],8,1.4803709983825684],[[758.63623046875,222.69961547851563,47.25035095214844,-0.014520038850605488,6.350276304800673e-9,0.9998945593833923,-4.231674566312904e-8,1,-6.965451326834682e-9,-0.9998945593833923,-4.241342210775656e-8,-0.014520038850605488],8,1.4921269416809083],[[758.63623046875,222.69961547851563,47.25035095214844,-0.014520038850605488,1.6644282618827333e-9,0.9998945593833923,-1.0822981622027328e-8,1,-1.82177040120024e-9,-0.9998945593833923,-1.0848292930631942e-8,-0.014520038850605488],8,1.5068085193634034],[[758.63623046875,222.69961547851563,47.25035095214844,-0.014520038850605488,-3.017415872719198e-9,0.9998945593833923,2.0643865283886954e-8,1,3.3175151514797109e-9,-0.9998945593833923,2.0689858715172705e-8,-0.014520038850605488],8,1.524202823638916],[[758.63623046875,222.69961547851563,47.25035095214844,-0.014520038850605488,-6.526173823573345e-9,0.9998945593833923,4.4226347029052707e-8,1,7.169097759884835e-9,-0.9998945593833923,4.432578037949497e-8,-0.014520038850605488],8,1.539700984954834],[[758.63623046875,222.69961547851563,47.25035095214844,-0.014520038850605488,-1.2369107516008171e-8,0.9998945593833923,8.349690006070887e-8,1,1.3582917013366114e-8,-0.9998945593833923,8.368532178337773e-8,-0.014520038850605488],8,1.5582902431488038],[[758.63623046875,222.69961547851563,47.25035095214844,-0.014520038850605488,-1.7038960464788034e-8,0.9998945593833923,1.1488313589325117e-7,1,1.8709039650843807e-8,-0.9998945593833923,1.1514268294376962e-7,-0.014520038850605488],8,1.5737249851226807],[[758.63623046875,222.69961547851563,47.25035095214844,-0.014520038850605488,-1.1480122630302958e-8,0.9998945593833923,7.734525553360072e-8,1,1.2604507659830233e-8,-0.9998945593833923,7.752012010087128e-8,-0.014520038850605488],8,1.5902485847473145],[[758.63623046875,222.69961547851563,47.25035095214844,-0.014520038850605488,-5.9260361062740689e-9,0.9998945593833923,3.9839452625756169e-8,1,6.505191940675559e-9,-0.9998945593833923,3.9929705764052417e-8,-0.014520038850605488],8,1.6075143814086915],[[758.63623046875,222.69961547851563,47.25035095214844,-0.014520038850605488,-3.766947587191538e-10,0.9998945593833923,2.365690976446899e-9,1,4.1108802473210917e-10,-0.9998945593833923,2.371410623425163e-9,-0.014520038850605488],8,1.6249241828918458],[[758.63623046875,222.69961547851563,47.25035095214844,-0.014520038850605488,5.1679052148756458e-9,0.9998945593833923,-3.507604873220771e-8,1,-5.677809333803907e-9,-0.9998945593833923,-3.515479463089832e-8,-0.014520038850605488],8,1.6399049758911133],[[758.63623046875,222.69961547851563,47.25035095214844,-0.014520038850605488,1.0707768005602248e-8,0.9998945593833923,-7.248580402574589e-8,1,-1.1761504659091316e-8,-0.9998945593833923,-7.264893753244906e-8,-0.014520038850605488],8,1.6575613021850587],[[758.63623046875,222.69961547851563,47.25035095214844,-0.014520038850605488,1.6242896805351849e-8,0.9998945593833923,-1.0986358489617487e-7,1,-1.784000147608822e-8,-0.9998945593833923,-1.1011103850933068e-7,-0.014520038850605488],8,1.673938274383545],[[758.63623046875,222.69961547851563,47.25035095214844,-0.014520038850605488,1.1575147063069835e-8,0.9998945593833923,-7.825653369764041e-8,1,-1.2712775721013259e-8,-0.9998945593833923,-7.843287619380135e-8,-0.014520038850605488],8,1.6921882629394532],[[758.63623046875,222.69961547851563,47.25035095214844,-0.014520038850605488,6.911385685981486e-9,0.9998945593833923,-4.667650088663322e-8,1,-7.58993046190426e-9,-0.9998945593833923,-4.6781785556504477e-8,-0.014520038850605488],8,1.7131092548370362],[[758.63623046875,222.69961547851563,47.25035095214844,-0.014520038850605488,2.2516091213731217e-9,0.9998945593833923,-1.5123458041443884e-8,1,-2.4714628121813577e-9,-0.9998945593833923,-1.5157750610228505e-8,-0.014520038850605488],8,1.7242226600646973],[[758.63623046875,222.69961547851563,47.25035095214844,-0.014520038850605488,-2.404186405513542e-9,0.9998945593833923,1.640261615420968e-8,1,2.642631669047546e-9,-0.9998945593833923,1.643925706673599e-8,-0.014520038850605488],8,1.7427303791046143],[[758.63623046875,222.69961547851563,47.25035095214844,-0.014520038850605488,-7.0560042253475789e-9,0.9998945593833923,4.790174656932322e-8,1,7.75235697858534e-9,-0.9998945593833923,4.800925879067108e-8,-0.014520038850605488],8,1.7648711204528809],[[758.63623046875,222.69961547851563,47.25035095214844,-0.014520038850605488,-1.1703846780619643e-8,0.9998945593833923,7.937395452017881e-8,1,1.2857714892788863e-8,-0.9998945593833923,7.955227943057253e-8,-0.014520038850605488],8,1.7747478485107422],[[758.63623046875,222.69961547851563,47.25035095214844,-0.014520038850605488,-1.6347719622444857e-8,0.9998945593833923,1.108192648757722e-7,1,1.795871185095166e-8,-0.9998945593833923,1.1106833852636555e-7,-0.014520038850605488],8,1.7903587818145753],[[758.63623046875,222.69961547851563,47.25035095214844,-0.014520038850605488,-1.315571118709613e-8,0.9998945593833923,8.916020277638381e-8,1,1.4451844165819239e-8,-0.9998945593833923,8.936063977671438e-8,-0.014520038850605488],8,1.8090877532958985],[[758.63623046875,222.69961547851563,47.25035095214844,-0.014520038850605488,-7.356909303979364e-9,0.9998945593833923,4.983470347497132e-8,1,8.081363134238018e-9,-0.9998945593833923,4.9946791591537479e-8,-0.014520038850605488],8,1.8243677616119385],[[758.63623046875,222.69961547851563,47.25035095214844,-0.014520038850605488,-1.5630624572438024e-9,0.9998945593833923,1.0542807515889763e-8,1,1.7163254151242314e-9,-0.9998945593833923,1.0566616914786664e-8,-0.014520038850605488],8,1.8413352966308594],[[758.63623046875,222.69961547851563,47.25035095214844,-0.014520038850605488,4.225834349114166e-9,0.9998945593833923,-2.871551529892713e-8,1,-4.643274209570336e-9,-0.9998945593833923,-2.877990823435539e-8,-0.014520038850605488],8,1.8579037189483643],[[758.63623046875,222.69961547851563,47.25035095214844,-0.014520038850605488,1.0009785000875127e-8,0.9998945593833923,-6.794029872025931e-8,1,-1.0997439403581666e-8,-0.9998945593833923,-6.809281671849021e-8,-0.014520038850605488],8,1.8754920959472657],[[758.63623046875,222.69961547851563,47.25035095214844,-0.014520038850605488,1.5788792495641247e-8,0.9998945593833923,-1.07131562288032e-7,1,-1.734617605109179e-8,-0.9998945593833923,-1.073721307420783e-7,-0.014520038850605488],8,1.8909204006195069],[[758.63623046875,222.69961547851563,47.25035095214844,-0.014520038850605488,1.4728545494335777e-8,0.9998945593833923,-9.992739080644242e-8,1,-1.6181200379605799e-8,-0.9998945593833923,-1.0015180862410489e-7,-0.014520038850605488],8,1.907160997390747],[[758.63623046875,222.69961547851563,47.25035095214844,-0.014520038850605488,8.472656354285846e-9,0.9998945593833923,-5.746727893551906e-8,1,-9.308065429536328e-9,-0.9998945593833923,-5.7596373892465638e-8,-0.014520038850605488],8,1.9236633777618409],[[758.63623046875,222.69961547851563,47.25035095214844,-0.014520038850605488,3.4727565267900219e-9,0.9998945593833923,-2.353183603531761e-8,1,-3.814841775806599e-9,-0.9998945593833923,-2.3584746600135987e-8,-0.014520038850605488],8,1.940906286239624],[[758.63623046875,222.69961547851563,47.25035095214844,-0.014520038850605488,-1.5228718286408594e-9,0.9998945593833923,1.037461139219431e-8,1,1.673687965997317e-9,-0.9998945593833923,1.0397819494301075e-8,-0.014520038850605488],8,1.957730770111084],[[758.63623046875,222.69961547851563,47.25035095214844,-0.014520038850605488,-6.514231820631267e-9,0.9998945593833923,4.4252086439655616e-8,1,7.157528347789821e-9,-0.9998945593833923,4.43513492598413e-8,-0.014520038850605488],8,1.9736108779907227],[[758.63623046875,222.69961547851563,47.25035095214844,-0.014520038850605488,-1.0254952442778631e-8,0.9998945593833923,6.964119592112184e-8,1,1.1267333732689622e-8,-0.9998945593833923,6.97974584795702e-8,-0.014520038850605488],8,1.9888451099395753],[[758.63623046875,222.69961547851563,47.25035095214844,-0.014520038850605488,-1.5238851958088163e-8,0.9998945593833923,1.0346803236416236e-7,1,1.6742976782779807e-8,-0.9998945593833923,1.0370023773020876e-7,-0.014520038850605488],8,2.0067427158355715],[[758.63623046875,222.69961547851563,47.25035095214844,-0.014520038850605488,-1.344437450256919e-8,0.9998945593833923,9.127446531920214e-8,1,1.4771241119149181e-8,-0.9998945593833923,9.147932189534913e-8,-0.014520038850605488],8,2.0233445167541506],[[758.63623046875,222.69961547851563,47.25035095214844,-0.014520038850605488,-6.309093247836017e-9,0.9998945593833923,4.2822318135904428e-8,1,6.931605511795169e-9,-0.9998945593833923,4.291845101533909e-8,-0.014520038850605488],8,2.0443460941314699],[[758.63623046875,222.69961547851563,47.25035095214844,-0.014520038850605488,-2.031582013728439e-9,0.9998945593833923,1.3775870222332287e-8,1,2.231843598821115e-9,-0.9998945593833923,1.3806824128437256e-8,-0.014520038850605488],8,2.0626866817474367],[[758.63623046875,222.69961547851563,47.25035095214844,-0.014520038850605488,3.66750163571794e-9,0.9998945593833923,-2.4923773267460093e-8,1,-4.029820921402916e-9,-0.9998945593833923,-2.4979657453627625e-8,-0.014520038850605488],8,2.075251817703247],[[758.63623046875,222.69961547851563,47.25035095214844,-0.014520038850605488,7.938618651337493e-9,0.9998945593833923,-5.392680435534203e-8,1,-8.722557787166352e-9,-0.9998945593833923,-5.4047770703391509e-8,-0.014520038850605488],8,2.096341848373413],[[758.63623046875,222.69961547851563,47.25035095214844,-0.014520038850605488,1.5051066171167805e-8,0.9998945593833923,-1.0222389335012849e-7,1,-1.6537104130520676e-8,-0.9998945593833923,-1.0245323522894978e-7,-0.014520038850605488],8,2.108400583267212],[[758.63623046875,222.69961547851563,47.25035095214844,-0.014520038850605488,1.2954593842096074e-8,0.9998945593833923,-8.79806592024579e-8,1,-1.4233576983713192e-8,-0.9998945593833923,-8.817805507987942e-8,-0.014520038850605488],8,2.1242880821228029],[[758.63623046875,222.69961547851563,47.25035095214844,-0.014520038850605488,8.267368123426877e-9,0.9998945593833923,-5.614252529539954e-8,1,-9.083517937824581e-9,-0.9998945593833923,-5.6268500969736127e-8,-0.014520038850605488],8,2.140091896057129],[[758.63623046875,222.69961547851563,47.25035095214844,-0.014520038850605488,3.5841483114751328e-9,0.9998945593833923,-2.4331596293336589e-8,1,-3.937858927827165e-9,-0.9998945593833923,-2.438620860800711e-8,-0.014520038850605488],8,2.1570358276367189],[[758.63623046875,222.69961547851563,47.25035095214844,-0.014520038850605488,-1.0950707007850725e-9,0.9998945593833923,7.452153560905117e-9,1,1.2034031549035263e-9,-0.9998945593833923,7.468841545232863e-9,-0.014520038850605488],8,2.1735944747924806],[[758.63623046875,222.69961547851563,47.25035095214844,-0.014520038850605488,-5.770291799933602e-9,0.9998945593833923,3.920874647178607e-8,1,6.34027275125959e-9,-0.9998945593833923,3.9296676135336386e-8,-0.014520038850605488],8,2.1904296875],[[758.63623046875,222.69961547851563,47.25035095214844,-0.014520038850605488,-1.0441517872550321e-8,0.9998945593833923,7.09382064201236e-8,1,1.1472752525776287e-8,-0.9998945593833923,7.109731114951501e-8,-0.014520038850605488],8,2.20878529548645],[[758.63623046875,222.69961547851563,47.25035095214844,-0.014520038850605488,-1.5108753359527328e-8,0.9998945593833923,1.0264055561037822e-7,1,1.6600846919345714e-8,-0.9998945593833923,1.0287077856219185e-7,-0.014520038850605488],8,2.228550910949707],[[758.63623046875,222.69961547851563,47.25035095214844,-0.014520038850605488,-1.6214094511468602e-9,0.9998945593833923,1.1008795652855952e-8,1,1.7814454356113175e-9,-0.9998945593833923,1.103350122377833e-8,-0.014520038850605488],8,2.2802658081054689],[[758.63623046875,222.69961547851563,47.25035095214844,-0.014520038850605488,4.121909924492684e-9,0.9998945593833923,-2.8009615959945223e-8,1,-4.529088215576849e-9,-0.9998945593833923,-2.8072426161429577e-8,-0.014520038850605488],8,2.302292823791504],[[758.63623046875,222.69961547851563,47.25035095214844,-0.014520038850605488,9.86032233640799e-9,0.9998945593833923,-6.699469423665505e-8,1,-1.083423040171283e-8,-0.9998945593833923,-6.714493849813152e-8,-0.014520038850605488],8,2.3125391006469728],[[758.63623046875,222.69961547851563,47.25035095214844,-0.014520038850605488,1.4160914219019105e-8,0.9998945593833923,-9.62116359914944e-8,1,-1.5559550092802966e-8,-0.9998945593833923,-9.642742071491739e-8,-0.014520038850605488],8,2.328346014022827],[[758.63623046875,222.69961547851563,47.25035095214844,-0.014520038850605488,1.4559103256317485e-8,0.9998945593833923,-9.89152155739248e-8,1,-1.5997041913351496e-8,-0.9998945593833923,-9.913706833231118e-8,-0.014520038850605488],8,2.340061902999878],[[758.63623046875,222.69961547851563,47.25035095214844,-0.014520038850605488,9.627583175131349e-9,0.9998945593833923,-6.540874863958379e-8,1,-1.0578435905017614e-8,-0.9998945593833923,-6.555545439823618e-8,-0.014520038850605488],8,2.3618009090423586],[[758.63623046875,222.69961547851563,47.25035095214844,-0.014520038850605488,-3.912380641679647e-9,0.9998945593833923,2.658648767805971e-8,1,4.298870592833737e-9,-0.9998945593833923,2.6646105766303664e-8,-0.014520038850605488],8,2.407505750656128],[[758.63623046875,222.69961547851563,47.25035095214844,-0.014520038850605488,-8.828117792347712e-9,0.9998945593833923,5.998572305543348e-8,1,9.700134917522974e-9,-0.9998945593833923,6.012024300616759e-8,-0.014520038850605488],8,2.4216816425323488],[[758.63623046875,222.69961547851563,47.25035095214844,-0.014520038850605488,-1.3739654747269015e-8,0.9998945593833923,9.335641948382545e-8,1,1.5096784267143449e-8,-0.9998945593833923,9.356578090091716e-8,-0.014520038850605488],8,2.438565492630005],[[758.63623046875,222.69961547851563,47.25035095214844,-0.014520038850605488,-1.6018786297422595e-8,0.9998945593833923,1.0884109968856137e-7,1,1.7601019308699507e-8,-0.9998945593833923,1.090851995400044e-7,-0.014520038850605488],8,2.4558205604553224],[[758.63623046875,222.69961547851563,47.25035095214844,-0.014520038850605488,-1.041471708873587e-8,0.9998945593833923,7.076295815977574e-8,1,1.1443404446254135e-8,-0.9998945593833923,7.092165787980776e-8,-0.014520038850605488],8,2.4739325046539308],[[758.63623046875,222.69961547851563,47.25035095214844,-0.014520038850605488,-4.815436049909749e-9,0.9998945593833923,3.2717352382860557e-8,1,5.291051152767068e-9,-0.9998945593833923,3.279072657846882e-8,-0.014520038850605488],8,2.489259958267212],[[758.63623046875,222.69961547851563,47.25035095214844,-0.014520038850605488,2.1769377411828829e-9,0.9998945593833923,-1.4793950953162494e-8,1,-2.391998821238417e-9,-0.9998945593833923,-1.4827123528959874e-8,-0.014520038850605488],8,2.509101152420044],[[758.63623046875,222.69961547851563,47.25035095214844,-0.014520038850605488,6.368777949461446e-9,0.9998945593833923,-4.32763762603372e-8,1,-6.9978902672573899e-9,-0.9998945593833923,-4.3373422187187319e-8,-0.014520038850605488],8,2.5238475799560549],[[758.63623046875,222.69961547851563,47.25035095214844,-0.014520038850605488,1.1953718903612298e-8,0.9998945593833923,-8.122454886461128e-8,1,-1.3134487275578977e-8,-0.9998945593833923,-8.140669649492338e-8,-0.014520038850605488],8,2.5413818359375],[[758.63623046875,222.69961547851563,47.25035095214844,-0.014520038850605488,1.499130952709038e-8,0.9998945593833923,-1.0186388266220092e-7,1,-1.6472114339194378e-8,-0.9998945593833923,-1.020923221517478e-7,-0.014520038850605488],8,2.5577359199523927],[[758.63623046875,222.69961547851563,47.25035095214844,-0.014520038850605488,1.040183050804444e-8,0.9998945593833923,-7.0678517261058e-8,1,-1.142929040298668e-8,-0.9998945593833923,-7.083702513455137e-8,-0.014520038850605488],8,2.5744004249572756],[[758.63623046875,222.69961547851563,47.25035095214844,-0.014520038850605488,5.816272796721478e-9,0.9998945593833923,-3.9519811423360809e-8,1,-6.390775908471369e-9,-0.9998945593833923,-3.9608437418792167e-8,-0.014520038850605488],8,2.5899784564971926],[[758.63623046875,222.69961547851563,47.25035095214844,-0.014520038850605488,1.2346327293855098e-9,0.9998945593833923,-8.387731398329379e-9,1,-1.356565970667134e-9,-0.9998945593833923,-8.406544793615467e-9,-0.014520038850605488],8,2.6072702407836916],[[758.63623046875,222.69961547851563,47.25035095214844,-0.014520038850605488,-3.34309224747642e-9,0.9998945593833923,2.2717740577604674e-8,1,3.6733420749612834e-9,-0.9998945593833923,2.2768681162688155e-8,-0.014520038850605488],8,2.62302827835083],[[758.63623046875,222.69961547851563,47.25035095214844,-0.014520038850605488,-7.916906241689503e-9,0.9998945593833923,5.37966293734371e-8,1,8.698952669305982e-9,-0.9998945593833923,5.391726531911445e-8,-0.014520038850605488],8,2.640162467956543],[[758.63623046875,222.69961547851563,47.25035095214844,-0.014520038850605488,-1.248681247290051e-8,0.9998945593833923,8.484894920002262e-8,1,1.372026936508064e-8,-0.9998945593833923,8.503922543923182e-8,-0.014520038850605488],8,2.6618411540985109],[[758.63623046875,222.69961547851563,47.25035095214844,-0.014520038850605488,-1.7052814271778517e-8,0.9998945593833923,1.1587473380814117e-7,1,1.8737294382731308e-8,-0.9998945593833923,1.16134586392036e-7,-0.014520038850605488],8,2.674143075942993],[[758.63623046875,222.69961547851563,47.25035095214844,-0.014520038850605488,-1.1426727120067426e-8,0.9998945593833923,7.76449340378349e-8,1,1.2555458006602294e-8,-0.9998945593833923,7.781905253523291e-8,-0.014520038850605488],8,2.6914315223693849],[[758.63623046875,222.69961547851563,47.25035095214844,-0.014520038850605488,-5.805447234052963e-9,0.9998945593833923,3.944779436437784e-8,1,6.3789031834460278e-9,-0.9998945593833923,3.9536256934979977e-8,-0.014520038850605488],8,2.705632209777832],[[758.63623046875,222.69961547851563,47.25035095214844,-0.014520038850605488,-1.8897042264320874e-10,0.9998945593833923,1.2832924722872008e-9,1,2.076257638039536e-10,-0.9998945593833923,1.2861718357015662e-9,-0.014520038850605488],8,2.7232658863067629],[[758.63623046875,222.69961547851563,47.25035095214844,-0.014520038850605488,5.422707616276057e-9,0.9998945593833923,-3.6848600615257968e-8,1,-5.9583791234274489e-9,-0.9998945593833923,-3.6931233182713188e-8,-0.014520038850605488],8,2.740549087524414],[[758.63623046875,222.69961547851563,47.25035095214844,-0.014520038850605488,1.102959057419639e-8,0.9998945593833923,-7.494791276485557e-8,1,-1.2119114600750436e-8,-0.9998945593833923,-7.511598454357227e-8,-0.014520038850605488],8,2.757641553878784],[[758.63623046875,222.69961547851563,47.25035095214844,-0.014520038850605488,1.5426882882252359e-8,0.9998945593833923,-1.0482784773557796e-7,1,-1.6950773229496009e-8,-0.9998945593833923,-1.0506292369427683e-7,-0.014520038850605488],8,2.7757697105407