[[[776,222.69961547851563,47,1,-1.0828016883124292e-7,-2.1170317967200356e-16,1.0828016883124292e-7,1,1.9195769418445254e-9,3.851045220859027e-18,-1.9195769418445254e-9,1],8,0.024616479873657228],[[776,222.69961547851563,47,1,-5.9330023560733028e-8,-1.5086881017905668e-16,5.9330023560733028e-8,1,1.0517945403520912e-9,8.846581507713364e-17,-1.0517945403520912e-9,1],8,0.05111980438232422],[[776,222.69961547851563,47,1,-1.0442606779292874e-8,-1.3149608141438716e-16,1.0442606779292874e-8,1,1.8512399946324366e-10,1.2956290076584663e-16,-1.8512399946324366e-10,1],8,0.06079864501953125],[[776,222.69961547851563,47,1,2.2114194919709008e-8,-1.4206456443683827e-16,-2.2114194919709008e-8,1,-3.920395397205567e-10,1.3339493075878429e-16,3.920395397205567e-10,1],8,0.07649731636047363],[[776,222.69961547851563,47,1,4.651353791018664e-8,-1.6229816984349378e-16,-4.651353791018664e-8,1,-8.245886751190312e-10,1.239436312542024e-16,8.245886751190312e-10,1],8,0.09308886528015137],[[776,222.69961547851563,47,1,7.902167453721631e-8,-2.0564853522547062e-16,-7.902167453721631e-8,1,-1.4008897375461516e-9,9.494788690722988e-17,1.4008897375461516e-9,1],8,0.11017513275146485],[[776,222.69961547851563,47,1,1.1150203249599144e-7,-2.6766619651084197e-16,-1.1150203249599144e-7,1,-1.9766985825953044e-9,4.726027277522514e-17,1.9766985825953044e-9,1],8,0.12712574005126954],[[776,222.69961547851563,47,1,9.021077573834191e-8,-2.380522041391575e-16,-9.021077573834191e-8,1,-1.5992489554861323e-9,9.378272029638769e-17,1.5992489554861323e-9,1],8,0.14229226112365724],[[776,222.69961547851563,47,1,4.124098396118825e-8,-1.9375383683563569e-16,-4.124098396118825e-8,1,-7.31116056584824e-10,1.6360188589821616e-16,7.31116056584824e-10,1],8,0.1602475643157959],[[776,222.69961547851563,47,1,2.102808593917871e-9,-1.8910330831785436e-16,-2.102808593917871e-9,1,-3.7277146647252127e-11,1.8902491806556394e-16,3.7277146647252127e-11,1],8,0.1799783706665039],[[776,222.69961547851563,47,1,-4.677288600873908e-8,-2.214331000766729e-16,4.677288600873908e-8,1,8.291881070654483e-10,1.8264957900426664e-16,-8.291881070654483e-10,1],8,0.19939780235290528],[[776,222.69961547851563,47,-0.8007475137710571,-1.5484856064063025e-8,0.5990020632743836,7.988241179646139e-9,1,3.6529790747863447e-8,-0.5990020632743836,3.403611259500394e-8,-0.8007475137710571],8,0.23396849632263184],[[775.746337890625,222.69961547851563,47.2528190612793,-0.7311394214630127,-8.551285901603478e-8,0.6822280287742615,-3.7944502651043879e-8,1,8.467863210626092e-8,-0.6822280287742615,3.602508158451201e-8,-0.7311394214630127],8,0.26355767250061037],[[775.4158325195313,222.69961547851563,47.582069396972659,-0.608305037021637,-8.21655845584246e-8,0.7937033772468567,-3.8605826091497877e-8,1,7.393375511810518e-8,-0.7937033772468567,1.4332700359886985e-8,-0.608305037021637],8,0.2913024425506592],[[775.1053466796875,222.69961547851563,47.83386993408203,-0.5533621311187744,-2.9288019121054277e-8,0.8329407572746277,-2.1567720054349594e-8,1,2.083372585559573e-8,-0.8329407572746277,-6.436038813006917e-9,-0.5533621311187744],8,0.3170125484466553],[[774.7748413085938,222.69961547851563,48.05891799926758,-0.5132228136062622,2.462907566780359e-8,0.8582554459571838,-7.295748893909604e-9,1,-3.3059411208569148e-8,-0.8582554459571838,-2.32284591561438e-8,-0.5132228136062622],8,0.3285799026489258],[[774.604248046875,222.69961547851563,48.16321563720703,-0.5012892484664917,5.171277095428195e-8,0.8652797937393189,-5.408406500428953e-10,1,-6.007755359860312e-8,-0.8652797937393189,-3.0584210719553087e-8,-0.5012892484664917],8,0.34609293937683108],[[774.3161010742188,222.69961547851563,48.33088684082031,-0.49371662735939028,9.654719690388447e-8,0.8696228265762329,1.031478458202173e-8,1,-1.0516583870412433e-7,-0.8696228265762329,-4.295215205729619e-8,-0.49371662735939028],8,0.36273193359375],[[774.0843505859375,222.69961547851563,48.46284484863281,-0.49220001697540285,8.264406403668545e-8,0.8704821467399597,1.1691239087951999e-8,1,-8.832994069507549e-8,-0.8704821467399597,-3.329898490278538e-8,-0.49220001697540285],8,0.38181042671203616],[[773.794189453125,222.69961547851563,48.626976013183597,-0.4922012686729431,4.4533219778486458e-8,0.8704814314842224,1.039632291366388e-8,1,-4.5280845739625877e-8,-0.8704814314842224,-1.3237483109662662e-8,-0.4922012686729431],8,0.41174912452697756],[[773.4459228515625,222.69961547851563,48.82386016845703,-0.4922012686729431,-1.146017170050584e-9,0.8704814314842224,8.844248888806306e-9,1,6.317386613829967e-9,-0.8704814314842224,1.0808180128663026e-8,-0.4922012686729431],8,0.4347357749938965],[[773.09765625,222.69961547851563,49.02074432373047,-0.4922012686729431,-4.676671849779268e-8,0.8704814314842224,7.294162607252019e-9,1,5.784950118936649e-8,-0.8704814314842224,3.4823031569430898e-8,-0.4922012686729431],8,0.4485297203063965],[[772.865478515625,222.69961547851563,49.152000427246097,-0.4922012686729431,-7.714803729186315e-8,0.8704814314842224,6.261877683044759e-9,1,9.216755358920637e-8,-0.8704814314842224,5.081583509536358e-8,-0.4922012686729431],8,0.4658699035644531],[[772.5172119140625,222.69961547851563,49.34888458251953,-0.4922012686729431,-7.6768046142206e-8,0.8704814314842224,3.0368172421191277e-9,1,8.990745925530064e-8,-0.8704814314842224,4.689605859198309e-8,-0.4922012686729431],8,0.4925847053527832],[[772.2850341796875,222.69961547851563,49.480140686035159,-0.4922012686729431,-4.5925869329721539e-8,0.8704814314842224,-2.2930554677280669e-10,1,5.2629502533818598e-8,-0.8704814314842224,2.5704702366624589e-8,-0.4922012686729431],8,0.5071141719818115],[[772.0528564453125,222.69961547851563,49.61139678955078,-0.4922012686729431,-1.511004477094957e-8,0.8704814314842224,-3.4926375125365895e-9,1,1.538339944318068e-8,-0.8704814314842224,4.53145254653009e-9,-0.4922012686729431],8,0.5242576599121094],[[771.8787231445313,222.69961547851563,49.7098388671875,-0.4876340925693512,7.961014070190231e-9,0.8730481266975403,-6.0845120053443228e-9,1,-1.2517099357012285e-8,-0.8730481266975403,-1.1415835388106644e-8,-0.4876340925693512],8,0.5400843620300293],[[771.64599609375,222.69961547851563,49.84005355834961,-0.4707687497138977,3.894867361964316e-8,0.8822566270828247,-1.0251385518245116e-8,1,-4.961674804349059e-8,-0.8822566270828247,-3.24023687880981e-8,-0.4707687497138977],8,0.5549471378326416],[[771.4111328125,222.69961547851563,49.96625518798828,-0.4645920693874359,6.991763967789666e-8,0.8855248093605042,-1.4673626758110459e-8,1,-8.665470119240126e-8,-0.8855248093605042,-5.325294694102922e-8,-0.4645920693874359],8,0.5705282688140869],[[771.234130859375,222.69961547851563,50.059417724609378,-0.4738443195819855,9.23962346632834e-8,0.8806086182594299,-1.769682356211888e-8,1,-1.1444559078199745e-7,-0.8806086182594299,-6.981336753142387e-8,-0.4738443195819855],8,0.5845565795898438],[[770.9990844726563,222.69961547851563,50.185428619384769,-0.49826890230178835,6.437848298901372e-8,0.8670225739479065,-1.0841787023707639e-8,1,-8.048304067642676e-8,-0.8670225739479065,-4.95022689506186e-8,-0.49826890230178835],8,0.606086254119873],[[770.767333984375,222.69961547851563,50.31733322143555,-0.522301197052002,3.6961711913363618e-8,0.8527610898017883,-4.943465192752683e-9,1,-4.6371358308761049e-8,-0.8527610898017883,-2.84354104707063e-8,-0.522301197052002],8,0.6186666488647461],[[770.5393676757813,222.69961547851563,50.455650329589847,-0.5488504767417908,1.006335192954566e-8,0.8359205722808838,-1.2450852848733263e-10,1,-1.2120396242210063e-8,-0.8359205722808838,-6.756364356874656e-9,-0.5488504767417908],8,0.6343116760253906],[[770.3157958984375,222.69961547851563,50.600948333740237,-0.5762887001037598,-1.613040190306947e-8,0.8172461986541748,3.5520100194474937e-9,1,2.2242238273406657e-8,-0.8172461986541748,1.5720816648467918e-8,-0.5762887001037598],8,0.6488261222839356],[[770.0642700195313,222.69961547851563,50.60958480834961,-0.6058675050735474,-4.1484927493229409e-8,0.7955656051635742,5.9639981841996818e-9,1,5.668711722250919e-8,-0.7955656051635742,3.908963464027693e-8,-0.6058675050735474],8,0.6693978309631348],[[769.8017578125,222.6655731201172,50.56538391113281,-0.6427000761032105,-6.55156000561874e-8,0.7661179304122925,6.748763325958862e-9,1,9.11779096668397e-8,-0.7661179304122925,6.377040051575023e-8,-0.6427000761032105],8,0.6958346366882324],[[769.473388671875,222.54637145996095,50.50861358642578,-0.675530731678009,-6.969222710040413e-8,0.7373318076133728,4.489078442304617e-9,1,9.863230587825456e-8,-0.7373318076133728,6.993909096308926e-8,-0.675530731678009],8,0.7087202072143555],[[769.079345703125,223.82028198242188,50.440452575683597,-0.6971287727355957,-3.040926443986791e-8,0.7169459462165833,9.765228625724376e-10,1,4.336453329756296e-8,-0.7169459462165833,3.093077793892007e-8,-0.6971287727355957],3,0.7294375896453857],[[768.8143310546875,224.60142517089845,50.41913986206055,-0.6674717664718628,-3.9380845251457689e-9,0.7446351051330566,1.2808798466323879e-9,1,6.436757349348454e-9,-0.7446351051330566,5.25014165475568e-9,-0.6674717664718628],5,0.7588255405426025],[[768.4144897460938,225.67095947265626,50.42544174194336,-0.6424962282180786,3.820249006025733e-8,0.7662888765335083,9.85543646692122e-10,1,-4.902756955971199e-8,-0.7662888765335083,-3.074481469411694e-8,-0.6424962282180786],5,0.7698407173156738],[[768.2149658203125,226.1597442626953,50.438385009765628,-0.7228674292564392,5.460582030991645e-8,0.6909867525100708,1.8361875353534174e-9,1,-7.710495708579401e-8,-0.6909867525100708,-5.4467882648623348e-8,-0.7228674292564392],5,0.7846424579620361],[[767.94970703125,226.76376342773438,50.46500015258789,-0.722832977771759,8.152626662649709e-8,0.6910227537155151,2.5484589993851616e-9,1,-1.1531336241432655e-7,-0.6910227537155151,-8.159125997053707e-8,-0.722832977771759],5,0.7992298603057861],[[767.7513427734375,227.18101501464845,50.490108489990237,-0.7598273158073425,9.679394707973188e-8,0.6501249670982361,3.54495677257205e-9,1,-1.4474200327185827e-7,-0.6501249670982361,-1.0767426061875085e-7,-0.7598273158073425],5,0.8139984607696533],[[767.4878540039063,227.6896514892578,50.531166076660159,-0.7520577311515808,8.707188925427545e-8,0.6590971946716309,-9.905307130075869e-11,1,-1.322208333931485e-7,-0.6590971946716309,-9.950298363037291e-8,-0.7520577311515808],5,0.8287522792816162],[[767.290771484375,228.03536987304688,50.565025329589847,-0.7876796722412109,6.390866502670178e-8,0.6160849928855896,-5.220243348702525e-9,1,-1.1040773983950203e-7,-0.6160849928855896,-9.018204849553513e-8,-0.7876796722412109],5,0.8435502052307129],[[767.0293579101563,228.44863891601563,50.61750411987305,-0.7919005751609802,4.047267765372453e-8,0.6106500625610352,-1.2038561258975733e-8,1,-8.188981581724875e-8,-0.6106500625610352,-7.219993847229489e-8,-0.7919005751609802],5,0.859856128692627],[[766.7698364257813,228.80740356445313,50.678890228271487,-0.813497006893158,1.5761667526703606e-8,0.5815690755844116,-1.9112009752575433e-8,1,-5.383579093631852e-8,-0.5815690755844116,-5.491020971248872e-8,-0.813497006893158],5,0.8743507862091065],[[766.5127563476563,229.11167907714845,50.74967956542969,-0.8377090096473694,-8.140042417892346e-9,0.5461168885231018,-2.6646256756635013e-8,1,-2.5968374117724126e-8,-0.5461168885231018,-3.630590938996647e-8,-0.8377090096473694],5,0.8924572467803955],[[766.2589111328125,229.3614501953125,50.83135223388672,-0.8499301671981812,-2.9999480233300349e-8,0.5268953442573547,-3.399121339953126e-8,1,2.1053976340112969e-9,-0.5268953442573547,-1.6120370815997377e-8,-0.8499301671981812],5,0.9117147922515869],[[765.9442749023438,229.59701538085938,50.94131851196289,-0.8472230434417725,-5.6143896642879557e-8,0.5312373042106628,-4.23974277907746e-8,1,3.806926685001599e-8,-0.5312373042106628,9.730062089374769e-9,-0.8472230434417725],5,0.927161693572998],[[765.6944580078125,229.7241668701172,51.034423828125,-0.873253345489502,-7.61207346045012e-8,0.4872663915157318,-4.9387420375524019e-8,1,6.771040261810413e-8,-0.4872663915157318,3.5063504100207868e-8,-0.873253345489502],5,0.9455993175506592],[[765.5087280273438,229.7837677001953,51.10851287841797,-0.8985356688499451,-8.923910144176262e-8,0.43890053033828738,-5.505590650045633e-8,1,9.061142947075496e-8,-0.43890053033828738,5.725353346974771e-8,-0.8985356688499451],5,0.9600064754486084],[[765.202880859375,229.81495666503907,51.24097442626953,-0.8880639672279358,-1.166324636869831e-7,0.45971986651420596,-6.359420723356379e-8,1,1.3085521288758174e-7,-0.45971986651420596,8.69722853735766e-8,-0.8880639672279358],5,0.9770660400390625],[[764.8410034179688,229.739990234375,51.411502838134769,-0.895249605178833,-9.198766548479398e-8,0.44556501507759097,-4.423843336098798e-8,1,1.1756584683553229e-7,-0.44556501507759097,8.553967489888237e-8,-0.895249605178833],5,1.0077850818634034],[[764.5459594726563,229.58384704589845,51.56647872924805,-0.9204460978507996,-4.3967506968556339e-8,0.39086955785751345,-1.3468442361386224e-8,1,8.076999336026347e-8,-0.39086955785751345,6.908001637384587e-8,-0.9204460978507996],5,1.033268690109253],[[764.256103515625,229.34254455566407,51.73113250732422,-0.930243730545044,-1.0140312201034618e-10,0.3669421970844269,1.6628511900762534e-8,1,4.243167595063824e-8,-0.3669421970844269,4.5573504081630747e-8,-0.930243730545044],5,1.0460214614868165],[[764.0845947265625,229.15689086914063,51.83399963378906,-0.951808750629425,2.740724802663408e-8,0.3066922724246979,3.4843623097913226e-8,1,1.877196709187956e-8,-0.3066922724246979,2.85535914912316e-8,-0.951808750629425],5,1.0593395233154297],[[763.8576049804688,228.86166381835938,51.973876953125,-0.9494075179100037,6.012847109104769e-8,0.3140467703342438,5.854722928688716e-8,1,-1.4466920106315229e-8,-0.3140467703342438,4.651565799207447e-9,-0.9494075179100037],5,1.0762953758239747],[[763.6331787109375,228.51193237304688,52.11777877807617,-0.9593148827552795,9.311543180956505e-8,0.2823384404182434,8.25281034622094e-8,1,-4.939105835433111e-8,-0.2823384404182434,-2.4080717864194413e-8,-0.9593148827552795],5,1.0935463905334473],[[763.4134521484375,228.10769653320313,52.26891326904297,-0.9651999473571777,1.2540998284293892e-7,0.2615130543708801,1.0648506787447332e-7,1,-8.653717742390654e-8,-0.2615130543708801,-5.5678444965678867e-8,-0.9651999473571777],5,1.1083197593688965],[[763.197265625,227.6489715576172,52.4250602722168,-0.9694189429283142,1.1096923202558173e-7,0.2454116940498352,9.16484879098789e-8,1,-9.014832613729595e-8,-0.2454116940498352,-6.489988635394184e-8,-0.9694189429283142],5,1.126664161682129],[[762.9837036132813,227.1357421875,52.58476257324219,-0.972478985786438,8.088299807695876e-8,0.23299060761928559,6.36231476391913e-8,1,-8.159481978964323e-8,-0.23299060761928559,-6.452565060044435e-8,-0.972478985786438],5,1.141627311706543],[[762.772216796875,226.56800842285157,52.74717330932617,-0.9752889275550842,5.090898369530805e-8,0.2209332287311554,3.598263020876402e-8,1,-7.158507031590489e-8,-0.2209332287311554,-6.18663733575886e-8,-0.9752889275550842],5,1.1609861850738526],[[762.5104370117188,225.78170776367188,52.95350646972656,-0.9716609120368958,1.5406872222456515e-8,0.23637907207012177,2.1426171947780405e-9,1,-5.6371209922190249e-8,-0.23637907207012177,-5.426723248547205e-8,-0.9716609120368958],5,1.1808812618255616],[[762.2815551757813,224.91024780273438,53.178184509277347,-0.990974485874176,-2.1068210287467083e-8,0.13405047357082368,-2.6812633890926919e-8,1,-4.1047410803685128e-8,-0.13405047357082368,-4.4271182275679169e-8,-0.990974485874176],5,1.2029483318328858],[[762.1071166992188,223.95362854003907,53.432682037353519,-0.9954445362091065,-5.181633966344634e-8,0.09534253180027008,-5.461357943659095e-8,1,-2.672937426950739e-8,-0.09534253180027008,-3.181460428436367e-8,-0.9954445362091065],5,1.2360191345214844],[[761.9698486328125,222.69329833984376,53.77701187133789,-0.9972051978111267,-8.724204292320792e-8,0.07471118867397309,-8.824922304029315e-8,1,-1.0179728171522129e-8,-0.07471118867397309,-1.6744481357022779e-8,-0.9972051978111267],5,1.2479419708251954],[[761.9224853515625,221.78494262695313,54.029178619384769,-0.9981522560119629,-1.1060937055162867e-7,0.06076211854815483,-1.1078012818188654e-7,1,5.583879469917008e-10,-0.06076211854815483,-6.1738791856669199e-9,-0.9981522560119629],5,1.2637245655059815],[[761.8989868164063,221.76644897460938,54.20842742919922,-0.9990495443344116,-1.280312460494315e-7,0.04358954727649689,-1.2779368319115748e-7,1,8.236312076803643e-9,-0.04358954727649689,2.658014919276752e-9,-0.9990495443344116],12,1.2789137363433838],[[761.8721313476563,221.94447326660157,54.412960052490237,-0.999343752861023,-7.926956158144094e-8,0.03622164577245712,-7.895671672031313e-8,1,1.0067298106264389e-8,-0.03622164577245712,7.200749330138478e-9,-0.999343752861023],12,1.2906246185302735],[[761.8504638671875,222.13096618652345,54.57810974121094,-0.9999316334724426,-3.03725151695744e-8,0.011694904416799546,-3.022160299792631e-8,1,1.3080676097843025e-8,-0.011694904416799546,1.2726342646374178e-8,-0.9999316334724426],12,1.3098046779632569],[[761.8347778320313,222.30621337890626,54.66292190551758,-0.9999832510948181,0.00012450931535568088,-0.0057868873700499538,0.00018382823327556252,0.9999474287033081,-0.010251171886920929,0.005785306915640831,-0.01025206409394741,-0.999930739402771],12,1.3267083168029786],[[761.829345703125,222.4862518310547,54.64445495605469,-0.9998043775558472,0.00009648782724980265,-0.019778605550527574,0.00033301018993370235,0.9999284744262695,-0.01195554994046688,0.019776036962866784,-0.011959797702729702,-0.9997329115867615],12,1.3427400588989258],[[761.8291625976563,222.6727752685547,54.64383316040039,-0.9995940327644348,-0.000008059535502979998,-0.028492236509919168,0.00004707242624135688,0.999998152256012,-0.00193431053776294,0.028492199257016183,-0.0019348665373399854,-0.999592125415802],12,1.3584377765655518],[[761.8291625976563,222.8594207763672,54.6430549621582,-0.9995937943458557,-0.0000012101169204470353,-0.028500106185674669,-0.000026236060875817203,0.9999996423721314,0.0008777260663919151,0.028500095009803773,0.0008781172800809145,-0.9995933771133423],12,1.3753058910369874],[[761.8291625976563,223.0460662841797,54.642818450927737,-0.9995941519737244,6.140980985946953e-7,-0.028487540781497957,-0.000012284701369935647,0.9999998807907105,0.0004526123811956495,0.028487537056207658,0.0004527786513790488,-0.9995940327644348],12,1.3922269344329835],[[761.8291625976563,223.2327117919922,54.642845153808597,-0.99959397315979,3.0230782499529598e-7,-0.02849351055920124,-1.7043136324446096e-7,1,0.00001658869041420985,0.02849351055920124,0.000016586811398155988,-0.99959397315979],12,1.4088869094848633],[[761.8291625976563,223.4193572998047,54.642879486083987,-0.9995940923690796,7.524998402175243e-9,-0.028489459306001664,0.0000013756731505054632,1,-0.00004800335955224,0.028489459306001664,-0.000048023066483438018,-0.9995940923690796],12,1.4251139163970948],[[761.8291625976563,223.6060028076172,54.64288330078125,-0.9995937943458557,-3.315299679229611e-8,-0.028499945998191835,3.785508226883394e-7,1,-0.000014440379345614929,0.028499945998191835,-0.000014445302440435626,-0.9995937943458557],12,1.4428880214691163],[[761.8291625976563,223.8393096923828,54.642879486083987,-0.9995936751365662,-5.091134180901236e-9,-0.02850375883281231,-8.050973576700926e-8,1,0.000002644769892867771,0.02850375883281231,0.000002645990207383875,-0.9995936751365662],12,1.4632465839385987],[[761.8291625976563,224.0259552001953,54.642879486083987,-0.9995940327644348,1.8868515638814644e-9,-0.02849184349179268,-4.4032550050587818e-8,1,0.000001611040943316766,0.02849184349179268,0.0000016116414371936117,-0.9995940327644348],12,1.4794905185699463],[[761.8291625976563,224.30592346191407,54.642879486083987,-0.9995939135551453,4.475416981453151e-10,-0.028496133163571359,3.900306300153034e-9,1,-1.2111048874885456e-7,0.028496133163571359,-1.2117246228626755e-7,-0.9995939135551453],12,1.5155792236328126],[[761.8291625976563,224.5392303466797,54.642879486083987,-0.9995942115783691,-2.3541121829673275e-10,-0.028484931215643884,2.650516472968434e-9,1,-1.012764343499839e-7,0.028484931215643884,-1.013108388292494e-7,-0.9995942115783691],12,1.5259971618652344],[[761.8291625976563,224.7258758544922,54.642879486083987,-0.9995940923690796,-6.369011429363525e-10,-0.02849041484296322,1.5598071445577234e-10,1,-2.782755537111825e-8,0.02849041484296322,-2.7820702186431846e-8,-0.9995940923690796],12,1.5414347648620606],[[761.8291625976563,224.9125213623047,54.642879486083987,-0.99959397315979,-1.037612662457832e-9,-0.028494704514741899,-2.3367403567675639e-9,1,4.5558600447748179e-8,0.028494704514741899,4.560668287467706e-8,-0.99959397315979],12,1.5592148303985596],[[761.8291625976563,225.0991668701172,54.642879486083987,-0.9995943307876587,-1.0541537642794197e-9,-0.028480403125286104,-3.4371505641672685e-9,1,8.362250270010918e-8,0.028480403125286104,8.368647286260966e-8,-0.9995943307876587],12,1.5748536586761475],[[761.8291625976563,225.2858123779297,54.642879486083987,-0.9995942115783691,-6.854525835819913e-10,-0.028484931215643884,-3.148094229743492e-9,1,8.640933657488859e-8,0.028484931215643884,8.64639488895591e-8,-0.9995942115783691],12,1.5933222770690919],[[761.8291625976563,225.4724578857422,54.642879486083987,-0.9995940923690796,-3.170329831991836e-10,-0.028489697724580766,-2.8592974654628735e-9,1,8.919378302607584e-8,0.028489697724580766,8.92390374929164e-8,-0.9995940923690796],12,1.6083486080169678],[[761.8291625976563,225.7057647705078,54.642879486083987,-0.99959397315979,1.4293845274071516e-10,-0.028494225814938546,-2.4986646085523036e-9,1,9.267100153920183e-8,0.028494225814938546,9.270456757803913e-8,-0.99959397315979],12,1.6296360492706299],[[761.8291625976563,225.8457489013672,54.642879486083987,-0.9995943307876587,4.1713910103879927e-10,-0.028480164706707,-2.282440458856172e-9,1,9.475554918481066e-8,0.028480164706707,9.478211637770073e-8,-0.9995943307876587],12,1.642282485961914],[[761.8291625976563,225.87318420410157,54.642879486083987,-0.9998048543930054,-4.294940791904622e-11,-0.01975589618086815,-1.9701311693154368e-9,1,9.753024698966328e-8,0.01975589618086815,9.755012797540985e-8,-0.9998048543930054],12,1.663386583328247],[[761.8291625976563,225.8737335205078,54.642879486083987,-0.9999390840530396,-4.352924132255964e-10,-0.011035844683647156,-1.549916084364611e-9,1,1.0099174829747426e-7,0.011035844683647156,1.0100270486645968e-7,-0.9999390840530396],12,1.6914567947387696],[[761.8291625976563,225.8737335205078,54.642879486083987,-0.9999973177909851,-7.675901581016831e-10,-0.0023061325773596765,-1.0100507097376977e-9,1,1.0513613801776956e-7,0.0023061325773596765,1.0513818438084854e-7,-0.9999973177909851],12,1.702934980392456],[[761.8291625976563,225.8737335205078,54.642879486083987,-0.9999998211860657,-5.857154206090343e-10,-0.0005559038836508989,-6.456950529809546e-10,1,1.0789546678324769e-7,0.0005559038836508989,1.0789580784376085e-7,-0.9999998211860657],12,1.7212936878204346],[[761.8291625976563,225.8737335205078,54.642879486083987,-0.9999793767929077,-1.064313526200067e-9,0.006421434693038464,-3.582105168042915e-10,1,1.0996146215802583e-7,-0.006421434693038464,1.0995690047366225e-7,-0.9999793767929077],12,1.7337939739227296],[[761.8291625976563,225.8737335205078,54.642879486083987,-0.9999509453773499,-1.1731773330581064e-9,0.00990365818142891,-6.372197214332687e-11,1,1.1202511984720332e-7,-0.00990365818142891,1.1201899496882106e-7,-0.9999509453773499],12,1.7484917640686036],[[761.8291625976563,225.8737335205078,54.642879486083987,-0.9998264312744141,-1.785716352564748e-9,0.018630769103765489,3.526182124069521e-10,1,1.1477107619839444e-7,-0.018630769103765489,1.1475772510038951e-7,-0.9998264312744141],12,1.7641212940216065],[[761.8291625976563,225.8737335205078,54.642879486083987,-0.9990726709365845,-4.224436356281558e-9,0.04305548220872879,8.355170999507777e-10,1,1.175037027678627e-7,-0.04305548220872879,1.1743071581804543e-7,-0.9990726709365845],12,1.7786567211151124],[[761.8291625976563,225.8737335205078,54.642879486083987,-0.9957727789878845,-9.687422419801806e-9,0.09185072034597397,1.2971154150775988e-9,1,1.1953149225973903e-7,-0.09185072034597397,1.1914535491541756e-7,-0.9957727789878845],12,1.794879674911499],[[761.8291625976563,225.8737335205078,54.642879486083987,-0.9826952815055847,-2.049660885461435e-8,0.18522952497005464,1.959772566451079e-9,1,1.2105233793135995e-7,-0.18522952497005464,1.19320574754056e-7,-0.9826952815055847],12,1.8119523525238038],[[761.8265991210938,226.07925415039063,54.422645568847659,-0.9007923603057861,-0.00012771434558089823,0.43424999713897707,0.0003806032473221421,0.9999993443489075,0.0010836125584319234,-0.4342498481273651,0.001141386921517551,-0.9007917642593384],12,1.8334159851074219],[[761.8265380859375,226.3120880126953,54.22032165527344,-0.7677395343780518,-0.0002583361929282546,0.6407620310783386,0.0009286908316425979,0.9999983906745911,0.001515895826742053,-0.6407614350318909,0.00175888289231807,-0.7677380442619324],12,1.8635799884796143],[[761.6323852539063,226.88018798828126,53.76692581176758,-0.3833646774291992,-0.00020290356769692153,0.9235970377922058,0.0008984592859633267,0.9999994039535523,0.0005926190642639995,-0.9235966205596924,0.0010570036247372628,-0.3833642899990082],8,1.8779547214508057],[[761.414306640625,227.25271606445313,53.53407669067383,-0.3029845058917999,0.00007873264257796109,0.9529954791069031,-0.00026486028218641877,0.9999999403953552,-0.00016682261775713414,-0.9529954195022583,-0.0003029553045053035,-0.30298447608947756],8,1.8979744911193848],[[761.1748657226563,228.54367065429688,53.23539352416992,-0.2841469645500183,0.0001509888970758766,0.9587807059288025,-0.00046158465556800365,0.9999998211860657,-0.0002942766004707664,-0.9587806463241577,-0.0005261762416921556,-0.28414684534072878],3,1.9247465133666993],[[761.0061645507813,229.5286102294922,52.96570587158203,-0.15098196268081666,0.00006718936492688954,0.988536536693573,-0.00021803200070280582,1,-0.00010126915731234476,-0.9885364770889282,-0.00023082240659277886,-0.15098194777965547],5,1.9540550708770753],[[760.8523559570313,230.7644805908203,52.53403854370117,-0.04511813446879387,-0.000006268907782214228,0.9989816546440125,-0.000008048084055189975,1,0.000005911813786951825,-0.9989816546440125,-0.000007773158358759247,-0.04511813446879387],5,1.9718010425567628],[[760.77978515625,231.395751953125,52.2774772644043,-0.14510053396224976,-0.000004352450105216121,0.9894168972969055,0.000006569386641785968,1,0.0000053624225984094668,-0.9894168972969055,0.000007277952590811765,-0.14510053396224976],5,1.9871773719787598],[[760.6881713867188,232.1082000732422,51.956974029541019,-0.12241207808256149,-2.7974496674687546e-7,0.9924793839454651,0.0000034723063890851337,1,7.101378969309735e-7,-0.9924793839454651,0.0000035331217986822596,-0.12241207808256149],5,2.0120019912719728],[[760.612548828125,232.61683654785157,51.70127487182617,-0.165739044547081,4.796605139745225e-7,0.9861696362495422,9.21029936762352e-7,1,-3.3159597023768585e-7,-0.9861696362495422,8.533333470950311e-7,-0.165739044547081],5,2.029301881790161],[[760.5342407226563,233.07098388671876,51.44637680053711,-0.17262546718120576,2.530258029764809e-7,0.9849875569343567,3.8064666973980369e-9,1,-2.5621511667850429e-7,-0.9849875569343567,-4.047993229505664e-8,-0.17262546718120576],5,2.043227195739746],[[760.4539794921875,233.4706268310547,51.19207763671875,-0.17950165271759034,3.633624601206975e-8,0.9837576746940613,-1.3753343353073434e-7,1,-6.203126190484909e-8,-0.9837576746940613,-1.4643428869476339e-7,-0.17950165271759034],5,2.060350179672241],[[760.3719482421875,233.81576538085938,50.93834686279297,-0.19323571026325227,-7.544249314150875e-8,0.981152355670929,-1.1411388811666257e-7,1,5.441724937327308e-8,-0.981152355670929,-1.0144775330900302e-7,-0.19323571026325227],5,2.0758800506591799],[[760.28662109375,234.10641479492188,50.685699462890628,-0.20692385733127595,-1.3274724608436373e-7,0.9783570766448975,-5.780466239002635e-8,1,1.2345807931524178e-7,-0.9783570766448975,-3.100717904658268e-8,-0.20692385733127595],5,2.091026544570923],[[760.1978149414063,234.34255981445313,50.43426513671875,-0.22568202018737794,-1.1630438478960059e-7,0.9742010235786438,-1.0975458319961718e-9,1,1.1913012798459022e-7,-0.9742010235786438,2.581629665598939e-8,-0.22568202018737794],5,2.110246181488037],[[760.1043701171875,234.52420043945313,50.184513092041019,-0.25113072991371157,-9.397797384735895e-8,0.9679532051086426,5.5505321228110918e-8,1,1.1148996748033824e-7,-0.9679532051086426,8.172511201109956e-8,-0.25113072991371157],5,2.124786615371704],[[760.004638671875,234.65135192871095,49.937198638916019,-0.2881239652633667,-6.444311395625846e-8,0.9575931429862976,1.1235544405963083e-7,1,1.0110287007591978e-7,-0.9575931429862976,1.3672095633410209e-7,-0.2881239652633667],5,2.143639326095581],[[759.89599609375,234.7239990234375,49.69371032714844,-0.33458763360977175,-2.0441396131332114e-8,0.9423646330833435,1.2123285841880716e-7,1,6.473546676488695e-8,-0.9423646330833435,1.3590523906259478e-7,-0.33458763360977175],5,2.159769296646118],[[759.7759399414063,234.7421417236328,49.45565414428711,-0.3867165446281433,2.6544157094576805e-8,0.9221986532211304,1.1610325856281634e-7,1,1.9903406922594514e-8,-0.9221986532211304,1.1476723926762134e-7,-0.3867165446281433],5,2.1760549545288088],[[759.6430053710938,234.70579528808595,49.224544525146487,-0.4313315153121948,7.024225112672866e-8,0.9021934866905212,1.1207293937331997e-7,1,-2.4276015864188595e-8,-0.9021934866905212,9.064046935236547e-8,-0.4313315153121948],5,2.1941545009613039],[[759.4622802734375,234.58370971679688,48.94453811645508,-0.43594783544540408,1.1807745181613427e-7,0.8999719619750977,1.0670930095102449e-7,1,-7.951111058446259e-8,-0.8999719619750977,6.137268115935513e-8,-0.43594783544540408],5,2.2147738933563234],[[759.30908203125,234.4247283935547,48.726287841796878,-0.5083752274513245,1.6034530858632935e-7,0.8611356616020203,1.0406977679622287e-7,1,-1.2476408528527828e-7,-0.8611356616020203,2.6191226965011084e-8,-0.5083752274513245],5,2.2390124797821047],[[759.0634155273438,234.08407592773438,48.41072463989258,-0.47930559515953066,1.0822630258644495e-7,0.8776480555534363,4.402239994760748e-8,1,-9.92722704040716e-8,-0.8776480555534363,-8.945580276531473e-9,-0.47930559515953066],5,2.2534713745117189],[[758.9356079101563,233.86776733398438,48.256927490234378,-0.5873295068740845,7.78454491978664e-8,0.809347927570343,1.36493039093466e-8,1,-8.627786485249089e-8,-0.809347927570343,-3.9626499415135189e-8,-0.5873295068740845],5,2.269951581954956],[[758.7591552734375,233.5316619873047,48.05704879760742,-0.5758512616157532,3.8957004733219949e-8,0.8175544738769531,-2.618584815650138e-8,1,-6.609487002151582e-8,-0.8175544738769531,-5.9469172697390607e-8,-0.5758512616157532],5,2.2857472896575929],[[758.5785522460938,233.14105224609376,47.8608512878418,-0.5829687714576721,-3.540187920592075e-9,0.8124945759773254,-6.550923359327499e-8,1,-4.2646004061452916e-8,-0.8124945759773254,-7.808718294199935e-8,-0.5829687714576721],5,2.30067777633667],[[758.441650390625,232.8123321533203,47.71505355834961,-0.6097095012664795,-3.966154693557655e-8,0.7926249504089356,-9.492909214259271e-8,1,-2.2983915215490925e-8,-0.7926249504089356,-8.925668026904532e-8,-0.6097095012664795],5,2.3140602111816408],[[758.2587890625,232.32635498046876,47.52095413208008,-0.5829688310623169,-8.375781845870734e-8,0.8124945163726807,-1.3311594670994965e-7,1,7.57589191380248e-9,-0.8124945163726807,-1.0373945968922271e-7,-0.5829688310623169],5,2.3291022777557375],[[758.1155395507813,231.9261016845703,47.388973236083987,-0.6241440176963806,-1.11370049182824e-7,0.7813093066215515,-1.4483923393981969e-7,1,2.683893285393424e-8,-0.7813093066215515,-9.641288301054374e-8,-0.6241440176963806],5,2.3508334159851076],[[757.8016967773438,231.03363037109376,47.186214447021487,-0.5709787011146545,-9.458374705673123e-8,0.8209648728370667,-9.742939965917685e-8,1,4.744859793959222e-8,-0.8209648728370667,-5.289397364549586e-8,-0.5709787011146545],5,2.377044200897217],[[757.5125732421875,230.1962432861328,47.0797004699707,-0.5969772934913635,-8.354145819566838e-8,0.8022581338882446,-5.81744465932843e-8,1,6.084404446937697e-8,-0.8022581338882446,-1.0348409240634738e-8,-0.5969772934913635],5,2.390214681625366],[[757.263427734375,229.4650115966797,47.035465240478519,-0.6182680130004883,-7.106918786803362e-8,0.7859673500061035,-2.68171866935063e-8,1,6.932728524589038e-8,-0.7859673500061035,2.1785409032304416e-8,-0.6182680130004883],5,2.4037163257598879],[[757.066650390625,228.8808135986328,47.0252799987793,-0.6399946212768555,-5.940209746313485e-8,0.7683793902397156,-3.292922601261239e-9,1,7.456556971874306e-8,-0.7683793902397156,4.519134577662953e-8,-0.6399946212768555],5,2.4198834896087648],[[756.8002319335938,228.05421447753907,47.02146530151367,-0.622205376625061,-4.451736401733797e-8,0.7828540802001953,2.8254818928985516e-8,1,7.932214174388719e-8,-0.7828540802001953,7.147406222429709e-8,-0.622205376625061],5,2.4330027103424074],[[756.6002807617188,227.39849853515626,47.01956558227539,-0.646439790725708,-2.8864160839248144e-8,0.7629650235176086,5.200457309229023e-8,1,8.189364564259449e-8,-0.7629650235176086,9.261697897500199e-8,-0.646439790725708],5,2.447350263595581],[[756.455810546875,226.72799682617188,46.94815444946289,-0.6869462132453919,0.02547929808497429,0.7262614369392395,-0.008723991923034191,0.9990240335464478,-0.04330030828714371,-0.726655900478363,-0.03608088195323944,-0.6860535144805908],5,2.4615516662597658],[[756.2369384765625,226.80032348632813,46.86827087402344,-0.7065367102622986,0.010241472162306309,0.7076022624969482,-0.003456797916442156,0.9998334050178528,-0.017922667786478998,-0.7076679468154907,-0.015109061263501645,-0.7063835859298706],12,2.4845261573791506],[[756.0772094726563,227.0323944091797,46.80791091918945,-0.722396194934845,-0.001173962140455842,0.6914783716201782,0.00030138305737636983,0.9999979138374329,0.0020126120653003456,-0.6914793252944946,0.0016623031115159393,-0.7223943471908569],12,2.500908136367798],[[755.8242797851563,227.26358032226563,46.74989318847656,-0.7407560348510742,-0.00027617646264843643,0.6717740893363953,0.00009069831867236644,0.9999998807907105,0.0005111267673783004,-0.67177414894104,0.00043954901047982275,-0.7407559156417847],8,2.532580852508545],[[755.6691284179688,227.3048095703125,46.614402770996097,-0.7404512166976929,0.001924995332956314,0.6721073389053345,0.002958886791020632,0.9999955296516419,0.0003956579021178186,-0.6721035838127136,0.002281655091792345,-0.7404536008834839],5,2.557591199874878],[[755.5740356445313,227.24478149414063,46.465293884277347,-0.7076272964477539,-0.0005542622529901564,0.7065856456756592,0.00016206270083785057,0.9999995231628418,0.0009467245545238256,-0.7065858244895935,0.0007844393257983029,-0.7076268792152405],5,2.5813870429992677],[[755.47265625,227.10546875,46.31672286987305,-0.7012814283370972,-0.00188242900185287,0.7128821015357971,-0.0016343094175681472,0.999998152256012,0.0010328702628612519,-0.7128826975822449,-0.0004407371743582189,-0.7012831568717957],5,2.5948054790496828],[[755.4048461914063,226.98406982421876,46.23188400268555,-0.7280061841011047,-0.001527784508652985,0.6855688691139221,-0.001376282423734665,0.9999987483024597,0.0007670135237276554,-0.6855692267417908,-0.00038514583138749003,-0.7280073761940002],5,2.6105518341064455],[[755.3074951171875,227.16346740722657,46.12571716308594,-0.7598769068717957,-0.0001376691652694717,0.6500669717788696,-0.00013000665057916194,1,0.000059809390222653749,-0.6500669717788696,-0.00003906524580088444,-0.7598769068717957],12,2.6328258514404299],[[755.2205200195313,227.31338500976563,46.066429138183597,-0.7813503742218018,0.00010506620310479775,0.6240925788879395,0.00009301499812863767,1,-0.000051897583034588027,-0.6240925788879395,0.000017499774912721479,-0.7813503742218018],8,2.6481947898864748],[[755.0980224609375,227.40879821777345,46.024925231933597,-0.7376107573509216,0.00006122520426288247,0.6752261519432068,0.0000526642361364793,1,-0.00003314370405860245,-0.6752261519432068,0.000011113117579952814,-0.7376107573509216],5,2.6651737689971926],[[754.9401245117188,227.44972229003907,46.00141143798828,-0.7204723358154297,0.000016679383406881244,0.6934836506843567,0.000012261697520443704,1,-0.000011312696187815164,-0.6934836506843567,3.528022602949932e-7,-0.7204723358154297],5,2.6789588928222658],[[754.798583984375,227.44464111328126,45.99574661254883,-0.7385468482971191,0.000002568586751294788,0.6742021441459656,5.759494570156676e-7,1,-0.00000317889976031438,-0.6742021441459656,-0.000001959460178113659,-0.7385468482971191],5,2.693024158477783],[[754.6814575195313,227.39529418945313,45.91775131225586,-0.7832175493240356,-0.0010743588209152222,0.6217467784881592,-0.0014678584411740304,0.999998927116394,-0.00012110201350878924,-0.6217460036277771,-0.0010074855526909233,-0.7832183241844177],5,2.7081825733184816],[[754.6005249023438,227.3009490966797,45.812644958496097,-0.7659933567047119,-0.0022740133572369816,0.6428444385528565,-0.0029722820036113264,0.9999955892562866,-0.000004270020326657686,-0.6428415775299072,-0.0019139857031404973,-0.7659967541694641],5,2.7237188816070558],[[754.5160522460938,227.1581573486328,45.7073974609375,-0.7434855699539185,-0.002368597313761711,0.6687477827072144,-0.002975167240947485,0.9999955296516419,0.00023415873874910176,-0.6687453389167786,-0.00181554292794317,-0.7434893250465393],5,2.740569591522217],[[754.4309692382813,226.96841430664063,45.5991325378418,-0.7361219525337219,-0.0018722957465797663,0.6768463253974915,-0.002242925576865673,0.9999974370002747,0.0003268455038778484,-0.6768451929092407,-0.0012775177601724864,-0.7361242771148682],5,2.7573421001434328],[[754.291748046875,227.32888793945313,45.456363677978519,-0.7681750655174255,0.00013839385064784437,0.6402398347854614,0.0001598098751856014,1,-0.00002441567812638823,-0.6402398347854614,0.00008356112812180072,-0.7681751251220703],12,2.7973313331604006],[[754.2515869140625,227.4484100341797,45.43419647216797,-0.7889912724494934,0.00007842358172638342,0.6144043803215027,0.00008644773333799094,1,-0.00001662923750700429,-0.6144043803215027,0.00003999354157713242,-0.7889912724494934],8,2.8110618591308595],[[754.164794921875,227.56007385253907,45.414512634277347,-0.7426556944847107,0.000014597558219975327,0.6696734428405762,0.000014733885109308176,1,-0.000005458413397718687,-0.6696734428405762,0.000005813169991597533,-0.7426556944847107],5,2.826580762863159],[[754.0399169921875,227.61724853515626,45.4061164855957,-0.7232111692428589,-0.0000020537920590868454,0.6906269788742065,-0.0000032998668757500129,1,-4.817483159058611e-7,-0.6906269788742065,-0.0000026273828552803026,-0.7232111692428589],5,2.8419854640960695],[[753.9781494140625,227.61590576171876,45.45303726196289,-0.7716781497001648,-0.000098547046945896,0.6360132098197937,-0.00002441351352899801,1,0.00012532391701824963,-0.6360132098197937,0.00008118242112686858,-0.7716781497001648],5,2.864936351776123],[[753.9971313476563,227.5146484375,45.4724235534668,-0.8040592074394226,-0.0005900770192965865,0.5945490002632141,-0.0007311475928872824,0.9999997615814209,0.0000036849880871159259,-0.5945488214492798,-0.0004317401326261461,-0.8040593862533569],5,2.89140248298645],[[754.0023193359375,227.3365936279297,45.46576690673828,-0.7931883931159973,0.00005347570186131634,0.6089763641357422,-0.0001708745548967272,0.9999999403953552,-0.00031037561711855233,-0.6089763045310974,-0.0003502448962535709,-0.7931883335113525],5,2.9089083671569826],[[753.9806518554688,227.07339477539063,45.415504455566409,-0.7945914268493652,0.00009806494927033782,0.6071444749832153,-0.0000012238093631822267,1,-0.0001631199411349371,-0.6071444749832153,-0.000130356740555726,-0.7945914268493652],5,2.934180974960327],[[754.0082397460938,226.73764038085938,45.39567184448242,-0.8005858659744263,0.007947193458676339,0.5991653203964233,0.009081827476620674,0.9999580979347229,-0.0011283656349405647,-0.599149227142334,0.004538162611424923,-0.800624549