[[[776,222.69961547851563,47,1,4.7726135932180117e-8,-6.0076192948837519e-15,-4.7726135932180117e-8,1,-3.803109649425096e-8,4.192542038365665e-15,3.803109649425096e-8,1],8,0.00795435905456543],[[776,222.69961547851563,47,1,7.266294943519824e-8,-7.456865562581548e-15,-7.266294943519824e-8,1,-5.790226609292404e-8,3.2495156942319825e-15,5.790226609292404e-8,1],8,0.020302295684814454],[[776,222.69961547851563,47,1,7.726811190877925e-8,-8.035476309949802e-15,-7.726811190877925e-8,1,-6.157194576417169e-8,3.2779283556564439e-15,6.157194576417169e-8,1],8,0.04817605018615723],[[776,222.69961547851563,47,1,4.7264318681072839e-8,-6.789143137513878e-15,-4.7264318681072839e-8,1,-3.766308509511873e-8,5.00902335424545e-15,3.766308509511873e-8,1],8,0.05628347396850586],[[776,222.69961547851563,47,1,3.527177483420019e-8,-6.483656046405405e-15,-3.527177483420019e-8,1,-2.8106688532147929e-8,5.492283602741288e-15,2.8106688532147929e-8,1],8,0.06609559059143067],[[776,222.69961547851563,47,1,1.7292567378035529e-8,-6.239134575192033e-15,-1.7292567378035529e-8,1,-1.3779752450204797e-8,6.0008472664704538e-15,1.3779752450204797e-8,1],8,0.08019113540649414],[[776,222.69961547851563,47,1,-6.751165737561848e-10,-6.251669392261976e-15,6.751165737561848e-10,1,5.380046408376415e-10,6.251306015127604e-15,-5.380046408376415e-10,1],8,0.09032320976257324],[[776,222.69961547851563,47,1,-1.2647174862934208e-8,-6.402744071151885e-15,1.2647174862934208e-8,1,1.0078078815922709e-8,6.275284670831426e-15,-1.0078078815922709e-8,1],8,0.10041451454162598],[[776,222.69961547851563,47,1,-3.657594760397842e-8,-7.046842323804158e-15,3.657594760397842e-8,1,2.9146004720814746e-8,5.980799690674839e-15,-2.9146004720814746e-8,1],8,0.11632609367370606],[[776,222.69961547851563,47,-0.9656727910041809,6.191505974584288e-9,0.2597615420818329,1.2643024405178949e-8,1,2.316554947867644e-8,-0.2597615420818329,2.5654513180484174e-8,-0.9656727910041809],8,0.13176274299621583],[[776,222.69961547851563,47,-0.9541430473327637,-2.0869279637736328e-8,0.2993510067462921,-1.7669076868287449e-8,1,1.3397155385064253e-8,-0.2993510067462921,7.493547116155242e-9,-0.9541430473327637],8,0.1538102626800537],[[776,222.69961547851563,47,-0.9241614937782288,-4.643526096970163e-8,0.38200193643569949,-4.789520602344055e-8,1,5.686763948631324e-9,-0.38200193643569949,-1.3040573065836725e-8,-0.9241614937782288],8,0.1621382236480713],[[776,222.69961547851563,47,-0.9160978198051453,-5.8629371579854708e-8,0.40095481276512148,-6.30474445983964e-8,1,2.1741719535839367e-9,-0.40095481276512148,-2.328742354507085e-8,-0.9160978198051453],8,0.17132282257080079],[[776,222.69961547851563,47,-0.9088405966758728,-7.691280501376241e-8,0.4171435534954071,-8.585114841253017e-8,1,-2.666237230997126e-9,-0.4171435534954071,-3.823543437420085e-8,-0.9088405966758728],8,0.18236708641052247],[[776,222.69961547851563,47,-0.9065781235694885,-9.54029388822164e-8,0.4220380187034607,-1.0866579458479464e-7,1,-7.371600219130414e-9,-0.4220380187034607,-5.2544027795420337e-8,-0.9065781235694885],8,0.19393515586853028],[[776,222.69961547851563,47,-0.9050850868225098,-8.405770302033489e-8,0.42523056268692019,-9.688596946944017e-8,1,-8.542044405146499e-9,-0.42523056268692019,-4.8930150597925606e-8,-0.9050850868225098],8,0.20534467697143556],[[776,222.69961547851563,47,-0.9043395519256592,-6.658993356722931e-8,0.4268137812614441,-7.750668373773806e-8,1,-8.205977231057205e-9,-0.4268137812614441,-4.05019093818737e-8,-0.9043395519256592],8,0.21640825271606446],[[776,222.69961547851563,47,-0.9043391942977905,-4.921535889934603e-8,0.426814466714859,-5.8135690039762269e-8,1,-7.869985552133585e-9,-0.426814466714859,-3.193029129988645e-8,-0.9043391942977905],8,0.22716069221496583],[[776,222.69961547851563,47,-0.904339075088501,-2.316747149677667e-8,0.4268147051334381,-2.909471952250442e-8,1,-7.366242726902783e-9,-0.4268147051334381,-1.9079635649177363e-8,-0.904339075088501],8,0.23857831954956056],[[776,222.69961547851563,47,-0.904339075088501,2.863708825628919e-9,0.4268147051334381,-7.236263671606125e-11,1,-6.862812096386506e-9,-0.4268147051334381,-6.237194760672082e-9,-0.904339075088501],8,0.2496182918548584],[[776,222.69961547851563,47,-0.904339075088501,3.754600186312018e-8,0.4268147051334381,3.859518216131619e-8,1,-6.192074408772896e-9,-0.4268147051334381,1.0873256961474454e-8,-0.904339075088501],8,0.2676272392272949],[[775.8538818359375,222.69961547851563,46.93101119995117,-0.9065621495246887,7.225509079944459e-8,0.4220723509788513,7.722564987489022e-8,1,-5.319564788663911e-9,-0.4220723509788513,2.777229468620135e-8,-0.9065621495246887],8,0.2825338840484619],[[775.615478515625,222.69961547851563,46.819793701171878,-0.9094886779785156,1.0707038455848306e-7,0.41572874784469607,1.1581606429444946e-7,1,-4.178172474667008e-9,-0.41572874784469607,4.434806655240209e-8,-0.9094886779785156],8,0.3121161460876465],[[775.2518920898438,222.69961547851563,46.65327453613281,-0.9137950539588928,5.9422522014074278e-8,0.4061755836009979,6.512502181976743e-8,1,2.1764842705884747e-10,-0.4061755836009979,2.6651081341810824e-8,-0.9137950539588928],8,0.32790517807006838],[[775.0693359375,222.69961547851563,46.571678161621097,-0.9159112572669983,3.553115490717573e-8,0.40138089656829836,3.979270957188419e-8,1,2.280711175473016e-9,-0.40138089656829836,1.8060962503341217e-8,-0.9159112572669983],8,0.3355717658996582],[[774.9473266601563,222.69961547851563,46.51797866821289,-0.9173085689544678,1.958247253242007e-8,0.3981771171092987,2.290881795374844e-8,1,3.5963458877574796e-9,-0.3981771171092987,1.2420725781225883e-8,-0.9173085689544678],8,0.34452104568481448],[[774.8250732421875,222.69961547851563,46.464752197265628,-0.9186927080154419,3.6209490961169878e-9,0.39497309923171999,6.0276508229151208e-9,1,4.852507728969613e-9,-0.39497309923171999,6.838722921287399e-9,-0.9186927080154419],8,0.3539412021636963],[[774.6414184570313,222.69961547851563,46.385616302490237,-0.92006915807724,-2.0349457230395275e-8,0.39175593852996828,-1.9287014652036306e-8,1,6.647173478313562e-9,-0.39175593852996828,-1.4399432757272735e-9,-0.92006915807724],8,0.3645319938659668],[[774.518798828125,222.69961547851563,46.3332633972168,-0.9234552383422852,-3.634892209447571e-8,0.38370612263679507,-3.61642449320243e-8,1,7.695631687454352e-9,-0.38370612263679507,-6.769870442013826e-9,-0.9234552383422852],8,0.37406420707702639],[[774.2111206054688,222.69961547851563,46.20501708984375,-0.9300148487091065,-7.640086607807462e-8,0.3675219416618347,-7.836506910052776e-8,1,9.578172033286592e-9,-0.3675219416618347,-1.9893040104079774e-8,-0.9300148487091065],8,0.3937983512878418],[[774.0873413085938,222.69961547851563,46.15545654296875,-0.9338136911392212,-9.256881838837217e-8,0.3577596843242645,-9.523973432123967e-8,1,1.0153890173114633e-8,-0.3577596843242645,-2.4591095382220375e-8,-0.9338136911392212],8,0.40320396423339846],[[773.9007568359375,222.69961547851563,46.08345031738281,-0.9411089420318604,-1.1699687263444503e-7,0.33810341358184817,-1.2055073739247747e-7,1,1.0486426837985619e-8,-0.33810341358184817,-3.0889747648643609e-8,-0.9411089420318604],8,0.4157109260559082],[[773.7127685546875,222.69961547851563,46.01506042480469,-0.9446012377738953,-8.850230415191618e-8,0.3282202482223511,-9.136359579997588e-8,1,6.703242849681601e-9,-0.3282202482223511,-2.36554900112651e-8,-0.9446012377738953],8,0.42789435386657717],[[773.5869750976563,222.69961547851563,45.97092056274414,-0.952344536781311,-6.985657563518544e-8,0.3050243556499481,-7.186006456549876e-8,1,4.658764485299116e-9,-0.3050243556499481,-1.7482321368333943e-8,-0.952344536781311],8,0.43778371810913088],[[773.3967895507813,222.69961547851563,45.90898132324219,-0.9560040831565857,-4.12840108765522e-8,0.2933533489704132,-4.25850892327162e-8,1,1.951541817035718e-9,-0.2933533489704132,-1.0626797219970286e-8,-0.9560040831565857],8,0.44985294342041018],[[773.2056884765625,222.69961547851563,45.849815368652347,-0.9595199823379517,-1.2648163405515334e-8,0.28164055943489077,-1.3297988488147894e-8,1,-3.959726435631694e-10,-0.28164055943489077,-4.125196628734784e-9,-0.9595199823379517],8,0.4607884883880615],[[773.013916015625,222.69961547851563,45.79302215576172,-0.9674602746963501,1.59792019616134e-8,0.2530229687690735,1.6027108529215185e-8,1,-1.871812260745287e-9,-0.2530229687690735,2.2443225056179019e-9,-0.9674602746963501],8,0.47483110427856448],[[772.82080078125,222.69961547851563,45.74130630493164,-0.9745451807975769,4.476465065295088e-8,0.22419127821922303,4.5364277667658828e-8,1,-2.476064242529219e-9,-0.22419127821922303,7.757238407180012e-9,-0.9745451807975769],8,0.48607969284057619],[[772.626220703125,222.69961547851563,45.695316314697269,-0.977581799030304,7.357609632663298e-8,0.2105560004711151,7.468821650036262e-8,1,-2.6703224076385369e-9,-0.2105560004711151,1.3115593944235116e-8,-0.977581799030304],8,0.49661922454833987],[[772.4960327148438,222.69961547851563,45.666717529296878,-0.9797345995903015,9.283757407274607e-8,0.20030009746551515,9.422735303132868e-8,1,-2.594998882443633e-9,-0.20030009746551515,1.6331338059671908e-8,-0.9797345995903015],8,0.5068340301513672],[[772.3001708984375,222.69961547851563,45.62618637084961,-0.9834012985229492,1.0418606422035737e-7,0.1814439445734024,1.0562123264890033e-7,1,-1.7526252671373755e-9,-0.1814439445734024,1.744079902721296e-8,-0.9834012985229492],8,0.5183758735656738],[[772.1035766601563,222.69961547851563,45.58915710449219,-0.9846453666687012,8.011179630784682e-8,0.17456656694412232,8.12284994822221e-8,1,-7.477707342218309e-10,-0.17456656694412232,1.3443490765041588e-8,-0.9846453666687012],8,0.5305697917938232],[[771.9723510742188,222.69961547851563,45.565608978271487,-0.985249936580658,6.403787722319976e-8,0.17112137377262116,6.497311488828928e-8,1,-1.350808492839306e-10,-0.17112137377262116,1.0985201193136618e-8,-0.985249936580658],8,0.5419421195983887],[[771.7753295898438,222.69961547851563,45.531211853027347,-0.9867072105407715,3.9963616416116568e-8,0.16250815987586976,4.0595971029233627e-8,1,5.705423911095409e-10,-0.16250815987586976,7.160134707362431e-9,-0.9867072105407715],8,0.5548629760742188],[[771.5780029296875,222.69961547851563,45.498374938964847,-0.9878174662590027,1.586033882006177e-8,0.1556168645620346,1.623012124696288e-8,1,1.105649904964423e-9,-0.1556168645620346,3.6178608997516905e-9,-0.9878174662590027],8,0.5672245025634766],[[771.3804931640625,222.69961547851563,45.46697235107422,-0.9883541464805603,-8.263946860154192e-9,0.1521712988615036,-8.121830319396395e-9,1,1.5555000620892657e-9,-0.1521712988615036,3.0147553897741377e-10,-0.9883541464805603],8,0.5782718658447266],[[771.182861328125,222.69961547851563,45.4363899230957,-0.9888803958892822,-3.2384175341348967e-8,0.14871302247047425,-3.245959590003622e-8,1,1.9199288825433315e-9,-0.14871302247047425,-2.92858470807289e-9,-0.9888803958892822],8,0.5917384624481201],[[770.985107421875,222.69961547851563,45.40650939941406,-0.9901412129402161,-5.6514384283445909e-8,0.14007294178009034,-5.678401038267111e-8,1,2.0717401127967607e-9,-0.14007294178009034,-5.902588195993985e-9,-0.9901412129402161],8,0.6028101444244385],[[770.7871704101563,222.69961547851563,45.37815856933594,-0.9910951852798462,-8.064464651624803e-8,0.13315539062023164,-8.109331162131639e-8,1,2.0537029854494905e-9,-0.13315539062023164,-8.762595982148014e-9,-0.9910951852798462],8,0.6143503189086914],[[770.6550903320313,222.69961547851563,45.36015319824219,-0.9917792677879334,-9.674116085989226e-8,0.12796027958393098,-9.729056671403669e-8,1,1.956810269376774e-9,-0.12796027958393098,-1.0508603764947111e-8,-0.9917792677879334],8,0.6251003742218018],[[770.456787109375,222.69961547851563,45.33432388305664,-0.9922210574150086,-1.2084204570328439e-7,0.12448828667402268,-1.2157281048530423e-7,1,1.7265604501659482e-9,-0.12448828667402268,-1.3421262323731753e-8,-0.9922210574150086],8,0.6369514465332031],[[770.25830078125,222.69961547851563,45.30928421020508,-0.9934709668159485,-9.090620523011239e-8,0.1140853762626648,-9.141007950574931e-8,1,8.147263974578323e-10,-0.1140853762626648,-9.619145480144198e-9,-0.9934709668159485],8,0.649256706237793],[[770.0596313476563,222.69961547851563,45.28606414794922,-0.9940552115440369,-6.090480297871182e-8,0.10887736827135086,-6.126230545078215e-8,1,6.146026743092392e-11,-0.10887736827135086,-6.608983582623296e-9,-0.9940552115440369],8,0.6615769863128662],[[769.8609619140625,222.67919921875,45.26322937011719,-0.9954795837402344,-3.09598995329452e-8,0.09497559070587158,-3.112626956180975e-8,1,-2.7022928339448529e-10,-0.09497559070587158,-3.2252436277246945e-9,-0.9954795837402344],8,0.6727726459503174],[[769.6622924804688,222.62811279296876,45.24040985107422,-0.995963990688324,-9.643207343756899e-10,0.08975399285554886,-1.0082200629923932e-9,1,-4.4376941010781936e-10,-0.08975399285554886,-5.324701235487339e-10,-0.995963990688324],8,0.6865668296813965],[[769.463623046875,222.54637145996095,45.21759033203125,-0.9968499541282654,2.9022993786043118e-8,0.07931090891361237,2.9090701403333698e-8,1,-3.017397443016989e-10,-0.07931090891361237,2.0064205852321494e-9,-0.9968499541282654],8,0.6989121437072754],[[769.19873046875,222.3896942138672,45.187164306640628,-0.9968499541282654,6.898356730289379e-8,0.07931090891361237,6.919260187032705e-8,1,-1.1250744086366282e-10,-0.07931090891361237,5.37557509616704e-9,-0.9968499541282654],8,0.715226411819458],[[769.0000610351563,223.04879760742188,45.164344787597659,-0.9968499541282654,9.893159358398407e-8,0.07931090891361237,9.924654875703709e-8,1,2.931149767348984e-11,-0.07931090891361237,7.900553100625985e-9,-0.9968499541282654],3,0.7444705963134766],[[768.5346069335938,224.4754180908203,45.13040542602539,-0.9645470380783081,1.5086649796103303e-7,0.2639108896255493,1.4890716215631984e-7,1,-2.742794968924045e-8,-0.2639108896255493,1.2842674479429661e-8,-0.9645470380783081],5,0.764850378036499],[[768.268310546875,225.21568298339845,45.11560821533203,-0.9212964773178101,1.1871969718413311e-7,0.38886088132858279,1.1330375571105833e-7,1,-3.6859827190482977e-8,-0.38886088132858279,1.0100570158044775e-8,-0.9212964773178101],5,0.7807114124298096],[[768.0685424804688,225.73512268066407,45.10637664794922,-0.8779444694519043,9.419523649967232e-8,0.4787624180316925,8.630212278148974e-8,1,-3.8488327191998908e-8,-0.4787624180316925,7.527598988588125e-9,-0.8779444694519043],5,0.7866363525390625],[[767.8687744140625,226.22390747070313,45.097469329833987,-0.8258019089698792,6.922017092847455e-8,0.5639602541923523,5.964213301012933e-8,1,-3.5406010567839988e-8,-0.5639602541923523,4.397443298387316e-9,-0.8258019089698792],5,0.7970600128173828],[[767.8021850585938,226.38002014160157,45.09465026855469,-0.8065592646598816,6.078323622205062e-8,0.5911532044410706,5.0922540850706358e-8,1,-3.334361409201847e-8,-0.5911532044410706,3.209421839400761e-9,-0.8065592646598816],5,0.8055353164672852],[[767.6024169921875,226.8279266357422,45.086692810058597,-0.7444885969161987,3.511437540737461e-8,0.6676352024078369,2.557271550074347e-8,1,-2.4078691041040657e-8,-0.6676352024078369,-8.530650075222468e-10,-0.7444885969161987],5,0.8161687850952148],[[767.4026489257813,227.24517822265626,45.0788459777832,-0.680223286151886,8.906888560034077e-9,0.7330049872398377,1.8515169397659293e-9,1,-1.0433002906040656e-8,-0.7330049872398377,-5.739600350551655e-9,-0.680223286151886],5,0.8275389671325684],[[767.2693481445313,227.5063018798828,45.0739631652832,-0.6382979154586792,-8.845621124464742e-9,0.7697893977165222,-1.2945033489586422e-8,1,7.571329119215875e-10,-0.7697893977165222,-9.481673224343013e-9,-0.6382979154586792],5,0.8371455669403076],[[767.0693969726563,227.87246704101563,45.067649841308597,-0.5780165195465088,-3.5846937862515918e-8,0.8160250782966614,-3.363411238410663e-8,1,2.010460953272286e-8,-0.8160250782966614,-1.582548314615906e-8,-0.5780165195465088],5,0.847283124923706],[[766.9360961914063,228.0995330810547,45.06391906738281,-0.5399476885795593,-5.406854342027145e-8,0.8416985869407654,-4.648345353075456e-8,1,3.4418391692270237e-8,-0.8416985869407654,-2.054092540504371e-8,-0.5399476885795593],5,0.8573207855224609],[[766.8027954101563,228.31298828125,45.06047439575195,-0.50396329164505,-7.244240407544567e-8,0.8637250661849976,-5.8649604284255477e-8,1,4.965140121271361e-8,-0.8637250661849976,-2.563465173466284e-8,-0.50396329164505],5,0.8668482303619385],[[766.6694946289063,228.51280212402345,45.05744171142578,-0.4699908196926117,-9.094915753848909e-8,0.8826712965965271,-7.019193759560949e-8,1,6.566384058714903e-8,-0.8826712965965271,-3.1095005681436308e-8,-0.4699908196926117],5,0.8757815361022949],[[766.2695922851563,229.030517578125,45.04872131347656,-0.3748794496059418,-1.4710930429373548e-7,0.92707359790802,-1.0111676829183125e-7,1,1.177929220830265e-7,-0.92707359790802,-4.958453914127858e-8,-0.3748794496059418],5,0.8971149921417236],[[766.1362915039063,229.17584228515626,45.04582214355469,-0.34656384587287905,-1.325360585724411e-7,0.9380263686180115,-8.790873806674426e-8,1,1.0881363721182425e-7,-0.9380263686180115,-4.4749846495051318e-8,-0.34656384587287905],5,0.9062426090240479],[[766.0029907226563,229.3075408935547,45.04292297363281,-0.3210291266441345,-1.1791272669370301e-7,0.9470693469047546,-7.542659119508244e-8,1,9.893530972249209e-8,-0.9470693469047546,-3.9673093255032657e-8,-0.3210291266441345],5,0.9152615070343018],[[765.8696899414063,229.4256134033203,45.04002380371094,-0.2974843978881836,-1.0324913546355674e-7,0.9547266960144043,-6.353140236114996e-8,1,8.834940246060796e-8,-0.9547266960144043,-3.437255813310003e-8,-0.2974843978881836],5,0.9235613346099854],[[765.7363891601563,229.53005981445313,45.03712463378906,-0.27558428049087527,-8.855295163812116e-8,0.9612768888473511,-5.214847931256372e-8,1,7.716990779726984e-8,-0.9612768888473511,-2.8862318757205686e-8,-0.27558428049087527],5,0.9339127540588379],[[765.5364379882813,229.6611785888672,45.03277587890625,-0.24520744383335114,-6.64611974343643e-8,0.9694706201553345,-3.590896824334777e-8,1,5.9471684465961519e-8,-0.9694706201553345,-2.0229791175552238e-8,-0.24520744383335114],5,0.9474399089813232],[[765.2698364257813,229.788330078125,45.0269775390625,-0.20867684483528138,-3.694333372550318e-8,0.9779846668243408,-1.5616240744975586e-8,1,3.4442855678662457e-8,-0.9779846668243408,-8.085013547542986e-9,-0.20867684483528138],5,0.9706823825836182],[[765.0032348632813,229.86097717285157,45.02117919921875,-0.17664532363414765,-7.382814803946758e-9,0.9842745661735535,3.339903020815882e-9,1,8.100170312275168e-9,-0.9842745661735535,4.718241353174335e-9,-0.17664532363414765],5,0.9786183834075928],[[764.8699340820313,229.87686157226563,45.018280029296878,-0.16241925954818726,7.405267510307567e-9,0.9867218136787415,1.239452274148789e-8,1,-5.464720675973922e-9,-0.9867218136787415,1.1342372374656407e-8,-0.16241925954818726],5,0.9874057769775391],[[764.7366333007813,229.87911987304688,45.015380859375,-0.14942412078380586,2.2194940996200786e-8,0.9887731671333313,2.121231190699291e-8,1,-1.924133030684061e-8,-0.9887731671333313,1.8099047593977958e-8,-0.14942412078380586],5,0.99649977684021],[[764.6033325195313,229.8677520751953,45.012481689453128,-0.137417271733284,3.698411532582213e-8,0.990513265132904,2.982327629297288e-8,1,-3.320084829283587e-8,-0.990513265132904,2.497798057277123e-8,-0.137417271733284],5,1.005246639251709],[[764.4033813476563,229.82516479492188,45.00813293457031,-0.1208667978644371,5.9163358656633139e-8,0.9926687479019165,4.239783635284766e-8,1,-5.4437965246734169e-8,-0.9926687479019165,3.550726646039948e-8,-0.1208667978644371],5,1.0172302722930909],[[764.2034301757813,229.75192260742188,45.0037841796875,-0.10590971261262894,8.133334716831087e-8,0.9943757653236389,5.4623203737946827e-8,1,-7.59755209855939e-8,-0.9943757653236389,4.6269441611457299e-8,-0.10590971261262894],5,1.0310590267181397],[[763.9368286132813,229.6065673828125,44.99798583984375,-0.0881655141711235,1.1087315954227961e-7,0.9961058497428894,7.048060979286675e-8,1,-1.0506835224077804e-7,-0.9961058497428894,6.094273885537405e-8,-0.0881655141711235],5,1.0531425476074219],[[763.6702270507813,229.40670776367188,44.99298095703125,-0.07304730266332627,1.4038478468592076e-7,0.9973284602165222,8.599346301707556e-8,1,-1.3446242519421504e-7,-0.9973284602165222,7.594161388624343e-8,-0.07304730266332627],5,1.0622127056121827],[[763.4702758789063,229.22105407714845,44.9896125793457,-0.06337888538837433,1.3070709314888519e-7,0.9979895353317261,7.843446780952945e-8,1,-1.2598930254625885e-7,-0.9979895353317261,7.029171200656492e-8,-0.06337888538837433],5,1.0730066299438477],[[763.3369750976563,229.08026123046876,44.987754821777347,-0.05777113884687424,1.1366633145826199e-7,0.9983298778533936,6.724486922848883e-8,1,-1.0996517829653385e-7,-0.9983298778533936,6.077974745721804e-8,-0.05777113884687424],5,1.0831975936889649],[[763.1370239257813,228.843505859375,44.985130310058597,-0.05027773976325989,8.812398277768807e-8,0.998735249042511,5.077321318935901e-8,1,-8.567958076355353e-8,-0.998735249042511,4.640122241994504e-8,-0.05027773976325989],5,1.0932674407958985],[[763.0111083984375,228.87033081054688,44.983489990234378,-0.04803292825818062,7.110772060059389e-8,0.9988457560539246,4.013398680058344e-8,1,-6.925991158368561e-8,-0.9988457560539246,3.676090543081045e-8,-0.04803292825818062],12,1.1027185916900635],[[762.8409423828125,229.00003051757813,44.98127365112305,-0.047105610370635989,4.55983979463781e-8,0.9988899230957031,2.440347302012924e-8,1,-4.44982539704597e-8,-0.9988899230957031,2.2280266520624538e-8,-0.047105610370635989],12,1.1136815547943116],[[762.7710571289063,229.09288024902345,44.98036575317383,-0.04695425182580948,2.860154424411121e-8,0.9988970160484314,1.3955366640061584e-8,1,-2.7977138827850469e-8,-0.9988970160484314,1.2626329315423846e-8,-0.04695425182580948],12,1.1235368251800538],[[762.7495727539063,229.18614196777345,44.98008728027344,-0.04690278321504593,1.1612015349271588e-8,0.9988994598388672,3.516736679642918e-9,1,-1.1459682980330399e-8,-0.9988994598388672,2.975375279490322e-9,-0.04690278321504593],12,1.1344451904296876],[[762.7462158203125,229.3261260986328,44.98004150390625,-0.04688152298331261,-1.3858635128372044e-8,0.9989004731178284,-1.213103839603491e-8,1,1.3304542356706861e-8,-0.9989004731178284,-1.1493962226438726e-8,-0.04688152298331261],12,1.145792007446289],[[762.7460327148438,229.4661102294922,44.98004150390625,-0.04687730595469475,-3.931295466941265e-8,0.9989006519317627,-2.7768576771336485e-8,1,3.805307002835434e-8,-0.9989006519317627,-2.59542254354983e-8,-0.04687730595469475],12,1.1564912796020508],[[762.7460327148438,229.55943298339845,44.98004150390625,-0.04687661677598953,-5.62734321363223e-8,0.9989007115364075,-3.8188058937294048e-8,1,5.4543264127460137e-8,-0.9989007115364075,-3.558927375024723e-8,-0.04687661677598953],12,1.1673753261566163],[[762.6688842773438,229.84933471679688,44.975799560546878,-0.040510617196559909,-8.169782006461901e-8,0.9991791248321533,-5.3352191997646517e-8,1,7.960183268096444e-8,-0.9991791248321533,-5.008367409686798e-8,-0.040510617196559909],8,1.1792657375335694],[[762.4922485351563,230.12872314453126,44.96481704711914,-0.030947744846343995,-9.158411984344639e-8,0.999521017074585,-5.820156090408091e-8,1,8.982593868722688e-8,-0.999521017074585,-5.539377312402394e-8,-0.030947744846343995],8,1.1903045177459717],[[762.3604736328125,230.27130126953126,44.95400619506836,-0.023613208904862405,-7.749370212195572e-8,0.9997211694717407,-4.8303899546908727e-8,1,7.637439125574019e-8,-0.9997211694717407,-4.648698492815129e-8,-0.023613208904862405],8,1.2008717060089112],[[762.1616821289063,230.42503356933595,44.93373107910156,-0.01132802851498127,-5.638173661282053e-8,0.9999358654022217,-3.362258382821892e-8,1,5.6004452630986637e-8,-0.9999358654022217,-3.298600503853777e-8,-0.01132802851498127],8,1.212913990020752],[[761.963134765625,230.5248565673828,44.90960693359375,0.0018931098747998477,-3.530146486241392e-8,0.9999982118606567,-1.923252845870138e-8,1,3.533793702104049e-8,-0.9999982118606567,-1.9299392306493247e-8,0.0018931098747998477],8,1.223585605621338],[[761.765869140625,230.58872985839845,44.876914978027347,0.017653726041316987,-1.4258008995682303e-8,0.9998441338539124,-5.1492219377280438e-9,1,1.4351147825664157e-8,-0.9998441338539124,-5.401770142299256e-9,0.017653726041316987],8,1.2405376434326172],[[761.5697631835938,230.62937927246095,44.83771896362305,0.035410404205322269,6.74083189267094e-9,0.9993728399276733,8.501805481841984e-9,1,-7.046303984736824e-9,-0.9993728399276733,8.745987933878041e-9,0.035410404205322269],8,1.2507374286651612],[[761.3762817382813,230.65518188476563,44.78719711303711,0.056725215166807178,2.7684961878549076e-8,0.9983898401260376,2.1578028253088634e-8,1,-2.895560591298363e-8,-0.9983898401260376,2.3185799946645603e-8,0.056725215166807178],8,1.26239013671875],[[761.1849975585938,230.6715545654297,44.72892761230469,-0.9433321356773377,5.248486800724095e-8,0.3318500220775604,4.799619901518781e-8,1,-2.1722190268747e-8,-0.3318500220775604,-4.563701860860192e-9,-0.9433321356773377],8,1.2771310806274415],[[760.9354248046875,230.68446350097657,44.63520050048828,-0.9392498731613159,8.210843560618741e-8,0.3432340919971466,8.279315721892999e-8,1,-1.2658914805285804e-8,-0.3432340919971466,1.652755088343838e-8,-0.9392498731613159],8,1.3011891841888428],[[760.6866455078125,230.69149780273438,44.53898620605469,-0.9282550811767578,1.1107385233799505e-7,0.3719441592693329,1.1748254991061913e-7,1,-5.431123994981135e-9,-0.3719441592693329,3.865548237058647e-8,-0.9282550811767578],8,1.3098952770233155],[[760.5009765625,230.694580078125,44.464683532714847,-0.9275230765342712,8.34535569538275e-8,0.3737659156322479,8.981950827546825e-8,1,-3.849768837049794e-10,-0.3737659156322479,3.321439834280682e-8,-0.9275230765342712],8,1.3193368911743165],[[760.3773193359375,230.6959686279297,44.41484451293945,-0.9274511933326721,6.509905858820275e-8,0.3739442825317383,7.138742574852586e-8,1,2.966475731724927e-9,-0.3739442825317383,2.9446182381320797e-8,-0.9274511933326721],8,1.3290867805480958],[[760.1918334960938,230.69740295410157,44.340049743652347,-0.9254698753356934,3.743715382142909e-8,0.3788211941719055,4.3780914893432057e-8,1,8.132500006752253e-9,-0.3788211941719055,2.4111521668146453e-8,-0.9254698753356934],8,1.3393375873565674],[[760.068359375,230.69805908203126,44.289703369140628,-0.9254650473594666,1.9109569038278097e-8,0.37883296608924868,2.538647336791655e-8,1,1.1574298852679022e-8,-0.37883296608924868,2.0328842609274035e-8,-0.9254650473594666],8,1.3502678871154786],[[759.8832397460938,230.69873046875,44.21396255493164,-0.9274375438690186,-8.260323092201816e-9,0.37397807836532595,-2.217081851441094e-9,1,1.6589522644494538e-8,-0.37397807836532595,1.4556606586779708e-8,-0.9274375438690186],8,1.3618807792663575],[[759.5741577148438,230.69935607910157,44.089115142822269,-0.9300275444984436,-5.391288127043481e-8,0.3674897849559784,-4.824092059152463e-8,1,2.461971781997363e-8,-0.3674897849559784,5.1689714730684958e-9,-0.9300275444984436],8,1.3805243968963624],[[759.2031860351563,231.9732666015625,43.939517974853519,-0.9496554136276245,-1.0836638608680005e-7,0.3132963478565216,-1.0386757054448026e-7,1,3.105042267748104e-8,-0.3132963478565216,-3.054124730894614e-9,-0.9496554136276245],3,1.4102721214294434],[[759.031494140625,232.56423950195313,43.87028503417969,-0.9600193500518799,-1.3580101665411349e-7,0.2799336612224579,-1.317494167096811e-7,1,3.329014575115252e-8,-0.2799336612224579,-4.9219104347741908e-9,-0.9600193500518799],5,1.429811954498291],[[758.8348388671875,233.30450439453126,43.790977478027347,-0.9692121744155884,-1.5441426626239264e-7,0.24622702598571778,-1.5124065555482958e-7,1,3.179981078460514e-8,-0.24622702598571778,-6.418773956795576e-9,-0.9692121744155884],5,1.4366652965545655],[[758.7115478515625,233.82394409179688,43.74124526977539,-0.9733644127845764,-1.2795719328551059e-7,0.22926339507102967,-1.2580942154727382e-7,1,2.3984565444834517e-8,-0.22926339507102967,-5.497772015417013e-9,-0.9733644127845764],5,1.4501330852508546],[[758.6089477539063,234.31272888183595,43.69987106323242,-0.9772197008132935,-1.015050870023515e-7,0.21223030984401704,-1.0026195695900242e-7,1,1.6619345899471228e-8,-0.21223030984401704,-5.037872785607078e-9,-0.9772197008132935],5,1.4598355293273926],[[758.5520629882813,234.62155151367188,43.67692947387695,-0.98372483253479,-8.39400726704298e-8,0.1796816885471344,-8.308592214234523e-8,1,1.2279467220821516e-8,-0.1796816885471344,-2.8494020476443895e-9,-0.98372483253479],5,1.4687919616699219],[[758.50439453125,234.916748046875,43.6577033996582,-0.9861392378807068,-6.630295956711052e-8,0.1659199446439743,-6.585828771221714e-8,1,8.181738841983588e-9,-0.1659199446439743,-2.8588698075537879e-9,-0.9861392378807068],5,1.4793543815612794],[[758.4501342773438,235.33399963378907,43.635826110839847,-0.9883618354797363,-3.984748886409761e-8,0.15212133526802064,-3.994731301304455e-8,1,2.400001308799915e-9,-0.15212133526802064,-3.7047689360747428e-9,-0.9883618354797363],5,1.4931089878082276],[[758.4166259765625,235.7205810546875,43.62230682373047,-0.9922259449958801,-1.3463480996733779e-8,0.12444926798343659,-1.3901634510204986e-8,1,-2.6523412355317079e-9,-0.12444926798343659,-4.36177005624927e-9,-0.9922259449958801],5,1.5036418437957764],[[758.40380859375,236.07652282714845,43.61714553833008,-0.9940594434738159,1.2924616044074355e-8,0.108838751912117,1.2203491550621948e-8,1,-7.291715231616536e-9,-0.108838751912117,-5.920185230934294e-9,-0.9940594434738159],5,1.5265240669250489],[[758.402587890625,236.50341796875,43.61668014526367,-0.9980849027633667,4.7878131681500238e-8,0.06185844913125038,4.723702318187861e-8,1,-1.1826507773093909e-8,-0.06185844913125038,-8.88185081038273e-9,-0.9980849027633667],5,1.5340664386749268],[[758.402587890625,236.78782653808595,43.616668701171878,-0.9988515973091126,7.416483072120173e-8,0.047910917550325397,7.353742148552556e-8,1,-1.4857982399973935e-8,-0.047910917550325397,-1.1317674797339805e-8,-0.9988515973091126],5,1.5441739559173585],[[758.402587890625,236.96038818359376,43.616668701171878,-0.9994235038757324,9.16003557449585e-8,0.033950936049222949,9.10881681193132e-8,1,-1.6632851540521189e-8,-0.033950936049222949,-1.3530734754851892e-8,-0.9994235038757324],5,1.5556185245513917],[[758.402587890625,237.26466369628907,43.616668701171878,-0.9999367594718933,1.2644869684663718e-7,0.011247617192566395,1.262386604139465e-7,1,-1.9382838445380913e-8,-0.011247617192566395,-1.796172810486496e-8,-0.9999367594718933],5,1.579061508178711],[[758.402587890625,237.568359375,43.616668701171878,-0.9999899864196777,1.5242051176755923e-7,-0.004473751876503229,1.525116317679931e-7,1,-2.002482624163804e-8,0.004473751876503229,-2.0706925951685663e-8,-0.9999899864196777],5,1.5892448425292969],[[758.402587890625,237.66600036621095,43.616668701171878,-0.9997961521148682,1.3432328671569849e-7,-0.020189426839351655,1.3469798432197423e-7,1,-1.7199074164864215e-8,0.020189426839351655,-1.9915043836249425e-8,-0.9997961521148682],5,1.5977959632873536],[[758.402587890625,237.75,43.616668701171878,-0.9995296597480774,1.1636180374807737e-7,-0.030667824670672418,1.1686333323268627e-7,1,-1.4561321037831476e-8,0.030667824670672418,-1.8138416990609586e-8,-0.9995296597480774],5,1.606417179107666],[[758.402587890625,237.8203887939453,43.616668701171878,-0.9991533756256104,9.842755588351793e-8,-0.04113975539803505,9.900964670350732e-8,1,-1.2111641467527079e-8,0.04113975539803505,-1.617462075387266e-8,-0.9991533756256104],5,1.6156964302062989],[[758.402587890625,237.8771514892578,43.616668701171878,-0.9985759258270264,8.049230615370107e-8,-0.05334855616092682,8.113499916362344e-8,1,-9.881311768822343e-9,0.05334855616092682,-1.4195675746009329e-8,-0.9985759258270264],5,1.6264739036560059],[[758.402587890625,237.93675231933595,43.616668701171878,-0.9964053630828857,5.34251611838954e-8,-0.08471368998289108,5.424548632504411e-8,1,-7.381674382855863e-9,0.08471368998289108,-1.1950475276023554e-8,-0.9964053630828857],5,1.6373653411865235],[[758.402587890625,237.96568298339845,43.616668701171878,-0.9949501156806946,2.6666558738952518e-8,-0.10037094354629517,2.73372275927386e-8,1,-5.306494799128814e-9,0.10037094354629517,-8.023560482683934e-9,-0.9949501156806946],5,1.6476409435272217],[[758.404052734375,237.96395874023438,43.631492614746097,-0.9935495257377625,4.137881010057853e-12,-0.1133989468216896,4.162213906866441e-10,1,-3.6102512090963047e-9,0.1133989468216896,-3.6341625264668666e-9,-0.9935495257377625],5,1.662090539932251],[[758.4080200195313,237.9315948486328,43.66851806640625,-0.9912858009338379,-2.6601293612316114e-8,-0.1317288875579834,-2.6517145812476884e-8,1,-2.392973152964828e-9,0.1317288875579834,1.120953663225066e-9,-0.9912858009338379],5,1.6838245391845704],[[758.4213256835938,237.80950927734376,43.7794303894043,-0.9901291131973267,-7.077564134760905e-8,-0.14015822112560273,-7.138113033988702e-8,1,-7.071335184072325e-10,0.14015822112560273,9.304498505002812e-9,-0.9901291131973267],5,1.6923069953918458],[[758.425048828125,237.77487182617188,43.80897903442383,-0.9898951649665833,-7.959059900031207e-8,-0.14180126786231996,-8.034821519231628e-8,1,-3.828486139223486e-10,0.14180126786231996,1.1014498646488846e-8,-0.9898951649665833],5,1.7006313800811768],[[758.4385986328125,237.65052795410157,43.9123420715332,-0.989898145198822,-1.0607412548324646e-7,-0.14178013801574708,-1.0723781684873757e-7,1,5.670383607103702e-10,0.14178013801574708,1.576550268111987e-8,-0.989898145198822],5,1.7111918926239014],[[758.4681396484375,237.4955291748047,44.02400207519531,-0.981704831123352,-1.325217482417429e-7,-0.19040900468826295,-1.340166022600897e-7,1,-5.026034699540105e-9,0.19040900468826295,2.0583883042490926e-8,-0.981704831123352],5,1.7250456809997559],[[758.52001953125,237.30987548828126,44.13706970214844,-0.9783240556716919,-1.60317881636729e-7,-0.20707979798316956,-1.606048698477025e-7,1,-1.5425321464590526e-8,0.20707979798316956,1.8167062521001754e-8,-0.9783240556716919],5,1.7483818531036378],[[758.6559448242188,236.9323272705078,44.32908630371094,-0.9715333580970764,-1.1816102585271438e-7,-0.23690280318260194,-1.1612669936766906e-7,1,-2.2541147615129377e-8,0.23690280318260194,5.611262565707875e-9,-0.9715333580970764],5,1.7584478855133057],[[758.76708984375,236.6649169921875,44.44773864746094,-0.9854971766471863,-9.278934953727003e-8,-0.16969196498394013,-8.974005538675556e-8,1,-2.5639282696943156e-8,0.16969196498394013,-1.003927430076601e-8,-0.9854971766471863],5,1.7685599327087403],[[758.8533325195313,236.46961975097657,44.529335021972659,-0.9920603036880493,-7.511927435643884e-8,-0.1257629245519638,-7.2262530181888e-8,1,-2.7277422987026513e-8,0.1257629245519638,-1.7972901389384789e-8,-0.9920603036880493],5,1.7781240940093995],[[758.9489135742188,236.26068115234376,44.61433792114258,-0.9944664239883423,-5.7548042775579236e-8,-0.10505513101816178,-5.485411236350046e-8,1,-2.8532362250643929e-8,0.10505513101816178,-2.261177023399341e-8,-0.9944664239883423],5,1.7881271839141846],[[759.09716796875,235.9217529296875,44.74732208251953,-0.9963886737823486,-3.126281811205445e-8,-0.08490969985723496,-2.882033456330646e-8,1,-2.999144044224522e-8,0.08490969985723496,-2.743600369115029e-8,-0.9963886737823486],5,1.798872709274292],[[759.19287109375,235.6787567138672,44.840084075927737,-0.9994623064994812,-1.2519291381352105e-8,-0.03278880566358566,-1.1519812659344098e-8,1,-3.067121312483323e-8,0.03278880566358566,-3.027700046231985e-8,-0.9994623064994812],5,1.808678388595581],[[759.33203125,235.28872680664063,44.98370361328125,-0.999204158782959,1.3139833221487152e-8,-0.03988735005259514,1.4365243217184798e-8,1,-3.043517793344108e-8,0.03988735005259514,-3.0983947851837e-8,-0.999204158782959],5,1.820213794708252],[[759.4680786132813,234.8680419921875,45.130252838134769,-0.9998544454574585,3.975475593165356e-8,-0.01706084981560707,4.025734767765243e-8,1,-2.911541940875395e-8,0.01706084981560707,-2.979800584057557e-8,-0.9998544454574585],5,1.8317289352416993],[[759.553466796875,234.86325073242188,45.22274398803711,-0.9992467761039734,5.7828167143725298e-8,0.03880622610449791,5.673908987091636e-8,1,-2.9165850179424525e-8,-0.03880622610449791,-2.694205569753194e-8,-0.9992467761039734],12,1.842738151550293],[[759.6689453125,234.98805236816407,45.34779739379883,-0.9985746145248413,8.218511027280329e-8,0.053374018520116809,8.066783863114324e-8,1,-3.0581482235447768e-8,-0.053374018520116809,-2.6232324756847448e-8,-0.9985746145248413],12,1.8545536994934083],[[759.7692260742188,235.1272430419922,45.45643615722656,-0.9981016516685486,1.0613772616352435e-7,0.06158839538693428,1.0432641772695206e-7,1,-3.2625536050545637e-8,-0.06158839538693428,-2.613830574205167e-8,-0.9981016516685486],12,1.8750782012939454],[[759.87939453125,235.31387329101563,45.575748443603519,-0.9980024695396423,8.630336623127732e-8,0.06317535042762757,8.505246285039903e-8,1,-2.248977715169076e-8,-0.06317535042762757,-1.7071632996135123e-8,-0.9980024695396423],12,1.8830947875976563],[[759.9791870117188,235.54718017578126,45.6838493347168,-0.9979776740074158,4.00529671651384e-8,0.06356518715620041,3.985271490591913e-8,1,-4.418229337943558e-9,-0.06356518715620041,-1.8760488718072567e-9,-0.9979776740074158],12,1.900646686553955],[[760.00732421875,235.5712432861328,45.71432113647461,-0.9976269006729126,2.157308642836142e-8,0.06885173171758652,2.1824472895559667e-8,1,2.8988973443944134e-9,-0.06885173171758652,4.394670849450222e-9,-0.9976269006729126],12,1.9124422073364258],[[760.036865234375,235.57496643066407,45.7463493347168,-0.9972527027130127,-6.169289523683119e-9,0.07407484948635102,-5.145639025982973e-9,1,1.4009979842910525e-8,-0.07407484948635102,1.3590327974100092e-8,-0.9972527027130127],12,1.9318420886993409],[[760.052734375,235.57516479492188,45.76351547241211,-0.9803856611251831,-4.469738712487015e-8,0.1970888078212738,-3.892311895015155e-8,1,3.3171453139857479e-8,-0.1970888078212738,2.4849505564361608e-8,-0.9803856611251831],12,1.9410896301269532],[[760.053466796875,235.57516479492188,45.76431655883789,-0.9528699517250061,-6.556648912692254e-8,0.303379088640213,-5.45949028207815e-8,1,4.464595448894215e-8,-0.303379088640213,2.5978835083151354e-8,-0.9528699517250061],12,1.9501771926879883],[[760.0535278320313,235.57516479492188,45.764442443847659,-0.8929629921913147,-9.645978593653126e-8,0.4501301348209381,-7.501044052560246e-8,1,6.548825837171535e-8,-0.4501301348209381,2.4714127633274076e-8,-0.8929629921913147],12,1.9603588581085206],[[760.0535278320313,235.57516479492188,45.76444625854492,-0.7825377583503723,-1.1787024334353191e-7,0.6226031184196472,-8.536998308272814e-8,1,8.201855905554112e-8,-0.6226031184196472,1.1031004554240554e-8,-0.7825377583503723],12,1.9695379734039307],[[760.0535278320313,235.57516479492188,45.76444625854492,-0.6103183627128601,-9.936314171454797e-8,0.7921562194824219,-6.794833495860076e-8,1,7.308283755946832e-8,-0.7921562194824219,-9.22189968832754e-9,-0.6103183627128601],12,1.980086088180542],[[760.0592651367188,235.65460205078126,45.764095306396487,-0.16999924182891847,0.00004262294896761887,0.985444188117981,0.00025445380015298724,0.9999999403953552,6.433548946915835e-7,-0.985444188117981,0.00025085938978008926,-0.16999924182891847],8,1.9922258853912354],[[760.19580078125,236.12635803222657,45.762630462646487,-0.006806391291320324,0.0004242480790708214,0.9999767541885376,0.0007626835722476244,0.9999996423721314,-0.00041906654951162636,-0.9999765157699585,0.0007598135271109641,-0.006806712131947279],8,2.0056865215301515],[[760.3824462890625,236.68629455566407,45.76255798339844,0.13079272210597993,-0.0013436520239338279,0.9914088249206543,0.000935168529395014,0.9999988079071045,0.0012319207889959217,-0.9914093017578125,0.0007660081028006971,0.13079382479190827],8,2.0166738033294679],[[760.41552734375,237.34539794921876,45.76253128051758,0.11663473397493363,0.00002811534250213299,0.9931748509407044,0.0007579345838166773,0.9999997019767761,-0.00011731754057109356,-0.9931746125221252,0.0007664448