[[[776,222.69961547851563,47,1,6.506370198167133e-8,2.9922747527661669e-15,-6.506370198167133e-8,1,2.1357544621736226e-9,-2.8533147626043626e-15,-2.1357544621736226e-9,1],8,0.006402730941772461],[[776,222.69961547851563,47,1,9.454611671344537e-8,3.0866969035283928e-15,-9.454611671344537e-8,1,3.103531431847273e-9,-2.793270079281163e-15,-3.103531431847273e-9,1],8,0.023747682571411134],[[776,222.69961547851563,47,1,1.2400333559980937e-7,3.209292005391007e-15,-1.2400333559980937e-7,1,4.0704817294567878e-9,-2.704538719375065e-15,-4.0704817294567878e-9,1],8,0.038451433181762698],[[776,222.69961547851563,47,1,8.090931657989131e-8,3.081738160896929e-15,-8.090931657989131e-8,1,2.6558957255673478e-9,-2.8668514078926704e-15,-2.6558957255673478e-9,1],8,0.05585527420043945],[[776,222.69961547851563,47,1,4.861297497882333e-8,3.022676671067255e-15,-4.861297497882333e-8,1,1.5957490884233039e-9,-2.9451024291423908e-15,-1.5957490884233039e-9,1],8,0.07978296279907227],[[776,222.69961547851563,47,1,-5.168250272191699e-9,2.9985044683349854e-15,5.168250272191699e-9,1,-1.6965248650357979e-10,-2.997627789234577e-15,1.6965248650357979e-10,1],8,0.0889735221862793],[[776,222.69961547851563,47,1,-4.8151861165024459e-8,3.0473577288425877e-15,4.8151861165024459e-8,1,-1.5806166375753606e-9,-2.9712482186417629e-15,1.5806166375753606e-9,1],8,0.10552096366882324],[[776,222.69961547851563,47,1,-9.109873388979395e-8,3.1605842227920958e-15,9.109873388979395e-8,1,-2.9903757248206377e-9,-2.8881646626697199e-15,2.9903757248206377e-9,1],8,0.12153244018554688],[[776,222.69961547851563,47,1,-9.771424913651572e-8,3.189938573095667e-15,9.771424913651572e-8,1,-3.2075346823035035e-9,-2.8765166890955524e-15,3.2075346823035035e-9,1],8,0.14140081405639649],[[776,222.69961547851563,47,1,-6.804498298151884e-8,3.126009820192833e-15,6.804498298151884e-8,1,-2.2336215099727498e-9,-2.974023098576968e-15,2.2336215099727498e-9,1],8,0.15507984161376954],[[776,222.69961547851563,47,1,-3.840108675490228e-8,3.094401303458381e-15,3.840108675490228e-8,1,-1.26054033877665e-9,-3.045995064588692e-15,1.26054033877665e-9,1],8,0.172255277633667],[[776,222.69961547851563,47,1,-8.782525817707665e-9,3.0903770499259759e-15,8.782525817707665e-9,1,-2.882903638035117e-10,-3.087845056688396e-15,2.882903638035117e-10,1],8,0.19029736518859864],[[776,222.69961547851563,47,1,2.0810722034525498e-8,3.116365926571869e-15,-2.0810722034525498e-8,1,6.831290533249046e-10,-3.1021495373433898e-15,-6.831290533249046e-10,1],8,0.2072591781616211],[[776,222.69961547851563,47,1,5.037867722990086e-8,3.1698804093882118e-15,-5.037867722990086e-8,1,1.6537186064979892e-9,-3.08656815452041e-15,-1.6537186064979892e-9,1],8,0.22717642784118653],[[776,222.69961547851563,47,1,7.99213566438084e-8,3.251300604410084e-15,-7.99213566438084e-8,1,2.6234792116497376e-9,-3.0416286097455964e-15,-2.6234792116497376e-9,1],8,0.24039793014526368],[[776,222.69961547851563,47,1,1.0206179013039218e-7,3.3308759616728366e-15,-1.0206179013039218e-7,1,3.3502558505205117e-9,-2.988942948668142e-15,-3.3502558505205117e-9,1],8,0.254086971282959],[[776,222.69961547851563,47,1,1.0260540506124016e-7,3.3569345067786416e-15,-1.0260540506124016e-7,1,3.3681009092845217e-9,-3.011349299463623e-15,-3.3681009092845217e-9,1],8,0.2730581760406494],[[776,222.69961547851563,47,1,5.946782977162002e-8,3.2561193748470138e-15,-5.946782977162002e-8,1,1.9520765004443776e-9,-3.140033509425812e-15,-1.9520765004443776e-9,1],8,0.2896101474761963],[[776,222.69961547851563,47,1,1.6367115662774269e-8,3.212806345089165e-15,-1.6367115662774269e-8,1,5.372616240784112e-10,-3.2040128725472447e-15,-5.372616240784112e-10,1],8,0.30687832832336428],[[776,222.69961547851563,47,1,-1.5934242370008179e-8,3.221350789944593e-15,1.5934242370008179e-8,1,-5.230563204783323e-10,-3.213016409260084e-15,5.230563204783323e-10,1],8,0.32080698013305666],[[776,222.69961547851563,47,1,-6.972382493586338e-8,3.3128223014350585e-15,6.972382493586338e-8,1,-2.288743417011574e-9,-3.1532423529635324e-15,2.288743417011574e-9,1],8,0.3403329849243164],[[776,222.69961547851563,47,1,-1.1271411182178781e-7,3.454074998026843e-15,1.1271411182178781e-7,1,-3.6999354691147347e-9,-3.037040020512083e-15,3.6999354691147347e-9,1],8,0.3549344539642334],[[776,222.69961547851563,47,1,-8.299249287802013e-8,3.3665392251257949e-15,8.299249287802013e-8,1,-2.724298342471343e-9,-3.1404430498558094e-15,2.724298342471343e-9,1],8,0.3718540668487549],[[776,222.69961547851563,47,1,-5.329627938976955e-8,3.3200483395080849e-15,5.329627938976955e-8,1,-1.7494948822971424e-9,-3.2268067409160947e-15,1.7494948822971424e-9,1],8,0.3887331485748291],[[776,222.69961547851563,47,1,-2.3625448264397165e-8,3.302189708606412e-15,2.3625448264397165e-8,1,-7.755240338802594e-10,-3.283867538924354e-15,7.755240338802594e-10,1],8,0.40667176246643069],[[776,222.69961547851563,47,1,-1.3889691619084488e-9,3.306201468402845e-15,1.3889691619084488e-9,1,-4.559193647613036e-11,-3.306138152690038e-15,4.559193647613036e-11,1],8,0.4217503070831299],[[776,222.69961547851563,47,1,3.564015216284133e-8,3.352682401383425e-15,-3.564015216284133e-8,1,1.1699224922168128e-9,-3.310986145763648e-15,-1.1699224922168128e-9,1],8,0.43912577629089358],[[775.8422241210938,222.69961547851563,46.97711944580078,0.9913591742515564,4.082697557805659e-7,0.1311752200126648,4.6230908878897029e-8,1,-0.0000034617910387169106,-0.1311752200126648,0.0000034379427233943717,0.9913591742515564],8,0.46181488037109377],[[775.582763671875,222.69961547851563,46.93431854248047,0.9550884366035461,0.000001957450876943767,0.2963208556175232,7.532200925197685e-7,1,-0.000009033595233631786,-0.2963208556175232,0.000008851076927385293,0.9550884366035461],8,0.480088472366333],[[775.3853759765625,222.69961547851563,46.90177917480469,0.9140365123748779,0.0000029688189897569829,0.4056319296360016,0.0000010937710612779484,1,-0.000009783661880646833,-0.4056319296360016,0.000009386292731505819,0.9140365123748779],8,0.4880363941192627],[[775.0562133789063,222.69961547851563,46.84776306152344,0.8314034342765808,0.000003361805511303828,0.5556692481040955,7.974056757120707e-7,1,-0.000007243106210808037,-0.5556692481040955,0.000006465037586167455,0.8314034342765808],8,0.5052413940429688],[[774.8587646484375,222.69961547851563,46.81541442871094,0.7789472341537476,0.000003220231519662775,0.6270895004272461,4.985848818250815e-7,1,-0.000005754525773227215,-0.6270895004272461,0.0000047951293709047608,0.7789472341537476],8,0.5221107006072998],[[774.5296630859375,222.69961547851563,46.76148223876953,0.6931874752044678,0.0000025844872197922088,0.7207573056221008,2.074848879374258e-7,1,-0.0000037853421872569017,-0.7207573056221008,0.000002773498181340983,0.6931874752044678],8,0.5385832786560059],[[774.3321533203125,222.69961547851563,46.72916030883789,0.6446323394775391,0.0000022487704427476275,0.7644927501678467,1.3375010610161554e-7,1,-0.0000030542998956661906,-0.7644927501678467,0.0000020711513570859099,0.6446323394775391],8,0.5533041954040527],[[774.003173828125,222.69961547851563,46.67524719238281,0.570344865322113,0.0000016500509900652106,0.8214053511619568,7.110903510465505e-8,1,-0.000002058189238596242,-0.8214053511619568,0.0000012322868769842899,0.570344865322113],8,0.5726711750030518],[[773.7399291992188,222.69961547851563,46.63214111328125,0.5172204375267029,0.0000013014340538575198,0.8558522462844849,4.14158165540357e-8,1,-0.000001545658278701012,-0.8558522462844849,8.348918640876946e-7,0.5172204375267029],8,0.5887651443481445],[[773.4767456054688,222.69961547851563,46.58902359008789,0.47039860486984255,9.828816018853104e-7,0.8824540376663208,2.1966341634538368e-8,1,-0.0000011255141316723894,-0.8824540376663208,5.48824573343154e-7,0.47039860486984255],8,0.6046895980834961],[[773.279296875,222.69961547851563,46.55669021606445,0.43920257687568667,7.884173669481243e-7,0.8983880877494812,1.2275502392355975e-8,1,-8.835923495098541e-7,-0.8983880877494812,3.9910418081490209e-7,0.43920257687568667],8,0.6222021579742432],[[772.9501342773438,223.7697296142578,46.502769470214847,0.38774964213371279,0.000001998349034693092,0.9217647314071655,-1.684929173961791e-8,1,-0.0000021608723272947829,-0.9217647314071655,8.223463510148576e-7,0.38774964213371279],3,0.6415424346923828],[[772.6871948242188,224.5644989013672,46.459041595458987,0.35463812947273257,0.0000017382596979587107,0.9350036382675171,2.3579570296305975e-8,1,-0.0000018680376570046065,-0.9350036382675171,6.8452442292255e-7,0.35463812947273257],5,0.6632061004638672],[[772.4241943359375,225.3047637939453,46.41609573364258,0.3274478316307068,8.77697402756894e-7,0.9448692798614502,2.7844961891787535e-8,1,-9.385586281496217e-7,-0.9448692798614502,3.3363889428983386e-7,0.3274478316307068],5,0.6788716316223145],[[772.1609497070313,225.99053955078126,46.37413787841797,0.30374929308891299,4.860798412664735e-7,0.9527519941329956,3.6742298092917738e-10,1,-5.103022431285353e-7,-0.9527519941329956,1.5535401587385423e-7,0.30374929308891299],5,0.6891987323760986],[[771.8974609375,226.62181091308595,46.33314895629883,0.28282681107521059,3.1998931149246348e-7,0.9591709971427918,-7.863976136945894e-9,1,-3.312914600428485e-7,-0.9591709971427918,8.615521807087134e-8,0.28282681107521059],5,0.7052571773529053],[[771.6336059570313,227.19857788085938,46.29430389404297,0.2638164758682251,2.3719924513443403e-7,0.9645729064941406,-5.175557316050572e-9,1,-2.444956237468432e-7,-0.9645729064941406,5.9509776662025618e-8,0.2638164758682251],5,0.7220029830932617],[[771.369384765625,227.72084045410157,46.258575439453128,0.24594250321388246,2.1065594069114014e-7,0.9692844152450562,-2.3537032323162068e-9,1,-2.1673419325907163e-7,-0.9692844152450562,5.1022741587303247e-8,0.24594250321388246],5,0.7396204471588135],[[771.1709594726563,228.0767822265625,46.23354721069336,0.23331788182258607,2.0100308972814674e-7,0.9724005460739136,-1.4007125459514214e-9,1,-2.0637203590467835e-7,-0.9724005460739136,4.67882337318315e-8,0.23331788182258607],5,0.7549235820770264],[[770.8397216796875,228.6018829345703,46.195960998535159,0.21285180747509004,1.8355581232754049e-7,0.9770845174789429,-9.664448130664028e-10,1,-1.8765020115552034e-7,-0.9770845174789429,3.899738842960687e-8,0.21285180747509004],5,0.7722439765930176],[[770.5743408203125,228.9606475830078,46.17024612426758,0.1968211680650711,1.9528164330040455e-7,0.9804394245147705,-1.4434101691662705e-9,1,-1.9888791769062664e-7,-0.9804394245147705,3.77301745402292e-8,0.1968211680650711],5,0.7905840873718262],[[770.2420654296875,229.3324737548828,46.14388656616211,0.059426553547382358,1.7954781128537435e-7,0.9982326626777649,1.8544168423062502e-9,1,-1.799760980247811e-7,-0.9982326626777649,1.2546498950882779e-8,0.059426553547382358],5,0.8103339672088623],[[770.04248046875,229.5146942138672,46.13075637817383,0.06318797916173935,1.7054148315764906e-7,0.9980016350746155,3.3511531327690138e-9,1,-1.7109513805735333e-7,-0.9980016350746155,1.4155612682031915e-8,0.06318797916173935],5,0.8290095329284668],[[769.8428955078125,229.666259765625,46.118133544921878,0.05650676414370537,1.6177352790691658e-7,0.9984022378921509,4.7347543663534e-9,1,-1.6230039534548269e-7,-0.9984022378921509,1.3898259432210125e-8,0.05650676414370537],5,0.8386092185974121],[[769.5100708007813,229.85073852539063,46.09919738769531,0.05016803368926048,1.4782568769078353e-7,0.9987407922744751,6.873892122172265e-9,1,-1.4835734418738867e-7,-0.9987407922744751,1.4308032980636654e-8,0.05016803368926048],5,0.858858585357666],[[769.2437133789063,229.93701171875,46.08585739135742,0.04300478473305702,1.3752126903909812e-7,0.9990748763084412,8.48372128103847e-9,1,-1.380138030526723e-7,-0.9990748763084412,1.4411126514346506e-8,0.04300478473305702],5,0.88041090965271],[[769.0439453125,229.9659423828125,46.077178955078128,0.039066437631845477,1.301691412436412e-7,0.9992366433143616,9.683457591336264e-9,1,-1.3064718018540589e-7,-0.9992366433143616,1.4779984347512709e-8,0.039066437631845477],5,0.8881816864013672],[[768.7109985351563,229.946044921875,46.06416320800781,0.03876916319131851,1.1800980104226255e-7,0.999248206615448,1.1756322138012365e-8,1,-1.1855471626631697e-7,-0.999248206615448,1.6343751241265637e-8,0.03876916319131851],5,0.9065935611724854],[[768.4446411132813,229.8688201904297,46.05387878417969,0.03701438382267952,1.0833475272420401e-7,0.9993147253990173,1.3393235853698116e-8,1,-1.0890511958905336e-7,-0.9993147253990173,1.7415112907315234e-8,0.03701438382267952],5,0.9238502979278565],[[768.1781005859375,229.73709106445313,46.04399490356445,0.03690708801150322,9.86593633456323e-8,0.9993187189102173,1.5039610445910513e-8,1,-9.92820758938251e-8,-0.9993187189102173,1.8693576464556828e-8,0.03690708801150322],5,0.9390833377838135],[[767.9114990234375,229.5508575439453,46.03417205810547,0.035264819860458377,8.903408854621375e-8,0.9993780255317688,1.665819304719207e-8,1,-8.967731446318794e-8,-0.9993780255317688,1.9810286744359474e-8,0.035264819860458377],5,0.9559218883514404],[[767.7115478515625,229.37542724609376,46.02708435058594,0.035155173391103747,8.181271482499142e-8,0.9993818402290344,1.787666725761028e-8,1,-8.249216421063466e-8,-0.9993818402290344,2.0765643427012038e-8,0.035155173391103747],5,0.9710288047790527],[[767.3782958984375,229.01490783691407,46.015384674072269,0.03511016443371773,6.978496713827553e-8,0.9993834495544434,1.991248055333017e-8,1,-7.052758377312785e-8,-0.9993834495544434,2.2376438479909667e-8,0.03511016443371773],5,0.9889636039733887],[[767.1116943359375,228.66517639160157,46.00603103637695,0.03509756177663803,6.01713878722876e-8,0.9993838667869568,2.154023803768723e-8,1,-6.096495752672127e-8,-0.9993838667869568,2.366668816478068e-8,0.03509756177663803],5,1.0118541717529297],[[766.9117431640625,228.3671112060547,45.99901580810547,0.03509669750928879,5.296638860841085e-8,0.9993839263916016,2.2760175966141106e-8,1,-5.379834178143028e-8,-0.9993839263916016,2.4634298156911428e-8,0.03509669750928879],5,1.0219430923461915],[[766.5784912109375,227.80221557617188,45.98732376098633,0.03509671241044998,4.096827765920352e-8,0.9993839263916016,2.4791676267454933e-8,1,-4.186417612572768e-8,-0.9993839263916016,2.6245697171134453e-8,0.03509671241044998],5,1.0443243980407715],[[766.3118896484375,227.2889862060547,45.977970123291019,0.03509671241044998,3.137900606020594e-8,0.9993839263916016,2.6415314380301426e-8,1,-3.232601386571332e-8,-0.9993839263916016,2.7533577195981708e-8,0.03509671241044998],5,1.0547986030578614],[[766.0452880859375,226.72125244140626,45.9686164855957,0.03509671241044998,2.1797927018951669e-8,0.9993839263916016,2.8037566934813186e-8,1,-2.279599620180761e-8,-0.9993839263916016,2.8820357655945373e-8,0.03509671241044998],5,1.0714991092681885],[[765.8453369140625,226.2596893310547,45.96160125732422,0.03509671241044998,1.4617486776558053e-8,0.9993839263916016,2.9253346411906024e-8,1,-1.5653826679340456e-8,-0.9993839263916016,2.9784722244130536e-8,0.03509671241044998],5,1.0877711772918702],[[765.5787353515625,225.59658813476563,45.952247619628909,0.03509671241044998,5.05072073053725e-9,0.9993839263916016,3.087317779204568e-8,1,-6.138049180037797e-9,-0.9993839263916016,3.106958246235081e-8,0.03509671241044998],5,1.1050856113433838],[[765.2454833984375,224.69107055664063,45.94056701660156,0.030504165217280389,-6.588737555546231e-9,0.9995346665382385,3.2831202645411398e-8,1,5.5898503603657449e-9,-0.9995346665382385,3.2645409930864847e-8,0.030504165217280389],5,1.1238665580749512],[[764.9788818359375,223.90533447265626,45.93241500854492,0.023719092831015588,-1.5295002597781605e-8,0.9997186660766602,3.432398543168347e-8,1,1.4484944799164623e-8,-0.9997186660766602,3.397075687416873e-8,0.023719092831015588],5,1.145409107208252],[[764.7122802734375,223.0651092529297,45.92605972290039,0.01681029051542282,-2.3287029193852505e-8,0.9998586773872376,3.574126949956735e-8,1,2.2689414791443597e-8,-0.9998586773872376,3.5354801752873757e-8,0.01681029051542282],5,1.1558401584625245],[[764.4456787109375,222.17037963867188,45.92155838012695,0.013004422187805176,-3.082913480056959e-8,0.9999154210090637,3.7108915051931038e-8,1,3.03491205499995e-8,-0.9999154210090637,3.671110349046103e-8,0.013004422187805176],5,1.1724092960357667],[[764.1790771484375,221.2211456298828,45.918121337890628,0.00938496645539999,-3.81300147012098e-8,0.999955952167511,3.843980422857385e-8,1,3.777092061341136e-8,-0.999955952167511,3.808363402413306e-8,0.00938496645539999],5,1.1882660388946534],[[763.9124755859375,220.21742248535157,45.91561508178711,0.007462966721504927,-4.534522446419942e-8,0.9999721646308899,3.9746456792499887e-8,1,4.5049851848943948e-8,-0.9999721646308899,3.940914439226617e-8,0.007462966721504927],5,1.2052361965179444],[[763.6705932617188,220.22605895996095,45.913448333740237,0.005489920731633902,-5.251759205293638e-8,0.9999849200248718,4.1027654162917318e-8,1,5.22931422608508e-8,-0.9999849200248718,4.073995185649437e-8,0.005489920731633902],12,1.2221500873565674],[[763.6427001953125,220.3360137939453,45.912506103515628,0.003144092159345746,-0.026486825197935106,0.9996442198753357,-0.000006001389920129441,0.999649167060852,0.026486974209547044,-0.9999950528144836,-0.00008927674207370728,0.0031428299844264986],12,1.237687349319458],[[763.6657104492188,220.564453125,45.91221618652344,0.0036615817807614805,-0.010899834334850312,0.9999338984489441,2.695853993373021e-7,0.9999405741691589,0.010899906046688557,-0.9999933242797852,-0.000039641330658923837,0.0036613671109080316],12,1.2549691200256348],[[763.6649169921875,220.75115966796876,45.91220474243164,0.0019159477669745684,0.0004070022259838879,0.9999980926513672,0.000007714758794463706,0.9999999403953552,-0.00040701773832552135,-0.999998152256012,0.000008494568646710832,0.0019159445073455573],12,1.271916151046753],[[763.6640625,220.93789672851563,45.91220474243164,0.0019160597585141659,0.001366437878459692,0.9999972581863403,0.0000019814308416243877,0.9999990463256836,-0.0013664441648870707,-0.999998152256012,0.000004599614385369932,0.0019160553347319365],12,1.2906014919281006],[[763.6639404296875,221.07789611816407,45.91220474243164,0.0019160570809617639,0.0005300408229231834,0.9999980330467224,-1.3378561902754883e-7,0.9999998807907105,-0.0005300415214151144,-0.999998152256012,8.818044534564251e-7,0.001916056964546442],12,1.3043773174285889],[[763.6640014648438,221.3112030029297,45.91220474243164,0.0019160566153004766,-0.000077275195508264,0.999998152256012,-3.2693279194973e-7,1,0.00007727596675977111,-0.999998152256012,-4.7499730726485725e-7,0.0019160566153004766],12,1.323401927947998],[[763.5868530273438,221.68203735351563,45.91205978393555,0.0019160566153004766,-0.0000720784519216977,0.999998152256012,-9.164379122239552e-8,1,0.00007207876478787512,-0.999998152256012,-2.2975061142460619e-7,0.0019160566153004766],8,1.3385889530181885],[[763.2777099609375,222.24606323242188,45.911468505859378,0.0019160566153004766,-0.000005655931090586819,0.999998152256012,2.6864558577699428e-8,1,0.000005655890163325239,-0.999998152256012,1.602750288043353e-8,0.0019160566153004766],8,1.355008602142334],[[763.077880859375,222.48043823242188,45.91109085083008,0.0019160566153004766,0.000004676843218476279,0.999998152256012,1.6743655351092458e-8,1,-0.000004676883690990508,-0.999998152256012,2.5704798289893917e-8,0.0019160566153004766],8,1.3711400032043458],[[762.811279296875,222.66285705566407,45.910587310791019,0.0019160566153004766,0.000002840783508872846,0.999998152256012,1.6430171667636274e-9,1,-0.0000028407919216988377,-0.999998152256012,7.086132569611436e-9,0.0019160566153004766],8,1.387270212173462],[[762.544677734375,222.762939453125,45.91008377075195,0.0019160566153004766,2.003282162377218e-7,0.999998152256012,-1.5072846304420296e-9,1,-2.003257009164372e-7,-0.999998152256012,-1.1234465580045594e-9,0.0019160566153004766],8,1.4044256210327149],[[762.278076171875,222.83824157714845,45.90958023071289,0.0019160566153004766,-2.761908888260223e-7,0.999998152256012,-5.831627958308161e-10,1,2.761925088634598e-7,-0.999998152256012,-1.1123623133713068e-9,0.0019160566153004766],8,1.421393632888794],[[761.94482421875,222.87661743164063,45.90895080566406,0.0019160566153004766,-1.1323295012743984e-7,0.999998152256012,5.476509246093997e-10,1,1.1323211168701164e-7,-0.999998152256012,3.306908080702442e-10,0.0019160566153004766],8,1.4388930797576905],[[761.744873046875,222.89649963378907,45.908573150634769,0.0019160566153004766,-1.5541758102699533e-8,0.999998152256012,1.2255593206944582e-9,1,1.5539438180667277e-8,-0.999998152256012,1.1957825840624992e-9,0.0019160566153004766],8,1.4542262554168702],[[761.41162109375,222.9231414794922,45.90794372558594,0.00016952249279711396,8.840764564865822e-8,1,1.6325074625456182e-9,1,-8.840792276032517e-8,-1,1.647494585199638e-9,0.00016952249279711396],8,1.472174882888794],[[761.211669921875,222.93267822265626,45.90784454345703,-0.001577250543050468,9.182032556509512e-8,0.9999987483024597,1.177728914392162e-9,1,-9.181857762996515e-8,-0.9999987483024597,1.0329065380787484e-9,-0.001577250543050468],8,1.487795352935791],[[760.87841796875,222.94166564941407,45.90829849243164,-0.005070776678621769,6.800101459703001e-8,0.9999871253967285,3.38040463676581e-11,1,-6.800171092891105e-8,-0.9999871253967285,-3.1101790587406699e-10,-0.005070776678621769],8,1.505643367767334],[[760.61181640625,222.94529724121095,45.90951156616211,-0.010310817509889603,4.8958877840732387e-8,0.9999468326568604,-9.801913725127065e-10,1,-4.8971585897561457e-8,-0.9999468326568604,-1.4850763951912427e-9,-0.010310817509889603],8,1.5216081142425538],[[760.34521484375,222.94729614257813,45.91204833984375,-0.010310817509889603,2.9935570466932407e-8,0.9999468326568604,-1.993320619675387e-9,1,-2.995771453129237e-8,-0.9999468326568604,-2.3021031747560984e-9,-0.010310817509889603],8,1.5390558242797852],[[760.145263671875,222.9481658935547,45.91410827636719,-0.012057481333613396,1.567469354313289e-8,0.999927282333374,-2.777489127581134e-9,1,-1.5709323619716998e-8,-0.999927282333374,-2.9667022172219505e-9,-0.012057481333613396],8,1.5538361072540284],[[759.81201171875,222.94895935058595,45.918052673339847,-0.013803989626467228,-8.071559420841368e-9,0.9999046921730042,-4.124760977219921e-9,1,8.015384800330594e-9,-0.9999046921730042,-4.013723575724271e-9,-0.013803989626467228],8,1.572641134262085],[[759.54541015625,222.94927978515626,45.921669006347659,-0.015550456009805203,-2.7053134843413319e-8,0.9998790621757507,-5.234659372632677e-9,1,2.697499468240494e-8,-0.9998790621757507,-4.814553200560567e-9,-0.015550456009805203],8,1.589111566543579],[[759.078857421875,222.9495391845703,45.928855895996097,-0.022536031901836396,-6.025260290698498e-8,0.9997460246086121,-7.406197433112993e-9,1,6.010095887631906e-8,-0.9997460246086121,-6.0498792642249558e-9,-0.022536031901836396],8,1.6204862594604493],[[758.945556640625,222.94956970214845,45.93162155151367,-0.03126659244298935,-6.977017363851701e-8,0.9995110630989075,-8.108597349121283e-9,1,6.955065146030393e-8,-0.9995110630989075,-5.930020918754053e-9,-0.03126659244298935],8,1.628014087677002],[[758.74560546875,222.94961547851563,45.93750762939453,-0.03301246464252472,-8.397338291388223e-8,0.999454915523529,-9.186378768788473e-9,1,8.371574722332298e-8,-0.999454915523529,-6.417708586781146e-9,-0.03301246464252472],8,1.639000654220581],[[758.545654296875,222.94961547851563,45.94402313232422,-0.03999464958906174,-9.820003299410019e-8,0.9991998672485352,-1.036234920093193e-8,1,9.786389654209415e-8,-0.9991998672485352,-6.440025845932951e-9,-0.03999464958906174],8,1.6533434391021729],[[758.2127075195313,222.94961547851563,45.95707321166992,-0.04871977120637894,-1.2187210529646109e-7,0.9988124966621399,-1.2526314208116674e-8,1,1.2140598926180247e-7,-0.9988124966621399,-6.596567292405098e-9,-0.04871977120637894],8,1.6721408367156983],[[757.9463500976563,222.94961547851563,45.96971893310547,-0.05046427622437477,-8.871309375990677e-8,0.9987258911132813,-9.011324131336096e-9,1,8.837094611635621e-8,-0.9987258911132813,-4.540266829167194e-9,-0.05046427622437477],8,1.6895873546600342],[[757.6799926757813,222.94961547851563,45.983097076416019,-0.05046427622437477,-3.8229231336117667e-8,0.9987258911132813,-3.740966647569621e-9,1,3.808897730550598e-8,-0.9987258911132813,-1.8140676738553907e-9,-0.05046427622437477],8,1.7056488990783692],[[757.4136352539063,223.81251525878907,45.99654006958008,-0.05220886319875717,1.2208396071855532e-8,0.9986361861228943,1.6126421309436978e-9,1,-1.2140759508838528e-8,-0.9986361861228943,9.765875885747733e-10,-0.05220886319875717],3,1.7243850231170655],[[757.1472778320313,224.62091064453126,46.010398864746097,-0.05379239842295647,6.261667806484184e-8,0.998552143573761,7.041593530487944e-9,1,-6.232813376527702e-8,-0.998552143573761,3.678618520908117e-9,-0.05379239842295647],5,1.7452595233917237],[[756.8809204101563,225.3748016357422,46.02471923828125,-0.05547312647104263,1.1302327607154439e-7,0.9984601736068726,1.2544710159545503e-8,1,-1.1250061504597397e-7,-0.9984601736068726,6.284632814157476e-9,-0.05547312647104263],5,1.7560222148895264],[[756.6145629882813,226.07420349121095,46.039512634277347,-0.05879276990890503,1.4513149437789253e-7,0.9982702136039734,1.6139566128003936e-8,1,-1.444324340127423e-7,-0.9982702136039734,7.620065467506265e-9,-0.05879276990890503],5,1.7716929912567139],[[756.3484497070313,226.71910095214845,46.0551643371582,-0.062215253710746768,1.2234613677719609e-7,0.9980627298355103,1.3484214633763259e-8,1,-1.2174305652479235e-7,-0.9980627298355103,5.883816989182833e-9,-0.062215253710746768],5,1.7889552116394044],[[756.0823364257813,227.3094940185547,46.07175064086914,-0.06727650761604309,9.982988302681406e-8,0.9977343678474426,1.0691265650564219e-8,1,-9.933567213238348e-8,-0.9977343678474426,3.984085505948087e-9,-0.06727650761604309],5,1.8054943084716797],[[755.8162231445313,227.8453826904297,46.08966064453125,-0.06927555054426193,7.756499087463453e-8,0.9975975751876831,7.88036835785988e-9,1,-7.72045538610655e-8,-0.9975975751876831,2.5130477698809274e-9,-0.06927555054426193],5,1.8214170932769776],[[755.5501098632813,228.3267822265625,46.10816192626953,-0.06955523788928986,5.536413993922906e-8,0.9975780844688416,5.090522670059272e-9,1,-5.5143619448472239e-8,-0.9975780844688416,1.2426665252363023e-9,-0.06955523788928986],5,1.8382582664489747],[[755.3505249023438,228.65206909179688,46.122093200683597,-0.07126675546169281,3.8733958263037496e-8,0.9974572658538818,2.9687103886288925e-9,1,-3.862058761683329e-8,-0.9974572658538818,2.0879793727335284e-10,-0.07126675546169281],5,1.8532764911651612],[[755.0181274414063,229.12606811523438,46.145816802978519,-0.0713222399353981,1.1053593595988787e-8,0.9974533319473267,-5.60320068121456e-10,1,-1.112188119378743e-8,-0.9974533319473267,-1.352130518661454e-9,-0.0713222399353981],5,1.8723819255828858],[[754.7522583007813,229.4439697265625,46.16485595703125,-0.07138091325759888,-1.1068705063621565e-8,0.9974491000175476,-3.3805969135158877e-9,1,1.0855084831007389e-8,-0.9974491000175476,-2.5971276240710496e-9,-0.07138091325759888],5,1.888347864151001],[[754.4863891601563,229.70736694335938,46.18389892578125,-0.07138416916131973,-3.317201446861873e-8,0.9974489212036133,-6.198513258226512e-9,1,3.281324723047874e-8,-0.9974489212036133,-3.840353812734065e-9,-0.07138416916131973],5,1.9059653282165528],[[754.2451782226563,229.90231323242188,46.20116424560547,-0.06964229792356491,-5.524966439907075e-8,0.9975720047950745,-8.97571084124138e-9,1,5.475752473671491e-8,-0.9975720047950745,-5.1404787093645158e-9,-0.06964229792356491],12,1.9323272705078126],[[754.0435791015625,230.08914184570313,46.21559143066406,-0.06789954006671906,-7.730612594514241e-8,0.9976921677589417,-1.1712230296723192e-8,1,7.668785428904812e-8,-0.9976921677589417,-6.478130032405716e-9,-0.06789954006671906],12,1.9415922164916993],[[753.881591796875,230.27578735351563,46.2271842956543,-0.0678996592760086,-9.935280331774266e-8,0.9976921677589417,-1.4446412954782773e-8,1,9.859944327672565e-8,-0.9976921677589417,-7.71820474199103e-9,-0.0678996592760086],12,1.9557170867919922],[[753.77880859375,230.4565887451172,46.23540115356445,-0.0455586202442646,-0.00042299373308196664,0.9989615678787231,-0.002717768307775259,0.9999962449073792,0.00029948537121526897,-0.9989579916000366,-0.00270130205899477,-0.0455595999956131],12,1.9718108177185059],[[753.7705688476563,230.59324645996095,46.237640380859378,-0.042843811213970187,-0.0006248400895856321,0.9990816116333008,-0.0038525396957993509,0.9999924898147583,0.0004602005355991423,-0.9990743398666382,-0.003829284803941846,-0.042845893651247028],12,1.9883294105529786],[[753.77001953125,230.82638549804688,46.23781204223633,-0.06212378665804863,-0.00009619809134164825,0.9980684518814087,-0.0005126131582073867,0.9999998807907105,0.00006447714258683845,-0.9980683326721191,-0.0005076174857094884,-0.06212382763624191],12,2.004981517791748],[[753.77001953125,231.01303100585938,46.23759841918945,-0.06753058731555939,0.000042393148760311308,0.9977172017097473,0.00023290197714231908,1,-0.00002672614937182516,-0.9977172017097473,0.00023056547797750682,-0.06753060221672058],12,2.0218138694763185],[[753.77001953125,231.15301513671876,46.23754119873047,-0.06786096841096878,0.0000306418769469019,0.9976947903633118,0.0001640557893551886,1,-0.00001955396874109283,-0.9976947903633118,0.0001623506541363895,-0.06786097586154938],12,2.0374345779418947],[[753.77001953125,231.33966064453126,46.23754119873047,-0.06789116561412811,0.000004219036782160401,0.9976927042007446,0.000021586021830444225,1,-0.0000027599046461546097,-0.9976927042007446,0.000021348845621105285,-0.06789116561412811],12,2.0545358657836916],[[753.77001953125,231.57296752929688,46.23755645751953,-0.0678987056016922,-0.0000023540462734672475,0.9976922273635864,-0.000012733958101307508,1,0.000001492872115704813,-0.9976922273635864,-0.000012603207323991228,-0.0678987056016922],12,2.073016405105591],[[753.77001953125,231.71295166015626,46.23755645751953,-0.06789959222078324,-0.0000011322041473249556,0.9976921677589417,-0.000005986969881632831,1,7.273699225152086e-7,-0.9976921677589417,-0.000005923765002080472,-0.06789959222078324],12,2.0883121490478517],[[753.77001953125,231.89959716796876,46.2375602722168,-0.06789969652891159,-1.935847038225802e-8,0.9976921677589417,-3.069492748863922e-8,1,1.7314253142330928e-8,-0.9976921677589417,-2.944845434171839e-8,-0.06789969652891159],12,2.1034140586853029],[[753.77001953125,232.13290405273438,46.2375602722168,-0.06789969652891159,1.0513140580314939e-7,0.9976921677589417,5.654615051753353e-7,1,-6.689111131663594e-8,-0.9976921677589417,5.596145911113126e-7,-0.06789969652891159],12,2.1216325759887697],[[753.77001953125,232.27288818359376,46.2375602722168,-0.06789969652891159,3.418735872173784e-8,0.9976921677589417,1.739513066922882e-7,1,-2.242787822126502e-8,-0.9976921677589417,1.720270148553027e-7,-0.06789969652891159],12,2.1378941535949709],[[753.77001953125,232.50619506835938,46.2375602722168,-0.06789969652891159,-1.0146661288956693e-8,0.9976921677589417,-5.731753205395762e-8,1,6.269286867421897e-9,-0.9976921677589417,-5.6759567712560968e-8,-0.06789969652891159],12,2.1555111408233644],[[753.77001953125,232.69284057617188,46.2375602722168,-0.06789993494749069,-1.6493734378286719e-8,0.9976921081542969,-8.610723511992546e-8,1,1.067168664548035e-8,-0.9976921081542969,-8.518390615108729e-8,-0.06789993494749069],12,2.1710925102233888],[[753.77001953125,232.87948608398438,46.2375602722168,-0.06790005415678024,-1.9337159429255736e-8,0.9976921081542969,-9.670466738498362e-8,1,1.2800447812821858e-8,-0.9976921081542969,-9.56123358264449e-8,-0.06790005415678024],12,2.1889290809631349],[[753.77001953125,233.06613159179688,46.2375602722168,-0.06789993494749069,-2.217813133142954e-8,0.9976921081542969,-1.0729304023016084e-7,1,1.492739087893824e-8,-0.9976921081542969,-1.0603184819046874e-7,-0.06789993494749069],12,2.205059051513672],[[753.77001953125,233.25277709960938,46.2375602722168,-0.06615708768367768,-2.4831436462591229e-8,0.9978092312812805,-1.1786861620066702e-7,1,1.707098995495926e-8,-0.9978092312812805,-1.1648102571371055e-7,-0.06615708768367768],12,2.2221131324768068],[[753.77001953125,233.43942260742188,46.2375602722168,-0.06092747673392296,-2.7056840323780308e-8,0.9981421828269959,-1.2842379248922954e-7,1,1.926810000441037e-8,-0.9981421828269959,-1.2701124774139317e-7,-0.06092747673392296],12,2.2408626079559328],[[753.77001953125,233.62606811523438,46.2375602722168,-0.0539521686732769,-2.1707929676040295e-8,0.9985435009002686,-1.0426980878719405e-7,1,1.6105804689914295e-8,-0.9985435009002686,-1.0324900046043695e-7,-0.0539521686732769],12,2.2566981315612795],[[753.77001953125,233.81271362304688,46.2375602722168,-0.045229315757751468,-9.056905447835107e-9,0.9989766478538513,-4.5543998794528309e-8,1,7.004149260581016e-9,-0.9989766478538513,-4.518059526503748e-8,-0.045229315757751468],12,2.2722532749176027],[[753.77001953125,233.99935913085938,46.2375602722168,-0.033011697232723239,3.2346141320971357e-9,0.9994549751281738,1.3016082434091914e-8,1,-2.8064606194533327e-9,-0.9994549751281738,1.2916342662094849e-8,-0.033011697232723239],12,2.296424150466919],[[753.77001953125,234.18600463867188,46.2375602722168,-0.02428179793059826,1.485009004653648e-8,0.9997051358222961,7.143830060840628e-8,1,-1.3119307418207882e-8,-0.9997051358222961,7.109867539156767e-8,-0.02428179793059826],12,2.304612159729004],[[753.77001953125,234.37265014648438,46.2375602722168,-0.01554992888122797,1.8623406816686839e-8,0.9998791217803955,9.313165350022246e-8,1,-1.717729247729949e-8,-0.9998791217803955,9.285329127806108e-8,-0.01554992888122797],12,2.32112455368042],[[753.77001953125,234.55929565429688,46.2375602722168,-0.012056834995746613,1.5369556294331234e-8,0.9999273419380188,7.824490921848337e-8,1,-1.4427219419133053e-8,-0.9999273419380188,7.806527690945586e-8,-0.012056834995746613],12,2.3405497074127199],[[753.77001953125,234.69927978515626,46.2375602722168,-0.010310289449989796,1.303780283734568e-8,0.9999468326568604,6.70918183232061e-8,1,-1.2346723643474889e-8,-0.9999468326568604,6.696095766756116e-8,-0.010310289449989796],12,2.354480504989624],[[753.77001953125,234.93258666992188,46.2375602722168,-0.006816991604864597,9.147965940314862e-9,0.9999767541885376,4.853144375260854e-8,1,-8.817331753618874e-9,-0.9999767541885376,4.847020917964073e-8,-0.006816991604864597],12,2.3731014728546144],[[753.77001953125,235.11923217773438,46.2375602722168,-0.005070367828011513,6.141432695727644e-9,0.9999871253967285,3.3702363566590068e-8,1,-5.970626215656694e-9,-0.9999871253967285,3.367165746226419e-8,-0.005070367828011513],12,2.394789218902588],[[753.77001953125,235.30587768554688,46.2375602722168,-0.005070367828011513,3.2220714984987355e-9,0.9999871253967285,1.8885959462977554e-8,1,-3.1263529542968628e-9,-0.9999871253967285,1.8869863893655748e-8,-0.005070367828011513],12,2.4060111045837404],[[753.77001953125,235.49252319335938,46.2375602722168,-0.0033236094750463964,2.722384262465738e-10,0.9999944567680359,4.087205240921321e-9,1,-2.58655569185251e-10,-0.9999944567680359,4.086322835661349e-9,-0.0033236094750463964],12,2.4233005046844484],[[753.77001953125,235.67916870117188,46.2375602722168,-0.0015768413431942464,-2.649274799537693e-9,0.9999987483024597,-1.069386890151236e-8,1,2.6324153967749454e-9,-0.9999987483024597,-1.0689705121080806e-8,-0.0015768413431942464],12,2.438159227371216],[[753.77001953125,235.86581420898438,46.2375602722168,0.00016993169265333563,-5.542482917064717e-9,1,-2.5457243424398258e-8,1,5.546808790057867e-9,-1,-2.545818489352314e-8,0.00016993169265333563],12,2.4553775787353517],[[753.77001953125,236.00579833984376,46.2375602722168,0.001916585024446249,-7.680288405254032e-9,0.999998152256012,-3.651766178336402e-8,1,7.750291963759537e-9,-0.999998152256012,-3.653244817769519e-8,0.001916585024446249],12,2.470672130584717],[[753.77001953125,236.23910522460938,46.2375602722168,0.0036633515264838936,-1.1250489428960009e-8,0.9999932646751404,-5.492949028962357e-8,1,1.1451791515071364e-8,-0.9999932646751404,-5.497107480323393e-8,0.0036633515264838936],12,2.489727020263672],[[753.77001953125,236.42575073242188,46.2375602722168,0.003663470735773444,-1.4154906580188254e-8,0.9999932646751404,-6.964478416193742e-8,1,1.4410144189014318e-8,-0.9999932646751404,-6.96971085289988e-8,0.003663470735773444],12,2.505197286605835],[[753.77001953125,236.61239624023438,46.2375602722168,0.005410106852650642,-1.6935089774960944e-8,0.9999853372573853,-8.434231091314359e-8,1,1.7391645457109918e-8,-0.9999853372573853,-8.443516463785272e-8,0.005410106852650642],12,2.5219852924346926],[[753.77001953125,236.75238037109376,46.2375602722168,0.007156846113502979,-1.8962403203204304e-8,0.9999743700027466,-9.535328615584149e-8,1,1.9645334248252767e-8,-0.9999743700027466,-9.549144408538268e-8,0.007156846113502979],12,2.5375189781188967],[[753.77001953125,236.93902587890626,46.2375602722168,0.007156846113502979,-2.186000536141819e-8,0.9999743700027466,-1.1002361333112276e-7,1,2.2648007913517178e-8,-0.9999743700027466,-1.1018288148534339e-7,0.007156846113502979],12,2.554321765899658],[[753.77001953125,237.17233276367188,46.2375602722168,0.007156846113502979,-2.547852773204795e-8,0.9999743700027466,-1.2834388485316595e-7,1,2.6397740882089239e-8,-0.9999743700027466,-1.2852952124831064e-7,0.007156846113502979],12,2.572080135345459],[[753.77001953125,237.31231689453126,46.2375602722168,0.007156846113502979,-1.745667255192984e-8,0.9999743700027466,-8.796747863470955e-8,1,1.8086705466657805e-8,-0.9999743700027466,-8.809467288983797e-8,0.007156846113502979],12,2.5869879722595217],[[753.77001953125,237.54562377929688,46.2375602722168,0.0071567269042134289,-4.098348327374879e-9,0.9999743700027466,-2.0730990257789018e-8,1,4.2468228933500999e-9,-0.9999743700027466,-2.0760852592616176e-8,0.0071567269042134289],12,2.6056251525878908],[[753.77001953125,237.68560791015626,46.2375602722168,0.0071567269042134289,3.9098049242625169e-9,0.9999743700027466,1.9576424037381913e-8,1,-4.050011881417959e-9,-0.9999743700027466,1.9604907919301696e-8,0.0071567269042134289],12,2.620375394821167],[[753.77001953125,237.87225341796876,46.2375602722168,0.0071567269042134289,1.4579359941535586e-8,0.9999743700027466,7.327944473445314e-8,1,-1.510418812245007e-8,-0.9999743700027466,7.338567087344927e-8,0.0071567269042134289],12,2.637657403945923],[[753.77001953125,238.10556030273438,46.2375602722168,0.0071567269042134289,1.7314889078079433e-8,0.9999743700027466,8.708562404535769e-8,1,-1.793859638610229e-8,-0.9999743700027466,8.721177380266454e-8,0.0071567269042134289],12,2.655362129211426],[[753.77001953125,238.29220581054688,46.2375602722168,0.0071567269042134289,1.3856372049758648e-8,0.9999743700027466,6.972778265890156e-8,1,-1.4355762800732919e-8,-0.9999743700027466,6.982873657079836e-8,0.0071567269042134289],12,2.672930955886841],[[753.77001953125,238.47885131835938,46.2375602722168,0.0071567269042134289,1.0400811767397045e-8,0.9999743700027466,5.238477385205442e-8,1,-1.0775991654554673e-8,-0.9999743700027466,5.246055323482324e-8,0.0071567269042134289],12,2.6887917518615724],[[753.77001953125,238.66549682617188,46.2375602722168,0.0071567269042134289,6.948205122370155e-9,0.9999743700027466,3.505658341396156e-8,1,-7.1992798389430849e-9,-0.9999743700027466,3.510720603117079e-8,0.0071567269042134289],12,2.705997943878174],[[753.77001953125,238.80548095703126,46.2375602722168,0.0071567269042134289,4.360686478577236e-9,0.9999743700027466,2.2070157257303437e-8,1,-4.518752483306798e-9,-0.9999743700027466,2.2101930952089789e-8,0.0071567269042134289],12,2.7217564582824709],[[753.77001953125,239.03878784179688,46.2375602722168,0.0071567269042134289,5.184143045400269e-11,0.9999743700027466,4.44604908445001e-10,1,-5.502475558527564e-11,-0.9999743700027466,4.4498732476583316e-10,0.0071567269042134289],12,2.7385940551757814],[[753.77001953125,239.22543334960938,46.2375602722168,0.007156488485634327,-3.3919200781440397e-9,0.9999743700027466,-1.6839209138197476e-8,1,3.5125196085061818e-9,-0.9999743700027466,-1.6863914709119855e-8,0.007156488485634327],12,2