[[[776,222.69961547851563,47,1,-2.6537016140082416e-8,-1.763813297890951e-14,2.6537016140082416e-8,1,3.585106611581068e-8,1.6686752348817059e-14,-3.585106611581068e-8,1],8,0.0274655818939209],[[776,222.69961547851563,47,1,-5.318939244602916e-8,-1.9283572405982137e-14,5.318939244602916e-8,1,7.185794004271884e-8,1.54614920855594e-14,-7.185794004271884e-8,1],8,0.04760384559631348],[[776,222.69961547851563,47,1,-6.84014267449129e-8,-2.065275881357135e-14,6.84014267449129e-8,1,9.24091381193648e-8,1.433184151325602e-14,-9.24091381193648e-8,1],8,0.053891897201538089],[[776,222.69961547851563,47,1,-6.564422960764205e-8,-2.0478473314344306e-14,6.564422960764205e-8,1,8.868421730312548e-8,1.4656866689842335e-14,-8.868421730312548e-8,1],8,0.06449460983276367],[[776,222.69961547851563,47,-0.991383969783783,3.913891788442925e-8,0.13098794221878053,4.92291896136976e-8,1,7.379390609685288e-8,-0.13098794221878053,7.960652226302045e-8,-0.991383969783783],8,0.08000922203063965],[[776,222.69961547851563,47,-0.9848160743713379,2.357353601212253e-8,0.1736009567975998,3.282330496290342e-8,1,5.041090389568126e-8,-0.1736009567975998,5.534362657044767e-8,-0.9848160743713379],8,0.10289597511291504],[[775.7796020507813,222.69961547851563,46.950077056884769,-0.9718612432479858,9.086764229948585e-9,0.23555415868759156,1.413830208463196e-8,1,1.9756402735993107e-8,-0.23555415868759156,2.2530818100108264e-8,-0.9718612432479858],8,0.11545562744140625],[[775.5866088867188,222.69961547851563,46.90288162231445,-0.9675232768058777,2.2933417387349665e-9,0.25278186798095705,2.754668937399174e-9,1,1.471089805527015e-9,-0.25278186798095705,2.1196440158632869e-9,-0.9675232768058777],8,0.13736748695373536],[[775.2640380859375,222.69961547851563,46.81903839111328,-0.9619413018226624,-8.387280203692172e-9,0.2732561528682709,-1.6836867899883147e-8,1,-2.857684577861619e-8,-0.2732561528682709,-3.2090024859599e-8,-0.9619413018226624],8,0.1450512409210205],[[775.1997680664063,222.69961547851563,46.80132293701172,-0.9585071802139282,-1.0117561011213639e-8,0.28506848216056826,-2.082626515687025e-8,1,-3.453402896980151e-8,-0.28506848216056826,-3.903802436866499e-8,-0.9585071802139282],8,0.15351366996765138],[[775.0078735351563,222.69961547851563,46.74504470825195,-0.9544306993484497,-1.5945561315788838e-8,0.29843270778656008,-3.30379172908124e-8,1,-5.222898735723902e-8,-0.29843270778656008,-5.970854033421347e-8,-0.9544306993484497],8,0.16347789764404298],[[774.8804931640625,222.69961547851563,46.70574951171875,-0.9490717053413391,-1.9147474716874059e-8,0.3150601387023926,-4.137944031867846e-8,1,-6.387536188867671e-8,-0.3150601387023926,-7.365930798641785e-8,-0.9490717053413391],8,0.17485618591308595],[[774.6904296875,222.69961547851563,46.6434440612793,-0.9362673759460449,-2.267127641175648e-8,0.35128825902938845,-5.4546610783745567e-8,1,-8.084225555649027e-8,-0.35128825902938845,-9.485155061383921e-8,-0.9362673759460449],8,0.18513083457946778],[[774.502685546875,222.69961547851563,46.5745964050293,-0.9280498027801514,-2.6875429881556557e-8,0.3724561035633087,-6.808695474092019e-8,1,-9.74951177568073e-8,-0.3724561035633087,-1.1583972536755027e-7,-0.9280498027801514],8,0.19631552696228028],[[774.378662109375,222.69961547851563,46.52573013305664,-0.9101842641830444,-1.8815169866570615e-8,0.41420358419418337,-5.7090254301783719e-8,1,-8.002702855947064e-8,-0.41420358419418337,-9.648633181313926e-8,-0.9101842641830444],8,0.2067098617553711],[[774.1959228515625,222.69961547851563,46.44459533691406,-0.9005455374717712,-1.2461392806528693e-8,0.43476173281669619,-4.001369191541926e-8,1,-5.4219945866407218e-8,-0.43476173281669619,-6.622395432032136e-8,-0.9005455374717712],8,0.2179698944091797],[[774.0154418945313,222.69961547851563,46.3585090637207,-0.8912351131439209,-6.914974814975494e-9,0.45354163646698,-2.2411247968534555e-8,1,-2.879276195244529e-8,-0.45354163646698,-3.5825554078883218e-8,-0.8912351131439209],8,0.23067903518676759],[[773.8367919921875,222.69961547851563,46.268558502197269,-0.8740026354789734,-1.4435111994615113e-9,0.485921174287796,-3.900011869006903e-9,1,-4.044090839983028e-9,-0.485921174287796,-5.429644289733915e-9,-0.8740026354789734],8,0.24533367156982423],[[773.60302734375,222.69961547851563,46.140289306640628,-0.8591907024383545,4.251475616001699e-9,0.5116554498672485,2.1731267452196336e-8,1,2.8182691735878508e-8,-0.5116554498672485,3.533322967541608e-8,-0.8591907024383545],8,0.2692277431488037],[[773.3159790039063,222.69961547851563,45.97078323364258,-0.842682421207428,1.0048475829194104e-8,0.5384109020233154,5.49888277134869e-8,1,6.740138758232206e-8,-0.5384109020233154,8.640455462227692e-8,-0.842682421207428],8,0.2784092426300049],[[773.2030639648438,222.69961547851563,45.89992141723633,-0.8379481434822083,1.2055337172967029e-8,0.545749843120575,6.84183021348872e-8,1,8.296044740063735e-8,-0.545749843120575,1.0685582907399294e-7,-0.8379481434822083],8,0.28847765922546389],[[773.0911254882813,222.69961547851563,45.827537536621097,-0.8341156840324402,1.1952046463648003e-8,0.5515895485877991,6.999378854288807e-8,1,8.417649155489926e-8,-0.5515895485877991,1.0882077816631863e-7,-0.8341156840324402],8,0.2982044219970703],[[772.8129272460938,222.69961547851563,45.64396667480469,-0.8341155648231506,8.268890461238243e-9,0.5515897274017334,4.405415765518228e-8,1,5.162780425393976e-8,-0.5515897274017334,6.736337354595889e-8,-0.8341155648231506],8,0.31880903244018557],[[772.7017211914063,222.69961547851563,45.5704231262207,-0.8341156840324402,6.796755602778148e-9,0.5515895485877991,3.368606726894541e-8,1,3.861806519012134e-8,-0.5515895485877991,5.0792813510724957e-8,-0.8341156840324402],8,0.32625365257263186],[[772.5905151367188,222.69961547851563,45.49687576293945,-0.8341156840324402,5.325232699249227e-9,0.5515895485877991,2.332240534030916e-8,1,2.561388612321025e-8,-0.5515895485877991,3.4229337586566547e-8,-0.8341156840324402],8,0.33406519889831545],[[772.4793090820313,222.69961547851563,45.4233283996582,-0.8341156840324402,3.854337737863034e-9,0.5515895485877991,1.2963172757451958e-8,1,1.2615264388671222e-8,-0.5515895485877991,1.7672940444413144e-8,-0.8341156840324402],8,0.3446969985961914],[[772.3125,222.69961547851563,45.31300735473633,-0.8321844935417175,1.5874389580616822e-9,0.5544988512992859,-2.635330176303796e-9,1,-6.817904019129628e-9,-0.5544988512992859,-7.135041446559853e-9,-0.8321844935417175],8,0.354750394821167],[[772.2014770507813,222.69961547851563,45.239173889160159,-0.8321841955184937,1.1811948641415882e-10,0.5544992685317993,-1.3028784273672045e-8,1,-1.9766424941281003e-8,-0.5544992685317993,-2.3673758065001495e-8,-0.8321841955184937],8,0.3663370609283447],[[772.0350341796875,222.69961547851563,45.12828826904297,-0.8369958996772766,-2.2914790065442505e-9,0.5472091436386108,-2.844048196948279e-8,1,-3.931419811920023e-8,-0.5472091436386108,-4.846871348718196e-8,-0.8369958996772766],8,0.37836408615112307],[[771.8678588867188,222.69961547851563,45.01856994628906,-0.8407986164093018,-4.831451239084572e-9,0.5413480401039124,-4.370544104403962e-8,1,-5.8956565851531198e-8,-0.5413480401039124,-7.323045281282248e-8,-0.8407986164093018],8,0.3900942802429199],[[771.6998291015625,222.69961547851563,44.910064697265628,-0.8537840843200684,-8.82060025020337e-9,0.5206272602081299,-5.847607553732814e-8,1,-7.895349085629278e-8,-0.5206272602081299,-9.785347288016055e-8,-0.8537840843200684],8,0.40233492851257326],[[771.529541015625,222.69961547851563,44.80514144897461,-0.8627468347549439,-1.096390089827537e-8,0.5056361556053162,-6.261052476475015e-8,1,-8.514646765434009e-8,-0.5056361556053162,-1.0511799075629824e-7,-0.8627468347549439],8,0.414417028427124],[[771.3573608398438,222.69961547851563,44.703407287597659,-0.8839969635009766,-1.245263447913203e-8,0.4674926996231079,-4.716941859328472e-8,1,-6.255709905644835e-8,-0.4674926996231079,-7.73516433127952e-8,-0.8839969635009766],8,0.4259059429168701],[[771.240234375,222.69961547851563,44.639732360839847,-0.8951644897460938,-1.2281851091699992e-8,0.44573599100112917,-3.725198283177633e-8,1,-4.725847091435753e-8,-0.44573599100112917,-5.890865395485889e-8,-0.8951644897460938],8,0.4362375736236572],[[771.0617065429688,222.69961547851563,44.54955291748047,-0.9172818064689636,-1.2264186111110576e-8,0.39823871850967409,-2.3605474908094949e-8,1,-2.357552553178266e-8,-0.39823871850967409,-3.102601553450768e-8,-0.9172818064689636],8,0.44832897186279299],[[770.8790893554688,222.69961547851563,44.46805191040039,-0.9273998737335205,-9.988530891291703e-9,0.37407150864601138,-1.059242649148473e-8,1,4.4140213706356237e-10,-0.37407150864601138,-3.552968586006955e-9,-0.9273998737335205],8,0.46088695526123049],[[770.694091796875,222.69961547851563,44.3922233581543,-0.9451512098312378,-7.073347241259853e-9,0.326633095741272,1.1802909760660896e-9,1,2.5070638898228027e-8,-0.326633095741272,2.4081067806491775e-8,-0.9451512098312378],8,0.4712996482849121],[[770.5686645507813,222.69961547851563,44.34699630737305,-0.9528547525405884,-4.428704958314711e-9,0.30342674255371096,8.620992808516803e-9,1,4.1668243966341836e-8,-0.30342674255371096,4.231962336120887e-8,-0.9528547525405884],8,0.4830200672149658],[[770.3784790039063,222.69961547851563,44.28517150878906,-0.9599897265434265,-3.1353383778132129e-10,0.2800352871417999,1.916426484172007e-8,1,6.681668907049243e-8,-0.2800352871417999,6.951000841581845e-8,-0.9599897265434265],8,0.49492359161376955],[[770.1868286132813,222.69961547851563,44.22821807861328,-0.9717130064964294,5.919420509314932e-9,0.23616483807563783,2.8548956976237606e-8,1,9.240144294153652e-8,-0.23616483807563783,9.652994492626022e-8,-0.9717130064964294],8,0.5054287910461426],[[769.992919921875,222.69961547851563,44.17927551269531,-0.9764488935470581,9.374810261419953e-9,0.21574890613555909,3.197601827764629e-8,1,1.0126650806796533e-7,-0.21574890613555909,1.057803586945738e-7,-0.9764488935470581],8,0.5197627544403076],[[769.7986450195313,222.67919921875,44.131954193115237,-0.9833883047103882,1.1214753570243375e-8,0.18151429295539857,2.5451702967416169e-8,1,7.610504582089561e-8,-0.18151429295539857,7.946066205022362e-8,-0.9833883047103882],8,0.530759334564209],[[769.6043701171875,222.62811279296876,44.084716796875,-0.9858284592628479,1.047632469663995e-8,0.16775637865066529,1.9283548979842636e-8,1,5.087107624035525e-8,-0.16775637865066529,5.3385097231739567e-8,-0.9858284592628479],8,0.5418033599853516],[[769.474853515625,222.5770263671875,44.05323028564453,-0.9891282916069031,1.0361986824136693e-8,0.14705516397953034,1.552698591922308e-8,1,3.397496328716443e-8,-0.14705516397953034,3.58889202800583e-8,-0.9891282916069031],8,0.5526988506317139],[[769.2805786132813,222.474853515625,44.00600051879883,-0.9898850917816162,8.704239107260037e-9,0.1418716013431549,1.0027918939670144e-8,1,8.615173463510928e-9,-0.1418716013431549,9.950708701467193e-9,-0.9898850917816162],8,0.5643007755279541],[[768.956787109375,223.5449676513672,43.927284240722659,-0.9917709231376648,5.769048794235232e-9,0.1280253529548645,1.4616453603011337e-9,1,-3.373887835778078e-8,-0.1280253529548645,-3.327410880160642e-8,-0.9917709231376648],3,0.5877246856689453],[[768.69384765625,224.33973693847657,43.88485336303711,-0.9801719188690186,3.5794061048477489e-9,0.19814902544021607,-9.912916709708952e-9,1,-6.709984745612019e-8,-0.19814902544021607,-6.773361604928141e-8,-0.9801719188690186],5,0.6090097427368164],[[768.4288330078125,225.0800018310547,43.855255126953128,-0.9746969938278198,-2.010167587940259e-9,0.2235303521156311,-2.487470140977166e-8,1,-9.947252266329088e-8,-0.2235303521156311,-1.0251581983311553e-7,-0.9746969938278198],5,0.6159653663635254],[[768.3624877929688,225.25656127929688,43.84852981567383,-0.9920100569725037,-1.4673600112757868e-8,0.12615899741649629,-2.848609348404807e-8,1,-1.0768071234679155e-7,-0.12615899741649629,-1.1041412051326916e-7,-0.9920100569725037],5,0.6259500980377197],[[768.1634521484375,225.76577758789063,43.82958221435547,-0.9814146161079407,-1.4622245636530807e-8,0.1918993592262268,-4.0682991198082166e-8,1,-1.3186409830723279e-7,-0.1918993592262268,-1.3722039682306787e-7,-0.9814146161079407],5,0.6361210346221924],[[767.9644165039063,226.2443389892578,43.81090545654297,-0.9813697934150696,-2.2704222502056838e-8,0.1921284943819046,-5.368963940100002e-8,1,-1.5606831027525914e-7,-0.1921284943819046,-1.6347603093436192e-7,-0.9813697934150696],5,0.6452343463897705],[[767.8980102539063,226.3970489501953,43.804683685302737,-0.9919779896736145,-3.440004903154659e-8,0.1264105886220932,-5.337269470828687e-8,1,-1.4670042958186969e-7,-0.1264105886220932,-1.5227047356347612e-7,-0.9919779896736145],5,0.6553764343261719],[[767.6987915039063,226.83473205566407,43.78601837158203,-0.9813599586486816,-2.718022429348821e-8,0.19217856228351594,-5.111673928581695e-8,1,-1.1959554058194045e-7,-0.19217856228351594,-1.271898213417444e-7,-0.9813599586486816],5,0.6681759357452393],[[767.4995727539063,227.24176025390626,43.76735305786133,-0.9813589453697205,-2.9357929420825714e-8,0.1921837031841278,-4.8282306153168977e-8,1,-9.378707233054229e-8,-0.1921837031841278,-1.0131785188605136e-7,-0.9813589453697205],5,0.6773824691772461],[[767.3667602539063,227.49607849121095,43.75490951538086,-0.9872158765792847,-3.346327304143415e-8,0.1593889743089676,-4.635630901361765e-8,1,-7.717228101000728e-8,-0.1593889743089676,-8.35743847460435e-8,-0.9872158765792847],5,0.6875796318054199],[[767.1675415039063,227.85202026367188,43.736244201660159,-0.9813587069511414,-3.161579442689799e-8,0.1921849101781845,-4.261778130398852e-8,1,-5.3113112130631637e-8,-0.1921849101781845,-6.031351063029433e-8,-0.9813587069511414],5,0.697523832321167],[[767.0347290039063,228.07228088378907,43.72380065917969,-0.9872158169746399,-3.359904354738319e-8,0.1593892127275467,-4.008828824453303e-8,1,-3.749781640749461e-8,-0.1593892127275467,-4.3408078909124018e-8,-0.9872158169746399],5,0.7072932720184326],[[766.8355102539063,228.3771209716797,43.705135345458987,-0.9813587069511414,-3.1989685567168638e-8,0.19218499958515168,-3.548126414898434e-8,1,-1.4726236230444556e-8,-0.19218499958515168,-2.127068654544928e-8,-0.9813587069511414],5,0.7177574634552002],[[766.6362915039063,228.65130615234376,43.68647003173828,-0.9813591241836548,-3.122666925037265e-8,0.1921830028295517,-3.035645690374622e-8,1,7.472479524039955e-9,-0.1921830028295517,1.4991911045925122e-9,-0.9813591241836548],5,0.7322821617126465],[[766.4370727539063,228.89483642578126,43.66780471801758,-0.9810217022895813,-2.9875053542127719e-8,0.19389784336090089,-2.4674207566022234e-8,1,2.92376558519436e-8,-0.19389784336090089,2.3898500955965575e-8,-0.9810217022895813],5,0.7444033622741699],[[766.238037109375,229.1077117919922,43.648860931396487,-0.9803386926651001,-2.803352394664671e-8,0.19732214510440827,-1.8391082434732199e-8,1,5.069899344789519e-8,-0.19732214510440827,4.6073218129549789e-8,-0.9803386926651001],5,0.7545490264892578],[[766.0390014648438,229.28993225097657,43.629295349121097,-0.9796434640884399,-2.5713871920629573e-8,0.20074518024921418,-1.1496182672487976e-8,1,7.199032836524566e-8,-0.20074518024921418,6.821705511583787e-8,-0.9796434640884399],5,0.7660946846008301],[[765.8399658203125,229.44149780273438,43.609039306640628,-0.978217363357544,-2.3163925888525229e-8,0.20758309960365296,-3.899228939729937e-9,1,9.321390592731405e-8,-0.20758309960365296,9.037405135359222e-8,-0.978217363357544],5,0.7792401313781738],[[765.7073974609375,229.52549743652345,43.59476089477539,-0.984589159488678,-1.7573540844750825e-8,0.17488349974155427,1.2476270017103275e-9,1,1.0751123369345805e-7,-0.17488349974155427,1.060725765000825e-7,-0.984589159488678],5,0.7942416667938232],[[765.4422607421875,229.65264892578126,43.56575393676758,-0.970759928226471,-1.9750270752183498e-8,0.2400525063276291,1.3293222522747783e-8,1,1.3603190041067138e-7,-0.2400525063276291,1.352453864456038e-7,-0.970759928226471],5,0.8044602870941162],[[765.11083984375,229.7349395751953,43.52943801879883,-0.9622250199317932,-1.4649444324277283e-8,0.2722553610801697,2.8533790441542807e-8,1,1.5465396074887395e-7,-0.2722553610801697,1.5658039842492145e-7,-0.9622250199317932],5,0.8246212005615234],[[764.978271484375,229.7440185546875,43.51491165161133,-0.984589159488678,1.077638334123776e-8,0.17488333582878114,3.4821024286202376e-8,1,1.3442115687212209e-7,-0.17488333582878114,1.384392334102813e-7,-0.984589159488678],5,0.8331699371337891],[[764.845703125,229.7394561767578,43.50038528442383,-0.984589159488678,2.015398692378767e-8,0.17488333582878114,4.0782680343909308e-8,1,1.1436308255952099e-7,-0.17488333582878114,1.1973286007105345e-7,-0.984589159488678],5,0.8435635566711426],[[764.713134765625,229.72128295898438,43.48585891723633,-0.984589159488678,2.9200331042034123e-8,0.17488333582878114,4.6428244360186e-8,1,9.441959747391593e-8,-0.17488333582878114,1.0108404069342214e-7,-0.984589159488678],5,0.8525276184082031],[[764.5142822265625,229.66847229003907,43.46406936645508,-0.9782178401947022,3.926438196799609e-8,0.20758093893527986,5.3821050727265177e-8,1,6.447763922778904e-8,-0.20758093893527986,7.424539916200956e-8,-0.9782178401947022],5,0.8649623394012451],[[764.3154296875,229.5850067138672,43.44227981567383,-0.9785785675048828,5.218613807755901e-8,0.2058737576007843,6.058828461164012e-8,1,3.450784191727507e-8,-0.2058737576007843,4.624217098125882e-8,-0.9785785675048828],5,0.8771882057189941],[[764.1207885742188,229.47088623046876,43.434791564941409,-0.9831013083457947,6.476815173073192e-8,0.18306241929531098,6.684971509685056e-8,1,5.19981924185231e-9,-0.18306241929531098,1.7349620407003387e-8,-0.9831013083457947],5,0.8964972496032715],[[763.810546875,229.21255493164063,43.46990203857422,-0.9783361554145813,8.342970403418804e-8,0.20702262222766877,7.597465412345628e-8,1,-4.3961140505643928e-8,-0.20702262222766877,-2.728030068510634e-8,-0.9783361554145813],5,0.921302080154419],[[763.4627075195313,228.79014587402345,43.59022903442383,-0.9777255058288574,1.0570706621138015e-7,0.20988765358924867,8.556748554156002e-8,1,-1.0503502068104354e-7,-0.20988765358924867,-8.473585921819904e-8,-0.9777255058288574],5,0.9396357536315918],[[763.2994384765625,228.532958984375,43.68216323852539,-0.9938339591026306,9.478333140577888e-8,0.11087854206562042,8.176191101938457e-8,1,-1.219854084411054e-7,-0.11087854206562042,-1.1216759787657793e-7,-0.9938339591026306],5,0.9466245174407959],[[763.1950073242188,228.34446716308595,43.75505828857422,-0.9970554709434509,7.402299218028929e-8,0.07668402791023255,6.543013597593017e-8,1,-1.1456779702712083e-7,-0.07668402791023255,-1.0921299775645821e-7,-0.9970554709434509],5,0.9553048610687256],[[763.0454711914063,228.0361785888672,43.88159942626953,-0.9952432513237,5.1180037985432139e-8,0.09742127358913422,4.1407357542766479e-8,1,-1.023353703999419e-7,-0.09742127358913422,-9.781462750879655e-8,-0.9952432513237],5,0.9658949375152588],[[762.9490356445313,227.81362915039063,43.973209381103519,-0.9978358149528503,3.155852112968205e-8,0.06575464457273483,2.5441675433057754e-8,1,-9.386265986677245e-8,-0.06575464457273483,-9.198661388154506e-8,-0.9978358149528503],5,0.9765856266021729],[[762.8533325195313,227.57745361328126,44.06598663330078,-0.9978497624397278,1.5187957558282507e-8,0.06554248183965683,9.645353848952709e-9,1,-8.488148495189307e-8,-0.06554248183965683,-8.406679086192526e-8,-0.9978497624397278],5,0.9866845607757568],[[762.6622924804688,227.06422424316407,44.25202178955078,-0.9939671158790588,-1.3948457500134737e-8,0.1096787378191948,-2.1183911513844579e-8,1,-6.480430414512739e-8,-0.1096787378191948,-6.673676722357414e-8,-0.9939671158790588],5,1.0004754066467286],[[762.5673828125,226.78717041015626,44.34567642211914,-0.9985660314559937,-3.374309898163119e-8,0.05353338643908501,-3.6708360795500997e-8,1,-5.4407667704481358e-8,-0.05353338643908501,-5.6294773287390856e-8,-0.9985660314559937],5,1.0113129615783692],[[762.4257202148438,226.34603881835938,44.48685073852539,-0.997216522693634,-5.6640409695773999e-8,0.07455987483263016,-5.960499294133115e-8,1,-3.753597255240493e-8,-0.07455987483263016,-4.187563362734181e-8,-0.997216522693634],5,1.0217511653900147],[[762.3316650390625,226.03492736816407,44.5814094543457,-0.9992780685424805,-7.395766488116351e-8,0.037991978228092197,-7.499466647686859e-8,1,-2.587017711164208e-8,-0.037991978228092197,-2.8700695153816015e-8,-0.9992780685424805],5,1.031928300857544],[[762.1920776367188,225.54270935058595,44.7246208190918,-0.9982574582099915,-9.710770143556147e-8,0.059009309858083728,-9.768998410208951e-8,1,-6.982801004085104e-9,-0.059009309858083728,-1.273525107592377e-8,-0.9982574582099915],5,1.0438919067382813],[[762.0534057617188,225.01983642578126,44.86870574951172,-0.9988099932670593,-1.208173898703535e-7,0.04877055436372757,-1.2031509299958999e-7,1,1.3234863871502967e-8,-0.04877055436372757,7.3512809173337249e-9,-0.9988099932670593],5,1.0548336505889893],[[761.9617309570313,224.6542205810547,44.96556854248047,-0.9998556971549988,-1.359656494059891e-7,0.01698951981961727,-1.3552082123169385e-7,1,2.7334570162906858e-8,-0.01698951981961727,2.5028191075193719e-8,-0.9998556971549988],5,1.0662510395050049],[[761.8253173828125,224.0802459716797,45.11178970336914,-0.9992139339447022,-1.4303785178526597e-7,0.039641715586185458,-1.4138682047359908e-7,1,4.445243462214421e-8,-0.039641715586185458,3.8812679292732358e-8,-0.9992139339447022],5,1.0771269798278809],[[761.6991577148438,224.0830535888672,45.24723815917969,-0.9998587965965271,-1.1552565126748959e-7,-0.01680329255759716,-1.1630627483327771e-7,1,4.5479172428031237e-8,0.01680329255759716,4.7427079152839727e-8,-0.9998587965965271],12,1.0892045497894288],[[761.5881958007813,224.21580505371095,45.366336822509769,-0.9990344643592835,-9.028943281919055e-8,-0.04393398389220238,-9.230043929164822e-8,1,4.374494722014788e-8,0.04393398389220238,4.775783679633605e-8,-0.9990344643592835],12,1.1020467281341553],[[761.4924926757813,224.3554229736328,45.46908187866211,-0.9983548521995544,-6.598851598482725e-8,-0.05733722820878029,-6.849609235359822e-8,1,4.176847667736183e-8,0.05733722820878029,4.562713584732592e-8,-0.9983548521995544],12,1.1135525703430176],[[761.4371337890625,224.44873046875,45.528499603271487,-0.9982987642288208,-5.021337301513995e-8,-0.05830598995089531,-5.265907887519461e-8,1,4.0409585011502716e-8,0.05830598995089531,4.341117687545193e-8,-0.9982987642288208],12,1.1277990341186524],[[761.3467407226563,224.6353759765625,45.62553024291992,-0.9980826377868652,-1.8628719899993486e-8,-0.061895377933979037,-2.1007808825856956e-8,1,3.778650281560658e-8,0.061895377933979037,3.901433842656843e-8,-0.9980826377868652],12,1.1385228633880616],[[761.3117065429688,224.72869873046876,45.663143157958987,-0.9980777502059937,-2.9231570497501026e-9,-0.06197409704327583,-5.193645513656975e-9,1,3.6474997244795307e-8,0.06197409704327583,3.672675674692982e-8,-0.9980777502059937],12,1.148517370223999],[[761.283447265625,224.822021484375,45.6934928894043,-0.9980774521827698,1.277260253118584e-8,-0.06197894737124443,1.0613580236906728e-8,1,3.5163996159326419e-8,0.06197894737124443,3.44385746586795e-8,-0.9980774521827698],12,1.1583003997802735],[[761.2537231445313,224.96200561523438,45.72539138793945,-0.998077392578125,3.630334788340406e-8,-0.06198028475046158,3.431166106793171e-8,1,3.319854968708569e-8,0.06198028475046158,3.1008074330429739e-8,-0.998077392578125],12,1.168867588043213],[[761.2423706054688,225.05532836914063,45.73757553100586,-0.9980773329734802,5.198211638912653e-8,-0.06198130175471306,5.010192438703598e-8,1,3.188896968708832e-8,0.06198130175471306,2.8722274336701049e-8,-0.9980773329734802],12,1.1790435314178467],[[761.2372436523438,225.1953125,45.74306869506836,-0.9980773329734802,7.548765523779366e-8,-0.06198122724890709,7.377467170499585e-8,1,2.9925647737627517e-8,0.06198122724890709,2.5295467054320399e-8,-0.9980773329734802],12,1.1885993480682374],[[761.2369995117188,225.28863525390626,45.74336624145508,-0.9980772733688355,9.114965138223852e-8,-0.061981454491615298,8.954807384498054e-8,1,2.8617472835890113e-8,0.061981454491615298,2.3012130867527959e-8,-0.9980772733688355],12,1.198955774307251],[[761.2369995117188,225.42861938476563,45.743412017822269,-0.9980772733688355,1.1463008320333756e-7,-0.061981454491615298,1.1319553294697471e-7,1,2.6656259421997676e-8,0.061981454491615298,1.958898465659331e-8,-0.9980772733688355],12,1.2116217613220215],[[761.2369995117188,225.568603515625,45.743412017822269,-0.9980772733688355,1.0181676657339267e-7,-0.061981454491615298,1.0083788026804541e-7,1,1.8921344491218407e-8,0.061981454491615298,1.2634886026319237e-8,-0.9980772733688355],12,1.22157883644104],[[761.2369995117188,225.66192626953126,45.743412017822269,-0.9980772733688355,8.118882277585726e-8,-0.061981454491615298,8.060976597334957e-8,1,1.1842914204862609e-8,0.061981454491615298,6.823832610081126e-9,-0.9980772733688355],12,1.2321908473968506],[[761.2369995117188,225.80191040039063,45.743412017822269,-0.9980772733688355,5.0263441409015289e-8,-0.061981454491615298,5.028382688010424e-8,1,1.2309419039624459e-9,0.061981454491615298,-1.8880896845985264e-9,-0.9980772733688355],12,1.2448105812072755],[[761.2369995117188,225.94189453125,45.743412017822269,-0.9980772733688355,1.9357896618998894e-8,-0.061981454491615298,1.9977335341536674e-8,1,-9.37422584001979e-9,0.061981454491615298,-1.0594426669285895e-8,-0.9980772733688355],12,1.2549607753753663],[[761.2369995117188,226.08187866210938,45.743412017822269,-0.9980772733688355,-1.1527822252332954e-8,-0.061981454491615298,-1.0309714859602082e-8,1,-1.9972594245132315e-8,0.061981454491615298,-1.9295182340783869e-8,-0.9980772733688355],12,1.2677574157714844],[[761.2369995117188,226.22186279296876,45.743412017822269,-0.9981839060783386,-4.23600567955873e-8,-0.060240209102630618,-4.059577562998129e-8,1,-3.0511348114714568e-8,0.060240209102630618,-2.8010438413161866e-8,-0.9981839060783386],12,1.2800588607788087],[[761.2369995117188,226.36184692382813,45.743412017822269,-0.9983881711959839,-7.310814709171609e-8,-0.056754790246486667,-7.089901998824644e-8,1,-4.0937610634728119e-8,0.056754790246486667,-3.684776572754345e-8,-0.9983881711959839],12,1.291353464126587],[[761.2369995117188,226.5018310546875,45.743412017822269,-0.9987602829933167,-1.03675326101893e-7,-0.04977905750274658,-1.012548835888083e-7,1,-5.1145384816209119e-8,0.04977905750274658,-4.604160608323582e-8,-0.9987602829933167],12,1.3065009117126465],[[761.2369995117188,226.82846069335938,45.743412017822269,-0.9971135258674622,-5.7618116500179897e-8,-0.07592536509037018,-5.6062710029891608e-8,1,-2.2617387074319596e-8,0.07592536509037018,-1.8295521542199823e-8,-0.9971135258674622],12,1.3467578887939454],[[761.2369995117188,227.061767578125,45.743412017822269,-0.9820920825004578,-2.56290189071251e-8,-0.18840162456035615,-2.633711027044683e-8,1,1.2550244177234049e-9,0.18840162456035615,6.194503576750776e-9,-0.9820920825004578],12,1.3536803722381592],[[761.2369995117188,227.15509033203126,45.743412017822269,-0.9585016369819641,-1.1420094203629106e-8,-0.28508704900741579,-1.546304062571835e-8,1,1.1930584520314369e-8,0.28508704900741579,1.5843797385173276e-8,-0.9585016369819641],12,1.3626718521118165],[[761.2369995117188,227.2484130859375,45.743412017822269,-0.915874719619751,4.088019700532186e-9,-0.40146416425704958,-5.997098817545066e-9,1,2.3864174636401004e-8,0.40146416425704958,2.4264215525704459e-8,-0.915874719619751],12,1.371427297592163],[[761.2369995117188,227.34173583984376,45.743412017822269,-0.8501116037368774,2.092350470661586e-8,-0.526602566242218,1.6881850362082674e-9,1,3.700771955550408e-8,0.526602566242218,3.057168740383531e-8,-0.8501116037368774],12,1.381483554840088],[[761.1504516601563,227.25477600097657,45.66877365112305,-0.6552658677101135,-0.000021140847820788623,-0.7553983330726624,0.0000017583253111297382,1,-0.000029511606044252404,0.7553983330726624,-0.00002066618253593333,-0.6552658677101135],12,1.391784429550171],[[761.0888061523438,227.30252075195313,45.62898254394531,-0.5439218282699585,-0.00001947411692526657,-0.8391358852386475,-0.0000010076911394207855,1,-0.000022554168026545086,0.8391358852386475,-0.000011422114766901359,-0.5439218282699585],12,1.4023501873016358],[[760.9628295898438,227.38465881347657,45.58335876464844,-0.44242674112319949,-0.00007905529491836205,-0.8968046307563782,-0.000023172722649178469,1,-0.00007672022911719978,0.8968046307563782,-0.000013161677998141386,-0.44242674112319949],8,1.4136459827423096],[[760.8358154296875,227.4361114501953,45.579288482666019,-0.37463757395744326,0.00011918426025658846,-0.9271713495254517,-0.00001377272292302223,1,0.00013411117834039032,0.9271713495254517,0.00006301276152953506,-0.37463757395744326],5,1.4276866912841797],[[760.7493896484375,227.45693969726563,45.614139556884769,-0.37605559825897219,0.00003211259900126606,-0.9265971183776856,-0.000006492247848655097,1,0.000037291338230716067,0.9265971183776856,0.00002003931331273634,-0.37605559825897219],5,1.439753532409668],[[760.6456298828125,227.43699645996095,45.69966125488281,-0.41999557614326479,0.000025527837351546624,-0.9075261354446411,-0.000002379764282522956,1,0.000029230373911559583,0.9075261354446411,0.000014436325727729127,-0.41999557614326479],5,1.4564366340637208],[[760.5725708007813,227.3862762451172,45.78990936279297,-0.45018553733825686,0.00002695285002118908,-0.892935037612915,-8.629494345768762e-7,1,0.00003061962706851773,0.892935037612915,0.000014555070265487302,-0.45018553733825686],5,1.4671156406402588],[[760.542724609375,227.4449462890625,45.854148864746097,-0.42841750383377077,-0.0001143036934081465,-0.903580904006958,0.000018944168914458716,1,-0.00013548284186981618,0.903580904006958,-0.00007516080950153992,-0.42841750383377077],12,1.4782814979553223],[[760.5045776367188,227.57835388183595,45.929561614990237,-0.49179551005363467,0.00011354948219377548,-0.8707107305526733,-0.00007694078522035852,1,0.0001738678547553718,0.8707107305526733,0.00015250059368554503,-0.49179551005363467],12,1.4875009059906006],[[760.4827270507813,227.6709747314453,45.967044830322269,-0.5139110088348389,-0.0004744695033878088,-0.8578433990478516,0.00002098577533615753,0.9999998211860657,-0.000565667636692524,0.8578435182571411,-0.0003087053482886404,-0.5139108896255493],12,1.4992027282714844],[[760.458984375,227.81077575683595,46.00681686401367,-0.5395537614822388,-0.00026330226683057845,-0.8419511318206787,0.000027832262276206167,0.9999999403953552,-0.0003305646241642535,0.8419511318206787,-0.00020179079729132354,-0.539553701877594],12,1.5098600387573243],[[760.449462890625,227.9040985107422,46.0226936340332,-0.5780506134033203,-0.00010422593913972378,-0.8160008788108826,0.00002115239476552233,1,-0.00014271197142079473,0.8160009384155273,-0.00009975511056836694,-0.5780506134033203],12,1.5196309089660645],[[760.4443969726563,228.04408264160157,46.031009674072269,-0.5935541391372681,0.00000945727060752688,-0.8047940731048584,0.000008336796781804879,1,0.000005602588771580486,0.8047940731048584,-0.0000033839644402178239,-0.5935541391372681],12,1.5310757160186768],[[760.4440307617188,228.18406677246095,46.03155517578125,-0.6060956120491028,0.000025658651793492028,-0.7953917980194092,9.698572966954089e-7,1,0.00003152009594487026,0.7953917980194092,0.000018332775653107093,-0.6060956120491028],12,1.5432460308074952],[[760.4440307617188,228.3240509033203,46.031585693359378,-0.6267167925834656,0.00001237361993844388,-0.7792471051216126,-0.0000010890315707001719,1,0.00001675480598350987,0.7792471051216126,0.000011349143278494012,-0.6267167925834656],12,1.5558509826660157],[[760.4440307617188,228.4640350341797,46.03158187866211,-0.6388885378837586,0.0000019142696601193167,-0.769299328327179,-8.922812639866606e-7,1,0.000003229351477784803,0.769299328327179,0.0000027496271286509,-0.6388885378837586],12,1.5676136016845704],[[760.4440307617188,228.60401916503907,46.03158187866211,-0.6429101228713989,-0.0000013426463283394697,-0.7659416198730469,-3.0514024729200175e-7,1,-0.0000014968094319556258,0.7659416198730469,-7.285943297574704e-7,-0.6429101228713989],12,1.5779738426208497],[[760.4440307617188,228.6973419189453,46.03158187866211,-0.6442477107048035,-0.0000013620347090181895,-0.76481693983078,-6.387791273709809e-8,1,-0.0000017270558601012454,0.76481693983078,-0.000001063796844391618,-0.6442477107048035],12,1.587648630142212],[[760.4440307617188,228.79066467285157,46.03158187866211,-0.6375412940979004,-8.715618378118961e-7,-0.7704162001609802,4.140556697507236e-8,1,-0.0000011655513389996486,0.7704162001609802,-7.74986631313368e-7,-0.6375412940979004],12,1.5982592105865479],[[760.4440307617188,228.93064880371095,46.03158187866211,-0.6171392798423767,-2.1037941166923702e-7,-0.7868539690971375,4.85008655459751e-8,1,-3.0540763873432299e-7,0.7868539690971375,-2.266421290642029e-7,-0.6171392798423767],12,1.6087791919708253],[[760.4440307617188,229.0239715576172,46.03158187866211,-0.577934205532074,7.574055826964354e-10,-0.8160833716392517,1.8826392889081945e-8,1,-1.24043832983034e-8,0.8160833716392517,-2.2532823606979947e-8,-0.577934205532074],12,1.6197268962860108],[[760.4440307617188,229.2106170654297,46.03158187866211,-0.4336223304271698,8.389232419858672e-8,-0.9010946750640869,-2.546256361313226e-8,1,1.0535347882978385e-7,0.9010946750640869,6.862780566052607e-8,-0.4336223304271698],12,1.634012222290039],[[760.4440307617188,229.35060119628907,46.03158187866211,-0.3320395052433014,7.899858900373147e-8,-0.9432654976844788,-3.1198286620792717e-8,1,9.473223627765037e-8,0.9432654976844788,6.088311010898906e-8,-0.3320395052433014],12,1.646601676940918],[[760.4390258789063,229.4701690673828,46.04563522338867,-0.09692742675542832,6.515008266205769e-8,-0.9952914714813232,-2.467744408818362e-8,1,6.786152795257294e-8,0.9952914714813232,3.113889235351053e-8,-0.09692742675542832],8,1.6593832969665528],[[760.430419921875,229.55906677246095,46.08156967163086,-0.05690488591790199,4.207746684414815e-8,-0.9983795881271362,-1.1943164679451002e-8,1,4.2826489021763339e-8,0.9983795881271362,1.4360848510364122e-8,-0.05690488591790199],5,1.6735458374023438],[[760.4109497070313,229.6173095703125,46.13979721069336,0.07729095965623856,-0.00012406268797349185,-0.9970085620880127,0.0000023393911305902295,1,-0.00012425357999745756,0.9970085620880127,0.000007271285539900418,0.07729095965623856],5,1.6854727268218995],[[760.30810546875,229.64491271972657,46.219661712646487,0.15823011100292207,-0.00024056601978372782,-0.9874022603034973,0.0000020105692328797888,1,-0.00024331308668479323,0.9874022603034973,0.000036514215025817978,0.15823011100292207],5,1.6982035636901856],[[760.2342529296875,229.641845703125,46.3199577331543,0.18048980832099915,-0.00016750540817156434,-0.9835768342018127,-0.000017989357729675249,1,-0.00017360341735184193,0.9835768342018127,0.000049027563363779339,0.18048980832099915],5,1.710353136062622],[[760.201416015625,229.7528076171875,46.41208267211914,0.2602404057979584,-0.0005321285570971668,-0.9655436873435974,0.00006487044447567314,0.9999998807907105,-0.0005336336325854063,0.9655438661575317,0.0000762378258514218,0.2602404057979584],12,1.7228102684020997],[[760.1846313476563,229.9376983642578,46.50012969970703,0.28835445642471316,-0.0011646399507299066,-0.9575230479240418,0.0002024219138547778,0.9999992847442627,-0.001155345351435244,0.9575237035751343,0.00013932533329352736,0.2883544862270355],12,1.7384634017944337],[[760.18603515625,230.07748413085938,46.5399169921875,0.29454469680786135,-0.0009811960626393557,-0.9556372165679932,0.00014871555322315544,0.9999995231628418,-0.000980907934717834,0.9556376934051514,0.00014680312597192824,0.29454469680786135],12,1.7513580322265626],[[760.1865844726563,230.2641143798828,46.558563232421878,0.2924617826938629,-0.00025480726617388427,-0.9562771916389465,0.00003151061537209898,0.9999999403953552,-0.0002568205527495593,0.9562771916389465,0.000044977310608373958,0.2924617826938629],12,1.7680611610412598],[[760.1865234375,230.49742126464845,46.55930709838867,0.28120356798171999,0.00005935790250077844,-0.9596481323242188,-0.000008632387107354589,1,0.000059324291214579719,0.9596481323242188,-0.000008398146746912971,0.28120356798171999],12,1.7859742641448975],[[760.1865234375,230.6374053955078,46.5593147277832,0.2661437392234802,0.000041801158658927309,-0.9639333486557007,-0.000005384446467360249,1,0.000041878542106132957,0.9639333486557007,-0.000005955464075668715,0.2661437392234802],12,1.803062915802002],[[760.1865234375,230.8240509033203,46.5593147277832,0.2509629428386688,0.000005504971340997145,-0.9679967164993286,-6.664292300229135e-7,1,0.000005514194526767824,0.9679967164993286,-7.387571372419188e-7,0.2509629428386688],12,1.8188109397888184],[[760.1865234375,231.1506805419922,46.5593147277832,0.22381313145160676,-0.0000021471100808412304,-0.9746320843696594,2.125028828459108e-7,1,-0.0000021541966361837696,0.9746320843696594,2.7502534294399086e-7,0.22381313145160676],12,1.8457391262054444],[[760.1865234375,231.29066467285157,46.5593147277832,0.21358869969844819,-5.470795372275461e-7,-0.9769236445426941,7.619154729354705e-8,1,-5.433442424873647e-7,0.9769236445426941,4.1618868351633867e-8,0.21358869969844819],12,1.8574130535125733],[[760.1865234375,231.43064880371095,46.5593147277832,0.21358637511730195,1.169095824593569e-7,-0.9769241809844971,9.511191834121747e-10,1,1.19879032922654e-7,0.9769241809844971,-2.6533699681863255e-8,0.21358637511730195],12,1.869478702545166],[[760.1865234375,231.5706329345703,46.5593147277832,0.21358707547187806,1.7458322076890909e-7,-0.9769240021705627,-1.4569293327326705e-8,1,1.7552173403601047e-7,0.9769240021705627,-2.3256083281353314e-8,0.21358707547187806],12,1.8820855617523194],[[760.1865234375,231.7106170654297,46.5593147277832,0.2135876566171646,1.2868648013864004e-7,-0.9769238829612732,-1.7768659432704227e-8,1,1.2784140324129113e-7,0.9769238829612732,-9.94671633947064e-9,0.2135876566171646],12,1.8950214385986329],[[760.1865234375,231.85060119628907,46.5593147277832,0.21358683705329896,8.281921282105032e-8,-0.9769240617752075,-2.0966016478496387e-8,1,8.019164710049154e-8,0.9769240617752075,3.354326816307207e-9,0.21358683705329896],12,1.9087202548980713],[[760.1865234375,231.8771209716797,46.5593147277832,0.21358755230903626,3.698133710372531e-8,-0.976923942565918,-2.416128808135909e-8,1,3.2572430086474927e-8,0.976923942565918,1.66466751494454e-8,0.21358755230903626],12,1.9247040748596192],[[760.1865234375,231.8785858154297,46.5593147277832,0.21358661353588105,-5.46063319006862e-8,-0.9769241213798523,-3.054577746297582e-8,1,-6.257445761548297e-8,0.9769241213798523,4.320597568607809e-8,0.21358661353588105],12,1.958078145980835],[[760.1865234375,231.8785858154297,46.5593147277832,0.2135874330997467,-7.785941136262409e-8,-0.976923942565918,-1.5925831320373619e-8,1,-8.318044564248339e-8,0.976923942565918,3.332462483740528e-8,0.2135874330997467],12,1.9746665954589844],[[760.1865234375,231.8785858154297,46.5593147277832,0.2135874330997467,-7.351312092396256e-8,-0.976923942565918,-5.886660936482713e-9,1,-7.653659395145951e-8,0.976923942565918,2.209807448139145e-8,0.2135874330997467],12,1.990304946899414],[[760.1865234375,231.6265106201172,46.5593147277832,0.21358545124530793,-6.482893155634884e-8,-0.9769243597984314,1.4172407247770025e-8,1,-6.326171586579221e-8,0.9769243597984314,-3.335878795418523e-10,0.21358545124530793],12,2.012430429458618],[[760.1865234375,231.48658752441407,46.5593147277832,0.2033388465642929,-6.048393430546639e-8,-0.979108452796936,2.426121881171639e-8,1,-5.6735988351874769e-8,0.979108452796936,-1.2217734379760259e-8,0.2033388465642929],12,2.0423169136047365],[[760.1865234375,231.2066192626953,46.5593147277832,0.17073877155780793,-5.137767544738381e-8,-0.9853163361549377,4.48409984699083e-8,1,-4.437313805283338e-8,0.9853163361549377,-3.6606355280355277e-8,0.17073877155780793],12,2.0528452396392824],[[760.1865234375,231.06663513183595,46.5593147277832,0.13795043528079987,-4.5805119697206467e-8,-0.9904391169548035,5.532024616172748e-8,1,-3.854216501508745e-8,0.9904391169548035,-4.947442988623152e-8,0.1379504