[[[776,222.69961547851563,47,1,-5.330134200676184e-8,6.185184505682565e-15,5.330134200676184e-8,1,-8.620153479910187e-9,-5.725719106740995e-15,8.620153479910187e-9,1],8,0.011627197265625],[[776,222.69961547851563,47,1,-2.0722584537224976e-8,6.0560661913349089e-15,2.0722584537224976e-8,1,-3.3513520847350266e-9,-5.986617536473055e-15,3.3513520847350266e-9,1],8,0.02434563636779785],[[776,222.69961547851563,47,1,1.182834008517375e-8,6.098318735842795e-15,-1.182834008517375e-8,1,1.912948466298303e-9,-6.075691521206317e-15,-1.912948466298303e-9,1],8,0.04224753379821777],[[776,222.69961547851563,47,1,4.4351452288537988e-8,6.311603749543796e-15,-4.4351452288537988e-8,1,7.172752169992691e-9,-5.993481891477604e-15,-7.172752169992691e-9,1],8,0.06043243408203125],[[776,222.69961547851563,47,1,6.872554791925723e-8,6.583551724072788e-15,-6.872554791925723e-8,1,1.111465586234317e-8,-5.819691059491755e-15,-1.111465586234317e-8,1],8,0.0839393138885498],[[776,222.69961547851563,47,1,1.0931432825600496e-7,7.249556789839899e-15,-1.0931432825600496e-7,1,1.7678885910754617e-8,-5.3170015692517988e-15,-1.7678885910754617e-8,1],8,0.09066343307495117],[[776,222.69961547851563,47,1,9.834884195925042e-8,7.1195414676011e-15,-9.834884195925042e-8,1,1.5905490258205647e-8,-5.555254996655488e-15,-1.5905490258205647e-8,1],8,0.10447955131530762],[[776,222.69961547851563,47,1,7.927895495640769e-8,6.88821549915653e-15,-7.927895495640769e-8,1,1.2821407047169942e-8,-5.8717475868476369e-15,-1.2821407047169942e-8,1],8,0.11640596389770508],[[776,222.69961547851563,47,1,5.068940467367611e-8,6.654249329015368e-15,-5.068940467367611e-8,1,8.197752698890782e-9,-6.238710211685459e-15,-8.197752698890782e-9,1],8,0.1261899471282959],[[776,222.69961547851563,47,1,2.2118177511742944e-8,6.553271990274341e-15,-2.2118177511742944e-8,1,3.5770608697305308e-9,-6.474153607286632e-15,-3.5770608697305308e-9,1],8,0.13734030723571778],[[776,222.69961547851563,47,1,3.0808655626657357e-9,6.559356651450942e-15,-3.0808655626657357e-9,1,4.982446677459507e-10,-6.557821404234044e-15,-4.982446677459507e-10,1],8,0.1482529640197754],[[776,222.69961547851563,47,1,-1.5948311116176229e-8,6.62401618202902e-15,1.5948311116176229e-8,1,-2.5792563640436585e-9,-6.582881297495036e-15,2.5792563640436585e-9,1],8,0.1585688591003418],[[776,222.69961547851563,47,1,-5.398227287400914e-8,6.9287117208482848e-15,5.398227287400914e-8,1,-8.730315137484013e-9,-6.45742936525957e-15,8.730315137484013e-9,1],8,0.17419648170471192],[[776,222.69961547851563,47,1,-9.198374328889258e-8,7.46672417905464e-15,9.198374328889258e-8,1,-1.4876119003304212e-8,-6.098363205072526e-15,1.4876119003304212e-8,1],8,0.1981189250946045],[[776,222.69961547851563,47,1,-9.507297704658413e-8,7.597224851172216e-15,9.507297704658413e-8,1,-1.537572558163447e-8,-6.13540903805364e-15,1.537572558163447e-8,1],8,0.20604276657104493],[[776,222.69961547851563,47,1,-7.12367267396985e-8,7.326814664958964e-15,7.12367267396985e-8,1,-1.1520793208319447e-8,-6.506110889837116e-15,1.1520793208319447e-8,1],8,0.21708011627197267],[[776,222.69961547851563,47,1,-4.741575665434539e-8,7.145774925010513e-15,4.741575665434539e-8,1,-7.66833085918961e-9,-6.782175444489764e-15,7.66833085918961e-9,1],8,0.22889280319213868],[[776,222.69961547851563,47,1,-2.361005435602692e-8,7.05599324424982e-15,2.361005435602692e-8,1,-3.818337201977329e-9,-6.965842257124124e-15,3.818337201977329e-9,1],8,0.24197649955749513],[[776,222.69961547851563,47,1,8.107146953761913e-9,7.078588695150776e-15,-8.107146953761913e-9,1,1.3111507435326076e-9,-7.067958855179208e-15,-1.3111507435326076e-9,1],8,0.2592277526855469],[[776,222.69961547851563,47,1,2.39555841829997e-8,7.150805453684257e-15,-2.39555841829997e-8,1,3.8742511421219209e-9,-7.057995630137129e-15,-3.8742511421219209e-9,1],8,0.2694993019104004],[[776,222.69961547851563,47,1,6.354705561761875e-8,7.508639604449519e-15,-6.354705561761875e-8,1,1.0277212858511576e-8,-6.855553061677457e-15,-1.0277212858511576e-8,1],8,0.28862500190734866],[[776,222.69961547851563,47,1,7.937180868111682e-8,7.722555234179751e-15,-7.937180868111682e-8,1,1.2836482987665932e-8,-6.703700383025495e-15,-1.2836482987665932e-8,1],8,0.29754137992858889],[[775.8993530273438,222.69961547851563,47.00901794433594,0.9946066737174988,1.0299379482603399e-7,0.10371870547533035,-1.0418007434509491e-7,1,6.0201337248599888e-9,-0.10371870547533035,-1.6793087809219288e-8,0.9946066737174988],8,0.3115818500518799],[[775.7088012695313,222.69961547851563,47.01728820800781,0.9694921374320984,1.0875069733629062e-7,0.24512243270874024,-1.0985706211386059e-7,1,-9.159262681635028e-9,-0.24512243270874024,-1.804859728338215e-8,0.9694921374320984],8,0.3386847972869873],[[775.3093872070313,222.69961547851563,47.01131820678711,0.8700824975967407,4.8908024297134037e-8,0.4929060637950897,-4.613002246856013e-8,1,-1.7794667073189886e-8,-0.4929060637950897,-7.254939315970432e-9,0.8700824975967407],8,0.34938478469848635],[[775.1104736328125,222.69961547851563,46.99193572998047,0.8120225071907044,1.8305160054410409e-8,0.5836261510848999,-1.5314784107545166e-8,1,-1.0056458776830368e-8,-0.5836261510848999,-7.720370454045167e-10,0.8120225071907044],8,0.35878610610961916],[[774.9783325195313,222.69961547851563,46.974239349365237,0.7755006551742554,-2.3740402976812904e-9,0.6313467025756836,4.350658056040402e-9,1,-1.5837539057983463e-9,-0.6313467025756836,3.974975903986433e-9,0.7755006551742554],8,0.36838412284851076],[[774.7808837890625,222.69961547851563,46.94261932373047,0.7239143252372742,-3.377633461809637e-8,0.6898898482322693,3.2537151639644438e-8,1,1.4817185700621849e-8,-0.6898898482322693,1.172067687349454e-8,0.7239143252372742],8,0.3796985149383545],[[774.5841674804688,222.69961547851563,46.90669631958008,0.6759076714515686,-6.559909593306657e-8,0.7369862794876099,5.923182655465098e-8,1,3.46870017153833e-8,-0.7369862794876099,2.020783362866041e-8,0.6759076714515686],8,0.39207911491394045],[[774.4537963867188,222.69961547851563,46.87900924682617,0.6468073129653931,-8.702159703943835e-8,0.7626534700393677,7.631692966469928e-8,1,4.937924202863542e-8,-0.7626534700393677,2.626451589549106e-8,0.6468073129653931],8,0.40258193016052248],[[774.1939697265625,222.69961547851563,46.81879425048828,0.5943608283996582,-9.476756446247237e-8,0.8041985034942627,7.915588184914668e-8,1,5.9339090086041327e-8,-0.8041985034942627,2.8388214445840277e-8,0.5943608283996582],8,0.42003750801086428],[[774,222.69961547851563,46.77012634277344,0.5598220229148865,-7.390169542986769e-8,0.8286129236221314,5.936583846732901e-8,1,4.907887785066123e-8,-0.8286129236221314,2.1715862885685057e-8,0.5598220229148865],8,0.42891693115234377],[[773.8710327148438,222.69961547851563,46.73623275756836,0.5393706560134888,-5.99138090251472e-8,0.8420684933662415,4.6687919308396889e-8,1,4.124571617580841e-8,-0.8420684933662415,1.706769836573585e-8,0.5393706560134888],8,0.4390602111816406],[[773.7421264648438,222.69961547851563,46.70200729370117,0.520595371723175,-4.5873687071207317e-8,0.8538035154342651,3.436087681052413e-8,1,3.2777535352579437e-8,-0.8538035154342651,1.2273604355073076e-8,0.520595371723175],8,0.44910287857055666],[[773.5487670898438,222.69961547851563,46.65060043334961,0.4945864677429199,-2.4728816327979076e-8,0.869128406047821,1.6426389137791376e-8,1,1.910482261280322e-8,-0.869128406047821,4.827649391359046e-9,0.4945864677429199],8,0.46137142181396487],[[773.3555908203125,222.69961547851563,46.598907470703128,0.4709196090698242,-3.4960614403445335e-9,0.8821761012077332,-9.16536457840067e-10,1,4.452257229559109e-9,-0.8821761012077332,-2.9052054095757286e-9,0.4709196090698242],8,0.47165369987487795],[[773.1624145507813,222.69961547851563,46.547149658203128,0.44948261976242068,1.781070935180651e-8,0.8932890892028809,-1.7744705260724915e-8,1,-1.1009620770607853e-8,-0.8932890892028809,-1.0902521552225153e-8,0.44948261976242068],8,0.48380470275878909],[[773.0336303710938,222.69961547851563,46.51280975341797,0.4363589882850647,3.2050252229964829e-8,0.8997726440429688,-2.871501258994158e-8,1,-2.1694589236176399e-8,-0.8997726440429688,-1.6370355737649335e-8,0.4363589882850647],8,0.4985690116882324],[[772.7755737304688,222.69961547851563,46.445770263671878,0.41174834966659548,6.060002277763488e-8,0.911297619342804,-5.0111765403926259e-8,1,-4.38567901994702e-8,-0.911297619342804,-2.760877215735036e-8,0.41174834966659548],8,0.5082221031188965],[[772.6463012695313,222.69961547851563,46.41321563720703,0.40021127462387087,7.490631759310418e-8,0.9164229035377502,-6.056290402511877e-8,1,-5.528928070930306e-8,-0.9164229035377502,-3.3373837027284028e-8,0.40021127462387087],8,0.5208101272583008],[[772.3873291015625,222.69961547851563,46.34942626953125,0.3786264657974243,1.0357116764225793e-7,0.9255495667457581,-8.102693271894168e-8,1,-7.875561180981095e-8,-0.9255495667457581,-4.517548291005369e-8,0.3786264657974243],8,0.5383641719818115],[[772.1927490234375,222.69961547851563,46.30309295654297,0.3635565936565399,9.21911933460251e-8,0.9315720796585083,-7.071767527122575e-8,1,-7.136464574841739e-8,-0.9315720796585083,-3.9933521378543449e-8,0.3635565936565399],8,0.5475738048553467],[[771.9979858398438,222.69961547851563,46.25761413574219,0.34960412979125979,6.432966159763964e-8,0.9368975162506104,-4.813426102145968e-8,1,-5.0701085996252007e-8,-0.9368975162506104,-2.7371561017730529e-8,0.34960412979125979],8,0.5576028823852539],[[771.8680419921875,222.69961547851563,46.227718353271487,0.3409290015697479,4.5739600551542028e-8,0.9400890469551086,-3.3339365046458627e-8,1,-3.6563815086765319e-8,-0.9400890469551086,-1.887630851626909e-8,0.3409290015697479],8,0.5679221153259277],[[771.6079711914063,222.69961547851563,46.1689338684082,0.3246503472328186,8.529325690176393e-9,0.9458341002464294,-4.298507327860079e-9,1,-7.542352520317764e-9,-0.9458341002464294,-1.617046940793898e-9,0.3246503472328186],8,0.5828845500946045],[[771.2824096679688,222.69961547851563,46.09714126586914,0.3060530126094818,-3.8027405224738689e-8,0.9520144462585449,3.108717194777455e-8,1,2.9950260937994247e-8,-0.9520144462585449,2.0429068214866676e-8,0.3060530126094818],8,0.604778528213501],[[771.086669921875,222.69961547851563,46.056121826171878,0.29557833075523379,-6.597863944080018e-8,0.9553185105323792,5.1880043372420917e-8,1,5.301271244206873e-8,-0.9553185105323792,3.389255454067097e-8,0.29557833075523379],8,0.6171603202819824],[[770.8904418945313,222.69961547851563,46.01747512817383,0.28523093461990359,-9.393953348535433e-8,0.9584588408470154,7.234622501073318e-8,1,7.648127109405323e-8,-0.9584588408470154,4.752605065050375e-8,0.28523093461990359],8,0.630866527557373],[[770.6939086914063,222.69961547851563,45.98039245605469,0.2750924825668335,-8.90344153958722e-8,0.9614177942276001,6.753500514378175e-8,1,7.328348061719226e-8,-0.9614177942276001,4.476961379396016e-8,0.2750924825668335],8,0.6421842575073242],[[770.5628051757813,222.69961547851563,45.95618438720703,0.2686319053173065,-7.480559105488283e-8,0.9632428884506226,5.609723530142219e-8,1,6.201559443752558e-8,-0.9632428884506226,3.7375894379465538e-8,0.2686319053173065],8,0.6517846584320068],[[770.4315795898438,222.69961547851563,45.932769775390628,0.2623043954372406,-6.057577905949074e-8,0.964985191822052,4.4770221307999239e-8,1,5.060424967950894e-8,-0.964985191822052,2.992888070707522e-8,0.2623043954372406],8,0.6628215312957764],[[770.2345581054688,222.67919921875,45.897987365722659,0.2528703808784485,-3.922998814687162e-8,0.9675001502037048,2.797304787804933e-8,1,3.3236617014154038e-8,-0.9675001502037048,1.8659372713614176e-8,0.2528703808784485],8,0.6719837188720703],[[770.1032104492188,222.64854431152345,45.87482452392578,0.24658256769180299,-2.499918849707683e-8,0.9691218137741089,1.6902506061455825e-8,1,2.1495054625120248e-8,-0.9691218137741089,1.1080281581143936e-8,0.24658256769180299],8,0.6828455924987793],[[769.9061889648438,223.30764770507813,45.84008026123047,0.23713739216327668,-3.6532923353149728e-9,0.971476137638092,4.893789817828065e-10,1,3.641100532192354e-9,-0.971476137638092,-3.880213095275309e-10,0.23713739216327668],3,0.6983487606048584],[[769.642578125,224.14329528808595,45.80000686645508,0.22493265569210053,2.480554073258645e-8,0.9743742942810059,-2.1036269615137827e-8,1,-2.060173009965638e-8,-0.9743742942810059,-1.5863198754573206e-8,0.22493265569210053],5,0.7191088199615479],[[769.3118286132813,225.1112060546875,45.758365631103519,0.20840570330619813,6.037253541535392e-8,0.978042483329773,-4.731380442990485e-8,1,-5.1646086518530868e-8,-0.978042483329773,-3.5511572349378187e-8,0.20840570330619813],5,0.7289035320281982],[[769.1128540039063,225.65109252929688,45.73875427246094,0.19741284847259522,8.170849241651013e-8,0.9803204536437988,-6.267563179562785e-8,1,-7.07274026012783e-8,-0.9803204536437988,-4.7479705500563799e-8,0.19741284847259522],5,0.7514281272888184],[[768.7137451171875,226.6388702392578,45.71176528930664,0.17191626131534577,1.2436873930710136e-7,0.9851115942001343,-9.220472207971398e-8,1,-1.1015730905228338e-7,-0.9851115942001343,-7.189410666796903e-8,0.17191626131534577],5,0.7762753963470459],[[768.3139038085938,227.5040283203125,45.69973373413086,-0.9859097599983215,-4.757967531077156e-8,0.16727815568447114,-6.874701341530454e-8,1,-1.2074902144831868e-7,-0.16727815568447114,-1.3054750525043347e-7,-0.9859097599983215],5,0.7984061241149902],[[768.1139526367188,227.89060974121095,45.695655822753909,-0.9931318759918213,-4.4902591866957667e-8,0.11700032651424408,-6.012432152147085e-8,1,-1.2657048387154647e-7,-0.11700032651424408,-1.3273574950289913e-7,-0.9931318759918213],5,0.8141586780548096],[[767.8473510742188,228.35838317871095,45.69057846069336,-0.9892369508743286,-2.8961661513449145e-8,0.14632245898246766,-4.9568601667715487e-8,1,-1.3718626235004195e-7,-0.14632245898246766,-1.4296271899638669e-7,-0.9892369508743286],5,0.821321964263916],[[767.7140502929688,228.57183837890626,45.688533782958987,-0.9970214366912842,-3.312088026063975e-8,0.07712455838918686,-4.432412836763433e-8,1,-1.4354993993492827e-7,-0.07712455838918686,-1.4654084168341797e-7,-0.9970214366912842],5,0.8315072059631348],[[767.5807495117188,228.7716522216797,45.686981201171878,-0.997124433517456,-2.771971985282562e-8,0.07578171044588089,-3.925816116634451e-8,1,-1.5076923887136218e-7,-0.07578171044588089,-1.5331073655033834e-7,-0.997124433517456],5,0.840714693069458],[[767.3141479492188,229.1304168701172,45.68446350097656,-0.9905444979667664,-6.879518288371855e-9,0.13719163835048676,-3.0228701319856557e-8,1,-1.681104890849383e-7,-0.13719163835048676,-1.7066804502974265e-7,-0.9905444979667664],5,0.8539185523986816],[[767.0475463867188,229.4346923828125,45.68314743041992,-0.9916794896125794,-3.6637126665794996e-9,0.1287316530942917,-2.1421868723336958e-8,1,-1.3656249109317287e-7,-0.1287316530942917,-1.3818389277275856e-7,-0.9916794896125794],5,0.8713843822479248],[[766.8475952148438,229.62713623046876,45.68367004394531,-0.9958675503730774,-6.172186761688181e-9,0.09081760793924332,-1.548004213702825e-8,1,-1.0178516163250606e-7,-0.09081760793924332,-1.0277040018991102e-7,-0.9958675503730774],5,0.8865821361541748],[[766.5809936523438,229.83602905273438,45.6859016418457,-0.9939683079719544,2.593543713125257e-10,0.10966774076223374,-6.107164551849564e-9,1,-5.771690325673262e-8,-0.10966774076223374,-5.803853042607443e-8,-0.9939683079719544],5,0.9037783145904541],[[766.3143920898438,229.99041748046876,45.69153594970703,-0.9960248470306397,5.287271953591244e-9,0.08907599002122879,3.919077951053396e-9,1,-1.553474326954074e-8,-0.08907599002122879,-1.5123893248869537e-8,-0.9960248470306397],5,0.9194869995117188],[[765.9814453125,230.10678100585938,45.705448150634769,-0.9930960536003113,1.4961376137989647e-8,0.11730419844388962,1.91819484740563e-8,1,3.485076760512129e-8,-0.11730419844388962,3.686028193783386e-8,-0.9930960536003113],5,0.9412620067596436],[[765.715087890625,230.1385498046875,45.71836853027344,-0.9971581101417542,2.644956786923558e-8,0.07533739507198334,3.214116617300533e-8,1,7.433568072201524e-8,-0.07533739507198334,7.654585942873382e-8,-0.9971581101417542],5,0.9557528495788574],[[765.515380859375,230.12660217285157,45.72957229614258,-0.9991583228111267,3.8096896304296027e-8,0.04101979359984398,4.239082684875939e-8,1,1.0380973236578939e-7,-0.04101979359984398,1.0546122553023452e-7,-0.9991583228111267],5,0.9697158336639404],[[765.249267578125,230.06300354003907,45.745243072509769,-0.997242271900177,4.738956249639159e-8,0.07421494275331497,5.814578685203742e-8,1,1.4277276250140859e-7,-0.07421494275331497,1.4669431891434216e-7,-0.997242271900177],5,0.984351396560669],[[764.983154296875,229.9449005126953,45.760990142822269,-0.9972715377807617,4.312364509928557e-8,0.07382041960954666,5.176101325332638e-8,1,1.1509201414128256e-7,-0.07382041960954666,1.1859901150046426e-7,-0.9972715377807617],5,1.0035889148712159],[[764.717041015625,229.7722930908203,45.776737213134769,-0.9972466230392456,3.7868392865902936e-8,0.07415631413459778,4.466811631687051e-8,1,9.003593959278078e-8,-0.07415631413459778,9.310046067412259e-8,-0.9972466230392456],5,1.0403854846954346],[[764.184814453125,229.2635955810547,45.808231353759769,-0.9785745143890381,1.5378752493688809e-8,0.20589296519756318,2.5812704862460124e-8,1,4.7990475593451268e-8,-0.20589296519756318,5.227690991205236e-8,-0.9785745143890381],5,1.0521821975708008],[[763.78564453125,228.73899841308595,45.831851959228519,-0.990135133266449,7.919033429004685e-9,0.14011576771736146,1.0983968401490074e-8,1,2.110097341301298e-8,-0.14011576771736146,2.243184127337372e-8,-0.990135133266449],5,1.0775361061096192],[[763.51953125,228.32113647460938,45.847599029541019,-0.9971276521682739,5.125788127280373e-10,0.07573949545621872,8.798580752866769e-10,1,4.815875698227501e-9,-0.07573949545621872,4.868682790259982e-9,-0.9971276521682739],5,1.1010687351226807],[[763.25341796875,227.84878540039063,45.86302947998047,-0.9965788722038269,-9.025192149181294e-9,0.08264727890491486,-9.8918055968511e-9,1,-1.0076218082133437e-8,-0.08264727890491486,-1.0859277033148374e-8,-0.9965788722038269],5,1.1116156578063965],[[762.7872924804688,226.89102172851563,45.886932373046878,-0.9831064343452454,-2.4796671382887326e-8,0.1830347329378128,-3.123171410379655e-8,1,-3.227490097401642e-8,-0.1830347329378128,-3.7446152845177497e-8,-0.9831064343452454],5,1.1383304595947266],[[762.5209350585938,226.268798828125,45.90010452270508,-0.9961658716201782,-3.9691396835905837e-8,0.08748456835746765,-4.372276052322377e-8,1,-4.416463639245194e-8,-0.08748456835746765,-4.78203716625103e-8,-0.9961658716201782],5,1.1777594089508057],[[761.921630859375,224.6695098876953,45.927669525146487,-0.9678769111633301,-5.706913341896325e-8,0.2514244616031647,-7.590544726099324e-8,1,-6.522037665490643e-8,-0.2514244616031647,-8.220978031658888e-8,-0.9678769111633301],5,1.191192865371704],[[761.7218627929688,224.07510375976563,45.93681335449219,-0.9987134337425232,-8.295236852973176e-8,0.05070985108613968,-8.674314955214868e-8,1,-7.25534405887629e-8,-0.05070985108613968,-7.685882508212672e-8,-0.9987134337425232],5,1.203977108001709],[[761.5220947265625,223.45004272460938,45.9465217590332,-0.998951256275177,-9.423163760402531e-8,0.045786578208208087,-9.797883393503071e-8,1,-7.959627623677079e-8,-0.045786578208208087,-8.399891981980545e-8,-0.998951256275177],5,1.2193868160247803],[[761.3223266601563,222.79432678222657,45.9571533203125,-0.9997716546058655,-6.581873890354473e-8,-0.021368172019720079,-6.455330492372014e-8,1,-5.991004314864768e-8,0.021368172019720079,-5.851697792991217e-8,-0.9997716546058655],7,1.2382307052612305],[[761.12255859375,222.62637329101563,45.968196868896487,-0.9987667202949524,-3.1607108041953327e-8,-0.049649205058813098,-2.9548184343752838e-8,1,-4.2203378569638519e-8,0.049649205058813098,-4.068428438586125e-8,-0.9987667202949524],7,1.244710922241211],[[760.9893798828125,222.66104125976563,45.9755973815918,-0.9985097646713257,-7.767174459161197e-9,-0.0545734241604805,-6.111368744399215e-9,1,-3.050777053204001e-8,0.0545734241604805,-3.012878835306765e-8,-0.9985097646713257],7,1.2527782917022706],[[760.856201171875,222.71678161621095,45.983001708984378,-0.9984749555587769,1.626767875961832e-8,-0.05520688369870186,1.733349819232899e-8,1,-1.882708566824931e-8,0.05520688369870186,-1.9755301394752679e-8,-0.9984749555587769],7,1.2616310119628907],[[760.58984375,222.81385803222657,45.99781799316406,-0.9985422492027283,6.438189359414537e-8,-0.05397569015622139,6.423500309438168e-8,1,4.456218949400181e-9,0.05397569015622139,9.825945612718102e-10,-0.9985422492027283],8,1.2789430618286133],[[760.3900756835938,222.8621826171875,46.00869369506836,-0.9987894296646118,1.004183332042885e-7,-0.049190226942300799,9.946944601324503e-8,1,2.173817925665844e-8,0.049190226942300799,1.681893913030308e-8,-0.9987894296646118],8,1.2893307209014893],[[760.1903076171875,222.89385986328126,46.01872634887695,-0.9994996190071106,8.462535561193363e-8,-0.0316309779882431,8.392321149131021e-8,1,2.352558325924292e-8,0.0316309779882431,2.0859237892523198e-8,-0.9994996190071106],8,1.2993719577789307],[[760.0570678710938,222.9084014892578,46.0235595703125,-0.99980628490448,7.405420632267124e-8,-0.01968279480934143,7.357953535347406e-8,1,2.484043193362595e-8,0.01968279480934143,2.3387368486282868e-8,-0.99980628490448],8,1.308685064315796],[[759.9237670898438,222.919189453125,46.02668380737305,-0.9999977946281433,6.332035695777449e-8,-0.00210886774584651,6.326495594066728e-8,1,2.633624873737972e-8,0.00210886774584651,2.6202773284467186e-8,-0.9999977946281433],8,1.318913459777832],[[759.7238159179688,222.9303436279297,46.02784729003906,-0.9998198747634888,4.7294825833432699e-8,0.01898087002336979,4.785207963209359e-8,1,2.8904409532515275e-8,-0.01898087002336979,2.980747737524325e-8,-0.9998198747634888],8,1.3293955326080323],[[759.5905151367188,222.93539428710938,46.02607727050781,-0.9975753426551819,3.5424047695187258e-8,0.06959515064954758,3.768215961486021e-8,1,3.113354907213761e-8,-0.06959515064954758,3.368055701002959e-8,-0.9975753426551819],8,1.3400366306304932],[[759.3243408203125,222.94189453125,46.00962448120117,-0.9923170208930969,1.295318341476559e-8,0.12372097373008728,1.7627611370585329e-8,1,3.668736425765928e-8,-0.12372097373008728,3.8586399853102196e-8,-0.9923170208930969],8,1.3550307750701905],[[759.1918334960938,222.94393920898438,45.99502182006836,-0.9887265563011169,1.6483979736747756e-9,0.1497325301170349,7.683083502740829e-9,1,3.972463957779837e-8,-0.1497325301170349,4.042721357677692e-8,-0.9887265563011169],8,1.365729808807373],[[758.993896484375,222.94602966308595,45.96635437011719,-0.9848092198371887,-1.4753960719815496e-8,0.17363978922367097,-7.11106062922795e-9,1,4.463794311959646e-8,-0.17363978922367097,4.272509457337037e-8,-0.9848092198371887],8,1.375467300415039],[[758.7311401367188,222.9476776123047,45.921058654785159,-0.9773591756820679,-3.694289318900701e-8,0.2115868479013443,-2.655399633511024e-8,1,5.1941320577952868e-8,-0.2115868479013443,4.5146851590516238e-8,-0.9773591756820679],8,1.3915653228759766],[[758.6378784179688,222.9481964111328,45.9046630859375,-0.9746968150138855,-4.7760018162534837e-8,0.22353096306324006,-3.622384525669986e-8,1,5.570928252041085e-8,-0.22353096306324006,4.6202512038462376e-8,-0.9746968150138855],8,1.4042432308197022],[[758.5897216796875,222.94873046875,45.89619827270508,-0.9746968150138855,-6.315293177294734e-8,0.22353096306324006,-5.0720871058729247e-8,1,6.135820740382769e-8,-0.22353096306324006,4.846796386459573e-8,-0.9746968150138855],8,1.425032615661621],[[758.5863647460938,222.94920349121095,45.89561080932617,-0.973552942276001,-8.903037951313309e-8,0.2284613996744156,-7.48140251971563e-8,1,7.088709708114038e-8,-0.2284613996744156,5.192022456412815e-8,-0.973552942276001],8,1.4341351985931397],[[758.5863647460938,222.94932556152345,45.895606994628909,-0.973552942276001,-9.927588706659663e-8,0.2284613996744156,-8.444407484375916e-8,1,7.469579799135318e-8,-0.2284613996744156,5.3428106383535126e-8,-0.973552942276001],8,1.4438703060150147],[[758.5863647460938,222.94944763183595,45.895606994628909,-0.9743697643280029,-1.1444280545447327e-7,0.22495247423648835,-9.890190710848401e-8,1,8.035375032022785e-8,-0.22495247423648835,5.6046033591883318e-8,-0.9743697643280029],8,1.4537060260772706],[[758.5863647460938,222.9495086669922,45.895606994628909,-0.9754957556724548,-9.238323173121899e-8,0.2200181782245636,-8.049550359601199e-8,1,6.299574550894249e-8,-0.2200181782245636,4.3741607669289809e-8,-0.9754957556724548],8,1.4639642238616944],[[758.5863647460938,222.9495391845703,45.895606994628909,-0.9765946865081787,-7.039596283675564e-8,0.21508805453777314,-6.200954771884426e-8,1,4.573831091647662e-8,-0.21508805453777314,3.133027703938751e-8,-0.9765946865081787],8,1.473721981048584],[[758.5863647460938,222.94960021972657,45.895606994628909,-0.978415310382843,-2.6620424975476454e-8,0.20664812624454499,-2.476490656988517e-8,1,1.1565854052264513e-8,-0.20664812624454499,6.198587865213767e-9,-0.978415310382843],8,1.4881186485290528],[[758.5863647460938,222.94960021972657,45.895606994628909,-0.9798662066459656,-4.8382204909103169e-9,0.19965524971485139,-6.033049615439268e-9,1,-5.3760715879036528e-9,-0.19965524971485139,-6.4723608694805538e-9,-0.9798662066459656],8,1.4989521503448487],[[758.5863647460938,222.94960021972657,45.895606994628909,-0.98086017370224,2.7717684147887668e-8,0.19471333920955659,2.2177404801482227e-8,1,-3.063350106913276e-8,-0.19471333920955659,-2.5728946084768724e-8,-0.98086017370224],8,1.5086219310760499],[[758.5713500976563,222.94960021972657,45.97138214111328,-0.9835435152053833,5.991463325472069e-8,0.18067149817943574,5.0727742006984047e-8,1,-5.546914039200601e-8,-0.18067149817943574,-4.539125342262196e-8,-0.9835435152053833],8,1.5231690406799317],[[758.5389404296875,222.94960021972657,46.1453971862793,-0.9850578904151917,7.76783508626977e-8,0.17222358286380769,6.698565613305618e-8,1,-6.789782958094293e-8,-0.17222358286380769,-5.534678138019444e-8,-0.9850578904151917],8,1.54510498046875],[[758.492919921875,222.94960021972657,46.40678405761719,-0.9907527565956116,6.140760433481774e-8,0.1356797069311142,5.4787786751830939e-8,1,-5.2524089966254908e-8,-0.1356797069311142,-4.460479630097325e-8,-0.9907527565956116],8,1.5521936416625977],[[758.4735717773438,222.94960021972657,46.538665771484378,-0.9907535910606384,5.432638872093776e-8,0.13567380607128144,4.869271208463033e-8,1,-4.484217797084966e-8,-0.13567380607128144,-3.78212234863895e-8,-0.9907535910606384],8,1.5634398460388184],[[758.4462890625,222.94960021972657,46.73678207397461,-0.994499683380127,4.25058885866747e-8,0.10473976284265518,3.920060009932058e-8,1,-3.361575551252827e-8,-0.10473976284265518,-2.9324993988666394e-8,-0.994499683380127],8,1.5719404220581055],[[758.4312744140625,222.94960021972657,46.8692512512207,-0.9958794713020325,3.50141782234914e-8,0.09068639576435089,3.277091309428215e-8,1,-2.6225524862866224e-8,-0.09068639576435089,-2.314558678051526e-8,-0.9958794713020325],8,1.5822303295135499],[[758.4124145507813,222.94960021972657,47.068355560302737,-0.9971671104431152,2.4046297397717354e-8,0.07521805912256241,2.2960728429666234e-8,1,-1.5297050737217434e-8,-0.07521805912256241,-1.352665446319179e-8,-0.9971671104431152],8,1.5974104404449463],[[758.396728515625,222.94960021972657,47.26773452758789,-0.998890221118927,1.3058114589625803e-8,0.04709972068667412,1.2853079489616448e-8,1,-4.656071972419795e-9,-0.04709972068667412,-4.0455279126661029e-9,-0.998890221118927],8,1.6054320335388184],[[758.3873901367188,222.94960021972657,47.3901252746582,-0.9998198747634888,2.348308880684158e-9,0.018980473279953004,2.4567450296331119e-9,1,5.689717141876827e-9,-0.018980473279953004,5.735322439193169e-9,-0.9998198747634888],8,1.6184568405151368],[[758.3856201171875,222.94960021972657,47.41304016113281,-0.9999752640724182,-8.167355680654964e-9,0.007029632106423378,-8.055756062219644e-9,1,1.590396792039428e-8,-0.007029632106423378,1.5846945089492693e-8,-0.9999752640724182],8,1.6398088932037354],[[758.3855590820313,222.94960021972657,47.41428756713867,-0.9999644160270691,-2.2022822676603938e-8,-0.008435294032096863,-2.227072215532644e-8,1,2.929455789058011e-8,0.008435294032096863,2.9481375563022995e-8,-0.9999644160270691],8,1.6492784023284913],[[758.3855590820313,222.94960021972657,47.41431427001953,-0.9999285936355591,-3.2487275092307757e-8,-0.011950353160500527,-3.295918915569018e-8,1,3.929248038048172e-8,0.011950353160500527,3.9683548891389367e-8,-0.9999285936355591],8,1.6577167510986329],[[758.3855590820313,222.94960021972657,47.41431427001953,-0.9999285936355591,-3.9528998740934188e-8,-0.011950353160500527,-4.008103005048724e-8,1,4.595420577402365e-8,0.011950353160500527,4.6429903477474e-8,-0.9999285936355591],8,1.666651964187622],[[758.3855590820313,222.94960021972657,47.41431427001953,-0.9999285936355591,-4.656771324107467e-8,-0.011950353160500527,-4.719982982237525e-8,1,5.261308189119518e-8,0.011950353160500527,5.317337681276513e-8,-0.9999285936355591],8,1.6751654148101807],[[758.3855590820313,222.94960021972657,47.41431427001953,-0.9999285936355591,-5.360342214544289e-8,-0.011950353160500527,-5.4315588471354206e-8,1,5.926911228470999e-8,0.011950353160500527,5.991397244997643e-8,-0.9999285936355591],8,1.684844970703125],[[758.3855590820313,222.94960021972657,47.41431427001953,-0.9999285936355591,-6.063612545403885e-8,-0.011950353160500527,-6.142830955013778e-8,1,6.592230050728176e-8,0.011950353160500527,6.665168683639422e-8,-0.9999285936355591],8,1.6939496994018555],[[758.3855590820313,222.94960021972657,47.41431427001953,-0.9999285936355591,-6.76658302722899e-8,-0.011950353160500527,-6.853799305872599e-8,1,7.257264655891049e-8,0.011950353160500527,7.338652352473219e-8,-0.9999285936355591],8,1.7035918235778809],[[758.3855590820313,222.94960021972657,47.41431427001953,-0.9999285936355591,-7.820475644848557e-8,-0.011950353160500527,-7.919682332158118e-8,1,8.254284722397642e-8,0.011950353160500527,8.348338553787471e-8,-0.9999285936355591],8,1.7130095958709717],[[758.3855590820313,222.94960021972657,47.41431427001953,-0.9999285936355591,-8.522695083001963e-8,-0.011950353160500527,-8.629891823375147e-8,1,8.918609495367491e-8,0.011950353160500527,9.021103153372678e-8,-0.9999285936355591],8,1.7226016521453858],[[758.3855590820313,222.94960021972657,47.41431427001953,-0.9999443888664246,-6.261125662376799e-8,-0.010544725693762303,-6.329603507992943e-8,1,6.46069722165521e-8,0.010544725693762303,6.52708251891454e-8,-0.9999443888664246],8,1.7379004955291749],[[758.3855590820313,222.94960021972657,47.41431427001953,-0.9999989867210388,-2.8409788299654794e-8,0.001405872404575348,-2.8371845317565204e-8,1,2.7008530523175979e-8,-0.001405872404575348,2.6968615784994655e-8,-0.9999989867210388],8,1.7536201477050782],[[758.3855590820313,222.94960021972657,47.41431427001953,-0.9998804330825806,-2.5730009234337105e-9,0.015465278178453446,-2.5970416928089436e-9,1,-1.5344177040077512e-9,-0.015465278178453446,-1.5743981673921326e-9,-0.9998804330825806],8,1.7676584720611573],[[758.3855590820313,222.94960021972657,47.41431427001953,-0.9994540214538574,4.983097667832226e-8,0.03303991258144379,4.789250596104466e-8,1,-5.9461974899477357e-8,-0.03303991258144379,-5.784714574019745e-8,-0.9994540214538574],8,1.7929072380065919],[[758.3855590820313,222.94960021972657,47.41431427001953,-0.9993316531181336,6.747784198068985e-8,0.036554936319589618,6.464001245376494e-8,1,-7.881368446760462e-8,-0.036554936319589618,-7.639809496140515e-8,-0.9993316531181336],8,1.801938533782959],[[758.3855590820313,222.94960021972657,47.41431427001953,-0.9991968870162964,5.830506921711276e-8,0.040069740265607837,5.5662770392927999e-8,1,-6.705818833552257e-8,-0.040069740265607837,-6.4773935548601e-8,-0.9991968870162964],8,1.8142163753509522],[[758.3855590820313,222.94960021972657,47.41431427001953,-0.9991968870162964,5.20143821347574e-8,0.040069740265607837,4.968113742620517e-8,1,-5.922537482661028e-8,-0.040069740265607837,-5.718710127666782e-8,-0.9991968870162964],8,1.8221728801727296],[[758.3855590820313,222.94960021972657,47.41431427001953,-0.9991968870162964,4.572638445665689e-8,0.040069740265607837,4.37020588606174e-8,1,-5.139591152669709e-8,-0.040069740265607837,-4.960350352689602e-8,-0.9991968870162964],8,1.8311161994934083],[[758.3855590820313,222.94960021972657,47.41431427001953,-0.9991395473480225,3.636915479887648e-8,0.041475240141153339,3.475475551795171e-8,1,-3.964538919376537e-8,-0.041475240141153339,-3.8169812199839728e-8,-0.9991395473480225],8,1.841095209121704],[[758.3855590820313,222.94960021972657,47.41431427001953,-0.9990801215171814,3.0141588780452369e-8,0.04288232699036598,2.88041057672217e-8,1,-3.1807505962433427e-8,-0.04288232699036598,-3.054305963701154e-8,-0.9990801215171814],8,1.8525450229644776],[[758.3855590820313,222.94960021972657,47.41431427001953,-0.9990801215171814,2.3862989806389124e-8,0.04288232699036598,2.2855996206772035e-8,1,-2.397297116374375e-8,-0.04288232699036598,-2.2970800372945633e-8,-0.9990801215171814],8,1.8607416152954102],[[758.3855590820313,222.94960021972657,47.41431427001953,-0.9990801215171814,1.4450117546971342e-8,0.04288232699036598,1.3938597831497646e-8,1,-1.222744661077968e-8,-0.04288232699036598,-1.1618479511810165e-8,-0.9990801215171814],8,1.8702924251556397],[[758.3855590820313,222.94960021972657,47.41431427001953,-0.9990801215171814,1.1313834313853022e-8,0.04288232699036598,1.0967401209427408e-8,1,-8.313945976112791e-9,-0.04288232699036598,-7.835990523119563e-9,-0.9990801215171814],8,1.879321813583374],[[758.3855590820313,222.94960021972657,47.41431427001953,-0.9990801215171814,1.909003621847205e-9,0.04288232699036598,2.057619852280368e-9,1,3.421539718218014e-9,-0.04288232699036598,3.506627876959101e-9,-0.9990801215171814],8,1.8886232376098633],[[758.3855590820313,222.94960021972657,47.41431427001953,-0.9990801215171814,-4.35753566563335e-9,0.04288232699036598,-3.879062848710646e-9,1,1.1241017006113907e-8,-0.04288232699036598,1.10643334494398e-8,-0.9990801215171814],8,1.8994789123535157],[[758.3855590820313,222.94960021972657,47.41431427001953,-0.9990801215171814,-1.3752324612426037e-8,0.04288232699036598,-1.2779331370893488e-8,1,2.296396495182762e-8,-0.04288232699036598,2.2394834431338496e-8,-0.9990801215171814],8,1.9089241027832032],[[758.3855590820313,222.94960021972657,47.41431427001953,-0.9990801215171814,-2.001217325187099e-8,0.04288232699036598,-1.870967558659231e-8,1,3.0775087367374e-8,-0.04288232699036598,2.994446646198412e-8,-0.9990801215171814],8,1.9188573360443116],[[758.3855590820313,222.94960021972657,47.41431427001953,-0.9990801215171814,-2.6269347586094228e-8,0.04288232699036598,-2.463748671743815e-8,1,3.8582875561132826e-8,-0.04288232699036598,3.7490870852252559e-8,-0.9990801215171814],8,1.9286327362060547],[[758.3855590820313,222.94960021972657,47.41431427001953,-0.9990801215171814,-3.5650096208428297e-8,0.04288232699036598,-3.352445432369677e-8,1,5.028829974662585e-8,-0.04288232699036598,4.880443427168757e-8,-0.9990801215171814],8,1.9388375282287598],[[758.3855590820313,222.94960021972657,47.41431427001953,-0.9990801215171814,-4.1900591440935389e-8,0.04288232699036598,-3.944593984783751e-8,1,5.8087746168666857e-8,-0.04288232699036598,5.6342777554618809e-8,-0.9990801215171814],8,1.948758602142334],[[758.3910522460938,222.94960021972657,47.28567886352539,-0.9990801215171814,-5.4393570536603877e-8,0.04288232699036598,-5.12813151942737e-8,1,7.367663812374303e-8,-0.04288232699036598,7.14098078447023e-8,-0.9990801215171814],8,1.965205192565918],[[758.3992309570313,222.94960021972657,47.0944709777832,-0.9990801215171814,-6.375629624244539e-8,0.04288232699036598,-6.015121556401937e-8,1,8.53595665262219e-8,-0.04288232699036598,8.270162510370938e-8,-0.9990801215171814],8,1.9913387298583985],[[758.41357421875,222.94960021972657,46.76191711425781,-0.9990801215171814,-7.93475294358359e-8,0.04288232699036598,-7.492175768675225e-8,1,1.048144682158636e-7,-0.04288232699036598,1.0150522911089866e-7,-0.9990801215171814],8,2.00251841545105],[[758.4221801757813,222.94960021972657,46.562103271484378,-0.9990801215171814,-5.5876352433870127e-8,0.04288232699036598,-5.2776851333646849e-8,1,7.341137830962907e-8,-0.04288232699036598,7.108065602778879e-8,-0.9990801215171814],8,2.0102758407592775],[[758.42626953125,222.94960021972657,46.46748352050781,-0.9990801215171814,-4.0237260634512498e-8,0.04288232699036598,-3.802146153475405e-8,1,5.248717371841849e-8,-0.04288232699036598,5.0808441898198e-8,-0.9990801215171814],8,2.021350622177124],[[758.428466796875,222.94960021972657,46.41651153564453,-0.9990801215171814,-8.979111676410412e-9,0.04288232699036598,-8.529593031880723e-9,1,1.0665591076985948e-8,-0.04288232699036598,1.0290010621361035e-8,-0.9990801215171814],8,2.0444531440734865],[[758.4285278320313,222.94960021972657,46.415245056152347,-0.9994065761566162,3.01432088178899e-8,0.03444555029273033,2.873944282555385e-8,1,-4.124832031493497e-8,-0.03444555029273033,-4.023389621465867e-8,-0.9994065761566162],8,2.0617618560791017],[[758.4285278320313,222.94960021972657,46.41523361206055,-0.9997469782829285,5.306110750780135e-8,0.02249496802687645,5.145222203850608e-8,1,-7.210071117924599e-8,-0.02249496802687645,-7.092505427408469e-8,-0.9997469782829285],8,2.068953275680542],[[758.4285278320313,222.94960021972657,46.41523361206055,-0.9999011754989624,5.748146136852483e-8,0.014059721492230893,5.6386589619705776e-8,1,-7.826940162658502e-8,-0.014059721492230893,-7.746888996962298e-8,-0.9999011754989624],8,2.0775115489959719],[[758.4285278320313,222.94960021972657,46.41523361206055,-0.9999938011169434,4.8335675018051918e-8,0.0035149231553077699,4.810321385662064e-8,1,-6.622076398343779e-8,-0.0035149231553077699,-6.605127822467694e-8,-0.9999938011169434],8,2.0880849361419679],[[758.4285278320313,222.94960021972657,46.41523361206055,-0.9999879002571106,4.2229299168639048e-8,-0.00492060137912631,4.2516386855595559e-8,1,-5.8239475464461069e-8,0.00492060137912631,-5.844797357212883e-8,-0.9999879002571106],8,2.0972962379455568],[[758.4285278320313,222.94960021972657,46.41523361206055,-0.9996616840362549,3.544209903338924e-8,-0.02600962482392788,3.676493420812221e-8,1,-5.0381146365907628e-8,0.02600962482392788,-5.1320345306749007e-8,-0.9996616840362549],8,2.1064980030059816],[[758.4285278320313,222.94960021972657,46.41523361206055,-0.999279260635376,2.6512703144021544e-8,-0.03796060383319855,2.8002109075941918e-8,1,-3.8703895199887486e-8,0.03796060383319855,-3.973897477749233e-8,-0.999279260635376],8,2.119314193725586],[[758.4285278320313,222.94960021972657,46.41523361206055,-0.9985718131065369,2.0355139795924516e-8,-0.05342575162649155,2.2043597169840724e-8,1,-3.1014536716611477e-8,0.05342575162649155,-3.2147937645277128e-8,-0.9985718131065369],8,2.1287708282470705],[[758.4285278320313,222.94960021972657,46.41523361206055,-0.9956198334693909,1.0743002043511752e-8,-0.09349441528320313,1.2654745695783732e-8,1,-1.9854798694041166e-8,0.09349441528320313,-2.0950979617850863e-8,-0.9956198334693909],8,2.1386616230010988],[[758.4285278320313,222.94960021972657,46.41523361206055,-0.9930022358894348,1.9223989067285176e-9,-0.11809537559747696,2.998889581107278e-9,1,-8.937736772907101e-9,0.11809537559747696,-9.229347952555145e-9,-0.9930022358894348],8,2.150153875350952],[[758.4285278320313,222.94960021972657,46.41523361206055,-0.9895627498626709,-3.850093577284497e-9,-0.1441025733947754,-3.6235052736088848e-9,1,-1.834855711813077e-9,0.1441025733947754,-1.293548490544083e-9,-0.9895627498626709],8,2.1610682010650636],[[758.4285278320313,222.94960021972657,46.41523361206055,-0.9707463383674622,-2.0533086342311436e-8,-0.24010729789733888,-2.545909794093859e-8,1,1.7414045316854755e-8,0.24010729789733888,2.3017536321390254e-8,-0.9707463383674622],8,2.1844429969787599],[[758.4285278320313,222.94960021972657,46.41523361206055,-0.9603090882301331,-2.5111448920256408e-8,-0.27893802523612978,-3.29832516854367e-8,1,2.3527327641659214e-8,0.27893802523612978,3.1793788934919578e-8,-0.9603090882301331],8,2.193239927