[[[776,222.69961547851563,47,1,-5.3775224273522329e-8,1.2924486106997632e-14,5.3775224273522329e-8,1,-1.486842293729751e-8,-1.2124933591601672e-14,1.486842293729751e-8,1],8,0.006144046783447266],[[776,222.69961547851563,47,1,-7.392309697706878e-8,1.336616720217865e-14,7.392309697706878e-8,1,-2.0439143710859754e-8,-1.1855242536360639e-14,2.0439143710859754e-8,1],8,0.012483358383178711],[[776,222.69961547851563,47,1,-9.406236500808518e-8,1.391979132463585e-14,9.406236500808518e-8,1,-2.600748594261404e-8,-1.1473466152308286e-14,2.600748594261404e-8,1],8,0.021425724029541017],[[776,222.69961547851563,47,1,-9.056098804194335e-8,1.3939670340874962e-14,9.056098804194335e-8,1,-2.50393803469251e-8,-1.1672079284813422e-14,2.50393803469251e-8,1],8,0.045678138732910159],[[776,222.69961547851563,47,1,-5.666688096539474e-8,1.336027524099755e-14,5.666688096539474e-8,1,-1.5667925623574776e-8,-1.2472422928982118e-14,1.5667925623574776e-8,1],8,0.052588462829589847],[[776,222.69961547851563,47,1,-4.311937473744365e-8,1.321289489630709e-14,4.311937473744365e-8,1,-1.1922145937148798e-8,-1.2698819589190141e-14,1.1922145937148798e-8,1],8,0.06200265884399414],[[776,222.69961547851563,47,1,-2.9577657656432167e-8,1.311586134296848e-14,2.9577657656432167e-8,1,-8.177965860056702e-9,-1.287397668531991e-14,8.177965860056702e-9,1],8,0.07128310203552246],[[776,222.69961547851563,47,1,-1.604172616964661e-8,1.3069382951086742e-14,1.604172616964661e-8,1,-4.435385836387695e-9,-1.2998231336484433e-14,4.435385836387695e-9,1],8,0.07780003547668457],[[776,222.69961547851563,47,1,-2.511579610953163e-9,1.3073485978683242e-14,2.511579610953163e-9,1,-6.944045338741489e-10,-1.3071741937844845e-14,6.944045338741489e-10,1],8,0.09052658081054688],[[776,222.69961547851563,47,1,2.4531372488922899e-8,1.3233285520446343e-14,-2.4531372488922899e-8,1,6.782764128132612e-9,-1.3066895215320656e-14,-6.782764128132612e-9,1],8,0.10373926162719727],[[776,222.69961547851563,47,1,3.804418469144366e-8,1.3388866838132119e-14,-3.804418469144366e-8,1,1.0518952819893457e-8,-1.2988681887037088e-14,-1.0518952819893457e-8,1],8,0.11453962326049805],[[776,222.69961547851563,47,1,5.1551218405165858e-8,1.3594818664092266e-14,-5.1551218405165858e-8,1,1.425354501094489e-8,-1.2860031134876316e-14,-1.425354501094489e-8,1],8,0.12281036376953125],[[776,222.69961547851563,47,1,6.505248251187368e-8,1.3851076623822793e-14,-6.505248251187368e-8,1,1.7986542033554543e-8,-1.268100733334233e-14,-1.7986542033554543e-8,1],8,0.13484406471252442],[[776,222.69961547851563,47,1,8.529356421149714e-8,1.4329646003856737e-14,-8.529356421149714e-8,1,2.358304840299752e-8,-1.2318164676759953e-14,-2.358304840299752e-8,1],8,0.1441507339477539],[[776,222.69961547851563,47,1,1.0552167140076563e-7,1.4921044407629689e-14,-1.0552167140076563e-7,1,2.9175968307981749e-8,-1.1842346459738692e-14,-2.9175968307981749e-8,1],8,0.15586042404174806],[[776,222.69961547851563,47,1,1.1899987129027068e-7,1.5377883157401824e-14,-1.1899987129027068e-7,1,3.290259087407321e-8,-1.1462478440916503e-14,-3.290259087407321e-8,1],8,0.16656827926635743],[[775.8383178710938,222.69961547851563,47.000736236572269,0.9895038604736328,7.733804352483276e-8,0.14450642466545106,-7.95570258560474e-8,1,9.577018289519401e-9,-0.14450642466545106,-2.097299756087523e-8,0.9895038604736328],8,0.18047022819519044],[[775.6417846679688,222.69961547851563,47.00163269042969,0.9592138528823853,4.6722785640440637e-8,0.2826814651489258,-4.807910869430998e-8,1,-2.1389416904327165e-9,-0.2826814651489258,-1.1539370348145895e-8,0.9592138528823853],8,0.20314717292785645],[[775.3753051757813,222.69961547851563,47.00285339355469,0.8943284749984741,6.217700576627294e-9,0.4474109411239624,-4.763180072586692e-9,1,-4.3759618151284489e-9,-0.4474109411239624,1.7824481890471589e-9,0.8943284749984741],8,0.20885801315307618],[[775.2420043945313,222.69961547851563,47.00346374511719,0.8557179570198059,-1.4081308563618223e-8,0.517442524433136,1.661169690692077e-8,1,-2.582294933439755e-10,-0.517442524433136,8.81656969653477e-9,0.8557179570198059],8,0.21856403350830079],[[774.9754028320313,222.69961547851563,47.00468444824219,0.7729483246803284,-5.5014844235756757e-8,0.6344689726829529,5.759718035847072e-8,1,1.654170667109156e-8,-0.6344689726829529,2.3757742440011499e-8,0.7729483246803284],8,0.23652410507202149],[[774.7754516601563,222.69961547851563,47.0047492980957,0.7096883058547974,-8.610394530705889e-8,0.7045157551765442,8.635435477799547e-8,1,3.5228829631250849e-8,-0.7045157551765442,3.5836514200582317e-8,0.7096883058547974],8,0.254364013671875],[[774.5088500976563,222.69961547851563,47.0037841796875,0.6280693411827087,-7.955763692280016e-8,0.7781573534011841,7.537797586110173e-8,1,4.139913656331373e-8,-0.7781573534011841,3.265439829647221e-8,0.6280693411827087],8,0.26180195808410647],[[774.3088989257813,222.69961547851563,47.00267028808594,0.5704465508460999,-6.239779537509094e-8,0.821334719657898,5.597463470508046e-8,1,3.70948107786262e-8,-0.821334719657898,2.481330696468831e-8,0.5704465508460999],8,0.2751314640045166],[[774.1089477539063,222.69961547851563,47.00149154663086,0.5169947147369385,-4.508714823714399e-8,0.855988621711731,3.745114796060989e-8,1,3.005308712999977e-8,-0.855988621711731,1.652046854871969e-8,0.5169947147369385],8,0.2898101806640625],[[773.9089965820313,222.69961547851563,47.00059509277344,0.4674571454524994,-2.76478626659582e-8,0.8840157389640808,1.9805804996053668e-8,1,2.0802227496119486e-8,-0.8840157389640808,7.78449393834535e-9,0.4674571454524994],8,0.3003673553466797],[[773.6423950195313,222.69961547851563,46.9998779296875,0.4068244695663452,-4.23281143469012e-9,0.9135063290596008,-2.4165243139862015e-9,1,5.709771322415236e-9,-0.9135063290596008,-4.530384956069611e-9,0.4068244695663452],8,0.31656503677368166],[[773.5090942382813,222.69961547851563,46.999900817871097,0.3790470063686371,7.531444801145426e-9,0.9253774285316467,-1.3001827170455727e-8,1,-2.81305867488868e-9,-0.9253774285316467,-1.0965315766497952e-8,0.3790470063686371],8,0.32668328285217287],[[773.3091430664063,222.69961547851563,47.000946044921878,0.3404812514781952,2.5232063549651685e-8,0.9402512907981873,-2.828228851115e-8,1,-1.6593940443954126e-8,-0.9402512907981873,-2.0942533041079515e-8,0.3404812514781952],8,0.33824801445007326],[[773.1091918945313,222.69961547851563,47.002479553222659,0.30510830879211428,4.298345146480642e-8,0.9523176550865173,-4.291369748443685e-8,1,-3.1386715448888938e-8,-0.9523176550865173,-3.129112613464713e-8,0.30510830879211428],8,0.35051655769348147],[[772.9758911132813,222.69961547851563,47.00372314453125,0.28340432047843935,5.483875398226701e-8,0.9590005278587341,-5.235290956306926e-8,1,-4.171187839574486e-8,-0.9590005278587341,-3.8385142175911827e-8,0.28340432047843935],8,0.35884547233581545],[[772.7759399414063,222.69961547851563,47.00567626953125,0.2534228265285492,7.264366530534972e-8,0.9673556089401245,-6.609800351498052e-8,1,-5.777908285153899e-8,-0.9673556089401245,-4.92977321187027e-8,0.2534228265285492],8,0.3716623783111572],[[772.6426391601563,222.69961547851563,47.00715637207031,0.2350199818611145,8.452345667819827e-8,0.9719905257225037,-7.50192157283891e-8,1,-6.882005720854068e-8,-0.9719905257225037,-5.674388603438274e-8,0.2350199818611145],8,0.37933850288391116],[[772.4426879882813,222.69961547851563,47.009742736816409,0.20952162146568299,1.0235152814175308e-7,0.9778040051460266,-8.808304130525357e-8,1,-8.580065724572705e-8,-0.9778040051460266,-6.815086095457446e-8,0.20952162146568299],8,0.3934009075164795],[[772.2427368164063,222.69961547851563,47.01239776611328,0.18636533617973329,7.543243896179774e-8,0.982480525970459,-6.30266470125207e-8,1,-6.482210324065818e-8,-0.982480525970459,-4.9841855087606748e-8,0.18636533617973329],8,0.40513157844543459],[[772.1094360351563,222.69961547851563,47.01416778564453,0.17229823768138886,5.748926312776348e-8,0.9850448369979858,-4.6775948447930207e-8,1,-5.0180300803503999e-8,-0.9850448369979858,-3.743042853443512e-8,0.17229823768138886],8,0.4161868095397949],[[771.9094848632813,222.69961547851563,47.016822814941409,0.15300747752189637,3.0584267562971948e-8,0.9882250428199768,-2.2994305126644578e-8,1,-2.738846482941426e-8,-0.9882250428199768,-1.8532906764789915e-8,0.15300747752189637],8,0.4255187511444092],[[771.7761840820313,222.69961547851563,47.018768310546878,0.14120252430438996,1.2656588666004609e-8,0.9899807572364807,-7.489574294083923e-9,1,-1.1716430492469954e-8,-0.9899807572364807,-5.760143029220899e-9,0.14120252430438996],8,0.43941831588745119],[[771.5762329101563,222.69969177246095,47.02205276489258,0.12484227865934372,-1.4218071164862068e-8,0.9921765923500061,1.530709781150108e-8,1,1.2404140825594823e-8,-0.9921765923500061,1.3638785212322091e-8,0.12484227865934372],8,0.44910764694213869],[[771.3762817382813,222.6997833251953,47.02597427368164,0.1097903773188591,-4.106928130909182e-8,0.9939547777175903,3.7613666847846619e-8,1,3.7164330279892968e-8,-0.9939547777175903,3.330599795958733e-8,0.1097903773188591],8,0.4607062339782715],[[771.1763305664063,222.6999053955078,47.030303955078128,0.09604250639677048,-6.789420581299055e-8,0.995377242565155,5.949519277237414e-8,1,6.246892070294052e-8,-0.995377242565155,5.32204893488597e-8,0.09604250639677048],8,0.47032618522644045],[[771.0430297851563,222.69998168945313,47.03323745727539,0.08767367154359818,-8.576188292863663e-8,0.9961492419242859,7.388586453771495e-8,1,7.959052084061114e-8,-0.9961492419242859,6.662335749751947e-8,0.08767367154359818],8,0.48284292221069338],[[770.8430786132813,222.7000732421875,47.037925720214847,0.07609553635120392,-7.012660319105635e-8,0.9971005320549011,5.921976509171145e-8,1,6.581106504199852e-8,-0.9971005320549011,5.4040132368982088e-8,0.07609553635120392],8,0.4927406311035156],[[770.6431274414063,222.70021057128907,47.04267501831055,0.0656057670712471,-5.450986861887941e-8,0.9978456497192383,4.483373317043515e-8,1,5.1679855062047866e-8,-0.9978456497192383,4.1346648771423136e-8,0.0656057670712471],8,0.5051617622375488],[[770.5098266601563,222.70030212402345,47.04584884643555,0.05924972519278526,-4.410909326679757e-8,0.9982432126998901,3.5384328356258268e-8,1,4.208651915860173e-8,-0.9982432126998901,3.282854876829333e-8,0.05924972519278526],8,0.515749454498291],[[770.2432250976563,223.56320190429688,47.05219650268555,0.04675273224711418,-2.3332873411163747e-8,0.9989064931869507,1.674112581895315e-8,1,2.257486642065487e-8,-0.9989064931869507,1.5667382058381919e-8,0.04675273224711418],3,0.5348010063171387],[[769.9766235351563,224.37159729003907,47.05854415893555,0.03639853373169899,-2.590660352908003e-9,0.999337375164032,-1.5520189577955535e-9,1,2.6489068716273324e-9,-0.999337375164032,-1.6474069886029952e-9,0.03639853373169899],5,0.5589334964752197],[[769.6433715820313,225.30545043945313,47.06647872924805,0.025810249149799348,2.3291944373227126e-8,0.9996668696403503,-2.405421462015056e-8,1,-2.267865362171051e-8,-0.9996668696403503,-2.3460859921442535e-8,0.025810249149799348],5,0.5679974555969238],[[769.5100708007813,225.6551513671875,47.06965255737305,0.022153936326503755,3.363139455814235e-8,0.9997545480728149,-3.296859318879797e-8,1,-3.290908878739174e-8,-0.9997545480728149,-3.2231433522156297e-8,0.022153936326503755],5,0.5753591060638428],[[769.3101196289063,226.15415954589845,47.07441329956055,0.017281310632824899,4.912668316592317e-8,0.9998506903648377,-4.6269740039406318e-8,1,-4.833430011785822e-8,-0.9998506903648377,-4.5427547945564586e-8,0.017281310632824899],5,0.588160514831543],[[769.1101684570313,226.62249755859376,47.07917404174805,0.012939654290676117,6.460579271561073e-8,0.9999162554740906,-5.949728532073095e-8,1,-6.384126294278758e-8,-0.9999162554740906,-5.8666220326131227e-8,0.012939654290676117],5,0.6014180183410645],[[768.7769165039063,227.33494567871095,47.08710861206055,0.006579539738595486,9.036966019948523e-8,0.9999783635139465,-8.140413143564729e-8,1,-8.983599997236525e-8,-0.9999783635139465,-8.081129010406585e-8,0.006579539738595486],5,0.6262366771697998],[[768.5769653320313,227.72152709960938,47.09186935424805,0.003293456044048071,1.0580776432789207e-7,0.9999945759773254,-9.44884632758658e-8,1,-1.0549714346552719e-7,-0.9999945759773254,-9.414049628730936e-8,0.003293456044048071],5,0.6346142292022705],[[768.3770141601563,228.0774688720703,47.09690856933594,0.0003055179840885103,1.2123129522478849e-7,0.9999999403953552,-1.0753301893373646e-7,1,-1.2119845393954166e-7,-0.9999999403953552,-1.0749598544634864e-7,0.0003055179840885103],5,0.6455307006835938],[[768.2437133789063,228.2977294921875,47.10030746459961,-0.0015251515433192254,1.1839602365171231e-7,0.9999988079071045,-1.0465178235108397e-7,1,-1.185557678695659e-7,-0.9999988079071045,-1.0483247336878776e-7,-0.0015251515433192254],5,0.6554155349731445],[[768.1104125976563,228.50436401367188,47.1038818359375,-0.003280582604929805,1.0245681636433801e-7,0.9999946355819702,-9.024365255072553e-8,1,-1.0275341821852635e-7,-0.9999946355819702,-9.058025796093716e-8,-0.003280582604929805],5,0.6671862602233887],[[767.8438110351563,228.8767547607422,47.111934661865237,-0.00688994862139225,7.060777562628573e-8,0.9999762773513794,-6.154426301918648e-8,1,-7.103350441184375e-8,-0.9999762773513794,-6.203221403211501e-8,-0.00688994862139225],5,0.6823656558990479],[[767.5772094726563,229.1946563720703,47.12132263183594,-0.010696635581552983,3.8798614099277987e-8,0.9999427795410156,-3.300570483588672e-8,1,-3.9153906783440109e-8,-0.9999427795410156,-3.342263354966235e-8,-0.010696635581552983],5,0.6960535049438477],[[767.4440307617188,229.33316040039063,47.12664031982422,-0.012681704945862294,2.290929046466772e-8,0.999919593334198,-1.8801218359953965e-8,1,-2.314958358340391e-8,-0.999919593334198,-1.9093283398774475e-8,-0.012681704945862294],5,0.7068541049957275],[[767.111083984375,229.6198272705078,47.140869140625,-0.017716581001877786,-1.6768689548030126e-8,0.9998430609703064,1.650565906174961e-8,1,1.706379215704601e-8,-0.9998430609703064,1.6805380198547938e-8,-0.017716581001877786],5,0.724658727645874],[[766.9779052734375,229.7106475830078,47.14677047729492,-0.01961732655763626,-3.262170267248621e-8,0.9998075366020203,3.054864450291461e-8,1,3.3227379958589157e-8,-0.9998075366020203,3.119459535128044e-8,-0.01961732655763626],5,0.7348372936248779],[[766.7115478515625,229.85142517089845,47.15947723388672,-0.02340998686850071,-6.429688426123903e-8,0.9997259378433228,5.849912199096252e-8,1,6.568434685050306e-8,-0.9997259378433228,6.002075991773381e-8,-0.02340998686850071],5,0.7518618106842041],[[766.4451904296875,229.9376983642578,47.17312240600586,-0.02719222567975521,-9.593067318292015e-8,0.9996302127838135,8.626939518308063e-8,1,9.83128813913936e-8,-0.9996302127838135,8.891084490869616e-8,-0.02719222567975521],5,0.7816767692565918],[[766.1123046875,229.96888732910157,47.19188690185547,-0.03208734467625618,-9.645910381550493e-8,0.9994850754737854,8.596795453286177e-8,1,9.926870347953809e-8,-0.9994850754737854,8.91089584342808e-8,-0.03208734467625618],5,0.789240837097168],[[765.9127197265625,229.9467315673828,47.203556060791019,-0.03486059606075287,-8.12016693885198e-8,0.9993922114372253,7.193816742301351e-8,1,8.376038351798343e-8,-0.9993922114372253,7.481438046852418e-8,-0.03486059606075287],5,0.8001368045806885],[[765.7796630859375,229.91493225097657,47.21137619018555,-0.03655238822102547,-7.10384071567205e-8,0.9993317127227783,6.263265106554172e-8,1,7.33768175109617e-8,-0.9993317127227783,6.527289286850646e-8,-0.03655238822102547],5,0.8113579750061035],[[765.447021484375,229.77581787109376,47.230934143066409,-0.040363363921642306,-4.565852051996444e-8,0.9991850852966309,3.9507938254246258e-8,1,4.729173141981846e-8,-0.9991850852966309,4.13845953062264e-8,-0.040363363921642306],5,0.8304538726806641],[[765.2474365234375,229.65147399902345,47.24267578125,-0.04234429821372032,-3.0449470500570899e-8,0.9991030693054199,2.5717392659885264e-8,1,3.1566770530844226e-8,-0.9991030693054199,2.703099966083755e-8,-0.04234429821372032],5,0.8434195518493652],[[765.0478515625,229.49647521972657,47.254417419433597,-0.04408123344182968,-1.5253984742003014e-8,0.9990279674530029,1.1980768377384266e-8,1,1.5797468222444878e-8,-0.9990279674530029,1.2665494431018942e-8,-0.04408123344182968],5,0.8553957939147949],[[764.8482666015625,229.31082153320313,47.26615905761719,-0.04562624171376228,-7.1641706456127e-11,0.9989585876464844,-1.71096115053615e-9,1,-6.429710930344612e-12,-0.9989585876464844,-1.709472674527035e-9,-0.04562624171376228],5,0.8681390285491943],[[764.7152099609375,229.17002868652345,47.27397918701172,-0.04655773937702179,1.0042795040021702e-8,0.9989156126976013,-1.0817208462299277e-8,1,-1.0557868357352618e-8,-0.9989156126976013,-1.1297029089973876e-8,-0.04655773937702179],5,0.8770480155944824],[[764.4490966796875,228.84754943847657,47.28961944580078,-0.04823996126651764,3.025501627007543e-8,0.9988358020782471,-2.8984819877564406e-8,1,-3.169013851334057e-8,-0.9988358020782471,-3.0479807122674177e-8,-0.04823996126651764],5,0.8914766311645508],[[764.3160400390625,228.66586303710938,47.29744338989258,-0.04899321123957634,4.035294054460792e-8,0.9987990856170654,-3.80491051998888e-8,1,-4.226784611205403e-8,-0.9987990856170654,-4.007425147278809e-8,-0.04899321123957634],5,0.9015300273895264],[[764.116455078125,228.3677978515625,47.30918502807617,-0.050013456493616107,5.548984560732606e-8,0.9987485408782959,-5.162495853028304e-8,1,-5.8144554060390877e-8,-0.9987485408782959,-5.446836226496998e-8,-0.050013456493616107],5,0.9141592979431152],[[763.9168701171875,228.03907775878907,47.320926666259769,-0.050928231328725818,7.061498052962634e-8,0.9987022876739502,-6.517861095289845e-8,1,-7.403047419529685e-8,-0.9987022876739502,-6.886427428298703e-8,-0.050928231328725818],5,0.9270179271697998],[[763.71728515625,227.67970275878907,47.33266830444336,-0.05174693092703819,8.572855847432948e-8,0.9986602067947388,-7.87130858270757e-8,1,-8.992218880621295e-8,-0.9986602067947388,-8.326082934217993e-8,-0.05174693092703819],5,0.9399323463439941],[[763.5177001953125,227.2896728515625,47.34440994262695,-0.05247924476861954,1.0083078194611517e-7,0.9986220002174377,-9.223089847409938e-8,1,-1.0581680243149094e-7,-0.9986220002174377,-9.765698649744081e-8,-0.05247924476861954],5,0.9542310237884522],[[763.18505859375,226.5714874267578,47.36397933959961,-0.05355316773056984,1.1338253358417205e-7,0.9985650181770325,-1.0327470079118939e-7,1,-1.1908410613159504e-7,-0.9985650181770325,-1.0950383000363218e-7,-0.05355316773056984],5,0.9724860191345215],[[763.052001953125,226.2603759765625,47.37162780761719,-0.05386720597743988,9.825361502180385e-8,0.9985480904579163,-8.938348372566907e-8,1,-1.0321831922510683e-7,-0.9985480904579163,-9.481379237286092e-8,-0.05386720597743988],5,0.9819836616516113],[[762.8522338867188,225.76815795898438,47.38246154785156,-0.05400395393371582,7.557316195061503e-8,0.9985406994819641,-6.859891499289006e-8,1,-7.939362944853201e-8,-0.9985406994819641,-7.278638491925449e-8,-0.05400395393371582],5,0.9928019046783447],[[762.6524658203125,225.2452850341797,47.392311096191409,-0.053661394864320758,5.290692328685509e-8,0.9985591769218445,-4.7862528163022947e-8,1,-5.555533633128107e-8,-0.9985591769218445,-5.0774744408954578e-8,-0.053661394864320758],5,1.006375789642334],[[762.3861083984375,224.50042724609376,47.40438461303711,-0.05265191197395325,2.270489041222845e-8,0.9986129403114319,-2.0238024589502858e-8,1,-2.3803478299555537e-8,-0.9986129403114319,-2.1463250732267626e-8,-0.05265191197395325],5,1.0229477882385255],[[762.2528686523438,224.10755920410157,47.409488677978519,-0.051795441657304767,7.611476782187765e-9,0.9986577033996582,-6.424265563964582e-9,1,-7.954902514484275e-9,-0.9986577033996582,-6.827669984943441e-9,-0.051795441657304767],5,1.0338003635406495],[[762.0529174804688,223.4927215576172,47.416168212890628,-0.05007107928395271,-1.502074908898976e-8,0.9987456798553467,1.4321009267348473e-8,1,1.5757581905972985e-8,-0.9987456798553467,1.509204494709593e-8,-0.05007107928395271],5,1.0437986850738526],[[761.8529663085938,222.84722900390626,47.4212646484375,-0.047745928168296817,-3.76449911243526e-8,0.9988595247268677,3.512381852033286e-8,1,3.936690973205259e-8,-0.9988595247268677,3.6963367477937939e-8,-0.047745928168296817],7,1.0550832748413087],[[761.7196655273438,222.5089569091797,47.424102783203128,-0.04600201174616814,-5.272417524793127e-8,0.9989413619041443,4.903309047676885e-8,1,5.5038061219647719e-8,-0.9989413619041443,5.1513044496687146e-8,-0.04600201174616814],7,1.0659832954406739],[[761.5197143554688,222.4450225830078,47.42818069458008,-0.043402574956417087,-7.533777335311243e-8,0.9990576505661011,6.994993384523696e-8,1,7.844770522069666e-8,-0.9990576505661011,7.32888523202746e-8,-0.043402574956417087],7,1.0770564079284669],[[761.3197631835938,222.50514221191407,47.43138885498047,-0.04066196456551552,-8.460212086447427e-8,0.9991729855537415,7.856591821564507e-8,1,8.786943794802937e-8,-0.9991729855537415,8.207388901837476e-8,-0.04066196456551552],7,1.0900583267211915],[[761.1198120117188,222.56846618652345,47.43412399291992,-0.037909187376499179,-6.718139644590338e-8,0.9992811679840088,6.241301520049092e-8,1,6.959744780488109e-8,-0.9992811679840088,6.500653881857943e-8,-0.037909187376499179],8,1.1034932136535645],[[760.9198608398438,222.61492919921876,47.43650436401367,-0.03523429110646248,-4.976537582024321e-8,0.9993790984153748,4.6202242032222787e-8,1,5.142521075640616e-8,-0.9993790984153748,4.798548403073255e-8,-0.03523429110646248],8,1.1153850555419922],[[760.7199096679688,222.64596557617188,47.438533782958987,-0.032650504261255267,-3.235436452087015e-8,0.9994668364524841,2.993656167404879e-8,1,3.334958975642621e-8,-0.9994668364524841,3.100948120504654e-8,-0.032650504261255267],8,1.1255593299865723],[[760.4533081054688,222.6709747314453,47.44075393676758,-0.02933013252913952,-9.14797038120696e-9,0.9995697736740112,8.170793819317624e-9,1,9.391660782398504e-9,-0.9995697736740112,8.442737176039828e-9,-0.02933013252913952],8,1.1417558193206788],[[760.3200073242188,222.67886352539063,47.44131088256836,-0.027619201689958574,2.4515793839441359e-9,0.9996185302734375,-2.7430389071270157e-9,1,-2.528304454685326e-9,-0.9996185302734375,-2.8118223305284575e-9,-0.027619201689958574],8,1.152430534362793],[[760.1200561523438,222.68702697753907,47.44133758544922,-0.024881189689040185,1.9846565280090546e-8,0.9996904134750366,-1.9156166430889244e-8,1,-2.0329487426806737e-8,-0.9996904134750366,-1.9656058114492226e-8,-0.024881189689040185],8,1.1628808975219727],[[759.9867553710938,222.69073486328126,47.440391540527347,-0.02279575541615486,3.144057103554587e-8,0.9997401237487793,-3.0134160056149997e-8,1,-3.2135851313341848e-8,-0.9997401237487793,-3.0858892330343227e-8,-0.02279575541615486],8,1.1730177402496338],[[759.8534545898438,222.69346618652345,47.43883514404297,-0.020528467372059823,4.3032784446950248e-8,0.999789297580719,-4.1146005713699199e-8,1,-4.388669694321834e-8,-0.999789297580719,-4.2038259095988909e-8,-0.020528467372059823],8,1.1844279766082764],[[759.5868530273438,222.6969757080078,47.434226989746097,-0.015548711642622948,6.621262116368598e-8,0.9998791217803955,-6.32838563774385e-8,1,-6.720472356391838e-8,-0.9998791217803955,-6.432114929566524e-8,-0.015548711642622948],8,1.195603370666504],[[759.4535522460938,222.6980743408203,47.4307746887207,-0.012789808213710785,7.780052158068429e-8,0.9999182224273682,-7.44211732239819e-8,1,-7.875879504126715e-8,-0.9999182224273682,-7.54223918875141e-8,-0.012789808213710785],8,1.2073087692260743],[[759.2536010742188,222.69921875,47.424259185791019,-0.008295930922031403,7.003234969715777e-8,0.9999656081199646,-6.717409206657976e-8,1,-7.059205131554336e-8,-0.9999656081199646,-6.775740502007466e-8,-0.008295930922031403],8,1.2191753387451172],[[759.0538330078125,222.69993591308595,47.415802001953128,-0.003291941247880459,4.969118094777514e-8,0.9999945759773254,-4.7856154594683178e-8,1,-4.9848992489387459e-8,-0.9999945759773254,-4.801999509140842e-8,-0.003291941247880459],8,1.2291009426116944],[[758.8540649414063,222.70037841796876,47.40610885620117,0.0019330560462549329,2.9351218344686459e-8,0.999998152256012,-2.8427868059566209e-8,1,-2.9296320036564795e-8,-0.999998152256012,-2.8371182736464108e-8,0.0019330560462549329],8,1.2416796684265137],[[758.7208862304688,222.70057678222657,47.39882278442383,0.005509704351425171,1.579192066003543e-8,0.9999848008155823,-1.54089860870954e-8,1,-1.5707259493069615e-8,-0.9999848008155823,-1.5322209279133859e-8,0.005509704351425171],8,1.2525899410247803],[[758.5213623046875,222.70079040527345,47.385009765625,0.011704035103321076,-4.546621745760149e-9,0.9999315142631531,4.22280121981089e-9,1,4.497505923239942e-9,-0.9999315142631531,4.16987289142412e-9,0.011704035103321076],8,1.2665059566497803],[[758.3219604492188,222.70094299316407,47.36918258666992,0.018441641703248025,-2.488569350589387e-8,0.9998299479484558,2.4009482402220784e-8,1,2.4447077251466e-8,-0.9998299479484558,2.35545538629367e-8,0.018441641703248025],8,1.277033805847168],[[758.0565185546875,222.7010498046875,47.344058990478519,0.02846197970211506,-5.20062037878688e-8,0.9995948672294617,5.068041986078242e-8,1,5.05842301379289e-8,-0.9995948672294617,4.922015861552609e-8,0.02846197970211506],8,1.2912447452545167],[[757.8576049804688,222.7010955810547,47.323341369628909,0.036160245537757876,-7.234805821099144e-8,0.9993460178375244,7.089773390589471e-8,1,6.983004396943216e-8,-0.9993460178375244,6.832629395603363e-8,0.036160245537757876],8,1.3024907112121583],[[757.7913818359375,222.70111083984376,47.315467834472659,0.038908738642930987,-7.912886701433308e-8,0.9992427825927734,7.768957743792271e-8,1,7.616374375629676e-8,-0.9992427825927734,7.466731943850391e-8,0.038908738642930987],8,1.310713291168213],[[757.5928955078125,222.7011260986328,47.29055404663086,0.04746280610561371,-7.29364373341923e-8,0.9988729953765869,7.208967645055964e-8,1,6.959329112987689e-8,-0.9988729953765869,6.87053400838522e-8,0.04746280610561371],8,1.322460412979126],[[757.1982421875,222.7011260986328,47.22582244873047,0.06977881491184235,-3.400815984377914e-8,0.9975624680519104,3.4536327575551698e-8,1,3.1675465805847128e-8,-0.9975624680519104,3.224186784223093e-8,0.06977881491184235],8,1.346944808959961],[[757.067626953125,222.7011260986328,47.19913101196289,0.07854318618774414,-2.1028814245482864e-8,0.9969106912612915,2.1827872842550279e-8,1,1.9374237325564537e-8,-0.9969106912612915,2.023872625045442e-8,0.07854318618774414],8,1.356365442276001],[[756.9376220703125,222.7011260986328,47.169551849365237,0.08807673305273056,-8.047688737633507e-9,0.9961137175559998,8.998036982177382e-9,1,7.283477820863027e-9,-0.9961137175559998,8.32156299424014e-9,0.08807673305273056],8,1.3647716045379639],[[756.7427978515625,222.7011260986328,47.12417221069336,0.10229157656431198,1.1426411816728433e-8,0.994754433631897,-1.0507922532099201e-8,1,-1.040612485070369e-8,-0.994754433631897,-9.388343436000924e-9,0.10229157656431198],8,1.377561092376709],[[756.4830322265625,223.56402587890626,47.06354904174805,0.12110435962677002,3.739257792290118e-8,0.9926397800445557,-3.698672657037605e-8,1,-3.315737018283471e-8,-0.9926397800445557,-3.269899195856851e-8,0.12110435962677002],3,1.3938612937927247],[[756.2275390625,224.37242126464845,46.987403869628909,0.14362074434757234,6.335594093798136e-8,0.989632785320282,-6.416519937602061e-8,1,-5.470765174209191e-8,-0.989632785320282,-5.564283256376257e-8,0.14362074434757234],5,1.4219768047332764],[[755.9135131835938,225.3062744140625,46.87584686279297,0.17587502300739289,9.579997595210443e-8,0.9844124913215637,-9.926740318633165e-8,1,-7.958180248124336e-8,-0.9844124913215637,-8.37236200368352e-8,0.17587502300739289],5,1.429079532623291],[[755.7904663085938,225.65597534179688,46.82478713989258,0.19033503532409669,1.0877148781673896e-7,0.9817191958427429,-1.1372684838306668e-7,1,-8.87476616640015e-8,-0.9817191958427429,-9.475603945929834e-8,0.19033503532409669],5,1.4387941360473633],[[755.669189453125,225.99205017089845,46.7693977355957,0.20577096939086915,1.21737784297693e-7,0.9786002039909363,-1.284526547351561e-7,1,-9.739008532960725e-8,-0.9786002039909363,-1.0566373020992614e-7,0.20577096939086915],5,1.4510846138000489],[[755.4297485351563,226.62332153320313,46.651973724365237,0.23805877566337586,9.459800054401058e-8,0.9712507724761963,-1.0205670264440414e-7,1,-7.238348587179644e-8,-0.9712507724761963,-8.189112321588255e-8,0.23805877566337586],5,1.4636774063110352],[[755.3121337890625,226.91851806640626,46.589111328125,0.2546427845954895,8.104004223241646e-8,0.967035174369812,-8.852963162553351e-8,1,-6.049067735602876e-8,-0.967035174369812,-7.020775427690751e-8,0.2546427845954895],5,1.473740816116333],[[755.1394653320313,227.3357696533203,46.4881591796875,0.2807827293872833,6.07225061344252e-8,0.9597713351249695,-6.786068951214475e-8,1,-4.3414924988383066e-8,-0.9597713351249695,-5.2940585248961727e-8,0.2807827293872833],5,1.4849936962127686],[[755.0257568359375,227.59689331054688,46.41854476928711,0.29814839363098147,4.7192731500445009e-8,0.954519510269165,-5.378001688427503e-8,1,-3.264292658400336e-8,-0.954519510269165,-4.160164479571904e-8,0.29814839363098147],5,1.4939451217651368],[[754.8569946289063,227.9630584716797,46.31119155883789,0.3236960470676422,2.6924192653154934e-8,0.9461610913276672,-3.221945732434506e-8,1,-1.743348221339147e-8,-0.9461610913276672,-2.484165229077462e-8,0.3236960470676422],5,1.5041873455047608],[[754.7456665039063,228.19012451171876,46.23780822753906,0.34020599722862246,1.3430813794457208e-8,0.9403509497642517,-1.7571574417729609e-8,1,-7.925616607451503e-9,-0.9403509497642517,-1.3827107459007948e-8,0.34020599722862246],5,1.51198410987854],[[754.58203125,228.50518798828126,46.122825622558597,0.36526668071746828,-6.778263283990782e-9,0.930902898311615,4.770960959632475e-9,1,5.409357850538754e-9,-0.930902898311615,2.465439852272766e-9,0.36526668071746828],5,1.5252723693847657],[[754.4743041992188,228.6981964111328,46.04425048828125,0.3816443085670471,-2.0228879904493625e-8,0.924309253692627,1.990027520548665e-8,1,1.3668639553543472e-8,-0.924309253692627,1.3177446689383033e-8,0.3816443085670471],5,1.5344951152801514],[[754.3677978515625,228.87757873535157,45.964012145996097,0.39767181873321535,-3.3661109455351837e-8,0.9175277352333069,3.520050029237609e-8,1,2.1430262009403124e-8,-0.9175277352333069,2.3775220014954358e-8,0.39767181873321535],5,1.544032335281372],[[754.2100219726563,229.12110900878907,45.8411865234375,0.42113956809043887,-5.3773952402025318e-8,0.9069958329200745,5.84429180605639e-8,1,3.2151554307802147e-8,-0.9069958329200745,3.9467188628350416e-8,0.42113956809043887],5,1.5538876056671143],[[754.1064453125,229.2664337158203,45.75724411010742,0.4364466965198517,-6.715830380699117e-8,0.8997300863265991,7.411556879333148e-8,1,3.8690270542929286e-8,-0.8997300863265991,4.979776591085283e-8,0.4364466965198517],5,1.5620720386505128],[[754.0039672851563,229.39813232421876,45.67195510864258,0.4513486325740814,-8.052302291616798e-8,0.8923476934432983,8.991027300453425e-8,1,4.476073911519052e-8,-0.8923476934432983,6.002852614983567e-8,0.4513486325740814],5,1.5723481178283692],[[753.9017333984375,229.51620483398438,45.58635330200195,0.46545711159706118,-9.386828736523967e-8,0.8850704431533814,1.0579265108390246e-7,1,5.042123163434553e-8,-0.8850704431533814,7.016502934220625e-8,0.46545711159706118],5,1.583693027496338],[[753.6996459960938,229.7114715576172,45.412330627441409,0.49250882863998415,-1.20501510991744e-7,0.870307445526123,1.378293745801784e-7,1,6.046062850373346e-8,-0.870307445526123,9.017652757847827e-8,0.49250882863998415],5,1.5954899787902833],[[753.599365234375,229.78866577148438,45.324440002441409,0.5050783753395081,-1.3378993912738225e-7,0.863073468208313,1.5393321461942834e-7,1,6.493259263606888e-8,-0.863073468208313,1.0005963702042209e-7,0.5050783753395081],5,1.6056606769561768],[[753.499267578125,229.8522491455078,45.236351013183597,0.5166991949081421,-1.1831516388838281e-7,0.8561670184135437,1.3687800048955979e-7,1,5.5585438474281548e-8,-0.8561670184135437,8.846947707752406e-8,0.5166991949081421],5,1.6156551837921143],[[753.34912109375,229.92205810546876,45.10416793823242,0.5326070785522461,-9.513873777677873e-8,0.8463626503944397,1.1095636409663712e-7,1,4.258528818468221e-8,-0.8463626503944397,7.122809364545901e-8,0.5326070785522461],5,1.6283981800079346],[[753.14892578125,229.9674530029297,44.927913665771487,0.5513613224029541,-6.429894483517273e-8,0.8342665433883667,7.589478911995684e-8,1,2.6914054984672476e-8,-0.8342665433883667,4.8477119207746e-8,0.5513613224029541],5,1.6565778255462647],[[752.898681640625,229.9475555419922,44.70759582519531,0.5712933540344238,-2.583990088567134e-8,0.8207459449768066,3.147571447925657e-8,1,9.574262271883072e-9,-0.8207459449768066,2.0363852826221774e-8,0.5712933540344238],5,1.665984869003296],[[752.7489624023438,229.89474487304688,44.57498550415039,0.5815684199333191,-2.8085245240561109e-9,0.8134974837303162,4.598323943838523e-9,1,1.6507105404794942e-10,-0.8134974837303162,3.64472518832315e-9,0.5815684199333191],5,1.6867046356201172],[[752.5494995117188,229.77664184570313,44.39804458618164,0.593448281288147,2.785365005308904e-8,0.8048721551895142,-3.142097426689361e-8,1,-1.1438993752221905e-8,-0.8048721551895142,-1.8501415510741027e-8,0.593448281288147],5,1.6925971508026124],[[752.39990234375,229.6522979736328,44.26533126831055,0.6011795401573181,5.0818020014276047e-8,0.7991139888763428,-5.853149076529007e-8,1,-1.9559267983026986e-8,-0.7991139888763428,-3.501470047240218e-8,0.6011795401573181],5,1.7058467864990235],[[752.3001708984375,229.5523681640625,44.17685317993164,0.6057785749435425,6.611326597294465e-8,0.7956332564353943,-7.663570755767069e-8,1,-2.4746324100988205e-8,-0.7956332564353943,-4.5983121310655409e-8,0.6057785749435425],5,1.7129590511322022],[[752.200439453125,229.43882751464845,44.088375091552737,0.6099854707717896,8.139763707504244e-8,0.7924125790596008,-9.475732554165006e-8,1,-2.9778737697938597e-8,-0.7924125790596008,-5.69223033153321e-8,0.6099854707717896],5,1.7210214138031006],[[752.1007080078125,229.3116455078125,43.99989700317383,0.6138623356819153,9.667154188264249e-8,0.7894130945205689,-1.1289240831047209e-7,1,-3.4672780202527068e-8,-0.7894130945205689,-6.783443495805841e-8,0.6138623356819153],5,1.7354357242584229],[[751.9511108398438,229.0953369140625,43.86717987060547,0.6191792488098145,1.1956355194797653e-7,0.7852497100830078,-1.4011470739205834e-7,1,-4.177962864559959e-8,-0.7852497100830078,-8.415594976440843e-8,0.6191792488098145],5,1.7432842254638672],[[751.801513671875,228.84837341308595,43.73446273803711,0.6239533424377441,1.1400369714920089e-7,0.7814615964889526,-1.3393822939633538e-7,1,-3.894303901574858e-8,-0.7814615964889526,-8.03689417239184e-8,0.6239533424377441],5,1.7558209896087647],[[751.6519165039063,228.57073974609376,43.60174560546875,0.6282138824462891,9.424062596963268e-8,0.7780407071113586,-1.1100437546929243e-7,1,-3.149724037143642e-8,-0.7780407071113586,-6.657892015482503e-8,0.6282138824462891],5,1.765967607498169],[[751.6021118164063,228.4713897705078,43.55745315551758,0.6295380592346191,8.765692882661824e-8,0.7769696712493897,-1.0334825617519528e-7,1,-2.9081279606657519e-8,-0.7769696712493897,-6.199068991463719e-8,0.6295380592346191],5,1.7747154235839844],[[751.4028930664063,228.03990173339845,43.38017654418945,0.634477436542511,6.13415309658194e-8,0.7729414105415344,-7.267954060807824e-8,1,-1.9701372977465327e-8,-0.7729414105415344,-4.367694828033564e-8,0.634477436542511],5,1.7866697311401368],[[751.3032836914063,227.80372619628907,43.29153060913086,0.6366985440254211,4.8195225588187898e-8,0.7711127996444702,-5.732194807706037e-8,1,-1.5170835254707528e-8,-0.7711127996444702,-3.454243824307923e-8,0.6366985440254211],5,1.794771432876587],[[751.2036743164063,227.55392456054688,43.202884674072269,0.6387268900871277,3.5056274327871509e-8,0.7694335579872131,-4.195160485664928e-8,1,-1.0736023625668168e-8,-0.7694335579872131,-2.5421584837204138e-8,0.6387268900871277],5,1.8048853874206544],[[751.1038818359375,227.29049682617188,43.11449432373047,0.6405003666877747,2.192447823290422e-8,0.767957866191864,-2.6570596389774438e-8,1,-6.38837382993529e-9,-0.767957866191864,-1.6313343564888784e-8,0.6405003666877747],5,1.812795639038086],[[750.95361328125,226.86981201171876,42.98245620727539,0.6426735520362854,2.2396973164973135e-9,0.7661401629447937,-3.4864227060893428e-9,1,1.2195752220611755e-12,-0.7661401629447937,-2.6718722789809137e-9,0.6426735520362854],5,1.8262708187103272],[[750.7007446289063,226.1005401611328,42.76528549194336,0.6445199847221375,-3.0536106976342128e-8,0.7645874619483948,3.4988779873401657e-8,1,1.0443721443209597e-8,-0.7645874619483948,2.002079746432628e-8,0.6445199847221375],5,1.8445594310760499],[[750.5984497070313,225.76898193359376,42.679752349853519,0.6445643901824951,-4.363594285905492e-8,0.7645500302314758,5.0364761250421e-8,1,1.4613316778877561e-8,-0.7645500302314758,2.9087154018725415e-8,0.6445643901824951],5,1.8550198078155518],[[750.4953002929688,225.42381286621095,42.595245361328128,0.6440686583518982,-5.6730360853407549e-8,0.764967679977417,6.572228983259265e-8,1,1.8825236480779496e-8,-0.764967679977417,3.8150680836679388e-8,0.6440686583518982],5,1.8662188053131104],[[750.3394165039063,224.8804931640625,42.46997833251953,0.6425440907478333,-7.636266730060015e-8,0.7662487030029297,8.871624856965355e-8,1,2.5264080605325036e-8,-0.7662487030029297,5.1745423945703808e-8,0.6425440907478333],5,1.8753492832183838],[[750.1815185546875,224.3065185546875,42.347225189208987,0.639967143535614,-9.598480943395771e-8,0.7684022784233093,1.1163857749352246e-7,1,3.193612130303336e-8,-0.7684022784233093,6.534526875157099e-8,0.639967143535614],5,1.8897452354431153],[[750.0755004882813,223.90684509277345,42.26640701293945,0.637834370136261,-1.0906116898468099e-7,0.7701735496520996,1.2687766570707027e-7,1,3.6529733904444586e-8,-0.7701735496520996,7.441789762197004e-8,0.637834370136261],5,1.8994054794311524],[[749.9140014648438,223.2817840576172,42.148494720458987,0.6334295868873596,-1.2866912868503278e-7,0.7738003134727478,1.4962940042551055e-7,1,4.3796106297122608e-8,-0.7738003134727478,8.804153139863047e-8,0.6334295868873596],5,1.910961389541626],[[749.7507934570313,222.62606811523438,42.03288269042969,0.6281512379646301,-9.392645239358899e-8,0.778091311454773,1.0912113879157914e-7,1,3.262068659637407e-8,-0.778091311454773,6.44154880546921e-8,0.6281512379646301],7,1.920905351638794],[[749.6404418945313,222.45669555664063,41.958065032958987,0.6239585876464844,-7.076913277614949e-8,0.7814574241638184,8.216204605560051e-8,1,2.495775142108414e-8,-0.7814574241638184,4.863353808559623e-8,0.6239585876464844],7,1.9304704666137696],[[749.5289916992188,222.4456024169922,41.88486862182617,0.6192387342453003,-4.761416505516536e-8,0.7852028012275696,5.525541624251673e-8,1,1.7062943058476777e-8,-0.7852028012275696,3.282067240206743e-8,0.6192387342453003],7,1.9408299922943116],[[749.4166870117188,222.48269653320313,41.81307601928711,0.6141030788421631,-2.4460627301436945e-8,0.7892258167266846,2.8416589969992857e-8,1,8.882009794319856e-9,-0.7892258167266846,1.6972636629475347e-8,0.6141030788421631],7,1.9505913257598878],[[749.2468872070313,222.54930114746095,41.70738983154297,0.605866014957428,1.0268586869699448e-8,0.795566737651825,-1.168907370896477e-8,1,-4.005415110697186e-9,-0.795566737651825,-6.8726935253948799e-9,0.605866014957428],7,1.9622619152069092],[[749.1327514648438,222.58612060546876,41.63850784301758,0.6000704169273377,3.342148247043042e-8,0.799947202205658,-3.831175732216252e-8,1,-1.3040523327845222e-8,-0.799947202205658,-2.282215127991094e-8,0.6000704169273377],8,1.972975254058838],[[748.9611206054688,222.62692260742188,41.53583526611328,0.5914999842643738,6.815173492213944e-8,0.8063049912452698,-7.806988833181095e-8,1,-2.7251969569874747e-8,-0.8063049912452698,-4.682859966465003e-8,0.5914999842643738],8,1.98317551612854],[[748.7893676757813,222.6537780