[[[776.38330078125,222.69961547851563,46.76248550415039,-0.03636668622493744,1.1033890245926159e-8,0.9993385076522827,-2.3597189979795986e-8,1,-1.1899913943125285e-8,-0.9993385076522827,-2.4014342514533383e-8,-0.03636668622493744],8,0.004552364349365234],[[776.38330078125,222.69961547851563,46.76248550415039,-0.03636668622493744,2.7403640245893258e-8,0.9993385076522827,-5.8605614583484569e-8,1,-2.955448152874851e-8,-0.9993385076522827,-5.964164984106901e-8,-0.03636668622493744],8,0.021430492401123048],[[776.38330078125,222.69961547851563,46.76248550415039,-0.03636668622493744,4.375939255396588e-8,0.9993385076522827,-9.358412711435449e-8,1,-4.719395718666419e-8,-0.9993385076522827,-9.523851218773416e-8,-0.03636668622493744],8,0.03687477111816406],[[776.38330078125,222.69961547851563,46.76248550415039,-0.03636668622493744,3.412426607951602e-8,0.9993385076522827,-7.297836646102951e-8,1,-3.68025929731175e-8,-0.9993385076522827,-7.426848469549441e-8,-0.03636668622493744],8,0.05485701560974121],[[776.38330078125,222.69961547851563,46.76248550415039,-0.03636668622493744,2.3840554419507499e-8,0.9993385076522827,-5.0985537569658848e-8,1,-2.5711738516065453e-8,-0.9993385076522827,-5.188686458268421e-8,-0.03636668622493744],8,0.08235526084899903],[[776.38330078125,222.69961547851563,46.76248550415039,-0.03636668622493744,6.7156871175200198e-9,0.9993385076522827,-1.4362140809964785e-8,1,-7.242781485672367e-9,-0.9993385076522827,-1.4616036381198683e-8,-0.03636668622493744],8,0.09181666374206543],[[776.38330078125,222.69961547851563,46.76248550415039,-0.03636668622493744,-6.9710321959348679e-9,0.9993385076522827,1.4908415835179768e-8,1,7.518175415555106e-9,-0.9993385076522827,1.5171965017657386e-8,-0.03636668622493744],8,0.1059725284576416],[[776.38330078125,222.69961547851563,46.76248550415039,-0.03636668622493744,-2.0646050202799416e-8,0.9993385076522827,4.4153960487847146e-8,1,2.22665139659739e-8,-0.9993385076522827,4.4934512999361689e-8,-0.03636668622493744],8,0.12220549583435059],[[776.38330078125,222.69961547851563,46.76248550415039,-0.03636668622493744,-3.430938022574992e-8,0.9993385076522827,7.337451535249784e-8,1,3.700224482372505e-8,-0.9993385076522827,7.467163243290998e-8,-0.03636668622493744],8,0.13745760917663575],[[776.38330078125,222.69961547851563,46.76248550415039,-0.03636668622493744,-4.796102714976769e-8,0.9993385076522827,1.025701052981276e-7,1,5.1725375982414337e-8,-0.9993385076522827,1.043833393055138e-7,-0.03636668622493744],8,0.15633416175842286],[[776.38330078125,222.69961547851563,46.76248550415039,-0.03636668622493744,-3.644618828957391e-8,0.9993385076522827,7.79443070086927e-8,1,3.930676584218418e-8,-0.9993385076522827,7.93222056927334e-8,-0.03636668622493744],8,0.170440673828125],[[776.38330078125,222.69961547851563,46.76248550415039,-0.03636668622493744,-1.7271201357971223e-8,0.9993385076522827,3.693638106483377e-8,1,1.862677656561118e-8,-0.9993385076522827,3.758934141728787e-8,-0.03636668622493744],8,0.19011878967285157],[[776.38330078125,222.69961547851563,46.76248550415039,-0.03636668622493744,-1.9459651667830259e-9,0.9993385076522827,4.161573308181232e-9,1,2.0986961057900545e-9,-0.9993385076522827,4.235142903041833e-9,-0.03636668622493744],8,0.20480060577392579],[[776.38330078125,222.69961547851563,46.76248550415039,-0.03636668622493744,1.3366169504536174e-8,0.9993385076522827,-2.858522840654132e-8,1,-1.4415254767641273e-8,-0.9993385076522827,-2.9090555742072867e-8,-0.03636668622493744],8,0.22247552871704102],[[776.38330078125,222.69961547851563,46.76248550415039,-0.03636668622493744,2.8665212425948995e-8,0.9993385076522827,-6.130404983650806e-8,1,-3.091508915531449e-8,-0.9993385076522827,-6.238777672251672e-8,-0.03636668622493744],8,0.2409961223602295],[[776.38330078125,222.69961547851563,46.76248550415039,-0.03636668622493744,4.395117869648857e-8,0.9993385076522827,-9.399491318617948e-8,1,-4.740081749332603e-8,-0.9993385076522827,-9.56565457954639e-8,-0.03636668622493744],8,0.2571117877960205],[[776.38330078125,222.69961547851563,46.76248550415039,-0.03636668622493744,3.3462164594766367e-8,0.9993385076522827,-7.156287296083974e-8,1,-3.608854370895642e-8,-0.9993385076522827,-7.282795166929646e-8,-0.03636668622493744],8,0.28134894371032717],[[776.38330078125,222.69961547851563,46.76248550415039,-0.03636668622493744,1.2022403517164549e-8,0.9993385076522827,-2.571129975592612e-8,1,-1.2966014928394998e-8,-0.9993385076522827,-2.616582328585082e-8,-0.03636668622493744],8,0.30138492584228518],[[776.38330078125,222.69961547851563,46.76248550415039,-0.931883692741394,-3.757665822945455e-8,0.36275726556777956,-2.6232383376623148e-8,1,3.619811650423799e-8,-0.36275726556777956,2.4216447513936147e-8,-0.931883692741394],8,0.3292667865753174],[[776.38330078125,222.69961547851563,46.76248550415039,-0.9074663519859314,-5.173534844971073e-8,0.42012473940849306,-2.4626777062053408e-8,1,6.994917356450969e-8,-0.42012473940849306,5.3130204236140347e-8,-0.9074663519859314],8,0.3546926975250244],[[776.38330078125,222.69961547851563,46.76248550415039,-0.8993647694587708,-6.491971049626955e-8,0.43719905614852908,-2.1562028607036156e-8,1,1.0413467066427984e-7,-0.43719905614852908,8.422815511721638e-8,-0.8993647694587708],8,0.3718550205230713],[[776.38330078125,222.69961547851563,46.76248550415039,-0.8984141945838928,-4.204149917086397e-8,0.4391491711139679,-8.730691725133966e-9,1,7.787268430092809e-8,-0.4391491711139679,6.612784630988244e-8,-0.8984141945838928],8,0.3808715343475342],[[776.38330078125,222.69961547851563,46.76248550415039,-0.8982881903648377,-2.902319451436597e-8,0.43940678238868716,-2.726717962531211e-9,1,6.047657308272392e-8,-0.43940678238868716,5.312725193107326e-8,-0.8982881903648377],8,0.3916482925415039],[[776.38330078125,222.69961547851563,46.76248550415039,-0.8959691524505615,-3.2425524487678105e-9,0.44411635398864748,9.092414821054718e-9,1,2.5644352419362805e-8,-0.44411635398864748,2.7014637637989837e-8,-0.8959691524505615],8,0.4103970527648926],[[776.38330078125,222.69961547851563,46.76248550415039,-0.8936271667480469,2.915872698849853e-8,0.4488101303577423,2.3624137313049688e-8,1,-1.793087101020774e-8,-0.4488101303577423,-5.420760285090864e-9,-0.8936271667480469],8,0.4429011344909668],[[776.2224731445313,222.69961547851563,47.08257293701172,-0.8936272859573364,7.466049112281326e-8,0.4488098621368408,4.394251718053965e-8,1,-7.885802233431605e-8,-0.4488098621368408,-5.07478432609787e-8,-0.8936272859573364],8,0.45973873138427737],[[776.1029052734375,222.69961547851563,47.32070541381836,-0.8928416967391968,8.656310512833443e-8,0.4503706693649292,4.7885237108857839e-8,1,-9.727359184807938e-8,-0.4503706693649292,-6.528381391035509e-8,-0.8928416967391968],8,0.4899733066558838],[[775.8927612304688,222.69961547851563,47.737396240234378,-0.8912621736526489,3.3175489022596597e-8,0.4534883499145508,1.5129556274473545e-8,1,-4.3421373163710089e-8,-0.4534883499145508,-3.1838748526524799e-8,-0.8912621736526489],8,0.5015707015991211],[[775.8021850585938,222.69961547851563,47.915706634521487,-0.8904687762260437,1.0277632966904094e-8,0.45504438877105715,1.1466959604078398e-9,1,-2.0342051598731815e-8,-0.45504438877105715,-1.7592164169855097e-8,-0.8904687762260437],8,0.5152525901794434],[[775.680908203125,222.69961547851563,48.1531982421875,-0.8872669339179993,-2.018135347725547e-8,0.4612562954425812,-1.7267836938117399e-8,1,1.0536815864270466e-8,-0.4612562954425812,1.3840701917899879e-9,-0.8872669339179993],8,0.5317304134368897],[[775.5581665039063,222.69961547851563,48.38992691040039,-0.8848385810852051,-5.0743878432513159e-8,0.46589770913124087,-3.550477245539696e-8,1,4.1485257895601538e-8,-0.46589770913124087,2.016616384992176e-8,-0.8848385810852051],8,0.562819242477417],[[775.3719482421875,222.69961547851563,48.74396514892578,-0.8832042217254639,-9.659844835141485e-8,0.4689886271953583,-6.266864716053533e-8,1,8.79535946296528e-8,-0.4689886271953583,4.829010080698026e-8,-0.8832042217254639],8,0.5758402347564697],[[775.2782592773438,222.69961547851563,48.92066955566406,-0.8832035660743713,-8.778578575174834e-8,0.46898987889289858,-5.613818743199772e-8,1,8.146090380023452e-8,-0.46898987889289858,4.5618318011975137e-8,-0.8832035660743713],8,0.6005716323852539],[[775.0907592773438,222.69961547851563,49.27395248413086,-0.8823845982551575,-3.859405239836633e-8,0.47052887082099917,-2.307781343802162e-8,1,3.8744797592471517e-8,-0.47052887082099917,2.332903648039064e-8,-0.8823845982551575],8,0.6094722747802734],[[774.9967041015625,222.69961547851563,49.450462341308597,-0.8823821544647217,-1.3982284663427436e-8,0.47053349018096926,-6.563621646193951e-9,1,1.740718147402731e-8,-0.47053349018096926,1.2271382132666986e-8,-0.8823821544647217],8,0.6235060691833496],[[774.780029296875,222.69961547851563,49.57484436035156,-0.8864568471908569,1.891671352893809e-8,0.4628112316131592,1.5686220322663759e-8,1,-1.0828509644511542e-8,-0.4628112316131592,-2.3392470183125626e-9,-0.8864568471908569],8,0.6484634876251221],[[774.4627685546875,222.69961547851563,49.67549133300781,-0.8990472555160523,5.979367756481224e-8,0.4378516376018524,4.4446554881005798e-8,1,-4.5298737205712317e-8,-0.4378516376018524,-2.126470732832786e-8,-0.8990472555160523],8,0.6731619834899902],[[774.084228515625,222.69961547851563,49.80488204956055,-0.920061469078064,1.077223998890986e-7,0.3917740285396576,8.096590420336725e-8,1,-8.48162216016135e-8,-0.3917740285396576,-4.6315800972251966e-8,-0.920061469078064],8,0.6960375308990479],[[773.7756958007813,222.69961547851563,49.72759246826172,-0.9479856491088867,6.45630464646274e-8,0.3183130919933319,5.09695574635316e-8,1,-5.1033520520604728e-8,-0.3183130919933319,-3.215476596096778e-8,-0.9479856491088867],8,0.7089653015136719],[[773.5239868164063,222.69961547851563,49.6402702331543,-0.9570211172103882,3.225807532203362e-8,0.2900182008743286,2.6204247660643888e-8,1,-2.475726645911891e-8,-0.2900182008743286,-1.6093517629656163e-8,-0.9570211172103882],8,0.7349390983581543],[[773.2053833007813,222.69961547851563,49.542423248291019,-0.9811080694198608,-8.615518076737772e-9,0.1934603899717331,-7.830967874156159e-9,1,4.820068788546905e-9,-0.1934603899717331,3.2140263783730917e-9,-0.9811080694198608],8,0.7434713840484619],[[773.0100708007813,222.69961547851563,49.500064849853519,-0.986704409122467,-3.1958730772885249e-8,0.1625252217054367,-2.8781910188513394e-8,1,2.1901188418382845e-8,-0.1625252217054367,1.6932212076881116e-8,-0.986704409122467],8,0.7561492919921875],[[772.7471923828125,222.69961547851563,49.45531463623047,-0.9968500733375549,-6.166949617636419e-8,0.07930892705917359,-5.850368722803978e-8,1,4.2240998254783338e-8,-0.07930892705917359,3.746808019400305e-8,-0.9968500733375549],8,0.7756862640380859],[[772.4817504882813,222.69961547851563,49.430877685546878,-0.9992308020591736,-9.132975264947163e-8,0.03921467810869217,-8.899220915736805e-8,1,6.135452679245646e-8,-0.03921467810869217,5.7817530318970969e-8,-0.9992308020591736],8,0.8001890182495117],[[772.1488647460938,222.69961547851563,49.41614532470703,-0.9999697208404541,-6.818559938892577e-8,0.007781777996569872,-6.784181749708296e-8,1,4.4441641477988017e-8,-0.007781777996569872,4.391236529954767e-8,-0.9999697208404541],8,0.8105883598327637],[[771.6823120117188,222.69961547851563,49.411251068115237,-0.9995821714401245,-1.569716978622182e-8,-0.02890513278543949,-1.5959155774680768e-8,1,8.832941489345103e-9,0.02890513278543949,9.29055232745668e-9,-0.9995821714401245],8,0.8385443687438965],[[771.4823608398438,222.69961547851563,49.4156379699707,-0.9986687302589417,6.279469833003759e-9,-0.051582273095846179,6.59276944148246e-9,1,-5.903636246529231e-9,0.051582273095846179,-6.235846949920187e-9,-0.9986687302589417],8,0.8524560928344727],[[771.2160034179688,222.69961547851563,49.428428649902347,-0.997367799282074,3.5141315635200956e-8,-0.07250849902629852,3.704453632735749e-8,1,-2.4903453521574194e-8,0.07250849902629852,-2.7523947565555319e-8,-0.997367799282074],8,0.867300271987915],[[771.0164794921875,222.69961547851563,49.44212341308594,-0.9956293702125549,5.628604782259572e-8,-0.09339240193367005,6.01596568117202e-8,1,-3.86613088210197e-8,0.09339240193367005,-4.411078791122236e-8,-0.9956293702125549],8,0.8828525543212891],[[770.7508544921875,222.69961547851563,49.46616744995117,-0.9932507276535034,8.422002650831928e-8,-0.1159871518611908,9.136524425912285e-8,1,-5.6287010608002677e-8,0.1159871518611908,-6.650430606214286e-8,-0.9932507276535034],8,0.8971068859100342],[[770.6183471679688,222.69961547851563,49.480838775634769,-0.9913068413734436,8.363125658661375e-8,-0.13157013058662415,9.175787596404916e-8,1,-5.570377936692239e-8,0.13157013058662415,-6.729213453127159e-8,-0.9913068413734436],8,0.9073338508605957],[[770.3538818359375,222.69961547851563,49.51518630981445,-0.9906033277511597,5.6220365252102059e-8,-0.1367662400007248,6.178107980758796e-8,1,-3.641380885710532e-8,0.1367662400007248,-4.452120805353843e-8,-0.9906033277511597],8,0.9222972393035889],[[770.0897216796875,222.69961547851563,49.55144119262695,-0.9896225929260254,2.8873829549525e-8,-0.14369113743305207,3.169582996065401e-8,1,-1.7350267000892928e-8,0.14369113743305207,-2.1724625653973818e-8,-0.9896225929260254],8,0.93902587890625],[[769.8255615234375,222.6655731201172,49.58790969848633,-0.9883264303207398,1.671808247394324e-9,-0.15235105156898499,1.4706493800531462e-9,1,1.4330490127889562e-9,0.15235105156898499,1.1922651754758818e-9,-0.9883264303207398],8,0.9555394649505615],[[769.5614013671875,223.52847290039063,49.6243782043457,-0.9830480217933655,-2.527914233496631e-8,-0.18334832787513734,-2.9303812709713385e-8,1,1.9241582549511805e-8,0.18334832787513734,2.428820344846372e-8,-0.9830480217933655],3,0.976351261138916],[[769.2989501953125,224.3368682861328,49.671443939208987,-0.9927753210067749,-5.2083784396472768e-8,-0.11998822540044785,-5.747509490561242e-8,1,4.1471334810694319e-8,0.11998822540044785,4.806805264934155e-8,-0.9927753210067749],5,1.0036938190460206],[[768.6469116210938,226.1194305419922,49.8108024597168,-0.9966168999671936,-1.1008921774191549e-7,0.08218704909086228,-1.0141143746977832e-7,1,1.0976011566299349e-7,-0.08218704909086228,1.0105408421168249e-7,-0.9966168999671936],5,1.0318827629089356],[[768.5172729492188,226.43505859375,49.842098236083987,-0.9827711582183838,-6.202342461847366e-8,-0.18482646346092225,-8.35816251765209e-8,1,1.0884904355634717e-7,0.18482646346092225,1.2242179536769982e-7,-0.9827711582183838],5,1.0406773090362549],[[768.323486328125,226.88296508789063,49.89163589477539,-0.9883863925933838,-4.037463696704435e-8,-0.151961550116539,-5.712895401188689e-8,1,1.0588759380425472e-7,0.151961550116539,1.1333926153156426e-7,-0.9883863925933838],5,1.0532019138336182],[[768.065185546875,227.43247985839845,49.95823669433594,-0.9929000735282898,-1.043372943598797e-8,-0.11895157396793366,-2.2393590981550916e-8,1,9.920732679802313e-8,0.11895157396793366,1.0116671234072783e-7,-0.9929000735282898],5,1.0695745944976807],[[767.806884765625,227.92750549316407,50.02485656738281,-0.9928999543190002,2.254672892831877e-8,-0.11895248293876648,1.1922710818623728e-8,1,9.002476275554727e-8,0.11895248293876648,8.796734363158976e-8,-0.9928999543190002],5,1.0844471454620362],[[767.548583984375,228.36802673339845,50.09147644042969,-0.9933102130889893,5.456782758983536e-8,-0.11547639220952988,4.5853429497810796e-8,1,7.812114688476868e-8,0.11547639220952988,7.230354270859607e-8,-0.9933102130889893],5,1.1021947860717774],[[767.2901611328125,228.75404357910157,50.157325744628909,-0.9937078952789307,8.604597212524823e-8,-0.1120029017329216,7.945032365341831e-8,1,6.335152846759229e-8,0.1120029017329216,5.405424730042796e-8,-0.9937078952789307],5,1.117995262145996],[[767.0316162109375,229.08555603027345,50.22227478027344,-0.994280219078064,1.1693781232224865e-7,-0.10680272430181503,1.1272694422359564e-7,1,4.546365772739591e-8,0.10680272430181503,3.316407060083293e-8,-0.994280219078064],5,1.1349446773529053],[[766.7726440429688,229.36257934570313,50.28593826293945,-0.994280219078064,1.4758241206891399e-7,-0.10680273920297623,1.45812478535845e-7,1,2.438090085377098e-8,0.10680273920297623,8.66827498668954e-9,-0.994280219078064],5,1.1513729095458985],[[766.5136108398438,229.58509826660157,50.34939956665039,-0.994280219078064,1.431808271945556e-7,-0.10680301487445831,1.43971092825268e-7,1,3.1104382958169199e-10,0.10680301487445831,-1.506728253275469e-8,-0.994280219078064],5,1.169783353805542],[[766.2545776367188,229.75311279296876,50.41286087036133,-0.9944660663604736,1.0419438467579312e-7,-0.10505833476781845,1.0722612131530696e-7,1,-2.3209487665099006e-8,0.10505833476781845,-3.434604778362882e-8,-0.9944660663604736],5,1.1844055652618409],[[765.9955444335938,229.86663818359376,50.47593307495117,-0.9944661259651184,6.536139807167274e-8,-0.10505787283182144,7.02403184504874e-8,1,-4.2740392558471288e-8,0.10505787283182144,-4.9883169594977519e-8,-0.9944661259651184],5,1.2008056640625],[[765.80126953125,229.916015625,50.52318572998047,-0.9906556606292725,3.453542518627728e-8,-0.1363867223262787,4.248263252293327e-8,1,-5.535902758424527e-8,0.1363867223262787,-6.06357986043804e-8,-0.9906556606292725],5,1.217228889465332],[[765.4771728515625,229.93017578125,50.601436614990237,-0.9975382685661316,-9.610945816973527e-9,-0.07012386620044708,-4.683224474888448e-9,1,-7.04360729741893e-8,0.07012386620044708,-6.99342734833408e-8,-0.9975382685661316],5,1.234313726425171],[[765.2178955078125,229.8802032470703,50.66398239135742,-0.9948286414146423,-5.055795071484681e-8,-0.10156740248203278,-4.272852649478409e-8,1,-7.926151113224478e-8,0.10156740248203278,-7.451179584450074e-8,-0.9948286414146423],5,1.2513322830200196],[[765.0234375,229.8069610595703,50.71062088012695,-0.9908933043479919,-8.218203362275745e-8,-0.1346495896577835,-7.14943197976936e-8,1,-8.420963126809511e-8,0.1346495896577835,-7.38160750302086e-8,-0.9908933043479919],5,1.267324447631836],[[764.6993408203125,229.6167449951172,50.788238525390628,-0.9976598024368286,-1.258121216096697e-7,-0.06837333738803864,-1.2015958361644153e-7,1,-8.678443208509634e-8,0.06837333738803864,-7.836562332386166e-8,-0.9976598024368286],5,1.2839901447296143],[[764.4400634765625,229.4032745361328,50.85032653808594,-0.9948285818099976,-1.3522064534754464e-7,-0.10156811773777008,-1.2889120171166724e-7,1,-6.887977832548131e-8,0.10156811773777008,-5.5432341383720998e-8,-0.9948285818099976],5,1.3032581806182862],[[764.24560546875,229.2073974609375,50.89689254760742,-0.9908933639526367,-1.1806031352534774e-7,-0.1346488893032074,-1.1343887962311783e-7,1,-4.199423031536753e-8,0.1346488893032074,-2.6337385605756937e-8,-0.9908933639526367],5,1.3280253410339356],[[763.7918701171875,228.63113403320313,51.00554656982422,-0.9999985694885254,-7.2148438334807e-8,0.0016914592124521733,-7.21297510608565e-8,1,1.1108101993784203e-8,-0.0016914592124521733,1.098608137795054e-8,-0.9999985694885254],5,1.342674732208252],[[763.662109375,228.4358367919922,51.0362548828125,-0.9867226481437683,-5.6048044427825519e-8,-0.16241426765918733,-6.102553840037217e-8,1,2.5658060565092457e-8,0.16241426765918733,3.5228808314968776e-8,-0.9867226481437683],5,1.3530504703521729],[[763.4024658203125,228.0043487548828,51.097076416015628,-0.9956783056259155,-3.227866329780227e-8,-0.09286946058273316,-3.7288344856278857e-8,1,5.220805832095721e-8,0.09286946058273316,5.5445379842922196e-8,-0.9956783056259155],5,1.3685007095336915],[[763.1427001953125,227.51837158203126,51.15703582763672,-0.9959971904754639,-5.820576465254135e-9,-0.08938425779342652,-1.2720835051993618e-8,1,7.662803369612448e-8,0.08938425779342652,7.745835262085166e-8,-0.9959971904754639],5,1.3841702938079835],[[762.8176879882813,226.83425903320313,51.23081588745117,-0.9987900853157044,2.4829965639128205e-8,-0.04917695373296738,1.9743701784591395e-8,1,1.0391355687033865e-7,0.04917695373296738,1.0281689810653916e-7,-0.9987900853157044],5,1.4047701358795167],[[762.6223754882813,226.38290405273438,51.27389907836914,-0.99445641040802,5.188621088336731e-8,-0.1051495298743248,3.953005744961047e-8,1,1.1959436108099909e-7,0.1051495298743248,1.1477481365318454e-7,-0.99445641040802],5,1.4177541732788087],[[762.31787109375,225.5625457763672,51.37605285644531,-0.9992358684539795,7.670097801337761e-8,-0.039085503667593,7.112551259069733e-8,1,1.440384949091822e-7,0.039085503667593,1.4114844759660628e-7,-0.9992358684539795],5,1.4426438808441163],[[762.0992431640625,224.84494018554688,51.494850158691409,-0.9989377856254578,7.63953877935819e-8,-0.04607972130179405,7.107569643949319e-8,1,1.1708376490560113e-7,0.04607972130179405,1.136842442406305e-7,-0.9989377856254578],5,1.467423677444458],[[761.8269653320313,223.70033264160157,51.588279724121097,-0.9997816681861877,-0.0014018910005688668,0.02084951288998127,-0.001431102049537003,0.9999980330467224,-0.001386189367622137,-0.02084752731025219,-0.0014157245168462396,-0.9997816681861877],5,1.481370210647583],[[761.7274169921875,223.7069854736328,51.530357360839847,-0.9964996576309204,-0.0012256131740286947,-0.08358808606863022,-0.0011427068384364248,0.9999988079071045,-0.0010396790457889438,0.08358925580978394,-0.0009405231103301048,-0.9964998364448547],12,1.4930317401885987],[[761.6719360351563,223.79393005371095,51.49805450439453,-0.9954504370689392,-0.000639189500361681,-0.09527849406003952,-0.0005921107367612422,0.9999997019767761,-0.0005223885527811945,0.095278799533844,-0.00046359648695215583,-0.995450496673584],12,1.5041632652282715],[[761.5865478515625,223.9795684814453,51.448326110839847,-0.9959318041801453,0.000024950939405243845,-0.09010988473892212,0.000022611093299929054,1,0.000026987409000867048,0.09010988473892212,0.00002484013748471625,-0.9959318041801453],12,1.5202717781066895],[[761.5352783203125,224.1662139892578,51.418460845947269,-0.9961233139038086,0.00008016044012038037,-0.08796811103820801,0.00007453824218828231,1,0.00006719664088450372,0.0879681184887886,0.000060379152273526418,-0.9961233139038086],12,1.535689115524292],[[761.5181884765625,224.3528594970703,51.408477783203128,-0.9965574145317078,0.000017927839508047329,-0.0829058438539505,0.00001678745866229292,1,0.000014452220966632013,0.0829058438539505,0.000013010689144721255,-0.9965574145317078],12,1.5528440475463868],[[761.5175170898438,224.5395050048828,51.408077239990237,-0.9966996312141419,-0.000004563511993183056,-0.08117818832397461,-0.000004254321538610384,1,-0.0000039817527976993009,0.08117818832397461,-0.000003623253405748983,-0.9966996312141419],12,1.569084882736206],[[761.5175170898438,224.7261505126953,51.40807342529297,-0.9966994524002075,-0.0000032606615150143627,-0.08118028938770294,-0.0000030507599149132149,1,-0.0000027096562007500326,0.08118028938770294,-0.000002453051138218143,-0.9966994524002075],12,1.5871436595916749],[[761.5175170898438,224.9127960205078,51.40807342529297,-0.9966993927955627,-3.2383206871600125e-7,-0.08118050545454025,-3.060438018565037e-7,1,-2.3156299278070947e-7,0.08118050545454025,-2.0595390992639296e-7,-0.9966993927955627],12,1.6157889366149903],[[761.5175170898438,225.14610290527345,51.40807342529297,-0.9966993927955627,2.670920196123916e-7,-0.08118050545454025,2.4949125077000647e-7,1,2.2695397206007329e-7,0.08118050545454025,2.059510677554499e-7,-0.9966993927955627],12,1.6224017143249512],[[761.5175170898438,225.2860870361328,51.40807342529297,-0.9966993927955627,1.252638526239025e-7,-0.08118050545454025,1.1762489293687395e-7,1,9.888069740782157e-8,0.08118050545454025,8.900548209567205e-8,-0.9966993927955627],12,1.6346428394317628],[[761.51953125,225.43869018554688,51.43281936645508,-0.9968400597572327,-1.881642397449923e-8,-0.07943521440029144,-1.674877303514677e-8,1,-2.669566434576609e-8,0.07943521440029144,-2.5280865401100529e-8,-0.9968400597572327],8,1.6551494598388672],[[761.5247192382813,225.5367889404297,51.49715805053711,-0.9968400597572327,-7.747276242753287e-8,-0.07943499833345413,-7.209813190911518e-8,1,-7.052882011748807e-8,0.07943499833345413,-6.457884182964335e-8,-0.9968400597572327],5,1.6804099082946778],[[761.5291137695313,225.5803985595703,51.55160140991211,-0.9968400597572327,-9.434359071747167e-8,-0.07943499833345413,-8.833327314050621e-8,1,-7.917728339634778e-8,0.07943499833345413,-7.191033546405379e-8,-0.9968400597572327],5,1.6896345615386963],[[761.5303955078125,225.5695037841797,51.56737518310547,-0.9969775676727295,-1.1107398023568749e-7,-0.07768993824720383,-1.0456963650540274e-7,1,-8.778994242675253e-8,0.07768993824720383,-7.940059276734246e-8,-0.9969775676727295],5,1.710897445678711],[[761.5303955078125,225.5041046142578,51.56792068481445,-0.9969775676727295,-1.2791596759598179e-7,-0.07768969982862473,-1.207921371815246e-7,1,-9.639524733984217e-8,0.07768969982862473,-8.671959506045823e-8,-0.9969775676727295],5,1.7320420742034913],[[761.5303955078125,225.34573364257813,51.56792449951172,-0.9971126914024353,5.717136559724167e-7,-0.07593590021133423,5.740519668506749e-7,1,-8.966022591039291e-9,0.07593590021133423,-5.2531291316881837e-8,-0.9971126914024353],5,1.739163875579834],[[761.5387573242188,225.20982360839845,51.5628662109375,-0.9971120953559876,3.2325448273695658e-7,-0.07594350725412369,3.235217036490212e-7,1,8.783806570988873e-9,0.07594350725412369,-1.581093300728753e-8,-0.9971120953559876],5,1.75111722946167],[[761.539306640625,225.18118286132813,51.56251525878906,-0.9973717927932739,1.7640331861912274e-8,-0.07245331257581711,1.5675558628913678e-8,1,2.768639895123215e-8,0.07245331257581711,2.6477888326326139e-8,-0.9973717927932739],12,1.7679736614227296],[[761.539306640625,225.1806182861328,51.5625114440918,-0.9977383613586426,-8.209202917441871e-8,-0.06721710413694382,-8.31446982374473e-8,1,1.2863245579808336e-8,0.06721710413694382,1.8422900538439536e-8,-0.9977383613586426],12,1.784921646118164],[[761.539306640625,225.1806182861328,51.5625114440918,-0.9990072846412659,-8.632039083522614e-8,-0.04454727843403816,-8.633773518340604e-8,1,-1.5346524051551569e-9,0.04454727843403816,2.3129820281297954e-9,-0.9990072846412659],12,1.8016455173492432],[[761.539306640625,225.1806182861328,51.5625114440918,-0.9934630990028381,-7.180518224458865e-8,0.11415381729602814,-7.420812409009159e-8,1,-1.6800591140508915e-8,-0.11415381729602814,-2.516190811263641e-8,-0.9934630990028381],12,1.818868637084961],[[761.539306640625,225.1806182861328,51.5625114440918,-0.942116916179657,-5.068127606477901e-8,0.33528459072113039,-6.590504142423015e-8,1,-3.402774595429037e-8,-0.33528459072113039,-5.4155055551063927e-8,-0.942116916179657],12,1.8348546028137208],[[761.539306640625,225.3861541748047,51.5625114440918,-0.8127542734146118,-1.6071270536599515e-8,0.5826066732406616,-6.162313326285585e-8,1,-5.838105820998862e-8,-0.5826066732406616,-8.335150170069028e-8,-0.8127542734146118],12,1.8578941822052003],[[761.5723876953125,225.5465087890625,51.44171142578125,-0.6423037648200989,0.0013789944350719452,0.766448974609375,0.0015285004628822208,0.9999986886978149,-0.0005182746681384742,-0.7664486765861511,0.0008386278059333563,-0.6423050165176392],8,1.8800854682922364],[[761.6184692382813,225.71266174316407,51.14581298828125,-0.5316775441169739,0.0008568111225031316,0.8469464182853699,0.0026753235142678024,0.9999961853027344,0.0006678127101622522,-0.846942663192749,0.0026209168136119844,-0.531677782535553],8,1.8878576755523682],[[761.4788208007813,225.81948852539063,50.92013168334961,-0.47575271129608157,-0.0005175573751330376,0.8795789480209351,0.0007521970546804369,0.9999992251396179,0.00099526799749583,-0.8795787692070007,0.0011351181892678142,-0.47575196623802187],8,1.9020981788635255],[[761.34375,226.70285034179688,50.69081497192383,-0.5242487788200378,-0.0006309803575277329,0.8515649437904358,-0.00099860318005085,0.9999995231628418,0.00012619535846170038,-0.8515645861625671,-0.0007842176710255444,-0.5242491364479065],3,1.921846628189087],[[761.2399291992188,227.34490966796876,50.52003860473633,-0.5800665616989136,-0.0005045131547376514,0.8145689368247986,-0.0010354103287681938,0.999999463558197,-0.00011796924081863835,-0.8145684003829956,-0.0009118430898524821,-0.5800668001174927],5,1.9462924003601075],[[760.9984130859375,228.5370635986328,50.202266693115237,-0.6478824615478516,-0.00013238668907433748,0.7617402672767639,-0.0002089037880068645,1,-0.0000038837629290355839,-0.7617402672767639,-0.00016164666158147156,-0.6478825211524963],5,1.955265998840332],[[760.8622436523438,229.087158203125,50.05731201171875,-0.7966918349266052,-0.00005300189513945952,0.6043857336044312,-0.00004458567491383292,1,0.000028923333957209253,-0.6043857336044312,-0.0000039039618968672588,-0.7966918349266052],5,1.970993995666504],[[760.6578369140625,229.77293395996095,49.89018630981445,-0.8405472636222839,0.0000022115884803497467,0.5417382121086121,0.000015580471881548875,1,0.000020091873011551799,-0.5417382121086121,0.000025328705305582845,-0.8405472636222839],5,1.9875845909118653],[[760.3104858398438,230.69940185546876,49.69750213623047,-0.8803427219390869,0.000007537571491411654,0.4743381440639496,0.000009298041732108686,1,0.0000013658861917065224,-0.4743381440639496,0.000005612863787973765,-0.8803427219390869],5,2.0123369693756105],[[759.9974975585938,231.37777709960938,49.58544921875,-0.9316703677177429,0.0000019656420136016097,0.36330467462539675,0.000001571774646436097,1,-0.0000013797404108117917,-0.36330467462539675,-7.144301434891531e-7,-0.9316703677177429],5,2.0328924655914308],[[759.7379760742188,231.8591766357422,49.52531433105469,-0.9690567255020142,-1.489804102305925e-8,0.2468380481004715,-2.0848732162903617e-7,1,-7.581408567602921e-7,-0.2468380481004715,-7.861440849410428e-7,-0.9690567255020142],5,2.0495917797088625],[[759.5402221679688,232.18446350097657,49.496673583984378,-0.992162823677063,-3.453333192737773e-7,0.12495194375514984,-3.8424116155511e-7,1,-2.87282233557562e-7,-0.12495194375514984,-3.330424362957274e-7,-0.992162823677063],5,2.0607731342315676],[[759.3407592773438,232.4790802001953,49.485347747802737,-0.9969509840011597,-2.5596568775654307e-7,0.07803037017583847,-2.598279422727501e-7,1,-3.934416881179459e-8,-0.07803037017583847,-5.9498674431779366e-8,-0.9969509840011597],5,2.074481964111328],[[759.1408081054688,232.7430419921875,49.48759078979492,-0.9998060464859009,-1.1499733432174253e-7,-0.0196958277374506,-1.1630638141468808e-7,1,6.53175149523122e-8,0.0196958277374506,6.759559312286001e-8,-0.9998060464859009],5,2.087606191635132],[[758.8756103515625,233.0473175048828,49.512550354003909,-0.9968841671943665,3.066764975301339e-8,-0.07887950539588928,2.254051700845139e-8,1,1.0392264471192903e-7,0.07887950539588928,1.0182085219412329e-7,-0.9968841671943665],5,2.1043314933776857],[[758.5487670898438,233.35101318359376,49.576602935791019,-0.9907013773918152,1.1751403405924066e-7,-0.13605421781539918,1.090060663955228e-7,1,6.998365620347613e-8,0.13605421781539918,5.450216988833745e-8,-0.9907013773918152],5,2.1243021488189699],[[758.2927856445313,233.53265380859376,49.650657653808597,-0.9666800498962402,1.307821690943456e-7,-0.25598758459091189,1.2667965165746865e-7,1,3.251516034197266e-8,0.25598758459091189,-9.966636405067675e-10,-0.9666800498962402],5,2.1410789489746095],[[757.9994506835938,233.68307495117188,49.77674102783203,-0.9465064406394959,1.1641485286872921e-7,-0.32268497347831728,1.2933139714732534e-7,1,-1.8588233174909875e-8,0.32268497347831728,-5.9327177837076309e-8,-0.9465064406394959],5,2.1598901748657228],[[757.704833984375,233.7511749267578,49.986637115478519,-0.897421658039093,8.906582849022016e-8,-0.441173791885376,1.3918008789914894e-7,1,-8.123193140363583e-8,0.441173791885376,-1.3430191359020683e-7,-0.897421658039093],5,2.1962525844573976],[[757.510986328125,233.71424865722657,50.20576477050781,-0.8196620345115662,2.5586031071611616e-8,-0.5728474259376526,8.522263783561357e-8,1,-7.727664552703573e-8,0.5728474259376526,-1.1216030060268167e-7,-0.8196620345115662],5,2.207628011703491],[[757.3931884765625,233.62339782714845,50.40575408935547,-0.7469685673713684,-1.7392364881629875e-8,-0.6648593544960022,4.26006074860652e-8,1,-7.402119450716782e-8,0.6648593544960022,-8.361491410369126e-8,-0.7469685673713684],5,2.225973129272461],[[757.3104248046875,233.47804260253907,50.62419891357422,-0.6946130394935608,-5.049524531841598e-8,-0.7193835973739624,1.842432317822329e-10,1,-7.037027671685792e-8,0.7193835973739624,-4.901265526768839e-8,-0.6946130394935608],5,2.2547593116760256],[[757.2572631835938,233.15782165527345,50.950225830078128,-0.5730660557746887,-8.867274914337031e-8,-0.8195092082023621,-5.5467946680209937e-8,1,-6.94146606861068e-8,0.8195092082023621,5.6773044043723079e-9,-0.5730660557746887],5,2.266911506652832],[[757.2698364257813,232.876220703125,51.1550407409668,-0.4892868101596832,-1.0709458564406305e-7,-0.8721229434013367,-9.07068624655949e-8,1,-7.19083388389663e-8,0.8721229434013367,4.3923737536033516e-8,-0.4892868101596832],5,2.2941060066223146],[[757.3385620117188,232.44757080078126,51.3934211730957,-0.42399460077285769,-1.275172820669468e-7,-0.9056646823883057,-1.3431485967885238e-7,1,-7.7919018792727e-8,0.9056646823883057,8.860698130774836e-8,-0.42399460077285769],5,2.3027753829956056],[[757.46484375,231.9337615966797,51.60867691040039,-0.37805888056755068,-9.441478709959483e-8,-0.9257815480232239,-1.1349608541877387e-7,1,-5.5635787532537509e-8,0.9257815480232239,8.40389802192476e-8,-0.37805888056755068],5,2.3225700855255129],[[757.606201171875,231.46141052246095,51.76163101196289,-0.32247552275657656,-5.6124697778159319e-8,-0.946577787399292,-8.551703700732105e-8,1,-3.015869154410211e-8,0.946577787399292,7.12230843191719e-8,-0.32247552275657656],5,2.3403589725494386],[[757.8309326171875,230.79432678222657,51.92449951171875,-0.2901430130004883,-1.2675311467091888e-8,-0.9569832682609558,-5.152988435952466e-8,1,2.3780193370015469e-9,0.9569832682609558,5.000320513204315e-8,-0.2901430130004883],5,2.36043119430542],[[758.1065673828125,230.04208374023438,52.051883697509769,-0.24693520367145539,3.03937142120958e-8,-0.9690319895744324,-1.9003948636964197e-8,1,3.620773725288018e-8,0.9690319895744324,2.7356398035749409e-8,-0.24693520367145539],5,2.380507469177246],[[758.35791015625,229.3789825439453,52.12468338012695,-0.21248891949653626,6.380073358513983e-8,-0.9771634936332703,6.0655440670132069e-9,1,6.397278440317678e-8,0.9771634936332703,7.666479895362955e-9,-0.21248891949653626],5,2.3987865447998049],[[758.6834716796875,228.4734649658203,52.1954345703125,-0.17610366642475129,1.0445439357908981e-7,-0.9843716025352478,3.610745480386868e-8,1,9.965315683757581e-8,0.9843716025352478,-1.799386595280339e-8,-0.17610366642475129],5,2.4179341793060304],[[758.9459228515625,227.68772888183595,52.242252349853519,-0.12604060769081117,1.3556319800045458e-7,-0.9920250773429871,5.8822781312528608e-8,1,1.2917932679101796e-7,0.9920250773429871,-4.207183579296725e-8,-0.12604060769081117],5,2.4376378059387209],[[759.4088134765625,226.1815643310547,52.30021286010742,-0.07972961664199829,1.079321307884129e-7,-0.9968165159225464,5.510717215884142e-8,1,1.0386912663307158e-7,0.9968165159225464,-4.665029607053839e-8,-0.07972961664199829],5,2.4675369262695314],[[759.4563598632813,225.30357360839845,52.307594299316409,-0.014227897860109806,-0.002248974284157157,-0.999896228313446,-0.0027099032886326315,0.9999938607215881,-0.002210633596405387,0.9998950958251953,0.0026781694032251837,-0.01423390582203865],5,2.482938289642334],[[759.359619140625,224.20144653320313,52.3052978515625,-0.008050547912716866,-0.0007388733793050051,-0.9999673366546631,-0.0018034386448562146,0.9999980926513672,-0.0007243769941851497,0.9999659657478333,0.0017975480295717717,-0.008051864802837372],5,2.5025975704193117],[[759.3267822265625,224.22702026367188,52.30459213256836,0.0021842799615114929,-0.000022225860448088498,-0.999997615814209,-0.00026083699776791036,0.9999999403953552,-0.00002279565524077043,0.9999975562095642,0.00026088618324138224,0.0021842739079147579],12,2.5195674896240236],[[759.323486328125,224.41049194335938,52.30464553833008,0.017856769263744355,0.0000788985489634797,-0.9998405575752258,0.00013909755216445774,1,0.00008139535930240527,0.9998405575752258,-0.00014052883489057422,0.01785675808787346],12,2.5350377559661867],[[759.3234252929688,224.5970916748047,52.30467987060547,0.02832869626581669,0.00002217710243712645,-0.9995986819267273,0.00006648212729487568,1,0.000024070113795460203,0.9995986819267273,-0.00006713732000207528,0.02832869440317154],12,2.551633358001709],[[759.3234252929688,224.7837371826172,52.30467224121094,0.03182002902030945,-0.0000032460247894050555,-0.9994935989379883,0.0000013001348406760372,1,-0.000003206278051948175,0.9994935989379883,-0.000001197452661472198,0.03182002902030945],12,2.5686936378479006],[[759.3234252929688,224.9703826904297,52.30466842651367,0.033565402030944827,-0.000003384459205335588,-0.9994364976882935,-0.000007343034212681232,1,-0.00000363297817784769,0.9994364976882935,0.000007460839242412476,0.033565402030944827],12,2.586862802505493],[[759.3234252929688,225.1570281982422,52.304664611816409,0.033565402030944827,-5.073429178992228e-7,-0.9994364976882935,-0.000002065863100142451,1,-5.770095867774216e-7,0.9994364976882935,0.000002084066636598436,0.033565402030944827],12,2.6010777950286867],[[759.3234252929688,225.3436737060547,52.304664611816409,0.033565402030944827,2.5896099486999449e-7,-0.9994364976882935,3.1008562473289205e-7,1,2.695209957437328e-7,0.9994364976882935,-3.1895748975330209e-7,0.033565402030944827],12,2.6176657676696779],[[759.3482666015625,225.49627685546876,52.3038330078125,0.033565402030944827,1.2621256928468939e-7,-0.9994364976882935,3.1974445846572055e-7,1,1.3702212697808137e-7,0.9994364976882935,-3.2416349426966919e-7,0.033565402030944827],8,2.6356897354125978],[[759.4127807617188,225.59437561035157,52.301666259765628,0.033565402030944827,-1.882554911958323e-8,-0.9994364976882935,7.027956883121078e-8,1,-1.647587133390971e-8,0.9994364976882935,-6.968694776787743e-8,0.033565402030944827],5,2.6511147022247316],[[759.4674072265625,225.6379852294922,52.299835205078128,0.033565402030944827,-5.8266728331091147e-8,-0.9994364976882935,-5.679273229475257e-8,1,-6.020692211450296e-8,0.9994364976882935,5.878160180827763e-8,0.033565402030944827],5,2.673501968383789],[[759.4832153320313,225.62709045410157,52.29930114746094,0.033565402030944827,-5.484449161485827e-8,-0.9994364976882935,-1.0185944177010242e-7,1,-5.829629401432612e-8,0.9994364976882935,1.0375878645163539e-7,0.033565402030944827],5,2.698984384536743],[[759.4837646484375,225.508544921875,52.299285888671878,0.033565402030944827,-4.150164656380184e-8,-0.9994364976882935,-1.3451186475776923e-7,1,-4.604253334150599e-8,0.9994364976882935,1.3598150871985127e-7,0.033565402030944827],5,2.7219691276550295],[[759.4837646484375,225.31610107421876,52.299285888671878,0.033565402030944827,-1.6711354078324804e-8,-0.9994364976882935,-1.0359550373095772e-7,1,-2.0199960815148189e-8,0.9994364976882935,1.0421514673453203e-7,0.033565402030944827],5,2.7327702045440676],[[759.4837646484375,225.100830078125,52.299285888671878,0.033565402030944827,3.1018152490958075e-9,-0.9994364976882935,-7.88861669320795e-8,1,4.542251574868317e-10,0.9994364976882935,7.88264742368483e-8,0.033565402030944827],5,2.7479867935180666],[[759.4837646484375,225.0673370361328,52.299285888671878,0.033565402030944827,1.7950579689340885e-8,-0.9994364976882935,-6.036802346898185e-8,1,1.5933279584601224e-8,0.9994364976882935,5.97991984818691e-8,0.033565402030944827],12,2.7618508338928224],[[759.4837646484375,225.06556701660157,52.299285888671878,0.033565402030944827,3.2789824189194408e-8,-0.9994364976882935,-4.18617425168577e-8,1,3.1402411337921879e-8,0.9994364976882935,4.07841227456629e-8,0.033565402030944827],12,2.7752978801727297],[[759.4837646484375,225.06546020507813,52.299285888671878,0.033565402030944827,4.761955807452978e-8,-0.9994364976882935,-2.3367324075707076e-8,1,4.6861629243721839e-8,0.9994364976882935,2.1781227488304468e-8,0.033565402030944827],12,2.7885632514953615],[[759.4837646484375,225.06546020507813,52.299285888671878,0.033565402030944827,7.23146627024107