[[[776,222.69961547851563,47,1,7.260144929688295e-9,-4.51902326458831e-15,-7.260144929688295e-9,1,-2.3483403666091364e-8,4.348530355382596e-15,2.3483403666091364e-8,1],8,0.006558895111083984],[[776,222.69961547851563,47,1,1.6233135946563949e-9,-4.516746863542564e-15,-1.6233135946563949e-9,1,-5.250684775859327e-9,4.508223170994344e-15,5.250684775859327e-9,1],8,0.021973848342895509],[[776,222.69961547851563,47,1,-9.643124521119262e-9,-4.820151100633739e-15,9.643124521119262e-9,1,3.119139080354216e-8,4.519368430514316e-15,-3.119139080354216e-8,1],8,0.029146909713745118],[[776,222.69961547851563,47,1,-1.8086636188741069e-8,-5.316607698931325e-15,1.8086636188741069e-8,1,5.8502514832525779e-8,4.258494141221253e-15,-5.8502514832525779e-8,1],8,0.04296135902404785],[[776,222.69961547851563,47,1,-2.3712637187145448e-8,-5.7753776838231997e-15,2.3712637187145448e-8,1,7.670021062722299e-8,3.956613292885715e-15,-7.670021062722299e-8,1],8,0.059886932373046878],[[776,222.69961547851563,47,1,-3.495742717518624e-8,-6.9990425605247038e-15,3.495742717518624e-8,1,1.1307228220402976e-7,3.0463262544710687e-15,-1.1307228220402976e-7,1],8,0.06717157363891602],[[776,222.69961547851563,47,1,-2.9738863815964579e-8,-6.526777646717174e-15,2.9738863815964579e-8,1,9.619247265391096e-8,3.666122920108379e-15,-9.619247265391096e-8,1],8,0.07722258567810059],[[776,222.69961547851563,47,1,-2.1915202097488874e-8,-5.9769173151610989e-15,2.1915202097488874e-8,1,7.08862728515669e-8,4.423430514292979e-15,-7.08862728515669e-8,1],8,0.08921027183532715],[[776,222.69961547851563,47,1,-1.670221294602925e-8,-5.719110979202991e-15,1.670221294602925e-8,1,5.402447911251329e-8,4.8167828741189828e-15,-5.402447911251329e-8,1],8,0.0974116325378418],[[776,222.69961547851563,47,1,-1.1491452234224653e-8,-5.5489513774620219e-15,1.1491452234224653e-8,1,3.716989027680029e-8,5.121815532051254e-15,-3.716989027680029e-8,1],8,0.10748887062072754],[[776,222.69961547851563,47,1,-3.679485605090349e-9,-5.458169350790621e-15,3.679485605090349e-9,1,1.1901508223388646e-8,5.414378170934047e-15,-1.1901508223388646e-8,1],8,0.11988329887390137],[[776,222.69961547851563,47,1,4.127474362292105e-9,-5.564539748306816e-15,-4.127474362292105e-9,1,-1.3350685001967122e-8,5.50943517289024e-15,1.3350685001967122e-8,1],8,0.13020801544189454],[[776,222.69961547851563,47,1,1.1929430776547179e-8,-5.867721215732863e-15,-1.1929430776547179e-8,1,-3.858669828105121e-8,5.4074037016463558e-15,3.858669828105121e-8,1],8,0.14313793182373048],[[776,222.69961547851563,47,1,1.7127957718798826e-8,-6.1789990475852409e-15,-1.7127957718798826e-8,1,-5.540172409723709e-8,5.230080742270457e-15,5.540172409723709e-8,1],8,0.15173578262329102],[[776,222.69961547851563,47,1,2.492158301947711e-8,-6.8093728253931528e-15,-2.492158301947711e-8,1,-8.061078915488906e-8,4.80042412680866e-15,8.061078915488906e-8,1],8,0.16228508949279786],[[776,222.69961547851563,47,1,3.011455973478405e-8,-7.338430027764662e-15,-3.011455973478405e-8,1,-9.740786310885596e-8,4.405035499777457e-15,9.740786310885596e-8,1],8,0.17392897605895997],[[776,222.69961547851563,47,1,3.252799274378049e-8,-7.684361671555108e-15,-3.252799274378049e-8,1,-1.0521429771870317e-7,4.261952153228419e-15,1.0521429771870317e-7,1],8,0.1833515167236328],[[776,222.69961547851563,47,1,2.6975126132811057e-8,-7.22309717463357e-15,-2.6975126132811057e-8,1,-8.725312738988578e-8,4.869433171570889e-15,8.725312738988578e-8,1],8,0.19298100471496583],[[776,222.69961547851563,47,1,2.1424632734579064e-8,-6.863852714011128e-15,-2.1424632734579064e-8,1,-6.92996309226146e-8,5.3791335535152699e-15,6.92996309226146e-8,1],8,0.20299792289733888],[[776,222.69961547851563,47,1,1.3103341522935353e-8,-6.513120510992119e-15,-1.3103341522935353e-8,1,-4.238376405396593e-8,5.957751924180049e-15,4.238376405396593e-8,1],8,0.21341323852539063],[[776,222.69961547851563,47,1,7.558776715654858e-9,-6.403954904749985e-15,-7.558776715654858e-9,1,-2.4449429147921365e-8,6.2191471387356739e-15,2.4449429147921365e-8,1],8,0.22263002395629884],[[776,222.69961547851563,47,1,-7.536294921450804e-10,-6.426602024660723e-15,7.536294921450804e-10,1,2.43770514885e-9,6.4247648101981289e-15,-2.43770514885e-9,1],8,0.23331189155578614],[[776,222.69961547851563,47,1,-6.292273813102156e-9,-6.5657390447085039e-15,6.292273813102156e-9,1,2.0352890928165835e-8,6.4376731687978108e-15,-2.0352890928165835e-8,1],8,0.24258661270141602],[[776,222.69961547851563,47,1,-1.1828551471637639e-8,-6.8039501204648307e-15,1.1828551471637639e-8,1,3.826042416221753e-8,6.351384651911594e-15,-3.826042416221753e-8,1],8,0.25112199783325198],[[776,222.69961547851563,47,1,-1.736246346695225e-8,-7.1411052323723e-15,1.736246346695225e-8,1,5.6160303074648257e-8,6.166024196899199e-15,-5.6160303074648257e-8,1],8,0.2616157531738281],[[776,222.69961547851563,47,1,-2.5658897229163814e-8,-7.832079982391521e-15,2.5658897229163814e-8,1,8.299579690174142e-8,5.702499392557913e-15,-8.299579690174142e-8,1],8,0.2718780040740967],[[776,222.69961547851563,47,-0.9901186227798462,1.2671026006216835e-8,-0.14023222029209138,5.8874052299984218e-9,1,4.8789043916031008e-8,0.14023222029209138,4.7481339748856047e-8,-0.9901186227798462],8,0.2928774356842041],[[776,222.69961547851563,47,-0.9988632798194885,-1.3696592304768274e-8,-0.04766670614480972,-1.3986777069874279e-8,1,5.7542499654061889e-9,0.04766670614480972,6.4144125566656388e-9,-0.9988632798194885],8,0.3198244571685791],[[776,222.69961547851563,47,-0.9999903440475464,-2.988004510484643e-8,0.004399040713906288,-3.000368309358237e-8,1,-2.8039334409868389e-8,-0.004399040713906288,-2.8171049493153079e-8,-0.9999903440475464],8,0.3287336826324463],[[776,222.69961547851563,47,-0.9999855160713196,-3.7780687023314388e-8,0.005386119708418846,-3.8023141968324128e-8,1,-4.4912248142736647e-8,-0.005386119708418846,-4.511639417614788e-8,-0.9999855160713196],8,0.346996545791626],[[776,222.69961547851563,47,-0.99996018409729,-5.347256859522531e-8,0.008925092406570912,-5.4176020114482529e-8,1,-7.857541817202218e-8,-0.008925092406570912,-7.905580901024223e-8,-0.99996018409729],8,0.35341739654541018],[[776,222.69961547851563,47,-0.9999426007270813,-5.611813591599457e-8,0.01071584690362215,-5.707179084879499e-8,1,-8.868897083402772e-8,-0.01071584690362215,-8.929544748070839e-8,-0.9999426007270813],8,0.3636605739593506],[[776,222.69961547851563,47,-0.9999222159385681,-4.05645366186036e-8,0.012471753172576428,-4.14239273993644e-8,1,-6.86484966649914e-8,-0.012471753172576428,-6.915978900678965e-8,-0.9999222159385681],8,0.375546932220459],[[776,222.69961547851563,47,-0.999872624874115,-3.006400106642104e-8,0.01596098765730858,-3.0951092355735457e-8,1,-5.5331756954046799e-8,-0.01596098765730858,-5.581872031257262e-8,-0.999872624874115],8,0.38854455947875979],[[776,222.69961547851563,47,-0.9996029138565064,6.49215570192041e-9,0.02817848138511181,6.234856186893012e-9,1,-9.218926955156803e-9,-0.02817848138511181,-9.039577086866757e-9,-0.9996029138565064],8,0.41323161125183108],[[775.83837890625,222.69961547851563,46.995445251464847,-0.9988772869110107,2.7138661096159923e-8,0.047372668981552127,2.7960597392961973e-8,1,1.6687792481206999e-8,-0.047372668981552127,1.799362614463007e-8,-0.9988772869110107],8,0.4331066608428955],[[775.509033203125,222.69961547851563,46.98052215576172,-0.9985219836235046,5.258029744936721e-8,0.05434928089380264,5.531700253413874e-8,1,4.884974202923331e-8,-0.05434928089380264,5.178397799454615e-8,-0.9985219836235046],8,0.45766639709472659],[[775.3092651367188,222.69961547851563,46.96992492675781,-0.9972932934761047,6.690321185942594e-8,0.07352643460035324,7.208428343119522e-8,1,6.781172601222352e-8,-0.07352643460035324,7.292828030358578e-8,-0.9972932934761047],8,0.4648101329803467],[[775.0433349609375,222.69961547851563,46.95108413696289,-0.9968944191932678,6.403892172102133e-8,0.07874999195337296,6.962453369396826e-8,1,6.818270037456387e-8,-0.07874999195337296,7.345388297608224e-8,-0.9968944191932678],8,0.48148393630981448],[[774.7774658203125,222.69961547851563,46.9303092956543,-0.9967557787895203,3.853854479984875e-8,0.08048587292432785,4.220366278673282e-8,1,4.383625551440673e-8,-0.08048587292432785,4.709083967213701e-8,-0.9967557787895203],8,0.49825286865234377],[[774.4451293945313,222.69961547851563,46.90355682373047,-0.9966140985488892,6.771496252611087e-9,0.08222150802612305,7.90761323088418e-9,1,1.349211675716333e-8,-0.08222150802612305,1.4096609213254397e-8,-0.9966140985488892],8,0.5161378383636475],[[774.2457275390625,222.69961547851563,46.88718032836914,-0.9961693286895752,-1.229725565821127e-8,0.08744542300701142,-1.2747529254397705e-8,1,-4.590773539092652e-9,-0.08744542300701142,-5.68790081700854e-9,-0.9961693286895752],8,0.5323400497436523],[[773.9801025390625,222.69961547851563,46.86407470703125,-0.9956969022750855,-3.757465805165339e-8,0.0926695466041565,-4.039313239445619e-8,1,-2.8538581275938669e-8,-0.0926695466041565,-3.215899013753187e-8,-0.9956969022750855],8,0.5482757091522217],[[773.6480712890625,222.69961547851563,46.83339309692383,-0.9951969385147095,-6.900926052821888e-8,0.09789302200078964,-7.507338040113609e-8,1,-5.8262990876301049e-8,-0.09789302200078964,-6.533230845207072e-8,-0.9951969385147095],8,0.5685956478118897],[[773.4490356445313,222.69961547851563,46.81401443481445,-0.9946709871292114,-7.510107025154866e-8,0.10310029238462448,-8.22406462930303e-8,1,-6.499797677861352e-8,-0.10310029238462448,-7.31306357693029e-8,-0.9946709871292114],8,0.5821526050567627],[[773.1837768554688,222.69961547851563,46.78673553466797,-0.9944895505905151,-5.0196955925230216e-8,0.10483582317829132,-5.519389389974094e-8,1,-4.476328641089822e-8,-0.10483582317829132,-5.030291916341412e-8,-0.9944895505905151],8,0.5980703830718994],[[772.8523559570313,222.69961547851563,46.75186538696289,-0.9944895505905151,-1.9256235717080018e-8,0.10483582317829132,-2.1417953632862919e-8,1,-1.949423555913654e-8,-0.10483582317829132,-2.163218226769459e-8,-0.9944895505905151],8,0.6195082664489746],[[772.6535034179688,222.69961547851563,46.730899810791019,-0.9943050146102905,-6.698723242770654e-10,0.1065717414021492,-1.1432879087891479e-9,1,-4.381128793085054e-9,-0.1065717414021492,-4.4780206209793509e-9,-0.9943050146102905],8,0.6296048164367676],[[772.4546508789063,222.69961547851563,46.709651947021487,-0.9941174983978272,1.7874629776315488e-8,0.10830710828304291,1.914471603470247e-8,1,1.0686904694523492e-8,-0.10830710828304291,1.26975479020075e-8,-0.9941174983978272],8,0.6419200897216797],[[772.3220825195313,222.69961547851563,46.695274353027347,-0.9939268827438355,3.020361916128422e-8,0.11004260927438736,3.268033310632745e-8,1,2.0703277314737535e-8,-0.11004260927438736,2.4173772317226395e-8,-0.9939268827438355],8,0.6497759819030762],[[772.1895141601563,222.69961547851563,46.68067169189453,-0.9939268231391907,4.254951946336405e-8,0.11004284024238587,4.621016813644019e-8,1,3.071536625043336e-8,-0.11004284024238587,3.561392603046443e-8,-0.9939268231391907],8,0.6593160629272461],[[771.9906616210938,222.69961547851563,46.65867614746094,-0.9939268231391907,6.105848626702937e-8,0.11004284024238587,6.649408135217527e-8,1,4.5725478514668796e-8,-0.11004284024238587,5.2764978164532297e-8,-0.9939268231391907],8,0.6703286170959473],[[771.8580932617188,222.69961547851563,46.644004821777347,-0.9939268827438355,7.339122021221556e-8,0.11004260927438736,8.000945683761529e-8,1,5.572687555854827e-8,-0.11004260927438736,6.419288922643318e-8,-0.9939268827438355],8,0.680156946182251],[[771.7255249023438,222.69961547851563,46.62933349609375,-0.9939268231391907,8.571863929773827e-8,0.11004308611154556,9.351906982146829e-8,1,6.572399513515848e-8,-0.11004308611154556,7.561596504501722e-8,-0.9939268231391907],8,0.6903960704803467],[[771.5266723632813,222.69961547851563,46.60732650756836,-0.9939268827438355,6.525286266878538e-8,0.11004260927438736,7.124364032051744e-8,1,5.0508710103258639e-8,-0.11004260927438736,5.8041802475372609e-8,-0.9939268827438355],8,0.7017481327056885],[[771.3941040039063,222.69961547851563,46.592655181884769,-0.9939268231391907,5.161623661820158e-8,0.11004308611154556,5.6401280090767617e-8,1,4.037061529515995e-8,-0.11004308611154556,4.633200845205465e-8,-0.9939268231391907],8,0.7110285758972168],[[771.1952514648438,222.69961547851563,46.570648193359378,-0.9939268827438355,3.117229141480493e-8,0.11004260927438736,3.4149632455182657e-8,1,2.5171583928340625e-8,-0.11004260927438736,2.8776629079629857e-8,-0.9939268827438355],8,0.7214138507843018],[[770.9963989257813,222.69961547851563,46.548641204833987,-0.9939268231391907,1.074140865142681e-8,0.11004308611154556,1.1912237418698624e-8,1,9.982306536926444e-9,-0.11004308611154556,1.1232541119454709e-8,-0.9939268231391907],8,0.735396146774292],[[770.8638305664063,222.69961547851563,46.53396987915039,-0.9939268827438355,-2.871892057498826e-9,0.11004260927438736,-2.904771534417705e-9,1,-1.3847736846095416e-10,-0.11004260927438736,-4.5728501540942548e-10,-0.9939268827438355],8,0.7432205677032471],[[770.7312622070313,222.69961547851563,46.5192985534668,-0.9943050146102905,-1.648096059625459e-8,0.1065717414021492,-1.7680038766343388e-8,1,-1.0306584918851059e-8,-0.1065717414021492,-1.2132081117499638e-8,-0.9943050146102905],8,0.7531728744506836],[[770.5324096679688,222.69961547851563,46.49785232543945,-0.9946709871292114,-3.692354511031226e-8,0.10310004651546478,-3.977775264729644e-8,1,-2.562783585347006e-8,-0.10310004651546478,-2.9592353456564525e-8,-0.9946709871292114],8,0.7647113800048828],[[770.3335571289063,222.69961547851563,46.47709274291992,-0.9950246810913086,-5.741382835822151e-8,0.0996289998292923,-6.180774647646104e-8,1,-4.1016225083012617e-8,-0.0996289998292923,-4.696999766906629e-8,-0.9950246810913086],8,0.7745361328125],[[770.2008666992188,222.69961547851563,46.46368408203125,-0.996013879776001,-7.148705805093414e-8,0.08919806778430939,-7.637833476792366e-8,1,-5.142290504522862e-8,-0.08919806778430939,-5.8030728666835787e-8,-0.996013879776001],8,0.7855257987976074],[[770.001708984375,222.69961547851563,46.44542694091797,-0.9964679479598999,-9.215586516120311e-8,0.08397399634122849,-9.814042556399727e-8,1,-6.713892020115964e-8,-0.08397399634122849,-7.51430278000953e-8,-0.9964679479598999],8,0.796208381652832],[[769.736083984375,222.6655731201172,46.4216194152832,-0.9975442886352539,-6.373305438955868e-8,0.0700380876660347,-6.718704526065267e-8,1,-4.696013533589394e-8,-0.0700380876660347,-5.155046878257963e-8,-0.9975442886352539],8,0.8136391639709473],[[769.603271484375,222.62811279296876,46.409725189208987,-0.9980096220970154,-4.936933706289892e-8,0.06306149810552597,-5.179114737074997e-8,1,-3.6769314704088177e-8,-0.06306149810552597,-3.996215625079458e-8,-0.9980096220970154],8,0.8242530822753906],[[769.404052734375,222.54637145996095,46.391883850097659,-0.9987934827804565,-2.7850877160062738e-8,0.04910823702812195,-2.8925407846713825e-8,1,-2.1170178499119176e-8,-0.04910823702812195,-2.2565110668892886e-8,-0.9987934827804565],8,0.8354573249816895],[[769.271240234375,222.474853515625,46.37998962402344,-0.999112069606781,-1.3300905266078189e-8,0.04213176667690277,-1.3762678108264481e-8,1,-1.0670159866776885e-8,-0.04213176667690277,-1.1240531172518331e-8,-0.999112069606781],8,0.8439643383026123],[[769.072021484375,223.12713623046876,46.36214828491211,-0.999319314956665,8.68885852156609e-9,0.036890897899866107,8.886387625750558e-9,1,5.190464502646819e-9,-0.036890897899866107,5.514757983604568e-9,-0.999319314956665],3,0.8578765392303467],[[768.872314453125,223.74876403808595,46.352787017822269,-0.9950553178787231,3.0418348728744607e-8,0.09932230412960053,3.2477174727318928e-8,1,1.9111858762244084e-8,-0.09932230412960053,2.2243064279336978e-8,-0.9950553178787231],5,0.8785233497619629],[[768.6058349609375,224.5299072265625,46.34284210205078,-0.9869078993797302,5.9467900825893597e-8,0.16128477454185487,6.56165681789389e-8,1,3.2796698690162887e-8,-0.16128477454185487,4.295027622447378e-8,-0.9869078993797302],5,0.8843696117401123],[[768.4725341796875,224.90003967285157,46.337921142578128,-0.9947180151939392,7.799886958537172e-8,0.10264544934034348,8.240385085400703e-8,1,3.8674098590263387e-8,-0.10264544934034348,4.692820354534888e-8,-0.9947180151939392],5,0.8921191692352295],[[768.3392333984375,225.25656127929688,46.33300018310547,-0.9946701526641846,9.436958947617313e-8,0.1031082421541214,9.940163181454409e-8,1,4.366520300891352e-8,-0.1031082421541214,5.3681599609944899e-8,-0.9946701526641846],5,0.8997790813446045],[[768.2059326171875,225.5994415283203,46.32807922363281,-0.9946538209915161,1.1104505404091469e-7,0.10326547920703888,1.1660444698691208e-7,1,4.779916551456154e-8,-0.10326547920703888,5.9584834843917636e-8,-0.9946538209915161],5,0.9100754261016846],[[768.0726318359375,225.9287109375,46.323158264160159,-0.994648277759552,1.280180583762558e-7,0.10331900417804718,1.3401374587829196e-7,1,5.108924838737039e-8,-0.10331900417804718,6.466199664600936e-8,-0.994648277759552],5,0.9194784164428711],[[767.8726806640625,226.3970489501953,46.31577682495117,-0.9906525015830994,1.3647088792367868e-7,0.13640975952148438,1.4429384975755966e-7,1,4.746117454601517e-8,-0.13640975952148438,6.670062191460602e-8,-0.9906525015830994],5,0.9292604923248291],[[767.6727294921875,226.83473205566407,46.30839538574219,-0.9906512498855591,1.1761107998609077e-7,0.13641871511936189,1.2285582329241152e-7,1,3.002662651852006e-8,-0.13641871511936189,4.650574680908903e-8,-0.9906512498855591],5,0.9425885677337647],[[767.5394287109375,227.1094970703125,46.30347442626953,-0.9946454167366028,1.0609169009967445e-7,0.10334619879722595,1.0867599797848016e-7,1,1.9375571369550927e-8,-0.10334619879722595,3.050307384455664e-8,-0.9946454167366028],5,0.9498205184936523],[[767.4061279296875,227.37062072753907,46.298553466796878,-0.9951736330986023,9.310679871532557e-8,0.09812944382429123,9.45013667319472e-8,1,9.563565939174623e-9,-0.09812944382429123,1.879077515809513e-8,-0.9951736330986023],5,0.9608328342437744],[[767.2728271484375,227.61813354492188,46.29415512084961,-0.9951736927032471,7.982744421042298e-8,0.09812915325164795,8.027650011399601e-8,1,6.278653152946845e-10,-0.09812915325164795,8.502299309043338e-9,-0.9951736927032471],5,0.9701309204101563],[[767.0728759765625,227.96385192871095,46.28779602050781,-0.9918045997619629,5.961155835620957e-8,0.12776386737823487,5.86982160655225e-8,1,-1.0913836945292133e-8,-0.12776386737823487,-3.324883035560333e-9,-0.9918045997619629],5,0.9817581176757813],[[766.9395751953125,228.17730712890626,46.28392028808594,-0.9955100417137146,4.584144264185852e-8,0.09465572983026505,4.435248257550484e-8,1,-1.783407732602882e-8,-0.09465572983026505,-1.3555786715357954e-8,-0.9955100417137146],5,0.9897816181182861],[[766.8062744140625,228.3771209716797,46.2801513671875,-0.9955100417137146,3.208169729873589e-8,0.09465570747852326,2.994677572587534e-8,1,-2.3975086804739477e-8,-0.09465570747852326,-2.1032807495657836e-8,-0.9955100417137146],5,0.9991750717163086],[[766.6063232421875,228.65130615234376,46.27451705932617,-0.9926720857620239,1.1909454755709703e-8,0.12083931267261505,8.15593637071288e-9,1,-3.155665950771436e-8,-0.12083931267261505,-3.0339855072725189e-8,-0.9926720857620239],5,1.0102880001068116],[[766.4730224609375,228.8170623779297,46.271453857421878,-0.996298611164093,-3.269026604968417e-9,0.08595965802669525,-6.3834941776974578e-9,1,-3.595686237645168e-8,-0.08595965802669525,-3.637249790244823e-8,-0.996298611164093],5,1.0187103748321534],[[766.2730712890625,229.0401611328125,46.26746368408203,-0.9932918548583984,-2.347247907152905e-8,0.11563406884670258,-2.8394468998271806e-8,1,-4.091801386607585e-8,-0.11563406884670258,-4.3926899451207649e-8,-0.9932918548583984],5,1.0292656421661378],[[766.1397705078125,229.17185974121095,46.26521301269531,-0.9968740940093994,-3.954089677904449e-8,0.07900621742010117,-4.3123154824797896e-8,1,-4.363531758144745e-8,-0.07900621742010117,-4.6905913819728087e-8,-0.9968740940093994],5,1.0400390625],[[766.0064697265625,229.28993225097657,46.26341247558594,-0.997526228427887,-5.456125506952958e-8,0.07029543817043305,-5.792268709114978e-8,1,-4.578025780688222e-8,-0.07029543817043305,-4.973870915137013e-8,-0.997526228427887],5,1.0488555431365967],[[765.8065185546875,229.44149780273438,46.26231384277344,-0.9949870109558106,-7.517882494312289e-8,0.10000418871641159,-8.032095166754516e-8,1,-4.739285230925816e-8,-0.10000418871641159,-5.518770507251247e-8,-0.9949870109558106],5,1.0581638813018799],[[765.6732177734375,229.52549743652345,46.26214599609375,-0.9977660179138184,-9.197365358204479e-8,0.06680545955896378,-9.538295842048683e-8,1,-4.784368101695691e-8,-0.06680545955896378,-5.410890224766263e-8,-0.9977660179138184],5,1.0689785480499268],[[765.5399169921875,229.59588623046876,46.2620964050293,-0.9977660179138184,-1.0713182518884423e-7,0.06680545210838318,-1.1055796278469643e-7,1,-4.758818761274597e-8,-0.06680545210838318,-5.486775123131338e-8,-0.9977660179138184],5,1.0781686305999756],[[765.3399658203125,229.67591857910157,46.26205062866211,-0.9949870109558106,-1.2828571982481663e-7,0.10000404715538025,-1.3350322092264833e-7,1,-4.5480621935212187e-8,-0.10000404715538025,-5.8603490060704647e-8,-0.9949870109558106],5,1.0886931419372559],[[765.2066650390625,229.71224975585938,46.262020111083987,-0.9977660179138184,-1.4576167473023816e-7,0.06680556386709213,-1.4899535472068238e-7,1,-4.3421877649052479e-8,-0.06680556386709213,-5.3278590428362807e-8,-0.9977660179138184],5,1.0991008281707764],[[765.0067138671875,229.74118041992188,46.2619743347168,-0.9949870109558106,-1.511370015805369e-7,0.1000041589140892,-1.5531871611074167e-7,1,-3.4029618234399098e-8,-0.1000041589140892,-4.9391545076105106e-8,-0.9949870109558106],5,1.1085107326507569],[[764.8734130859375,229.74343872070313,46.26194381713867,-0.9977660179138184,-1.3565816914251628e-7,0.06680542975664139,-1.37357659468762e-7,1,-2.0846083970127439e-8,-0.06680542975664139,-2.997575165863964e-8,-0.9977660179138184],5,1.1189632415771485],[[764.6734619140625,229.72128295898438,46.261898040771487,-0.9949870109558106,-1.0911517733802612e-7,0.10000426322221756,-1.1003329802861117e-7,1,-3.665065140268098e-9,-0.10000426322221756,-1.465049059845569e-8,-0.9949870109558106],5,1.128692865371704],[[764.5401611328125,229.68948364257813,46.26186752319336,-0.9977660179138184,-9.21545435517146e-8,0.06680553406476975,-9.19107918662121e-8,1,6.7221646027348928e-9,-0.06680553406476975,5.669977820588201e-10,-0.9977660179138184],5,1.1427247524261475],[[764.3402099609375,229.61624145507813,46.26182174682617,-0.9949870109558106,-6.606565250422136e-8,0.10000412911176682,-6.439954347570165e-8,1,1.9888595659267595e-8,-0.10000412911176682,1.334867505420334e-8,-0.9949870109558106],5,1.160574197769165],[[764.0736083984375,229.47088623046876,46.26176071166992,-0.9911037087440491,-3.148374005945698e-8,0.13309185206890107,-2.729395198741713e-8,1,3.330483622221436e-8,-0.13309185206890107,2.937594345553407e-8,-0.9911037087440491],5,1.1672954559326172],[[764.0069580078125,229.426025390625,46.26174545288086,-0.9994376301765442,-1.9322056843407155e-8,0.03353288769721985,-1.8107886745610814e-8,1,3.651203073218312e-8,-0.03353288769721985,3.5884287541421148e-8,-0.9994376301765442],5,1.1726505756378174],[[763.8736572265625,229.3260955810547,46.261714935302737,-0.9977660179138184,-2.3842074980962026e-9,0.06680551916360855,4.166232636659828e-10,1,4.191121050212132e-8,-0.06680551916360855,4.1845414244789939e-8,-0.9977660179138184],5,1.1819541454315186],[[763.6737060546875,229.15066528320313,46.26166915893555,-0.9949870109558106,2.3531237403062734e-8,0.10000411421060562,2.8453669642658498e-8,1,4.7795975177677977e-8,-0.10000411421060562,5.040185868665503e-8,-0.9949870109558106],5,1.192418098449707],[[763.5404052734375,229.0166778564453,46.26163864135742,-0.9977660179138184,4.370948758491977e-8,0.06680562347173691,4.721412594221874e-8,1,5.088136489916906e-8,-0.06680562347173691,5.392186253061482e-8,-0.9977660179138184],5,1.2025423049926758],[[763.4071044921875,228.8690643310547,46.2616081237793,-0.9977660179138184,6.23817797418269e-8,0.06680560857057572,6.607375979683639e-8,1,5.305495420770967e-8,-0.06680560857057572,5.735052610589264e-8,-0.9977660179138184],5,1.210324764251709],[[763.2071533203125,228.62210083007813,46.26156234741211,-0.9949870109558106,8.86858728676998e-8,0.10000419616699219,9.457361471731929e-8,1,5.41342117799104e-8,-0.10000419616699219,6.332059854230465e-8,-0.9949870109558106],5,1.2224645614624024],[[763.0738525390625,228.44041442871095,46.261531829833987,-0.9977660179138184,1.0985951348629897e-7,0.06680546700954437,1.1372310382284923e-7,1,5.403052938390829e-8,-0.06680546700954437,6.150715137209773e-8,-0.9977660179138184],5,1.2312419414520264],[[762.8739013671875,228.14234924316407,46.2614860534668,-0.9949873685836792,1.3674952015207965e-7,0.10000097006559372,1.4263042658058112e-7,1,5.16590183963217e-8,-0.10000097006559372,6.566325083667835e-8,-0.9949873685836792],5,1.2459743022918702],[[762.6739501953125,227.81362915039063,46.26144027709961,-0.9949873089790344,1.3377815832882335e-7,0.10000106692314148,1.3819490618516284e-7,1,3.7239853867276909e-8,-0.10000106692314148,5.087282062277154e-8,-0.9949873089790344],5,1.2631149291992188],[[762.4739990234375,227.45425415039063,46.26139450073242,-0.9944488406181336,1.1444530656490315e-7,0.10522105544805527,1.170512575754401e-7,1,1.859114284741281e-8,-0.10522105544805527,3.080419830325809e-8,-0.9944488406181336],5,1.2692091464996338],[[762.3406982421875,227.19764709472657,46.26084518432617,-0.9970113039016724,1.0213276624426726e-7,0.07725580036640167,1.0299219610487853e-7,1,7.140137814332093e-9,-0.07725580036640167,1.50755425920579e-8,-0.9970113039016724],5,1.2796151638031006],[[762.1407470703125,226.78717041015626,46.258934020996097,-0.9928826093673706,8.174528431936779e-8,0.11909687519073487,8.138660234635609e-8,1,-7.875472718410493e-9,-0.11909687519073487,1.8734696016764475e-9,-0.9928826093673706],5,1.2877066135406495],[[762.0074462890625,226.49649047851563,46.256656646728519,-0.9953438639640808,6.826520859704033e-8,0.09638770669698715,6.694408938301422e-8,1,-1.6940081337679659e-8,-0.09638770669698715,-1.0408618855706209e-8,-0.9953438639640808],5,1.296053409576416],[[761.8741455078125,226.1921844482422,46.25307083129883,-0.9950016140937805,5.4651305703146139e-8,0.09985893219709397,5.240035960696332e-8,1,-2.5164144545897217e-8,-0.09985893219709397,-1.9805719730925376e-8,-0.9950016140937805],5,1.3065128326416016],[[761.6075439453125,225.54270935058595,46.24436569213867,-0.9855599999427795,2.875470350716114e-8,0.16932669281959535,2.2606702287930603e-8,1,-3.823639005418045e-8,-0.16932669281959535,-3.385633817742928e-8,-0.9855599999427795],5,1.323603630065918],[[761.4742431640625,225.19754028320313,46.23957061767578,-0.994647204875946,1.2291906159589417e-8,0.10332918167114258,7.770103671589368e-9,1,-4.416365229076291e-8,-0.10332918167114258,-4.312437340558972e-8,-0.994647204875946],5,1.3314306735992432],[[761.2742919921875,224.6542205810547,46.232215881347659,-0.9906533360481262,-7.621462572160454e-9,0.1364036351442337,-1.4764694356017572e-8,1,-5.135663627697795e-8,-0.1364036351442337,-5.289058080393261e-8,-0.9906533360481262],5,1.3413987159729005],[[761.2076416015625,224.46630859375,46.229759216308597,-0.9975371360778809,-1.8437287252481839e-8,0.07013992965221405,-2.2255745690813457e-8,1,-5.3659089616076019e-8,-0.07013992965221405,-5.508795197783911e-8,-0.9975371360778809],5,1.3492114543914796],[[761.0076904296875,223.88211059570313,46.222389221191409,-0.9906533360481262,-3.661877556737636e-8,0.1364036351442337,-4.505952233557764e-8,1,-5.8793069968032799e-8,-0.1364036351442337,-6.438983746193117e-8,-0.9906533360481262],5,1.360252857208252],[[760.8778076171875,223.4756317138672,46.217594146728519,-0.9977135062217712,-5.3734677152306179e-8,0.06758558750152588,-5.817527437557146e-8,1,-6.373513627977445e-8,-0.06758558750152588,-6.752121350928064e-8,-0.9977135062217712],7,1.3702023029327393],[[760.6845703125,222.9437255859375,46.2104606628418,-0.9987708926200867,-7.199123785994743e-8,0.04956498742103577,-7.569911986138323e-8,1,-7.293127879393069e-8,-0.04956498742103577,-7.659366474399576e-8,-0.9987708926200867],7,1.3800578117370606],[[760.5682983398438,222.8802032470703,46.206172943115237,-0.9992238879203796,-8.911250404253224e-8,0.03939013183116913,-9.244821086440425e-8,1,-8.286239960852981e-8,-0.03939013183116913,-8.64396341171414e-8,-0.9992238879203796],7,1.3913228511810303],[[760.5478515625,222.87799072265626,46.20541763305664,-0.9993103742599487,-8.195820555556566e-8,0.03713259473443031,-8.479168656094771e-8,1,-7.473224883369767e-8,-0.03713259473443031,-7.782924171806371e-8,-0.9993103742599487],7,1.3994977474212647],[[760.4949951171875,222.87673950195313,46.20346450805664,-0.9993091821670532,-5.987813977981205e-8,0.037163928151130679,-6.179386957683164e-8,1,-5.039943928863977e-8,-0.037163928151130679,-5.26611252382736e-8,-0.9993091821670532],8,1.4095735549926758],[[760.4608764648438,222.87667846679688,46.202205657958987,-0.9993181824684143,-4.516945750765444e-8,0.03692052140831947,-4.646366136284996e-8,1,-3.4195775100442918e-8,-0.03692052140831947,-3.588792196751456e-8,-0.9993181824684143],8,1.4189395904541016],[[760.4268188476563,222.95384216308595,46.20094680786133,-0.9993193745613098,-3.0453797705831678e-8,0.03688926249742508,-3.1139023803916646e-8,1,-1.8000692492137206e-8,-0.03688926249742508,-1.9137136320068749e-8,-0.9993193745613098],8,1.4288513660430909],[[760.375732421875,223.0895538330078,46.199058532714847,-0.9994422793388367,-8.456637168308135e-9,0.03339286893606186,-8.248916216757607e-9,1,6.358293447306096e-9,-0.03339286893606186,6.079292180771745e-9,-0.9994422793388367],8,1.440911054611206],[[760.2473754882813,223.21739196777345,46.1946907043457,-0.999603807926178,1.362525381409796e-8,0.028145993128418924,1.449849129642189e-8,1,3.082123356534794e-8,-0.028145993128418924,3.121709823972196e-8,-0.999603807926178],8,1.450747013092041],[[760.1231079101563,223.28558349609376,46.191036224365237,-0.9997759461402893,2.8534863361073805e-8,0.021168166771531106,2.954118194509192e-8,1,4.722653557109879e-8,-0.021168166771531106,4.7841286487937398e-8,-0.9997759461402893],8,1.4598023891448975],[[759.9306640625,223.33839416503907,46.18668746948242,-0.9998995661735535,5.089510679567866e-8,0.014174398966133595,5.192057273006867e-8,1,7.197849782869526e-8,-0.014174398966133595,7.270720914220874e-8,-0.9998995661735535],8,1.4704229831695557],[[759.8018798828125,223.2971954345703,46.18461608886719,-1,6.658222417854631e-8,0.00020427501294761896,6.66003430183082e-8,1,8.867770162623856e-8,-0.00020427501294761896,8.869130851962837e-8,-1],8,1.480879783630371],[[759.6697387695313,223.23587036132813,46.18408966064453,-0.9999769330024719,5.9425307341598457e-8,-0.006789263803511858,5.890442622558112e-8,1,7.692155890026697e-8,0.006789263803511858,7.651986777545972e-8,-0.9999769330024719],8,1.4905805587768555],[[759.469970703125,223.1183624267578,46.18510055541992,-0.9998795986175537,4.843393952569386e-8,-0.015518625266849995,4.752101290250721e-8,1,5.9196715085363397e-8,0.015518625266849995,5.845212669441935e-8,-0.9998795986175537],8,1.5007705688476563],[[759.3400268554688,223.02297973632813,46.18680191040039,-0.999705970287323,4.117517349300215e-8,-0.024247758090496064,4.003952369657782e-8,1,4.7320689589014367e-8,0.024247758090496064,4.6335909331673977e-8,-0.999705970287323],8,1.5108940601348878],[[759.2110595703125,222.9139862060547,46.18959426879883,-0.9994561076164246,3.381430246918171e-8,-0.03297695145010948,3.266518433520105e-8,1,3.5384889685019519e-8,0.03297695145010948,3.4288447636754429e-8,-0.9994561076164246],8,1.5201435089111329],[[759.0178833007813,222.7249298095703,46.19559860229492,-0.9986381530761719,2.2827075341069759e-8,-0.0521710030734539,2.195537263105507e-8,1,1.7281669428825809e-8,0.0521710030734539,1.6112700507164847e-8,-0.9986381530761719],8,1.5302469730377198],[[758.8867797851563,222.5818634033203,46.20178985595703,-0.9982497692108154,1.5183314161504314e-8,-0.05913892388343811,1.490366408063437e-8,1,5.1697948144635578e-9,0.05913892388343811,4.279359977488184e-9,-0.9982497692108154],8,1.5410993099212647],[[758.6930541992188,222.52175903320313,46.2129020690918,-0.9976948499679565,3.592870223556588e-9,-0.06785977631807327,4.490828153791426e-9,1,-1.3079998417708794e-8,0.06785977631807327,-1.3354593875192223e-8,-0.9976948499679565],8,1.551286220550537],[[758.5645141601563,222.52293395996095,46.22134017944336,-0.997325599193573,-4.224514071893282e-9,-0.07308623194694519,-2.383545139039711e-9,1,-2.5276214898894979e-8,0.07308623194694519,-2.5034411876845298e-8,-0.997325599193573],8,1.5612921714782715],[[758.3717651367188,222.51780700683595,46.23522186279297,-0.997325599193573,-1.5839351164004257e-8,-0.07308623194694519,-1.2689595152437505e-8,1,-4.3560763884897827e-8,0.07308623194694519,-4.2516830944805409e-8,-0.997325599193573],8,1.5702271461486817],[[758.2433471679688,222.49737548828126,46.244625091552737,-0.997325599193573,-2.3578436980642438e-8,-0.07308623194694519,-1.9556622987693119e-8,1,-5.574394990048859e-8,0.07308623194694519,-5.41655502672711e-8,-0.997325599193573],8,1.580226182937622],[[758.1149291992188,222.4633026123047,46.2540397644043,-0.997325599193573,-3.1314215220845656e-8,-0.07308623194694519,-2.642071628145004e-8,1,-6.792192408511255e-8,0.07308623194694519,-6.580928868515912e-8,-0.997325599193573],8,1.5902385711669922],[[757.9865112304688,222.41561889648438,46.26345443725586,-0.997325599193573,-3.904668588461391e-8,-0.07308623194694519,-3.3281875033708278e-8,1,-8.009469354419707e-8,0.07308623194694519,-7.744804264575578e-8,-0.997325599193573],8,1.59885835647583],[[757.7938842773438,222.34617614746095,46.2775764465332,-0.997325599193573,-5.063919417125362e-8,-0.07308623194694519,-4.356811444949926e-8,1,-9.834408842834819e-8,0.07308623194694519,-9.489684771324392e-8,-0.997325599193573],8,1.6092705726623536],[[757.6654663085938,222.31089782714845,46.286991119384769,-0.997325599193573,-5.8363401223004988e-8,-0.07308623194694519,-5.042193862436761e-8,1,-1.1050384784994094e-7,0.07308623194694519,-1.0652316717596477e-7,-0.997325599193573],8,1.619621992111206],[[757.4728393554688,222.25912475585938,46.30111312866211,-0.997325599193573,-4.384366647514071e-8,-0.07308623194694519,-3.8035850025153198e-8,1,-8.085707747795823e-8,0.07308623194694519,-7.786093902950597e-8,-0.997325599193573],8,1.6302731037139893],[[757.3444213867188,222.22470092773438,46.31052780151367,-0.997325599193573,-3.416901606101419e-8,-0.07308623194694519,-2.97828677275902e-8,1,-6.110312966711717e-8,0.07308623194694519,-5.876299979945543e-8,-0.997325599193573],8,1.6406421661376954],[[757.1517944335938,222.17306518554688,46.324649810791019,-0.997325599193573,-1.9664796013785236e-8,-0.07308623194694519,-1.7410012986829316e-8,1,-3.1488045948435686e-8,0.07308623194694519,-3.0131403150335248e-8,-0.997325599193573],8,1.6504418849945069],[[757.0233764648438,222.13864135742188,46.33406448364258,-0.997325599193573,-1.0000483996464027e-8,-0.07308623194694519,-9.165852965509203e-9,1,-1.175520925045248e-8,0.07308623194694519,-1.1053873372190992e-8,-0.997325599193573],8,1.6607835292816163],[[756.8307495117188,222.08700561523438,46.34818649291992,-0.997325599193573,4.488234672805902e-9,-0.07308623194694519,3.193778130849978e-9,1,1.7828227782956675e-8,0.07308623194694519,1.7547126418548943e-8,-0.997325599193573],8,1.6716313362121583],[[756.7023315429688,222.05258178710938,46.357601165771487,-0.997325599193573,1.4142217175105998e-8,-0.07308623194694519,1.1429127866335876e-8,1,3.7539976460720939e-8,0.07308623194694519,3.660426983742582e-8,-0.997325599193573],8,1.6812365055084229],[[756.5097045898438,222.00094604492188,46.37172317504883,-0.997325599193573,2.8615451341806876e-8,-0.07308623194694519,2.3775550417326486e-8,1,6.709179700692403e-8,0.07308623194694519,6.517470296785177e-8,-0.997325599193573],8,1.6917154788970948],[[756.3812866210938,221.96652221679688,46.38113784790039,-0.9971959590911865,3.837332940292981e-8,-0.07483453303575516,3.1967566371804426e-8,1,8.67968736883995e-8,0.07483453303575516,8.416121488608042e-8,-0.9971959590911865],8,1.7023179531097413],[[756.1886596679688,221.91488647460938,46.395530700683597,-0.9973248839378357,4.4859255865503658e-8,-0.07309623062610626,3.770334089381322e-8,1,9.927700972411913e-8,0.07309623062610626,9.625545516200873e-8,-0.9973248839378357],8,1.7141401767730713],[[756.0602416992188,221.88046264648438,46.40500259399414,-0.9975740909576416,3.851101126883805e-8,-0.0696125403046608,3.268055692728922e-8,1,8.48946513087867e-8,0.0696125403046608,8.24137273980341e-8,-0.9975740909576416],8,1.725417137145996],[[755.867431640625,221.82882690429688,46.4185905456543,-0.9978113770484924,2.920975816778082e-8,-0.06612420082092285,2.507506735582865e-8,1,6.335910995858285e-8,0.06612420082092285,6.1562374753521e-8,-0.9978113770484924],8,1.7341246604919434],[[755.7388916015625,221.79440307617188,46.42723083496094,-0.9986381530761719,2.234106233345301e-8,-0.052171021699905398,1.9807378848213376e-8,1,4.908198647513018e-8,0.052171021699905398,4.7981771444938207e-8,-0.9986381530761719],8,1.7442948818206788],[[755.5459594726563,221.7427215576172,46.43783950805664,-0.9989781975746155,1.3002137144724202e-8,-0.045194607228040698,1.1760754148326669e-8,1,2.7733412011343718e-8,0.045194607228040698,2.7173550520842583e-8,-0.9989781975746155],8,1.7542407512664796],[[755.4172973632813,221.70823669433595,46.44391632080078,-0.9993349313735962,6.765283444565284e-9,-0.03646530956029892,6.275132857780363e-9,1,1.3556012312676558e-8,0.03646530956029892,1.331817145455716e-8,-0.9993349313735962],8,1.7649104595184327],[[755.2886352539063,221.6737518310547,46.44894027709961,-0.999705970287323,6.055979051566851e-10,-0.024247774854302408,6.190494228341947e-10,1,-5.472479136514608e-10,0.024247774854302408,-5.620975906950321e-10,-0.999705970287323],8,1.7740209102630616],[[755.095458984375,221.6220245361328,46.45412063598633,-0.9999873042106628,-8.373500115510524e-9,-0.005036693066358566,-8.26519475083387e-9,1,-2.1524019899743508e-8,0.005036693066358566,-2.1482117418258896e-8,-0.9999873042106628],8,1.7839350700378419],[[754.9022827148438,221.57025146484376,46.4558219909668,-0.9999932050704956,-1.7169686117313178e-8,0.0036925598978996279,-1.7326401646755586e-8,1,-4.2409052269931638e-8,-0.0036925598978996279,-4.247274176805149e-8,-0.9999932050704956],8,1.7956311702728272],[[754.7734985351563,221.53573608398438,46.45567321777344,-0.9999601244926453,-2.293301015754423e-8,0.00893336720764637,-2.3436832918832807e-8,1,-5.6293142591812287e-8,-0.00893336720764637,-5.650026579928635e-8,-0.9999601244926453],8,1.8052566051483155],[[754.6447143554688,221.501220703125,46.454742431640628,-0.9998995661735535,-2.8620156911074447e-8,0.014174405485391617,-2.9617311270158099e-8,1,-7.013910163777837e-8,-0.014174405485391617,-7.055186301840877e-8,-0.9998995661735535],8,1.8150310516357422],[[754.32275390625,221.41493225097657,46.45041275024414,-0.9998995661735535,-4.356797589366579e-8,0.014174405485391617,-4.5056960829015227e-8,1,-1.0472812306261403e-7,-0.014174405485391617,-1.0535626415730803e-7,-0.9998995661735535],8,1.8332195281982422],[[754.2583618164063,221.39767456054688,46.449501037597659,-0.9998440146446228,-4.61877931456911e-8,0.017662741243839265,-4.816701348886454e-8,1,-1.1163069046915553e-7,-0.017662741243839265,-1.124640434113644e-7,-0.9998440146446228],8,1.8406445980072022],[[754.065185546875,221.3459014892578,46.44621658325195,-0.9998115301132202,-3.4452121155936769e-8,0.019415292888879777,-3.607045684361765e-8,1,-8.300362708268949e-8,-0.019415292888879777,-8.368829895744057e-8,-0.9998115301132202],8,1.8509960174560547],[[753.9364013671875,221.31138610839845,46.443782806396487,-0.9998115301132202,-2.6763911975535849e-8,0.019415292888879777,-2.801039578059772e-8,1,-6.39291073412096e-8,-0.019415292888879777,-6.446089173550718e-8,-0.9998115301132202],8,1.8612194061279297],[[753.8076171875,221.27687072753907,46.44129180908203,-0.9997759461402893,-1.8965943482385229e-8,0.021168023347854615,-1.99