[[[776,222.69961547851563,47,1,9.206162054908873e-9,4.2907425384077968e-16,-9.206162054908873e-9,1,1.7338419588952548e-10,-4.2747804672145855e-16,-1.7338419588952548e-10,1],8,0.011344432830810547],[[776,222.69961547851563,47,1,4.615014859155053e-8,4.581798676254339e-16,-4.615014859155053e-8,1,8.691651287584534e-10,-4.1806774890547969e-16,-8.691651287584534e-10,1],8,0.02571868896484375],[[776,222.69961547851563,47,1,8.306257370804815e-8,5.129242422811898e-16,-8.306257370804815e-8,1,1.564351648219997e-9,-3.8298515300764387e-16,-1.564351648219997e-9,1],8,0.03754615783691406],[[776,222.69961547851563,47,1,1.1994345072707802e-7,5.932415474661779e-16,-1.1994345072707802e-7,1,2.258944142852215e-9,-3.222959834907021e-16,-2.258944142852215e-9,1],8,0.05352663993835449],[[776,222.69961547851563,47,1,8.314847121937419e-8,5.326524866556897e-16,-8.314847121937419e-8,1,1.565969021122271e-9,-4.024445703005089e-16,-1.565969021122271e-9,1],8,0.07069158554077149],[[776,222.69961547851563,47,1,4.6384929675014067e-8,4.975621880519898e-16,-4.6384929675014067e-8,1,8.735858147979059e-10,-4.570409788882913e-16,-8.735858147979059e-10,1],8,0.0867011547088623],[[776,222.69961547851563,47,1,9.652797672288216e-9,4.879142710245265e-16,-9.652797672288216e-9,1,1.8179421856778789e-10,-4.861594305160524e-16,-1.8179421856778789e-10,1],8,0.10435295104980469],[[776,222.69961547851563,47,1,-2.704794610508543e-8,5.036445198879861e-16,2.704794610508543e-8,1,-5.094064614574734e-10,-4.898660996327964e-16,5.094064614574734e-10,1],8,0.12096595764160156],[[776,222.69961547851563,47,1,-6.37173300788163e-8,5.446880836823445e-16,6.37173300788163e-8,1,-1.2000167526338146e-9,-4.68226207775462e-16,1.2000167526338146e-9,1],8,0.13652396202087403],[[776,222.69961547851563,47,1,-1.0035538622332752e-7,6.109801643871366e-16,1.0035538622332752e-7,1,-1.8900372378283238e-9,-4.213047382529712e-16,1.8900372378283238e-9,1],8,0.15356135368347169],[[776,222.69961547851563,47,1,-9.141734835793614e-8,6.068667606370329e-16,9.141734835793614e-8,1,-1.7217032244332132e-9,-4.49473215960607e-16,1.7217032244332132e-9,1],8,0.1727614402770996],[[776,222.69961547851563,47,1,-5.5117414632377407e-8,5.662956294690056e-16,5.5117414632377407e-8,1,-1.0380503123741392e-9,-5.09080989101701e-16,1.0380503123741392e-9,1],8,0.19681859016418458],[[776,222.69961547851563,47,1,-1.88485049790188e-8,5.505260994526171e-16,1.88485049790188e-8,1,-3.549815164038961e-10,-5.438352273835778e-16,3.549815164038961e-10,1],8,0.2156538963317871],[[776,222.69961547851563,47,1,1.738941612927647e-8,5.595032722649734e-16,-1.738941612927647e-8,1,3.27503746344604e-10,-5.538081403649907e-16,-3.27503746344604e-10,1],8,0.22447705268859864],[[776,222.69961547851563,47,1,5.359637356150415e-8,5.931647321657737e-16,-5.359637356150415e-8,1,1.0094060032272978e-9,-5.390642084290495e-16,-1.0094060032272978e-9,1],8,0.24213290214538575],[[776,222.69961547851563,47,1,8.977238508123264e-8,6.514472693213292e-16,-8.977238508123264e-8,1,1.6907258926224245e-9,-4.996668002281207e-16,-1.6907258926224245e-9,1],8,0.25611066818237307],[[776,222.69961547851563,47,1,1.1688411660770726e-7,7.112788709187352e-16,-1.1688411660770726e-7,1,2.201334003970601e-9,-4.539778959927829e-16,-2.201334003970601e-9,1],8,0.270660400390625],[[776,222.69961547851563,47,1,8.115157612564872e-8,6.539344756918231e-16,-8.115157612564872e-8,1,1.5283656562559145e-9,-5.299051882308296e-16,-1.5283656562559145e-9,1],8,0.2876462936401367],[[776,222.69961547851563,47,1,4.544956411223211e-8,6.205774711960015e-16,-4.544956411223211e-8,1,8.559724595791351e-10,-5.816738832033219e-16,-8.559724595791351e-10,1],8,0.30393505096435549],[[776,222.69961547851563,47,1,8.64942728551199e-10,6.1260768525572659e-16,-8.64942728551199e-10,1,1.6288645779405365e-11,-6.125936033329784e-16,-1.6288645779405365e-11,1],8,0.3214242458343506],[[776,222.69961547851563,47,1,-2.586297220830147e-8,6.257720595637161e-16,2.586297220830147e-8,1,-4.870912562182639e-10,-6.131744561765581e-16,4.870912562182639e-10,1],8,0.33606648445129397],[[776,222.69961547851563,47,1,-6.147354980612363e-8,6.642088794628993e-16,6.147354980612363e-8,1,-1.1577627745396058e-9,-5.930370948885343e-16,1.1577627745396058e-9,1],8,0.35548853874206545],[[776,222.69961547851563,47,1,-9.705369308221634e-8,7.264574366357363e-16,9.705369308221634e-8,1,-1.8278615288025435e-9,-5.490567090473677e-16,1.8278615288025435e-9,1],8,0.3708980083465576],[[776,222.69961547851563,47,1,-9.728957195420662e-8,7.359591346006798e-16,9.728957195420662e-8,1,-1.8323038641909762e-9,-5.576950686808223e-16,1.8323038641909762e-9,1],8,0.38559579849243166],[[776,222.69961547851563,47,1,-6.222648352149918e-8,6.921915128479516e-16,6.222648352149918e-8,1,-1.1719426540324208e-9,-6.192656289189414e-16,1.1719426540324208e-9,1],8,0.40355634689331057],[[776,222.69961547851563,47,1,-2.7193349794174538e-8,6.715510139892588e-16,2.7193349794174538e-8,1,-5.121456037038286e-10,-6.576240982705036e-16,5.121456037038286e-10,1],8,0.4202890396118164],[[776,222.69961547851563,47,1,7.80984699133569e-9,6.740025920364088e-16,-7.80984699133569e-9,1,1.4708785578410045e-10,-6.728538565412543e-16,-1.4708785578410045e-10,1],8,0.4360060691833496],[[776,222.69961547851563,47,1,4.2783131704027258e-8,6.994898134192907e-16,-4.2783131704027258e-8,1,8.057581823983639e-10,-6.650170018341391e-16,-8.057581823983639e-10,1],8,0.45343947410583498],[[776,222.69961547851563,47,1,7.772653987103695e-8,7.479541269854255e-16,-7.772653987103695e-8,1,1.463865806350384e-9,-6.34172879395025e-16,-1.463865806350384e-9,1],8,0.46950793266296389],[[776,222.69961547851563,47,1,1.1264008747957632e-7,8.193365051263016e-16,-1.1264008747957632e-7,1,2.121411268873885e-9,-5.80380569771983e-16,-2.121411268873885e-9,1],8,0.48758697509765627],[[776,222.69961547851563,47,1,9.238370068942459e-8,7.897973428215512e-16,-9.238370068942459e-8,1,1.7399117702154854e-9,-6.290578591847931e-16,-1.7399117702154854e-9,1],8,0.5026664733886719],[[776,222.69961547851563,47,1,5.3772442498711828e-8,7.472579717819009e-16,-5.3772442498711828e-8,1,1.0127250149594147e-9,-6.928013236304155e-16,-1.0127250149594147e-9,1],8,0.5191025733947754],[[776,222.69961547851563,47,1,1.519416770179305e-8,7.3292405673199e-16,-1.519416770179305e-8,1,2.861594294856218e-10,-7.285760777950561e-16,-2.861594294856218e-10,1],8,0.5364196300506592],[[776,222.69961547851563,47,1,-2.335113791218646e-8,7.466027388576405e-16,2.335113791218646e-8,1,-4.3978554131740568e-10,-7.36333205526011e-16,4.3978554131740568e-10,1],8,0.5539703369140625],[[776,222.69961547851563,47,-0.48140716552734377,-3.843663165525868e-8,0.8764970898628235,2.513362185041501e-9,1,4.523298713365875e-8,-0.8764970898628235,2.3978438790095425e-8,-0.48140716552734377],8,0.5739707946777344],[[776,222.69961547851563,47,-0.4007178544998169,-6.934532592595133e-8,0.9162015318870544,-7.191686357543858e-9,1,7.254243428178597e-8,-0.9162015318870544,2.2480014294501417e-8,-0.4007178544998169],8,0.5927982330322266],[[776,222.69961547851563,47,-0.4305822253227234,-1.062527488215892e-7,0.9025513529777527,-1.9492336633675224e-8,1,1.0842563114010773e-7,-0.9025513529777527,2.9093314424244455e-8,-0.4305822253227234],8,0.6028556823730469],[[776,222.69961547851563,47,-0.5185179114341736,-8.770455650619624e-8,0.8550667762756348,-2.1593065113734157e-8,1,8.947624507982255e-8,-0.8550667762756348,2.793152020785783e-8,-0.5185179114341736],8,0.6205875873565674],[[775.8829345703125,222.69961547851563,46.8066520690918,-0.6301448941230774,-4.26485868842974e-8,0.776477575302124,-1.318755415979922e-8,1,4.422345156740448e-8,-0.776477575302124,1.7627343140702579e-8,-0.6301448941230774],8,0.639089822769165],[[775.7628784179688,222.69961547851563,46.64865493774414,-0.6837186217308044,-1.6959843307517987e-8,0.7297457456588745,-6.021981135972965e-9,1,1.7598599910684244e-8,-0.7297457456588745,7.637975585339518e-9,-0.6837186217308044],8,0.6616430282592773],[[775.5380859375,222.69961547851563,46.402809143066409,-0.7377426028251648,2.423867861978124e-8,0.6750820875167847,9.394213407176722e-9,1,-2.5638609457701024e-8,-0.6750820875167847,-1.2572829000134789e-8,-0.7377426028251648],8,0.6717798709869385],[[775.3927001953125,222.69961547851563,46.265586853027347,-0.7956398725509644,4.7322526341986307e-8,0.60576993227005,2.093952566895041e-8,1,-5.061691865648754e-8,-0.60576993227005,-2.758830142113311e-8,-0.7956398725509644],8,0.6866426467895508],[[775.182861328125,222.69961547851563,46.101192474365237,-0.8561832904815674,7.659428291617587e-8,0.5166721940040588,4.0004373147439767e-8,1,-8.195371492547565e-8,-0.5166721940040588,-4.9498254384161558e-8,-0.8561832904815674],8,0.7036113739013672],[[774.9006958007813,222.69961547851563,45.9241828918457,-0.9077491164207459,8.153928376941622e-8,0.419513463973999,4.970631195533315e-8,1,-8.681109875396942e-8,-0.419513463973999,-5.795023128030152e-8,-0.9077491164207459],8,0.7216792106628418],[[774.7217407226563,222.69961547851563,45.835208892822269,-0.9440107345581055,5.5042569613306117e-8,0.32991477847099306,3.6325037200413138e-8,1,-6.289910459145176e-8,-0.32991477847099306,-4.73932644240449e-8,-0.9440107345581055],8,0.7379953861236572],[[774.408935546875,222.69961547851563,45.720664978027347,-0.9696906208992004,1.6255965462619316e-8,0.24433612823486329,1.0369381797659117e-8,1,-2.5378456669500339e-8,-0.24433612823486329,-2.2075635541796147e-8,-0.9696906208992004],8,0.7596292495727539],[[774.1514282226563,222.69961547851563,45.65195846557617,-0.9907925128936768,-1.3590933711782327e-8,0.13538923859596253,-1.3420833333555038e-8,1,2.1691037854765229e-9,-0.13538923859596253,3.320953512186975e-10,-0.9907925128936768],8,0.7765333652496338],[[773.8882446289063,222.69961547851563,45.61039352416992,-0.9938645362854004,-4.089314487032425e-8,0.11060403287410736,-3.791570435396352e-8,1,2.9023109249237679e-8,-0.11060403287410736,2.465140980234537e-8,-0.9938645362854004],8,0.8039166927337647],[[773.5571899414063,222.69961547851563,45.57170104980469,-0.9994821548461914,-7.292320702845245e-8,0.03217868506908417,-7.10267755721361e-8,1,6.007755359860312e-8,-0.03217868506908417,5.776088940478985e-8,-0.9994821548461914],8,0.8116722106933594],[[773.2908935546875,222.69961547851563,45.559906005859378,-0.9996359944343567,-8.287016584063167e-8,-0.026979541406035425,-8.482899005457512e-8,1,7.145960978505173e-8,0.026979541406035425,7.372224075652412e-8,-0.9996359944343567],8,0.8256077766418457],[[773.0909423828125,222.69961547851563,45.56298828125,-0.996273398399353,-5.752610476861264e-8,-0.08625118434429169,-6.24738518695267e-8,1,5.4665168391920818e-8,0.08625118434429169,5.984990281149294e-8,-0.996273398399353],8,0.8409826755523682],[[772.8251342773438,222.69961547851563,45.58354187011719,-0.9906290769577026,-2.6678501185983806e-8,-0.13657978177070619,-3.159453498824405e-8,1,3.3826115242163726e-8,0.13657978177070619,3.78243072418627e-8,-0.9906290769577026],8,0.8557753562927246],[[772.560791015625,222.69961547851563,45.61793899536133,-0.9852542877197266,2.37894282051343e-9,-0.17109636962413789,-3.318357394421767e-11,1,1.4095197009567073e-8,0.17109636962413789,1.389303072585335e-8,-0.9852542877197266],8,0.8717441558837891],[[772.3635864257813,222.69961547851563,45.65081024169922,-0.9814508557319641,2.3444185259791085e-8,-0.19171391427516938,2.3924936698449529e-8,1,-1.928024129238537e-10,0.19171391427516938,-4.775969397741164e-9,-0.9814508557319641],8,0.886340856552124],[[772.1016845703125,222.69961547851563,45.701053619384769,-0.9797388315200806,5.108021028377152e-8,-0.20027939975261689,5.601027552870619e-8,1,-1.894967915916368e-8,0.20027939975261689,-2.9783439714492489e-8,-0.9797388315200806],8,0.9038379192352295],[[771.8403930664063,222.69961547851563,45.75410842895508,-0.9797388315200806,7.87351908115852e-8,-0.20027939975261689,8.806819096207619e-8,1,-3.7690529808287468e-8,0.20027939975261689,-5.4565120422012117e-8,-0.9797388315200806],8,0.919625997543335],[[771.5791625976563,222.69967651367188,45.80751037597656,-0.9793879389762878,7.804455037785374e-8,-0.20198825001716615,8.815135998929691e-8,1,-4.104114381675572e-8,0.20198825001716615,-5.800074021067303e-8,-0.9793879389762878],8,0.9366493225097656],[[771.2526245117188,222.69969177246095,45.87477111816406,-0.9793883562088013,4.2036717218252309e-8,-0.2019861489534378,4.830163646829533e-8,1,-2.6087640492278298e-8,0.2019861489534378,-3.5306193524320409e-8,-0.9793883562088013],8,0.9568381309509277],[[770.9913940429688,222.69969177246095,45.92863464355469,-0.9804323315620422,1.3442297053245511e-8,-0.19685634970664979,1.6515505407710408e-8,1,-1.396977378220754e-8,0.19685634970664979,-1.694760065618084e-8,-0.9804323315620422],8,0.9791383743286133],[[770.7953491210938,222.69969177246095,45.96820068359375,-0.981783926486969,-8.007472906967905e-9,-0.1900007575750351,-7.242226818249264e-9,1,-4.721935731311078e-9,0.1900007575750351,-3.259892134011011e-9,-0.981783926486969],8,0.98813796043396],[[770.468505859375,223.76980590820313,46.03390884399414,-0.984033465385437,-4.388274987832119e-8,-0.17798346281051637,-4.661338692812933e-8,1,1.1160492974227055e-8,0.17798346281051637,1.9278711960168949e-8,-0.984033465385437],3,1.0069754123687745],[[770.2062377929688,224.5645751953125,46.082122802734378,-0.9972145557403565,-7.32366842726151e-8,-0.07458604872226715,-7.577344973697109e-8,1,3.1181546233938209e-8,0.07458604872226715,3.674633575201369e-8,-0.9972145557403565],5,1.029876470565796],[[770.0090942382813,225.1248779296875,46.11577606201172,-0.9984684586524963,-9.334630135526823e-8,-0.05532399192452431,-9.629049912973642e-8,1,5.055166596434901e-8,0.05532399192452431,5.5801418596956867e-8,-0.9984684586524963],5,1.0368735790252686],[[769.7455444335938,225.82427978515626,46.15652084350586,-0.9999956488609314,-1.2165685348008993e-7,-0.0029461472295224668,-1.2189630638204108e-7,1,8.109783777854318e-8,0.0029461472295224668,8.145661212211053e-8,-0.9999956488609314],5,1.0546443462371827],[[769.4814453125,226.46917724609376,46.1931037902832,-0.9999487996101379,-1.0393325311497392e-7,0.010119915939867497,-1.0309028652955021e-7,1,8.381942251389774e-8,-0.010119915939867497,8.277186935856662e-8,-0.9999487996101379],5,1.0701768398284913],[[769.2168579101563,227.0595703125,46.226314544677737,-0.9998520612716675,-7.112588917834728e-8,0.01720116287469864,-6.985074207932485e-8,1,7.473242646938161e-8,-0.01720116287469864,7.351985686909757e-8,-0.9998520612716675],5,1.0880136489868165],[[768.9519653320313,227.595458984375,46.25747299194336,-0.9998518824577332,-3.843222629029697e-8,0.017212262377142907,-3.735404519034091e-8,1,6.296176024989109e-8,-0.017212262377142907,6.230948912389067e-8,-0.9998518824577332],5,1.1039283275604249],[[768.6870727539063,228.0768585205078,46.28835678100586,-0.9998518228530884,-6.3764065139082508e-9,0.017213689163327218,-5.544007919411342e-9,1,4.840450174015132e-8,-0.017213689163327218,4.830189936910756e-8,-0.9998518228530884],5,1.1205275058746338],[[768.4221801757813,228.50375366210938,46.31924057006836,-0.9998202919960022,2.5009358139982397e-8,0.018958773463964464,2.559893275133618e-8,1,3.0855066057711159e-8,-0.018958773463964464,3.133484582917845e-8,-0.9998202919960022],5,1.1394808292388917],[[768.1572875976563,228.8761444091797,46.34972381591797,-0.9997478723526001,5.583140705311962e-8,0.022453907877206804,5.607148167996456e-8,1,1.0062278121836244e-8,-0.022453907877206804,1.1318764592260777e-8,-0.9997478723526001],5,1.1544506549835206],[[767.8922119140625,229.1940460205078,46.37935256958008,-0.9996633529663086,8.622481573183905e-8,0.025944940745830537,8.588476418935898e-8,1,-1.422075879276008e-8,-0.025944940745830537,-1.1987696169057927e-8,-0.9996633529663086],5,1.1696815490722657],[[767.6270751953125,229.4574432373047,46.40805435180664,-0.9994577169418335,1.1627557938709288e-7,0.032928675413131717,1.1494194041006267e-7,1,-4.2393885735236839e-8,-0.032928675413131717,-3.8586009054597528e-8,-0.9994577169418335],5,1.1872916221618653],[[767.29541015625,229.7100372314453,46.44171905517578,-0.997189998626709,1.3870288739781245e-7,0.07491407543420792,1.3343100135898568e-7,1,-7.537733637263955e-8,-0.07491407543420792,-6.516967232528259e-8,-0.997189998626709],5,1.2054362297058106],[[767.0962524414063,229.8207244873047,46.46034622192383,-0.9998824000358582,1.0592673049814039e-7,0.015336679294705391,1.047364577289045e-7,1,-7.841288152121706e-8,-0.015336679294705391,-7.679734892462875e-8,-0.9998824000358582],5,1.2203116416931153],[[766.8306274414063,229.92062377929688,46.48317337036133,-0.9982518553733826,7.137028035231197e-8,0.0591033436357975,6.684230413611658e-8,1,-7.858822925754794e-8,-0.0591033436357975,-7.450024241961728e-8,-0.9982518553733826],5,1.2376563549041749],[[766.498291015625,229.96885681152345,46.50828170776367,-0.9948856234550476,2.7460517415534015e-8,0.10100777447223664,2.017773681473045e-8,1,-7.312286243177368e-8,-0.10100777447223664,-7.071078300668887e-8,-0.9948856234550476],5,1.256626844406128],[[766.2987060546875,229.9569091796875,46.52168655395508,-0.9989862442016602,-4.646977025402066e-9,0.04501708224415779,-7.718933048295185e-9,1,-6.806596530850584e-8,-0.04501708224415779,-6.834444121750494e-8,-0.9989862442016602],5,1.276068925857544],[[766.0324096679688,229.893310546875,46.53675079345703,-0.9962111115455627,-3.923631908264724e-8,0.08696803450584412,-4.440561696128498e-8,1,-5.750448295316346e-8,-0.08696803450584412,-6.114847650451338e-8,-0.9962111115455627],5,1.2878715991973878],[[765.7660522460938,229.77520751953126,46.54941177368164,-0.9955782890319824,-7.631827259046986e-8,0.09393566101789475,-8.074174218108965e-8,1,-4.32897664381926e-8,-0.09393566101789475,-5.068287833864815e-8,-0.9955782890319824],5,1.3053984642028809],[[765.4996948242188,229.60260009765626,46.56013870239258,-0.9948979616165161,-1.1359732354776497e-7,0.10088635236024857,-1.1673937194700557e-7,1,-2.5240675327609098e-8,-0.10088635236024857,-3.688930405587598e-8,-0.9948979616165161],5,1.3264894485473633],[[765.2330932617188,229.37550354003907,46.569000244140628,-0.9939797520637512,-1.5111095308384393e-7,0.1095641702413559,-1.5236285832997965e-7,1,-3.0542885998130488e-9,-0.1095641702413559,-1.972941099381842e-8,-0.9939797520637512],5,1.33809494972229],[[764.9664916992188,229.09390258789063,46.57560348510742,-0.9925656914710999,-1.354229084427061e-7,0.12171021103858948,-1.3435185053367605e-7,1,1.7006597019531e-8,-0.12171021103858948,5.281727277761661e-10,-0.9925656914710999],5,1.353708028793335],[[764.6998901367188,228.75779724121095,46.5790901184082,-0.9905296564102173,-1.0179994092140987e-7,0.13729895651340486,-9.826398894574595e-8,1,3.2531520588463539e-8,-0.13729895651340486,1.873189425793953e-8,-0.9905296564102173],5,1.3705899715423585],[[764.3666381835938,228.26101684570313,46.57823181152344,-0.982608437538147,-6.020295728603742e-8,0.18568973243236543,-5.272843850434583e-8,1,4.519123564250549e-8,-0.18568973243236543,3.4614160426826859e-8,-0.982608437538147],5,1.3885717391967774],[[764.1666870117188,227.92208862304688,46.57479476928711,-0.9910207986831665,-3.198881870503101e-8,0.1337077021598816,-2.5450310303654079e-8,1,5.0610626800562389e-8,-0.1337077021598816,4.675328213465946e-8,-0.9910207986831665],5,1.4033737182617188],[[763.8334350585938,227.2890625,46.563995361328128,-0.9762842655181885,8.315857336071986e-9,0.21649260818958283,2.025868539590192e-8,1,5.29458183962106e-8,-0.21649260818958283,5.607602560075975e-8,-0.9762842655181885],5,1.421907663345337],[[763.6336669921875,226.86837768554688,46.55433654785156,-0.9866118431091309,3.86265348595316e-8,0.16308623552322389,4.779806062060743e-8,1,5.231341049238836e-8,-0.16308623552322389,5.940823299965814e-8,-0.9866118431091309],5,1.4370782375335694],[[763.3675537109375,226.259765625,46.53783416748047,-0.9774331450462341,7.260484125026778e-8,0.21124498546123506,8.448260047089207e-8,1,4.720232027466409e-8,-0.21124498546123506,6.398363439075183e-8,-0.9774331450462341],5,1.454533338546753],[[763.1016845703125,225.59666442871095,46.51725769042969,-0.9731924533843994,1.0920636839273357e-7,0.2299923598766327,1.2114676906094247e-7,1,3.779584289986815e-8,-0.2299923598766327,6.464546231654822e-8,-0.9731924533843994],5,1.4703266620635987],[[762.7698974609375,224.69114685058595,46.48515319824219,-0.9602625370025635,1.5459752944479988e-7,0.2790983319282532,1.66581429539292e-7,1,1.9220379954276724e-8,-0.2790983319282532,6.494920512523095e-8,-0.9602625370025635],5,1.489013671875],[[762.5049438476563,223.90541076660157,46.45490646362305,-0.9654803276062012,1.2602934873484629e-7,0.2604759931564331,1.3035072754519207e-7,1,-6.844637079339577e-10,-0.2604759931564331,3.329239817162488e-8,-0.9654803276062012],5,1.5051710605621338],[[762.3065795898438,223.2803497314453,46.429466247558597,-0.9711769819259644,1.0334826328062263e-7,0.23835963010787965,1.0323277876977954e-7,1,-1.2967642071259889e-8,-0.23835963010787965,1.201265220629466e-8,-0.9711769819259644],5,1.5204639434814454],[[762.0424194335938,222.3992462158203,46.39250183105469,-0.9603009819984436,7.104600996399313e-8,0.2789660692214966,6.675927721744302e-8,1,-2.4866860570682549e-8,-0.2789660692214966,-5.2560964469705599e-9,-0.9603009819984436],5,1.5381557941436768],[[761.7786865234375,221.46363830566407,46.353145599365237,-0.9578255414962769,3.826789551908405e-8,0.2873503565788269,3.0194428290997169e-8,1,-3.2527879056942768e-8,-0.2873503565788269,-2.2479651917706179e-8,-0.9578255414962769],5,1.5554447174072266],[[761.5152587890625,221.62176513671876,46.311485290527347,-0.97808837890625,4.560348987325824e-9,0.20819023251533509,-3.0232365499927029e-9,1,-3.610804100162568e-8,-0.20819023251533509,-3.594626107883414e-8,-0.97808837890625],7,1.571516513824463],[[761.1868286132813,222.13449096679688,46.254425048828128,-0.9776920080184937,-3.389818914456555e-8,0.21004362404346467,-4.3099955604475329e-8,1,-3.92313488362106e-8,-0.21004362404346467,-4.740904557820613e-8,-0.9776920080184937],7,1.590334177017212],[[760.9909057617188,222.33506774902345,46.21426010131836,-0.9748534560203552,-5.631586930121557e-8,0.22284696996212007,-6.709292676987389e-8,1,-4.078988524724991e-8,-0.22284696996212007,-5.471561692615978e-8,-0.9748534560203552],8,1.6051478385925294],[[760.7308349609375,222.49951171875,46.155548095703128,-0.9660571813583374,-8.496990488993106e-8,0.25832831859588625,-9.910719001027246e-8,1,-4.170393808067274e-8,-0.25832831859588625,-6.589058187955743e-8,-0.9660571813583374],8,1.6211013793945313],[[760.4728393554688,222.59039306640626,46.088077545166019,-0.9456747770309448,-8.123066663756618e-8,0.32511425018310549,-9.644615062143203e-8,1,-3.068466014610749e-8,-0.32511425018310549,-6.037372202172264e-8,-0.9456747770309448],8,1.637650489807129],[[760.2199096679688,222.64010620117188,46.004032135009769,-0.922031044960022,-4.852791235521181e-8,0.3871159255504608,-5.7878366988006749e-8,1,-1.2496878198930972e-8,-0.3871159255504608,-3.3928145626305198e-8,-0.922031044960022],8,1.6539523601531983],[[759.9730834960938,222.66720581054688,45.90328598022461,-0.8887877464294434,-1.721845777069575e-8,0.4583190381526947,-1.8035619220313494e-8,1,2.593435910469566e-9,-0.4583190381526947,-5.961053428649166e-9,-0.8887877464294434],8,1.670804500579834],[[759.4976196289063,222.6899871826172,45.661746978759769,-0.8509788513183594,4.0208114171491619e-8,0.5251999497413635,6.362694193740026e-8,1,2.6536689290423966e-8,-0.5251999497413635,5.5999027637199109e-8,-0.8509788513183594],8,1.7052967548370362],[[759.3828735351563,222.6925048828125,45.59402084350586,-0.8029677271842957,4.9488242837014698e-8,0.5960225462913513,8.445726251693486e-8,1,3.0750875623652976e-8,-0.5960225462913513,7.50303925656226e-8,-0.8029677271842957],8,1.7113497257232667],[[759.2202758789063,222.69509887695313,45.47785949707031,-0.7902967929840088,5.8706444150402606e-8,0.612724244594574,9.865241423767657e-8,1,3.143051685583487e-8,-0.612724244594574,8.528616035619052e-8,-0.7902967929840088],8,1.7221934795379639],[[759.0615844726563,222.69676208496095,45.35610580444336,-0.7739751935005188,4.623764837674571e-8,0.6332159638404846,7.829474668596959e-8,1,2.267874066319564e-8,-0.6332159638404846,6.713025868521072e-8,-0.7739751935005188],8,1.7371742725372315],[[758.8545532226563,222.69805908203126,45.18809509277344,-0.7650498151779175,3.168569406852839e-8,0.6439710855484009,5.101116684613771e-8,1,1.139863581300915e-8,-0.6439710855484009,4.157024235951212e-8,-0.7650498151779175],8,1.7546775341033936],[[758.6502075195313,222.69876098632813,45.016807556152347,-0.7627966403961182,1.794274773203597e-8,0.6466384530067444,2.3711720587016317e-8,1,2.234221696539862e-10,-0.6466384530067444,1.5503335504263306e-8,-0.7627966403961182],8,1.7706806659698487],[[758.4467163085938,222.69915771484376,44.844482421875,-0.762796938419342,4.356767835389519e-9,0.6466380953788757,-3.564397443867051e-9,1,-1.0942255102008858e-8,-0.6466380953788757,-1.0651594273269893e-8,-0.762796938419342],8,1.787947654724121],[[758.1925048828125,222.69940185546876,44.628936767578128,-0.7616685032844544,-1.2590829712166851e-8,0.6479669213294983,-3.765102718489288e-8,1,-2.4826533717714484e-8,-0.6479669213294983,-4.330620839709809e-8,-0.7616685032844544],8,1.8061344623565674],[[758.0401611328125,222.69947814941407,44.499393463134769,-0.7706507444381714,-2.3365892332094519e-8,0.6372576951980591,-5.796720259354515e-8,1,-3.343478738315753e-8,-0.6372576951980591,-6.270659014262492e-8,-0.7706507444381714],8,1.822765827178955],[[757.8350219726563,222.6995391845703,44.329036712646487,-0.7987896800041199,-3.974007967144644e-8,0.6016104221343994,-8.448652977222082e-8,1,-4.612101989209805e-8,-0.6016104221343994,-8.766896542056202e-8,-0.7987896800041199],8,1.8372063636779786],[[757.6231079101563,222.69956970214845,44.16720199584961,-0.8162972331047058,-4.8076636005589538e-8,0.5776320695877075,-9.52284509025958e-8,1,-5.134425151709365e-8,-0.5776320695877075,-9.69191802369096e-8,-0.8162972331047058],8,1.8537824153900147],[[757.3569946289063,223.78330993652345,43.966434478759769,-0.8282222747802734,-2.8089637282846526e-8,0.5603997111320496,-5.1567951686593008e-8,1,-2.6088683213743026e-8,-0.5603997111320496,-5.050589280131135e-8,-0.8282222747802734],3,1.8734736442565919],[[757.1925048828125,224.39471435546876,43.85276794433594,-0.803146243095398,-1.615219602513207e-8,0.5957819223403931,-2.6585228241060578e-8,1,-8.727405464981075e-9,-0.5957819223403931,-2.2848380965001526e-8,-0.803146243095398],5,1.8940482139587403],[[756.9133911132813,225.34559631347657,43.67058181762695,-0.7589105367660523,1.2150453976289555e-9,0.6511948704719544,1.5775285078234448e-8,1,1.651884318221164e-8,-0.6511948704719544,2.2809109267996065e-8,-0.7589105367660523],5,1.9053282737731934],[[756.7435302734375,225.87525939941407,43.56504821777344,-0.8153531551361084,1.5772009476222594e-8,0.5789639353752136,4.096241212891982e-8,1,3.044545593411385e-8,-0.5789639353752136,4.853955815065092e-8,-0.8153531551361084],5,1.9202582836151124],[[756.5125122070313,226.53378295898438,43.43184280395508,-0.8210821151733398,3.465461162477368e-8,0.5708101391792297,7.477333952010668e-8,1,4.6846473367168076e-8,-0.5708101391792297,8.114617600085694e-8,-0.8210821151733398],5,1.9375042915344239],[[756.2761840820313,227.13780212402345,43.30851364135742,-0.8507223129272461,5.995492102783828e-8,0.5256154537200928,1.0866055077940473e-7,1,6.180379585885021e-8,-0.5256154537200928,1.0969152697271056e-7,-0.8507223129272461],5,1.9535448551177979],[[756.0336303710938,227.68731689453126,43.19778823852539,-0.8820642232894898,9.011981916273726e-8,0.4711291491985321,1.4268059089772579e-7,1,7.584679195815625e-8,-0.4711291491985321,1.3412272892310285e-7,-0.8820642232894898],5,1.9704241752624512],[[755.7848510742188,228.18234252929688,43.1019401550293,-0.9113690853118897,8.186675160004597e-8,0.4115901291370392,1.1489928652963499e-7,1,5.551372339596128e-8,-0.4115901291370392,9.788490018536322e-8,-0.9113690853118897],5,1.987194538116455],[[755.5303955078125,228.62286376953126,43.022422790527347,-0.9360498785972595,6.939644947578927e-8,0.35186728835105898,8.823340635899513e-8,1,3.7498278260272858e-8,-0.35186728835105898,6.614670411408952e-8,-0.9360498785972595],5,2.0048012733459474],[[755.2713623046875,229.00888061523438,42.959659576416019,-0.9631739258766174,5.4965020979125259e-8,0.2688791751861572,6.288993859016046e-8,1,2.086038541904145e-8,-0.2688791751861572,3.700197126477178e-8,-0.9631739258766174],5,2.0208029747009279],[[755.00830078125,229.34039306640626,42.91741943359375,-0.9759342074394226,3.584867158679117e-8,0.21806514263153077,3.8116326095405387e-8,1,6.192429680140776e-9,-0.21806514263153077,1.4355245880892653e-8,-0.9759342074394226],5,2.037341833114624],[[754.6885986328125,229.67816162109376,42.906158447265628,-0.9820104837417603,8.80747830223072e-9,0.18882644176483155,7.331710349944842e-9,1,-8.513967308942938e-9,-0.18882644176483155,-6.9763843590919809e-9,-0.9820104837417603],5,2.057013750076294],[[754.4457397460938,229.88705444335938,42.93992614746094,-0.9920547008514404,-1.4629902622687041e-8,0.12580713629722596,-1.7114981432087008e-8,1,-1.8672194457280967e-8,-0.12580713629722596,-2.0677024537008039e-8,-0.9920547008514404],5,2.080414295196533],[[754.2717895507813,230.00794982910157,42.990013122558597,-0.9966713786125183,-3.324140251947938e-8,0.08152434974908829,-3.5433643574833698e-8,1,-2.5443858575613377e-8,-0.08152434974908829,-2.824786982102978e-8,-0.9966713786125183],5,2.0881741046905519],[[754.0513916015625,230.12147521972657,43.08958053588867,-0.9946756362915039,-5.649275180985569e-8,0.10305535048246384,-6.016283293774905e-8,1,-3.250443114666268e-8,-0.10305535048246384,-3.853146779420058e-8,-0.9946756362915039],5,2.1053597927093508],[[753.8443603515625,230.1804962158203,43.22651290893555,-0.9947656393051148,-8.091384984254546e-8,0.10218289494514466,-8.520370187170556e-8,1,-3.761748601505133e-8,-0.10218289494514466,-4.612694226580061e-8,-0.9947656393051148],5,2.1256136894226076],[[753.6506958007813,230.1850128173828,43.40003204345703,-0.9947855472564697,-1.058606002857232e-7,0.1019890159368515,-1.1059486837439181e-7,1,-4.076494874993841e-8,-0.1019890159368515,-5.183184370594063e-8,-0.9947855472564697],5,2.1374974250793459],[[753.4481201171875,230.11402893066407,43.64625549316406,-0.9993987679481506,-1.3672155319000013e-7,0.03467201068997383,-1.3870896964363056e-7,1,-5.491504495580557e-8,-0.03467201068997383,-5.969134520000807e-8,-0.9993987679481506],5,2.1570568084716799],[[753.3539428710938,230.0305633544922,43.805747985839847,-0.999897837638855,-1.5358490657035873e-7,0.014294583350419999,-1.545419223702993e-7,1,-6.58453060964348e-8,-0.014294583350419999,-6.804769014934209e-8,-0.999897837638855],5,2.1748344898223879],[[753.2601928710938,229.87158203125,44.03239440917969,-0.999664843082428,-1.2588071740537999e-7,0.02588750422000885,-1.2742196986437194e-7,1,-5.788706403109245e-8,-0.02588750422000885,-6.116629691632625e-8,-0.999664843082428],5,2.187653064727783],[[753.2025756835938,229.65811157226563,44.27554702758789,-0.9993456602096558,-8.248306215818957e-8,0.03616940230131149,-8.408689211591991e-8,1,-4.282106047526213e-8,-0.03616940230131149,-4.5834415374201856e-8,-0.9993456602096558],5,2.203101634979248],[[753.1795654296875,229.39013671875,44.535552978515628,-0.9989813566207886,-3.936380110758364e-8,0.04512513801455498,-4.067236503146887e-8,1,-2.8080419767206878e-8,-0.04512513801455498,-2.988716119034507e-8,-0.9989813566207886],5,2.2199392318725588],[[753.1671142578125,229.06765747070313,44.8017463684082,-0.998458743095398,3.6129765845771546e-9,0.055498745292425159,2.8537341378864768e-9,1,-1.375960234639706e-8,-0.055498745292425159,-1.3580016222647373e-8,-0.998458743095398],5,2.237013816833496],[[753.1524047851563,228.690673828125,45.067996978759769,-0.9979290962219238,4.635067085700939e-8,0.0643235370516777,4.646073037406495e-8,1,2.1521412429947873e-10,-0.0643235370516777,3.2032869690112877e-9,-0.9979290962219238],5,2.2542757987976076],[[753.1309204101563,228.14280700683595,45.400634765625,-0.9972338080406189,9.952933766044225e-8,0.07432860881090164,1.0108627179761243e-7,1,1.7184653700041964e-8,-0.07432860881090164,2.4650720575891684e-8,-0.9972338080406189],5,2.2717552185058595],[[753.1150512695313,228.23358154296876,45.6419563293457,-0.9959867596626282,8.836847342763576e-8,0.0895007848739624,9.039585080472534e-8,1,1.85987030221213e-8,-0.0895007848739624,2.6614561221549594e-8,-0.9959867596626282],12,2.289124011993408],[[753.1087646484375,228.3561248779297,45.70724868774414,-0.9993287920951843,0.007481123320758343,0.03586065024137497,0.007442109752446413,0.9999715685844421,-0.0012212813599035144,-0.03586876764893532,-0.0009535827557556331,-0.9993560314178467],12,2.304741621017456],[[753.1034545898438,228.5868377685547,45.72834014892578,-0.9966245889663696,0.003100224072113633,0.08203545957803726,0.00307435798458755,0.9999951720237732,-0.0004416193114593625,-0.08203643560409546,-0.0001879222982097417,-0.9966292977333069],12,2.3225674629211427],[[753.1035766601563,228.726806640625,45.72865295410156,-0.992855429649353,0.0003104247443843633,0.11932332813739777,0.00031260339892469347,0.9999999403953552,-4.5895399125583938e-7,-0.11932332068681717,0.000036845201975665989,-0.992855429649353],12,2.337782621383667],[[753.10400390625,228.9134521484375,45.72865295410156,-0.9922513365745544,-0.00044143377454020083,0.12424593418836594,-0.00043467513751238585,0.9999998807907105,0.00008150567737175152,-0.12424596399068833,0.0000268674994003959,-0.992251455783844],12,2.354930877685547],[[753.1041259765625,229.14675903320313,45.72865295410156,-0.991765558719635,-0.0000882813474163413,0.12806658446788789,-0.00008760921627981588,1,0.000010881353773584124,-0.12806658446788789,-4.2806115629900889e-7,-0.991765558719635],12,2.3714635372161867],[[753.1041259765625,229.2867431640625,45.72865295410156,-0.9913061857223511,0.000011645489394140896,0.13157518208026887,0.000011208325304323808,1,-0.000004063130290887784,-0.13157518208026887,-0.000002553068725319463,-0.9913061857223511],12,2.387812852859497],[[753.1041259765625,229.473388671875,45.72865295410156,-0.9906026721000671,0.000020507253793766723,0.13677114248275758,0.000020200046492391267,1,-0.0000036340504721010804,-0.13677114248275758,-8.3711654497165e-7,-0.9906026721000671],12,2.4048564434051515],[[753.1041259765625,229.70669555664063,45.72865295410156,-0.9898722171783447,0.0000016209747855100432,0.14196130633354188,0.0000016254178945018794,1,-8.466212619850921e-8,-0.14196130633354188,1.4694175831664325e-7,-0.9898722171783447],12,2.4218533039093019],[[753.1041259765625,229.8466796875,45.72865295410156,-0.9896230101585388,-0.0000013273863714857726,0.1436881572008133,-0.0000012972993772564224,1,3.0308078180496525e-7,-0.1436881572008133,1.1352916828855087e-7,-0.9896230101585388],12,2.4365687370300295],[[753.1041259765625,230.07998657226563,45.72865295410156,-0.9896226525306702,-5.462359808916517e-7,0.14369075000286103,-5.406387231232657e-7,1,7.799830115118312e-8,-0.14369075000286103,-4.959032073870162e-10,-0.9896226525306702],12,2.455059051513672],[[753.1041259765625,230.219970703125,45.72865295410156,-0.9896225929260254,-4.1689030894076498e-8,0.14369098842144013,-4.3569798435783017e-8,1,-9.942356271608333e-9,-0.14369098842144013,-1.6099768629374013e-8,-0.9896225929260254],12,2.469942331314087],[[753.1041259765625,230.4066162109375,45.72865295410156,-0.9896228313446045,9.884994511821788e-8,0.1436893343925476,9.696024960703653e-8,1,-2.015366540319974e-8,-0.1436893343925476,-6.0123737100070688e-9,-0.9896228313446045],12,2.487468957901001],[[753.1041259765625,230.59326171875,45.72865295410156,-0.9896227717399597,8.373262261329728e-8,0.1436898112297058,8.342251334170214e-8,1,-8.182910349319173e-9,-0.1436898112297058,3.888971367160821e-9,-0.9896227717399597],12,2.5026230812072756],[[753.1041259765625,230.7799072265625,45.72865295410156,-0.9903618693351746,6.864743795631512e-8,0.13850416243076325,6.983388090020526e-8,1,3.706601026109979e-9,-0.13850416243076325,1.3343159466217003e-8,-0.9903618693351746],12,2.5209803581237795],[[753.1047973632813,230.9478759765625,45.71715545654297,-0.9932830333709717,0.009663792327046395,0.11530569940805435,0.007098475471138954,0.9997185468673706,-0.022637879475951196,-0.11549200862646103,-0.021667327731847764,-0.9930720925331116],12,2.5378167629241945],[[753.1046752929688,231.09849548339845,45.69343948364258,-0.996563732624054,0.020438343286514283,0.08026815205812454,0.016000475734472276,0.9983278512954712,-0.05554721876978874,-0.08126921951770783,-0.05407201871275902,-0.9952243566513062],12,2.5543875694274904],[[753.104736328125,231.2858428955078,45.661170959472659,-0.9985936284065247,0.024846151471138,0.046834610402584079,0.021268144249916078,0.9969261884689331,-0.07540463656187058,-0.04856416583061218,-0.07430250197649002,-0.9960525631904602],12,2.574127197265625],[[753.1061401367188,231.42257690429688,45.611846923828128,-0.9992280006408691,0.026271479204297067,0.029208842664957048,0.023747039958834649,0.996212363243103,-0.08364806324243546,-0.0312957689166069,-0.0828898698091507,-0.9960671663284302],12,2.596698045730591],[[753.1080322265625,231.5168914794922,45.54762649536133,-0.9990692734718323,0.027569377794861795,0.03317466378211975,0.024693792685866357,0.9961454272270203,-0.0841696634888649,-0.035367291420698169,-0.08327211439609528,-0.9958990216255188],12,2.6041998863220217],[[753.1117553710938,231.6558837890625,45.451507568359378,-0.9996499419212341,0.024184951558709146,0.010725022293627262,0.023339128121733667,0.9970592260360718,-0.0729946717619896,-0.012458855286240578,-0.07271880656480789,-0.99727463722229],12,2.6204779148101808],[[753.1160278320313,231.83563232421876,45.29618453979492,-0.999866783618927,0.01109596062451601,0.01197163388133049,0.010395968332886696,0.9983184337615967,-0.057028014212846759,-0.012584283016622067,-0.05689596012234688,-0.9983007907867432],12,2.6386263370513918],[[753.1210327148438,231.9503631591797,45.191925048828128,-0.9997142553329468,0.008603665977716446,0.02230185456573963,0.0076412176713347439,0.9990506768226624,-0.042887132614851,-0.022649670019745828,-0.042704466730356219,-0.9988309741020203],12,2.654292106628418],[[753.1270141601563,232.11932373046876,45.07333755493164,-0.9999178051948547,0.007477146573364735,0.010413948446512223,0.007230992894619703,0.9996982216835022,-0.023477230221033098,-0.010586348362267018,-0.023399997502565385,-0.999670147895813],12,2.671031951904297],[[753.1174926757813,232.22305297851563,44.912376403808597,-0.9999232888221741,0.004060843028128147,0.011700442992150784,0.00394284725189209,0.9999412894248962,-0.010090219788253308,-0.011740731075406075,-0.010043312795460225,-0.9998806118965149],8,2.6888723373413088],[[753.0811157226563,232.25070190429688,44.71360397338867,-0.9958372116088867,0.0076798913069069389,0.09082523733377457,0.006223069969564676,0.9998475909233093,-0.016312163323163987,-0.09093666821718216,-0.015679048374295236,-0.9957332611083984],5,2.7063071727752687],[[753.04833984375,232.2313232421875,44.646812438964847,-0.9969789981842041,0.007342929020524025,0.07732397317886353,0.005902289878576994,0.9998050332069397,-0.01884329691529274,-0.07744725793600083,-0.018329983577132226,-0.9968279600143433],5,2.721123695373535],[[752.9923095703125,232.14601135253907,44.511478424072269,-0.9951997399330139,0.005665300879627466,0.09770075231790543,0.0030129316728562118,0.9996234774589539,-0.02727408893406391,-0.09781847894191742,-0.026848800480365754,-0.9948420524597168],5,2.7377047538757326],[[752.9228515625,232.00477600097657,44.395477294921878,-0.9952361583709717,0.0036487476900219919,0.09742503613233566,0.0005714448052458465,0.999500572681427,-0.03159560263156891,-0.09749166667461395,-0.03138941153883934,-0.9947412014007568],5,2.754488945007324],[[752.8397216796875,231.803955078125,44.299072265625,-0.9950000643730164,0.002210284350439906,0.09984999895095825,-0.0006911683594807982,0.9995787739753723,-0.02901417948305607,-0.09987206757068634,-0.02893812395632267,-0.9945793747901917],5,2.7711222171783449],[[752.7401123046875,231.56698608398438,44.295616149902347,-0.9935218691825867,-0.00034031702671200037,0.11364048719406128,-0.0017398289637640119,0.9999238848686218,-0.012216306291520596,-0.1136276796460151