[[[776,222.69961547851563,47,1,2.736450710472127e-8,-3.064311516798356e-15,-2.736450710472127e-8,1,-1.0809029227232259e-8,2.768527823375391e-15,1.0809029227232259e-8,1],8,0.03510689735412598],[[776,222.69961547851563,47,1,-9.857054550366229e-8,-5.776850250602001e-15,9.857054550366229e-8,1,3.893567424029243e-8,1.938939519669793e-15,-3.893567424029243e-8,1],8,0.07097339630126953],[[776,222.69961547851563,47,1,-7.959290826420329e-8,-5.222303709265241e-15,7.959290826420329e-8,1,3.1439441272596017e-8,2.719947095718568e-15,-3.1439441272596017e-8,1],8,0.07828688621520996],[[776,222.69961547851563,47,1,-5.430830540831266e-8,-4.659251686588628e-15,5.430830540831266e-8,1,2.1451937115557486e-8,3.49423346533088e-15,-2.1451937115557486e-8,1],8,0.09571719169616699],[[776,222.69961547851563,47,1,-2.904531193337334e-8,-4.340966774680089e-15,2.904531193337334e-8,1,1.1472963024061756e-8,4.007730884219565e-15,-1.1472963024061756e-8,1],8,0.11069130897521973],[[776,222.69961547851563,47,-0.15666595101356507,4.451830548646285e-8,-0.9876516461372376,2.1660381932520069e-8,1,4.1639037107188417e-8,0.9876516461372376,-1.4869491415936409e-8,-0.15666595101356507],8,0.13091087341308595],[[776,222.69961547851563,47,-0.08223066478967667,6.180050604598364e-8,-0.9966133236885071,1.5321589330596909e-8,1,6.074633063235524e-8,0.9966133236885071,-1.0274488815298355e-8,-0.08223066478967667],8,0.1539170742034912],[[776,222.69961547851563,47,-0.22380505502223969,1.0028703201214739e-7,-0.9746339321136475,6.691939891112497e-9,1,1.0136045602848753e-7,0.9746339321136475,1.6162791993679094e-8,-0.22380505502223969],8,0.1687331199645996],[[776,222.69961547851563,47,-0.31464704871177676,1.0652045290271417e-7,-0.9492087364196777,2.953247646431123e-9,1,1.1124130594453163e-7,0.9492087364196777,3.2198499866353816e-8,-0.31464704871177676],8,0.1860213279724121],[[776,222.69961547851563,47,-0.562944233417511,3.145056126641066e-8,-0.8264948725700378,-1.830055929019636e-8,1,5.0517865446408908e-8,0.8264948725700378,4.356406080319175e-8,-0.562944233417511],8,0.21119070053100587],[[776,222.69961547851563,47,-0.6062283515930176,8.243029370191835e-9,-0.7952906489372253,-2.6800794472592316e-8,1,3.079431465380367e-8,0.7952906489372253,3.9982808175409448e-8,-0.6062283515930176],8,0.22007465362548829],[[776,222.69961547851563,47,-0.6610039472579956,-1.5539786346607799e-8,-0.7503824234008789,-3.6790069657399729e-8,1,1.1698826796191497e-8,0.7503824234008789,3.533959258561481e-8,-0.6610039472579956],8,0.2320713996887207],[[776,222.69961547851563,47,-0.7112812399864197,-5.984830409033748e-8,-0.7029075026512146,-5.939267211374499e-8,1,-2.5043709328542719e-8,0.7029075026512146,2.3934433102112963e-8,-0.7112812399864197],8,0.24268102645874024],[[776,222.69961547851563,47,-0.8055282831192017,-8.357840641792791e-8,-0.5925573110580444,-7.327766127218638e-8,1,-4.14325747044586e-8,0.5925573110580444,1.0046105280991924e-8,-0.8055282831192017],8,0.2537412643432617],[[776,222.69961547851563,47,-0.8455182313919067,-1.0746008882733804e-7,-0.5339465737342835,-8.842587817525782e-8,1,-6.123158868831524e-8,0.5339465737342835,-4.557733301879807e-9,-0.8455182313919067],8,0.2692267894744873],[[776,222.69961547851563,47,-0.9181176424026489,-6.598761359555283e-8,-0.396308034658432,-5.045016848725936e-8,1,-4.962914346151592e-8,0.396308034658432,-2.5571585737793613e-8,-0.9181176424026489],8,0.2949223518371582],[[776,222.69961547851563,47,-0.9868817925453186,-1.8743481433602939e-8,-0.16144467890262605,-1.1224560836353703e-8,1,-4.748478588112448e-8,0.16144467890262605,-4.504972395125151e-8,-0.9868817925453186],8,0.3153681755065918],[[776,222.69961547851563,47,-0.9989767670631409,2.992829095660454e-8,0.045225925743579867,2.7512323086398284e-8,1,-5.404242386930491e-8,-0.045225925743579867,-5.274285896916808e-8,-0.9989767670631409],8,0.3436460494995117],[[775.708251953125,222.69961547851563,46.991634368896487,-0.9707375168800354,8.655317884631586e-8,0.24014315009117127,7.148018710267934e-8,1,-7.147686886810334e-8,-0.24014315009117127,-5.221980003966564e-8,-0.9707375168800354],8,0.3583235740661621],[[775.44775390625,222.69961547851563,46.93993377685547,-0.9554498195648193,1.0396107796850629e-7,0.29515352845191958,8.613514523858612e-8,1,-7.339661323157998e-8,-0.29515352845191958,-4.470368963893634e-8,-0.9554498195648193],8,0.3838481903076172],[[775.128173828125,222.69961547851563,46.84562683105469,-0.9385952353477478,6.063102375719609e-8,0.34502023458480837,5.298834793165952e-8,1,-3.158194772368006e-8,-0.34502023458480837,-1.1360612894861788e-8,-0.9385952353477478],8,0.39321422576904299],[[774.9397583007813,222.69961547851563,46.77873229980469,-0.9234747290611267,3.375812696049252e-8,0.38365933299064639,3.4191241837788769e-8,1,-5.690933058133396e-9,-0.38365933299064639,7.86235609950836e-9,-0.9234747290611267],8,0.4048154354095459],[[774.69287109375,222.69961547851563,46.678070068359378,-0.9166418313980103,-2.7462150331558634e-9,0.399709552526474,9.753447827165474e-9,1,2.9237813947702308e-8,-0.399709552526474,3.069914811248964e-8,-0.9166418313980103],8,0.42023372650146487],[[774.5704345703125,222.69961547851563,46.6253547668457,-0.9065980315208435,-2.166517454327277e-8,0.42199528217315676,-2.027364720547098e-9,1,4.6984343526901287e-8,-0.42199528217315676,4.174037471216252e-8,-0.9065980315208435],8,0.4312295913696289],[[774.4491577148438,222.69961547851563,46.56993865966797,-0.9028739333152771,-4.0190936800854618e-8,0.42990538477897646,-1.364761548217075e-8,1,6.482557068920869e-8,-0.42990538477897646,5.266213420895838e-8,-0.9028739333152771],8,0.44144630432128909],[[774.2684326171875,222.69961547851563,46.4843864440918,-0.9006117582321167,-6.769393934291657e-8,0.4346245527267456,-3.092847578045621e-8,1,9.16639208980996e-8,-0.4346245527267456,6.911132999221081e-8,-0.9006117582321167],8,0.4523632526397705],[[774.0881958007813,222.69961547851563,46.39765930175781,-0.8983169198036194,-6.896276971701809e-8,0.4393480122089386,-3.4394279424532218e-8,1,8.664157746807177e-8,-0.4393480122089386,6.272053809652789e-8,-0.8983169198036194],8,0.4660623073577881],[[773.908447265625,222.69961547851563,46.30997848510742,-0.8983187079429627,-5.672114156141106e-8,0.4393443763256073,-3.1028513092223878e-8,1,6.566067867197489e-8,-0.4393443763256073,4.5352013700039609e-8,-0.8983187079429627],8,0.4750525951385498],[[773.7886962890625,222.69961547851563,46.25141143798828,-0.8983177542686462,-4.8564682941787399e-8,0.4393463134765625,-2.878589278054733e-8,1,5.168088179630104e-8,-0.4393463134765625,3.377887836109039e-8,-0.8983177542686462],8,0.48717522621154787],[[773.6090698242188,222.69961547851563,46.163543701171878,-0.8983191251754761,-3.633627798649286e-8,0.43934354186058047,-2.5423696925486184e-8,1,3.072239351809003e-8,-0.43934354186058047,1.642877656138353e-8,-0.8983191251754761],8,0.4986748695373535],[[773.4893188476563,222.69961547851563,46.10496520996094,-0.896780252456665,-2.8245551675354365e-8,0.44247618317604067,-2.323218417643602e-8,1,1.6749797993043104e-8,-0.44247618317604067,4.7411998771451639e-9,-0.896780252456665],8,0.5107216835021973],[[773.1902465820313,222.69961547851563,45.95759582519531,-0.8952304720878601,-7.907533294826408e-9,0.44560346007347109,-1.7879354885508293e-8,1,-1.817447703444941e-8,-0.44560346007347109,-2.4237447604491537e-8,-0.8952304720878601],8,0.534916877746582],[[772.7723999023438,222.69961547851563,45.74977111816406,-0.8848827481269836,2.1104423097995096e-8,0.4658137857913971,-1.1505599140093637e-8,1,-6.716316391930377e-8,-0.4658137857913971,-6.47909956796866e-8,-0.8848827481269836],8,0.5550539493560791],[[772.654052734375,222.69961547851563,45.688358306884769,-0.8840664625167847,2.9341247653746906e-8,0.4673612117767334,-9.71074776145997e-9,1,-8.114964344940745e-8,-0.4673612117767334,-7.628010223470483e-8,-0.8840664625167847],8,0.5657434463500977],[[772.4771118164063,222.69961547851563,45.59505081176758,-0.884066104888916,4.152005317337171e-8,0.46736183762550356,-7.019921088868841e-9,1,-1.0211815038019268e-7,-0.46736183762550356,-9.356003971561222e-8,-0.884066104888916],8,0.5754709243774414],[[772.3591918945313,222.69961547851563,45.532745361328128,-0.8840654492378235,4.963501609722698e-8,0.4673630893230438,-5.227015265063528e-9,1,-1.1608969430199068e-7,-0.4673630893230438,-1.0507380210356132e-7,-0.8840654492378235],8,0.5867040157318115],[[772.1823120117188,222.69961547851563,45.439273834228519,-0.887307345867157,4.481618631757556e-8,0.4611785113811493,-2.139555865809939e-9,1,-1.0129402738812132e-7,-0.4611785113811493,-9.086565455618256e-8,-0.887307345867157],8,0.5985455513000488],[[772.0049438476563,222.69961547851563,45.346805572509769,-0.8913012742996216,3.1817368295605777e-8,0.4534115195274353,7.873589558116123e-10,1,-6.86255035020622e-8,-0.4534115195274353,-6.080900050164928e-8,-0.8913012742996216],8,0.6131653785705566],[[771.8268432617188,222.69961547851563,45.25581741333008,-0.9036182761192322,1.791072890000578e-8,0.4283386766910553,2.799339648973387e-9,1,-3.590895403249306e-8,-0.4283386766910553,-3.124892344885666e-8,-0.9036182761192322],8,0.6252613067626953],[[771.5863647460938,222.69961547851563,45.14059829711914,-0.9214619994163513,2.802060250495231e-10,0.388468474149704,3.5738365600224144e-9,1,7.755966535683001e-9,-0.388468474149704,8.535151252431206e-9,-0.9214619994163513],8,0.6408820152282715],[[771.4027709960938,222.69961547851563,45.06137466430664,-0.9313168525695801,-1.1673899180664194e-8,0.36421000957489016,3.297305983807064e-9,1,4.0484160024334417e-8,-0.36421000957489016,3.8904492072333599e-8,-0.9313168525695801],8,0.654106616973877],[[771.0927124023438,222.69961547851563,44.938926696777347,-0.9570408463478088,-2.8861288470238834e-8,0.2899530827999115,-1.4414376359184189e-9,1,9.478007001462174e-8,-0.2899530827999115,9.029044889530269e-8,-0.9570408463478088],8,0.6746656894683838],[[770.9022827148438,222.69961547851563,44.878116607666019,-0.9670261740684509,-3.19125526004882e-8,0.2546769082546234,-4.411599530129706e-9,1,1.0855486465288777e-7,-0.2546769082546234,1.0385186755001996e-7,-0.9670261740684509],8,0.6857626438140869],[[770.709228515625,222.69961547851563,44.8256950378418,-0.9696423411369324,-2.564966017359893e-8,0.24452757835388184,-5.010211800993147e-9,1,8.502740911353612e-8,-0.24452757835388184,8.122103878349663e-8,-0.9696423411369324],8,0.6972737312316895],[[770.5800170898438,222.69961547851563,44.79267501831055,-0.9717414975166321,-2.1492544632906175e-8,0.2360476851463318,-5.272108527520913e-9,1,6.934793361779157e-8,-0.2360476851463318,6.61437908888729e-8,-0.9717414975166321],8,0.7077851295471191],[[770.3858032226563,222.69961547851563,44.745079040527347,-0.973766565322876,-1.574672481297057e-8,0.22754928469657899,-5.459369400995229e-9,1,4.583874613217631e-8,-0.22754928469657899,4.339396397767814e-8,-0.973766565322876],8,0.7193751335144043],[[770.191162109375,222.69961547851563,44.69922637939453,-0.9741639494895935,-1.050680076275512e-8,0.22584205865859986,-5.605329533864278e-9,1,2.2344334382751186e-8,-0.22584205865859986,2.0501126130056947e-8,-0.9741639494895935],8,0.7321934700012207],[[769.996337890625,222.69961547851563,44.65397644042969,-0.9749490022659302,-5.274402248289789e-9,0.222428560256958,-5.668957303583966e-9,1,-1.135383675965329e-9,-0.222428560256958,-2.3678792260284355e-9,-0.9749490022659302],8,0.7426357269287109],[[769.801513671875,222.67919921875,44.608802795410159,-0.9753327965736389,-1.2127768234115877e-10,0.22073949873447419,-5.691901172610869e-9,1,-2.4600128156748725e-8,-0.22073949873447419,-2.5249740076560557e-8,-0.9753327965736389],8,0.7569780349731445],[[769.541748046875,223.5523223876953,44.54857635498047,-0.9768491387367249,6.573706912149646e-9,0.2139292061328888,-5.5043485325256828e-9,1,-5.5862521719518557e-8,-0.2139292061328888,-5.5746799176858988e-8,-0.9768491387367249],3,0.7790429592132568],[[769.1510620117188,224.76492309570313,44.462528228759769,-0.939460813999176,1.792183290660887e-8,0.34265637397766116,-1.7775798610841777e-8,1,-1.010385304311967e-7,-0.34265637397766116,-1.0101273062446126e-7,-0.939460813999176],5,0.8200969696044922],[[768.6932983398438,226.02462768554688,44.371456146240237,-0.9277819991111755,2.0630183783509893e-8,0.3731226921081543,-3.961748973324575e-8,1,-1.538008262969015e-7,-0.3731226921081543,-1.5747582438052633e-7,-0.9277819991111755],5,0.8294479846954346],[[768.495849609375,226.51341247558595,44.33974838256836,-0.9724829196929932,-7.598389473173484e-9,0.2329740822315216,-3.821525851321894e-8,1,-1.2690379946889153e-7,-0.2329740822315216,-1.3231495188392729e-7,-0.9724829196929932],5,0.8384466171264648],[[768.3638305664063,226.82223510742188,44.32115936279297,-0.9827273488044739,-1.6560475657456665e-8,0.18505947291851045,-3.750048094275371e-8,1,-1.0965271712848335e-7,-0.18505947291851045,-1.1469853689050069e-7,-0.9827273488044739],5,0.8489456176757813],[[768.1653442382813,227.25991821289063,44.296630859375,-0.9793187379837036,-1.8049805206032944e-8,0.20232340693473817,-3.592464636881232e-8,1,-8.467569756476223e-8,-0.20232340693473817,-9.019289848311019e-8,-0.9793187379837036],5,0.85965895652771],[[767.9664916992188,227.6669464111328,44.27528381347656,-0.9839717745780945,-2.3026176521057097e-8,0.178324356675148,-3.4376597568552827e-8,1,-6.056055923409076e-8,-0.178324356675148,-6.572006583382972e-8,-0.9839717745780945],5,0.871387243270874],[[767.8336791992188,227.9212646484375,44.263851165771487,-0.9905973672866821,-2.6982505119121926e-8,0.1368095427751541,-3.343276233636061e-8,1,-4.484994420295152e-8,-0.1368095427751541,-4.900216055148121e-8,-0.9905973672866821],5,0.8831832408905029],[[767.63427734375,228.27720642089845,44.2492790222168,-0.9869362711906433,-2.746761040839374e-8,0.16111095249652863,-3.138185178386266e-8,1,-2.175071145416041e-8,-0.16111095249652863,-2.6522526397343428e-8,-0.9869362711906433],5,0.8930244445800781],[[767.501220703125,228.49746704101563,44.2407112121582,-0.9917552471160889,-2.8877625624090798e-8,0.1281464695930481,-2.996493364548769e-8,1,-6.5569829565959029e-9,-0.1281464695930481,-1.0342822598374824e-8,-0.9917552471160889],5,0.9033298492431641],[[767.3016357421875,228.80230712890626,44.228294372558597,-0.9869363307952881,-2.923363062734552e-8,0.1611107885837555,-2.7015252257456269e-8,1,1.5959805921283988e-8,-0.1611107885837555,1.1398863186684594e-8,-0.9869363307952881],5,0.9146976470947266],[[767.1685791015625,228.98851013183595,44.22004699707031,-0.9917552471160889,-2.875123605861063e-8,0.12814655900001527,-2.4995467029498287e-8,1,3.0916556426063838e-8,-0.12814655900001527,2.745857408115171e-8,-0.9917552471160889],5,0.9241955280303955],[[767.0355224609375,229.16107177734376,44.21179962158203,-0.9917552471160889,-2.8421892395158467e-8,0.12814654409885407,-2.2732148607929049e-8,1,4.5862840636345939e-8,-0.12814654409885407,4.257166708043769e-8,-0.9917552471160889],5,0.9347093105316162],[[766.8359375,229.39439392089845,44.19942855834961,-0.9869363307952881,-2.9259213718546563e-8,0.16111087799072267,-1.850042430362464e-8,1,6.827890075555843e-8,-0.16111087799072267,6.440630784254609e-8,-0.9869363307952881],5,0.9480526447296143],[[766.6363525390625,229.5970458984375,44.18705749511719,-0.9866502285003662,-2.8275726648985257e-8,0.16285386681556703,-1.3658502773239434e-8,1,9.087633401350104e-8,-0.16285386681556703,8.743881352302196e-8,-0.9866502285003662],5,0.9596498012542725],[[766.3702392578125,229.81956481933595,44.170166015625,-0.9792898297309876,-3.001314752282269e-8,0.20246344804763795,-5.561679561338906e-9,1,1.2133870086472599e-7,-0.20246344804763795,1.1769972019237685e-7,-0.9792898297309876],5,0.9724514484405518],[[766.170654296875,229.95068359375,44.15631866455078,-0.9789619445800781,-2.788617514681846e-8,0.20404279232025147,1.6519501322420638e-9,1,1.4459403985256359e-7,-0.20404279232025147,1.4188914576607204e-7,-0.9789619445800781],5,0.9852001667022705],[[765.9716796875,230.05116271972657,44.13657760620117,-0.9651246666908264,-3.3436332813607808e-8,0.26179075241088869,1.0897431401701852e-8,1,1.6789634571523494e-7,-0.26179075241088869,1.648937484333146e-7,-0.9651246666908264],5,0.9988031387329102],[[765.7740478515625,230.1209716796875,44.106143951416019,-0.9543535113334656,-2.3345107180716697e-8,0.29867932200431826,1.855904407932485e-8,1,1.37461796612115e-7,-0.29867932200431826,1.3673034970906884e-7,-0.9543535113334656],5,1.0107862949371338],[[765.577880859375,230.16012573242188,44.06731033325195,-0.9266502857208252,-1.904496116367227e-8,0.3759244978427887,2.2950235489815897e-8,1,1.0723377386057109e-7,-0.3759244978427887,1.0799576699582758e-7,-0.9266502857208252],5,1.0248587131500245],[[765.006591796875,230.09365844726563,44.05791091918945,-0.829743504524231,-2.411830957171901e-9,0.5581448674201965,1.2052704612131038e-8,1,2.223882233920449e-8,-0.5581448674201965,2.5179673457387254e-8,-0.829743504524231],5,1.0633487701416016],[[764.7600708007813,229.97555541992188,44.1177978515625,-0.8113471865653992,8.888197733369907e-9,0.5845646262168884,1.5363651462152462e-9,1,-1.3072416926718234e-8,-0.5845646262168884,-9.708163162258643e-9,-0.8113471865653992],5,1.086103916168213],[[764.4387817382813,229.75128173828126,44.20065689086914,-0.7563217282295227,2.3686101968678487e-8,0.6541998386383057,-1.6099487964993388e-8,1,-5.481886589109308e-8,-0.6541998386383057,-5.199298414026998e-8,-0.7563217282295227],5,1.1072473526000977],[[764.1773071289063,229.51055908203126,44.252986907958987,-0.7158803939819336,3.6089300436970009e-8,0.6982228755950928,-3.351308919263829e-8,1,-8.604797585576307e-8,-0.6982228755950928,-8.499966241970469e-8,-0.7158803939819336],5,1.1157562732696534],[[763.9791259765625,229.29425048828126,44.278926849365237,-0.7119464874267578,4.2212029427446399e-8,0.7022337317466736,-4.77870720771989e-8,1,-1.0855910659302026e-7,-0.7022337317466736,-1.1084596707178207e-7,-0.7119464874267578],5,1.1257436275482178],[[763.7799072265625,229.0472869873047,44.29628372192383,-0.6933183073997498,4.988224588942103e-8,0.72063148021698,-6.332528812436067e-8,1,-1.3014532385113854e-7,-0.72063148021698,-1.3586632974238456e-7,-0.6933183073997498],5,1.1379919052124024],[[763.6468505859375,228.8656005859375,44.30467987060547,-0.682693600654602,5.449580342542504e-8,0.7307047843933106,-7.432593918110797e-8,1,-1.4402210979369557e-7,-0.7307047843933106,-1.5263329089520995e-7,-0.682693600654602],5,1.149207592010498],[[763.4469604492188,228.56753540039063,44.30956268310547,-0.6515382528305054,4.4487364903034179e-8,0.7586157917976379,-6.798573082278381e-8,1,-1.1703245661465189e-7,-0.7586157917976379,-1.2782616920503643e-7,-0.6515382528305054],5,1.1605165004730225],[[763.1137084960938,228.0026397705078,44.31040573120117,-0.5877186059951782,2.9155184932960766e-8,0.8090654015541077,-5.3956462409132658e-8,1,-7.523050982172208e-8,-0.8090654015541077,-8.786867766730211e-8,-0.5877186059951782],5,1.1828234195709229],[[762.9137573242188,227.62283325195313,44.305389404296878,-0.622612476348877,1.174821928628944e-8,0.7825303077697754,-4.5523005809400277e-8,1,-5.123304447351984e-8,-0.7825303077697754,-6.752146219923816e-8,-0.622612476348877],5,1.1962947845458985],[[762.656005859375,227.0687255859375,44.32079315185547,-0.6536486148834229,-2.6877360337351776e-9,0.7567982077598572,-3.093351708116643e-8,1,-2.316590475004432e-8,-0.7567982077598572,-3.855279118170074e-8,-0.6536486148834229],5,1.2122459411621094],[[762.4718017578125,226.61737060546876,44.35676193237305,-0.6735835075378418,-1.1134597244222278e-8,0.7391111254692078,-1.96070857327868e-8,1,-2.8039259802881135e-9,-0.7391111254692078,-1.638049340613179e-8,-0.6735835075378418],5,1.235046148300171],[[762.1820678710938,225.79701232910157,44.46324920654297,-0.6708207726478577,-2.3253466707728877e-8,0.7416195273399353,-5.320016649434933e-10,1,3.087376754251636e-8,-0.7416195273399353,2.0316221593930096e-8,-0.6708207726478577],5,1.2444651126861573],[[762.0184326171875,225.263916015625,44.55512237548828,-0.6671794652938843,-3.066128329010098e-8,0.7448970079421997,1.0993329802033714e-8,1,5.1008132828656019e-8,-0.7448970079421997,4.2220477780574586e-8,-0.6671794652938843],5,1.2567040920257569],[[762.0027465820313,224.72930908203126,44.55879211425781,-0.6304423213005066,0.03546779975295067,0.775425374507904,0.0039281765930354599,0.9990885853767395,-0.042504388839006427,-0.7762261629104614,-0.023750558495521547,-0.6300070285797119],5,1.2685747146606446],[[762.0413208007813,224.37356567382813,44.544219970703128,-0.638087272644043,0.034019943326711658,0.7692121267318726,0.004694267641752958,0.9991767406463623,-0.040296535938978198,-0.769949734210968,-0.02210182137787342,-0.6377216577529907],5,1.3053317070007325],[[762.0870971679688,222.60421752929688,44.568275451660159,-0.6389309167861939,0.0016728652408346534,0.7692623138427734,0.0004076490586157888,0.9999982118606567,-0.0018360482063144446,-0.7692640423774719,-0.0008595188846811652,-0.6389304399490356],5,1.316175937652588],[[762.0847778320313,222.56507873535157,44.57715606689453,-0.6446102261543274,-0.00001655067717365455,0.7645113468170166,0.0000652376256766729,1,0.00007665486918995157,-0.7645113468170166,0.00009928741928888485,-0.6446102261543274],12,1.3258721828460694],[[762.0845336914063,222.6845245361328,44.57884216308594,-0.644465982913971,-0.0006153886788524687,0.7646327614784241,-0.00009520362073089927,0.9999997615814209,0.0007245739689096808,-0.7646329998970032,0.0003941674658562988,-0.6444658637046814],12,1.3371548652648926],[[762.0845947265625,222.82345581054688,44.57888412475586,-0.6443840861320496,-0.0003447258786763996,0.7647019028663635,-0.00006677292549284175,0.9999999403953552,0.0003945307689718902,-0.7647019624710083,0.00020316797599662095,-0.6443840861320496],12,1.3477392196655274],[[762.0846557617188,222.91673278808595,44.57889175415039,-0.6443672180175781,-0.0001440854393877089,0.7647162079811096,-0.00003238892895751633,1,0.0001611252228030935,-0.7647162079811096,0.00007905546226538718,-0.6443671584129334],12,1.3580710887908936],[[762.084716796875,223.0567169189453,44.57890701293945,-0.6443653106689453,0.0000095619825515314,0.7647178173065186,-0.0000017235682889804594,1,-0.000013956246220914182,-0.7647178173065186,-0.000010310965080861934,-0.6443653106689453],12,1.3699541091918946],[[762.084716796875,223.1967010498047,44.57891845703125,-0.6443641185760498,0.000033976026315940547,0.7647188305854797,0.000005447330750030233,1,-0.00003983942588092759,-0.7647188305854797,-0.000021505420590983705,-0.6443641185760498],12,1.3819854259490967],[[762.084716796875,223.33668518066407,44.578922271728519,-0.6443639397621155,0.000017316764569841326,0.7647189497947693,0.0000034220881843793906,1,-0.00001976110797841102,-0.7647189497947693,-0.000010116409612237476,-0.6443639397621155],12,1.3924000263214112],[[762.084716796875,223.4300079345703,44.57892608642578,-0.6443639397621155,0.0000066666584643826358,0.7647189497947693,0.0000015538403204118368,1,-0.0000074084991865674969,-0.7647189497947693,-0.0000035855186979460997,-0.6443639397621155],12,1.404317855834961],[[762.084716796875,223.6166534423828,44.57892608642578,-0.6430302262306213,-0.0000017035416703947704,0.7658408284187317,-1.8702961313010747e-7,1,0.000002067369678115938,-0.7658408284187317,0.0000011861461644002703,-0.6430302262306213],12,1.4189867973327637],[[762.084716796875,223.64317321777345,44.57892608642578,-0.6430302262306213,-0.00000157025260705268,0.7658408284187317,-2.764120665688097e-7,1,0.0000018182777239417192,-0.7658408284187317,9.575198873790214e-7,-0.6430302262306213],12,1.435849666595459],[[762.084716796875,223.64462280273438,44.57892608642578,-0.6430302262306213,-3.01947409298009e-7,0.7658408284187317,-8.561850250998759e-8,1,3.223804867502622e-7,-0.7658408284187317,1.4173025419950137e-7,-0.6430302262306213],12,1.4607799053192139],[[762.084716796875,223.64463806152345,44.57892608642578,-0.6430302262306213,1.0917384685171783e-7,0.7658408284187317,1.363200663462294e-8,1,-1.3110825136664062e-7,-0.7658408284187317,-7.386662304043057e-8,-0.6430302262306213],12,1.4703724384307862],[[762.084716796875,223.64463806152345,44.57892608642578,-0.6430302262306213,8.059832623530383e-8,0.7658408284187317,1.837007879146313e-8,1,-8.981737664726097e-8,-0.7658408284187317,-4.3686728901093377e-8,-0.6430302262306213],12,1.4808619022369385],[[762.084716796875,223.64463806152345,44.57892608642578,-0.6430302262306213,6.15581683405253e-8,0.7658408284187317,2.1527114313357744e-8,1,-6.230483506897144e-8,-0.7658408284187317,-2.3577547025865898e-8,-0.6430302262306213],12,1.492145299911499],[[762.084716796875,223.64463806152345,44.57892608642578,-0.643028199672699,3.301325435245417e-8,0.7658424973487854,2.626024908636282e-8,1,-2.1058079724411983e-8,-0.7658424973487854,6.570275434825135e-9,-0.643028199672699],12,1.5068333148956299],[[762.084716796875,223.64463806152345,44.57892608642578,-0.643028199672699,-1.4521041258319656e-8,0.7658424973487854,3.4142079385901528e-8,1,4.762775773770045e-8,-0.7658424973487854,5.677344816490404e-8,-0.643028199672699],12,1.5382978916168213],[[762.084716796875,223.64463806152345,44.57892608642578,-0.6268337965011597,-4.4866631299100848e-8,0.7791529893875122,2.4764233330643038e-8,1,7.750684716256728e-8,-0.7791529893875122,6.787903572558207e-8,-0.6268337965011597],12,1.5533461570739747],[[762.084716796875,223.64463806152345,44.57892608642578,-0.5301010608673096,-5.2918316839623e-8,0.8479344844818115,9.012730117774482e-9,1,6.804296504014929e-8,-0.8479344844818115,4.371185013951617e-8,-0.5301010608673096],12,1.566695213317871],[[762.084716796875,223.64463806152345,44.57892608642578,-0.43699103593826296,-5.7429801358921398e-8,0.8994658589363098,7.308075811174319e-10,1,6.420383158456389e-8,-0.8994658589363098,2.8713836641713898e-8,-0.43699103593826296],12,1.5771820545196534],[[762.084716796875,223.7581024169922,44.57892608642578,-0.16821914911270142,-6.349106485004086e-8,0.9857496023178101,-1.3002247278848245e-8,1,6.219007531171883e-8,-0.9857496023178101,-2.355399209008624e-9,-0.16821914911270142],12,1.5912754535675049],[[762.071533203125,223.89405822753907,44.50279998779297,-0.015692995861172677,-6.277861075432156e-8,0.999876856803894,-2.667934140276884e-8,1,6.236761151967585e-8,-0.999876856803894,-2.569732160395688e-8,-0.015692995861172677],8,1.6170945167541505],[[762.2178955078125,224.07107543945313,44.04302215576172,0.2785974442958832,-0.0007716543623246253,0.9604076743125916,0.00045599136501550674,0.9999996423721314,0.0006711900932714343,-0.9604078531265259,0.00025094576994888484,0.27859771251678469],8,1.6277215480804444],[[762.2282104492188,224.112548828125,43.845191955566409,0.24899886548519135,0.00006312675395747647,0.9685037732124329,-0.000013165261407266371,1,-0.00006179491902003065,-0.9685037732124329,0.0000026362597509432818,0.24899886548519135],8,1.6382241249084473],[[762.2473754882813,224.12315368652345,43.71461486816406,0.18344110250473023,0.00018961595196742564,0.9830306768417358,-0.00008658304432174191,1,-0.0001767320791259408,-0.9830306768417358,-0.000052693867473863068,0.18344110250473023],8,1.6502857208251954],[[762.2905883789063,224.98605346679688,43.45394515991211,-0.010752975009381771,0.00031439337180927396,0.9999421238899231,-0.0001490954600740224,0.9999999403953552,-0.0003160148626193404,-0.9999421834945679,-0.00015248492127284408,-0.010752927511930466],3,1.6661350727081299],[[762.3089599609375,225.988037109375,43.123565673828128,-0.21002674102783204,0.00012159640755271539,0.977695643901825,-0.00008021920075407252,1,-0.00014160294085741043,-0.977695643901825,-0.00010817036672960967,-0.21002672612667085],5,1.695232629776001],[[762.2838134765625,226.72830200195313,42.861358642578128,-0.3474296033382416,0.000010596663742035162,0.9377060532569885,-0.00003700396337080747,1,-0.00002501096787455026,-0.9377060532569885,-0.000043388390622567388,-0.3474296033382416],5,1.7032101154327393],[[762.2396850585938,227.24774169921876,42.670570373535159,-0.43052271008491518,-0.000010192121408181265,0.9025797247886658,-0.00001567724575579632,1,0.0000038143018628034044,-0.9025797247886658,-0.000012507820429163985,-0.43052271008491518],5,1.7157068252563477],[[762.1742553710938,227.7365264892578,42.48658752441406,-0.5134235620498657,-0.000009634735761210323,0.8581353425979614,-0.0000042914284676953688,1,0.000008659956620249432,-0.8581353425979614,7.635997008037521e-7,-0.5134235620498657],5,1.7265064716339112],[[762.119140625,228.04534912109376,42.36857986450195,-0.5778555274009705,-0.0000060186816881468989,0.8161390423774719,-5.252931032373454e-7,1,0.000007002652637311257,-0.8161390423774719,0.00000361780917046417,-0.5778555274009705],5,1.7378342151641846],[[762.019775390625,228.4830322265625,42.199825286865237,-0.621076226234436,-0.0000017997344912146219,0.7837501764297485,0.000001498793267273868,1,0.0000034840174976125128,-0.7837501764297485,0.0000033385199458280114,-0.621076226234436],5,1.749446153640747],[[761.9013061523438,228.8900604248047,42.04261779785156,-0.6546946167945862,1.2367370061383554e-7,0.7558934688568115,0.0000014277933360062889,1,0.0000010730281019277755,-0.7558934688568115,0.0000017817653770180187,-0.6546946167945862],5,1.7612214088439942],[[761.764892578125,229.2664337158203,41.8984260559082,-0.72176593542099,6.030208510310331e-7,0.6921372413635254,8.528006674168864e-7,1,1.8062294770970767e-8,-0.6921372413635254,6.032918236087426e-7,-0.72176593542099],5,1.773360252380371],[[761.56103515625,229.7205810546875,41.72743225097656,-0.7288942337036133,3.2321230492016186e-7,0.6846263408660889,2.2664919185899635e-7,1,-2.3079600453002059e-7,-0.6846263408660889,-1.3055860392796604e-8,-0.7288942337036133],5,1.8026232719421387],[[760.9658813476563,230.68846130371095,41.29928970336914,-0.6850478649139404,-1.1149070644478343e-7,0.7284980416297913,-9.469707862308496e-8,1,6.399286434088936e-8,-0.7284980416297913,-2.5148457538648473e-8,-0.6850478649139404],5,1.8382110595703126],[[760.7955932617188,230.8809051513672,41.19575881958008,-0.8780863881111145,-1.215533416143444e-7,0.478502094745636,-8.036702325853185e-8,1,1.0654948567889733e-7,-0.478502094745636,5.510386813512014e-8,-0.8780863881111145],5,1.8471684455871583],[[760.676025390625,230.99215698242188,41.13759994506836,-0.8989633917808533,-1.230469734991857e-7,0.43802374601364138,-7.110457289627448e-8,1,1.3498483042440058e-7,-0.43802374601364138,9.020093472145163e-8,-0.8989633917808533],5,1.857043743133545],[[760.4916381835938,231.1334991455078,41.060550689697269,-0.8903193473815918,-9.32734067760066e-8,0.45533663034439089,-4.048435542358675e-8,1,1.25685915008944e-7,-0.45533663034439089,9.346659624043241e-8,-0.8903193473815918],5,1.8685081005096436],[[760.36767578125,231.210693359375,41.0114631652832,-0.9165286421775818,-6.613129244215088e-8,0.39996907114982607,-1.999618426395955e-8,1,1.195197825154537e-7,-0.39996907114982607,1.0154544582974268e-7,-0.9165286421775818],5,1.8796930313110352],[[760.1798706054688,231.3009490966797,40.94278335571289,-0.9093526601791382,-3.580661456226153e-8,0.4160260856151581,1.0431314478864806e-8,1,1.0886903822893146e-7,-0.4160260856151581,1.0334004940659725e-7,-0.9093526601791382],5,1.8907122611999512],[[759.9908447265625,231.3605499267578,40.87751770019531,-0.9239933490753174,5.321884599673865e-10,0.3824084997177124,4.097383055068349e-8,1,9.76112204398305e-8,-0.3824084997177124,1.0586086318653543e-7,-0.9239933490753174],5,1.9047060012817383],[[759.7359619140625,231.39231872558595,40.79923629760742,-0.918507993221283,4.313747581363714e-8,0.39540237188339236,8.134037443596753e-8,1,7.985362771023574e-8,-0.39540237188339236,1.0550837714617956e-7,-0.918507993221283],5,1.916841745376587],[[759.6077880859375,231.38775634765626,40.762596130371097,-0.953340470790863,7.583300032365514e-8,0.3018972873687744,1.0203783062934235e-7,1,7.10300938067121e-8,-0.3018972873687744,9.852080751215908e-8,-0.953340470790863],5,1.9279489517211915],[[759.3545532226563,231.33778381347657,40.71452331542969,-0.9471378326416016,1.1777640906984743e-7,0.320826917886734,1.422309594545368e-7,1,5.278829462440626e-8,-0.320826917886734,9.562931069240222e-8,-0.9471378326416016],5,1.9446940422058106],[[759.1071166992188,231.23330688476563,40.705745697021487,-0.9568238258361816,1.1823974688240924e-7,0.2906685471534729,1.3112230590195396e-7,1,2.4843384238693035e-8,-0.2906685471534729,6.188386691974302e-8,-0.9568238258361816],5,1.9739320278167725],[[758.7482299804688,230.97439575195313,40.76603317260742,-0.9549403190612793,9.120935828832444e-8,0.29679790139198305,8.939319684486691e-8,1,-1.9690800101557217e-8,-0.29679790139198305,7.728174544752165e-9,-0.9549403190612793],5,1.9840936660766602],[[758.6324462890625,230.86085510253907,40.80561065673828,-0.9851970672607422,8.09668847523426e-8,0.17142564058303834,7.623921050026184e-8,1,-3.416197102978913e-8,-0.17142564058303834,-2.058691705997262e-8,-0.9851970672607422],5,1.99472975730896],[[758.4633178710938,230.66497802734376,40.883018493652347,-0.9867516756057739,6.494823878711031e-8,0.16223779320716859,5.6725006913893597e-8,1,-5.5318462699460727e-8,-0.16223779320716859,-4.53826487500919e-8,-0.9867516756057739],5,2.0095133781433107],[[758.2481079101563,230.3561248779297,41.01941680908203,-0.9886607527732849,4.290224708825008e-8,0.1501661241054535,3.085354549625663e-8,1,-8.256560590780282e-8,-0.1501661241054535,-7.699621562551329e-8,-0.9886607527732849],5,2.0389750003814699],[[757.802001953125,229.46192932128907,41.41577911376953,-0.9721553325653076,2.1169517250285709e-9,0.23433738946914674,-3.086630684379088e-8,1,-1.3708351787045104e-7,-0.23433738946914674,-1.4049960839201959e-7,-0.9721553325653076],5,2.0606539249420168],[[757.6611938476563,229.10255432128907,41.55778503417969,-0.9999330043792725,-4.8075925462853777e-8,0.01157368253916502,-4.989214019701649e-8,1,-1.5663734131976526e-7,-0.01157368253916502,-1.5720428336862825e-7,-0.9999330043792725],5,2.070620059967041],[[757.5724487304688,228.845947265625,41.65720748901367,-0.9993138909339905,-5.604623609656301e-8,-0.03703664615750313,-5.1028489878035546e-8,1,-1.3642588214679564e-7,0.03703664615750313,-1.3444235946735717e-7,-0.9993138909339905],5,2.081969976425171],[[757.4437866210938,228.4354705810547,41.810306549072269,-0.9986779689788818,-5.853211959561122e-8,-0.05140288919210434,-5.311723683121272e-8,1,-1.0670810723922841e-7,0.05140288919210434,-1.038366619354747e-7,-0.9986779689788818],5,2.0927786827087404],[[757.3617553710938,228.14479064941407,41.91539001464844,-0.9949636459350586,-6.329263158022514e-8,-0.10023664683103562,-5.482156595348897e-8,1,-8.726513556212012e-8,0.10023664683103562,-8.133050499736783e-8,-0.9949636459350586],5,2.1043906211853029],[[757.2430419921875,227.6832275390625,42.0762939453125,-0.9956597685813904,-6.222787618526127e-8,-0.09306784719228745,-5.703689609504181e-8,1,-5.843624606427511e-8,0.09306784719228745,-5.287431648071106e-8,-0.9956597685813904],5,2.116116762161255],[[757.1393432617188,227.19100952148438,42.241031646728519,-0.9850262403488159,-6.250905926208361e-8,-0.17240457236766816,-5.7731401881255809e-8,1,-3.272601745152315e-8,0.17240457236766816,-2.2282828027186953e-8,-0.9850262403488159],5,2.1314589977264406],[[757.0150756835938,226.30252075195313,42.526206970214847,-0.976166307926178,-5.559644122854479e-8,-0.2170238494873047,-5.864523799914423e-8,1,7.607763308214999e-9,0.2170238494873047,2.0153857249738395e-8,-0.976166307926178],5,2.1594552993774416],[[756.9515991210938,225.32887268066407,42.82368469238281,-0.9654784798622131,-4.665058384034637e-8,-0.2604827582836151,-6.115296002917603e-8,1,4.7570456018775079e-8,0.2604827582836151,6.18575413113831e-8,-0.9654784798622131],5,2.1698057651519777],[[756.8635864257813,224.3197479248047,42.86392593383789,-0.9530659914016724,-0.012587335892021656,-0.3025009334087372,0.0006137285963632166,0.9990530014038086,-0.043505121022462848,0.30276209115982058,-0.041648901998996738,-0.9521557092666626],5,2.1896965503692629],[[756.8081665039063,223.70228576660157,42.836124420166019,-0.9478933215141296,-0.008698918856680394,-0.3184690475463867,0.00027037024847231805,0.9996048212051392,-0.028108742088079454,0.31858769059181216,-0.026730192825198175,-0.9475164413452148],5,2.2016022205352785],[[756.7705688476563,223.6968231201172,42.821311950683597,-0.9388470649719238,-0.0031172321178019048,-0.3443203270435333,-0.0001066719923983328,0.9999616146087647,-0.008762083947658539,0.3443344235420227,-0.008189527317881585,-0.9388113617897034],12,2.214754343032837],[[756.756591796875,223.7831573486328,42.81470489501953,-0.9337748289108276,-0.0006638899212703109,-0.3578605651855469,-0.00019859595340676606,0.9999991059303284,-0.0013369603548198939,0.35786113142967226,-0.0011773502919822932,-0.9337740540504456],12,2.225813150405884],[[756.7445068359375,223.89700317382813,42.81785202026367,-0.9240545034408569,0.0006235233740881085,-0.382260262966156,-0.00019292559591121972,0.9999977946281433,0.0020975125953555109,0.3822607398033142,0.0020119636319577696,-0.9240522980690002],8,2.2384114265441896],[[756.7415771484375,223.9801788330078,42.84018325805664,-0.9202425479888916,0.0005946540622971952,-0.3913480341434479,-0.00009541320468997583,0.9999984502792358,0.0017438605427742005,0.3913484811782837,0.001642114482820034,-0.920241117477417],5,2.250734329223633],[[756.74853515625,224.03269958496095,42.88237380981445,-0.9135674238204956,0.00032711485982872546,-0.4066872298717499,-0.000025776649636100048,0.9999996423721314,0.0008622435852885246,0.4066873788833618,0.000798200664576143,-0.913567066192627],5,2.2634594440460207],[[756.7572021484375,224.05503845214845,42.92334747314453,-0.9111123085021973,0.00007601581455674022,-0.41215816140174868,0.000004726883616967825,1,0.0001739844010444358,0.41215816140174868,0.00015657111362088472,-0.9111123085021973],5,2.2781076431274416],[[756.7586669921875,223.9863739013672,42.930355072021487,-0.9108792543411255,-0.000010155386917176657,-0.4126730263233185,0.0000034426821002853105,1,-0.000032207713957177478,0.4126730263233185,-0.00003075804124819115,-0.9108792543411255],5,2.3171756267547609],[[756.7586669921875,223.83547973632813,42.93037414550781,-0.9108469486236572,-0.0000057930383263737898,-0.4127442538738251,5.423185598374403e-7,1,-0.00001523221089883009,0.4127442538738251,-0.000014098051906330511,-0.9108469486236572],5,2.3259384632110597],[[756.7586669921875,223.7040557861328,42.93037796020508,-0.9108457565307617,-0.0000022576944047614235,-0.41274693608283999,1.7661331952467664e-8,1,-0.000005508898993866751,0.41274693608283999,-0.000005025046903028851,-0.9108457565307617],5,2.3347697257995607],[[756.7586669921875,223.67971801757813,42.93037796020508,-0.9108457565307617,-7.537853434769204e-7,-0.4127469062805176,-8.108708016152377e-8,1,-0.0000016473230743940804,0.4127469062805176,-0.0000014669888059870573,-0.9108457565307617],12,2.346235752105713],[[756.7586669921875,223.6759490966797,42.93037796020508,-0.9108457565307617,2.1414840034594818e-7,-0.4127469062805176,-7.109891697609783e-8,1,6.757375103916274e-7,0.4127469062805176,6.448384510804317e-7,-0.9108457565307617],12,2.35528302192688],[[756.7586669921875,223.67576599121095,42.93037796020508,-0.9108457565307617,3.0149229246489997e-7,-0.4127469062805176,-3.827094730013414e-8,1,8.149091286213661e-7,0.4127469062805176,7.580527494610578e-7,-0.9108457565307617],12,2.3664376735687258],[[756.7586669921875,223.67575073242188,42.93037796020508,-0.9108457565307617,1.6872505170795194e-7,-0.4127469062805176,-1.7703567500859663e-9,1,4.1269254325015938e-7,0.4127469062805176,3.7662996987819499e-7,-0.9108457565307617],12,2.3772685527801515],[[756.7586669921875,223.67575073242188,42.93037796020508,-0.9151161313056946,3.642925605618075e-8,-0.40319037437438967,1.3708675083989874e-8,1,5.9238089988866707e-8,0.40319037437438967,4.868252645451321e-8,-0.9151161313056946],12,2.389390707015991],[[756.7586669921875,223.67575073242188,42.93037796020508,-0.9240363240242004,-1.264186533234124e-8,-0.38230472803115847,6.316259959504578e-9,1,-4.833400524262288e-8,0.38230472803115847,-4.707711198648212e-8,-0.9240363240242004],12,2.4018280506134035],[[756.7586669921875,223.67575073242188,42.93037796020508,-0.9652512669563294,-3.208675991572818e-8,-0.26132363080978396,-7.68455876709595e-9,1,-9.44010665193673e-8,0.26132363080978396,-8.91125