[[[776,222.69961547851563,47,1,4.5199303855270048e-8,-3.302281611681189e-15,-4.5199303855270048e-8,1,-6.0032037119128749e-9,3.0309409597753784e-15,6.0032037119128749e-9,1],8,0.0051174163818359379],[[776,222.69961547851563,47,1,8.345984348068214e-9,-3.2429509771325249e-15,-8.345984348068214e-9,1,-1.1084821949225443e-9,3.2336996832826134e-15,1.1084821949225443e-9,1],8,0.026474952697753907],[[776,222.69961547851563,47,1,-3.7676400665986878e-8,-3.415511493762486e-15,3.7676400665986878e-8,1,5.004038516887022e-9,3.2269774180549665e-15,-5.004038516887022e-9,1],8,0.04129171371459961],[[776,222.69961547851563,47,1,-6.526624218849975e-8,-3.660477021998456e-15,6.526624218849975e-8,1,8.668417095236692e-9,3.0947219054289168e-15,-8.668417095236692e-9,1],8,0.05333852767944336],[[775.7786865234375,222.69961547851563,46.990543365478519,0.9822964072227478,0.000001023654135678953,0.1873333901166916,3.2237210234598026e-7,1,-0.0000071547265179106038,-0.1873333901166916,0.000007088453003234463,0.9822964072227478],8,0.0735313892364502],[[775.5802001953125,222.69961547851563,46.98231887817383,0.9474025368690491,0.0000029985558285261506,0.3200443685054779,0.0000011435396345405025,1,-0.0000127543198686908,-0.3200443685054779,0.000012449459063645918,0.9474025368690491],8,0.09239411354064942],[[775.2467651367188,222.69961547851563,46.96869659423828,0.8611968755722046,0.000005065178811491933,0.5082715153694153,0.0000016362248516088585,1,-0.000012737858924083412,-0.5082715153694153,0.000011801450455095619,0.8611968755722046],8,0.10464096069335938],[[775.0465698242188,222.69961547851563,46.96068572998047,0.8014965057373047,0.0000052748782763956118,0.5979994535446167,0.000001238280219695298,1,-0.000010480536730028689,-0.5979994535446167,0.000009140604561252985,0.8014965057373047],8,0.12038898468017578],[[774.77978515625,222.69961547851563,46.95001220703125,0.7208450436592102,0.0000046179115997802,0.6930962800979614,6.333291366900085e-7,1,-0.000007321412340388633,-0.6930962800979614,0.000005716561645385809,0.7208450436592102],8,0.1367959976196289],[[774.4466552734375,222.69961547851563,46.93750762939453,-0.04626576974987984,0.0000030427806905208856,0.9989291429519653,1.8605668117288589e-8,1,-0.000003045180847038864,-0.9989291429519653,-1.2230189838646766e-7,-0.04626576974987984],8,0.1562047004699707],[[774.2468872070313,222.69961547851563,46.930076599121097,0.024608155712485315,9.703445584818838e-7,0.9996971487998962,-6.502427485344242e-9,1,-9.70478367889882e-7,-0.9996971487998962,1.7381234229674193e-8,0.024608155712485315],8,0.17594671249389649],[[773.9805297851563,222.69961547851563,46.91957473754883,0.03679683804512024,-1.4806127524025215e-7,0.999322772026062,-4.806684383851234e-9,1,1.4833861428087403e-7,-0.999322772026062,-1.0261820726498172e-8,0.03679683804512024],8,0.18555927276611329],[[773.7141723632813,222.69961547851563,46.908878326416019,0.0398138202726841,-1.6361508414775018e-7,0.9992071390151978,-1.9137091911147764e-10,1,1.637525315345556e-7,-0.9992071390151978,-6.710833222456358e-9,0.0398138202726841],8,0.20354723930358888],[[773.4478149414063,222.69961547851563,46.898162841796878,0.04016260802745819,-7.762859155491242e-8,0.9991931319236755,3.743367393838071e-9,1,7.754081110533662e-8,-0.9991931319236755,6.261057783341073e-10,0.04016260802745819],8,0.22093439102172852],[[773.1814575195313,222.69961547851563,46.88743591308594,0.04020295664668083,8.282448504814966e-9,0.9991915225982666,7.677106950154667e-9,1,-8.598042278151752e-9,-0.9991915225982666,8.016566965807215e-9,0.04020295664668083],8,0.23642945289611817],[[772.9151000976563,222.69961547851563,46.876708984375,0.04020759090781212,7.634846355131231e-8,0.9991913437843323,9.90676074508201e-9,1,-7.680889524408485e-8,-0.9991913437843323,1.2987050546087176e-8,0.04020759090781212],8,0.2544739246368408],[[772.6487426757813,222.69961547851563,46.86598205566406,0.0402081161737442,9.106435072681052e-8,0.9991913437843323,7.0348598057989879e-9,1,-9.14211426561451e-8,-0.9991913437843323,1.0705043074210608e-8,0.0402081161737442],8,0.27076005935668948],[[772.3823852539063,222.69961547851563,46.855255126953128,0.04020822420716286,1.057676897175952e-7,0.9991913437843323,4.165405798062238e-9,1,-1.0602091293776539e-7,-0.9991913437843323,8.424949626828493e-9,0.04020822420716286],8,0.28783512115478518],[[772.1160278320313,222.69961547851563,46.84452819824219,0.04020822420716286,1.2045846631281166e-7,0.9991913437843323,1.2984017194739295e-9,1,-1.2060820608894574e-7,-0.9991913437843323,6.146793740668954e-9,0.04020822420716286],8,0.303347110748291],[[771.8496704101563,222.69961547851563,46.83380126953125,0.04020822420716286,1.1763082596871755e-7,0.9991913437843323,-1.1644656350284777e-9,1,-1.1767917129645866e-7,-0.9991913437843323,3.5681462229320006e-9,0.04020822420716286],8,0.32047057151794436],[[771.5833129882813,222.69961547851563,46.82307434082031,0.04020822420716286,6.231041993487452e-8,0.9991913437843323,-2.4206823212580277e-9,1,-6.226343884918606e-8,-0.9991913437843323,8.477737956091858e-11,0.04020822420716286],8,0.3378939628601074],[[771.3169555664063,222.69961547851563,46.812347412109378,0.04020822420716286,7.037247673480351e-9,0.9991913437843323,-3.6758260879565798e-9,1,-6.8950249954014e-9,-0.9991913437843323,-3.3956166767268316e-9,0.04020822420716286],8,0.35294270515441897],[[771.0505981445313,222.69961547851563,46.80162048339844,0.04020822420716286,-4.818872056944201e-8,0.9991913437843323,-4.929897823302554e-9,1,4.8426102239318428e-8,-0.9991913437843323,-6.873039026800143e-9,0.04020822420716286],8,0.370358943939209],[[770.7842407226563,222.69961547851563,46.7908935546875,0.04020822420716286,-1.0336752609418909e-7,0.9991913437843323,-6.182899525697394e-9,1,1.0369998904025124e-7,-0.9991913437843323,-1.0347491752327187e-8,0.04020822420716286],8,0.3871188163757324],[[770.5178833007813,222.69961547851563,46.78016662597656,0.04020822420716286,-8.529074335683618e-8,0.9991913437843323,-3.908467327562448e-9,1,8.551705121817577e-8,-0.9991913437843323,-7.343795349612492e-9,0.04020822420716286],8,0.40291476249694826],[[770.2515258789063,222.6655731201172,46.769439697265628,0.04020822420716286,-6.722940071313133e-8,0.9991913437843323,-1.6359773535867817e-9,1,6.734964586030401e-8,-0.9991913437843323,-4.342664006173891e-9,0.04020822420716286],8,0.4206056594848633],[[769.9851684570313,222.5770263671875,46.75871276855469,0.04020822420716286,-4.918349461036087e-8,0.9991913437843323,6.345725056533524e-10,1,4.919776230849493e-8,-0.9991913437843323,-1.3440952795207295e-9,0.04020822420716286],8,0.43698692321777346],[[769.7188110351563,223.43992614746095,46.74798583984375,0.04020822420716286,-3.1153000179529047e-8,0.9991913437843323,2.903183693447886e-9,1,3.1061386351893819e-8,-0.9991913437843323,1.651912717726134e-9,0.04020822420716286],3,0.45430707931518557],[[769.4524536132813,224.24832153320313,46.73725891113281,0.04020822420716286,-1.3137908538851662e-8,0.9991913437843323,5.169857875131356e-9,1,1.2940502891467532e-8,-0.9991913437843323,4.645362761124261e-9,0.04020822420716286],5,0.47425317764282229],[[769.1860961914063,225.00221252441407,46.726531982421878,0.04020822420716286,4.861792746169158e-9,0.9991913437843323,7.434596493993695e-9,1,-5.16490139546022e-9,-0.9991913437843323,7.636256071918979e-9,0.04020822420716286],5,0.4877665042877197],[[768.9197387695313,225.7016143798828,46.71580505371094,0.04020822420716286,2.284611788638813e-8,0.9991913437843323,9.697401992525556e-9,1,-2.3254838055208894e-8,-0.9991913437843323,1.0624595425667849e-8,0.04020822420716286],5,0.5032691955566406],[[768.6533813476563,226.3465118408203,46.705078125,0.04020822420716286,4.081507753994629e-8,0.9991913437843323,1.195827525890536e-8,1,-4.1329322186811626e-8,-0.9991913437843323,1.361038304281692e-8,0.04020822420716286],5,0.5202865600585938],[[768.3870239257813,226.93690490722657,46.69435119628906,0.04020822420716286,5.876868769405519e-8,0.9991913437843323,1.4217217625400736e-8,1,-5.938836267205261e-8,-0.9991913437843323,1.6593620699723034e-8,0.04020822420716286],5,0.537632942199707],[[768.1206665039063,227.47279357910157,46.683624267578128,0.04020822420716286,7.670696078321271e-8,0.9991913437843323,1.6474231756546943e-8,1,-7.743197727450024e-8,-0.9991913437843323,1.9574310172743027e-8,0.04020822420716286],5,0.554358959197998],[[767.8543090820313,227.95419311523438,46.67286682128906,0.04813036695122719,9.472164919088755e-8,0.9988410472869873,1.863631382548192e-8,1,-9.57295611669906e-8,-0.9988410472869873,2.3222213485496469e-8,0.04813036695122719],5,0.5725953578948975],[[767.5879516601563,228.38108825683595,46.660118103027347,0.05653410404920578,1.137443419452211e-7,0.9984006881713867,2.0639589592974518e-8,1,-1.1509526132158499e-7,-0.9984006881713867,2.7113387091048936e-8,0.05653410404920578],5,0.591235876083374],[[767.2551879882813,228.8380584716797,46.64124298095703,0.05728115886449814,1.3875300908239297e-7,0.9983580708503723,2.2987700631915687e-8,1,-1.403001306243823e-7,-0.9983580708503723,3.0986509358399419e-8,0.05728115886449814],5,0.6053779125213623],[[767.0556030273438,229.07138061523438,46.62971496582031,0.0576334111392498,1.537783873573062e-7,0.9983378052711487,2.4365053974406693e-8,1,-1.5544100051556598e-7,-0.9983378052711487,3.3283150457918967e-8,0.0576334111392498],5,0.6201889514923096],[[766.7894897460938,229.33477783203126,46.61433410644531,0.05765032768249512,1.7381226768975467e-7,0.9983368515968323,2.6196318003712805e-8,1,-1.7561457354986488e-7,-0.9983368515968323,3.627698674790736e-8,0.05765032768249512],5,0.6376388072967529],[[766.5233764648438,229.54367065429688,46.59895324707031,0.05765454098582268,1.2515509695276706e-7,0.9983366131782532,1.817003081328039e-8,1,-1.2641297075788317e-7,-0.9983366131782532,2.542808807959318e-8,0.05765454098582268],5,0.6531510353088379],[[766.2572631835938,229.69805908203126,46.58357238769531,0.05765507370233536,7.653969191778742e-8,0.9983365535736084,1.0150546181364462e-8,1,-7.725343209585844e-8,-0.9983365535736084,1.4587713259572866e-8,0.05765507370233536],5,0.6702866554260254],[[765.9911499023438,229.79795837402345,46.56819152832031,0.05765506997704506,2.7965853632849759e-8,0.9983365535736084,2.137906074395346e-9,1,-2.813591848394026e-8,-0.9983365535736084,3.756527977571977e-9,0.05765506997704506],5,0.6871252059936523],[[765.7250366210938,229.84335327148438,46.55281066894531,0.05765506997704506,-2.0566456981896409e-8,0.9983365535736084,-5.867888397403931e-9,1,2.0939602052294505e-8,-0.9983365535736084,-7.0654020412064259e-9,0.05765506997704506],5,0.703829288482666],[[765.4589233398438,229.83424377441407,46.53742980957031,0.05765506997704506,-6.905727900630154e-8,0.9983365535736084,-1.3866842785148492e-8,1,6.997316859269631e-8,-0.9983365535736084,-1.787808479036812e-8,0.05765506997704506],5,0.7219173908233643],[[765.1928100585938,229.77064514160157,46.52204895019531,0.05765506997704506,-1.1750664441478875e-7,0.9983365535736084,-2.18589644163103e-8,1,1.1896481311168827e-7,-0.9983365535736084,-2.8681528263518886e-8,0.05765506997704506],5,0.7433772087097168],[[764.9266967773438,229.6525421142578,46.50666809082031,0.05765506997704506,-1.3122878783633497e-7,0.9983365535736084,-2.3692857453738726e-8,1,1.3281572819323629e-7,-0.9983365535736084,-3.131094672426116e-8,0.05765506997704506],5,0.7534999847412109],[[764.6605834960938,229.4799346923828,46.49128723144531,0.05765506997704506,-1.1026823898419025e-7,0.9983365535736084,-1.93764133626928e-8,1,1.115709835630696e-7,-0.9983365535736084,-2.577681534887688e-8,0.05765506997704506],5,0.7699534893035889],[[764.3944702148438,229.25283813476563,46.47590637207031,0.0576549656689167,-8.93256100198414e-8,0.9983365535736084,-1.5063655212088635e-8,1,9.034438619437424e-8,-0.9983365535736084,-2.024740020090121e-8,0.0576549656689167],5,0.7902839183807373],[[764.1283569335938,228.9712371826172,46.460514068603519,0.06082114577293396,-6.828697252103666e-8,0.9981486797332764,-1.08542828058944e-8,1,6.907502125841347e-8,-0.9981486797332764,-1.503540936198533e-8,0.06082114577293396],5,0.8084194660186768],[[763.8622436523438,228.6351318359375,46.444313049316409,0.06892821937799454,-4.674074816080065e-8,0.9976215958595276,-6.879902425538376e-9,1,4.7327532115559737e-8,-0.9976215958595276,-1.0125742022637496e-8,0.06892821937799454],5,0.8214015960693359],[[763.5296020507813,228.1383514404297,46.42134475708008,0.07256194204092026,-1.892118106638918e-8,0.9973639249801636,-2.0231578634621884e-9,1,1.91183833209152e-8,-0.9973639249801636,-3.4050917641081925e-9,0.07256194204092026],5,0.8422145843505859],[[763.3302001953125,227.79942321777345,46.40680694580078,0.07483288645744324,-2.068652138476068e-9,0.9971960783004761,8.553407981892747e-10,1,2.010281052733376e-9,-0.9971960783004761,7.025073300859219e-10,0.07483288645744324],5,0.8539729118347168],[[763.0643310546875,227.29981994628907,46.3868522644043,0.07657698541879654,2.0443222226163017e-8,0.9970636963844299,4.6502748318744128e-9,1,-2.0860579041936945e-8,-0.9970636963844299,6.234060379028961e-9,0.07657698541879654],5,0.8712677955627441],[[762.7984619140625,226.74571228027345,46.366432189941409,0.07675255089998245,4.2972306601996027e-8,0.9970501661300659,8.436059850680522e-9,1,-4.37488480997672e-8,-0.9970501661300659,1.1769010654916201e-8,0.07675255089998245],5,0.887901782989502],[[762.5325927734375,226.13710021972657,46.345943450927737,0.0768178179860115,6.548474829060069e-8,0.9970451593399048,1.2215370048807017e-8,1,-6.661995399781517e-8,-0.9970451593399048,1.7296875043371075e-8,0.0768178179860115],5,0.9041111469268799],[[762.2667236328125,225.4739990234375,46.3254508972168,0.07682496309280396,8.797870520993456e-8,0.9970446228981018,1.5990917034969244e-8,1,-8.947163365746747e-8,-0.9970446228981018,2.2817310707523576e-8,0.07682496309280396],5,0.9209518432617188],[[762.0008544921875,224.7563934326172,46.30495834350586,0.0768258199095726,1.104535627405312e-7,0.9970445036888123,1.9763158221053346e-8,1,-1.1230379470816843e-7,-0.9970445036888123,2.833257894963026e-8,0.0768258199095726],5,0.9363994598388672],[[761.7349853515625,223.98428344726563,46.28446578979492,0.07682634890079498,1.3290920719555289e-7,0.9970445036888123,2.353215933226238e-8,1,-1.3511643714991806e-7,-0.9970445036888123,3.3843111424403108e-8,0.07682634890079498],5,0.9534869194030762],[[761.4691162109375,223.15768432617188,46.263973236083987,0.0768265575170517,1.5534565989128169e-7,0.9970444440841675,2.7297936355807907e-8,1,-1.5790958229899844e-7,-0.9970444440841675,3.934890457912843e-8,0.0768265575170517],5,0.971550703048706],[[761.2032470703125,222.27658081054688,46.24348068237305,0.0768265575170517,1.6048358020270826e-7,0.9970444440841675,2.8054001788291317e-8,1,-1.631209869401573e-7,-0.9970444440841675,4.0503110199097139e-8,0.0768265575170517],5,0.9860324859619141],[[760.9373779296875,221.34097290039063,46.22298812866211,0.07682688534259796,1.1380115694237247e-7,0.9970444440841675,1.979382879824243e-8,1,-1.1566370972104778e-7,-0.9970444440841675,2.8621409242646224e-8,0.07682688534259796],5,1.0050709247589112],[[760.6715087890625,221.53652954101563,46.20249557495117,0.07682675868272782,6.715867328921377e-8,0.9970444440841675,1.1540707944845963e-8,1,-6.824701159757751e-8,-0.9970444440841675,1.6749796216686265e-8,0.07682675868272782],7,1.0221116542816163],[[760.4056396484375,221.99937438964845,46.182003021240237,0.0733436718583107,2.061416459753218e-8,0.9973067045211792,3.1292108904068529e-9,1,-2.0899962649423288e-8,-0.9973067045211792,4.653662788456359e-9,0.0733436718583107],7,1.0377991199493409],[[760.1397705078125,222.3077392578125,46.16230773925781,0.06637341529130936,-2.5916571999573536e-8,0.9977948665618897,-5.6054356711854329e-9,1,2.6346722137304824e-8,-0.9977948665618897,-7.341796504078957e-9,0.06637341529130936],8,1.055910587310791],[[759.8736572265625,222.4845428466797,46.14433670043945,0.06114387884736061,-7.247764699513937e-8,0.9981289505958557,-1.4579869755948494e-8,1,7.350665498506715e-8,-0.9981289505958557,-1.9047073251954317e-8,0.06114387884736061],8,1.070854663848877],[[759.6075439453125,222.5822296142578,46.1278190612793,0.05591314285993576,-1.0116091431200403e-7,0.9984356164932251,-2.0222040930661934e-8,1,1.0245186388146976e-7,-0.9984356164932251,-2.5918811985548019e-8,0.05591314285993576],8,1.0866637229919434],[[759.3412475585938,222.63565063476563,46.112701416015628,0.052424728870391849,-7.61376099944755e-8,0.998624861240387,-1.5061040414821038e-8,1,7.703311410978131e-8,-0.998624861240387,-1.9078768787039736e-8,0.052424728870391849],8,1.1045048236846924],[[759.0748901367188,222.6647491455078,46.09857940673828,0.052424728870391849,-5.1045837778929129e-8,0.998624861240387,-9.90444970483395e-9,1,5.163608207681136e-8,-0.998624861240387,-1.2597837439898285e-8,0.052424728870391849],8,1.1204032897949219],[[758.8085327148438,222.68060302734376,46.084598541259769,0.048935435712337497,-2.601921167411092e-8,0.9988019466400147,-4.663643693447739e-9,1,2.6278911491317559e-8,-0.9988019466400147,-5.944026604254304e-9,0.048935435712337497],8,1.1382768154144288],[[758.5421752929688,222.68923950195313,46.071414947509769,0.04195605218410492,-1.0112022330588389e-9,0.9991194605827332,7.495620235609124e-10,1,9.806170320203478e-10,-0.9991194605827332,7.0775918459276e-10,0.04195605218410492],8,1.1532797813415528],[[758.2758178710938,222.69395446777345,46.0599479675293,0.034973789006471637,2.4021256095352329e-8,0.9993882179260254,6.334627933313186e-9,1,-2.4257643005398678e-8,-0.9993882179260254,7.179134176027446e-9,0.034973789006471637],8,1.171168327331543],[[758.00927734375,222.69651794433595,46.05033874511719,0.029736574739217759,4.9064642126950278e-8,0.9995577931404114,1.204698030221607e-8,1,-4.944474341073146e-8,-0.9995577931404114,1.3511970209378888e-8,0.029736574739217759],8,1.1869075298309327],[[757.74267578125,222.69790649414063,46.04219436645508,0.026243921369314195,7.409628466348295e-8,0.999655544757843,1.7842348043473068e-8,1,-7.459022555167394e-8,-0.999655544757843,1.97937417567573e-8,0.026243921369314195],8,1.204965353012085],[[757.47607421875,222.6986541748047,46.035057067871097,0.026243921369314195,9.905964759582275e-8,0.999655544757843,2.3632759749148137e-8,1,-9.971420666943232e-8,-0.999655544757843,2.6241512074420826e-8,0.026243921369314195],8,1.2206261157989503],[[757.142822265625,223.7823944091797,46.026283264160159,0.022751424461603166,1.3032490642217454e-7,0.9997411370277405,3.097338208135625e-8,1,-1.3106352980685188e-7,-0.9997411370277405,3.3947248567756108e-8,0.022751424461603166],3,1.2404870986938477],[[756.94287109375,224.393798828125,46.021602630615237,0.02111448161303997,1.4907737977409853e-7,0.99977707862854,3.539092929827348e-8,1,-1.4985805307787815e-7,-0.99977707862854,3.8547213421225027e-8,0.02111448161303997],5,1.2595574855804444],[[756.7011108398438,225.16131591796876,46.01605987548828,0.01757035218179226,1.5696453203872807e-7,0.9998456239700317,3.729103070782003e-8,1,-1.576440809003543e-7,-0.9998456239700317,4.0055134320482469e-8,0.01757035218179226],5,1.2726802825927735],[[756.4990234375,225.8743438720703,46.01142883300781,0.010533180087804795,1.1349575856911543e-7,0.9999445080757141,2.663491471821544e-8,1,-1.1378262598782385e-7,-0.9999445080757141,2.7831928761656856e-8,0.010533180087804795],5,1.292421817779541],[[756.336669921875,226.53286743164063,46.00769805908203,0.007033627014607191,6.988284440012649e-8,0.9999752640724182,1.5835471600667007e-8,1,-6.999595569823214e-8,-0.9999752640724182,1.6327405205629476e-8,0.007033627014607191],5,1.3036670684814454],[[756.2140502929688,227.1368865966797,46.0048828125,0.0070330011658370499,2.6210589254560547e-8,0.9999752640724182,5.04530150990945e-9,1,-2.6246722129030787e-8,-0.9999752640724182,5.229769950432228e-9,0.0070330011658370499],5,1.32100248336792],[[756.131103515625,227.6864013671875,46.00298309326172,0.00353927630931139,-1.7406245333972948e-8,0.9999937415122986,-5.888300513845479e-9,1,1.7427193910179996e-8,-0.9999937415122986,-5.949943204797137e-9,0.00353927630931139],5,1.3366780281066895],[[756.087890625,228.18142700195313,46.001991271972659,0.000045737746404483917,-6.102458627310625e-8,1,-1.6964943228003905e-8,1,6.102536076468823e-8,-1,-1.69677338845986e-8,0.000045737746404483917],5,1.3540253639221192],[[756.0152587890625,228.7235565185547,46.00130081176758,-0.004549058154225349,-1.1538425326307333e-7,0.9999896287918091,-3.102417167610838e-8,1,1.1524431897669274e-7,-0.9999896287918091,-3.049959573786509e-8,-0.004549058154225349],5,1.3735394477844239],[[755.94189453125,229.00796508789063,46.001075744628909,-0.008286573924124241,-1.4778778734125809e-7,0.9999656677246094,-3.95716632795029e-8,1,1.474649309329834e-7,-0.9999656677246094,-3.8348325404058417e-8,-0.008286573924124241],5,1.3911399841308594],[[755.809326171875,229.3394775390625,46.00128173828125,-0.013290108181536198,-1.2145422090270586e-7,0.9999116659164429,-3.258253400417743e-8,1,1.2103188851142478e-7,-0.9999116659164429,-3.097112966088389e-8,-0.013290108181536198],5,1.4041635990142823],[[755.6370239257813,229.6165008544922,46.002418518066409,-0.021647410467267038,-9.451228066836848e-8,0.9997656941413879,-2.535339049813956e-8,1,9.398547007322122e-8,-0.9997656941413879,-2.3312907160288888e-8,-0.021647410467267038],5,1.4206225872039796],[[755.425048828125,229.83901977539063,46.00537109375,-0.027074377983808519,-6.649033679195782e-8,0.9996334314346314,-1.8034839399660997e-8,1,6.602626001495082e-8,-0.9996334314346314,-1.62406088577427e-8,-0.027074377983808519],5,1.4376354217529297],[[755.1743774414063,230.0070343017578,46.0113639831543,-0.03083852492272854,-3.792791503087756e-8,0.9995243549346924,-1.0657661420054865e-8,1,3.7617137849110807e-8,-0.9995243549346924,-9.492534758237526e-9,-0.03083852492272854],5,1.4551596641540528],[[754.9083862304688,230.1205596923828,46.01955795288086,-0.03282191604375839,-9.140021184350644e-9,0.9994612336158752,-3.2517832870837539e-9,1,9.038161330465755e-9,-0.9994612336158752,-2.953381539327893e-9,-0.03282191604375839],5,1.4754562377929688],[[754.6417846679688,230.17958068847657,46.02833557128906,-0.0362250916659832,1.9753116475840217e-8,0.9993436336517334,4.240374718023077e-9,1,-1.9612381052525053e-8,-0.9993436336517334,3.5271312537332735e-9,-0.0362250916659832],5,1.4881229400634766],[[754.5616455078125,230.18521118164063,46.06758499145508,0.014507624320685864,0.000036943136365152898,0.9998947381973267,0.000003524503426888259,1,-0.00003699816079461016,-0.9998947381973267,0.000004060887931700563,0.014507623389363289],5,1.5043556690216065],[[754.6565551757813,230.13748168945313,46.16177749633789,-0.01614244654774666,0.00001632036037335638,0.999869704246521,0.000002707002295210259,1,-0.000016278785551548937,-0.999869704246521,0.000002443870243951096,-0.01614244654774666],5,1.521094560623169],[[754.7163696289063,230.03524780273438,46.239742279052737,-0.03730214759707451,0.000003453182443990954,0.9993040561676025,8.109150826385303e-7,1,-0.0000034253175726917108,-0.9993040561676025,6.825790137554577e-7,-0.03730214759707451],5,1.53688645362854],[[754.7365112304688,229.830810546875,46.32583999633789,-0.04283605143427849,-4.863416620537464e-7,0.999082088470459,-5.066840724765598e-9,1,4.865712526225252e-7,-0.999082088470459,1.578060171425477e-8,-0.04283605143427849],5,1.5555529594421387],[[754.7193603515625,229.6672821044922,46.37153625488281,-0.045103222131729129,-5.244770022727607e-7,0.998982310295105,-6.600257762556794e-8,1,5.220313141762745e-7,-0.998982310295105,-4.239011630602363e-8,-0.045103222131729129],5,1.571622610092163],[[754.6624755859375,229.40155029296876,46.42560577392578,-0.04684906080365181,-2.273886678949566e-7,0.9989019632339478,-5.5233872586768487e-8,1,2.250481117016534e-7,-0.9989019632339478,-4.462993175025076e-8,-0.04684906080365181],5,1.5881061553955079],[[754.5665283203125,229.08131408691407,46.471923828125,-0.04702435061335564,-3.4904306112082397e-9,0.9988937377929688,-3.322424291241077e-8,1,1.9302175413571378e-9,-0.9988937377929688,-3.309672180762391e-8,-0.04702435061335564],5,1.603835105895996],[[754.5735473632813,228.63247680664063,46.53475570678711,-0.0024271022994071247,0.00015509243530686945,0.9999970197677612,0.0032559740357100965,0.999994695186615,-0.00014718945021741092,-0.999991774559021,0.003255607094615698,-0.002427594270557165],5,1.6229829788208008],[[754.5693359375,228.32229614257813,46.544715881347659,0.012536514550447464,0.00017859249783214182,0.9999213814735413,0.0017113370122388006,0.9999985098838806,-0.00020006216072943062,-0.9999199509620667,0.00171371060423553,0.012536190450191498],5,1.638272762298584],[[754.6524047851563,228.33641052246095,46.52824401855469,0.14896537363529206,0.0036893386859446766,0.9888355135917664,-0.0003116474545095116,0.9999931454658508,-0.003684018971398473,-0.9888423681259155,0.0002406232088105753,0.1489655077457428],7,1.655045509338379],[[754.8736572265625,228.44964599609376,46.48542022705078,0.4142287075519562,0.005144950933754444,0.9101582765579224,0.006624408066272736,0.9999405145645142,-0.008667354471981526,-0.9101487398147583,0.009619527496397496,0.4141699969768524],7,1.6705641746520997],[[755.03369140625,228.52584838867188,46.399532318115237,0.6607704758644104,0.0016466081142425538,0.750586211681366,0.006641874089837074,0.9999456405639648,-0.008040745742619038,-0.750558614730835,0.01029838714748621,0.6607236266136169],8,1.6888697147369385],[[755.0836181640625,228.54946899414063,46.31086349487305,0.7606558203697205,0.0009762851404957473,0.6491546630859375,0.002212368883192539,0.9999891519546509,-0.004096290096640587,-0.649151623249054,0.00455203652381897,0.7606453895568848],8,1.7048978805541993],[[755.0968017578125,229.65362548828126,46.20319747924805,0.709579348564148,0.0017976341769099236,0.7046232223510742,-0.0037734287325292827,0.9999920725822449,0.0012487907661125064,-0.7046154141426086,-0.0035449618007987739,0.7095805406570435],3,1.724482774734497],[[755.0951538085938,230.29562377929688,46.126888275146487,0.5716354250907898,0.00057185348123312,0.8205075263977051,-0.0036460328847169878,0.9999916553497315,0.0018431917997077108,-0.8204996585845947,-0.004045231267809868,0.5716327428817749],5,1.7440128326416016],[[755.1204223632813,231.29739379882813,45.966373443603519,0.4203251898288727,-0.000417559698689729,0.9073734283447266,-0.0008844459080137312,0.9999992251396179,0.0008698891615495086,-0.9073731303215027,-0.001168159069493413,0.42032450437545779],5,1.7562406063079835],[[755.1515502929688,231.85757446289063,45.846439361572269,0.1685531586408615,-0.0004227084282319993,0.9856925010681152,-0.00007361514144577086,0.9999998807907105,0.0004414322611410171,-0.98569256067276,-0.00014696668949909508,0.16855311393737794],5,1.7782697677612305],[[755.1890258789063,232.55679321289063,45.652976989746097,0.07375242561101914,-0.00010539991490077227,0.9972766041755676,0.00016482215141877532,1,0.00009349851461593062,-0.9972765445709229,0.00015747752331662923,0.07375244051218033],5,1.7891840934753419],[[755.2052001953125,233.20152282714845,45.426639556884769,-0.034372150897979739,0.00002859439337044023,0.9994090795516968,0.00009727892029331997,1,-0.000025265637304983103,-0.9994090795516968,0.00009635300375521183,-0.034372154623270038],5,1.8046150207519532],[[755.18798828125,233.791748046875,45.179603576660159,-0.10578545182943344,0.000037811361835338178,0.994388997554779,0.00002491176564944908,1,-0.000035374545404920357,-0.994388997554779,0.000021029873096267694,-0.10578545182943344],5,1.8217267990112305],[[755.1351928710938,234.32748413085938,44.925689697265628,-0.1989690363407135,0.000021008985640946777,0.9800058007240295,-0.0000026807836093212247,1,-0.00002198188849433791,-0.9800058007240295,-0.0000070008982220315378,-0.1989690363407135],5,1.8385705947875977],[[755.0556640625,234.8087158203125,44.67660903930664,-0.2953932285308838,0.000010294777894159779,0.9553757309913635,-0.000006356832273013424,1,-0.00001274110491067404,-0.9553757309913635,-0.000009836800018092618,-0.2953932285308838],5,1.8545639514923096],[[754.9247436523438,235.33360290527345,44.37702560424805,-0.3530898988246918,0.000007719992026977707,0.9355893731117249,-0.000003486624109427794,1,-0.000009567321285430808,-0.9355893731117249,-0.000006640173069172306,-0.3530898988246918],5,1.875201940536499],[[754.8309936523438,235.607666015625,44.204734802246097,-0.486305296421051,0.0000072455509325664029,0.8737889528274536,-0.0000022173185243445916,1,-0.00000952615027927095,-0.8737889528274536,-0.000006570085588464281,-0.486305296421051],5,1.8882968425750733],[[754.6858520507813,235.92539978027345,43.9870719909668,-0.5208985805511475,0.0000076072710726293739,0.8536185622215271,-0.0000016391200006182772,1,-0.000009912022505886853,-0.8536185622215271,-0.000006562342150573386,-0.5208985805511475],5,1.9044437408447266],[[754.5241088867188,236.18862915039063,43.7813835144043,-0.5849027037620544,0.000007301689038285986,0.8111034631729126,-0.000001597784944351588,1,-0.000010154361916647759,-0.8111034631729126,-0.000007235282737383386,-0.5849027037620544],5,1.9214823246002198],[[754.3023071289063,236.44102478027345,43.54096221923828,-0.627842903137207,0.000006886647952342173,0.7783401012420654,-0.000001706856664895895,1,-0.000010224690413451754,-0.7783401012420654,-0.000007748014468234033,-0.627842903137207],5,1.940155267715454],[[754.1588745117188,236.5515899658203,43.40711975097656,-0.7491148710250855,0.000005518785201275023,0.6624401211738586,-0.000001671633754085633,1,-0.000010221348020422738,-0.6624401211738586,-0.000008764321137277875,-0.7491148710250855],5,1.955024003982544],[[753.90478515625,236.66773986816407,43.224334716796878,-0.8101227283477783,0.000004412830548972124,0.5862603187561035,-0.0000016053426179496456,1,-0.000009745423085405492,-0.5862603187561035,-0.00000883613756741397,-0.8101227283477783],5,1.9745337963104249],[[753.7449951171875,236.69654846191407,43.14385223388672,-0.8748885989189148,0.0000030815547233942199,0.484324187040329,-0.0000014774976762055304,1,-0.00000903155523701571,-0.484324187040329,-0.00000861719308886677,-0.8748885989189148],5,1.9934685230255128],[[753.4706420898438,236.67645263671876,43.05934143066406,-0.9053491950035095,0.000002255883373436518,0.4246678948402405,-0.0000013791548099106877,1,-0.000008252331099356525,-0.4246678948402405,-0.000008056924343691208,-0.9053491950035095],5,2.009577989578247],[[753.2467651367188,236.59906005859376,43.03670120239258,-0.9433134198188782,0.0000014820261640124955,0.3319033086299896,-0.000001252831225428963,1,-0.000008025947863643524,-0.3319033086299896,-0.000007986802302184515,-0.9433134198188782],5,2.045278787612915],[[752.8550415039063,236.33248901367188,43.09375,-0.9420225024223328,0.000001428410769221955,0.3355496823787689,-0.0000012208212183395518,1,-0.000007684262527618558,-0.3355496823787689,-0.000007648393875570037,-0.9420225024223328],5,2.061868906021118],[[752.63525390625,236.105224609375,43.18133544921875,-0.9796006679534912,4.101848958271148e-7,0.20095409452915193,-0.000001124631353377481,1,-0.000007523482054239139,-0.20095409452915193,-0.000007596006980747916,-0.9796006679534912],5,2.0708861351013185],[[752.5282592773438,235.9711456298828,43.23989486694336,-0.9953493475914002,-3.6633238664762759e-7,0.09633076936006546,-0.0000010842647952813423,1,-0.000007400438335025683,-0.09633076936006546,-0.0000074704694270621989,-0.9953493475914002],5,2.080662488937378],[[752.274658203125,235.57635498046876,43.42788314819336,-0.9914485216140747,-1.3694032929834067e-7,0.13049840927124024,-0.0000010845080851140665,1,-0.000007190076757979114,-0.13049840927124024,-0.000007270117748703342,-0.9914485216140747],5,2.103318214416504],[[752.1344604492188,235.29859924316407,43.56574249267578,-0.9997349381446838,-8.831884770188481e-7,0.02302173711359501,-0.0000010481867320777383,1,-0.00000715499663783703,-0.02302173711359501,-0.000007177231509558624,-0.9997349381446838],5,2.112957239151001],[[752.0032348632813,234.99020385742188,43.71369552612305,-0.9999889135360718,-0.0000010630725455484936,-0.004712927620857954,-0.000001029685563480598,1,-0.000007086561709002126,0.004712927620857954,-0.000007081630428729113,-0.9999889135360718],5,2.125257968902588],[[751.8348999023438,234.53131103515626,43.916751861572269,-0.9996815323829651,-0.0000012104156894565677,-0.025236379355192186,-0.0000010337095091017546,1,-0.000007015090432105353,0.025236379355192186,-0.000006986769221839495,-0.9996815323829651],5,2.139692544937134],[[751.676025390625,234.01791381835938,44.127342224121097,-0.9978509545326233,-0.000001488099769630935,-0.06552476435899735,-0.0000010298680308551412,1,-0.000007027037554507842,0.06552476435899735,-0.000006944454071344808,-0.9978509545326233],5,2.1581807136535646],[[751.5399780273438,233.45001220703126,44.34555435180664,-0.9865798950195313,-0.0000012102075288566994,-0.16327908635139466,-4.950149445903662e-7,1,-0.000004420870027388446,0.16327908635139466,-0.000004280715984350536,-0.9865798950195313],5,2.1751723289489748],[[751.4683227539063,232.8487091064453,44.46159362792969,-0.9889112114906311,0.006335413083434105,-0.14837263524532319,0.009020045399665833,0.9998074173927307,-0.017427951097488405,0.14823365211486817,-0.01857302524149418,-0.9887779355049133],5,2.2036216259002687],[[751.4482421875,232.9654541015625,44.48162841796875,-0.9824792146682739,0.002515192609280348,-0.1863550990819931,0.003951198421418667,0.9999653100967407,-0.007334735244512558,0.1863301694393158,-0.00794255081564188,-0.9824550747871399],12,2.2115261554718019],[[751.4478149414063,233.10455322265626,44.48157501220703,-0.9774762988090515,0.00021648274559993297,-0.21104498207569123,0.0003906352794729173,0.9999996423721314,-0.0007835014839656651,0.21104472875595094,-0.0008482957491651177,-0.9774760603904724],12,2.224565029144287],[[751.4479370117188,233.24441528320313,44.48096466064453,-0.9782934784889221,-0.0003332683118060231,-0.2072240561246872,-0.0005557409604080021,0.9999993443489075,0.001015372690744698,0.207223579287529,0.001108495402149856,-0.9782930016517639],12,2.2402093410491945],[[751.4480590820313,233.4777069091797,44.48068618774414,-0.9800171852111816,-0.00011392009037081152,-0.1989128291606903,-0.00018914359679911286,0.9999999403953552,0.00035917185596190393,0.19891276955604554,0.0003896176931448281,-0.9800171256065369],12,2.256669521331787],[[751.4481201171875,233.80441284179688,44.48075866699219,-0.9817038774490356,0.000018474558601155878,-0.19041407108306886,0.000029771568733849564,1,-0.00005646801946568303,0.19041407108306886,-0.0000611037976341322,-0.9817038774490356],12,2.288905382156372],[[751.4481201171875,233.94439697265626,44.48076248168945,-0.9839575290679932,0.000009142883754975628,-0.17840279638767243,0.000014151989489619155,1,-0.000026804922526935117,0.17840279638767243,-0.000028899659810122104,-0.9839575290679932],12,2.2977352142333986],[[751.4481201171875,234.0377197265625,44.48075866699219,-0.9848785400390625,0.000003386787511772127,-0.1732461005449295,0.000005122379207023187,1,-0.00000957097472564783,0.1732461005449295,-0.000010313680832041428,-0.9848785400390625],12,2.3085906505584719],[[751.4481201171875,234.17770385742188,44.48075866699219,-0.9863538146018982,-6.090805300118518e-7,-0.16463932394981385,-9.643730436437182e-7,1,0.0000020780730665137527,0.16463932394981385,0.00000220848914977978,-0.9863538146018982],12,2.322119951248169],[[751.4481201171875,234.4110107421875,44.48075866699219,-0.9874798655509949,-6.658521556346386e-7,-0.15774527192115785,-9.81922426035453e-7,1,0.0000019257406620454278,0.15774527192115785,0.0000020565237264236204,-0.9874798655509949],12,2.3397045135498049],[[751.4481201171875,234.59765625,44.48075866699219,-0.9877541661262512,-5.7752725268755969e-8,-0.15601836144924165,-8.070359314160669e-8,1,1.4076924514938583e-7,0.15601836144924165,1.5163664102146868e-7,-0.9877541661262512],12,2.355379581451416],[[751.4481201171875,234.73764038085938,44.48075866699219,-0.9880253672599793,6.007469721680536e-8,-0.15429145097732545,8.957188413205586e-8,1,-1.8422662151351688e-7,0.15429145097732545,-1.9584075516831946e-7,-0.9880253672599793],12,2.371969699859619],[[751.4481201171875,234.92428588867188,44.48075866699219,-0.9885578751564026,4.358915361990512e-8,-0.1508418619632721,6.267119800895671e-8,1,-1.2174972141565377e-7,0.1508418619632721,-1.298100897884069e-7,-0.9885578751564026],12,2.389338254928589],[[751.4481201171875,235.1575927734375,44.48075866699219,-0.989079475402832,1.1976441172123487e-8,-0.14738313853740693,1.4235910228421745e-8,1,-1.4275752135972653e-8,0.14738313853740693,-1.6217986953392939e-8,-0.989079475402832],12,2.408959150314331],[[751.4481201171875,235.34423828125,44.48075866699219,-0.9910423159599304,-1.3426665113058789e-8,-0.1335483193397522,-2.327107395672101e-8,1,7.215331976340167e-8,0.1335483193397522,7.461480322490388e-8,-0.9910423159599304],12,2.426584005355835],[[751.4481201171875,235.57754516601563,44.48075866699219,-0.9940112829208374,-2.4652942798297773e-8,-0.1092776358127594,-3.490778155423868e-8,1,9.192901728738434e-8,0.1092776358127594,9.51931227177738e-8,-0.9940112829208374],12,2.481491804122925],[[751.4481201171875,236.0908203125,44.48075866699219,-0.9951022863388062,-2.4323494329792085e-8,-0.09885061532258988,-3.1477966899728929e-8,1,7.081700204025765e-8,0.09885061532258988,7.35817735630917e-8,-0.9951022863388062],12,2.4902596473693849],[[751.4481201171875,236.23080444335938,44.48075866699219,-0.9954412579536438,-1.373013169825299e-8,-0.09537643194198609,-1.7059781143302645e-8,1,3.409520488162343e-8,0.09537643194198609,3.556687389050239e-8,-0.9954412579536438],12,2.527769088745117],[[751.4481201171875,236.60409545898438,44.48075866699219,-0.9954412579536438,1.5169389300240256e-8,-0.09537643194198609,2.1343554479358319e-8,1,-6.371453764586477e-8,0.09537643194198609,-6.545975139715665e-8,-0.9954412579536438],12,2.538748264312744],[[751.4481201171875,236.69741821289063,44.48075866699219,-0.9954412579536438,2.238655305575321e-8,-0.09537643194198609,3.093413170063286e-8,1,-8.814084395680766e-8,0.09537643194198609,-9.068941864143199e-8,-0.9954412579536438],12,2.5497004985809328],[[751.4481201171875,236.83740234375,44.48075866699219,-0.9954412579536438,2.3883341526698133e-8,-0.09537643194198609,3.2635014690640676e-8,1,-9.019940705456975e-8,0.09537643194198609,-9.290082658708343e-8,-0.9954412579536438],12,2.5557074546813967],[[751.4481201171875,236.97738647460938,44.48075866699219,-0.9954412579536438,2.0719081561537679e-8,-0.09537643194198609,2.799818865639736e-8,1,-7.498153564711174e-8,0.09537643194198609,-7.73100836681806e-8,-0.9954412579536438],12,2.5705924034118654],[[751.4481201171875,237.16403198242188,44.48075866699219,-0.9956061840057373,1.6638091793197419e-8,-0.09363926202058792,2.185576519764254e-8,1,-5.469546238145995e-8,0.09363926202058792,-5.650170109561259e-8,-0.9956061840057373],12,2.588801145553589],[[751.450439453125,237.31663513183595,44.50547790527344,-0.9963857531547546,1.2918475178480549e-8,-0.0849437490105629,1.5895775362650967e-8,1,-3.437391171701165e-8,0.0849437490105629,-3.5599924785856277e-8,-0.9963857531547546],8,2.6095261573791506],[[751.4560546875,237.41473388671876,44.56977844238281,-0.999356210231781,1.0005613226837795e-8,-0.035877346992492679,1.087065992777525e-8,1,-2.3916149061165016e-8,0.035877346992492679,-2.4290763178669296e-8,-0.999356210231781],5,2.625613212585449],[[751.462890625,237.45834350585938,44.67375564575195,-0.9993762969970703,6.3845719822097639e-9,0.035313837230205539,3.99930089045597e-9,1,-6.76155877954443e-8,-0.035313837230205539,-6.74321825044899e-8,-0.9993762969970703],5,2.6378774642944338],[[751.4666137695313,237.4362030029297,44.85926055908203,-0.9909672141075134,1.2944139093917784e-8,0.13410454988479615,-6.488032777696162e-9,1,-1.4446614216012677e-7,-0.13410454988479615,-1.4403127579498688e-7,-0.9909672141075134],5,2.6599504947662355],[[751.4445190429688,237.7002410888672,45.038822174072269,-0.958848237991333,2.4461577652346024e-8,0.283919095993042,-1.2332340482146265e-8,1,-1.278054924114258e-7,-0.283919095993042,-1.2604745336375346e-7,-0.958848237991333],7,2.671530246734619],[[751.374755859375,238.10533142089845,45.29478073120117,-0.89750075340271,3.6733442954073328e-8,0.4410129487514496,-1.510741221011358e-8,1,-1.