[[[776,222.69961547851563,47,1,-5.985816731168825e-9,-9.162565454620686e-15,5.985816731168825e-9,1,8.626235281639083e-10,9.157401941774224e-15,-8.626235281639083e-10,1],8,0.004161834716796875],[[776,222.69961547851563,47,1,-3.54487923459601e-8,-9.298462573645219e-15,3.54487923459601e-8,1,5.108640621642735e-9,9.117366929522249e-15,-5.108640621642735e-9,1],8,0.021895170211791993],[[776,222.69961547851563,47,1,-6.488659920478313e-8,-9.559138657228624e-15,6.488659920478313e-8,1,9.351028396054062e-9,8.952382699089004e-15,-9.351028396054062e-9,1],8,0.044649600982666019],[[776,222.69961547851563,47,1,-9.429924574533288e-8,-9.944277762081577e-15,9.429924574533288e-8,1,1.3589790626156173e-8,8.662770275961497e-15,-1.3589790626156173e-8,1],8,0.054749488830566409],[[776,222.69961547851563,47,1,-1.0648707871041552e-7,-1.0170802324264636e-14,1.0648707871041552e-7,1,1.534622384724571e-8,8.536627588357545e-15,-1.534622384724571e-8,1],8,0.0708010196685791],[[776,222.69961547851563,47,1,-6.708746980166325e-8,-9.755036202104863e-15,6.708746980166325e-8,1,9.668213785118951e-9,9.106419875711935e-15,-9.668213785118951e-9,1],8,0.08849859237670899],[[776,222.69961547851563,47,1,-2.772152463137445e-8,-9.570656611245388e-15,2.772152463137445e-8,1,3.995056285788223e-9,9.459907053391888e-15,-3.995056285788223e-9,1],8,0.10327434539794922],[[776,222.69961547851563,47,1,1.1610785222160303e-8,-9.610291823946259e-15,-1.1610785222160303e-8,1,-1.6732522034601516e-9,9.590864276268034e-15,1.6732522034601516e-9,1],8,0.12131547927856446],[[776,222.69961547851563,47,1,5.090948818065044e-8,-9.87258574045892e-15,-5.090948818065044e-8,1,-7.336716567607482e-9,9.499077245004716e-15,7.336716567607482e-9,1],8,0.1374826431274414],[[776,222.69961547851563,47,1,9.017460911309172e-8,-1.0356875981018619e-14,-9.017460911309172e-8,1,-1.2995339915278237e-8,9.185026227283028e-15,1.2995339915278237e-8,1],8,0.15457510948181153],[[776,222.69961547851563,47,1,9.454960547827796e-8,-1.0493083961134794e-14,-9.454960547827796e-8,1,-1.3625837347319703e-8,9.20476633011879e-15,1.3625837347319703e-8,1],8,0.1720900535583496],[[775.774169921875,222.69961547851563,47.00819396972656,0.980488657951355,5.6011145943557497e-8,0.19657577574253083,-5.3238746744455059e-8,1,-1.9387737637543979e-8,-0.19657577574253083,8.544009055810875e-9,0.980488657951355],8,0.19266867637634278],[[775.5755004882813,222.69961547851563,47.00690460205078,0.9431617259979248,3.210788435126233e-8,0.33233413100242617,-2.824446276861181e-8,1,-1.6455690143857283e-8,-0.33233413100242617,6.1337788181958789e-9,0.9431617259979248],8,0.21173787117004395],[[775.3089599609375,222.69961547851563,47.00032424926758,0.8742948174476624,-9.93310655950097e-10,0.48539525270462038,2.7863564788788155e-9,1,-2.9723952188476234e-9,-0.48539525270462038,3.951234006649429e-9,0.8742948174476624],8,0.2227466106414795],[[774.9760131835938,222.69961547851563,46.985313415527347,0.7742633819580078,-4.4412047373043609e-8,0.6328635215759277,3.6438656536574857e-8,1,2.5596245123438167e-8,-0.6328635215759277,3.242458523899927e-9,0.7742633819580078],8,0.24219059944152833],[[774.7100830078125,222.69961547851563,46.96549987792969,0.6952981948852539,-8.063389600465598e-8,0.7187213897705078,5.928801982690857e-8,1,5.4834941920489658e-8,-0.7187213897705078,4.484931537263037e-9,0.6952981948852539],8,0.257793664932251],[[774.4447021484375,222.69961547851563,46.9393310546875,-0.9999665021896362,2.089871209420835e-8,-0.00818154402077198,2.0492832319973787e-8,1,4.9693170467435269e-8,0.00818154402077198,4.9523844580789958e-8,-0.9999665021896362],8,0.2770669460296631],[[774.0478515625,222.69961547851563,46.88936233520508,-0.9959182739257813,-3.294004002896145e-8,0.09025952965021134,-2.9623601349726415e-8,1,3.8083001641098238e-8,-0.09025952965021134,3.5253744812280277e-8,-0.9959182739257813],8,0.30933213233947756],[[773.7173461914063,222.69961547851563,46.84684753417969,-0.9898080229759216,-7.381395761285603e-8,0.1424083262681961,-7.026001469512267e-8,1,2.9984441596297987e-8,-0.1424083262681961,1.9673230156058709e-8,-0.9898080229759216],8,0.3278236389160156],[[773.4533081054688,222.69961547851563,46.80967712402344,-0.9896936416625977,-1.0507863379416449e-7,0.14320090413093568,-1.0277013018367143e-7,1,2.3517259251093493e-8,-0.14320090413093568,8.558105335509936e-9,-0.9896936416625977],8,0.3439333438873291],[[773.25537109375,222.69961547851563,46.781124114990237,-0.9897016286849976,-1.1057777982159678e-7,0.14314575493335725,-1.0928764737627717e-7,1,1.6875230102186835e-8,-0.14314575493335725,1.0573794062551656e-9,-0.9897016286849976],8,0.3565034866333008],[[772.991455078125,222.69961547851563,46.742958068847659,-0.9904388785362244,-7.013093039631713e-8,0.13795243203639985,-7.032672755258318e-8,1,3.454889929699334e-9,-0.13795243203639985,-6.2798859445933889e-9,-0.9904388785362244],8,0.37233877182006838],[[772.7933349609375,222.69961547851563,46.71516799926758,-0.9911493062973023,-3.985576668696922e-8,0.13275188207626344,-4.10755021107434e-8,1,-6.449549783127395e-9,-0.13275188207626344,-1.1845316727487898e-8,-0.9911493062973023],8,0.38072991371154787],[[772.6612548828125,222.69961547851563,46.69728088378906,-0.9918309450149536,-1.972327545729513e-8,0.1275593638420105,-2.155081268995218e-8,1,-1.2946824057280537e-8,-0.1275593638420105,-1.559006790330386e-8,-0.9918309450149536],8,0.390491247177124],[[772.3968505859375,222.69961547851563,46.66303253173828,-0.9931135177612305,2.047646674441239e-8,0.11715611070394516,1.7607511892947515e-8,1,-2.552328659533032e-8,-0.11715611070394516,-2.3284693284608694e-8,-0.9931135177612305],8,0.40475964546203616],[[772.1320190429688,222.69961547851563,46.63138198852539,-0.9948323965072632,6.043550371259698e-8,0.10153064131736756,5.692506732657421e-8,1,-3.747243582097326e-8,-0.10153064131736756,-3.149915528410929e-8,-0.9948323965072632],8,0.4218456745147705],[[771.8667602539063,222.69961547851563,46.60368728637695,-0.9956825375556946,1.0045076948017595e-7,0.09282425791025162,9.631196462578373e-8,1,-4.906727113507259e-8,-0.09282425791025162,-3.9915338589935348e-8,-0.9956825375556946],8,0.43987298011779787],[[771.40234375,224.17391967773438,46.556156158447269,-0.9971511960029602,1.7016878928188817e-7,0.07542840391397476,1.6550137615922723e-7,1,-6.812945940737336e-8,-0.07542840391397476,-5.545187065081336e-8,-0.9971511960029602],3,0.47044944763183596],[[771.1365356445313,224.94143676757813,46.53500747680664,-0.9882304072380066,1.335127279844528e-7,0.15297283232212068,1.2543284810817568e-7,1,-6.24696951945225e-8,-0.15297283232212068,-4.254663821257054e-8,-0.9882304072380066],5,0.49127864837646487],[[770.8704223632813,225.6544647216797,46.518043518066409,-0.984541118144989,9.258440769599474e-8,0.17515352368354798,8.372639825893202e-8,1,-5.7962456168070278e-8,-0.17515352368354798,-4.2401449462659e-8,-0.984541118144989],5,0.49998021125793459],[[770.7372436523438,225.99053955078126,46.51121520996094,-0.9944871664047241,6.830309473571106e-8,0.10485812276601792,6.285627307534014e-8,1,-5.52492878114208e-8,-0.10485812276601792,-4.8353719250826546e-8,-0.9944871664047241],5,0.510878324508667],[[770.5374755859375,226.46910095214845,46.50304412841797,-0.992672324180603,3.7540512920486438e-8,0.12083754688501358,3.181056840162455e-8,1,-4.934760156061202e-8,-0.12083754688501358,-4.5142083848759287e-8,-0.992672324180603],5,0.5224647521972656],[[770.2708740234375,227.0594940185547,46.496639251708987,-0.9910867214202881,-3.97400823359817e-9,0.13321809470653535,-9.130463496376251e-9,1,-3.8095976151453218e-8,-0.13321809470653535,-3.897276101838543e-8,-0.9910867214202881],5,0.5409016609191895],[[769.9376220703125,227.72084045410157,46.49565887451172,-0.9908304810523987,-5.672518810229121e-8,0.13511107861995698,-5.982259665415768e-8,1,-1.8864929174355894e-8,-0.13511107861995698,-2.6774641170845827e-8,-0.9908304810523987],5,0.5594384670257568],[[769.7376708984375,228.0767822265625,46.500667572021487,-0.9981902837753296,-9.008986978642497e-8,0.06013400852680206,-9.057137617674016e-8,1,-5.281592496686471e-9,-0.06013400852680206,-1.071845456834808e-8,-0.9981902837753296],5,0.5719308853149414],[[769.4712524414063,228.50367736816407,46.510860443115237,-0.996557354927063,-1.3208541815856734e-7,0.0829060971736908,-1.3110792451698217e-7,1,1.7234519589237608e-8,-0.0829060971736908,6.305539645978797e-9,-0.996557354927063],5,0.5872151851654053],[[769.2048950195313,228.87606811523438,46.52383804321289,-0.9965562224388123,-1.3861377112789342e-7,0.08291955292224884,-1.3610817006792787e-7,1,3.5869980763436618e-8,-0.08291955292224884,2.446042657311409e-8,-0.9965562224388123],5,0.6045005321502686],[[768.9385375976563,229.1939697265625,46.537227630615237,-0.9965565204620361,-1.0906223479878463e-7,0.08291591703891754,-1.0552794549312239e-7,1,4.700742906038613e-8,-0.08291591703891754,3.809561377465798e-8,-0.9965565204620361],5,0.6218395233154297],[[768.6721801757813,229.45736694335938,46.55062484741211,-0.9965572357177734,-7.945084234961542e-8,0.08290752023458481,-7.512538502396638e-8,1,5.529165036932682e-8,-0.08290752023458481,4.8872834668145518e-8,-0.9965572357177734],5,0.637582540512085],[[768.4058227539063,229.666259765625,46.564022064208987,-0.9965569376945496,-4.974578260430462e-8,0.08291102200746536,-4.4853447178638819e-8,1,6.086970216756527e-8,-0.08291102200746536,5.6941281911804256e-8,-0.9965569376945496],5,0.6534819602966309],[[768.1394653320313,229.82064819335938,46.57741928100586,-0.9965564012527466,-1.99046912285894e-8,0.08291784673929215,-1.4661662994797098e-8,1,6.384050976748768e-8,-0.08291784673929215,6.24049576458674e-8,-0.9965564012527466],5,0.6708967685699463],[[767.8731079101563,229.92054748535157,46.590816497802737,-0.9965570569038391,1.0121600446666435e-8,0.08290944993495941,1.5502436667702569e-8,1,6.425639753615542e-8,-0.08290944993495941,6.53204637046656e-8,-0.9965570569038391],5,0.6887359619140625],[[767.6067504882813,229.9659423828125,46.60421371459961,-0.996555745601654,4.038308176745886e-8,0.08292527496814728,4.5691944450254599e-8,1,6.212204795019716e-8,-0.08292527496814728,6.569710819803731e-8,-0.996555745601654],5,0.7037801742553711],[[767.3403930664063,229.9568328857422,46.617610931396487,-0.9965560436248779,7.093805010072174e-8,0.08292163908481598,7.59591145538252e-8,1,5.73971554729269e-8,-0.08292163908481598,6.349813475026167e-8,-0.9965560436248779],5,0.7226150035858154],[[767.0740356445313,229.8932342529297,46.63100814819336,-0.9971119165420532,1.0227902436099612e-7,0.07594586908817291,1.0639914194143785e-7,1,5.020457294335756e-8,-0.07594586908817291,5.814015580085652e-8,-0.9971119165420532],5,0.7471191883087158],[[766.8078002929688,229.77513122558595,46.64599609375,-0.9974965453147888,1.338712394272079e-7,0.07071545720100403,1.3706802803881147e-7,1,4.0353775432322439e-8,-0.07071545720100403,4.9945576563459329e-8,-0.9974965453147888],5,0.7624874114990234],[[766.5416870117188,229.60252380371095,46.662437438964847,-0.9977381825447083,1.657708708080463e-7,0.06722015887498856,1.6800659352611547e-7,1,2.760669026713458e-8,-0.06722015887498856,3.8837679738890077e-8,-0.9977381825447083],5,0.7712857723236084],[[766.2755737304688,229.37542724609376,46.67988204956055,-0.9979668855667114,1.2768522594797106e-7,0.0637345090508461,1.283740402868716e-7,1,6.712466138480977e-9,-0.0637345090508461,1.4880675358597273e-8,-0.9979668855667114],5,0.790001392364502],[[766.0094604492188,229.0938262939453,46.69825744628906,-0.9980772137641907,8.916808269532339e-8,0.06198243051767349,8.87517330738774e-8,1,-9.470327633209763e-9,-0.06198243051767349,-3.951070137730994e-9,-0.9980772137641907],5,0.8049757480621338],[[765.743408203125,228.75772094726563,46.717166900634769,-0.9980767965316773,5.0297391140929906e-8,0.06198975071310997,4.9082359510066456e-8,1,-2.1123321758409476e-8,-0.06198975071310997,-1.804009386319194e-8,-0.9980767965316773],5,0.8219151496887207],[[765.4775390625,228.3671112060547,46.736148834228519,-0.9980767965316773,1.107884539663928e-8,0.06198946014046669,9.334929274018578e-9,1,-2.8422068254485567e-8,-0.06198946014046669,-2.7788740197820517e-8,-0.9980767965316773],5,0.837867259979248],[[765.211669921875,227.92201232910157,46.755130767822269,-0.9980765581130981,-2.8517050054688299e-8,0.06199343502521515,-3.052663899438812e-8,1,-3.146904248296778e-8,-0.06199343502521515,-3.330096376430447e-8,-0.9980765581130981],5,0.8545665740966797],[[764.94580078125,227.4224090576172,46.774112701416019,-0.9980764389038086,-6.85270151734585e-8,0.06199551001191139,-7.054089934399599e-8,1,-3.029559891842837e-8,-0.06199551001191139,-3.461054376430184e-8,-0.9980764389038086],5,0.8739757537841797],[[764.6134643554688,226.72125244140626,46.7978401184082,-0.9954574704170227,-1.1801911625752837e-7,0.09520726650953293,-1.2066152521583718e-7,1,-2.1997200505552429e-8,-0.09520726650953293,-3.338513110406893e-8,-0.9954574704170227],5,0.8913226127624512],[[764.4140625,226.2596893310547,46.812076568603519,-0.9994811415672302,-1.506282956142968e-7,0.032209575176239017,-1.511782272700657e-7,1,-1.4638454892690334e-8,-0.032209575176239017,-1.9500246750681073e-8,-0.9994811415672302],5,0.9057917594909668],[[764.14794921875,225.59658813476563,46.83026123046875,-0.9976186156272888,-1.2230825063852536e-7,0.06897184252738953,-1.2254403713995999e-7,1,8.124215189475592e-10,-0.06897184252738953,-7.641602017827154e-9,-0.9976186156272888],5,0.9214694499969482],[[763.8818359375,224.8789825439453,46.84751892089844,-0.99737149477005,-9.465938433095289e-8,0.07245753705501557,-9.397864886295793e-8,1,1.2804131976906774e-8,-0.07245753705501557,5.961014792887909e-9,-0.99737149477005],5,0.9383738040924072],[[763.61572265625,224.10687255859376,46.86384582519531,-0.9968408942222595,-6.693846898997436e-8,0.07942412048578263,-6.544308917000308e-8,1,2.143077182381603e-8,-0.07942412048578263,1.6165310867677364e-8,-0.9968408942222595],5,0.9548349380493164],[[763.349365234375,223.2802734375,46.878448486328128,-0.9962618947029114,-3.912126089744561e-8,0.08638398349285126,-3.694151828881331e-8,1,2.683173505602099e-8,-0.08638398349285126,2.354028083573212e-8,-0.9962618947029114],5,0.9704596996307373],[[763.0830078125,222.5082244873047,46.89120101928711,-0.9999997019767761,-1.1253453280346548e-8,-0.0007390499813482165,-1.1274083888679343e-8,1,2.791102637900167e-8,0.0007390499813482165,2.7919352163507939e-8,-0.9999997019767761],7,0.9876296520233154],[[762.8165283203125,222.46005249023438,46.90129470825195,-0.9996862411499023,1.4165657091780304e-8,-0.025047678500413896,1.3459427350426268e-8,1,2.8364027571115004e-8,0.025047678500413896,2.801800036422719e-8,-0.9996862411499023],7,1.0055103302001954],[[762.5499267578125,222.54779052734376,46.90899658203125,-0.9998589158058167,3.8586598805068209e-8,-0.016797225922346116,3.8111846123456419e-8,1,2.8583755806721457e-8,0.016797225922346116,2.793954934077192e-8,-0.9998589158058167],8,1.0218663215637208],[[762.2833251953125,222.61358642578126,46.913970947265628,-0.9999493956565857,6.302169452965245e-8,-0.010058538988232613,6.273678820889472e-8,1,2.864031856120164e-8,0.010058538988232613,2.8007828944964787e-8,-0.9999493956565857],8,1.0377261638641358],[[762.0167236328125,222.6522674560547,46.91694641113281,-0.999978244304657,8.752684266255528e-8,-0.006600785534828901,8.733987755249473e-8,1,2.8612841873609797e-8,0.006600785534828901,2.8035707089202334e-8,-0.999978244304657],8,1.0545578002929688],[[761.7501220703125,222.67376708984376,46.91884994506836,-0.9999781847000122,1.1210818229301367e-7,-0.006604386493563652,1.1192182824970587e-7,1,2.8585683153892206e-8,0.006604386493563652,2.7845885597344023e-8,-0.9999781847000122],8,1.0717403888702393],[[761.4835205078125,222.685546875,46.92061233520508,-0.9999781847000122,1.0132101380122549e-7,-0.006604811176657677,1.01180425815528e-7,1,2.162036416564206e-8,0.006604811176657677,2.0951613777242529e-8,-0.9999781847000122],8,1.0873908996582032],[[761.2169189453125,222.6919708251953,46.922367095947269,-0.9999781847000122,5.5210794158710999e-8,-0.006604805123060942,5.51609709020795e-8,1,7.725733830454829e-9,0.006604805123060942,7.361237841507773e-9,-0.9999781847000122],8,1.1049206256866456],[[760.9503173828125,222.69546508789063,46.92412185668945,-0.9999881982803345,9.127053779423023e-9,-0.004860801622271538,9.156700286894193e-9,1,-6.076813718891572e-9,0.004860801622271538,-6.121251061586008e-9,-0.9999881982803345],8,1.1219711303710938],[[760.6837158203125,222.6973876953125,46.92548751831055,-0.9999881982803345,-3.690440664172456e-8,-0.004860801622271538,-3.680827020957622e-8,1,-1.9867570699716454e-8,0.004860801622271538,-1.968841800703558e-8,-0.9999881982803345],8,1.1380033493041993],[[760.4171142578125,222.69842529296876,46.92678451538086,-0.9999881982803345,-8.289654829241045e-8,-0.004860801622271538,-8.273397611446853e-8,1,-3.364654332926875e-8,0.004860801622271538,-3.3243992447751228e-8,-0.9999881982803345],8,1.1544079780578614],[[760.1505126953125,222.698974609375,46.92808151245117,-0.9999881982803345,-9.354441488085286e-8,-0.004860801622271538,-9.337687600918798e-8,1,-3.4695197825840299e-8,0.004860801622271538,-3.424090166959104e-8,-0.9999881982803345],8,1.1710140705108643],[[759.8839111328125,222.69927978515626,46.929378509521487,-0.990253210067749,-6.937631980008519e-8,0.13927875459194184,-7.183898986795612e-8,1,-1.2654281178470228e-8,-0.13927875459194184,-2.2536587707122636e-8,-0.990253210067749],8,1.1915440559387208],[[759.6173095703125,223.57240295410157,46.9306755065918,-0.9477262496948242,-4.6341856574372289e-8,0.31908461451530459,-4.726543778588166e-8,1,4.8487409642916649e-9,-0.31908461451530459,-1.048639486356251e-8,-0.9477262496948242],3,1.2141590118408204],[[759.3507080078125,224.39442443847657,46.93197250366211,-0.8897408843040466,-2.402193288730814e-8,0.4564659297466278,-2.0524792532228277e-8,1,1.2619093325838549e-8,-0.4564659297466278,1.8588548478248868e-9,-0.8897408843040466],5,1.2272138595581055],[[759.0841064453125,225.1619415283203,46.93326950073242,-0.8201444149017334,-2.0082269180932146e-9,0.5721566081047058,6.656969198104434e-9,1,1.3052201985885859e-8,-0.5721566081047058,1.4513519275283216e-8,-0.8201444149017334],5,1.2399160861968995],[[758.8175048828125,225.87496948242188,46.93416976928711,-0.7392799258232117,1.9919191629469425e-8,0.6733982563018799,3.3303049207233929e-8,1,6.981133005012907e-9,-0.6733982563018799,2.7587226725245274e-8,-0.7392799258232117],5,1.2612533569335938],[[758.5509033203125,226.5334930419922,46.93500518798828,-0.6563518643379211,4.190466640352497e-8,0.7544549107551575,5.859315876932669e-8,1,-4.568777356439568e-9,-0.7544549107551575,4.1207172785107107e-8,-0.6563518643379211],5,1.2704732418060303],[[758.2843017578125,227.13751220703126,46.935829162597659,-0.5774067640304565,6.401710805903349e-8,0.8164566159248352,8.22423373847414e-8,1,-2.024580503245943e-8,-0.8164566159248352,5.545723880118203e-8,-0.5774067640304565],5,1.2866623401641846],[[758.0177001953125,227.68702697753907,46.93665313720703,-0.5048145055770874,8.626972203273908e-8,0.8632278442382813,1.043026145453041e-7,1,-3.8942499003269407e-8,-0.8632278442382813,7.037818505750693e-8,-0.5048145055770874],5,1.3040635585784913],[[757.7510986328125,228.1820526123047,46.937477111816409,-0.43941906094551089,1.0864677335575834e-7,0.8982821702957153,1.2497216062001827e-7,1,-5.981596729043304e-8,-0.8982821702957153,8.597599077120322e-8,-0.43941906094551089],5,1.3218297958374024],[[757.4844970703125,228.62257385253907,46.93830108642578,-0.38130176067352297,1.3112088481648244e-7,0.9244506359100342,1.4450408514221636e-7,1,-8.223394587503208e-8,-0.9244506359100342,1.0223094193406723e-7,-0.38130176067352297],5,1.338186264038086],[[757.2178955078125,229.0085906982422,46.939125061035159,-0.3301379978656769,1.1097171892515689e-7,0.9439326524734497,1.1757953188862303e-7,1,-7.644003829909707e-8,-0.9439326524734497,8.575140242328416e-8,-0.3301379978656769],5,1.3560383319854737],[[756.9512939453125,229.34010314941407,46.93994903564453,-0.285396933555603,7.656093004015929e-8,0.9584094285964966,7.694395520729813e-8,1,-5.697081206790244e-8,-0.9584094285964966,5.74845167022886e-8,-0.285396933555603],5,1.3779525756835938],[[756.6846923828125,229.61712646484376,46.940773010253909,-0.24646128714084626,4.213466198166316e-8,0.9691526293754578,3.7945813602391357e-8,1,-3.382592339562507e-8,-0.9691526293754578,2.843849777889318e-8,-0.24646128714084626],5,1.3895654678344727],[[756.4180908203125,229.8396453857422,46.94159698486328,-0.2126958668231964,7.716967509452389e-9,0.9771184325218201,3.6327033048344506e-10,1,-7.818599989661834e-9,-0.9771184325218201,-1.3080295735434789e-9,-0.2126958668231964],5,1.4042868614196778],[[756.1762084960938,230.00765991210938,46.942344665527347,-0.20256438851356507,-2.6675895270500406e-8,0.9792689681053162,-3.625678957064338e-8,1,1.974080809930001e-8,-0.9792689681053162,-3.150636374016358e-8,-0.20256438851356507],5,1.4212729930877686],[[755.9740600585938,230.12118530273438,46.942970275878909,-0.2013915628194809,-6.10392589805997e-8,0.9795108437538147,-7.27945774769978e-8,1,4.73491894581457e-8,-0.9795108437538147,-6.176735212193307e-8,-0.2013915628194809],5,1.438337802886963],[[755.8116455078125,230.18020629882813,46.94347381591797,-0.2012559175491333,-9.537321687957956e-8,0.9795386791229248,-1.0932445348998954e-7,1,7.490364595241772e-8,-0.9795386791229248,-9.20127334325116e-8,-0.2012559175491333],5,1.455338478088379],[[755.6890258789063,230.18472290039063,46.94385528564453,-0.20124024152755738,-1.0299680752723362e-7,0.9795418977737427,-1.1607679084590927e-7,1,8.130074036216684e-8,-0.9795418977737427,-9.734110051340395e-8,-0.20124024152755738],5,1.470224142074585],[[755.5564575195313,230.13475036621095,46.94426727294922,-0.18321651220321656,-8.394814443590804e-8,0.9830725789070129,-9.176130788546289e-8,1,6.82919605310417e-8,-0.9830725789070129,-7.769580889771533e-8,-0.18321651220321656],5,1.4884593486785889],[[755.3840942382813,230.0302734375,46.944801330566409,-0.15962570905685426,-6.492904702781743e-8,0.9871776103973389,-6.74382150123165e-8,1,5.486771215146291e-8,-0.9871776103973389,-5.7815196186083997e-8,-0.15962570905685426],5,1.5128452777862549],[[755.1719970703125,229.8712921142578,46.945457458496097,-0.13795728981494904,-4.594416935788104e-8,0.9904381632804871,-4.3662769400043547e-8,1,4.03059701170605e-8,-0.9904381632804871,-3.768477085941413e-8,-0.13795728981494904],5,1.520373821258545],[[754.921142578125,229.65782165527345,46.94623565673828,-0.11907272040843964,-2.6995413904273847e-8,0.9928855299949646,-2.042037294813781e-8,1,2.4739915005511649e-8,-0.9928855299949646,-1.7329243817698626e-8,-0.11907272040843964],5,1.538215160369873],[[754.655029296875,229.3898468017578,46.947059631347659,-0.10278146713972092,-8.083266500591435e-9,0.9947039484977722,2.374681118411104e-9,1,8.37167668521488e-9,-0.9947039484977722,3.222558220272731e-9,-0.10278146713972092],5,1.5556676387786866],[[754.388427734375,229.06736755371095,46.94788360595703,-0.08876048773527146,1.0792660098957186e-8,0.9960529804229736,2.4807098597534606e-8,1,-8.624811975721514e-9,-0.9960529804229736,2.3943641735968414e-8,-0.08876048773527146],5,1.5721547603607178],[[754.121826171875,228.6903839111328,46.948707580566409,-0.0767025277018547,2.9633309139853737e-8,0.9970540404319763,4.695073485549983e-8,1,-2.610898519606053e-8,-0.9970540404319763,4.4809791432953719e-8,-0.0767025277018547],5,1.5879456996917725],[[753.855224609375,228.25889587402345,46.94953155517578,-0.06633658707141876,4.843994361181103e-8,0.9977973103523254,6.88679477889309e-8,1,-4.396832764541614e-8,-0.9977973103523254,6.579954003882449e-8,-0.06633658707141876],5,1.6037421226501465],[[753.588623046875,227.77291870117188,46.950355529785159,-0.057427361607551578,6.721401746290212e-8,0.998349666595459,9.061051997605318e-8,1,-6.211300274117093e-8,-0.998349666595459,8.689399777495055e-8,-0.057427361607551578],5,1.6205816268920899],[[753.322021484375,227.23243713378907,46.95117950439453,-0.04977143928408623,8.595706191272257e-8,0.9987606406211853,1.1222086726547787e-7,1,-8.047139488098765e-8,-0.9987606406211853,1.0807660544287501e-7,-0.04977143928408623],5,1.6374084949493409],[[753.055419921875,226.637451171875,46.952003479003909,-0.04319331422448158,1.0467058331187218e-7,0.9990667104721069,1.3373328044963274e-7,1,-9.898658248630454e-8,-0.9990667104721069,1.2933290349792515e-7,-0.04319331422448158],5,1.6537749767303467],[[752.788818359375,225.98797607421876,46.95282745361328,-0.03754178062081337,7.924884926069353e-8,0.9992950558662415,9.970780467938312e-8,1,-7.555890846333568e-8,-0.9992950558662415,9.680089618768761e-8,-0.03754178062081337],5,1.6714591979980469],[[752.522216796875,225.28399658203126,46.953651428222659,-0.03268663212656975,5.386554136066479e-8,0.9994656443595886,6.593043622160622e-8,1,-5.1738144435375946e-8,-0.9994656443595886,6.420405895823933e-8,-0.03268663212656975],5,1.6881957054138184],[[752.255615234375,224.5255126953125,46.95447540283203,-0.02851586602628231,2.851861502506381e-8,0.9995933175086975,3.235560797065773e-8,1,-2.760719475247697e-8,-0.9995933175086975,3.155520644781973e-8,-0.02851586602628231],5,1.7038631439208985],[[751.989013671875,223.71253967285157,46.955299377441409,-0.02493315190076828,3.206229060026544e-9,0.9996891021728516,-1.0542895445553314e-9,1,-3.2335210065070898e-9,-0.9996891021728516,-1.1345836492537842e-9,-0.02493315190076828],5,1.7219569683074952],[[751.722412109375,222.84506225585938,46.95612335205078,-0.02185565046966076,-2.207328364534078e-8,0.999761164188385,-3.433007478292893e-8,1,2.1328071753146106e-8,-0.999761164188385,-3.385573421610388e-8,-0.02185565046966076],5,1.7390592098236085],[[751.455810546875,221.92308044433595,46.956947326660159,-0.019212178885936738,-4.7321400131750127e-8,0.9998154044151306,-6.749683478801671e-8,1,4.603313286111188e-8,-0.9998154044151306,-6.659998064151296e-8,-0.019212178885936738],5,1.7573740482330323],[[751.189208984375,220.9466094970703,46.95738220214844,-0.016781054437160493,-7.253918710148355e-8,0.9998592138290405,-1.0056471211328244e-7,1,7.086158149149924e-8,-0.9998592138290405,-9.936142220112743e-8,-0.016781054437160493],5,1.7783761024475098],[[750.922607421875,220.94801330566407,46.95695495605469,-0.014300423674285412,-5.4716469577442697e-8,0.9998977184295654,-7.43161976402007e-8,1,5.365920330291374e-8,-0.9998977184295654,-7.35412513108713e-8,-0.014300423674285412],7,1.7888784408569337],[[750.656005859375,221.23635864257813,46.955204010009769,-0.01153357233852148,-3.6916340206971657e-8,0.9999334812164307,-4.813263032588111e-8,1,3.636361967096491e-8,-0.9999334812164307,-4.7710024375646756e-8,-0.01153357233852148],7,1.8058080673217774],[[750.389404296875,221.43885803222657,46.952457427978519,-0.008596228435635567,-1.9139568152581888e-8,0.9999630451202393,-2.202820148511364e-8,1,1.8950908398096545e-8,-0.9999630451202393,-2.1864480004296639e-8,-0.008596228435635567],8,1.8233025074005128],[[750.122802734375,221.55628967285157,46.94917678833008,-0.005730374250560999,-1.38636646607182e-9,0.9999836087226868,3.988101848761971e-9,1,1.4092429445611288e-9,-0.9999836087226868,3.996111885840037e-9,-0.005730374250560999],8,1.8392601013183594],[[749.856201171875,221.6213836669922,46.94581985473633,-0.003167355665937066,1.6343745912195119e-8,0.9999949932098389,2.992103986798611e-8,1,-1.6249057210870889e-8,-0.9999949932098389,2.9869426043660499e-8,-0.003167355665937066],8,1.8548707962036133],[[749.589599609375,221.65699768066407,46.94246292114258,-0.0009492310346104205,3.405169124448548e-8,0.9999995231628418,5.5783498709160997e-8,1,-3.3998755810671358e-8,-0.9999995231628418,5.575119743639334e-8,-0.0009492310346104205],8,1.8729650974273682],[[749.322998046875,221.67642211914063,46.93910598754883,0.000958695134613663,5.1738407336188177e-8,0.9999995231628418,8.158762199172998e-8,1,-5.18166487495364e-8,-0.9999995231628418,8.163726050725018e-8,0.000958695134613663],8,1.8896429538726807],[[749.056396484375,221.68699645996095,46.93574905395508,0.0025978952180594208,5.966705884929979e-8,0.9999966025352478,9.238973319725119e-8,1,-5.990728624283293e-8,-0.9999966025352478,9.254505073386099e-8,0.0025978952180594208],8,1.9055430889129639],[[748.789794921875,221.6927490234375,46.93716049194336,0.002075598808005452,3.838693274360594e-8,0.9999978542327881,5.8452847895296148e-8,1,-3.850833962815159e-8,-0.9999978542327881,5.853265250266304e-8,0.002075598808005452],8,1.9216291904449463],[[748.5236206054688,221.69589233398438,46.952083587646487,-0.004376680124551058,1.7112268935193243e-8,0.9999904036521912,2.4674285725723167e-8,1,-1.7004440522327969e-8,-0.9999904036521912,2.4599627224120014e-8,-0.004376680124551058],8,1.937986135482788],[[748.2597045898438,221.69761657714845,46.98930358886719,-0.020547527819871904,-4.18628243181729e-9,0.9997888803482056,-9.218686258805065e-9,1,3.997704833835769e-9,-0.9997888803482056,-9.134596190563116e-9,-0.020547527819871904],8,1.9552133083343506],[[748.0018310546875,221.69854736328126,47.05636215209961,-0.04940144345164299,-2.5545897841539046e-8,0.9987789988517761,-4.371539219505394e-8,1,2.3414880701011499e-8,-0.9987789988517761,-4.2505284625349307e-8,-0.04940144345164299],8,1.9711613655090333],[[747.756103515625,221.69906616210938,47.15895462036133,-0.09296375513076782,-4.700180866734627e-8,0.9956694841384888,-7.937025969795286e-8,1,3.979558726996402e-8,-0.9956694841384888,-7.53270015252383e-8,-0.09296375513076782],8,1.9880390167236329],[[747.6299438476563,221.6993408203125,47.21443557739258,-0.10742872208356857,-5.861114260596878e-8,0.994212806224823,-9.797351196993987e-8,1,4.83658766370354e-8,-0.994212806224823,-9.22106337952755e-8,-0.10742872208356857],8,2.0084896087646486],[[747.621826171875,221.69949340820313,47.218021392822269,-0.10909976065158844,-4.0476010099155249e-8,0.9940308332443237,-6.67086865746569e-8,1,3.339746257324805e-8,-0.9940308332443237,-6.266683527655914e-8,-0.10909976065158844],8,2.0290591716766359],[[747.6216430664063,221.69956970214845,47.21809387207031,-0.10929293930530548,-2.2354674555913335e-8,0.9940095543861389,-3.5400681497321787e-8,1,1.8597033246692264e-8,-0.9940095543861389,-3.315609475862402e-8,-0.10929293930530548],8,2.039017677307129],[[747.6216430664063,221.69961547851563,47.21809387207031,-0.10931649804115296,2.754704520047113e-10,0.9940069913864136,3.7036937960976958e-9,1,1.3018458533409217e-10,-0.9940069913864136,3.695729056119035e-9,-0.10931649804115296],8,2.0576865673065187],[[747.6216430664063,221.69961547851563,47.21809387207031,-0.10931798815727234,1.8362205977950908e-8,0.9940068125724793,3.4957409411617849e-8,1,-1.4628403377514588e-8,-0.9940068125724793,3.314875485216362e-8,-0.10931798815727234],8,2.076404094696045],[[747.49609375,221.69961547851563,47.189659118652347,-0.0788746327161789,3.640066381649376e-8,0.9968845248222351,6.539934105376233e-8,1,-3.133995818416224e-8,-0.9968845248222351,6.272366448456524e-8,-0.0788746327161789],8,2.094517946243286],[[747.3079223632813,221.69961547851563,47.1551628112793,-0.052139028906822208,4.9857760586746738e-8,0.9986398220062256,8.763934999933554e-8,1,-4.535001707495212e-8,-0.9986398220062256,8.515564076105875e-8,-0.052139028906822208],8,2.11208438873291],[[747.0442504882813,221.69961547851563,47.1192741394043,-0.02479199692606926,4.972017109139415e-8,0.9996926188468933,8.584438404568573e-8,1,-4.760654803703801e-8,-0.9996926188468933,8.463773326639057e-8,-0.02479199692606926],8,2.1234283447265627],[[746.7787475585938,221.69961547851563,47.095375061035159,-0.00705464044585824,3.163578909948228e-8,0.9999751448631287,5.350415221982985e-8,1,-3.125911618440114e-8,-0.9999751448631287,5.328229946144347e-8,-0.00705464044585824],8,2.138293743133545],[[746.5123901367188,221.69961547851563,47.0843505859375,0.0015586981317028404,1.361284240886107e-8,0.9999988079071045,2.1762868840369266e-8,1,-1.3646780594456232e-8,-0.9999988079071045,2.1784114068168493e-8,0.0015586981317028404],8,2.1540050506591799],[[746.2457885742188,221.69961547851563,47.08596420288086,0.002262852154672146,-4.3781711589474529e-9,0.9999974370002747,-9.737028072720478e-9,1,4.4002161914136199e-9,-0.9999974370002747,-9.746959683809564e-9,0.002262852154672146],8,2.1713547706604006],[[745.9794311523438,221.69961547851563,47.09895706176758,-0.05186992883682251,-1.2520509962143933e-8,-0.9986538290977478,2.2251152032026768e-8,1,-1.369310886900621e-8,0.9986538290977478,-2.2931459398023436e-8,-0.05186992883682251],8,2.191283941268921],[[745.7130737304688,221.6655731201172,47.11359786987305,-0.10755261033773422,-3.3033934698778469e-8,-0.9941993951797485,5.2063203526131477e-8,1,-3.885887167598412e-8,0.9941993951797485,-5.594057839175548e-8,-0.10755261033773422],8,2.2123539447784426],[[745.4467163085938,221.5770263671875,47.128273010253909,-0.08790510147809982,-6.283349307523167e-8,-0.9961288571357727,8.125187633822861e-8,1,-7.024788573062324e-8,0.9961288571357727,-8.711248966619678e-8,-0.08790510147809982],8,2.2234458923339845],[[745.1803588867188,221.43397521972657,47.14295196533203,-0.08168753236532211,-5.307268935439424e-8,-0.9966579675674439,5.661592794581338e-8,1,-5.789097912156649e-8,0.9966579675674439,-6.115568851328135e-8,-0.08168753236532211],8,2.2390804290771486],[[744.9140014648438,221.23643493652345,47.157630920410159,-0.06958021968603134,-4.123909036479745e-8,-0.9975763559341431,3.3216178252359899e-8,1,-4.365608674561372e-8,0.9975763559341431,-3.6173275930195817e-8,-0.06958021968603134],8,2.259636878967285],[[744.6476440429688,222.10955810546876,47.17230987548828,-0.06599454581737519,-2.6231200322968108e-8,-0.9978199601173401,1.1026494384225316e-8,1,-2.7017787118666093e-8,0.9978199601173401,-1.278548289462833e-8,-0.06599454581737519],3,2.2753615379333498],[[744.4061889648438,222.93157958984376,47.18561553955078,0.07425987720489502,-8.056383116183952e-9,-0.9972389340400696,-8.003679496937366e-9,1,-8.674685858522935e-9,0.9972389340400696,8.625762326630593e-9,0.07425987720489502],5,2.2962114810943605],[[744.204345703125,223.6990966796875,47.196739196777347,0.12951870262622834,1.266858173920582e-8,-0.9915769696235657,-2.675303889532188e-8,1,9.281743373890095e-9,0.9915769696235657,2.5325537222897766e-8,0.12951870262622834],5,2.3107359409332277],[[744.042236328125,224.41212463378907,47.20567321777344,0.1358850747346878,3.3001505528318378e-8,-0.9907246232032776,-4.557022847961889e-8,1,2.7060185203708899e-8,0.9907246232032776,4.147047150127037e-8,0.1358850747346878],5,2.321258068084717],[[743.9197387695313,225.07064819335938,47.21242141723633,0.1366209089756012,5.316829998491812e-8,-0.990623414516449,-6.439422861603816e-8,1,4.4790688491502809e-8,0.990623414516449,5.767108390841713e-8,0.1366209089756012],5,2.3384766578674318],[[743.8367919921875,225.67466735839845,47.215538024902347,0.13670603930950166,7.328866047373595e-8,-0.9906116724014282,-8.320630939806506e-8,1,6.25006322252375e-8,0.9906116724014282,7.388092626570142e-8,0.13670603930950166],5,2.3544487953186037],[[743.7933349609375,226.22418212890626,47.21415710449219,0.1367158740758896,9.338705098116407e-8,-0.9906103014945984,-1.020029642972986e-7,1,8.019462427455437e-8,0.9906103014945984,9.008130774645906e-8,0.1367158740758896],5,2.37082576751709],[[743.789306640625,226.71920776367188,47.208274841308597,0.1367170661687851,1.1346756423336046e-7,-0.9906101226806641,-1.2078366751211434e-7,1,9.787339649847127e-8,0.9906101226806641,1.0626855839745986e-7,0.1367170661687851],5,2.387482166290283],[[743.8247680664063,227.15972900390626,47.19789123535156,0.13671721518039704,1.2028515072870506e-7,-0.9906101226806641,-1.2588739650709614e-7,1,1.0405121031453746e-7,0.9906101226806641,1.1047974624034396e-7,0.13671721518039704],5,2.403520345687866],[[743.899658203125,227.54574584960938,47.18301010131836,0.13671714067459107,8.737691103988254e-8,-0.9906101226806641,-9.002151557524485e-8,1,7.578100280625222e-8,0.9906101226806641,7.881566688183739e-8,0.13671714067459107],5,2.420881748199463],[[744.0140380859375,227.87725830078126,47.16362762451172,0.13671720027923585,5.449680173796878e-8,-0.9906101226806641,-5.418629100972794e-8,1,4.7534950198269146e-8,0.9906101226806641,4.7178641437994887e-8,0.13671720027923585],5,2.436844825744629],[[744.1679077148438,228.15428161621095,47.139747619628909,0.13671712577342988,2.1644778414042777e-8,-0.9906101226806641,-1.8381694388835969e-8,1,1.9313032950663e-8,0.9906101226806641,1.5568669908816447e-8,0.13671712577342988],5,2.4579055309295656],[[744.3612060546875,228.37680053710938,47.111366271972659,0.13671718537807465,-1.1179159820073892e-8,-0.9906101226806641,1.7392297380069978e-8,1,-8.884761371064087e-9,0.9906101226806641,-1.6014286785548394e-8,0.13671718537807465],5,2.4715845584869386],[[744.593994140625,228.54481506347657,47.078487396240237,0.13671724498271943,-4.397504582698275e-8,-0.9906101226806641,5.3135707389628808e-8,1,-3.705845230683735e-8,0.9906101226806641,-4.757023930324067e-8,0.13671724498271943],5,2.4870452880859377],[[744.8555908203125,228.65834045410157,47.042327880859378,0.13671717047691346,-7.674290714021481e-8,-0.9906101226806641,8.884856583790679e-8,1,-6.520807716015043e-8,0.9906101226806641,-7.909922317139717e-8,0.13671717047691346],5,2.504218101501465],[[745.1196899414063,228.7173614501953,47.00587844848633,0.13671723008155824,-1.094827766223716e-7,-0.9906101226806641,1.2453089937025653e-7,1,-9.333364658914434e-8,0.9906101226806641,-1.1060124904815894e-7,0.13671723008155824],5,2.5216195583343508],[[745.3838500976563,228.7218780517578,46.969425201416019,0.13671715557575227,-9.05591193145483e-8,-0.9906101226806641,1.0209859624410456e-7,1,-7.732657536507759e-8,0.9906101226806641,-9.056803662588209e-8,0.13671715557575227],5,2.5371053218841554],[[745.6480102539063,228.67190551757813,46.9329719543457,0.1335751861333847,-7.133463952868624e-8,-0.9910386800765991,7.976276350518674e-8,1,-6.122900941818443e-8,0.9910386800765991,-7.086930509103695e-8,0.1335751861333847],5,2.5568506717681886],[[745.9122314453125,228.5674285888672,46.897300720214847,0.13023999333381654,-5.217212617480982e-8,-0.9914824962615967,5.7507612893914487e-8,1,-4.506618722643907e-8,0.9914824962615967,-5.114837264841299e-8,0.13023999333381654],5,2.579685926437378],[[746.1766357421875,228.408447265625,46.862548828125,0.12049463391304016,-3.273385473789858e-8,-0.992713987827301,3.546218607652918e-8,1,-2.8669740359532626e-8,0.992713987827301,-3.174925922166949e-8,0.12049463391304016],5,2.59075927734375],[[746.4412841796875,228.45620727539063,46.83030319213867,0.11285213381052017,-1.3615197858030115e-8,-0.9936118125915527,1.3534046772178954e-8,1,-1.2165568108457592e-8,0.9936118125915527,-1.2074678146234419e-8,0.11285213381052017],7,2.611612558364868],[[746.7061767578125,228.5536651611328,46.80003356933594,0.09512808173894882,5.447372775080339e-9,-0.9954650402069092,-8.087076786011949e-9,1,4.6993759994506949e-9,0.9954650402069092,7.603359719610126e-9,0.09512808173894882],7,2.621018886566162],[[746.9715576171875,228.6180419921875,46.773990631103519,0.028852196410298349,2.375930741038701e-8,-0.9995836615562439,-2.8524166140186936e-8,1,2.2945874533775169e-8,0.9995836615562439,2.7850253658812109e-8,0.028852196410298349],8,2.6383743286132814],[[747.2379760742188,228.65487670898438,46.76369094848633,-0.05321959778666496,4.020781219082892e-8,-0.9985828399658203,-4.737987779890318e-8,1,4.278999199414102e-8,0.9985828399658203,4.95899996622029e-8,-0.05321959778666496],8,2.6541030406951906],[[747.5043334960938,228.6752166748047,46.77461242675781,-0.17476104199886323,5.292825022706893e-8,-0.9846108555793762,-6.346297709569626e-8,1,6.501970517547307e-8,0.9846108555793762,7.384925027054124e-8,-0.17476104199886323],8,2.671570301055908],[[747.7676391601563,228.68634033203126,46.815181732177737,-0.31471729278564455,6.110204253673146e-8,-0.9491854310035706,-7.594918827180664e-8,1,8.955527164289379e-8,0.9491854310035706,1.002744625111518e-7,-0.31471729278564455],8,2.6893913745880129],[[748.0228271484375,228.69241333007813,46.891502380371097,-0.45235979557037356,4.065145375875545e-8,-0.8918355107307434,-5.324987384369706e-8,1,7.259136225457041e-8,0.8918355107307434,8.032754550413301e-8,-0.45235979557037356],8,2.704375743865967],[[748.0590209960938,228.69570922851563,46.926700592041019,-0.5