[[[776.0277099609375,222.69961547851563,47.142364501953128,-8.44692832390262e-14,-9.192461192242263e-8,1,-6.384853890040176e-8,1,9.192461192242263e-8,-1,-6.384853890040176e-8,-9.033853038461354e-14],8,0.005804777145385742],[[776.0277099609375,222.69961547851563,47.142364501953128,-8.468611689725972e-14,-8.995429823244194e-8,1,-6.248000516961838e-8,1,8.995429823244194e-8,-1,-6.248000516961838e-8,-9.030646510536228e-14],8,0.0176699161529541],[[776.0277099609375,222.69961547851563,47.142364501953128,-8.621411690026143e-14,-6.516820860724693e-8,1,-4.526420838146805e-8,1,6.516820860724693e-8,-1,-4.526420838146805e-8,-8.916390575094274e-14],8,0.028881072998046876],[[776.0277099609375,222.69961547851563,47.142364501953128,-8.700798328348247e-14,-4.865297142941927e-8,1,-3.37931389537971e-8,1,4.865297142941927e-8,-1,-3.37931389537971e-8,-8.865211489168454e-14],8,0.03915882110595703],[[776.0277099609375,222.69961547851563,47.142364501953128,-8.784758944585525e-14,-2.3893344192060796e-8,1,-1.659572745893456e-8,1,2.3893344192060796e-8,-1,-1.659572745893456e-8,-8.824411606165109e-14],8,0.05147194862365723],[[776.0277099609375,222.69961547851563,47.142364501953128,-8.830632216129744e-14,9.094816455501587e-9,1,6.317010914358434e-9,1,-9.094816455501587e-9,-1,6.317010914358434e-9,-8.836377132391202e-14],8,0.06598782539367676],[[776.0277099609375,222.69961547851563,47.142364501953128,-8.800986740602201e-14,4.205479697816372e-8,1,2.92101720589244e-8,1,-4.205479697816372e-8,-1,2.92101720589244e-8,-8.92382955725024e-14],8,0.08951878547668457],[[776.0277099609375,222.69961547851563,47.142364501953128,-8.695986503581485e-14,7.498662313309979e-8,1,5.208377018561805e-8,1,-7.498662313309979e-8,-1,5.208377018561805e-8,-9.086544586417791e-14],8,0.09921669960021973],[[776.0277099609375,222.69961547851563,47.142364501953128,-8.701899471179678e-14,7.881227759298781e-8,1,5.4740965538258027e-8,1,-7.881227759298781e-8,-1,5.4740965538258027e-8,-9.13332519965511e-14],8,0.11577343940734863],[[776.0277099609375,222.69961547851563,47.142364501953128,-8.836480131597588e-14,5.35690318770321e-8,1,3.7207666281346977e-8,1,-5.35690318770321e-8,-1,3.7207666281346977e-8,-9.03579782610825e-14],8,0.13321781158447267],[[776.0277099609375,222.69961547851563,47.142364501953128,-8.90730360563613e-14,3.4650746272291147e-8,1,2.4067523085591348e-8,1,-3.4650746272291147e-8,-1,2.4067523085591348e-8,-8.990699759117357e-14],8,0.14637422561645509],[[776.0277099609375,222.69961547851563,47.142364501953128,-8.962844572427131e-14,9.44522238199852e-9,1,6.560432641578018e-9,1,-9.44522238199852e-9,-1,6.560432641578018e-9,-8.969041465469244e-14],8,0.16066694259643556],[[776.0277099609375,222.69961547851563,47.142364501953128,-8.97550873142812e-14,-9.444790727286545e-9,1,-6.560068044336731e-9,1,9.444790727286545e-9,-1,-6.560068044336731e-9,-8.981704946843874e-14],8,0.17406773567199708],[[776.0277099609375,222.69961547851563,47.142364501953128,-8.963392772150594e-14,-2.8322700629246357e-8,1,-1.967215901288455e-8,1,2.8322700629246357e-8,-1,-1.967215901288455e-8,-9.019109921794624e-14],8,0.18547940254211427],[[776.0277099609375,222.69961547851563,47.142364501953128,-8.941573881055681e-14,-4.090125571565295e-8,1,-2.8408884134023539e-8,1,4.090125571565295e-8,-1,-2.8408884134023539e-8,-9.057769860760026e-14],8,0.1954658031463623],[[776.0277099609375,222.69961547851563,47.142364501953128,-8.888267725992716e-14,-5.975901018473451e-8,1,-4.1506972081606366e-8,1,5.975901018473451e-8,-1,-4.1506972081606366e-8,-9.136309466134876e-14],8,0.20630455017089845],[[776.0277099609375,222.69961547851563,47.142364501953128,-8.839032750087433e-14,-7.232412713165104e-8,1,-5.023436600026798e-8,1,7.232412713165104e-8,-1,-5.023436600026798e-8,-9.202348898087326e-14],8,0.21711421012878419],[[775.8660278320313,222.69961547851563,47.14130783081055,0.0006009895005263388,-9.743774853632203e-8,0.9999998211860657,-6.762410720284606e-8,1,9.747840579166223e-8,-0.9999998211860657,-6.768267724055477e-8,0.0006009895005263388],8,0.23443984985351563],[[775.6694946289063,222.69961547851563,47.14002227783203,0.0011877190554514528,-7.289875725291495e-8,0.9999992847442627,-5.054963381212474e-8,1,7.295884074665082e-8,-0.9999992847442627,-5.0636252524327577e-8,0.0011877190554514528],8,0.25346899032592776],[[775.4030151367188,222.69961547851563,47.138282775878909,0.0019224188290536404,-4.020630228751543e-8,0.999998152256012,-2.783155572672058e-8,1,4.025988076250542e-8,-0.999998152256012,-2.7908901856221747e-8,0.0019224188290536404],8,0.2626965045928955],[[775.2697143554688,222.69961547851563,47.137413024902347,0.0022539256606251,-2.3871251642049175e-8,0.9999974370002747,-1.64923630308067e-8,1,2.3908485857759844e-8,-0.9999974370002747,-1.654620973567944e-8,0.0022539256606251],8,0.27229762077331545],[[775.0697631835938,222.69961547851563,47.1361083984375,0.002703726524487138,6.174560307492527e-10,0.9999963641166687,4.94021712427184e-10,1,-6.187939605162285e-10,-0.9999963641166687,4.956929866573034e-10,0.002703726524487138],8,0.2815990447998047],[[774.9364624023438,222.69961547851563,47.13523864746094,0.0029761111363768579,1.693406481706461e-8,0.9999955892562866,1.180470476924711e-8,1,-1.6969272209621523e-8,-0.9999955892562866,1.1855155079842916e-8,0.0029761111363768579],8,0.2933692932128906],[[774.6698608398438,222.69961547851563,47.13349914550781,0.003468761220574379,4.9545345603974059e-8,0.9999939799308777,3.4396556714000329e-8,1,-4.966495836811191e-8,-0.9999939799308777,3.456862884831935e-8,0.003468761220574379],8,0.31627893447875979],[[774.3366088867188,222.69961547851563,47.131324768066409,0.004002247471362352,9.026854996818656e-8,0.9999920129776001,6.25866363179739e-8,1,-9.051976235241455e-8,-0.9999920129776001,6.294841625731351e-8,0.004002247471362352],8,0.32679200172424319],[[774.2033081054688,222.69961547851563,47.129764556884769,0.004438784904778004,7.782414712664831e-8,0.9999901652336121,5.392005064663863e-8,1,-7.806426083334373e-8,-0.9999901652336121,5.4266028115534939e-8,0.004438784904778004],8,0.3509542942047119],[[773.8700561523438,222.69961547851563,47.124271392822269,0.0063048978336155418,4.673930220633338e-8,0.9999801516532898,3.225562394959525e-8,1,-4.694360455914648e-8,-0.9999801516532898,3.2550957485000256e-8,0.0063048978336155418],8,0.3599867820739746],[[773.6701049804688,222.69961547851563,47.120304107666019,0.007649739272892475,2.8106898142254978e-8,0.9999707341194153,1.9295210762493299e-8,1,-2.8255326967041584e-8,-0.9999707341194153,1.951079298123659e-8,0.007649739272892475],8,0.36893391609191897],[[773.5368041992188,222.69961547851563,47.11723327636719,0.008660555817186833,1.569317653604685e-8,0.9999625086784363,1.0674993333736893e-8,1,-1.5786220330937796e-8,-0.9999625086784363,1.0811310069414049e-8,0.008660555817186833],8,0.37992310523986819],[[773.3368530273438,222.69961547851563,47.11188888549805,0.010417129844427109,-2.9152600333759439e-9,0.9999457597732544,-2.219101569167492e-9,1,2.938536081131815e-9,-0.9999457597732544,-2.2495920681819827e-9,0.010417129844427109],8,0.39098381996154787],[[773.1369018554688,222.69961547851563,47.106117248535159,0.012273217551410199,-2.1508828496052957e-8,0.9999246597290039,-1.506165325793063e-8,1,2.1695317542480553e-8,-0.9999246597290039,-1.532679050342267e-8,0.012273217551410199],8,0.40268874168395998],[[772.9369506835938,222.69961547851563,47.09999084472656,0.014141904190182686,-4.008741427696805e-8,0.9998999834060669,-2.785116492987072e-8,1,4.048532886713474e-8,-0.9998999834060669,-2.8420918951610475e-8,0.014141904190182686],8,0.4150419235229492],[[772.5370483398438,222.69961547851563,47.08634948730469,0.018132267519831659,-7.719910399828223e-8,0.9998356103897095,-5.325431828850924e-8,1,7.817757818884275e-8,-0.9998356103897095,-5.4663100712559756e-8,0.018132267519831659],8,0.44567060470581057],[[772.3370971679688,222.69961547851563,47.07917404174805,0.0200209841132164,-9.573204806656577e-8,0.9997995495796204,-6.588160772480478e-8,1,9.707051873419914e-8,-0.9997995495796204,-6.78118468044886e-8,0.0200209841132164],8,0.4531111717224121],[[772.2039184570313,222.69961547851563,47.07366180419922,0.02142193727195263,-7.966905002376734e-8,0.9997705221176148,-5.4718633180073087e-8,1,8.085978464578148e-8,-0.9997705221176148,-5.643824962930921e-8,0.02142193727195263],8,0.4625704288482666],[[772.004150390625,222.69961547851563,47.06477737426758,0.023700818419456483,-5.559162374879634e-8,0.9997190833091736,-3.8025781634587477e-8,1,5.650874257412397e-8,-0.9997190833091736,-3.935440417990321e-8,0.023700818419456483],8,0.47423529624938967],[[771.8709716796875,222.69961547851563,47.05862045288086,0.02523725852370262,-3.955154426193985e-8,0.9996814727783203,-2.694158318661266e-8,1,4.024429500759652e-8,-0.9996814727783203,-2.7948658498644364e-8,0.02523725852370262],8,0.4851686954498291],[[771.6712036132813,222.69961547851563,47.048728942871097,0.027659229934215547,-1.5508902606597986e-8,0.9996173977851868,-1.0381195458819548e-8,1,1.580208319751364e-8,-0.9996173977851868,-1.08142970134395e-8,0.027659229934215547],8,0.49662280082702639],[[771.471435546875,222.69961547851563,47.038414001464847,0.03009582683444023,8.512524019010926e-9,0.999547004699707,6.09319750211057e-9,1,-8.69984528861778e-9,-0.999547004699707,6.352266268550011e-9,0.03009582683444023],8,0.509760856628418],[[771.2716674804688,222.69961547851563,47.027469635009769,0.032589253038167956,3.251259172998289e-8,0.9994688034057617,2.2479333949831927e-8,1,-3.326284314653094e-8,-0.9994688034057617,2.3551404382260445e-8,0.032589253038167956],8,0.5210351943969727],[[771.0053100585938,223.56251525878907,47.01274490356445,0.035934966057538989,6.447912426210678e-8,0.9993541240692139,4.418844667952726e-8,1,-6.610972747012056e-8,-0.9993541240692139,4.653555762956785e-8,0.035934966057538989],3,0.5386102199554443],[[770.8057250976563,224.17391967773438,46.999977111816409,0.0387471541762352,8.842839349654241e-8,0.9992490410804749,6.034075994421073e-8,1,-9.083463226033928e-8,-0.9992490410804749,6.381502970498332e-8,0.0387471541762352],5,0.5611751079559326],[[770.4733276367188,225.1248016357422,46.97599792480469,0.044207025319337848,1.2829201523345547e-7,0.999022364616394,8.694924957808326e-8,1,-1.3226508599473164e-7,-0.999022364616394,9.271129641774678e-8,0.044207025319337848],5,0.5704736709594727],[[770.27392578125,225.6544647216797,46.960018157958987,0.04780738800764084,1.0882760648200929e-7,0.9988565444946289,7.33865377355869e-8,1,-1.1246461895098037e-7,-0.9988565444946289,7.867926399285352e-8,0.04780738800764084],5,0.5833351612091065],[[770.0746459960938,226.15347290039063,46.94344711303711,0.051399219781160358,8.938364004507094e-8,0.9986782073974609,5.992414742195251e-8,1,-9.258607747142378e-8,-0.9986782073974609,6.460378898509589e-8,0.051399219781160358],5,0.5969762802124023],[[769.8754272460938,226.62181091308595,46.92622756958008,0.05494995787739754,6.996017276605926e-8,0.9984890818595886,4.6564945677118888e-8,1,-7.26286515373431e-8,-0.9984890818595886,5.048553219921814e-8,0.05494995787739754],5,0.6099226474761963],[[769.4769897460938,227.46652221679688,46.89090347290039,0.06174745783209801,3.1174650416687658e-8,0.9980918169021606,2.015807609723197e-8,1,-3.248134206046416e-8,-0.9980918169021606,2.2125250964677435e-8,0.06174745783209801],5,0.6307864189147949],[[769.3441772460938,227.72084045410157,46.878929138183597,0.06380567699670792,1.826419193662332e-8,0.9979623556137085,1.1445912662111369e-8,1,-1.903328872288057e-8,-0.9979623556137085,1.2637022095418616e-8,0.06380567699670792],5,0.6415872573852539],[[769.1449584960938,228.0767822265625,46.86088943481445,0.06659234315156937,-1.0852535536898245e-9,0.9977802634239197,-1.5472292336227156e-9,1,1.1909307984225848e-9,-0.9977802634239197,-1.6231016530809939e-9,0.06659234315156937],5,0.6530368328094482],[[768.9457397460938,228.40206909179688,46.842559814453128,0.06919940561056137,-2.04156656025134e-8,0.9976028203964233,-1.4462377961876883e-8,1,2.146791544532789e-8,-0.9976028203964233,-1.5913276030232738e-8,0.06919940561056137],5,0.6651296615600586],[[768.8129272460938,228.6018829345703,46.830299377441409,0.07080996036529541,-3.3292209877799908e-8,0.9974898099899292,-2.3034145257838646e-8,1,3.5011140653296027e-8,-0.9974898099899292,-2.545546173848834e-8,0.07080996036529541],5,0.6759757995605469],[[768.5473022460938,228.9606475830078,46.80577087402344,0.07374157011508942,-5.902108313193821e-8,0.9972773790359497,-4.009834242424404e-8,1,6.214720116304307e-8,-0.9972773790359497,-4.457200120100424e-8,0.07374157011508942],5,0.6913673877716065],[[768.2816772460938,229.26492309570313,46.78123474121094,0.07630738615989685,-8.471855039715592e-8,0.9970843195915222,-5.7075329351619078e-8,1,8.933428574664504e-8,-0.9970843195915222,-6.372578553737185e-8,0.07630738615989685],5,0.707294225692749],[[768.0160522460938,229.5146942138672,46.75669860839844,0.07851891219615936,-1.1038577696353969e-7,0.9969125986099243,-7.398632817512407e-8,1,1.1655495057993903e-7,-0.9969125986099243,-8.290967201673993e-8,0.07851891219615936],5,0.7228789329528809],[[767.8168334960938,229.666259765625,46.73829650878906,0.07996072620153427,-1.2961702111624619e-7,0.996798038482666,-8.663752737447794e-8,1,1.3698323186872586e-7,-0.996798038482666,-9.731339645213666e-8,0.07996072620153427],5,0.7374317646026611],[[767.6176147460938,229.7871551513672,46.71989440917969,0.08123568445444107,-1.0708002662340732e-7,0.9966949224472046,-7.140292268559279e-8,1,1.1325480642199182e-7,-0.9966949224472046,-8.0367264843062e-8,0.08123568445444107],5,0.7492051124572754],[[767.4848022460938,229.85073852539063,46.70762634277344,0.0820031613111496,-9.206551965235121e-8,0.9966320395469666,-6.128199458999006e-8,1,9.741894047010646e-8,-0.9966320395469666,-6.906426364139407e-8,0.0820031613111496],5,0.7603003978729248],[[767.2855834960938,229.92054748535157,46.68922424316406,0.08305070549249649,-6.955865927693594e-8,0.9965453147888184,-4.614633652977318e-8,1,7.364556608990824e-8,-0.9965453147888184,-5.210323195115052e-8,0.08305070549249649],5,0.7711324691772461],[[767.0863647460938,229.95970153808595,46.67110824584961,0.08388376981019974,-4.706922140940151e-8,0.9964755177497864,-3.106465840119199e-8,1,4.9850740424517429e-8,-0.9964755177497864,-3.5136842768679347e-8,0.08388376981019974],5,0.7851946353912354],[[766.8207397460938,229.96421813964845,46.6478271484375,0.0844702199101448,-1.710881036842693e-8,0.996425986289978,-1.1025349522242323e-8,1,1.8104831411847046e-8,-0.996425986289978,-1.2515263492218765e-8,0.0844702199101448],5,0.8046963214874268],[[766.5551147460938,229.91424560546876,46.624691009521487,0.08482351899147034,1.2824115103171608e-8,0.996396005153656,8.972980580779222e-9,1,-1.363437274193302e-8,-0.996396005153656,1.0097156888377868e-8,0.08482351899147034],5,0.8146347999572754],[[766.4223022460938,229.8688201904297,46.61312484741211,0.08496781438589096,2.7780471256733109e-8,0.9963836669921875,1.896105317200636e-8,1,-2.9498226084001545e-8,-0.9963836669921875,2.1398882665835118e-8,0.08496781438589096],5,0.8244175910949707],[[766.2230834960938,229.77513122558595,46.59577560424805,0.08515895903110504,5.0202487500428109e-8,0.9963673949241638,3.393080305613694e-8,1,-5.328556440531429e-8,-0.9963673949241638,3.834528783386304e-8,0.08515895903110504],5,0.8371388912200928],[[766.0238647460938,229.65078735351563,46.578426361083987,0.0853288546204567,7.260955925403323e-8,0.9963528513908386,4.888658722279615e-8,1,-7.706205451540882e-8,-0.9963528513908386,5.528390545350703e-8,0.0853288546204567],5,0.8489537239074707],[[765.8910522460938,229.5508575439453,46.56686019897461,0.08543126285076142,8.75393411092773e-8,0.9963440895080566,5.884984588533371e-8,1,-9.290661751037988e-8,-0.9963440895080566,6.657182893832214e-8,0.08543126285076142],5,0.8602101802825928],[[765.6918334960938,229.37542724609376,46.54951095581055,0.08557111769914627,1.099216646593959e-7,0.996332049369812,7.378435640248427e-8,1,-1.1666338650684338e-7,-0.996332049369812,8.349673663587964e-8,0.08557111769914627],5,0.8710992336273193],[[765.4926147460938,229.16934204101563,46.532161712646487,0.08569704741239548,1.1834629276563646e-7,0.9963212609291077,7.936387191875838e-8,1,-1.256096311408328e-7,-0.9963212609291077,8.983628418945955e-8,0.08569704741239548],5,0.8839247226715088],[[765.2933959960938,228.93258666992188,46.51481246948242,0.0858098641037941,9.888867680274416e-8,0.9963115453720093,6.626219573035996e-8,1,-1.0496177793584138e-7,-0.9963115453720093,7.50245447989073e-8,0.0858098641037941],5,0.896090030670166],[[765.0941772460938,228.66517639160157,46.498023986816409,0.08569295704364777,7.944356639200123e-8,0.9963216185569763,5.3192842131011278e-8,1,-8.431195652747192e-8,-0.9963216185569763,6.022212062362087e-8,0.08569295704364777],5,0.9072635173797607],[[764.8949584960938,228.3671112060547,46.48135757446289,0.08547462522983551,6.001041441550115e-8,0.9963403344154358,4.013622145748741e-8,1,-6.367407223706323e-8,-0.9963403344154358,4.543185383454329e-8,0.08547462522983551],5,0.9198307991027832],[[764.695556640625,228.03839111328126,46.46498107910156,0.08514299243688584,4.058897218328639e-8,0.9963687658309937,2.7087894594046703e-8,1,-4.3051649356584679e-8,-0.9963687658309937,3.065507669930412e-8,0.08514299243688584],5,0.9317882061004639],[[764.5626220703125,227.80221557617188,46.454105377197269,0.08490292727947235,2.764771522834053e-8,0.9963892102241516,1.8389526346140884e-8,1,-2.9314890070963885e-8,-0.9963892102241516,2.081204542037085e-8,0.08490292727947235],5,0.9435174465179443],[[764.3632202148438,227.4224090576172,46.438079833984378,0.08444920927286148,8.245258698025282e-9,0.9964277744293213,5.342471798286397e-9,1,-8.727602640590249e-9,-0.9964277744293213,6.0604263829588948e-9,0.08444920927286148],5,0.9545173645019531],[[764.163818359375,227.01193237304688,46.42267990112305,0.08376108855009079,-1.114631675847022e-8,0.9964858889579773,-7.709304306047216e-9,1,1.183364162216094e-8,-0.9964858889579773,-8.673411322490665e-9,0.08376108855009079],5,0.9677608013153076],[[763.9644165039063,226.57080078125,46.40797424316406,0.08279833197593689,-3.0527729677487517e-8,0.9965662956237793,-2.0777678244598975e-8,1,3.235919621147332e-8,-0.9965662956237793,-2.3385620551152898e-8,0.08279833197593689],5,0.979788064956665],[[763.7648315429688,226.09902954101563,46.39396667480469,0.08157452195882797,-4.989971102986601e-8,0.9966672658920288,-3.387482294670008e-8,1,5.28391339571499e-8,-0.9966672658920288,-3.8072251129506188e-8,0.08157452195882797],5,0.9920501708984375],[[763.4987182617188,225.42230224609376,46.3758659362793,0.07976146787405014,-7.57152278652029e-8,0.996813952922821,-5.138712566576942e-8,1,8.006904295143613e-8,-0.996813952922821,-5.760983157188093e-8,0.07976146787405014],5,1.0057926177978516],[[763.3656616210938,225.06349182128907,46.367881774902347,0.07852543145418167,-8.861742628596403e-8,0.9969121217727661,-6.01907927944012e-8,1,9.363306219256629e-8,-0.9969121217727661,-6.735750446296152e-8,0.07852543145418167],5,1.01716947555542],[[763.1658935546875,224.49974060058595,46.35724639892578,0.07612833380699158,-1.0796518523648047e-7,0.9970980286598206,-7.348767638859499e-8,1,1.1389018794716321e-7,-0.9970980286598206,-8.194468392730414e-8,0.07612833380699158],5,1.0287928581237794],[[762.9661254882813,223.90533447265626,46.348548889160159,0.07301774621009827,-1.2730775722502586e-7,0.9973306655883789,-8.692900621554145e-8,1,1.3401283638359019e-7,-0.9973306655883789,-9.648227461411807e-8,0.07301774621009827],5,1.0401852130889893],[[762.7662353515625,223.2802734375,46.341087341308597,0.06949131935834885,-1.1805123989461208e-7,0.9975825548171997,-8.095513948092048e-8,1,1.239766334037995e-7,-0.9975825548171997,-8.937473694459186e-8,0.06949131935834885],5,1.0533413887023926],[[762.5662841796875,222.6245574951172,46.33525085449219,0.06551991403102875,-9.449932036886821e-8,0.9978512525558472,-6.518406081568173e-8,1,9.898286634779652e-8,-0.9978512525558472,-7.152934244913922e-8,0.06551991403102875],7,1.0657567977905274],[[762.4329833984375,222.45518493652345,46.33191680908203,0.06277669221162796,-7.879956598344507e-8,0.9980276226997376,-5.461433616460454e-8,1,8.239057791570304e-8,-0.9980276226997376,-5.967882543700398e-8,0.06277669221162796],7,1.0768485069274903],[[762.1663818359375,222.4811553955078,46.32668685913086,0.057026468217372897,-4.740342518516627e-8,0.9983726739883423,-3.333090958790308e-8,1,4.938453557201683e-8,-0.9983726739883423,-3.609289578321295e-8,0.057026468217372897],7,1.0891621112823487],[[761.9664306640625,222.54776000976563,46.32321548461914,0.052890997380018237,-2.385953301597965e-8,0.9986003041267395,-1.721674358634573e-8,1,2.480486394063064e-8,-0.9986003041267395,-1.850459874219723e-8,0.052890997380018237],8,1.105334997177124],[[761.7664794921875,223.2068634033203,46.319793701171878,0.04882119223475456,-3.192552056052733e-10,0.9988075494766235,-9.827938463047304e-10,1,3.6767480726673798e-10,-0.9988075494766235,-9.995722027866805e-10,0.04882119223475456],3,1.1249077320098878],[[761.4332275390625,224.24290466308595,46.314125061035159,0.04313564673066139,3.8903515076071929e-8,0.9990692138671875,2.630141437975908e-8,1,-4.007534570860116e-8,-0.9990692138671875,2.8005610275272376e-8,0.04313564673066139],5,1.1399593353271485],[[761.2332763671875,224.8236541748047,46.310726165771487,0.04028962925076485,6.242824213131826e-8,0.9991880655288696,4.2767972274759816e-8,1,-6.4203476313196e-8,-0.9991880655288696,4.531998243351154e-8,0.04028962925076485],5,1.1500658988952637],[[761.0999755859375,225.19378662109376,46.3084602355957,0.03861250355839729,7.810688629206197e-8,0.9992542862892151,5.3772321706446749e-8,1,-8.024301223485964e-8,-0.9992542862892151,5.683060422256858e-8,0.03861250355839729],5,1.1596283912658692],[[760.9000244140625,225.72344970703126,46.30506134033203,0.0363384447991848,1.0161734564917424e-7,0.9993395209312439,7.031124482637097e-8,1,-1.0424119523122499e-7,-0.9993395209312439,7.4052771026345e-8,0.0363384447991848],5,1.1694886684417725],[[760.7667236328125,226.0595245361328,46.30279541015625,0.03496163338422775,1.1728567272939472e-7,0.9993886351585388,8.135419449217807e-8,1,-1.2020343831409264e-7,-0.9993886351585388,8.550696861675533e-8,0.03496163338422775],5,1.1799204349517823],[[760.5667724609375,226.5380859375,46.29939651489258,0.033078841865062717,1.1253163734181726e-7,0.9994527697563171,7.829598303032981e-8,1,-1.1518461207060682e-7,-0.9994527697563171,8.206330903703929e-8,0.033078841865062717],5,1.1902570724487305],[[760.4334716796875,226.84010314941407,46.2971305847168,0.03193547949194908,9.99489273567633e-8,0.9994899034500122,6.968612353830395e-8,1,-1.0222652946367816e-7,-0.9994899034500122,7.291522763352987e-8,0.03193547949194908],5,1.2012073993682862],[[760.2335205078125,227.26756286621095,46.293731689453128,0.030370496213436128,8.108229820891211e-8,0.9995387196540833,5.672954372926142e-8,1,-8.284342101205766e-8,-0.9995387196540833,5.9219370740493107e-8,0.030370496213436128],5,1.2129619121551514],[[760.0335693359375,227.66436767578126,46.29033279418945,0.028961580246686937,6.222489190577108e-8,0.9995805025100708,4.373175599425849e-8,1,-6.35180725794271e-8,-0.9995805025100708,4.555299426556303e-8,0.028961580246686937],5,1.2235300540924073],[[759.9002685546875,227.91188049316407,46.28806686401367,0.028109507635235788,4.965856703620375e-8,0.9996048212051392,3.504710122115284e-8,1,-5.066374342277413e-8,-0.9996048212051392,3.645738289037581e-8,0.028109507635235788],5,1.2351925373077393],[[759.5670166015625,228.47105407714845,46.28240203857422,0.026195691898465158,1.8261856027379509e-8,0.9996568560600281,1.3284455313566923e-8,1,-1.8616240993196699e-8,-0.9996568560600281,1.3767561313215993e-8,0.026195691898465158],5,1.2527177333831788],[[759.3004150390625,228.85707092285157,46.277870178222659,0.02488754503428936,-6.8353833704293269e-9,0.9996902346611023,-4.165598088690103e-9,1,6.941204944155288e-9,-0.9996902346611023,-4.337057379899534e-9,0.02488754503428936],5,1.275550365447998],[[759.0338134765625,229.18858337402345,46.273338317871097,0.023773130029439927,-3.191415132164366e-8,0.9997173547744751,-2.163887380390861e-8,1,3.243774315819792e-8,-0.9997173547744751,-2.2403904509360474e-8,0.023773130029439927],5,1.2860870361328126],[[758.8338623046875,229.40145874023438,46.26993942260742,0.023048024624586107,-5.071083819530031e-8,0.9997343420982361,-3.4752925870407128e-8,1,5.1525514521699736e-8,-0.9997343420982361,-3.593125441625489e-8,0.023048024624586107],5,1.299668788909912],[[758.6339111328125,229.58367919921876,46.26654052734375,0.022407012060284616,-6.949672126665973e-8,0.999748945236206,-4.787088769830916e-8,1,7.05870846218204e-8,-0.999748945236206,-4.944051568145369e-8,0.022407012060284616],5,1.3129878044128419],[[758.4339599609375,229.73524475097657,46.26314163208008,0.021835505962371827,-8.827165487446109e-8,0.9997615814208984,-6.099030258610583e-8,1,8.962477693330584e-8,-0.9997615814208984,-6.293276300084472e-8,0.021835505962371827],5,1.335653305053711],[[758.0340576171875,229.94639587402345,46.257598876953128,0.020294368267059327,-1.257891142358858e-7,0.999794065952301,-8.729175959842905e-8,1,1.27586929465906e-7,-0.999794065952301,-8.986307875602506e-8,0.020294368267059327],5,1.3533236980438233],[[757.8341064453125,230.00599670410157,46.2557487487793,0.019234664738178254,-1.2992470033168503e-7,0.9998149871826172,-9.033919923240319e-8,1,1.3168670420782292e-7,-0.9998149871826172,-9.285543711712308e-8,0.019234664738178254],5,1.3622055053710938],[[757.7008056640625,230.0286865234375,46.25515365600586,0.018306715413928033,-1.1320724979668739e-7,0.9998323917388916,-7.884842290195593e-8,1,1.1466992333453163e-7,-0.9998323917388916,-8.093444137102779e-8,0.018306715413928033],5,1.3692448139190674],[[757.5675048828125,230.0377655029297,46.254722595214847,0.017311932519078256,-9.649543386558435e-8,0.9998501539230347,-6.734955348974836e-8,1,9.767602193733183e-8,-0.9998501539230347,-6.903042049088981e-8,0.017311932519078256],5,1.3783807754516602],[[757.4342041015625,230.033203125,46.25431442260742,0.01633761264383793,-7.978922411666645e-8,0.9998665452003479,-5.583238404938129e-8,1,8.071216939242731e-8,-0.9998665452003479,-5.714357698138883e-8,0.01633761264383793],5,1.3862340450286866],[[757.3009033203125,230.01502990722657,46.253910064697269,0.015413259156048298,-6.308869870963463e-8,0.9998812079429627,-4.4295653367498747e-8,1,6.377901229370764e-8,-0.9998812079429627,-4.52734347788919e-8,0.015413259156048298],5,1.3962602615356446],[[757.1009521484375,229.96221923828126,46.25330352783203,0.01412554644048214,-3.804875703394828e-8,0.999900221824646,-2.695784750983421e-8,1,3.8433384474956259e-8,-0.999900221824646,-2.74980500591937e-8,0.01412554644048214],5,1.4084959030151368],[[756.9010009765625,229.87875366210938,46.2526969909668,0.012958581559360028,-1.3022090961101185e-8,0.9999160170555115,-9.586964111463203e-9,1,1.3147428035154008e-8,-0.9999160170555115,-9.756530694460253e-9,0.012958581559360028],5,1.4192795753479005],[[756.7010498046875,229.76463317871095,46.25209045410156,0.011911175213754177,1.1991007298206569e-8,0.9999290704727173,7.80999354077494e-9,1,-1.208489130988255e-8,-0.9999290704727173,7.953384617565007e-9,0.011911175213754177],5,1.4309494495391846],[[756.5677490234375,229.6715087890625,46.251686096191409,0.01127822045236826,2.865873582891254e-8,0.9999364018440247,1.9419029939626854e-8,1,-2.8879584945684657e-8,-0.9999364018440247,1.974350638533906e-8,0.01127822045236826],5,1.4407408237457276],[[756.4344482421875,229.5647735595703,46.25128173828125,0.010695166885852814,4.5320234676182739e-8,0.9999427795410156,3.103469126131131e-8,1,-4.565476885431963e-8,-0.9999427795410156,3.152119987248625e-8,0.010695166885852814],5,1.451758623123169],[[756.2344970703125,229.37911987304688,46.250675201416019,0.009893461130559445,7.030065773960814e-8,0.9999510645866394,4.846772938549293e-8,1,-7.078363495338636e-8,-0.9999510645866394,4.916565288226593e-8,0.009893461130559445],5,1.4632070064544678],[[756.0345458984375,229.16281127929688,46.25006866455078,0.009170480072498322,9.526672073434384e-8,0.9999579787254334,6.590846624021651e-8,1,-9.587516558440257e-8,-0.9999579787254334,6.678491359934924e-8,0.009170480072498322],5,1.4767723083496094],[[755.8345947265625,228.9158477783203,46.24946212768555,0.008522420190274716,1.202182602355606e-7,0.9999637007713318,8.335280909932408e-8,1,-1.209330235951711e-7,-0.9999637007713318,8.438042442548977e-8,0.008522420190274716],5,1.4879035949707032],[[755.6346435546875,228.63821411132813,46.24885559082031,0.007942461408674717,1.1591482973472012e-7,0.9999684691429138,8.04868705017725e-8,1,-1.1655776432917264e-7,-0.9999684691429138,8.141008578377296e-8,0.007942461408674717],5,1.5000903606414796],[[755.4346923828125,228.32992553710938,46.24824905395508,0.0074236709624528889,9.699816416741669e-8,0.9999724626541138,6.74557441016077e-8,1,-9.750161922283951e-8,-0.9999724626541138,6.817770525913147e-8,0.0074236709624528889],5,1.5116331577301026],[[755.2347412109375,227.99099731445313,46.247642517089847,0.006959651131182909,7.8092838862176e-8,0.9999758005142212,5.441573236453223e-8,1,-7.847344818401325e-8,-0.9999758005142212,5.496056232345836e-8,0.006959651131182909],5,1.5234858989715577],[[755.0347900390625,227.62139892578126,46.24703598022461,0.006544628646224737,5.919892132055793e-8,0.9999786019325256,4.1369602854501866e-8,1,-5.9470945501516329e-8,-0.9999786019325256,4.175793222316315e-8,0.006544628646224737],5,1.5366053581237794],[[754.8496704101563,227.2211456298828,46.24647521972656,0.0063933986239135269,4.0316638916237937e-8,0.999979555606842,2.830950940335697e-8,1,-4.0498459696891589e-8,-0.999979555606842,2.8567853860295146e-8,0.0063933986239135269],5,1.5512266159057618],[[754.6375732421875,226.63978576660157,46.24583435058594,0.006360321771353483,1.515892300574251e-8,0.9999797940254211,1.0899061209102001e-8,1,-1.522855264113332e-8,-0.9999797940254211,1.0995698573879054e-8,0.006360321771353483],5,1.569890022277832],[[754.4652099609375,226.00393676757813,46.24531555175781,0.006356496829539537,-9.977333625954543e-9,0.9999797940254211,-6.497640203662058e-9,1,1.001883820350713e-8,-0.9999797940254211,-6.561193810483701e-9,0.006356496829539537],5,1.5797057151794434],[[754.4283447265625,225.83645629882813,46.24520492553711,0.0063562882132828239,-1.6258042023764575e-8,0.9999797940254211,-1.0844504849671921e-8,1,1.632730395328963e-8,-0.9999797940254211,-1.0948067341587376e-8,0.0063562882132828239],5,1.5876471996307374],[[754.3057250976563,225.13247680664063,46.24483871459961,0.006356030236929655,-4.1367464120867228e-8,0.9999797940254211,-2.8222677528333408e-8,1,4.154768618036542e-8,-0.9999797940254211,-2.8486185854603719e-8,0.006356030236929655],5,1.6006767749786378],[[754.28125,224.94796752929688,46.24476623535156,0.006356016267091036,-4.764146410707326e-8,0.9999797940254211,-3.256489833347587e-8,1,4.784941509683449e-8,-0.9999797940254211,-3.2868374688632687e-8,0.006356016267091036],5,1.610701084136963],[[754.1929931640625,224.37399291992188,46.244503021240237,0.006147843319922686,-6.645556283046972e-8,0.9999811053276062,-4.559865729447665e-8,1,6.67371580220788e-8,-0.9999811053276062,-4.600808622967634e-8,0.006147843319922686],5,1.6235289573669434],[[753.9494018554688,223.13409423828126,46.243770599365237,0.005544814746826887,-1.0404891526150095e-7,0.999984622001648,-7.167285787090805e-8,1,1.044479276401944e-7,-0.999984622001648,-7.22508985973036e-8,0.005544814746826887],5,1.6551544666290284],[[753.6278686523438,222.49319458007813,46.242794036865237,0.005100477021187544,-6.110813899340428e-8,0.999987006187439,-4.221364591217025e-8,1,6.132424346105836e-8,-0.999987006187439,-4.252587970654531e-8,0.005100477021187544],7,1.6643199920654297],[[753.49462890625,222.502197265625,46.24238967895508,0.004947646986693144,-4.3944254457528589e-8,0.999987781047821,-3.043064467078693e-8,1,4.409535137028797e-8,-0.999987781047821,-3.064844023015212e-8,0.004947646986693144],7,1.6740610599517823],[[753.22802734375,222.57176208496095,46.241580963134769,0.004679037258028984,-9.637876274837254e-9,0.9999890327453613,-6.86890100354276e-9,1,9.670122480542887e-9,-0.9999890327453613,-6.914072425701079e-9,0.004679037258028984],7,1.6892127990722657],[[753.0947265625,222.60244750976563,46.24117660522461,0.0045597790740430359,7.504588950268954e-9,0.9999896287918091,4.908835116168575e-9,1,-7.52705009432475e-9,-0.9999896287918091,4.943105480492704e-9,0.0045597790740430359],8,1.703110933303833],[[752.828125,223.47557067871095,46.2403678894043,0.004326332360506058,4.176803969357934e-8,0.9999906420707703,2.845691504660408e-8,1,-4.189154623190916e-8,-0.9999906420707703,2.863788495233166e-8,0.004326332360506058],3,1.7212278842926026],[[752.628173828125,224.09719848632813,46.23976135253906,0.00417978223413229,6.744682679027392e-8,0.999991238117218,4.6109782658732e-8,1,-6.764014415239217e-8,-0.999991238117218,4.639210260393156e-8,0.00417978223413229],5,1.7299132347106934],[[752.494873046875,224.4945831298828,46.239356994628909,0.004095898009836674,8.455702982246294e-8,0.9999915957450867,5.7873688064091769e-8,1,-8.479479163270298e-8,-0.9999915957450867,5.822051107884363e-8,0.004095898009836674],5,1.739187479019165],[[752.294921875,225.0651092529297,46.23875045776367,0.0039832377806305889,1.102088376114807e-7,0.9999920725822449,7.551221870016889e-8,1,-1.1051049852994766e-7,-0.9999920725822449,7.595181017450159e-8,0.0039832377806305889],5,1.7503445148468018],[[752.094970703125,225.60499572753907,46.23814392089844,0.0038825529627501966,1.212334694855599e-7,0.9999924898147583,8.311931054549859e-8,1,-1.2155710749084393e-7,-0.9999924898147583,8.359063485841034e-8,0.0038825529627501966],5,1.7617506980895997],[[751.961669921875,225.9478759765625,46.23773956298828,0.003821771126240492,1.091021744059617e-7,0.9999926686286926,7.482699970751128e-8,1,-1.0938894234868713e-7,-0.9999926686286926,7.524451461904391e-8,0.003821771126240492],5,1.7707140445709229],[[751.76171875,226.43666076660157,46.23713302612305,0.0037387299817055465,9.091483832435188e-8,0.9999930262565613,6.239262972940196e-8,1,-9.11487489929641e-8,-0.9999930262565613,6.273297259440369e-8,0.0037387299817055465],5,1.7827544212341309],[[751.561767578125,226.89479064941407,46.23652648925781,0.003664027899503708,7.273904856219815e-8,0.9999932646751404,4.996363145437499e-8,1,-7.292260306712706e-8,-0.9999932646751404,5.023048643693073e-8,0.003664027899503708],5,1.7940952777862549],[[751.428466796875,227.18316650390626,46.236122131347659,0.003618857590481639,6.062826685138134e-8,0.9999934434890747,4.1680795703769039e-8,1,-6.077949876726052e-8,-0.9999934434890747,4.1900474201383989e-8,0.003618857590481639],5,1.8058152198791505],[[751.228515625,227.59019470214845,46.23551559448242,0.0035571129992604257,4.247171503379832e-8,0.9999936819076538,2.9261570944072447e-8,1,-4.2576072445399407e-8,-0.9999936819076538,2.9412834834374736e-8,0.0035571129992604257],5,1.8177947998046876],[[751.028564453125,227.96656799316407,46.23490905761719,0.003501556348055601,2.4326716641098757e-8,0.9999938607215881,1.6848684225578837e-8,1,-2.4385862218423428e-8,-0.9999938607215881,1.693396889379528e-8,0.003501556348055601],5,1.8297007083892823],[[750.82861328125,228.31228637695313,46.23430252075195,0.0034517867024987938,6.193269896925813e-9,0.9999940395355225,4.44239089958387e-9,1,-6.208641156746353e-9,-0.9999940395355225,4.463795555409433e-9,0.0034517867024987938],5,1.8409814834594727],[[750.56201171875,228.72555541992188,46.23349380493164,0.0033929641358554365,-1.7966691245874246e-8,0.9999942183494568,-1.2088688272626769e-8,1,1.800781213034952e-8,-0.9999942183494568,-1.2149718564558043e-8,0.0033929641358554365],5,1.8562815189361573],[[750.362060546875,228.99974060058595,46.232887268066409,0.0033542239107191564,-3.6073188880436649e-8,0.9999943971633911,-2.447876390476722e-8,1,3.6155498150947099e-8,-0.9999943971633911,-2.459989900671644e-8,0.0033542239107191564],5,1.8679697513580323],[[750.228759765625,229.16549682617188,46.23248291015625,0.0033310314174741508,-4.8137767549860658e-8,0.9999944567680359,-3.273478910159611e-8,1,4.824707389161631e-8,-0.9999944567680359,-3.289531846917271e-8,0.0033310314174741508],5,1.879377841949463],[[750.02880859375,229.3885955810547,46.231876373291019,0.00329943117685616,-6.622500592357028e-8,0.9999945759773254,-4.511269224849457e-8,1,6.63742198980799e-8,-0.9999945759773254,-4.533144348783935e-8,0.00329943117685616],5,1.88944411277771],[[749.8955078125,229.52029418945313,46.23147201538086,0.0032802666537463667,-7.827675574390014e-8,0.9999946355819702,-5.3360487584086516e-8,1,7.845221716706874e-8,-0.9999946355819702,-5.3617544182316126e-8,0.0032802666537463667],5,1.9011931419372559],[[749.62890625,229.74281311035157,46.23066329956055,0.0032455897890031339,-1.0236485792347594e-7,0.9999947547912598,-6.984603828641412e-8,1,1.0259208949037202e-7,-0.9999947547912598,-7.017864334102342e-8,0.0032455897890031339],5,1.915487289428711],[[749.428955078125,229.87393188476563,46.23005676269531,0.0032226224429905416,-1.204174679969583e-7,0.9999948143959045,-8.220132485803333e-8,1,1.2068299781731185e-7,-0.9999948143959045,-8.258981409881017e-8,0.0032226224429905416],5,1.939079999923706],[[749.095703125,230.02435302734376,46.22904586791992,0.003189225448295474,-1.2143431149524987e-7,0.9999949336051941,-8.293508102497072e-8,1,1.2169942920081667e-7,-0.9999949336051941,-8.332278866873821e-8,0.003189225448295474],5,1.9485561847686768],[[748.96240234375,230.06068420410157,46.228641510009769,0.0031775315292179586,-1.0441734588084728e-7,0.9999949336051941,-7.13258145879081e-8,1,1.0464451349889714e-7,-0.9999949336051941,-7.165797200059387e-8,0.0031775315292179586],5,1.95881986618042],[[748.8291015625,230.0833740234375,46.22823715209961,0.003166980342939496,-8.740763490777681e-8,0.9999949932098389,-5.972115246777321e-8,1,8.75972077096776e-8,-0.9999949932098389,-5.999827834557436e-8,0.003166980342939496],5,1.9693562984466553],[[748.495849609375,230.08050537109376,46.22722625732422,0.003143375040963292,-4.491509386639336e-8,0.9999950528144836,-3.0730024747072096e-8,1,4.5011912419568037e-8,-0.9999950528144836,-3.0871362355355816e-8,0.003143375040963292],5,1.9848387241363526],[[748.362548828125,230.05552673339845,46.22682189941406,0.0031350646167993547,-2.7930765256201086e-8,0.9999951124191284,-1.914184544205e-8,1,2.7990912698783178e-8,-0.9999951124191284,-1.9229505099360723e-8,0.0031350646167993547],5,1.9972224235534669],[[748.095947265625,229.9646759033203,46.22601318359375,0.0031203923281282188,6.016162235056299e-9,0.9999951124191284,4.0202161599722789e-9,1,-6.028736176943994e-9,-0.9999951124191284,4.039008238976294e-9,0.0031203923281282188],5,2.010918378829956],[[747.89599609375,229.8607635498047,46.225406646728519,0.003110752673819661,3.145735050225085e-8,0.9999951720237732,2.1379170433988294e-8,1,-3.152401006900618e-8,-0.9999951720237732,2.147712940825386e-8,0.003110752673819661],5,2.024623394012451],[[747.7626953125,229.7744598388672,46.22500228881836,0.003104984760284424,4.840909184622433e-8,0.9999951720237732,3.2945770556125356e-8,1,-4.851162316299451e-8,-0.9999951720237732,3.309624219127727e-8,0.003104984760284424],5,2.033700942993164],[[747.562744140625,229.6194610595703,46.224395751953128,0.0030971241649240257,7.382313782500205e-8,0.999995231628418,5.028659089134635e-8,1,-7.397923695862119e-8,-0.999995231628418,5.051547447010307e-8,0.0030971241649240257],5,2.045285701751709],[[747.429443359375,229.4990997314453,46.22399139404297,0.0030923562590032818,9.075679230363676e-8,0.999995231628418,6.184106382534083e-8,1,-9.094846120660805e-8,-0.999995231628418,6.212201242306037e-8,0.0030923562590032818],5,2.054999351501465],[[747.2294921875,229.2930145263672,46.223384857177737,0.003085833042860031,1.1614372397161788e-7,0.999995231628418,7.916364097582118e-8,1,-1.1638856278750609e-7,-0.999995231628418,7.952242242481589e-8,0.003085833042860031],5,2.0659584999084474],[[747.09619140625,229.13858032226563,46.22298049926758,0.003081872593611479,1.1871866689716626e-7,0.999995231628418,8.092824543837196e-8,1,-1.1896864293703402e-7,-0.999995231628418,8.129450890237422e-8,0.003081872593611479],5,2.074830