[[[776,222.69961547851563,47,1,0,0,0,1,0,0,0,1],8,0.008721351623535157],[[776,222.69961547851563,47,1,0,0,0,1,0,0,0,1],8,0.019347429275512697],[[776,222.69961547851563,47,1,0,0,0,1,0,0,0,1],8,0.031031131744384767],[[776,222.69961547851563,47,1,0,0,0,1,0,0,0,1],8,0.04355931282043457],[[776,222.69961547851563,47,1,0,0,0,1,0,0,0,1],8,0.053192138671875],[[776,222.69961547851563,47,1,0,0,0,1,0,0,0,1],8,0.06596565246582031],[[775.8989868164063,222.69961547851563,46.99748229980469,0.9953233599662781,0,0.09659911692142487,0,1,0,-0.09659911692142487,0,0.9953233599662781],8,0.08270478248596192],[[775.641845703125,222.69961547851563,46.99106979370117,0.9607178568840027,0,0.27752697467803957,0,1,0,-0.27752697467803957,0,0.9607178568840027],8,0.10804510116577149],[[775.3087768554688,222.69961547851563,46.982757568359378,0.878135621547699,0,0.47841179370880129,0,1,0,-0.47841179370880129,0,0.878135621547699],8,0.11612868309020996],[[775.1088256835938,222.69961547851563,46.97776794433594,0.818485677242279,0,0.5745269656181336,0,1,0,-0.5745269656181336,0,0.818485677242279],8,0.13091540336608888],[[774.9088745117188,222.69961547851563,46.9727783203125,0.7575262188911438,0,0.6528047323226929,0,1,0,-0.6528047323226929,0,0.7575262188911438],8,0.15229535102844239],[[774.5756225585938,222.69961547851563,46.96446228027344,0.6554763317108154,0,0.7552157044410706,0,1,0,-0.7552157044410706,0,0.6554763317108154],8,0.16003894805908204],[[774.4423217773438,222.69961547851563,46.96113586425781,0.616369903087616,0,0.787456750869751,0,1,0,-0.787456750869751,0,0.616369903087616],8,0.1726844310760498],[[774.1757202148438,222.69961547851563,46.95448303222656,0.5435867309570313,0,0.8393529653549194,0,1,0,-0.8393529653549194,0,0.5435867309570313],8,0.18618083000183106],[[773.9757690429688,222.69961547851563,46.949493408203128,0.49338042736053469,0,0.8698136210441589,0,1,0,-0.8698136210441589,0,0.49338042736053469],8,0.19922137260437013],[[773.7091674804688,222.69961547851563,46.942840576171878,0.4325213134288788,0,0.9016237258911133,0,1,0,-0.9016237258911133,0,0.4325213134288788],8,0.21603822708129884],[[773.5092163085938,222.69961547851563,46.93785095214844,0.3914148211479187,0,0.9202143549919128,0,1,0,-0.9202143549919128,0,0.3914148211479187],8,0.22983264923095704],[[773.3092651367188,222.69961547851563,46.932861328125,0.35433608293533327,0,0.9351181387901306,0,1,0,-0.9351181387901306,0,0.35433608293533327],8,0.24234437942504884],[[773.1093139648438,222.69961547851563,46.92787170410156,0.32078123092651369,0,0.9471533298492432,0,1,0,-0.9471533298492432,0,0.32078123092651369],8,0.2542154788970947],[[772.9093627929688,222.69961547851563,46.922882080078128,0.2904454469680786,0,0.9568915367126465,0,1,0,-0.9568915367126465,0,0.2904454469680786],8,0.26727962493896487],[[772.6427612304688,222.69961547851563,46.916229248046878,0.2542358636856079,0,0.9671422243118286,0,1,0,-0.9671422243118286,0,0.2542358636856079],8,0.28121018409729006],[[772.4428100585938,222.69961547851563,46.91123962402344,0.2301931083202362,0,0.9731449484825134,0,1,0,-0.9731449484825134,0,0.2301931083202362],8,0.29596829414367678],[[772.2428588867188,222.69961547851563,46.90625,0.20876771211624146,0,0.977965235710144,0,1,0,-0.977965235710144,0,0.20876771211624146],8,0.3097498416900635],[[772.0429077148438,222.69961547851563,46.90126037597656,0.18956755101680757,0,0.9818676710128784,0,1,0,-0.9818676710128784,0,0.18956755101680757],8,0.3225100040435791],[[771.8429565429688,222.69961547851563,46.896270751953128,0.17234495282173158,0,0.9850366711616516,0,1,0,-0.9850366711616516,0,0.17234495282173158],8,0.33484554290771487],[[771.5763549804688,222.69961547851563,46.889617919921878,0.15193331241607667,0,0.9883907437324524,0,1,0,-0.9883907437324524,0,0.15193331241607667],8,0.34862518310546877],[[771.3764038085938,222.69961547851563,46.88462829589844,0.13845685124397279,0,0.9903684854507446,0,1,0,-0.9903684854507446,0,0.13845685124397279],8,0.36301612854003909],[[770.9765014648438,222.69961547851563,46.87464904785156,0.11505234986543656,0,0.9933594465255737,0,1,0,-0.9933594465255737,0,0.11505234986543656],8,0.3854076862335205],[[770.7765502929688,222.69961547851563,46.869659423828128,0.10517337173223496,0,0.9944539070129395,0,1,0,-0.9944539070129395,0,0.10517337173223496],8,0.4010169506072998],[[770.5765991210938,222.69961547851563,46.86466979980469,0.0966280847787857,0,0.9953205585479736,0,1,0,-0.9953205585479736,0,0.0966280847787857],8,0.41221117973327639],[[770.3099975585938,223.56251525878907,46.85801696777344,0.08557330071926117,0,0.9963318705558777,0,1,0,-0.9963318705558777,0,0.08557330071926117],3,0.42958545684814455],[[770.1100463867188,224.17391967773438,46.85302734375,0.07868463546037674,0,0.9968995451927185,0,1,0,-0.9968995451927185,0,0.07868463546037674],5,0.4520745277404785],[[769.8434448242188,224.94143676757813,46.84637451171875,0.07106518745422363,0,0.9974716901779175,0,1,0,-0.9974716901779175,0,0.07106518745422363],5,0.45948243141174319],[[769.7101440429688,225.3047637939453,46.843048095703128,0.06772101670503617,0,0.997704267501831,0,1,0,-0.997704267501831,0,0.06772101670503617],5,0.46829652786254885],[[769.5768432617188,225.6544647216797,46.8397216796875,0.06467752903699875,0,0.9979062080383301,0,1,0,-0.9979062080383301,0,0.06467752903699875],5,0.47735095024108889],[[769.3768920898438,226.15347290039063,46.83473205566406,0.060515228658914569,0,0.9981672763824463,0,1,0,-0.9981672763824463,0,0.060515228658914569],5,0.4859731197357178],[[769.2435913085938,226.46910095214845,46.83140563964844,0.0579872690141201,0,0.998317301273346,0,1,0,-0.998317301273346,0,0.0579872690141201],5,0.4974987506866455],[[769.0436401367188,226.91700744628907,46.826416015625,0.05452670529484749,0,0.998512327671051,0,1,0,-0.998512327671051,0,0.05452670529484749],5,0.5105891227722168],[[768.8436889648438,227.33425903320313,46.82142639160156,0.051410842686891559,0,0.9986776113510132,0,1,0,-0.9986776113510132,0,0.051410842686891559],5,0.5242264270782471],[[768.6437377929688,227.72084045410157,46.816436767578128,0.04861875995993614,0,0.9988173842430115,0,1,0,-0.9988173842430115,0,0.04861875995993614],5,0.534559965133667],[[768.4437866210938,228.0767822265625,46.81144714355469,0.04612006992101669,0,0.998935878276825,0,1,0,-0.998935878276825,0,0.04612006992101669],5,0.5459198951721191],[[768.3104858398438,228.2970428466797,46.80812072753906,0.044611118733882907,0,0.9990044236183167,0,1,0,-0.9990044236183167,0,0.044611118733882907],5,0.5567338466644287],[[768.1105346679688,228.6018829345703,46.803131103515628,0.042549241334199908,0,0.9990943670272827,0,1,0,-0.9990943670272827,0,0.042549241334199908],5,0.5673422813415527],[[767.8439331054688,228.9606475830078,46.796478271484378,0.02411545254290104,0,0.9997091889381409,0,1,0,-0.9997091889381409,0,0.02411545254290104],5,0.5872900485992432],[[767.5106811523438,229.3324737548828,46.78816223144531,0.024845952168107034,0,0.9996913075447083,0,1,0,-0.9996913075447083,0,0.024845952168107034],5,0.6203930377960205],[[767.1107788085938,229.666259765625,46.77818298339844,0.024940097704529764,0,0.9996889233589172,0,1,0,-0.9996889233589172,0,0.024940097704529764],5,0.6326136589050293],[[766.9108276367188,229.7871551513672,46.773193359375,0.0249469093978405,0,0.9996888041496277,0,1,0,-0.9996888041496277,0,0.0249469093978405],5,0.6528222560882568],[[766.6442260742188,229.9006805419922,46.76654052734375,0.024947114288806917,0,0.9996887445449829,0,1,0,-0.9996887445449829,0,0.024947114288806917],5,0.6617913246154785],[[766.4442749023438,229.95005798339845,46.76155090332031,0.02494712360203266,0,0.9996887445449829,0,1,0,-0.9996887445449829,0,0.02494712360203266],5,0.6858820915222168],[[766.1110229492188,229.96421813964845,46.75323486328125,0.024947142228484155,0,0.9996887445449829,0,1,0,-0.9996887445449829,0,0.024947142228484155],5,0.6918587684631348],[[766.0443725585938,229.9568328857422,46.75157165527344,0.024947145953774453,0,0.9996887445449829,0,1,0,-0.9996887445449829,0,0.024947145953774453],5,0.6985669136047363],[[765.9110717773438,229.93185424804688,46.74824523925781,0.02494715340435505,0,0.9996887445449829,0,1,0,-0.9996887445449829,0,0.02494715340435505],5,0.7050614356994629],[[765.7111206054688,229.8688201904297,46.743255615234378,0.024947164580225946,0,0.9996887445449829,0,1,0,-0.9996887445449829,0,0.024947164580225946],5,0.7183747291564941],[[765.5111694335938,229.77513122558595,46.73826599121094,0.02494717575609684,0,0.9996887445449829,0,1,0,-0.9996887445449829,0,0.02494717575609684],5,0.7296876907348633],[[765.3778686523438,229.69564819335938,46.73493957519531,0.024947183206677438,0,0.9996887445449829,0,1,0,-0.9996887445449829,0,0.024947183206677438],5,0.7386713027954102],[[765.1779174804688,229.5508575439453,46.729949951171878,0.024947194382548333,0,0.9996887445449829,0,1,0,-0.9996887445449829,0,0.024947194382548333],5,0.7504782676696777],[[765.0446166992188,229.43731689453126,46.72662353515625,0.02494720183312893,0,0.9996887445449829,0,1,0,-0.9996887445449829,0,0.02494720183312893],5,0.7603881359100342],[[764.8446655273438,229.24143981933595,46.72163391113281,0.024947213008999826,0,0.9996887445449829,0,1,0,-0.9996887445449829,0,0.024947213008999826],5,0.7727961540222168],[[764.7113647460938,229.0938262939453,46.71830749511719,0.02494722045958042,0,0.9996887445449829,0,1,0,-0.9996887445449829,0,0.02494722045958042],5,0.7819161415100098],[[764.5114135742188,228.84686279296876,46.71331787109375,0.024947118014097215,0,0.9996887445449829,0,1,0,-0.9996887445449829,0,0.024947118014097215],5,0.7939746379852295],[[764.3114624023438,228.56922912597657,46.70832824707031,0.024947132915258409,0,0.9996887445449829,0,1,0,-0.9996887445449829,0,0.024947132915258409],5,0.8068921566009522],[[764.1115112304688,228.2609405517578,46.703338623046878,0.024947144091129304,0,0.9996887445449829,0,1,0,-0.9996887445449829,0,0.024947144091129304],5,0.8174176216125488],[[763.8449096679688,227.80221557617188,46.696685791015628,0.024947158992290498,0,0.9996887445449829,0,1,0,-0.9996887445449829,0,0.024947158992290498],5,0.8323073387145996],[[763.6449584960938,227.4224090576172,46.69169616699219,0.024947170168161393,0,0.9996887445449829,0,1,0,-0.9996887445449829,0,0.024947170168161393],5,0.8457088470458984],[[763.4450073242188,227.01193237304688,46.68670654296875,0.024947181344032289,0,0.9996887445449829,0,1,0,-0.9996887445449829,0,0.024947181344032289],5,0.859382152557373],[[763.2450561523438,226.57080078125,46.68171691894531,0.024947192519903184,0,0.9996887445449829,0,1,0,-0.9996887445449829,0,0.024947192519903184],5,0.8731167316436768],[[762.8451538085938,225.59658813476563,46.67173767089844,0.02494742162525654,0,0.9996887445449829,0,1,0,-0.9996887445449829,0,0.02494742162525654],5,0.8959624767303467],[[762.5785522460938,224.8789825439453,46.66508483886719,0.024947406724095346,0,0.9996887445449829,0,1,0,-0.9996887445449829,0,0.024947406724095346],5,0.9265789985656738],[[762.1786499023438,223.7003936767578,46.65636444091797,0.02440563775599003,0,0.9997021555900574,0,1,0,-0.9997021555900574,0,0.02440563775599003],5,0.9438595771789551],[[761.9786987304688,223.0651092529297,46.65207290649414,0.02409561537206173,0,0.9997096657752991,0,1,0,-0.9997096657752991,0,0.02409561537206173],7,0.9506356716156006],[[761.8453979492188,222.6245574951172,46.64921188354492,0.02390766143798828,0,0.999714195728302,0,1,0,-0.999714195728302,0,0.02390766143798828],7,0.958432674407959],[[761.7120971679688,222.45518493652345,46.6463508605957,0.02373437024652958,0,0.9997183084487915,0,1,0,-0.9997183084487915,0,0.02373437024652958],7,0.9682016372680664],[[761.5787963867188,222.44407653808595,46.643489837646487,0.023573806509375573,0,0.9997221231460571,0,1,0,-0.9997221231460571,0,0.023573806509375573],7,0.9769680500030518],[[761.4454956054688,222.4811553955078,46.640628814697269,0.023424731567502023,0,0.9997255802154541,0,1,0,-0.9997255802154541,0,0.023424731567502023],7,0.9854035377502441],[[761.1788940429688,222.56716918945313,46.63490676879883,0.023152492940425874,0,0.9997319579124451,0,1,0,-0.9997319579124451,0,0.023152492940425874],8,0.999807596206665],[[760.9789428710938,222.61354064941407,46.630897521972659,0.022862344980239869,0,0.9997386336326599,0,1,0,-0.9997386336326599,0,0.022862344980239869],8,1.020674705505371],[[760.7123413085938,222.6522216796875,46.626033782958987,0.022281192243099214,0,0.9997517466545105,0,1,0,-0.9997517466545105,0,0.022281192243099214],8,1.0290050506591797],[[760.5123901367188,222.66949462890626,46.622440338134769,0.021835340186953546,0,0.9997615814208984,0,1,0,-0.9997615814208984,0,0.021835340186953546],8,1.0408587455749512],[[760.4457397460938,222.67372131347657,46.621315002441409,0.021671924740076066,0,0.999765157699585,0,1,0,-0.999765157699585,0,0.021671924740076066],8,1.0482392311096192],[[760.1791381835938,222.6855010986328,46.61696243286133,0.020967533811926843,0,0.9997801780700684,0,1,0,-0.9997801780700684,0,0.020967533811926843],8,1.0620863437652588],[[760.0458374023438,222.68919372558595,46.614803314208987,0.0206312108784914,0,0.9997871518135071,0,1,0,-0.9997871518135071,0,0.0206312108784914],8,1.0739026069641114],[[759.7792358398438,222.69393920898438,46.6104850769043,0.02001993916928768,0,0.9997996091842651,0,1,0,-0.9997996091842651,0,0.02001993916928768],8,1.0881409645080567],[[759.5792846679688,222.69601440429688,46.60724639892578,0.01961447112262249,0,0.999807596206665,0,1,0,-0.999807596206665,0,0.01961447112262249],8,1.1093580722808838],[[759.3126831054688,222.69766235351563,46.60332489013672,0.0189785398542881,0,0.9998198747634888,0,1,0,-0.9998198747634888,0,0.0189785398542881],8,1.1176419258117676],[[759.1127319335938,222.69837951660157,46.60042953491211,0.01850929856300354,0,0.9998286962509155,0,1,0,-0.9998286962509155,0,0.01850929856300354],8,1.1287524700164796],[[758.9127807617188,222.69882202148438,46.597816467285159,0.017974985763430597,0,0.9998384118080139,0,1,0,-0.9998384118080139,0,0.017974985763430597],8,1.1404869556427003],[[758.7794799804688,222.6990203857422,46.59611511230469,0.01761576719582081,0,0.9998448491096497,0,1,0,-0.9998448491096497,0,0.01761576719582081],8,1.1490223407745362],[[758.6461791992188,222.6991729736328,46.59442138671875,0.017275532707571985,0,0.9998507499694824,0,1,0,-0.9998507499694824,0,0.017275532707571985],8,1.1617560386657715],[[758.4462280273438,222.6993408203125,46.591880798339847,0.016801908612251283,0,0.9998588562011719,0,1,0,-0.9998588562011719,0,0.016801908612251283],8,1.1722280979156495],[[758.2462768554688,222.69944763183595,46.58934020996094,0.016372814774513246,0,0.9998659491539002,0,1,0,-0.9998659491539002,0,0.016372814774513246],8,1.1832022666931153],[[758.1129760742188,222.69949340820313,46.587646484375,0.016112903133034707,0,0.9998701810836792,0,1,0,-0.9998701810836792,0,0.016112903133034707],8,1.1906635761260987],[[757.9796752929688,222.69952392578126,46.58595275878906,0.015873325988650323,0,0.9998739957809448,0,1,0,-0.9998739957809448,0,0.015873325988650323],8,1.2004132270812989],[[757.7797241210938,222.69956970214845,46.583412170410159,0.015543821267783642,0,0.9998791813850403,0,1,0,-0.9998791813850403,0,0.015543821267783642],8,1.2133769989013672],[[757.5797729492188,222.69956970214845,46.58087158203125,0.015246638096868992,0,0.999883770942688,0,1,0,-0.999883770942688,0,0.015246638096868992],8,1.2251067161560059],[[757.2465209960938,222.69956970214845,46.5771484375,0.014594738371670246,0,0.9998934864997864,0,1,0,-0.9998934864997864,0,0.014594738371670246],8,1.248469591140747],[[757.0465698242188,222.69956970214845,46.574951171875,0.014212149195373059,0,0.9998990297317505,0,1,0,-0.9998990297317505,0,0.014212149195373059],8,1.258378267288208],[[756.9132690429688,222.69956970214845,46.57365798950195,0.013918673619627953,0,0.99990314245224,0,1,0,-0.99990314245224,0,0.013918673619627953],8,1.2674503326416016],[[756.7133178710938,222.69956970214845,46.57208251953125,0.01334561686962843,0,0.9999109506607056,0,1,0,-0.9999109506607056,0,0.01334561686962843],8,1.2798128128051758],[[756.5133666992188,222.69956970214845,46.57058334350586,0.012752119451761246,0,0.9999186992645264,0,1,0,-0.9999186992645264,0,0.012752119451761246],8,1.2919859886169434],[[756.3800659179688,222.69956970214845,46.56975555419922,0.012318851426243782,0,0.9999241232872009,0,1,0,-0.9999241232872009,0,0.012318851426243782],8,1.3017187118530274],[[756.2467651367188,222.69956970214845,46.5689811706543,0.011878528632223606,0,0.9999294281005859,0,1,0,-0.9999294281005859,0,0.011878528632223606],8,1.3112425804138184],[[756.1134643554688,222.69956970214845,46.568389892578128,0.01139244344085455,0,0.9999350905418396,0,1,0,-0.9999350905418396,0,0.01139244344085455],8,1.319972038269043],[[755.9135131835938,222.69956970214845,46.56758499145508,0.01065068133175373,0,0.9999432563781738,0,1,0,-0.9999432563781738,0,0.01065068133175373],8,1.3301451206207276],[[755.7135620117188,222.69956970214845,46.56706619262695,0.009847472421824932,0,0.9999515414237976,0,1,0,-0.9999515414237976,0,0.009847472421824932],8,1.3416247367858887],[[755.5802612304688,222.69956970214845,46.56676483154297,0.009322100318968296,0,0.9999565482139587,0,1,0,-0.9999565482139587,0,0.009322100318968296],8,1.3514211177825928],[[755.3136596679688,222.69956970214845,46.566566467285159,0.008187700062990189,0,0.9999665021896362,0,1,0,-0.9999665021896362,0,0.008187700062990189],8,1.3654537200927735],[[755.1137084960938,222.69956970214845,46.56674575805664,0.007271572947502136,0,0.9999735355377197,0,1,0,-0.9999735355377197,0,0.007271572947502136],8,1.377631664276123],[[754.8471069335938,222.69956970214845,46.567474365234378,0.0059432475827634338,0,0.9999823570251465,0,1,0,-0.9999823570251465,0,0.0059432475827634338],8,1.3966405391693116],[[754.6471557617188,222.69956970214845,46.569488525390628,0.0044575948268175129,0,0.9999900460243225,0,1,0,-0.9999900460243225,0,0.0044575948268175129],8,1.406972885131836],[[754.5138549804688,222.69956970214845,46.571556091308597,0.0031910312827676536,0,0.9999949336051941,0,1,0,-0.9999949336051941,0,0.0031910312827676536],8,1.4169800281524659],[[754.4472045898438,222.69956970214845,46.57303237915039,0.0024080234579741956,0,0.999997079372406,0,1,0,-0.999997079372406,0,0.0024080234579741956],8,1.4231204986572266],[[754.2472534179688,222.69956970214845,46.57803726196289,-0.00022961010108701885,0,1,0,1,0,-1,0,-0.00022961010108701885],8,1.435002088546753],[[754.0474853515625,222.69956970214845,46.58685302734375,-0.00426145875826478,0,0.9999909400939941,0,1,0,-0.9999909400939941,0,-0.00426145875826478],8,1.4462213516235352],[[753.9144287109375,222.69956970214845,46.594642639160159,-0.007700685411691666,0,0.9999703764915466,0,1,0,-0.9999703764915466,0,-0.007700685411691666],8,1.45703125],[[753.7150268554688,222.69956970214845,46.61042022705078,-0.01442723348736763,0,0.9998959302902222,0,1,0,-0.9998959302902222,0,-0.01442723348736763],8,1.4656338691711426],[[753.5821533203125,222.69956970214845,46.62147903442383,-0.01908964477479458,0,0.9998177886009216,0,1,0,-0.9998177886009216,0,-0.01908964477479458],8,1.4781825542449952],[[753.3165283203125,223.56246948242188,46.64363479614258,-0.02837088517844677,0,0.9995974898338318,0,1,0,-0.9995974898338318,0,-0.02837088517844677],3,1.4946744441986085],[[753.117431640625,224.1738739013672,46.662818908691409,-0.035393718630075458,0,0.9993734359741211,0,1,0,-0.9993734359741211,0,-0.035393718630075458],5,1.519824743270874],[[752.7193603515625,225.30471801757813,46.70234298706055,-0.048414196819067,0,0.998827338218689,0,1,0,-0.998827338218689,0,-0.048414196819067],5,1.5294466018676758],[[752.586669921875,225.6544189453125,46.71552658081055,-0.052192363888025287,0,0.9986370205879211,0,1,0,-0.9986370205879211,0,-0.052192363888025287],5,1.538264513015747],[[752.4539794921875,225.99049377441407,46.72871780395508,-0.05556473508477211,0,0.9984551072120667,0,1,0,-0.9984551072120667,0,-0.05556473508477211],5,1.5456173419952393],[[752.3212890625,226.3129425048828,46.74190902709961,-0.05864722281694412,0,0.998278796672821,0,1,0,-0.998278796672821,0,-0.05864722281694412],5,1.5570225715637208],[[752.1222534179688,226.7710723876953,46.761695861816409,-0.06287014484405518,0,0.9980217218399048,0,1,0,-0.9980217218399048,0,-0.06287014484405518],5,1.566108226776123],[[751.9895629882813,227.0594482421875,46.77488708496094,-0.06543581932783127,0,0.9978567957878113,0,1,0,-0.9978567957878113,0,-0.06543581932783127],5,1.5767533779144288],[[751.79052734375,227.4664764404297,46.794673919677737,-0.06894754618406296,0,0.9976202845573425,0,1,0,-0.9976202845573425,0,-0.06894754618406296],5,1.5873396396636963],[[751.6578369140625,227.72079467773438,46.807865142822269,-0.07108046859502793,0,0.9974705576896668,0,1,0,-0.9974705576896668,0,-0.07108046859502793],5,1.597752332687378],[[751.3924560546875,228.18856811523438,46.83424758911133,-0.07494142651557923,0,0.9971879124641419,0,1,0,-0.9971879124641419,0,-0.07494142651557923],5,1.6116490364074708],[[751.259765625,228.4020233154297,46.84743881225586,-0.07667131721973419,0,0.9970564246177673,0,1,0,-0.9970564246177673,0,-0.07667131721973419],5,1.6211771965026856],[[751.0607299804688,228.69664001464845,46.867225646972659,-0.07901448011398316,0,0.9968734979629517,0,1,0,-0.9968734979629517,0,-0.07901448011398316],5,1.6327261924743653],[[750.8616943359375,228.96060180664063,46.88701248168945,-0.0811152383685112,0,0.9967047572135925,0,1,0,-0.9967047572135925,0,-0.0811152383685112],5,1.6443486213684083],[[750.6626586914063,229.1939239501953,46.90679931640625,-0.08299512416124344,0,0.9965499639511108,0,1,0,-0.9965499639511108,0,-0.08299512416124344],5,1.660144329071045],[[750.3972778320313,229.4573211669922,46.933963775634769,-0.08553656190633774,0,0.9963350296020508,0,1,0,-0.9963350296020508,0,-0.08553656190633774],5,1.688478946685791],[[750.0655517578125,229.7099151611328,46.967071533203128,-0.08802097290754318,0,0.9961186051368713,0,1,0,-0.9961186051368713,0,-0.08802097290754318],5,1.699084758758545],[[749.8001708984375,229.85069274902345,46.99345397949219,-0.08959085494279862,0,0.9959786534309387,0,1,0,-0.9959786534309387,0,-0.08959085494279862],5,1.7225985527038575],[[749.5347900390625,229.9369659423828,47.01982116699219,-0.09091103076934815,0,0.9958590269088745,0,1,0,-0.9958590269088745,0,-0.09091103076934815],5,1.7285950183868409],[[749.402099609375,229.95965576171876,47.03300476074219,-0.09149125963449478,0,0.9958058595657349,0,1,0,-0.9958058595657349,0,-0.09149125963449478],5,1.7394814491271973],[[749.2179565429688,230.07861328125,47.05131149291992,-0.09180959314107895,0,0.9957765936851502,0,1,0,-0.9957765936851502,0,-0.09180959314107895],12,1.767423152923584],[[748.8241577148438,230.75384521484376,47.08855438232422,-0.09217678010463715,0,0.995742678642273,0,1,0,-0.995742678642273,0,-0.09217678010463715],8,1.7828264236450196],[[748.5584106445313,231.06036376953126,47.11076736450195,-0.09127236902713776,0,0.9958259463310242,0,1,0,-0.9958259463310242,0,-0.09127236902713776],8,1.7908191680908204],[[748.4254760742188,231.1609344482422,47.120609283447269,-0.09026437252759934,0,0.9959178566932678,0,1,0,-0.9959178566932678,0,-0.09026437252759934],8,1.7995727062225342],[[748.2924194335938,231.23602294921876,47.12961959838867,-0.08888226002454758,0,0.9960421323776245,0,1,0,-0.9960421323776245,0,-0.08888226002454758],8,1.8106787204742432],[[748.1593627929688,231.29176330566407,47.13791275024414,-0.08720098435878754,0,0.9961907267570496,0,1,0,-0.9961907267570496,0,-0.08720098435878754],8,1.8191001415252686],[[747.9596557617188,231.3494415283203,47.14921951293945,-0.08423838764429093,0,0.9964456558227539,0,1,0,-0.9964456558227539,0,-0.08423838764429093],8,1.8294310569763184],[[747.8264770507813,231.3756561279297,47.156097412109378,-0.08207342028617859,0,0.9966262578964233,0,1,0,-0.9966262578964233,0,-0.08207342028617859],8,1.8389368057250977],[[747.6932983398438,231.39503479003907,47.161773681640628,-0.0795418843626976,0,0.9968315362930298,0,1,0,-0.9968315362930298,0,-0.0795418843626976],8,1.8473553657531739],[[747.5601196289063,231.40933227539063,47.167118072509769,-0.07690905034542084,0,0.9970381259918213,0,1,0,-0.9970381259918213,0,-0.07690905034542084],8,1.8565828800201417],[[747.3601684570313,231.42405700683595,47.17307662963867,-0.07233775407075882,0,0.9973801970481873,0,1,0,-0.9973801970481873,0,-0.07233775407075882],8,1.8688669204711915],[[747.1602172851563,231.43341064453126,47.1777458190918,-0.06743057072162628,0,0.9977239966392517,0,1,0,-0.9977239966392517,0,-0.06743057072162628],8,1.879805564880371],[[746.8269653320313,231.44200134277345,47.18260192871094,-0.05864015966653824,0,0.9982792139053345,0,1,0,-0.9982792139053345,0,-0.05864015966653824],8,1.9008748531341553],[[746.6936645507813,231.44398498535157,47.183712005615237,-0.055121712386608127,0,0.9984796643257141,0,1,0,-0.9984796643257141,0,-0.055121712386608127],8,1.9090173244476319],[[746.5603637695313,231.44544982910157,47.18461227416992,-0.05175984278321266,0,0.9986595511436462,0,1,0,-0.9986595511436462,0,-0.05175984278321266],8,1.9191913604736329],[[746.3604125976563,231.44696044921876,47.185916900634769,-0.04706147313117981,0,0.9988920092582703,0,1,0,-0.9988920092582703,0,-0.04706147313117981],8,1.9300119876861573],[[746.1604614257813,231.4479217529297,47.18721008300781,-0.0047625224106013779,0,0.9999886751174927,0,1,0,-0.9999886751174927,0,-0.0047625224106013779],8,1.943873643875122],[[745.9895629882813,231.44851684570313,47.116943359375,-0.006147350650280714,0,0.9999811053276062,0,1,0,-0.9999811053276062,0,-0.006147350650280714],8,1.969907283782959],[[745.7020874023438,231.4491424560547,46.842811584472659,-0.0046617137268185619,0,0.9999891519546509,0,1,0,-0.9999891519546509,0,-0.0046617137268185619],8,1.9909305572509766],[[745.4652099609375,231.4493865966797,46.60829544067383,-0.002993266563862562,0,0.9999955296516419,0,1,0,-0.9999955296516419,0,-0.002993266563862562],8,2.008476734161377],[[745.2760009765625,231.44947814941407,46.420352935791019,-0.002996167168021202,0,0.9999955296516419,0,1,0,-0.9999955296516419,0,-0.002996167168021202],8,2.0239782333374025],[[745.1340942382813,231.44952392578126,46.279361724853519,-0.002996384631842375,0,0.9999955296516419,0,1,0,-0.9999955296516419,0,-0.002996384631842375],8,2.029111623764038],[[745.0394897460938,231.4495391845703,46.185367584228519,-0.00299638113938272,0,0.9999955296516419,0,1,0,-0.9999955296516419,0,-0.00299638113938272],8,2.0368289947509767],[[744.9448852539063,231.4495391845703,46.091365814208987,-0.0029963799752295019,0,0.9999955296516419,0,1,0,-0.9999955296516419,0,-0.0029963799752295019],8,2.0442864894866945],[[744.8502807617188,231.4495391845703,45.99736404418945,-0.0029963795095682146,0,0.9999955296516419,0,1,0,-0.9999955296516419,0,-0.0029963795095682146],8,2.057147979736328],[[744.7083740234375,231.4495391845703,45.856361389160159,-0.0029963792767375709,0,0.9999955296516419,0,1,0,-0.9999955296516419,0,-0.0029963792767375709],8,2.0688564777374269],[[744.5664672851563,231.4495391845703,45.71535873413086,-0.0029963792767375709,0,0.9999955296516419,0,1,0,-0.9999955296516419,0,-0.0029963792767375709],8,2.079198122024536],[[744.4718627929688,231.4495391845703,45.62135696411133,-0.0029963792767375709,0,0.9999955296516419,0,1,0,-0.9999955296516419,0,-0.0029963792767375709],8,2.0912904739379885],[[744.3299560546875,231.4495391845703,45.48035430908203,-0.0029963792767375709,0,0.9999955296516419,0,1,0,-0.9999955296516419,0,-0.0029963792767375709],8,2.0999748706817629],[[744.1880493164063,231.4495391845703,45.339351654052737,-0.0029963792767375709,0,0.9999955296516419,0,1,0,-0.9999955296516419,0,-0.0029963792767375709],8,2.112412452697754],[[744.0934448242188,231.4495391845703,45.2453498840332,-0.0029963792767375709,0,0.9999955296516419,0,1,0,-0.9999955296516419,0,-0.0029963792767375709],8,2.1226248741149904],[[743.9988403320313,231.4495391845703,45.15134811401367,-0.0029963792767375709,0,0.9999955296516419,0,1,0,-0.9999955296516419,0,-0.0029963792767375709],8,2.132666826248169],[[743.85693359375,231.4495391845703,45.010345458984378,-0.0029963792767375709,0,0.9999955296516419,0,1,0,-0.9999955296516419,0,-0.0029963792767375709],8,2.1427009105682375],[[743.7150268554688,231.4495391845703,44.86934280395508,-0.0029963792767375709,0,0.9999955296516419,0,1,0,-0.9999955296516419,0,-0.0029963792767375709],8,2.153433322906494],[[743.6204223632813,231.4495391845703,44.77534103393555,-0.0029963792767375709,0,0.9999955296516419,0,1,0,-0.9999955296516419,0,-0.0029963792767375709],8,2.164320945739746],[[743.478515625,231.4495391845703,44.63433837890625,-0.001250205677933991,0,0.9999992251396179,0,1,0,-0.9999992251396179,0,-0.001250205677933991],8,2.175898313522339],[[743.384033203125,231.4495391845703,44.540218353271487,-0.0012500864686444402,0,0.9999992251396179,0,1,0,-0.9999992251396179,0,-0.0012500864686444402],8,2.185877799987793],[[743.2424926757813,231.4495391845703,44.39897918701172,-0.0012500864686444402,0,0.9999992251396179,0,1,0,-0.9999992251396179,0,-0.0012500864686444402],8,2.1970643997192385],[[743.0537719726563,232.31243896484376,44.210655212402347,-0.0012505633058026434,0,0.9999992251396179,0,1,0,-0.9999992251396179,0,-0.0012505633058026434],3,2.2146048545837404],[[742.9122314453125,232.92384338378907,44.06941223144531,0.04788687825202942,0,0.9988527894020081,0,1,0,-0.9988527894020081,0,0.04788687825202942],5,2.24286150932312],[[742.629150390625,234.0546875,43.78692626953125,0.1409272700548172,0,0.9900199770927429,0,1,0,-0.9900199770927429,0,0.1409272700548172],5,2.251176357269287],[[742.5341186523438,234.40438842773438,43.69337844848633,0.03735766559839249,0,0.9993019700050354,0,1,0,-0.9993019700050354,0,0.03735766559839249],5,2.2596123218536379],[[742.3907470703125,234.9033966064453,43.553955078125,0.053583331406116489,0,0.9985634088516235,0,1,0,-0.9985634088516235,0,0.053583331406116489],5,2.270634651184082],[[742.2943115234375,235.21902465820313,43.46186065673828,0.02354281209409237,0,0.9997228384017944,0,1,0,-0.9997228384017944,0,0.02354281209409237],5,2.281851053237915],[[742.1489868164063,235.66693115234376,43.324493408203128,0.04948524758219719,0,0.9987748265266419,0,1,0,-0.9987748265266419,0,0.04948524758219719],5,2.2943332195281984],[[742.0034790039063,236.0841827392578,43.187252044677737,0.04932231456041336,0,0.9987829327583313,0,1,0,-0.9987829327583313,0,0.04932231456041336],5,2.3059232234954836],[[741.9064331054688,236.34530639648438,43.095760345458987,0.023139918223023416,0,0.999732255935669,0,1,0,-0.999732255935669,0,0.023139918223023416],5,2.315065860748291],[[741.7608642578125,236.7114715576172,42.95852279663086,0.04928473010659218,0,0.9987847805023193,0,1,0,-0.9987847805023193,0,0.04928473010659218],5,2.325465440750122],[[741.6152954101563,237.04696655273438,42.821285247802737,0.049282532185316089,0,0.9987848997116089,0,1,0,-0.9987848997116089,0,0.049282532185316089],5,2.3388941287994386],[[741.4697265625,237.351806640625,42.68404769897461,0.04928204044699669,0,0.9987848997116089,0,1,0,-0.9987848997116089,0,0.04928204044699669],5,2.3519034385681154],[[741.275634765625,237.7105712890625,42.50106430053711,0.0753968134522438,0,0.9971535801887512,0,1,0,-0.9971535801887512,0,0.0753968134522438],5,2.368795871734619],[[741.1300659179688,237.9438934326172,42.363826751708987,0.049282021820545199,0,0.9987848997116089,0,1,0,-0.9987848997116089,0,0.049282021820545199],5,2.3965630531311037],[[740.693359375,238.4598846435547,41.95211410522461,0.20484080910682679,0,0.9787952899932861,0,1,0,-0.9787952899932861,0,0.20484080910682679],5,2.4174795150756838],[[740.5477905273438,238.57057189941407,41.814876556396487,0.04928198456764221,0,0.9987848997116089,0,1,0,-0.9987848997116089,0,0.04928198456764221],5,2.437622308731079],[[740.3536987304688,238.67047119140626,41.631893157958987,0.07539642602205277,0,0.997153639793396,0,1,0,-0.997153639793396,0,0.07539642602205277],5,2.4492359161376955],[[740.1596069335938,238.7158660888672,41.448909759521487,0.07539721578359604,0,0.9971535801887512,0,1,0,-0.9971535801887512,0,0.07539721578359604],5,2.4728634357452394],[[739.9568481445313,238.70675659179688,41.28913879394531,0.003171539166942239,0,0.9999949932098389,0,1,0,-0.9999949932098389,0,0.003171539166942239],5,2.481271743774414],[[739.839111328125,238.66087341308595,41.252315521240237,-0.026401925832033159,0,0.9996514320373535,0,1,0,-0.9996514320373535,0,-0.026401925832033159],7,2.4993538856506349],[[739.5758056640625,238.52105712890626,41.251670837402347,-0.027921050786972047,0,0.9996101260185242,0,1,0,-0.9996101260185242,0,-0.027921050786972047],7,2.504072904586792],[[739.3759155273438,238.38043212890626,41.257347106933597,-0.0290600024163723,0,0.9995776414871216,0,1,0,-0.9995776414871216,0,-0.0290600024163723],7,2.518188714981079],[[739.1759643554688,238.20913696289063,41.263179779052737,-0.034404456615448,0,0.9994080066680908,0,1,0,-0.9994080066680908,0,-0.034404456615448],8,2.5422844886779787],[[738.8427124023438,237.85552978515626,41.27444839477539,-0.04489738866686821,0,0.9989916086196899,0,1,0,-0.9989916086196899,0,-0.04489738866686821],8,2.5489108562469484],[[738.776123046875,237.7745819091797,41.27717971801758,-0.04839266464114189,0,0.9988284111022949,0,1,0,-0.9988284111022949,0,-0.04839266464114189],8,2.557314872741699],[[738.5763549804688,237.51132202148438,41.28657531738281,-0.04839269444346428,0,0.9988284111022949,0,1,0,-0.9988284111022949,0,-0.04839269444346428],8,2.5656943321228029],[[738.4431762695313,237.36724853515626,41.29301452636719,-0.05013791099190712,0,0.9987422823905945,0,1,0,-0.9987422823905945,0,-0.05013791099190712],8,2.5753543376922609],[[738.3099975585938,237.3438720703125,41.29963684082031,-0.050138019025325778,0,0.9987422823905945,0,1,0,-0.9987422823905945,0,-0.050138019025325778],8,2.584620475769043],[[738.1768188476563,237.3537139892578,41.30631637573242,-0.050138019025325778,0,0.9987422823905945,0,1,0,-0.9987422823905945,0,-0.050138019025325778],8,2.593472957611084],[[737.97705078125,237.3808135986328,41.316341400146487,-0.050138019025325778,0,0.9987422823905945,0,1,0,-0.9987422823905945,0,-0.050138019025325778],8,2.6046690940856935],[[737.8438720703125,237.39706420898438,41.32302474975586,-0.050138019025325778,0,0.9987422823905945,0,1,0,-0.9987422823905945,0,-0.050138019025325778],8,2.6134629249572756],[[737.6441040039063,237.41549682617188,41.33304977416992,-0.050138019025325778,0,0.9987422823905945,0,1,0,-0.9987422823905945,0,-0.050138019025325778],8,2.624953508377075],[[737.5109252929688,237.42425537109376,41.3397331237793,-0.050138019025325778,0,0.9987422823905945,0,1,0,-0.9987422823905945,0,-0.050138019025325778],8,2.6346802711486818],[[737.3111572265625,237.43345642089845,41.34975814819336,-0.050138019025325778,0,0.9987422823905945,0,1,0,-0.9987422823905945,0,-0.050138019025325778],8,2.6448476314544679],[[737.1113891601563,237.43934631347657,41.35978317260742,-0.05362662300467491,0,0.9985610842704773,0,1,0,-0.9985610842704773,0,-0.05362662300467491],8,2.658539295196533],[[736.91162109375,237.44309997558595,41.37037658691406,-0.05711492523550987,0,0.9983676075935364,0,1,0,-0.9983676075935364,0,-0.05711492523550987],8,2.669248104095459],[[736.7784423828125,237.44480895996095,41.377864837646487,-0.07454395294189453,0,0.9972177147865295,0,1,0,-0.9972177147865295,0,-0.07454395294189453],8,2.6803698539733888],[[736.6454467773438,237.44606018066407,41.38718795776367,-0.08673099428415299,0,0.9962317943572998,0,1,0,-0.9962317943572998,0,-0.08673099428415299],8,2.6907546520233156],[[736.4461669921875,237.44735717773438,41.40397644042969,-0.12320739775896073,0,0.9923809170722961,0,1,0,-0.9923809170722961,0,-0.12320739775896073],8,2.7015626430511476],[[736.2474975585938,237.44818115234376,41.427207946777347,-0.14570708572864533,0,0.9893277883529663,0,1,0,-0.9893277883529663,0,-0.14570708572864533],8,2.713993787765503],[[736.0494995117188,237.44869995117188,41.455421447753909,-0.14570708572864533,0,0.9893277883529663,0,1,0,-0.9893277883529663,0,-0.14570708572864533],8,2.7245213985443117],[[735.8515625,237.4490203857422,41.48451232910156,-0.23484402894973756,0,0.9720330834388733,0,1,0,-0.9720330834388733,0,-0.23484402894973756],8,2.73785662651062],[[735.656494140625,237.44923400878907,41.52810287475586,-0.23484402894973756,0,0.9720330834388733,0,1,0,-0.9720330834388733,0,-0.23484402894973756],8,2.749591827392578],[[735.4620361328125,237.4493865966797,41.574893951416019,-0.3484806716442108,0,0.9373159408569336,0,1,0,-0.9373159408569336,0,-0.3484806716442108],8,2.7645416259765627],[[735.2730712890625,237.44947814941407,41.63972473144531,-0.3808816075325012,0,0.9246238470077515,0,1,0,-0.9246238470077515,0,-0.3808816075325012],8,2.7746362686157228],[[735.0850219726563,238.1017608642578,41.707576751708987,-0.4406425654888153,0,0.8976826667785645,0,1,0,-0.8976826667785645,0,-0.4406425654888153],3,2.788558006286621],[[734.90234375,238.723388671875,41.78820037841797,-0.48654982447624209,0,0.8736528158187866,0,1,0,-0.8736528158187866,0,-0.48654982447624209],5,2.810997247695923],[[734.6101684570313,239.69129943847657,41.94831085205078,-0.5233485698699951,0,0.8521186709403992,0,1,0,-0.8521186709403992,0,-0.5233485698699951],5,2.8199260234832765],[[734.4962768554688,240.05462646484376,42.017547607421878,-0.5456944108009338,0,0.8379842638969421,0,1,0,-0.8379842638969421,0,-0.5456944108009338],5,2.828686237335205],[[734.3842163085938,240.40432739257813,42.089744567871097,-0.5621814131736755,0,0.8270139098167419,0,1,0,-0.8270139098167419,0,-0.5621814131736755],5,2.838045120239258],[[734.2736206054688,240.7404022216797,42.16421890258789,-0.5753927230834961,0,0.8178772330284119,0,1,0,-0.8178772330284119,0,-0.5753927230834961],5,2.847045421600342],[[734.1098022460938,241.21896362304688,42.278907775878909,-0.5918251276016235,0,0.8060663938522339,0,1,0,-0.8060663938522339,0,-0.5918251276016235],5,2.8576958179473879],[[733.9483642578125,241.6668701171875,42.396915435791019,-0.5967617034912109,0,0.8024185299873352,0,1,0,-0.8024185299873352,0,-0.5967617034912109],5,2.8701634407043459],[[733.8413696289063,241.9484405517578,42.47642517089844,-0.6001284122467041,0,0.7999036908149719,0,1,0,-0.7999036908149719,0,-0.6001284122467041],5,2.879664421081543],[[733.734619140625,242.2163848876953,42.55636215209961,-0.5989576578140259,0,0.8007806539535523,0,1,0,-0.8007806539535523,0,-0.5989576578140259],5,2.8895742893218996],[[733.5745239257813,242.59275817871095,42.676204681396487,-0.5990160703659058,0,0.8007370233535767,0,1,0,-0.8007370233535767,0,-0.5990160703659058],5,2.899885892868042],[[733.3074951171875,243.1519317626953,42.875885009765628,-0.5990294814109802,0,0.8007269501686096,0,1,0,-0.8007269501686096,0,-0.5990294814109802],5,2.9213738441467287],[[733.20068359375,243.35174560546876,42.95575714111328,-0.5990331172943115,0,0.8007242679595947,0,1,0,-0.8007242679595947,0,-0.5990331172943115],5,2.931709051132202],[[733.0404663085938,243.6259307861328,43.075565338134769,-0.5990327000617981,0,0.8007245659828186,0,1,0,-0.8007245659828186,0,-0.5990327000617981],5,2.9416022300720217],[[732.9336547851563,243.79168701171876,43.15543746948242,-0.5990329384803772,0,0.8007243871688843,0,1,0,-0.8007243871688843,0,-0.5990329384803772],5,2.9496541023254396],[[732.8268432617188,243.94383239746095,43.23530960083008,-0.5990324020385742,0,0.8007247447967529,0,1,0,-0.8007247447967529,0,-0.5990324020385742],5,2.9603941440582277],[[732.6666259765625,244.146484375,43.35511779785156,-0.5990325808525086,0,0.8007246851921082,0,1,0,-0.8007246851921082,0,-0.5990325808525086],5,2.9720778465270998],[[732.5064086914063,244.3184814453125,43.47492599487305,-0.599032461643219,0,0.8007247447967529,0,1,0,-0.8007247447967529,0,-0.599032461643219],5,2.986337661743164],[[732.34619140625,244.45982360839845,43.59473419189453,-0.599032461643219,0,0.8007247447967529,0,1,0,-0.8007247447967529,0,-0.599032461643219],5,3.011441230773926],[[732.0257568359375,244.65054321289063,43.8343505859375,-0.5990323424339294,0,0.8007248640060425,0,1,0,-0.8007248640060425,0,-0.5990323424339294],5,3.0186984539031984],[[731.8655395507813,244.69992065429688,43.954158782958987,-0.5950899124145508,0,0.80