[[[775.4003295898438,222.69961547851563,47.06239318847656,-0.012287158519029618,-3.736474241122778e-8,0.9999244809150696,-6.197039681410388e-8,1,3.660606751054729e-8,-0.9999244809150696,-6.151593368031172e-8,-0.012287158519029618],8,0.02069830894470215],[[775.4003295898438,222.69961547851563,47.06239318847656,-0.012287158519029618,-1.382277581285507e-8,0.9999244809150696,-2.292549261539989e-8,1,1.3542109655872992e-8,-0.9999244809150696,-2.2757367545978015e-8,-0.012287158519029618],8,0.04094099998474121],[[775.4003295898438,222.69961547851563,47.06239318847656,-0.012287158519029618,1.8551082892059867e-9,0.9999244809150696,3.076635168852704e-9,1,-1.8174423077610414e-9,-0.9999244809150696,3.054071884278642e-9,-0.012287158519029618],8,0.047770023345947269],[[775.4003295898438,222.69961547851563,47.06239318847656,-0.012287158519029618,1.3604730675353949e-8,0.9999244809150696,2.256364517450038e-8,1,-1.3328493864150915e-8,-0.9999244809150696,2.2398172205839729e-8,-0.012287158519029618],8,0.05920052528381348],[[775.4003295898438,222.69961547851563,47.06239318847656,-0.012287158519029618,2.1433629981970627e-8,0.9999244809150696,3.554804450800475e-8,1,-2.0998429661744923e-8,-0.9999244809150696,3.528734993096805e-8,-0.012287158519029618],8,0.06817865371704102],[[775.4003295898438,222.69961547851563,47.06239318847656,-0.012287158519029618,3.317070351727125e-8,0.9999244809150696,5.501423672171768e-8,1,-3.249718716347161e-8,-0.9999244809150696,5.4610787003639419e-8,-0.012287158519029618],8,0.08056187629699707],[[775.4003295898438,222.69961547851563,47.06239318847656,-0.012287158519029618,4.099123884770961e-8,0.9999244809150696,6.798476448466318e-8,1,-4.01589304033223e-8,-0.9999244809150696,6.748619796326239e-8,-0.012287158519029618],8,0.0904541015625],[[775.4003295898438,222.69961547851563,47.06239318847656,-0.012287158519029618,5.2715780185508268e-8,0.9999244809150696,8.743016621792776e-8,1,-5.164541150293189e-8,-0.9999244809150696,8.678899376945992e-8,-0.012287158519029618],8,0.1023557186126709],[[775.4003295898438,222.69961547851563,47.06239318847656,-0.012287158519029618,5.887941867399604e-8,0.9999244809150696,9.765270192474418e-8,1,-5.7683898546656567e-8,-0.9999244809150696,9.693656011222629e-8,-0.012287158519029618],8,0.11707639694213867],[[775.4003295898438,222.69961547851563,47.06239318847656,-0.012287158519029618,3.1130277022839439e-8,0.9999244809150696,5.163022365195502e-8,1,-3.0498192415961969e-8,-0.9999244809150696,5.125159319163686e-8,-0.012287158519029618],8,0.1380476951599121],[[775.4003295898438,222.69961547851563,47.06239318847656,-0.012287158519029618,2.003892163315868e-8,0.9999244809150696,3.323500763485754e-8,1,-1.9632039993666696e-8,-0.9999244809150696,3.299127726563711e-8,-0.012287158519029618],8,0.1485579013824463],[[775.4003295898438,222.69961547851563,47.06239318847656,-0.012287158519029618,8.952305563525443e-9,0.9999244809150696,1.4847651996774403e-8,1,-8.770531856328035e-9,-0.9999244809150696,1.4738766651589686e-8,-0.012287158519029618],8,0.16053390502929688],[[775.2386474609375,222.69961547851563,47.06437683105469,-0.012287158519029618,-1.320671572102583e-8,0.9999244809150696,-2.190348169506251e-8,1,1.2938560445263647e-8,-0.9999244809150696,-2.1742849298789225e-8,-0.012287158519029618],8,0.1797187328338623],[[774.9089965820313,222.69961547851563,47.06842803955078,-0.012287158519029618,-4.087886651404915e-8,0.9999244809150696,-6.779822570024408e-8,1,4.004884246455731e-8,-0.9999244809150696,-6.730102342089595e-8,-0.012287158519029618],8,0.20519733428955079],[[774.5757446289063,222.69961547851563,47.07252883911133,-0.012287158519029618,-4.994843649797076e-8,0.9999244809150696,-8.28402804131656e-8,1,4.89342575349383e-8,-0.9999244809150696,-8.223276637409072e-8,-0.012287158519029618],8,0.22151875495910645],[[774.3091430664063,222.69961547851563,47.075809478759769,-0.012287158519029618,-3.491900812946369e-8,0.9999244809150696,-5.7913769779815996e-8,1,3.4209996613299157e-8,-0.9999244809150696,-5.748905351765643e-8,-0.012287158519029618],8,0.22977375984191895],[[774.1758422851563,222.69961547851563,47.07640838623047,-0.011911189183592797,-2.7409337022277215e-8,0.9999290704727173,-4.5447510643725766e-8,1,2.686991074085654e-8,-0.9999290704727173,-4.512423501523699e-8,-0.011911189183592797],8,0.24768376350402833],[[773.9092407226563,222.69961547851563,47.0765495300293,-0.010535306297242642,-1.240198699292705e-8,0.9999445080757141,-2.053070247143296e-8,1,1.218636658251171e-8,-0.9999445080757141,-2.0401175859774413e-8,-0.010535306297242642],8,0.25499701499938967],[[773.7092895507813,222.69961547851563,47.07599639892578,-0.009239664301276207,-1.1576809511026909e-9,0.9999573230743408,-1.8724630734823224e-9,1,1.1404286404115283e-9,-0.9999573230743408,-1.8618460106978319e-9,-0.009239664301276207],8,0.26907825469970705],[[773.5093383789063,222.69961547851563,47.075313568115237,-0.007944585755467415,1.007671279751321e-8,0.9999684691429138,1.675567062875416e-8,1,-9.943909695664388e-9,-0.9999684691429138,1.667614135669737e-8,-0.007944585755467415],8,0.28189587593078616],[[773.3093872070313,222.69961547851563,47.07462692260742,-0.0067533948458731178,2.1301319819144738e-8,0.999977171421051,3.5355331107211899e-8,1,-2.106303220728023e-8,-0.999977171421051,3.5212277538221318e-8,-0.0067533948458731178],8,0.29291510581970217],[[773.1094360351563,222.69961547851563,47.07365798950195,-0.005570748820900917,3.25162758940678e-8,0.9999845027923584,5.392634605527746e-8,1,-3.22163664634445e-8,-0.9999845027923584,5.374603873065098e-8,-0.005570748820900917],8,0.30605101585388186],[[772.9094848632813,222.69961547851563,47.072628021240237,-0.004454056732356548,4.372162720756023e-8,0.9999901056289673,7.247126632137224e-8,1,-4.339926462648691e-8,-0.9999901056289673,7.227724552194559e-8,-0.004454056732356548],8,0.3191955089569092],[[772.7095336914063,222.69961547851563,47.071590423583987,-0.003441086271777749,5.491756382980384e-8,0.9999940991401672,9.09936161974656e-8,1,-5.460476870666753e-8,-0.9999940991401672,9.080517315851466e-8,-0.003441086271777749],8,0.33107733726501467],[[772.5762329101563,222.69961547851563,47.07089614868164,-0.002827330259606242,6.23764009333172e-8,0.9999960064888,1.033308407727418e-7,1,-6.208449576661224e-8,-0.9999960064888,1.0315489618051288e-7,-0.002827330259606242],8,0.34143495559692385],[[772.3762817382813,222.69961547851563,47.07042694091797,-0.002206495264545083,4.6162490718870688e-8,0.9999975562095642,7.645218857987857e-8,1,-4.599391090209792e-8,-0.9999975562095642,7.635051701981865e-8,-0.002206495264545083],8,0.3541545867919922],[[772.1763305664063,222.69961547851563,47.07036209106445,-0.0018698738422244788,2.9960418146401938e-8,0.9999982714653015,4.9613710473295217e-8,1,-2.98676994248126e-8,-0.9999982714653015,4.955777654913618e-8,-0.0018698738422244788],8,0.3658156394958496],[[771.9097290039063,223.56251525878907,47.07034683227539,-0.0014976877719163895,8.375192983578473e-9,0.9999988675117493,1.3868030279695632e-8,1,-8.354431813017982e-9,-0.9999988675117493,1.3855502523085761e-8,-0.0014976877719163895],3,0.3845210075378418],[[771.6431274414063,224.37091064453126,47.072349548339847,-0.0020542461425065996,-1.319169751212712e-8,0.9999979138374329,-2.1842899045054766e-8,1,1.31468551600733e-8,-0.9999979138374329,-2.1815846906747539e-8,-0.0020542461425065996],5,0.40625739097595217],[[771.3765258789063,225.1248016357422,47.07548141479492,-0.0032488505821675064,-3.474387710866722e-8,0.999994695186615,-5.755505227966751e-8,1,3.455707187072221e-8,-0.999994695186615,-5.7442477441327358e-8,-0.0032488505821675064],5,0.41474413871765139],[[771.1765747070313,225.6544647216797,47.07849884033203,-0.004397778771817684,-5.0899529924208767e-8,0.9999903440475464,-8.435166876097355e-8,1,5.0529056494497129e-8,-0.9999903440475464,-8.412864360707317e-8,-0.004397778771817684],5,0.42579221725463869],[[771.0432739257813,225.99053955078126,47.080772399902347,-0.005237332079559565,-6.166623478520705e-8,0.9999862909317017,-1.0222369439816248e-7,1,6.113169348509473e-8,-0.9999862909317017,-1.0190212407223953e-7,-0.005237332079559565],5,0.43659281730651858],[[770.8433227539063,226.46910095214845,47.08427047729492,-0.006482462864369154,-7.781081734492546e-8,0.9999789595603943,-1.290376587803621e-7,1,7.697595094668941e-8,-0.9999789595603943,-1.2853595876549662e-7,-0.006482462864369154],5,0.449338436126709],[[770.6433715820313,226.91700744628907,47.08805465698242,-0.007745499722659588,-6.696193111110915e-8,0.999970018863678,-1.1111032449662162e-7,1,6.610331126921665e-8,-0.999970018863678,-1.1059498916665689e-7,-0.007745499722659588],5,0.4618988037109375],[[770.4434204101563,227.33425903320313,47.0919075012207,-0.008941834792494774,-5.61175106383871e-8,0.9999600052833557,-9.317322025026442e-8,1,5.528658064690717e-8,-0.9999600052833557,-9.267512979249659e-8,-0.008941834792494774],5,0.4730379581451416],[[770.2434692382813,227.72084045410157,47.09576416015625,-0.010027904063463211,-4.5277758431439e-8,0.9999496936798096,-7.522590550479436e-8,1,4.4525638287495897e-8,-0.9999496936798096,-7.477562746771582e-8,-0.010027904063463211],5,0.48610782623291018],[[770.0435180664063,228.0767822265625,47.0996208190918,-0.011003141291439534,-3.444290541665396e-8,0.9999394416809082,-5.7271108744316737e-8,1,3.381478919095571e-8,-0.9999394416809082,-5.6895572697612809e-8,-0.011003141291439534],5,0.4994516372680664],[[769.9102172851563,228.2970428466797,47.10219192504883,-0.011592539958655835,-2.7222498033552257e-8,0.9999328255653381,-4.529848141032744e-8,1,2.6699167321453389e-8,-0.9999328255653381,-4.498592431900761e-8,-0.011592539958655835],5,0.5073091983795166],[[769.7102661132813,228.6018829345703,47.106048583984378,-0.012398063205182553,-1.63962869947909e-8,0.9999231696128845,-2.7337588193176999e-8,1,1.6058587348766197e-8,-0.9999231696128845,-2.7136390912119169e-8,-0.012398063205182553],5,0.5186266899108887],[[769.5103149414063,228.87606811523438,47.10990524291992,-0.013122809119522572,-5.575506722976797e-9,0.9999138712882996,-9.376558196549923e-9,1,5.452929663363193e-9,-0.9999138712882996,-9.304192971626435e-9,-0.013122809119522572],5,0.5332591533660889],[[769.1104125976563,229.3324737548828,47.11824417114258,-0.014664549380540848,1.6049641615722977e-8,0.9998924732208252,2.6541215447650758e-8,1,-1.5662109831282579e-8,-0.9998924732208252,2.6308683231945907e-8,-0.014664549380540848],5,0.5542306900024414],[[768.9104614257813,229.5146942138672,47.12244415283203,-0.015356120653450489,2.685403188706914e-8,0.9998821020126343,4.449649892990237e-8,1,-2.617382399705548e-8,-0.9998821020126343,4.408932241517505e-8,-0.015356120653450489],5,0.568535566329956],[[768.7105102539063,229.666259765625,47.126644134521487,-0.01595919206738472,3.76527502510271e-8,0.999872624874115,6.24466522936018e-8,1,-3.6660818381051288e-8,-0.999872624874115,6.18536191154817e-8,-0.01595919206738472],5,0.5816652774810791],[[768.5772094726563,229.75025939941407,47.12944412231445,-0.016320964321494104,4.484866877874083e-8,0.999866783618927,7.440986848905595e-8,1,-4.364003913792658e-8,-0.999866783618927,7.368770837956618e-8,-0.016320964321494104],5,0.5918114185333252],[[768.3106079101563,229.87741088867188,47.13504409790039,-0.016973232850432397,5.923259749351928e-8,0.9998559355735779,9.832686487243336e-8,1,-5.7571966749492279e-8,-0.9998559355735779,9.733552275292823e-8,-0.016973232850432397],5,0.6074376106262207],[[768.1106567382813,229.93701171875,47.139244079589847,-0.01740475557744503,7.001352031466013e-8,0.9998485445976257,1.1625512286173034e-7,1,-6.800042484655933e-8,-0.9998485445976257,1.1505397878863732e-7,-0.01740475557744503],5,0.6295325756072998],[[767.6441040039063,229.9568328857422,47.149044036865237,-0.01827392540872097,7.688308301112557e-8,0.9998330473899841,1.277202272831346e-7,1,-7.456158357399545e-8,-0.9998330473899841,1.2633637425096823e-7,-0.01827392540872097],5,0.6461310386657715],[[767.4441528320313,229.91424560546876,47.15155029296875,-0.017925474792718889,6.02644973923816e-8,0.9998393058776856,1.0009067352712009e-7,1,-5.847972417427627e-8,-0.9998393058776856,9.902631603608825e-8,-0.017925474792718889],5,0.6587440967559815],[[767.3108520507813,229.8688201904297,47.15245819091797,-0.017304008826613427,4.9192390605412586e-8,0.9998502731323242,8.166440323975621e-8,1,-4.778642193059568e-8,-0.9998502731323242,8.08252735851056e-8,-0.017304008826613427],5,0.6679196357727051],[[767.1775512695313,229.8097686767578,47.15180969238281,-0.01605856791138649,3.812682436432624e-8,0.9998710751533508,6.322903089994725e-8,1,-3.71162443002504e-8,-0.9998710751533508,6.262484220087572e-8,-0.01605856791138649],5,0.6768167018890381],[[767.0442504882813,229.73709106445313,47.14986038208008,-0.014224184677004815,2.706905988247854e-8,0.9998988509178162,4.480060411538034e-8,1,-2.6434481270598554e-8,-0.9998988509178162,4.442006229510298e-8,-0.014224184677004815],5,0.6880021095275879],[[766.7776489257813,229.5508575439453,47.14289474487305,-0.009148946031928063,4.981323797892401e-9,0.9999581575393677,8.025653919219167e-9,1,-4.908102813061532e-9,-0.9999581575393677,7.980413663233321e-9,-0.009148946031928063],5,0.7015917301177979],[[766.577880859375,229.37542724609376,47.13336181640625,-0.003783411579206586,-1.155617646020346e-8,0.999992847442627,-1.9434244435956317e-8,1,1.1482731210321618e-8,-0.999992847442627,-1.939066152090163e-8,-0.003783411579206586],5,0.7160663604736328],[[766.3782958984375,229.16934204101563,47.12040328979492,0.00285582197830081,-2.8064306434316678e-8,0.9999959468841553,-4.673573172908618e-8,1,2.8197890244996416e-8,-0.9999959468841553,-4.68160692435049e-8,0.00285582197830081],5,0.7289881706237793],[[766.17919921875,228.93258666992188,47.101192474365237,0.011699880473315716,-4.453737645349065e-8,0.9999315738677979,-7.378987731954112e-8,1,4.5403815818190199e-8,-0.9999315738677979,-7.431604132079883e-8,0.011699880473315716],5,0.7411701679229736],[[765.9810791015625,228.66517639160157,47.07423782348633,0.023436792194843293,-6.096605886796169e-8,0.999725341796875,-1.0046608878155894e-7,1,6.333806368274964e-8,-0.999725341796875,-1.0192293586896995e-7,0.023436792194843293],5,0.7515020370483398],[[765.78369140625,228.3671112060547,47.04214859008789,0.036979347467422488,-7.73405659515447e-8,0.9993160367012024,-1.2671979732203909e-7,1,8.208272817000761e-8,-0.9993160367012024,-1.2966849283202465e-7,0.036979347467422488],5,0.7653381824493408],[[765.587158203125,228.03839111328126,47.005271911621097,0.051747363060712817,-6.67512196628195e-8,0.9986602067947388,-1.0846568443412252e-7,1,7.246111266567823e-8,-0.9986602067947388,-1.1207003325353071e-7,0.051747363060712817],5,0.7786591053009033],[[765.3923950195313,227.67901611328126,46.959739685058597,0.06906986981630326,-5.620695731067826e-8,0.9976118206977844,-9.024424230119621e-8,1,6.258959217575466e-8,-0.9976118206977844,-9.435177616978763e-8,0.06906986981630326],5,0.7895662784576416],[[765.2001342773438,227.2889862060547,46.90479278564453,0.08944296091794968,-4.571755951587875e-8,0.9959919452667236,-7.20915096508179e-8,1,5.237556166548529e-8,-0.9959919452667236,-7.648718991504211e-8,0.08944296091794968],5,0.8021800518035889],[[765.0096435546875,226.86830139160157,46.84400177001953,0.11129488050937653,-3.5292899269734337e-8,0.993787407875061,-5.416167780936121e-8,1,4.15791276964228e-8,-0.993787407875061,-5.84527377611721e-8,0.11129488050937653],5,0.8165102005004883],[[764.822265625,226.4169464111328,46.77421188354492,0.13538074493408204,-2.4942371723568614e-8,0.9907936453819275,-3.648282032031602e-8,1,3.0159096553461498e-8,-0.9907936453819275,-4.022990651719738e-8,0.13538074493408204],5,0.8275613784790039],[[764.6370849609375,225.93495178222657,46.69865036010742,0.16048501431941987,-1.4677216775282887e-8,0.987038254737854,-1.9159859476758357e-8,1,1.7985204436854475e-8,-0.987038254737854,-2.1797868399175969e-8,0.16048501431941987],5,0.8411283493041992],[[764.4552612304688,225.42230224609376,46.61539077758789,0.18696753680706025,-4.507713313728345e-9,0.9823660850524902,-2.2436235092015979e-9,1,5.015639459315935e-9,-0.9823660850524902,-3.1418194712529159e-9,0.18696753680706025],5,0.8532814979553223],[[764.2767944335938,224.8789825439453,46.525245666503909,0.21454855799674989,5.5534172815896458e-9,0.9767132997512817,1.4198045406033089e-8,1,-8.804621920432965e-9,-0.9767132997512817,1.575644148488209e-8,0.21454855799674989],5,0.865027904510498],[[764.0989379882813,224.3050079345703,46.433837890625,0.2406592071056366,1.5497649386020386e-8,0.9706096649169922,3.0147070617658758e-8,1,-2.3441783625344216e-8,-0.9706096649169922,3.490252353799406e-8,0.2406592071056366],5,0.8777413368225098],[[763.9226684570313,223.7003936767578,46.33936309814453,0.2655113637447357,2.5322897556634417e-8,0.9641077518463135,4.561472266573219e-8,1,-3.882774279873047e-8,-0.9641077518463135,5.428671556728659e-8,0.2655113637447357],7,0.8888204097747803],[[763.8053588867188,223.2802734375,46.27593994140625,0.2809023857116699,3.1806084876961907e-8,0.9597363471984863,5.5691650402422968e-8,1,-4.94406648954282e-8,-0.9597363471984863,6.733730373298386e-8,0.2809023857116699],7,0.9020166397094727],[[763.62939453125,223.1246337890625,46.180763244628909,0.3020114004611969,4.1433658282130639e-8,0.9533042907714844,7.050957862020368e-8,1,-6.580098244057808e-8,-0.9533042907714844,8.708973098237039e-8,0.3020114004611969],7,0.9107258319854736],[[763.4534301757813,223.18902587890626,46.0855827331543,0.3209436237812042,5.094883093192948e-8,0.9470983147621155,8.502306769742063e-8,1,-8.260646922053638e-8,-0.9470983147621155,1.0703722352900513e-7,0.3209436237812042],7,0.9238667488098145],[[763.27783203125,223.27073669433595,45.98990249633789,0.33801689743995669,3.7961445542578079e-8,0.9411400556564331,6.206435188005344e-8,1,-6.262643381660382e-8,-0.9411400556564331,7.958004033525867e-8,0.33801689743995669],8,0.9378705024719238],[[763.1024169921875,223.33277893066407,45.89385986328125,0.35341253876686098,2.5113179091817984e-8,0.935467541217804,3.9677626517686807e-8,1,-4.1835495068198728e-8,-0.935467541217804,5.190232243990067e-8,0.35341253876686098],8,0.9500234127044678],[[762.9267578125,223.3746795654297,45.798255920410159,0.36697936058044436,1.2395131143705385e-8,0.9302290678024292,1.780199809786609e-8,1,-2.034777857318204e-8,-0.9302290678024292,2.4027150047345459e-8,0.36697936058044436],8,0.9633135795593262],[[762.6923828125,223.4085693359375,45.67093276977539,0.3827883005142212,-4.377442408554089e-9,0.9238361120223999,-1.0709750419835018e-8,1,9.175881388046037e-9,-0.9238361120223999,-1.3406474153043746e-8,0.3827883005142212],8,0.9770317077636719],[[762.5736083984375,223.41928100585938,45.61033630371094,0.3886305093765259,-1.269304483741962e-8,0.9213936924934387,-2.475477955954375e-8,1,2.4217126082248798e-8,-0.9213936924934387,-3.2220413004324658e-8,0.3886305093765259],8,0.9871907234191895],[[762.3931884765625,223.4303436279297,45.52418899536133,0.3940308094024658,-2.5106743350988837e-8,0.9190972447395325,-4.572475020836464e-8,1,4.691963084724193e-8,-0.9190972447395325,-6.051327261502593e-8,0.3940308094024658],8,0.9994816780090332],[[762.1495971679688,223.43910217285157,45.41558837890625,0.3968377113342285,-4.159386080004879e-8,0.9178888201713562,-7.371649957121918e-8,1,7.718511341181511e-8,-0.9178888201713562,-9.829351199641678e-8,0.3968377113342285],8,1.0172572135925294],[[761.900634765625,223.44386291503907,45.320404052734378,0.3930337727069855,-3.623782518502594e-8,0.9195240139961243,-6.391983475850793e-8,1,6.673069918861074e-8,-0.9195240139961243,-8.500324355509292e-8,0.3930337727069855],8,1.030696153640747],[[761.7098388671875,223.44595336914063,45.260807037353519,0.3849424123764038,-2.6729681579240606e-8,0.9229406118392944,-4.725574243025221e-8,1,4.867097658234343e-8,-0.9229406118392944,-6.234976268615356e-8,0.3849424123764038],8,1.045034408569336],[[761.3909301757813,224.5160675048828,45.164390563964847,0.36950019001960757,-1.0751539214481909e-8,0.9292306303977966,-1.9131430661900596e-8,1,1.9177807786263658e-8,-0.9292306303977966,-2.486371641907681e-8,0.36950019001960757],3,1.06632661819458],[[761.1304931640625,225.3108367919922,45.110565185546878,0.3455720841884613,2.192155346136815e-9,0.9383922219276428,3.749014876319734e-9,1,-3.7166849597980446e-9,-0.9383922219276428,4.802427788774821e-9,0.3455720841884613],5,1.0894978046417237],[[760.8656005859375,226.0511016845703,45.08099365234375,0.31538236141204836,1.5362827454623585e-8,0.9489646553993225,2.7439700289733083e-8,1,-2.5308446893745896e-8,-0.9489646553993225,3.402114145956148e-8,0.31538236141204836],5,1.0964937210083008],[[760.7327270507813,226.4008026123047,45.07034683227539,0.2996671497821808,2.2036990898754995e-8,0.9540438055992127,3.9617827241045236e-8,1,-3.5542548459943649e-8,-0.9540438055992127,4.8448075773421809e-8,0.2996671497821808],5,1.1081557273864747],[[760.4666137695313,227.059326171875,45.05387878417969,0.2682332992553711,3.555237171326553e-8,0.9633539915084839,6.458331824887864e-8,1,-5.4887159706140667e-8,-0.9633539915084839,7.693915904383175e-8,0.2682332992553711],5,1.1227936744689942],[[760.3334350585938,227.36814880371095,45.04785919189453,0.2529304325580597,4.238762230102111e-8,0.9674844741821289,7.732771933888216e-8,1,-6.402805752259155e-8,-0.9674844741821289,9.100800468786474e-8,0.2529304325580597],5,1.133486032485962],[[760.0001831054688,228.08059692382813,45.03848648071289,0.2154751420021057,5.967505956050445e-8,0.9765093326568604,1.0988266296863003e-7,1,-8.53571364700656e-8,-0.9765093326568604,1.2569378782245622e-7,0.2154751420021057],5,1.154784917831421],[[759.8002319335938,228.46717834472657,45.03495407104492,0.19471995532512666,7.01692783877661e-8,0.9808588624000549,1.2972758156593046e-7,1,-9.729210148634593e-8,-0.9808588624000549,1.4618916566178087e-7,0.19471995532512666],5,1.1644511222839356],[[759.6669311523438,228.7078857421875,45.03302001953125,0.1820475310087204,6.93353428005139e-8,0.9832897186279297,1.2863397103046737e-7,1,-9.432910985651688e-8,-0.9832897186279297,1.4365684819495073e-7,0.1820475310087204],5,1.175429105758667],[[759.4669799804688,229.0433807373047,45.03050994873047,0.16449961066246034,5.6230433642667779e-8,0.9863771200180054,1.0504033554070702e-7,1,-7.452477035485572e-8,-0.9863771200180054,1.1586868708945986e-7,0.16449961066246034],5,1.1877784729003907],[[759.2670288085938,229.3482208251953,45.02835464477539,0.148477703332901,4.304976286562123e-8,0.988915741443634,8.093282843901761e-8,1,-5.568369587649613e-8,-0.988915741443634,8.830353692701465e-8,0.148477703332901],5,1.1981558799743653],[[759.1337280273438,229.534423828125,45.027828216552737,0.13841268420219422,3.4225870138016037e-8,0.9903746247291565,6.462919799332667e-8,1,-4.359094774031291e-8,-0.9903746247291565,7.004066304716616e-8,0.13841268420219422],5,1.20967435836792],[[758.9337768554688,229.7881622314453,45.02857971191406,0.12386611849069596,2.0940580824913014e-8,0.99229896068573,3.988319008385588e-8,1,-2.6081613313522213e-8,-0.99229896068573,4.2806675537576669e-8,0.12386611849069596],5,1.2194395065307618],[[758.7338256835938,230.01126098632813,45.030757904052737,0.1099817305803299,7.601112628208284e-9,0.9939336180686951,1.4824344418684632e-8,1,-9.287863811380248e-9,-0.9939336180686951,1.5755910354187109e-8,0.1099817305803299],5,1.2316467761993409],[[758.5338745117188,230.20370483398438,45.03575134277344,0.09623846411705017,-5.787856416361592e-9,0.9953582882881165,-1.0511048031958126e-8,1,6.831130772155802e-9,-0.9953582882881165,-1.1119675846771316e-8,0.09623846411705017],5,1.243818759918213],[[758.4005737304688,230.31495666503907,45.040321350097659,0.0872487723827362,-1.4739804932162315e-8,0.9961865544319153,-2.7545141279006203e-8,1,1.720870912436112e-8,-0.9961865544319153,-2.8941538943172419e-8,0.0872487723827362],5,1.2534096240997315],[[758.2008056640625,230.456298828125,45.05044937133789,0.07339425384998322,-2.820489974908469e-8,0.9973030090332031,-5.331364860694521e-8,1,3.220467093001389e-8,-0.9973030090332031,-5.553349780029748e-8,0.07339425384998322],5,1.2649648189544678],[[758.001220703125,230.56698608398438,45.062381744384769,0.05975688248872757,-4.1713050791258868e-8,0.9982129335403442,-7.931826218054994e-8,1,4.653602658777345e-8,-0.9982129335403442,-8.195736711513746e-8,0.05975688248872757],5,1.2775824069976807],[[757.8016357421875,230.6470184326172,45.076011657714847,0.04658389091491699,-5.52605996517741e-8,0.998914361000061,-1.055283291861997e-7,1,6.024191634423915e-8,-0.998914361000061,-1.0822006402122497e-7,0.04658389091491699],5,1.2939345836639405],[[757.5359497070313,230.70603942871095,45.09819030761719,0.029026493430137636,-7.338029206493957e-8,0.9995786547660828,-1.408049286055757e-7,1,7.750002595230399e-8,-0.9995786547660828,-1.429951623777015e-7,0.029026493430137636],5,1.3182718753814698],[[757.2042846679688,230.7031707763672,45.13180160522461,0.007018527016043663,-5.47214789037298e-8,0.9999753832817078,-1.0596495769732428e-7,1,5.54665611218752e-8,-0.9999753832817078,-1.0635164215955229e-7,0.007018527016043663],5,1.3256092071533204],[[757.0719604492188,230.67819213867188,45.14809799194336,-0.001937288441695273,-4.723672830664327e-8,0.999998152256012,-9.188192962028552e-8,1,4.70588155110363e-8,-0.999998152256012,-9.179059645703092e-8,-0.001937288441695273],5,1.3358933925628663],[[756.9398193359375,230.6395721435547,45.16585159301758,-0.010907392017543316,-3.974027507069877e-8,0.9999405145645142,-7.771320298388673e-8,1,3.88949388252513e-8,-0.9999405145645142,-7.728434070486401e-8,-0.010907392017543316],5,1.3474903106689454],[[756.6758422851563,230.52146911621095,45.20360565185547,-0.028635937720537187,-2.4714221780186564e-8,0.9995899200439453,-4.912042328442112e-8,1,2.3317175745773967e-8,-0.9995899200439453,-4.843257173092752e-8,-0.028635937720537187],5,1.3592424392700196],[[756.4782104492188,230.39712524414063,45.23412322998047,-0.04152487963438034,-1.3417827737782773e-8,0.9991374611854553,-2.7463675777994469e-8,1,1.2288000839077995e-8,-0.9991374611854553,-2.6929729557423344e-8,-0.04152487963438034],5,1.371368408203125],[[756.3465576171875,230.2971954345703,45.25526428222656,-0.049731314182281497,-5.875370412411485e-9,0.9987626075744629,-1.293257145817961e-8,1,5.238699252174683e-9,-0.9987626075744629,-1.2656041548098074e-8,-0.049731314182281497],5,1.3834989070892335],[[756.1493530273438,230.12176513671876,45.28864288330078,-0.06177337095141411,5.45391465323064e-9,0.9980902075767517,8.987166566498673e-9,1,-4.908120576629926e-9,-0.9980902075767517,8.666811268653874e-9,-0.06177337095141411],5,1.3944315910339356],[[756.0180053710938,229.98777770996095,45.31162643432617,-0.06950604170560837,1.3016452804492929e-8,0.9975815415382385,2.367501572564379e-8,1,-1.1398462618217309e-8,-0.9975815415382385,2.282549615983953e-8,-0.06950604170560837],5,1.4047746658325196],[[755.8212890625,229.76124572753907,45.34748077392578,-0.08080586791038513,2.437338686434032e-8,0.996729850769043,4.580839529921832e-8,1,-2.0739621575671664e-8,-0.996729850769043,4.398270903038792e-8,-0.08080586791038513],5,1.4165782928466797],[[755.6246337890625,229.50405883789063,45.3841667175293,-0.09150993824005127,3.57446303667075e-8,0.9958041906356812,6.804526009318579e-8,1,-2.964218559498022e-8,-0.9958041906356812,6.504719607391962e-8,-0.09150993824005127],5,1.4277279376983643],[[755.49365234375,229.31556701660157,45.4090576171875,-0.09822256118059159,4.333244518761603e-8,0.9951644539833069,8.29157613679854e-8,1,-3.535922488140386e-8,-0.9951644539833069,7.904174736950154e-8,-0.09822256118059159],5,1.4383273124694825],[[755.29736328125,229.0072784423828,45.44711685180664,-0.10778392106294632,5.472321262800506e-8,0.9941743612289429,1.0528158611577965e-7,1,-4.362972205740334e-8,-0.9941743612289429,9.996567484904517e-8,-0.10778392106294632],5,1.4498445987701417],[[755.10107421875,228.66835021972657,45.485313415527347,-0.11655078083276749,6.612334146893773e-8,0.9931847453117371,1.2769656621003379e-7,1,-5.1591822369800869e-8,-0.9931847453117371,1.2081321187906725e-7,-0.11655078083276749],5,1.4612305164337159],[[754.97021484375,228.42535400390626,45.510780334472659,-0.12187346816062927,7.372767640845268e-8,0.9925456643104553,1.4265404502111779e-7,1,-5.6765081524190467e-8,-0.9925456643104553,1.3467250425946987e-7,-0.12187346816062927],5,1.471710443496704],[[754.77392578125,228.0353240966797,45.548980712890628,-0.12915436923503877,7.649202871107264e-8,0.9916244745254517,1.4835406147994946e-7,1,-5.781568646057167e-8,-0.9916244745254517,1.396443707335493e-7,-0.12915436923503877],5,1.4796814918518067],[[754.57763671875,227.61463928222657,45.587181091308597,-0.135703444480896,6.196029289640137e-8,0.9907494783401489,1.204790862630034e-7,1,-4.603672820735483e-8,-0.9907494783401489,1.1311724534834866e-7,-0.135703444480896],5,1.4917502403259278],[[754.44677734375,227.317138671875,45.61281967163086,-0.1397232860326767,5.2270024752942848e-8,0.9901905655860901,1.018378270600806e-7,1,-3.841776319291057e-8,-0.9901905655860901,9.547100177087487e-8,-0.1397232860326767],5,1.5022647380828858],[[754.25048828125,226.84536743164063,45.65135955810547,-0.1452767252922058,3.7732089452902076e-8,0.9893910884857178,7.380415212310254e-8,1,-2.7299686067294716e-8,-0.9893910884857178,6.905516158894898e-8,-0.1452767252922058],5,1.5150322914123536],[[754.1322631835938,226.76251220703126,45.67457962036133,-0.14865973591804505,2.803900756020994e-8,0.9888883829116821,5.5074437455004957e-8,1,-2.0074716999829435e-8,-0.9888883829116821,5.147817105921604e-8,-0.14865973591804505],7,1.527285099029541],[[753.9608154296875,226.7496795654297,45.708251953125,-0.1532926857471466,1.3498714146464863e-8,0.9881808161735535,2.693107248319393e-8,1,-9.48245215681709e-9,-0.9881808161735535,2.5159177852174254e-8,-0.1532926857471466],7,1.5356860160827637],[[753.7899780273438,226.74900817871095,45.741798400878909,-0.15746238827705384,-1.0414097362243525e-9,0.9875249862670898,-1.257901338647116e-9,1,8.539911555693891e-10,-0.9875249862670898,-1.1077375683399283e-9,-0.15746238827705384],7,1.5477759838104249],[[753.6760864257813,226.74896240234376,45.76416015625,-0.15998296439647675,-1.0734223288011436e-8,0.9871197938919067,-2.0069855111159997e-8,1,7.621555830894522e-9,-0.9871197938919067,-1.8592031025832513e-8,-0.15998296439647675],7,1.5583107471466065],[[753.2774658203125,226.74896240234376,45.84242630004883,-0.16783589124679566,-4.4651304875742429e-8,0.9858149290084839,-8.599693046562607e-8,1,3.0652746119130828e-8,-0.9858149290084839,-7.963242865116627e-8,-0.16783589124679566],8,1.5896859169006348],[[753.1066284179688,226.68057250976563,45.87596893310547,-0.17062677443027497,-5.0559805231387148e-8,0.9853357076644898,-9.761276942299446e-8,1,3.440903739715395e-8,-0.9853357076644898,-9.031024461592097e-8,-0.17062677443027497],8,1.5988028049468995],[[752.935791015625,226.57411193847657,45.90951156616211,-0.1730039268732071,-3.9224225645284608e-8,0.9849211573600769,-7.589561334953032e-8,1,2.6493479410305555e-8,-0.9849211573600769,-7.016771519374743e-8,-0.1730039268732071],8,1.611154317855835],[[752.7649536132813,226.4686737060547,45.94305419921875,-0.17510072886943818,-2.789250963530776e-8,0.9845505356788635,-5.416223913812246e-8,1,1.8697528858524494e-8,-0.9845505356788635,-5.005150782722012e-8,-0.17510072886943818],8,1.6228015422821046],[[752.5941162109375,226.4714813232422,45.97659683227539,-0.17696857452392579,-1.656505155267496e-8,0.9842165112495422,-3.24186579803154e-8,1,1.1001612953975837e-8,-0.9842165112495422,-2.99600380060383e-8,-0.17696857452392579],8,1.6356375217437745],[[752.3093872070313,226.55776977539063,46.03205490112305,-0.1794920265674591,2.303498725098052e-9,0.9837594032287598,3.832158590455492e-9,1,-1.642329161555267e-9,-0.9837594032287598,3.475137066999423e-9,-0.1794920265674591],8,1.6589686870574952],[[752.1344604492188,226.6295166015625,46.064292907714847,-0.17999780178070069,1.3617273530996954e-8,0.9836670160293579,2.557704448236109e-8,1,-9.163122705047045e-9,-0.9836670160293579,2.35099513190562e-8,-0.17999780178070069],8,1.670792579650879],[[751.954833984375,226.70828247070313,46.09489059448242,-0.17916736006736756,2.492356898642356e-8,0.9838185906410217,4.729388791702149e-8,1,-1.6720610673814919e-8,-0.9838185906410217,4.353282179181406e-8,-0.17916736006736756],8,1.6807165145874024],[[751.7741088867188,226.7892303466797,46.12388229370117,-0.1773357093334198,3.622058031282904e-8,0.9841504096984863,6.896683402146664e-8,1,-2.4376657137281655e-8,-0.9841504096984863,6.35508854429645e-8,-0.1773357093334198],8,1.6947944164276124],[[751.5932006835938,226.8707733154297,46.15154266357422,-0.17485274374485017,4.7507079159458956e-8,0.9845945835113525,9.058835104269747e-8,1,-3.216293720242902e-8,-0.9845945835113525,8.356902725381588e-8,-0.17485274374485017],8,1.70540189743042],[[751.40869140625,226.94985961914063,46.176815032958987,-0.1712295264005661,5.878177944396157e-8,0.9852311611175537,1.1212754458256313e-7,1,-4.017557841962116e-8,-0.9852311611175537,1.035923062886468e-7,-0.1712295264005661],8,1.7179639339447022],[[751.2232666015625,227.02645874023438,46.20028305053711,-0.16680748760700227,4.392981267642426e-8,0.985989511013031,8.373466897637627e-8,1,-3.038799434307293e-8,-0.985989511013031,7.749255814815115e-8,-0.16680748760700227],8,1.7335169315338135],[[750.9716796875,227.1221923828125,46.22787094116211,-0.15938515961170197,2.4157507994004847e-8,0.9872164726257324,4.596130764866757e-8,1,-1.7049915257416616e-8,-0.9872164726257324,4.265625719312993e-8,-0.15938515961170197],8,1.7469608783721924],[[750.8439331054688,227.16766357421876,46.23987579345703,-0.15507178008556367,1.4285640226319174e-8,0.9879031777381897,2.712750024613797e-8,1,-1.0202346523158213e-8,-0.9879031777381897,2.5217248733611087e-8,-0.15507178008556367],8,1.757286548614502],[[750.6513671875,227.23219299316407,46.25470733642578,-0.14750882983207704,-5.02237584854015e-10,0.9890607595443726,-1.0389296090096423e-9,1,3.5284627997178577e-10,-0.9890607595443726,-9.755166674452199e-10,-0.14750882983207704],8,1.7694549560546876],[[750.5228271484375,227.2728271484375,46.26352310180664,-0.14220057427883149,-1.0346621337475881e-8,0.9898378849029541,-1.974747476651828e-8,1,7.615912345215748e-9,-0.9898378849029541,-1.8463810036450924e-8,-0.14220057427883149],8,1.7793567180633546],[[750.3300170898438,227.33099365234376,46.27639389038086,-0.13448475301265717,-2.5091608790717147e-8,0.9909156560897827,-4.77049049152356e-8,1,1.8847240212949147e-8,-0.9909156560897827,-4.4736871984696339e-8,-0.13448475301265717],8,1.790257453918457],[[750.2013549804688,227.36843872070313,46.28327941894531,-0.12907706201076508,-3.4907088775071318e-8,0.9916345477104187,-6.62643344639946e-8,1,2.6576204348316425e-8,-0.9916345477104187,-6.227962501270668e-8,-0.12907706201076508],8,1.8001899719238282],[[750.0083618164063,227.42320251464845,46.29282760620117,-0.12100617587566376,-4.9607788099592656e-8,0.9926517605781555,-9.398905120860945e-8,1,3.851756957828911e-8,-0.9926517605781555,-8.863753464538604e-8,-0.12100617587566376],8,1.8132963180541993],[[749.8153686523438,227.47677612304688,46.30092239379883,-0.11296362429857254,-4.6965499933548929e-8,0.9935991168022156,-8.877476176394339e-8,1,3.71751340821902e-8,-0.9935991168022156,-8.400709106126669e-8,-0.11296362429857254],8,1.8227202892303467],[[749.6223754882813,227.5296630859375,46.307891845703128,-0.10508832335472107,-3.5678144882922427e-8,0.9944629073143005,-6.722671486159015e-8,1,2.8772721094583177e-8,-0.9944629073143005,-6.383079664828984e-8,-0.10508832335472107],8,1.8352200984954835],[[749.49365234375,227.56472778320313,46.31224060058594,-0.10010798275470734,-2.8164727439161653e-8,0.9949765801429749,-5.292434579473593e-8,1,2.2982026948170643e-8,-0.9949765801429749,-5.035780148432423e-8,-0.10010798275470734],8,1.8463411331176758],[[749.236083984375,227.63427734375,46.31966781616211,-0.09043724089860916,-1.3164890511063732e-8,0.9959021806716919,-2.44563693740929e-8,1,1.0998192578881572e-8,-0.9959021806716919,-2.33615047307012e-8,-0.09043724089860916],8,1.8598060607910157],[[749.1072998046875,227.6689453125,46.32311248779297,-0.08591839671134949,-5.678348458104665e-9,0.9963021874427795,-1.0290432506110392e-8,1,4.812004572585238e-9,-0.9963021874427795,-9.838941217310549e-9,-0.08591839671134949],8,1.8699579238891602],[[748.9141235351563,227.72096252441407,46.32792663574219,-0.07958436757326126,5.535433889036767e-9,0.9968281388282776,1.0879743328473524e-8,1,-4.684434617985289e-9,-0.9968281388282776,1.0472426481555886e-8,-0.07958436757326126],8,1.8821322917938233],[[748.720947265625,227.7728271484375,46.33266830444336,-0.07381054759025574,1.6730655971741727e-8,0.997272253036499,3.196475972799817e-8,1,-1.4410628246253055e-8,-0.997272253036499,3.081391497516961e-8,-0.07381054759025574],8,1.894848346710205],[[748.5277709960938,227.8246612548828,46.337406158447269,-0.06861883401870728,2.7908246380548009e-8,0.9976429343223572,5.2976094622181338e-8,1,-2.433043633232046e-8,-0.9976429343223572,5.1181700655433818e-8,-0.06861883401870728],8,1.9045825004577637],[[748.3345947265625,228.47694396972657,46.34214401245117,-0.06355471909046173,3.906879442183708e-8,0.9979783296585083,7.391160039560418e-8,1,-3.4440990503981087e-8,-0.9979783296585083,7.157328951734599e-8,-0.06355471909046173],3,1.9219388961791993],[[748.1359252929688,229.09857177734376,46.34673309326172,-0.05911125987768173,5.0212769053814557e-8,0.9982513785362244,9.479401796852471e-8,1,-4.468751413355676e-8,-0.9982513785362244,9.198672756838278e-8,-0.05911125987768173],5,1.9467883110046387],[[747.736083984375,230.24984741210938,46.35584259033203,-0.05156446993350983,7.245525068810821e-8,0.9986696839332581,1.3642198837260367e-7,1,-6.550786935122233e-8,-0.9986696839332581,1.3286262401379646e-7,-0.05156446993350983],5,1.9568140506744385],[[747.469482421875,230.94924926757813,46.36151885986328,-0.04724706709384918,7.030995163859188e-8,0.9988832473754883,1.3219357697380475e-7,1,-6.413581843389693e-8,-0.9988832473754883,1.2901571722068184e-7,-0.04724706709384918],5,1.9824931621551514],[[747.202880859375,231.59414672851563,46.36673355102539,-0.04338649660348892,5.123953172869733e-8,0.9990583658218384,9.616559282221715e-8,1,-4.71116052835896e-8,-0.9990583658218384,9.403103717886552e-8,-0.04338649660348892],5,1.9877595901489258],[[747.069580078125,231.8961639404297,46.36930465698242,-0.04165032133460045,4.171538137143216e-8,0.9991322755813599,7.820302272421032e-8,1,-3.849160279401076e-8,-0.9991322755813599,7.653197542367707e-8,-0.04165032133460045],5,1.9976270198822022],[[746.936279296875,232.18453979492188,46.37187576293945,-0.040062375366687778,3.219826893996469e-8,0.9991971850395203,6.027222809734667e-8,1,-2.980754842951683e-8,-0.9991971850395203,5.902968069904091e-8,-0.040062375366687778],5,2.0074119567871095],[[746.736328125,232.59156799316407,46.375732421875,-0.03788591921329498,1.793531367866308e-8,0.9992820620536804,3.342791643490273e-8,1,-1.6680841596894426e-8,-0.9992820620536804,3.277195048667636e-8,-0.03788591921329498],5,2.018150806427002],[[746.60302734375,232.84588623046876,46.37830352783203,-0.036563143134117129,8.43490788327017e-9,0.9993313550949097,1.5563047739419745e-8,1,-7.871136631365517e-9,-0.9993313550949097,1.5264848940432786e-8,-0.036563143134117129],5,2.0286202430725099],[[746.4697265625,233.0865936279297,46.38087463378906,-0.035342685878276828,-1.0591324484110488e-9,0.9993752241134644,-2.2790513920512014e-9,1,9.791963906380375e-10,-0.9993752241134644,-2.2430202140100165e-9,-0.035342685878276828],5,2.038148880004883],[[746.269775390625,233.42208862304688,46.38473129272461,-0.03366328403353691,-1.5288611265873443e-8,0.9994332194328308,-2.9003480506162306e-8,1,1.4320375996135226e-8,-0.9994332194328308,-2.8504970828180377e-8,-0.03366328403353691],5,2.0483648777008058],[[746.136474609375,233.62872314453126,46.38730239868164,-0.03264119103550911,-2.4767404127601368e-8,0.999467134475708,-4.67962770756003e-8,1,2.3252308523069588e-8,-0.999467134475708,-4.6012356591518258e-8,-0.03264119103550911],5,2.060581922531128],[[745.9365234375,233.9131317138672,46.39115905761719,-0.03124125860631466,-3.8974658167489909e-8,0.9995118975639343,-7.345362718069737e-8,1,3.6697784366879208e-8,-0.99951189756