[[[776,222.69961547851563,47,1,1.5350261506341668e-8,-3.9817382382770566e-14,-1.5350261506341668e-8,1,-1.0238507819337883e-8,3.966021711347342e-14,1.0238507819337883e-8,1],8,0.008835077285766602],[[776,222.69961547851563,47,1,7.743133356719056e-10,-3.9847580801406077e-14,-7.743133356719056e-10,1,-5.164420002756742e-10,3.984718100185497e-14,5.164420002756742e-10,1],8,0.020662307739257814],[[776,222.69961547851563,47,1,-2.107793228844912e-8,-4.015824199327285e-14,2.107793228844912e-8,1,1.4058870512201338e-8,3.9861912598873619e-14,-1.4058870512201338e-8,1],8,0.031023025512695314],[[776,222.69961547851563,47,1,-4.2916173725870979e-8,-4.0786798038375957e-14,4.2916173725870979e-8,1,2.8624844716773624e-8,3.95583292143141e-14,-2.8624844716773624e-8,1],8,0.04120969772338867],[[776,222.69961547851563,47,1,-6.474041214232784e-8,-4.1732635684861577e-14,6.474041214232784e-8,1,4.318148683069012e-8,3.8937047488162016e-14,-4.318148683069012e-8,1],8,0.05484652519226074],[[776,222.69961547851563,47,1,-8.655067063045863e-8,-4.299514506900769e-14,8.655067063045863e-8,1,5.7728801294842927e-8,3.799867728413939e-14,-5.7728801294842927e-8,1],8,0.0689857006072998],[[776,222.69961547851563,47,1,-7.694485759657255e-8,-4.276044240371889e-14,7.694485759657255e-8,1,5.132178415578892e-8,3.88114934884564e-14,-5.132178415578892e-8,1],8,0.09933900833129883],[[775.7084350585938,222.69961547851563,47.01252365112305,0.9688296318054199,-2.5957167082424349e-8,0.2477278858423233,2.019835498856537e-8,1,2.5787974422541994e-8,-0.2477278858423233,-1.9980459953217179e-8,0.9688296318054199],8,0.11360549926757813],[[775.5090942382813,222.69961547851563,47.021087646484378,0.9235395193099976,2.4735309356316294e-9,0.3835032284259796,-4.4116190700549399e-9,1,4.174081968955079e-9,-0.3835032284259796,-5.54679990827367e-9,0.9235395193099976],8,0.13734722137451173],[[775.1095581054688,222.69961547851563,47.03825378417969,0.7987615466117859,6.531607965598596e-8,0.6016477346420288,-4.0505575782390227e-8,1,-5.478584697016231e-8,-0.6016477346420288,1.9390739680602566e-8,0.7987615466117859],8,0.1479480266571045],[[774.9763793945313,222.69961547851563,47.043975830078128,0.7530956864356995,8.789055527813616e-8,0.6579110026359558,-4.889326277179862e-8,1,-7.762334064409515e-8,-0.6579110026359558,2.6290390309213764e-8,0.7530956864356995],8,0.16063380241394044],[[774.7100219726563,222.69961547851563,47.055419921875,0.6644617915153503,8.318841082655126e-8,0.7473222613334656,-3.695775419032543e-8,1,-7.845530092254194e-8,-0.7473222613334656,2.451119662794099e-8,0.6644617915153503],8,0.17507266998291017],[[774.4436645507813,222.69961547851563,47.066864013671878,0.579602837562561,6.063541491130309e-8,0.8148990869522095,-1.956144402015525e-8,1,-6.049527456752912e-8,-0.8148990869522095,1.9122628813761368e-8,0.579602837562561],8,0.18937063217163087],[[774.3104858398438,222.69961547851563,47.07258605957031,0.5399128794670105,4.9044562189237698e-8,0.8417209386825562,-1.2224119494419483e-8,1,-5.042597805982041e-8,-0.8417209386825562,1.6936336777462203e-8,0.5399128794670105],8,0.20244789123535157],[[774.0441284179688,222.69961547851563,47.08403015136719,0.4660995900630951,2.5373882550638883e-8,0.8847322463989258,1.2445988684106624e-10,1,-2.8745299474053355e-8,-0.8847322463989258,1.3508285157115552e-8,0.4660995900630951],8,0.2169663906097412],[[773.8443603515625,222.69961547851563,47.092613220214847,0.41554272174835207,7.272365820654159e-9,0.9095736742019653,7.641579813366662e-9,1,-1.1486445572472804e-8,-0.9095736742019653,1.1723688686515743e-8,0.41554272174835207],8,0.2316601276397705],[[773.5780029296875,222.69961547851563,47.10405731201172,0.35470908880233767,-1.7211007730111306e-8,0.9349766969680786,1.5732512181898529e-8,1,1.243939262707272e-8,-0.9349766969680786,1.0297166674888559e-8,0.35470908880233767],8,0.24464988708496095],[[773.44482421875,222.69961547851563,47.109779357910159,0.3271491527557373,-2.9570641046916536e-8,0.9449726939201355,1.908950864049075e-8,1,2.468380699838235e-8,-0.9449726939201355,9.96377735873466e-9,0.3271491527557373],8,0.25632262229919436],[[773.2450561523438,222.69961547851563,47.11836242675781,0.28943729400634768,-4.8221970416761908e-8,0.9571969509124756,2.342456362214307e-8,1,4.329519143198013e-8,-0.9571969509124756,9.89067761025808e-9,0.28943729400634768],8,0.26958465576171877],[[772.9786987304688,222.69961547851563,47.12980651855469,0.24420978128910066,-7.325120066070667e-8,0.9697224497795105,2.8091672987784478e-8,1,6.846385502967678e-8,-0.9697224497795105,1.052158093983735e-8,0.24420978128910066],8,0.2834506034851074],[[772.7789306640625,222.69961547851563,47.138389587402347,0.2141137719154358,-9.211222362637273e-8,0.9768087267875671,3.0948246632078738e-8,1,8.751537450280012e-8,-0.9768087267875671,1.1492277351976555e-8,0.2141137719154358],8,0.29564619064331057],[[772.5791625976563,222.69961547851563,47.14697265625,0.18726837635040284,-1.1102656571893022e-7,0.9823088049888611,3.340572618526494e-8,1,1.0665763028328002e-7,-0.9823088049888611,1.284113970712042e-8,0.18726837635040284],8,0.30751967430114748],[[772.3128051757813,222.69961547851563,47.158416748046878,0.15545466542243958,-1.0096049862795553e-7,0.9878430366516113,2.6657824392373187e-8,1,9.800788802749594e-8,-0.9878430366516113,1.1097958108052808e-8,0.15545466542243958],8,0.32376599311828616],[[772.0464477539063,222.69961547851563,47.169464111328128,0.12787477672100068,-5.5520334996117529e-8,0.9917902946472168,1.1796150722886978e-8,1,5.4458993758998989e-8,-0.9917902946472168,4.7353738708011409e-9,0.12787477672100068],8,0.3520166873931885],[[771.7135009765625,222.69961547851563,47.182167053222659,0.09887106716632843,1.319978570890612e-9,0.9951002597808838,-4.461742975081506e-9,1,-8.831687603461091e-10,-0.9951002597808838,-4.3525631987506589e-9,0.09887106716632843],8,0.36064648628234866],[[771.5135498046875,222.69961547851563,47.18857192993164,0.08452297002077103,3.542657367461288e-8,0.9964215159416199,-1.328117615884139e-8,1,-3.442720597490734e-8,-0.9964215159416199,-1.0323761401309639e-8,0.08452297002077103],8,0.37539100646972659],[[771.3135986328125,222.69961547851563,47.19444274902344,0.07231887429952622,6.952505771096185e-8,0.9973815679550171,-2.1597282184870893e-8,1,-6.814159547730014e-8,-0.9973815679550171,-1.6612807129945396e-8,0.07231887429952622],8,0.38820648193359377],[[771.1136474609375,222.69961547851563,47.19939041137695,0.061907827854156497,1.0361023328187002e-7,0.9980818629264832,-2.9543237189955108e-8,1,-1.0197688027346885e-7,-0.9980818629264832,-2.3173402752263429e-8,0.061907827854156497],8,0.40334653854370119],[[770.8470458984375,222.69961547851563,47.20532989501953,0.05005956068634987,7.974878002414698e-8,0.9987462162971497,-2.0975228665065516e-8,1,-7.879756225293022e-8,-0.9987462162971497,-1.7004360586270196e-8,0.05005956068634987],8,0.41739821434020998],[[770.4471435546875,222.69961547851563,47.21160125732422,0.03613625839352608,4.399510444841326e-8,0.9993468523025513,-9.012860680002177e-9,1,-4.3697951923604708e-8,-0.9993468523025513,-7.427893411460218e-9,0.03613625839352608],8,0.44182825088500979],[[770.2471923828125,222.67919921875,47.214599609375,0.029606064781546594,2.61368597875844e-8,0.9995616674423218,-3.288361138942264e-9,1,-2.6050924972764734e-8,-0.9995616674423218,-2.515654351498142e-9,0.029606064781546594],8,0.45263147354125979],[[770.1138916015625,222.64854431152345,47.21659851074219,0.025267235934734346,1.4238592527249239e-8,0.999680757522583,4.4391793019293859e-10,1,-1.4254360358734175e-8,-0.999680757522583,8.039445220653363e-10,0.025267235934734346],8,0.4640059471130371],[[769.9139404296875,222.5770263671875,47.21959686279297,0.01876353658735752,-3.5975924461695287e-9,0.9998239278793335,5.916855005949628e-9,1,3.4871852072626554e-9,-0.9998239278793335,5.850381512573222e-9,0.01876353658735752],8,0.4750559329986572],[[769.7139892578125,223.22930908203126,47.22259521484375,0.012262791395187378,-2.1419864992822114e-8,0.9999248385429382,1.123908077715896e-8,1,2.1283643292235867e-8,-0.9999248385429382,1.0977238673604007e-8,0.012262791395187378],3,0.49109458923339846],[[769.3807373046875,224.24832153320313,47.22502136230469,0.007157051935791969,-5.109357914534485e-8,0.9999743700027466,2.0012722146134366e-8,1,5.0951651786590449e-8,-0.9999743700027466,1.964754581251782e-8,0.007157051935791969],5,0.5189087390899658],[[769.0474853515625,225.1821746826172,47.226593017578128,0.0047802915796637539,-8.073266855035399e-8,0.9999885559082031,2.876790539119156e-8,1,8.059607381483147e-8,-0.9999885559082031,2.8382304506635593e-8,0.0047802915796637539],5,0.5375251770019531],[[768.7808837890625,225.86795043945313,47.22779846191406,0.003417207160964608,-1.0441983278042244e-7,0.999994158744812,3.575099682961991e-8,1,1.042982731291886e-7,-0.999994158744812,3.539437898325559e-8,0.003417207160964608],5,0.5466470718383789],[[768.6475830078125,226.19039916992188,47.22840118408203,0.0028365752659738065,-1.1625546392224351e-7,0.9999960064888,3.923597802213408e-8,1,1.1614463346631965e-7,-0.9999960064888,3.8906367905156e-8,0.0028365752659738065],5,0.556786060333252],[[768.4476318359375,226.64852905273438,47.229305267333987,0.0020593388471752407,-1.3399903764366173e-7,0.9999978542327881,4.44561401025112e-8,1,1.3390776132382599e-7,-0.9999978542327881,4.4180282543493379e-8,0.0020593388471752407],5,0.5675733089447022],[[768.3143310546875,226.93690490722657,47.22990798950195,0.0015909656649455429,-1.4582153085029859e-7,0.9999987483024597,4.793160002236618e-8,1,1.457454459341534e-7,-0.9999987483024597,4.769966466255937e-8,0.0015909656649455429],5,0.576869010925293],[[768.1143798828125,227.34393310546876,47.230812072753909,0.000951419526245445,-1.6354545095964569e-7,0.9999995231628418,5.31386241675591e-8,1,1.6349497400369729e-7,-0.9999995231628418,5.298304728285075e-8,0.000951419526245445],5,0.5877242088317871],[[767.9810791015625,227.59825134277345,47.231414794921878,0.0005632578977383673,-1.420431630094754e-7,0.9999998211860657,4.591734992231977e-8,1,1.4201732767560316e-7,-0.9999998211860657,4.583734991570054e-8,0.0005632578977383673],5,0.5974016189575195],[[767.7811279296875,227.95419311523438,47.23231887817383,0.000032065086998045447,-1.0980751596889604e-7,1,3.511728152716387e-8,1,1.0980639331137354e-7,-1,3.511376078790818e-8,0.000032065086998045447],5,0.6105926036834717],[[767.5811767578125,228.27947998046876,47.23322296142578,-0.0004461031930986792,-7.75931496832527e-8,0.9999998807907105,2.435063350958444e-8,1,7.760402098710984e-8,-0.9999998807907105,2.4385251151670674e-8,-0.0004461031930986792],5,0.6237881183624268],[[767.3812255859375,228.5740966796875,47.234127044677737,-0.0008745125378482044,-4.5400000203699167e-8,0.9999996423721314,1.3613330906991905e-8,1,4.541191955809154e-8,-0.9999996423721314,1.3653039587779859e-8,-0.0008745125378482044],5,0.6380095481872559],[[767.0479736328125,228.99700927734376,47.235633850097659,-0.0015030803624540568,8.208325574798892e-9,0.9999988675117493,-4.226985872435307e-9,1,-8.214687596819204e-9,-0.9999988675117493,-4.23932844384467e-9,-0.0015030803624540568],5,0.6525857448577881],[[766.9146728515625,229.142333984375,47.236061096191409,-0.0016608863370493055,2.9635289777729669e-8,0.9999986290931702,-1.1347804473871293e-8,1,-2.965417955635985e-8,-0.9999986290931702,-1.1397041532745789e-8,-0.0016608863370493055],5,0.6638345718383789],[[766.6480712890625,229.39210510253907,47.2368049621582,-0.0018473751842975617,7.246146083161875e-8,0.9999982714653015,-2.5574781403747694e-8,1,-7.250882561038452e-8,-0.9999982714653015,-2.5708688511372203e-8,-0.0018473751842975617],5,0.6789062023162842],[[766.4481201171875,229.54367065429688,47.23735427856445,-0.0019495453452691436,1.045568893687232e-7,0.9999980926513672,-3.623373601158164e-8,1,-1.0462773047947849e-7,-0.9999980926513672,-3.6437644013176398e-8,-0.0019495453452691436],5,0.6922221183776856],[[766.2481689453125,229.66456604003907,47.23733901977539,-0.0018176912562921644,1.3663175479905477e-7,0.9999983310699463,-4.691127841738307e-8,1,-1.3671724730102142e-7,-0.9999983310699463,-4.7159709026800559e-8,-0.0018176912562921644],5,0.7075445652008057],[[765.9149169921875,229.79795837402345,47.2360725402832,-0.0009879152057692409,1.211020190794443e-7,0.9999995231628418,-4.1334974554274598e-8,1,-1.2114291791931465e-7,-0.9999995231628418,-4.1454633503690277e-8,-0.0009879152057692409],5,0.7322463989257813],[[765.5150146484375,229.84561157226563,47.23311996459961,0.0006217671325430274,8.18169070271324e-8,0.9999998211860657,-2.763826678631176e-8,1,-8.179974031463644e-8,-0.9999998211860657,-2.7587400808215535e-8,0.0006217671325430274],5,0.7492029666900635],[[765.3150634765625,229.82345581054688,47.2307243347168,0.0017153009539470077,6.219215009650725e-8,0.9999985098838806,-2.0786524501659188e-8,1,-6.215658743258246e-8,-0.9999985098838806,-2.0679877366092115e-8,0.0017153009539470077],5,0.7737429141998291],[[764.9818115234375,229.71841430664063,47.224876403808597,0.004249407444149256,2.9509891419365887e-8,0.9999909996986389,-9.344855556037146e-9,1,-2.9470447415747004e-8,-0.9999909996986389,-9.219538910087977e-9,0.004249407444149256],5,0.782634973526001],[[764.8485107421875,229.6525421142578,47.221588134765628,0.005560314282774925,1.6445797612618663e-8,0.9999845623970032,-4.748658799513805e-9,1,-1.641964786358585e-8,-0.9999845623970032,-4.657287000497945e-9,0.005560314282774925],5,0.7927699089050293],[[764.6485595703125,229.5281982421875,47.21540069580078,0.007990818470716477,-3.1411973022699159e-9,0.9999680519104004,2.181130387413077e-9,1,3.1238678310785419e-9,-0.9999680519104004,2.1560986329660638e-9,0.007990818470716477],5,0.8059003353118897],[[764.4486083984375,229.37319946289063,47.2081298828125,0.010781301185488701,-2.2717427938800939e-8,0.999941885471344,9.172424597636564e-9,1,2.2619852657612684e-8,-0.999941885471344,8.928020100995582e-9,0.010781301185488701],5,0.8203332424163818],[[764.1822509765625,229.1188507080078,47.19578552246094,0.015377353876829148,-4.880267567841656e-8,0.9998817443847656,1.862992249357376e-8,1,4.852193313809039e-8,-0.9998817443847656,1.788158066062806e-8,0.015377353876829148],5,0.8343451023101807],[[763.9826049804688,228.89231872558595,47.18452072143555,0.019418038427829744,-6.835453092435273e-8,0.9998114705085754,2.5853104546058604e-8,1,6.786530803992719e-8,-0.9998114705085754,2.453041858530014e-8,0.019418038427829744],5,0.8459358215332031],[[763.7830200195313,228.6351318359375,47.17202377319336,0.02373899705708027,-8.789606908976566e-8,0.999718189239502,3.319362207321319e-8,1,8.713264065818294e-8,-0.999718189239502,3.1115824583594079e-8,0.02373899705708027],5,0.8593883514404297],[[763.5171508789063,228.24452209472657,47.15151596069336,0.030654922127723695,-1.1393539267601227e-7,0.999530017375946,4.32596856114742e-8,1,1.1266221378036789e-7,-0.999530017375946,3.9785703620509597e-8,0.030654922127723695],5,0.876227617263794],[[763.2518920898438,227.79942321777345,47.12445831298828,0.039776697754859927,-1.3995639847053099e-7,0.9992085695266724,5.3828063784067129e-8,1,1.379244451982231e-7,-0.9992085695266724,4.829928457183996e-8,0.039776697754859927],5,0.8902335166931152],[[763.1197509765625,227.55642700195313,47.10700225830078,0.045613233000040057,-1.5295992739083887e-7,0.9989591836929321,5.940526293102266e-8,1,1.5040680523270567e-7,-0.9989591836929321,5.2482889145721859e-8,0.045613233000040057],5,0.9037423133850098],[[762.8563842773438,227.02957153320313,47.065147399902347,0.060007646679878238,-1.293099671784148e-7,0.9981979131698608,5.1752056862142129e-8,1,1.2643228330944113e-7,-0.9981979131698608,4.407188924915317e-8,0.060007646679878238],5,0.9188370704650879],[[762.4642944335938,226.13710021972657,46.98603057861328,0.08722123503684998,-6.90678945147738e-8,0.9961889386177063,2.987216873862053e-8,1,6.671666596957948e-8,-0.9961889386177063,2.3939215054724629e-8,0.08722123503684998],5,0.93904709815979],[[762.3349609375,225.81236267089845,46.95389175415039,0.09765251725912094,-4.900840977484222e-8,0.9952205419540405,2.2206750216469119e-8,1,4.706480893901244e-8,-0.9952205419540405,1.7504619975738934e-8,0.09765251725912094],5,0.9498732089996338],[[762.2063598632813,225.4739990234375,46.9186897277832,0.1088261529803276,-2.8962132248011586e-8,0.9940608143806458,1.4310763241098812e-8,1,2.7568480831519083e-8,-0.9940608143806458,1.1225598228747913e-8,0.1088261529803276],5,0.9617350101470947],[[761.9514770507813,224.7563934326172,46.84038162231445,0.1335110366344452,1.1082355477753936e-8,0.9910473227500916,-2.2965880308589705e-9,1,-1.0873078437612094e-8,-0.9910473227500916,-8.243496996129807e-10,0.1335110366344452],5,0.9759612083435059],[[761.76123046875,224.1824188232422,46.77858352661133,0.15191467106342317,4.106524897906638e-8,0.9883936047554016,-1.5529835195593479e-8,1,-3.9160550358019466e-8,-0.9883936047554016,-9.40052657938395e-9,0.15191467106342317],5,0.9888210296630859],[[761.5726318359375,223.5778045654297,46.71200180053711,0.17060109972953797,7.099779253394445e-8,0.9853401780128479,-2.9441896032267324e-8,1,-6.695653809174473e-8,-0.9853401780128479,-1.7587423073450738e-8,0.17060109972953797],5,1.0003125667572022],[[761.385986328125,222.94252014160157,46.64020538330078,0.19000767171382905,1.0087227764188356e-7,0.9817826151847839,-4.40805827395252e-8,1,-9.421294322464746e-8,-0.9817826151847839,-2.5376364121143525e-8,0.19000767171382905],7,1.012688159942627],[[761.200439453125,222.39202880859376,46.565574645996097,0.20919005572795869,1.1289385071222569e-7,0.9778749942779541,-5.133181701921785e-8,1,-1.0446708387235049e-7,-0.9778749942779541,-2.8342629576627588e-8,0.20919005572795869],7,1.0240442752838135],[[761.016357421875,222.35890197753907,46.48735427856445,0.22821880877017976,8.935592177294893e-8,0.9736098647117615,-4.2339031836036159e-8,1,-8.185348576716933e-8,-0.9736098647117615,-2.254119735312088e-8,0.22821880877017976],7,1.0367710590362549],[[760.8331909179688,222.4470977783203,46.4071159362793,0.2465168535709381,6.587831791193821e-8,0.969138503074646,-3.275610183095523e-8,1,-5.964408700265267e-8,-0.969138503074646,-1.704192875706667e-8,0.2465168535709381],8,1.049300193786621],[[760.6509399414063,222.5303955078125,46.32474136352539,0.26401928067207339,4.2463753402444129e-8,0.9645174145698547,-2.2621058803906636e-8,1,-3.783380009281245e-8,-0.9645174145698547,-1.182955422507348e-8,0.26401928067207339],8,1.0614750385284424],[[760.4691162109375,222.59005737304688,46.241432189941409,0.28030672669410708,1.9113826965622139e-8,0.95991051197052,-1.1968380064786288e-8,1,-1.641716629308121e-8,-0.95991051197052,-6.8867325175858699e-9,0.28030672669410708],8,1.0745854377746583],[[760.2877197265625,222.62960815429688,46.1572151184082,0.29534775018692019,-4.171586187595722e-9,0.9553897976875305,-8.618748492672523e-10,1,4.632809247340219e-9,-0.9553897976875305,-2.191717030086693e-9,0.29534775018692019],8,1.088597297668457],[[760.1066284179688,222.65509033203126,46.07230758666992,0.30916422605514529,-2.7393330270797379e-8,0.951008677482605,1.0633779190527548e-8,1,2.534755694227897e-8,-0.951008677482605,2.2762574047874297e-9,0.30916422605514529],8,1.1008617877960206],[[759.9258422851563,222.67135620117188,45.98676300048828,0.3218339681625366,-5.055288099242716e-8,0.9467961192131043,2.245888097718307e-8,1,4.575942824658341e-8,-0.9467961192131043,6.537042018806005e-9,0.3218339681625366],8,1.1144447326660157],[[759.6853637695313,222.68423461914063,45.87146759033203,0.33738580346107485,-8.133818596434139e-8,0.9413664937019348,3.866811937314196e-8,1,7.254571698922519e-8,-0.9413664937019348,1.1924973897237124e-8,0.33738580346107485],8,1.1273901462554932],[[759.5053100585938,222.6898651123047,45.78434371948242,0.34795716404914858,-1.0435832109578769e-7,0.9375104308128357,5.109102119149611e-8,1,9.235186126943518e-8,-0.9375104308128357,1.57638719855413e-8,0.34795716404914858],8,1.1399531364440919],[[759.3854370117188,222.6924285888672,45.72602844238281,0.3544110953807831,-1.1967368607201934e-7,0.9350897073745728,5.9465968149652329e-8,1,1.0544259509970289e-7,-0.9350897073745728,1.8235988719084163e-8,0.3544110953807831],8,1.1513714790344239],[[759.2057495117188,222.695068359375,45.638221740722659,0.3633762300014496,-8.946163632117532e-8,0.931642472743988,4.537655229341908e-8,1,7.832712611843817e-8,-0.931642472743988,1.3812508470323337e-8,0.3633762300014496],8,1.1640558242797852],[[759.026123046875,222.6967315673828,45.55035400390625,0.37149012088775637,-5.9318324474588738e-8,0.9284369349479675,3.091395583965095e-8,1,5.152110560402434e-8,-0.9284369349479675,9.562077352143206e-9,0.37149012088775637],8,1.1758029460906983],[[758.9063720703125,222.69749450683595,45.49177551269531,0.376394122838974,-3.9259056450191568e-8,0.9264596104621887,2.1091386415150738e-8,1,3.380652557893882e-8,-0.9264596104621887,6.8157404164992389e-9,0.376394122838974],8,1.1864008903503419],[[758.6668701171875,222.69847106933595,45.37461853027344,0.38523954153060915,7.780871502660602e-10,0.9228166341781616,1.0925657045746107e-9,1,-1.2992685816115568e-9,-0.9228166341781616,1.5087675553360214e-9,0.38523954153060915],8,1.1983389854431153],[[758.547119140625,222.6987762451172,45.3160400390625,0.3891911804676056,2.0757735086363028e-8,0.9211570024490356,-9.054587302159689e-9,1,-1.8708828264379919e-8,-0.9211570024490356,-1.0593851351714534e-9,0.3891911804676056],8,1.2099239826202393],[[758.3674926757813,222.6990966796875,45.228172302246097,0.3945329189300537,5.068202924007892e-8,0.9188818335533142,-2.4422888600383886e-8,1,-4.4669938858987737e-8,-0.9188818335533142,-4.817986454241918e-9,0.3945329189300537],8,1.221402883529663],[[758.1878662109375,222.6992950439453,45.14030456542969,0.39931148290634158,8.055504707726868e-8,0.9168153405189514,-3.993656960687986e-8,1,-7.046993744097563e-8,-0.9168153405189514,-8.475005586205953e-9,0.39931148290634158],8,1.2338948249816895],[[758.0083618164063,222.6994171142578,45.05217742919922,0.4036793112754822,1.1037955971460178e-7,0.914900541305542,-5.557374649356461e-8,1,-9.612584506157873e-8,-0.914900541305542,-1.204043797997656e-8,0.4036793112754822],8,1.2456228733062745],[[757.8289184570313,223.3585205078125,44.964012145996097,0.4079573452472687,1.401569278414172e-7,0.9130010008811951,-7.134747903592143e-8,1,-1.216320697494666e-7,-0.9130010008811951,-1.5519624696480606e-8,0.4079573452472687],3,1.264930009841919],[[757.5298461914063,224.39456176757813,44.81703567504883,0.4139012396335602,1.3567019152560534e-7,0.9103217720985413,-6.995705348344927e-8,1,-1.1722764270416519e-7,-0.9103217720985413,-1.516276526558613e-8,0.4139012396335602],5,1.2876873016357422],[[757.2307739257813,225.34544372558595,44.6700553894043,0.418716162443161,9.52218641714353e-8,0.9081171751022339,-4.9762359566329908e-8,1,-8.191185685291203e-8,-0.9081171751022339,-1.0892233781589767e-8,0.418716162443161],5,1.3055028915405274],[[757.0513305664063,225.87510681152345,44.58186721801758,0.42114463448524477,7.099358612094875e-8,0.9069935083389282,-3.750734833829483e-8,1,-6.085772952246771e-8,-0.9069935083389282,-8.389016592502685e-9,0.42114463448524477],5,1.3133680820465088],[[756.9317016601563,226.211181640625,44.523075103759769,0.42257630825042727,5.485717480269159e-8,0.9063273668289185,-2.9291168601730534e-8,1,-4.686984311774722e-8,-0.9063273668289185,-6.741301739054961e-9,0.42257630825042727],5,1.3234121799468995],[[756.7522583007813,226.6897430419922,44.43488693237305,0.42451661825180056,3.067501097575587e-8,0.9054201245307922,-1.6913340061819328e-8,1,-2.5949299597982646e-8,-0.9054201245307922,-4.2977696956825188e-9,0.42451661825180056],5,1.3320879936218262],[[756.6326293945313,226.99176025390626,44.376094818115237,0.42569053173065188,1.4568024120364953e-8,0.9048687815666199,-8.631897863153882e-9,1,-1.2038769092725943e-8,-0.9048687815666199,-2.685945466041062e-9,0.42569053173065188],5,1.34364914894104],[[756.4531860351563,227.41921997070313,44.287906646728519,0.42729467153549197,-9.571651915507573e-9,0.9041123986244202,3.826397421136107e-9,1,8.77839134716396e-9,-0.9041123986244202,-2.914665730990862e-10,0.42729467153549197],5,1.354569435119629],[[756.2735595703125,227.81602478027345,44.199974060058597,0.4286383390426636,-3.368742440557071e-8,0.9034761786460877,1.6317283524358573e-8,1,2.954500821772399e-8,-0.9034761786460877,2.0781529830316005e-9,0.4286383390426636],5,1.3686497211456299],[[756.0939331054688,228.18218994140626,44.11209487915039,0.4297899305820465,-5.7780656703698699e-8,0.90292888879776,2.8830562825987728e-8,1,5.026926075402116e-8,-0.90292888879776,4.426725652706409e-9,0.4297899305820465],5,1.380317211151123],[[755.9140014648438,228.51768493652345,44.02473449707031,0.4306100308895111,-8.185273969729679e-8,0.9025380611419678,4.134607323180717e-8,1,7.096510046267213e-8,-0.9025380611419678,6.758120729699613e-9,0.4306100308895111],5,1.391824722290039],[[755.7940063476563,228.7243194580078,43.9665641784668,0.4310385584831238,-9.788989530079562e-8,0.9023334980010986,4.9688374303968888e-8,1,8.474948032244356e-8,-0.9023334980010986,8.305192977786647e-9,0.4310385584831238],5,1.403322458267212],[[755.614013671875,229.00872802734376,43.87931442260742,0.43159571290016177,-1.2192995768600668e-7,0.9020671248435974,6.220152926061928e-8,1,1.0540683348381208e-7,-0.9020671248435974,1.0616815870889696e-8,0.43159571290016177],5,1.4146630764007569],[[755.3740234375,229.34024047851563,43.76298141479492,0.4322444796562195,-1.5395480090774073e-7,0.9017564654350281,7.888581166071163e-8,1,1.3291487732658425e-7,-0.9017564654350281,1.3684066324515243e-8,0.4322444796562195],5,1.4293742179870606],[[755.0740356445313,229.67800903320313,43.6175651550293,0.43293994665145876,-1.2439807051123354e-7,0.9014227390289307,6.39721093875778e-8,1,1.0727706722946096e-7,-0.9014227390289307,1.1221391815752213e-8,0.43293994665145876],5,1.448559045791626],[[754.9540405273438,229.7892608642578,43.55939865112305,0.43318185210227969,-1.056329352877583e-7,0.9013065099716187,5.442321082682611e-8,1,9.104315523700279e-8,-0.9013065099716187,9.613752460779779e-9,0.43318185210227969],5,1.4586827754974366],[[754.7740478515625,229.93060302734376,43.47214889526367,0.433504581451416,-7.750220021307541e-8,0.9011513590812683,4.009378073988046e-8,1,6.671616858966445e-8,-0.9011513590812683,7.20880066751306e-9,0.433504581451416],5,1.4734506607055665],[[754.5340576171875,230.07138061523438,43.35581588745117,0.43388453125953677,-4.002579956363661e-8,0.9009684920310974,2.0982369619559905e-8,1,3.4320706276957938e-8,-0.9009684920310974,4.013231080790547e-9,0.43388453125953677],5,1.4971840381622315],[[754.2340698242188,230.1707000732422,43.21039962768555,0.4342930316925049,6.770186633531239e-9,0.9007716774940491,-2.908973728565911e-9,1,-6.113468842272596e-9,-0.9007716774940491,3.471584825165408e-11,0.4342930316925049],5,1.5044913291931153],[[754.174072265625,230.1803436279297,43.18131637573242,0.4343658685684204,1.612284528107466e-8,0.9007365107536316,-7.686894676339762e-9,1,-1.419274031633222e-8,-0.9007365107536316,-7.590248429778512e-10,0.4343658685684204],5,1.5154445171356202],[[753.9940795898438,230.1888427734375,43.09406661987305,0.43456390500068667,4.41678942308954e-8,0.9006410241127014,-2.2018827650072127e-8,1,-3.841631368572962e-8,-0.9006410241127014,-3.136715109874899e-9,0.43456390500068667],5,1.525913953781128],[[753.8140869140625,230.16668701171876,43.00681686401367,0.43473973870277407,7.219369280164756e-8,0.9005561470985413,-3.6347042708939628e-8,1,-6.261929286210943e-8,-0.9005561470985413,-5.509456002528168e-9,0.43473973870277407],5,1.5368366241455079],[[753.694091796875,230.1348876953125,42.94865036010742,0.4348456859588623,9.086694063853429e-8,0.900505006313324,-4.5896531020162e-8,1,-7.874363205928603e-8,-0.900505006313324,-7.08872738286459e-9,0.4348456859588623],5,1.5486438274383546],[[753.5140991210938,230.0616455078125,42.86140060424805,0.4349903166294098,1.1886100281799372e-7,0.9004351496696472,-6.021615917006784e-8,1,-1.0291419272334679e-7,-0.9004351496696472,-9.454065974523474e-9,0.4349903166294098],5,1.5604820251464844],[[753.3341064453125,229.95773315429688,42.77415084838867,0.4351204037666321,1.4683620008781873e-7,0.9003722667694092,-7.452965888887775e-8,1,-1.2706613006230328e-7,-0.9003722667694092,-1.1815374456602968e-8,0.4351204037666321],5,1.574488878250122],[[753.034423828125,229.7164306640625,42.62827682495117,0.4355052411556244,1.236880535770979e-7,0.9001861810684204,-6.292579968203427e-8,1,-1.0695957541884127e-7,-0.9001861810684204,-1.0063479827238098e-8,0.4355052411556244],5,1.6024360656738282],[[752.7352294921875,229.38998413085938,42.48142623901367,0.4362867772579193,8.314613353377354e-8,0.8998076915740967,-4.2491542728839707e-8,1,-7.180160110920042e-8,-0.8998076915740967,-6.908127403448816e-9,0.4362867772579193],5,1.6111867427825928],[[752.6157836914063,229.2355499267578,42.42217254638672,0.4367840886116028,6.694410359386893e-8,0.8995663523674011,-3.432617390330961e-8,1,-5.7751130100314188e-8,-0.8995663523674011,-5.653896018031901e-9,0.4367840886116028],5,1.6221773624420167],[[752.4368896484375,228.97836303710938,42.33281707763672,0.43773484230041506,4.265836039962778e-8,0.899104118347168,-2.2076209305055273e-8,1,-3.6697457517220758e-8,-0.899104118347168,-3.785055380234326e-9,0.43773484230041506],5,1.6344082355499268],[[752.2582397460938,228.69052124023438,42.24287414550781,0.43889620900154116,1.8394521461573278e-8,0.8985377550125122,-9.811246037827459e-9,1,-1.567925345113963e-8,-0.8985377550125122,-1.9342099033536899e-9,0.43889620900154116],5,1.6455519199371338],[[752.1393432617188,228.48158264160157,42.18252944946289,0.4397912919521332,2.2314186054472886e-9,0.8981000185012817,-1.6207539754731216e-9,1,-1.6909309508150728e-9,-0.8981000185012817,-7.119423939272451e-10,0.4397912919521332],5,1.6564157009124756],[[751.9609985351563,228.1426544189453,42.091861724853519,0.4411608576774597,-2.1993425747268703e-8,0.897428035736084,1.0691967311515782e-8,1,1.9251180205515085e-8,-0.897428035736084,1.1024045010188389e-9,0.4411608576774597],5,1.6688899993896485],[[751.7826538085938,227.77305603027345,42.00117874145508,0.44244253635406496,-4.6194692515655336e-8,0.8967968821525574,2.3034237628394295e-8,1,4.0146623803138939e-8,-0.8967968821525574,2.894458672741962e-9,0.44244253635406496],5,1.6804609298706055],[[751.6201782226563,227.7010955810547,41.918514251708987,0.44360193610191347,-7.037304072810002e-8,0.8962239027023315,3.5399402520397419e-8,1,6.100015070842346e-8,-0.8962239027023315,4.666004027598092e-9,0.44360193610191347],7,1.6933810710906983],[[751.461181640625,227.69729614257813,41.837623596191409,0.4446416199207306,-9.4529220007189e-8,0.8957085609436035,4.7781188783346809e-8,1,8.181647359606359e-8,-0.8957085609436035,6.419009768166006e-9,0.4446416199207306],7,1.7051782608032227],[[751.3024291992188,227.6970977783203,41.7568244934082,0.44557178020477297,-1.1866391957937594e-7,0.8952462077140808,6.017431530835893e-8,1,1.0259964255965315e-7,-0.8952462077140808,8.155321751246447e-9,0.44557178020477297],7,1.7158615589141846],[[751.1436767578125,227.62869262695313,41.676029205322269,0.44640350341796877,-8.947917962132124e-8,0.8948317766189575,4.549046295210246e-8,1,7.730176321274485e-8,-0.8948317766189575,6.1985336863301658e-9,0.44640350341796877],8,1.729494333267212],[[750.9849243164063,227.522216796875,41.59523391723633,0.4471471309661865,-6.03189960202144e-8,0.8944604396820068,3.0780135773511577e-8,1,5.20489713551342e-8,-0.8944604396820068,4.258065011697454e-9,0.4471471309661865],8,1.743163824081421],[[750.826171875,227.38510131835938,41.51443862915039,0.44781193137168887,-3.1182739945734286e-8,0.8941277861595154,1.6049375162197067e-8,1,2.6836923794348878e-8,-0.8941277861595154,2.332297022178409e-9,0.44781193137168887],8,1.7553608417510987],[[750.6665649414063,227.2173309326172,41.4346809387207,0.4479176104068756,-2.0682724422016465e-9,0.8940748572349548,1.2981297148328964e-9,1,1.662967319404629e-9,-0.8940748572349548,4.1575282105910107e-10,0.4479176104068756],8,1.767359972000122],[[750.4525756835938,227.18243408203126,41.33009719848633,0.44696906208992007,3.672593607007002e-8,0.8945494294166565,-1.8336686835596084e-8,1,-3.189315478380195e-8,-0.8945494294166565,-2.147819255782224e-9,0.44696906208992007],8,1.7809548377990723],[[750.3443603515625,227.14596557617188,41.279476165771487,0.4456912577152252,5.6116228108749058e-8,0.895186722278595,-2.8092861370510037e-8,1,-4.869987790812047e-8,-0.895186722278595,-3.4432485751523247e-9,0.4456912577152252],8,1.7935869693756104],[[750.1788330078125,227.06214904785157,41.20836639404297,0.4413565993309021,8.520599692474207e-8,0.8973317742347717,-4.248483875812781e-8,1,-7.405848378994051e-8,-0.8973317742347717,-5.43679723463697e-9,0.4413565993309021],8,1.8056585788726807],[[750.0111694335938,227.1133270263672,41.14065170288086,0.43515196442604067,1.1431601620870424e-7,0.9003570079803467,-5.65254119067049e-8,1,-9.964811198415191e-8,-0.9003570079803467,-7.530981172010343e-9,0.43515196442604067],8,1.8178765773773194],[[749.8399658203125,227.1685791015625,41.078922271728519,0.42634695768356326,8.960204667118887e-8,0.9045597314834595,-4.360423133675795e-8,1,-7.850395888908679e-8,-0.9045597314834595,-5.972704997248002e-9,0.42634695768356326],8,1.830104112625122],[[749.66650390625,227.1956024169922,41.021175384521487,0.4157911241054535,6.484520298499774e-8,0.9094601273536682,-3.083246014057295e-8,1,-5.720463747138638e-8,-0.9094601273536682,-4.255712227063668e-9,0.4157911241054535],8,1.8430366516113282],[[749.4899291992188,227.22784423828126,40.96927261352539,0.4031243622303009,4.003672415819892e-8,0.915145218372345,-1.829025286781416e-8,1,-3.5692124811248507e-8,-0.915145218372345,-2.3498709644798056e-9,0.4031243622303009],8,1.8556814193725587],[[749.3108520507813,227.2735595703125,40.922637939453128,0.38862550258636477,1.5167515243774689e-8,0.9213957786560059,-6.097839122531923e-9,1,-1.3889513539311338e-8,-0.9213957786560059,-2.2070335836676947e-10,0.38862550258636477],8,1.8678064346313477],[[749.1304321289063,227.32969665527345,40.8789176940918,0.37352752685546877,-9.766007558198453e-9,0.9276190996170044,5.6455506936003989e-9,1,8.254723127265607e-9,-0.9276190996170044,2.1535551120166476e-9,0.37352752685546877],8,1.880784034729004],[[748.9483032226563,227.39248657226563,40.839385986328128,0.3576826751232147,-3.476300491911388e-8,0.933843195438385,1.6901058330631714e-8,1,3.075225762927403e-8,-0.933843195438385,4.7833883520809199e-9,0.3576826751232147],8,1.8920063972473145],[[748.7650756835938,227.45899963378907,40.80244445800781,0.3417243957519531,-5.982201400911436e-8,0.9398002028465271,2.7658925816353986e-8,1,5.359679633443193e-8,-0.9398002028465271,7.678532476518285e-9,0.3417243957519531],8,1.904468297958374],[[748.5802612304688,227.52734375,40.76972198486328,0.3252020478248596,-8.493990577562727e-8,0.9456445574760437,3.787740965321973e-8,1,7.679639679736283e-8,-0.9456445574760437,1.0844225073469716e-8,0.3252020478248596],8,1.91648530960083],[[748.3944091796875,227.59617614746095,40.739898681640628,0.3085455596446991,-1.1011424305706896e-7,0.951209545135498,4.7567169758622188e-8,1,1.0033289044031335e-7,-0.951209545135498,1.4289078364981833e-8,0.3085455596446991],8,1.9292185306549073],[[748.2070922851563,227.66473388671876,40.71470260620117,0.29122495651245119,-9.95005393633619e-8,0.9566546082496643,4.149890386884181e-8,1,9.137574608075738e-8,-0.9566546082496643,1.3089216821526861e-8,0.29122495651245119],8,1.9417755603790284],[[747.8932495117188,227.77452087402345,40.6780891418457,0.2621248960494995,-5.184703510963118e-8,0.9650339484214783,1.9772286918851024e-8,1,4.835500888589195e-8,-0.9650339484214783,6.405874053427851e-9,0.2621248960494995],8,1.9636046886444092],[[747.703125,227.83958435058595,40.66279220581055,0.2438916563987732,-2.3186110809092498e-8,0.9698024988174439,7.533762946820844e-9,1,2.2013439959778226e-8,-0.9698024988174439,1.9373656012788844e-9,0.2438916563987732],8,1.9747505187988282],[[747.51171875,227.9041290283203,40.653194427490237,0.224681556224823,5.522674761948565e-9,0.9744322299957275,-4.063493097561377e-9,1,-4.7306349948428309e-9,-0.9744322299957275,-2.8967144238833954e-9,0.224681556224823],8,1.9886267185211182],[[747.2554321289063,227.98611450195313,40.64519119262695,0.19883300364017487,4.386718543969437e-8,0.9800333976745606,-1.845709363124115e-8,1,-4.10162606101494e-8,-0.9800333976745606,-9.93318316488967e-9,0.19883300364017487],8,2.003535032272339],[[746.9990844726563,228.84901428222657,40.63774490356445,0.1729045957326889,8.227230807733577e-8,0.9849385619163513,-3.161008876872984e-8,1,-7.798128365266166e-8,-0.9849385619163513,-1.765067381143126e-8,0.1729045957326889],3,2.020327568054199],[[746.734619140625,229.65740966796876,40.64430236816406,0.14563482999801637,1.2072288768649742e-7,0.9893383979797363,-4.337358561201654e-8,1,-1.1563908230982634e-7,-0.9893383979797363,-2.6070077652207148e-8,0.14563482999801637],5,2.0479302406311037],[[746.4022827148438,230.5912628173828,40.669586181640628,0.10880663990974426,1.3483246164014418e-7,0.9940629601478577,-4.43162733176905e-8,1,-1.307870434175129e-7,-0.9940629601478577,-2.9822661673506448e-8,0.10880663990974426],5,2.0561797618865969],[[746.2695922851563,230.9409637451172,40.682647705078128,0.09427736699581146,1.2008021599285713e-7,0.9955459833145142,-3.781878632480584e-8,1,-1.1703603775004012e-7,-0.9955459833145142,-2.6616490345077183e-8,0.09427736699581146],5,2.0689163208007814],[[746.004638671875,231.5994873046875,40.71259307861328,0.06616783142089844,9.057723104888282e-8,0.9978085160255432,-2.5710749085305907e-8,1,-8.907120729872986e-8,-0.9978085160255432,-1.9760753033892798e-8,0.06616783142089844],5,2.082706928253174],[[745.8063354492188,232.0576171875,40.73853302001953,0.04584091901779175,6.845928623988584e-8,0.9989487528800964,-1.736382237993439e-8,1,-6.773451843855583e-8,-0.9989487528800964,-1.4240553625199937e-8,0.04584091901779175],5,2.0945968627929689],[[745.67431640625,232.3459930419922,40.75713348388672,0.03288310393691063,5.3721915804771928e-8,0.9994592070579529,-1.2147569172782369e-8,1,-5.335131803008153e-8,-0.9994592070579529,-1.0386641768889149e-8,0.03288310393691063],5,2.1068053245544435],[[745.4768676757813,232.75302124023438,40.78883743286133,0.013391281478106976,3.163202677569643e-8,0.9999103546142578,-4.774686868103117e-9,1,-3.1570916547707387e-8,-0.9999103546142578,-4.3514822856138839e-9,0.013391281478106976],5,2.1199660301208498],[[745.214111328125,233.248046875,40.83453369140625,-0.0119147514924407,2.2176585012800844e-9,0.9999290108680725,4.1935783734459168e-9,1,-2.167846568923437e-9,-0.9999290108680725,4.167452605230437e-9,-0.0119147514924407],5,2.1327686309814455],[[745.017822265625,233.5835418701172,40.87275695800781,-0.030505670234560968,-1.9807254503234618e-8,0.9995346069335938,1.0293557117790897e-8,1,2.0130634936776916e-8,-0.9995346069335938,1.0902866165451997e-8,-0.030505670234560968],5,2.1446831226348879],[[744.8875122070313,233.79017639160157,40.900794982910159,-0.042911920696496966,-3.447058105621181e-8,0.9990788698196411,1.4063082254267556e-8,1,3.5106396012452026e-8,-0.9990788698196411,1.5556611998590598e-8,-0.042911920696496966],5,2.156276226043701],[[744.692626953125,234.0745849609375,40.94578552246094,-0.06155182793736458,-5.643162737101193e-8,0.99810391664505,1.926706794108668e-8,1,5.772700717443513e-8,-0.99810391664505,2.278373933961575e-8,-0.06155182793736458],5,2.168578624725342],[[744.434326171875,234.40609741210938,41.01190185546875,-0.08691691607236862,-8.564057907278766e-8,0.9962155818939209,2.5318161789300576e-8,1,8.817485053214114e-8,-0.9962155818939209,3.2886234180296017e-8,-0.08691691607236862],5,2.18408465385437],[[744.1769409179688,234.68312072753907,41.08164596557617,-0.11122994869947434,-1.1475511740854927e-7,0.9937946796417236,3.0485761470799846e-8,1,1.1888375439639276e-7,-0.9937946796417236,4.352002491714302e-8,-0.11122994869947434],5,2.207805633544922],[[743.9213256835938,234.9056396484375,41.1575927734375,-0.13518527150154115,-1.4376512069702586e-7,0.9908203482627869,3.473034126955099e-8,1,1.498355857165734e-7,-0.9908203482627869,5.4667093962734728e-8,-0.13518527150154115],5,2.216625690460205],[[743.7322998046875,235.03675842285157,41.22281265258789