[[[776,222.69961547851563,47,1,3.3305450841680798e-8,-2.128560999334339e-13,-3.3305450841680798e-8,1,-1.9543804796740006e-8,2.1220518560665509e-13,1.9543804796740006e-8,1],8,0.007962942123413086],[[776,222.69961547851563,47,1,5.5288158051780559e-8,-2.1357235099363215e-13,-5.5288158051780559e-8,1,-3.2443345787669389e-8,2.117786198144178e-13,3.2443345787669389e-8,1],8,0.04003548622131348],[[776,222.69961547851563,47,1,8.363203818362308e-8,-2.1511836908148786e-13,-8.363203818362308e-8,1,-4.90756484339272e-8,2.1101406754743535e-13,4.90756484339272e-8,1],8,0.05669212341308594],[[776,222.69961547851563,47,1,6.027561028076889e-8,-2.1429258649681427e-13,-6.027561028076889e-8,1,-3.536998960385063e-8,2.1216065200242024e-13,3.536998960385063e-8,1],8,0.0666954517364502],[[776,222.69961547851563,47,1,4.4712976432492726e-8,-2.1392158606591689e-13,-4.4712976432492726e-8,1,-2.623776218513285e-8,2.1274842510517895e-13,2.623776218513285e-8,1],8,0.07528567314147949],[[776,222.69961547851563,47,1,2.9156991487866436e-8,-2.1369306335301126e-13,-2.9156991487866436e-8,1,-1.71094356460344e-8,2.1319419482839636e-13,1.71094356460344e-8,1],8,0.08469033241271973],[[776,222.69961547851563,47,1,-1.9350396840422947e-9,-2.1366196030318808e-13,1.9350396840422947e-9,1,1.1355174578397965e-9,2.1365976479378879e-13,-1.1355174578397965e-9,1],8,0.09742951393127442],[[776,222.69961547851563,47,1,-2.5236627010372105e-8,-2.1401046353900639e-13,2.5236627010372105e-8,1,1.4809003801019572e-8,2.1363673905015063e-13,-1.4809003801019572e-8,1],8,0.10975170135498047],[[776,222.69961547851563,47,1,-4.0762721198461807e-8,-2.1441950591363086e-13,4.0762721198461807e-8,1,2.3919792369042626e-8,2.1344446934738749e-13,-2.3919792369042626e-8,1],8,0.12040829658508301],[[776,222.69961547851563,47,1,-5.6282178917399509e-8,-2.1496968430605862e-13,5.6282178917399509e-8,1,3.302669071558739e-8,2.1311087389144085e-13,-3.302669071558739e-8,1],8,0.12967252731323243],[[776,222.69961547851563,47,1,-8.73012027113873e-8,-2.1649274441291195e-13,8.73012027113873e-8,1,5.122881674424207e-8,2.1202041045140924e-13,-5.122881674424207e-8,1],8,0.14739775657653809],[[776,222.69961547851563,47,1,-9.482619134359993e-8,-2.1705768150741268e-13,9.482619134359993e-8,1,5.564452010276e-8,2.1178112703194169e-13,-5.564452010276e-8,1],8,0.15911149978637696],[[776,222.69961547851563,47,1,-7.091266951420039e-8,-2.1606356298293356e-13,7.091266951420039e-8,1,4.1611933454532848e-8,2.1311275769271555e-13,-4.1611933454532848e-8,1],8,0.18200039863586427],[[776,222.69961547851563,47,1,-3.109084900643211e-8,-2.151563568151063e-13,3.109084900643211e-8,1,1.8244266541955768e-8,2.145891293435162e-13,-1.8244266541955768e-8,1],8,0.1894686222076416],[[776,222.69961547851563,47,1,-1.5174032697018448e-8,-2.150541843128767e-13,1.5174032697018448e-8,1,8.904186721281349e-9,2.149190656171307e-13,-8.904186721281349e-9,1],8,0.1996016502380371],[[776,222.69961547851563,47,1,8.688440189530411e-9,-2.151794367688531e-13,-8.688440189530411e-9,1,-5.098452771079565e-9,2.151351335575799e-13,5.098452771079565e-9,1],8,0.21760797500610352],[[776,222.69961547851563,47,1,4.0481282326254589e-8,-2.1586533016822174e-13,-4.0481282326254589e-8,1,-2.375468532989089e-8,2.1490371060386288e-13,2.375468532989089e-8,1],8,0.22634530067443849],[[776,222.69961547851563,47,1,5.6367515099964297e-8,-2.16430226605141e-13,-5.6367515099964297e-8,1,-3.3076823058308949e-8,2.1456576478669915e-13,3.3076823058308949e-8,1],8,0.23602986335754395],[[776,222.69961547851563,47,1,7.224695508512014e-8,-2.1714283203553426e-13,-7.224695508512014e-8,1,-4.2394979971049909e-8,2.1407992024068124e-13,4.2394979971049909e-8,1],8,0.25017738342285159],[[776,222.69961547851563,47,1,8.900658343691248e-8,-2.1815908183685923e-13,-8.900658343691248e-8,1,-5.222964105655592e-8,2.135102939717845e-13,5.222964105655592e-8,1],8,0.259549617767334],[[776,222.69961547851563,47,1,7.491747311405561e-8,-2.1757881683414499e-13,-7.491747311405561e-8,1,-4.3962060658486737e-8,2.1428528168467715e-13,4.3962060658486737e-8,1],8,0.27242231369018557],[[775.9290161132813,222.69961547851563,46.85480499267578,0.9991233944892883,4.653762530892891e-8,0.04186270013451576,-4.534566500069559e-8,1,-2.9422674074908174e-8,-0.04186270013451576,2.749858829531604e-8,0.9991233944892883],8,0.29103660583496096],[[775.78857421875,222.69961547851563,46.632606506347659,0.9941679835319519,1.7471379010203237e-8,0.10784266144037247,-1.615477529526288e-8,1,-1.3082181560264417e-8,-0.10784266144037247,1.1263711741094085e-8,0.9941679835319519],8,0.31453514099121096],[[775.577880859375,222.69961547851563,46.37474060058594,0.9793456792831421,-2.0204263151413217e-8,0.2021932154893875,1.8063607498675084e-8,1,1.2432400886552842e-8,-0.2021932154893875,-8.523278083316655e-9,0.9793456792831421],8,0.32281994819641116],[[775.4816284179688,222.69961547851563,46.2828254699707,0.9702106714248657,-3.575833673608031e-8,0.24226287007331849,3.076122467859932e-8,1,2.440930657598983e-8,-0.24226287007331849,-1.6229867227934848e-8,0.9702106714248657],8,0.33298373222351076],[[775.3796997070313,222.69961547851563,46.19697570800781,0.9591264724731445,-5.161935234809789e-8,0.28297773003578188,4.277787368778263e-8,1,3.742330534350913e-8,-0.28297773003578188,-2.3788496505972036e-8,0.9591264724731445],8,0.3435332775115967],[[775.2211303710938,222.69961547851563,46.0751838684082,0.9391790628433228,-7.601269658152887e-8,0.343427836894989,5.9435553367848118e-8,1,5.8795681212586717e-8,-0.343427836894989,-3.480785082388138e-8,0.9391790628433228],8,0.3534700870513916],[[775.1126708984375,222.69961547851563,45.99764633178711,0.9241381883621216,-9.268335077194934e-8,0.38205838203430178,6.963745846633174e-8,1,7.41476071652869e-8,-0.38205838203430178,-4.1917058268836629e-8,0.9241381883621216],8,0.3625369071960449],[[774.9490356445313,222.69961547851563,45.88273239135742,0.900155246257782,-1.0130256811180516e-7,0.43556922674179079,7.163075821381426e-8,1,8.454171052107995e-8,-0.43556922674179079,-4.490050997674189e-8,0.900155246257782],8,0.375014066696167],[[774.835693359375,222.69961547851563,45.81261444091797,0.8825860619544983,-8.431086229165885e-8,0.470150887966156,5.690969473448604e-8,1,7.249408895404486e-8,-0.470150887966156,-3.722612262890834e-8,0.8825860619544983],8,0.38480234146118166],[[774.5462646484375,222.69961547851563,45.64740753173828,0.8339707851409912,-4.038746936885218e-8,0.5518085956573486,2.312494018497091e-8,1,3.824142069674963e-8,-0.5518085956573486,-1.913168468092863e-8,0.8339707851409912],8,0.4030752182006836],[[774.3692626953125,222.69961547851563,45.55436706542969,0.8035078048706055,-1.3079541005822648e-8,0.5952942371368408,5.1025432767914939e-9,1,1.5084317794844538e-8,-0.5952942371368408,-9.082852692188226e-9,0.8035078048706055],8,0.41743040084838869],[[774.1278076171875,222.69961547851563,45.441246032714847,0.7614046335220337,2.4347981408823217e-8,0.6482769250869751,-1.6377141420775844e-8,1,-1.832295559722752e-8,-0.6482769250869751,3.3342588690032928e-9,0.7614046335220337],8,0.43296384811401369],[[773.8804321289063,222.69961547851563,45.341827392578128,0.7169461250305176,6.287774567681481e-8,0.6971285343170166,-3.4929183101439779e-8,1,-5.4273204597166116e-8,-0.6971285343170166,1.456083431605748e-8,0.7169461250305176],8,0.44930362701416018],[[773.69091796875,222.69961547851563,45.278141021728519,0.6820027232170105,9.246399201856548e-8,0.7313496470451355,-4.6861991620517077e-8,1,-8.27292225835663e-8,-0.7313496470451355,2.2149054146325399e-8,0.6820027232170105],8,0.4620070457458496],[[773.4991455078125,222.69961547851563,45.221431732177737,0.6464081406593323,1.0468235700500372e-7,0.7629917860031128,-4.868713787686829e-8,1,-9.595200367584767e-8,-0.7629917860031128,2.487627170921769e-8,0.6464081406593323],8,0.47367000579833987],[[773.3695068359375,222.69961547851563,45.19026184082031,0.6217554807662964,8.890507530168179e-8,0.7832114100456238,-3.8637043786593497e-8,1,-8.284133912184189e-8,-0.7832114100456238,2.1246082226866748e-8,0.6217554807662964],8,0.4942440986633301],[[773.0411376953125,222.69961547851563,45.13334274291992,0.5544525384902954,4.8654342776899287e-8,0.8322153687477112,-1.577381958384194e-8,1,-4.795454344730388e-8,-0.8322153687477112,1.3461304959605514e-8,0.5544525384902954],8,0.5025393962860107],[[772.908935546875,222.69961547851563,45.116703033447269,0.5270141959190369,3.2244134473558009e-8,0.8498564958572388,-7.732567475216002e-9,1,-3.314555030442534e-8,-0.8498564958572388,1.0896602731236272e-8,0.5270141959190369],8,0.5119428634643555],[[772.7762451171875,222.69961547851563,45.103843688964847,0.4998337924480438,1.5674139319798998e-8,0.8661213517189026,-3.4388397684992358e-10,1,-1.7898477366884437e-8,-0.8661213517189026,8.648418869938724e-9,0.4998337924480438],8,0.5229461193084717],[[772.5103759765625,222.69961547851563,45.083984375,0.4460090696811676,-1.7897914261766347e-8,0.8950284123420715,1.2546917282918458e-8,1,1.374467561987558e-8,-0.8950284123420715,5.099597633062558e-9,0.4460090696811676],8,0.5356588363647461],[[772.3773193359375,222.69961547851563,45.075843811035159,0.42031872272491457,-3.487696176307509e-8,0.9073765277862549,1.8103524013213247e-8,1,3.00511544537585e-8,-0.9073765277862549,3.7956504606029288e-9,0.42031872272491457],8,0.5469672679901123],[[772.044189453125,222.69961547851563,45.06330490112305,0.35818740725517275,-7.778582045148141e-8,0.9336497187614441,2.9584791505499198e-8,1,7.196373275064616e-8,-0.9336497187614441,1.845330332983508e-9,0.35818740725517275],8,0.5680451393127441],[[771.84423828125,222.69961547851563,45.0628776550293,0.32223063707351687,-1.0380146164834514e-7,0.9466611742973328,3.492694844453581e-8,1,9.776140785788812e-8,-0.9466611742973328,1.5622643179113994e-9,0.32223063707351687],8,0.577531099319458],[[771.7109375,222.69961547851563,45.0654411315918,0.2991631329059601,-1.2123815906761593e-7,0.9542019963264465,3.7922266216128267e-8,1,1.1516766562635894e-7,-0.9542019963264465,1.7315822109509327e-9,0.2991631329059601],8,0.5870013236999512],[[771.5776977539063,222.69961547851563,45.0701904296875,0.27669665217399599,-1.0192271560072186e-7,0.9609572887420654,2.9488354869044998e-8,1,9.75728937646636e-8,-0.9609572887420654,1.3389576114519742e-9,0.27669665217399599],8,0.5976648330688477],[[771.4445190429688,222.69961547851563,45.0765266418457,0.25486111640930178,-8.254512806615821e-8,0.9669776558876038,2.1662172500214184e-8,1,7.965466863879556e-8,-0.9669776558876038,6.459607848618987e-10,0.25486111640930178],8,0.6079723834991455],[[771.2447509765625,222.69961547851563,45.086639404296878,0.223859041929245,-5.338135622423579e-8,0.9746215343475342,1.1038944869312673e-8,1,5.223585475278014e-8,-0.9746215343475342,-9.346752261052416e-10,0.223859041929245],8,0.6177067756652832],[[771.0449829101563,222.69961547851563,45.09681701660156,0.1954430490732193,-2.4126194375639899e-8,0.9807150363922119,1.6498594712643922e-9,1,2.427182010933393e-8,-0.9807150363922119,-3.1257227917080856e-9,0.1954430490732193],8,0.6288974285125732],[[770.9118041992188,222.69961547851563,45.103607177734378,0.17812952399253846,-4.584268520346768e-9,0.9840070605278015,-4.004407472280036e-9,1,5.383672174730236e-9,-0.9840070605278015,-4.899360916965634e-9,0.17812952399253846],8,0.6388826370239258],[[770.7786254882813,222.69961547851563,45.11039733886719,0.16211643815040589,1.498052526471838e-8,0.9867716431617737,-9.239585097020609e-9,1,-1.3663380649120427e-8,-0.9867716431617737,-6.9023058379968919e-9,0.16211643815040589],8,0.6488375663757324],[[770.578857421875,222.69961547851563,45.120582580566409,0.14001964032649995,4.435875311514792e-8,0.9901487231254578,-1.641185853884508e-8,1,-4.24792432340837e-8,-0.9901487231254578,-1.030225504905502e-8,0.14001964032649995],8,0.6589405536651611],[[770.3790893554688,222.69961547851563,45.130767822265628,0.12002904713153839,7.376152666438429e-8,0.9927703738212586,-2.2890295880984014e-8,1,-7.153116854397013e-8,-0.9927703738212586,-1.4138991311085647e-8,0.12002904713153839],8,0.6722078323364258],[[770.1793212890625,222.67919921875,45.140953063964847,0.10081221908330918,1.0317775434032228e-7,0.9949054718017578,-2.86893602208238e-8,1,-1.007990348966814e-7,-0.9949054718017578,-1.8381429711666898e-8,0.10081221908330918],8,0.6832270622253418],[[769.9795532226563,223.3383026123047,45.15113830566406,0.08166158199310303,1.3259945319532563e-7,0.9966601133346558,-3.377456181397065e-8,1,-1.3027647582930514e-7,-0.9966601133346558,-2.3023178030712189e-8,0.08166158199310303],3,0.6995618343353272],[[769.7131958007813,224.1739501953125,45.16471862792969,0.06157200410962105,1.37224631657773e-7,0.9981026649475098,-3.2078130374202377e-8,1,-1.3550661037697865e-7,-0.9981026649475098,-2.367385221191398e-8,0.06157200410962105],5,0.7265441417694092],[[769.3136596679688,225.32522583007813,45.185089111328128,0.03789495304226875,9.228818953488371e-8,0.9992817044258118,-1.8667098089508728e-8,1,-9.16466262879112e-8,-0.9992817044258118,-1.518074554951454e-8,0.03789495304226875],5,0.7367854118347168],[[769.1806030273438,225.68174743652345,45.193084716796878,0.030779648572206498,7.732126761084146e-8,0.9995262026786804,-1.456305742664199e-8,1,-7.690946546290434e-8,-0.9995262026786804,-1.218891121368415e-8,0.030779648572206498],5,0.7565968036651611],[[768.8482055664063,226.51341247558595,45.21712875366211,0.013350243680179119,3.993514852140834e-8,0.9999108910560608,-4.917109830415711e-9,1,-3.987305774444394e-8,-0.9999108910560608,-4.384356433462244e-9,0.013350243680179119],5,0.7640774250030518],[[768.78173828125,226.66952514648438,45.22217559814453,0.010063969530165196,3.246374546961306e-8,0.9999493360519409,-3.095111056339306e-9,1,-3.243424018251062e-8,-0.9999493360519409,-2.7685369552443719e-9,0.010063969530165196],5,0.7724688053131104],[[768.5823364257813,227.117431640625,45.23753356933594,0.0009213308221660554,1.0061949495820955e-8,0.9999995827674866,2.169174617705494e-9,1,-1.0063952338157378e-8,-0.9999995827674866,2.1784460901841386e-9,0.0009213308221660554],5,0.784644365310669],[[768.25,227.79580688476563,45.26423645019531,-0.013006886467337609,-2.723113468050542e-8,0.9999154210090637,1.037378272172873e-8,1,2.7368381338988e-8,-0.9999154210090637,1.0728882671173779e-8,-0.013006886467337609],5,0.8066527843475342],[[768.0505981445313,228.16197204589845,45.28062438964844,-0.9996052980422974,-9.560920943840756e-9,-0.028094012290239335,-1.0433822694722039e-8,1,3.0924141469768077e-8,0.028094012290239335,3.1205065198491869e-8,-0.9996052980422974],5,0.8199398517608643],[[767.7849731445313,228.6024932861328,45.30374526977539,-0.9993226528167725,-3.7800322871817119e-8,0.036799345165491107,-3.637410372903105e-8,1,3.9426190312497059e-8,-0.036799345165491107,3.806094284186656e-8,-0.9993226528167725],5,0.843402624130249],[[767.4529418945313,229.0764923095703,45.332908630371097,-0.9977299571037293,-7.147654912387225e-8,0.06734225898981095,-6.788164341742231e-8,1,5.567095939795763e-8,-0.06734225898981095,5.0973280707466986e-8,-0.9977299571037293],5,0.8526396751403809],[[767.1875610351563,229.39439392089845,45.35861587524414,-0.9995006918907166,-9.535146006101059e-8,0.03159698098897934,-9.310701898357365e-8,1,7.250479683307276e-8,-0.03159698098897934,6.95266919592541e-8,-0.9995006918907166],5,0.8711769580841065],[[766.988525390625,229.5970458984375,45.37875747680664,-0.9999942183494568,-1.1184274484321577e-7,-0.0033995239064097406,-1.121407393611662e-7,1,8.746729918129859e-8,0.0033995239064097406,8.78480150845462e-8,-0.9999942183494568],5,0.8915789127349854],[[766.5907592773438,229.91038513183595,45.419944763183597,-0.9953429698944092,-9.959074276366664e-8,0.09639720618724823,-9.211905904749074e-8,1,8.195971901159283e-8,-0.09639720618724823,7.269800761378065e-8,-0.9953429698944092],5,0.9070470333099365],[[766.4581909179688,229.98757934570313,45.43370056152344,-0.999326229095459,-7.250466893538032e-8,-0.03670260310173035,-7.528419132540876e-8,1,7.434881865719945e-8,0.03670260310173035,7.706184845801545e-8,-0.999326229095459],5,0.9298403263092041],[[766.1267700195313,230.1209716796875,45.46809005737305,-0.9980016350746155,-3.855915764461315e-8,0.06318789720535279,-3.5450852919893808e-8,1,5.031265715160771e-8,-0.06318789720535279,4.7972051220313008e-8,-0.9980016350746155],5,0.9371242523193359],[[765.9942016601563,230.15048217773438,45.48184585571289,-0.9993259906768799,-1.7895485981966887e-8,-0.0367087684571743,-1.9385675287253436e-8,1,4.023895883165096e-8,0.0367087684571743,4.092346372885913e-8,-0.9993259906768799],5,0.9678061008453369],[[765.1325073242188,230.01019287109376,45.571258544921878,-0.9483564496040344,7.845218874535931e-8,0.31720662117004397,6.27982288392559e-8,1,-5.957343418572236e-8,-0.31720662117004397,-3.657683578239812e-8,-0.9483564496040344],5,0.9978759288787842],[[764.9336547851563,229.8960723876953,45.593017578125,-0.9997443556785584,8.341427815139468e-8,-0.022611074149608613,8.533907447372258e-8,1,-8.416118646437099e-8,0.022611074149608613,-8.606927792698116e-8,-0.9997443556785584],5,1.0113143920898438],[[764.735107421875,229.75128173828126,45.61699676513672,-0.9994526505470276,1.0391419635880084e-7,-0.03308175876736641,1.0765282354441297e-7,1,-1.112305696437943e-7,0.03308175876736641,-1.14731030009807e-7,-0.9994526505470276],5,1.0276916027069092],[[764.2723999023438,229.29425048828126,45.67845916748047,-0.9953299164772034,7.574136162702416e-8,0.09653177112340927,6.788617668007646e-8,1,-8.465836742743704e-8,-0.09653177112340927,-7.770983501131923e-8,-0.9953299164772034],5,1.0699217319488526],[[763.7440795898438,228.56753540039063,45.75090789794922,-0.9906325936317444,3.323772546082182e-8,0.13655439019203187,2.683504796152647e-8,1,-4.87282285632773e-8,-0.13655439019203187,-4.4607325833112557e-8,-0.9906325936317444],5,1.0860722064971924],[[763.6118774414063,228.35179138183595,45.76837158203125,-0.9984362125396729,1.3935284037813745e-8,-0.05590305104851723,1.61839235346406e-8,1,-3.977119789055905e-8,0.05590305104851723,-4.0613734597627629e-8,-0.9984362125396729],5,1.1052052974700928],[[763.2810668945313,227.75283813476563,45.8094367980957,-0.997283935546875,-6.573491972972079e-9,0.07365317642688751,-7.583090599894149e-9,1,-1.3427832179502275e-8,-0.07365317642688751,-1.3949879473784677e-8,-0.997283935546875],5,1.1140029430389405],[[763.1484375,227.48941040039063,45.82281494140625,-0.9999938011169434,-1.7081356773474e-8,-0.003521529259160161,-1.7073334745987269e-8,1,-2.3080326538860165e-9,0.003521529259160161,-2.247894093088121e-9,-0.9999938011169434],5,1.1233980655670167],[[763.0819702148438,227.3525848388672,45.82815933227539,-0.9997835159301758,-2.1581993081554175e-8,0.020807700231671335,-2.1510972558758114e-8,1,3.6370171319077828e-9,-0.020807700231671335,3.188635799844519e-9,-0.9997835159301758],5,1.131784200668335],[[762.882080078125,226.9216766357422,45.833736419677737,-0.9920887351036072,-3.581111229777889e-8,0.12553851306438447,-3.317010666137321e-8,1,2.3127741499706646e-8,-0.12553851306438447,1.878064637139687e-8,-0.9920887351036072],5,1.1411998271942139],[[762.748779296875,226.61737060546876,45.831748962402347,-0.9904975295066834,-4.5003975657209597e-8,0.13753044605255128,-4.030029998602913e-8,1,3.698547246244743e-8,-0.13753044605255128,3.109149915303533e-8,-0.9904975295066834],5,1.150907278060913],[[762.61572265625,226.29945373535157,45.824012756347659,-0.9822631478309631,-5.536185909704727e-8,0.1875075101852417,-4.648960327813256e-8,1,5.1714383886292128e-8,-0.1875075101852417,4.207998571814642e-8,-0.9822631478309631],5,1.1604938507080079],[[762.4170532226563,225.79701232910157,45.801856994628909,-0.9611689448356628,-7.236727839199375e-8,0.2759605646133423,-5.3641269204263156e-8,1,7.540553781382187e-8,-0.2759605646133423,5.767458688410443e-8,-0.9611689448356628],5,1.1729214191436768],[[762.0887451171875,225.0102081298828,45.74468231201172,-0.9421254992485046,-8.986880573047529e-8,0.33526042103767397,-6.129679519517595e-8,1,9.580472948300667e-8,-0.33526042103767397,6.970968513542175e-8,-0.9421254992485046],7,1.1922919750213624],[[761.9603271484375,224.9749298095703,45.7094612121582,-0.9126692414283752,-7.916275990282884e-8,0.4086989462375641,-5.1608022744176199e-8,1,7.844821681146641e-8,-0.4086989462375641,5.0505128967870408e-8,-0.9126692414283752],7,1.2000117301940919],[[761.77587890625,224.98814392089845,45.63299560546875,-0.88736891746521,-5.81937023014234e-8,0.4610600471496582,-3.882717791725554e-8,1,5.1489319474740117e-8,-0.4610600471496582,2.7788361833813725e-8,-0.88736891746521],7,1.2233853340148926],[[761.4788818359375,225.02871704101563,45.481956481933597,-0.8044268488883972,-2.2003465716124994e-8,0.594051718711853,-2.430748402559857e-8,1,4.124005137384756e-9,-0.594051718711853,-1.1122442522548681e-8,-0.8044268488883972],8,1.234112024307251],[[761.3139038085938,225.04505920410157,45.369449615478519,-0.775351881980896,2.399758169957522e-9,0.6315294504165649,-1.7096915883030307e-8,1,-2.4790423935883156e-8,-0.6315294504165649,-3.0018508567764e-8,-0.775351881980896],8,1.2449126243591309],[[761.2090454101563,225.05274963378907,45.2872200012207,-0.7689512372016907,1.8615381236486429e-8,0.63930743932724,-1.24873169582429e-8,1,-4.4137635768493058e-8,-0.63930743932724,-4.1922923799120329e-8,-0.7689512372016907],8,1.256061315536499],[[761.1060180664063,225.0585174560547,45.20258712768555,-0.769131600856781,3.451951258170993e-8,0.6390904188156128,-7.866407969459033e-9,1,-6.348055592297897e-8,-0.6390904188156128,-5.385224710607872e-8,-0.769131600856781],8,1.2653484344482422],[[760.90087890625,225.06597900390626,45.032283782958987,-0.7646989822387695,6.671282903880638e-8,0.6443876624107361,1.113666270313729e-9,1,-1.0220743007494093e-7,-0.6443876624107361,-7.744028351908128e-8,-0.7646989822387695],8,1.2769954204559327],[[760.7470703125,225.71826171875,44.90449905395508,-0.7636065483093262,9.069437112430023e-8,0.6456818580627441,7.796423950878762e-9,1,-1.3124261499797286e-7,-0.6456818580627441,-9.518370092109763e-8,-0.7636065483093262],3,1.2920546531677247],[[760.5941772460938,226.3398895263672,44.77561950683594,-0.728937029838562,1.1394661925123728e-7,0.6845808029174805,5.301802108448328e-9,1,-1.6080197440260236e-7,-0.6845808029174805,-1.1358499563129954e-7,-0.728937029838562],5,1.3168838024139405],[[760.3377075195313,227.30780029296876,44.562767028808597,-0.6760259866714478,8.196690259865136e-8,0.7368777394294739,-9.533446920784172e-9,1,-1.199815784502789e-7,-0.7368777394294739,-8.813565699483661e-8,-0.6760259866714478],5,1.324899435043335],[[760.2337036132813,227.67112731933595,44.4793586730957,-0.7442041039466858,5.755083165581709e-8,0.667952299118042,-1.617962652744609e-8,1,-1.041867463413837e-7,-0.667952299118042,-8.834341969077286e-8,-0.7442041039466858],5,1.3351869583129883],[[760.0765380859375,228.19056701660157,44.35566711425781,-0.7249969840049744,3.69668597954842e-8,0.6887520551681519,-2.5418678717414879e-8,1,-8.042854204859396e-8,-0.6887520551681519,-7.581761707342594e-8,-0.7249969840049744],5,1.3457982540130616],[[759.9713745117188,228.51983642578126,44.273765563964847,-0.7509158849716187,1.8983582705800474e-8,0.6603978276252747,-3.160538142310543e-8,1,-6.468308555440672e-8,-0.6603978276252747,-6.944367925143524e-8,-0.7509158849716187],5,1.355794906616211],[[759.8128662109375,228.98817443847657,44.151790618896487,-0.7332548499107361,-1.728461040961804e-9,0.679953932762146,-4.018283661366695e-8,1,-4.079070237139604e-8,-0.679953932762146,-5.7232455219491388e-8,-0.7332548499107361],5,1.366804599761963],[[759.653564453125,229.4258575439453,44.03089141845703,-0.7344347238540649,-2.4202293502639806e-8,0.678679347038269,-4.824727284358232e-8,1,-1.6550053771879903e-8,-0.678679347038269,-4.4899362450223637e-8,-0.7344347238540649],5,1.3790109157562256],[[759.547119140625,229.70062255859376,43.950565338134769,-0.7611854672431946,-4.0739262630040687e-8,0.6485342383384705,-5.370914379909664e-8,1,-2.2105231534119697e-10,-0.6485342383384705,-3.5000478959545947e-8,-0.7611854672431946],5,1.392352819442749],[[759.333251953125,230.20925903320313,43.791297912597659,-0.7199646830558777,-6.867669100074636e-8,0.6940106749534607,-6.295849175330659e-8,1,3.364328904353897e-8,-0.6940106749534607,-1.9471885437383208e-8,-0.7199646830558777],5,1.4063594341278077],[[759.1721801757813,230.5549774169922,43.67269515991211,-0.7531216740608215,-9.216480378881897e-8,0.6578812599182129,-7.010485347791473e-8,1,5.983955020383292e-8,-0.6578812599182129,-1.0542074990738116e-9,-0.7531216740608215],5,1.417853832244873],[[759.009521484375,230.8700408935547,43.55630874633789,-0.7667427659034729,-1.1510919506463324e-7,0.6419544816017151,-7.725799378022202e-8,1,8.703450760094711e-8,-0.6419544816017151,1.7136965624331425e-8,-0.7667427659034729],5,1.4299020767211915],[[758.8446044921875,231.15444946289063,43.44318389892578,-0.7723217010498047,-1.3834049639172009e-7,0.635231614112854,-8.408872531617817e-8,1,1.1554359957699489e-7,-0.635231614112854,3.582101015808803e-8,-0.7723217010498047],5,1.44160795211792],[[758.678466796875,231.40818786621095,43.33187484741211,-0.7767390608787537,-1.4470401765720454e-7,0.6298225522041321,-8.045283550472959e-8,1,1.3053383440819744e-7,-0.6298225522041321,5.071971997949731e-8,-0.7767390608787537],5,1.4554016590118409],[[758.4000244140625,231.7629852294922,43.14856719970703,-0.740171492099762,-1.0011033424461857e-7,0.6724181771278381,-3.962995620554466e-8,1,1.0525797478067034e-7,-0.6724181771278381,5.12610540681635e-8,-0.740171492099762],5,1.4753227233886719],[[758.2880249023438,231.8810577392578,43.076210021972659,-0.8066771030426025,-7.488324627047405e-8,0.5909923911094666,-2.3133358340032829e-8,1,9.513166787655791e-8,-0.5909923911094666,6.306890298901635e-8,-0.8066771030426025],5,1.485400915145874],[[758.1192626953125,232.03262329101563,42.96879959106445,-0.7876226305961609,-4.761597338642787e-8,0.6161579489707947,9.398073430588739e-10,1,7.84801770237209e-8,-0.6161579489707947,6.239183392153791e-8,-0.7876226305961609],5,1.4972364902496338],[[757.9502563476563,232.1535186767578,42.86183166503906,-0.7887002229690552,-1.7804257623765808e-8,0.6147779226303101,2.4558268307828258e-8,1,6.046633416190162e-8,-0.6147779226303101,6.278769149048458e-8,-0.7887002229690552],5,1.5089216232299805],[[757.7810668945313,232.2437744140625,42.75517272949219,-0.7908442616462708,1.2690810180515655e-8,0.6120173931121826,4.77823292044377e-8,1,4.100793660199997e-8,-0.6120173931121826,6.167451260807866e-8,-0.7908442616462708],5,1.521630048751831],[[757.611572265625,232.30337524414063,42.6490478515625,-0.7919115424156189,4.3743391131556567e-8,0.6106358170509338,7.060240392320338e-8,1,1.9925904481965518e-8,-0.6106358170509338,5.8891910015290708e-8,-0.7919115424156189],5,1.5329251289367676],[[757.38525390625,232.33514404296876,42.508033752441409,-0.7733471393585205,8.451608835002844e-8,0.63398277759552,9.993782157380338e-8,1,-1.1403241906293715e-8,-0.63398277759552,5.454019458284165e-8,-0.7733471393585205],5,1.5483946800231934],[[757.2719116210938,232.33058166503907,42.43785095214844,-0.8138436079025269,1.0972757991112303e-7,0.5810840129852295,1.1490165263694507e-7,1,-2.7905789679039118e-8,-0.5810840129852295,4.405656639505651e-8,-0.8138436079025269],5,1.559145212173462],[[757.101806640625,232.2982177734375,42.33271408081055,-0.7950933575630188,1.418676021103238e-7,0.6064870953559876,1.366025230709056e-7,1,-5.4833552809441247e-8,-0.6064870953559876,3.9249872685331869e-8,-0.7950933575630188],5,1.5722029209136963],[[756.7044677734375,232.10345458984376,42.08806228637695,-0.7099218368530273,1.1039755776209859e-7,0.704280436038971,8.928716965783679e-8,1,-6.674989094790362e-8,-0.704280436038971,1.549600625594394e-8,-0.7099218368530273],5,1.5984842777252198],[[756.4769897460938,231.91722106933595,41.948974609375,-0.7810328006744385,8.355385006098004e-8,0.624489963054657,5.325727059357632e-8,1,-6.718790501736294e-8,-0.624489963054657,-1.9217326396869795e-8,-0.7810328006744385],5,1.6161534786224366],[[756.24853515625,231.67649841308595,41.81135940551758,-0.7896840572357178,5.369800248899992e-8,0.613513708114624,1.7530165763446349e-8,1,-6.496139803857659e-8,-0.613513708114624,-4.054398061725806e-8,-0.7896840572357178],5,1.6436336040496827],[[755.960693359375,231.2989501953125,41.64316177368164,-0.7820447683334351,1.516981384952487e-8,0.623222291469574,-2.675205479363285e-8,1,-5.7910508388658857e-8,-0.623222291469574,-6.196108870426542e-8,-0.7820447683334351],5,1.654879093170166],[[755.7861328125,231.0315399169922,41.54547882080078,-0.8247826099395752,-1.4536149173238755e-8,0.5654499530792236,-5.34611075408975e-8,1,-5.227278521147127e-8,-0.5654499530792236,-7.334326568297911e-8,-0.8247826099395752],5,1.6655857563018799],[[755.6107788085938,230.7334747314453,41.44920349121094,-0.8287148475646973,-4.1295702857269137e-8,0.5596710443496704,-8.016942132371696e-8,1,-4.4922611408537708e-8,-0.5596710443496704,-8.209654112079079e-8,-0.8287148475646973],5,1.676929235458374],[[755.4935302734375,230.51773071289063,41.38575744628906,-0.855154275894165,-6.345186420730897e-8,0.5183736085891724,-9.815004631263946e-8,1,-3.951121030354443e-8,-0.5183736085891724,-8.466657419603507e-8,-0.855154275894165],5,1.687495231628418],[[755.3163452148438,230.1685791015625,41.29314041137695,-0.8421569466590881,-8.940627083120489e-8,0.5392324924468994,-1.2503787161222136e-7,1,-2.9477517315967817e-8,-0.5392324924468994,-9.224917363326313e-8,-0.8421569466590881],5,1.6982135772705079],[[755.1976318359375,229.9187774658203,41.232513427734378,-0.8649614453315735,-1.127599134065349e-7,0.5018382668495178,-1.431876484048189e-7,1,-2.2102494057207879e-8,-0.5018382668495178,-9.097485076381418e-8,-0.8649614453315735],5,1.7110037803649903],[[755.0185546875,229.51852416992188,41.14348602294922,-0.8604809641838074,-1.27312389963663e-7,0.5094826221466065,-1.5289982968624828e-7,1,-8.35159319478862e-9,-0.5094826221466065,-8.508619231406556e-8,-0.8604809641838074],5,1.7221219539642335],[[754.8375854492188,229.08761596679688,41.058414459228519,-0.876072883605957,-1.1670044841594063e-7,0.4821787178516388,-1.2809633176402714e-7,1,9.288536162443961e-9,-0.4821787178516388,-5.362788968454879e-8,-0.876072883605957],5,1.733708381652832],[[754.6541137695313,228.6260528564453,40.97881317138672,-0.8843636512756348,-1.0331154953746591e-7,0.4667986035346985,-1.0348938417337195e-7,1,2.5255646463051563e-8,-0.4667986035346985,-2.5973525552558386e-8,-0.8843636512756348],5,1.7459955215454102],[[754.4690551757813,228.1338348388672,40.902896881103519,-0.9038981199264526,-8.905738013709197e-8,0.42774778604507449,-7.942858104570405e-8,1,4.035563350157645e-8,-0.42774778604507449,2.501982621083698e-9,-0.9038981199264526],5,1.7591454982757569],[[754.343994140625,228.0474853515625,40.85674285888672,-0.9412962794303894,-7.77389317363486e-8,0.3375816345214844,-6.550596509669049e-8,1,4.762821959047869e-8,-0.3375816345214844,2.2718660730447483e-8,-0.9412962794303894],7,1.7714340686798096],[[754.0908813476563,228.03363037109376,40.772705078125,-0.9636327624320984,-5.5352490591076278e-8,0.2672300934791565,-4.0654104083159839e-8,1,6.053533496697128e-8,-0.2672300934791565,4.746983250925041e-8,-0.9636327624320984],7,1.781952142715454],[[753.8981323242188,228.0333709716797,40.71951675415039,-0.9741067290306091,-3.817030602704108e-8,0.22608862817287446,-2.2835529023268465e-8,1,7.044167915637445e-8,-0.22608862817287446,6.345485559222652e-8,-0.9741067290306091],7,1.7938001155853272],[[753.7684936523438,228.03335571289063,40.688385009765628,-0.9871299862861633,-2.3766871137809177e-8,0.15991996228694917,-1.1473255234761837e-8,1,7.779689781273191e-8,-0.15991996228694917,7.496084464264641e-8,-0.9871299862861633],7,1.8054254055023194],[[753.5715942382813,227.9649658203125,40.65379333496094,-0.9921287298202515,-6.088774373580463e-9,0.1252220869064331,5.14760412073656e-9,1,8.940803297718958e-8,-0.1252220869064331,8.934887318901019e-8,-0.9921287298202515],8,1.8181469440460206],[[753.3734130859375,227.85850524902345,40.627315521240237,-0.9987316131591797,1.5660317487231624e-8,0.050350628793239596,2.0833851976931329e-8,1,1.0222531443560001e-7,-0.050350628793239596,1.0314465015426322e-7,-0.9987316131591797],8,1.8296289443969727],[[753.1739501953125,227.7213897705078,40.614341735839847,-0.9999482035636902,3.480231924868349e-8,0.010178984142839909,3.598142228611323e-8,1,1.1565393265300372e-7,-0.010178984142839909,1.1601419913631617e-7,-0.9999482035636902],8,1.843019723892212],[[752.9739990234375,227.55361938476563,40.61063003540039,-0.9974148869514465,4.3074990685454398e-8,-0.07185792922973633,3.6204252040761278e-8,1,9.691803626310502e-8,0.07185792922973633,9.406592482719134e-8,-0.9974148869514465],8,1.8550617694854737],[[752.7744140625,227.35519409179688,40.621803283691409,-0.9935266971588135,3.7796709762005779e-8,-0.11359874159097672,3.103679802052284e-8,1,6.127552154566729e-8,0.11359874159097672,5.7353123139591847e-8,-0.9935266971588135],8,1.8659815788269044],[[752.5755615234375,227.12611389160157,40.64277648925781,-0.9805240631103516,3.3289698109228996e-8,-0.19639886915683747,2.887361993941795e-8,1,2.5348516174972248e-8,0.19639886915683747,1.9184083654977259e-8,-0.9805240631103516],8,1.8782260417938233],[[752.4443969726563,226.95635986328126,40.66603469848633,-0.9714310169219971,2.7949711878250129e-8,-0.23732219636440278,2.8436851096103056e-8,1,1.3705993007206985e-9,0.23732219636440278,-5.417253756689888e-9,-0.9714310169219971],8,1.8899929523468018],[[752.2496337890625,226.79486083984376,40.71149444580078,-0.9714310169219971,1.8782436939090986e-8,-0.23732219636440278,2.7782046885249657e-8,1,-3.457706299059282e-8,0.23732219636440278,-4.0182527527576897e-8,-0.9714310169219971],8,1.9003338813781739],[[752.0553588867188,226.79112243652345,40.758853912353519,-0.9306129813194275,4.168080103283955e-9,-0.3660048246383667,3.2068143696051268e-8,1,-7.014921266090823e-8,0.3660048246383667,-7.701886062250196e-8,-0.9306129813194275],8,1.9126455783843995],[[751.8674926757813,226.81349182128907,40.8265495300293,-0.914614737033844,-8.166080256444275e-9,-0.404326468706131,3.772661116840936e-8,1,-1.055369764912939e-7,0.404326468706131,-1.1177954206686991e-7,-0.914614737033844],8,1.9249656200408936],[[751.7447509765625,226.82772827148438,40.878604888916019,-0.8791607618331909,-1.6548142411920709e-8,-0.47652527689933779,3.182205787766179e-8,1,-9.343649054471826e-8,0.47652527689933779,-9.730970873533806e-8,-0.8791607618331909],8,1.93721604347229],[[751.5087890625,226.8483428955078,41.00245666503906,-0.8429019451141357,-2.2355255424599819e-8,-0.5380672216415405,1.8275011726132108e-8,1,-7.017580117008038e-8,0.5380672216415405,-6.898450521930499e-8,-0.8429019451141357],8,1.9489946365356446],[[751.3388061523438,226.81349182128907,41.10764694213867,-0.8266274333000183,-2.3571393725774216e-8,-0.5627495646476746,7.603116358723128e-9,1,-5.30543964316621e-8,0.5627495646476746,-4.813487208821243e-8,-0.8266274333000183],8,1.9606149196624756],[[751.1727905273438,226.74578857421876,41.2191276550293,-0.8116112947463989,-2.401144350017148e-8,-0.5841978192329407,-3.50704487672715e-9,1,-3.6229312883051537e-8,0.5841978192329407,-2.7355310905363696e-8,-0.8116112947463989],8,1.9742581844329835],[[751.0640258789063,226.68362426757813,41.29623031616211,-0.779901385307312,-2.4870161041690154e-8,-0.6259024143218994,-1.1486918971570504e-8,1,-2.542168964225766e-8,0.6259024143218994,-1.2636721002934337e-8,-0.779901385307312],8,1.984598159790039],[[750.90673828125,226.66184997558595,41.419708251953128,-0.7643618583679199,-2.4360693018365965e-8,-0.6447874903678894,-2.384301112101639e-8,1,-9.516321064495515e-9,0.6447874903678894,8.099762638380526e-9,-0.7643618583679199],8,1.997410535812378],[[750.7022094726563,226.5943603515625,41.590816497802737,-0.7331182360649109,-2.2871207150387819e-8,-0.680101215839386,-4.1286099872195339e-8,1,1.0875418787748004e-8,0.680101215839386,3.60516949626799e-8,-0.7331182360649109],8,2.0115416049957277],[[750.5054321289063,226.4635009765625,41.770774841308597,-0.7027298212051392,-2.0195903616126999e-8,-0.711456835269928,-5.958710502795839e-8,1,3.0469497147578298e-8,0.711456835269928,6.380547290518735e-8,-0.7027298212051392],8,2.029639720916748],[[750.36376953125,226.32960510253907,41.91184997558594,-0.6800138354301453,-1.7370687999118674e-8,-0.7331992983818054,-7.375750499249989e-8,1,4.471558767704664e-8,0.7331992983818054,8.448616739542558e-8,-0.6800138354301453],8,2.0406105518341066],[[750.2268676757813,226.1650390625,42.05760192871094,-0.6710001230239868,-1.552796469184159e-8,-0.7414572834968567,-8.80918022971855e-8,1,5.877836528611624e-8,0.7414572834968567,1.0475659451003594e-7,-0.6710001230239868],8,2.0533814430236818],[[750.1370849609375,226.0576934814453,42.1561393737793,-0.6592577695846558,-1.3339948701229787e-8,-0.7519170641899109,-9.77890621811639e-8,1,6.799719898253898e-8,0.7519170641899109,1.1835694380124551e-7,-0.6592577695846558],8,2.0630877017974855],[[750.0487670898438,226.02304077148438,42.25598907470703,-0.6592577695846558,-1.1325144377849483e-8,-0.7519170641899109,-9.298942416080536e-8,1,6.646857997338884e-8,0.7519170641899109,1.1374025632449048e-7,-0.6592577695846558],8,2.073647975921631],[[749.7402954101563,227.49734497070313,42.606117248535159,-0.6486853957176209,2.4734478909493875e-9,-0.7610567212104797,-2.49268889973564e-8,1,2.4496408457252984e-8,0.7610567212104797,3.4861237452332719e-8,-0.6486853957176209],3,2.1040754318237306],[[749.5668334960938,228.26486206054688,42.80864334106445,-0.709773063659668,1.0348997214748579e-8,-0.7044304013252258,1.4868328790385022e-8,1,-2.897966588921719e-10,0.7044304013252258,-1.0679393369628088e-8,-0.709773063659668],5,2.1255643367767336],[[749.3953857421875,228.97789001464845,43.01287078857422,-0.7278245091438294,1.869018717570725e-8,-0.6857634782791138,5.370593925135836e-8,1,-2.974540258549041e-8,0.6857634782791138,-5.8479002973399477e-8,-0.7278245091438294],5,2.1322834491729738],[[749.310546875,229.31396484375,43.115753173828128,-0.681178092956543,1.647628344869645e-8,-0.732117772102356,7.331770746077382e-8,1,-4.5711402663073389e-8,0.732117772102356,-8.481480762156935e-8,-0.681178092956543],5,2.1422183513641359],[[749.2262573242188,229.63641357421876,43.219058990478519,-0.67881840467453,1.673390137568731e-8,-0.7343061566352844,9.274860701680154e-8,1,-6.295134369338484e-8,0.7343061566352844,-1.1083840689707358e-7,-0.67881840467453],5,2.1507458686828615],[[749.142333984375,229.9452362060547,43.322669982910159,-0.6788867712020874,1.6100084820891426e-8,-0.7342429757118225,1.1194729410135551e-7,1,-8.157988418133755e-8,0.7342429757118225,-1.3758001671249077e-7,-0.6788867712020874],5,2.160834789276123],[[748.974609375,230.52200317382813,43.53006362915039,-0.7262868881225586,1.2210200850404363e-8,-0.6873917579650879,9.194896932740449e-8,1,-7.938869117651848e-8,0.6873917579650879,-1.2086391620869109e-7,-0.7262868881225586],5,2.174835443496704],[[748.806884765625,231.0442657470703,43.73747634887695,-0.7263005375862122,3.271993231912518e-10,-0.6873772740364075,7.250505973388499e-8,1,-7.613470387468624e-8,0.6873772740364075,-1.051350082548197e-7,-0.7263005375862122],5,2.1922972202301027],[[748.5972290039063,231.62046813964845,43.996742248535159,-0.7487956285476685,-9.829478564427064e-9,-0.6628009676933289,4.9008725966359637e-8,1,-7.019753667236728e-8,0.6628009676933289,-8.504663639996579e-8,-0.7487956285476685],5,2.2106223106384279],[[748.471435546875,231.92530822753907,44.15230178833008,-0.7030027508735657,-2.2473710004078386e-8,-0.7111871242523193,3.509556023573168e-8,1,-6.62919532601336e-8,0.7111871242523193,-7.156293690968596e-8,-0.7030027508735657],5,2.2234201431274416],[[748.3875732421875,232.11151123046876,44.25600814819336,-0.6789230108261108,-2.9038272231218799e-8,-0.7342094779014587,2.589013448073274e-8,1,-6.349097958491257e-8,0.7342094779014587,-6.211427461266794e-8,-0.6789230108261108],5,2.2334649562835695],[[748.3037109375,232.28407287597657,44.35971450805664,-0.6789230108261108,-3.2960009832549989e-8,-0.7342094779014587,1.677237548847188e-8,1,-6.040124134187863e-8,0.7342094779014587,-5.332222841047951e-8,-0.6789230108261108],5,2.2425692081451418],[[748.2198486328125,232.44302368164063,44.46342086791992,-0.6789230108261108,-3.6608749809374