[[[663.528076171875,222.69961547851563,159.64199829101563,1,0,0,0,1,0,0,0,1],8,0.007987260818481446],[[663.528076171875,222.69961547851563,159.64199829101563,1,0,0,0,1,0,0,0,1],8,0.021245479583740236],[[663.528076171875,222.69961547851563,159.64199829101563,1,0,0,0,1,0,0,0,1],8,0.03391456604003906],[[663.528076171875,222.69961547851563,159.64199829101563,1,0,0,0,1,0,0,0,1],8,0.06388425827026367],[[663.528076171875,222.69961547851563,159.64199829101563,1,0,0,0,1,0,0,0,1],8,0.07323861122131348],[[663.528076171875,222.69961547851563,159.64199829101563,1,0,0,0,1,0,0,0,1],8,0.08130764961242676],[[663.528076171875,222.69961547851563,159.64199829101563,1,0,0,0,1,0,0,0,1],8,0.09107422828674317],[[663.528076171875,222.69961547851563,159.64199829101563,1,0,0,0,1,0,0,0,1],8,0.10028576850891113],[[663.528076171875,222.69961547851563,159.64199829101563,1,0,0,0,1,0,0,0,1],8,0.12329864501953125],[[663.528076171875,222.69961547851563,159.64199829101563,1,0,0,0,1,0,0,0,1],8,0.13096857070922852],[[663.528076171875,222.69961547851563,159.64199829101563,1,0,0,0,1,0,0,0,1],8,0.1386399269104004],[[663.528076171875,222.69961547851563,159.64199829101563,1,0,0,0,1,0,0,0,1],8,0.1495497226715088],[[663.528076171875,222.69961547851563,159.64199829101563,1,0,0,0,1,0,0,0,1],8,0.1589500904083252],[[663.528076171875,222.69961547851563,159.64199829101563,1,0,0,0,1,0,0,0,1],8,0.16972780227661134],[[663.528076171875,222.69961547851563,159.64199829101563,1,0,0,0,1,0,0,0,1],8,0.18074274063110352],[[663.528076171875,222.69961547851563,159.64199829101563,1,0,0,0,1,0,0,0,1],8,0.1919548511505127],[[663.528076171875,222.69961547851563,159.64199829101563,1,0,0,0,1,0,0,0,1],8,0.20153331756591798],[[663.528076171875,222.69961547851563,159.64199829101563,1,0,0,0,1,0,0,0,1],8,0.21303033828735352],[[663.528076171875,222.69961547851563,159.64199829101563,1,0,0,0,1,0,0,0,1],8,0.22395038604736329],[[663.528076171875,222.69961547851563,159.64199829101563,1,0,0,0,1,0,0,0,1],8,0.23611140251159669],[[663.528076171875,222.69961547851563,159.64199829101563,1,0,0,0,1,0,0,0,1],8,0.24654579162597657],[[663.528076171875,222.69961547851563,159.64199829101563,1,0,0,0,1,0,0,0,1],8,0.26189708709716799],[[663.5209350585938,222.69961547851563,159.48052978515626,0.9999917149543762,0,0.004065272863954306,0,1,0,-0.004065272863954306,0,0.9999917149543762],8,0.2929103374481201],[[663.5062255859375,222.69961547851563,158.9510498046875,0.9999411106109619,0,0.010851671919226647,0,1,0,-0.010851671919226647,0,0.9999411106109619],8,0.3167145252227783],[[663.5068359375,222.69961547851563,158.75106811523438,0.999945878982544,0,0.010400964878499508,0,1,0,-0.010400964878499508,0,0.999945878982544],8,0.3237006664276123],[[663.5098266601563,222.69961547851563,158.61776733398438,0.9999624490737915,0,0.008668264374136925,0,1,0,-0.008668264374136925,0,0.9999624490737915],8,0.33684206008911135],[[663.5166625976563,222.69961547851563,158.4178924560547,0.9999886155128479,0,0.00477265240624547,0,1,0,-0.00477265240624547,0,0.9999886155128479],8,0.3444523811340332],[[663.5221557617188,222.69961547851563,158.28468322753907,0.9999984502792358,0,0.0017687453655526043,0,1,0,-0.0017687453655526043,0,0.9999984502792358],8,0.3529472351074219],[[663.5318603515625,222.69961547851563,158.0849151611328,0.9999948740005493,0,-0.0031940052285790445,0,1,0,0.0031940052285790445,0,0.9999948740005493],8,0.3641397953033447],[[663.5433349609375,222.69961547851563,157.88523864746095,0.9999632239341736,0,-0.008575360290706158,0,1,0,0.008575360290706158,0,0.9999632239341736],8,0.381711483001709],[[663.5553588867188,222.69961547851563,157.68560791015626,0.999903678894043,0,-0.01387819554656744,0,1,0,0.01387819554656744,0,0.999903678894043],8,0.3938307762145996],[[663.5680541992188,222.69961547851563,157.48602294921876,0.9998196959495544,0,-0.018988199532032014,0,1,0,0.018988199532032014,0,0.9998196959495544],8,0.40256452560424807],[[663.5767822265625,222.69961547851563,157.35296630859376,0.9997528791427612,0,-0.022230105474591256,0,1,0,0.022230105474591256,0,0.9997528791427612],8,0.4122581481933594],[[663.5899658203125,222.69961547851563,157.15338134765626,0.9996418356895447,0,-0.02676175907254219,0,1,0,0.02676175907254219,0,0.9996418356895447],8,0.42210984230041506],[[663.5987548828125,222.69961547851563,157.02032470703126,0.9995637536048889,0,-0.029534611850976945,0,1,0,0.029534611850976945,0,0.9995637536048889],8,0.43071699142456057],[[663.6073608398438,222.69961547851563,156.88726806640626,0.9994867444038391,0,-0.03203495591878891,0,1,0,0.03203495591878891,0,0.9994867444038391],8,0.439516544342041],[[663.619873046875,222.69961547851563,156.6876678466797,0.9993765354156494,0,-0.03530677780508995,0,1,0,0.03530677780508995,0,0.9993765354156494],8,0.45132994651794436],[[663.6279907226563,222.69961547851563,156.55458068847657,0.9993082880973816,0,-0.0371873714029789,0,1,0,0.0371873714029789,0,0.9993082880973816],8,0.46047329902648928],[[663.6390380859375,222.69961547851563,156.35487365722657,0.9992296695709229,0,-0.03924337774515152,0,1,0,0.03924337774515152,0,0.9992296695709229],8,0.47423362731933596],[[663.649169921875,222.69961547851563,156.15513610839845,0.9991745352745056,0,-0.04062267020344734,0,1,0,0.04062267020344734,0,0.9991745352745056],8,0.484804630279541],[[663.6551513671875,222.69961547851563,156.02194213867188,0.9991551637649536,0,-0.041096895933151248,0,1,0,0.041096895933151248,0,0.9991551637649536],8,0.494293212890625],[[663.6607666015625,222.69961547851563,155.88873291015626,0.9991471767425537,0,-0.04129067063331604,0,1,0,0.04129067063331604,0,0.9991471767425537],8,0.5045533180236816],[[663.6719970703125,223.56251525878907,155.622314453125,0.9991348385810852,0,-0.04158761352300644,0,1,0,0.04158761352300644,0,0.9991348385810852],3,0.5211501121520996],[[663.6823120117188,224.37091064453126,155.3558349609375,0.999144971370697,0,-0.041343528777360919,0,1,0,0.041343528777360919,0,0.999144971370697],5,0.5453789234161377],[[663.6939697265625,225.3047637939453,155.02273559570313,0.9991849660873413,0,-0.040365368127822879,0,1,0,0.040365368127822879,0,0.9991849660873413],5,0.5534195899963379],[[663.6961669921875,225.4813232421875,154.9561004638672,0.9991944432258606,0,-0.04013010114431381,0,1,0,0.04013010114431381,0,0.9991944432258606],5,0.5614874362945557],[[663.7005615234375,225.82420349121095,154.8228302001953,0.9992137551307678,0,-0.03964639827609062,0,1,0,0.03964639827609062,0,0.9992137551307678],5,0.5713322162628174],[[663.7071533203125,226.31298828125,154.6229248046875,0.9992415904998779,0,-0.03893878310918808,0,1,0,0.03893878310918808,0,0.9992415904998779],5,0.5800600051879883],[[663.7113647460938,226.62181091308595,154.48965454101563,0.9992610216140747,0,-0.03843660652637482,0,1,0,0.03843660652637482,0,0.9992610216140747],5,0.5911877155303955],[[663.71533203125,226.91700744628907,154.35638427734376,0.9992826581001282,0,-0.037870194762945178,0,1,0,0.037870194762945178,0,0.9992826581001282],5,0.5995795726776123],[[663.71923828125,227.19857788085938,154.22311401367188,0.9993044137954712,0,-0.037292174994945529,0,1,0,0.037292174994945529,0,0.9993044137954712],5,0.6092064380645752],[[663.73095703125,227.9615478515625,153.82330322265626,0.9993643164634705,0,-0.03565015643835068,0,1,0,0.03565015643835068,0,0.9993643164634705],5,0.6292304992675781],[[663.7346801757813,228.18861389160157,153.69003295898438,0.9993835687637329,0,-0.035107146948575976,0,1,0,0.035107146948575976,0,0.9993835687637329],5,0.6387653350830078],[[663.7401733398438,228.50367736816407,153.49012756347657,0.9994107484817505,0,-0.03432390093803406,0,1,0,0.03432390093803406,0,0.9994107484817505],5,0.6499602794647217],[[663.741943359375,228.6018829345703,153.42347717285157,0.9994199872016907,0,-0.03405385836958885,0,1,0,0.03405385836958885,0,0.9994199872016907],5,0.6563849449157715],[[663.745361328125,228.7880859375,153.29017639160157,0.9994385242462158,0,-0.03350542113184929,0,1,0,0.03350542113184929,0,0.9994385242462158],5,0.6670379638671875],[[663.75048828125,229.0418243408203,153.09022521972657,0.9994649291038513,0,-0.03270929679274559,0,1,0,0.03270929679274559,0,0.9994649291038513],5,0.6777260303497315],[[663.75390625,229.1939697265625,152.95692443847657,0.9994809031486511,0,-0.03221592679619789,0,1,0,0.03221592679619789,0,0.9994809031486511],5,0.6871137619018555],[[663.75732421875,229.3324737548828,152.82362365722657,0.9994955658912659,0,-0.031758300960063937,0,1,0,0.031758300960063937,0,0.9994955658912659],5,0.6949284076690674],[[663.762451171875,229.5146942138672,152.62367248535157,0.9995154142379761,0,-0.031127093359827997,0,1,0,0.031127093359827997,0,0.9995154142379761],5,0.7068881988525391],[[663.767578125,229.666259765625,152.42372131347657,0.9995329976081848,0,-0.030557194724678994,0,1,0,0.030557194724678994,0,0.9995329976081848],5,0.7201030254364014],[[663.772705078125,229.7871551513672,152.22377014160157,0.9995484948158264,0,-0.030046336352825166,0,1,0,0.030046336352825166,0,0.9995484948158264],5,0.7305412292480469],[[663.7775268554688,229.87741088867188,152.02381896972657,0.9995653629302979,0,-0.029479777440428735,0,1,0,0.029479777440428735,0,0.9995653629302979],5,0.7428233623504639],[[663.7820434570313,229.93701171875,151.82386779785157,0.9995850324630737,0,-0.028806598857045175,0,1,0,0.028806598857045175,0,0.9995850324630737],5,0.7594397068023682],[[663.7879028320313,229.96878051757813,151.55726623535157,0.9996103644371033,0,-0.02791280299425125,0,1,0,0.02791280299425125,0,0.9996103644371033],5,0.7891311645507813],[[663.7966918945313,229.91424560546876,151.15736389160157,0.9996426105499268,0,-0.026732755824923517,0,1,0,0.026732755824923517,0,0.9996426105499268],5,0.8068923950195313],[[663.8054809570313,229.73709106445313,150.75746154785157,0.999667763710022,0,-0.025775788351893426,0,1,0,0.025775788351893426,0,0.999667763710022],5,0.8216397762298584],[[663.806884765625,229.69564819335938,150.69081115722657,0.9996719360351563,0,-0.025613464415073396,0,1,0,0.025613464415073396,0,0.9996719360351563],5,0.8278064727783203],[[663.8096313476563,229.60252380371095,150.55751037597657,0.9996804594993591,0,-0.025279207155108453,0,1,0,0.025279207155108453,0,0.9996804594993591],5,0.8372113704681397],[[663.8136596679688,229.43731689453126,150.35755920410157,0.9996926784515381,0,-0.02478986606001854,0,1,0,0.02478986606001854,0,0.9996926784515381],5,0.8475522994995117],[[663.8162231445313,229.3101348876953,150.22425842285157,0.999701738357544,0,-0.02442319132387638,0,1,0,0.02442319132387638,0,0.999701738357544],5,0.8550448417663574],[[663.8199462890625,229.0938262939453,150.02430725097657,0.9997153878211975,0,-0.023855583742260934,0,1,0,0.023855583742260934,0,0.9997153878211975],5,0.8701267242431641],[[663.8236083984375,228.84686279296876,149.82435607910157,0.9997280240058899,0,-0.023322122171521188,0,1,0,0.023322122171521188,0,0.9997280240058899],5,0.8798050880432129],[[663.8260498046875,228.66517639160157,149.69105529785157,0.9997355341911316,0,-0.022996045649051667,0,1,0,0.022996045649051667,0,0.9997355341911316],5,0.8897018432617188],[[663.8284912109375,228.46987915039063,149.55775451660157,0.9997424483299255,0,-0.022694595158100129,0,1,0,0.022694595158100129,0,0.9997424483299255],5,0.8998880386352539],[[663.8309326171875,228.2609405517578,149.42445373535157,0.9997487664222717,0,-0.02241501398384571,0,1,0,0.02241501398384571,0,0.9997487664222717],5,0.9087789058685303],[[663.8345947265625,227.92201232910157,149.22450256347657,0.9997573494911194,0,-0.02202950417995453,0,1,0,0.02202950417995453,0,0.9997573494911194],5,0.9199304580688477],[[663.8370361328125,227.67901611328126,149.09120178222657,0.9997624754905701,0,-0.021794769912958146,0,1,0,0.021794769912958146,0,0.9997624754905701],5,0.9293408393859863],[[663.8406982421875,227.2889862060547,148.89125061035157,0.9997694492340088,0,-0.021473336964845659,0,1,0,0.021473336964845659,0,0.9997694492340088],5,0.9409120082855225],[[663.8443603515625,226.86830139160157,148.69129943847657,0.9997755885124207,0,-0.021183989942073823,0,1,0,0.021183989942073823,0,0.9997755885124207],5,0.9532182216644287],[[663.8480224609375,226.4169464111328,148.49134826660157,0.99978107213974,0,-0.020924745127558709,0,1,0,0.020924745127558709,0,0.99978107213974],5,0.9634706974029541],[[663.8504638671875,226.09902954101563,148.35804748535157,0.9997842907905579,0,-0.020768143236637117,0,1,0,0.020768143236637117,0,0.9997842907905579],5,0.9744722843170166],[[663.8541259765625,225.59658813476563,148.15809631347657,0.999788761138916,0,-0.020554164424538614,0,1,0,0.020554164424538614,0,0.999788761138916],5,0.9861857891082764],[[663.8587036132813,225.06349182128907,147.95814514160157,0.9997859597206116,0,-0.02068946696817875,0,1,0,0.02068946696817875,0,0.9997859597206116],5,1.000885009765625],[[663.864013671875,224.49974060058595,147.7582244873047,0.999775230884552,0,-0.021199719980359079,0,1,0,0.021199719980359079,0,0.999775230884552],5,1.0119764804840088],[[663.86962890625,224.39100646972657,147.5645751953125,0.9997597336769104,0,-0.02192039042711258,0,1,0,0.02192039042711258,0,0.9997597336769104],7,1.0251307487487794],[[663.8758544921875,224.38526916503907,147.36880493164063,0.9997382760047913,0,-0.022877981886267663,0,1,0,0.022877981886267663,0,0.9997382760047913],7,1.036431074142456],[[663.882568359375,224.3849639892578,147.17234802246095,0.9997124075889587,0,-0.023980403319001199,0,1,0,0.023980403319001199,0,0.9997124075889587],7,1.0475616455078126],[[663.8875122070313,224.38494873046876,147.04010009765626,0.9996917247772217,0,-0.02482772059738636,0,1,0,0.02482772059738636,0,0.9996917247772217],7,1.0584025382995606],[[663.8955688476563,224.31655883789063,146.84115600585938,0.9996526837348938,0,-0.026353245601058008,0,1,0,0.026353245601058008,0,0.9996526837348938],8,1.0739731788635255],[[663.9073486328125,224.1678009033203,146.57492065429688,0.9995875954627991,0,-0.02871619164943695,0,1,0,0.02871619164943695,0,0.9995875954627991],8,1.0839145183563233],[[663.9135131835938,224.07298278808595,146.44174194335938,0.9995522499084473,0,-0.02992115542292595,0,1,0,0.02992115542292595,0,0.9995522499084473],8,1.0933563709259034],[[663.9202270507813,223.96453857421876,146.30857849121095,0.9995111227035523,0,-0.031264688819646838,0,1,0,0.031264688819646838,0,0.9995111227035523],8,1.101797342300415],[[663.9306030273438,223.77633666992188,146.10885620117188,0.9994444847106934,0,-0.03332724794745445,0,1,0,0.03332724794745445,0,0.9994444847106934],8,1.114764928817749],[[663.9451904296875,223.64605712890626,145.8426055908203,0.9993442893028259,0,-0.03620826080441475,0,1,0,0.03620826080441475,0,0.9993442893028259],8,1.1290161609649659],[[663.9529418945313,223.6471710205078,145.70948791503907,0.9992892742156982,0,-0.03769488260149956,0,1,0,0.03769488260149956,0,0.9992892742156982],8,1.139737844467163],[[663.9609375,223.65579223632813,145.57640075683595,0.9992311000823975,0,-0.03920654207468033,0,1,0,0.03920654207468033,0,0.9992311000823975],8,1.150352954864502],[[663.9733276367188,223.6695556640625,145.37677001953126,0.9991382360458374,0,-0.04150628298521042,0,1,0,0.04150628298521042,0,0.9991382360458374],8,1.1604304313659669],[[663.9818115234375,223.67694091796876,145.24371337890626,0.9990739226341248,0,-0.04302724450826645,0,1,0,0.04302724450826645,0,0.9990739226341248],8,1.171496868133545],[[663.9949340820313,223.68502807617188,145.04412841796876,0.9989731311798096,0,-0.04530675336718559,0,1,0,0.04530675336718559,0,0.9989731311798096],8,1.1809797286987305],[[664.0084228515625,223.69033813476563,144.84458923339845,0.9988686442375183,0,-0.047554392367601398,0,1,0,0.047554392367601398,0,0.9988686442375183],8,1.1927001476287842],[[664.022216796875,223.69375610351563,144.64505004882813,0.9987614750862122,0,-0.04975447431206703,0,1,0,0.04975447431206703,0,0.9987614750862122],8,1.2081780433654786],[[664.0316162109375,223.6953125,144.51205444335938,0.9986887574195862,0,-0.05119318887591362,0,1,0,0.05119318887591362,0,0.9986887574195862],8,1.2189152240753174],[[664.0458984375,223.69691467285157,144.31256103515626,0.9985816478729248,0,-0.053241629153490069,0,1,0,0.053241629153490069,0,0.9985816478729248],8,1.22922945022583],[[664.0603637695313,223.69793701171876,144.1130828857422,0.99847412109375,0,-0.055222008377313617,0,1,0,0.055222008377313617,0,0.99847412109375],8,1.2409007549285889],[[664.079833984375,223.69873046875,143.84715270996095,0.998336672782898,0,-0.05765349045395851,0,1,0,0.05765349045395851,0,0.998336672782898],8,1.2542181015014649],[[664.089599609375,223.69898986816407,143.7141876220703,0.9982729554176331,0,-0.05874580517411232,0,1,0,0.05874580517411232,0,0.9982729554176331],8,1.2641856670379639],[[664.1044311523438,223.6992645263672,143.51473999023438,0.9981781244277954,0,-0.060335639864206317,0,1,0,0.060335639864206317,0,0.9981781244277954],8,1.2772107124328614],[[664.1145629882813,223.69937133789063,143.3817901611328,0.9981134533882141,0,-0.06139606237411499,0,1,0,0.06139606237411499,0,0.9981134533882141],8,1.2877678871154786],[[664.1297607421875,223.69949340820313,143.18238830566407,0.9980183839797974,0,-0.06292342394590378,0,1,0,0.06292342394590378,0,0.9980183839797974],8,1.2973003387451172],[[664.139892578125,223.69955444335938,143.04945373535157,0.9979584217071533,0,-0.06386735290288925,0,1,0,0.06386735290288925,0,0.9979584217071533],8,1.3079581260681153],[[664.1652221679688,223.6996307373047,142.7171173095703,0.9978194236755371,0,-0.06600289791822434,0,1,0,0.06600289791822434,0,0.9978194236755371],8,1.3277440071105958],[[664.1741943359375,223.69964599609376,142.58407592773438,0.9977984428405762,0,-0.06631909310817719,0,1,0,0.06631909310817719,0,0.9977984428405762],8,1.3345465660095215],[[664.1824340820313,223.69964599609376,142.4510040283203,0.9978060126304627,0,-0.06620565056800842,0,1,0,0.06620565056800842,0,0.9978060126304627],8,1.343271255493164],[[664.1904907226563,223.69964599609376,142.3179168701172,0.9978249669075012,0,-0.06591936945915222,0,1,0,0.06591936945915222,0,0.9978249669075012],8,1.353086233139038],[[664.1985473632813,223.69117736816407,142.1852264404297,0.9978469610214233,0,-0.06558550894260407,0,1,0,0.06558550894260407,0,0.9978469610214233],8,1.3617618083953858],[[664.2146606445313,223.66754150390626,141.92013549804688,0.9978907108306885,0,-0.06491606682538986,0,1,0,0.06491606682538986,0,0.9978907108306885],8,1.3776049613952637],[[664.2265625,223.62899780273438,141.72340393066407,0.9979203939437866,0,-0.06445857137441635,0,1,0,0.06445857137441635,0,0.9979203939437866],8,1.3890166282653809],[[664.2344970703125,223.59432983398438,141.59254455566407,0.9979381561279297,0,-0.06418279558420181,0,1,0,0.06418279558420181,0,0.9979381561279297],8,1.3996541500091553],[[664.2423095703125,223.5593719482422,141.46385192871095,0.9979544281959534,0,-0.06392893195152283,0,1,0,0.06392893195152283,0,0.9979544281959534],8,1.4086558818817139],[[664.2579345703125,223.48146057128907,141.2078094482422,0.9979839324951172,0,-0.06346724182367325,0,1,0,0.06346724182367325,0,0.9979839324951172],8,1.4212863445281983],[[664.2655029296875,223.43426513671876,141.08279418945313,0.9979971051216126,0,-0.06326005607843399,0,1,0,0.06326005607843399,0,0.9979971051216126],8,1.4301848411560059],[[664.2730712890625,223.3734588623047,140.9586639404297,0.9980090856552124,0,-0.0630706399679184,0,1,0,0.0630706399679184,0,0.9980090856552124],8,1.4376578330993653],[[664.27685546875,223.34628295898438,140.8966522216797,0.9980146884918213,0,-0.06298190355300904,0,1,0,0.06298190355300904,0,0.9980146884918213],8,1.4464995861053467],[[664.2882080078125,223.2719268798828,140.71066284179688,0.9980303645133972,0,-0.06273287534713745,0,1,0,0.06273287534713745,0,0.9980303645133972],8,1.455583095550537],[[664.2955322265625,223.21295166015626,140.59031677246095,0.9980399012565613,0,-0.06258095800876618,0,1,0,0.06258095800876618,0,0.9980399012565613],8,1.4675755500793458],[[664.3063354492188,223.11630249023438,140.4114990234375,0.9980529546737671,0,-0.06237272918224335,0,1,0,0.06237272918224335,0,0.9980529546737671],8,1.4772109985351563],[[664.3135375976563,223.09930419921876,140.2924041748047,0.9980608224868774,0,-0.0622461773455143,0,1,0,0.0622461773455143,0,0.9980608224868774],8,1.4879300594329835],[[664.3243408203125,223.09434509277345,140.11378479003907,0.9980716109275818,0,-0.06207292154431343,0,1,0,0.06207292154431343,0,0.9980716109275818],8,1.4987354278564454],[[664.3387451171875,223.96746826171876,139.87562561035157,0.998085618019104,0,-0.061847053468227389,0,1,0,0.061847053468227389,0,0.998085618019104],3,1.5192663669586182],[[664.3584594726563,224.98648071289063,139.55064392089845,0.9981670379638672,0,-0.060519225895404819,0,1,0,0.060519225895404819,0,0.9981670379638672],5,1.548567295074463],[[664.3826293945313,226.09689331054688,139.1514434814453,0.9981628656387329,0,-0.06058775261044502,0,1,0,0.06058775261044502,0,0.9981628656387329],5,1.5681159496307374],[[664.3987426757813,226.76904296875,138.88526916503907,0.998162567615509,0,-0.06059267744421959,0,1,0,0.06059267744421959,0,0.998162567615509],5,1.5747478008270264],[[664.4027709960938,226.92855834960938,138.8187255859375,0.998162567615509,0,-0.060592856258153918,0,1,0,0.060592856258153918,0,0.998162567615509],5,1.580531120300293],[[664.4108276367188,227.2373809814453,138.68563842773438,0.998162567615509,0,-0.060592856258153918,0,1,0,0.060592856258153918,0,0.998162567615509],5,1.5898504257202149],[[664.4188842773438,227.53257751464845,138.55255126953126,0.998162567615509,0,-0.06059286370873451,0,1,0,0.06059286370873451,0,0.998162567615509],5,1.598738431930542],[[664.4309692382813,227.9498291015625,138.35292053222657,0.998162567615509,0,-0.06059286743402481,0,1,0,0.06059286743402481,0,0.998162567615509],5,1.6111340522766114],[[664.4430541992188,228.33641052246095,138.15328979492188,0.998162567615509,0,-0.06059286743402481,0,1,0,0.06059286743402481,0,0.998162567615509],5,1.6253228187561036],[[664.4551391601563,228.69235229492188,137.9536590576172,0.998162567615509,0,-0.06059286743402481,0,1,0,0.06059286743402481,0,0.998162567615509],5,1.6353182792663575],[[664.4672241210938,229.01763916015626,137.7540283203125,0.998162567615509,0,-0.06059286743402481,0,1,0,0.06059286743402481,0,0.998162567615509],5,1.6484341621398926],[[664.4873657226563,229.49163818359376,137.4213104248047,0.9983436465263367,0,-0.057532306760549548,0,1,0,0.057532306760549548,0,0.9983436465263367],5,1.6820886135101319],[[664.5103149414063,229.9480438232422,137.02195739746095,0.9986807107925415,0,-0.05135006085038185,0,1,0,0.05135006085038185,0,0.9986807107925415],5,1.7043533325195313],[[664.5239868164063,230.18418884277345,136.75564575195313,0.9987289905548096,0,-0.05040282756090164,0,1,0,0.05040282756090164,0,0.9987289905548096],5,1.7118456363677979],[[664.5340576171875,230.32553100585938,136.55587768554688,0.9987416863441467,0,-0.050150614231824878,0,1,0,0.050150614231824878,0,0.9987416863441467],5,1.7297258377075196],[[664.5441284179688,230.43621826171876,136.35610961914063,0.9987428784370422,0,-0.05012694373726845,0,1,0,0.05012694373726845,0,0.9987428784370422],5,1.7358205318450928],[[664.5508422851563,230.49298095703126,136.22293090820313,0.9987431168556213,0,-0.05012204498052597,0,1,0,0.05012204498052597,0,0.9987431168556213],5,1.7472069263458253],[[664.5609130859375,230.55258178710938,136.02316284179688,0.9987431168556213,0,-0.050121478736400607,0,1,0,0.050121478736400607,0,0.9987431168556213],5,1.7585868835449219],[[664.567626953125,230.5752716064453,135.88998413085938,0.9987431168556213,0,-0.05012115091085434,0,1,0,0.05012115091085434,0,0.9987431168556213],5,1.765211582183838],[[664.5743408203125,230.5843505859375,135.75680541992188,0.9987431764602661,0,-0.05012110620737076,0,1,0,0.05012110620737076,0,0.9987431764602661],5,1.772334337234497],[[664.5844116210938,230.57240295410157,135.55703735351563,0.9987431764602661,0,-0.050121091306209567,0,1,0,0.050121091306209567,0,0.9987431764602661],5,1.784067153930664],[[664.5911254882813,230.54742431640626,135.42385864257813,0.9987431764602661,0,-0.050121087580919269,0,1,0,0.050121087580919269,0,0.9987431764602661],5,1.7943882942199708],[[664.5978393554688,230.50880432128907,135.29067993164063,0.9987431764602661,0,-0.050121087580919269,0,1,0,0.050121087580919269,0,0.9987431764602661],5,1.8038244247436524],[[664.60791015625,230.4253387451172,135.09091186523438,0.9987431764602661,0,-0.050121087580919269,0,1,0,0.050121087580919269,0,0.9987431764602661],5,1.817164659500122],[[664.6280517578125,230.1664276123047,134.69137573242188,0.9988161325454712,0,-0.0486454963684082,0,1,0,0.0486454963684082,0,0.9988161325454712],5,1.8405425548553467],[[664.6378173828125,229.99099731445313,134.49160766601563,0.9989040493965149,0,-0.046804748475551608,0,1,0,0.046804748475551608,0,0.9989040493965149],5,1.8599011898040772],[[664.6503295898438,229.7093963623047,134.22525024414063,0.9996165633201599,0,-0.02768968604505062,0,1,0,0.02768968604505062,0,0.9996165633201599],5,1.8678102493286133],[[664.6580200195313,229.373291015625,133.95870971679688,0.9998564124107361,0,-0.01694570854306221,0,1,0,0.01694570854306221,0,0.9998564124107361],5,1.888307809829712],[[664.6614379882813,229.08544921875,133.7587432861328,0.9998802542686462,0,0.0154768917709589,0,1,0,-0.0154768917709589,0,0.9998802542686462],5,1.8963828086853028],[[664.6602172851563,228.8765106201172,133.6254425048828,0.9991732239723206,0,0.040655385702848437,0,1,0,-0.040655385702848437,0,0.9991732239723206],5,1.9041154384613038],[[664.6715698242188,228.53758239746095,133.43080139160157,0.9982339143753052,0,0.05940602719783783,0,1,0,-0.05940602719783783,0,0.9982339143753052],5,1.9197838306427003],[[664.7039184570313,228.16798400878907,133.24351501464845,0.9962597489356995,0,0.086408831179142,0,1,0,-0.086408831179142,0,0.9962597489356995],5,1.9395160675048829],[[664.7803344726563,227.62750244140626,133.00384521484376,0.9753544926643372,0,0.22064366936683656,0,1,0,-0.22064366936683656,0,0.9753544926643372],5,1.945228099822998],[[664.805419921875,227.48387145996095,132.94436645507813,0.9507014155387878,0,0.3101077973842621,0,1,0,-0.3101077973842621,0,0.9507014155387878],5,1.9511444568634034],[[664.8605346679688,227.18637084960938,132.82420349121095,0.9382082223892212,0,0.34607136249542239,0,1,0,-0.34607136249542239,0,0.9382082223892212],5,1.9619815349578858],[[664.9111938476563,226.87525939941407,132.7010955810547,0.9136452078819275,0,0.40651246905326846,0,1,0,-0.40651246905326846,0,0.9136452078819275],5,1.9703106880187989],[[664.9755859375,226.38304138183595,132.51190185546876,0.8755260705947876,0,0.48317092657089236,0,1,0,-0.48317092657089236,0,0.8755260705947876],5,1.9817450046539307],[[665.0235595703125,225.86016845703126,132.31814575195313,0.8476439118385315,0,0.5305655598640442,0,1,0,-0.5305655598640442,0,0.8476439118385315],5,1.9949464797973633],[[665.0548095703125,225.306640625,132.12074279785157,0.7954933643341065,0,0.6059622764587402,0,1,0,-0.6059622764587402,0,0.7954933643341065],5,2.022409439086914],[[665.0765991210938,225.1942138671875,131.7462158203125,0.6682483553886414,0,0.7439382672309876,0,1,0,-0.7439382672309876,0,0.6682483553886414],7,2.034264326095581],[[665.1561889648438,225.19390869140626,131.58267211914063,0.5946114659309387,0,0.804013192653656,0,1,0,-0.804013192653656,0,0.5946114659309387],7,2.0451316833496095],[[665.2727661132813,225.12550354003907,131.42489624023438,0.5678167939186096,0,0.8231549859046936,0,1,0,-0.8231549859046936,0,0.5678167939186096],8,2.064333915710449],[[665.4246826171875,224.9767303466797,131.20716857910157,0.5152955055236816,0,0.8570125699043274,0,1,0,-0.8570125699043274,0,0.5152955055236816],8,2.07175612449646],[[665.4603271484375,224.93101501464845,131.1509552001953,0.492756187915802,0,0.8701674342155457,0,1,0,-0.8701674342155457,0,0.492756187915802],8,2.0788607597351076],[[665.5604858398438,224.77345275878907,130.9779510498047,0.47133395075798037,0,0.8819547891616821,0,1,0,-0.8819547891616821,0,0.47133395075798037],8,2.087768793106079],[[665.6241455078125,224.67343139648438,130.86080932617188,0.45119285583496096,0,0.8924264907836914,0,1,0,-0.8924264907836914,0,0.45119285583496096],8,2.0960497856140138],[[665.68505859375,224.6439971923828,130.74224853515626,0.41180306673049929,0,0.9112728834152222,0,1,0,-0.9112728834152222,0,0.41180306673049929],8,2.1075234413146974],[[665.7413940429688,224.64414978027345,130.62144470214845,0.39100411534309389,0,0.92038893699646,0,1,0,-0.92038893699646,0,0.39100411534309389],8,2.118293523788452],[[665.8206176757813,224.65802001953126,130.4378204345703,0.3716284930706024,0,0.9283815026283264,0,1,0,-0.9283815026283264,0,0.3716284930706024],8,2.128749370574951],[[665.9204711914063,224.6753692626953,130.1905975341797,0.35208988189697268,0,0.9359661936759949,0,1,0,-0.9359661936759949,0,0.35208988189697268],8,2.1414098739624025],[[665.9681396484375,224.6815185546875,130.06605529785157,0.3142148554325104,0,0.9493519067764282,0,1,0,-0.9493519067764282,0,0.3142148554325104],8,2.152796983718872],[[666.0325317382813,224.6880645751953,129.87673950195313,0.29591721296310427,0,0.9552136063575745,0,1,0,-0.9552136063575745,0,0.29591721296310427],8,2.1624903678894045],[[666.0726928710938,224.6910858154297,129.74960327148438,0.26237326860427859,0,0.9649664759635925,0,1,0,-0.9649664759635925,0,0.26237326860427859],8,2.175806760787964],[[666.1265258789063,224.69422912597657,129.55702209472657,0.2437872588634491,0,0.969828724861145,0,1,0,-0.969828724861145,0,0.2437872588634491],8,2.1869957447052],[[666.176025390625,224.6962127685547,129.36326599121095,0.20634640753269196,0,0.9784790277481079,0,1,0,-0.9784790277481079,0,0.20634640753269196],8,2.1970431804656984],[[666.204833984375,224.69712829589845,129.2331085205078,0.18750999867916108,0,0.9822626709938049,0,1,0,-0.9822626709938049,0,0.18750999867916108],8,2.2078163623809816],[[666.230712890625,224.6977996826172,129.10232543945313,0.18751151859760285,0,0.9822624325752258,0,1,0,-0.9822624325752258,0,0.18751151859760285],8,2.2165184020996095],[[666.2808227539063,224.6986541748047,128.84042358398438,0.1513623297214508,0,0.9884783625602722,0,1,0,-0.9884783625602722,0,0.1513623297214508],8,2.235583782196045],[[666.3225708007813,224.69912719726563,128.5770721435547,0.10459227114915848,0,0.9945151805877686,0,1,0,-0.9945151805877686,0,0.10459227114915848],8,2.246060371398926],[[666.3381958007813,224.6992645263672,128.44468688964845,0.08894561231136322,0,0.9960364699363709,0,1,0,-0.9960364699363709,0,0.08894561231136322],8,2.256030559539795],[[666.350830078125,224.69937133789063,128.3119659423828,0.07501953095197678,0,0.9971820712089539,0,1,0,-0.9971820712089539,0,0.07501953095197678],8,2.2651984691619875],[[666.3665161132813,224.69949340820313,128.1125946044922,0.04886935278773308,0,0.9988051652908325,0,1,0,-0.9988051652908325,0,0.04886935278773308],8,2.2768094539642336],[[666.3773193359375,224.69956970214845,127.91289520263672,0.03490789979696274,0,0.9993905425071716,0,1,0,-0.9993905425071716,0,0.03490789979696274],8,2.291041374206543],[[666.3824462890625,224.69960021972657,127.7796630859375,0.010460447520017624,0,0.9999452829360962,0,1,0,-0.9999452829360962,0,0.010460447520017624],8,2.3003039360046388],[[666.3855590820313,224.69964599609376,127.57969665527344,-0.0017666583880782128,0,0.9999984502792358,0,1,0,-0.9999984502792358,0,-0.0017666583880782128],8,2.310619592666626],[[666.3857421875,224.69964599609376,127.37969970703125,-0.0122469961643219,0,0.9999250173568726,0,1,0,-0.9999250173568726,0,-0.0122469961643219],8,2.3216564655303957],[[666.382080078125,224.69964599609376,127.04638671875,-0.03843800723552704,0,0.9992609620094299,0,1,0,-0.9992609620094299,0,-0.03843800723552704],8,2.344038963317871],[[666.3778686523438,224.69964599609376,126.91313171386719,-0.04541858658194542,0,0.9989680647850037,0,1,0,-0.9989680647850037,0,-0.04541858658194542],8,2.352673292160034],[[666.3721923828125,224.69964599609376,126.77992248535156,-0.05239623412489891,0,0.9986263513565064,0,1,0,-0.9986263513565064,0,-0.05239623412489891],8,2.360978841781616],[[666.3619995117188,224.69964599609376,126.58018493652344,-0.05588429793715477,0,0.998437225818634,0,1,0,-0.998437225818634,0,-0.05588429793715477],8,2.374995470046997],[[666.3472900390625,224.69964599609376,126.31391906738281,-0.06460192054510117,0,0.9979110956192017,0,1,0,-0.9979110956192017,0,-0.06460192054510117],8,2.3874640464782717],[[666.3389892578125,224.69964599609376,126.18083953857422,-0.06808765232563019,0,0.9976793527603149,0,1,0,-0.9976793527603149,0,-0.06808765232563019],8,2.3965699672698976],[[666.3345947265625,224.69964599609376,126.11431884765625,-0.06808681786060333,0,0.9976794123649597,0,1,0,-0.9976794123649597,0,-0.06808681786060333],8,2.4048843383789064],[[666.321044921875,224.69964599609376,125.91477966308594,-0.06808681786060333,0,0.9976794123649597,0,1,0,-0.9976794123649597,0,-0.06808681786060333],8,2.4138107299804689],[[666.31201171875,224.69964599609376,125.78175354003906,-0.06808836758136749,0,0.9976792931556702,0,1,0,-0.9976792931556702,0,-0.06808836758136749],8,2.422072172164917],[[666.302978515625,224.69964599609376,125.64872741699219,-0.06808824837207794,0,0.9976792931556702,0,1,0,-0.9976792931556702,0,-0.06808824837207794],8,2.4318158626556398],[[666.2850952148438,224.66778564453126,125.38652038574219,-0.06808717548847199,0,0.9976793527603149,0,1,0,-0.9976793527603149,0,-0.06808717548847199],8,2.447011709213257],[[666.272705078125,224.6129913330078,125.2046127319336,-0.06808705627918244,0,0.9976794123649597,0,1,0,-0.9976794123649597,0,-0.06808705627918244],8,2.4742143154144289],[[666.2481689453125,224.41143798828126,124.84732818603516,-0.06808646023273468,0,0.9976794123649597,0,1,0,-0.9976794123649597,0,-0.06808646023273468],8,2.485342502593994],[[666.2359008789063,224.26467895507813,124.66877746582031,-0.06808646023273468,0,0.9976794123649597,0,1,0,-0.9976794123649597,0,-0.06808646023273468],8,2.504988431930542],[[666.2195434570313,224.1182098388672,124.43070983886719,-0.06808646023273468,0,0.9976794123649597,0,1,0,-0.9976794123649597,0,-0.06808646023273468],8,2.5138535499572756],[[666.207275390625,224.77731323242188,124.25215911865235,-0.06808646023273468,0,0.9976794123649597,0,1,0,-0.9976794123649597,0,-0.06808646023273468],3,2.5385971069335939],[[666.1851196289063,225.8133544921875,123.92731475830078,0.06192904710769653,0,0.9980805516242981,0,1,0,-0.9980805516242981,0,0.06192904710769653],5,2.557464361190796],[[666.1685180664063,226.58087158203126,123.6612319946289,0.07798783481121063,0,0.9969543218612671,0,1,0,-0.9969543218612671,0,0.07798783481121063],5,2.5629658699035646],[[666.1611938476563,226.94419860839845,123.52810668945313,0.019212398678064348,0,0.9998154044151306,0,1,0,-0.9998154044151306,0,0.019212398678064348],5,2.5719492435455324],[[666.1546630859375,227.2938995361328,123.39493560791016,0.02286379784345627,0,0.9997385740280151,0,1,0,-0.9997385740280151,0,0.02286379784345627],5,2.583798885345459],[[666.145751953125,227.79290771484376,123.19512939453125,0.05968734994530678,0,0.9982171058654785,0,1,0,-0.9982171058654785,0,0.05968734994530678],5,2.5915400981903078],[[666.1430053710938,227.95242309570313,123.1285171508789,-0.00687934085726738,0,0.9999763369560242,0,1,0,-0.9999763369560242,0,-0.00687934085726738],5,2.599489212036133],[[666.1349487304688,228.41055297851563,122.92868041992188,0.06320357322692871,0,0.9980006814002991,0,1,0,-0.9980006814002991,0,0.06320357322692871],5,2.6099493503570558],[[666.1298828125,228.6989288330078,122.79544067382813,0.0316748321056366,0,0.9994982481002808,0,1,0,-0.9994982481002808,0,0.0316748321056366],5,2.6201930046081545],[[666.1181640625,229.3602752685547,122.4623031616211,0.13644327223300935,0,0.9906479120254517,0,1,0,-0.9906479120254517,0,0.13644327223300935],5,2.6382646560668947],[[666.1160278320313,229.48233032226563,122.39566802978516,0.0036055385135114195,0,0.9999935030937195,0,1,0,-0.9999935030937195,0,0.0036055385135114195],5,2.644723892211914],[[666.1099853515625,229.8280487060547,122.19576263427735,0.07018029689788819,0,0.9975343346595764,0,1,0,-0.9975343346595764,0,0.07018029689788819],5,2.654282808303833],[[666.1080322265625,229.9364776611328,122.1291275024414,0.003605511039495468,0,0.9999935030937195,0,1,0,-0.9999935030937195,0,0.003605511039495468],5,2.6616721153259279],[[666.1021728515625,230.24131774902345,121.9292221069336,0.07018027454614639,0,0.9975343346595764,0,1,0,-0.9975343346595764,0,0.07018027454614639],5,2.6721267700195314],[[666.0982666015625,230.42752075195313,121.79595184326172,0.03691335767507553,0,0.9993184804916382,0,1,0,-0.9993184804916382,0,0.03691335767507553],5,2.6813364028930666],[[666.0943603515625,230.60008239746095,121.66268157958985,0.03691345453262329,0,0.9993184804916382,0,1,0,-0.9993184804916382,0,0.03691345453262329],5,2.691161870956421],[[666.0885009765625,230.83340454101563,121.46277618408203,0.07018032670021057,0,0.9975343346595764,0,1,0,-0.9975343346595764,0,0.07018032670021057],5,2.70259165763855],[[666.0826416015625,231.0360565185547,121.26287078857422,0.07018030434846878,0,0.9975343346595764,0,1,0,-0.9975343346595764,0,0.07018030434846878],5,2.714414596557617],[[666.0787353515625,231.1541290283203,121.12960052490235,0.03691338747739792,0,0.9993184804916382,0,1,0,-0.9993184804916382,0,0.03691338747739792],5,2.723822832107544],[[666.0728759765625,231.30569458007813,120.92969512939453,0.0701802670955658,0,0.9975343346595764,0,1,0,-0.9975343346595764,0,0.0701802670955658],5,2.736764669418335],[[666.0689697265625,231.3896942138672,120.79642486572266,0.036913469433784488,0,0.9993184804916382,0,1,0,-0.9993184804916382,0,0.036913469433784488],5,2.7455482482910158],[[666.0631103515625,231.49017333984376,120.59651947021485,0.07018034160137177,0,0.9975343346595764,0,1,0,-0.9975343346595764,0,0.07018034160137177],5,2.7565994262695314],[[666.0592041015625,231.5401153564453,120.46324920654297,0.0369134247303009,0,0.9993184804916382,0,1,0,-0.9993184804916382,0,0.0369134247303009],5,2.767791748046875],[[666.0513916015625,231.59913635253907,120.19670867919922,0.16936646401882173,0,0.9855531454086304,0,1,0,-0.9855531454086304,0,0.16936646401882173],5,2.7841999530792238],[[666.0416259765625,231.5962677001953,119.86353302001953,0.33043840527534487,0,0.9438275694847107,0,1,0,-0.9438275694847107,0,0.33043840527534487],5,2.8129358291625978],[[666.0318603515625,231.5082550048828,119.53035736083985,0.4823620915412903,0,0.8759719133377075,0,1,0,-0.8759719133377075,0,0.4823620915412903],5,2.8308093547821047],[[666.0220947265625,231.3350830078125,119.19718170166016,0.6209315657615662,0,0.7838647961616516,0,1,0,-0.7838647961616516,0,0.6209315657615662],5,2.844606637954712],[[666.0181884765625,231.24195861816407,119.06391143798828,0.6683144569396973,0,0.7438789010047913,0,1,0,-0.7438789010047913,0,0.6683144569396973],5,2.850691318511963],[[666.0142822265625,231.13522338867188,118.9306411743164,0.7097269892692566,0,0.7044768333435059,0,1,0,-0.7044768333435059,0,0.7097269892692566],5,2.8584482669830324],[[666.0103759765625,231.01486206054688,118.79737091064453,0.746030867099762,0,0.6659113764762878,0,1,0,-0.6659113764762878,0,0.746030867099762],5,2.868300199508667],[[666.0064697265625,230.88087463378907,118.66410064697266,0.7778649926185608,0,0.6284314393997192,0,1,0,-0.6284314393997192,0,0.7778649926185608],5,2.879730224609375],[[665.9986572265625,230.572021484375,118.3975601196289,0.8310946822166443,0,0.5561309456825256,0,1,0,-0.5561309456825256,0,0.8310946822166443],5,2.9052724838256838],[[665.9908447265625,230.2086639404297,118.13101959228516,0.8722460865974426,0,0.4890672564506531,0,1,0,-0.4890672564506531,0,0.8722460865974426],5,2.910727024078369],[[665.9869384765625,230.0065460205078,117.99774932861328,0.8887537121772766,0,0.45838502049446108,0,1,0,-0.45838502049446108,0,0.8887537121772766],5,2.917174816131592],[[665.9830322265625,229.79080200195313,117.8644790649414,0.9028627872467041,0,0.4299287497997284,0,1,0,-0.4299287497997284,0,0.9028627872467041],5,2.9252192974090578],[[665.9791259765625,229.5614471435547,117.73120880126953,0.9150682091712952,0,0.40329915285110476,0,1,0,-0.40329915285110476,0,0.9150682091712952],5,2.934592