[[[776,222.69961547851563,47,1,5.963968163769096e-8,-3.603508550581447e-14,-5.963968163769096e-8,1,-5.8737061436886509e-8,3.2532024898382017e-14,5.8737061436886509e-8,1],8,0.007006406784057617],[[776,222.69961547851563,47,1,7.25421287484096e-8,-3.700053704722671e-14,-7.25421287484096e-8,1,-7.144424074567724e-8,3.1817820269784347e-14,7.144424074567724e-8,1],8,0.02036285400390625],[[776,222.69961547851563,47,1,7.219369280164756e-8,-3.722953748671459e-14,-7.219369280164756e-8,1,-7.11010841314419e-8,3.209648733316743e-14,7.11010841314419e-8,1],8,0.030841827392578126],[[776,222.69961547851563,47,1,5.8953986581400389e-8,-3.6505388691316159e-14,-5.8953986581400389e-8,1,-5.806174385725171e-8,3.308241674311249e-14,5.806174385725171e-8,1],8,0.04083538055419922],[[776,222.69961547851563,47,1,4.5719936281329868e-8,-3.595493247208169e-14,-4.5719936281329868e-8,1,-4.502797423810989e-8,3.389625616322979e-14,4.502797423810989e-8,1],8,0.05126690864562988],[[776,222.69961547851563,47,1,1.265954541196379e-8,-3.5334199623279427e-14,-1.265954541196379e-8,1,-1.2467911147950872e-8,3.517636350388806e-14,1.2467911147950872e-8,1],8,0.07079172134399414],[[776,222.69961547851563,47,1,-7.159739912054874e-9,-3.54781206854133e-14,7.159739912054874e-9,1,7.05143854418111e-9,3.542763413362515e-14,-7.05143854418111e-9,1],8,0.09306907653808594],[[776,222.69961547851563,47,1,-3.356569422408029e-8,-3.6270763953058507e-14,3.356569422408029e-8,1,3.3057784065704257e-8,3.516115756841895e-14,-3.3057784065704257e-8,1],8,0.10109496116638184],[[776,222.69961547851563,47,1,-4.676020637361944e-8,-3.6924049972089648e-14,4.676020637361944e-8,1,4.605262660106746e-8,3.477062116962609e-14,-4.605262660106746e-8,1],8,0.10968518257141113],[[776,222.69961547851563,47,1,-6.654141060380425e-8,-3.8224564030513167e-14,6.654141060380425e-8,1,6.553447917667654e-8,3.386380802508637e-14,-6.553447917667654e-8,1],8,0.12421751022338867],[[776,222.69961547851563,47,1,-7.387588851770488e-8,-3.8924650313946e-14,7.387588851770488e-8,1,7.275796320982409e-8,3.354959268297292e-14,-7.275796320982409e-8,1],8,0.13286042213439942],[[776,222.69961547851563,47,1,-6.218774473154554e-8,-3.825408143465908e-14,6.218774473154554e-8,1,6.124668061602279e-8,3.444528936711287e-14,-6.124668061602279e-8,1],8,0.1428356170654297],[[776,222.69961547851563,47,1,-4.466489045285016e-8,-3.749045073952323e-14,4.466489045285016e-8,1,4.398897601731733e-8,3.55256900557311e-14,-4.398897601731733e-8,1],8,0.15401649475097657],[[776,222.69961547851563,47,1,-3.298922734984444e-8,-3.714749048731175e-14,3.298922734984444e-8,1,3.248998581284468e-8,3.6075671936515108e-14,-3.248998581284468e-8,1],8,0.1631615161895752],[[776,222.69961547851563,47,1,-1.5485085214095308e-8,-3.6884063240715667e-14,1.5485085214095308e-8,1,1.525070913999116e-8,3.6647907066889379e-14,-1.525070913999116e-8,1],8,0.17394399642944337],[[776,222.69961547851563,47,1,-3.821889915656129e-9,-3.687587073804982e-14,3.821889915656129e-9,1,3.7639944494571868e-9,3.686148811860544e-14,-3.7639944494571868e-9,1],8,0.18512701988220216],[[776,222.69961547851563,47,1,1.9489551306151044e-8,-3.72607862262047e-14,-1.9489551306151044e-8,1,-1.9194716927017909e-8,3.688668904285215e-14,1.9194716927017909e-8,1],8,0.19688034057617188],[[776,222.69961547851563,47,1,3.1137801670411139e-8,-3.765357573263725e-14,-3.1137801670411139e-8,1,-3.066671538931587e-8,3.669868160987959e-14,3.066671538931587e-8,1],8,0.20861458778381349],[[776,222.69961547851563,47,1,4.8600846014323909e-8,-3.8492700780295988e-14,-4.8600846014323909e-8,1,-4.786552665336785e-8,3.616639594142962e-14,4.786552665336785e-8,1],8,0.21992850303649903],[[776,222.69961547851563,47,1,8.349336155788478e-8,-4.1068626228718197e-14,-8.349336155788478e-8,1,-8.223009473340426e-8,3.4202960017166997e-14,8.223009473340426e-8,1],8,0.24318504333496095],[[776,222.69961547851563,47,1,6.997982637813038e-8,-4.0164194940826156e-14,-6.997982637813038e-8,1,-6.892101822586483e-8,3.534111480026081e-14,6.892101822586483e-8,1],8,0.25149059295654299],[[776,222.69961547851563,47,1,4.972034872707809e-8,-3.9167847025629868e-14,-4.972034872707809e-8,1,-4.8968061605592086e-8,3.673313891017389e-14,4.8968061605592086e-8,1],8,0.26314544677734377],[[776,222.69961547851563,47,1,4.297007549780574e-8,-3.892761492926139e-14,-4.297007549780574e-8,1,-4.231991823644421e-8,3.710912667106471e-14,4.231991823644421e-8,1],8,0.2723522186279297],[[776,222.69961547851563,47,1,2.9473856244521813e-8,-3.8582781040170588e-14,-2.9473856244521813e-8,1,-2.9027891201849344e-8,3.772721677707154e-14,2.9027891201849344e-8,1],8,0.2807655334472656],[[776,222.69961547851563,47,1,2.4987145685884117e-9,-3.843224973291634e-14,-2.4987145685884117e-9,1,-2.460870174303409e-9,3.8426100273719277e-14,2.460870174303409e-9,1],8,0.29393792152404787],[[776,222.69961547851563,47,1,-2.445337798917535e-8,-3.899767471839469e-14,2.445337798917535e-8,1,2.4083457006440768e-8,3.8408753038959509e-14,-2.4083457006440768e-8,1],8,0.32042574882507326],[[775.774169921875,222.69961547851563,46.98855972290039,0.9825361967086792,-6.013981135311042e-8,0.186071515083313,4.8520579554178769e-8,1,6.699890775507811e-8,-0.186071515083313,-5.680055181755961e-8,0.9825361967086792],8,0.3492927551269531],[[775.3761596679688,222.69961547851563,46.96586227416992,0.8976761102676392,-6.736406987783994e-8,0.4406558573246002,3.442192308966696e-8,1,8.275012675085236e-8,-0.4406558573246002,-5.911459410867792e-8,0.8976761102676392],8,0.36538243293762209],[[775.1100463867188,222.69961547851563,46.949710845947269,0.8207419514656067,-4.211928583686131e-8,0.5712990760803223,1.2418211348119712e-8,1,5.588515961107987e-8,-0.5712990760803223,-3.8772782318119428e-8,0.8207419514656067],8,0.3727710247039795],[[774.9769897460938,222.69961547851563,46.9413948059082,0.7814879417419434,-2.854123870577041e-8,0.6239203810691834,4.009751197742162e-9,1,4.0722611061028149e-8,-0.6239203810691834,-2.9322462680170248e-8,0.7814879417419434],8,0.38268232345581057],[[774.7774047851563,222.69961547851563,46.928550720214847,0.7235787510871887,-7.195421591887907e-9,0.690241813659668,-5.868204144832134e-9,1,1.6576118255784423e-8,-0.690241813659668,-1.6044607420440117e-8,0.7235787510871887],8,0.3924438953399658],[[774.7108764648438,222.69961547851563,46.924102783203128,0.7047063708305359,1.5166078115580462e-10,0.7094991207122803,-8.519454475219846e-9,1,8.248147054246147e-9,-0.7094991207122803,-1.1857066439802111e-8,0.7047063708305359],8,0.40155744552612307],[[774.5112915039063,222.69961547851563,46.91054153442383,0.649624764919281,2.2788544384866328e-8,0.760254979133606,-1.4793875457996819e-8,1,-1.733375931678438e-8,-0.760254979133606,1.332132581327583e-11,0.649624764919281],8,0.4177091121673584],[[774.2451782226563,222.69961547851563,46.891998291015628,0.5795947313308716,5.416377035771802e-8,0.8149048686027527,-1.9766178027680327e-8,1,-5.2407834516543519e-8,-0.8149048686027527,1.4267752312946414e-8,0.5795947313308716],8,0.42623138427734377],[[774.0457763671875,222.69961547851563,46.877471923828128,0.5311087369918823,7.842854898854057e-8,0.8473036885261536,-2.146089883581226e-8,1,-7.911034316521182e-8,-0.8473036885261536,2.3832296136561127e-8,0.5311087369918823],8,0.4388003349304199],[[773.912841796875,222.69961547851563,46.867530822753909,0.5013228058815002,9.488786645306391e-8,0.8652603626251221,-2.1860399712636537e-8,1,-9.699825653797234e-8,-0.8652603626251221,2.971250090411104e-8,0.5013228058815002],8,0.4507458209991455],[[773.7134399414063,222.69961547851563,46.851966857910159,0.4600427448749542,1.0283976337177592e-7,0.8878967761993408,-1.841373453714823e-8,1,-1.062833661080731e-7,-0.8878967761993408,3.254539748809293e-8,0.4600427448749542],8,0.4613831043243408],[[773.5140380859375,222.69961547851563,46.83598709106445,0.422301709651947,7.651937039554469e-8,0.9064553380012512,-9.635588327228107e-9,1,-7.992699124770297e-8,-0.9064553380012512,2.5019073035537077e-8,0.422301709651947],8,0.47162365913391116],[[773.381103515625,222.69961547851563,46.82511520385742,0.39923095703125,5.8805923686122699e-8,0.9168503880500794,-4.7687835902365809e-9,1,-6.206255420693197e-8,-0.9168503880500794,2.040503233047275e-8,0.39923095703125],8,0.48094892501831057],[[773.248291015625,222.69961547851563,46.813846588134769,0.37791576981544497,4.098093597804109e-8,0.9258399605751038,-5.9335847346631e-10,1,-4.402131992264913e-8,-0.9258399605751038,1.6086994847341886e-8,0.37791576981544497],8,0.49215221405029299],[[773.049072265625,222.69961547851563,46.79648971557617,0.3485284745693207,1.4067501830083984e-8,0.9372981786727905,4.582202617342546e-9,1,-1.671243055056948e-8,-0.9372981786727905,1.0119648230499934e-8,0.3485284745693207],8,0.5044479370117188],[[772.916259765625,222.69961547851563,46.784690856933597,0.33060142397880556,-3.974459428235377e-9,0.9437704682350159,7.408357038940494e-9,1,1.616118683323009e-9,-0.9437704682350159,6.4575029767866e-9,0.33060142397880556],8,0.5126721858978272],[[772.717041015625,222.69961547851563,46.766910552978519,0.30594345927238467,-3.1160489299963959e-8,0.9520496726036072,1.0860260246658982e-8,1,2.9239926035984355e-8,-0.9520496726036072,1.3937470066949232e-9,0.30594345927238467],8,0.5236575603485107],[[772.517822265625,222.69961547851563,46.748836517333987,0.28369760513305666,-5.846929340691531e-8,0.9589138031005859,1.3521768593705019e-8,1,5.697404859006383e-8,-0.9589138031005859,-3.197187181669392e-9,0.28369760513305666],8,0.5354657173156738],[[772.385009765625,222.69961547851563,46.73674392700195,0.2702069878578186,-7.673124713392099e-8,0.9628022313117981,1.4938741799142009e-8,1,7.550324454541624e-8,-0.9628022313117981,-6.018448850397817e-9,0.2702069878578186],8,0.5452888011932373],[[772.185791015625,222.69961547851563,46.718605041503909,0.25169631838798525,-1.041924093669877e-7,0.9678062796592712,1.661800475005748e-8,1,1.033365037983458e-7,-0.9678062796592712,-9.926406363547358e-9,0.25169631838798525],8,0.5583879947662354],[[771.853759765625,222.69961547851563,46.687862396240237,0.2244236171245575,-7.960711201349113e-8,0.9744916558265686,9.290852531762539e-9,1,7.955124203817832e-8,-0.9744916558265686,-8.799320383445775e-9,0.2244236171245575],8,0.5776779651641846],[[771.720947265625,222.69961547851563,46.675540924072269,0.21483270823955537,-6.27013818643718e-8,0.9766508340835571,5.83773918094721e-9,1,6.291628551480244e-8,-0.9766508340835571,-7.815044611447775e-9,0.21483270823955537],8,0.5879137516021729],[[771.521728515625,222.69961547851563,46.65705108642578,0.20198675990104676,-3.731687314711962e-8,0.9793882369995117,1.1274569056141104e-9,1,3.786970381725041e-8,-0.9793882369995117,-6.544961461685261e-9,0.20198675990104676],8,0.5996592044830322],[[771.322509765625,222.69961547851563,46.63855743408203,0.19050034880638123,-1.1908489305767489e-8,0.9816871285438538,-3.128816095099296e-9,1,1.2737795707096211e-8,-0.9816871285438538,-5.498073107901291e-9,0.19050034880638123],8,0.6098873615264893],[[771.189697265625,222.69961547851563,46.62622833251953,0.18355734646320344,5.040432515812654e-9,0.9830089807510376,-5.754229981391745e-9,1,-4.053066771092517e-9,-0.9830089807510376,-4.912489970365641e-9,0.18355734646320344],8,0.620532751083374],[[770.990478515625,222.69961547851563,46.60773468017578,0.17405863106250764,3.0474506473865406e-8,0.9847353100776672,-9.425973779286778e-9,1,-2.9280796454145276e-8,-0.9847353100776672,-4.185513713395039e-9,0.17405863106250764],8,0.6309354305267334],[[770.857666015625,222.69961547851563,46.59540557861328,0.1682848036289215,4.743576198507071e-8,0.9857383966445923,-1.1722666393154669e-8,1,-4.612077120214053e-8,-0.9857383966445923,-3.794058400785616e-9,0.1682848036289215],8,0.6431946754455566],[[770.6586303710938,222.69961547851563,46.57663345336914,0.16048164665699006,7.288226555601796e-8,0.9870388507843018,-1.4985102936293516e-8,1,-7.140289426388336e-8,-0.9870388507843018,-3.3320255443669568e-9,0.16048164665699006],8,0.6585674285888672],[[770.3932495117188,222.69961547851563,46.551124572753909,0.1514228880405426,1.0681416284796797e-7,0.9884690642356873,-1.9063458367440945e-8,1,-1.0513987547255965e-7,-0.9884690642356873,-2.9230555753656519e-9,0.1514228880405426],8,0.6695609092712402],[[770.2605590820313,222.6894073486328,46.53833770751953,0.14709073305130006,1.0623151069921733e-7,0.9891229867935181,-1.806364835488239e-8,1,-1.0471347877683002e-7,-0.9891229867935181,-2.4647870411342866e-9,0.14709073305130006],8,0.6788597106933594],[[770.0615234375,222.64854431152345,46.51915740966797,0.14063306152820588,7.903668119979557e-8,0.9900617599487305,-1.2314735897689389e-8,1,-7.808080937365958e-8,-0.9900617599487305,-1.2116062597655742e-9,0.14063306152820588],8,0.6914563179016113],[[769.8624877929688,222.5770263671875,46.499977111816409,0.1341833919286728,5.1845322701638e-8,0.9909565448760986,-6.7919097013202649e-9,1,-5.139878567206324e-8,-0.9909565448760986,1.6637663469154519e-10,0.1341833919286728],8,0.7035415172576904],[[769.6634521484375,222.474853515625,46.480796813964847,0.12773080170154572,2.4658207919969756e-8,0.9918088912963867,-1.4942007631191246e-9,1,-2.466942206069689e-8,-0.9918088912963867,1.669083538047289e-9,0.12773080170154572],8,0.7136726379394531],[[769.53076171875,222.3896942138672,46.46800994873047,0.1234264001250267,6.536204022467018e-9,0.9923537373542786,1.91249927006254e-9,1,-6.824438347763362e-9,-0.9923537373542786,2.740191629158062e-9,0.1234264001250267],8,0.7256612777709961],[[769.3317260742188,222.23643493652345,46.448829650878909,0.11696559190750122,-2.0642119125113824e-8,0.9931359887123108,6.834706578473515e-9,1,1.9979836451966549e-8,-0.9931359887123108,4.4508396968012679e-9,0.11696559190750122],8,0.7369298934936523],[[769.1990356445313,222.11721801757813,46.43604278564453,0.1126556396484375,-3.875754828186473e-8,0.9936341047286987,9.990835714290825e-9,1,3.787312152780942e-8,-0.9936341047286987,5.660614199598513e-9,0.1126556396484375],8,0.7465794086456299],[[769,221.91285705566407,46.41686248779297,0.10618676990270615,-6.592493662083143e-8,0.9943462014198303,1.4536822412480888e-8,1,6.474738256656565e-8,-0.9943462014198303,7.579318506145683e-9,0.10618676990270615],8,0.7596902847290039],[[768.8012084960938,222.01853942871095,46.39486312866211,0.10421225428581238,-9.308191550871925e-8,0.9945550560951233,1.9233132420026778e-8,1,9.157621150279738e-8,-0.9945550560951233,9.585045646076651e-9,0.10421225428581238],8,0.7787821292877197],[[768.4700927734375,222.3369598388672,46.356117248535159,0.10544762015342713,-1.0155213914231354e-7,0.9944248795509338,2.0220317864527716e-8,1,9.997734196076635e-8,-0.9944248795509338,9.565214398321587e-9,0.10544762015342713],8,0.7890017032623291],[[768.3377685546875,222.4278564453125,46.33951950073242,0.10657281428575516,-8.289087816137908e-8,0.994304895401001,1.6335038210968379e-8,1,8.161480735680016e-8,-0.994304895401001,7.544088909128277e-9,0.10657281428575516],8,0.800896167755127],[[768.1394653320313,222.52540588378907,46.31330108642578,0.10886737704277039,-5.491640919785823e-8,0.9940562844276428,1.0499580760381378e-8,1,5.4094872581345047e-8,-0.9940562844276428,4.548007304094881e-9,0.10886737704277039],8,0.8111155033111572],[[767.94140625,222.58860778808595,46.28544235229492,0.11179032176733017,-2.696377165989361e-8,0.9937317967414856,4.610201553845172e-9,1,2.661522557900753e-8,-0.9937317967414856,1.6059793495060149e-9,0.11179032176733017],8,0.8216102123260498],[[767.8094482421875,222.6175079345703,46.26631546020508,0.11390673369169235,-8.341253021626472e-9,0.9934914708137512,6.318305878494357e-10,1,8.32345659063094e-9,-0.9934914708137512,-3.203795007067356e-10,0.11390673369169235],8,0.8314714431762695],[[767.6116943359375,222.64739990234376,46.23688507080078,0.11723578721284867,1.9573278109419335e-8,0.993104100227356,-5.427073457298093e-9,1,-1.9068526313503754e-8,-0.993104100227356,-3.1541351752650827e-9,0.11723578721284867],8,0.8443710803985596],[[767.4798583984375,222.66098022460938,46.21683120727539,0.11949843913316727,3.816995430838688e-8,0.9928343892097473,-9.530420008729834e-9,1,-3.7298349297998359e-8,-0.9928343892097473,-5.0050341648955058e-9,0.11949843913316727],8,0.8537828922271729],[[767.2821044921875,222.6750030517578,46.18657684326172,0.12276814877986908,6.604535940368805e-8,0.9924353957176209,-1.577444308509257e-8,1,-6.459741541675612e-8,-0.9924353957176209,-7.724610284753908e-9,0.12276814877986908],8,0.868201732635498],[[766.886962890625,222.68951416015626,46.12416458129883,0.12946635484695435,1.0419481100143457e-7,0.9915838241577148,-2.4535530940283935e-8,1,-1.018756847770419e-7,-0.9915838241577148,-1.1139560385231562e-8,0.12946635484695435],8,0.897010326385498],[[766.623779296875,222.69395446777345,46.080848693847659,0.13399286568164826,7.119081857354104e-8,0.9909822940826416,-1.6808989755645599e-8,1,-6.956585707484919e-8,-0.9909822940826416,-7.336082852305026e-9,0.13399286568164826],8,0.915703535079956],[[766.3612060546875,222.6963653564453,46.03452682495117,0.13922563195228578,3.8225788756562909e-8,0.990260660648346,-8.935672646259718e-9,1,-3.73454334123835e-8,-0.990260660648346,-3.649203605959883e-9,0.13922563195228578],8,0.923717737197876],[[766.2301025390625,222.69712829589845,46.01011657714844,0.14215503633022309,2.1758610913025224e-8,0.9898443818092346,-4.929428421007742e-9,1,-2.127391773854015e-8,-0.9898443818092346,-1.8551727931637175e-9,0.14215503633022309],8,0.9450218677520752],[[765.9028930664063,222.69827270507813,45.94672775268555,0.15012454986572267,-1.9362031977721018e-8,0.9886670708656311,5.346713294329675e-9,1,1.8772102094999356e-8,-0.9886670708656311,2.467966497832208e-9,0.15012454986572267],8,0.9524402618408203],[[765.7723388671875,222.6985321044922,45.91940689086914,0.1537710279226303,-3.579059537628382e-8,0.9881064891815186,9.58244328330693e-9,1,3.473015652843969e-8,-0.9881064891815186,4.127983288526593e-9,0.1537710279226303],8,0.9630975723266602],[[765.5770263671875,222.6988067626953,45.87644577026367,0.15981844067573548,-6.041057787342652e-8,0.9871464371681213,1.6102843503063015e-8,1,5.859013896269971e-8,-0.9871464371681213,6.532078877796721e-9,0.15981844067573548],8,0.9841563701629639],[[765.3170166015625,222.6990203857422,45.8171501159668,0.1682458370923996,-9.319234806071108e-8,0.9857450723648071,2.510925334320291e-8,1,9.025439595689022e-8,-0.9857450723648071,9.566396563798208e-9,0.1682458370923996],8,0.9905579090118408],[[765.1229858398438,222.69911193847657,45.768619537353519,0.17559874057769776,-1.1774289276900163e-7,0.9844618439674377,3.219762945150251e-8,1,1.1385817799691722e-7,-0.9844618439674377,1.1703984448274696e-8,0.17559874057769776],8,1.002516269683838],[[764.9295654296875,222.69915771484376,45.717857360839847,0.18349626660346986,-8.914038573948346e-8,0.9830204248428345,2.4933930475867784e-8,1,8.602578560612528e-8,-0.9830204248428345,8.725151268151876e-9,0.18349626660346986],8,1.0241236686706544],[[764.6724243164063,222.69921875,45.647403717041019,0.19441205263137818,-5.1067583939357067e-8,0.9809199571609497,1.4841612383520442e-8,1,4.911939655016795e-8,-0.9809199571609497,5.009031855962576e-9,0.19441205263137818],8,1.0319163799285889],[[764.4810180664063,222.69921875,45.58964157104492,0.20380863547325135,-2.2564611512621015e-8,0.9790107607841492,6.974878008492169e-9,1,2.1596362032028084e-8,-0.9790107607841492,2.4269555254363697e-9,0.20380863547325135],8,1.0532982349395753],[[764.2267456054688,222.69921875,45.509334564208987,0.21700215339660645,1.5362346061920108e-8,0.9761711359024048,-4.026595057382565e-9,1,-1.484224121384159e-8,-0.9761711359024048,-7.098469589905676e-10,0.21700215339660645],8,1.0601351261138917],[[763.9736938476563,222.69921875,45.425254821777347,0.23045839369297028,5.319584772678354e-8,0.9730821847915649,-1.565467222519601e-8,1,-5.095982302805169e-8,-0.9730821847915649,-3.4891629585587227e-9,0.23045839369297028],8,1.0783088207244874],[[763.7847900390625,222.69921875,45.359615325927737,0.24059820175170899,8.150643537874203e-8,0.9706248044967651,-2.479058203164186e-8,1,-7.782808353340443e-8,-0.9706248044967651,-5.337057018550695e-9,0.24059820175170899],8,1.0981814861297608],[[763.5335083007813,222.69921875,45.27031326293945,0.2536332905292511,1.191652572174462e-7,0.9673004746437073,-3.747104670992485e-8,1,-1.1336845062714929e-7,-0.9673004746437073,-7.491749443033769e-9,0.2536332905292511],8,1.1061480045318604],[[763.408447265625,222.69921875,45.224098205566409,0.26012828946113589,1.0117802418108113e-7,0.9655740857124329,-3.239259527276772e-8,1,-9.605870587847676e-8,-0.9655740857124329,-6.2898646291387198e-9,0.26012828946113589],8,1.126246452331543],[[763.1592407226563,222.69921875,45.129234313964847,0.27318307757377627,6.527923090970944e-8,0.9619620442390442,-2.1808684635971077e-8,1,-6.166715849076354e-8,-0.9619620442390442,-4.132703956827299e-9,0.27318307757377627],8,1.1338346004486085],[[763.03515625,222.69921875,45.080352783203128,0.279720276594162,4.736872227795175e-8,0.9600815176963806,-1.6300454319662096e-8,1,-4.4589082648371917e-8,-0.9600815176963806,-3.177295537781788e-9,0.279720276594162],8,1.1417441368103028],[[762.8497924804688,222.69921875,45.00537109375,0.28952959179878237,2.0553027724190544e-8,0.9571690559387207,-7.767204657227467e-9,1,-1.9123259420439355e-8,-0.9571690559387207,-1.897778378889825e-9,0.28952959179878237],8,1.1516644954681397],[[762.7264404296875,222.69921875,44.95470428466797,0.2958877384662628,2.7097510901796797e-9,0.9552227258682251,-1.8963433046081947e-9,1,-2.2493669149525887e-9,-0.9552227258682251,-1.1458703985667285e-9,0.2958877384662628],8,1.1716313362121583],[[762.4808349609375,222.69921875,44.8508415222168,0.3086775541305542,-3.289433436748368e-8,0.9511667490005493,1.026795892755672e-8,1,3.125093073208518e-8,-0.9511667490005493,1.2007995986440535e-10,0.3086775541305542],8,1.17836594581604],[[762.2974243164063,222.69921875,44.77108383178711,0.3181137442588806,-5.95234368461206e-8,0.9480525255203247,1.9752809166107e-8,1,5.6157009709068009e-8,-0.9480525255203247,8.623834424348331e-10,0.3181137442588806],8,1.189619779586792],[[762.1754150390625,222.69921875,44.717369079589847,0.3241206407546997,-7.724084838400813e-8,0.9460157752037048,2.6229047378478755e-8,1,7.266208257306062e-8,-0.9460157752037048,1.2618112110729385e-9,0.3241206407546997],8,1.209618330001831],[[761.870849609375,222.69921875,44.58184051513672,0.3383426368236542,-1.0405805284108283e-7,0.9410229921340942,3.680169768927044e-8,1,9.73477440879833e-8,-0.9410229921340942,1.6943506597755232e-9,0.3383426368236542],8,1.2188873291015626],[[761.7494506835938,222.69921875,44.52678298950195,0.343721479177475,-8.70086012128013e-8,0.9390716552734375,3.125951408833316e-8,1,8.121216410472698e-8,-0.9390716552734375,1.4405592274613355e-9,0.343721479177475],8,1.2379944324493409],[[761.5072021484375,222.69921875,44.415435791015628,0.35395607352256777,-5.298706540202147e-8,0.9352620244026184,1.980052211081329e-8,1,4.9161140935893857e-8,-0.9352620244026184,1.1177913039617238e-9,0.35395607352256777],8,1.2448058128356934],[[761.3258666992188,222.69921875,44.33103561401367,0.36116117238998415,-2.7537517155451498e-8,0.9325034022331238,1.0905619518553067e-8,1,2.5306963635784997e-8,-0.9325034022331238,1.0296343777582707e-9,0.36116117238998415],8,1.2553906440734864],[[761.2051391601563,222.69921875,44.274497985839847,0.36564481258392336,-1.0601912237007128e-8,0.9307544827461243,4.843872858373288e-9,1,9.487760799231637e-9,-0.9307544827461243,1.0393058635926878e-9,0.36564481258392336],8,1.2657711505889893],[[761.0844116210938,222.69921875,44.2179069519043,0.3698238432407379,6.310076905435835e-9,0.9291018843650818,-1.3118978126058778e-9,1,-6.269393892921471e-9,-0.9291018843650818,1.0996845656308097e-9,0.3698238432407379],8,1.2825310230255128],[[760.8429565429688,222.69921875,44.10470199584961,0.37745708227157595,4.0066744588784789e-8,0.9260270595550537,-1.3864962511433987e-8,1,-3.761587308304115e-8,-0.9260270595550537,1.3590472081048688e-9,0.37745708227157595],8,1.289900302886963],[[760.7222290039063,222.69921875,44.048099517822269,0.3808814585208893,5.6912782042672919e-8,0.9246239066123962,-2.0241259335307406e-8,1,-5.321435381233641e-8,-0.9246239066123962,1.5528086594329694e-9,0.3808814585208893],8,1.2998943328857422],[[760.6015014648438,222.69921875,43.99149703979492,0.3840086758136749,7.373867561000225e-8,0.9233294725418091,-2.6668550034969486e-8,1,-6.877037606045633e-8,-0.9233294725418091,1.784565606399724e-9,0.3840086758136749],8,1.3074474334716797],[[760.4807739257813,222.69921875,43.93489456176758,0.38689279556274416,9.054538452346606e-8,0.9221246838569641,-3.313995122766755e-8,1,-8.428770570390043e-8,-0.9221246838569641,2.051138814351816e-9,0.38689279556274416],8,1.315260410308838],[[760.2996826171875,222.69932556152345,43.84999084472656,0.39085686206817629,1.157212210500802e-7,0.9204514622688294,-4.291957367286159e-8,1,-1.0749704415502492e-7,-0.9204514622688294,2.5105715284468035e-9,0.39085686206817629],8,1.3260633945465088],[[760.2393188476563,222.69937133789063,43.82168960571289,0.392081618309021,1.0654939330834168e-7,0.9199304580688477,-3.9662520379124547e-8,1,-9.891883934187718e-8,-0.9199304580688477,2.297497969649953e-9,0.392081618309021],8,1.3352482318878174],[[760.0582275390625,222.69955444335938,43.736785888671878,0.39549732208251955,7.90614436141368e-8,0.918467104434967,-2.9786116684249465e-8,1,-7.325369466570919e-8,-0.918467104434967,1.6140715430879027e-9,0.39549732208251955],8,1.344104290008545],[[759.8771362304688,222.69979858398438,43.65188217163086,0.398572713136673,5.161315996815574e-8,0.9171367287635803,-1.9774232029590168e-8,1,-4.768284611600393e-8,-0.9171367287635803,8.694075459558803e-10,0.398572713136673],8,1.358109474182129],[[759.7564086914063,222.70001220703126,43.595279693603519,0.40043118596076968,3.333528297844168e-8,0.9163268208503723,-1.3034962442759479e-8,1,-3.068302234510156e-8,-0.9163268208503723,3.4215388855507458e-10,0.40043118596076968],8,1.3677973747253419],[[759.5753173828125,222.70037841796876,43.5103759765625,0.4029693007469177,5.948293413382544e-9,0.9152135252952576,-2.845502722337301e-9,1,-5.2464734778823189e-9,-0.9152135252952576,-4.900748695746415e-10,0.4029693007469177],8,1.3778069019317628],[[759.45458984375,222.70057678222657,43.453773498535159,0.40450891852378847,-1.2290569451067768e-8,0.9145340323448181,3.9928758077678598e-9,1,1.1673065181128095e-8,-0.9145340323448181,-1.0702378983040717e-9,0.40450891852378847],8,1.387775182723999],[[759.2734985351563,222.7009735107422,43.36886978149414,0.4066143035888672,-3.962153272141222e-8,0.9135999083518982,1.430671225932656e-8,1,3.700111861348887e-8,-0.9135999083518982,-1.974572283458542e-9,0.4066143035888672],8,1.3984637260437012],[[759.0925903320313,222.70132446289063,43.28371047973633,0.40860745310783389,-6.692068410529828e-8,0.9127101898193359,2.468200221983352e-8,1,6.227106297274077e-8,-0.9127101898193359,-2.9169053838984384e-9,0.40860745310783389],8,1.425260305404663],[[758.7307739257813,222.7021026611328,43.113285064697269,0.41221195459365847,-1.0399168104413548e-7,0.9110879898071289,3.9034194543319248e-8,1,9.647951060287596e-8,-0.9110879898071289,-4.2064236538408299e-9,0.41221195459365847],8,1.4432077407836915],[[758.48974609375,222.70252990722657,42.99930191040039,0.41436487436294558,-7.058497430989519e-8,0.9101108312606812,2.675460386569739e-8,1,6.537533892014835e-8,-0.9101108312606812,-2.739589888278715e-9,0.41436487436294558],8,1.463010311126709],[[758.1885375976563,222.70286560058595,42.856746673583987,0.4166911840438843,-2.8891431469446617e-8,0.9090480804443359,1.1272570432652174e-8,1,2.661492892741535e-8,-0.9090480804443359,-8.428973075069734e-10,0.4166911840438843],8,1.480656385421753],[[757.9469604492188,222.69717407226563,42.743778228759769,0.41782182455062868,4.4158281475858988e-9,0.9085289835929871,-1.1967804525170323e-9,1,-4.310029666498849e-9,-0.9085289835929871,7.13514636263568e-10,0.41782182455062868],8,1.4885764122009278],[[757.8255004882813,222.69781494140626,42.68879699707031,0.41771045327186587,2.1056587584666887e-8,0.9085801839828491,-7.4354651324881619e-9,1,-1.9756885905053424e-8,-0.9085801839828491,1.4969413486554118e-9,0.41771045327186587],8,1.5051827430725098],[[757.642333984375,222.6991729736328,42.608551025390628,0.41641053557395937,4.600887493211303e-8,0.9091767072677612,-1.674036020915537e-8,1,-4.293776001418337e-8,-0.9091767072677612,2.6597910540715476e-9,0.41641053557395937],8,1.5122616291046143],[[757.4576416015625,222.70018005371095,42.5318489074707,0.41354912519454958,7.095874821061443e-8,0.9104818105697632,-2.589751169068677e-8,1,-6.617249681539761e-8,-0.9104818105697632,3.786364111135754e-9,0.41354912519454958],8,1.5229578018188477],[[757.3338623046875,222.70065307617188,42.482303619384769,0.41095152497291567,8.759532477142784e-8,0.9116572141647339,-3.1890579066384819e-8,1,-8.170817267227904e-8,-0.9116572141647339,4.5048222929722218e-9,0.41095152497291567],8,1.5430479049682618],[[757.0846557617188,222.70126342773438,42.387332916259769,0.4040723741054535,1.2088742096239003e-7,0.9147270321846008,-4.35113136632026e-8,1,-1.1293610668872134e-7,-0.9147270321846008,5.83338488624463e-9,0.4040723741054535],8,1.5493009090423585],[[756.958740234375,222.701416015625,42.34357452392578,0.399392306804657,1.0120798776824813e-7,0.9167801141738892,-3.601166653766086e-8,1,-9.470668516087244e-8,-0.9167801141738892,4.810342790761979e-9,0.399392306804657],8,1.5600881576538087],[[756.5772094726563,222.70159912109376,42.22348403930664,0.3805496394634247,4.204848735867017e-8,0.9247605204582214,-1.3949136068447388e-8,1,-3.9729368239704857e-8,-0.9247605204582214,2.219386008306401e-9,0.3805496394634247],8,1.5924572944641114],[[756.3181762695313,222.69578552246095,42.16061019897461,0.36247527599334719,2.4761550587726335e-9,0.9319933652877808,3.4622037875520209e-11,1,-2.6703028677133035e-9,-0.9319933652877808,1.0001873773646253e-9,0.36247527599334719],8,1.6014752388000489],[[756.1210327148438,222.6968994140625,42.12748718261719,0.34417182207107546,-2.730379300430741e-8,0.9389066696166992,9.834039360612224e-9,1,2.5475580756051387e-8,-0.9389066696166992,4.652709884034323e-10,0.34417182207107546],8,1.6194913387298585],[[755.8568725585938,222.69863891601563,42.09129333496094,0.3171432316303253,-6.717158385072253e-8,0.9483776688575745,2.1669402272550543e-8,1,6.35815027294484e-8,-0.9483776688575745,3.86335768931545e-10,0.3171432316303253],8,1.6252989768981934],[[755.6585693359375,223.3577423095703,42.06473159790039,0.2964876592159271,-9.718889515397677e-8,0.9550366997718811,2.9605708107283136e-8,1,9.257358613012912e-8,-0.9550366997718811,8.276139773499835e-10,0.2964876592159271],3,1.6407420635223389],[[755.45947265625,223.98959350585938,42.04640579223633,0.27558666467666628,-1.2729748277706677e-7,0.9612762331962586,3.672053949799192e-8,1,1.2189815379315406e-7,-0.9612762331962586,1.705080410197013e-9,0.27558666467666628],5,1.660595417022705],[[755.2598876953125,224.5907745361328,42.034141540527347,0.2542358636856079,-1.5748986470498495e-7,0.9671422243118286,4.2967620572653689e-8,1,1.5154539312334237e-7,-0.9671422243118286,3.027527784027484e-9,0.2542358636856079],5,1.667041540145874],[[755.0599975585938,225.1613006591797,42.027442932128909,0.23226867616176606,-1.3407441201707116e-7,0.9726516604423523,3.4020615657937017e-8,1,1.2972012086720498e-7,-0.9726516604423523,2.9602871265410615e-9,0.23226867616176606],5,1.6763336658477784],[[754.8600463867188,225.70118713378907,42.02406311035156,0.21051545441150666,-1.106019240637579e-7,0.9775905013084412,2.575498747603433e-8,1,1.075911626458037e-7,-0.9775905013084412,2.5282258508951829e-9,0.21051545441150666],5,1.6871936321258546],[[754.7933959960938,225.87432861328126,42.023765563964847,0.2033919245004654,-1.027666485242662e-7,0.9790974259376526,2.3157824102781889e-8,1,1.0014992568585513e-7,-0.9790974259376526,2.304076929249277e-9,0.2033919245004654],5,1.6951897144317628],[[754.6600952148438,226.2104034423828,42.02534484863281,0.18898075819015504,-8.708121868039598e-8,0.9819808006286621,1.8161404824468265e-8,1,8.518401273249765e-8,-0.9819808006286621,1.7360077819716935e-9,0.18898075819015504],5,1.7042062282562256],[[754.4601440429688,226.68896484375,42.03155517578125,0.16699394583702088,-6.351948655947126e-8,0.9859579205513,1.1178950209966843e-8,1,6.25307308155243e-8,-0.9859579205513,5.797183844080678e-10,0.16699394583702088],5,1.7172949314117432],[[754.3270874023438,226.99098205566407,42.03963088989258,0.15176744759082795,-4.779204232363554e-8,0.9884162545204163,6.858955181598958e-9,1,4.7298978955723217e-8,-0.9884162545204163,-3.9894562653408629e-10,0.15176744759082795],5,1.7262542247772217],[[754.1278076171875,227.41844177246095,42.05594253540039,0.12839879095554353,-2.4176166846245907e-8,0.9917226433753967,9.312735582689413e-10,1,2.4257380104586447e-8,-0.9917226433753967,-2.191055781253226e-9,0.12839879095554353],5,1.7363471984863282],[[753.9951171875,227.68638610839845,42.069026947021487,0.11290715634822846,-8.419335451037569e-9,0.9936055541038513,-2.630456075181087e-9,1,8.772427229075675e-9,-0.9936055541038513,-3.6041083451010538e-9,0.11290715634822846],5,1.7455320358276368],[[753.7967529296875,228.06275939941407,42.0940055847168,0.08902223408222199,1.52289079125012e-8,0.9960296154022217,-7.386279587962008e-9,1,-1.4629449651692994e-8,-0.9960296154022217,-6.054610146577488e-9,0.08902223408222199],5,1.756486177444458],[[753.5987548828125,228.40847778320313,42.122318267822269,0.06539633125066757,3.8885062281224239e-8,0.9978593587875366,-1.1431585456023186e-8,1,-3.821929084324438e-8,-0.9978593587875366,-8.907715454142818e-9,0.06539633125066757],5,1.7706184387207032],[[753.4015502929688,228.72354125976563,42.15565490722656,0.04170539230108261,6.253983286796938e-8,0.9991299510002136,-1.4758175126416973e-8,1,-6.197826252218874e-8,-0.9991299510002136,-1.21605099323574e-8,0.04170539230108261],5,1.7852320671081544],[[753.2049560546875,229.00794982910157,42.19224548339844,0.01852099783718586,8.618423663619979e-8,0.9998284578323364,-1.7405156427230396e-8,1,-8.587660715875245e-8,-0.9998284578323364,-1.5811654208164329e-8,0.01852099783718586],5,1.7945573329925538],[[753.0745239257813,229.18051147460938,42.219703674316409,0.003061385592445731,1.0193702593142007e-7,0.9999952912330627,-1.8776017185473394e-8,1,-1.0188001908773004e-7,-0.9999952912330627,-1.8464039186483207e-8,0.003061385592445731],5,1.8046703338623047],[[752.944580078125,229.33946228027345,42.24934387207031,-0.012404993176460266,1.1767865970568892e-7,0.999923050403595,-1.9830396880138325e-8,1,-1.1793373033697208e-7,-0.999923050403595,-2.1291839402692859e-8,-0.012404993176460266],5,1.814258337020874],[[752.7503051757813,229.55233764648438,42.29682159423828,-0.035488128662109378,1.412645644904842e-7,0.9993700981140137,-2.0832411351534576e-8,1,-1.420933699591842e-7,-0.9993700981140137,-2.5861918828695708e-8,-0.035488128662109378],5,1.8249270915985108],[[752.6212158203125,229.67723083496095,42.3301887512207,-0.05050937086343765,1.569671752577051e-7,0.998723566532135,-2.1159838325957027e-8,1,-1.5823792409719318e-7,-0.998723566532135,-2.9125329703560966e-8,-0.05050937086343765],5,1.8352382183074952],[[752.4288330078125,229.83900451660157,42.38473129272461,-0.07329176366329193,1.453552727070928e-7,0.9973105192184448,-1.663847370991789e-8,1,-1.4697000949581707e-7,-0.9973105192184448,-2.7365413046709365e-8,-0.07329176366329193],5,1.8449504375457764],[[752.2372436523438,229.97012329101563,42.44208908081055,-0.09556069225072861,1.1622429951785307e-7,0.9954236149787903,-1.0577191567051614e-8,1,-1.1777404296253735e-7,-0.9954236149787903,-2.178335201108439e-8,-0.09556069225072861],5,1.8595824241638184],[[751.982666015625,230.09727478027345,42.521480560302737,-0.12370538711547852,7.749426345071697e-8,0.9923189878463745,-3.935442194347161e-9,1,-7.858471207100593e-8,-0.9923189878463745,-1.3626562989088598e-8,-0.12370538711547852],5,1.878422498703003],[[751.729736328125,230.169921875,42.60581588745117,-0.15058723092079163,3.890664501682295e-8,0.9885967373847961,1.219510270544788e-9,1,-3.916966306860559e-8,-0.9885967373847961,-4.6928452235306398e-9,-0.15058723092079163],5,1.901655673980713],[[751.4169311523438,230.18408203125,42.720909118652347,-0.18414327502250672,-9.100092235314606e-9,0.9828994274139404,5.734792196676608e-9,1,1.0332812827584803e-8,-0.9828994274139404,7.539444624171665e-9,-0.18414327502250672],5,1.9086017608642579],[[751.3546752929688,230.17669677734376,42.744773864746097,-0.1906040757894516,-1.8667984491571589e-8,0.9816669821739197,6.383537254350813e-9,1,2.0256067045920646e-8,-0.9816669821739197,1.0127399363568657e-8,-0.1906040757894516],5,1.9166524410247803],[[751.1685791015625,230.1341094970703,42.81806182861328,-0.20920827984809876,-4.730253877482937e-8,0.9778711199760437,7.860075257326571e-9,1,5.005458447726596e-8,-0.9778711199760437,1.815797645576822e-8,-0.20920827984809876],5,1.9265785217285157],[[751.0447387695313,230.08868408203126,42.86748504638672,-0.22080937027931214,-6.633390370325287e-8,0.9753170013427734,8.49189341067813e-9,1,6.993520429432465e-8,-0.9753170013427734,2.3724638253952436e-8,-0.22080937027931214],5,1.9357800483703614],[[750.9209594726563,230.02963256835938,42.917022705078128,-0.23161228001117707,-8.531912243370243e-8,0.9728081822395325,8.887498736953603e-9,1,8.981994881196442e-8,-0.9728081822395325,2.9449235938727726e-8,-0.23161228001117707],5,1.9461619853973389],[[750.7352905273438,229.91551208496095,42.99135208129883,-0.24650883674621583,-1.1371255226322319e-7,0.9691405296325684,9.094938135945086e-9,1,1.1964677071318875e-7,-0.9691405296325684,3.830826145190258e-8,-0.24650883674621583],5,1.9563486576080323],[[750.6115112304688,229.8223876953125,43.0409049987793,-0.2555631697177887,-1.3258657816095366e-7,0.9667923450469971,9.02396113389159e-9,1,1.3952610800060939e-7,-0.9667923450469971,4.43820340478851e-8,-0.2555631697177887],5,1.9656424522399903],[[750.4877319335938,229.7156524658203,43.090457916259769,-0.2639044523239136,-1.514184901907356e-7,0.9645488262176514,8.824605934876218e-9,1,1.5939819775212528e-7,-0.9645488262176514,5.057765761762312e-8,-0.2639044523239136],5,1.974398136138916],[[750.3020629882813,229.52999877929688,43.16478729248047,-0.27535417675971987,-1.2847634422996635e-7,0.9613428711891174,5.747124109944934e-9,1,1.3528871534163046e-7,-0.9613428711891174,4.2777269726457237e-8,-0.27535417675971987],5,1.9865386486053467],[[750.1782836914063,229.3892059326172,43.21434020996094,-0.2823042869567871,-1.1322118353973565e-7,0.9593248963356018,3.985787699889443e-9,1,1.1919463815956988e-7,-0.9593248963356018,3.747282306676425e-8,-0.2823042869567871],5,1.9959864616394044],[[749.9926147460938,229.15245056152345,43.28866958618164,-0.2917996346950531,-9.039452208980947e-8,0.9564794898033142,1.7205743496617743e-9,1,9.503244768893637e-8,-0.9564794898033142,2.9376128196645369e-8,-0.2917996346950531],5,2.0075454711914064],[[749.8688354492188,228.9775848388672,43.33822250366211,-0.29755502939224245,-7.521253309050735e-8,0.9547046422958374,4.3050582543280316e-10,1,7.891511444313437e-8,-0.9547046422958374,2.3892596345831408e-8,-0.29755502939224245],5,2.0189285278320314],[[749.6831665039063,228.6897430419922,43.41255187988281,-0.3054162561893463,-5.2489998125793139e-8,0.9522189497947693,-1.2221225142994286e-9,1,5.473188835480869e-8,-0.9522189497947693,1.55522794642593e-8,-0.3054162561893463],5,2.0298075675964357],[[749.497314453125,228.37123107910157,43.48636245727539,-0.31226813793182375,-2.982431013265341e-8,0.9499940276145935,-2.5792268321112035e-9,1,3.054640274058329e-8,-0.9499940276145935,7.088419184952954e-9,-0.31226813793182375],5,2.0432870388031008],[[749.3110961914063,228.02207946777345,43.559261322021487,-0.3179747462272644,-7.210029462356715e-9,0.9480991959571838,-3.695680650395161e-9,1,6.365258542473384e-9,-0.9480991959571838,-1.479880329391392e-9,-0.3179747462272644],5,2.054973602294922],[[749.1235961914063,227.64227294921876,43.62880325317383,-0.3216417133808136,1.5361409921865744e-8,0.9468614459037781,-4.6466968051106509e-9,1,-1.7801950136231427e-8,-0.9468614459037781,-1.0125628335799775e-8,-0.3216417133808136],5,2.0703556537628176],[[748.7461547851563,226.79066467285157,43.76109313964844,-0.3242226243019104,6.042