[[[776,222.69961547851563,47,1,-1.0739592548603128e-9,-2.4525409118527536e-15,1.0739592548603128e-9,1,5.376807887813584e-9,2.446766476493084e-15,-5.376807887813584e-9,1],8,0.00927114486694336],[[776,222.69961547851563,47,1,-7.3772090658508208e-9,-2.6874506766971569e-15,7.3772090658508208e-9,1,3.6933485603185548e-8,2.414984529762682e-15,-3.6933485603185548e-8,1],8,0.029357433319091798],[[776,222.69961547851563,47,1,-1.7873649227340139e-8,-3.51995340901602e-15,1.7873649227340139e-8,1,8.94830236575217e-8,1.920565257461479e-15,-8.94830236575217e-8,1],8,0.048882484436035159],[[776,222.69961547851563,47,1,-1.769327084844008e-8,-3.6450495874136398e-15,1.769327084844008e-8,1,8.857993094579797e-8,2.0777809252189819e-15,-8.857993094579797e-8,1],8,0.05799508094787598],[[776,222.69961547851563,47,1,-1.4777618240202628e-8,-3.444697284509554e-15,1.4777618240202628e-8,1,7.398293178084714e-8,2.3514058132253006e-15,-7.398293178084714e-8,1],8,0.07048225402832031],[[776,222.69961547851563,47,1,-1.0406475681179473e-8,-3.219661382731294e-15,1.0406475681179473e-8,1,5.2099128566851508e-8,2.677492957369235e-15,-5.2099128566851508e-8,1],8,0.08082842826843262],[[776,222.69961547851563,47,1,-7.49393702648149e-9,-3.1219662966608778e-15,7.49393702648149e-9,1,3.751771515680957e-8,2.8408108622369947e-15,-3.751771515680957e-8,1],8,0.09315299987792969],[[776,222.69961547851563,47,1,-3.127462733232278e-9,-3.0547423738349875e-15,3.127462733232278e-9,1,1.565727458796573e-8,3.0057747638795059e-15,-1.565727458796573e-8,1],8,0.10530638694763184],[[776,222.69961547851563,47,1,1.2362131318610637e-9,-3.0828018225204439e-15,-1.2362131318610637e-9,1,-6.1891594071994408e-9,3.0751507856661326e-15,6.1891594071994408e-9,1],8,0.11783051490783692],[[776,222.69961547851563,47,1,5.5970921231107699e-9,-3.206033257884683e-15,-5.5970921231107699e-9,1,-2.8021595710470139e-8,3.049193884513998e-15,2.8021595710470139e-8,1],8,0.13023066520690919],[[776,222.69961547851563,47,1,9.955176238918284e-9,-3.424268332129438e-15,-9.955176238918284e-9,1,-4.984004320363056e-8,2.9281018426162866e-15,4.984004320363056e-8,1],8,0.14307451248168946],[[776,222.69961547851563,47,1,1.5761610683284745e-8,-3.862720537715523e-15,-1.5761610683284745e-8,1,-7.890955799894073e-8,2.6189786508234874e-15,7.890955799894073e-8,1],8,0.1585245132446289],[[776,222.69961547851563,47,1,2.1563085539355599e-8,-4.469316406628112e-15,-2.1563085539355599e-8,1,-1.0795424998377712e-7,2.1414896613137668e-15,1.0795424998377712e-7,1],8,0.17591500282287599],[[776,222.69961547851563,47,1,1.715974917715357e-8,-4.127655926474197e-15,-1.715974917715357e-8,1,-8.590919975404177e-8,2.6534755499080764e-15,8.590919975404177e-8,1],8,0.20268559455871583],[[776,222.69961547851563,47,1,5.4651398961880208e-9,-3.6357953289484129e-15,-5.4651398961880208e-9,1,-2.7360824716993194e-8,3.4862647911213485e-15,2.7360824716993194e-8,1],8,0.21254229545593263],[[776,222.69961547851563,47,1,1.5702682487628295e-9,-3.625275179743514e-15,-1.5702682487628295e-9,1,-7.861373774176173e-9,3.61293052157023e-15,7.861373774176173e-9,1],8,0.22377300262451173],[[776,222.69961547851563,47,1,-4.2689185519861898e-9,-3.7518663712930379e-15,4.2689185519861898e-9,1,2.137218402253893e-8,3.660630334961909e-15,-2.137218402253893e-8,1],8,0.23581910133361817],[[776,222.69961547851563,47,1,-8.159630304760413e-9,-3.930971911506433e-15,8.159630304760413e-9,1,4.085081783955502e-8,3.597644117971132e-15,-4.085081783955502e-8,1],8,0.24744796752929688],[[776,222.69961547851563,47,1,-1.5936066688482243e-8,-4.516005709713717e-15,1.5936066688482243e-8,1,7.978312055456627e-8,3.2445764333583059e-15,-7.978312055456627e-8,1],8,0.260913610458374],[[776,222.69961547851563,47,1,-2.176403413045591e-8,-5.1528609836340188e-15,2.176403413045591e-8,1,1.0896052060616057e-7,2.7814404171398094e-15,-1.0896052060616057e-7,1],8,0.2748081684112549],[[776,222.69961547851563,47,1,-1.722787601465825e-8,-4.77885570335625e-15,1.722787601465825e-8,1,8.625045921917263e-8,3.2929437087124209e-15,-8.625045921917263e-8,1],8,0.28704261779785159],[[776,222.69961547851563,47,1,-1.4205383536136651e-8,-4.5787081706671638e-15,1.4205383536136651e-8,1,7.111849953389538e-8,3.56844265711454e-15,-7.111849953389538e-8,1],8,0.29850316047668459],[[775.7753295898438,222.69961547851563,46.97500991821289,0.9838870763778687,-4.513589502153081e-9,0.17879115045070649,-1.5488736959667904e-9,1,3.376848312086622e-8,-0.17879115045070649,-3.350130128865203e-8,0.9838870763778687],8,0.3165445327758789],[[775.5131225585938,222.69961547851563,46.93504333496094,0.9395851492881775,7.363540444060845e-9,0.34231528639793398,-8.37345126569744e-9,1,1.4724145236399977e-9,-0.34231528639793398,-4.249819163248958e-9,0.9395851492881775],8,0.3403747081756592],[[775.185791015625,222.69961547851563,46.872047424316409,0.862790048122406,2.68873208142395e-8,0.5055623650550842,-7.798851342499802e-9,1,-3.9873516044508509e-8,-0.5055623650550842,3.0459666788829057e-8,0.862790048122406],8,0.35126233100891116],[[775.0557861328125,222.69961547851563,46.84272003173828,0.8303215503692627,3.590077213289078e-8,0.5572845339775086,-5.4718927167130008e-9,1,-5.626809951309042e-8,-0.5572845339775086,4.367121420045805e-8,0.8303215503692627],8,0.36271190643310549],[[774.8614501953125,222.69961547851563,46.79568099975586,0.7834513783454895,5.0423029307467007e-8,0.621453046798706,-4.866485547871946e-10,1,-8.052380451317731e-8,-0.621453046798706,6.278406061710484e-8,0.7834513783454895],8,0.37380552291870119],[[774.6676635742188,222.69961547851563,46.74623489379883,0.7385469675064087,6.594921586611236e-8,0.674202024936676,5.959909010755382e-9,1,-1.0434689556859667e-7,-0.674202024936676,8.10832716524601e-8,0.7385469675064087],8,0.38552379608154299],[[774.5386352539063,222.69961547851563,46.712642669677737,0.710080087184906,7.676956670366053e-8,0.704120934009552,1.0866116006980065e-8,1,-1.1998703541848955e-7,-0.704120934009552,9.285146518323018e-8,0.710080087184906],8,0.39679431915283205],[[774.2808227539063,222.69961547851563,46.64442825317383,0.6561703681945801,5.1516327204126358e-8,0.7546128034591675,1.2994764375662271e-8,1,-7.95681032172979e-8,-0.7546128034591675,6.201624103141512e-8,0.6561703681945801],8,0.4103999137878418],[[774.1520385742188,222.69961547851563,46.60991287231445,0.6310405731201172,3.838091089392037e-8,0.7757498621940613,1.2365966917116112e-8,1,-5.953508974698707e-8,-0.7757498621940613,4.716195434184556e-8,0.6310405731201172],8,0.42381978034973147],[[773.8944702148438,222.69961547851563,46.54066848754883,0.5845628380775452,1.1289881918230549e-8,0.8113484382629395,8.384830607610639e-9,1,-1.9956088337380608e-8,-0.8113484382629395,1.8468606199917305e-8,0.5845628380775452],8,0.4362611770629883],[[773.7656860351563,222.69961547851563,46.506038665771487,0.5631775259971619,-2.610850646789231e-9,0.8263359665870667,5.27034105246571e-9,1,-4.323749136503352e-10,-0.8263359665870667,4.5985761865097178e-9,0.5631775259971619],8,0.4470803737640381],[[773.3790283203125,222.69961547851563,46.40334701538086,0.5041999220848084,-4.5439069396024936e-8,0.863586962223053,-7.593913942116615e-9,1,5.7050332458175038e-8,-0.863586962223053,-3.532277759177305e-8,0.5041999220848084],8,0.46881842613220217],[[773.2498168945313,222.69961547851563,46.37033462524414,0.4863256514072418,-6.004116670510484e-8,0.8737776279449463,-1.2826723683190267e-8,1,7.585354211414597e-8,-0.8737776279449463,-4.809722753407186e-8,0.4863256514072418],8,0.480055570602417],[[773.0557250976563,222.69961547851563,46.32218933105469,0.46174344420433047,-8.218889746558489e-8,0.8870134949684143,-2.131845633357443e-8,1,1.0375551795505089e-7,-0.8870134949684143,-6.681818831566489e-8,0.46174344420433047],8,0.4911990165710449],[[772.8612060546875,222.69961547851563,46.275665283203128,0.4388367831707001,-7.649357058880924e-8,0.8985667824745178,-2.2525718179622346e-8,1,9.612939777525753e-8,-0.8985667824745178,-6.242598260541854e-8,0.4388367831707001],8,0.5031213760375977],[[772.7311401367188,222.69961547851563,46.24620056152344,0.42423057556152346,-6.326983026383459e-8,0.9055542349815369,-2.0322802996020074e-8,1,7.938937329754481e-8,-0.9055542349815369,-5.2082803847497419e-8,0.42423057556152346],8,0.5146763324737549],[[772.470458984375,222.69961547851563,46.19010543823242,0.39605531096458437,-3.658646008375399e-8,0.9182266592979431,-1.4809200088450325e-8,1,4.623229443723176e-8,-0.9182266592979431,-3.190875119685188e-8,0.39605531096458437],8,0.5275924205780029],[[772.2742919921875,222.69961547851563,46.15110778808594,0.3757786452770233,-1.6386879408969436e-8,0.9267094731330872,-9.79166703274359e-9,1,2.1653367099361277e-8,-0.9267094731330872,-1.721090470141462e-8,0.3757786452770233],8,0.5383539199829102],[[772.0776977539063,222.69961547851563,46.11439895629883,0.3564116358757019,3.9544754137921249e-9,0.9343290328979492,-4.0867242923070538e-9,1,-2.673488541660163e-9,-0.9343290328979492,-2.8654845163345046e-9,0.3564116358757019],8,0.5522215366363525],[[771.9461669921875,222.69961547851563,46.092403411865237,0.343605637550354,1.758732182111089e-8,0.9391140341758728,6.936308472038633e-11,1,-1.8752944086486424e-8,-0.9391140341758728,6.508756200673815e-9,0.343605637550354],8,0.5652973651885986],[[771.682373046875,222.69961547851563,46.05301284790039,0.31782081723213198,4.5014896699058229e-8,0.9481508135795593,9.2115914895885e-9,1,-5.0564246123485648e-8,-0.9481508135795593,2.4804347020790375e-8,0.31782081723213198],8,0.5790388584136963],[[771.4838256835938,222.69961547851563,46.029014587402347,0.29808011651039126,6.571946897793168e-8,0.9545408487319946,1.6804442282136735e-8,1,-7.409691704651778e-8,-0.9545408487319946,3.8127343060523347e-8,0.29808011651039126],8,0.589733362197876],[[771.28466796875,222.69961547851563,46.01093673706055,0.2775548994541168,8.653343996911645e-8,0.9607097506523132,2.5074845311223727e-8,1,-9.731667915957587e-8,-0.9607097506523132,5.1100368381185038e-8,0.2775548994541168],8,0.6029069423675537],[[771.1517333984375,222.69961547851563,46.00099563598633,0.26388102769851687,1.0046762355386818e-7,0.9645552635192871,3.092882749911041e-8,1,-1.1262097387998438e-7,-0.9645552635192871,5.9551098274823747e-8,0.26388102769851687],8,0.6161491870880127],[[770.8193969726563,223.78335571289063,45.97675323486328,0.22960036993026734,1.3548800836815645e-7,0.9732849597930908,4.6746418291832018e-8,1,-1.5023451283013856e-7,-0.9732849597930908,7.999148721182792e-8,0.22960036993026734],3,0.6330718994140625],[[770.6195678710938,224.39476013183595,45.96849822998047,0.20979063212871552,1.259645898699091e-7,0.977746307849884,4.600792635756079e-8,1,-1.3870328530174448e-7,-0.977746307849884,7.4082734613512e-8,0.20979063212871552],5,0.655104398727417],[[770.2863159179688,225.34564208984376,45.9581298828125,0.17939125001430512,8.441441678996853e-8,0.9837778210639954,3.4160319017928489e-8,1,-9.203549922176535e-8,-0.9837778210639954,5.011652959296953e-8,0.17939125001430512],5,0.6632068157196045],[[770.1530151367188,225.70216369628907,45.954071044921878,0.1685750037431717,6.774111938057104e-8,0.9856888055801392,2.8800537066331345e-8,1,-7.365019172311804e-8,-0.9856888055801392,4.0803950440704287e-8,0.1685750037431717],5,0.67287278175354],[[770.0197143554688,226.0450439453125,45.95001220703125,0.15877528488636018,5.104447353687647e-8,0.987314760684967,2.3122565195876633e-8,1,-5.54187664647543e-8,-0.987314760684967,3.162838169146198e-8,0.15877528488636018],5,0.6845297813415527],[[769.8197631835938,226.53382873535157,45.94392395019531,0.14538860321044923,2.5963990069044486e-8,0.9893746376037598,1.4129836856113798e-8,1,-2.8319210088056935e-8,-0.9893746376037598,1.809699234911477e-8,0.14538860321044923],5,0.6961476802825928],[[769.6198120117188,226.99195861816407,45.93811798095703,0.13322384655475617,8.489553504631431e-10,0.991085946559906,4.664030495149518e-9,1,-1.483539957547464e-9,-0.991085946559906,4.820098542523965e-9,0.13322384655475617],5,0.7082540988922119],[[769.4198608398438,227.41941833496095,45.932373046875,0.12225548923015595,-2.4293013822784816e-8,0.9924986362457275,-5.19478460248024e-9,1,2.5116511537248699e-8,-0.9924986362457275,-8.226447967274453e-9,0.12225548923015595],5,0.7200453281402588],[[769.2199096679688,227.81622314453126,45.926639556884769,0.1124156266450882,-4.945526654864807e-8,0.9936612844467163,-1.5372840778127285e-8,1,5.150992166136348e-8,-0.9936612844467163,-2.1065917010787417e-8,0.1124156266450882],5,0.7321245670318604],[[769.0199584960938,228.18238830566407,45.92118453979492,0.10349272936582566,-7.463235363047716e-8,0.9946302175521851,-2.581378311106164e-8,1,7.772123922222818e-8,-0.9946302175521851,-3.371875223479037e-8,0.10349272936582566],5,0.7449584007263184],[[768.8200073242188,228.51788330078126,45.91579055786133,0.09544737637042999,-9.981985726881249e-8,0.9954344630241394,-3.6463912778117449e-8,1,1.0377402048789009e-7,-0.9954344630241394,-4.6202391246197297e-8,0.09544737637042999],5,0.7560698986053467],[[768.6867065429688,228.72451782226563,45.91219711303711,0.09057802706956864,-1.1661536802876071e-7,0.9958893656730652,-4.365261929706321e-8,1,1.2106700353342604e-7,-0.9958893656730652,-5.443919093295335e-8,0.09057802706956864],5,0.7666699886322022],[[768.4867553710938,229.00892639160157,45.90680694580078,0.08391796797513962,-1.418117250295836e-7,0.9964726567268372,-5.454286267081443e-8,1,1.46907041198574e-7,-0.9964726567268372,-6.667860930065217e-8,0.08391796797513962],5,0.7782852649688721],[[768.2868041992188,229.26266479492188,45.90141677856445,0.07792191952466965,-1.195739969261922e-7,0.9969594478607178,-4.6977081780141819e-8,1,1.236103912560793e-7,-0.9969594478607178,-5.646620593324769e-8,0.07792191952466965],5,0.7906076908111572],[[768.0868530273438,229.4857635498047,45.896026611328128,0.0725480243563652,-9.733764017028079e-8,0.9973649382591248,-3.9170707566427157e-8,1,1.0044407616760509e-7,-0.9973649382591248,-4.6354507787782498e-8,0.0725480243563652],5,0.8044650554656982],[[767.8869018554688,229.67820739746095,45.8906364440918,0.06773780286312103,-7.510444532954352e-8,0.9977031350135803,-3.116257474289341e-8,1,7.739308927057209e-8,-0.9977031350135803,-3.63334393682635e-8,0.06773780286312103],5,0.817291259765625],[[767.6869506835938,229.83998107910157,45.88524627685547,0.06343378126621247,-5.287594007086227e-8,0.9979860782623291,-2.2986677450376193e-8,1,5.444372064289382e-8,-0.9979860782623291,-2.6393953689307638e-8,0.06343378126621247],5,0.829857349395752],[[767.4869995117188,229.97109985351563,45.87985610961914,0.05958320572972298,-3.06534211347298e-8,0.9982233643531799,-1.467217103368057e-8,1,3.158374894951521e-8,-0.9982233643531799,-1.652796477458196e-8,0.05958320572972298],5,0.8421463966369629],[[767.2870483398438,230.0715789794922,45.87446594238281,0.0561385378241539,-8.43798897420811e-9,0.9984229803085327,-6.2439413639481249e-9,1,8.802397033491616e-9,-0.9984229803085327,-6.728248624909838e-9,0.0561385378241539],5,0.8556714057922363],[[767.0204467773438,230.15785217285157,45.867279052734378,0.052067939192056659,2.1169975994439484e-8,0.9986435174942017,5.135113667620317e-9,1,-2.1466469490860619e-8,-0.9986435174942017,6.245862937959146e-9,0.052067939192056659],5,0.868441104888916],[[766.8871459960938,230.1805419921875,45.863685607910159,0.05025389790534973,3.59680711881083e-8,0.9987365007400513,1.087323564519238e-8,1,-3.656068869872797e-8,-0.9987365007400513,1.2696814266632828e-8,0.05025389790534973],5,0.8812682628631592],[[766.6205444335938,230.18505859375,45.856895446777347,0.046849481761455539,6.555155351861686e-8,0.9989019632339478,2.243439034543826e-8,1,-6.667580265684592e-8,-0.9989019632339478,2.5533484659945317e-8,0.046849481761455539],5,0.8946545124053955],[[766.3539428710938,230.1350860595703,45.85017776489258,0.043817341327667239,9.51173078078682e-8,0.9990395307540894,3.4084234101783298e-8,1,-9.67036655197262e-8,-0.9990395307540894,3.828879613365643e-8,0.043817341327667239],5,0.9111490249633789],[[766.0873413085938,230.03060913085938,45.84385681152344,0.041034333407878879,1.246643819285964e-7,0.999157726764679,4.581177392992686e-8,1,-1.2665090309837979e-7,-0.999157726764679,5.0970225373703218e-8,0.041034333407878879],5,0.9412474632263184],[[765.6207885742188,229.7166290283203,45.83440017700195,0.03614451736211777,1.269527700742401e-7,0.9993465542793274,4.792361352201624e-8,1,-1.287690878370995e-7,-0.9993465542793274,5.2546596407410109e-8,0.03614451736211777],5,0.9653079509735107],[[765.1542358398438,229.23574829101563,45.82956314086914,0.030183089897036554,6.344465930396837e-8,0.9995443820953369,2.508549634683277e-8,1,-6.423108089848029e-8,-0.9995443820953369,2.701275825245375e-8,0.030183089897036554],5,0.9841928482055664],[[765.0209350585938,229.0677032470703,45.83192825317383,0.027309192344546319,4.53116939524989e-8,0.9996270537376404,1.8538294455083816e-8,1,-4.583505486266404e-8,-0.9996270537376404,1.9783097826575614e-8,0.027309192344546319],5,0.9959793090820313],[[764.8211059570313,228.79006958007813,45.83915328979492,0.02138189785182476,1.811941707785536e-8,0.9997713565826416,8.6419706946117e-9,1,-1.830838414207392e-8,-0.9997713565826416,9.031462688824377e-9,0.02138189785182476],5,1.0062789916992188],[[764.68798828125,228.58795166015626,45.84679412841797,0.01639229618012905,-4.91151563863923e-12,0.9998656511306763,1.9401156237108809e-9,1,-2.6895093790946235e-11,-0.9998656511306763,1.94029592393008e-9,0.01639229618012905],5,1.0173487663269044],[[764.488525390625,228.2592315673828,45.86111831665039,0.00781284924596548,-2.7186818130076064e-8,0.999969482421875,-8.34395308402236e-9,1,2.725283998472605e-8,-0.999969482421875,-8.556621189370617e-9,0.00781284924596548],5,1.0283174514770508],[[764.2891235351563,227.8998565673828,45.87736129760742,-0.0011699694441631437,-5.436298877725676e-8,0.9999993443489075,-1.893608114755807e-8,1,5.434087313460623e-8,-0.9999993443489075,-1.887249112542122e-8,-0.0011699694441631437],5,1.0406947135925294],[[764.0900268554688,227.50982666015626,45.89619445800781,-0.010547584854066372,-8.153231334517841e-8,0.9999443888664246,-2.985957436862918e-8,1,8.122188432935218e-8,-0.9999443888664246,-2.900121742754891e-8,-0.010547584854066372],5,1.0529539585113526],[[763.8909912109375,227.08914184570313,45.9163932800293,-0.01983114518225193,-1.0869339917007892e-7,0.999803364276886,-4.108744633413153e-8,1,1.0789980819936318e-7,-0.999803364276886,-3.8939589330766469e-8,-0.01983114518225193],5,1.066838026046753],[[763.6258544921875,226.48052978515626,45.945587158203128,-0.03202920779585838,-1.448923541147451e-7,0.9994869232177734,-5.651506285175856e-8,1,1.431556739817097e-7,-0.9994869232177734,-5.190090490714283e-8,-0.03202920779585838],5,1.088740587234497],[[763.3622436523438,226.38804626464845,45.97655487060547,-0.043700866401195529,-9.808214684881023e-8,0.99904465675354,-3.9453798450495017e-8,1,9.645012255532493e-8,-0.99904465675354,-3.520115043897931e-8,-0.043700866401195529],7,1.0996570587158204],[[763.1689453125,226.3862762451172,46.000301361083987,-0.0519062839448452,-6.299548260813026e-8,0.9986519813537598,-2.6174046041660405e-8,1,6.172008681915031e-8,-0.9986519813537598,-2.2935102705901046e-8,-0.0519062839448452],7,1.110457420349121],[[763.0382690429688,226.3861846923828,46.01683044433594,-0.05707303434610367,-3.9615390079461579e-8,0.9983699917793274,-1.7110105332562854e-8,1,3.87019483127915e-8,-0.9983699917793274,-1.4873378972879437e-8,-0.05707303434610367],7,1.1234593391418458],[[762.775634765625,226.2856903076172,46.051082611083987,-0.06695734709501267,7.116340405843857e-9,0.9977558255195618,1.463193233242066e-9,1,-7.034154592133746e-9,-0.9977558255195618,9.889211671776366e-10,-0.06695734709501267],8,1.1408758163452149],[[762.512939453125,226.123291015625,46.08628463745117,-0.07611005753278732,5.3807660549409778e-8,0.9970993995666504,2.056866854616146e-8,1,-5.239414946345278e-8,-0.9970993995666504,1.6521285672865816e-8,-0.07611005753278732],8,1.1527669429779053],[[762.3817138671875,226.0216522216797,46.10429000854492,-0.08036452531814575,7.713739336168146e-8,0.9967655539512634,3.029307649171642e-8,1,-7.494531217844269e-8,-0.9967655539512634,2.4172148727075183e-8,-0.08036452531814575],8,1.1649222373962403],[[762.1848754882813,225.87535095214845,46.131736755371097,-0.08637070655822754,9.504599063347996e-8,0.9962630867958069,3.819318905584623e-8,1,-9.209135498622345e-8,-0.9962630867958069,3.00964693167316e-8,-0.08637070655822754],8,1.1769423484802247],[[761.9226684570313,225.8716278076172,46.16960144042969,-0.09410621970891953,7.34185974238244e-8,0.9955621361732483,3.0359142755287397e-8,1,-7.087614761758232e-8,-0.9955621361732483,2.355452721758411e-8,-0.09410621970891953],8,1.1888806819915772],[[761.7916259765625,225.88973999023438,46.188804626464847,-0.09772772341966629,6.261308271859889e-8,0.9952132105827332,2.6350711834766117e-8,1,-6.032666277633325e-8,-0.9952132105827332,2.0328988270534866e-8,-0.09772772341966629],8,1.202040195465088],[[761.4644775390625,225.9390869140625,46.23896026611328,-0.1068016067147255,3.562371375664952e-8,0.9942803382873535,1.612527356087412e-8,1,-3.4096530043825626e-8,-0.9942803382873535,1.2391478954043578e-8,-0.1068016067147255],8,1.2173786163330079],[[761.3338012695313,225.95787048339845,46.25997543334961,-0.11043363809585571,2.4837984113901258e-8,0.993883490562439,1.1953424916555378e-8,1,-2.366265761111208e-8,-0.993883490562439,9.267158596060199e-9,-0.11043363809585571],8,1.2285637855529786],[[761.1380615234375,225.9850311279297,46.29271697998047,-0.11596737056970597,8.670423490286794e-9,0.9932530522346497,5.609376962922852e-9,1,-8.07439626271389e-9,-0.9932530522346497,4.635164252420054e-9,-0.11596737056970597],8,1.2410435676574708],[[760.94287109375,226.0112762451172,46.328155517578128,-0.12217217683792114,-7.483414776743303e-9,0.9925089478492737,-8.425650177557031e-10,1,7.43618144838365e-9,-0.9925089478492737,7.224120607274287e-11,-0.12217217683792114],8,1.2535192966461182],[[760.7481689453125,226.0371551513672,46.36579132080078,-0.12894508242607118,-2.362273221478972e-8,0.991651713848114,-7.423366810144216e-9,1,2.2856337267285199e-8,-0.991651713848114,-4.414182352974194e-9,-0.12894508242607118],8,1.2660465240478516],[[760.5547485351563,226.06312561035157,46.40817642211914,-0.13720844686031342,-3.974638573822631e-8,0.9905421733856201,-1.4183895835628846e-8,1,3.816115423660449e-8,-0.9905421733856201,-8.813714202915435e-9,-0.13720844686031342],8,1.2787137031555176],[[760.3628540039063,226.0896759033203,46.456119537353519,-0.14744731783866883,-5.5852300562264648e-8,0.989069938659668,-2.1198607313976937e-8,1,5.3309300085402359e-8,-0.989069938659668,-1.3106590479594616e-8,-0.14744731783866883],8,1.2898998260498047],[[760.2343139648438,226.1038055419922,46.48899459838867,-0.15437719225883485,-6.657869278114959e-8,0.9880119562149048,-2.5989553620320295e-8,1,6.33256505011559e-8,-0.9880119562149048,-1.590195530809524e-8,-0.15437719225883485],8,1.3012707233428956],[[760.0411376953125,226.10264587402345,46.53848648071289,-0.16415242850780488,-8.265147499741943e-8,0.9864349961280823,-3.3295318502268859e-8,1,7.824738901263118e-8,-0.9864349961280823,-1.9999166767092903e-8,-0.16415242850780488],8,1.3140172958374024],[[759.8577880859375,226.06561279296876,46.58545684814453,-0.17304201424121858,-9.870397832401068e-8,0.9849144220352173,-4.070775716513708e-8,1,9.306374693096586e-8,-0.9849144220352173,-2.3989720432382456e-8,-0.17304201424121858],8,1.3277771472930909],[[759.5550537109375,227.14935302734376,46.663028717041019,-0.18748266994953156,-1.2541244132080465e-7,0.9822679162025452,-5.339354203215407e-8,1,1.1748534234357067e-7,-0.9822679162025452,-3.0420299168554268e-8,-0.18748266994953156],3,1.3448460102081299],[[759.36376953125,227.76075744628907,46.7120361328125,-0.19453349709510804,-1.41409927323366e-7,0.9808958768844605,-6.101198835040123e-8,1,1.3206401661136625e-7,-0.9808958768844605,-3.415553351260314e-8,-0.19453349709510804],5,1.368208646774292],[[759.0409545898438,228.71163940429688,46.79472351074219,-0.20403604209423066,-1.6803051039460116e-7,0.9789633750915527,-7.366217147364296e-8,1,1.5628856431249006e-7,-0.9789633750915527,-4.022406585590943e-8,-0.20403604209423066],5,1.376089096069336],[[758.9118041992188,229.0681610107422,46.82781219482422,-0.2073068767786026,-1.6140265302055924e-7,0.9782759547233582,-7.114504541050337e-8,1,1.499104484992131e-7,-0.9782759547233582,-3.852202112852865e-8,-0.2073068767786026],5,1.387272596359253],[[758.7180786132813,229.57737731933595,46.877445220947269,-0.21166040003299714,-1.255901054264541e-7,0.9773432612419128,-5.58192105870603e-8,1,1.164129272979153e-7,-0.9773432612419128,-2.991452419109919e-8,-0.21166040003299714],5,1.3992691040039063],[[758.5243530273438,230.05593872070313,46.92707824707031,-0.21553517878055573,-8.981438526234342e-8,0.9764961004257202,-4.026787081556904e-8,1,8.30881390356808e-8,-0.9764961004257202,-2.141300292635151e-8,-0.21553517878055573],5,1.410810947418213],[[758.3306274414063,230.50384521484376,46.97671127319336,-0.2189941108226776,-5.407425973658064e-8,0.9757261872291565,-2.453255198986426e-8,1,4.991336410853364e-8,-0.9757261872291565,-1.300632046508099e-8,-0.2189941108226776],5,1.4236106872558594],[[758.2014770507813,230.78541564941407,47.00979995727539,-0.22108063101768495,-3.0266729567074438e-8,0.97525554895401,-1.3956734434827922e-8,1,2.7870814989228167e-8,-0.97525554895401,-7.44968531307677e-9,-0.22108063101768495],5,1.43505859375],[[758.0077514648438,231.18222045898438,47.05943298339844,-0.2239295244216919,5.416607606889556e-9,0.9746053218841553,2.0127381983314764e-9,1,-5.095289079548593e-9,-0.9746053218841553,8.20639722842742e-10,-0.2239295244216919],5,1.4494752883911133],[[757.7494506835938,231.6636199951172,47.1256103515625,-0.22731351852416993,5.294361571372974e-8,0.9738216400146484,2.3465862142302286e-8,1,-4.888935123403826e-8,-0.9738216400146484,1.1738353400403412e-8,-0.22731351852416993],5,1.4629933834075928],[[757.5557250976563,231.98890686035157,47.17524337768555,-0.2295435667037964,8.855183608602602e-8,0.9732983708381653,3.9649041383427178e-8,1,-8.163031139929444e-8,-0.9732983708381653,1.9852636867767616e-8,-0.2295435667037964],5,1.4766945838928223],[[757.1682739257813,232.5474853515625,47.27450942993164,-0.23340511322021485,1.419078188291678e-7,0.9723795652389526,6.416398434794246e-8,1,-1.3053710290478194e-7,-0.9723795652389526,3.192371877958067e-8,-0.23340511322021485],5,1.501359224319458],[[756.8462524414063,232.9193115234375,47.36070251464844,-0.23750203847885133,1.1231859531335431e-7,0.9713870286941528,5.1272511569777637e-8,1,-1.0309101128314069e-7,-0.9713870286941528,2.5321130081579214e-8,-0.23750203847885133],5,1.5280425548553467],[[756.589111328125,233.15545654296876,47.431175231933597,-0.2411208152770996,8.868021694752315e-8,0.9704951047897339,4.089636362891724e-8,1,-8.121551076101241e-8,-0.9704951047897339,2.0106972087319265e-8,-0.2411208152770996],5,1.5357856750488282],[[756.4609985351563,233.2530975341797,47.4680061340332,-0.2433723658323288,7.68725030297901e-8,0.9699329137802124,3.570668738461791e-8,1,-7.029608184438985e-8,-0.9699329137802124,1.7524966366977425e-8,-0.2433723658323288],5,1.548783302307129],[[756.2052001953125,233.40748596191407,47.54339599609375,-0.24853630363941194,5.328224972345197e-8,0.9686225652694702,2.5276186477185548e-8,1,-4.8522718287813407e-8,-0.9686225652694702,1.2423427619978611e-8,-0.24853630363941194],5,1.5618321895599366],[[756.0135498046875,233.48751831054688,47.60063934326172,-0.25243017077445986,3.561228467674482e-8,0.9676151275634766,1.7364135018738126e-8,1,-3.22742508274132e-8,-0.9676151275634766,8.654804872776367e-9,-0.25243017077445986],5,1.5810520648956299],[[755.6943359375,233.5527801513672,47.696250915527347,-0.2583691477775574,6.205080005372565e-9,0.9660462737083435,3.9966341347508209e-9,1,-5.354270804502903e-9,-0.9660462737083435,2.4775552720512907e-9,-0.2583691477775574],5,1.602674961090088],[[755.3751220703125,233.5328826904297,47.791866302490237,-0.26340216398239138,-2.31506831482875e-8,0.9646860957145691,-9.555274793626723e-9,1,2.1389135795857329e-8,-0.9646860957145691,-3.583895846759333e-9,-0.26340216398239138],5,1.6128478050231934],[[755.311279296875,233.51869201660157,47.81098937988281,-0.26429229974746706,-2.9015913227681268e-8,0.9644426107406616,-1.2282466599344844e-8,1,2.6719840562350329e-8,-0.9644426107406616,-4.7838861760851618e-9,-0.26429229974746706],5,1.6223132610321046],[[755.1197509765625,233.45565795898438,47.86835861206055,-0.26670706272125246,-4.66003200472187e-8,0.9637776613235474,-2.04882297794029e-8,1,4.268200726187388e-8,-0.9637776613235474,-8.362505354853056e-9,-0.26670706272125246],5,1.633965015411377],[[754.6090087890625,233.1376953125,48.02134323120117,-0.27223965525627139,-9.341263051965143e-8,0.9622294902801514,-4.2527613430820568e-8,1,8.50472048341544e-8,-0.9622294902801514,-1.7768099880299816e-8,-0.27223965525627139],5,1.6642158031463624],[[754.4813232421875,233.02415466308595,48.05958938598633,-0.2733875513076782,-1.0509809555969696e-7,0.961903989315033,-4.805804110219469e-8,1,9.560167057998115e-8,-0.961903989315033,-2.0090915597847926e-8,-0.2733875513076782],5,1.6712613105773926],[[754.3536376953125,232.89697265625,48.097835540771487,-0.2743808627128601,-1.1677690281430842e-7,0.961621105670929,-5.3585850423587547e-8,1,1.0614780876494479e-7,-0.961621105670929,-2.240435748035452e-8,-0.2743808627128601],5,1.681978702545166],[[754.162109375,232.6806640625,48.155479431152347,-0.27581167221069338,-1.342829278883073e-7,0.9612116813659668,-6.189223000774291e-8,1,1.2194225007533533e-7,-0.9612116813659668,-2.5858437169290484e-8,-0.27581167221069338],5,1.703489065170288],[[753.90673828125,232.3445587158203,48.232421875,-0.2775723934173584,-1.5760176097501245e-7,0.9607047438621521,-7.298519477672017e-8,1,1.429607721092907e-7,-0.9607047438621521,-3.0435259645855697e-8,-0.2775723934173584],5,1.711118221282959],[[753.779052734375,232.15606689453126,48.270896911621097,-0.27836373448371889,-1.692516917728426e-7,0.960475742816925,-7.85328495567228e-8,1,1.534562414917673e-7,-0.960475742816925,-3.271224358059044e-8,-0.27836373448371889],5,1.721221685409546],[[753.5875244140625,231.8477783203125,48.328609466552737,-0.27943626046180727,-1.3537380993966509e-7,0.9601642489433289,-6.29807459517906e-8,1,1.226610066851208e-7,-0.9601642489433289,-2.6195930757921816e-8,-0.27943626046180727],5,1.731271505355835],[[753.4598388671875,231.62522888183595,48.36708450317383,-0.28008538484573367,-1.1280329204055306e-7,0.9599750638008118,-5.258639035332635e-8,1,1.0216371038040961e-7,-0.9599750638008118,-2.1867061050784288e-8,-0.28008538484573367],5,1.7419493198394776],[[753.268310546875,231.26585388183595,48.42479705810547,-0.28097280859947207,-7.896921516703515e-8,0.959715723991394,-3.696279904374933e-8,1,7.146248748313156e-8,-0.959715723991394,-1.539476457423916e-8,-0.28097280859947207],5,1.7565293312072755],[[753.012939453125,230.73899841308595,48.501747131347659,-0.28202778100967409,-3.389694214206429e-8,0.9594062566757202,-1.6084797493931547e-8,1,3.0602866019080469e-8,-0.9594062566757202,-6.800997098821426e-9,-0.28202778100967409],5,1.767744541168213],[[752.88525390625,230.45513916015626,48.54022216796875,-0.28249841928482058,-1.1377631281561662e-8,0.9592677354812622,-5.629934296536021e-9,1,1.0202764855193891e-8,-0.9592677354812622,-2.5183495289127224e-9,-0.28249841928482058],5,1.7811534404754639],[[752.6298828125,229.84652709960938,48.61717224121094,-0.2833400070667267,3.362795553130127e-8,0.9590195417404175,1.5302884293078024e-8,1,-3.054373465261051e-8,-0.9590195417404175,6.021503295983166e-9,-0.2833400070667267],5,1.7970049381256104],[[752.4383544921875,229.35430908203126,48.67488479614258,-0.28389525413513186,6.735361068876955e-8,0.9588552713394165,3.101673939909233e-8,1,-6.106041894327064e-8,-0.9588552713394165,1.2405800831061243e-8,-0.28389525413513186],5,1.809413194656372],[[752.246826171875,228.83143615722657,48.73259735107422,-0.28438740968704226,1.010551713420682e-7,0.9587094187736511,4.673778519759253e-8,1,-9.154341285011469e-8,-0.9587094187736511,1.8774164445289899e-8,-0.28438740968704226],5,1.821183204650879],[[752.0552978515625,228.2779083251953,48.79030990600586,-0.28482645750045779,1.347329288137189e-7,0.9585791230201721,6.246259687259226e-8,1,-1.2199507182231174e-7,-0.9585791230201721,2.5127913971800809e-8,-0.28482645750045779],5,1.8341825008392335],[[751.8025512695313,227.49217224121095,48.86647415161133,-0.2853447496891022,1.001023690605507e-7,0.9584249258041382,4.653122687159339e-8,1,-9.059126426791409e-8,-0.9584249258041382,1.8746945329439769e-8,-0.2853447496891022],7,1.848841667175293],[[751.6134033203125,227.1310272216797,48.923500061035159,-0.2856859266757965,7.415046354708466e-8,0.9583232998847961,3.4573709228880037e-8,1,-6.706843436177223e-8,-0.9583232998847961,1.3972281998064773e-8,-0.2856859266757965],7,1.8618049621582032],[[751.4242553710938,227.13018798828126,48.98051452636719,-0.2859882712364197,4.821638199814515e-8,0.958233118057251,2.2611082783896564e-8,1,-4.3569645669094828e-8,-0.958233118057251,9.206280182638693e-9,-0.2859882712364197],7,1.8753862380981446],[[751.2352294921875,227.1783905029297,49.0380744934082,-0.2864675223827362,2.2300316260270848e-8,0.9580899477005005,1.0651711512821294e-8,1,-2.009096000676891e-8,-0.9580899477005005,4.449890234070608e-9,-0.2864675223827362],8,1.8883893489837647],[[750.9835205078125,227.21963500976563,49.11611557006836,-0.2876473069190979,-1.2224592893517184e-8,0.9577364325523377,-5.305837991187445e-9,1,1.117048764598394e-8,-0.9577364325523377,-1.8684334079921429e-9,-0.2876473069190979],8,1.9026591777801514],[[750.7320556640625,227.22250366210938,49.195106506347659,-0.28921255469322207,-4.6713093837524869e-8,0.9572649002075195,-2.131093346235957e-8,1,4.235996442503165e-8,-0.9572649002075195,-8.149174668403703e-9,-0.28921255469322207],8,1.922804594039917],[[750.4810791015625,227.1863555908203,49.27573776245117,-0.29134881496429446,-8.11629590202756e-8,0.9566168785095215,-3.740487741765719e-8,1,7.345165187189196e-8,-0.9566168785095215,-1.4382086632735991e-8,-0.29134881496429446],8,1.9343416690826417],[[750.3558349609375,227.1663818359375,49.316837310791019,-0.29267221689224245,-9.837243908350502e-8,0.9562128186225891,-4.550189913743452e-8,1,8.895017344912049e-8,-0.9562128186225891,-1.747625510972739e-8,-0.29267221689224245],8,1.9450809955596924],[[750.1680908203125,227.13636779785157,49.3787956237793,-0.2947465479373932,-1.0653987203568249e-7,0.9555754661560059,-4.951271748154795e-8,1,9.622073093851214e-8,-0.9555754661560059,-1.8952411195982678e-8,-0.2947465479373932],8,1.9599428176879883],[[749.9178466796875,227.0963897705078,49.46182632446289,-0.29749104380607607,-7.04434626186412e-8,0.9547246098518372,-3.2979823316736659e-8,1,6.350759207407464e-8,-0.9547246098518372,-1.2593710074781939e-8,-0.29749104380607607],8,1.9740393161773682],[[749.7303466796875,227.0665283203125,49.524688720703128,-0.29957637190818789,-4.34011937500145e-8,0.9540723562240601,-2.0512441523123927e-8,1,3.904960976797156e-8,-0.9540723562240601,-7.87201326346576e-9,-0.29957637190818789],8,1.9864082336425782],[[749.4183959960938,227.01699829101563,49.63111114501953,-0.3034367561340332,1.6105328182192125e-9,0.9528515934944153,3.950022531284958e-10,1,-1.5644352480137514e-9,-0.9528515934944153,-9.832862302161516e-11,-0.3034367561340332],8,2.006633996963501],[[749.2938842773438,226.99732971191407,49.67457580566406,-0.30518579483032229,1.9593954903029954e-8,0.9522928595542908,8.812683027770163e-9,1,-1.7751315084524323e-8,-0.9522928595542908,2.9748055130340846e-9,-0.30518579483032229],8,2.017165422439575],[[749.1072998046875,226.9678955078125,49.740150451660159,-0.30785393714904787,4.6545370224748697e-8,0.9514336585998535,2.1504858338516898e-8,1,-4.1963005514844556e-8,-0.9514336585998535,7.541968827240453e-9,-0.30785393714904787],8,2.0293233394622804],[[748.9207153320313,226.93846130371095,49.80577087402344,-0.3103480339050293,7.346854147272097e-8,0.9506230354309082,3.4264818538076727e-8,1,-6.609825931036539e-8,-0.9506230354309082,1.2059460097191277e-8,-0.3103480339050293],8,2.0403785705566408],[[748.7963256835938,226.91883850097657,49.849517822265628,-0.31186947226524355,9.140204326740786e-8,0.950124979019165,4.280058263361752e-8,1,-8.21511392246066e-8,-0.950124979019165,1.5045470647123694e-8,-0.31186947226524355],8,2.051365613937378],[[748.6097412109375,226.889404296875,49.915138244628909,-0.3139539062976837,1.1828014834236456e-7,0.949438214302063,5.5638661677903659e-8,1,-1.0618086321301235e-7,-0.949438214302063,1.9489574398789956e-8,-0.3139539062976837],8,2.0634500980377199],[[748.3609619140625,226.85015869140626,50.00263214111328,-0.3164331912994385,8.16916383428179e-8,0.948614776134491,3.864510844664437e-8,1,-7.322576323076646e-8,-0.948614776134491,1.3488258510108153e-8,-0.3164331912994385],8,2.077481508255005],[[748.1743774414063,226.8207244873047,50.06825256347656,-0.3180675208568573,5.427993698958744e-8,0.9480680823326111,2.5824080651659643e-8,1,-4.8589480883265426e-8,-0.9480680823326111,9.028250147480322e-9,-0.3180675208568573],8,2.0909481048583986],[[747.9255981445313,226.78147888183595,50.15574645996094,-0.31997933983802798,1.7768952531582728e-8,0.9474245309829712,8.650509641938698e-9,1,-1.583341813216066e-8,-0.9474245309829712,3.1293385660546848e-9,-0.31997933983802798],8,2.105823516845703],[[747.739013671875,226.75204467773438,50.22136688232422,-0.32123473286628725,-9.586686111617837e-9,0.9469996094703674,-4.275334308800893e-9,1,8.672970785994494e-9,-0.9469996094703674,-1.2626801826343126e-9,-0.32123473286628725],8,2.1232526302337648],[[747.4280395507813,226.70298767089845,50.33073425292969,-0.32305535674095156,-5.5128786868863247e-8,0.946380078792572,-2.5881824683438027e-8,1,4.9417277381280658e-8,-0.946380078792572,-8.529526418499245e-9,-0.32305535674095156],8,2.142159938812256],[[747.1790161132813,226.66368103027345,50.41785430908203,-0.3241375982761383,-9.151856517064516e-8,0.9460099339485169,-4.319437607591681e-8,1,8.194168543695923e-8,-0.9460099339485169,-1.4301927642179635e-8,-0.3241375982761383],8,2.156285285949707],[[746.9920654296875,226.63412475585938,50.48261642456055,-0.32457926869392397,-1.1878702821377374e-7,0.9458584785461426,-5.616217535475698e-8,1,1.0631394786742021e-7,-0.9458584785461426,-1.8614166208408279e-8,-0.32457926869392397],8,2.1715786457061769],[[746.7423706054688,226.5944366455078,50.56730270385742,-0.32431918382644656,-8.225035230680078e-8,0.9459477066993713,-3.889200783646629e-8,1,7.361605014466477e-8,-0.9459477066993713,-1.291470930198102e-8,-0.32431918382644656],8,2.1857850551605226],[[746.5545654296875,226.56442260742188,50.6292839050293,-0.323410302400589,-5.486558407596931e-8,0.9462588429450989,-2.591256098583017e-8,1,4.9125240764169578e-8,-0.9462588429450989,-8.632380144035779e-9,-0.323410302400589],8,2.2007575035095217],[[746.3037109375,226.52415466308595,50.71038818359375,-0.32145291566848757,-1.837108598579107e-8,0.9469255805015564,-8.643879390035636e-9,1,1.6466431773665137e-8,-0.9469255805015564,-2.8919280303796315e-9,-0.32145291566848757],8,2.213996171951294],[[746.114990234375,226.5008544921875,50.7691764831543,-0.3192265033721924,8.988813249288797e-9,0.9476784467697144,4.242002304977177e-9,1,-8.056164624292706e-9,-0.9476784467697144,1.4483128030207127e-9,-0.3192265033721924],8,2.229637384414673],[[745.8623657226563,226.4956512451172,50.843971252441409,-0.31481027603149416,4.546109266811982e-8,0.9491546154022217,2.1250851744980538e-8,1,-4.08480396174582e-8,-0.9491546154022217,7.310960281614598e-9,-0.31481027603149416],8,2.2432470321655275],[[745.672119140625,226.47618103027345,50.8969612121582,-0.3103834092617035,7.281457214958209e-8,0.9506114721298218,3.3804369081735788e-8,1,-6.556017950742899e-8,-0.9506114721298218,1.1786028153437656e-8,-0.3103834092617035],8,2.2568089962005617],[[745.4810180664063,226.42832946777345,50.94662094116211,-0.3047757148742676,1.0017232199288628e-7,0.952424168586731,4.6102250905732947e-8,1,-9.042344828458227e-8,-0.952424168586731,1.6350027109979238e-8,-0.3047757148742676],8,2.2698659896850588],[[745.2261352539063,227.30145263671876,51.01218795776367,-0.2969367206096649,1.3666044651472476e-7,0.95489716