[[[776,222.69961547851563,47,1,2.98376008345258e-8,3.8931404554667409e-15,-2.98376008345258e-8,1,2.826812561806946e-9,-3.8087950321615258e-15,-2.826812561806946e-9,1],8,0.00625157356262207],[[776,222.69961547851563,47,1,4.170335632380784e-9,3.883686720742435e-15,-4.170335632380784e-9,1,3.9509240323809538e-10,-3.882039241660026e-15,-3.9509240323809538e-10,1],8,0.018165111541748048],[[776,222.69961547851563,47,1,-1.293203588659253e-8,3.912019549311618e-15,1.293203588659253e-8,1,-1.2251886172265359e-9,-3.896175374516753e-15,1.2251886172265359e-9,1],8,0.028094053268432618],[[776,222.69961547851563,47,1,-3.002709902943934e-8,3.968022403168757e-15,3.002709902943934e-8,1,-2.8447775246576158e-9,-3.882602095053476e-15,2.8447775246576158e-9,1],8,0.037222862243652347],[[776,222.69961547851563,47,1,-5.5655995367942526e-8,4.103832701316196e-15,5.5655995367942526e-8,1,-5.272863923266868e-9,-3.810366278278682e-15,5.272863923266868e-9,1],8,0.06112861633300781],[[776,222.69961547851563,47,-0.9931398630142212,5.1969579750732468e-9,-0.11693237721920014,4.371237150024854e-9,1,7.317977335219439e-9,0.11693237721920014,6.756635695381874e-9,-0.9931398630142212],8,0.07304048538208008],[[776,222.69961547851563,47,-0.9975203275680542,-2.1355520019028519e-8,0.07037871330976486,-2.0511132348133289e-8,1,1.2720448694381048e-8,-0.07037871330976486,1.124536108676466e-8,-0.9975203275680542],8,0.09302449226379395],[[776,222.69961547851563,47,-0.9940245747566223,-5.486543130928112e-8,0.10915673524141312,-5.290515403544305e-8,1,2.0854514559687233e-8,-0.10915673524141312,1.4954945726231018e-8,-0.9940245747566223],8,0.09962129592895508],[[776,222.69961547851563,47,-0.9932006001472473,-7.146741154429037e-8,0.1164156123995781,-6.901599647335388e-8,1,2.5088390032124154e-8,-0.1164156123995781,1.688326456417144e-8,-0.9932006001472473],8,0.11010336875915528],[[776,222.69961547851563,47,-0.9931474924087524,-8.795494466085074e-8,0.11686767637729645,-8.510821203344676e-8,1,2.9348885988156327e-8,-0.11686767637729645,1.920137293609514e-8,-0.9931474924087524],8,0.11934709548950196],[[776,222.69961547851563,47,-0.9931325316429138,-1.0376814429946535e-7,0.11699452251195908,-1.0063865829579299e-7,1,3.265638426341866e-8,-0.11699452251195908,2.065794468819604e-8,-0.9931325316429138],8,0.13268613815307618],[[776,222.69961547851563,47,-0.9931207299232483,-9.488098839938175e-8,0.11709505319595337,-9.205326279015935e-8,1,2.9557044811667766e-8,-0.11709505319595337,1.8574731086573594e-8,-0.9931207299232483],8,0.15964365005493165],[[776,222.69961547851563,47,-0.9929149150848389,-3.2741130695512768e-8,0.11882752925157547,-3.2043828923633558e-8,1,7.778788280177196e-9,-0.11882752925157547,3.91598620197442e-9,-0.9929149150848389],8,0.16665005683898927],[[776,222.69961547851563,47,-0.9929139614105225,-1.499474855393146e-8,0.11883522570133209,-1.4914755652739588e-8,1,1.5624813665127136e-9,-0.11883522570133209,-2.2098892160649087e-10,-0.9929139614105225],8,0.17649245262145997],[[775.9498291015625,222.69961547851563,46.993995666503909,-0.9929139614105225,2.7440820726809535e-9,0.11883541941642761,2.2069972516192139e-9,1,-4.65117011572147e-9,-0.11883541941642761,-4.355942273548408e-9,-0.9929139614105225],8,0.18792247772216798],[[775.644287109375,222.69961547851563,46.95743179321289,-0.9927048683166504,4.706560119416281e-8,0.12056972831487656,4.49521913026274e-8,1,-2.024837719716288e-8,-0.12056972831487656,-1.468078902888692e-8,-0.9927048683166504],8,0.21630334854125977],[[775.1812744140625,222.69961547851563,46.90126037597656,-0.9920589923858643,1.0910192571600419e-7,0.1257733255624771,1.0460362176445415e-7,1,-4.2369574515532807e-8,-0.1257733255624771,-2.8876772972807886e-8,-0.9920589923858643],8,0.24359965324401856],[[774.8504638671875,222.69961547851563,46.85954666137695,-0.9913854598999023,6.867421120659856e-8,0.13097678124904633,6.58400267639081e-8,1,-2.596921788722284e-8,-0.13097678124904633,-1.712198915981844e-8,-0.9913854598999023],8,0.26406335830688479],[[774.189453125,222.69961547851563,46.772438049316409,-0.9904457926750183,-1.2233345003664909e-8,0.13790279626846314,-1.1332281779630194e-8,1,7.319176820175244e-9,-0.13790279626846314,5.686494830570155e-9,-0.9904457926750183],8,0.29750895500183108],[[774.057373046875,222.69961547851563,46.75428771972656,-0.9884214401245117,-2.849598246257301e-8,0.15173332393169404,-2.6652525519921256e-8,1,1.4183134666723163e-8,-0.15173332393169404,9.974838732773606e-9,-0.9884214401245117],8,0.30615878105163576],[[773.8595581054688,222.69961547851563,46.72450256347656,-0.9878865480422974,-5.279413528569421e-8,0.15517795085906983,-4.95846030901248e-8,1,2.4553573396701723e-8,-0.15517795085906983,1.6561706672746369e-8,-0.9878865480422974],8,0.31984424591064455],[[773.6619873046875,222.69961547851563,46.693626403808597,-0.9862045645713806,-7.721294537077483e-8,0.16553115844726563,-7.239201949005292e-8,1,3.515717139634944e-8,-0.16553115844726563,2.2689029322009447e-8,-0.9862045645713806],8,0.32866406440734866],[[773.5304565429688,222.69961547851563,46.67191696166992,-0.9847206473350525,-9.356493535506161e-8,0.174141526222229,-8.752653002375155e-8,1,4.2354972862312937e-8,-0.174141526222229,2.6465812652531896e-8,-0.9847206473350525],8,0.3410830497741699],[[773.3334350585938,222.69961547851563,46.63747024536133,-0.9847206473350525,-1.177870387891744e-7,0.174141526222229,-1.1021616330708639e-7,1,5.314590367788696e-8,-0.174141526222229,3.3140658217689636e-8,-0.9847206473350525],8,0.3495943546295166],[[773.2020874023438,222.69961547851563,46.6142692565918,-0.9841053485870361,-9.866175787465181e-8,0.17758578062057496,-9.223332853025568e-8,1,4.445429269139822e-8,-0.17758578062057496,2.7368377786274324e-8,-0.9841053485870361],8,0.35956335067749026],[[773.0708618164063,222.69961547851563,46.59071350097656,-0.9828414916992188,-7.961813963675013e-8,0.18445202708244325,-7.431926718481918e-8,1,3.564111139553461e-8,-0.18445202708244325,2.1321223897530218e-8,-0.9828414916992188],8,0.36829686164855959],[[772.8742065429688,222.69961547851563,46.55410385131836,-0.982516884803772,-5.08223507722505e-8,0.18617360293865205,-4.748572735024936e-8,1,2.238137142285268e-8,-0.18617360293865205,1.3149485944552453e-8,-0.982516884803772],8,0.3785066604614258],[[772.7432250976563,222.69961547851563,46.529354095458987,-0.9818620681762695,-3.1656121279866059e-8,0.1895967274904251,-2.9637154952411039e-8,1,1.3484005911834629e-8,-0.1895967274904251,7.620326591961657e-9,-0.9818620681762695],8,0.39217162132263186],[[772.4159545898438,222.69961547851563,46.466304779052737,-0.9805113673210144,1.628479573412278e-8,0.1964624673128128,1.4794300007281436e-8,1,-9.05422758989971e-9,-0.1964624673128128,-5.971247940550484e-9,-0.9805113673210144],8,0.4104292392730713],[[772.28515625,222.69961547851563,46.44034957885742,-0.9798192977905273,3.548857918644899e-8,0.1998853087425232,3.252202773751378e-8,1,-1.8124740819303044e-8,-0.1998853087425232,-1.1258295629090754e-8,-0.9798192977905273],8,0.4191460609436035],[[772.0891723632813,222.69961547851563,46.400543212890628,-0.9794666171073914,6.426748200283328e-8,0.20160645246505738,5.907547873107433e-8,1,-3.1769918251711718e-8,-0.20160645246505738,-1.9207575974178327e-8,-0.9794666171073914],8,0.4290771484375],[[771.9585571289063,222.69961547851563,46.37372589111328,-0.9787558913230896,8.349676505758907e-8,0.20502914488315583,7.673642699046468e-8,1,-4.0923634259115718e-8,-0.20502914488315583,-2.432104473371055e-8,-0.9787558913230896],8,0.4417116641998291],[[771.7628173828125,222.69961547851563,46.33285903930664,-0.9783982038497925,1.1226734386582393e-7,0.20672926306724549,1.0318981225054813e-7,1,-5.469285468961971e-8,-0.20672926306724549,-3.2179034548107668e-8,-0.9783982038497925],8,0.45154356956481936],[[771.63232421875,222.69961547851563,46.305362701416019,-0.9780373573303223,9.618976548608771e-8,0.20842969417572022,8.838267717692361e-8,1,-4.6769752515274379e-8,-0.20842969417572022,-2.7320989914869643e-8,-0.9780373573303223],8,0.46224498748779299],[[771.436767578125,222.69961547851563,46.26374816894531,-0.9776735305786133,7.205003527133158e-8,0.2101297378540039,6.620452808192567e-8,1,-3.485287436433282e-8,-0.2101297378540039,-2.0163192004929443e-8,-0.9776735305786133],8,0.4734184741973877],[[771.176025390625,222.69961547851563,46.20778274536133,-0.9776735901832581,3.982469465313443e-8,0.2101294994354248,3.6655759316772676e-8,1,-1.8975583770952654e-8,-0.2101294994354248,-1.0849469767038045e-8,-0.9776735901832581],8,0.49280786514282229],[[770.98046875,222.69961547851563,46.1657600402832,-0.9776734113693237,1.5673782272074278e-8,0.21013019979000092,1.4510771251252664e-8,1,-7.0765029391850479e-9,-0.21013019979000092,-3.869357279029373e-9,-0.9776734113693237],8,0.5020391941070557],[[770.784912109375,222.69961547851563,46.12373733520508,-0.978037416934967,-8.468418855045457e-9,0.20842944085597993,-7.640676535913827e-9,1,4.7764427968388649e-9,-0.20842944085597993,3.078997723449106e-9,-0.978037416934967],8,0.5136168003082275],[[770.654541015625,222.69961547851563,46.09588623046875,-0.9787605404853821,-2.453930036949714e-8,0.2050069272518158,-2.2427956380965953e-8,1,1.2622504819148617e-8,-0.2050069272518158,7.756523423552153e-9,-0.9787605404853821],8,0.524122953414917],[[770.4588012695313,222.69961547851563,46.054744720458987,-0.9798194766044617,-4.860806512851923e-8,0.1998845636844635,-4.465825398369816e-8,1,2.4269191101211619e-8,-0.1998845636844635,1.485293044112268e-8,-0.9798194766044617],8,0.5341587066650391],[[770.3281860351563,222.69961547851563,46.02791213989258,-0.9818620085716248,-6.451413980812504e-8,0.18959689140319825,-5.955111603839214e-8,1,3.187372143997891e-8,-0.18959689140319825,2.000488841247261e-8,-0.9818620085716248],8,0.546534538269043],[[770.0669555664063,223.56251525878907,45.97441482543945,-0.9837969541549683,-9.64092023991725e-8,0.17928627133369447,-8.947557006422358e-8,1,4.675993281466617e-8,-0.17928627133369447,2.9960538938667017e-8,-0.9837969541549683],3,0.5632932186126709],[[769.8048095703125,224.37091064453126,45.92576599121094,-0.9650099277496338,-1.2868703436197394e-7,0.2622133791446686,-1.137786966864951e-7,1,7.203851026815755e-8,-0.2622133791446686,3.9683577313098797e-8,-0.9650099277496338],5,0.5856196880340576],[[769.5421752929688,225.1248016357422,45.8795051574707,-0.9568676948547363,-1.424393474280805e-7,0.29052406549453738,-1.202794095434001e-7,1,9.413287926918201e-8,-0.29052406549453738,5.512864476031609e-8,-0.9568676948547363],5,0.5942823886871338],[[769.4107055664063,225.4813232421875,45.85719299316406,-0.9742873311042786,-1.1881147088388389e-7,0.22530923783779145,-1.0072634637481315e-7,1,9.176309134772964e-8,-0.22530923783779145,6.670903474059742e-8,-0.9742873311042786],5,0.6031286716461182],[[769.2133178710938,225.99053955078126,45.82489013671875,-0.9670730829238892,-9.13936233359891e-8,0.2544987201690674,-7.176725347335378e-8,1,8.640294169026675e-8,-0.2544987201690674,6.529328544502278e-8,-0.9670730829238892],5,0.6139743328094482],[[769.0816650390625,226.31298828125,45.80384063720703,-0.976512610912323,-6.905600713480453e-8,0.21546024084091187,-5.255754231825449e-8,1,8.230244930018671e-8,-0.21546024084091187,6.90453205720587e-8,-0.976512610912323],5,0.6242799758911133],[[768.8839721679688,226.7711181640625,45.7735595703125,-0.9696471691131592,-4.1568281261561427e-8,0.24450848996639253,-2.4139792387245508e-8,1,7.427636461443399e-8,-0.24450848996639253,6.611948322188255e-8,-0.9696471691131592],5,0.6339330673217773],[[768.7521362304688,227.0594940185547,45.75388717651367,-0.9779884219169617,-1.9376871662757368e-8,0.20865902304649354,-5.243800060839021e-9,1,6.82860274991981e-8,-0.20865902304649354,6.56887806371742e-8,-0.9779884219169617],5,0.6444318294525147],[[768.55419921875,227.46652221679688,45.725120544433597,-0.9713332056999207,8.418417074551599e-9,0.23772211372852326,2.2704462310230157e-8,1,5.735764574410496e-8,-0.23772211372852326,6.111073957981717e-8,-0.9713332056999207],5,0.6556706428527832],[[768.356201171875,227.8428955078125,45.697059631347659,-0.972972571849823,3.8778175337483847e-8,0.2309207171201706,5.0458154987609308e-8,1,4.467430869681266e-8,-0.2309207171201706,5.5118711372870169e-8,-0.972972571849823],5,0.6700539588928223],[[768.1580200195313,228.18861389160157,45.670257568359378,-0.9737739562988281,6.912588901286654e-8,0.22751770913600923,7.800689161285845e-8,1,3.0042464516100156e-8,-0.22751770913600923,4.700251921008203e-8,-0.9737739562988281],5,0.6830463409423828],[[767.959716796875,228.50367736816407,45.64426803588867,-0.9741677045822144,9.962390379314457e-8,0.22582590579986573,1.0534908767567686e-7,1,1.330128807097708e-8,-0.22582590579986573,3.674823645383185e-8,-0.9741677045822144],5,0.6934421062469482],[[767.8275146484375,228.69668579101563,45.627201080322269,-0.9821504354476929,1.2128251114518208e-7,0.18809719383716584,1.2373043034585863e-7,1,1.2727037201898384e-9,-0.18809719383716584,2.4523334474224613e-8,-0.9821504354476929],5,0.7035431861877441],[[767.6290283203125,228.9606475830078,45.602535247802737,-0.9757260084152222,1.5136733111376089e-7,0.2189948707818985,1.5082480331329862e-7,1,-1.9195192990650868e-8,-0.2189948707818985,1.430060692086954e-8,-0.9757260084152222],5,0.7149133682250977],[[767.4305419921875,229.1939697265625,45.57835006713867,-0.9761091470718384,1.3012761712616339e-7,0.21728086471557618,1.2660196091474064e-7,1,-3.014663363387626e-8,-0.21728086471557618,-1.9182193611300137e-9,-0.9761091470718384],5,0.7264204025268555],[[767.2982177734375,229.3324737548828,45.56244659423828,-0.983443558216095,1.1544720024403432e-7,0.1812145709991455,1.1062301297215527e-7,1,-3.6728316388234819e-8,-0.1812145709991455,-1.6073727238108405e-8,-0.983443558216095],5,0.7369499206542969],[[767.0995483398438,229.5146942138672,45.53923797607422,-0.9772354364395142,9.411624546373787e-8,0.21215766668319703,8.659262817900526e-8,1,-4.475377224366639e-8,-0.21215766668319703,-2.5363682709667047e-8,-0.9772354364395142],5,0.7490930557250977],[[766.90087890625,229.666259765625,45.51644515991211,-0.9779695272445679,7.193375495262444e-8,0.20874759554862977,6.263888252533434e-8,1,-5.113751555541057e-8,-0.20874759554862977,-3.693521577474712e-8,-0.9779695272445679],5,0.7622425556182861],[[766.7020874023438,229.7871551513672,45.494285583496097,-0.979405403137207,4.9266763113564596e-8,0.20190365612506867,3.87530789680568e-8,1,-5.602568009521747e-8,-0.20190365612506867,-4.704746459083253e-8,-0.979405403137207],5,0.772801399230957],[[766.5032348632813,229.87741088867188,45.4733772277832,-0.9807924032211304,2.621232475519264e-8,0.19505451619625092,1.4899618427932637e-8,1,-5.9464873913839258e-8,-0.19505451619625092,-5.541645720086308e-8,-0.9807924032211304],5,0.7842624187469482],[[766.30419921875,229.93701171875,45.453857421875,-0.9817996621131897,2.8705571253340169e-9,0.18991944193840028,-8.961950292984966e-9,1,-6.144392727946979e-8,-0.18991944193840028,-6.202768076946086e-8,-0.9817996621131897],5,0.7966399192810059],[[766.03857421875,229.96878051757813,45.42937088012695,-0.976078987121582,-2.653157515908333e-8,0.2174161672592163,-4.083062421500472e-8,1,-6.127574181391538e-8,-0.2174161672592163,-6.868719992780825e-8,-0.976078987121582],5,0.814014196395874],[[765.70654296875,229.93185424804688,45.40056610107422,-0.9721025824546814,-6.514621730957515e-8,0.2345561385154724,-8.078822588686308e-8,1,-5.707896377771249e-8,-0.2345561385154724,-7.443598093459514e-8,-0.9721025824546814],5,0.8324384689331055],[[765.507080078125,229.8688201904297,45.385948181152347,-0.9867223501205444,-9.503301612312498e-8,0.16241620481014253,-1.050981381922611e-7,1,-5.3379324072011516e-8,-0.16241620481014253,-6.974021005135e-8,-0.9867223501205444],5,0.8461363315582275],[[765.3074951171875,229.77513122558595,45.37302017211914,-0.9878331422805786,-1.2052578313159757e-7,0.15551738440990449,-1.295922658073323e-7,1,-4.816023846387907e-8,-0.15551738440990449,-6.772813065936134e-8,-0.9878331422805786],5,0.860076904296875],[[765.1078491210938,229.65078735351563,45.361507415771487,-0.9883703589439392,-1.462129546325741e-7,0.15206576883792878,-1.542834695555939e-7,1,-4.1273306550237979e-8,-0.15206576883792878,-6.425455012504244e-8,-0.9883703589439392],5,0.8705964088439941],[[764.9746704101563,229.5508575439453,45.35435104370117,-0.9936944246292114,-1.4926963842754049e-7,0.11212208867073059,-1.5383287177428429e-7,1,-3.204740650630811e-8,-0.11212208867073059,-4.909339423875281e-8,-0.9936944246292114],5,0.8798260688781738],[[764.8414916992188,229.43731689453126,45.347999572753909,-0.9940798282623291,-1.3355662531466806e-7,0.1086522564291954,-1.3641012230891648e-7,1,-1.8830007775250125e-8,-0.1086522564291954,-3.353979849407551e-8,-0.9940798282623291],5,0.8896174430847168],[[764.7083129882813,229.3101348876953,45.34221267700195,-0.9944530129432678,-1.1761331819570842e-7,0.10518181324005127,-1.1897326146481646e-7,1,-6.6551444355411608e-9,-0.10518181324005127,-1.9132050610437547e-8,-0.9944530129432678],5,0.8999006748199463],[[764.3753662109375,228.93258666992188,45.329139709472659,-0.9807361364364624,-7.612158725578411e-8,0.1953372061252594,-7.416033298568436e-8,1,1.735392984869577e-8,-0.1953372061252594,2.533354637179741e-9,-0.9807361364364624],5,0.9195218086242676],[[764.1754150390625,228.66517639160157,45.32280349731445,-0.9917905330657959,-5.0881610036412897e-8,0.12787304818630219,-4.747312587483066e-8,1,2.970299384230657e-8,-0.12787304818630219,2.3388615488784127e-8,-0.9917905330657959],5,0.9293994903564453],[[764.1087646484375,228.56922912597657,45.32086181640625,-0.9981038570404053,-4.0655947941559137e-8,0.061552803963422778,-3.865840625394412e-8,1,3.364343115208612e-8,-0.061552803963422778,3.120010205748258e-8,-0.9981038570404053],5,0.9377288818359375],[[763.9088134765625,228.2609405517578,45.3151741027832,-0.9917905330657959,-1.718993125621182e-8,0.12787304818630219,-1.1761428275747221e-8,1,4.320737190255386e-8,-0.12787304818630219,4.1348691581788447e-8,-0.9917905330657959],5,0.947568416595459],[[763.7755126953125,228.03839111328126,45.311405181884769,-0.9954996109008789,1.5440453360326956e-9,0.0947655737400055,6.193153545552832e-9,1,4.8764931648292989e-8,-0.0947655737400055,4.913236750780925e-8,-0.9954996109008789],5,0.9574887752532959],[[763.5755615234375,227.67901611328126,45.30575180053711,-0.9917905330657959,2.6093339045019094e-8,0.12787315249443055,3.340229071113754e-8,1,5.501340538671684e-8,-0.12787315249443055,5.8833030891491947e-8,-0.9917905330657959],5,0.96885085105896],[[763.3756103515625,227.2889862060547,45.30009841918945,-0.9917905330657959,5.274881687000743e-8,0.1278730183839798,6.083444503701685e-8,1,5.932610136483163e-8,-0.1278730183839798,6.661814921926634e-8,-0.9917905330657959],5,0.9806463718414307],[[763.2423095703125,227.01193237304688,45.296329498291019,-0.9954996109008789,7.305491322995295e-8,0.0947655439376831,7.923415523691802e-8,1,6.14427690948105e-8,-0.0947655439376831,6.867492174933432e-8,-0.9954996109008789],5,0.9911088943481445],[[763.0423583984375,226.57080078125,45.29067611694336,-0.9917905330657959,9.819655133469496e-8,0.12787312269210816,1.0707511677310322e-7,1,6.255838513880008e-8,-0.12787312269210816,7.573684257522473e-8,-0.9917905330657959],5,1.0017461776733399],[[762.7757568359375,225.93495178222657,45.283138275146487,-0.9869807362556458,1.3299039380854084e-7,0.16083866357803346,1.445899471264056e-7,1,6.041519640120896e-8,-0.16083866357803346,8.288428432479123e-8,-0.9869807362556458],5,1.0180280208587647],[[762.5758056640625,225.42230224609376,45.27748489379883,-0.9917905330657959,1.3266289045077429e-7,0.12787297368049622,1.3958049294160447e-7,1,4.513638529601849e-8,-0.12787297368049622,6.261441143351476e-8,-0.9917905330657959],5,1.0294599533081055],[[762.4425048828125,225.06349182128907,45.27371597290039,-0.9958241581916809,1.2214393052545348e-7,0.09129182994365692,1.2549416794627178e-7,1,3.095784961715253e-8,-0.09129182994365692,4.228516914395186e-8,-0.9958241581916809],5,1.061809778213501],[[761.9759521484375,223.7003936767578,45.26201248168945,-0.9703732132911682,7.252957345826872e-8,0.24161101877689362,7.284273806362762e-8,1,-7.63595764396996e-9,-0.24161101877689362,1.0189880050859302e-8,-0.9703732132911682],5,1.0699002742767335],[[761.7760009765625,223.0651092529297,45.25931930541992,-0.9946213960647583,5.295682115047384e-8,0.10357733815908432,5.0897043024633606e-8,1,-2.2529391685566226e-8,-0.10357733815908432,-1.7136434493636444e-8,-0.9946213960647583],5,1.081047773361206],[[761.5760498046875,222.399169921875,45.258262634277347,-0.9951496124267578,3.2169971575513048e-8,0.09837274253368378,2.878950589035867e-8,1,-3.578334073495171e-8,-0.09837274253368378,-3.277767390841291e-8,-0.9951496124267578],5,1.0926363468170167],[[761.4427490234375,222.32110595703126,45.25825881958008,-0.9998576641082764,1.6435567573580557e-8,0.01687224954366684,1.5703676581324545e-8,1,-4.3510826941428607e-8,-0.01687224954366684,-4.323967672803519e-8,-0.9998576641082764],7,1.1139416694641114],[[760.9095458984375,222.84783935546876,45.264156341552737,-0.9999949336051941,-3.2174206410218179e-8,-0.003175368532538414,-3.194397635297719e-8,1,-7.255552958440603e-8,0.003175368532538414,-7.245373012665368e-8,-0.9999949336051941],7,1.1360480785369874],[[760.786865234375,222.9734344482422,45.2669677734375,-0.9998558163642883,-5.0810285756597298e-8,-0.01698138564825058,-4.939779785217979e-8,1,-8.359804581914432e-8,0.01698138564825058,-8.274714957678953e-8,-0.9998558163642883],8,1.167072057723999],[[760.5907592773438,224.4681854248047,45.274017333984378,-0.9999955892562866,-9.074668128050689e-8,-0.0029730957467108967,-9.042370407996714e-8,1,-1.0876686928895652e-7,0.0029730957467108967,-1.08497545170394e-7,-0.9999955892562866],3,1.180574893951416],[[760.4917602539063,225.0591583251953,45.276737213134769,-0.9966258406639099,-1.0566949271151316e-7,0.08207858353853226,-1.1526815768547749e-7,1,-1.12206365088241e-7,-0.08207858353853226,-1.2128882076467563e-7,-0.9966258406639099],5,1.1969711780548096],[[760.3250732421875,225.79942321777345,45.278438568115237,-0.9879897236824036,-9.792777433403899e-8,0.15451975166797639,-1.1141462863406559e-7,1,-7.862249873369365e-8,-0.15451975166797639,-9.489397712059145e-8,-0.9879897236824036],5,1.2043776512145997],[[760.1187744140625,226.48519897460938,45.27659225463867,-0.9825997352600098,-8.445293531167408e-8,0.18573573231697083,-9.282758384188128e-8,1,-3.6392716395994287e-8,-0.18573573231697083,-5.300087124737729e-8,-0.9825997352600098],5,1.2292778491973878],[[759.8736572265625,227.11647033691407,45.267276763916019,-0.9817867279052734,-7.232883092456177e-8,0.1899864673614502,-7.309080984896355e-8,1,2.996265902055484e-9,-0.1899864673614502,-1.0944570583149016e-8,-0.9817867279052734],5,1.236999750137329],[[759.7413940429688,227.4116668701172,45.25988006591797,-0.9922455549240112,-6.570931532223767e-8,0.12429309636354447,-6.34515586739326e-8,1,2.212346039698332e-8,-0.12429309636354447,1.4065314246636263e-8,-0.9922455549240112],5,1.2542986869812012],[[759.475341796875,227.961181640625,45.244476318359378,-0.9817668199539185,-5.2472703515604738e-8,0.19008928537368775,-4.2177731529591259e-8,1,5.8204260966476798e-8,-0.19008928537368775,4.9125475243272379e-8,-0.9817668199539185],5,1.26277756690979],[[759.4088134765625,228.0900421142578,45.2406120300293,-0.9958342909812927,-4.3101174185267158e-8,0.09118154644966126,-3.71271369203896e-8,1,6.721423062572285e-8,-0.09118154644966126,6.35489243450138e-8,-0.9958342909812927],5,1.271346092224121],[[759.209228515625,228.45620727539063,45.22901916503906,-0.9875532388687134,-3.508532486762306e-8,0.15728513896465302,-2.068480497996461e-8,1,9.319366256477224e-8,-0.15728513896465302,8.87802897864276e-8,-0.9875532388687134],5,1.29005765914917],[[758.943115234375,228.896728515625,45.21356201171875,-0.9814324378967285,-2.1440859754306986e-8,0.19180816411972047,2.8484088421265598e-9,1,1.26357392105092e-7,-0.19180816411972047,1.2455760156626639e-7,-0.9814324378967285],5,1.299086332321167],[[758.677001953125,229.28274536132813,45.19770812988281,-0.9810958504676819,-3.5636049666720739e-9,0.19352231919765473,2.7649365463844334e-8,1,1.5858782376199088e-7,-0.19352231919765473,1.6094062971205859e-7,-0.9810958504676819],5,1.321045160293579],[[758.410888671875,229.6142578125,45.181392669677737,-0.9807562232017517,1.297483542828104e-8,0.19523638486862184,3.738197307256996e-8,1,1.2132865379044234e-7,-0.19523638486862184,1.262921500710945e-7,-0.9807562232017517],5,1.3435347080230713],[[758.0782470703125,229.9520263671875,45.160396575927737,-0.9737086296081543,2.86510921654326e-8,0.22779712080955506,4.715409218647437e-8,1,7.578346128411795e-8,-0.22779712080955506,8.453257294149808e-8,-0.9737086296081543],5,1.3508079051971436],[[757.9451904296875,230.0632781982422,45.151973724365237,-0.9915792346000671,4.353297100578857e-8,0.1295013576745987,5.1470983919443827e-8,1,5.794987600893364e-8,-0.1295013576745987,6.412745534589703e-8,-0.9915792346000671],5,1.366640329360962],[[757.612548828125,230.2818145751953,45.130916595458987,-0.9733089804649353,5.42552420768061e-8,0.22949855029582978,5.878114706092674e-8,1,1.2884522782030672e-8,-0.22949855029582978,2.6030811284272205e-8,-0.9733089804649353],5,1.3784596920013428],[[757.4129638671875,230.3720703125,45.11799621582031,-0.9861414432525635,6.473428015851823e-8,0.16590674221515656,6.3239696146411e-8,1,-1.4291109629027688e-8,-0.16590674221515656,-3.601162923416723e-9,-0.9861414432525635],5,1.4039757251739503],[[757.0166625976563,230.46343994140626,45.09224319458008,-0.9911381602287293,8.458236067099279e-8,0.13283483684062959,7.64179119983055e-8,1,-6.656119211356781e-8,-0.13283483684062959,-5.5820375877146947e-8,-0.9911381602287293],5,1.4350919723510743],[[756.7736206054688,230.40890502929688,45.076446533203128,-0.993797242641449,1.0106329284553795e-7,0.11120731383562088,8.9536399627832e-8,1,-1.0864635413554424e-7,-0.11120731383562088,-9.801534162079406e-8,-0.993797242641449],5,1.4534330368041993],[[756.6610717773438,230.30442810058595,45.06913757324219,-0.9886786341667175,1.1666547550248652e-7,0.15004849433898927,9.721753713165526e-8,1,-1.3694619838133804e-7,-0.15004849433898927,-1.2080843703188294e-7,-0.9886786341667175],5,1.4619834423065186],[[756.6196899414063,230.23175048828126,45.06644821166992,-0.9862039089202881,1.0141855710799064e-7,0.1655351221561432,8.245110905136244e-8,1,-1.2145432037868887e-7,-0.1655351221561432,-1.0613016598881586e-7,-0.9862039089202881],5,1.4815406799316407],[[756.566650390625,230.04551696777345,45.0629997253418,-0.9808545708656311,7.029296256177986e-8,0.19474180042743684,5.387014212487884e-8,1,-8.962733488715458e-8,-0.19474180042743684,-7.742060859072808e-8,-0.9808545708656311],5,1.4881994724273682],[[756.5528564453125,229.87008666992188,45.06210708618164,-0.9776735305786133,4.58461890673334e-8,0.21012964844703675,3.2827976781391047e-8,1,-6.54412417588901e-8,-0.21012964844703675,-5.708204042775833e-8,-0.9776735305786133],5,1.5036146640777588],[[756.5515747070313,229.58848571777345,45.0620231628418,-0.9680094122886658,1.401740057360712e-8,0.2509138584136963,6.1677156715234109e-9,1,-3.207074072975047e-8,-0.2509138584136963,-2.9497213560603087e-8,-0.9680094122886658],5,1.525862455368042],[[756.5515747070313,229.25238037109376,45.0620231628418,-0.9464516043663025,-1.79599535243824e-8,0.3228456676006317,-1.789268466723115e-8,1,3.176110929814513e-9,-0.3228456676006317,-2.7705402416700055e-9,-0.9464516043663025],5,1.5336174964904786],[[756.5515747070313,228.96453857421876,45.0620231628418,-0.9382765889167786,-4.348118665120637e-8,0.34588590264320376,-3.527336644992829e-8,1,3.0024391861616098e-8,-0.34588590264320376,1.5970625710792775e-8,-0.9382765889167786],5,1.5571420192718506],[[756.5515747070313,228.53305053710938,45.0620231628418,-0.9242957234382629,-7.816289837592194e-8,0.38167715072631838,-5.703893890540712e-8,1,6.665857199550374e-8,-0.38167715072631838,3.984177254778842e-8,-0.9242957234382629],5,1.56428861618042],[[756.5377807617188,228.17367553710938,45.056339263916019,-0.8860028982162476,-1.0528181348945509e-7,0.4636797308921814,-6.707525557203553e-8,1,9.888925234236012e-8,-0.4636797308921814,5.651472534395907e-8,-0.8860028982162476],5,1.576869249343872],[[756.5035400390625,227.7836456298828,45.04169464111328,-0.8656612634658814,-1.3018190259117547e-7,0.5006301999092102,-7.266282864293317e-8,1,1.343916267160239e-7,-0.5006301999092102,7.996042228342049e-8,-0.8656612634658814],5,1.5972931385040284],[[756.4263305664063,227.21591186523438,45.007545471191409,-0.8282234072685242,-1.0357475588307352e-7,0.5603980422019959,-4.541195863794201e-8,1,1.1770830354862483e-7,-0.5603980422019959,7.204000240790265e-8,-0.8282234072685242],5,1.6052961349487305],[[756.3744506835938,226.91160583496095,44.98381042480469,-0.8567127585411072,-8.360073877611285e-8,0.5157938003540039,-3.184419128388072e-8,1,1.0918978432528093e-7,-0.5157938003540039,7.711923899478279e-8,-0.8567127585411072],5,1.6151740550994874],[[756.3138427734375,226.59368896484376,44.955265045166019,-0.849372386932373,-6.863866275352848e-8,0.5277940034866333,-1.859171305795826e-8,1,1.0012879414489362e-7,-0.5277940034866333,7.523403411369145e-8,-0.849372386932373],5,1.6247475147247315],[[756.2069091796875,226.09124755859376,44.90296936035156,-0.8234540820121765,-4.797290031888224e-8,0.5673829317092896,4.774586281897086e-10,1,8.524412464794296e-8,-0.5673829317092896,7.046552497058656e-8,-0.8234540820121765],5,1.63466215133667],[[756.0811157226563,225.5581512451172,44.838706970214847,-0.8154396414756775,-2.464451043238114e-8,0.5788421034812927,1.8901179288377535e-8,1,6.920243578178997e-8,-0.5788421034812927,6.737121083233433e-8,-0.8154396414756775],5,1.6468403339385987],[[755.987060546875,225.18572998046876,44.78875732421875,-0.8175272941589356,-8.09971911763796e-9,0.5758898854255676,3.081587607312031e-8,1,5.781059542186995e-8,-0.5758898854255676,6.500829385913676e-8,-0.8175272941589356],5,1.6584901809692383],[[755.83251953125,224.60153198242188,44.70106887817383,-0.7904627323150635,1.3698196354994252e-8,0.612510085105896,4.78253987523658e-8,1,3.9356084613473288e-8,-0.612510085105896,6.040306033128218e-8,-0.7904627323150635],5,1.668851613998413],[[755.6656494140625,223.9866943359375,44.598567962646487,-0.7850801944732666,3.829330452731483e-8,0.6193941235542297,6.426571275142124e-8,1,1.9632784287182404e-8,-0.6193941235542297,5.521911461414675e-8,-0.7850801944732666],5,1.6799323558807374],[[755.5917358398438,223.5597686767578,44.527984619140628,-0.8230636715888977,5.669051006407244e-8,0.5679490566253662,7.480483787958292e-8,1,8.589913669254657e-9,-0.5679490566253662,4.9555385572830349e-8,-0.8230636715888977],7,1.6927824020385743],[[755.5715942382813,223.003173828125,44.42034912109375,-0.8331819772720337,7.840576188300474e-8,0.552998960018158,9.037325554572817e-8,1,-5.620976128994926e-9,-0.552998960018158,4.5293017336689448e-8,-0.8331819772720337],7,1.7027363777160645],[[755.5950927734375,222.95680236816407,44.27577209472656,-0.8386290669441223,1.0598392918836908e-7,0.5447028875350952,1.1123238863319784e-7,1,-2.3317687336543714e-8,-0.5447028875350952,4.103371509245335e-8,-0.8386290669441223],7,1.720348596572876],[[755.614501953125,223.0244140625,44.16729736328125,-0.8484082221984863,1.0955235296705723e-7,0.529342532157898,1.1010583023107756e-7,1,-3.0486230429005448e-8,-0.529342532157898,3.241893153926867e-8,-0.8484082221984863],8,1.73270583152771],[[755.6339111328125,223.67669677734376,44.05881881713867,-0.8638148903846741,7.846533378597087e-8,0.5038093328475952,7.486122655109284e-8,1,-2.7389512879949508e-8,-0.5038093328475952,1.405631611106628e-8,-0.8638148903846741],3,1.747044563293457],[[755.6384887695313,224.29832458496095,43.95094680786133,-0.840266764163971,4.671325370964041e-8,0.5421731472015381,3.789043390156621e-8,1,-2.7436218630327859e-8,-0.5421731472015381,-2.5105657552870754e-9,-0.840266764163971],5,1.757063388824463],[[755.6207885742188,224.88929748535157,43.8442268371582,-0.8429837226867676,1.467320753789636e-8,0.5379390716552734,1.9986332033816724e-10,1,-2.6963510535438219e-8,-0.5379390716552734,-2.262228626648266e-8,-0.8429837226867676],5,1.769467830657959],[[755.580810546875,225.44960021972657,43.7393684387207,-0.8491369485855103,-1.921606518351382e-8,0.5281727313995361,-3.760349187587053e-8,1,-2.4072525306451099e-8,-0.5281727313995361,-4.030201239402231e-8,-0.8491369485855103],5,1.781538486480713],[[755.5418090820313,225.80612182617188,43.67082214355469,-0.8793002963066101,-4.5096619771811677e-8,0.4762677848339081,-6.293641519050652e-8,1,-2.1507620573402165e-8,-0.4762677848339081,-4.888624260956931e-8,-0.8793002963066101],5,1.7932116985321046],[[755.4649047851563,226.31533813476563,43.570777893066409,-0.8672589659690857,-8.01681068196558e-8,0.4978572726249695,-1.0087639878975097e-7,1,-1.4698695594006495e-8,-0.4978572726249695,-6.296962595797595e-8,-0.8672589659690857],5,1.8037703037261963],[[755.328125,226.9466094970703,43.443199157714847,-0.8547161817550659,-1.2925846704092692e-7,0.5190955400466919,-1.513377156925344e-7,1,-1.7787342432296072e-10,-0.5190955400466919,-7.871076945775713e-8,-0.8547161817550659],5,1.8205430507659913],[[755.199951171875,227.38429260253907,43.3522834777832,-0.8732319474220276,-1.222257424160489e-7,0.48730480670928957,-1.3403483478668932e-7,1,1.0634498615047505e-8,-0.48730480670928957,-5.602943531357596e-8,-0.8732319474220276],5,1.8308367729187012],[[755.0498046875,227.79132080078126,43.26581954956055,-0.8757739067077637,-1.1207102090793342e-7,0.4827214777469635,-1.1688353396266393e-7,1,2.0109876430751684e-8,-0.4827214777469635,-3.8810483715678859e-8,-0.8757739067077637],5,1.8475863933563233],[[754.8171997070313,228.28634643554688,43.15801239013672,-0.8662711381912231,-9.685484769761388e-8,0.4995741844177246,-9.414458901346734e-8,1,3.0626296165792158e-8,-0.4995741844177246,-2.050153291577317e-8,-0.8662711381912231],5,1.861678123474121],[[754.5711669921875,228.72686767578126,43.05607604980469,-0.881551206111908,-8.20512084942493e-8,0.47208836674690249,-7.182580930020777e-8,1,3.9681296470917007e-8,-0.47208836674690249,1.0729653832086684e-9,-0.881551206111908],5,1.8775088787078858],[[754.3843383789063,229.021484375,42.98480224609375,-0.913831353187561,-6.941555596995386e-8,0.40609392523765566,-5.5472000326517448e-8,1,4.6106340079177247e-8,-0.40609392523765566,1.9606575918373893e-8,-0.913831353187561],5,1.8889250755310059],[[754.1948852539063,229.2854461669922,42.92073059082031,-0.9228159189224243,-5.6200555320629067e-8,0.38524121046066286,-3.924792935094956e-8,1,5.1868649819653e-8,-0.38524121046066286,3.274529447594432e-8,-0.9228159189224243],5,1.9126901626586915],[[753.6849365234375,229.83949279785157,42.76445388793945,-0.8878178000450134,-2.5355504362778448e-8,0.4601951241493225,3.911988954996559e-9,1,6.264437502068177e-8,-0.4601951241493225,5.741707198581025e-8,-0.8878178000450134],5,1.9335391521453858],[[753.5556640625,229.94393920898438,42.73230743408203,-0.9717766046524048,-1.4437036011116789e-9,0.2359030395746231,1.4501793543786335e-8,1,6.5858444031619e-8,-0.2359030395746231,6.742071434473474e-8,-0.9717766046524048],5,1.9418792724609376],[[753.4247436523438,230.03475952148438,42.70761489868164,-0.9765068292617798,9.655932053931338e-9,0.21548651158809663,2.5098430000980444e-8,1,6.892707915540086e-8,-0.21548651158809663,7.271613355896989e-8,-0.9765068292617798],5,1.9506473541259766],[[753.2930908203125,230.11195373535157,42.68663024902344,-0.9811493158340454,2.1145833528635195e-8,0.19325114786624909,3.570994522306137e-8,1,7.188032924432264e-8,-0.19325114786624909,7.742632135432359e-8,-0.9811493158340454],5,1.96126127243042],[[753.0287475585938,230.22547912597657,42.65159225463867,-0.972126305103302,3.768861489561459e-8,0.23445770144462586,5.72322846892348e-8,1,7.655280853668956e-8,-0.23445770144462586,8.783754879004846e-8,-0.972126305103302],5,1.9754576683044434],[[752.8299560546875,230.2748565673828,42.630008697509769,-0.9880999326705933,6.02248633185809e-8,0.15381315350532533,7.343980712448683e-8,1,8.023375386301268e-8,-0.15381315350532533,9.05749715229831e-8,-0.9880999326705933],5,1.9895105361938477],[[752.6304321289063,230.2935791015625,42.617218017578128,-0.9944393038749695,8.042146504294578e-8,0.10531148314476013,8.976422094519876e-8,1,8.397569217777345e-8,-0.10531148314476013,9.296192615693144e-8,-0.9944393038749695],5,2.0036208629608156],[[752.3638305664063,230.27084350585938,42.613712310791019,-0.9932668805122376,1.010678261081921e-7,0.11584857106208801,1.1201320404552462e-7,1,8.796980921488285e-8,-0.11584857106208801,1.0035407171926636e-7,-0.9932668805122376],5,2.0178942680358888],[[752.1638793945313,230.21803283691407,42.616241455078128,-0.9993017911911011,1.2547029371035024e-7,0.03736194968223572,1.2896687451302569e-7,1,9.117663068991533e-8,-0.03736194968223572,9.593142635822005e-8,-0.9993017911911011],5,2.0309104919433595],[[751.9642333984375,230.1345672607422,42.62697982788086,-0.9999675750732422,1.4696659889068543e-7,-0.008050325326621533,1.4621102195633285e-7,1,9.444514859069386e-8,0.008050325326621533,9.32650436880067e-8,-0.9999675750732422],5,2.0428452491760256],[[751.8314819335938,230.0618896484375,42.639713287353519,-0.9978342056274414,1.3424129008399178e-7,-0.06577933579683304,1.294674660812234e-7,1,7.683606639830032e-8,0.06577933579683304,6.815336917043169e-8,-0.9978342056274414],5,2.054480791091919],[[751.5670166015625,229.8756561279297,42.6737174987793,-0.998757541179657,9.83376011731707e-8,-0.04983384534716606,9.622323204894201e-8,1,4.482755500134772e-8,0.04983384534716606,3.9976683297027196e-8,-0.998757541179657],5,2.0786256790161135],[[751.3045654296875,229.6349334716797,42.72029495239258,-0.9919825196266174,6.606700964084666e-8,-0.12637516856193543,6.470838087579978e-8,1,1.485601419659588e-8,0.12637516856193543,6.559373932901735e-9,-0.9919825196266174],5,2.0867319107055666],[[751.1104125976563,229.4186248779297,42.767704010009769,-0.9827107191085815,3.966280104350517e-8,-0.1851475089788437,4.1494761404692329e-8,1,-6.019764686726603e-9,0.1851475089788437,-1.3598339343445787e-8,-0.9827107191085815],5,2.0964674949645998],[[750.9822387695313,229.25738525390626,42.804283142089847,-0.9695303440093994,2.0790592358821415e-8,-0.24497124552726746,2.6371886008291768e-8,1,-1.9503316295299557e-8,0.24497124552726746,-2.5369411460474113e-8,-0.9695303440093994],5,2.1080245971679689],[[750.7916870117188,228.98997497558595,42.86490249633789,-0.9613873958587647,-6.70591049356517e-9,-0.2751985192298889,4.276857090701469e-9,1,-3.930844627575425e-8,0.2751985192298889,-3.896763089983324e-8,-0.9613873958587647],5,2.1317811012268068],[[750.48095703125,228.47616577148438,42.985260009765628,-0.9590185284614563,-5.088145371701103e-8,-0.2833433151245117,-3.226681855039715e-8,1,-7.036332050347483e-8,0.2833433151245117,-5.833714311620497e-8,-0.9590185284614563],5,2.1421854496002199],[[750.2996215820313,228.12701416015626,43.06939697265625,-0.9079113006591797,-8.562630426922624e-8,-0.4191623330116272,-5.29291597217707e-8,1,-8.963429820596503e-8,0.4191623330116272,-5.91940825245274e-8,-0.9079113006591797],5,2.163485288619995],[[750.0101318359375,227.47695922851563,43.2342529296875,-0.9080210328102112,-1.302108358913756e-7,-0.4189245402812958,-8.775338500299768e-8,1,-1.2061578047450895e-7,0.4189245402812958,-7.27596187743984e-8,-0.9080210328102112],5,2.171018600463867],[[749.8984985351563,227.19309997558595,43.30708694458008,-0.8480971455574036,-1.40707811624452e-7,-0.5298407673835754,-9.175666093597101e-8,1,-1.1869462213098814e-7,0.5298407673835754,-5.2048150678274399e-8,-0.8480971455574036],5,2.1816446781158449],[[749.6814575195313,226.58448791503907,43.46190643310547,-0.8627059459686279,-1.1404791422364724e-7,-0.5057058930397034,-8.153980957104068e-8,1,-8.641986681823255e-8,0.5057058930397034,-3.331977183052004e-8,-0.8627059459686279],5,2.210041046142578],[[749.4179077148438,225.74710083007813,43.66594696044922,-0.8627694249153137,-8.404165896536142e-8,-0.5055975914001465,-6.842794419981147e-8,1,-4.945458798033542e-8,0.5055975914001465,-8.07090216881079e-9,-0.8627694249153137],5,2.218130588531494],[[749.2637329101563,225.2037811279297,43.79329299926758,-0.8232447504997253