[[[776,222.69961547851563,47,1,-9.682208812478166e-9,-5.442719893349176e-15,9.682208812478166e-9,1,1.8862072792558139e-8,5.260093237174045e-15,-1.8862072792558139e-8,1],8,0.01882457733154297],[[776,222.69961547851563,47,1,-2.9083354391445938e-8,-6.400045000665459e-15,2.9083354391445938e-8,1,5.6657686542394006e-8,4.7522495514500458e-15,-5.6657686542394006e-8,1],8,0.05019021034240723],[[776,222.69961547851563,47,1,-4.846378232059578e-8,-8.088210040147013e-15,4.846378232059578e-8,1,9.441294679390922e-8,3.5126015865503264e-15,-9.441294679390922e-8,1],8,0.06092715263366699],[[776,222.69961547851563,47,-0.7316164374351502,-5.52909327211637e-8,0.6817165017127991,6.0637255216988709e-9,1,8.761303860183034e-8,-0.6817165017127991,6.82328860079906e-8,-0.7316164374351502],8,0.08059287071228028],[[776,222.69961547851563,47,-0.6837737560272217,-8.374578186476356e-8,0.7296940684318543,-3.889977762128183e-8,1,7.831656745338478e-8,-0.7296940684318543,2.516588004652931e-8,-0.6837737560272217],8,0.10628247261047363],[[775.80859375,222.69961547851563,46.779727935791019,-0.6513291001319885,-1.1077662520619924e-7,0.7587953805923462,-8.945350771227823e-8,1,6.920569006751976e-8,-0.7587953805923462,-2.2801224019985967e-8,-0.6513291001319885],8,0.1225278377532959],[[775.6351928710938,222.69961547851563,46.57778549194336,-0.6507037878036499,-9.544196188926435e-8,0.7593316435813904,-9.025033875786903e-8,1,4.835268541114601e-8,-0.7593316435813904,-3.706666262814906e-8,-0.6507037878036499],8,0.15014362335205079],[[775.418212890625,222.69961547851563,46.324676513671878,-0.6493547558784485,-3.5486781513327517e-8,0.7604856491088867,-5.030263849903349e-8,1,3.711476237455713e-9,-0.7604856491088867,-3.584436925052614e-8,-0.6493547558784485],8,0.16120696067810059],[[775.2450561523438,222.69961547851563,46.121925354003909,-0.649351954460144,1.2378555958036941e-8,0.7604880332946777,-1.8375210686372158e-8,1,-3.196701925389789e-8,-0.7604880332946777,-3.473197551784324e-8,-0.649351954460144],8,0.17631053924560548],[[775.115234375,222.69961547851563,45.96983337402344,-0.648020327091217,4.8311363798347887e-8,0.7616230249404907,5.50563061807452e-9,1,-5.8747701814354517e-8,-0.7616230249404907,-3.3876489169415439e-8,-0.648020327091217],8,0.19005417823791505],[[774.9423828125,222.69961547851563,45.76677703857422,-0.6466861367225647,9.616422858016449e-8,0.7627561688423157,3.7260438290331879e-8,1,-9.448421423030595e-8,-0.7627561688423157,-3.2681004569212749e-8,-0.6466861367225647],8,0.20505690574645997],[[774.7698974609375,222.69961547851563,45.563419342041019,-0.6440144181251526,8.965961484364016e-8,0.7650133371353149,4.252377294733378e-8,1,-8.140210638885037e-8,-0.7650133371353149,-1.989287667925055e-8,-0.6440144181251526],8,0.22119784355163575],[[774.5980224609375,222.69961547851563,45.35950469970703,-0.6440142393112183,6.493098680948606e-8,0.7650135159492493,3.900661482703072e-8,1,-5.203852282420485e-8,-0.7650135159492493,-3.672964377088306e-9,-0.6440142393112183],8,0.2416706085205078],[[774.3834838867188,222.69961547851563,45.10449981689453,-0.6440118551254273,3.4049936203928158e-8,0.7650154829025269,3.461451214548106e-8,1,-1.5369334249726309e-8,-0.7650154829025269,1.6582605510961913e-8,-0.6440118551254273],8,0.2743685245513916],[[774.0831298828125,222.69961547851563,44.74748229980469,-0.6440116763114929,-9.128164890626067e-9,0.7650156617164612,2.847344937606522e-8,1,3.590174557643877e-8,-0.7650156617164612,4.4903778473326386e-8,-0.6440116763114929],8,0.2991964817047119],[[773.8685913085938,222.69961547851563,44.492469787597659,-0.6440153121948242,-3.992991892687314e-8,0.7650125622749329,2.409242050305238e-8,1,7.247698619039511e-8,-0.7650125622749329,6.510729377851021e-8,-0.6440153121948242],8,0.3098866939544678],[[773.6969604492188,222.69961547851563,44.28845977783203,-0.6466807126998901,-6.432038901493797e-8,0.7627608180046082,2.0488991836487004e-8,1,1.0169664932391243e-7,-0.7627608180046082,8.139346618918353e-8,-0.6466807126998901],8,0.3244764804840088],[[773.5677490234375,222.69961547851563,44.13582229614258,-0.6493393182754517,-8.248549221434587e-8,0.7604988217353821,1.771202029487995e-8,1,1.2358546541690885e-7,-0.7604988217353821,9.371887443876403e-8,-0.6493393182754517],8,0.3381063938140869],[[773.3947143554688,222.69961547851563,43.932926177978519,-0.6546334624290466,-5.640060152245496e-8,0.7559463977813721,6.828135390435364e-9,1,8.052227684629543e-8,-0.7559463977813721,5.7874284919989807e-8,-0.6546334624290466],8,0.35458898544311526],[[773.133056640625,222.69961547851563,43.630367279052737,-0.667738139629364,-1.7279049302487693e-8,0.7443962693214417,-8.350653502020578e-9,1,1.5721465018714299e-8,-0.7443962693214417,4.281626608815259e-9,-0.667738139629364],8,0.3783416748046875],[[773,222.69961547851563,43.481048583984378,-0.6806360483169556,1.8310526428422236e-9,0.7326216697692871,-1.5366317995813007e-8,1,-1.6775263844692746e-8,-0.7326216697692871,-2.26755467735984e-8,-0.6806360483169556],8,0.39201951026916506],[[772.8190307617188,222.69961547851563,43.285194396972659,-0.6908093094825745,2.6871886049661954e-8,0.7230370044708252,-2.4107484009050496e-8,1,-6.019824638769933e-8,-0.7230370044708252,-5.901611288550157e-8,-0.6908093094825745],8,0.4090595245361328],[[772.6812744140625,222.69961547851563,43.14021682739258,-0.6971015930175781,4.535934650107265e-8,0.7169723510742188,-3.037381546278084e-8,1,-9.279713708565396e-8,-0.7169723510742188,-8.646621552088618e-8,-0.6971015930175781],8,0.42142820358276369],[[772.4956665039063,222.69961547851563,42.948768615722659,-0.6971015930175781,4.3924234915948548e-8,0.7169723510742188,-2.4280907950924303e-8,1,-8.487146629931886e-8,-0.7169723510742188,-7.657277478756441e-8,-0.6971015930175781],8,0.43730783462524416],[[772.3563232421875,222.69961547851563,42.80537033081055,-0.6971015930175781,3.616206356582552e-8,0.7169723510742188,-1.6105362377061284e-8,1,-6.609618452557697e-8,-0.7169723510742188,-5.7622855820227417e-8,-0.6971015930175781],8,0.4531283378601074],[[772.1240844726563,222.69961547851563,42.56637954711914,-0.6844744682312012,2.4236943119149147e-8,0.7290368676185608,-1.9471619872035719e-9,1,-3.507329893182032e-8,-0.7290368676185608,-2.5426329486322176e-8,-0.6844744682312012],8,0.4711747169494629],[[771.9866943359375,222.69961547851563,42.42102813720703,-0.6533219814300537,1.753226008816e-8,0.7570801973342896,7.312411121063178e-9,1,-1.684749051378276e-8,-0.7570801973342896,-5.470754516068155e-9,-0.6533219814300537],8,0.48633289337158205],[[771.811279296875,222.69961547851563,42.22026443481445,-0.6072365045547485,7.501890664229905e-9,0.794521152973175,2.1068760958087297e-8,1,6.6604015636073658e-9,-0.794521152973175,2.0784014509445116e-8,-0.6072365045547485],8,0.5033934116363525],[[771.5933837890625,223.78335571289063,41.96809387207031,-0.5073065757751465,-7.944178648244815e-9,0.8617656826972961,4.1652597815300399e-8,1,3.373865453681901e-8,-0.8617656826972961,5.301061989371192e-8,-0.5073065757751465],3,0.5242328643798828],[[771.3706665039063,224.9755096435547,41.637611389160159,-0.28388965129852297,-2.8824228337498427e-8,0.9588569402694702,7.677133595507257e-8,1,5.279078862940878e-8,-0.9588569402694702,8.859948508188609e-8,-0.28388965129852297],5,0.5603458881378174],[[771.1654052734375,226.2113800048828,41.21882629394531,-0.033381760120391849,-5.1455369742825499e-8,0.9994426965713501,1.2423855366705539e-7,1,5.56336772206123e-8,-0.9994426965713501,1.260264639313391e-7,-0.033381760120391849],5,0.5760111808776856],[[770.9951171875,226.99195861816407,40.94298553466797,-0.05267856642603874,-4.8703036270580927e-8,0.9986115097999573,1.5749405690712593e-7,1,5.7078850090874769e-8,-0.9986115097999573,1.6028221239139385e-7,-0.05267856642603874],5,0.599128007888794],[[770.7481079101563,227.81622314453126,40.68000030517578,-0.0720575675368309,-3.600277409532282e-8,0.9974004626274109,1.0817692697173698e-7,1,4.3911889235914717e-8,-0.9974004626274109,1.1105990438409208e-7,-0.0720575675368309],5,0.6351585388183594],[[770.494873046875,228.62290954589845,40.4587516784668,-0.07012796401977539,-2.2466064564241607e-8,0.9975380301475525,3.021589733975816e-8,1,2.464572190774561e-8,-0.9975380301475525,3.186985964021005e-8,-0.07012796401977539],5,0.6605815887451172],[[770.3507690429688,229.18148803710938,40.332820892333987,-0.06744150817394257,-1.0527723581787996e-8,0.9977232217788696,-3.646633217613271e-8,1,8.086790792560805e-9,-0.9977232217788696,-3.583792107519912e-8,-0.06744150817394257],5,0.6884934902191162],[[770.2739868164063,229.61746215820313,40.26569747924805,-0.06389607489109039,1.6102496003256306e-9,0.9979565739631653,-1.0312016485158893e-7,1,-8.216012759021396e-9,-0.9979565739631653,-1.0343441658733355e-7,-0.06389607489109039],5,0.7004883289337158],[[770.2608032226563,229.78945922851563,40.254188537597659,-0.06912236660718918,7.067926688364423e-9,0.9976081848144531,-1.3637193774229673e-7,1,-1.6533823199438303e-8,-0.9976081848144531,-1.3718862135192467e-7,-0.06912236660718918],5,0.7152135372161865],[[770.2593383789063,230.00799560546876,40.25288391113281,-0.08479548990726471,9.172206105745318e-9,0.996398389339447,-1.2196879595194333e-7,1,-1.9585147725820208e-8,-0.996398389339447,-1.2319024733642437e-7,-0.08479548990726471],5,0.7319469451904297],[[770.2444458007813,230.09825134277345,40.25410079956055,-0.10761179774999619,7.851602923381052e-9,0.9941930174827576,-1.0293820906781548e-7,1,-1.9039532617171063e-8,-0.9941930174827576,-1.0438932918077626e-7,-0.10761179774999619],5,0.7510812282562256],[[770.1480102539063,230.18678283691407,40.263668060302737,-0.11852432042360306,9.790147359467483e-9,0.9929511547088623,-6.492391690926525e-8,1,-1.7609336211421579e-8,-0.9929511547088623,-6.655341167061124e-8,-0.11852432042360306],5,0.7802906036376953],[[770.0154418945313,230.16688537597657,40.24459457397461,-0.042701151221990588,1.0853486998030349e-8,0.9990878701210022,-3.470680098871526e-8,1,-1.2346768940574293e-8,-0.9990878701210022,-3.520236546705746e-8,-0.042701151221990588],5,0.7928168773651123],[[769.8831787109375,230.08966064453126,40.193180084228519,-0.050293926149606708,8.746450674834705e-9,0.9987344741821289,-1.0919732673642102e-8,1,-9.307425941074144e-9,-0.9987344741821289,-1.1374019948107162e-8,-0.050293926149606708],5,0.8196797370910645],[[769.68359375,229.91648864746095,40.08477783203125,-0.03587211295962334,9.403599676716113e-9,0.9993563890457153,1.8760552222829575e-8,1,-8.736241952078672e-9,-0.9993563890457153,1.84350898990715e-8,-0.03587211295962334],5,0.8303959369659424],[[769.5447998046875,229.77169799804688,39.99685287475586,-0.09939432144165039,1.3065077020257832e-8,0.9950481057167053,3.66319241607016e-8,1,-9.470971562564046e-9,-0.9950481057167053,3.5509167162217639e-8,-0.09939432144165039],5,0.844550371170044],[[769.3362426757813,229.53097534179688,39.855464935302737,-0.07719144970178604,1.7313865896539938e-8,0.9970163106918335,6.046086298283626e-8,1,-1.2684651551353454e-8,-0.9970163106918335,5.9301321186921999e-8,-0.07719144970178604],5,0.8588144779205322],[[769.0071411132813,229.0677032470703,39.628963470458987,-0.03436458110809326,2.5839126394089363e-8,0.9994093775749207,9.604642770000282e-8,1,-2.2551850165086763e-8,-0.9994093775749207,9.52147090060862e-8,-0.03436458110809326],5,0.8847320079803467],[[768.8414306640625,228.79006958007813,39.516998291015628,-0.11731299012899399,4.192670743918825e-8,0.9930949807167053,1.1419643186627582e-7,1,-2.8728351253448637e-8,-0.9930949807167053,1.1003769628814553e-7,-0.11731299012899399],5,0.8977351188659668],[[768.6198120117188,228.37220764160157,39.3687858581543,-0.0980052649974823,5.272343628348608e-8,0.995185911655426,1.3836307743986254e-7,1,-3.935257453235863e-8,-0.995185911655426,1.3384021713136463e-7,-0.0980052649974823],5,0.9127388000488281],[[768.452880859375,228.02305603027345,39.258670806884769,-0.1294672191143036,6.859112744450613e-8,0.9915837049484253,1.567073013575282e-7,1,-4.871264636108208e-8,-0.9915837049484253,1.4908171408478666e-7,-0.1294672191143036],5,0.9272582530975342],[[768.2853393554688,227.64324951171876,39.14947509765625,-0.13308295607566834,6.781679928735685e-8,0.9911049008369446,1.408588730100746e-7,1,-4.951129284336275e-8,-0.9911049008369446,1.330168117874564e-7,-0.13308295607566834],5,0.9419021606445313],[[768.2152099609375,226.97340393066407,39.011695861816409,-0.034827087074518207,0.00013657682575285435,0.9993933439254761,0.0033907645847648384,0.9999942779541016,-0.000018496804841561244,-0.9993876218795776,0.0033880635164678098,-0.034827351570129397],5,0.9590582847595215],[[768.3001098632813,226.376220703125,38.925132751464847,-0.10779032111167908,0.00006653099262621254,0.9941736459732056,0.0013147394638508559,0.9999991059303284,0.00007562587416032329,-0.9941727519035339,0.001315231085754931,-0.10779031366109848],5,0.9763610363006592],[[768.3434448242188,225.7245330810547,38.83981704711914,-0.11439143121242523,-0.00005011520261177793,0.9934357404708862,0.00023219948343466967,0.9999999403953552,0.00007718348206253722,-0.9934357404708862,0.00023950438480824232,-0.11439141631126404],5,0.993255615234375],[[768.3334350585938,225.01834106445313,38.73616027832031,-0.11613976210355759,-0.000011862139217555523,0.9932329058647156,-0.00003574141373974271,1,0.000007763677785987966,-0.9932329058647156,-0.00003459787694737315,-0.11613976210355759],5,1.0092992782592774],[[768.3402709960938,224.2576446533203,38.63852310180664,-0.11453478038311005,-0.00003260300582041964,0.9934192299842835,-0.000044426851673051718,1,0.000027696851248038,-0.9934192299842835,-0.00004096223710803315,-0.11453478038311005],5,1.0265343189239503],[[768.3189697265625,223.4424591064453,38.522796630859378,-0.06241287663578987,-0.000009412186955159996,0.9980503916740418,-0.000014918595297785942,1,0.00000849764091981342,-0.9980503916740418,-0.000014359148735820782,-0.06241287663578987],5,1.044692039489746],[[768.2586669921875,222.57276916503907,38.39997100830078,0.13545963168144227,3.763115046240273e-7,0.9907828569412231,-0.000002377639020778588,1,-5.474198871979752e-8,-0.9907828569412231,-0.0000023483084987674376,0.13545963168144227],5,1.0611042976379395],[[768.4436645507813,222.5760498046875,38.24102783203125,0.36375170946121218,0.007898635230958462,0.9314624667167664,-0.007845651358366013,0.9999545812606812,-0.005415577907115221,-0.9314628839492798,-0.005338003858923912,0.3637971580028534],7,1.0778584480285645],[[768.6958618164063,222.7439727783203,38.080108642578128,0.7520501017570496,0.006297528278082609,0.6590758562088013,-0.0008561705471947789,0.9999628663063049,-0.008577783592045308,-0.6591054201126099,0.005886641796678305,0.7520275115966797],7,1.092036485671997],[[768.737060546875,222.96444702148438,37.83137130737305,0.9153565764427185,0.00228790077380836,0.4026377499103546,-0.0005097401444800198,0.9999896287918091,-0.004523378796875477,-0.40264391899108889,0.003935263957828283,0.91534823179245],8,1.1094181537628174],[[768.7457275390625,223.62692260742188,37.69670486450195,0.9237853288650513,0.0013195030624046922,0.3829084634780884,-0.0012596223969012499,0.9999991059303284,-0.00040709797758609056,-0.3829086720943451,-0.0001062489245668985,0.9237862229347229],3,1.1249754428863526],[[768.769775390625,224.4761962890625,37.504234313964847,0.8687456846237183,0.0002725216909311712,0.4952584207057953,-0.0009797370294108987,0.9999988079071045,0.0011683212360367179,-0.49525752663612368,-0.0015001969877630473,0.8687449097633362],5,1.1408472061157227],[[768.8215942382813,225.4611358642578,37.216983795166019,0.6809518933296204,-0.0003102101036347449,0.7323280572891235,-0.00013897655298933387,0.9999998211860657,0.0005528210895135999,-0.7323281168937683,-0.0004782209871336818,0.680951714515686],5,1.1617176532745362],[[768.8404541015625,226.3609161376953,36.9005241394043,0.25154244899749758,-0.00015904239262454212,0.9678462743759155,0.00012236727343406528,1,0.00013252293865662068,-0.9678462743759155,0.00008509756298735738,0.25154247879981997],5,1.1817023754119874],[[768.7990112304688,227.17555236816407,36.5919075012207,0.03973850980401039,0.0000066739880821842238,0.9992101192474365,0.00006379293336067349,1,-0.000009216304533765652,-0.9992101192474365,0.0000641087899566628,0.03973850980401039],5,1.2016043663024903],[[768.7003784179688,227.905029296875,36.30699157714844,-0.16207540035247804,0.000018742139218375088,0.9867783784866333,0.000010287366421835032,1,-0.000017303591448580847,-0.9867783784866333,0.000007346864549617749,-0.16207540035247804],5,1.221958875656128],[[768.5834350585938,228.4272918701172,36.10219955444336,-0.30944812297821047,0.000005913287168368697,0.9509163498878479,-0.000002424084186714026,1,-0.000007007362910371739,-0.9509163498878479,-0.000004473516582947923,-0.30944812297821047],5,1.2365891933441163],[[768.475341796875,228.78323364257813,35.96483612060547,-0.44644081592559817,3.9397230011672948e-7,0.8948131799697876,-0.000003403739356144797,1,-0.000002138480340363458,-0.8948131799697876,-0.000004000415628979681,-0.44644081592559817],5,1.2518222332000733],[[768.3067626953125,229.2101287841797,35.806304931640628,-0.5157404541969299,-0.0000011221061413380085,0.8567448854446411,-0.0000017390325410815422,1,2.6287492005394599e-7,-0.8567448854446411,-0.0000013543320847020369,-0.5157404541969299],5,1.2670238018035889],[[768.1637573242188,229.49453735351563,35.70748519897461,-0.6315246224403381,-8.392300969717326e-7,0.7753558158874512,-6.68977349960187e-7,1,5.375008527153113e-7,-0.7753558158874512,-1.7925046336131346e-7,-0.6315246224403381],5,1.282524585723877],[[767.9546508789063,229.8260498046875,35.605140686035159,-0.6881937384605408,-2.385934863013972e-7,0.7255269885063171,-2.870511650598928e-8,1,3.0162738084982268e-7,-0.7255269885063171,1.8675174828786113e-7,-0.6881937384605408],5,1.2978289127349854],[[767.786376953125,230.03892517089845,35.55173110961914,-0.7690345644950867,-1.2112225000748822e-8,0.6392071843147278,8.688223829267372e-8,1,1.234774487102186e-7,-0.6392071843147278,1.5049417356749473e-7,-0.7690345644950867],5,1.3135244846343995],[[767.4900512695313,230.32559204101563,35.50969314575195,-0.7819840312004089,9.76057918933293e-8,0.6232984662055969,8.510004079198552e-8,1,-4.982992862778701e-8,-0.6232984662055969,1.40765150646871e-8,-0.7819840312004089],5,1.3302838802337647],[[767.2717895507813,230.4936065673828,35.49652862548828,-0.882719874382019,9.434957348730677e-8,0.46989956498146059,5.5114004027245758e-8,1,-9.725344085609322e-8,-0.46989956498146059,-5.994949958676443e-8,-0.882719874382019],5,1.350376844406128],[[767.0547485351563,230.6269989013672,35.483436584472659,-0.9498009085655212,6.214771275381281e-8,0.31285491585731509,1.9469425183160639e-8,1,-1.3953955146916997e-7,-0.31285491585731509,-1.2644369462577743e-7,-0.9498009085655212],5,1.3799643516540528],[[766.8363647460938,230.6632843017578,35.47025680541992,-0.9929829835891724,-8.651197536124755e-10,0.11825743317604065,-1.3953167510294407e-8,1,-1.098462689697044e-7,-0.11825743317604065,-1.1072554428892545e-7,-0.9929829835891724],5,1.400200366973877],[[766.7953491210938,230.6206817626953,35.4677848815918,-0.9989935159683228,-2.328212644897576e-8,0.044854890555143359,-2.7180083961297897e-8,1,-8.629162806528257e-8,-0.044854890555143359,-8.74239418635625e-8,-0.9989935159683228],5,1.4152710437774659],[[766.7752075195313,230.51620483398438,35.46657180786133,-0.9999392628669739,-4.714189927312873e-8,-0.011023299768567086,-4.652805429827822e-8,1,-5.594244711915053e-8,0.011023299768567086,-5.5426156109206207e-8,-0.9999392628669739],5,1.431488275527954],[[766.7744140625,230.3572235107422,35.46652603149414,-0.9983072876930237,-6.869884572324736e-8,-0.05815957114100456,-6.726773449372559e-8,1,-2.6564439536969077e-8,0.05815957114100456,-2.260721210234351e-8,-0.9983072876930237],5,1.4459080696105958],[[766.7744140625,230.2022247314453,35.46652603149414,-0.9968696236610413,-8.339373636090386e-8,-0.07906274497509003,-8.326873768282894e-8,1,-4.877901638167259e-9,0.07906274497509003,1.7208229285969879e-9,-0.9968696236610413],5,1.4623501300811768],[[766.750244140625,229.87576293945313,35.49485778808594,-0.9998156428337097,-1.0810575190589589e-7,-0.01920171268284321,-1.0891690749303962e-7,1,4.119803520552523e-8,0.01920171268284321,4.328182967583416e-8,-0.9998156428337097],5,1.4821178913116456],[[766.702880859375,229.55328369140626,35.55232620239258,-0.9998560547828674,-1.264420887991946e-7,-0.0169675275683403,-1.2786355796379213e-7,1,8.269126539062199e-8,0.0169675275683403,8.484889235660376e-8,-0.9998560547828674],5,1.507744550704956],[[766.6096801757813,229.0735321044922,35.66847229003906,-0.9999529719352722,-8.415332075628612e-8,0.009699663147330284,-8.338796675388949e-8,1,7.93092524986605e-8,-0.009699663147330284,7.849669003689996e-8,-0.9999529719352722],5,1.519209623336792],[[766.5079345703125,228.62843322753907,35.79683303833008,-0.9997414350509644,-4.6378232809729528e-8,-0.022739935666322709,-4.808568832004312e-8,1,7.453931516465673e-8,0.022739935666322709,7.561350656715149e-8,-0.9997414350509644],5,1.5368199348449708],[[766.3824462890625,228.1288299560547,35.9570198059082,-0.9994672536849976,-1.0807373662657938e-8,-0.032637860625982288,-1.3021052680528556e-8,1,6.761295878732199e-8,0.032637860625982288,6.800191698630442e-8,-0.9994672536849976],5,1.5540001392364503],[[766.2345581054688,227.57472229003907,36.15003204345703,-0.9994405508041382,2.362188133986365e-8,-0.03344489634037018,2.1690485851877385e-8,1,5.811142855804974e-8,0.03344489634037018,5.735348551638708e-8,-0.9994405508041382],5,1.5692176818847657],[[766.0745239257813,226.9661102294922,36.361751556396487,-0.9994283318519592,5.76338017310718e-8,-0.03380851820111275,5.611109799019687e-8,1,4.598778247100199e-8,0.03380851820111275,4.40644605248508e-8,-0.9994283318519592],5,1.5850648880004883],[[765.9138793945313,226.30300903320313,36.574520111083987,-0.9994269013404846,9.128688560622322e-8,-0.033850569278001788,9.028445902004023e-8,1,3.1141865974859687e-8,0.033850569278001788,2.8067839608070245e-8,-0.9994269013404846],5,1.602834939956665],[[765.7890625,225.6063232421875,36.65416717529297,-0.9999849200248718,0.0034273823257535698,0.004288398660719395,0.0034261802211403848,0.9999940991401672,-0.0002876570215448737,-0.0042893593199551109,-0.00027295987820252776,-0.9999907612800598],5,1.6193158626556397],[[765.6279296875,224.66336059570313,36.641883850097659,-0.9994730353355408,0.0007052788860164583,0.03245207294821739,0.00004564242044580169,0.9997934699058533,-0.020322734490036966,-0.03245970234274864,-0.020310543477535249,-0.9992666840553284],5,1.637777328491211],[[765.4028930664063,223.8649444580078,36.49911117553711,-0.9859014749526978,-0.002169386250898242,0.16731293499469758,-0.0037821014411747457,0.9999493956565857,-0.009320874698460102,-0.16728425025939942,-0.009822257794439793,-0.985859751701355],5,1.6554458141326905],[[765.1837158203125,223.0279541015625,36.23666000366211,-0.8543501496315002,-0.0010764104081317783,0.5196967124938965,-0.007005192339420319,0.9999308586120606,-0.009445029310882092,-0.5196506381034851,-0.011709937825798989,-0.8542985916137695],7,1.6723272800445557],[[764.9752197265625,222.1641082763672,36.07138442993164,-0.4371042847633362,-0.000644724234007299,0.899410605430603,-0.005864745005965233,0.9999805092811585,-0.002133389934897423,-0.8993917107582092,-0.006207327824085951,-0.43709954619407656],7,1.6884822845458985],[[764.7932739257813,221.24923706054688,36.075984954833987,-0.018220514059066774,-0.00023202468582894653,0.9998339414596558,-0.0009447321062907577,0.9999995231628418,0.00021484674653038383,-0.9998335242271423,-0.0009406606550328434,-0.018220724537968637],8,1.7050433158874512],[[764.62646484375,222.13259887695313,36.07984161376953,0.116051584482193,-0.0011331015266478062,0.9932425618171692,0.002812979044392705,0.9999957084655762,0.0008121339487843216,-0.9932392239570618,0.0026997211389243604,0.11605427414178848],3,1.720571517944336],[[764.460205078125,222.98187255859376,36.05769348144531,0.04126322641968727,-0.0005795961478725076,0.9991481304168701,0.002304753987118602,0.9999971985816956,0.0004849059914704412,-0.9991456270217896,0.0022827819921076299,0.04126444831490517],5,1.7375760078430176],[[764.2444458007813,223.96681213378907,35.97465896606445,-0.2695395350456238,0.00029504072153940797,0.9629892706871033,0.0006024535396136344,0.9999998211860657,-0.00013775400293525308,-0.9629891514778137,0.0005430261371657252,-0.2695396840572357],5,1.7604172229766846],[[763.9862060546875,224.86660766601563,35.86433410644531,-0.6728007793426514,0.00015789270401000977,0.7398236989974976,0.000030446199161815458,1,-0.00018573139095678926,-0.7398236989974976,-0.00010243539873044938,-0.6728007197380066],5,1.7795395851135255],[[763.6920776367188,225.68124389648438,35.78737258911133,-0.7641038298606873,-0.000009170265002467204,0.6450932621955872,-0.00004949183130520396,1,-0.00004440696648089215,-0.6450932621955872,-0.00006585838127648458,-0.7641038298606873],5,1.806394100189209],[[763.321533203125,226.54640197753907,35.77482604980469,-0.8006325960159302,-0.000014499071767204441,0.599155604839325,-0.00001424391484761145,1,0.000005165484253666364,-0.599155604839325,-0.0000043986665332340639,-0.8006325960159302],5,1.8262155055999756],[[763.069580078125,227.0550537109375,35.81574249267578,-0.8573654294013977,-0.0000040831037040334199,0.5147081613540649,-0.0000017832306866694126,1,0.000004962468665326014,-0.5147081613540649,0.0000033368057756888449,-0.8573654294013977],5,1.8423004150390626],[[762.8812866210938,227.40077209472657,35.872459411621097,-0.8870947957038879,-3.1344137596533985e-7,0.4615872800350189,9.197178769682068e-7,1,0.0000024465975911880379,-0.4615872800350189,0.0000025948941129172455,-0.8870947957038879],5,1.8565101623535157],[[762.6339111328125,227.8140411376953,35.97102355957031,-0.8855396509170532,6.937709713383811e-7,0.46456384658813479,0.0000010002884209825425,1,4.13342831961927e-7,-0.46456384658813479,8.307293342113553e-7,-0.8855396509170532],5,1.8724513053894044],[[762.3890380859375,228.17282104492188,36.0765495300293,-0.8967441320419312,4.088299760951486e-7,0.44254934787750246,3.884615011884307e-7,1,-1.3666135600942653e-7,-0.44254934787750246,4.936311981396102e-8,-0.8967441320419312],5,1.8890252113342286],[[762.0258178710938,228.60879516601563,36.24415969848633,-0.8967392444610596,1.4188922925484349e-8,0.44255927205085757,-2.3368947665858287e-8,1,-7.941258672872209e-8,-0.44255927205085757,-8.155452491109827e-8,-0.8967392444610596],5,1.9144792556762696],[[761.7900390625,228.83131408691407,36.36857604980469,-0.9386106133460999,-9.687840929473168e-8,0.3449784517288208,-1.0400525951581585e-7,1,-2.150932543187878e-9,-0.3449784517288208,-3.789845948176662e-8,-0.9386106133460999],5,1.9293279647827149],[[761.6179809570313,228.9624481201172,36.47053909301758,-0.9632894396781921,-1.238459503838385e-7,0.2684650123119354,-1.1808536015678328e-7,1,3.7604817038072727e-8,-0.2684650123119354,4.522534347017881e-9,-0.9632894396781921],5,1.9443118572235108],[[761.3963012695313,229.089599609375,36.61869430541992,-0.9691802859306336,-1.304863985751581e-7,0.24635261297225953,-1.1402902089230338e-7,1,8.106965054821558e-8,-0.24635261297225953,5.047975903949009e-8,-0.9691802859306336],5,1.9652769565582276],[[761.1915283203125,229.15480041503907,36.59462356567383,-0.9920862317085266,0.0023379202466458084,0.12553678452968598,0.0023450430016964676,0.9999972581863403,-0.0000910417438717559,-0.12553665041923524,0.00020406789553817362,-0.9920889735221863],5,1.991708517074585],[[760.9700927734375,229.10699462890626,36.499488830566409,-0.9906794428825378,0.0007921165088191628,0.13621146976947785,0.0007814781274646521,0.9999997019767761,-0.0001315742265433073,-0.13621152937412263,-0.000023901602617115715,-0.9906798005104065],5,2.0059351921081545],[[760.81396484375,229.00698852539063,36.484928131103519,-0.9990710616111755,0.0001279308198718354,0.043092627078294757,0.00012407146277837455,1,-0.00009223412052961066,-0.04309263825416565,-0.00008680187602294609,-0.9990710616111755],5,2.0356085300445558],[[760.5724487304688,228.75479125976563,36.53715896606445,-0.99997878074646,-0.000043410869693616408,0.0065102181397378449,-0.0000434977664554026,1,-0.000013206174116930925,-0.006510217674076557,-0.000013489074262906798,-0.99997878074646],5,2.051788568496704],[[760.37060546875,228.45095825195313,36.64876937866211,-0.9907947182655335,-0.000016543939636903816,-0.13537311553955079,-0.000017367427062708886,1,0.000004902116870653117,0.13537311553955079,0.000007208074293885147,-0.9907947182655335],5,2.080162763595581],[[760.1276245117188,227.98483276367188,36.78446960449219,-0.9736653566360474,-0.0021036353427916767,-0.22797222435474397,-0.002020662883296609,0.9999977946281433,-0.0005973589140921831,0.22797298431396485,-0.0001209732799907215,-0.9736674427986145],5,2.0953636169433595],[[759.9095458984375,227.54806518554688,36.7581901550293,-0.9482422471046448,-0.002524538664147258,-0.31753775477409365,-0.0024178088642656805,0.9999967813491821,-0.0007301873993128538,0.3175385892391205,0.00007535103941336274,-0.9482453465461731],5,2.1260643005371095],[[759.6716918945313,226.91151428222657,36.80522918701172,-0.9303203225135803,-0.0003509492380544543,-0.36674782633781435,-0.00038740626769140363,0.9999999403953552,0.000025801678930292839,0.36674776673316958,0.00016608422447461635,-0.9303203821182251],5,2.152392864227295],[[759.6178588867188,226.18785095214845,36.85231399536133,-0.8897600769996643,-0.007882951758801937,-0.45636045932769778,-0.009821388870477677,0.9999499917030335,0.001875977381132543,0.4563228487968445,0.006151263602077961,-0.8897930383682251],5,2.166790723800659],[[759.7367553710938,225.5059051513672,36.874481201171878,-0.8176186680793762,-0.001576754730194807,-0.5757579207420349,-0.002753298729658127,0.9999955296516419,0.0011713268468156458,0.5757535099983215,0.0025429322849959137,-0.8176193833351135],5,2.1944329738616945],[[759.8397827148438,224.57518005371095,37.00748825073242,-0.754408061504364,0.0002325089881196618,-0.6564056873321533,0.00007763940084259957,0.9999999403953552,0.00026498426450416446,0.6564057469367981,0.00014894331980030984,-0.7544080018997192],5,2.2082858085632326],[[759.879150390625,223.70590209960938,37.16221237182617,-0.6954717636108398,0.00011311421258142218,-0.7185534238815308,0.00017423040117137134,1,-0.000011214357982680668,0.718553364276886,-0.00013299311103764921,-0.6954717636108398],5,2.2410144805908205],[[759.7109985351563,222.9822998046875,37.459381103515628,-0.5076994895935059,-0.00005049780156696215,-0.8615342378616333,-0.00006313589256023988,1,-0.000021408019165392035,0.8615342378616333,0.000043524891225388276,-0.5076994895935059],7,2.2647438049316408],[[759.5457763671875,223.05433654785157,37.74839782714844,-0.46025094389915469,0.000002119941427736194,-0.8877888321876526,-0.000024216569727286698,1,0.000014942337656975724,0.8877888321876526,0.000028376425689202735,-0.46025094389915469],7,2.276740074157715],[[759.4212036132813,223.11607360839845,37.98418045043945,-0.4772336184978485,0.000009518451406620443,-0.878776490688324,0.000007059858489810722,1,0.000006997512628004188,0.878776490688324,-0.0000028645890779444018,-0.4772336184978485],8,2.305542469024658],[[759.2308349609375,223.1656036376953,38.335933685302737,-0.5810949802398682,3.1869555527919149e-7,-0.8138357400894165,0.0000018637117591424613,1,-9.391304729433614e-7,0.8138357400894165,-0.000002062479325104505,-0.5810949802398682],8,2.3198041915893556],[[759.0433959960938,223.183837890625,38.61127471923828,-0.6845894455909729,-4.6941374876041666e-7,-0.7289288640022278,-4.337119605679618e-7,1,-2.3664738080242388e-7,0.7289288640022278,1.5413888831972145e-7,-0.6845894455909729],8,2.350564479827881],[[758.7314453125,223.19439697265626,38.95796585083008,-0.893506646156311,2.2321641424127848e-8,-0.4490499496459961,-5.974182037959963e-9,1,6.15958413163753e-8,0.4490499496459961,5.771900646323047e-8,-0.893506646156311],8,2.3815371990203859],[[758.271728515625,223.19830322265626,39.224159240722659,-0.9402728080749512,7.64145937637295e-8,-0.3404219150543213,9.034702230792391e-8,1,-2.507550966868166e-8,0.3404219150543213,-5.433392402665049e-8,-0.9402728080749512],8,2.4018383026123049],[[757.67578125,223.19830322265626,39.38028335571289,-0.9379720091819763,0.001795776654034853,-0.346706360578537,0.007187749724835157,0.9998723864555359,-0.014266714453697205,0.34663650393486025,-0.01587381772696972,-0.9378651976585388],8,2.4573254585266115],[[757.22509765625,223.19921875,39.430484771728519,-0.9529268145561218,0.002304384484887123,-0.3031916320323944,0.007147099357098341,0.9998639822006226,-0.014863838441669941,0.3031161427497864,-0.01633109152317047,-0.9528136849403381],8,2.487518787384033],[[756.890625,223.1995391845703,39.41154861450195,-0.9439268708229065,0.0021215444430708887,-0.3301478326320648,0.007287309970706701,0.9998696446418762,-0.014409968629479409,0.3300742208957672,-0.01600784622132778,-0.9438192248344421],8,2.515133857727051],[[756.4988403320313,223.19972229003907,39.42913055419922,-0.9498756527900696,0.0022251582704484464,-0.31262004375457766,0.007050688844174147,0.9998728036880493,-0.014306193217635155,0.31254842877388,-0.015793291851878167,-0.9497705101966858],8,2.5413661003112795],[[756.1641235351563,223.1997833251953,39.417667388916019,-0.9442176222801209,0.0020677729044109585,-0.3293156623840332,0.007031181827187538,0.9998789429664612,-0.01388164609670639,0.3292470872402191,-0.015422772616147995,-0.9441178441047669],8,2.554978609085083],[[755.6029052734375,223.19985961914063,39.471046447753909,-0.9632497429847717,0.002328503178432584,-0.2685973644256592,0.006434253882616758,0.999875545501709,-0.014406618662178517,0.26853036880493166,-0.01560539472848177,-0.9631447792053223],8,2.596834659576416],[[755.4351806640625,223.1998748779297,39.41730880737305,-0.9422036409378052,0.0014651295496150852,-0.335037499666214,0.006432520691305399,0.9998852014541626,-0.013717219233512879,0.33497896790504458,-0.015079549513757229,-0.9421049356460571],8,2.6110637187957765],[[755.1480712890625,223.1998748779297,39.473873138427737,-0.964409589767456,0.0023290228564292194,-0.26440247893333437,0.006364353001117706,0.9998759627342224,-0.014406481757760048,0.26433613896369936,-0.01557649951428175,-0.9643048048019409],8,2.64225435256958],[[754.7918090820313,223.1999053955078,39.52161407470703,-0.9778483510017395,0.0024791022296994926,-0.20929978787899018,0.005745124537497759,0.999871015548706,-0.014998000115156174,0.20923560857772828,-0.01586822234094143,-0.9777364730834961],8,2.6563572883605959],[[754.4874877929688,223.1999053955078,39.508731842041019,-0.975300133228302,0.0022985893301665785,-0.22087188065052033,0.0057893008925020699,0.9998683333396912,-0.015158195979893208,0.22080795466899873,-0.016062485054135324,-0.9751850366592407],8,2.690229654312134],[[754.4125366210938,223.1884307861328,39.40285873413086,-0.9353493452072144,0.004021258093416691,-0.35370248556137087,0.009480073116719723,0.9998611807823181,-0.013702137395739556,0.35359829664230349,-0.016169410198926927,-0.935257613658905],8,2.7189457416534426],[[754.1333618164063,223.1951904296875,39.45026397705078,-0.9610911011695862,0.0013732295483350754,-0.27622824907302859,0.005651069805026054,0.999876081943512,-0.014691232703626156,0.276173859834671,-0.015680598095059396,-0.9609797596931458],8,2.7480595111846926],[[753.7036743164063,223.1979217529297,39.51057434082031,-0.9798078536987305,0.0025561677757650615,-0.19992510974407197,0.0059090955182909969,0.9998517036437988,-0.016176003962755204,0.19985412061214448,-0.017030753195285798,-0.9796776175498962],8,2.775390863418579],[[753.3298950195313,223.19906616210938,39.52276611328125,-0.9773185849189758,0.0017992041539400817,-0.21176664531230927,0.004686711356043816,0.9999027848243713,-0.013134177774190903,0.21172241866588593,-0.013828765600919724,-0.9772319793701172],8,2.8030846118927],[[752.8038330078125,223.19969177246095,39.614837646484378,-0.9670642614364624,-0.0006256171618588269,-0.254531592130661,0.000871575262863189,0.9999829530715942,-0.005769326351583004,0.2545308768749237,-0.005801152437925339,-0.9670472741127014],8,2.8336479663848879],[[752.4111938476563,223.1998291015625,39.70222473144531,-0.9444321393966675,-0.00016663744463585317,-0.32870641350746157,0.000001302600253438868,0.9999998807907105,-0.0005106917233206332,0.3287064731121063,-0.0004827418306376785,-0.9444320201873779],8,2.8617305755615236],[[751.9697265625,223.19989013671876,39.85312271118164,-0.8642913103103638,0.00005800719736726023,-0.5029915571212769,-0.00007040483615128323,0.9999999403953552,0.00023630114446859807,0.5029915571212769,0.0002396460622549057,-0.8642913103103638],8,2.8886635303497316],[[751.7245483398438,223.19989013671876,40.026405334472659,-0.7555233240127564,0.00006992955604800954,-0.6551217436790466,0.0000736032598069869,1,0.000021859415937797168,0.6551217436790466,-0.00003170379568473436,-0.7555233240127564],8,2.9174067974090578],[[751.5433349609375,223.19989013671876,40.29971694946289,-0.4707322120666504,0.00000271556973530096,-0.8822761178016663,-0.000004086018634552602,1,0.000005257980319584021,0.8822761178016663,0.00000608009759162087,-0.4707322120666504],8,2.953359603881836],[[751.4348754882813,223.19989013671876,40.58277893066406,-0.358767569065094,0.0000018126353324987577,-0.9334269165992737,-3.0972910280979706e-7,1,0.000002060960923699895,0.9334269165992737,0.0000010285149301125785,-0.358767569065094],8,2.9813008308410646],[[751.34814453125,223.19989013671876,40.92041015625,-0.2377760112285614,0.000028375114197842778,-0.9713200330734253,0.000008849271580402274,1,0.00002704666621866636,0.9713200330734253,-0.000002164425495720934,-0.2377760112285614],8,2.994922637939453],[[751.28564453125,223.19989013671876,41.22358703613281,-0.16437312960624696,0.000027793970730272123,-0.9863982200622559,0.000009014537681650836,1,0.00002667505032150075,0.9863982200622559,-0.000004507262474362506,-0.16437312960624696],8,3.0244479179382326],[[751.23095703125,223.19989013671876,41.60285949707031,-0.10690614581108093,0.000026514564524404706,-0.9942691326141357,0.000007353609362326097,1,0.000025876714062178509,0.9942691326141357,-0.00000454508744951454,-0.10690614581108093],8,3.048945903778076],[[751.1992797851563,223.19989013671876,41.925270080566409,-0.06853699684143067,0.00002757219954219181,-0.9976485967636108,0.000006820372163929278,1,0.000027168636734131725,0.9976485967636108,-0.000004942277882946655,-0.06853699684143067],8,3.062810182571411],[[751.178466796875,223.19989013671876,42.252349853515628,-0.04469849914312363,0.00002921635859820526,-0.9990005493164063,0.000006753521120117512,1,0.000028943413781234996,0.9990005493164063,-0.00000545304419574677,-0.04469849914312363],8,3.09427809715271],[[751.1585083007813,223.19989013671876,42.714202880859378,-0.0181387048214674,0.00002728166691667866,-0.9998354911804199,0.0000058358032219985038,1,0.00002718028554227203,0.9998354911804199,-0.00000534182800038252,-0.01813870668411255],8,3.111879825592041],[[751.1627807617188,223.19989013671876,43.0456657409668,-0.027564920485019685,0.00002363389648962766,-0.9996200203895569,0.000007731514415354468,1,0.00002342968036828097,0.9996200203895569,-0.000007082739557517925,-0.027564920485019685],8,3.139589309692383],[[751.1678466796875,223.19989013671876,43.37723922729492,-0.028647422790527345,0.000022053582142689267,-0.9995895624160767,0.000007702336006332189,1,0.00002184189361287281,0.9995895624160767,-0.000007073460892570438,-0.028647422790527345],8,3.1623692512512209],[[751.1712036132813,223.19989013671876,43.775108337402347,-0.027248596772551538,0.000019378403521841393,-0.9996286630630493,0.000006658977326878812,1,0.000019204086129320787,0.9996286630630493,-0.000006133220722404076,-0.027248596772551538],8,3.1773123741149904],[[751.1762084960938,223.19989013671876,44.10666275024414,-0.028691282495856286,0.000020131525161559695,-0.9995883107185364,0.000006748313808202511,1,0.00001994611920963507,0.9995883107185364,-0.000006173255769681418,-0.028691282495856286],8,3.1974222660064699],[[751.1795043945313,223.19989013671876,44.43820571899414,-0.02878929302096367,0.000018060378351947294,-0.9995855093002319,0.000006484474397439044