[[[776,222.69961547851563,47,1,-7.054803319306302e-8,7.0639871176895328e-15,7.054803319306302e-8,1,-5.2866859334699259e-8,-3.334334185438239e-15,5.2866859334699259e-8,1],8,0.009478330612182618],[[776,222.69961547851563,47,1,-9.188870819798467e-8,8.537173077575577e-15,9.188870819798467e-8,1,-6.885900205588769e-8,-2.2098081624657465e-15,6.885900205588769e-8,1],8,0.02313065528869629],[[776,222.69961547851563,47,1,-6.381824846357631e-8,7.128015185205433e-15,6.381824846357631e-8,1,-4.7823725424223088e-8,-4.0759881872411058e-15,4.7823725424223088e-8,1],8,0.052425384521484378],[[776,222.69961547851563,47,1,-2.876391214101659e-8,6.194505679750625e-15,2.876391214101659e-8,1,-2.155490363975332e-8,-5.5745021263159479e-15,2.155490363975332e-8,1],8,0.06060290336608887],[[776,222.69961547851563,47,1,-1.4752661314787474e-8,6.078784462013216e-15,1.4752661314787474e-8,1,-1.1055226956102615e-8,-5.915690385601769e-15,1.1055226956102615e-8,1],8,0.07028603553771973],[[776,222.69961547851563,47,1,6.25298790524198e-9,6.1807926398510519e-15,-6.25298790524198e-9,1,4.685877907917302e-9,-6.151492076139631e-15,-4.685877907917302e-9,1],8,0.07999372482299805],[[776,222.69961547851563,47,-0.7505626082420349,1.9971681197716863e-8,-0.6607993841171265,2.0186407212463565e-8,1,7.294983284111822e-9,0.6607993841171265,-7.863823370257706e-9,-0.7505626082420349],8,0.0951850414276123],[[776,222.69961547851563,47,-0.7247208952903748,4.048723312166658e-8,-0.6890425086021423,4.637863781908891e-8,1,9.978577075742124e-9,0.6890425086021423,-2.4725169467387788e-8,-0.7247208952903748],8,0.12530279159545899],[[776,222.69961547851563,47,-0.807099461555481,8.510141213946554e-8,-0.5904154777526856,9.856970706323409e-8,1,9.393133382218366e-9,0.5904154777526856,-5.061588481680701e-8,-0.807099461555481],8,0.13434958457946778],[[776,222.69961547851563,47,-0.8208674192428589,9.210715745666676e-8,-0.5711187720298767,1.0686910911772429e-7,1,7.672287694049374e-9,0.5711187720298767,-5.473702913150191e-8,-0.8208674192428589],8,0.14285063743591309],[[776,222.69961547851563,47,-0.8411722779273987,7.785442335261905e-8,-0.540767252445221,8.872670775872393e-8,1,5.954461368418151e-9,0.540767252445221,-4.2971770142230528e-8,-0.8411722779273987],8,0.15307235717773438],[[776,222.69961547851563,47,-0.8612160086631775,5.518853285479963e-8,-0.5082390904426575,6.14470252457977e-8,1,4.465165126532611e-9,0.5082390904426575,-2.7384308154410065e-8,-0.8612160086631775],8,0.16340041160583497],[[776,222.69961547851563,47,-0.8999361991882324,4.1090093105822237e-8,-0.4360216557979584,4.3250068415545687e-8,1,4.971755451776971e-9,0.4360216557979584,-1.4383703117459845e-8,-0.8999361991882324],8,0.1737957000732422],[[776,222.69961547851563,47,-0.9181046485900879,1.7459337087188943e-8,-0.3963380753993988,1.602824717394924e-8,1,6.922699302691626e-9,0.3963380753993988,3.157701964490167e-12,-0.9181046485900879],8,0.18417739868164063],[[776,222.69961547851563,47,-0.932651937007904,1.308865904547929e-9,-0.3607773780822754,-2.0466359718085416e-9,1,8.918698668480829e-9,0.3607773780822754,9.05642227877479e-9,-0.932651937007904],8,0.19433331489562989],[[776,222.69961547851563,47,-0.9580994248390198,-2.3599504572757725e-8,-0.2864358127117157,-2.8825878573002229e-8,1,1.4029508221824472e-8,0.2864358127117157,2.1698427943306343e-8,-0.9580994248390198],8,0.20533037185668946],[[776,222.69961547851563,47,-0.9688290953636169,-4.0572039949893227e-8,-0.24773001670837403,-4.651802498756297e-8,1,1.8148687885854998e-8,0.24773001670837403,2.910688756685431e-8,-0.9688290953636169],8,0.21543622016906739],[[776,222.69961547851563,47,-0.9783598780632019,-6.592362922219763e-8,-0.20691050589084626,-7.275995983491157e-8,1,2.5430301420215075e-8,0.20691050589084626,3.99347861446131e-8,-0.9783598780632019],8,0.22813820838928224],[[776,222.69961547851563,47,-0.9913586974143982,-9.294723213315592e-8,-0.1311788707971573,-9.834892011895136e-8,1,3.469939002798128e-8,0.1311788707971573,4.7300840577690909e-8,-0.9913586974143982],8,0.24003982543945313],[[776,222.69961547851563,47,-0.9975214004516602,-8.788995131681077e-8,-0.0703635886311531,-9.044995152862612e-8,1,3.3196304372040689e-8,0.0703635886311531,3.9478408098148068e-8,-0.9975214004516602],8,0.25519704818725588],[[775.7745361328125,222.69961547851563,47.015907287597659,-0.9996874928474426,-5.0069296264609878e-8,-0.02499900758266449,-5.0550394092852e-8,1,1.861265452873795e-8,0.02499900758266449,1.9870546097422449e-8,-0.9996874928474426],8,0.28638577461242678],[[775.3760986328125,222.69961547851563,47.02761459350586,-0.9998849034309387,-3.455636665705697e-9,0.015170685015618801,-3.467774067900109e-9,1,-7.737454565948099e-10,-0.015170685015618801,-8.262649453527615e-10,-0.9998849034309387],8,0.30739665031433108],[[775.1094970703125,222.69961547851563,47.025150299072269,-0.9997545480728149,2.809735555331372e-8,0.022154880687594415,2.779616181669553e-8,1,-1.3902915263486193e-8,-0.022154880687594415,-1.3283682598341784e-8,-0.9997545480728149],8,0.3144700527191162],[[774.9095458984375,222.69961547851563,47.02101516723633,-0.9997545480728149,5.174002026819835e-8,0.022154642269015313,5.122658919276546e-8,1,-2.374242491498535e-8,-0.022154642269015313,-2.2601691185286655e-8,-0.9997545480728149],8,0.3260345458984375],[[774.7762451171875,222.69961547851563,47.0180778503418,-0.9996708631515503,6.757217363428936e-8,0.025653624907135965,6.6815488253269e-8,1,-3.035319551258908e-8,-0.025653624907135965,-2.862914705303865e-8,-0.9996708631515503],8,0.33702945709228518],[[774.5762939453125,222.69961547851563,47.01308059692383,-0.999624490737915,9.123958477630367e-8,0.027403002604842187,9.016896740376979e-8,1,-4.0304939830093647e-8,-0.027403002604842187,-3.781890356435724e-8,-0.999624490737915],8,0.3480947017669678],[[774.4429931640625,222.69961547851563,47.00949478149414,-0.9995749592781067,1.0704217601187338e-7,0.029152533039450647,1.0571801567493822e-7,1,-4.696311961538413e-8,-0.029152533039450647,-4.3861209775286628e-8,-0.9995749592781067],8,0.3585011959075928],[[774.2430419921875,222.69961547851563,47.00373840332031,-0.9996708631515503,8.168674980879587e-8,0.025653626769781114,8.079958746520788e-8,1,-3.5619088123439727e-8,-0.025653626769781114,-3.353456179411296e-8,-0.9996708631515503],8,0.3682520389556885],[[774.0430908203125,222.69961547851563,46.998477935791019,-0.9997545480728149,5.638379008132688e-8,0.02215464413166046,5.5857601211073418e-8,1,-2.436955703899457e-8,-0.02215464413166046,-2.312606994792077e-8,-0.9997545480728149],8,0.38196516036987307],[[773.6431884765625,222.69961547851563,46.989471435546878,-0.9999957084655762,5.6071711718175269e-9,0.0029380079358816149,5.5988103042636798e-9,1,-2.853970615390722e-9,-0.0029380079358816149,-2.8375091165599999e-9,-0.9999957084655762],8,0.40511107444763186],[[773.5098876953125,222.69961547851563,46.98841857910156,-0.9999998211860657,-1.1162384794261016e-8,-0.0005608440842479467,-1.116477221785317e-8,1,4.253156493660981e-9,0.0005608440842479467,4.259417707430657e-9,-0.9999998211860657],8,0.41440343856811526],[[773.3765869140625,222.69961547851563,46.98828125,-0.9999831914901733,-2.789236752676061e-8,-0.005795768462121487,-2.7958153125950959e-8,1,1.1269430721938534e-8,0.005795768462121487,1.1431279922646809e-8,-0.9999831914901733],8,0.4241750240325928],[[773.1766357421875,222.69961547851563,46.98920822143555,-0.9999567866325378,-5.296742600080506e-8,-0.009294459596276284,-5.317141216210075e-8,1,2.170006752066911e-8,0.009294459596276284,2.219332806419061e-8,-0.9999567866325378],8,0.4375128746032715],[[772.9766845703125,222.69961547851563,46.99092102050781,-0.9998374581336975,-7.78706876758406e-8,-0.018028080463409425,-7.845859784083587e-8,1,3.19035358131714e-8,0.018028080463409425,3.331281206442327e-8,-0.9998374581336975],8,0.4477362632751465],[[772.8433837890625,222.69961547851563,46.993019104003909,-0.9997682571411133,-9.447744275803416e-8,-0.02152690291404724,-9.533140143958008e-8,1,3.8643207744826216e-8,0.02152690291404724,4.068644443577796e-8,-0.9997682571411133],8,0.458416223526001],[[772.6434326171875,222.69961547851563,46.99714660644531,-0.9995934963226318,-8.737519863188936e-8,-0.028511319309473039,-8.842662424513037e-8,1,3.561670069984757e-8,0.028511319309473039,3.81233782320578e-8,-0.9995934963226318],8,0.46936869621276858],[[772.5101318359375,222.69961547851563,47.00069808959961,-0.9994304180145264,-7.200591767286824e-8,-0.03374611586332321,-7.303842153305595e-8,1,2.936364928984858e-8,0.03374611586332321,3.181168750643337e-8,-0.9994304180145264],8,0.4793217182159424],[[772.3101806640625,222.69961547851563,47.00720977783203,-0.9992399215698242,-4.9097813814569238e-8,-0.038981180638074878,-4.991967017531351e-8,1,2.0110068277290339e-8,0.038981180638074878,2.2040712366333538e-8,-0.9992399215698242],8,0.490370512008667],[[772.1103515625,222.69961547851563,47.01479721069336,-0.9986883997917175,-2.6098671668250973e-8,-0.0512000136077404,-2.6704356059781277e-8,1,1.114569858629011e-8,0.0512000136077404,1.2498343693323477e-8,-0.9986883997917175],8,0.5044572353363037],[[771.9105834960938,222.69961547851563,47.02456283569336,-0.9984062910079956,-3.3214699879380307e-9,-0.056434761732816699,-3.457277797380698e-9,1,2.3088231326795496e-9,0.056434761732816699,2.5002542258789619e-9,-0.9984062910079956],8,0.5147087574005127],[[771.7774047851563,222.69961547851563,47.03188705444336,-0.9982031583786011,1.1820072920443181e-8,-0.05992025136947632,1.2052958631159072e-8,1,-3.525163050355218e-9,0.05992025136947632,-4.24104529272995e-9,-0.9982031583786011],8,0.5256619453430176],[[771.5110473632813,223.56251525878907,47.04671859741211,-0.9982031583786011,4.206625803249153e-8,-0.05992025136947632,4.3053546505689158e-8,1,-1.5185655399818644e-8,0.05992025136947632,-1.7738148727630688e-8,-0.9982031583786011],3,0.5409812927246094],[[771.3114624023438,224.17391967773438,47.05854034423828,-0.999996542930603,6.491719517498496e-8,0.0026308847591280939,6.484386005922716e-8,1,-2.7959439208302684e-8,-0.0026308847591280939,-2.7788745526891036e-8,-0.999996542930603],5,0.5671272277832031],[[770.9122924804688,225.3047637939453,47.08250045776367,-0.9916508793830872,1.1116394915688943e-7,0.1289515644311905,1.0358243685004709e-7,1,-6.550007469741104e-8,-0.1289515644311905,-5.1596089178929108e-8,-0.9916508793830872],5,0.5779435634613037],[[770.7127075195313,225.82420349121095,47.094764709472659,-0.9990673661231995,1.2687061712313153e-7,0.04317871108651161,1.232226338743203e-7,1,-8.714707888657358e-8,-0.04317871108651161,-8.174520615966685e-8,-0.9990673661231995],5,0.5978467464447022],[[770.4464721679688,226.46910095214845,47.110015869140628,-0.9958887696266174,1.1151561096767182e-7,0.09058450162410736,1.0403647365819779e-7,1,-8.728706291094568e-8,-0.09058450162410736,-7.75041115730346e-8,-0.9958887696266174],5,0.6059527397155762],[[770.3132934570313,226.7711181640625,47.11616516113281,-0.9994596838951111,8.953974628411743e-8,0.03286845609545708,8.688598285289118e-8,1,-8.216726143928099e-8,-0.03286845609545708,-7.92670533655837e-8,-0.9994596838951111],5,0.6156659126281738],[[770.1134033203125,227.19857788085938,47.123321533203128,-0.9970624446868897,6.718448730680393e-8,0.07659312337636948,6.181019074347205e-8,1,-7.253742495549887e-8,-0.07659312337636948,-6.759010773293994e-8,-0.9970624446868897],5,0.6262357234954834],[[769.9134521484375,227.5953826904297,47.128395080566409,-0.9952377676963806,4.3185195863770789e-8,0.09747692942619324,3.7431693300504779e-8,1,-6.085298309699283e-8,-0.09747692942619324,-5.691445892352931e-8,-0.9952377676963806],5,0.6400389671325684],[[769.7135009765625,227.9615478515625,47.12967300415039,-0.9952371716499329,1.8085078323792915e-8,0.0974830687046051,1.3511114005382297e-8,1,-4.7580737572161527e-8,-0.0974830687046051,-4.603701597716281e-8,-0.9952371716499329],5,0.6616108417510986],[[769.4468994140625,228.40206909179688,47.130332946777347,-0.991438627243042,-1.3700389267512492e-8,0.1305733621120453,-1.7345184843975404e-8,1,-2.6776499240099839e-8,-0.1305733621120453,-2.8812076280360089e-8,-0.991438627243042],5,0.6684048175811768],[[769.3135986328125,228.6018829345703,47.13064193725586,-0.9979321360588074,-3.180655028245383e-8,0.0642763003706932,-3.2884276635058998e-8,1,-1.570910690418259e-8,-0.0642763003706932,-1.779030256443548e-8,-0.9979321360588074],5,0.6764202117919922],[[769.1802978515625,228.7880859375,47.13094711303711,-0.9979321956634522,-4.790294383383298e-8,0.06427528709173203,-4.824671506753475e-8,1,-3.796252645571485e-9,-0.06427528709173203,-6.889474324367484e-9,-0.9979321956634522],5,0.6879944801330566],[[768.9803466796875,229.0418243408203,47.131404876708987,-0.9947134852409363,-7.18188317705426e-8,0.10268902778625488,-7.05263332179129e-8,1,1.621726930522982e-8,-0.10268902778625488,8.88925644204619e-9,-0.9947134852409363],5,0.6991372108459473],[[768.7803955078125,229.26492309570313,47.131019592285159,-0.994530975818634,-9.586750593371107e-8,0.1044422835111618,-9.236669740175785e-8,1,3.8355782550070219e-8,-0.1044422835111618,2.8499023585482065e-8,-0.994530975818634],5,0.7089600563049316],[[768.6470947265625,229.39662170410157,47.13046646118164,-0.9973321557044983,-1.1061665361467021e-7,0.07299742102622986,-1.06949833877934e-7,1,5.414087311805815e-8,-0.07299742102622986,4.618937055056449e-8,-0.9973321557044983],5,0.719374418258667],[[768.5137939453125,229.5146942138672,47.12968063354492,-0.9973315000534058,-1.2621528355793999e-7,0.07300621271133423,-1.2135643601141056e-7,1,7.098977050645772e-8,-0.07300621271133423,6.194056112462931e-8,-0.9973315000534058],5,0.7292191982269287],[[768.3138427734375,229.666259765625,47.12840270996094,-0.9943476319313049,-1.2024344187011594e-7,0.10617312788963318,-1.1248444309330807e-7,1,7.906701426918517e-8,-0.10617312788963318,6.667727348030894e-8,-0.9943476319313049],5,0.7395823001861572],[[768.1805419921875,229.75025939941407,47.12754821777344,-0.997331976890564,-1.019179833861017e-7,0.07299917191267014,-9.645773957345227e-8,1,7.832408499552912e-8,-0.07299917191267014,7.107378507953399e-8,-0.997331976890564],5,0.7505745887756348],[[767.9805908203125,229.85073852539063,47.12626647949219,-0.9943468570709229,-8.03513273694989e-8,0.1061805933713913,-7.273146707120759e-8,1,7.563549786482327e-8,-0.1061805933713913,6.748525294142382e-8,-0.9943468570709229],5,0.7615146636962891],[[767.7806396484375,229.92054748535157,47.12498474121094,-0.9941590428352356,-5.6743072462950298e-8,0.1079246923327446,-4.9314916594767058e-8,1,7.149616010337923e-8,-0.1079246923327446,6.575625377536199e-8,-0.9941590428352356],5,0.7727584838867188],[[767.6473388671875,229.95005798339845,47.12395095825195,-0.9969357848167419,-3.9034464549558837e-8,0.07822462171316147,-3.3806980326289707e-8,1,6.815091779799332e-8,-0.07822462171316147,6.529754870143734e-8,-0.9969357848167419],5,0.7844932079315186],[[767.3807373046875,229.96820068359376,47.12097930908203,-0.9871224164962769,-1.2837142016053349e-8,0.15996655821800233,-3.5970866285595095e-9,1,5.8051991658203408e-8,-0.15996655821800233,5.67290108222096e-8,-0.9871224164962769],5,0.7995188236236572],[[767.1141357421875,229.93185424804688,47.114295959472659,-0.9822642207145691,1.700609786325913e-8,0.18750204145908357,2.5812052939500064e-8,1,4.452301993751462e-8,-0.18750204145908357,4.857318103290709e-8,-0.9822642207145691],5,0.8240385055541992],[[766.8477783203125,229.84100341796876,47.100650787353519,-0.9743364453315735,4.665887587407269e-8,0.2250966578722,5.416764636834159e-8,1,2.7182261774783e-8,-0.2250966578722,3.8677622882232757e-8,-0.9743364453315735],5,0.8320245742797852],[[766.6484985351563,229.73709106445313,47.08339309692383,-0.9766695499420166,7.071027141591913e-8,0.21474765241146089,7.507633625891686e-8,1,1.2174774077777784e-8,-0.21474765241146089,2.8013198871690294e-8,-0.9766695499420166],5,0.8429417610168457],[[766.5159912109375,229.65078735351563,47.06874084472656,-0.9727973937988281,8.59358237903507e-8,0.23165759444236756,8.852067168163558e-8,1,7.634249898913481e-10,-0.23165759444236756,2.1249142889701035e-8,-0.9727973937988281],5,0.853600025177002],[[766.3320922851563,229.49578857421876,47.04787063598633,-0.9727016091346741,1.0819972118270016e-7,0.23205949366092683,1.0837135278052301e-7,1,-1.2008692706899638e-8,-0.23205949366092683,1.3467729154115205e-8,-0.9727016091346741],5,0.86655592918396],[[766.1703491210938,229.3101348876953,47.029518127441409,-0.9649924635887146,1.2943716853897059e-7,0.2622776925563812,1.279252472841108e-7,1,-2.2839380164896285e-8,-0.2622776925563812,1.1512112152445298e-8,-0.9649924635887146],5,0.8906240463256836],[[765.8793334960938,228.75772094726563,46.99649429321289,-0.9185157418251038,1.5909233752608999e-7,0.39538443088531496,1.5312977552639496e-7,1,-4.663873909294125e-8,-0.39538443088531496,1.770671076428698e-8,-0.9185157418251038],5,0.9066634178161621],[[765.849365234375,228.56922912597657,46.99309539794922,-0.9034067392349243,1.0042091247441931e-7,0.42878469824790957,9.638688425184228e-8,1,-3.112134194793725e-8,-0.42878469824790957,1.3213989902283174e-8,-0.9034067392349243],7,0.9166505336761475],[[765.844482421875,228.2609405517578,46.9925422668457,-0.886280357837677,1.3011595356715589e-8,0.4631491005420685,1.227513202195496e-8,1,-4.604104208993931e-9,-0.4631491005420685,1.6046890483067955e-9,-0.886280357837677],7,0.9262676239013672],[[765.7747192382813,227.92201232910157,46.95643997192383,-0.8678361177444458,-7.383228961543864e-8,0.49685055017471316,-7.070249807838991e-8,1,2.5106361434268366e-8,-0.49685055017471316,-1.3340369697800725e-8,-0.8678361177444458],7,0.9404354095458984],[[765.6199951171875,227.82228088378907,46.86931228637695,-0.8310314416885376,-1.2092849033251697e-7,0.5562254190444946,-1.1473753858126656e-7,1,4.598493674734527e-8,-0.5562254190444946,-2.560500433901325e-8,-0.8310314416885376],7,0.9639358520507813],[[765.3425903320313,227.86363220214845,46.68693923950195,-0.7629399299621582,-7.424551995427464e-8,0.6464694142341614,-6.823440656944513e-8,1,3.4319903363666529e-8,-0.6464694142341614,-1.792743198336666e-8,-0.7629399299621582],8,0.9735560417175293],[[765.2380981445313,227.8837432861328,46.60436248779297,-0.7420985102653503,-5.636139022158204e-8,0.6702908873558044,-4.985865587059379e-8,1,2.8885009939472185e-8,-0.6702908873558044,-1.198427934667734e-8,-0.7420985102653503],8,0.9829509258270264],[[765.1378784179688,227.90003967285157,46.51650619506836,-0.7177211046218872,-3.8598539475742658e-8,0.6963306665420532,-3.173137841372409e-8,1,2.272521015811435e-8,-0.6963306665420532,-5.78516790028516e-9,-0.7177211046218872],8,0.9923079013824463],[[764.9931640625,227.9177703857422,46.378543853759769,-0.6944408416748047,-1.2440888319531496e-8,0.7195497751235962,-4.889072702241037e-9,1,1.2571356400314926e-8,-0.7195497751235962,5.212132059284613e-9,-0.6944408416748047],8,1.0060529708862305],[[764.853271484375,227.92933654785157,46.23561477661133,-0.647988498210907,1.3189039194116959e-8,0.7616501450538635,2.1243591774577909e-8,1,7.56993079331636e-10,-0.7616501450538635,1.6670707481125647e-8,-0.647988498210907],8,1.0160908699035645],[[764.7218627929688,227.93675231933595,46.08494186401367,-0.6278313994407654,3.8663667822902428e-8,0.7783493995666504,4.7041183393048416e-8,1,-1.1729615501110402e-8,-0.7783493995666504,2.9250253774648628e-8,-0.6278313994407654],8,1.0264182090759278],[[764.6373901367188,227.94012451171876,45.981815338134769,-0.6002698540687561,5.488643139983651e-8,0.799797534942627,6.39293915583039e-8,1,-2.0644653986323648e-8,-0.799797534942627,3.873820375588366e-8,-0.6002698540687561],8,1.040799617767334],[[764.4761962890625,227.94447326660157,45.76948547363281,-0.5932598114013672,8.905914228307665e-8,0.8050110340118408,9.752724139389102e-8,1,-3.875742038417229e-8,-0.8050110340118408,5.5517286767781118e-8,-0.5932598114013672],8,1.0522370338439942],[[764.3968505859375,227.94583129882813,45.66234588623047,-0.5904382467269898,9.06691042246166e-8,0.8070828318595886,9.792177735334917e-8,1,-4.0705049997313839e-8,-0.8070828318595886,5.4997165932491046e-8,-0.5904382467269898],8,1.0621943473815919],[[764.2391967773438,227.9475555419922,45.447235107421878,-0.5960640907287598,6.379039518833452e-8,0.802936851978302,6.592854617792909e-8,1,-3.050395847026266e-8,-0.802936851978302,3.4754144451198957e-8,-0.5960640907287598],8,1.0759260654449463],[[764.1201782226563,227.9483184814453,45.286495208740237,-0.6210212707519531,4.4421494038715539e-8,0.7837936878204346,4.172298773141847e-8,1,-2.3616712141460995e-8,-0.7837936878204346,1.8035734683508055e-8,-0.6210212707519531],8,1.088552713394165],[[764.0382690429688,227.94866943359376,45.18132400512695,-0.6399998068809509,3.123624026102334e-8,0.7683750987052918,2.5487187471640028e-8,1,-1.9423387342953903e-8,-0.7683750987052918,7.1527557210515628e-9,-0.6399998068809509],8,1.100508213043213],[[763.868408203125,227.94912719726563,44.975711822509769,-0.6908187866210938,4.442203493937313e-9,0.7230279445648193,-7.458859307973853e-9,1,-1.3270474497062424e-8,-0.7230279445648193,-1.4560456840229108e-8,-0.6908187866210938],8,1.1147968769073487],[[763.7321166992188,227.94932556152345,44.829376220703128,-0.7512515187263489,-1.7235851856867158e-8,0.6600160002708435,-3.245802560059019e-8,1,-1.0830479624246437e-8,-0.6600160002708435,-2.9559231506937068e-8,-0.7512515187263489],8,1.1269030570983887],[[763.64013671875,227.939208984375,44.732887268066409,-0.7837044596672058,-3.2297119645363639e-8,0.6211339235305786,-4.9176183125609899e-8,1,-1.0050122511984228e-8,-0.6211339235305786,-3.842131945930305e-8,-0.7837044596672058],8,1.1441566944122315],[[763.4098510742188,227.8543243408203,44.49186325073242,-0.8453150987625122,-7.014152458850731e-8,0.5342680215835571,-9.091081665246748e-8,1,-1.2553175388063665e-8,-0.5342680215835571,-5.918213119571192e-8,-0.8453150987625122],8,1.1564462184906006],[[763.2716064453125,227.76251220703126,44.34725570678711,-0.8942316770553589,-9.602403849839902e-8,0.4476044774055481,-1.1565716562245143e-7,1,-1.653303272064477e-8,-0.4476044774055481,-6.655302797753393e-8,-0.8942316770553589],8,1.1717712879180909],[[763.0872802734375,228.63563537597657,44.15444564819336,-0.9279245138168335,-1.282679420455679e-7,0.37276822328567507,-1.4808178150360619e-7,1,-2.4521336072780288e-8,-0.37276822328567507,-7.795413381472827e-8,-0.9279245138168335],3,1.188420295715332],[[762.9407958984375,229.25726318359376,44.02217483520508,-0.9306113719940186,-1.3804825016450196e-7,0.36600878834724429,-1.5576560485897063e-7,1,-1.8876566088010806e-8,-0.36600878834724429,-7.457832396084996e-8,-0.9306113719940186],5,1.2133827209472657],[[762.6122436523438,230.40853881835938,43.81441879272461,-0.9147864580154419,-9.885975060797137e-8,0.4039377272129059,-1.0267074657122066e-7,1,1.2224501411139954e-8,-0.4039377272129059,-3.028977957342249e-8,-0.9147864580154419],5,1.2216017246246338],[[762.4929809570313,230.7650604248047,43.76245880126953,-0.9650938510894775,-8.856111577415504e-8,0.26190420985221865,-8.566854603486718e-8,1,2.2462119275701299e-8,-0.26190420985221865,-7.58901164132908e-10,-0.9650938510894775],5,1.2305018901824952],[[762.36962890625,231.10794067382813,43.719547271728519,-0.9715851545333862,-7.452740646840539e-8,0.23669016361236573,-6.885134951062355e-8,1,3.224661782041949e-8,-0.23669016361236573,1.503389945867184e-8,-0.9715851545333862],5,1.2405281066894532],[[762.1776123046875,231.5967254638672,43.67244338989258,-0.9694389700889587,-5.342935338603638e-8,0.24533264338970185,-4.3595914434035879e-8,1,4.551280241571476e-8,-0.24533264338970185,3.3426385215307167e-8,-0.9694389700889587],5,1.2516002655029297],[[762.0462646484375,231.90554809570313,43.65094757080078,-0.9857270121574402,-3.5930575847942239e-8,0.1683516651391983,-2.7163920890416194e-8,1,5.437644290395838e-8,-0.1683516651391983,4.9027235604626188e-8,-0.9857270121574402],5,1.2616815567016602],[[761.84765625,232.34323120117188,43.62848663330078,-0.9835724234580994,-1.4306280604614585e-8,0.18051396310329438,-2.3659336712000824e-9,1,6.636170013507581e-8,-0.18051396310329438,6.484445691512519e-8,-0.9835724234580994],5,1.2744226455688477],[[761.6483764648438,232.75025939941407,43.61129379272461,-0.9892776012420654,1.0755806023610149e-8,0.1460474729537964,2.232912699184908e-8,1,7.760421283364849e-8,-0.1460474729537964,8.003321738669911e-8,-0.9892776012420654],5,1.285818099975586],[[761.5152587890625,233.00457763671876,43.60383987426758,-0.9952468872070313,3.0318943800011769e-8,0.09738365560770035,3.876045440165399e-8,1,8.479123181359683e-8,-0.09738365560770035,8.816284946533415e-8,-0.9952468872070313],5,1.2957100868225098],[[761.3153686523438,233.3605194091797,43.59687423706055,-0.9935780167579651,5.261331637029798e-8,0.11314889788627625,6.370222394025405e-8,1,9.438729620114828e-8,-0.11314889788627625,1.009889771808048e-7,-0.9935780167579651],5,1.3070931434631348],[[761.1820678710938,233.58078002929688,43.59444046020508,-0.9988178610801697,7.527359713321857e-8,0.048609424382448199,8.026903941527053e-8,1,1.0081492973768036e-7,-0.048609424382448199,1.0459758215120019e-7,-0.9988178610801697],5,1.3182363510131837],[[760.9821166992188,233.8856201171875,43.59674835205078,-0.9976909160614014,9.785168231246644e-8,0.06791824847459793,1.0551744367148786e-7,1,1.0928008009614132e-7,-0.06791824847459793,1.1619429329812192e-7,-0.9976909160614014],5,1.3299691677093506],[[760.7155151367188,234.244384765625,43.604652404785159,-0.9970502853393555,1.0596020416642205e-7,0.07675100117921829,1.1359355767126545e-7,1,9.509044929245647e-8,-0.07675100117921829,1.0352837875871046e-7,-0.9970502853393555],5,1.342280387878418],[[760.5823364257813,234.40333557128907,43.611324310302737,-0.9999999403953552,1.0609899447899807e-7,-0.0002904740977101028,1.0607706713017251e-7,1,7.550733016614686e-8,0.0002904740977101028,7.54765210331243e-8,-0.9999999403953552],5,1.3538320064544678],[[760.3827514648438,234.6162109375,43.624168395996097,-0.9997457265853882,9.313811233369052e-8,0.022548703476786615,9.423540348052484e-8,1,4.7600405395087367e-8,-0.022548703476786615,4.971319000901531e-8,-0.9997457265853882],5,1.3643131256103516],[[760.183349609375,234.79843139648438,43.63920974731445,-1,8.253238092947868e-8,-0.0001534629991510883,8.252916927631304e-8,1,2.0899292962894834e-8,0.0001534629991510883,2.088662753862991e-8,-1],5,1.375683069229126],[[760.0505981445313,234.9028778076172,43.6517333984375,-0.9989564418792725,7.503562926558516e-8,-0.04567241668701172,7.495085441178162e-8,1,3.56863671946428e-9,0.04567241668701172,1.417263112424294e-10,-0.9989564418792725],5,1.3869121074676514],[[759.851806640625,235.03399658203126,43.67356872558594,-0.9992559552192688,6.254332873822932e-8,-0.038569215685129169,6.342664704561685e-8,1,-2.167852919399138e-8,0.038569215685129169,-2.410871324798336e-8,-0.9992559552192688],5,1.3975167274475098],[[759.4555053710938,235.20428466796876,43.72772979736328,-0.9994413256645203,4.0164604087067349e-8,0.033421676605939868,3.7875086178473796e-8,1,-6.913708716638212e-8,-0.033421676605939868,-6.783261596865487e-8,-0.9994413256645203],5,1.4230949878692628],[[759.3238525390625,235.23379516601563,43.748870849609378,-0.9942991733551025,2.0774747255813965e-8,-0.10662596672773361,3.001237658395439e-8,1,-8.503120341174508e-8,0.10662596672773361,-8.774655668730702e-8,-0.9942991733551025],5,1.432131052017212],[[759.1267700195313,235.2525177001953,43.782981872558597,-0.9967618584632874,8.738680001840749e-9,-0.08041013032197952,1.7519193207249374e-8,1,-1.0849110054778066e-7,0.08041013032197952,-1.0954851603628413e-7,-0.9967618584632874],5,1.441810131072998],[[758.9955444335938,235.24795532226563,43.80665588378906,-0.9913954734802246,-6.9605694541508e-9,-0.13090060651302339,9.393423816561608e-9,1,-1.2431696916337388e-7,0.13090060651302339,-1.2447688391148405e-7,-0.9913954734802246],5,1.453949213027954],[[758.7993774414063,235.21559143066407,43.84528732299805,-0.9941264390945435,-1.945946337400528e-8,-0.10822482407093048,-3.4652674063551105e-9,1,-1.4797483061101958e-7,0.10822482407093048,-1.4673067028070364e-7,-0.9941264390945435],5,1.463768720626831],[[758.6035766601563,235.15255737304688,43.88623809814453,-0.9929375052452087,-3.3873792659733229e-8,-0.11863836646080017,-1.568748331237657e-8,1,-1.5422584453972377e-7,0.11863836646080017,-1.5127548635973654e-7,-0.9929375052452087],5,1.475588083267212],[[758.4733276367188,235.093505859375,43.914817810058597,-0.9847372770309448,-4.743887416225334e-8,-0.1740473210811615,-2.4270955023553144e-8,1,-1.3524115161089868e-7,0.1740473210811615,-1.2895272050172935e-7,-0.9847372770309448],5,1.4874742031097413],[[758.2789306640625,234.97938537597657,43.961769104003909,-0.9879193305969238,-5.258520374695763e-8,-0.15496912598609925,-3.647565804953956e-8,1,-1.0679673323465977e-7,0.15496912598609925,-9.985395621470161e-8,-0.9879193305969238],5,1.4974274635314942],[[758.0853271484375,234.8345947265625,44.01176452636719,-0.9832030534744263,-6.230996518752363e-8,-0.182514950633049,-4.8789011941607899e-8,1,-7.857142492184721e-8,0.182514950633049,-6.834694232793481e-8,-0.9832030534744263],5,1.5135936737060547],[[757.8289794921875,234.5938720703125,44.085269927978519,-0.9844756126403809,-7.065512619419678e-8,-0.1755213588476181,-6.45494893092291e-8,1,-4.049491764135382e-8,0.1755213588476181,-2.853644609501771e-8,-0.9844756126403809],5,1.5390887260437012],[[757.4476928710938,234.13059997558595,44.206153869628909,-0.9900408387184143,-8.240879623144792e-8,-0.14078053832054139,-8.592677147589711e-8,1,1.8910359500523556e-8,0.14078053832054139,3.0818846141755787e-8,-0.9900408387184143],5,1.553300142288208],[[757.2588500976563,233.85296630859376,44.271934509277347,-0.964461624622345,-8.153303809876889e-8,-0.2642228901386261,-9.804773526411737e-8,1,4.9315328709553799e-8,0.2642228901386261,7.346919517203787e-8,-0.964461624622345],5,1.5656530857086182],[[757.1340942382813,233.65084838867188,44.31892013549805,-0.9498047828674316,-7.922628242340579e-8,-0.3128432333469391,-1.0651129400685022e-7,1,7.012665292904785e-8,0.3128432333469391,9.992796634605838e-8,-0.9498047828674316],5,1.5740447044372559],[[757.0101928710938,233.4351043701172,44.3682861328125,-0.9436208605766296,-7.832241522010008e-8,-0.3310282230377197,-1.1511716735412847e-7,1,9.154671687383598e-8,0.3310282230377197,1.2449241637568776e-7,-0.9436208605766296],5,1.584660530090332],[[756.825927734375,233.08595275878907,44.44613265991211,-0.9470797181129456,-6.400342300594275e-8,-0.3209983706474304,-1.0143351403257839e-7,1,9.988276161720933e-8,0.3209983706474304,1.2715693742393342e-7,-0.9470797181129456],5,1.5946204662322999],[[756.6434936523438,232.70614624023438,44.52808380126953,-0.9270121455192566,-3.23069961893907e-8,-0.37503132224082949,-7.403883017786939e-8,1,9.686629454108697e-8,0.37503132224082949,1.1756311124599961e-7,-0.9270121455192566],5,1.6055607795715333],[[756.5245971679688,232.43589782714845,44.58835220336914,-0.9000372886657715,-8.891364089436138e-9,-0.43581289052963259,-5.5831623768654029e-8,1,9.49012246564962e-8,0.43581289052963259,1.0974678588127063e-7,-0.9000372886657715],5,1.6153147220611573],[[756.35009765625,232.00498962402345,44.68592071533203,-0.8985680341720581,1.4248585422649285e-8,-0.4388342499732971,-2.8680396724212188e-8,1,9.119587218719971e-8,0.4388342499732971,9.453163585249058e-8,-0.8985680341720581],5,1.6259496212005616],[[756.2360229492188,231.70068359375,44.754947662353519,-0.8420527577400208,3.9537049190130349e-8,-0.5393951535224915,-1.0464883182237373e-8,1,8.963564823716297e-8,0.5393951535224915,8.112264993087592e-8,-0.8420527577400208],5,1.6375179290771485],[[756.0723266601563,231.21868896484376,44.86958312988281,-0.8325772881507874,6.213875991534224e-8,-0.5539088845252991,1.6838354710557725e-8,1,8.687264596574096e-8,0.5539088845252991,6.300128063685406e-8,-0.8325772881507874],5,1.6479623317718506],[[755.9163208007813,230.70603942871095,44.99468994140625,-0.8013745546340942,8.567362641542786e-8,-0.598162829875946,4.425103128369301e-8,1,8.394365380581803e-8,0.598162829875946,4.0800987477496167e-8,-0.8013745546340942],5,1.66141676902771],[[755.7673950195313,230.1627197265625,45.128074645996097,-0.7248445749282837,1.0906903469276586e-7,-0.6889124512672424,7.196631202077697e-8,1,8.26006854026673e-8,0.6889124512672424,1.029416818454365e-8,-0.7248445749282837],5,1.673147201538086],[[755.674072265625,229.78347778320313,45.222984313964847,-0.6513585448265076,1.2147206973622816e-7,-0.7587700486183167,9.059494487928532e-8,1,8.232042603140144e-8,0.7587700486183167,-1.512062119957136e-8,-0.6513585448265076],5,1.6835649013519288],[[755.5331420898438,229.18907165527345,45.357913970947269,-0.5771675109863281,-0.000013066143765172456,-0.8166257739067078,-0.0000014896021411914263,1,-0.000014947353520256002,0.8166257739067078,-0.000007410679700114997,-0.5771675109863281],5,1.6939074993133546],[[755.412841796875,228.5640106201172,45.51079559326172,-0.5320552587509155,-0.00000709058031134191,-0.846709668636322,-0.000002066474053208367,1,-0.0000070757455432612918,0.846709668636322,-0.00000201498414753587,-0.5320552587509155],5,1.707845687866211],[[755.2891235351563,227.7902069091797,45.74549102783203,-0.4036185145378113,0.0000021880314307054506,-0.9149273633956909,-4.792989898305677e-7,1,0.0000026029229047708215,0.9149273633956909,0.0000014891116961734952,-0.4036185145378113],7,1.7228193283081055],[[755.211669921875,227.71751403808595,45.92974090576172,-0.34022969007492068,0.0000037717268241976855,-0.940342366695404,5.037712185185228e-7,1,0.000003828742592304479,0.940342366695404,8.289344464174064e-7,-0.34022969007492068],7,1.740171194076538],[[755.281005859375,227.76760864257813,45.93218231201172,-0.3786846399307251,0.0007338534342125058,-0.9255254864692688,0.00002986558320117183,0.9999997019767761,0.0007806846988387406,0.9255257844924927,0.0002679919416550547,-0.37868455052375796],7,1.7528281211853028],[[755.2955932617188,227.8112335205078,45.96654510498047,-0.3863464295864105,0.003483906853944063,-0.9223471879959106,0.002477384638041258,0.9999932050704956,0.0027394830249249937,0.9223504066467285,-0.0012266193516552449,-0.38635241985321047],8,1.7642097473144532],[[755.2904663085938,227.8359375,45.978240966796878,-0.4285277724266052,-0.007110649719834328,-0.9035006165504456,-0.002427837811410427,0.9999744892120361,-0.006718392483890057,0.9035253524780273,-0.000685464998241514,-0.4285340905189514],8,1.7767903804779053],[[755.279541015625,227.8572235107422,45.983367919921878,-0.4551009237766266,-0.004209124017506838,-0.8904299139976502,0.0009890603832900525,0.9999858140945435,-0.005232513416558504,0.8904393315315247,-0.0032620106358081104,-0.45509031414985659],8,1.7890570163726807],[[755.2222900390625,227.87525939941407,45.995277404785159,-0.5588880777359009,-0.0011704809730872512,-0.8292422890663147,0.004096414893865585,0.9999828934669495,-0.0041723609901964668,0.8292329907417297,-0.005728803109377623,-0.55887371301651],8,1.7987847328186036],[[755.16015625,227.8923797607422,45.963890075683597,-0.6275177001953125,0.00040294608334079385,-0.7786021828651428,0.003591908374801278,0.999990701675415,-0.0023773936554789545,0.7785940170288086,-0.004288524389266968,-0.6275133490562439],8,1.8098618984222413],[[755.0814208984375,227.89822387695313,45.872154235839847,-0.7590978741645813,0.0020380401983857157,-0.650973379611969,0.003595630871132016,0.9999929666519165,-0.0010621168185025454,0.6509665846824646,-0.0031469103414565326,-0.7590998411178589],8,1.8214244842529297],[[755.0288696289063,227.8981475830078,45.8004150390625,-0.8260429501533508,0.002318534767255187,-0.5636024475097656,0.0033404710702598097,0.9999940991401672,-0.0007822030456736684,0.5635973215103149,-0.002528830897063017,-0.8260458111763],8,1.8310270309448243],[[754.9144287109375,227.906494140625,45.7342529296875,-0.8857775330543518,0.0010114246979355813,-0.464108943939209,0.0013461679918691517,0.9999990463256836,-0.00038995526847429574,0.46410807967185976,-0.000970182241871953,-0.8857780694961548],8,1.8433632850646973],[[754.8447265625,227.9046173095703,45.77157974243164,-0.9663663506507874,0.00040908550727181137,-0.25716912746429446,0.0004282888548914343,0.9999998807907105,-0.000018658773115021178,0.25716909766197207,-0.00012817388051189482,-0.9663664102554321],8,1.8538246154785157],[[754.7283935546875,227.87628173828126,45.839630126953128,-0.9881290793418884,-0.00007496957550756633,-0.1536259800195694,-0.0001024113516905345,1,0.00017071369802579284,0.1536259651184082,0.00018442021973896772,-0.9881290793418884],8,1.8633174896240235],[[754.6157836914063,227.87542724609376,45.871177673339847,-0.9980952143669128,-0.00014619853754993528,-0.06169173866510391,-0.00015513005200773478,1,0.00013998683425597847,0.06169171631336212,0.0001492904411861673,-0.9980952143669128],8,1.8738338947296143],[[754.4196166992188,227.8936004638672,45.88908004760742,-0.9941365718841553,-0.00009502602915745229,0.10813191533088684,-0.00008992877701530233,1,0.0000520155590493232,-0.10813191533088684,0.0000419863972638268,-0.9941365718841553],8,1.8861284255981446],[[754.220947265625,228.54588317871095,45.90321731567383,-0.9736729860305786,-0.000004784009888680885,0.22794930636882783,-0.000014377110346686095,1,-0.00004042387081426568,-0.22794930636882783,-0.00004263688242645003,-0.9736729860305786],3,1.9038865566253663],[[753.8076171875,229.92831420898438,45.793121337890628,-0.903940737247467,0.0058287219144403938,0.4276180565357208,0.006366985850036144,0.9999797344207764,-0.00017124140867963433,-0.4276103973388672,0.002567846095189452,-0.9039595127105713],5,1.9377527236938477],[[753.6007690429688,230.6143035888672,45.654544830322269,-0.906650722026825,0.004752628039568663,0.42185524106025698,0.005128022748976946,0.9999868273735046,-0.0002447273873258382,-0.4218508303165436,0.0019414009293541313,-0.906663179397583],5,1.9454021453857422],[[753.4281005859375,231.09303283691407,45.57004928588867,-0.9089763760566711,0.002293117344379425,0.4168412983417511,0.0023453424219042064,0.9999971985816956,-0.0003868378989864141,-0.4168410003185272,0.0006260090158320963,-0.9089791774749756],5,1.9566285610198975],[[753.304931640625,231.3951416015625,45.522796630859378,-0.9233958721160889,0.0011518360115587712,0.3838472366333008,0.001098332111723721,0.9999993443489075,-0.0003585797385312617,-0.3838473856449127,0.00009048068022821099,-0.9233965277671814],5,1.9655098915100098],[[753.1159057617188,231.82276916503907,45.45762252807617,-0.9142724275588989,0.00022416069987230003,0.4050998389720917,0.00015487309428863227,0.9999999403953552,-0.00020381268404889852,-0.40509986877441409,-0.00012360124674160033,-0.9142724275588989],5,1.976461410522461],[[752.9893188476563,232.0908203125,45.415645599365237,-0.9323376417160034,-0.00002708483225433156,0.36158889532089236,-0.00007245630695251748,1,-0.00011191966768819839,-0.36158886551856997,-0.00013054630835540593,-0.9323376417160034],5,1.9872357845306397],[[752.798583984375,232.4673614501953,45.355350494384769,-0.9329139590263367,-0.0001156101279775612,0.3600993752479553,-0.00013279372069519013,1,-0.000022979718778515236,-0.36009934544563296,-0.00006925703200977296,-0.9329139590263367],5,1.997779369354248],[[752.67041015625,232.70135498046876,45.318817138671878,-0.951611340045929,-0.00010053538426291198,0.30730414390563967,-0.00010375634155934677,1,0.000005856333245901624,-0.30730414390563967,-0.00002631179813761264,-0.951611340045929],5,2.0097594261169435],[[752.4766845703125,233.02679443359376,45.2691535949707,-0.9562877416610718,-0.00005244121712166816,0.2924273908138275,-0.00004930328213959001,1,0.000018100545275956393,-0.2924273908138275,0.0000028916995233885247,-0.9562877416610718],5,2.0213711261749269],[[752.2809448242188,233.3215789794922,45.22818374633789,-0.9631531238555908,-0.00001763504587870557,0.2689535915851593,-0.000014450642993324437,1,0.000013819724699715153,-0.2689535915851593,0.000009423958545085043,-0.9631531238555908],5,2.0321171283721926],[[752.0841064453125,233.58570861816407,45.192867279052737,-0.9690097570419312,-0.0000016694990563337342,0.24702239036560059,7.998977480383474e-9,1,0.00000678987089486327,-0.24702239036560059,0.00000658142744214274,-0.9690097570419312],5,2.0426299571990969],[[751.9524536132813,233.74476623535157,45.17216873168945,-0.9851382374763489,0.00