[[[776,222.69961547851563,47,1,1.2138654525983839e-8,-2.0250812880978979e-15,-1.2138654525983839e-8,1,-8.59122764040876e-8,9.822219467349285e-16,8.59122764040876e-8,1],8,0.008178234100341797],[[776,222.69961547851563,47,1,1.5037343814583438e-8,-2.3494135917333585e-15,-1.5037343814583438e-8,1,-1.0642796155480028e-7,7.490198532517491e-16,1.0642796155480028e-7,1],8,0.027268171310424806],[[776,222.69961547851563,47,1,1.1108985731311805e-8,-2.0470086417617068e-15,-1.1108985731311805e-8,1,-7.862469431074715e-8,1.1735679600690958e-15,7.862469431074715e-8,1],8,0.03412008285522461],[[776,222.69961547851563,47,1,9.146065238496704e-9,-1.9288636392457297e-15,-9.146065238496704e-9,1,-6.473197089462701e-8,1.336820749279035e-15,6.473197089462701e-8,1],8,0.043617963790893558],[[776,222.69961547851563,47,1,7.183983630199009e-9,-1.836918636337749e-15,-7.183983630199009e-9,1,-5.0845180510350477e-8,1.4716477480538303e-15,5.0845180510350477e-8,1],8,0.053052425384521487],[[776,222.69961547851563,47,1,4.242433071510732e-9,-1.7494901189836466e-15,-4.242433071510732e-9,1,-3.002611848046399e-8,1.62210631635373e-15,3.002611848046399e-8,1],8,0.06969380378723145],[[776,222.69961547851563,47,1,1.3027678935628729e-9,-1.7230923371824663e-15,-1.3027678935628729e-9,1,-9.220398666798247e-9,1.7110803511992163e-15,9.220398666798247e-9,1],8,0.07799625396728516],[[776,222.69961547851563,47,1,-1.6350133469344997e-9,-1.7577575840653222e-15,1.6350133469344997e-9,1,1.157199136514464e-8,1.738837197364266e-15,-1.157199136514464e-8,1],8,0.08831310272216797],[[776,222.69961547851563,47,1,-3.592488084791512e-9,-1.814749454767499e-15,3.592488084791512e-9,1,2.5426183825061345e-8,1.7234062687685424e-15,-2.5426183825061345e-8,1],8,0.09821867942810059],[[776,222.69961547851563,47,1,-5.549126047554864e-9,-1.8988090044530158e-15,5.549126047554864e-9,1,3.9274457463989168e-8,1.6808701799815628e-15,-3.9274457463989168e-8,1],8,0.10870361328125],[[776,222.69961547851563,47,1,-8.482516022922937e-9,-2.075575674940805e-15,8.482516022922937e-9,1,6.003577368574042e-8,1.5663212558431539e-15,-6.003577368574042e-8,1],8,0.1207437515258789],[[776,222.69961547851563,47,1,-1.1414026168665714e-8,-2.3130513143406786e-15,1.1414026168665714e-8,1,8.078378499476458e-8,1.3909831064209087e-15,-8.078378499476458e-8,1],8,0.1316847801208496],[[776,222.69961547851563,47,1,-1.3367321471946525e-8,-2.5050381080994438e-15,1.3367321471946525e-8,1,9.46084028896621e-8,1.2403771543881867e-15,-9.46084028896621e-8,1],8,0.1436150074005127],[[776,222.69961547851563,47,1,-1.7271409191721433e-8,-2.96966341999745e-15,1.7271409191721433e-8,1,1.2223993905990938e-7,8.584074350656231e-16,-1.2223993905990938e-7,1],8,0.15740489959716798],[[776,222.69961547851563,47,1,-1.2682386696383219e-8,-2.538007171505423e-15,1.2682386696383219e-8,1,8.976073218036618e-8,1.3996267600102837e-15,-8.976073218036618e-8,1],8,0.1802670955657959],[[776,222.69961547851563,47,1,-6.568265487061353e-9,-2.2181791773252239e-15,6.568265487061353e-9,1,4.648748230806632e-8,1.912836928850731e-15,-4.648748230806632e-8,1],8,0.18762421607971192],[[776,222.69961547851563,47,1,-1.986103281836904e-9,-2.1548850638581199e-15,1.986103281836904e-9,1,1.4056809050089214e-8,2.126966857916618e-15,-1.4056809050089214e-8,1],8,0.1980302333831787],[[776,222.69961547851563,47,1,1.067039900881639e-9,-2.1954261782960789e-15,-1.067039900881639e-9,1,-7.552094061225035e-9,2.187367718594138e-15,7.552094061225035e-9,1],8,0.20937800407409669],[[776,222.69961547851563,47,1,7.1694130632238288e-9,-2.4742287669507264e-15,-7.1694130632238288e-9,1,-5.074220865708412e-8,2.1104367981927137e-15,5.074220865708412e-8,1],8,0.22437167167663575],[[776,222.69961547851563,47,1,1.021864370898129e-8,-2.7122748830405755e-15,-1.021864370898129e-8,1,-7.232343079977e-8,1.973227413374647e-15,7.232343079977e-8,1],8,0.23434662818908692],[[776,222.69961547851563,47,1,1.4790047409007912e-8,-3.1923972979833096e-15,-1.4790047409007912e-8,1,-1.0467798006175144e-7,1.6442050883102395e-15,1.0467798006175144e-7,1],8,0.24428200721740724],[[776,222.69961547851563,47,1,1.2972175333914038e-8,-3.050619440964227e-15,-1.2972175333914038e-8,1,-9.181181326312071e-8,1.859620601631822e-15,9.181181326312071e-8,1],8,0.2551708221435547],[[776,222.69961547851563,47,1,1.0246823833881536e-8,-2.8613433643949125e-15,-1.0246823833881536e-8,1,-7.252286593484314e-8,2.1182142547144027e-15,7.252286593484314e-8,1],8,0.2667412757873535],[[776,222.69961547851563,47,1,5.708452821551191e-9,-2.6515739609414905e-15,-5.708452821551191e-9,1,-4.0402081680213089e-8,2.4209404419313006e-15,4.0402081680213089e-8,1],8,0.2859072685241699],[[776,222.69961547851563,47,1,3.894461642062197e-9,-2.607859861083117e-15,-3.894461642062197e-9,1,-2.7563372029248968e-8,2.5005153756775795e-15,2.7563372029248968e-8,1],8,0.29524970054626467],[[776,222.69961547851563,47,1,2.688043954091057e-10,-2.5901255322664537e-15,-2.688043954091057e-10,1,-1.9024068986794875e-9,2.5896141361245489e-15,1.9024068986794875e-9,1],8,0.3102242946624756],[[775.958251953125,222.69961547851563,47.028465270996097,0.9969726204872131,-1.864860266209689e-9,0.07775356620550156,1.0112678472395942e-9,1,1.1017553092074195e-8,-0.07775356620550156,-1.0905568892383144e-8,0.9969726204872131],8,0.3228621482849121],[[775.7483520507813,222.69961547851563,47.14672088623047,0.9490689635276794,-9.12501452177139e-9,0.3150683641433716,-2.7031943350408484e-9,1,3.71047477187858e-8,-0.3150683641433716,-3.606665543998133e-8,0.9490689635276794],8,0.3442537784576416],[[775.3946533203125,222.69961547851563,47.33251953125,0.7803294658660889,-2.8086056147458295e-8,0.625368595123291,-2.2291860801715303e-8,1,7.272679170000629e-8,-0.625368595123291,-7.069149177141299e-8,0.7803294658660889],8,0.36731576919555666],[[774.73193359375,222.69961547851563,47.64613342285156,0.3775903284549713,-4.876545389720377e-8,0.9259727597236633,-5.274312542269399e-8,1,7.417146008492637e-8,-0.9259727597236633,-7.684512581818126e-8,0.3775903284549713],8,0.4155280590057373],[[774.426513671875,222.69961547851563,47.77959060668945,0.2291519045829773,-2.0874550088478828e-8,0.9733906984329224,-2.333087323336258e-8,1,2.6937657437997588e-8,-0.9733906984329224,-2.8882869429480708e-8,0.2291519045829773],8,0.45308828353881838],[[773.8602294921875,222.69961547851563,47.97764587402344,0.05005970597267151,3.238563905938463e-8,0.9987462162971497,4.780856954766932e-8,1,-3.482258037479369e-8,-0.9987462162971497,4.949183818325764e-8,0.05005970597267151],8,0.4817171096801758],[[773.4772338867188,222.69961547851563,48.09278106689453,-0.02758573181927204,5.8667726676731038e-8,0.9996194243431091,8.538157203474839e-8,1,-5.633384958514398e-8,-0.9996194243431091,8.379507221434324e-8,-0.02758573181927204],8,0.4885990619659424],[[773.3485717773438,222.69961547851563,48.12761306762695,-0.046435315161943439,5.050486961977185e-8,0.998921275138855,7.359563625186638e-8,1,-4.713828616331739e-8,-0.998921275138855,7.132737067649941e-8,-0.046435315161943439],8,0.49604368209838869],[[773.2839965820313,222.69961547851563,48.14426040649414,-0.054437749087810519,4.6416619881028967e-8,0.9985171556472778,6.756262393992074e-8,1,-4.280213516949516e-8,-0.9985171556472778,6.513239014793726e-8,-0.054437749087810519],8,0.5031492710113525],[[773.1546630859375,222.69961547851563,48.176578521728519,-0.06854351609945297,3.8229728716032699e-8,0.9976481199264526,5.5303974733078579e-8,1,-3.4520187597308907e-8,-0.9976481199264526,5.2807774153507128e-8,-0.06854351609945297],8,0.5107913017272949],[[773.0250854492188,222.69961547851563,48.20793533325195,-0.08081290870904923,3.00317140045081e-8,0.99672931432724,4.2854036763628758e-8,1,-2.665573717308689e-8,-0.99672931432724,4.0559744007850898e-8,-0.08081290870904923],8,0.5199379920959473],[[772.8953247070313,222.69961547851563,48.238712310791019,-0.09171579033136368,2.1824998697184129e-8,0.9957852363586426,3.026072903367094e-8,1,-1.9130242279175037e-8,-0.9957852363586426,2.837864165883275e-8,-0.09171579033136368],8,0.5289812088012695],[[772.7005004882813,222.69961547851563,48.284114837646487,-0.1061832457780838,9.502400644123555e-9,0.994346559047699,1.1168165947594844e-8,1,-8.363813641665275e-9,-0.994346559047699,1.0216931300988108e-8,-0.1061832457780838],8,0.5401260852813721],[[772.570556640625,222.69961547851563,48.31394958496094,-0.11471898853778839,1.2808145655185399e-9,0.9933980107307434,-1.6662927704302888e-9,1,-1.4817529425670273e-9,-0.9933980107307434,-1.8252768185789137e-9,-0.11471898853778839],8,0.5475170612335205],[[772.4405517578125,222.69961547851563,48.343509674072269,-0.12241797149181366,-6.9446604022971318e-9,0.992478609085083,-1.4567224759787223e-8,1,5.200484931577876e-9,-0.992478609085083,-1.3821026101368261e-8,-0.12241797149181366],8,0.5558712482452393],[[772.2454223632813,222.69961547851563,48.387474060058597,-0.13276322185993195,-1.928821546925974e-8,0.9911477565765381,-3.4016526484492718e-8,1,1.4904005141147537e-8,-0.9911477565765381,-3.173670037881493e-8,-0.13276322185993195],8,0.5713486671447754],[[772.0499877929688,222.69961547851563,48.42998123168945,-0.14144253730773927,-3.1635959629738866e-8,0.9899464845657349,-5.35461062156628e-8,1,2.4306631374315658e-8,-0.9899464845657349,-4.95697882740842e-8,-0.14144253730773927],8,0.5856351852416992],[[771.8541870117188,222.69961547851563,48.47079086303711,-0.1483680158853531,-4.398532027494184e-8,0.988932192325592,-7.311480487715017e-8,1,3.350828592374455e-8,-0.988932192325592,-6.7334028130972e-8,-0.1483680158853531],8,0.595024585723877],[[771.6575317382813,222.69961547851563,48.507110595703128,-0.15258502960205079,-5.633346944478035e-8,0.9882903695106506,-9.26455996363984e-8,1,4.269710629500878e-8,-0.9882903695106506,-8.504581217039231e-8,-0.15258502960205079],8,0.6056830883026123],[[771.5260009765625,222.69961547851563,48.52900695800781,-0.15392711758613587,-6.456325252202078e-8,0.988082230091095,-1.05618404688812e-7,1,4.8888356474208197e-8,-0.988082230091095,-9.683442669938813e-8,-0.15392711758613587],8,0.6170504093170166],[[771.328125,222.69961547851563,48.55791091918945,-0.15370389819145204,-5.678393577568386e-8,0.988116979598999,-9.235036202426272e-8,1,4.3101501034925607e-8,-0.988116979598999,-8.462808409603895e-8,-0.15370389819145204],8,0.6286945343017578],[[771.1294555664063,222.69961547851563,48.58041763305664,-0.15043053030967713,-3.895690170452326e-8,0.9886205792427063,-6.268584229474073e-8,1,2.986690361694855e-8,-0.9886205792427063,-5.7479621062839217e-8,-0.15043053030967713],8,0.6399097442626953],[[770.9303588867188,222.69961547851563,48.59938049316406,-0.14528706669807435,-2.1149480389226484e-8,0.9893895387649536,-3.3055322035124848e-8,1,1.652227865633904e-8,-0.9893895387649536,-3.030411477311645e-8,-0.14528706669807435],8,0.6529848575592041],[[770.7308959960938,222.69961547851563,48.61410903930664,-0.1384979784488678,-3.3650151554098785e-9,0.9903627038002014,-3.520390867706169e-9,1,2.9054485484181215e-9,-0.9903627038002014,-3.0840650033781005e-9,-0.1384979784488678],8,0.6646764278411865],[[770.5978393554688,222.69961547851563,48.62251281738281,-0.1335054337978363,8.477097246384347e-9,0.9910480976104736,1.6091286525465877e-8,1,-6.385990403146025e-9,-0.9910480976104736,1.509467395521824e-8,-0.1335054337978363],8,0.6759006977081299],[[770.3980712890625,222.69961547851563,48.63268280029297,-0.1253618746995926,2.6217541915229959e-8,0.992111086845398,4.536950370948034e-8,1,-2.0693182278819223e-8,-0.992111086845398,4.241745088506832e-8,-0.1253618746995926],8,0.687553882598877],[[770.1983032226563,222.67919921875,48.64236068725586,-0.1169343888759613,4.392934016550498e-8,0.9931396245956421,7.446953986800509e-8,1,-3.5464591263689729e-8,-0.9931396245956421,6.981162670172125e-8,-0.1169343888759613],8,0.7007958889007568],[[769.9319458007813,223.5523223876953,48.65523910522461,-0.10564806312322617,6.749916536819e-8,0.994403600692749,1.129876778804828e-7,1,-5.587493845382596e-8,-0.994403600692749,1.0645226922179063e-7,-0.10564806312322617],3,0.7201778888702393],[[769.6653442382813,224.3743438720703,48.65346145629883,-0.09080059826374054,7.236235433083493e-8,0.9958691000938416,1.1996931448265969e-7,1,-6.17240445421885e-8,-0.9958691000938416,1.1386915588218472e-7,-0.09080059826374054],5,0.7432417869567871],[[769.2659912109375,225.50518798828126,48.631832122802737,-0.06239426136016846,5.1729369232589309e-8,0.9980515837669373,8.385709548974774e-8,1,-4.658794239276176e-8,-0.9980515837669373,8.078689006651985e-8,-0.06239426136016846],5,0.7576663494110107],[[768.93408203125,226.35389709472657,48.601688385009769,-0.03661807253956795,3.4626275180471569e-8,0.9993293285369873,5.417342308078332e-8,1,-3.2664452476183217e-8,-0.9993293285369873,5.294098315289375e-8,-0.03661807253956795],5,0.7755272388458252],[[768.668701171875,226.97154235839845,48.576419830322269,-0.01805487461388111,2.100776264057913e-8,0.9998369812965393,3.0850245025249026e-8,1,-2.0454098859090665e-8,-0.9998369812965393,3.0475920453909569e-8,-0.01805487461388111],5,0.7940201759338379],[[768.5360107421875,227.25991821289063,48.563777923583987,-0.009866022504866124,1.4218879407223995e-8,0.9999513030052185,1.9326529709928765e-8,1,-1.4028885608752262e-8,-0.9999513030052185,1.9187179844948333e-8,-0.009866022504866124],5,0.8035058975219727],[[768.4033203125,227.53468322753907,48.550621032714847,-0.0022180438973009588,7.442827687498266e-9,0.9999975562095642,7.881470587278728e-9,1,-7.425364323410122e-9,-0.9999975562095642,7.864981554916995e-9,-0.0022180438973009588],5,0.813901424407959],[[768.1381225585938,228.04331970214845,48.523189544677737,0.012208796106278897,-6.071738667401405e-9,0.9999254941940308,-1.4798229308610189e-8,1,6.252873330225839e-9,-0.9999254941940308,-1.4873466902542987e-8,0.012208796106278897],5,0.8253090381622315],[[768.005615234375,228.27720642089845,48.50836181640625,0.019149847328662874,-1.2810330574097862e-8,0.9998165965080261,-2.6038069478317994e-8,1,1.3311396429571687e-8,-0.9998165965080261,-2.62882053903013e-8,0.019149847328662874],5,0.8359434604644775],[[767.8070678710938,228.6024932861328,48.484230041503909,0.029510589316487314,-2.2894674600593136e-8,0.9995644688606262,-4.2771667096985769e-8,1,2.416741828881186e-8,-0.9995644688606262,-4.346623683204598e-8,0.029510589316487314],5,0.8457858562469482],[[767.6748657226563,228.80230712890626,48.46687316894531,0.03642330318689346,-2.960154432685158e-8,0.9993364214897156,-5.384123724638812e-8,1,3.158357841925863e-8,-0.9993364214897156,-5.495589050497074e-8,0.03642330318689346],5,0.8555243015289307],[[767.5429077148438,228.98851013183595,48.447998046875,0.04352744296193123,-3.6295183747370177e-8,0.9990522265434265,-6.483357140041335e-8,1,3.915433310908156e-8,-0.9990522265434265,-6.647641015433692e-8,0.04352744296193123],5,0.8670759201049805],[[767.345703125,229.24224853515626,48.41458511352539,0.05565967410802841,-4.6308450407650528e-8,0.9984498023986816,-8.111428684287603e-8,1,5.09021553796174e-8,-0.9984498023986816,-8.382173888321631e-8,0.05565967410802841],5,0.8792839050292969],[[767.1490478515625,229.46534729003907,48.37815856933594,0.06846541166305542,-5.628550425740286e-8,0.9976534843444824,-9.716298876583096e-8,1,6.308584232783687e-8,-0.9976534843444824,-1.0125419436235461e-7,0.06846541166305542],5,0.8915615081787109],[[766.9530029296875,229.6577911376953,48.338741302490237,0.081576868891716,-6.622402537459493e-8,0.9966670274734497,-1.1298013902205639e-7,1,7.569287419073589e-8,-0.9966670274734497,-1.1877837380325218e-7,0.081576868891716],5,0.9032483100891113],[[766.7572021484375,229.81956481933595,48.29791259765625,0.09429462254047394,-7.612261754275096e-8,0.9955443143844605,-1.2860994047514397e-7,1,8.864481060300023e-8,-0.9955443143844605,-1.3639562723710697e-7,0.09429462254047394],5,0.9147646427154541],[[766.2356567382813,230.10110473632813,48.1867561340332,0.1254582405090332,-5.124100610487403e-8,0.9920989274978638,-8.424806452467237e-8,1,6.23028810764481e-8,-0.9920989274978638,-9.139882450881487e-8,0.1254582405090332],5,0.9502420425415039],[[766.1052856445313,230.13743591308595,48.158931732177737,0.13199874758720399,-4.081030269276198e-8,0.9912498593330383,-6.633156601765222e-8,1,5.000352132356056e-8,-0.9912498593330383,-7.235155408125138e-8,0.13199874758720399],5,0.9572305679321289],[[765.8445434570313,230.16920471191407,48.1032829284668,0.14298102259635926,-2.0019855995201398e-8,0.9897254109382629,-3.0908822168385089e-8,1,2.4692939248893709e-8,-0.9897254109382629,-3.412186799778283e-8,0.14298102259635926],5,0.9713940620422363],[[765.7793579101563,230.1686248779297,48.08937072753906,0.14543358981609345,-1.483604972207786e-8,0.9893680214881897,-2.212088290320935e-8,1,1.8247172661745027e-8,-0.9893680214881897,-2.4539446030757973e-8,0.14543358981609345],5,0.9805965423583984],[[765.5838012695313,230.14646911621095,48.04763412475586,0.15216049551963807,6.850226497157053e-10,0.988355815410614,4.10545375473248e-9,1,-1.3251407748882116e-9,-0.988355815410614,4.259283148400073e-9,0.15216049551963807],5,0.9917953014373779],[[765.2578735351563,230.0414276123047,47.97807312011719,0.1619945615530014,2.6459094470965284e-8,0.9867916703224182,4.7429359995021517e-8,1,-3.459939179606408e-8,-0.9867916703224182,5.2407809647547768e-8,0.1619945615530014],5,1.0233542919158936],[[764.8663940429688,229.80294799804688,47.89583206176758,0.17129124701023103,5.724839624576816e-8,0.9852204322814941,9.89491013569932e-8,1,-7.531056667176017e-8,-0.9852204322814941,1.1038672198537825e-7,0.17129124701023103],5,1.044295310974121],[[764.5379638671875,229.51055908203126,47.83950424194336,0.17231179773807527,6.596111035150898e-8,0.9850424528121948,1.1324859627848127e-7,1,-8.677309182303361e-8,-0.9850424528121948,1.2650670555558464e-7,0.17231179773807527],5,1.0539884567260743],[[764.3399047851563,229.29425048828126,47.81171798706055,0.16971684992313386,5.600484698220498e-8,0.9854928851127625,9.609470907889772e-8,1,-7.337824570186058e-8,-0.9854928851127625,1.0715417886331125e-7,0.16971684992313386],5,1.0675089359283448],[[764.2075805664063,229.1330108642578,47.79530334472656,0.16691775619983674,4.9364082599367978e-8,0.9859707951545715,8.471417345390364e-8,1,-6.440797051254776e-8,-0.9859707951545715,9.427653679949799e-8,0.16691775619983674],5,1.0767252445220948],[[764.074951171875,228.95814514160157,47.78175354003906,0.16298256814479829,4.2718145465414639e-8,0.9866289496421814,7.337370533377907e-8,1,-5.5417771704924237e-8,-0.9866289496421814,8.14247584912664e-8,0.16298256814479829],5,1.0887751579284669],[[763.875732421875,228.67030334472657,47.76406478881836,0.15586087107658387,3.273502358069891e-8,0.9877790212631226,5.634513300378785e-8,1,-4.2030681157712027e-8,-0.9877790212631226,6.22074765033176e-8,0.15586087107658387],5,1.096987009048462],[[763.7427978515625,228.46136474609376,47.75359344482422,0.15072858333587647,2.60688537423448e-8,0.9885751605033875,4.494575378544141e-8,1,-3.32230314370463e-8,-0.9885751605033875,4.943991882555565e-8,0.15072858333587647],5,1.1057438850402833],[[763.60986328125,228.2388153076172,47.74379348754883,0.14553040266036988,1.9393763039943225e-8,0.9893537759780884,3.349553523435134e-8,1,-2.45295286305236e-8,-0.9893537759780884,3.670872672500991e-8,0.14553040266036988],5,1.116004467010498],[[763.4103393554688,227.8794403076172,47.7296142578125,0.13793031871318818,9.365026087948536e-9,0.9904419183731079,1.6218494991449007e-8,1,-1.171401198263311e-8,-0.9904419183731079,1.767919499684467e-8,0.13793031871318818],5,1.1276795864105225],[[763.2772827148438,227.62283325195313,47.72039031982422,0.13313326239585877,2.6692190679966645e-9,0.991098165512085,4.6359396321804528e-9,1,-3.3159348600264595e-9,-0.991098165512085,5.036132399993676e-9,0.13313326239585877],5,1.136627435684204],[[763.0776977539063,227.2123565673828,47.706642150878909,0.12645173072814942,-7.387613187859188e-9,0.9919727444648743,-1.2822342299045886e-8,1,9.0819227693828e-9,-0.9919727444648743,-1.3867839321335396e-8,0.12645173072814942],5,1.1510436534881592],[[762.8781127929688,226.77122497558595,47.69289779663086,0.12039398401975632,-1.745807409747613e-8,0.99272620677948,-3.036442564052777e-8,1,2.1268471428470549e-8,-0.99272620677948,-3.270415760425749e-8,0.12039398401975632],5,1.160252332687378],[[762.7450561523438,226.46011352539063,47.68373489379883,0.11672262847423554,-2.4178117286055568e-8,0.9931645393371582,-4.20957420033119e-8,1,2.9291866709968418e-8,-0.9931645393371582,-4.522702212739205e-8,0.11672262847423554],5,1.1701550483703614],[[762.5454711914063,225.9678955078125,47.66999053955078,0.11169905960559845,-3.426605132972327e-8,0.9937421083450317,-5.973600991637795e-8,1,4.119631213939101e-8,-0.9937421083450317,-6.396377472128734e-8,0.11169905960559845],5,1.180178165435791],[[762.4124145507813,225.6227264404297,47.66082763671875,0.10864697396755219,-4.099579697935951e-8,0.9940804243087769,-7.151881220579526e-8,1,4.9056495754484789e-8,-0.9940804243087769,-7.642528743190269e-8,0.10864697396755219],5,1.1907367706298829],[[762.2793579101563,225.263916015625,47.65166473388672,0.10583078116178513,-4.772845940692605e-8,0.9943841695785523,-8.331461742727697e-8,1,5.686505488711191e-8,-0.9943841695785523,-8.886480884484627e-8,0.10583078116178513],5,1.1998488903045655],[[762.1463012695313,224.89149475097657,47.64250183105469,0.103220134973526,-5.446355189064889e-8,0.9946585297584534,-9.512090315411115e-8,1,6.462714452482033e-8,-0.9946585297584534,-1.0128363925332451e-7,0.103220134973526],5,1.210690975189209],[[761.9467163085938,224.3072967529297,47.62875747680664,0.09961953014135361,-6.456983925318127e-8,0.9950255751609802,-1.1284684831025516e-7,1,7.619058806085377e-8,-0.9950255751609802,-1.198755796849582e-7,0.09961953014135361],5,1.221801996231079],[[761.7471313476563,223.6924591064453,47.615013122558597,0.09636805951595307,-7.467949103556748e-8,0.9953457713127136,-1.3058570402790793e-7,1,8.767182180235977e-8,-0.9953457713127136,-1.384266994364225e-7,0.09636805951595307],5,1.2333095073699952],[[761.5475463867188,223.04696655273438,47.6015510559082,0.09334377944469452,-5.3506443720152677e-8,0.9956339597702026,-9.363047581700812e-8,1,6.251922712863234e-8,-0.9956339597702026,-9.905746622962397e-8,0.09334377944469452],7,1.2448678016662598],[[761.3479614257813,222.48272705078126,47.5890007019043,0.0902528464794159,-3.232887024751108e-8,0.995918869972229,-5.6605109932661438e-8,1,3.759105382528105e-8,-0.995918869972229,-5.976679773311844e-8,0.0902528464794159],7,1.2556428909301758],[[761.2149047851563,222.41656494140626,47.5809326171875,0.08820777386426926,-1.8207897412025887e-8,0.9961020946502686,-3.187994224163049e-8,1,2.1102209757373204e-8,-0.9961020946502686,-3.361705580573471e-8,0.08820777386426926],7,1.2670691013336182],[[761.0152587890625,222.4651336669922,47.569488525390628,0.08508342504501343,2.9773055132409356e-9,0.9963738322257996,5.2682906925838328e-9,1,-3.438016538126476e-9,-0.9963738322257996,5.54170531685827e-9,0.08508342504501343],7,1.2779967784881592],[[760.6823120117188,222.57669067382813,47.55064010620117,0.08020062744617462,3.82945835042392e-8,0.9967787265777588,6.733525026447751e-8,1,-4.3836120511286938e-8,-0.9967787265777588,7.063403018037207e-8,0.08020062744617462],8,1.2986738681793213],[[760.5491333007813,222.60769653320313,47.5431022644043,0.0784667581319809,4.3966295493191868e-8,0.9969167113304138,7.734067963838243e-8,1,-5.018971549475282e-8,-0.9969167113304138,8.104044013634848e-8,0.0784667581319809],8,1.308103084564209],[[760.349365234375,222.64080810546876,47.53208541870117,0.07603494077920914,3.978824025807626e-8,0.9971051812171936,7.005016300354328e-8,1,-4.5245478474953418e-8,-0.9971051812171936,7.328761597591438e-8,0.07603494077920914],8,1.3192307949066163],[[760.1495971679688,222.66220092773438,47.52141189575195,0.07369747757911682,3.561020633924272e-8,0.9972806572914124,6.274518682403141e-8,1,-4.034408007669299e-8,-0.9972806572914124,6.554782316925412e-8,0.07369747757911682],8,1.3314611911773682],[[759.9498291015625,222.67588806152345,47.510807037353519,0.07153584808111191,3.143236426694784e-8,0.9974380135536194,5.54239107941612e-8,1,-3.5488078253820279e-8,-0.9974380135536194,5.7820585652734738e-8,0.07153584808111191],8,1.3536429405212403],[[759.6168823242188,222.68853759765626,47.493648529052737,0.06812062859535217,2.4470157455880327e-8,0.9976770877838135,4.3197076138312698e-8,1,-2.7476595221287427e-8,-0.9976770877838135,4.4968455625848949e-8,0.06812062859535217],8,1.3724782466888428],[[759.3505249023438,222.693603515625,47.479976654052737,0.06573096662759781,1.8901536336102255e-8,0.9978373646736145,3.339216547715296e-8,1,-2.1142158246334476e-8,-0.9978373646736145,3.470964671237198e-8,0.06573096662759781],8,1.388413667678833],[[759.1507568359375,222.69581604003907,47.469722747802737,0.06418073922395706,1.4726089681005306e-8,0.9979382753372192,2.6026967248071743e-8,1,-1.6430394822464224e-8,-0.9979382753372192,2.7027821758451865e-8,0.06418073922395706],8,1.3943965435028077],[[759.017578125,222.6968231201172,47.462886810302737,0.0632554367184639,1.1943070532538514e-8,0.9979973435401917,2.1112720460791935e-8,1,-1.3305210266878476e-8,-0.9979973435401917,2.191206682766733e-8,0.0632554367184639],8,1.402512788772583],[[758.8843994140625,222.69757080078126,47.456050872802737,0.062406014651060107,9.160612712832972e-9,0.9980508685112,1.619603473557163e-8,1,-1.0191206989418334e-8,-0.9980508685112,1.6800459690102799e-8,0.062406014651060107],8,1.4164605140686036],[[758.6846313476563,222.69833374023438,47.445796966552737,0.06123983860015869,4.988084167933948e-9,0.9981231093406677,8.817865548849113e-9,1,-5.538483893730017e-9,-0.9981231093406677,9.140491030734666e-9,0.06123983860015869],8,1.4247796535491944],[[758.48486328125,223.35743713378907,47.435543060302737,0.06009876728057861,8.170195076040443e-10,0.9981924295425415,1.437432617379386e-9,1,-9.050433735779961e-10,-0.9981924295425415,1.4892264088572916e-9,0.06009876728057861],3,1.4391748905181885],[[758.2850952148438,223.98928833007813,47.42530059814453,0.05911681056022644,-3.3524976128518348e-9,0.9982510805130005,-5.944643888255996e-9,1,3.7104150862887765e-9,-0.9982510805130005,-6.153595411007018e-9,0.05911681056022644],5,1.4607398509979249],[[757.9521484375,224.97422790527345,47.40822982788086,0.05773729458451271,-1.029781415695652e-8,0.9983317852020264,-1.8248206501425558e-8,1,1.1370383745656909e-8,-0.9983317852020264,-1.8874260376833264e-8,0.05773729458451271],5,1.4676547050476075],[[757.8189697265625,225.3443603515625,47.40140151977539,0.057257700711488727,-1.307450148146927e-8,0.9983594417572022,-2.3168787777194667e-8,1,1.4424757388553644e-8,-0.9983594417572022,-2.3956705064165363e-8,0.057257700711488727],5,1.4760630130767823],[[757.685791015625,225.7008819580078,47.39457321166992,0.05682533606886864,-1.5850316614773875e-8,0.9983841180801392,-2.8088365411349515e-8,1,1.747468303392452e-8,-0.9983841180801392,-2.903598250725281e-8,0.05682533606886864],5,1.492215871810913],[[757.4860229492188,226.21009826660157,47.38433074951172,0.05623668432235718,-2.0012343782127574e-8,0.9984174370765686,-3.5465724579353267e-8,1,2.2041700020736245e-8,-0.9984174370765686,-3.6649151269330108e-8,0.05623668432235718],5,1.499375820159912],[[757.3528442382813,226.5325469970703,47.37750244140625,0.05587977543473244,-2.278587096782303e-8,0.9984375238418579,-4.038239964643253e-8,1,2.5081620336209199e-8,-0.9984375238418579,-4.172085610321119e-8,0.05587977543473244],5,1.5091125965118409],[[757.153076171875,226.9906768798828,47.36725997924805,0.055391497910022739,-2.6944377395921039e-8,0.9984647035598755,-4.775475304086285e-8,1,2.9635083720336298e-8,-0.9984647035598755,-4.932296704396322e-8,0.055391497910022739],5,1.5194289684295655],[[756.9533081054688,227.4181365966797,47.357017517089847,0.05495200678706169,-3.1100693576036068e-8,0.9984890222549439,-5.512364253945634e-8,1,3.4181496744167819e-8,-0.9984890222549439,-5.691869375823444e-8,0.05495200678706169],5,1.5298192501068116],[[756.8201293945313,227.6860809326172,47.350189208984378,0.054686225950717929,-3.3870332316610077e-8,0.998503565788269,-6.003405417231989e-8,1,3.720904828696803e-8,-0.998503565788269,-6.197904411919808e-8,0.054686225950717929],5,1.5410547256469727],[[756.6869506835938,227.94039916992188,47.343360900878909,0.05444135516881943,-3.6638962086499308e-8,0.9985169768333435,-6.494258286693366e-8,1,4.023419464260769e-8,-0.9985169768333435,-6.703667310148376e-8,0.05444135516881943],5,1.5504257678985596],[[756.35400390625,228.5166015625,47.326290130615237,0.05388765037059784,-4.3556052986559737e-8,0.9985470175743103,-7.720622363649454e-8,1,4.778594586696272e-8,-0.9985470175743103,-7.966911397261356e-8,0.05388765037059784],5,1.5702340602874756],[[756.087646484375,228.91624450683595,47.3126335144043,0.053508441895246509,-4.908503825618027e-8,0.9985674023628235,-8.700827436314285e-8,1,5.3817814205103789e-8,-0.9985674023628235,-8.976333276677906e-8,0.053508441895246509],5,1.587162971496582],[[755.8212890625,229.26138305664063,47.299774169921878,0.05286208540201187,-5.4609962774065937e-8,0.9986017942428589,-9.682040769121159e-8,1,5.981171824487319e-8,-0.9986017942428589,-9.984680815477987e-8,0.05286208540201187],5,1.6098363399505616],[[755.554931640625,229.55203247070313,47.28862762451172,0.05152510479092598,-6.013148379224731e-8,0.9986717104911804,-1.0667319827462052e-7,1,6.571512045638883e-8,-0.9986717104911804,-1.0991747956268228e-7,0.05152510479092598],5,1.6204676628112794],[[755.3182373046875,229.677001953125,47.28628921508789,0.04930061474442482,0.011752288788557053,0.9987148642539978,-0.00011698056187015027,0.9999308586120606,-0.011760823428630829,-0.9987840056419373,0.000462985597550869,0.04929858073592186],5,1.6359796524047852],[[755.18603515625,229.5532684326172,47.29636764526367,0.04755532369017601,0.019221985712647439,0.9986836314201355,-0.0000440636977145914,0.9998148679733276,-0.019241660833358766,-0.9988685846328735,0.0008710377151146531,0.047547366470098498],5,1.6478242874145508],[[755.0280151367188,229.39894104003907,47.30073165893555,0.04607310891151428,0.011752573773264885,0.9988689422607422,0.000006301722351054195,0.9999307990074158,-0.011765358038246632,-0.9989380836486816,0.00054836121853441,0.04606984555721283],5,1.6598994731903077],[[754.7841186523438,229.14544677734376,47.297977447509769,0.04434746876358986,0.003244133898988366,0.9990109205245972,0.00001655669075262267,0.999994695186615,-0.003248063614591956,-0.9990161657333374,0.0001605837169336155,0.04434718191623688],5,1.6772282123565674],[[754.6515502929688,228.9982452392578,47.29379653930664,0.043581053614616397,0.001184917171485722,0.999049186706543,0.000011959029507124797,0.9999992847442627,-0.0011865657288581133,-0.9990499019622803,0.00006365944864228368,0.04358100891113281],5,1.685948371887207],[[754.4515991210938,228.75192260742188,47.28708267211914,0.0425448976457119,-0.00008340274507645518,0.999094545841217,0.0000048153838179132439,1,0.0000832732766866684,-0.999094545841217,0.0000012681707630690653,0.0425448976457119],5,1.6971948146820069],[[754.3182983398438,228.80580139160157,47.28258514404297,0.04191913455724716,-0.00038499903166666627,0.9991209506988525,1.7726775070059376e-7,0.9999999403953552,0.00038533032056875527,-0.9991210103034973,-0.000015975601854734124,0.04191913083195686],7,1.716785192489624],[[754.0518798828125,229.12510681152345,47.273590087890628,0.04078628867864609,-0.00023055185738485307,0.9991678595542908,-0.0000036119688502367355,1,0.00023089130991138518,-0.9991679191589356,-0.000013026162378082518,0.04078628495335579],7,1.7312045097351075],[[753.785400390625,229.37290954589845,47.264591217041019,0.03979603946208954,0.00012060703011229634,0.9992077946662903,-3.9377655980388229e-7,1,-0.00012068697105860338,-0.9992077946662903,0.000004409398570714984,0.03979603946208954],7,1.7369787693023682],[[753.71875,229.4176788330078,47.26234817504883,-0.9997431039810181,0.000048871603212319317,0.022666778415441514,0.00004653880387195386,1,-0.00010344460315536708,-0.02266678400337696,-0.00010236314119538292,-0.9997430443763733],7,1.7441205978393555],[[753.58544921875,229.4903564453125,47.257850646972659,-0.9997230768203735,0.0000737646478228271,0.023531800135970117,0.00007243035361170769,1,-0.000057553854276193309,-0.023531803861260415,-0.00005583350139204413,-0.9997230768203735],8,1.7517120838165284],[[753.4521484375,229.5447235107422,47.253353118896487,-0.9995427131652832,0.000055051405070116746,0.030239200219511987,0.000054451360483653846,1,-0.000020666699128923939,-0.030239200219511987,-0.000019010682080988773,-0.9995427131652832],8,1.757789134979248],[[753.385498046875,229.56643676757813,47.2510986328125,-0.9994590282440186,0.000041278031858382749,0.032888129353523257,0.000041018211049959066,1,-0.00000857481973071117,-0.032888129353523257,-0.000007221168289106572,-0.9994590282440186],8,1.7652723789215088],[[753.252197265625,229.60122680664063,47.24659729003906,-0.9994528889656067,0.00001714626887405757,0.03307374566793442,0.000017297441445407459,1,0.0000042846313590416688,-0.03307374566793442,0.000004854378403251758,-0.9994528889656067],8,1.7749385833740235],[[753.118896484375,229.62696838378907,47.24209976196289,-0.9994369149208069,0.000002593102635728428,0.03355356305837631,0.000002831921619872446,1,0.000007070018909871578,-0.03355356305837631,0.0000071610588747716978,-0.9994369149208069],8,1.7807495594024659],[[752.9189453125,229.65354919433595,47.23534393310547,-0.999437153339386,-0.0000041248267734772529,0.03354721888899803,-0.000003989752713096095,1,0.000004093330517207505,-0.03354721888899803,0.000003957181434088852,-0.999437153339386],8,1.7943789958953858],[[752.78564453125,229.66563415527345,47.23084259033203,-0.9994353652000427,-0.0000035820319226331778,0.033599793910980228,-0.000003525049123709323,1,0.0000017551667497173185,-0.033599793910980228,0.0000016357348613382783,-0.9994353652000427],8,1.8039577007293702],[[752.585693359375,229.67808532714845,47.224090576171878,-0.9994361996650696,-0.0000013683884390047752,0.0335756279528141,-0.0000013717863112105989,1,-7.816530711579617e-8,-0.0335756279528141,-1.2417982020451746e-7,-0.9994361996650696],8,1.8140180110931397],[[752.3857421875,229.68597412109376,47.21733856201172,-0.999424159526825,-6.354152048970718e-8,0.03393223509192467,-7.690184133934963e-8,1,-3.924303086932923e-7,-0.03393223509192467,-3.94813753246126e-7,-0.999424159526825],8,1.8290140628814698],[[752.1871337890625,229.6865692138672,47.21048355102539,-0.9994106292724609,0.000020023033357574606,0.03432819992303848,-0.000024498946004314349,0.9999991655349731,-0.001296529546380043,-0.034328196197748187,-0.0012966063804924489,-0.9994097948074341],8,1.843674659729004],[[751.9219970703125,229.68682861328126,47.201663970947269,-0.9994039535522461,0.00003174508310621604,0.03452153503894806,-0.00003200671562808566,0.9999982714653015,-0.0018461713334545494,-0.03452153503894806,-0.0018461758736521006,-0.9994022250175476],8,1.859445571899414],[[751.6568603515625,229.68682861328126,47.1927604675293,-0.9994434714317322,0.00003081312752328813,0.033357683569192889,-0.00003034529072465375,0.9999983310699463,-0.0018329054582864047,-0.033357683569192889,-0.0018328976584598423,-0.9994418025016785],8,1.8750581741333008],[[751.3917236328125,229.6868133544922,47.184120178222659,-0.9994505047798157,0.00003053831460420042,0.033147189766168597,-0.000028456843210733497,0.9999983906745911,-0.001779320533387363,-0.033147189766168597,-0.0017792859580367804,-0.9994488954544067],8,1.901944875717163],[[750.9940185546875,229.6868133544922,47.17124938964844,-0.9994224309921265,0.00003436322367633693,0.033982980996370319,-0.000026195950340479614,0.9999983906745911,-0.0017815972678363324,-0.03398298844695091,-0.0017814585007727147,-0.9994208216667175],8,1.9130592346191407],[[750.8614501953125,229.6868133544922,47.166961669921878,-0.9994546175003052,0.00003358400135766715,0.033022403717041019,-0.000025430525056435728,0.9999983906745911,-0.0017866840353235603,-0.03302241116762161,-0.0017865493427962065,-0.9994530081748962],8,1.9250826835632325],[[750.7269287109375,229.6868133544922,47.16261672973633,-0.9994366765022278,0.00003649315840448253,0.033560898154973987,-0.000023846072508604267,0.9999983906745911,-0.0017975007649511099,-0.03356090933084488,-0.0017972884234040976,-0.9994350671768189],8,1.940723180770874],[[750.7197265625,229.686767578125,47.16246032714844,-0.9994497299194336,0.00003328031743876636,0.0331694521009922,-0.000023679416699451396,0.9999985098838806,-0.001716840430162847,-0.0331694595515728,-0.0017166811740025879,-0.9994482398033142],8,1.9663057327270508],[[750.7197265625,229.6884307861328,47.162567138671878,-0.999474823474884,0.000021866811948711985,0.032404497265815738,-0.000016709984265617096,0.9999992847442627,-0.0011902053374797106,-0.03240450099110603,-0.0011901217512786389,-0.9994741082191467],8,1.9870038032531739],[[750.7197265625,229.6918487548828,47.16270446777344,-0.9994683861732483,0.00000903175077837659,0.032602276653051379,-0.00000486172029923182,0.9999998807907105,-0.0004260710265953094,-0.032602276653051379,-0.00042600304004736245,-0.9994683265686035],8,1.9961555004119874],[[750.7197265625,229.69287109375,47.16274642944336,-0.9994878172874451,0.000007146776169975055,0.032002490013837817,-0.0000027222392873227365,0.9999999403953552,-0.0003083391347900033,-0.03200249373912811,-0.00030826832517050207,-0.9994877576828003],8,2.0068297386169435],[[750.7197265625,229.6949005126953,47.162750244140628,-0.9994397163391113,0.000002764853206826956,0.03347041830420494,-3.1940348321768399e-7,1,-0.00009214338206220418,-0.03347042202949524,-0.00009210244752466679,-0.9994397163391113],8,2.0207161903381349],[[750.7197265625,229.69692993164063,47.16272735595703,-0.9992600679397583,-1.4495250866275456e-7,0.03846164420247078,6.249222224141704e-7,1,0.000020004667021567003,-0.03846164420247078,0.0000200139002117794,-0.9992600679397583],8,2.0440409183502199],[[750.7197265625,229.69813537597657,47.1627197265625,-0.9988972544670105,-4.6843661039019937e-7,0.04694921150803566,2.770401010820933e-7,1,0.00001587185761309229,-0.04694921150803566,0.000015867361071286724,-0.9988972544670105],8,2.0537526607513429],[[750.7197265625,229.6986846923828,47.162715911865237,-0.9986525774002075,-1.997100440576105e-7,0.051893919706344607,1.9425719699484035e-8,1,0.000004222259121888783,-0.051893919706344607,0.0000042175784074061088,-0.9986525774002075],8,2.0663084983825685],[[750.7197265625,229.6990203857422,47.162715911865237,-0.997485339641571,-4.552535415314196e-8,0.07087308168411255,-9.948888646249543e-8,1,-7.578808549624227e-7,-0.07087308168411255,-7.630260938640276e-7,-0.997485339641571],8,2.078949213027954],[[750.7197265625,229.69924926757813,47.162715911865237,-0.9965623617172241,3.444153762188762e-8,0.08284567296504975,-7.064832630021556e-8,1,-0.0000012655700629693457,-0.08284567296504975,-0.0000012670724345298368,-0.9965623617172241],8,2.0913074016571047],[[750.7197265625,229.69943237304688,47.162715911865237,-0.9940569996833801,3.546212568039664e-8,0.10886072367429733,-2.3206947474818664e-9,1,-3.46948183960194e-7,-0.10886072367429733,-3.451388863595639e-7,-0.9940569996833801],8,2.1081862449645998],[[750.7197265625,229.69952392578126,47.162715911865237,-0.9908605813980103,5.95858340446398e-9,0.13488978147506715,1.3937970777533338e-8,1,5.8210510189837808e-8,-0.13488978147506715,5.9558590947972337e-8,-0.9908605813980103],8,2.1219024658203127],[[750.7197265625,229.69956970214845,47.162715911865237,-0.9880887269973755,-6.407000263664031e-9,0.15388530492782594,8.033485876524083e-9,1,9.321745864099285e-8,-0.15388530492782594,9.334335970834218e-8,-0.9880887269973755],8,2.135939121246338],[[750.7197265625,229.6995849609375,47.162715911865237,-0.9851911067962647,-1.6585936180035789e-8,0.17145979404449464,-1.2510881219895965e-9,1,8.95450469329262e-8,-0.17145979404449464,8.800446948953322e-8,-0.9851911067962647],8,2.151163101196289],[[750.7197265625,229.6995849609375,47.162715911865237,-0.9839386940002441,-3.635294376636011e-8,0.17850668728351594,-2.2170896230022664e-8,1,8.144310470470373e-8,-0.17850668728351594,7.617737196596863e-8,-0.9839386940002441],8,2.189359664916992],[[750.7059326171875,229.6995849609375,47.23872756958008,-0.981962859630584