[[[776,222.69961547851563,47,1,-7.30715612462518e-8,2.1508550928533208e-15,7.30715612462518e-8,1,-3.6310812134843219e-9,-1.8855262572906475e-15,3.6310812134843219e-9,1],8,0.01621866226196289],[[776,222.69961547851563,47,1,-4.236066786234005e-8,2.0791330015610365e-15,4.236066786234005e-8,1,-2.1049904042058644e-9,-1.9899641491376818e-15,2.1049904042058644e-9,1],8,0.03324532508850098],[[776,222.69961547851563,47,1,-1.1676029032514635e-8,2.0518418117587398e-15,1.1676029032514635e-8,1,-5.802038849367364e-10,-2.0450674540048367e-15,5.802038849367364e-10,1],8,0.041826725006103519],[[776,222.69961547851563,47,1,1.1320233639366961e-8,2.0619829137197419e-15,-1.1320233639366961e-8,1,5.625306331857871e-10,-2.055614920022284e-15,-5.625306331857871e-10,1],8,0.0547482967376709],[[775.789794921875,222.69961547851563,46.928489685058597,0.9882011413574219,4.421893891048967e-7,0.153161883354187,4.595681346586389e-8,1,-0.0000031835857043915895,-0.153161883354187,0.0000031530616979580374,0.9882011413574219],8,0.07621240615844727],[[775.5381469726563,222.69961547851563,46.84431838989258,0.9545714855194092,0.0000014111654991211254,0.2979820668697357,4.187903925867431e-7,1,-0.000006077314992580796,-0.2979820668697357,0.000005926023277424974,0.9545714855194092],8,0.09815049171447754],[[775.1582641601563,222.69961547851563,46.718055725097659,-0.9970167875289917,0.000001226327299264085,0.0771852359175682,7.235108796521672e-7,1,-0.000006542376013385365,-0.0771852359175682,-0.000006467014372901758,-0.9970167875289917],8,0.11655831336975098],[[774.9707641601563,222.69961547851563,46.65546417236328,-0.9602916240692139,0.0000013813843224852463,0.2789982855319977,3.8867678853193868e-8,1,-0.000004817448370886268,-0.2789982855319977,-0.000004615311354427831,-0.9602916240692139],8,0.1369915008544922],[[774.7184448242188,222.69961547851563,46.5712776184082,-0.9505804777145386,1.3251624864096812e-7,0.3104782998561859,-1.1489853335433509e-7,1,-7.785940283611126e-7,-0.3104782998561859,-7.757897719784523e-7,-0.9505804777145386],8,0.14436101913452149],[[774.592041015625,222.69961547851563,46.52910614013672,-0.9488083124160767,-9.894000640997547e-8,0.31585243344306948,-7.421994041578728e-8,1,9.029377423530605e-8,-0.31585243344306948,6.22289419993649e-8,-0.9488083124160767],8,0.15671634674072267],[[774.339111328125,222.69961547851563,46.44475173950195,-0.9464846849441528,-1.0481563350595025e-7,0.32274866104125979,-4.730571045996612e-9,1,3.108865485046408e-7,-0.32274866104125979,2.927225750681828e-7,-0.9464846849441528],8,0.17395687103271485],[[774.0866088867188,222.69961547851563,46.35888671875,-0.9458494186401367,1.5744210379864399e-9,0.32460567355155947,2.263325171725228e-8,1,6.109944195031858e-8,-0.32460567355155947,6.513775474559225e-8,-0.9458494186401367],8,0.1872539520263672],[[773.8344116210938,222.69961547851563,46.27238464355469,-0.9458411931991577,4.245168483407724e-8,0.32462963461875918,2.0448077009405098e-8,1,-7.119205491790126e-8,-0.32462963461875918,-6.069832636512729e-8,-0.9458411931991577],8,0.20311784744262696],[[773.5822143554688,222.69961547851563,46.185821533203128,-0.9458407759666443,3.358007916176575e-8,0.32463088631629946,5.079552778397556e-9,1,-8.864107314821013e-8,-0.32463088631629946,-8.219136304887798e-8,-0.9458407759666443],8,0.21962332725524903],[[773.3300170898438,222.69961547851563,46.09925842285156,-0.9458404183387756,2.4716046098660628e-8,0.3246319591999054,-1.0275882367238865e-8,1,-1.0607516998106803e-7,-0.3246319591999054,-1.0366606773004605e-7,-0.9458404183387756],8,0.23727822303771974],[[773.0778198242188,222.69961547851563,46.0126953125,-0.946405827999115,1.5678438103350346e-8,0.3229798674583435,-2.558775769045951e-8,1,-1.2352113287761313e-7,-0.3229798674583435,-1.2516545666585444e-7,-0.946405827999115],8,0.2548689842224121],[[772.825439453125,222.69961547851563,45.9265022277832,-0.948084831237793,2.5611273102299494e-9,0.31801745295524599,-2.2022801360321865e-8,1,-7.370856991428809e-8,-0.31801745295524599,-7.688561254326487e-8,-0.948084831237793],8,0.2733337879180908],[[772.5094604492188,222.69961547851563,45.82030487060547,-0.9508264660835266,-1.367228641413476e-8,0.30972418189048769,-1.8114389987999858e-8,1,-1.1466188887254703e-8,-0.30972418189048769,-1.6512819556169235e-8,-0.9508264660835266],8,0.290952205657959],[[772.3194580078125,222.69961547851563,45.7580451965332,-0.9545418620109558,-2.3202209931127983e-8,0.298076868057251,-1.6227687638092904e-8,1,2.5873200470982739e-8,-0.298076868057251,1.9859953681589105e-8,-0.9545418620109558],8,0.31213974952697756],[[772.0014038085938,222.69961547851563,45.65821075439453,-0.9586136937141419,-3.8457610429531999e-8,0.28470996022224429,-1.3955006039623186e-8,1,8.809016804889325e-8,-0.28470996022224429,8.047131672128671e-8,-0.9586136937141419],8,0.32199668884277346],[[771.8098754882813,222.69961547851563,45.60075759887695,-0.962498128414154,-3.422858796398032e-8,0.27128833532333376,-1.0024193919377922e-8,1,9.060588723741603e-8,-0.27128833532333376,8.448854771359038e-8,-0.962498128414154],8,0.3373069763183594],[[771.5533447265625,222.69961547851563,45.52785873413086,-0.9661946892738342,-2.064079218655479e-8,0.25781354308128359,-2.4516990659861905e-9,1,7.087282227757896e-8,-0.25781354308128359,6.784486572541937e-8,-0.9661946892738342],8,0.3551297187805176],[[771.2326049804688,223.7697296142578,45.43733596801758,-0.9684098362922669,-4.5573327334125228e-9,0.24936391413211823,7.219717712558804e-9,1,4.6313751056459299e-8,-0.24936391413211823,4.665102792955622e-8,-0.9684098362922669],3,0.3761274814605713],[[771.0418701171875,224.37091064453126,45.387245178222659,-0.9541079998016357,1.84425758220641e-7,0.29946279525756838,-3.444879226321973e-8,1,-7.256114145093306e-7,-0.29946279525756838,-7.026278012745024e-7,-0.9541079998016357],5,0.3950839042663574],[[770.7884521484375,225.1248016357422,45.32441711425781,-0.9372438788414002,9.555362794344547e-7,0.34867456555366518,-3.53683418552464e-7,1,-0.000003691189249366289,-0.34867456555366518,-0.0000035828650197800018,-0.9372438788414002],5,0.40356898307800295],[[770.47119140625,225.99053955078126,45.249637603759769,-0.9263597130775452,0.0000015413236269523623,0.3766399323940277,-8.710757697372173e-7,1,-0.000006234743068489479,-0.3766399323940277,-0.000006103697160142474,-0.9263597130775452],5,0.42328572273254397],[[770.2803344726563,226.46910095214845,45.206565856933597,-0.9523359537124634,0.0000010631883924361319,0.30505120754241946,-0.0000010439750894875033,1,-0.000006744452093698783,-0.30505120754241946,-0.000006741450306435581,-0.9523359537124634],5,0.43706703186035159],[[770.0253295898438,227.0594940185547,45.151912689208987,-0.9451068639755249,0.0000011024371815437917,0.3267614245414734,-0.0000012088293033230003,1,-0.0000068701806412718728,-0.3267614245414734,-0.000006888053576403763,-0.9451068639755249],5,0.4543581008911133],[[769.769775390625,227.5953826904297,45.09996795654297,-0.9484755396842957,9.707164281280712e-7,0.31685030460357668,-0.0000012579081385410973,1,-0.000006829129233665299,-0.31685030460357668,-0.000006875830877106637,-0.9484755396842957],5,0.4706883430480957],[[769.4495239257813,228.18861389160157,45.03855895996094,-0.9421692490577698,0.000001079381036106497,0.33513739705085757,-0.000001269102767764707,1,-0.000006788530754420208,-0.33513739705085757,-0.000006821268925705226,-0.9421692490577698],5,0.49022340774536135],[[769.2570190429688,228.50367736816407,45.00404357910156,-0.9669907689094544,5.35623655650852e-7,0.25481152534484866,-0.000001233286525348376,1,-0.000006782268883398501,-0.25481152534484866,-0.00000687264673615573,-0.9669907689094544],5,0.5033066272735596],[[768.99951171875,228.87606811523438,44.962501525878909,-0.9633015990257263,6.27578515377536e-7,0.2684212923049927,-0.0000012386635717120953,1,-0.000006783311619074084,-0.2684212923049927,-0.000006866858711873647,-0.9633015990257263],5,0.52109694480896],[[768.7412719726563,229.1939697265625,44.92587661743164,-0.9687155485153198,4.830035322811455e-7,0.2481738030910492,-0.0000012395710200507893,1,-0.000006784741799492622,-0.2481738030910492,-0.0000068801136876572859,-0.9687155485153198],5,0.53780198097229],[[768.4175415039063,229.5146942138672,44.88706588745117,-0.9655748605728149,5.53278823645087e-7,0.2601252496242523,-0.0000012545904155558674,1,-0.000006783962362533202,-0.2601252496242523,-0.000006876774477859726,-0.9655748605728149],5,0.5583109855651856],[[768.2229614257813,229.666259765625,44.8674430847168,-0.9869734644889832,-1.1273424860291925e-7,0.16088299453258515,-0.0000012201038543935284,1,-0.000006784283868910279,-0.16088299453258515,-0.0000068922022364859,-0.9869734644889832],5,0.5710024833679199],[[767.9627685546875,229.82064819335938,44.850093841552737,-0.9846068024635315,-2.8787495054416469e-8,0.1747840791940689,-0.0000012338642818576773,1,-0.000006785993718949612,-0.1747840791940689,-0.000006897194907651283,-0.9846068024635315],5,0.5880861282348633],[[767.7022705078125,229.92054748535157,44.838401794433597,-0.9877833724021912,-1.6704495919839247e-7,0.1558333784341812,-0.0000012396604915920762,1,-0.0000067859086811949968,-0.1558333784341812,-0.00000689618809701642,-0.9877833724021912],5,0.6049990653991699],[[767.3885498046875,229.96878051757813,44.860286712646487,-0.9886046051979065,-1.5463795932646463e-7,0.1505356729030609,-0.0000010338068250348443,1,-0.000005762010914622806,-0.1505356729030609,-0.000005851975402038079,-0.9886046051979065],5,0.6244316101074219],[[767.1533813476563,229.946044921875,44.92007827758789,-0.9942701458930969,-3.4578124541440049e-7,0.10689669847488404,-8.625155487607117e-7,1,-0.00000478772653877968,-0.10689669847488404,-0.0000048524934754823338,-0.9942701458930969],5,0.6475591659545898],[[766.9328002929688,229.8688201904297,45.01728820800781,-0.9945940375328064,-2.7984305006611978e-7,0.10383991152048111,-7.352139732574869e-7,1,-0.000004347041340224678,-0.10383991152048111,-0.00000439988571088179,-0.9945940375328064],5,0.6674854755401611],[[766.72705078125,229.73709106445313,45.15181350708008,-0.9946452975273132,-2.290751410782832e-7,0.10334786772727967,-6.68694326577679e-7,1,-0.000004219134552840842,-0.10334786772727967,-0.0000042656502046156678,-0.9946452975273132],5,0.6760294437408447],[[766.5897827148438,229.6196746826172,45.142642974853519,-0.999950110912323,-0.004059411119669676,0.00912790559232235,-0.004063873086124659,0.9999916553497315,-0.00047033303417265415,-0.00912592001259327,-0.0005074042128399015,-0.9999582171440125],5,0.6888704299926758],[[766.4179077148438,229.42691040039063,45.09885025024414,-0.9974685907363892,-0.003295100759714842,0.0710320919752121,-0.003312776330858469,0.9999945163726807,-0.000131034612422809,-0.07103126496076584,-0.0003660163492895663,-0.9974740147590637],5,0.7037003040313721],[[766.2454833984375,229.1796417236328,45.0950927734375,-0.9954895973205566,-0.0010979562066495419,0.09486434608697891,-0.001091529498808086,0.9999994039535523,0.00011963711585849524,-0.09486442059278488,0.000015550271200481803,-0.9954901933670044],5,0.7222480773925781],[[766.0706787109375,228.8778533935547,45.13142776489258,-0.9955165982246399,-0.00013110159488860518,0.09458675235509873,-0.00012284188414923847,1,0.00009314683120464906,-0.09458675980567932,0.00008111000352073461,-0.9955165982246399],5,0.7375695705413818],[[765.882080078125,228.53477478027345,45.12752151489258,-0.999435544013977,-0.004828753415495157,0.03324538469314575,-0.004834617488086224,0.999988317489624,-0.00009599331679055467,-0.033244531601667407,-0.000256668368820101,-0.999447226524353],5,0.7548866271972656],[[765.6895141601563,228.1505126953125,45.09836196899414,-0.9982221722602844,-0.00393119640648365,0.05947256088256836,-0.003922586794942617,0.9999922513961792,0.000261513952864334,-0.059473130851984027,0.000027762742320192048,-0.9982299208641052],5,0.7703843116760254],[[765.5004272460938,227.7117156982422,45.10918426513672,-0.9972989559173584,-0.0012856157263740898,0.07343778759241104,-0.001267806044779718,0.9999991655349731,0.00028912912239320576,-0.07343809306621552,0.0001952433231053874,-0.9972997307777405],5,0.7870779037475586],[[765.284423828125,227.08656311035157,45.1705322265625,-0.9999829530715942,-0.00003202777588739991,-0.005833829753100872,-0.00003254289913456887,1,0.00008820456423563883,0.005833826959133148,0.0000883929169503972,-0.9999829530715942],5,0.8070583343505859],[[765.2252807617188,226.67726135253907,45.14682388305664,-0.9995360374450684,0.0016829257365316153,-0.030411308631300927,0.001680856104940176,0.9999985694885254,0.00009361955744680017,0.03041142225265503,0.00004245909440214746,-0.999537467956543],5,0.8310439586639404],[[765.2174072265625,225.9269561767578,45.1215934753418,-0.9985382556915283,0.0007732994272373617,-0.054043784737586978,0.0007719642017036676,0.9999997019767761,0.0000455810732091777,0.054043807089328769,0.0000037945749227219496,-0.9985385537147522],5,0.8469619750976563],[[765.21728515625,225.83779907226563,45.12138748168945,-0.9978471398353577,0.0001908983540488407,-0.0655825287103653,0.00019077777687925845,1,0.000008101031198748388,0.06558253616094589,-0.000004428099600772839,-0.9978471398353577],12,0.8543152809143066],[[765.21728515625,225.8329315185547,45.121376037597659,-0.9974759817123413,-0.0000658012431813404,-0.0710044652223587,-0.0000655561379971914,1,-0.000005782309017376974,0.0710044652223587,-0.0000011129355925731944,-0.9974759817123413],12,0.8710756301879883],[[765.21728515625,225.83282470703126,45.121376037597659,-0.9974725842475891,-0.000039233662391779947,-0.0710524395108223,-0.00003915893830708228,1,-0.0000024445989765808919,0.0710524395108223,3.4391757708363e-7,-0.9974725842475891],12,0.8874020576477051],[[765.21728515625,225.83282470703126,45.121376037597659,-0.9974721670150757,-0.0000026267914563504748,-0.07105790078639984,-0.0000026356467515142869,1,3.085973077077142e-8,0.07105790078639984,2.18065252965971e-7,-0.9974721670150757],12,0.9033856391906738],[[765.21728515625,225.83282470703126,45.121376037597659,-0.9990683197975159,0.00000338173867930891,-0.043155960738658908,0.00000337937649419473,1,1.276871444133576e-7,0.043155960738658908,-1.8272054091994506e-8,-0.9990683197975159],12,0.923335075378418],[[765.2174072265625,225.83282470703126,45.12137985229492,-0.9968553781509399,0.0000012974761602890795,0.07924250513315201,0.000001307948423345806,1,8.024964870401164e-8,-0.07924250513315201,1.836423848544655e-7,-0.9968553781509399],12,0.93674635887146],[[765.217529296875,226.0381622314453,45.1207160949707,-0.8901172280311585,-0.000015181853996182327,0.45573166012763979,0.00010968649439746514,0.9999999403953552,0.0002475485089235008,-0.4557316303253174,0.00027033480000682175,-0.8901171684265137],12,0.958066463470459],[[765.1486206054688,226.16966247558595,44.865692138671878,-0.7025853991508484,-0.0007114704931154847,0.7115991115570068,0.0020845711696892978,0.9999931454658508,0.003057978581637144,-0.7115964293479919,0.0036318700294941665,-0.7025790810585022],8,0.9803590774536133],[[764.926025390625,226.31405639648438,44.549285888671878,-0.49362537264823916,-0.0003377548127900809,0.869674563407898,0.0006199516355991364,0.9999995231628418,0.0007402522605843842,-0.8696744441986084,0.0009045634651556611,-0.4936249256134033],8,0.989161491394043],[[764.78564453125,226.96633911132813,44.40843200683594,-0.4117925763130188,0.00040062027983367443,0.9112775325775147,-0.0010122988605871797,0.9999991059303284,-0.0008970670169219375,-0.9112770557403565,-0.0012918906286358834,-0.41179177165031435],3,1.0065317153930665],[[764.6199951171875,227.78846740722657,44.21002197265625,-0.3723049461841583,0.0004212955536786467,0.9281103610992432,-0.001076882821507752,0.9999990463256836,-0.000885911809746176,-0.9281098246574402,-0.0013292954536154867,-0.37230414152145388],5,1.0288872718811036],[[764.4857788085938,228.55612182617188,43.98963165283203,-0.48835963010787966,-0.000023036122001940386,0.872642457485199,-0.0004738415591418743,0.9999998807907105,-0.00023877932108007371,-0.8726423382759094,-0.0005301044438965619,-0.48835957050323489],5,1.0378975868225098],[[764.30322265625,229.43902587890626,43.7207145690918,-0.6309899687767029,-0.0000874665129231289,0.7757909893989563,-0.00008772964793024585,1,0.00004138999793212861,-0.7757909893989563,-0.00004194319626549259,-0.6309899687767029],5,1.0559892654418946],[[764.17626953125,229.92787170410157,43.573360443115237,-0.7988622188568115,-0.00003667745477287099,0.6015140414237976,-0.000009506216883892194,1,0.000048350153520004827,-0.6015140414237976,0.00003290698805358261,-0.7988622188568115],5,1.071211576461792],[[763.983154296875,230.531982421875,43.40300369262695,-0.8426057696342468,0.000003087925733780139,0.5385308861732483,0.000014445857232203707,1,0.000016868554666871206,-0.5385308861732483,0.00002199308255512733,-0.8426057696342468],5,1.0860843658447266],[[763.7659301757813,231.0815887451172,43.26511764526367,-0.8696537613868713,0.000009437092558073346,0.49366214871406557,0.000009050785592989996,1,-0.000003172296601405833,-0.49366214871406557,0.0000017092304460675223,-0.8696537613868713],5,1.1045277118682862],[[763.5289916992188,231.5767059326172,43.15904998779297,-0.8806385397911072,0.000005741248514823383,0.47378867864608767,0.000002023708702836302,1,-0.000008356240869034082,-0.47378867864608767,-0.000006400017809937708,-0.8806385397911072],5,1.1215145587921143],[[763.2852783203125,232.01731872558595,43.066219329833987,-0.8871732354164124,0.000002799145022436278,0.46143653988838198,-0.0000010275228987666197,1,-0.000008041703040362336,-0.46143653988838198,-0.000007608520263602259,-0.8871732354164124],5,1.1364405155181885],[[763.0401611328125,232.40342712402345,42.97731018066406,-0.8943167328834534,0.000001767511889738671,0.4474344551563263,-0.0000016111175682453905,1,-0.000007170572644099593,-0.4474344551563263,-0.000007133632607292384,-0.8943167328834534],5,1.154538869857788],[[762.793701171875,232.7350311279297,42.892173767089847,-0.9042447805404663,0.000001575769033479446,0.42701444029808047,-0.0000014654767710453598,1,-0.0000067934906837763269,-0.42701444029808047,-0.000006768758339603664,-0.9042447805404663],5,1.1704308986663819],[[762.54541015625,233.01214599609376,42.812255859375,-0.925369143486023,0.000001355573090222606,0.3790672719478607,-0.0000012928815067425604,1,-0.000006732223937433446,-0.3790672719478607,-0.000006719881184835685,-0.925369143486023],5,1.1883676052093506],[[762.2935791015625,233.23475646972657,42.7443962097168,-0.9392488598823547,0.000001166215156445105,0.34323692321777346,-0.0000012280214605198126,1,-0.000006758109975635307,-0.34323692321777346,-0.000006769049377908232,-0.9392488598823547],5,1.204087495803833],[[762.039306640625,233.40286254882813,42.68678283691406,-0.9506635665893555,9.428915177522867e-7,0.310223788022995,-0.0000012207348163428833,1,-0.000006780265721317846,-0.310223788022995,-0.000006824452611908782,-0.9506635665893555],5,1.22206449508667],[[761.7830810546875,233.5164794921875,42.638275146484378,-0.9584643840789795,7.572605795758136e-7,0.28521227836608889,-0.0000012296644626985654,1,-0.000006787401616747957,-0.28521227836608889,-0.0000068561980697268158,-0.9584643840789795],5,1.2367479801177979],[[761.5256958007813,233.57559204101563,42.59685134887695,-0.964693009853363,5.948282932877191e-7,0.26337695121765139,-0.0000012364782833174104,1,-0.000006787420716136694,-0.26337695121765139,-0.00000687343708705157,-0.964693009853363],5,1.2543823719024659],[[761.267333984375,233.5802001953125,42.56140899658203,-0.9712621569633484,4.1339455947309036e-7,0.23801228404045106,-0.0000012373910749374773,1,-0.000006786312042095233,-0.23801228404045106,-0.000006885802122269524,-0.9712621569633484],5,1.2702949047088624],[[761.0081176757813,233.53030395507813,42.5326042175293,-0.9779003262519836,2.10336949635348e-7,0.20907151699066163,-0.0000012357035075183376,1,-0.0000067858686634281188,-0.20907151699066163,-0.000006894253601785749,-0.9779003262519836],5,1.2876472473144532],[[760.7481689453125,233.42591857910157,42.51133728027344,-0.9846060276031494,-2.7798348511964833e-8,0.17478838562965394,-0.0000012328943057582365,1,-0.000006786016001569806,-0.17478838562965394,-0.000006897047569509596,-0.9846060276031494],5,1.3044261932373047],[[760.422607421875,233.2187957763672,42.49630355834961,-0.9842767119407654,-3.1247392229261098e-8,0.17663328349590302,-0.0000012493204621932819,1,-0.000006784846391383326,-0.17663328349590302,-0.000006898837909830036,-0.9842767119407654],5,1.3250360488891602],[[760.22705078125,233.0536346435547,42.49302291870117,-0.9964123368263245,-6.425224228223669e-7,0.08463101834058762,-0.0000012211290822961019,1,-0.000006785049663449172,-0.08463101834058762,-0.000006864052920718677,-0.9964123368263245],5,1.344998836517334],[[759.9663696289063,232.78575134277345,42.49602127075195,-0.9951197504997253,-5.598803909379058e-7,0.09867461770772934,-0.0000012355261560514919,1,-0.000006786102403566474,-0.09867461770772934,-0.000006874899554532021,-0.9951197504997253],5,1.354956865310669],[[759.654541015625,232.37425231933595,42.535892486572269,-0.9957760572433472,-5.007394747735816e-7,0.09181538969278336,-0.0000010349290278099944,1,-0.000005770470579591347,-0.09181538969278336,-0.000005841118763783015,-0.9957760572433472],5,1.3762953281402588],[[759.4232788085938,231.98373413085938,42.60909652709961,-0.9987813830375671,-6.255567654989136e-7,0.04935387521982193,-8.631355967736454e-7,1,-0.0000047924695536494259,-0.04935387521982193,-0.000004829228601010982,-0.9987813830375671],5,1.3956725597381592],[[759.2607421875,231.65509033203126,42.68796920776367,-0.9998587369918823,-6.853480272184243e-7,0.016808709129691125,-7.597594731123536e-7,1,-0.000004420573986863019,-0.016808709129691125,-0.000004432720288605196,-0.9998587369918823],5,1.4050893783569337],[[759.0589599609375,231.16920471191407,42.824947357177737,-0.9993449449539185,-5.314172426551522e-7,0.036189641803503039,-6.861804422442219e-7,1,-0.000004264029030309757,-0.036189641803503039,-0.000004286068815417821,-0.9993449449539185],5,1.4207737445831299],[[758.8746948242188,230.62881469726563,42.99806594848633,-0.9996601343154907,-5.472164730235818e-7,0.026070287451148034,-6.587837901861349e-7,1,-0.000004270894805813441,-0.026070287451148034,-0.0000042866176954703409,-0.9996601343154907],5,1.4379689693450928],[[758.704833984375,230.03392028808595,43.19788360595703,-0.9998763799667358,-5.882732239115285e-7,0.01572454534471035,-6.560480301232019e-7,1,-0.000004304970843804767,-0.01572454534471035,-0.000004314754278311739,-0.9998763799667358],5,1.4550559520721436],[[758.538330078125,229.38453674316407,43.40201187133789,-0.9999861717224121,-6.373018095473526e-7,0.005259011872112751,-6.600404844903096e-7,1,-0.000004322027507441817,-0.005259011872112751,-0.000004325438567320816,-0.9999861717224121],5,1.47086763381958],[[758.3740234375,228.68064880371095,43.607913970947269,-0.9999768137931824,-6.93288711772766e-7,-0.0068058748729527,-6.638238119194284e-7,1,-0.000004331595391704468,0.0068058748729527,-0.000004326976977608865,-0.9999768137931824],5,1.4873919486999512],[[758.212158203125,227.92225646972657,43.815792083740237,-0.9998990297317505,-7.256673484334897e-7,-0.014210631139576435,-6.642979428761464e-7,1,-0.000004323275334172649,0.014210631139576435,-0.000004313398676458746,-0.9998990297317505],5,1.5051648616790772],[[758.0518798828125,227.10935974121095,44.02494812011719,-0.9998869299888611,-7.240885224746307e-7,-0.01503719575703144,-6.598018558179319e-7,1,-0.000004280139364709612,0.01503719575703144,-0.000004269733835826628,-0.9998869299888611],5,1.5201640129089356],[[757.8919067382813,226.24197387695313,44.234283447265628,-0.9998827576637268,-7.179273779911455e-7,-0.015313097275793553,-6.531445819746295e-7,1,-0.000004235550477460492,0.015313097275793553,-0.0000042250521801179279,-0.9998827576637268],5,1.5367026329040528],[[757.7526245117188,225.32008361816407,44.45097351074219,-0.9961618185043335,-5.454855909192702e-7,-0.08753048628568649,-3.1623150675841318e-7,1,-0.000002633000804053154,0.08753048628568649,-0.0000025952149371732959,-0.9961618185043335],5,1.5551354885101319],[[757.6307373046875,224.09107971191407,44.73701858520508,-0.993621826171875,-9.520380217509228e-8,-0.11276362836360932,-3.8055816276028057e-8,1,-5.08946982336056e-7,0.11276362836360932,-5.014095449951128e-7,-0.993621826171875],5,1.581848382949829],[[757.5601806640625,224.10171508789063,44.947635650634769,-0.9943956732749939,1.9144691165706719e-8,-0.10572239011526108,1.380020808738891e-8,1,5.1283588931028137e-8,0.10572239011526108,4.953718857336753e-8,-0.9943956732749939],12,1.5993261337280274],[[757.502197265625,224.284912109375,45.12058639526367,-0.9960813522338867,2.160711787269065e-8,-0.08844150602817536,1.1945147981862192e-8,1,1.0977628051023203e-7,0.08844150602817536,1.0828966168219267e-7,-0.9960813522338867],12,1.607008695602417],[[757.467041015625,224.42483520507813,45.2255859375,-0.9974733591079712,1.436881813532409e-8,-0.07104150950908661,7.2924204452817779e-9,1,9.986869997646864e-8,0.07104150950908661,9.90983011206481e-8,-0.9974733591079712],12,1.6211466789245606],[[757.4312133789063,224.61148071289063,45.33262252807617,-0.998267412185669,3.0487128377387764e-9,-0.058839790523052219,-6.433985566545175e-10,1,6.272960462183619e-8,0.058839790523052219,6.265877772193562e-8,-0.998267412185669],12,1.6384787559509278],[[757.4254150390625,224.79812622070313,45.34990310668945,-0.9984668493270874,-7.268864621323701e-9,-0.05535285919904709,-8.702015996675528e-9,1,2.565016998801184e-8,0.05535285919904709,2.6092525473586649e-8,-0.9984668493270874],12,1.6550235748291016],[[757.4253540039063,224.98477172851563,45.350242614746097,-0.9984668493270874,-1.7358951609480756e-8,-0.05535285919904709,-1.675375038701077e-8,1,-1.1397576216154448e-8,0.05535285919904709,-1.0452733789634295e-8,-0.9984668493270874],12,1.6714873313903809],[[757.4253540039063,225.01255798339845,45.35024642944336,-0.9984668493270874,-2.9959437597426589e-8,-0.05535285919904709,-2.6808741893091793e-8,1,-5.766273147855827e-8,0.05535285919904709,-5.609038566944946e-8,-0.9984668493270874],12,1.690558910369873],[[757.4253540039063,225.01275634765626,45.35024642944336,-0.9984668493270874,-3.7513267159283717e-8,-0.05535285919904709,-3.28365814539211e-8,1,-8.539809925878217e-8,0.05535285919904709,-8.344957080907989e-8,-0.9984668493270874],12,1.711780071258545],[[757.4253540039063,225.01275634765626,45.35024642944336,-0.9987431764602661,-4.066836467586654e-8,-0.050120193511247638,-3.546429283574071e-8,1,-1.0472111711123944e-7,0.050120193511247638,-1.028120308887992e-7,-0.9987431764602661],12,1.7223336696624756],[[757.4253540039063,225.01275634765626,45.35024642944336,-0.9998843669891357,-2.1236553848780205e-8,-0.015205379575490952,-2.014708400110976e-8,1,-7.180342720403132e-8,0.015205379575490952,-7.148878466978204e-8,-0.9998843669891357],12,1.7465591430664063],[[757.4254760742188,225.01275634765626,45.35025405883789,-0.9934499263763428,4.176442303105432e-9,0.11426840722560883,-1.5417128684802606e-9,1,-4.995306213118056e-8,-0.11426840722560883,-4.980203627269475e-8,-0.9934499263763428],12,1.7536039352416993],[[757.42333984375,225.01393127441407,45.17072296142578,-0.8651341795921326,-0.0009007661719806492,0.5015396475791931,0.0013099766802042723,0.9999909400939941,0.0040556383319199089,-0.5015387535095215,0.004165676422417164,-0.8651251196861267],12,1.7716243267059327],[[757.4192504882813,225.22032165527345,44.898868560791019,-0.6595932245254517,-0.0009759268723428249,0.7516221404075623,0.0028038148302584888,0.9999890327453613,0.003758927807211876,-0.7516175508499146,0.0045867725275456909,-0.6595832109451294],12,1.7904880046844483],[[757.3683471679688,225.529052734375,44.69483184814453,-0.45739617943763735,-0.0009387785103172064,0.8892625570297241,0.002392530906945467,0.9999945163726807,0.0022862853948026897,-0.8892598152160645,0.0031733261421322824,-0.4573914110660553],8,1.8137462139129639],[[757.24169921875,226.63319396972657,44.54621505737305,-0.38793036341667178,0.0013239715481176973,0.9216877222061157,-0.002499301452189684,0.9999938011169434,-0.0024883896112442018,-0.9216852784156799,-0.0032688973005861046,-0.3879246413707733],3,1.824481725692749],[[757.1659545898438,227.275390625,44.445281982421878,-0.4200190305709839,0.001110562589019537,0.9075146317481995,-0.0026112738996744158,0.999993622303009,-0.002432291628792882,-0.9075115323066711,-0.003391378093510866,-0.4200134575366974],5,1.8471813201904297],[[757.05859375,228.08404541015626,44.27899169921875,-0.5405298471450806,-0.000015191754755505827,0.8413248658180237,-0.00126128108240664,0.9999988675117493,-0.0007922840886749327,-0.8413239121437073,-0.0014894002815708519,-0.5405292510986328],5,1.854555606842041],[[756.923828125,228.83815002441407,44.09019470214844,-0.7090089321136475,-0.0003108616510871798,0.7051994204521179,-0.00041720224544405937,0.9999999403953552,0.000021357771402108484,-0.7051993608474731,-0.0002790679282043129,-0.7090089917182922],5,1.8702373504638672],[[756.75341796875,229.53770446777345,43.90950012207031,-0.816325306892395,-0.00012891186634078622,0.5775924324989319,-0.00006267716526053846,1,0.00013460515765473247,-0.5775924324989319,0.00007367973012151197,-0.816325306892395],5,1.8884282112121583],[[756.5530395507813,230.18275451660157,43.755332946777347,-0.867921769618988,-0.000004443804755283054,0.4967009127140045,0.00002928134927060455,1,0.0000601120809733402,-0.4967009127140045,0.00006671666051261127,-0.867921769618988],5,1.9044582843780518],[[756.3280639648438,230.77330017089845,43.63318634033203,-0.8903685212135315,0.000020175093595753425,0.4552404582500458,0.000025600867957109587,1,0.0000057532533901394349,-0.4552404582500458,0.000016777066775830464,-0.8903685212135315],5,1.9204885959625245],[[756.0850219726563,231.30935668945313,43.54100799560547,-0.9019880890846252,0.000012259403774805833,0.4317609369754791,0.000008734233233553823,1,-0.00001014735062199179,-0.4317609369754791,-0.000005381688424677122,-0.9019880890846252],5,1.938274621963501],[[755.8372192382813,231.79090881347657,43.459693908691409,-0.9122762084007263,0.000004248454843036598,0.40957558155059817,7.10651519852945e-8,1,-0.000010214534086117056,-0.40957558155059817,-0.000009289369700127282,-0.9122762084007263],5,1.9547784328460694],[[755.5875244140625,232.21795654296876,43.38454818725586,-0.9273377656936646,0.000001110001107917924,0.3742254674434662,-0.000002035928673649323,1,-0.000008011199497559574,-0.3742254674434662,-0.000008190983862732537,-0.9273377656936646],5,1.971693992614746],[[755.335205078125,232.59051513671876,43.318603515625,-0.9362106323242188,6.886918981763301e-7,0.3514394760131836,-0.000001853338176260877,1,-0.000006896797458466608,-0.3514394760131836,-0.000007108190857252339,-0.9362106323242188],5,1.9877879619598389],[[755.081298828125,232.9085693359375,43.25934982299805,-0.9450961351394653,8.152249506565568e-7,0.3267924189567566,-0.000001441085260012187,1,-0.000006662299711024389,-0.3267924189567566,-0.000006767449576727813,-0.9450961351394653],5,2.0041487216949465],[[754.825927734375,233.172119140625,43.20670700073242,-0.9538583755493164,8.204857522287057e-7,0.3002568185329437,-0.000001251116486855608,1,-0.000006707170996378409,-0.3002568185329437,-0.0000067733476498688109,-0.9538583755493164],5,2.020740509033203],[[754.5691528320313,233.3811798095703,43.16114044189453,-0.962826132774353,6.603616498068732e-7,0.2701219618320465,-0.0000012118490531065618,1,-0.000006764209501852747,-0.2701219618320465,-0.0000068401045609789439,-0.962826132774353],5,2.0370569229125978],[[754.3111572265625,233.53573608398438,43.123531341552737,-0.9704218506813049,4.541451517070527e-7,0.24141542613506318,-0.00000122035476124438,1,-0.000006786659014323959,-0.24141542613506318,-0.000006880534783704206,-0.9704218506813049],5,2.0546703338623049],[[754.0521240234375,233.6357879638672,43.093711853027347,-0.9752683043479919,2.97409485483513e-7,0.22102420032024384,-0.0000012337295629549772,1,-0.000006789422968722647,-0.22102420032024384,-0.000006894193575135432,-0.9752683043479919],5,2.0713412761688234],[[753.7377319335938,233.68421936035157,43.09412384033203,-0.977742612361908,2.0089193242256443e-7,0.20980802178382874,-0.0000010383295148130856,1,-0.000005796303412353154,-0.20980802178382874,-0.000005885142400074983,-0.977742612361908],5,2.0902252197265627],[[753.5578002929688,233.6724090576172,43.12320327758789,-0.9919306039810181,-2.686744551283482e-7,0.12678179144859315,-9.160707463706785e-7,1,-0.000005048076218372444,-0.12678179144859315,-0.000005123482878843788,-0.9919306039810181],5,2.113044023513794],[[753.3287963867188,233.6089630126953,43.195377349853519,-0.9914303421974182,-1.8618531782976789e-7,0.13063651323318482,-7.873827030380198e-7,1,-0.000004550410267256666,-0.13063651323318482,-0.000004614275894709863,-0.9914303421974182],5,2.1202776432037355],[[753.11328125,233.4910125732422,43.30544662475586,-0.994487464427948,-2.457259142829571e-7,0.10485564172267914,-7.154480385906936e-7,1,-0.000004442089903022861,-0.10485564172267914,-0.000004492621428653365,-0.994487464427948],5,2.1383347511291506],[[752.8773193359375,233.26693725585938,43.481693267822269,-0.9999899864196777,-2.634650968502683e-7,-0.004478491842746735,-2.534401630782668e-7,1,-0.0000022390252070181306,0.004478491842746735,-0.0000022378678750101246,-0.9999899864196777],5,2.157073736190796],[[752.7599487304688,233.09161376953126,43.603511810302737,-0.9980365037918091,-1.66344364060933e-7,-0.06263467669487,-1.1142192590796185e-7,1,-8.803622790765076e-7,0.06263467669487,-8.716548336451524e-7,-0.9980365037918091],5,2.180694103240967],[[752.6332397460938,232.81016540527345,43.783809661865237,-0.9970225095748901,-2.9426793446418743e-8,-0.07711075246334076,-2.237740304167346e-8,1,-9.228308783804096e-8,0.07711075246334076,-9.028277503375648e-8,-0.9970225095748901],5,2.188096761703491],[[752.5407104492188,232.47421264648438,43.98408508300781,-0.9964770078659058,9.477184370609848e-9,-0.08386636525392533,3.4695617490143606e-9,1,7.177902006105796e-8,0.08386636525392533,7.123516354567983e-8,-0.9964770078659058],5,2.2053377628326418],[[752.4826049804688,232.08377075195313,44.204036712646487,-0.9961325526237488,2.328402537443708e-8,-0.08786284923553467,1.3542124754906127e-8,1,1.1147230338792724e-7,0.08786284923553467,1.0985134224483773e-7,-0.9961325526237488],5,2.2204225063323976],[[752.4591674804688,231.63882446289063,44.44343185424805,-0.995663583278656,3.3257144593790147e-8,-0.09302720427513123,2.0986103521636325e-8,1,1.328863277194614e-7,0.09302720427513123,1.3035780455084024e-7,-0.995663583278656],5,2.2377612590789797],[[752.4698486328125,231.13937377929688,44.70133972167969,-0.9954737424850464,4.2858307125470677e-8,-0.09503673017024994,2.8342389768454269e-8,1,1.5408993192522758e-7,0.09503673017024994,1.5069892356223137e-7,-0.9954737424850464],5,2.2544920444488527],[[752.5010986328125,230.4384307861328,45.03288269042969,-0.9953001737594605,4.924443786080701e-8,-0.09683774411678314,3.3608625216174917e-8,1,1.6309513739543036e-7,0.09683774411678314,1.590740481560715e-7,-0.9953001737594605],5,2.2728044986724855],[[752.540771484375,230.0036163330078,45.12205123901367,-0.9997824430465698,0.00891322735697031,-0.018856434151530267,0.008914402686059475,0.9999602437019348,0.000021709052816731856,0.018855877220630647,-0.00014638951688539237,-0.999822199344635],5,2.2880046367645265],[[752.6096801757813,229.39390563964845,45.117679595947269,-0.9981340169906616,0.00722744595259428,-0.06063220277428627,0.007228709291666746,0.9999738335609436,0.0001985140988836065,0.06063205376267433,-0.0002401489473413676,-0.998160183429718],5,2.3045690059661867],[[752.6725463867188,228.72967529296876,45.09157943725586,-0.9957348704338074,0.002373400377109647,-0.09223002195358277,0.002365364460274577,0.9999971985816956,0.00019643985433503985,0.09223022311925888,-0.000022555605028173887,-0.9957377314567566],5,2.320277214050293],[[752.7265625,228.01112365722657,45.095252990722659,-0.9953960180282593,0.0003597377217374742,-0.09584672749042511,0.00034899916499853134,0.9999999403953552,0.00012880250869784504,0.0958467647433281,0.00009475908154854551,-0.995396077632904],5,2.3390448093414308],[[752.8079833984375,227.2385711669922,45.09042739868164,-0.9953600764274597,-0.00003135697261313908,-0.09622003883123398,-0.0000393094087485224,1,0.00008075286314124241,0.09622003883123398,0.00008416052878601477,-0.9953600764274597],5,2.353909730911255],[[752.8887939453125,226.41152954101563,45.103519439697269,-0.9952796101570129,-0.000056398312153760347,-0.09704902768135071,-0.000058667919802246618,1,0.000020532634152914399,0.09704902023077011,0.000026129375328309835,-0.9952796101570129],5,2.37139630317688],[[752.9765625,225.53236389160157,45.093505859375,-0.9957496523857117,0.0004119622171856463,-0.0921001061797142,0.00040133355651050806,0.9999998807907105,0.00013392420078162104,0.09210015088319779,0.00009639211202738807,-0.9957497715950012],5,2.3871986865997316],[[753.0242309570313,225.4001007080078,45.09104919433594,-0.9953235983848572,0.00013473480066750199,-0.09659644961357117,0.00013291789218783379,1,0.000025244005882996136,0.09659644961357117,0.000012286558558116667,-0.995323657989502],12,2.4122700691223146],[[753.0348510742188,225.39749145507813,45.09050369262695,-0.9952765107154846,-0.000012533637345768512,-0.09708079695701599,-0.00001172446172859054,1,-0.00000890553928911686,0.09708079695701599,-0.000007725254363322165,-0.9952765107154846],12,2.42004132270813],[[753.0350952148438,225.39744567871095,45.09049606323242,-0.9952710270881653,-0.000018848419131245465,-0.09713684022426605,-0.000018426391761749984,1,-0.000005241713552095462,0.09713684022426605,-0.000003427044021009351,-0.9952710270881653],12,2.4366304874420168],[[753.0350952148438,225.39744567871095,45.09049987792969,-0.995765745639801,-0.0000034615313779795544,-0.09192734211683274,-0.000003443712557782419,1,-3.524568796819949e-7,0.09192734211683274,-3.4393153214296038e-8,-0.995765745639801],12,2.4560956954956056],[[753.0350952148438,225.39744567871095,45.09049987792969,-0.9994077682495117,0.0000012767724228979205,-0.034411054104566577,0.0000012646290770135238,1,3.746559968931251e-7,0.034411054104566577,3.309168903342652e-7,-0.9994077682495117],12,2.478681802749634],[[753.0352172851563,225.39744567871095,45.09052276611328,-0.9864615201950073,7.052253749861848e-7,0.16399279236793519,7.25399331713561e-7,1,6.313168654514812e-8,-0.16399279236793519,1.812372403264817e-7,-0.9864615201950073],12,2.4868531227111818],[[753.0353393554688,225.39744567871095,45.09059524536133,-0.8792222142219544,-6.520063600135018e-9,0.47641193866729739,-3.294337602710584e-8,1,-4.7111495149465557e-8,-0.47641193866729739,-5.711609318836963e-8,-0.8792222142219544],12,2.5067028999328615],[[753.0326538085938,225.55706787109376,44.919490814208987,-0.6732877492904663,-0.00017931826005224138,0.7393805384635925,0.0018117842264473439,0.999996542930603,0.0018923541065305472,-0.7393783330917358,0.0026136967353522779,-0.6732851266860962],12,2.52500057220459],[[752.965087890625,225.7923126220703,44.6910400390625,-0.41890180110931399,-0.0014782724902033806,0.9080303311347961,0.0024542598985135557,0.9999932050704956,0.002760212169960141,-0.908028244972229,0.0033848003949970009,-0.41889530420303347],8,2.5469093322753908],[[752.8595581054688,226.08860778808595,44.53052520751953,-0.2942793667316437,-0.00030054585658945143,0.9557194113731384,0.0003379015251994133,0.9999998807907105,0.00041851538117043674,-0.9557194113731384,0.0004460994678083807,-0.29427921772003176],8,2.5545730590820314],[[752.7526245117188,226.97193908691407,44.375308990478519,-0.38421279191970827,0.0009480558219365776,0.923244059085846,-0.0011687985388562084,0.999998152256012,-0.0015132741536945105,-0.9232438206672669,-0.0016605056589469314,-0.3842109739780426],3,2.5744314193725588],[[752.6224975585938,228.02516174316407,44.149147033691409,-0.4493342638015747,0.00047452174476347864,0.8933635950088501,-0.0008021562825888395,0.9999992251396179,-0.0009346224833279848,-0.893363356590271,-0.0011365751270204783,-0.449333518743515],5,2.598297119140625],[[752.5313720703125,228.61622619628907,43.99383544921875,-0.6