[[[776,222.69961547851563,47,1,1.4825023875175703e-8,-2.6938425990753746e-15,-1.4825023875175703e-8,1,-8.025911313325196e-8,1.5039994303203794e-15,8.025911313325196e-8,1],8,0.006803989410400391],[[776,222.69961547851563,47,1,7.9030515465206e-9,-2.365009797632915e-15,-7.9030515465206e-9,1,-4.278519227796096e-8,2.0268761509131297e-15,4.278519227796096e-8,1],8,0.028220653533935548],[[776,222.69961547851563,47,1,9.869958184083317e-10,-2.2977689341480797e-15,-9.869958184083317e-10,1,-5.343276487934645e-9,2.2924953070184745e-15,5.343276487934645e-9,1],8,0.03967595100402832],[[776,222.69961547851563,47,1,-5.923148638231623e-9,-2.489533805274664e-15,5.923148638231623e-9,1,3.206665510901985e-8,2.2995981017976754e-15,-3.206665510901985e-8,1],8,0.05480074882507324],[[775.7822875976563,222.69961547851563,47.0484504699707,0.9758463501930237,0.0000013357084753806703,0.2184581458568573,7.870085028116591e-7,1,-0.000009629798114474397,-0.2184581458568573,0.000009569131179887336,0.9758463501930237],8,0.07536077499389649],[[775.5883178710938,222.69961547851563,47.09123229980469,0.9283941388130188,0.0000041523317122482698,0.371597021818161,0.0000023778311515343377,1,-0.000017115035007009284,-0.371597021818161,0.000016773092283983716,0.9283941388130188],8,0.09715676307678223],[[775.3278198242188,222.69961547851563,47.148746490478519,0.8387578725814819,0.000006950881925149588,0.5445045232772827,0.00000323112999467412,1,-0.000017742768250172959,-0.5445045232772827,0.00001664125193201471,0.8387578725814819],8,0.10393691062927246],[[775.0671997070313,222.69961547851563,47.20637893676758,0.7341776490211487,0.00000756991857997491,0.6789574027061462,0.000002364645524721709,1,-0.000013706291611015331,-0.6789574027061462,0.000011668346814985853,0.7341776490211487],8,0.12283706665039063],[[774.8065795898438,222.69961547851563,47.26408004760742,0.6268312931060791,0.000006874115570099093,0.7791550159454346,0.000001320534806836804,1,-0.000009884898645395879,-0.7791550159454346,0.000007225065019156318,0.6268312931060791],8,0.14006829261779786],[[774.5460815429688,222.69961547851563,47.32181167602539,0.5236756205558777,0.000005751170192525024,0.8519177436828613,7.337516194638738e-7,1,-0.000007201890184660442,-0.8519177436828613,0.000004396550593810389,0.5236756205558777],8,0.156937837600708],[[774.2839965820313,222.69961547851563,47.37141036987305,0.4313831031322479,0.00000445739169663284,0.902168869972229,4.3689323092621637e-7,1,-0.000005149657226866111,-0.902168869972229,0.00000261562649939151,0.4313831031322479],8,0.17856931686401368],[[774.0200805664063,222.69961547851563,47.40983581542969,0.3534383475780487,0.000003132806114081177,0.9354578256607056,2.4557380129408559e-7,1,-0.0000034417387269058965,-0.9354578256607056,0.000001446166379537317,0.3534383475780487],8,0.18884038925170899],[[773.7545776367188,222.69961547851563,47.43513107299805,0.2908576726913452,0.0000020052325453434607,0.9567663073539734,1.1762970331119505e-7,1,-0.000002131603196176002,-0.9567663073539734,7.325372735067504e-7,0.2908576726913452],8,0.2059340476989746],[[773.488037109375,222.69961547851563,47.444183349609378,0.24403990805149079,0.0000011489046300994233,0.9697651863098145,4.4789146613766209e-8,1,-0.0000011959956509599579,-0.9697651863098145,3.35305628595961e-7,0.24403990805149079],8,0.22257781028747559],[[773.2219848632813,222.69961547851563,47.42777633666992,0.21538960933685304,5.107549441163428e-7,0.9765281677246094,8.708918919353437e-9,1,-5.249523837846937e-7,-0.9765281677246094,1.21573819455989e-7,0.21538960933685304],8,0.2368755340576172],[[772.8900756835938,222.69961547851563,47.391868591308597,-0.9949092268943787,2.5400950676157665e-7,0.1007748618721962,2.1272324346455208e-8,1,-0.000002310551280970685,-0.1007748618721962,-0.000002296645106980577,-0.9949092268943787],8,0.2588236331939697],[[772.6943359375,222.69961547851563,47.354530334472659,-0.9835249185562134,4.027831437269924e-7,0.1807725578546524,-1.3544290133893356e-8,1,-0.0000023018112642603229,-0.1807725578546524,-0.000002266337105538696,-0.9835249185562134],8,0.2804539203643799],[[772.4335327148438,222.69961547851563,47.30009078979492,-0.9660045504570007,1.4450728258452728e-7,0.2585250735282898,7.0014087860670319e-9,1,-5.32806666342367e-7,-0.2585250735282898,-5.128836164658424e-7,-0.9660045504570007],8,0.28699231147766116],[[772.1757202148438,222.69961547851563,47.232295989990237,-0.9488354921340942,-1.9582461874279035e-8,0.31577086448669436,2.1114555437407035e-8,1,1.2546028926863074e-7,-0.31577086448669436,1.2570852447879589e-7,-0.9488354921340942],8,0.3054351806640625],[[771.9220581054688,222.69961547851563,47.15010452270508,-0.9301900267601013,-4.0562230907426058e-8,0.3670783042907715,7.852542616149094e-9,1,1.3039884549925774e-7,-0.3670783042907715,1.2417820016707993e-7,-0.9301900267601013],8,0.32280540466308596],[[771.6732788085938,222.6996612548828,47.05424118041992,-0.9118288159370422,-5.1937085743247738e-8,0.4105706512928009,-7.710514005054847e-9,1,1.0937561967239162e-7,-0.4105706512928009,9.656612576236512e-8,-0.9118288159370422],8,0.3381156921386719],[[771.4293823242188,222.69969177246095,46.94649887084961,-0.9007565975189209,-6.0003635837802e-8,0.4343242049217224,-2.3804627602430629e-8,1,8.878497226305626e-8,-0.4343242049217224,6.963472287679906e-8,-0.9007565975189209],8,0.35483622550964358],[[771.1886596679688,222.69969177246095,46.831642150878909,-0.9022681713104248,-6.530909502089344e-8,0.4311752915382385,-3.981295648713967e-8,1,6.815588449171628e-8,-0.4311752915382385,4.4328523074455009e-8,-0.9022681713104248],8,0.3720433712005615],[[770.9481811523438,222.69969177246095,46.716556549072269,-0.9022681713104248,-7.085339603918328e-8,0.4311752915382385,-5.58075967660443e-8,1,4.7544425285650507e-8,-0.4311752915382385,1.883496736354573e-8,-0.9022681713104248],8,0.3883051872253418],[[770.7074584960938,222.69969177246095,46.60157775878906,-0.9022681713104248,-7.639296484285296e-8,0.4311752915382385,-7.178856264999922e-8,1,2.695058576307474e-8,-0.4311752915382385,-6.636798222103835e-9,-0.9022681713104248],8,0.4077737331390381],[[770.4667358398438,223.57281494140626,46.486602783203128,-0.9022681713104248,-8.192779432647512e-8,0.4311752915382385,-8.775587900800019e-8,1,6.374348160420595e-9,-0.4311752915382385,-3.208679544286497e-8,-0.9022681713104248],3,0.42819857597351076],[[770.2276000976563,224.39483642578126,46.372501373291019,-0.858814001083374,9.442098871659255e-7,0.5122875571250916,-1.3247723984477489e-7,1,-0.0000020652134935517099,-0.5122875571250916,-0.0000018415007616567892,-0.858814001083374],5,0.4436213970184326],[[769.9891357421875,225.162353515625,46.2588005065918,-0.8395755290985107,0.0000031881970699032537,0.5432429909706116,-4.482049575926794e-7,1,-0.0000065615186031209309,-0.5432429909706116,-0.000005752374818257522,-0.8395755290985107],5,0.4557375907897949],[[769.750732421875,225.87538146972657,46.145164489746097,-0.8372788429260254,0.000004330741830926854,0.5467761754989624,-9.09832522211218e-7,1,-0.000009313729606219568,-0.5467761754989624,-0.000008295663064927794,-0.8372788429260254],5,0.4714055061340332],[[769.5123291015625,226.53390502929688,46.03154373168945,-0.8370123505592346,0.000004497587724472396,0.5471840500831604,-0.000001278437139262678,1,-0.000010175105671805796,-0.5471840500831604,-0.000009216229045705404,-0.8370123505592346],5,0.48779845237731936],[[769.27392578125,227.13792419433595,45.91792297363281,-0.8369815349578857,0.000004397506472741952,0.547231137752533,-0.0000014519570186166675,1,-0.000010256666428176687,-0.547231137752533,-0.000009379196853842587,-0.8369815349578857],5,0.5050289630889893],[[769.0355834960938,227.68743896484376,45.80427551269531,-0.8436065912246704,0.00000421765116698225,0.5369617342948914,-0.000001487021677348821,1,-0.000010190879038418644,-0.5369617342948914,-0.000009395566848979798,-0.8436065912246704],5,0.5234394073486328],[[768.7960815429688,228.18246459960938,45.693138122558597,-0.8445436358451843,0.000004182345037406776,0.5354867577552795,-0.0000014835986803518609,1,-0.000010150220987270587,-0.5354867577552795,-0.000009366752237838228,-0.8445436358451843],5,0.5448718070983887],[[768.5562133789063,228.62298583984376,45.58282470703125,-0.8341002464294434,0.000004353201347839786,0.5516128540039063,-0.0000014861074077998638,1,-0.000010138929610548076,-0.5516128540039063,-0.000009276639502786566,-0.8341002464294434],5,0.5547759532928467],[[768.318115234375,229.00900268554688,45.46870803833008,-0.8122921586036682,0.0000046964419198047839,0.5832507610321045,-0.0000014972591770856525,1,-0.000010137412573385518,-0.5832507610321045,-0.000009107818186748773,-0.8122921586036682],5,0.5724718570709229],[[768.084228515625,229.34051513671876,45.346290588378909,-0.7662359476089478,0.000005346732905309182,0.6425593495368958,-0.0000015215994153550128,1,-0.00001013546443573432,-0.6425593495368958,-0.000008743874786887318,-0.7662359476089478],5,0.5906736850738525],[[767.8469848632813,229.61753845214845,45.24714660644531,-0.7211699485778809,0.000005006395895179594,0.6927582025527954,-0.0000012405853340169415,1,-0.000008518222784914542,-0.6927582025527954,-0.000007002511665632483,-0.7211699485778809],5,0.606574535369873],[[767.6026611328125,229.84005737304688,45.187095642089847,-0.6551628112792969,0.000004099423676962033,0.7554877400398254,-8.663433845867985e-7,1,-0.000006177492196002277,-0.7554877400398254,-0.000004701774741988629,-0.6551628112792969],5,0.6293022632598877],[[767.3471069335938,230.00807189941407,45.16515350341797,-0.5450344681739807,0.000003765901055885479,0.838413655757904,-5.808763603454281e-7,1,-0.000004869313215749571,-0.838413655757904,-0.000003140958142466843,-0.5450344681739807],5,0.6404199600219727],[[767.0841064453125,230.12159729003907,45.13958740234375,-0.47233426570892336,0.0000038069888432801237,0.8814194798469544,-4.829419140151003e-7,1,-0.00000457795476904721,-0.8814194798469544,-0.0000025879994609567804,-0.47233426570892336],5,0.6561822891235352],[[766.822998046875,230.1806182861328,45.09253692626953,-0.40829727053642275,0.000004248011009622132,0.9128490090370178,-4.938577262691979e-7,1,-0.0000048744664127298169,-0.9128490090370178,-0.000002441048764012521,-0.40829727053642275],5,0.6731142997741699],[[766.5659790039063,230.1851348876953,45.026580810546878,-0.3520001173019409,0.000004656147211790085,0.9359999299049377,-5.362659294405603e-7,1,-0.000005176189461053582,-0.9359999299049377,-0.000002323964281458757,-0.3520001173019409],5,0.6929624080657959],[[766.3134765625,230.13516235351563,44.94449234008789,-0.26326531171798708,0.000004846562205784721,0.9647234678268433,-5.633834803120408e-7,1,-0.000005177526873012539,-0.9647234678268433,-0.0000019065724927713746,-0.26326531171798708],5,0.7160100936889648],[[765.999267578125,229.9960479736328,44.87456130981445,-0.2498501092195511,0.000002241293486804352,0.968284547328949,-1.5096944139258995e-7,1,-0.0000023536606477136958,-0.968284547328949,-7.342437129409518e-7,-0.2498501092195511],5,0.7347207069396973],[[765.6871337890625,229.7717742919922,44.86597442626953,-0.27039048075675967,4.0263546452479206e-7,0.9627507328987122,1.6239566136277973e-8,1,-4.1365268543813729e-7,-0.9627507328987122,-9.621308549867536e-8,-0.27039048075675967],5,0.7557618618011475],[[765.4370727539063,229.5310516357422,44.90386962890625,-0.28113123774528506,5.187993679101055e-8,0.9596693515777588,1.8586717942525867e-8,1,-4.861531976985134e-8,-0.9596693515777588,4.1698182684513089e-9,-0.28113123774528506],5,0.7725815773010254],[[765.1192016601563,229.15350341796876,44.994903564453128,-0.285177081823349,-8.280797203497059e-8,0.95847487449646,5.284603865618465e-9,1,8.7967904960351e-8,-0.95847487449646,3.015158966945819e-8,-0.285177081823349],5,0.7830691337585449],[[764.92626953125,228.88609313964845,45.04737854003906,-0.283852219581604,-1.2570596652494715e-7,0.9588680267333984,-2.073367477706256e-9,1,1.3048450853148098e-7,-0.9588680267333984,3.5050231161903869e-8,-0.283852219581604],5,0.7964687347412109],[[764.7315673828125,228.58802795410157,45.0926399230957,-0.2790142893791199,-1.2216847267154663e-7,0.9602869749069214,-6.042291555985457e-9,1,1.2546519201350748e-7,-0.9602869749069214,2.9204247908865e-8,-0.2790142893791199],5,0.8092648983001709],[[764.5357666015625,228.25930786132813,45.13349914550781,-0.27199265360832217,-6.231669402723128e-8,0.9622993469238281,-8.622342839714748e-9,1,6.232102123249206e-8,-0.9622993469238281,8.653586291984539e-9,-0.27199265360832217],5,0.8225440979003906],[[764.27294921875,227.77333068847657,45.177669525146487,-0.25859570503234866,7.660338496862096e-8,0.9659856557846069,-9.871195416621959e-9,1,-8.194328415811469e-8,-0.9659856557846069,-3.072561227668302e-8,-0.25859570503234866],5,0.8399426937103272],[[764.0081787109375,227.23284912109376,45.208885192871097,-0.24047915637493134,1.5534322983512539e-7,0.970654308795929,-5.964540417124908e-9,1,-1.615174198832392e-7,-0.970654308795929,-4.4631075724055339e-8,-0.24047915637493134],5,0.8618509769439697],[[763.7425537109375,226.6378631591797,45.23186111450195,-0.21998119354248048,2.171606325873654e-7,0.9755041003227234,-4.974831213644393e-9,1,-2.2373559716015735e-7,-0.9755041003227234,-5.407058978335044e-8,-0.21998119354248048],5,0.8722684383392334],[[763.4765014648438,225.98838806152345,45.2493782043457,-0.19905200600624085,2.509698617814138e-7,0.9799889326095581,-5.693562954434128e-9,1,-2.5725105956553309e-7,-0.9799889326095581,-5.678596792790813e-8,-0.19905200600624085],5,0.887343168258667],[[763.2102661132813,225.28440856933595,45.2629508972168,-0.17871293425559998,2.5395343072887047e-7,0.9839012622833252,-6.147526487865207e-9,1,-2.5922525992427838e-7,-0.9839012622833252,-5.2375469294929647e-8,-0.17871293425559998],5,0.9065005779266357],[[762.9439697265625,224.5259246826172,45.274356842041019,-0.15981286764144898,2.329476558315946e-7,0.987147331237793,-5.713181927546884e-9,1,-2.3690556361088967e-7,-0.987147331237793,-4.3500310908939358e-8,-0.15981286764144898],5,0.9209785461425781],[[762.6776123046875,223.71295166015626,45.28504180908203,-0.1429685801267624,1.9611925949902798e-7,0.9897271990776062,-4.6047041735164388e-9,1,-1.988200182267974e-7,-0.9897271990776062,-3.298241679772218e-8,-0.1429685801267624],5,0.9395937919616699],[[762.4110717773438,222.95333862304688,45.29495620727539,-0.12817028164863587,1.259678583664936e-7,0.9917521476745606,-4.29688701286679e-10,1,-1.2707099017461588e-7,-0.9917521476745606,-1.671287108706565e-8,-0.12817028164863587],7,0.9565277099609375],[[762.14453125,222.90869140625,45.303958892822269,-0.1150236576795578,1.238636144762495e-7,0.9933627247810364,2.5456066143902946e-9,1,-1.24396450473796e-7,-0.9933627247810364,-1.177982422717605e-8,-0.1150236576795578],7,0.9727768898010254],[[761.8779296875,222.9972381591797,45.310848236083987,-0.10275823622941971,1.1749947503858493e-7,0.9947063326835632,1.2190788378774187e-9,1,-1.1799884447327713e-7,-0.9947063326835632,-1.0912727610445927e-8,-0.10275823622941971],8,0.9899940490722656],[[761.6113891601563,223.0633087158203,45.31501388549805,-0.09086781740188599,1.1407030342525104e-7,0.9958629608154297,-8.977887322458855e-10,1,-1.1462609705858995e-7,-0.9958629608154297,-1.130989790709691e-8,-0.09086781740188599],8,1.005173921585083],[[761.3447875976563,223.1020965576172,45.31639099121094,-0.07919197529554367,1.2764812140630966e-7,0.9968593716621399,-1.9372137227691157e-9,1,-1.282041779404608e-7,-0.9968593716621399,-1.2083870792878315e-8,-0.07919197529554367],8,1.022386074066162],[[761.0781860351563,223.12367248535157,45.31497573852539,-0.06768302619457245,1.2999363718790847e-7,0.9977068901062012,-1.940657412546898e-9,1,-1.3042406976637722e-7,-0.9977068901062012,-1.0763701929761283e-8,-0.06768302619457245],8,1.0385780334472657],[[760.8115844726563,223.13548278808595,45.31195831298828,-0.05679653212428093,1.2413843819558679e-7,0.9983857870101929,-1.3535246257134759e-9,1,-1.2441614671843127e-7,-0.9983857870101929,-8.417745611666306e-9,-0.05679653212428093],8,1.0549707412719727],[[760.5450439453125,223.14193725585938,45.30832290649414,-0.046981096267700198,1.2535029725313508e-7,0.9988957643508911,-8.589960964755505e-10,1,-1.255292545465636e-7,-0.9988957643508911,-6.755549897263791e-9,-0.046981096267700198],8,1.0731124877929688],[[760.2784423828125,223.14544677734376,45.30461502075195,-0.03842611983418465,1.153573450096701e-7,0.9992614388465881,-5.049964335590573e-10,1,-1.1546202216550228e-7,-0.9992614388465881,-4.9413810820908569e-9,-0.03842611983418465],8,1.0891938209533692],[[760.0118408203125,223.14736938476563,45.30051803588867,-0.030895285308361055,1.1376812381058699e-7,0.9995226263999939,-2.836074430856428e-10,1,-1.1383122000552248e-7,-0.9995226263999939,-3.800320058644502e-9,-0.030895285308361055],8,1.1061980724334717],[[759.7452392578125,223.14840698242188,45.296348571777347,-0.024350758641958238,1.241673288632228e-7,0.9997034668922424,-1.0915558040780482e-10,1,-1.2420682082847635e-7,-0.9997034668922424,-3.133653336817588e-9,-0.024350758641958238],8,1.1225707530975342],[[759.4786376953125,223.14895629882813,45.29376220703125,-0.019359445199370385,9.584940841023126e-8,0.9998126029968262,-4.234873562936059e-11,1,-9.586819516016476e-8,-0.9998126029968262,-1.8982959648639054e-9,-0.019359445199370385],8,1.1391620635986329],[[759.2120361328125,223.14926147460938,45.293827056884769,-0.01632069982588291,8.478824753410663e-8,0.999866783618927,3.1225158569903046e-10,1,-8.479444346676246e-8,-0.999866783618927,-1.0716946219346824e-9,-0.01632069982588291],8,1.1547966003417969],[[758.9454345703125,223.14944458007813,45.297080993652347,-0.0153120132163167,7.865903484116643e-8,0.9998827576637268,8.60994775475632e-10,1,-7.865507001270089e-8,-0.9998827576637268,-3.434736106644465e-10,-0.0153120132163167],8,1.171635627746582],[[758.6788330078125,223.1495361328125,45.30359649658203,-0.016150185838341714,7.316121042322266e-8,0.9998695850372315,1.5552708010346806e-9,1,-7.314562822102744e-8,-0.9998695850372315,3.7375250117044347e-10,-0.016150185838341714],8,1.1878132820129395],[[758.412353515625,223.14959716796876,45.31336975097656,-0.01859157159924507,7.091315978868806e-8,0.9998271465301514,2.3580128960531967e-9,1,-7.088156905865617e-8,-0.9998271465301514,1.0398055749760716e-9,-0.01859157159924507],8,1.2063078880310059],[[758.14599609375,223.14959716796876,45.32600784301758,-0.022251809015870096,7.853729755424865e-8,0.999752402305603,3.256095171266793e-9,1,-7.848427685530624e-8,-0.999752402305603,1.5088716942557313e-9,-0.022251809015870096],8,1.2220792770385743],[[757.8798217773438,223.15264892578126,45.341434478759769,-0.02688756212592125,1.039040142813974e-7,0.9996384382247925,4.315628743256639e-9,1,-1.0382551351995062e-7,-0.9996384382247925,1.522453607627483e-9,-0.02688756212592125],8,1.237647533416748],[[757.6138305664063,223.1555938720703,45.36005401611328,-0.03250972181558609,1.0085015844651935e-7,0.9994714260101318,3.6788978530211127e-9,1,-1.007838363875635e-7,-0.9994714260101318,4.004986897676588e-10,-0.03250972181558609],8,1.255199670791626],[[757.3480834960938,223.1581573486328,45.381919860839847,-0.0390479750931263,1.1719212267280455e-7,0.9992373585700989,2.498078854884511e-9,1,-1.171839514313433e-7,-0.9992373585700989,-2.0796222521823894e-9,-0.0390479750931263],8,1.2722935676574708],[[757.0824584960938,223.16371154785157,45.40507125854492,-0.045580413192510608,1.0471494960029304e-7,0.9989606738090515,8.868420442453839e-10,1,-1.047834317091656e-7,-0.9989606738090515,-3.890151756280602e-9,-0.045580413192510608],8,1.2890088558197022],[[756.8167724609375,223.1658172607422,45.429542541503909,-0.051912516355514529,1.1518439180235873e-7,0.9986516237258911,-4.1818973284257768e-10,1,-1.153616508986488e-7,-0.9986516237258911,-6.406339458919774e-9,-0.051912516355514529],8,1.3046720027923585],[[756.4850463867188,223.16946411132813,45.460941314697269,-0.10155501216650009,8.667083051250302e-8,0.9948299527168274,-3.286774186150865e-9,1,-8.745678314880934e-8,-0.9948299527168274,-1.2151455841546977e-8,-0.10155501216650009],8,1.3252525329589844],[[756.2860107421875,223.17665100097657,45.48065185546875,-0.0996294617652893,7.064227247610688e-8,0.9950246214866638,-5.09808240067855e-9,1,-7.150595848770536e-8,-0.9950246214866638,-1.2196817777976321e-8,-0.0996294617652893],8,1.34383225440979],[[756.0206298828125,223.1533966064453,45.507179260253909,-0.10127458721399307,4.9241346999906457e-8,0.9948585033416748,-7.557529713153599e-9,1,-5.026517158057686e-8,-0.9948585033416748,-1.260925763801879e-8,-0.10127458721399307],8,1.355851650238037],[[755.7552490234375,223.0756378173828,45.533714294433597,-0.10298914462327957,2.7857106843498515e-8,0.9946824908256531,-1.0052995769171958e-8,1,-2.904691420724248e-8,-0.9946824908256531,-1.2991055342581604e-8,-0.10298914462327957],8,1.3715732097625733],[[755.4898681640625,223.94876098632813,45.56024932861328,-0.10298717767000199,6.512936412406134e-9,0.9946826696395874,-1.2546379934974539e-8,1,-7.846776561848401e-9,-0.9946826696395874,-1.3287784206283959e-8,-0.10298717767000199],3,1.3904783725738526],[[755.1583251953125,224.9677734375,45.594451904296878,-0.10603300482034683,-2.0113031240498459e-8,0.9943625926971436,-1.5748129911230536e-8,1,1.8547771318822016e-8,-0.9943625926971436,-1.3692675437937396e-8,-0.10603300482034683],5,1.4153094291687012],[[754.95947265625,225.53829956054688,45.61561584472656,-0.10633942484855652,-3.596707998099191e-8,0.9943298697471619,-1.7671801799679089e-8,1,3.428225525681228e-8,-0.9943298697471619,-1.3926046094070444e-8,-0.10633942484855652],5,1.4300477504730225],[[754.6943359375,226.25132751464845,45.64399719238281,-0.10801070183515549,-5.708583117325361e-8,0.9941497445106506,-2.0268597467065775e-8,1,5.5219654626625928e-8,-0.9941497445106506,-1.4185707719605034e-8,-0.10801070183515549],5,1.4373180866241456],[[754.42919921875,226.90985107421876,45.672786712646487,-0.11128334701061249,-7.812428748366074e-8,0.9937887191772461,-2.292122225355797e-8,1,7.604587892728887e-8,-0.9937887191772461,-1.4316212215703672e-8,-0.11128334701061249],5,1.4559299945831299],[[754.1642456054688,227.5138702392578,45.702430725097659,-0.111534982919693,-9.899400055246588e-8,0.9937605261802673,-2.559241707444926e-8,1,9.674317880126182e-8,-0.9937605261802673,-1.4642484558180513e-8,-0.111534982919693],5,1.472191333770752],[[753.8993530273438,228.06338500976563,45.732208251953128,-0.11322939395904541,-1.1984880643467478e-7,0.9935688972473145,-2.8291641029909443e-8,1,1.1740037564322847e-7,-0.9935688972473145,-1.4816521343163913e-8,-0.11322939395904541],5,1.4908993244171143],[[753.6344604492188,228.55841064453126,45.76238250732422,-0.11333954334259033,-1.4063762421301363e-7,0.9935563206672669,-3.100229051256065e-8,1,1.380131493533554e-7,-0.9935563206672669,-1.5160175337314287e-8,-0.11333954334259033],5,1.5119609832763672],[[753.3695678710938,228.99893188476563,45.792625427246097,-0.11339704692363739,-1.6140565151090414e-7,0.9935497641563416,-3.3718858816200739e-8,1,1.5860507573961514e-7,-0.9935497641563416,-1.5516015139382945e-8,-0.11339704692363739],5,1.5219342708587647],[[753.1046752929688,229.38494873046876,45.82286834716797,-0.11340364813804627,-1.6463195606775117e-7,0.9935489892959595,-3.304758067201874e-8,1,1.61928838338099e-7,-0.9935489892959595,-1.4471068787713648e-8,-0.11340364813804627],5,1.5385468006134034],[[752.8397827148438,229.71646118164063,45.85311508178711,-0.11497966945171356,-1.1532301869010553e-7,0.9933678507804871,-2.2116278586281625e-8,1,1.1353306206274283e-7,-0.9933678507804871,-8.915606031223433e-9,-0.11497966945171356],5,1.5550453662872315],[[752.5748901367188,229.9934844970703,45.883758544921878,-0.116651251912117,-6.600524216082704e-8,0.9931729435920715,-1.1106400243932058e-8,1,6.515448092159204e-8,-0.9931729435920715,-3.430224326805842e-9,-0.116651251912117],5,1.5735931396484376],[[752.31005859375,230.21600341796876,45.91486358642578,-0.11995308846235275,-1.662848880812362e-8,0.992779552936554,6.535096769288984e-11,1,1.6757322640614804e-8,-0.992779552936554,2.0749717499768396e-9,-0.11995308846235275],5,1.5953056812286378],[[752.04541015625,230.38401794433595,45.946834564208987,-0.12650349736213685,3.309620666414048e-8,0.991966187953949,1.1554633694288441e-8,1,-3.189071051679093e-8,-0.991966187953949,7.427519488345524e-9,-0.12650349736213685],5,1.6054441928863526],[[751.7808837890625,230.49754333496095,45.98051834106445,-0.13329735398292542,8.358354364190746e-8,0.9910761117935181,2.335753102045146e-8,1,-8.119462080458107e-8,-0.9910761117935181,1.2326061948897405e-8,-0.13329735398292542],5,1.6219675540924073],[[751.5166015625,230.5565643310547,46.01605224609375,-0.1417730748653412,1.3508875440493285e-7,0.9898991584777832,3.555114602704634e-8,1,-1.3137557175468829e-7,-0.9898991584777832,1.656653303427902e-8,-0.1417730748653412],5,1.6394140720367432],[[751.2526245117188,230.5610809326172,46.05381393432617,-0.14721186459064485,1.3264762799281017e-7,0.9891049861907959,3.403853909844656e-8,1,-1.2904267521207658e-7,-0.9891049861907959,1.467107413333224e-8,-0.14721186459064485],5,1.6571030616760255],[[750.9888916015625,230.5111083984375,46.09309005737305,-0.15094389021396638,1.1236127761549142e-7,0.9885423183441162,2.7824727411029927e-8,1,-1.0941494821281595e-7,-0.9885423183441162,1.0990404142319221e-8,-0.15094389021396638],5,1.6780304908752442],[[750.7252197265625,230.40663146972657,46.13336181640625,-0.15603962540626527,9.242257448249802e-8,0.987750768661499,2.1509281467047005e-8,1,-9.017079349860069e-8,-0.987750768661499,7.175593008668102e-9,-0.15603962540626527],5,1.6892426013946534],[[750.4617919921875,230.24765014648438,46.174949645996097,-0.16115926206111909,7.293322568102667e-8,0.986928403377533,1.509849312242295e-8,1,-7.143371050233327e-8,-0.986928403377533,3.388927138914255e-9,-0.16115926206111909],5,1.706787347793579],[[750.3203735351563,230.74880981445313,46.197574615478519,-0.16679777204990388,5.372623235189167e-8,0.9859911203384399,8.627891290302614e-9,1,-5.303001060497081e-8,-0.9859911203384399,-3.382642221883003e-10,-0.16679777204990388],7,1.722235918045044],[[750.2534790039063,230.92974853515626,46.189002990722659,-0.20731592178344727,-0.03641790896654129,0.9775959253311157,0.06982250511646271,0.9962074756622315,0.051918286830186847,-0.975779116153717,0.07902168482542038,-0.20398686826229096],7,1.7378997802734376],[[750.1539306640625,230.95338439941407,46.23358917236328,-0.18121758103370667,-0.03667828068137169,0.9827588200569153,0.006413221824914217,0.9992389678955078,0.038475923240184787,-0.9834221005439758,0.013275164179503918,-0.18084444105625153],8,1.75834059715271],[[750.064208984375,230.9441680908203,46.230106353759769,-0.18510088324546815,0.00689901877194643,0.9826952815055847,0.004806494805961847,0.9999697804450989,-0.006114941090345383,-0.9827077984809876,0.003591438988223672,-0.18512845039367677],8,1.7721269130706788],[[750.0289916992188,230.94644165039063,46.25082015991211,-0.19301506876945496,0.001990871038287878,0.9811937808990479,0.005115179810672998,0.9999864101409912,-0.0010227715829387308,-0.9811824560165405,0.004821572452783585,-0.19302262365818025],8,1.7915875911712647],[[750.015380859375,230.9528045654297,46.25873947143555,-0.20995739102363587,-0.002709410386160016,0.977706789970398,-0.00394274340942502,0.9999904036521912,0.0019244790310040117,-0.9777025580406189,-0.003450788324698806,-0.2099660485982895],8,1.8096520900726319],[[750.0166015625,230.96681213378907,46.27574157714844,-0.22170306742191316,-0.00366521836258471,0.9751073122024536,-0.009241241961717606,0.999955952167511,0.0016575049376115203,-0.9750704169273377,-0.00864372868090868,-0.2217271625995636],8,1.8228471279144288],[[750.0059204101563,230.96530151367188,46.26264953613281,-0.2485039383172989,0.01705402135848999,0.9684807658195496,0.00677743973210454,0.9998511075973511,-0.015867389738559724,-0.9686071872711182,0.002620710525661707,-0.24858252704143525],8,1.84055757522583],[[750.0059204101563,230.96542358398438,46.26265335083008,-0.24210315942764283,0.01710217259824276,0.9700998067855835,0.00681186793372035,0.9998499751091003,-0.01592664234340191,-0.9702265858650208,0.0027523012831807138,-0.24218332767486573],8,1.8583974838256837],[[750.0057983398438,230.965576171875,46.26264953613281,-0.25396105647087099,0.017206698656082155,0.9670614004135132,0.006817207671701908,0.9998487830162048,-0.015999803319573404,-0.9671904444694519,0.0025293310172855856,-0.2540399730205536],8,1.8800883293151856],[[750.005615234375,230.96566772460938,46.26264953613281,-0.2724950313568115,0.017301436513662339,0.962001621723175,0.00678610522300005,0.9998480081558228,-0.01605987548828125,-0.9621332287788391,0.002152007771655917,-0.27257102727890017],8,1.8881926536560059],[[750.0028686523438,230.9693603515625,46.264835357666019,-0.2941616475582123,0.01601892150938511,0.9556214213371277,0.0019885797519236805,0.9998676180839539,-0.016148483380675317,-0.9557536244392395,-0.0028499350883066656,-0.2941545844078064],8,1.9069607257843018],[[750.0028686523438,230.96957397460938,46.26485061645508,-0.32908788323402407,0.015964874997735025,0.9441643357276917,0.0019109767163172365,0.9998663067817688,-0.016240669414401056,-0.9442973732948303,-0.0035403314977884294,-0.3290743827819824],8,1.9237360954284669],[[750.0028686523438,230.9356689453125,46.26485824584961,-0.3619009852409363,0.015873191878199579,0.932081401348114,0.0018512264359742404,0.9998652935028076,-0.01630876213312149,-0.9322146773338318,-0.004176663234829903,-0.3618816137313843],3,1.9441077709197999],[[750.0172729492188,230.9091339111328,46.24972152709961,-0.33911755681037905,0.01039003487676382,0.9406866431236267,0.0034339947160333397,0.9999459981918335,-0.009806608781218529,-0.9407377243041992,-0.0000952803748077713,-0.33913493156433108],5,1.9613749980926514],[[750.0289916992188,230.94972229003907,46.257102966308597,-0.3989948332309723,-0.00990019366145134,0.9168997406959534,-0.0006938893347978592,0.9999446868896484,0.010494917631149292,-0.916952908039093,0.0035511909518390896,-0.39897963404655459],7,1.9744648933410645],[[750.0147705078125,230.9544219970703,46.25315475463867,-0.42412272095680239,0.0000894298282219097,0.9056047201156616,-0.0009465159964747727,0.9999994039535523,-0.0005420337547548115,-0.9056042432785034,-0.001087057520635426,-0.4241223633289337],7,1.9883880615234376],[[750.0101318359375,230.9725341796875,46.24190139770508,-0.44693225622177126,0.012687253765761853,0.8944778442382813,-0.0006458016578108072,0.9998945593833923,-0.01450516190379858,-0.8945675492286682,-0.007060479838401079,-0.4468769431114197],8,2.009737491607666],[[750.0018310546875,230.95492553710938,46.24000549316406,-0.5084344148635864,0.017902826890349389,0.8609145879745483,-0.0002486227313056588,0.9997807741165161,-0.020937398076057435,-0.8611006736755371,-0.010859336704015732,-0.5083185434341431],3,2.0237247943878176],[[750.0377197265625,230.90640258789063,46.16378402709961,-0.43472886085510256,0.00782720372080803,0.9005273580551148,-0.0003261725651100278,0.9999607801437378,-0.008848918601870537,-0.9005613327026367,-0.004140607547014952,-0.4347092807292938],5,2.0420916080474855],[[750.0699462890625,230.9647216796875,46.106224060058597,-0.5363501906394959,-0.004444703459739685,0.8439838290214539,-0.017111431807279588,0.9998378753662109,-0.005608801264315844,-0.8438220620155335,-0.017450053244829179,-0.536339282989502],7,2.0642640590667726],[[750.0538330078125,230.94998168945313,45.98578643798828,-0.5902286767959595,0.01949005201458931,0.8070007562637329,0.005358691327273846,0.99978107213974,-0.02022666111588478,-0.8072183132171631,-0.007613887544721365,-0.5902038812637329],7,2.0744946002960207],[[750.0172729492188,230.95980834960938,45.86600112915039,-0.6210604906082153,0.004646762739866972,0.7837488651275635,0.0033677092287689449,0.9999890327453613,-0.003260177792981267,-0.7837554216384888,0.0006146708619780839,-0.6210693120956421],8,2.090886116027832],[[749.948974609375,230.92686462402345,45.80442810058594,-0.6396947503089905,0.011208625510334969,0.7685473561286926,0.005697838496416807,0.9999353289604187,-0.009840673767030239,-0.7686079144477844,-0.0019159686053171754,-0.6397172808647156],3,2.108386278152466],[[749.9027709960938,230.8778839111328,45.692893981933597,-0.5986407399177551,0.007205467205494642,0.8009852170944214,0.003868390806019306,0.9999738931655884,-0.006104360334575176,-0.8010082840919495,-0.0005557950353249908,-0.5986530184745789],5,2.1245529651641847],[[749.8684692382813,230.9539794921875,45.61064910888672,-0.6661578416824341,0.016468647867441179,0.7456288933753967,-0.0002250699617434293,0.9997516870498657,-0.022282520309090616,-0.7458107471466065,-0.015011494047939778,-0.6659887433052063],7,2.141003370285034],[[749.8004150390625,230.9496307373047,45.49694061279297,-0.7145009636878967,0.005390312522649765,0.6996136903762817,0.0015368423191830516,0.9999799728393555,-0.0061349994502961639,-0.6996327638626099,-0.0033082670997828247,-0.7144949436187744],7,2.156679391860962],[[749.696533203125,230.94677734375,45.452293395996097,-0.7087730765342712,0.028333529829978944,0.7048673033714294,0.009394337423145771,0.999483585357666,-0.03072981722652912,-0.705374002456665,-0.015158705413341523,-0.7086732387542725],8,2.17606782913208],[[749.545166015625,230.73312377929688,45.42059326171875,-0.7478165030479431,0.05070015415549278,0.6619667410850525,-0.02048218809068203,0.9948433637619019,-0.0993337407708168,-0.6635894179344177,-0.0878419354557991,-0.7429218292236328],3,2.2001209259033205],[[749.6425170898438,230.80274963378907,45.16551208496094,-0.6700688004493713,0.04370442032814026,0.7410113215446472,-0.0010469801491126419,0.9982085824012756,-0.0598205141723156,-0.7422982454299927,-0.040859684348106387,-0.6688226461410523],5,2.2093498706817629],[[749.6079711914063,230.9740753173828,45.09973907470703,-0.7237600088119507,-0.024466482922434808,0.6896178722381592,-0.052321575582027438,0.9984400868415833,-0.019488975405693055,-0.6880653500556946,-0.050187237560749057,-0.7239111661911011],7,2.2234466075897219],[[749.5800170898438,230.94895935058595,45.037010192871097,-0.7566376328468323,0.025104762986302377,0.6533523201942444,0.00958546344190836,0.9995810985565186,-0.02730766125023365,-0.6537642478942871,-0.014399318024516106,-0.756561279296875],7,2.238736391067505],[[749.449951171875,230.96597290039063,45.050453186035159,-0.7853159308433533,0.039574816823005679,0.6178290247917175,0.026398085057735444,0.999187707901001,-0.03044828400015831,-0.618532121181488,-0.00760201970115304,-0.7857227325439453],7,2.256812572479248],[[749.3728637695313,231.01560974121095,45.0473747253418,-0.7616494297981262,0.009097421541810036,0.6479254364967346,0.009596548043191433,0.9999501705169678,-0.0027592098340392114,-0.6479182243347168,0.004116297233849764,-0.7616987824440002],8,2.273447036743164],[[749.2962036132813,230.8238983154297,45.02023696899414,-0.7631992697715759,0.03883979469537735,0.644994854927063,0.0025700030382722618,0.9983664155006409,-0.05707785114645958,-0.6461580991744995,-0.041904136538505557,-0.7620523571968079],3,2.2894392013549806],[[749.3558349609375,230.81866455078126,44.87822341918945,-0.7062692046165466,0.027415869757533075,0.7074123024940491,0.00294198514893651,0.999354898929596,-0.03579292073845863,-0.7079372406005859,-0.023198241367936136,-0.7058942914009094],5,2.3072659969329836],[[749.2470703125,230.9249725341797,44.8461799621582,-0.7434911131858826,0.026726482436060907,0.6682115197181702,-0.017047831788659097,0.9981188774108887,-0.0588902123272419,-0.6685284376144409,-0.05517590790987015,-0.7416369318962097],7,2.3255233764648439],[[749.1202392578125,231.0188446044922,44.81184387207031,-0.7681310772895813,-0.022846851497888566,0.639884889125824,-0.009324289858341217,0.9996563792228699,0.024499285966157914,-0.6402247548103333,0.012852190062403679,-0.7680801153182983],7,2.340346574783325],[[749.0678100585938,230.95040893554688,44.76642990112305,-0.78432697057724,-0.004101624712347984,0.6203340888023377,0.007843488827347756,0.9998326301574707,0.016527866944670678,-0.6202980279922485,0.017828835174441339,-0.7841635346412659],8,2.356879711151123],[[748.9677734375,230.7423095703125,44.74753952026367,-0.7621797323226929,-0.02138769067823887,0.6470121145248413,0.03129694610834122,0.9970680475234985,0.06982694566249848,-0.6466085314750671,0.07347018271684647,-0.7592756748199463],3,2.377012252807617],[[749.016845703125,230.72511291503907,44.60786819458008,-0.7340658903121948,-0.030161043629050256,0.678408145904541,0.020656101405620576,0.9975591897964478,0.06670080125331879,-0.6787640452384949,0.06297604739665985,-0.7316511273384094],5,2.397817850112915],[[748.9261474609375,230.94110107421876,44.555789947509769,-0.7386834621429443,0.013212189078330994,0.6739230155944824,0.0150346290320158,0.9998821020126343,-0.003123205853626132,-0.6738848090171814,0.007825121283531189,-0.7387949824333191],7,2.406313180923462],[[748.8648071289063,230.9254150390625,44.52660369873047,-0.7532317042350769,0.028638318181037904,0.6571314930915833,-0.010729472152888775,0.9983838200569153,-0.055808939039707187,-0.6576677560806274,-0.04908773675560951,-0.7517070770263672],7,2.423499584197998],[[748.8485717773438,230.9596710205078,44.40615463256836,-0.7611350417137146,0.010440004989504815,0.6485093832015991,0.005278969649225473,0.9999370574951172,-0.009901689365506173,-0.6485719084739685,-0.00411306181922555,-0.7611422538757324],8,2.4408740997314455],[[748.826171875,230.89328002929688,44.275020599365237,-0.7888696789741516,0.010115502402186394,0.614477276802063,0.035516027361154559,0.9989438652992249,0.02915111556649208,-0.6135334372520447,0.04482022300362587,-0.7883957624435425],3,2.4576103687286379],[[748.7678833007813,230.73287963867188,44.11278533935547,-0.7568075060844421,0.004813710227608681,0.6536200642585754,0.021305058151483537,0.9996232390403748,0.017306584864854814,-0.6532905101776123,0.02702316828072071,-0.7566249370574951],5,2.476738691329956],[[748.6854858398438,231.03524780273438,44.085933685302737,-0.8384266495704651,0.0015456400578841568,0.5450122356414795,0.0013690312625840307,0.9999988079071045,-0.0007298999116756022,-0.5450127124786377,0.0001341707247775048,-0.8384277820587158],7,2.49757719039917],[[748.6056518554688,230.94480895996095,44.119869232177737,-0.8696866035461426,0.032811667770147327,0.4925125241279602,0.01664905436336994,0.9991703629493713,-0.0371665395796299,-0.493323415517807,-0.024123376235365869,-0.8695114254951477],7,2.507107973098755],[[748.5425415039063,230.94984436035157,44.128379821777347,-0.9079145193099976,0.00670631555840373,0.419101744890213,0.00006219204078661278,0.9998741149902344,-0.015864897519350053,-0.41915538907051089,-0.014377906918525696,-0.9078006744384766],7,2.5247557163238527],[[748.451171875,230.9519500732422,44.1860237121582,-0.9314155578613281,0.007992047816514969,0.3638698160648346,0.0002877511433325708,0.9997747540473938,-0.021222513169050218,-0.3639574646949768,-0.019662274047732354,-0.9312080144882202],8,2.5406458377838136],[[748.328857421875,230.90664672851563,44.276119232177737,-0.9497929811477661,0.0034442213363945486,0.3128601014614105,0.012079772539436818,0.9995975494384766,0.025667855516076089,-0.3126457631587982,0.02815842814743519,-0.9494523406028748],3,2.5593485832214357],[[748.297607421875,230.9108428955078,44.2613639831543,-0.9382357001304627,-0.0023865222465246917,0.34598860144615176,0.010609058663249016,0.9993075728416443,0.03566206246614456,-0.3458341360092163,0.03713003173470497,-0.9375607371330261],5,2.573378801345825],[[748.257080078125,230.9477996826172,44.249996185302737,-0.9457066655158997,0.008976088836789132,0.324897438287735,-0.0026591168716549875,0.9993714690208435,-0.03535020723938942,-0.3250105381011963,-0.034294866025447848,-0.9450883865356445],7,2.5921506881713869],[[748.1881713867188,230.97720336914063,44.254642486572269,-0.964167058467865,-0.020796027034521104,0.2644795775413513,-0.025816332548856736,0.999546229839325,-0.01551978848874569,-0.26403680443763735,-0.02179156057536602,-0.9642664194107056],7,2.606409788131714],[[748.1111450195313,230.94105529785157,44.212589263916019,-0.9733615517616272,0.001374529441818595,0.22927147150039674,-0.008326674811542035,0.9991104006767