[[[776,222.69961547851563,47,1,-5.111805734259178e-8,-5.371093093263458e-15,5.111805734259178e-8,1,1.507485869467473e-8,4.6004955521364389e-15,-1.507485869467473e-8,1],8,0.004615068435668945],[[776,222.69961547851563,47,1,-2.251835695687987e-8,-5.153491176146776e-15,2.251835695687987e-8,1,6.640712868488663e-9,5.003953015023186e-15,-6.640712868488663e-9,1],8,0.02824568748474121],[[776,222.69961547851563,47,1,6.0569074200600429e-9,-5.176443651434999e-15,-6.0569074200600429e-9,1,-1.7862278323121928e-9,5.16562449959972e-15,1.7862278323121928e-9,1],8,0.03811931610107422],[[776,222.69961547851563,47,1,3.460775488406398e-8,-5.439738337374841e-15,-3.460775488406398e-8,1,-1.0205969402932169e-8,5.0865327981498499e-15,1.0205969402932169e-8,1],8,0.05361342430114746],[[776,222.69961547851563,47,1,6.313420897186006e-8,-5.942806451342221e-15,-6.313420897186006e-8,1,-1.8618520059021649e-8,4.767341137471275e-15,1.8618520059021649e-8,1],8,0.06974554061889649],[[776,222.69961547851563,47,1,9.16362878911059e-8,-6.685038553131588e-15,-9.16362878911059e-8,1,-2.7023883575338915e-8,4.2086703927143348e-15,2.7023883575338915e-8,1],8,0.08697843551635742],[[776,222.69961547851563,47,1,1.0341564404825476e-7,-7.12033767857152e-15,-1.0341564404825476e-7,1,-3.049765595619647e-8,3.966403723206554e-15,3.049765595619647e-8,1],8,0.10379195213317871],[[776,222.69961547851563,47,1,6.511122307983897e-8,-6.3173051283117648e-15,-6.511122307983897e-8,1,-1.9201536360924366e-8,5.06706967508784e-15,1.9201536360924366e-8,1],8,0.1198110580444336],[[776,222.69961547851563,47,1,2.68395261571186e-8,-5.961929490675907e-15,-2.68395261571186e-8,1,-7.915067712360724e-9,5.7494927804715819e-15,7.915067712360724e-9,1],8,0.137803316116333],[[776,222.69961547851563,47,1,-1.1399468924366829e-8,-6.039846357427936e-15,1.1399468924366829e-8,1,3.361760869680097e-9,6.00152404579531e-15,-3.361760869680097e-9,1],8,0.15976190567016602],[[775.8509521484375,222.69961547851563,47.06244659423828,0.9836447238922119,-5.034049266328111e-8,0.18011942505836488,4.695175093161197e-8,1,2.3077202371268869e-8,-0.18011942505836488,-1.4242846901879603e-8,0.9836447238922119],8,0.17307496070861817],[[775.6045532226563,222.69961547851563,47.154483795166019,0.915890634059906,-9.180998006286245e-8,0.40142789483070376,7.460629092292948e-8,1,5.8488154763836067e-8,-0.40142789483070376,-2.3619705302735384e-8,0.915890634059906],8,0.19228887557983399],[[775.3504638671875,222.69961547851563,47.23495101928711,0.814516544342041,-8.379868887686826e-8,0.5801402926445007,5.658409918396501e-8,1,6.500152949229232e-8,-0.5801402926445007,-2.0118104515631786e-8,0.814516544342041],8,0.20365190505981446],[[775.0921630859375,222.69961547851563,47.30086898803711,0.7037649154663086,-5.6883017407471928e-8,0.7104328870773315,2.9742283302880425e-8,1,5.060497798581309e-8,-0.7104328870773315,-1.4484111687806945e-8,0.7037649154663086],8,0.21999573707580567],[[774.8306884765625,222.69961547851563,47.352970123291019,0.5978816747665405,-2.8378529748351867e-8,0.8015843629837036,8.250513161556228e-9,1,2.9249196842329185e-8,-0.8015843629837036,-1.0874074973798998e-8,0.5978816747665405],8,0.23725175857543946],[[774.5667114257813,222.69961547851563,47.39011764526367,0.504329264163971,1.286465600713882e-9,0.8635114431381226,-8.597433875934258e-9,1,3.5314777768746809e-9,-0.8635114431381226,-9.205010087498522e-9,0.504329264163971],8,0.25299692153930666],[[774.3016357421875,222.69961547851563,47.419517517089847,0.4234246015548706,3.176225860102022e-8,0.9059313535690308,-2.186278180715817e-8,1,-2.484185834816799e-8,-0.9059313535690308,-9.287524527223923e-9,0.4234246015548706],8,0.2704286575317383],[[774.0360717773438,222.69961547851563,47.44398880004883,0.35395798087120058,6.279827147182005e-8,0.9352613091468811,-3.244354829234908e-8,1,-5.486661436293616e-8,-0.9352613091468811,-1.0922719617667554e-8,0.35395798087120058],8,0.2870197296142578],[[773.7702026367188,222.69961547851563,47.465396881103519,0.29450634121894839,9.421501800943588e-8,0.9556494951248169,-4.1047318433129479e-8,1,-8.59376996231731e-8,-0.9556494951248169,-1.3917651919825858e-8,0.29450634121894839],8,0.30270814895629885],[[773.504150390625,222.69961547851563,47.4840087890625,0.24400977790355683,1.0823157481354429e-7,0.9697727560997009,-4.143683796087316e-8,1,-1.011789336757829e-7,-0.9697727560997009,-1.5495668748144454e-8,0.24400977790355683],8,0.3197438716888428],[[773.238037109375,222.69961547851563,47.49983215332031,0.20155715942382813,6.92558899118012e-8,0.9794767498970032,-2.2723796178070189e-8,1,-6.603091406987005e-8,-0.9794767498970032,-8.948426888366612e-9,0.20155715942382813],8,0.3362457752227783],[[772.9716796875,222.69961547851563,47.51207733154297,0.16656410694122315,3.0165676179194637e-8,0.986030638217926,-6.366851934558326e-9,1,-2.9517527977418468e-8,-0.986030638217926,-1.3613459248773552e-9,0.16656410694122315],8,0.35412049293518069],[[772.705078125,222.69961547851563,47.52099609375,0.13810354471206666,-8.984621047147812e-9,0.9904177784919739,8.255594430295332e-9,1,7.920389677451567e-9,-0.9904177784919739,7.08265623927673e-9,0.13810354471206666],8,0.3695638179779053],[[772.4384765625,222.69961547851563,47.52704620361328,0.11512934416532517,-4.8158355525629307e-8,0.9933505058288574,2.1660438775938929e-8,1,4.597028180342022e-8,-0.9933505058288574,1.622387912902923e-8,0.11512934416532517],8,0.3863406181335449],[[772.171875,222.69961547851563,47.530303955078128,0.09683403372764588,-8.733199763355515e-8,0.9953005313873291,3.4260519754525379e-8,1,8.441109855539253e-8,-0.9953005313873291,2.592564918302287e-8,0.09683403372764588],8,0.40468692779541018],[[771.9052734375,222.6996307373047,47.53156280517578,0.08224926143884659,-9.234719300366123e-8,0.9966117739677429,3.385778057918287e-8,1,8.986690858137081e-8,-0.9966117739677429,2.6351575144190066e-8,0.08224926143884659],8,0.42122626304626467],[[771.638671875,222.69964599609376,47.53095245361328,0.070719875395298,-6.322933643332363e-8,0.9974961876869202,2.1395774041366168e-8,1,6.187114109934555e-8,-0.9974961876869202,1.6966684057706517e-8,0.070719875395298],8,0.43655920028686526],[[771.3720703125,222.69964599609376,47.528873443603519,0.061637673527002338,-3.4134849613565169e-8,0.998098611831665,9.467674644270119e-9,1,3.3615197736480698e-8,-0.998098611831665,7.377709998479531e-9,0.061637673527002338],8,0.453808069229126],[[771.10546875,222.69964599609376,47.52460861206055,0.05490695685148239,-5.065440067397731e-9,0.9984914660453796,-2.0849881821050077e-9,1,5.1877462325933269e-9,-0.9984914660453796,-2.366686402410778e-9,0.05490695685148239],8,0.47055697441101076],[[770.8388671875,222.69970703125,47.5188102722168,0.0500076487660408,2.3978193652851588e-8,0.9987488389015198,-1.3406215693123613e-8,1,-2.33369785718196e-8,-0.9987488389015198,-1.2222415080032079e-8,0.0500076487660408],8,0.48625802993774416],[[770.572265625,223.5728302001953,47.5128288269043,0.04547840356826782,5.299577665596189e-8,0.998965322971344,-2.455274916712824e-8,1,-5.193288998839307e-8,-0.998965322971344,-2.2165520974226639e-8,0.04547840356826782],3,0.5052099227905273],[[770.372314453125,224.1944580078125,47.506343841552737,0.04353842884302139,7.474184826605779e-8,0.9990517497062683,-3.2895119517206697e-8,1,-7.337922625083593e-8,-0.9990517497062683,-2.966910983559501e-8,0.04353842884302139],5,0.5243279933929443],[[770.0393676757813,225.16236877441407,47.49272537231445,0.04265177249908447,1.1095364271795916e-7,0.9990900158882141,-4.689535160196101e-8,1,-1.0905270642069809e-7,-0.9990900158882141,-4.220138549726471e-8,0.04265177249908447],5,0.5373761653900147],[[769.7730102539063,225.87539672851563,47.480010986328128,0.043099574744701388,1.3989516389756319e-7,0.9990707635879517,-5.8201834463034177e-8,1,-1.3751447625054426e-7,-0.9990707635879517,-5.222093335532918e-8,0.043099574744701388],5,0.5527384281158447],[[769.5732421875,226.37440490722657,47.469139099121097,0.044077709317207339,1.4517370061639668e-7,0.9990280866622925,-6.005927133401201e-8,1,-1.426650868552315e-7,-0.9990280866622925,-5.3712550851514609e-8,0.044077709317207339],5,0.5696797370910645],[[769.2406005859375,227.137939453125,47.44853973388672,0.046851661056280139,9.928663757818868e-8,0.9989018440246582,-4.0839900350420069e-8,1,-9.748026741362992e-8,-0.9989018440246582,-3.622793798285784e-8,0.046851661056280139],5,0.5860950946807861],[[769.041015625,227.55519104003907,47.43544006347656,0.0487372986972332,7.177688843285068e-8,0.9988116025924683,-2.926057796059922e-8,1,-7.043450978017063e-8,-0.9988116025924683,-2.579301927596589e-8,0.0487372986972332],5,0.6023774147033691],[[768.7083740234375,228.18247985839845,47.413394927978519,0.051713068038225177,2.5964901340103098e-8,0.998661994934082,-9.82774039925971e-9,1,-2.5490784594239814e-8,-0.998661994934082,-8.496384040768135e-9,0.051713068038225177],5,0.6198952198028565],[[768.4422607421875,228.6230010986328,47.39535903930664,0.05392744392156601,-1.0650644810539234e-8,0.9985448718070984,5.826743088022113e-9,1,1.0351486778858998e-8,-0.9985448718070984,5.26003507417272e-9,0.05392744392156601],5,0.6369409561157227],[[768.1761474609375,229.00901794433595,47.37724685668945,0.05588885024189949,-4.72357513103816e-8,0.9984369874000549,2.1560465413017483e-8,1,4.610281933992155e-8,-0.9984369874000549,1.8950132130157728e-8,0.05588885024189949],5,0.6547110080718994],[[767.9100341796875,229.3405303955078,47.35873794555664,0.057743728160858157,-8.37902689454495e-8,0.9983314275741577,3.736321119163222e-8,1,8.176921539870819e-8,-0.9983314275741577,3.2579208664174078e-8,0.057743728160858157],5,0.6694180965423584],[[767.6441650390625,229.6175537109375,47.33937454223633,0.05973079055547714,-1.2031414087232407e-7,0.9982145428657532,5.325114571519407e-8,1,1.1734292115761491e-7,-0.9982145428657532,4.614708259964573e-8,0.05973079055547714],5,0.6869208812713623],[[767.3782958984375,229.84007263183595,47.3190803527832,0.061913084238767627,-1.401862732564041e-7,0.9980815649032593,6.193929635855966e-8,1,1.3661350806160045e-7,-0.9980815649032593,5.336230657349006e-8,0.061913084238767627],5,0.7032134532928467],[[767.1124267578125,230.00808715820313,47.297855377197269,0.06427644193172455,-1.1019942292023188e-7,0.9979321360588074,4.872484637985508e-8,1,1.0728942356763582e-7,-0.9979321360588074,4.172790468714993e-8,0.06427644193172455],5,0.7210400104522705],[[766.8467407226563,230.12161254882813,47.27571105957031,0.0667973980307579,-8.023772579690558e-8,0.9977665543556213,3.54476696884376e-8,1,7.804422352819529e-8,-0.9977665543556213,3.015534844053036e-8,0.0667973980307579],5,0.7389073371887207],[[766.5811157226563,230.18063354492188,47.25263595581055,0.06945399940013886,-5.0301270704267156e-8,0.9975851774215698,2.2096187990428008e-8,1,4.8884650993841208e-8,-0.9975851774215698,1.8647593691412113e-8,0.06945399940013886],5,0.7539167404174805],[[766.3818969726563,230.1891326904297,47.23494338989258,0.07141859829425812,-2.78655551966267e-8,0.9974464178085327,1.2024521822695533e-8,1,2.7075920172592306e-8,-0.9974464178085327,1.0060092314745362e-8,0.07141859829425812],5,0.7693336009979248],[[766.0498657226563,230.1351776123047,47.204833984375,0.07462292164564133,9.49548351059093e-9,0.9972118139266968,-4.868860425943922e-9,1,-9.1576879412969e-9,-0.9972118139266968,-4.171911704986542e-9,0.07462292164564133],5,0.7867791652679443],[[765.7842407226563,230.03070068359376,47.180694580078128,0.0768788754940033,3.935555881184882e-8,0.9970404505729675,-1.8468366391743986e-8,1,-3.804834136644786e-8,-0.9970404505729675,-1.5488593518853123e-8,0.0768788754940033],5,0.8045709133148193],[[765.5186157226563,229.87171936035157,47.15655517578125,0.07880914211273194,6.919000838934153e-8,0.9968897104263306,-3.212120347484415e-8,1,-6.6866533643406e-8,-0.9968897104263306,-2.6751603598995645e-8,0.07880914211273194],5,0.8243923187255859],[[765.2529907226563,229.6582489013672,47.132415771484378,0.08046567440032959,9.899878250507754e-8,0.9967573881149292,-4.5810214288621867e-8,1,-9.562270264495965e-8,-0.9967573881149292,-3.796732528371649e-8,0.08046567440032959],5,0.8362529277801514],[[764.9873657226563,229.39027404785157,47.1082763671875,0.0818881094455719,1.287818918171979e-7,0.9966415166854858,-5.952183812496514e-8,1,-1.2432529672423699e-7,-0.9966415166854858,-4.914117113230532e-8,0.0818881094455719],5,0.8559591770172119],[[764.7217407226563,229.0677947998047,47.083740234375,0.08326996862888336,1.585393363257026e-7,0.9965270161628723,-7.326856632516865e-8,1,-1.5296953392862634e-7,-0.9965270161628723,-6.027633503435936e-8,0.08326996862888336],5,0.8773765563964844],[[764.4563598632813,228.69081115722657,47.05873107910156,0.0846882313489914,1.2084969114312117e-7,0.9964075088500977,-5.5922846797784589e-8,1,-1.1653232689923243e-7,-0.9964075088500977,-4.585302804116509e-8,0.0846882313489914],5,0.8865501880645752],[[764.1909790039063,228.2593231201172,47.033660888671878,0.08598927408456803,8.319254618527339e-8,0.9962960481643677,-3.851544150279551e-8,1,-8.017760677603292e-8,-0.9962960481643677,-3.147836835637463e-8,0.08598927408456803],5,0.9034876823425293],[[763.9255981445313,227.77334594726563,47.00859069824219,0.08712029457092285,4.556789434673192e-8,0.9961978197097778,-2.10528732225157e-8,1,-4.39006804242581e-8,-0.9961978197097778,-1.7148185094129077e-8,0.08712029457092285],5,0.9197587966918945],[[763.6602172851563,227.2328643798828,46.983123779296878,0.08825409412384033,7.975701876716812e-9,0.996097981929779,-3.5525828945282e-9,1,-7.692186443364335e-9,-0.996097981929779,-2.8598536871982107e-9,0.08825409412384033],5,0.9379417896270752],[[763.461181640625,226.79173278808595,46.96397399902344,0.08904513716697693,-2.019713996048722e-8,0.9960275888442993,9.596535122113892e-9,1,1.9419758245931008e-8,-0.9960275888442993,7.829178194640463e-9,0.08904513716697693],5,0.9528565406799316],[[763.1294555664063,225.9884033203125,46.931541442871097,0.090422123670578,-6.7111308510448e-8,0.9959035515785217,3.155714622948835e-8,1,6.452215473018441e-8,-0.9959035515785217,2.5593642760668446e-8,0.090422123670578],5,0.9688715934753418],[[762.8640747070313,225.284423828125,46.905540466308597,0.09142031520605087,-1.046061441911661e-7,0.9958124160766602,4.9156522408111417e-8,1,1.0053323507008827e-7,-0.9958124160766602,3.975989315563311e-8,0.09142031520605087],5,0.9867181777954102],[[762.6233520507813,224.52593994140626,46.881961822509769,0.091718390583992,-1.4206867149368919e-7,0.9957849979400635,6.669912977486092e-8,1,1.3652659447416227e-7,-0.9957849979400635,5.389599166960579e-8,0.091718390583992],5,1.0047070980072022],[[762.46875,223.92132568359376,46.866817474365237,0.09174962341785431,-1.3605784943138134e-7,0.9957821369171143,6.384220085919878e-8,1,1.3075185734123807e-7,-0.9957821369171143,5.157648885756316e-8,0.09174962341785431],5,1.024049997329712],[[762.2605590820313,222.84548950195313,46.8464241027832,0.09175682812929154,-9.765798836269824e-8,0.995781421661377,4.5765315093149186e-8,1,9.385463783928572e-8,-0.995781421661377,3.696044714729396e-8,0.09175682812929154],5,1.035663366317749],[[762.2199096679688,222.43270874023438,46.84244155883789,0.09175729006528855,-6.696762966384995e-8,0.995781421661377,3.131703607550662e-8,1,6.436559374378703e-8,-0.995781421661377,2.5278909632220349e-8,0.09175729006528855],7,1.054811716079712],[[762.218994140625,222.47628784179688,46.84235382080078,0.09175733476877213,-4.3967062879346489e-8,0.995781421661377,2.0488901242288194e-8,1,4.226535565976519e-8,-0.995781421661377,1.6524309032206476e-8,0.09175733476877213],7,1.0692179203033448],[[762.2189331054688,222.5823516845703,46.842350006103519,0.09175733476877213,-5.665532487597602e-9,0.995781421661377,2.4574202672766889e-9,1,5.4630930890198219e-9,-0.995781421661377,1.945774430467395e-9,0.09175733476877213],8,1.0870511531829835],[[762.2189331054688,222.62411499023438,46.842350006103519,0.09175733476877213,1.7295752385848574e-8,0.995781421661377,-8.352226466001867e-9,1,-1.659940096487844e-8,-0.995781421661377,-6.793874796073851e-9,0.09175733476877213],8,1.1016674041748047],[[762.2189331054688,222.6642608642578,46.842350006103519,0.09175733476877213,5.553187065743259e-8,0.995781421661377,-2.6352916293603813e-8,1,-5.333881247793215e-8,-0.995781421661377,-2.134751575511018e-8,0.09175733476877213],8,1.1213829517364503],[[762.2189331054688,222.68055725097657,46.842350006103519,0.09175733476877213,8.609136870063594e-8,0.995781421661377,-4.073963211226328e-8,1,-8.270210116734234e-8,-0.995781421661377,-3.297924422440701e-8,0.09175733476877213],8,1.1371891498565674],[[762.2189331054688,222.68948364257813,46.842350006103519,0.09175733476877213,1.0019875418265656e-7,0.995781421661377,-4.7355573684626509e-8,1,-9.625961183701293e-8,-0.995781421661377,-3.832327521990919e-8,0.09175733476877213],8,1.1531260013580323],[[762.2189331054688,222.69435119628907,46.842350006103519,0.09175733476877213,6.503712057792655e-8,0.995781421661377,-3.070035958785411e-8,1,-6.248372841355376e-8,-0.995781421661377,-2.4837506273911459e-8,0.09175733476877213],8,1.169969081878662],[[762.2189331054688,222.69700622558595,46.842350006103519,0.09175733476877213,2.9905532272778149e-8,0.995781421661377,-1.4059374109365308e-8,1,-2.8736712565091694e-8,-0.995781421661377,-1.1363259666552495e-8,0.09175733476877213],8,1.1871559619903565],[[762.0907592773438,222.69842529296876,46.82979965209961,0.09228630363941193,-5.195953001191356e-9,0.9957324862480164,2.564454648634751e-9,1,4.980543533150694e-9,-0.9957324862480164,2.093875073327922e-9,0.09228630363941193],8,1.205254077911377],[[761.8340454101563,222.69921875,46.806251525878909,0.09233566373586655,-4.026730948680779e-8,0.9957279562950134,1.9182168742304385e-8,1,3.8661273293882917e-8,-0.9957279562950134,1.5530407182495766e-8,0.09233566373586655],8,1.2259840965270997],[[761.568603515625,222.6996307373047,46.78251266479492,0.09197178483009339,-7.530874057692927e-8,0.9957616329193115,3.576352725076504e-8,1,7.232605270246495e-8,-0.9957616329193115,2.8959989961663269e-8,0.09197178483009339],8,1.2366502285003663],[[761.302978515625,222.6998748779297,46.760013580322269,0.0910671204328537,-1.1032044255898654e-7,0.9958447813987732,5.226367960631251e-8,1,1.0600140143424142e-7,-0.9958447813987732,4.2393267563056727e-8,0.0910671204328537],8,1.2554740905761719],[[761.037109375,222.70001220703126,46.73891067504883,0.08957743644714356,-7.711243199537421e-8,0.9959798455238342,3.639904733176991e-8,1,7.414999458887906e-8,-0.9959798455238342,2.961055223238418e-8,0.08957743644714356],8,1.2697372436523438],[[760.771240234375,222.7000732421875,46.719200134277347,0.08756527304649353,-4.393232799770885e-8,0.99615877866745,2.0580294801675337e-8,1,4.229266536981413e-8,-0.99615877866745,1.679787331454463e-8,0.08756527304649353],8,1.2862358093261719],[[760.505126953125,222.70010375976563,46.70087814331055,0.08510079979896546,-1.0780054182646382e-8,0.9963723421096802,4.846996137786164e-9,1,1.0405317496520184e-8,-0.9963723421096802,3.943912307846631e-9,0.08510079979896546],8,1.3033447265625],[[760.239013671875,222.70010375976563,46.685142517089847,0.08176618069410324,2.2344391226170047e-8,0.9966515302658081,-1.0762897240113034e-8,1,-2.1536465055760347e-8,-0.9966515302658081,-8.965904463309471e-9,0.08176618069410324],8,1.3213489055633546],[[760.101318359375,222.70010375976563,46.67719268798828,0.08066760748624802,5.5440839474840689e-8,0.9967410564422607,-2.6322421575741829e-8,1,-5.349179943436866e-8,-0.9967410564422607,-2.1921582771256e-8,0.08066760748624802],8,1.3381757736206055],[[760.0924072265625,222.70010375976563,46.67667770385742,0.08054058998823166,8.850904720247854e-8,0.9967513084411621,-4.189220348393974e-8,1,-8.541250196003603e-8,-0.9967513084411621,-3.487693334136566e-8,0.08054058998823166],8,1.3583142757415772],[[760.0922241210938,222.70010375976563,46.676666259765628,0.08052727580070496,9.708524828511145e-8,0.9967523813247681,-4.590704349993757e-8,1,-9.369275488779749e-8,-0.9967523813247681,-3.821313399043902e-8,0.08052727580070496],8,1.3698155879974366],[[760.0922241210938,223.99105834960938,46.676666259765628,0.08051316440105438,4.943710507632204e-8,0.9967535734176636,-2.331686843604075e-8,1,-4.77146926414207e-8,-0.9967535734176636,-1.9399509554318685e-8,0.08051316440105438],3,1.3906104564666749],[[760.0922241210938,224.5922393798828,46.676666259765628,0.08051053434610367,2.5635932487944048e-8,0.9967537522315979,-1.203308919173196e-8,1,-2.4747478732933815e-8,-0.9967537522315979,-1.0001594219488652e-8,0.08051053434610367],5,1.4093117713928223],[[760.0922241210938,225.1627655029297,46.676666259765628,0.08051001280546189,1.8500201370841297e-9,0.9967538118362427,-7.566444693019037e-10,1,-1.7949294273122974e-9,-0.9967538118362427,-6.096784743725436e-10,0.08051001280546189],5,1.4196641445159913],[[760.0922241210938,226.0455322265625,46.676666259765628,0.08050989359617233,-3.775929613425433e-8,0.9967538118362427,1.8021358627606788e-8,1,3.642664836434051e-8,-0.9967538118362427,1.5030151345740707e-8,0.08050989359617233],5,1.4373493194580079],[[760.0922241210938,226.6904296875,46.676666259765628,0.08050988614559174,-6.941628782897169e-8,0.9967538118362427,3.3029319723709708e-8,1,6.697451482295946e-8,-0.9967538118362427,2.7529990731522959e-8,0.08050988614559174],5,1.454857587814331],[[760.0674438476563,227.28082275390626,46.67823028564453,0.06732427328824997,-1.0104604086791369e-7,0.9977311491966248,4.685737664544831e-8,1,9.811400758508171e-8,-0.9977311491966248,4.014561127974048e-8,0.06732427328824997],5,1.4714720249176026],[[760.0029907226563,227.81671142578126,46.68244934082031,0.049632370471954349,-1.3264499898468785e-7,0.9987675547599793,5.963309490653046e-8,1,1.2984529007553648e-7,-0.9987675547599793,5.3115069675868656e-8,0.049632370471954349],5,1.4941987991333008],[[759.8989868164063,228.29811096191407,46.689476013183597,0.033080484718084338,-1.3186834735279263e-7,0.9994527101516724,5.754881726716121e-8,1,1.3003577237213904e-7,-0.9994527101516724,5.321567186911125e-8,0.033080484718084338],5,1.503295660018921],[[759.7553100585938,228.72500610351563,46.69934844970703,0.018590126186609269,-9.877455653395373e-8,0.9998272061347961,4.172716572270474e-8,1,9.801577505186288e-8,-0.9998272061347961,3.9897830816926219e-8,0.018590126186609269],5,1.5214495658874512],[[759.5720825195313,229.09739685058595,46.71217346191406,0.005936267785727978,-6.572479804844989e-8,0.9999823570251465,2.6658382168420759e-8,1,6.556770415500068e-8,-0.9999823570251465,2.626868500499313e-8,0.005936267785727978],5,1.5369579792022706],[[759.3491821289063,229.41529846191407,46.72801208496094,-0.005011917091906071,-3.2720400611196968e-8,0.9999874234199524,1.2205219057648265e-8,1,3.278198335010529e-8,-0.9999874234199524,1.2369365975928304e-8,-0.005011917091906071],5,1.5532727241516114],[[759.0910034179688,229.67869567871095,46.74654006958008,-0.014427989721298218,2.3850402208758228e-10,0.9998959302902222,-1.7580191746802143e-9,1,-2.6389621043954039e-10,-0.9998959302902222,-1.761643719788708e-9,-0.014427989721298218],5,1.5699124336242676],[[758.8251953125,229.88758850097657,46.765647888183597,-0.02251671440899372,3.315248520152636e-8,0.9997464418411255,-1.533976856649133e-8,1,-3.3506381669212718e-8,-0.9997464418411255,-1.6090334398199958e-8,-0.02251671440899372],5,1.5868566036224366],[[758.6257934570313,230.00848388671876,46.77998733520508,-0.02778715081512928,5.780908196584278e-8,0.999613881111145,-2.533191789666489e-8,1,-5.853558704416173e-8,-0.999613881111145,-2.6948672626758708e-8,-0.02778715081512928],5,1.6023640632629395],[[758.3599243164063,230.12200927734376,46.79910659790039,-0.03393912315368652,9.064714845408162e-8,0.9994239211082459,-3.845276808078779e-8,1,-9.200520167951254e-8,-0.9994239211082459,-4.155318933385388e-8,-0.03393912315368652],5,1.619126796722412],[[758.027587890625,230.18727111816407,46.82300567626953,-0.04053909331560135,1.3163626988443867e-7,0.9991779327392578,-5.4597872889416979e-8,1,-1.339597446303742e-7,-0.9991779327392578,-5.998359853265356e-8,-0.04053909331560135],5,1.6399710178375245],[[757.76171875,230.17816162109376,46.842124938964847,-0.04498746618628502,1.318687878892888e-7,0.9989875555038452,-5.403015990168569e-8,1,-1.34435580889658e-7,-0.9989875555038452,-6.002337471500141e-8,-0.04498746618628502],5,1.6609890460968018],[[757.5623168945313,230.1355743408203,46.85646438598633,-0.04785690829157829,1.0766859759314684e-7,0.9988542199134827,-4.370551209831319e-8,1,-1.0988611620632583e-7,-0.9988542199134827,-4.8914245098785616e-8,-0.04785690829157829],5,1.6691789627075196],[[757.22998046875,229.9964599609375,46.88036346435547,-0.05200284346938133,6.738117974691704e-8,0.9986469149589539,-2.6765196281530735e-8,1,-6.886622827551037e-8,-0.9986469149589539,-3.031022188793031e-8,-0.05200284346938133],5,1.686124324798584],[[756.964111328125,229.8238525390625,46.89948272705078,-0.05481228977441788,3.519179259114935e-8,0.9984966516494751,-1.3406630472445613e-8,1,-3.598072950694586e-8,-0.9984966516494751,-1.535866189783519e-8,-0.05481228977441788],5,1.7035846710205079],[[756.6982421875,229.5967559814453,46.918601989746097,-0.05720208212733269,3.0372255821475848e-9,0.9983626008033752,-1.8385924727137849e-10,1,-3.052741170961326e-9,-0.9983626008033752,-3.581813456943195e-10,-0.05720208212733269],5,1.7204704284667969],[[756.432373046875,229.31515502929688,46.937721252441409,-0.05925066024065018,-2.908349294727941e-8,0.9982431530952454,1.293319140671656e-8,1,2.990232772503987e-8,-0.9982431530952454,1.4682202120752664e-8,-0.05925066024065018],5,1.7364344596862794],[[756.2329711914063,229.0681915283203,46.95206069946289,-0.060585010796785358,-5.315233053693191e-8,0.9981630444526672,2.2716131198308177e-8,1,5.462893781782441e-8,-0.9981630444526672,2.5984096652109657e-8,-0.060585010796785358],5,1.7530219554901124],[[755.7007446289063,228.2597198486328,46.989444732666019,-0.0632496178150177,-1.172484545008956e-7,0.9979977607727051,4.865539793286189e-8,1,1.2056729303822068e-7,-0.9979977607727051,5.618381138106088e-8,-0.0632496178150177],5,1.7857301235198975],[[755.5676879882813,228.02354431152345,46.99860382080078,-0.06371825188398361,-1.3325308145795135e-7,0.9979678988456726,5.512367806659313e-8,1,1.370439548509239e-7,-0.9979678988456726,6.374386174456959e-8,-0.06371825188398361],5,1.7915194034576417],[[755.3681030273438,227.64373779296876,47.01197814941406,-0.06413383781909943,-1.4095816425196973e-7,0.9979413151741028,5.814124293124223e-8,1,1.449854636348391e-7,-0.9979413151741028,6.732002333365017e-8,-0.06413383781909943],5,1.8031065464019776],[[755.1019897460938,227.08963012695313,47.02931594848633,-0.06433404237031937,-1.0780792081277468e-7,0.9979284405708313,4.434119205143361e-8,1,1.1089028362221143e-7,-0.9979284405708313,5.138335623655621e-8,-0.06433404237031937],5,1.819674015045166],[[754.8358764648438,226.48101806640626,47.04618835449219,-0.06424977630376816,-7.468618434813834e-8,0.9979338645935059,3.0587141708338098e-8,1,7.681010316673565e-8,-0.9979338645935059,3.545897442336354e-8,-0.06424977630376816],5,1.8388311862945557],[[754.5697631835938,225.8179168701172,47.06179428100586,-0.06360884755849838,-4.159165811756793e-8,0.9979749321937561,1.687141626405264e-8,1,4.275140597087557e-8,-0.9979749321937561,1.95566176586226e-8,-0.06360884755849838],5,1.8531579971313477],[[754.3034057617188,225.10031127929688,47.07640838623047,-0.06250880658626557,-8.522625272178175e-9,0.9980444312095642,3.1495746011245275e-9,1,8.736586565305516e-9,-0.9980444312095642,3.689528904615713e-9,-0.06250880658626557],5,1.8692612648010255],[[754.0370483398438,224.3282012939453,47.089298248291019,-0.06074150651693344,2.4522561758999474e-8,0.9981535077095032,-1.0617343448870998e-8,1,-2.5214031751374934e-8,-0.9981535077095032,-1.2129277138228645e-8,-0.06074150651693344],5,1.8868610858917237],[[753.7706298828125,223.50160217285157,47.09953308105469,-0.05794491618871689,5.754645115985113e-8,0.9983198046684265,-2.4497794015587716e-8,1,-5.906521494125627e-8,-0.9983198046684265,-2.7879160313659669e-8,-0.05794491618871689],5,1.9049172401428223],[[753.5040283203125,222.62049865722657,47.10777282714844,-0.02573510818183422,9.13946962555201e-8,0.9996687769889832,-3.9366625514958289e-8,1,-9.243841958550547e-8,-0.9996687769889832,-4.173249834593662e-8,-0.02573510818183422],5,1.9238295555114747],[[753.2374267578125,221.6848907470703,47.11494445800781,-0.026373475790023805,1.2433655172117143e-7,0.9996521472930908,-5.41600364556416e-8,1,-1.2580869679368335e-7,-0.9996521472930908,-5.7459210722754508e-8,-0.026373475790023805],5,1.943894386291504],[[752.9041748046875,220.5582275390625,47.12373733520508,-0.02635725401341915,7.601435214610319e-8,0.9996525645256043,-3.3541297739247969e-8,1,-7.692513293022785e-8,-0.9996525645256043,-3.5557182087586628e-8,-0.02635725401341915],7,1.958953619003296],[[752.7708740234375,220.46644592285157,47.127254486083987,-0.02635509893298149,5.6699587247521779e-8,0.999652624130249,-2.53000251859703e-8,1,-5.738630548535184e-8,-0.999652624130249,-2.6803659736174269e-8,-0.02635509893298149],7,1.970186471939087],[[752.4376220703125,220.53536987304688,47.13604736328125,-0.026355037465691568,8.448600041788268e-9,0.999652624130249,-4.712261691963704e-9,1,-8.575770316099352e-9,-0.999652624130249,-4.9366395415972878e-9,-0.026355037465691568],8,1.9866154193878174],[[752.1710205078125,220.60462951660157,47.14308166503906,-0.026355279609560968,-3.011507843098116e-8,0.999652624130249,1.1742108618761904e-8,1,3.043511753730854e-8,-0.999652624130249,1.254015558060928e-8,-0.026355279609560968],8,2.0030500888824465],[[751.9044189453125,220.64723205566407,47.150115966796878,-0.028101643547415735,-6.862384793748788e-8,0.9996050596237183,2.8114301997561598e-8,1,6.944132735497988e-8,-0.9996050596237183,3.005461479688165e-8,-0.028101643547415735],8,2.0203797817230226],[[751.6378173828125,220.6711883544922,47.15754699707031,-0.035084761679172519,-1.0690998664131257e-7,0.999384343624115,4.419982602144046e-8,1,1.085275442846978e-7,-0.999384343624115,4.798027575247943e-8,-0.035084761679172519],8,2.0378990173339845],[[751.4378662109375,220.6817626953125,47.16429901123047,-0.03683004528284073,-8.471499057804977e-8,0.9993215203285217,3.5089982475255968e-8,1,8.606574652958443e-8,-0.9993215203285217,3.8235977939393709e-8,-0.03683004528284073],8,2.052663803100586],[[751.1712646484375,220.6901397705078,47.17403793334961,-0.03683004528284073,-5.5255636510764819e-8,0.9993215203285217,2.2952606926196496e-8,1,5.6139068504990067e-8,-0.9993215203285217,2.500463835986011e-8,-0.03683004528284073],8,2.0686988830566408],[[750.8380126953125,220.69544982910157,47.186317443847659,-0.03683004528284073,-1.846684227757578e-8,0.9993215203285217,7.795474488148102e-9,1,1.8766682430282345e-8,-0.9993215203285217,8.481364055512586e-9,-0.03683004528284073],8,2.08622670173645],[[750.5714111328125,220.6975860595703,47.196144104003909,-0.03857557848095894,1.0950735429560155e-8,0.9992556571960449,-4.266374364902958e-9,1,-1.1123592713602193e-8,-0.9992556571960449,-4.692297661534894e-9,-0.03857557848095894],8,2.105724334716797],[[750.3716430664063,220.69851684570313,47.20379638671875,-0.04032111540436745,3.297806827617933e-8,0.9991867542266846,-1.3266846288217949e-8,1,-3.354027811042215e-8,-0.9991867542266846,-1.4608438902996568e-8,-0.04032111540436745],8,2.1260135173797609],[[750.0386962890625,220.6993865966797,47.2171630859375,-0.04381192475557327,6.962135046251206e-8,0.9990397691726685,-2.8124297557496903e-8,1,-7.092162945809832e-8,-0.9990397691726685,-3.1204507422444297e-8,-0.04381192475557327],8,2.137406826019287],[[749.7723388671875,220.69972229003907,47.22870635986328,-0.047301724553108218,9.883930829346355e-8,0.9988806247711182,-3.989438823737146e-8,1,-1.0083925872095279e-7,-0.9988806247711182,-4.461960401158649e-8,-0.047301724553108218],8,2.1532742977142336],[[749.5059814453125,220.69992065429688,47.24117660522461,-0.05079106613993645,8.018569985779323e-8,0.9987093210220337,-3.230298162293366e-8,1,-8.193215705887269e-8,-0.9987093210220337,-3.64227119575844e-8,-0.05079106613993645],8,2.1701202392578127],[[749.2396240234375,220.7000274658203,47.25457763671875,-0.057767607271671298,4.5521609592924509e-8,0.9983300566673279,-1.8551187253024183e-8,1,-4.667120379053813e-8,-0.9983300566673279,-2.1216290946313167e-8,-0.057767607271671298],8,2.1864686012268068],[[748.973388671875,220.70008850097657,47.26970291137695,-0.06648433953523636,1.0956320295463229e-8,0.9977874755859375,-5.119352941562738e-9,1,-1.1321726667290477e-8,-0.9977874755859375,-5.860743446106653e-9,-0.06648433953523636],8,2.2039527893066408],[[748.7738037109375,220.70010375976563,47.28266525268555,-0.07519564777612686,-1.4859700137037635e-8,0.997168779373169,4.715245083275477e-9,1,1.525746284869456e-8,-0.997168779373169,5.849190465312404e-9,-0.07519564777612686],8,2.219670534133911],[[748.4414672851563,220.70010375976563,47.307369232177737,-0.08042019605636597,-5.773286559929147e-8,0.9967610239982605,2.0860069227524037e-8,1,5.9603490143445018e-8,-0.9967610239982605,2.5585828566931924e-8,-0.08042019605636597],8,2.2367935180664064],[[748.1755981445313,220.70010375976563,47.328609466552737,-0.08042019605636597,-9.202310735645369e-8,0.9967610239982605,3.376351287442958e-8,1,9.504622511258276e-8,-0.9967610239982605,4.129779185291227e-8,-0.08042019605636597],8,2.253060817718506],[[747.9097290039063,220.70010375976563,47.35004806518555,-0.08042019605636597,-9.261791689141319e-8,0.9967610239982605,3.4197523035572888e-8,1,9.567798286980178e-8,-0.9967610239982605,4.178119894504562e-8,-0.08042019605636597],8,2.270129680633545],[[747.6438598632813,220.70010375976563,47.37148666381836,-0.08042019605636597,-5.9560456122653707e-8,0.9967610239982605,2.217807626436752e-8,1,6.15433535244847e-8,-0.9967610239982605,2.7055570228640137e-8,-0.08042019605636597],8,2.286241292953491],[[747.3779907226563,220.70010375976563,47.39292526245117,-0.08042019605636597,-2.6531234098570168e-8,0.9967610239982605,1.0168900388407565e-8,1,2.7437888405756895e-8,-0.9967610239982605,1.2342524335906547e-8,-0.08042019605636597],8,2.3033101558685304],[[747.1121215820313,220.70010375976563,47.414363861083987,-0.08042019605636597,6.469773161654757e-9,0.9967610239982605,-1.83001191977894e-9,1,-6.638444904893959e-9,-0.9967610239982605,-2.357949613340793e-9,-0.08042019605636597],8,2.3197181224823],[[746.8462524414063,220.70010375976563,47.4358024597168,-0.08042019605636597,3.94425896388384e-8,0.9967610239982605,-1.3818671540377636e-8,1,-4.068566994419598e-8,-0.9967610239982605,-1.7045863387465944e-8,-0.08042019605636597],8,2.3371434211730959],[[746.6468505859375,220.70010375976563,47.451881408691409,-0.08042019605636597,6.415371700541073e-8,0.9967610239982605,-2.2803442689678378e-8,1,-6.620199854978637e-8,-0.9967610239982605,-2.8053561251795146e-8,-0.08042019605636597],8,2.3522074222564699],[[746.3677368164063,220.70010375976563,47.31413269042969,-0.07519624382257462,1.0544985684646235e-7,0.997168779373169,-3.798770720209177e-8,1,-1.0861390364880208e-7,-0.997168779373169,-4.6047514246083668e-8,-0.07519624382257462],8,2.3721413612365724],[[746.1651000976563,220.70010375976563,47.14141845703125,-0.06299836933612824,7.367326304574817e-8,0.9980136156082153,-2.6846675993397186e-8,1,-7.551455638576954e-8,-0.9980136156082153,-3.155064476345615e-8,-0.06299836933612824],8,2.3945364952087404],[[745.9646606445313,220.70010375976563,46.96549606323242,-0.04730173200368881,4.1856019095121158e-8,0.9988806247711182,-1.5196665259509247e-8,1,-4.262255615117283e-8,-0.9988806247711182,-1.7195775470213449e-8,-0.04730173200368881],8,2.40317440032959],[[745.7669677734375,220.70010375976563,46.78653335571289,-0.012384549714624882,1.0154568741427284e-8,0.9999232888221741,-2.4158626210635249e-9,1,-1.0185269516682638e-8,-0.9999232888221741,-2.541817423207249e-9,-0.012384549714624882],8,2.4204351902008058],[[745.5751342773438,220.70010375976563,46.60132598876953,0.01556205004453659,-2.2027302648552906e-8,0.9998788833618164,1.1254680742922574e-8,1,2.1854804188592426e-8,-0.9998788833618164,1.0913212555863084e-8,0.01556205004453659],8,2.4374964237213136],[[745.3887329101563,220.70010375976563,46.41064453125,0.04175107181072235,-5.4527028225948018e-8,0.9991280436515808,2.5747507237383617e-8,1,5.349869169890553e-8,-0.9991280436515808,2.3491429246291774e-8,0.04175107181072235],8,2.454014301300049],[[745.2074584960938,220.70010375976563,46.21509552001953,0.06093922257423401,-8.716215660342641e-8,0.9981414675712586,4.083271676336153e-8,1,8.48315053758597e-8,-0.9981414675712586,3.558726291430503e-8,0.06093922257423401],8,2.4716362953186037],[[745.0301513671875,220.70010375976563,46.01591491699219,0.0679117888212204,-1.0267000050134811e-7,0.9976913332939148,4.817465537598764e-8,1,9.962838021237985e-8,-0.9976913332939148,4.129749342496325e-8,0.0679117888212204],8,2.4874770641326906],[[744.8546752929688,220.70010375976563,45.8151741027832,0.0679117888212204,-6.722486745047718e-8,0.9976913332939148,3.167425788319633e-8,1,6.522439122136348e-8,-0.9976913332939148,2.717162672638551e-8,0.0679117888212204],8,2.5037760734558107],[[744.6793823242188,220.70010375976563,45.6142463684082,0.0679117888212204,-3.181002838914537e-8,0.9976913332939148,1.5187954005568828e-8,1,3.084981159418021e-8,-0.9976913332939148,1.305782326710414e-8,0.0679117888212204],8,2.5196216106414797],[[744.5040893554688,220.70010375976563,45.4133186340332,0.0679117888212204,3.5745382209739775e-9,0.9976913332939148,-1.284267581169729e-9,1,-3.4953910876822649e-9,-0.9976913332939148,-1.043924280352826e-9,0.0679117888212204],8,2.536863088607788],[[744.3287963867188,220.70010375976563,45.2123908996582,0.0696544274687767,3.8930682677573716e-8,0.9975711703300476,-1.7802332052951898e-8,1,-3.7782438511158037e-8,-0.9975711703300476,-1.512737846098844e-8,0.0696544274687767],8,2.5533859729766847],[[744.1537475585938,220.70010375976563,45.01119613647461,0.06616918742656708,7.420172210004239e-8,0.9978083968162537,-3.4186506070454928e-8,1,-7.209763452920015e-8,-0.9978083968162537,-2.9340942120370529e-8,0.06616918742656708],8,2.569155693054199],[[743.978271484375,220.70010375976563,44.810482025146487,0.055708665400743487,1.0918407866711277e-7,0.998447060585022,-5.019646565074254e-8,1,-1.0655317339569592e-7,-0.998447060585022,-4.418257759652988e-8,0.055708665400743487],8,2.5871756076812746],[[743.84521484375,220.70010375976563,44.661136627197269,0.04698682576417923,8.456521527477889e-8,0.998895525932312,-3.876583321016369e-8,1,-8.283522845431435e-8,-0.998895525932312,-3.4830851092237938e-8,0.04698682576417923],8,2.602717876434326],[[743.666015625,220.70010375976563,44.463680267333987,0.04698682576417923,5.228424981851276e-8,0.998895525932312,-2.3536381732469637e-8,1,-5.123493806991064e-8,-0.998895525932312,-2.110301799973513e-8,0.04698682576417923],8,2.6187422275543215],[[743.3679809570313,220.70010375976563,44.37358856201172,0.04698682576417923,1.1971820867984207e-8,0.998895525932312,-4.5178660812439379e-9,1,-1.1772543828669768e-8,-0.998895525932312,-3.959721883717293e-9,0.04698682576417923],8,2.6382339000701906],[[743.1021118164063,220.70010375976563,44.36013412475586,0.04698682576417923,-2.0247119536520587e-8,0.998895525932312,1.0682320805699419e-8,1,1.976702357353588e-8,-0.998895525932312,9.741731865631209e-9,0.04698682576417923],8,2.660601854324341],[[742.90234375,220.70010375976563,44.3507194519043,0.04698682576417923,-4.439325707039643e-8,0.998895525932312,2.207393556830084e-8,1,4.340401105196179e-8,-0.998895525932312,2.0010139323289878e-8,0.04698682576417923],8,2.669484853744507],[[742.6581420898438,220.70010375976563,44.32415771484375,-0.03723492845892906,-0.0001361459871986881,0.9993065595626831,0.000008370628165721428,1,0.00013655236398335546,-0.9993065595626831,0.000013449340258375742,-0.03723492845892906],8,2.6862893104553224],[[742.5932006835938,220.70010375976563,44.281497955322269,-0.038261763751506808,0.000023173070076154546,0.9992677569389343,-0.00003335109795443714,1,-0.000024467057301080787,-0.9992677569389343,-0.000034262830013176429,-0.038261763751506808],8,2.702191114425659],[[742.5276489257813,220.69949340820313,44.209983825683597,-0.08520705252885819,0.0011820035288110376,0.996362566947937,-0.00012717675417661667,0.9999992847442627