[[[776,222.69961547851563,47,1,1.694262330431684e-8,2.399378371225995e-15,-1.694262330431684e-8,1,8.154549391292676e-8,-1.017783777992453e-15,-8.154549391292676e-8,1],8,0.00639653205871582],[[776,222.69961547851563,47,1,1.1470970839866368e-8,2.099276080321454e-15,-1.1470970839866368e-8,1,5.521022927723607e-8,-1.46596108648332e-15,-5.521022927723607e-8,1],8,0.028036117553710939],[[776,222.69961547851563,47,1,4.18089163289892e-9,1.922773472354971e-15,-4.18089163289892e-9,1,2.012279942675832e-8,-1.8386421366271747e-15,-2.012279942675832e-8,1],8,0.03845381736755371],[[776,222.69961547851563,47,1,-3.1029572244989369e-9,2.001716943039072e-15,3.1029572244989369e-9,1,-1.493464729662719e-8,-1.9553753469783157e-15,1.493464729662719e-8,1],8,0.05505776405334473],[[776,222.69961547851563,47,1,-1.0380579951174696e-8,2.335525639530177e-15,1.0380579951174696e-8,1,-4.9962139314629897e-8,-1.816889483508737e-15,4.9962139314629897e-8,1],8,0.07231640815734863],[[776,222.69961547851563,47,1,-1.76519829864219e-8,2.9235547579971887e-15,1.76519829864219e-8,1,-8.49597086016729e-8,-1.423847561257902e-15,8.49597086016729e-8,1],8,0.08767509460449219],[[776,222.69961547851563,47,1,-2.135299403960289e-8,3.3678165508102544e-15,2.135299403960289e-8,1,-1.0277283735149467e-7,-1.1733088738663544e-15,1.0277283735149467e-7,1],8,0.10568785667419434],[[776,222.69961547851563,47,1,-1.4362877109874717e-8,2.8587169269837138e-15,1.4362877109874717e-8,1,-6.912910777145953e-8,-1.8658240591792756e-15,6.912910777145953e-8,1],8,0.12174081802368164],[[775.7766723632813,222.69961547851563,47.03489303588867,-0.99958336353302,1.4607087983620204e-8,0.02886444702744484,1.1350075546090466e-8,1,-1.1300204505459988e-7,-0.02886444702744484,-1.1262734744832415e-7,-0.99958336353302],8,0.14114642143249513],[[775.5803833007813,222.69961547851563,47.06556701660156,-0.9940966963768005,5.400092595309047e-10,-0.10849767178297043,1.012528638710819e-8,1,-8.779453253282554e-8,0.10849767178297043,-8.837482567969346e-8,-0.9940966963768005],8,0.16186761856079102],[[775.3170166015625,222.69961547851563,47.10672378540039,-0.9988081455230713,1.3561626488467482e-8,-0.048808783292770389,1.621501510840062e-8,1,-5.396697133619455e-8,0.048808783292770389,-5.469408392855257e-8,-0.9988081455230713],8,0.17157840728759767],[[775.0512084960938,222.69961547851563,47.12577438354492,-0.9998213648796082,2.555366940271142e-8,0.018899446353316308,2.5168413131382296e-8,1,-2.0622387353341766e-8,-0.018899446353316308,-2.0143033907515929e-8,-0.9998213648796082],8,0.18804097175598145],[[774.718017578125,222.69961547851563,47.12285614013672,-0.9984050393104553,3.673404336268504e-8,0.05645729601383209,3.7956706222530559e-8,1,2.0584069559959063e-8,-0.05645729601383209,2.269417187505951e-8,-0.9984050393104553],8,0.20606708526611329],[[774.45166015625,222.69961547851563,47.10935974121094,-0.9977655410766602,4.4842764168606666e-8,0.0668124407529831,4.8519751771891609e-8,1,5.3411845613027256e-8,-0.0668124407529831,5.653422618934201e-8,-0.9977655410766602],8,0.224351167678833],[[774.2520751953125,222.69961547851563,47.0964241027832,-0.9977660179138184,5.1097938325028738e-8,0.06680561602115631,5.643581957315291e-8,1,7.80145086309858e-8,-0.06680561602115631,8.161045172982995e-8,-0.9977660179138184],8,0.2438650131225586],[[773.91943359375,222.69961547851563,47.074180603027347,-0.9972743988037109,4.540745379699729e-8,0.07378153502941132,5.197972186010702e-8,1,8.715720412055816e-8,-0.07378153502941132,9.075478857312192e-8,-0.9972743988037109],8,0.25567173957824709],[[773.7200317382813,222.69961547851563,47.059688568115237,-0.9972744584083557,2.836269885619913e-8,0.07378130406141281,3.318156416298734e-8,1,6.408706099136907e-8,-0.07378130406141281,6.636057037212595e-8,-0.9972744584083557],8,0.27287840843200686],[[773.4541625976563,222.69961547851563,47.0400276184082,-0.9972744584083557,5.653313372988578e-9,0.07378130406141281,8.136084694854162e-9,1,3.334986686809316e-8,-0.07378130406141281,3.3859258508073256e-8,-0.9972744584083557],8,0.28752565383911135],[[773.1882934570313,222.69961547851563,47.02035903930664,-0.9972744584083557,-1.7036679622606245e-8,0.07378130406141281,-1.68880056605758e-8,1,2.6389186391639898e-9,-0.07378130406141281,1.3857069935951927e-9,-0.9972744584083557],8,0.30663132667541506],[[772.9224243164063,222.69961547851563,47.00069046020508,-0.9972744584083557,-3.9707295229618469e-8,0.07378130406141281,-4.189072555504936e-8,1,-2.8045803901477485e-8,-0.07378130406141281,-3.1060114480396808e-8,-0.9972744584083557],8,0.328930139541626],[[772.6565551757813,222.69961547851563,46.981021881103519,-0.996735155582428,-6.214075654042972e-8,0.08074084669351578,-6.708548028200312e-8,1,-5.852918860682621e-8,-0.08074084669351578,-6.375463357244371e-8,-0.996735155582428],8,0.34072256088256838],[[772.3906860351563,222.69961547851563,46.95976257324219,-0.9961468577384949,-7.240804222874431e-8,0.0877007246017456,-7.936003498798527e-8,1,-7.578287153364727e-8,-0.0877007246017456,-8.245080351798606e-8,-0.9961468577384949],8,0.36090874671936037],[[772.0586547851563,222.69961547851563,46.93081283569336,-0.9953430891036987,-4.0397232226041527e-8,0.09639570862054825,-4.5312358309956838e-8,1,-4.88000218012985e-8,-0.09639570862054825,-5.294068117223105e-8,-0.9953430891036987],8,0.37500953674316409],[[771.8595581054688,222.69961547851563,46.911865234375,-0.9946444630622864,-2.1269109140575894e-8,0.10335568338632584,-2.4788553432131267e-8,1,-3.2767317748039207e-8,-0.10335568338632584,-3.5153867372628159e-8,-0.9946444630622864],8,0.3883216381072998],[[771.5942993164063,222.69961547851563,46.88459396362305,-0.994089663028717,3.9056406997417529e-9,0.10856235772371292,2.6675306408208145e-9,1,-1.1549822431788926e-8,-0.10856235772371292,-1.1191965576529128e-8,-0.994089663028717],8,0.4050164222717285],[[771.3291625976563,222.69961547851563,46.855857849121097,-0.9935072064399719,2.893326644937133e-8,0.11376936733722687,3.021085603904794e-8,1,9.5055225912688e-9,-0.11376936733722687,1.2880875033260964e-8,-0.9935072064399719],8,0.4212672710418701],[[771.0642700195313,222.69961547851563,46.82573318481445,-0.9922593235969544,5.374428724280733e-8,0.12418285012245178,5.794977298023696e-8,1,3.02530942519752e-8,-0.12418285012245178,3.721528329947432e-8,-0.9922593235969544],8,0.4396181106567383],[[770.7996215820313,222.69961547851563,46.79302978515625,-0.9899399280548096,7.801270385243697e-8,0.1414884775876999,8.602268053437001e-8,1,5.049587770145081e-8,-0.1414884775876999,6.215910275386705e-8,-0.9899399280548096],8,0.45458054542541506],[[770.5355834960938,222.69961547851563,46.7559814453125,-0.9853016138076782,7.431950876934934e-8,0.17082372307777406,8.430713904772347e-8,1,5.121334467617089e-8,-0.17082372307777406,6.486224890522863e-8,-0.9853016138076782],8,0.47212934494018557],[[770.272705078125,222.69961547851563,46.71159362792969,-0.984393835067749,4.54610287192736e-8,0.1759795993566513,5.2159816021912778e-8,1,3.344008447925262e-8,-0.1759795993566513,4.209727677562114e-8,-0.984393835067749],8,0.48770952224731448],[[770.0101928710938,222.69961547851563,46.664894104003909,-0.984393835067749,1.6967479865570568e-8,0.1759795993566513,2.0039939485627657e-8,1,1.568200858059754e-8,-0.1759795993566513,1.896389356659256e-8,-0.984393835067749],8,0.5044856071472168],[[769.7477416992188,222.6655731201172,46.61797332763672,-0.984393835067749,-1.1501742669395299e-8,0.1759795993566513,-1.2052511877413963e-8,1,-2.0608961204260369e-9,-0.1759795993566513,-4.149729448954531e-9,-0.984393835067749],8,0.5195698738098145],[[769.4852905273438,222.5770263671875,46.57105255126953,-0.9846994280815125,-3.9953867769781939e-8,0.17426134645938874,-4.408655840393294e-8,1,-1.9844572207716739e-8,-0.17426134645938874,-2.722352299144859e-8,-0.9846994280815125],8,0.5378241539001465],[[769.2228393554688,222.43397521972657,46.524131774902347,-0.9846994280815125,-6.83744616480908e-8,0.17426134645938874,-7.609322949519992e-8,1,-3.7613052228380187e-8,-0.17426134645938874,-5.0297657594455816e-8,-0.9846994280815125],8,0.5557742118835449],[[768.894775390625,223.51771545410157,46.46548080444336,-0.9846994280815125,-1.0386604287759838e-7,0.17426134645938874,-1.1606309868739118e-7,1,-5.980228934276966e-8,-0.17426134645938874,-7.911259558568418e-8,-0.9846994280815125],3,0.5796549320220947],[[768.6973876953125,224.12911987304688,46.433353424072269,-0.971872091293335,-1.248821774879616e-7,0.23550936579704286,-1.44075329444604e-7,1,-6.428882670661551e-8,-0.23550936579704286,-9.641160403361937e-8,-0.971872091293335],5,0.5956416130065918],[[768.4326782226563,224.89663696289063,46.401275634765628,-0.9348940849304199,-9.816820778496549e-8,0.3549269139766693,-1.1887219386608194e-7,1,-3.65277870173486e-8,-0.3549269139766693,-7.634054810523594e-8,-0.9348940849304199],5,0.6112165451049805],[[767.96728515625,226.10867309570313,46.3666877746582,-0.8281452655792236,-5.371926192765386e-8,0.5605135560035706,-6.742642000290289e-8,1,-3.7815461872980908e-9,-0.5605135560035706,-4.09250944244377e-8,-0.8281452655792236],5,0.634650707244873],[[767.6340942382813,226.87220764160157,46.36015701293945,-0.7247322201728821,-2.306816426767e-8,0.6890305876731873,-2.720533487376997e-8,1,4.864199265597335e-9,-0.6890305876731873,-1.5220066984511506e-8,-0.7247322201728821],5,0.6532127857208252],[[767.4341430664063,227.28945922851563,46.35957717895508,-0.6615760922431946,-4.882156900976042e-9,0.7498780488967896,-2.856769487635802e-9,1,3.990230368344783e-9,-0.7498780488967896,4.976122291999729e-10,-0.6615760922431946],5,0.6678869724273682],[[767.1675415039063,227.798095703125,46.36180114746094,-0.5829923748970032,1.9278598273331228e-8,0.8124776482582092,2.9022640291032077e-8,1,-2.902997398024354e-9,-0.8124776482582092,2.1887821333166359e-8,-0.5829923748970032],5,0.6843211650848389],[[766.9675903320313,228.14381408691407,46.36634063720703,-0.529362142086029,3.737960696525988e-8,0.8483960032463074,5.2274025108545177e-8,1,-1.1442438108133502e-8,-0.8483960032463074,3.829187988912963e-8,-0.529362142086029],5,0.6936049461364746],[[766.7676391601563,228.45887756347657,46.37286376953125,-0.48102322220802309,5.548142922862098e-8,0.8767078518867493,7.491872366927055e-8,1,-2.2178179293064205e-8,-0.8767078518867493,5.501361499682389e-8,-0.48102322220802309],5,0.7061111927032471],[[766.56787109375,228.7432861328125,46.38340759277344,-0.43829378485679629,7.358849529737199e-8,0.8988317847251892,9.701155789798577e-8,1,-3.456590391692771e-8,-0.8988317847251892,7.204705099184139e-8,-0.43829378485679629],5,0.7228865623474121],[[766.3019409179688,229.07479858398438,46.4029541015625,-0.3892667293548584,9.773744835683829e-8,0.921125054359436,1.2574804486575886e-7,1,-5.296557148426473e-8,-0.921125054359436,9.521195210027145e-8,-0.3892667293548584],5,0.7450499534606934],[[766.0362548828125,229.35182189941407,46.42526626586914,-0.3474966883659363,1.0931346849929469e-7,0.9376811981201172,1.378950713615268e-7,1,-6.547575992499333e-8,-0.9376811981201172,1.0654900961526437e-7,-0.3474966883659363],5,0.7547171115875244],[[765.7706298828125,229.5743408203125,46.449119567871097,-0.31193870306015017,8.317389443845969e-8,0.9501022100448608,1.0276328765712606e-7,1,-5.3802679644832099e-8,-0.9501022100448608,8.085248737188522e-8,-0.31193870306015017],5,0.772101879119873],[[765.3721923828125,229.80593872070313,46.485836029052737,-0.26688864827156069,4.3994546672365689e-8,0.9637273550033569,5.1770598474831789e-8,1,-3.131337678041746e-8,-0.9637273550033569,4.153555721586599e-8,-0.26688864827156069],5,0.7971048355102539],[[765.1068115234375,229.8922119140625,46.51155090332031,-0.24246160686016084,1.790470882667705e-8,0.9701610207557678,1.876355959495868e-8,1,-1.376602920544201e-8,-0.9701610207557678,1.4865939590436028e-8,-0.24246160686016084],5,0.8129546642303467],[[764.8414306640625,229.92398071289063,46.53746795654297,-0.2220727801322937,-8.156154862604126e-9,0.9750300645828247,-1.3613510319032685e-8,1,5.26441734649552e-9,-0.9750300645828247,-1.210449962485427e-8,-0.2220727801322937],5,0.8312253952026367],[[764.6423950195313,229.9120330810547,46.55718994140625,-0.20892652869224549,-2.7681208436547423e-8,0.9779313206672669,-3.756904476404088e-8,1,2.0279582457760627e-8,-0.9779313206672669,-3.2503002955763807e-8,-0.20892652869224549],5,0.8467953205108643],[[764.443359375,229.86944580078126,46.57697296142578,-0.19734245538711549,-4.7187967311401738e-8,0.9803346395492554,-6.129742047278342e-8,1,3.5795313380049268e-8,-0.9803346395492554,-5.3028049507020117e-8,-0.19734245538711549],5,0.8539328575134277],[[764.177978515625,229.7649688720703,46.603355407714847,-0.18369010090827943,-7.316796057921238e-8,0.982984185218811,-9.263694522587684e-8,1,5.71234721746805e-8,-0.982984185218811,-8.056763789454635e-8,-0.18369010090827943],5,0.8721003532409668],[[763.91259765625,229.60598754882813,46.629737854003909,-0.1718215048313141,-9.911438780818571e-8,0.9851281046867371,-1.2370107072001702e-7,1,7.903528853603348e-8,-0.9851281046867371,-1.0828143359731257e-7,-0.1718215048313141],5,0.8880598545074463],[[763.647216796875,229.39251708984376,46.65612030029297,-0.16158857941627503,-8.944078189188076e-8,0.9868581891059876,-1.105371367771113e-7,1,7.253245115634854e-8,-0.9868581891059876,-9.736406525462371e-8,-0.16158857941627503],5,0.9033615589141846],[[763.3818359375,229.12454223632813,46.68250274658203,-0.1527823507785797,-6.792552653678286e-8,0.9882598519325256,-8.2962685610255e-8,1,5.590664287069558e-8,-0.9882598519325256,-7.344713992551988e-8,-0.1527823507785797],5,0.9200453758239746],[[763.116455078125,228.80206298828126,46.708885192871097,-0.14520831406116486,-4.6437822476264048e-8,0.98940110206604,-5.566164062997814e-8,1,3.876617071796318e-8,-0.98940110206604,-4.944251941196853e-8,-0.14520831406116486],5,0.937453031539917],[[762.7847290039063,228.3223114013672,46.74186325073242,-0.13713759183883668,-1.9615784552229344e-8,0.9905520081520081,-2.1842575748109995e-8,1,1.6778873401790407e-8,-0.9905520081520081,-1.933519300223452e-8,-0.13713759183883668],5,0.9558722972869873],[[762.585693359375,227.99359130859376,46.76165008544922,-0.1330031454563141,-3.542092175123912e-9,0.9911156296730042,-1.6854618811734668e-9,1,3.347662369534987e-9,-0.9911156296730042,-1.2252379111288292e-9,-0.1330031454563141],5,0.9724075794219971],[[762.320556640625,227.5076141357422,46.78961181640625,-0.12886635959148408,1.7867940016458307e-8,0.9916619658470154,2.507077390134782e-8,1,-1.4760232147636998e-8,-0.9916619658470154,2.2959635970210003e-8,-0.12886635959148408],5,0.9887435436248779],[[761.9894409179688,226.82350158691407,46.828460693359378,-0.12628993391990663,4.459893432340323e-8,0.9919933676719666,5.842576200620897e-8,1,-3.752076338514598e-8,-0.9919933676719666,5.3219473272747567e-8,-0.12628993391990663],5,1.0060763359069825],[[761.7910766601563,226.3721466064453,46.85403060913086,-0.12608225643634797,6.062246171723018e-8,0.992019772529602,7.844700888881562e-8,1,-5.1139789292165008e-8,-0.992019772529602,7.137316515581915e-8,-0.12608225643634797],5,1.023038625717163],[[761.6611328125,226.40261840820313,46.869384765625,-0.11058812588453293,0.05156475305557251,0.9925277829170227,-0.004450601525604725,0.9986174702644348,-0.05237702280282974,-0.9938563704490662,-0.010209622792899609,-0.110205739736557],12,1.0402145385742188],[[761.6458740234375,226.5814208984375,46.87203598022461,-0.10333439707756043,0.031020214781165124,0.9941628575325012,-0.002821722999215126,0.9995003938674927,-0.03148005157709122,-0.9946426749229431,-0.006058224476873875,-0.10319524258375168],12,1.0548489093780518],[[761.647216796875,226.76783752441407,46.87176513671875,-0.10242459177970886,0.0021319957450032236,0.9947384595870972,-0.00019541734945960343,0.999997615814209,-0.0021633889991790058,-0.9947407245635986,-0.00041597342351451516,-0.10242393612861633],12,1.0720782279968262],[[761.6495971679688,226.9544677734375,46.87129211425781,-0.10231799632310868,-0.003031098982319236,0.9947471022605896,0.0002775292086880654,0.999995231628418,0.003075636690482497,-0.9947516918182373,0.0005907643353566527,-0.10231666266918183],12,1.0896663665771485],[[761.6500854492188,227.14111328125,46.87119674682617,-0.1023050844669342,-0.001037214882671833,0.9947525262832642,0.00009501778549747542,0.999999463558197,0.0010524578392505646,-0.9947530627250671,0.00020219097496010363,-0.10230492800474167],12,1.1049644947052003],[[761.64990234375,227.3277587890625,46.8712272644043,-0.10230350494384766,0.00007988108700374141,0.9947532415390015,-0.000007303858637897065,1,-0.00008105356391752139,-0.9947532415390015,-0.00001555759990878869,-0.10230350494384766],12,1.121920108795166],[[761.6498413085938,227.514404296875,46.871246337890628,-0.10230331867933274,0.000140760384965688,0.9947532415390015,-0.00001289136525883805,1,-0.00014282860502135009,-0.9947532415390015,-0.000027435567972133869,-0.10230331867933274],12,1.1379938125610352],[[761.5690307617188,227.66700744628907,46.85884475708008,-0.07893449068069458,0.000027434787625679747,0.9968798160552979,-0.0000036280634958529846,1,-0.00002780793329293374,-0.9968798160552979,-0.000005811755727336276,-0.07893449068069458],8,1.1553394794464112],[[761.5508422851563,227.76510620117188,46.856040954589847,-0.06966856122016907,-0.000009148719982476905,0.9975702166557312,7.085926085892424e-7,1,0.000009220490937877912,-0.9975702166557312,0.0000013492491461875034,-0.06966856122016907],8,1.1732540130615235],[[761.5508422851563,227.75083923339845,46.855960845947269,-0.06859235465526581,0.00005064939978183247,0.9976447820663452,6.035706974216737e-7,1,-0.00005072747444501147,-0.9976447820663452,-0.0000028773674785043115,-0.06859235465526581],8,1.197298288345337],[[761.6083374023438,227.7930145263672,46.85794448852539,-0.06869319826364517,0.0019181183306500316,0.9976359605789185,0.0006170449196361005,0.9999980330467224,-0.0018801725236698986,-0.9976376295089722,0.0004864311486016959,-0.06869424879550934],8,1.2038893699645997],[[761.6800537109375,227.82659912109376,46.85359191894531,-0.06871050596237183,0.006522407755255699,0.9976153373718262,0.0014329495606943966,0.999978244304657,-0.006439162418246269,-0.9976356029510498,0.0009870943613350392,-0.06871835142374039],8,1.2217116355895997],[[761.7528076171875,227.8596954345703,46.849327087402347,-0.06874023377895355,0.012575325556099415,0.9975553154945374,0.00240612355992198,0.9999197125434876,-0.012439328245818615,-0.9976316690444946,0.0015451590297743679,-0.06876496970653534],8,1.238091230392456],[[761.75439453125,227.86094665527345,46.849754333496097,-0.0691768154501915,0.011923438869416714,0.9975331425666809,0.0017476696521043778,0.9999284744262695,-0.011830872856080532,-0.9976028800010681,0.0009249363793060184,-0.06919270008802414],8,1.2549076080322266],[[761.7554321289063,227.86184692382813,46.85038757324219,-0.06968526542186737,0.010929802432656289,0.9975091218948364,0.0008568975608795881,0.9999402761459351,-0.010896577499806881,-0.997568666934967,0.00009543226769892499,-0.06969046592712403],8,1.2717926502227784],[[761.756103515625,227.8636932373047,46.850772857666019,-0.06990985572338104,0.010321092791855336,0.997499942779541,0.0004429110558703542,0.9999467134475708,-0.010315367951989174,-0.9975532293319702,-0.00027934214449487627,-0.06991070508956909],8,1.287043571472168],[[761.7564697265625,227.86546325683595,46.85096740722656,-0.06996486335992813,0.009997467510402203,0.9974993467330933,0.00031238922383636236,0.9999499320983887,-0.010000118054449559,-0.9975494146347046,-0.00038804885116405785,-0.06996448338031769],8,1.3036270141601563],[[761.7567138671875,227.86717224121095,46.85110092163086,-0.06996240466833115,0.00982794351875782,0.9975011944770813,0.00028430469683371484,0.9999516010284424,-0.009832145646214486,-0.9975495934486389,-0.000404286285629496,-0.06996181607246399],8,1.3216588497161866],[[761.7568969726563,227.86825561523438,46.85117721557617,-0.06995011121034622,0.00972896721214056,0.9975030422210693,0.0002794410102069378,0.9999526143074036,-0.009733262471854687,-0.9975504279136658,-0.00040209954022429883,-0.06994951516389847],8,1.336751937866211],[[761.7568969726563,227.86825561523438,46.85118103027344,-0.06994141638278961,0.009732208214700222,0.9975036382675171,0.00027938091079704463,0.9999525547027588,-0.00973651185631752,-0.9975510835647583,-0.0004023019573651254,-0.06994082033634186],5,1.3538610935211182],[[761.7568969726563,227.86825561523438,46.85118103027344,-0.06994403153657913,0.009735511615872383,0.997503399848938,0.0002794065803755075,0.9999525547027588,-0.009739822708070279,-0.997550904750824,-0.0004025334492325783,-0.06994343549013138],5,1.371387243270874],[[761.7568969726563,227.86825561523438,46.851192474365237,-0.07503435760736466,0.009736970067024231,0.9971334338188171,0.00027976089040748775,0.999952495098114,-0.009743446484208107,-0.9971809387207031,-0.00045213429257273674,-0.0750335231423378],5,1.3896534442901612],[[761.7568969726563,227.86825561523438,46.8512077331543,-0.07502860575914383,0.009740713983774186,0.9971337914466858,0.00028008612571284175,0.9999524354934692,-0.009747173637151719,-0.9971813559532166,-0.00045203350600786507,-0.07502776384353638],5,1.409437656402588],[[761.7569580078125,227.86819458007813,46.85150909423828,-0.0744294822216034,0.009826362133026123,0.9971778392791748,0.00029852319858036935,0.9999516010284424,-0.009831413626670838,-0.9972262382507324,-0.0004340663435868919,-0.07442881911993027],5,1.4214451313018799],[[761.7570190429688,227.86801147460938,46.85165023803711,-0.0695304423570633,0.010154341347515583,0.9975281357765198,0.00032555172219872475,0.9999483823776245,-0.01015628594905138,-0.9975797533988953,-0.0003814240626525134,-0.06953015923500061],5,1.4436402320861817],[[761.7943725585938,227.85943603515626,46.85213851928711,-0.06495072692632675,0.005985801573842764,0.9978705048561096,0.00010799830488394946,0.9999820590019226,-0.005991438403725624,-0.997888445854187,-0.0002813799655996263,-0.06495020538568497],5,1.459526538848877],[[761.8890991210938,227.77655029296876,46.8516731262207,-0.07089236378669739,0.0010821447940543295,0.9974833726882935,-0.000010226383892586455,0.9999994039535523,-0.001085601164959371,-0.9974839687347412,-0.00008716147567611188,-0.07089230418205261],5,1.4731318950653077],[[761.9168090820313,227.68594360351563,46.85201644897461,-0.07787156850099564,0.00010363158071413636,0.996963381767273,-0.000018426106180413627,1,-0.00010538646893110126,-0.996963381767273,-0.00002657676304806955,-0.07787156850099564],5,1.4885156154632569],[[761.9193725585938,227.51744079589845,46.854740142822269,-0.08300042152404785,-0.00014676136197522283,0.9965494871139526,-0.000009942186807165854,1,0.0001464414526708424,-0.9965494871139526,0.000002246821395601728,-0.08300042152404785],5,1.5092637538909913],[[761.8824462890625,227.29444885253907,46.860286712646487,-0.09143883734941483,-0.00008102480933303013,0.9958106875419617,-0.0000025266579086746789,1,0.00008113366493489593,-0.9958106875419617,0.000004902694854536094,-0.09143883734941483],5,1.522873878479004],[[761.805908203125,227.01695251464845,46.86901092529297,-0.10474519431591034,-0.000021126817955519074,0.9944990873336792,2.9286931635397197e-7,1,0.000021274523533065805,-0.9944990873336792,0.000002519662302802317,-0.10474519431591034],5,1.5432355403900147],[[761.7391357421875,226.97314453125,46.87628936767578,-0.12490534037351608,0.0000016592596239206615,0.992168664932251,5.290779654387734e-7,1,-0.0000016057500715760398,-0.992168664932251,3.243677895170549e-7,-0.12490534037351608],12,1.5560715198516846],[[761.7119140625,226.97227478027345,46.87926483154297,-0.14615321159362794,0.000002871223159672809,0.9892619848251343,1.5337489855937748e-7,1,-0.0000028797294362448157,-0.9892619848251343,-2.6915375883618255e-7,-0.14615321159362794],12,1.5783360004425049],[[761.7100830078125,226.97225952148438,46.87946701049805,-0.16518796980381013,5.544530949919135e-7,0.9862620830535889,-2.9103615517556137e-8,1,-5.670507903232647e-7,-0.9862620830535889,-1.2237376267876244e-7,-0.16518796980381013],12,1.5880882740020753],[[761.7100830078125,226.97225952148438,46.87947082519531,-0.1703595221042633,-1.8689080150124938e-7,0.9853819608688355,-2.7305114613795923e-8,1,1.849426212174876e-7,-0.9853819608688355,4.600767322671118e-9,-0.1703595221042633],12,1.6043879985809327],[[761.7100830078125,226.97225952148438,46.87947082519531,-0.16863861680030824,-1.4749195997865173e-7,0.98567795753479,-5.60714408931462e-12,1,1.4963409000756656e-7,-0.98567795753479,2.5228558797607549e-8,-0.16863861680030824],12,1.6216340065002442],[[761.7100830078125,226.97225952148438,46.87947082519531,-0.10810256749391556,-8.020813169196117e-8,0.9941397309303284,2.265407239576689e-8,1,8.314434296607942e-8,-0.9941397309303284,3.1509429732068386e-8,-0.10810256749391556],12,1.6375706195831299],[[761.7100830078125,226.97225952148438,46.87947082519531,0.2683955430984497,-1.7771363047813794e-8,0.9633088111877441,2.0787796373156199e-8,1,1.2656388825860177e-8,-0.9633088111877441,1.6628151300324136e-8,0.2683955430984497],12,1.65553879737854],[[761.7100830078125,226.97225952148438,46.87947082519531,0.44559574127197268,4.773008299707726e-8,0.8952342867851257,5.324078955482037e-9,1,-5.59657635790245e-8,-0.8952342867851257,2.9704404269637054e-8,0.44559574127197268],12,1.6701221466064454],[[762.0640258789063,226.88577270507813,47.06520080566406,0.8190860748291016,-0.018112055957317354,0.573384702205658,0.04726993292570114,0.998233437538147,-0.035993434488773349,-0.5717198252677918,0.05658557638525963,0.8184952735900879],8,1.6908905506134034],[[762.2874755859375,226.90753173828126,47.022247314453128,0.8969348669052124,-0.025053925812244417,0.4414522647857666,0.03767973929643631,0.9990925788879395,-0.01985510252416134,-0.4405542314052582,0.034442540258169177,0.8970650434494019],8,1.7102365493774415],[[762.4072265625,228.01158142089845,46.940677642822269,0.8634877800941467,0.005503103602677584,0.5043397545814514,-0.013450846076011658,0.9998360872268677,0.012119686231017113,-0.5041903853416443,-0.01724899746477604,0.8634202480316162],3,1.724003553390503],[[762.4884643554688,228.65365600585938,46.89268112182617,0.7249287962913513,0.005556846968829632,0.6888014078140259,-0.019107215106487275,0.9997448921203613,0.012044022791087628,-0.6885587573051453,-0.021892135962843896,0.7248499989509583],5,1.7445626258850098],[[762.615478515625,229.46217346191407,46.80720138549805,0.4554920792579651,-0.0020737259183079006,0.8902374505996704,-0.007630148436874151,0.9999514818191528,0.0062332781963050369,-0.8902071118354797,-0.009631852619349957,0.45545414090156557],5,1.754338026046753],[[762.742919921875,230.21615600585938,46.683040618896487,0.11633890122175217,-0.0027046864852309229,0.9932059049606323,-0.0005797617486678064,0.9999959468841553,0.0027910873759537937,-0.9932094216346741,-0.0009005347965285182,0.11633685976266861],5,1.7707977294921876],[[762.8482666015625,230.91561889648438,46.525291442871097,-0.13890820741653443,-0.0006488856743089855,0.9903050661087036,0.0009808095637708903,0.9999992251396179,0.0007928140112198889,-0.9903047680854797,0.0010814290726557375,-0.13890746235847474],5,1.7897238731384278],[[762.9207153320313,231.56057739257813,46.34489440917969,-0.268668532371521,0.00018332350009586662,0.963232696056366,0.0006255453918129206,0.9999998211860657,-0.00001584156052558683,-0.9632325172424316,0.0005982896545901895,-0.26866859197616579],5,1.8045895099639893],[[762.9563598632813,232.1510467529297,46.14930725097656,-0.3220514953136444,0.00018701478256843984,0.946722149848938,0.00018161172920372337,1,-0.00013575941557064652,-0.946722149848938,0.00012821432028431445,-0.3220515251159668],5,1.8210256099700928],[[762.9539794921875,232.68701171875,45.94230651855469,-0.345102459192276,0.00006452214438468218,0.9385650157928467,0.000002649148882483132,1,-0.00006777145608793944,-0.9385650157928467,-0.00002090169618895743,-0.345102459192276],5,1.8379526138305665],[[762.9130859375,233.16847229003907,45.72581481933594,-0.3905738890171051,0.000003929429112758953,0.9205715656280518,-0.000025212806576746517,1,-0.000014965585251047742,-0.9205715656280518,-0.000029055359846097418,-0.3905738890171051],5,1.8552510738372803],[[762.8330078125,233.59544372558595,45.50301742553711,-0.41296476125717165,-0.000007783452019793913,0.9107469916343689,-0.000013209621101850644,1,0.0000025565209398337176,-0.9107469916343689,-0.00001097486983780982,-0.41296476125717165],5,1.8705127239227296],[[762.71337890625,233.96791076660157,45.277645111083987,-0.4770714044570923,-0.000004789410922967363,0.8788645267486572,-0.0000031690672130935129,1,0.0000037292886645445835,-0.8788645267486572,-0.0000010060437034553616,-0.4770714044570923],5,1.8876123428344727],[[762.5615234375,234.28587341308595,45.059791564941409,-0.5089821219444275,-0.0000011733035307770479,0.8607770800590515,3.2492647505932839e-7,1,0.0000015552054719591979,-0.8607770800590515,0.0000010712610674090684,-0.5089821219444275],5,1.904756784439087],[[762.3977661132813,234.54933166503907,44.84940719604492,-0.5402081608772278,1.3606619120309916e-7,0.8415313959121704,6.3934476202121e-7,1,2.48728781571117e-7,-0.8415313959121704,6.723940373376536e-7,-0.5402081608772278],5,1.921107530593872],[[762.2263793945313,234.75830078125,44.64520263671875,-0.573570728302002,2.4759864913903586e-7,0.8191560506820679,2.8304276611379466e-7,1,-1.0407492823105713e-7,-0.8191560506820679,1.7216184744484054e-7,-0.573570728302002],5,1.9384880065917969],[[762.0469970703125,234.9127655029297,44.447959899902347,-0.6018304228782654,9.918672816411345e-8,0.7986239194869995,3.1177673776028317e-8,1,-1.007020387078228e-7,-0.7986239194869995,-3.5706310796967958e-8,-0.6018304228782654],5,1.955104112625122],[[761.8606567382813,235.01272583007813,44.25724411010742,-0.6279985904693604,-2.7536900759628226e-8,0.7782144546508789,-9.419290591949903e-8,1,-4.0626474628879808e-8,-0.7782144546508789,-9.881565432579009e-8,-0.6279985904693604],5,1.9719533920288087],[[761.6680908203125,235.05819702148438,44.07286071777344,-0.6521502137184143,-9.393573918714537e-8,0.7580897808074951,-1.241518106098738e-7,1,1.7108943595189886e-8,-0.7580897808074951,-8.296061082546658e-8,-0.6521502137184143],5,1.9873192310333253],[[761.4696655273438,235.04916381835938,43.89467239379883,-0.6795098185539246,-1.269707183837454e-7,0.7336664199829102,-1.2336380450506113e-7,1,5.880574249772508e-8,-0.7336664199829102,-5.054880958255126e-8,-0.6795098185539246],5,2.0045297145843508],[[761.2650146484375,234.98562622070313,43.72372817993164,-0.7121185064315796,-1.2377122970974598e-7,0.702059268951416,-9.067780126770231e-8,1,8.43203551426086e-8,-0.702059268951416,-3.615110433230484e-9,-0.7121185064315796],5,2.021045446395874],[[761.0531005859375,234.86758422851563,43.56198501586914,-0.7695291042327881,-1.1626390516994434e-7,0.6386117339134216,-5.968993121996391e-8,1,1.1013071343768388e-7,-0.6386117339134216,4.663009534056073e-8,-0.7695291042327881],5,2.0393741130828859],[[760.7791137695313,234.64340209960938,43.39776611328125,-0.800349235534668,-1.0390698435003287e-7,0.5995340943336487,-2.4075850646454456e-8,1,1.411727765798787e-7,-0.5995340943336487,9.855323668261917e-8,-0.800349235534668],5,2.057290554046631],[[760.6091918945313,234.468017578125,43.328487396240237,-0.8732525110244751,-8.233839565718881e-8,0.48726794123649599,-4.522980656673781e-9,1,1.60873895538316e-7,-0.48726794123649599,1.3827963130097488e-7,-0.8732525110244751],5,2.077174663543701],[[760.3779296875,234.1864776611328,43.27055358886719,-0.8927457332611084,-4.6930317409987768e-8,0.4505607783794403,1.591001286271876e-8,1,1.3568406131980738e-7,-0.4505607783794403,1.2829978857098468e-7,-0.8927457332611084],5,2.089682102203369],[[760.1434326171875,233.85044860839845,43.252193450927737,-0.9183314442634583,-3.0189393207535888e-9,0.3958122432231903,3.7118898177368467e-8,1,9.374745957302366e-8,-0.3958122432231903,1.0078335321850318e-7,-0.9183314442634583],5,2.112600088119507],[[759.9080810546875,233.4599151611328,43.27353286743164,-0.9370591044425964,3.726161423855956e-8,0.34917083382606509,5.90945710143842e-8,1,5.1875719719873817e-8,-0.34917083382606509,6.92447130745677e-8,-0.9370591044425964],5,2.121121644973755],[[759.6879272460938,233.01487731933595,43.329463958740237,-0.970625102519989,7.394112344627502e-8,0.2405969500541687,7.99446340238319e-8,1,1.5191989888307945e-8,-0.2405969500541687,3.398016445999019e-8,-0.970625102519989],5,2.1399319171905519],[[759.4924926757813,232.5153350830078,43.416500091552737,-0.9849322438240051,1.0353549839692278e-7,0.1729407012462616,1.0188384891307578e-7,1,-1.8427202874704564e-8,-0.1729407012462616,-5.296814098443292e-10,-0.9849322438240051],5,2.1598153114318849],[[759.3226318359375,231.9613037109375,43.533870697021487,-0.9927158951759338,1.306673738099562e-7,0.12047873437404633,1.2546622940590169e-7,1,-5.075628095596585e-8,-0.12047873437404633,-3.527055270069468e-8,-0.9927158951759338],5,2.1717138290405275],[[759.1796264648438,231.35276794433595,43.68048858642578,-0.9978653788566589,1.3993748382290506e-7,0.06530498713254929,1.3550456401389966e-7,1,-7.23096036381321e-8,-0.06530498713254929,-6.330612478677722e-8,-0.9978653788566589],5,2.1880669593811037],[[759.0651245117188,230.68972778320313,43.85478591918945,-0.9999369382858276,1.0024137253594745e-7,0.011232467368245125,9.94941871113042e-8,1,-6.70792488222105e-8,-0.011232467368245125,-6.595745105641982e-8,-0.9999369382858276],5,2.2050905227661135],[[758.9808959960938,229.97219848632813,44.054752349853519,-0.9992086887359619,6.075067204847073e-8,-0.03977389633655548,6.332361834893163e-8,1,-6.342960290339761e-8,0.03977389633655548,-6.589803547285556e-8,-0.9992086887359619],5,2.2214512825012209],[[758.9288940429688,229.20016479492188,44.27787780761719,-0.9960432648658752,2.1510174974537223e-8,-0.08886938542127609,2.7067391883406345e-8,1,-6.132730590024949e-8,0.08886938542127609,-6.349011272277494e-8,-0.9960432648658752],5,2.23757004737854],[[758.9113159179688,228.37362670898438,44.52080535888672,-0.9856371283531189,-1.9749300861349185e-8,-0.16887713968753816,-9.40822619810433e-9,1,-6.203447355801473e-8,0.16887713968753816,-5.9554647435788868e-8,-0.9856371283531189],5,2.25457763671875],[[758.8611450195313,227.564697265625,44.47532272338867,-0.9803310036659241,0.0014442077372223139,-0.1973549872636795,0.0031185534317046406,0.9999617338180542,-0.00817340612411499,0.1973356306552887,-0.008628105744719506,-0.9802980422973633],5,2.2717645168304445],[[758.81689453125,226.72532653808595,44.41958236694336,-0.9622933268547058,0.0004918180638924241,-0.27201351523399355,0.0018468224443495274,0.9999871253967285,-0.004725402221083641,0.27200767397880556,-0.005049583502113819,-0.9622818231582642],5,2.287321090698242],[[758.7932739257813,226.80284118652345,44.39457702636719,-0.9504585862159729,-0.000017195940017700197,-0.3108513057231903,0.00003366369128343649,1,-0.00015824892034288496,0.3108513057231903,-0.0001608734455658123,-0.9504585266113281],12,2.306312322616577],[[758.794189453125,226.9165802001953,44.40381622314453,-0.9473369121551514,-0.00003107419979642145,-0.32023853063583376,-0.00015880832506809384,0.9999999403953552,0.0003727558651007712,0.32023850083351138,0.0004039819468744099,-0.9473368525505066],8,2.322183132171631],[[758.8068237304688,227.0205535888672,44.44868469238281,-0.9472923874855042,-0.00001337246794719249,-0.3203703463077545,-0.00009510045492788777,0.9999999403953552,0.00023945870634634048,0.3203703463077545,0.0002573047822806984,-0.9472923278808594],5,2.336439609527588],[[758.8325805664063,227.0700225830078,44.531028747558597,-0.9492953419685364,-0.0000036219923913449749,-0.3143855929374695,-0.000026813027943717317,1,0.00006944176857359707,0.3143855929374695,0.0000743503769626841,-0.9492953419685364],5,2.3541743755340578],[[758.8539428710938,227.05392456054688,44.58777618408203,-0.9729334115982056,-0.007457465399056673,-0.23096540570259095,-0.0010996321216225625,0.9996172189712524,-0.0276437159627676,0.23108315467834474,-0.026641517877578737,-0.9725691676139832],5,2.3711161613464357],[[758.8567504882813,227.206298828125,44.59628677368164,-0.9999892711639404,-0.00237525487318635,0.003980670124292374,-0.002441438613459468,0.999857485294342,-0.016704758629202844,-0.003940424416214228,-0.016714299097657205,-0.9998525381088257],12,2.38862943649292],[[758.9111328125,227.34066772460938,44.28988265991211,-0.9228360652923584,0.007003825157880783,0.38512924313545229,0.0001772979012457654,0.9998422861099243,-0.017757944762706758,-0.38519287109375,-0.016319388523697854,-0.9226917624473572],8,2.407457113265991],[[758.9080200195313,227.37466430664063,44.01990509033203,-0.6856788396835327,0.0070731742307543758,0.7278698086738586,-0.0038037695921957494,0.9999043345451355,-0.013299990445375443,-0.7278942465782166,-0.011888171546161175,-0.6855863332748413],8,2.4292731285095217],[[758.9014892578125,228.25799560546876,43.9529914855957,-0.4553474187850952,0.0036278911866247656,0.8903064131736755,-0.004419256467372179,0.9999701976776123,-0.006334987469017506,-0.890302836894989,-0.006819112692028284,-0.45531779527664187],3,2.439683437347412],[[758.8828735351563,229.310791015625,43.87543869018555,-0.43636712431907656,-0.0003027354250662029,0.8997686505317688,-0.0016639933455735446,0.9999985098838806,-0.00047053987509571016,-0.8997671604156494,-0.0017025371780619026,-0.4363669753074646],5,2.461946725845337],[[758.8585205078125,229.90174865722657,43.8226203918457,-0.5668805241584778,-0.0006838769768364728,0.823799729347229,-0.0006545311189256609,0.9999997019767761,0.00037974739097990096,-0.8237997889518738,-0.00032393119181506336,-0.5668808221817017],5,2.4749302864074709],[[758.8020629882813,230.64199829101563,43.72684097290039,-0.8456831574440002,-0.0003206379187759012,0.5336852073669434,-0.00010815435962285846,0.9999998807907105,0.0004294171230867505,-0.5336852669715881,0.0003054304688703269,-0.8456830978393555],5,2.488685369491577],[[758.7098388671875,231.32774353027345,43.62000274658203,-0.9280262589454651,-0.000004126652584091062,0.3725147247314453,0.00006508677324745804,1,0.0001732250675559044,-0.3725146949291229,0.00018500319856684655,-0.9280262589454651],5,2.5045931339263918],[[758.5787353515625,231.95899963378907,43.51932907104492,-0.9609289169311523,0.00005018467709305696,0.27679532766342165,0.000060126658354420218,1,0.000027430984118836933,-0.27679532766342165,0.00004300200453144498,-0.9609289169311523],5,2.5204062461853029],[[758.4110107421875,232.53575134277345,43.433502197265628,-0.9796952605247498,0.000025532055587973447,0.20049229264259339,0.000023806192984920928,1,-0.000011019078556273599,-0.20049229264259339,-0.000006022380603099009,-0.9796952605247498],5,2.5378506183624269],[[758.209716796875,233.05799865722657,43.36869812011719,-0.9942231178283691,0.000004634633569366997,0.1073329970240593,0.000003592828079490573,1,-0.000009899667020363268,-0.1073329970240593,-0.000009456849511479959,-0.9942231178283691],5,2.554783582687378],[[757.9802856445313,233.52574157714845,43.33155822753906,-0.9999899864196777,-0.0000019084313862549608,0.004481487907469273,-0.0000019246817828388886,1,-0.0000036217920751369094,-0.004481487907469273,-0.0000036303811157267775,-0.9999899864196777],5,2.570333242416382],[[757.7315063476563,233.93899536132813,43.32865905761719,-0.9964231252670288,-0.000001698272853900562,-0.08450394868850708,-0.0000016688968571543228,1,-4.1826928054433667e-7,0.08450394868850708,-2.757448100965121e-7,-0.9964231252670288],5,2.587759256362915],[[757.4738159179688,234.29774475097657,43.364112854003909,-0.9886235594749451,-5.525858455257549e-7,-0.15041114389896394,-6.086970643082168e-7,1,3.2701282748348606e-7,0.15041114389896394,4.148473919940443e-7,-0.9886235594749451],5,2.6042063236236574],[[757.2169799804688,234.60198974609376,43.43312454223633,-0.9790340065956116,-2.0101200703948053e-8,-0.20369693636894227,-6.892648229950282e-8,1,2.3260126624791156e-7,0.20369693636894227,2.4176466695280399e-7,-0.9790340065956116],5,2.6218395233154299],[[756.9647827148438,234.85174560546876,43.5195198059082,-0.9661244750022888,9.324427452384043e-8,-0.2580764591693878,7.985597250126375e-8,1,6.235928395881274e-8,0.2580764591693878,3.963788230976206e-8,-0.9661244750022888],5,2.6380