[[[776,222.69961547851563,47,1,-4.49492745246971e-8,1.7568574633280988e-14,4.49492745246971e-8,1,-1.1157498391867193e-7,-1.2553360315224055e-14,1.1157498391867193e-7,1],8,0.005193948745727539],[[776,222.69961547851563,47,1,-3.076113230804367e-8,1.6416008431622589e-14,3.076113230804367e-8,1,-7.635656373849997e-8,-1.4067194539215886e-14,7.635656373849997e-8,1],8,0.026572465896606447],[[776,222.69961547851563,47,1,-1.6585111950462307e-8,1.5772847844442926e-14,1.6585111950462307e-8,1,-4.1168224385046417e-8,-1.509006813818839e-14,4.1168224385046417e-8,1],8,0.0372014045715332],[[776,222.69961547851563,47,1,-2.4212043481242064e-9,1.5629367239441626e-14,2.4212043481242064e-9,1,-6.009946318386028e-9,-1.5614815213407797e-14,6.009946318386028e-9,1],8,0.05359339714050293],[[776,222.69961547851563,47,1,8.193783429533142e-9,1.584827274026413e-14,-8.193783429533142e-9,1,2.0339053108386908e-8,-1.5681619007891849e-14,-2.0339053108386908e-8,1],8,0.06950092315673828],[[776,222.69961547851563,47,1,2.5870313891118714e-8,1.6833302601219209e-14,-2.5870313891118714e-8,1,6.421654319410664e-8,-1.5172001635176299e-14,-6.421654319410664e-8,1],8,0.08663487434387207],[[776,222.69961547851563,47,1,3.9997942735681138e-8,1.817804702608245e-14,-3.9997942735681138e-8,1,9.928479727250306e-8,-1.4206859260789805e-14,-9.928479727250306e-8,1],8,0.10434460639953613],[[776,222.69961547851563,47,1,3.7065792213297757e-8,1.8033358552098367e-14,-3.7065792213297757e-8,1,9.200645934015484e-8,-1.4623064993049205e-14,-9.200645934015484e-8,1],8,0.11909294128417969],[[776,222.69961547851563,47,-0.7848888635635376,2.0158562819005966e-8,-0.6196365356445313,-4.345449866605122e-8,1,8.75763603858104e-8,0.6196365356445313,9.566370806624036e-8,-0.7848888635635376],8,0.14028429985046388],[[776,222.69961547851563,47,-0.7139958739280701,1.8330142736999734e-8,-0.7001499533653259,-3.197847320279834e-8,1,5.8791179924355677e-8,0.7001499533653259,6.436638244622373e-8,-0.7139958739280701],8,0.16044163703918458],[[776,222.69961547851563,47,-0.7167549729347229,-6.469071944792404e-9,-0.6973251104354858,-1.732484555816427e-8,1,8.530592232602885e-9,0.6973251104354858,1.8195393636233349e-8,-0.7167549729347229],8,0.17147111892700196],[[776,222.69961547851563,47,-0.7386746406555176,-2.1980413933420097e-8,-0.674062192440033,-9.698275071912122e-9,1,-2.1980975262181347e-8,0.674062192440033,-9.699548719765972e-9,-0.7386746406555176],8,0.18680262565612794],[[776,222.69961547851563,47,-0.7660788297653198,-4.643152351491153e-8,-0.64274662733078,8.769811543629658e-10,1,-7.328449669330439e-8,0.64274662733078,-5.670537461810454e-8,-0.7660788297653198],8,0.20486140251159669],[[776,222.69961547851563,47,-0.7986409068107605,-6.328138368871805e-8,-0.6018078327178955,7.1754606700835669e-9,1,-1.1467447791346786e-7,0.6018078327178955,-9.590198146725015e-8,-0.7986409068107605],8,0.21996736526489259],[[776,222.69961547851563,47,-0.8377501368522644,-4.068261105771853e-8,-0.5460537672042847,5.708946204663334e-9,1,-8.326153988491569e-8,0.5460537672042847,-7.286976000386858e-8,-0.8377501368522644],8,0.23663711547851563],[[776,222.69961547851563,47,-0.9044896960258484,-1.4956968996671095e-8,-0.4264955222606659,7.98394150791637e-9,1,-5.2001389860834027e-8,0.4264955222606659,-5.043983719588141e-8,-0.9044896960258484],8,0.25426578521728518],[[776,222.69961547851563,47,-0.9502881765365601,6.6984404689662828e-9,-0.31137174367904665,1.4033692430359679e-8,1,-2.1317321241554056e-8,0.31137174367904665,-2.4627293981893673e-8,-0.9502881765365601],8,0.273848295211792],[[776,222.69961547851563,47,-0.9855377674102783,2.932345921635715e-8,-0.16945578157901765,2.7106345612537554e-8,1,1.5397125352478726e-8,0.16945578157901765,1.0581121756558787e-8,-0.9855377674102783],8,0.29526400566101076],[[776,222.69961547851563,47,-0.9996656775474548,3.9037121979390579e-8,-0.02585567906498909,3.812048987583694e-8,1,3.5944793808084799e-8,0.02585567906498909,3.494714562179979e-8,-0.9996656775474548],8,0.31180834770202639],[[776,222.69961547851563,47,-0.9936953186988831,4.925148289203207e-8,0.11211410164833069,5.6440846663008418e-8,1,6.095149984730597e-8,-0.11211410164833069,6.68950406179647e-8,-0.9936953186988831],8,0.32039570808410647],[[775.8392333984375,222.69961547851563,46.9832878112793,-0.9728044271469116,5.620461962507761e-8,0.23162801563739777,7.764122500475423e-8,1,8.343165092128402e-8,-0.23162801563739777,9.914656118326093e-8,-0.9728044271469116],8,0.3408992290496826],[[775.5820922851563,222.69961547851563,46.92866516113281,-0.9478774070739746,3.882078658534738e-8,0.31863531470298769,6.292940213370457e-8,1,6.536806296253417e-8,-0.31863531470298769,8.201244128258623e-8,-0.9478774070739746],8,0.3622012138366699],[[775.3914184570313,222.69961547851563,46.868988037109378,-0.9261250495910645,2.1541950445680415e-8,0.3772166669368744,4.101219985841453e-8,1,4.358363980827562e-8,-0.3772166669368744,5.5834384227182457e-8,-0.9261250495910645],8,0.3703296184539795],[[775.081787109375,222.69961547851563,46.74592971801758,-0.9131774306297302,-4.571994727253781e-10,0.407562255859375,3.317395469437656e-9,1,8.554692954021448e-9,-0.407562255859375,9.163997560790449e-9,-0.9131774306297302],8,0.387589693069458],[[774.8377685546875,222.69961547851563,46.63847351074219,-0.910330057144165,-1.6623845411345429e-8,0.41388311982154848,-2.700437384817178e-8,1,-1.9230180114959695e-8,-0.41388311982154848,-2.868246617993009e-8,-0.910330057144165],8,0.4051949977874756],[[774.5948486328125,222.69961547851563,46.528377532958987,-0.9146195650100708,-3.3013055400488159e-8,0.4043154716491699,-5.7007504494777098e-8,1,-4.73074273088514e-8,-0.4043154716491699,-6.631731963580023e-8,-0.9146195650100708],8,0.420734167098999],[[774.412109375,222.69961547851563,46.4471549987793,-0.9255603551864624,-4.6911299733665149e-8,0.378600150346756,-7.889626374435466e-8,1,-6.896972593040118e-8,-0.378600150346756,-9.370577913614398e-8,-0.9255603551864624],8,0.43557047843933108],[[774.1040649414063,222.69961547851563,46.31991195678711,-0.945835292339325,-3.8282866654526518e-8,0.32464683055877688,-6.009299369225119e-8,1,-5.715504869385768e-8,-0.32464683055877688,-7.356825904025755e-8,-0.945835292339325],8,0.45385050773620608],[[773.8526000976563,222.69961547851563,46.23121643066406,-0.9458352327346802,-2.033137569412702e-8,0.32464706897735598,-3.444645457761908e-8,1,-3.7731108903926727e-8,-0.32464706897735598,-4.687035470851697e-8,-0.9458352327346802],8,0.4714357852935791],[[773.6634521484375,222.69961547851563,46.16624450683594,-0.9458351731300354,-6.8778236439470678e-9,0.32464730739593508,-1.5225927185724687e-8,1,-2.317405112250981e-8,-0.32464730739593508,-2.6861888713369809e-8,-0.9458351731300354],8,0.4851367473602295],[[773.4112548828125,222.69961547851563,46.07966613769531,-0.9458352327346802,1.1046812353754376e-8,0.32464706897735598,1.0382279036491582e-8,1,-3.779142776494382e-9,-0.32464706897735598,-2.0386999033394915e-10,-0.9458352327346802],8,0.5029006004333496],[[773.0960083007813,222.69961547851563,45.97144317626953,-0.9458352327346802,3.343108190279054e-8,0.32464706897735598,4.236176920358048e-8,1,2.0441190073938743e-8,-0.32464706897735598,3.308662144263508e-8,-0.9458352327346802],8,0.5204885005950928],[[772.8438110351563,222.69961547851563,45.884864807128909,-0.9458352327346802,5.132127967044653e-8,0.32464706897735598,6.792076590045326e-8,1,3.979883089755276e-8,-0.32464706897735598,5.969341287936914e-8,-0.9458352327346802],8,0.5367217063903809],[[772.5916137695313,222.69961547851563,45.79828643798828,-0.9458352327346802,6.919619721657e-8,0.32464706897735598,9.345792761905614e-8,1,5.9139928509921449e-8,-0.32464706897735598,8.627746694855887e-8,-0.9458352327346802],8,0.5531539916992188],[[772.3394165039063,222.69961547851563,45.711708068847659,-0.9458352327346802,5.4623708223289216e-8,0.32464706897735598,7.460707962536617e-8,1,4.9106553490219088e-8,-0.32464706897735598,7.066768148433766e-8,-0.9458352327346802],8,0.5702555179595947],[[772.0872192382813,222.69961547851563,45.62512969970703,-0.9458352327346802,2.9257574141183796e-8,0.32464706897735598,4.098993144907581e-8,1,2.9299959791728726e-8,-0.32464706897735598,4.1020193464191837e-8,-0.9458352327346802],8,0.5868806838989258],[[771.8980712890625,222.69961547851563,45.56019592285156,-0.9458352327346802,1.0247200421531489e-8,0.32464706897735598,1.579591923928092e-8,1,1.4456119856731675e-8,-0.32464706897735598,1.8801205925456089e-8,-0.9458352327346802],8,0.602550745010376],[[771.5828247070313,223.7697296142578,45.45197296142578,-0.9534913301467896,-2.0952978019295189e-8,0.3014204502105713,-2.554120115405567e-8,1,-1.1281040990240854e-8,-0.3014204502105713,-1.8455015293739053e-8,-0.9534913301467896],3,0.6222751140594482],[[771.3289184570313,224.5644989013672,45.37068176269531,-0.9283806085586548,-4.5975276918852617e-8,0.3716307282447815,-6.037922872792478e-8,1,-2.712270230631475e-8,-0.3716307282447815,-4.7618968324059099e-8,-0.9283806085586548],5,0.6446585655212402],[[771.073486328125,225.3047637939453,45.29408264160156,-0.9163323640823364,-7.387873779407528e-8,0.40041857957839968,-9.685163604444824e-8,1,-3.713502039204286e-8,-0.40041857957839968,-7.280921465735446e-8,-0.9163323640823364],5,0.6542744636535645],[[770.8815307617188,225.82420349121095,45.23794174194336,-0.9282280802726746,-1.0000637473694951e-7,0.372011661529541,-1.2472057164814033e-7,1,-4.237168838017169e-8,-0.372011661529541,-8.572809662155123e-8,-0.9282280802726746],5,0.6694884300231934],[[770.5614013671875,226.62181091308595,45.14519500732422,-0.9019866585731506,-1.0998614641266613e-7,0.4317638874053955,-1.3848480762135296e-7,1,-3.456822028624629e-8,-0.4317638874053955,-9.097281150616254e-8,-0.9019866585731506],5,0.6888995170593262],[[770.11279296875,227.5953826904297,45.016170501708987,-0.884562075138092,-7.847302896379915e-8,0.46642249822616579,-8.946004470544722e-8,1,-1.4148909821543044e-9,-0.46642249822616579,-4.297773870121091e-8,-0.884562075138092],5,0.720289945602417],[[769.8547973632813,228.0767822265625,44.94861602783203,-0.9337361454963684,-6.340655289704955e-8,0.3579620122909546,-6.22233784497439e-8,1,1.4823749339143433e-8,-0.3579620122909546,-8.432133213887028e-9,-0.9337361454963684],5,0.7345051765441895],[[769.595458984375,228.50367736816407,44.88633728027344,-0.9422102570533752,-4.272649078984614e-8,0.3350221812725067,-3.512341351097348e-8,1,2.8752877412330237e-8,-0.3350221812725067,1.532413129723409e-8,-0.9422102570533752],5,0.7507345676422119],[[769.4652099609375,228.69668579101563,44.8579216003418,-0.966126561164856,-3.013009575170145e-8,0.2580687999725342,-2.1752985190914843e-8,1,3.5316002566787577e-8,-0.2580687999725342,2.850596203529676e-8,-0.966126561164856],5,0.7623343467712402],[[769.2691650390625,228.9606475830078,44.81863784790039,-0.9614370465278626,-1.3566957335342522e-8,0.27502506971359255,-1.547116990074926e-9,1,4.3921453141138048e-8,-0.27502506971359255,4.18022167991694e-8,-0.9614370465278626],5,0.7728543281555176],[[769.0068359375,229.26492309570313,44.770606994628909,-0.9618812203407288,9.837479275631722e-9,0.2734675407409668,2.549813693519809e-8,1,5.371277111976269e-8,-0.2734675407409668,5.86382213896286e-8,-0.9618812203407288],5,0.7874050140380859],[[768.80908203125,229.45736694335938,44.74064254760742,-0.9810922741889954,3.29927196673907e-8,0.19354061782360078,4.5630454081901919e-8,1,6.083976700210769e-8,-0.19354061782360078,6.852076950281116e-8,-0.9810922741889954],5,0.8024899959564209],[[768.5438842773438,229.666259765625,44.71342086791992,-0.9860966205596924,5.994786533847219e-8,0.1661727875471115,7.252214828668002e-8,1,6.96021373869371e-8,-0.1661727875471115,8.068564483210139e-8,-0.9860966205596924],5,0.819814920425415],[[768.2108764648438,229.85073852539063,44.69956588745117,-0.9915101528167725,9.523306232495088e-8,0.13002915680408479,1.064619610247064e-7,1,7.940567314790315e-8,-0.13002915680408479,9.257468747136954e-8,-0.9915101528167725],5,0.8373763561248779],[[768.0109252929688,229.92054748535157,44.70345687866211,-0.9999814033508301,1.2735047505429976e-7,-0.00609807251021266,1.2682892247539713e-7,1,8.59157296417834e-8,0.00609807251021266,8.514071936360779e-8,-0.9999814033508301],5,0.8531646728515625],[[767.6129150390625,229.96820068359376,44.74184036254883,-0.9999658465385437,1.0971520225666609e-7,0.008265559561550618,1.1022458323850515e-7,1,6.117118545034828e-8,-0.008265559561550618,6.20801614559241e-8,-0.9999658465385437],5,0.8786106109619141],[[767.3504028320313,229.93185424804688,44.78760528564453,-0.9942508935928345,8.606278356637631e-8,-0.10707565397024155,8.308106913545999e-8,1,3.230758593986138e-8,0.10707565397024155,2.3225885215083509e-8,-0.9942508935928345],5,0.9021792411804199],[[767.091064453125,229.84100341796876,44.84916305541992,-0.98496013879776,5.724414364749464e-8,-0.1727817952632904,5.718419160416488e-8,1,5.3246242970317329e-9,0.1727817952632904,-4.6358445970895449e-9,-0.98496013879776],5,0.9105684757232666],[[766.8995971679688,229.73709106445313,44.90665817260742,-0.9741370677947998,3.39912240576723e-8,-0.22595788538455964,3.8039075889173549e-8,1,-1.3560273792734279e-8,0.22595788538455964,-2.180479441449279e-8,-0.9741370677947998],5,0.922741174697876],[[766.6468505859375,229.5508575439453,44.99159622192383,-0.972565233707428,3.5770946205104794e-9,-0.23263029754161836,1.250636394445337e-8,1,-3.690903938036172e-8,0.23263029754161836,-3.8805808344477558e-8,-0.972565233707428],5,0.9367783069610596],[[766.3975219726563,229.3101348876953,45.08604431152344,-0.9614842534065247,-2.850326907832823e-8,-0.2748600244522095,-1.2796658843683418e-8,1,-5.893720711469541e-8,0.2748600244522095,-5.314990758620297e-8,-0.9614842534065247],5,0.9546356201171875],[[766.2135620117188,229.0938262939453,45.164520263671878,-0.9362764358520508,-5.575892103593105e-8,-0.35126399993896487,-3.130382353333516e-8,1,-7.529916956627858e-8,0.35126399993896487,-5.950493076056773e-8,-0.9362764358520508],5,0.9703023433685303],[[765.9139404296875,228.66517639160157,45.31037521362305,-0.9423568844795227,-9.298401693058622e-8,-0.33460938930511477,-6.284836473469113e-8,1,-1.0088906066130221e-7,0.33460938930511477,-7.404384660958385e-8,-0.9423568844795227],5,0.9862227439880371],[[765.6799926757813,228.2609405517578,45.438323974609378,-0.9138295650482178,-1.2971376861514728e-7,-0.4060979187488556,-8.80511450418453e-8,1,-1.2127624415825267e-7,0.4060979187488556,-7.506842081284049e-8,-0.9138295650482178],5,1.0034801959991456],[[765.451904296875,227.80221557617188,45.57652282714844,-0.894447922706604,-1.3388698505423236e-7,-0.4471721649169922,-9.320748972641013e-8,1,-1.1297156987666313e-7,0.4471721649169922,-5.936739100320665e-8,-0.894447922706604],5,1.0216279029846192],[[765.2303466796875,227.2889862060547,45.72488021850586,-0.8414037823677063,-1.0558562024698404e-7,-0.5404070019721985,-7.131901469392688e-8,1,-8.433926979023454e-8,0.5404070019721985,-3.2422086349015447e-8,-0.8414037823677063],7,1.0375256538391114],[[765.0109252929688,226.72125244140626,45.87636947631836,-0.8204119205474854,-7.166538296132785e-8,-0.5717728734016419,-4.699032984945006e-8,1,-5.79145229551159e-8,0.5717728734016419,-2.0645970266741643e-8,-0.8204119205474854],7,1.0537281036376954],[[764.7923583984375,226.5875701904297,46.029144287109378,-0.8173004984855652,-3.669439152531595e-8,-0.57621169090271,-2.267399779043444e-8,1,-3.152126737404615e-8,0.57621169090271,-1.2697324969224156e-8,-0.8173004984855652],8,1.0704319477081299],[[764.5743408203125,226.6286163330078,46.1827392578125,-0.8181774020195007,-1.6198842267556302e-9,-0.5749658942222595,1.6733189278639316e-9,1,-5.198492747382488e-9,0.5749658942222595,-5.215390341817283e-9,-0.8181774020195007],8,1.087566614151001],[[764.3561401367188,226.66897583007813,46.336124420166019,-0.8280813694000244,3.349667210272855e-8,-0.5606079697608948,2.6455508006506535e-8,1,2.067284299300809e-8,0.5606079697608948,2.287628975139455e-9,-0.8280813694000244],8,1.104905128479004],[[764.1357421875,226.69381713867188,46.48618698120117,-0.8480835556983948,6.838565980160638e-8,-0.5298624634742737,5.214783627138786e-8,1,4.55966215895387e-8,0.5298624634742737,1.1038562952592202e-8,-0.8480835556983948],8,1.1202495098114014],[[763.910400390625,226.70777893066407,46.628700256347659,-0.8772003650665283,1.0260167471187742e-7,-0.48012447357177737,7.921020284129554e-8,1,6.897889193169249e-8,0.48012447357177737,2.2477550487565169e-8,-0.8772003650665283],8,1.1372485160827637],[[763.6776733398438,226.7154541015625,46.75870895385742,-0.9100297689437866,8.481305258101202e-8,-0.41454291343688967,6.743911029616356e-8,1,5.654771584318041e-8,0.41454291343688967,2.350369854298151e-8,-0.9100297689437866],8,1.154825210571289],[[763.4969482421875,226.7188262939453,46.844139099121097,-0.9409600496292114,5.801366143032283e-8,-0.33851760625839236,4.7116227364085719e-8,1,4.040903789359618e-8,0.33851760625839236,2.2073617600426588e-8,-0.9409600496292114],8,1.1702344417572022],[[763.1845703125,226.721923828125,46.96013259887695,-0.964633584022522,1.515942216201438e-8,-0.26359447836875918,1.1268124211483155e-8,1,1.627428325434721e-8,0.26359447836875918,1.2728504472647728e-8,-0.964633584022522],8,1.1873347759246827],[[762.9282836914063,226.72317504882813,47.03338623046875,-0.9799920916557312,-1.844032837539089e-8,-0.19903630018234254,-1.8599036977207107e-8,1,-1.0722597254542166e-9,0.19903630018234254,2.6510773576404746e-9,-0.9799920916557312],8,1.2041878700256348],[[762.7328491210938,226.710205078125,47.0756950378418,-0.9885518550872803,-4.3071167965536009e-8,-0.1508815884590149,-4.159151956173446e-8,1,-1.2962440898434125e-8,0.1508815884590149,-6.538650065834872e-9,-0.9885518550872803],8,1.219611406326294],[[762.4036865234375,226.7091064453125,47.1280403137207,-0.9950976967811585,-8.350676239388122e-8,-0.09889701008796692,-8.086409053476018e-8,1,-3.072988619123862e-8,0.09889701008796692,-2.2582021586003976e-8,-0.9950976967811585],8,1.2381978034973145],[[762.2048950195313,226.69020080566407,47.14980697631836,-0.9963828325271606,-1.0766433433673228e-7,-0.08497783541679383,-1.0455408983034431e-7,1,-4.105111983676579e-8,0.08497783541679383,-3.2017851481214168e-8,-0.9963828325271606],8,1.2526812553405762],[[761.8728637695313,226.6951141357422,47.17879104614258,-0.9992137551307678,-7.77527588979865e-8,-0.03964725509285927,-7.662919898621112e-8,1,-2.9858505001811866e-8,0.03964725509285927,-2.6796891816616154e-8,-0.9992137551307678],8,1.2723534107208253],[[761.6065673828125,226.6995391845703,47.1911506652832,-0.9999887943267822,-4.0297116754572929e-8,-0.004730261862277985,-4.021779176355267e-8,1,-1.6864674989847118e-8,0.004730261862277985,-1.667424598394973e-8,-0.9999887943267822],8,1.2875421047210694],[[761.3402099609375,226.6671600341797,47.201759338378909,-0.9995951652526856,-3.2803895155808506e-9,0.028451185673475267,-3.4267688686639987e-9,1,-5.096165711648837e-9,-0.028451185673475267,-5.191598262399566e-9,-0.9995951652526856],8,1.305612564086914],[[761.1404418945313,226.60711669921876,47.20969009399414,-0.9985071420669556,2.4167244205841599e-8,0.05462145060300827,2.436740054179154e-8,1,2.9984470462096626e-9,-0.05462145060300827,4.32495372848507e-9,-0.9985071420669556],8,1.3195312023162842],[[760.8074951171875,226.4389190673828,47.22290802001953,-0.9974012970924377,6.95667097261321e-8,0.07204580307006836,7.087970743668848e-8,1,1.5667827923948609e-8,-0.07204580307006836,2.0733699201969104e-8,-0.9974012970924377],8,1.3364536762237549],[[760.5411376953125,226.2430419921875,47.233482360839847,-0.9965915679931641,1.0569356589940071e-7,0.08249363303184509,1.081578346884271e-7,1,2.5403487313724328e-8,-0.08249363303184509,3.423923544687568e-8,-0.9965915679931641],8,1.3536937236785889],[[760.2747802734375,225.99267578125,47.244056701660159,-0.9965915679931641,7.551282266149428e-8,0.08249363303184509,7.73216299876367e-8,1,1.8731938666860516e-8,-0.08249363303184509,2.504663498825721e-8,-0.9965915679931641],8,1.3724606037139893],[[760.0084228515625,226.8657989501953,47.25463104248047,-0.9965915679931641,4.5357882783036987e-8,0.08249363303184509,4.6511786422342996e-8,1,1.2066090349094339e-8,-0.08249363303184509,1.5861889579582568e-8,-0.9965915679931641],3,1.3964557647705079],[[759.7424926757813,227.6878204345703,47.242767333984378,-0.9847893714904785,1.5409447939873645e-8,0.17375242710113526,1.631551249658969e-8,1,3.786396529648073e-9,-0.17375242710113526,6.563662946490467e-9,-0.9847893714904785],5,1.409491777420044],[[759.4768676757813,228.45533752441407,47.220123291015628,-0.9544042348861694,-1.4115898672173444e-8,0.29851722717285159,-1.4390773905859078e-8,1,1.2772547464123818e-9,-0.29851722717285159,-3.0768763092936526e-9,-0.9544042348861694],5,1.4222567081451417],[[759.2112426757813,229.16836547851563,47.19719696044922,-0.9065103530883789,-4.342020432090976e-8,0.4221835732460022,-4.4910347440918488e-8,1,6.4154757062340199e-9,-0.4221835732460022,-1.3144715538260244e-8,-0.9065103530883789],5,1.4447312355041505],[[759.0120239257813,229.66737365722657,47.17915344238281,-0.8598892092704773,-6.540867758531022e-8,0.5104807615280151,-6.698804355664834e-8,1,1.5292213717543747e-8,-0.5104807615280151,-2.1046497877819094e-8,-0.8598892092704773],5,1.458444356918335],[[758.7463989257813,230.28501892089845,47.154842376708987,-0.7844446897506714,-9.492296726421046e-8,0.6201987862586975,-9.442926085512227e-8,1,3.3615734196246197e-8,-0.6201987862586975,-3.219523136976932e-8,-0.7844446897506714],5,1.4699087142944337],[[758.4143676757813,230.9804229736328,47.12443923950195,-0.6713775396347046,-1.3237379903330294e-7,0.7411155104637146,-1.2404190385950643e-7,1,6.624453163794897e-8,-0.7411155104637146,-4.745427872876462e-8,-0.6713775396347046],5,1.4890778064727784],[[758.1487426757813,231.47544860839845,47.10011672973633,-0.5801828503608704,-1.4617663168792206e-7,0.8144862651824951,-1.2917155345348875e-7,1,8.745821133970822e-8,-0.8144862651824951,-5.446670314768198e-8,-0.5801828503608704],5,1.5037834644317628],[[757.9495239257813,231.81094360351563,47.08187484741211,-0.5165933966636658,-1.1883795281164567e-7,0.8562308549880981,-9.973220471692912e-8,1,7.862010420467414e-8,-0.8562308549880981,-4.47791599356151e-8,-0.5165933966636658],5,1.5195322036743165],[[757.6174926757813,232.30198669433595,47.050960540771487,-0.41916516423225405,-7.260840106937394e-8,0.9079099893569946,-5.46160521253114e-8,1,5.4757908429792226e-8,-0.9079099893569946,-2.663385245682548e-8,-0.41916516423225405],5,1.537264108657837],[[757.3518676757813,232.6334991455078,47.026180267333987,-0.3500758707523346,-3.517127922236796e-8,0.9367213249206543,-2.2015765210881e-8,1,2.9319380701053889e-8,-0.9367213249206543,-1.0358631286067066e-8,-0.3500758707523346],5,1.5544722080230713],[[757.1526489257813,232.84637451171876,47.00759506225586,-0.3043908178806305,-6.912928451896505e-9,0.9525472521781921,5.593578378260133e-10,1,7.436053106602003e-9,-0.9525472521781921,2.7962809845405447e-9,-0.3043908178806305],5,1.5696980953216553],[[756.8206176757813,233.13304138183595,46.97917175292969,-0.23817099630832673,4.0398209222303197e-8,0.9712232351303101,3.519750890745854e-8,1,-3.2963775709049517e-8,-0.9712232351303101,2.6333621505614248e-8,-0.23817099630832673],5,1.5905416011810303],[[756.5545654296875,233.30105590820313,46.96026611328125,-0.19435244798660279,7.835517124021863e-8,0.9809317588806152,6.080909287220493e-8,1,-6.78301788070712e-8,-0.9809317588806152,4.646660656248969e-8,-0.19435244798660279],5,1.6107990741729737],[[756.2882690429688,233.41458129882813,46.945533752441409,-0.15888024866580964,1.1634397623083714e-7,0.9872978329658508,8.518515670630222e-8,1,-1.0413244666551691e-7,-0.9872978329658508,6.755853831919012e-8,-0.15888024866580964],5,1.620431661605835],[[756.021728515625,233.47360229492188,46.93657684326172,-0.13112999498844148,1.2291911843931303e-7,0.9913651943206787,8.662395600822492e-8,1,-1.125318149775012e-7,-0.9913651943206787,7.111967903483674e-8,-0.13112999498844148],5,1.6370561122894288],[[755.82177734375,233.4821014404297,46.93221664428711,-0.1144135519862175,1.042986923494027e-7,0.9934332370758057,7.154228853778477e-8,1,-9.674861445319039e-8,-0.9934332370758057,6.00031313524596e-8,-0.1144135519862175],5,1.6527588367462159],[[755.488525390625,233.4281463623047,46.9266471862793,-0.09144920855760575,7.329487772267385e-8,0.9958097338676453,4.760228833333713e-8,1,-6.923178119677687e-8,-0.9958097338676453,4.1071633205547189e-8,-0.09144920855760575],5,1.6709940433502198],[[755.221923828125,233.32366943359376,46.92311096191406,-0.0764228105545044,4.8523720153070829e-8,0.9970754981040955,2.9251745914393724e-8,1,-4.642398465648512e-8,-0.9970754981040955,2.5618346555233985e-8,-0.0764228105545044],5,1.6866376399993897],[[754.955322265625,233.16468811035157,46.920902252197269,-0.06428498774766922,2.3782948943562589e-8,0.9979315996170044,1.1453821002760379e-8,1,-2.3094409939972139e-8,-0.9979315996170044,9.945505752284589e-9,-0.06428498774766922],5,1.7043499946594239],[[754.75537109375,233.0096893310547,46.91996383666992,-0.056780800223350528,5.247541068342798e-9,0.9983866810798645,-1.6255314871926885e-9,1,-5.348468778976212e-9,-0.9983866810798645,-1.9265993245198844e-9,-0.056780800223350528],5,1.720999002456665],[[754.422119140625,232.68324279785157,46.92117691040039,-0.04725067690014839,-2.5607505449443125e-8,0.998883068561554,-2.3068588816954617e-8,1,2.4544913657109647e-8,-0.998883068561554,-2.1883058920479926e-8,-0.04725067690014839],5,1.747309684753418],[[754.22216796875,232.4464874267578,46.9238166809082,-0.04325088858604431,-4.409906395608232e-8,0.9990642666816711,-3.580953844561918e-8,1,4.259012342799906e-8,-0.9990642666816711,-3.393397207673843e-8,-0.04325088858604431],5,1.7532641887664796],[[753.95556640625,232.0831298828125,46.930233001708987,-0.040138501673936847,-6.87317012193489e-8,0.9991941452026367,-5.277077264054242e-8,1,6.666729035487151e-8,-0.9991941452026367,-5.005231784593889e-8,-0.040138501673936847],5,1.7703487873077393],[[753.62255859375,231.5522918701172,46.94288635253906,-0.039220407605171207,-9.948966805950477e-8,0.9992305636405945,-7.407369650991314e-8,1,9.66588373785271e-8,-0.9992305636405945,-7.022570258641281e-8,-0.039220407605171207],5,1.7874901294708253],[[753.356201171875,231.06631469726563,46.957427978515628,-0.04079213738441467,-1.2407284089022142e-7,0.9991676807403565,-9.133192691024306e-8,1,1.2044746711126209e-7,-0.9991676807403565,-8.634259529571864e-8,-0.04079213738441467],5,1.8051245212554932],[[753.34716796875,231.1510772705078,46.96135711669922,-0.0862300843000412,-0.02820041961967945,0.9958760738372803,-0.0008135443786159158,0.9996009469032288,0.028235455974936487,-0.9962748885154724,0.0016245569568127394,-0.08621861785650253],12,1.8237900733947755],[[753.3889770507813,231.3358154296875,46.96118927001953,-0.09606868028640747,-0.01093966607004404,0.9953145980834961,-0.000384548184229061,0.9999399185180664,0.01095338724553585,-0.9953746199607849,0.0006695310003124177,-0.09606712311506272],12,1.839836597442627],[[753.3948364257813,231.52243041992188,46.96122360229492,-0.09720951318740845,0.0004057505866512656,0.9952638745307922,0.000014572065992979333,0.9999999403953552,-0.0004062581283506006,-0.995263934135437,-0.00002498910362191964,-0.09720951318740845],12,1.8549458980560303],[[753.3941650390625,231.66241455078126,46.961273193359378,-0.09732909500598908,0.0015582755440846086,0.9952510595321655,0.00005604059333563782,0.9999988079071045,-0.0015602287603542209,-0.995252251625061,-0.00009608119580661878,-0.09732906520366669],12,1.8700716495513917],[[753.3939208984375,231.89572143554688,46.96128845214844,-0.09735674411058426,0.00031064453651197255,0.9952495098114014,0.000011175608960911632,0.9999999403953552,-0.00031103406217880547,-0.9952495694160461,-0.000019158744180458599,-0.09735674411058426],12,1.8879446983337403],[[753.3695678710938,232.04832458496095,46.964847564697269,-0.10165853053331375,-0.00007741227454971522,0.9948193430900574,-0.0000028428464702301427,1,0.00007752490637358278,-0.9948193430900574,0.000005052949290984543,-0.10165853053331375],8,1.9051775932312012],[[753.3059692382813,232.14642333984376,46.97396469116211,-0.10678272694349289,-0.00007245920278364792,0.9942823648452759,-0.000003073804691666737,1,0.00007254576485138386,-0.9942823648452759,0.000004690404693974415,-0.10678272694349289],5,1.9215469360351563],[[753.2030029296875,232.19003295898438,46.988128662109378,-0.11016442626714707,-0.000025158142307191157,0.9939133524894714,-0.0000012029541949232226,1,0.000025178873329423369,-0.9939133524894714,0.000001578183855599491,-0.11016442626714707],5,1.9388887882232667],[[753.0994873046875,232.1998291015625,47.0014762878418,-0.1142222210764885,-0.016405204311013223,0.9933197498321533,-0.0006783175631426275,0.9998646974563599,0.016435297206044198,-0.9934549927711487,0.0012034899555146695,-0.11421789228916168],5,1.9554722309112549],[[753.1018676757813,232.22120666503907,47.00144577026367,-0.1156764030456543,-0.026617547497153283,0.9929302334785461,-0.001063438830897212,0.9996436238288879,0.02667362429201603,-0.9932863712310791,0.0020295882131904365,-0.11566348373889923],5,1.972041130065918],[[753.1510620117188,232.23562622070313,46.99748229980469,-0.11087685823440552,-0.01737544871866703,0.9936822652816773,-0.0016175135970115662,0.9998489618301392,0.017302794381976129,-0.9938328266143799,0.00031118496553972363,-0.11088822036981583],5,1.9886934757232667],[[753.0651245117188,232.85800170898438,46.99443817138672,-0.09637686610221863,0.0019263228168711067,0.995343029499054,-0.0004817023000214249,0.9999979138374329,-0.001981973648071289,-0.9953448176383972,-0.0006704749539494515,-0.0963757336139679],7,2.0038461685180666],[[752.9039306640625,233.49267578125,46.98076248168945,-0.07359732687473297,0.007118010427802801,0.9972626566886902,0.00039609131636098027,0.9999746680259705,-0.007108136545866728,-0.9972879886627197,-0.00012813287321478128,-0.07359828054904938],7,2.0207359790802],[[752.7142333984375,233.9474639892578,46.9506950378418,-0.04396655037999153,0.001973471837118268,0.9990310668945313,0.0001608771999599412,0.9999980330467224,-0.001968301832675934,-0.9990329742431641,0.00007418144377879798,-0.043966785073280337],8,2.0383899211883547],[[752.5277099609375,234.26123046875,46.9018669128418,-0.005334623623639345,-0.00030908494954928756,0.9999856948852539,0.0000039865994949650489,0.9999999403953552,0.0003091106191277504,-0.9999857544898987,0.000005635531124426052,-0.005334622226655483],8,2.054483413696289],[[752.43896484375,234.47183227539063,46.84286117553711,-0.013987780548632145,0.026489319279789926,0.9995512366294861,0.008679790422320366,0.9996145963668823,-0.026369532570242883,-0.9998645186424255,0.008307044394314289,-0.014212311245501042],8,2.0713868141174318],[[752.45556640625,234.52919006347657,46.53739929199219,-0.9035916328430176,0.009511709213256836,0.4282892644405365,0.001715826103463769,0.9998258352279663,-0.01858474314212799,-0.4283914566040039,-0.016058148816227914,-0.9034505486488342],8,2.0910704135894777],[[752.2686157226563,234.59173583984376,46.43182373046875,-0.892896294593811,0.0072700693272054199,0.45020368695259097,0.0011924481950700284,0.9999043345451355,-0.013781853951513768,-0.45026081800460818,-0.01176892127841711,-0.8928195238113403],8,2.1124236583709719],[[752.107666015625,234.6592559814453,46.3489875793457,-0.8538823127746582,0.003558974713087082,0.520453929901123,0.0007403494091704488,0.9999839067459106,-0.005623449105769396,-0.5204655528068543,-0.0044164457358419899,-0.85387122631073],8,2.1192171573638918],[[751.8316650390625,234.72430419921876,46.18280792236328,-0.8175505995750427,-0.0003159090119879693,0.5758566856384277,0.00012013927334919572,0.9999997615814209,0.0007191526819951832,-0.5758567452430725,0.0006571267149411142,-0.8175503611564636],8,2.1393232345581056],[[751.6151123046875,234.7031707763672,46.031532287597659,-0.7930260300636292,0.000789513171184808,0.6091872453689575,0.0002593036333564669,0.9999995231628418,-0.0009584545041434467,-0.6091877222061157,-0.0006021148874424398,-0.7930258512496948],8,2.1545209884643556],[[751.4629516601563,234.65145874023438,45.916725158691409,-0.7874863743782044,0.0007641393458470702,0.6163315773010254,0.00018377380911260843,0.999999463558197,-0.001005010330118239,-0.6163319945335388,-0.0006781663396395743,-0.7874861359596252],8,2.170187473297119],[[751.2267456054688,234.67352294921876,45.7298698425293,-0.7888336777687073,-0.00006835792009951547,0.6146067380905151,-0.0000402403311454691,1,0.000059574660554062578,-0.6146067380905151,0.000022262516722548754,-0.7888336777687073],8,2.1868467330932619],[[751.0635375976563,234.6445770263672,45.60113525390625,-0.7862251996994019,0.00046550118713639677,0.6179398894309998,0.00013429921818897128,0.9999998211860657,-0.0005824380205012858,-0.6179400682449341,-0.0003749385941773653,-0.7862251400947571],8,2.20410418510437],[[750.9344482421875,234.5316162109375,45.499488830566409,-0.7875058650970459,0.00015186614473350346,0.6163071393966675,0.000045927696191938597,1,-0.00018772752082441002,-0.6163071393966675,-0.00011953096691286191,-0.7875058650970459],8,2.221465826034546],[[750.8969116210938,234.3628692626953,45.469886779785159,-0.8053330183029175,-0.00001533878457848914,0.5928226709365845,-0.0000059686472013709139,1,0.000017765911252354273,-0.5928226709365845,0.000010769125765364152,-0.8053330183029175],8,2.2391462326049806],[[750.8961181640625,234.21682739257813,45.46916580200195,-0.8245458006858826,-0.000021020972781116144,0.5657952427864075,-0.00000753798985897447,1,0.000026167692340095529,-0.5657952427864075,0.000017311500414507465,-0.8245458006858826],8,2.260629653930664],[[750.8961181640625,234.2285614013672,45.46915054321289,-0.8428553938865662,-0.0000035534294511307964,0.5381401777267456,-0.0000011403939197407454,1,0.000004817039553017821,-0.5381401777267456,0.0000034463757856428858,-0.8428553938865662],8,2.272251605987549],[[750.8961181640625,234.25843811035157,45.46915054321289,-0.8557668924331665,0.0000014647616808360909,0.5173616409301758,6.57070984289021e-7,1,-0.0000017443545630158042,-0.5173616409301758,-0.0000011528175036801259,-0.8557668924331665],8,2.287274122238159],[[750.8961181640625,234.28121948242188,45.46915054321289,-0.8620251417160034,7.782564921399171e-7,0.5068655014038086,3.0837571785014008e-7,1,-0.0000010109758932230762,-0.5068655014038086,-7.151816703299119e-7,-0.8620251417160034],8,2.30629563331604],[[750.8961181640625,234.2958526611328,45.46915054321289,-0.8646673560142517,3.403054193995558e-8,0.5023448467254639,3.0018916241658646e-9,1,-6.257634765916009e-8,-0.5023448467254639,-5.2599741451331286e-8,-0.8646673560142517],8,2.334066867828369],[[750.8961181640625,234.3056182861328,45.46915054321289,-0.8690193295478821,-8.082639624262811e-8,0.49477818608283999,-3.593316932892776e-8,1,1.0024649554907228e-7,-0.49477818608283999,6.933719021162688e-8,-0.8690193295478821],8,2.3392162322998049],[[750.8961181640625,234.31288146972657,45.46915054321289,-0.8816884160041809,-6.991751178020422e-8,0.4718320965766907,-2.6842254641223918e-8,1,9.802428735383728e-8,-0.4718320965766907,7.376183930318803e-8,-0.8816884160041809],8,2.3530781269073488],[[750.8961181640625,234.32821655273438,45.46915054321289,-0.8999278545379639,-5.180495321610579e-8,0.43603888154029848,-1.1567261815059738e-8,1,9.493477648447879e-8,-0.43603888154029848,8.039067012077794e-8,-0.8999278545379639],8,2.371426820755005],[[750.8961181640625,234.34185791015626,45.46915054321289,-0.9201679229736328,-3.57498421976743e-8,0.39152398705482485,7.471023244498554e-10,1,9.306531012498454e-8,-0.39152398705482485,8.592822098307806e-8,-0.9201679229736328],8,2.3882365226745607],[[750.8961181640625,234.35682678222657,45.46915054321289,-0.9394100904464722,-1.9147607943637014e-8,0.34279531240463259,1.3131880471917157e-8,1,9.184439875298267e-8,-0.34279531240463259,9.078109997062711e-8,-0.9394100904464722],8,2.4047861099243166],[[750.8961181640625,234.37246704101563,45.46915054321289,-0.9586012363433838,-1.5220329441234526e-9,0.2847520112991333,2.5557486793559293e-8,1,9.138292256238856e-8,-0.2847520112991333,9.487732910429259e-8,-0.9586012363433838],8,2.420893430709839],[[750.8961181640625,234.39048767089845,45.46915054321289,-0.9852736592292786,2.1104597180965358e-8,0.17098471522331239,3.747257792952041e-8,1,9.250036470120904e-8,-0.17098471522331239,9.75454099716444e-8,-0.9852736592292786],8,2.4373066425323488],[[750.8961181640625,234.4034881591797,45.46915054321289,-0.995512843132019,3.738792742069563e-8,0.09462670236825943,4.648979512467122e-8,1,9.39825568480046e-8,-0.09462670236825943,9.796001165796042e-8,-0.995512843132019],8,2.4531404972076418],[[750.8961181640625,234.41815185546876,45.46915054321289,-0.9994446635246277,5.530059254965636e-8,0.03332231566309929,5.855282481093127e-8,1,9.662331024173909e-8,-0.03332231566309929,9.852077198502229e-8,-0.9994446635246277],8,2.469675064086914],[[750.8961181640625,234.4303741455078,45.46915054321289,-0.9999788999557495,7.416893765821442e-8,-0.006498292554169893,7.351741970751391e-8,1,1.0049861032257468e-7,0.006498292554169893,1.000187452859791e-7,-0.9999788999557495],8,2.4874086380004885],[[750.8961181640625,234.43601989746095,45.46915054321289,-0.9998565912246704,8.719231203713207e-8,-0.0169343501329422,8.544815699451647e-8,1,1.0371844894052629e-7,0.0169343501329422,1.022565712105461e-7,-0.9998565912246704],8,2.5049145221710207],[[750.8961181640625,234.43936157226563,45.46915054321289,-0.9997137784957886,5.217069443119726e-8,-0.02392486482858658,5.0863626199770809e-8,1,5.5240708007886499e-8,0.02392486482858658,5.400799096832998e-8,-0.9997137784957886],8,2.5201659202575685],[[750.767333984375,234.45736694335938,45.472232818603519,-0.9996241927146912,1.6654919221537058e-8,-0.027413012459874154,1.647788039349507e-8,1,6.6840635248865969e-9,0.027413012459874154,6.229843307892224e-9,-0.9996241927146912],8,2.5387730598449709],[[750.5213012695313,234.46810913085938,45.47887420654297,-0.9996241927146912,-1.9018500552192564e-8,-0.02741301618516445,-1.787850223422538e-8,1,-4.183111812494644e-8,0.02741301618516445,-4.1325293409499866e-8,-0.9996241927146912],8,2.560262680053711],[[750.2920532226563,234.41519165039063,45.485164642333987,-0.9996707439422607,-5.458894136722847e-8,-0.025660304352641107,-5.229045640930963e-8,1,-9.024457625628202e-8,0.025660304352641107,-8.887307245686316e-8,-0.9996707439422607],8,2.5712342262268068],[[750.1069946289063,234.30279541015626,45.48997116088867,-0.999714195728302,-4.875176884411303e-8,-0.023907512426376344,-4.6982478352219917e-8,1,-7.456727502130889e-8,0.023907512426376344,-7.342272567711916e-8,-0.999714195728302],8,2.5865955352783205],[[749.869140625,234.28326416015626,45.49570846557617,-0.999714195728302,-4.3075374378531708e-8,-0.023907750844955446,-4.167904066321171e-8,1,-5.89033568587638e-8,0.023907750844955446,-5.7890069626864718e-8,-0.999714195728302],8,2.6036007404327394],[[749.7037353515625,234.2142333984375,45.499664306640628,-0.999714195728302,-3.8821234227270909e-8,-0.023907512426376344,-3.770443157691261e-8,1,-4.716420676231792e-8,0.023907512426376344,-4.6249308383039536e-8,-0.999714195728302],8,2.6199188232421877],[[749.44189453125,234.01925659179688,45.50592041015625,-0.999714195728302,-3.173708762460592e-8,-0.023907750844955446,-3.108574375687567e-8,1,-2.761566797460091e-8,0.023907750844955446,-2.6864585223052019e-8,-0.999714195728302],8,2.637495517730713],[[749.3357543945313,233.86138916015626,45.508460998535159,-0.999714195728302,-2.7490216325531948e-8,-0.023907512426376344,-2.7117920353703086e-8,1,-1.5896567617801339e-8,0.023907512426376344,-1.5243701412259726e-8,-0.999714195728302],8,2.65329647064209],[[749.2785034179688,233.60321044921876,45.509830474853519,-0.999714195728302,-2.1831969121421936e-8,-0.023907750844955446,-2.183144864886799e-8,1,-2.8277752361915989e-10,0.023907750844955446,2.39244124511373e-10,-0.999714195728302],8,2.669903039932251],[[749.2217407226563,234.68695068359376,45.51118469238281,-0.999714195728302,-1.4765949352124608e-8,-0.023907512426376344,-1.522970194400841e-8,1,1.9215702806718583e-8,0.023907512426376344,1.9574315501813545e-8,-0.999714195728302],3,2.688448190689087],[[749.151611328125,235.49534606933595,45.51286315