[[[776,222.69961547851563,47,1,4.091742056289149e-9,-1.2186561167745053e-14,-4.091742056289149e-9,1,-7.273647462113786e-9,1.2156798971077378e-14,7.273647462113786e-9,1],8,0.03933262825012207],[[776,222.69961547851563,47,1,-5.656309642887436e-9,-1.2286425505193388e-14,5.656309642887436e-9,1,1.0055069665781957e-8,1.222955063091705e-14,-1.0055069665781957e-8,1],8,0.10659527778625488],[[776,222.69961547851563,47,1,-5.754049681172546e-8,-1.5659160776328348e-14,5.754049681172546e-8,1,1.0228755087382524e-7,9.773483732663114e-15,-1.0228755087382524e-7,1],8,0.1817169189453125],[[776,222.69961547851563,47,1,-3.3295847856607e-8,-1.4052961844603172e-14,3.3295847856607e-8,1,5.9188746348581847e-8,1.208222280226932e-14,-5.9188746348581847e-8,1],8,0.194976806640625],[[776,222.69961547851563,47,1,-1.133175864254099e-8,-1.3504596102682527e-14,1.133175864254099e-8,1,2.0144016232848118e-8,1.3276329193726965e-14,-2.0144016232848118e-8,1],8,0.2138230800628662],[[776,222.69961547851563,47,1,1.0613563361516754e-8,-1.381791443690484e-14,-1.0613563361516754e-8,1,-1.886736633593955e-8,1.3617663989712661e-14,1.886736633593955e-8,1],8,0.26290369033813479],[[776,222.69961547851563,47,-0.9960097074508667,7.086877218398513e-8,0.0892447680234909,7.836053583787361e-8,1,8.044263211104408e-8,-0.0892447680234909,8.711491261692572e-8,-0.9960097074508667],8,0.28938889503479006],[[776,222.69961547851563,47,-0.8694368600845337,4.527588259861659e-8,0.49404409527778628,5.844940531574139e-8,1,1.1217999862367379e-8,-0.49404409527778628,3.862992770109486e-8,-0.8694368600845337],8,0.3325936794281006],[[776,222.69961547851563,47,-0.8662754893302918,5.502309718963261e-8,0.49956658482551577,4.810550180422979e-8,1,-2.67241269114038e-8,-0.49956658482551577,8.814451946115298e-10,-0.8662754893302918],8,0.34665918350219729],[[776,222.69961547851563,47,-0.8698219060897827,6.310553146704479e-8,0.4933657944202423,3.9688227815304347e-8,1,-5.793641122409099e-8,-0.4933657944202423,-3.081354904566069e-8,-0.8698219060897827],8,0.36303091049194338],[[776,222.69961547851563,47,-0.8691253662109375,6.637788629859642e-8,0.4945918917655945,3.631011580296217e-8,1,-7.040117111500877e-8,-0.4945918917655945,-4.322875213347288e-8,-0.8691253662109375],8,0.37238574028015139],[[776,222.69961547851563,47,-0.868265688419342,6.968074472979424e-8,0.49609944224357607,3.291249583980971e-8,1,-8.285426389420536e-8,-0.49609944224357607,-5.561164329037638e-8,-0.868265688419342],8,0.3833622932434082],[[776,222.69961547851563,47,-0.8673983216285706,7.622987396871395e-8,0.49761441349983218,2.607883864413907e-8,1,-1.077322693276983e-7,-0.49761441349983218,-8.046959010243882e-8,-0.8673983216285706],8,0.3975067138671875],[[776,222.69961547851563,47,-0.8665298819541931,8.120558447899384e-8,0.49912524223327639,2.0925092769630284e-8,1,-1.2636780866159825e-7,-0.49912524223327639,-9.905724596137589e-8,-0.8665298819541931],8,0.4175302982330322],[[776,222.69961547851563,47,-0.8682674169540405,4.5322870789732408e-8,0.4960964322090149,6.80217215887069e-9,1,-7.945383373453297e-8,-0.4960964322090149,-6.561264598303751e-8,-0.8682674169540405],8,0.42783236503601076],[[776,222.69961547851563,47,-0.8691326975822449,9.70221769591717e-9,0.49457892775535586,-7.390551726160766e-9,1,-3.2604681621251078e-8,-0.49457892775535586,-3.1993003801744638e-8,-0.8691326975822449],8,0.4497694969177246],[[776,222.69961547851563,47,-0.8725662231445313,-3.486129429575158e-8,0.4884958565235138,-2.5522640001440778e-8,1,2.577524327307401e-8,-0.4884958565235138,1.0022903396134098e-8,-0.8725662231445313],8,0.4721486568450928],[[776,222.69961547851563,47,-0.8725651502609253,-7.029905191302532e-8,0.4884977340698242,-4.0014263902321548e-8,1,7.243431099368536e-8,-0.4884977340698242,4.3656779524781089e-8,-0.8725651502609253],8,0.4911949634552002],[[776,222.69961547851563,47,-0.8725652694702148,-7.694174541938992e-8,0.4884975254535675,-3.999253905817568e-8,1,8.607135271176958e-8,-0.4884975254535675,5.556661974992494e-8,-0.8725652694702148],8,0.5015881061553955],[[776,222.69961547851563,47,-0.8725662231445313,-6.035328681264218e-8,0.4884958565235138,-2.9103976117994536e-8,1,7.156282322284824e-8,-0.4884958565235138,4.822613064447978e-8,-0.8725662231445313],8,0.5113825798034668],[[776,222.69961547851563,47,-0.8725659847259522,-4.377558937562753e-8,0.4884962737560272,-1.8222392483835393e-8,1,5.706358763291064e-8,-0.4884962737560272,4.089017480168877e-8,-0.8725659847259522],8,0.52364182472229],[[776,222.69961547851563,47,-0.872567355632782,-3.272956305977459e-8,0.48849377036094668,-1.0971850983310106e-8,1,4.7402615166447507e-8,-0.48849377036094668,3.600229447897618e-8,-0.872567355632782],8,0.543499231338501],[[775.5712890625,222.69961547851563,46.759979248046878,-0.8725662231445313,1.69185732090682e-8,0.4884958863258362,2.16171649469743e-8,1,3.979222729100229e-9,-0.4884958863258362,1.403203153671484e-8,-0.8725662231445313],8,0.5736269950866699],[[775.338623046875,222.69961547851563,46.62972640991211,-0.8725672364234924,3.895385347618685e-8,0.48849397897720339,3.608111143194037e-8,1,-1.5293242228153759e-8,-0.48849397897720339,4.281023979757492e-9,-0.8725672364234924],8,0.597703218460083],[[775.0477905273438,222.69961547851563,46.466896057128909,-0.8784748315811157,6.652086881331343e-8,0.4777885973453522,5.443658679382679e-8,1,-3.913801904786851e-8,-0.4777885973453522,-8.372585291738233e-9,-0.8784748315811157],8,0.6185107231140137],[[774.7552490234375,222.69961547851563,46.30720901489258,-0.8890961408615112,9.380184451401874e-8,0.45772045850753786,7.330854145948251e-8,1,-6.25349017013832e-8,-0.45772045850753786,-2.2044723380076904e-8,-0.8890961408615112],8,0.6260895729064941],[[774.6962280273438,222.69961547851563,46.27619171142578,-0.8890963792800903,9.929595279345449e-8,0.4577200412750244,7.708051441568387e-8,1,-6.721128187336945e-8,-0.4577200412750244,-2.447600699895247e-8,-0.8890963792800903],8,0.6361238956451416],[[774.5185546875,222.69961547851563,46.18436050415039,-0.8984930515289307,1.1523655274459088e-7,0.438987672328949,8.868298806419262e-8,1,-8.099430459651558e-8,-0.438987672328949,-3.384208113743625e-8,-0.8984930515289307],8,0.6471652984619141],[[774.3392333984375,222.69961547851563,46.09584045410156,-0.9037933945655823,9.746755580408717e-8,0.42796897888183596,7.46721653399618e-8,1,-7.005026958495364e-8,-0.42796897888183596,-3.135359705197516e-8,-0.9037933945655823],8,0.6585452556610107],[[774.0984497070313,222.69961547851563,45.98124694824219,-0.9161039590835571,5.0850690769266296e-8,0.40094083547592165,3.792657210510697e-8,1,-4.017053711891094e-8,-0.40094083547592165,-2.1594077637132615e-8,-0.9161039590835571],8,0.673234224319458],[[773.9156494140625,222.69961547851563,45.9000244140625,-0.9282541275024414,1.5940287312332658e-8,0.37194666266441347,9.697697755939317e-9,1,-1.865417864621577e-8,-0.37194666266441347,-1.3708792323541275e-8,-0.9282541275024414],8,0.6970086097717285],[[773.606689453125,222.69961547851563,45.77483367919922,-0.9400821328163147,-4.1485410662289726e-8,0.34094810485839846,-3.8472990127047527e-8,1,1.5596633318182286e-8,-0.34094810485839846,1.544823158283748e-9,-0.9400821328163147],8,0.7060666084289551],[[773.4817504882813,222.69961547851563,45.728302001953128,-0.9453268051147461,-6.422381915172082e-8,0.32612454891204836,-5.793973301138067e-8,1,2.898228323999774e-8,-0.32612454891204836,8.502160753209865e-9,-0.9453268051147461],8,0.7161412239074707],[[773.35595703125,222.69961547851563,45.68415832519531,-0.9545938968658447,-8.670112805475583e-8,0.297910213470459,-7.778688626558506e-8,1,4.177851664621812e-8,-0.297910213470459,1.670801097475305e-8,-0.9545938968658447],8,0.7247543334960938],[[773.1654663085938,222.69961547851563,45.62340545654297,-0.9576645493507385,-1.0262208860467581e-7,0.2878865599632263,-9.170047832185446e-8,1,5.1422318847471618e-8,-0.2878865599632263,2.284599709412305e-8,-0.9576645493507385],8,0.7374241352081299],[[772.9740600585938,222.69961547851563,45.56538391113281,-0.9596522450447083,-8.252604999370306e-8,0.2811894714832306,-7.347294683768269e-8,1,4.273835685353333e-8,-0.2811894714832306,2.035414325973761e-8,-0.9596522450447083],8,0.7479290962219238],[[772.84619140625,222.69961547851563,45.52764129638672,-0.9606290459632874,-6.917223061009281e-8,0.2778342664241791,-6.13075954447595e-8,1,3.6994617147456668e-8,-0.2778342664241791,1.850475150888542e-8,-0.9606290459632874],8,0.7593502998352051],[[772.6541137695313,222.69961547851563,45.47190856933594,-0.9611113667488098,-4.9227246279315298e-8,0.2761610150337219,-4.3054349418980567e-8,1,2.8415380270985225e-8,-0.2761610150337219,1.5420411614286423e-8,-0.9611113667488098],8,0.7704277038574219],[[772.5259399414063,222.69961547851563,45.435020446777347,-0.9596514701843262,-3.603934572993239e-8,0.28119224309921267,-3.092213418653955e-8,1,2.2635306962115466e-8,-0.28119224309921267,1.3026941303451168e-8,-0.9596514701843262],8,0.781139612197876],[[772.27001953125,222.69961547851563,45.360225677490237,-0.9566531181335449,-9.654815613657775e-9,0.29122981429100039,-6.795603635367797e-9,1,1.0829180219218415e-8,-0.29122981429100039,8.380686367104318e-9,-0.9566531181335449],8,0.8058083057403565],[[771.8872680664063,222.69961547851563,45.244140625,-0.9370729327201843,2.958724110158073e-8,0.34913370013237,2.820720368390539e-8,1,-9.03675267949211e-9,-0.34913370013237,1.3799890119514658e-9,-0.9370729327201843],8,0.8326208591461182],[[771.4490356445313,222.69961547851563,45.08352279663086,-0.8556987047195435,7.533083135058405e-8,0.5174744129180908,6.397010565706296e-8,1,-3.979269536102947e-8,-0.5174744129180908,-9.47665834694078e-10,-0.8556987047195435],8,0.8524923324584961],[[771.2157592773438,222.69961547851563,44.95527267456055,-0.7255724668502808,1.0045320664175961e-7,0.6881457567214966,7.986846384255841e-8,1,-6.176431099902402e-8,-0.6881457567214966,1.0146661288956693e-8,-0.7255724668502808],8,0.8669824600219727],[[771.1133422851563,222.69961547851563,44.87089157104492,-0.6764783263206482,1.1279002620767642e-7,0.7364625334739685,8.716288846244425e-8,1,-7.308752003609698e-8,-0.7364625334739685,1.4750075827407727e-8,-0.6764783263206482],8,0.8752601146697998],[[770.9747314453125,222.69961547851563,44.72706985473633,-0.6207172274589539,1.1334604010926341e-7,0.7840345501899719,8.42709013681997e-8,1,-7.785070721411103e-8,-0.7840345501899719,1.7748025271657754e-8,-0.6207172274589539],8,0.8855912685394287],[[770.8897705078125,222.69961547851563,44.62446212768555,-0.5667766332626343,8.931605322004543e-8,0.8238714933395386,6.63259882571765e-8,1,-6.278168029894005e-8,-0.8238714933395386,1.9060902189949048e-8,-0.5667766332626343],8,0.8958218097686768],[[770.7739868164063,222.69961547851563,44.46152877807617,-0.521456241607666,5.4288065598484539e-8,0.8532780408859253,4.069915249260703e-8,1,-3.8750837205725477e-8,-0.8532780408859253,1.4520824542785249e-8,-0.521456241607666],8,0.908348798751831],[[770.7027587890625,222.69961547851563,44.34886169433594,-0.46532267332077029,3.067003362389187e-8,0.885141134262085,2.4694958966620108e-8,1,-2.166762946842482e-8,-0.885141134262085,1.1776085884207533e-8,-0.46532267332077029],8,0.9185199737548828],[[770.6072998046875,222.69961547851563,44.1732177734375,-0.4653347432613373,-3.1643414555304618e-9,0.885134756565094,7.016467407083837e-10,1,3.943853688070931e-9,-0.885134756565094,2.456264081018844e-9,-0.4653347432613373],8,0.9284536838531494],[[770.5135498046875,223.35189819335938,43.996578216552737,-0.44980502128601076,-3.701968509517428e-8,0.8931267857551575,-2.2825545897831036e-8,1,2.995390957494237e-8,-0.8931267857551575,-6.9126873114555568e-9,-0.44980502128601076],3,0.943274974822998],[[770.4229125976563,223.97352600097657,43.818328857421878,-0.3930637538433075,-7.096980425558286e-8,0.9195111989974976,-4.3268929772466438e-8,1,5.8685913018052818e-8,-0.9195111989974976,-1.6718958661954276e-8,-0.3930637538433075],5,0.9630861282348633],[[770.302978515625,224.75466918945313,43.58018493652344,-0.3348585069179535,-1.1830127988332606e-7,0.942268431186676,-6.585908352008119e-8,1,1.0214478152192896e-7,-0.942268431186676,-2.785288266693442e-8,-0.3348585069179535],5,0.9716036319732666],[[770.2130737304688,225.3047637939453,43.40156173706055,-0.3608725070953369,-1.399330358253792e-7,0.9326151609420776,-7.17123995741531e-8,1,1.2229482138081949e-7,-0.9326151609420776,-2.2747226324781878e-8,-0.3608725070953369],5,0.9833297729492188],[[770.1228637695313,225.82420349121095,43.22306442260742,-0.3618619740009308,-1.2628039769424505e-7,0.9322316646575928,-5.556889703939305e-8,1,1.1389028031771886e-7,-0.9322316646575928,-1.0590522236952893e-8,-0.3618619740009308],5,0.9936342239379883],[[770.0625610351563,226.15347290039063,43.104164123535159,-0.39579275250434878,-1.1721276393927838e-7,0.9183398485183716,-4.489789517947429e-8,1,1.0828507868154702e-7,-0.9183398485183716,1.6269223745979389e-9,-0.39579275250434878],5,1.004190444946289],[[769.971435546875,226.62181091308595,42.926109313964847,-0.37955933809280398,-1.031333241030552e-7,0.9251673817634583,-2.920066322076309e-8,1,9.94954447719465e-8,-0.9251673817634583,1.0748923529035892e-8,-0.37955933809280398],5,1.0145173072814942],[[769.9092407226563,226.91700744628907,42.80816650390625,-0.4212779402732849,-9.284433133416315e-8,0.9069315791130066,-1.8745422991628403e-8,1,9.366450370862367e-8,-0.9069315791130066,2.2457971482481299e-8,-0.4212779402732849],5,1.0256450176239014],[[769.8135986328125,227.33425903320313,42.63253402709961,-0.4036576747894287,-7.858682238293113e-8,0.914910078048706,-3.3419951250834858e-9,1,8.442118826224032e-8,-0.914910078048706,3.101963841345423e-8,-0.4036576747894287],5,1.0408542156219483],[[769.6498413085938,227.9615478515625,42.34223175048828,-0.37121573090553286,-5.4748749533928279e-8,0.928546667098999,2.1657657001128429e-8,1,6.762009263638902e-8,-0.928546667098999,4.521178809113735e-8,-0.37121573090553286],5,1.062140703201294],[[769.5122680664063,228.40206909179688,42.113834381103519,-0.4352523386478424,-3.019840733031742e-8,0.9003084897994995,4.1936402794817698e-8,1,5.381635759249548e-8,-0.9003084897994995,6.117939932437366e-8,-0.4352523386478424],5,1.0780870914459229],[[769.2930908203125,228.9606475830078,41.779239654541019,-0.39208561182022097,5.383233858680114e-10,0.9199287295341492,7.132335611004237e-8,1,2.981376212574105e-8,-0.9199287295341492,7.730194795385614e-8,-0.39208561182022097],5,1.1011314392089844],[[769.1802978515625,229.1939697265625,41.614078521728519,-0.49260181188583376,2.7658748180670046e-8,0.8702548146247864,8.660001071802981e-8,1,1.7236988725244374e-8,-0.8702548146247864,8.385504912666875e-8,-0.49260181188583376],5,1.1113207340240479],[[769.1036987304688,229.3324737548828,41.504920959472659,-0.5302279591560364,4.422665966785644e-8,0.8478551506996155,9.695470026827025e-8,1,8.470118828540763e-9,-0.8478551506996155,8.669463369415098e-8,-0.5302279591560364],5,1.1223070621490479],[[768.9869995117188,229.5146942138672,41.3425178527832,-0.521205723285675,6.346022018988151e-8,0.8534310460090637,1.1245885644939335e-7,1,-5.678276959741879e-9,-0.8534310460090637,9.301633241420859e-8,-0.521205723285675],5,1.1320760250091553],[[768.9071044921875,229.619140625,41.23575210571289,-0.560966432094574,8.191811673441407e-8,0.8278385400772095,1.2304391816542194e-7,1,-1.5576233636238613e-8,-0.8278385400772095,9.312275750517074e-8,-0.560966432094574],5,1.1424870491027833],[[768.7437133789063,229.7871551513672,41.02503967285156,-0.5329740047454834,1.0846513731621599e-7,0.8461316227912903,1.4403029524601153e-7,1,-3.7465493818444887e-8,-0.8461316227912903,1.019004542968105e-7,-0.5329740047454834],5,1.1589434146881104],[[768.6165771484375,229.87741088867188,40.87068176269531,-0.5752395391464233,1.374636724449374e-7,0.8179849982261658,1.6027154003950273e-7,1,-5.534225877568133e-8,-0.8179849982261658,9.926466759679897e-8,-0.5752395391464233],5,1.1702470779418946],[[768.5299072265625,229.92054748535157,40.76939010620117,-0.6296871900558472,1.3004208199163259e-7,0.7768487930297852,1.3787791885988555e-7,1,-5.563775218320188e-8,-0.7768487930297852,7.207591323776797e-8,-0.6296871900558472],5,1.180192232131958],[[768.39501953125,229.95970153808595,40.62179946899414,-0.614544689655304,1.0687386975405389e-7,0.7888820171356201,1.04652379206982e-7,1,-5.3950156342352787e-8,-0.7888820171356201,4.9403595880903597e-8,-0.614544689655304],5,1.1929645538330079],[[768.2574462890625,229.96820068359376,40.476661682128909,-0.6255040764808655,8.412602170437822e-8,0.7802208662033081,7.176780769668767e-8,1,-5.028699945341941e-8,-0.7802208662033081,2.454001624130342e-8,-0.6255040764808655],5,1.2054014205932618],[[768.1178588867188,229.946044921875,40.33348846435547,-0.6430549025535584,5.955936543955431e-8,0.7658200860023499,3.9119736783277406e-8,1,-4.4923378794692329e-8,-0.7658200860023499,1.0704792607896252e-9,-0.6430549025535584],5,1.2173151969909669],[[767.9752197265625,229.8932342529297,40.193294525146487,-0.6483911871910095,3.277198956652683e-8,0.7613072991371155,6.730270563082286e-9,1,-3.731494757630571e-8,-0.7613072991371155,-1.907087820995912e-8,-0.6483911871910095],5,1.2280044555664063],[[767.8312377929688,229.8097686767578,40.05451202392578,-0.6589641571044922,3.980856089214058e-9,0.7521743178367615,-2.5504904854756206e-8,1,-2.7636776422923505e-8,-0.7521743178367615,-3.739577891792578e-8,-0.6589641571044922],5,1.2415831089019776],[[767.63671875,229.65078735351563,39.8720588684082,-0.6429530382156372,-3.5659013519762087e-8,0.7659055590629578,-6.797708351768961e-8,1,-1.050659204082649e-8,-0.7659055590629578,-5.881927123141395e-8,-0.6429530382156372],5,1.2587897777557374],[[767.43994140625,229.43731689453126,39.692047119140628,-0.6509454846382141,-8.010843544070667e-8,0.7591244578361511,-1.1023609403082446e-7,1,1.1000496513702274e-8,-0.7591244578361511,-7.652219125020565e-8,-0.6509454846382141],5,1.2802841663360596],[[767.1812133789063,229.0938262939453,39.50251770019531,-0.6550043225288391,-1.0953552731507443e-7,0.7556251287460327,-1.2939617022311723e-7,1,3.279466653793861e-8,-0.7556251287460327,-7.629434861655682e-8,-0.6550043225288391],5,1.2970974445343018],[[766.7247924804688,228.3671112060547,39.32118225097656,-0.6037500500679016,-8.492126113424092e-8,0.7971736788749695,-7.773586219173012e-8,1,4.765364636227787e-8,-0.7971736788749695,-3.3198087834307447e-8,-0.6037500500679016],5,1.3428146839141846],[[766.413330078125,227.80221557617188,39.2841796875,-0.6669406294822693,-7.101774457396459e-8,0.7451108694076538,-4.585565349657372e-8,1,5.426675642183909e-8,-0.7451108694076538,2.0251631482892664e-9,-0.6669406294822693],5,1.3504345417022706],[[766.2171020507813,227.4224090576172,39.28976058959961,-0.7052228450775147,-5.9573896038500609e-8,0.7089856863021851,-2.6820517362580177e-8,1,5.7348767512621637e-8,-0.7089856863021851,2.1428299135095587e-8,-0.7052228450775147],5,1.3621549606323243],[[765.8849487304688,226.72125244140626,39.31435775756836,-0.6683539152145386,-4.092176197900699e-8,0.7438434362411499,4.954791688049909e-9,1,5.946589709537875e-8,-0.7438434362411499,4.342985349126138e-8,-0.6683539152145386],5,1.3821024894714356],[[765.7520141601563,226.4169464111328,39.32463836669922,-0.7247528433799744,-2.8555954045828004e-8,0.6890089511871338,1.7672583396688425e-8,1,6.003435970569626e-8,-0.6890089511871338,5.568663752342218e-8,-0.7247528433799744],5,1.3919677734375],[[765.6190795898438,226.09902954101563,39.3349723815918,-0.7247771620750427,-1.941352500978155e-8,0.6889833211898804,3.0402564021869696e-8,1,6.015908837753159e-8,-0.6889833211898804,6.454880008277542e-8,-0.7247771620750427],5,1.4032444953918458],[[765.3532104492188,225.42230224609376,39.35566329956055,-0.6831294894218445,-4.418882593171247e-9,0.7302972674369812,5.5819338484752737e-8,1,5.826493065796967e-8,-0.7302972674369812,8.056720446347754e-8,-0.6831294894218445],5,1.413034200668335],[[765.2202758789063,225.06349182128907,39.365318298339847,-0.7118561863899231,8.88552520450503e-9,0.7023252844810486,6.856709688918272e-8,1,5.684600523636618e-8,-0.7023252844810486,8.862258482622565e-8,-0.7118561863899231],5,1.4244606494903565],[[765.0206909179688,224.49974060058595,39.377498626708987,-0.6811622977256775,2.0622211494014665e-8,0.7321324348449707,8.760593317447274e-8,1,5.3339601180368848e-8,-0.7321324348449707,1.0047207155139404e-7,-0.6811622977256775],5,1.438321828842163],[[764.8754272460938,224.72146606445313,39.376129150390628,-0.6897819638252258,-0.002844693837687373,0.7240115404129028,-0.00014236502465792,0.9999927878379822,0.003793410025537014,-0.7240171432495117,0.0025135520845651628,-0.6897774338722229],7,1.4529914855957032],[[764.7153930664063,225.3966827392578,39.3460693359375,-0.6803489923477173,0.0085074407979846,0.7328389286994934,0.0021829328034073116,0.9999517202377319,-0.009581741876900196,-0.7328850626945496,-0.004919190425425768,-0.6803346872329712],7,1.4626057147979737],[[764.6549072265625,225.68167114257813,39.311859130859378,-0.685620129108429,0.00935718696564436,0.7278993725776672,0.00765249552205205,0.9999547600746155,-0.00564646627753973,-0.7279192805290222,0.0016989154973998666,-0.685660719871521],7,1.47550630569458],[[764.5790405273438,226.0220947265625,39.22303771972656,-0.6687002778053284,0.012964969500899315,0.7434189915657044,0.011716176755726338,0.9999075531959534,-0.006899419706314802,-0.7434397339820862,0.00409638462588191,-0.6687904000282288],8,1.4902150630950928],[[764.5375366210938,226.2952117919922,39.152099609375,-0.641218900680542,0.009448741562664509,0.7672998309135437,0.007469870150089264,0.9999536871910095,-0.0060712662525475029,-0.7673216462135315,0.0018386214505881072,-0.6412597298622131],8,1.5010182857513428],[[764.4581909179688,226.4778289794922,39.043670654296878,-0.6222821474075317,0.0036028381437063219,0.7827847599983215,0.0024626089725643398,0.9999934434890747,-0.00264488672837615,-0.7827891707420349,0.0002818269422277808,-0.6222869157791138],8,1.514594316482544],[[764.3143920898438,226.5780487060547,38.85911178588867,-0.6292042136192322,-0.00027576161664910614,0.777239978313446,-0.00041462856461293995,0.9999999403953552,0.000019138960851705634,-0.7772399187088013,-0.00031022357870824635,-0.629204273223877],8,1.5413687229156495],[[763.9523315429688,228.7864532470703,38.39015579223633,-0.7216049432754517,-0.005080237053334713,0.6922864317893982,-0.003897801274433732,0.9999870657920837,0.0032753762789070608,-0.6922941207885742,-0.00033486727625131607,-0.7216153740882874],3,1.593611717224121],[[763.593505859375,230.4304962158203,38.01852798461914,-0.7342017292976379,-0.000762389856390655,0.678930938243866,-0.00045749821583740413,0.9999997019767761,0.0006281841197051108,-0.6789312362670898,0.00015060417354106903,-0.7342018485069275],5,1.6204493045806885],[[763.2745971679688,231.5204620361328,37.782196044921878,-0.7731801271438599,0.00010123317042598501,0.6341864466667175,0.000122931320220232,1,-0.000009752833648235537,-0.6341864466667175,0.00007042067591100931,-0.7731801271438599],5,1.6359944343566895],[[762.9813232421875,232.33509826660157,37.62401580810547,-0.8061065077781677,0.0000639917270746082,0.5917704701423645,0.00004774441913468763,1,-0.0000430988657171838,-0.5917704701423645,-0.000006488539838755969,-0.8061065077781677],5,1.6500475406646729],[[762.8031005859375,232.7830047607422,37.53330612182617,-0.860167920589447,0.000023144410079112278,0.5100109577178955,0.000011937363524339162,1,-0.00002524705087125767,-0.5100109577178955,-0.00001562851684866473,-0.860167920589447],5,1.6629188060760499],[[762.6222534179688,233.20025634765626,37.4478645324707,-0.8698068857192993,0.0000030593698738812238,0.49339237809181216,-0.0000021816442767885748,1,-0.000010046728675661143,-0.49339237809181216,-0.000009815120392886456,-0.8698068857192993],5,1.676379919052124],[[762.3786010742188,233.7089080810547,37.339351654052737,-0.8723158240318298,-0.000003282295665485435,0.48894280195236208,-0.000004175781668891432,1,-7.369063155238109e-7,-0.48894280195236208,-0.0000026845334559766344,-0.8723158240318298],5,1.695192813873291],[[762.13134765625,234.16305541992188,37.2396240234375,-0.8920432925224304,-0.0000020740953914355488,0.4519498944282532,-0.000001775457803887548,1,0.0000010848771125893109,-0.4519498944282532,1.653393439937645e-7,-0.8920432925224304],5,1.7075486183166505],[[762.0059814453125,234.36968994140626,37.19432830810547,-0.9201558828353882,-0.0000011497626246637083,0.39155229926109316,-8.351585165655706e-7,1,9.737821073940723e-7,-0.39155229926109316,5.690230864274781e-7,-0.9201558828353882],5,1.7210524082183838],[[761.7543334960938,234.74209594726563,37.10626220703125,-0.8920431137084961,-1.5687002985487198e-7,0.4519502818584442,1.8917932109729919e-8,1,3.844353102522291e-7,-0.4519502818584442,3.5148283927810555e-7,-0.8920431137084961],5,1.7368805408477784],[[761.5026245117188,235.05999755859376,37.01841354370117,-0.8920431137084961,9.120755350977561e-8,0.4519502818584442,1.303643273331545e-7,1,5.5499576490092298e-8,-0.4519502818584442,1.0842620667972369e-7,-0.8920431137084961],5,1.7510244846343995],[[761.3138427734375,235.2626495361328,36.95252990722656,-0.9066026210784912,1.0473086575757407e-7,0.4219854474067688,9.018784652425893e-8,1,-5.4424457829327369e-8,-0.4219854474067688,-1.1283397327588318e-8,-0.9066026210784912],5,1.7633357048034669],[[761.0621337890625,235.48516845703126,36.86468505859375,-0.8920432329177856,7.34016367687218e-8,0.4519501030445099,2.2273342281664555e-8,1,-1.1844858249787649e-7,-0.4519501030445099,-9.559482094800842e-8,-0.8920432329177856],5,1.7779719829559327],[[760.3699340820313,235.81610107421876,36.623111724853519,-0.7634461522102356,-3.149557414872106e-8,0.6458714604377747,-1.0693405272377277e-7,1,-7.763591014509075e-8,-0.6458714604377747,-1.2833649520871405e-7,-0.7634461522102356],5,1.825115442276001],[[760.1182250976563,235.83424377441407,36.5352668762207,-0.8920432329177856,-1.1358433482655528e-7,0.4519501030445099,-1.5485130688830396e-7,1,-5.431954619439239e-8,-0.4519501030445099,-1.1844044678355204e-7,-0.8920432329177856],5,1.8399608135223389],[[759.8035888671875,235.78028869628907,36.42546081542969,-0.883953869342804,-1.0463537591931527e-7,0.4675741493701935,-1.2336809618318512e-7,1,-9.445194848467509e-9,-0.4675741493701935,-6.603284674611132e-8,-0.883953869342804],5,1.859856367111206],[[759.6138916015625,235.70704650878907,36.36199188232422,-0.938757598400116,-1.0590726162718056e-7,0.34457823634147646,-1.065873149741492e-7,1,1.6970332694654645e-8,-0.34457823634147646,-2.0796639077502733e-8,-0.938757598400116],5,1.871650218963623],[[759.2274780273438,235.46856689453126,36.25908279418945,-0.9279696345329285,-9.253047039692319e-8,0.3726557791233063,-7.293341752756533e-8,1,6.668479102245328e-8,-0.3726557791233063,3.4702402729180906e-8,-0.9279696345329285],5,1.9050383567810059],[[758.900390625,235.17617797851563,36.19536590576172,-0.9517607688903809,-7.614653441123665e-8,0.30684101581573489,-4.55745841065891e-8,1,1.0679939066449151e-7,-0.30684101581573489,8.766332371124008e-8,-0.9517607688903809],5,1.9305462837219239],[[758.57080078125,234.7986297607422,36.1456413269043,-0.9594716429710388,-5.824389859299117e-8,0.28180521726608279,-1.7773894356309939e-8,1,1.4616603039030452e-7,-0.28180521726608279,1.3523337827336946e-7,-0.9594716429710388],5,1.938476324081421],[[758.4385375976563,234.62376403808595,36.12889862060547,-0.9837559461593628,-3.608452203707202e-8,0.1795111745595932,-7.0601271495718269e-9,1,1.623246106419174e-7,-0.1795111745595932,1.584204198934458e-7,-0.9837559461593628],5,1.9509766101837159],[[758.1736450195313,234.23316955566407,36.09825134277344,-0.970889151096344,-1.699220497641818e-8,0.23952916264533997,1.313438602323913e-8,1,1.2417793016084034e-7,-0.23952916264533997,1.237090856420764e-7,-0.970889151096344],5,1.9704861640930176],[[757.9747924804688,233.90444946289063,36.07636642456055,-0.9768606424331665,6.607138391956369e-9,0.21387682855129243,2.7675307379126936e-8,1,9.55118863998905e-8,-0.21387682855129243,9.922091237513087e-8,-0.9768606424331665],5,1.9771950244903565],[[757.8423461914063,233.66827392578126,36.06121826171875,-0.983443021774292,2.2838133162395026e-8,0.1812175214290619,3.72905155643366e-8,1,7.634451293370148e-8,-0.1812175214290619,8.18381735712137e-8,-0.983443021774292],5,1.9867801666259766],[[757.7098999023438,233.41847229003907,36.04587173461914,-0.9761378765106201,3.249137137117941e-8,0.21715159714221955,4.587986879300843e-8,1,5.661348367880237e-8,-0.21715159714221955,6.522545703546712e-8,-0.9761378765106201],5,1.9965465068817139],[[757.5120239257813,233.01821899414063,36.01691818237305,-0.9605230093002319,4.73010430823706e-8,0.2782004773616791,5.6776865875463048e-8,1,2.6004418174352396e-8,-0.2782004773616791,4.077319459838691e-8,-0.9605230093002319],5,2.007481098175049],[[757.3151245117188,232.5873260498047,35.98190689086914,-0.9496762752532959,6.427207210890629e-8,0.31323301792144778,6.582833833590485e-8,1,-5.607513120509111e-9,-0.31323301792144778,1.5294286725975327e-8,-0.9496762752532959],5,2.0204620361328127],[[757.11962890625,232.12576293945313,35.9399528503418,-0.9166540503501892,8.065473622309583e-8,0.39968159794807436,7.117566269698728e-8,1,-3.855887342751885e-8,-0.39968159794807436,-6.8975434253104599e-9,-0.9166540503501892],5,2.0304551124572756],[[756.9913330078125,231.801025390625,35.90419387817383,-0.9088577032089233,9.22946767900612e-8,0.4171063303947449,7.354623932087634e-8,1,-6.101947036540878e-8,-0.4171063303947449,-2.4781412477636878e-8,-0.9088577032089233],5,2.0417895317077638],[[756.80322265625,231.2883758544922,35.83657455444336,-0.8689458966255188,1.1160260982023829e-7,0.49490708112716677,7.406895008443826e-8,1,-9.545366452812232e-8,-0.49490708112716677,-4.628682148677399e-8,-0.8689458966255188],5,2.0585479736328127],[[756.5108032226563,230.36581420898438,35.70933151245117,-0.8127545118331909,6.55602931942667e-8,0.5826062560081482,2.995390957494237e-8,1,-7.074265795381507e-8,-0.5826062560081482,-4.004508014077146e-8,-0.8127545118331909],7,2.0824079513549806],[[756.2509765625,229.61260986328126,35.546932220458987,-0.7258079051971436,2.1122186666389099e-8,0.6878974437713623,-6.932411977800257e-9,1,-3.801989123530802e-8,-0.6878974437713623,-3.23639248733798e-8,-0.7258079051971436],7,2.0997931957244875],[[756.0744018554688,229.592041015625,35.39143753051758,-0.6401662826538086,-1.4707331352781239e-8,0.7682363986968994,-3.298149664487937e-8,1,-8.338985502120977e-9,-0.7682363986968994,-3.067592402317132e-8,-0.6401662826538086],8,2.113917827606201],[[755.9236450195313,229.5848388671875,35.219913482666019,-0.5509366393089294,-5.072692133012424e-8,0.8345471024513245,-5.5470138704549757e-8,1,2.4164473089172135e-8,-0.8345471024513245,-3.29793472531037e-8,-0.5509366393089294],8,2.1270639896392824],[[755.8275146484375,229.54367065429688,35.08312225341797,-0.5168882012367249,-7.889804720662141e-8,0.8560529351234436,-7.131799151238738e-8,1,4.91028302462837e-8,-0.8560529351234436,-3.5671298803663379e-8,-0.5168882012367249],8,2.1407697200775148],[[755.76904296875,229.4991912841797,34.98957824707031,-0.47124189138412478,-9.6568825824761e-8,0.8820040225982666,-8.10193370170964e-8,1,6.620051351546863e-8,-0.8820040225982666,-4.026292543812815e-8,-0.47124189138412478],8,2.1523356437683107],[[755.6901245117188,229.4069366455078,34.84611129760742,-0.4636911153793335,-9.17193929694804e-8,0.88599693775177,-7.0524407647099e-8,1,6.661179696720865e-8,-0.88599693775177,-3.15971071529475e-8,-0.4636911153793335],8,2.1632277965545656],[[755.6140747070313,229.28402709960938,34.7016716003418,-0.48836007714271548,-7.109560584694919e-8,0.8726422190666199,-4.7293287508409779e-8,1,5.500473321262689e-8,-0.8726422190666199,-1.440800367902284e-8,-0.48836007714271548],8,2.173612594604492],[[755.5347900390625,229.1304473876953,34.55830001831055,-0.5170725584030151,-5.0074007162947967e-8,0.8559415936470032,-2.3705938545504069e-8,1,4.418095755909235e-8,-0.8559415936470032,2.5538615666675925e-9,-0.5170725584030151],8,2.187312602996826],[[755.4505004882813,228.9462127685547,34.41668701171875,-0.5869370102882385,-2.8237041149736798e-8,0.8096325993537903,6.891420767374257e-10,1,3.5375951057403657e-8,-0.8096325993537903,2.1321408638641516e-8,-0.5869370102882385],8,2.200979471206665],[[755.3545532226563,228.91513061523438,34.279747009277347,-0.6244566440582275,-5.766935817774765e-9,0.7810595035552979,2.545631438977125e-8,1,2.7735787000437996e-8,-0.7810595035552979,3.720269248219665e-8,-0.6244566440582275],8,2.2121222019195558],[[755.2501831054688,228.92762756347657,34.14656448364258,-0.6939897537231445,1.911677927068922e-8,0.7199848890304565,5.0807475560077367e-8,1,2.2421424716867479e-8,-0.7199848890304565,5.2140855189009019e-8,-0.6939897537231445],8,2.224151611328125],[[755.0927124023438,228.90061950683595,33.97864532470703,-0.7259603142738342,5.000243419317485e-8,0.6877365708351135,8.487037206350579e-8,1,1.6881591236028727e-8,-0.6877365708351135,7.062382678668655e-8,-0.7259603142738342],8,2.2379236221313478],[[755.0125732421875,228.8666534423828,33.89543533325195,-0.7831751704216003,7.023136561201682e-8,0.6218010783195496,1.0206747447227827e-7,1,1.5608451420234816e-8,-0.6218010783195496,7.568981885697213e-8,-0.7831751704216003],8,2.248436212539673],[[754.8521728515625,229.73977661132813,33.72903823852539,-0.8276290893554688,1.0421504725854902e-7,0.5612754225730896,1.3653365726895573e-7,1,1.5650389428856216e-8,-0.5612754225730896,8.958570418826639e-8,-0.8276290893554688],3,2.2671661376953127],[[754.7175903320313,230.3614044189453,33.608211517333987,-0.8228650689125061,1.3021374911659223e-7,0.5682368278503418,1.6306066186189128e-7,1,6.974517408053771e-9,-0.5682368278503418,9.839616410545205e-8,-0.8228650689125061],5,2.286402702331543],[[754.5067749023438,231.14254760742188,33.461326599121097,-0.806881844997406,1.0827604768337551e-7,0.5907129049301148,1.2716385811017973e-7,1,-9.598295491741738e-9,-0.5907129049301148,6.737264612866056e-8,-0.806881844997406],5,2.2957732677459719],[[754.2750854492188,231.86920166015626,33.3303108215332,-0.8098241686820984,8.781096738630367e-8,0.5866726636886597,9.142642909409915e-8,1,-2.347414351788757e-8,-0.5866726636886597,3.462745468141293e-8,-0.8098241686820984],5,2.3136870861053469],[[754.0406494140625,232.54135131835938,33.20327377319336,-0.8293499946594238,6.601031543596037e-8,0.5587294101715088,5.611307685171596e-8,1,-3.485217092702442e-8,-0.5587294101715088,2.4473802984203987e-9,-0.8293499946594238],5,2.351897716522217],[[753.5632934570313,233.72213745117188,32.96539306640625,-0.7964732646942139,1.7691510478812235e-8,0.6046737432479858,-1.4022472072383607e-8,1,-4.772827111310107e-8,-0.6046737432479858,-4.649331231121323e-8,-0.7964732646942139],5,2.360004186630249],[[753.4410400390625,233.98326110839845,32.91227340698242,-0.912470281124115,-7.834175974608116e-9,0.40914300084114077,-3.1486326435015147e-8,1,-5.1073005380430916e-8,-0.40914300084114077,-5.94850106949707e-8,-0.912470281124115],5,2.370959758758545],[[753.2540893554688,234.34942626953126,32.841278076171878,-0.9248342514038086,-3.204995024930213e-8,0.3803704082965851,-5.76022785025998e-8,1,-5.579458672855253e-8,-0.3803704082965851,-7.351094666319114e-8,-0.9248342514038086],5,2.380574941635132],[[752.9995727539063,234.78994750976563,32.76202392578125,-0.9387197494506836,-6.572985000730114e-8,0.34468141198158266,-9.248352483837152e-8,1,-6.11760739843703e-8,-0.34468141198158266,-8.930453532229876e-8,-0.9387197494506836],5,2.4007740020751955],[[752.8052368164063,235.08456420898438,32.71513366699219,-0.9595487713813782,-9.593350114300847e-8,0.28154247999191286,-1.1888428730344458e-7,1,-6.443705302672243e-8,-0.28154247999191286,-9.530147337954986e-8,-0.9595487713813782],5,2.4102182388305666],[[752.6744995117188,235.26394653320313,32.68926239013672,-0.9834457635879517,-1.2208921873479995e-7,0.18120282888412476,-1.365173716294521e-7,1,-6.715239209142965e-8,-0.18120282888412476,-9.077806595314542e-8,-0.9834457635879517],5,2.421135902404785],[[752.4763793945313,235.50747680664063,32.66240692138672,-0.9834216833114624,-1.1969021329605312e-7,0.181333526968956,-1.3187379011014856e-7,1,-5.51322969499779e-8,-0.181333526968956,-7.813143554358249e-8,-0.9834216833114624],5,2.4322922229766847],[[752.3436279296875,235.65280151367188,32.65011978149414,-0.993299126625061,-1.1359503560015583e-7,0.11557158082723618,-1.1921622444788228e-7,1,-4.172601464347281e-8,-0.11557158082723618,-5.5224422368382878e-8,-0.993299126625061],5,2.443319320678711],[[752.1439208984375,235.84524536132813,32.638824462890628,-0.9965758323669434,-9.886996110708424e-8,0.0826840028166771,-1.010638541742992e-7,1,-2.2348119799175948e-8,-0.0826840028166771,-3.0627958835793837e-8,-0.9965758323669434],5,2.4545557498931886],[[751.9439697265625,236.00701904296876,32.63911437988281,-0.9986826777458191,-8.294814080045399e-8,0.05131145566701889,-8.327316436407273e-8,1,-4.196437863868141e-9,-0.05131145566701889,-8.463777234624104e-9,-0.9986826777458191],5,2.4663307666778566],[[751.7442016601563,236.1381378173828,32.64747619628906,-0.9999675154685974,-6.617808878672804e-8,-0.008058800362050534,-6.628830817589915e-8,1,1.340957034301482e-8,0.008058800362050534,1.3943338927902005e-8,-0.9999675154685974],5,2.4785103797912599],[[751.545166015625,236.23861694335938,32.6666145324707,-0.9994130730628967,-4.841180967218861e-8,-0.03425619751214981,-4.9471150731505989e-8,1,3.007642490615581e-8,0.03425619751214981,3.175346563466519e-8,-0.9994130730628967],5,2.4906604290008547],[[751.4129028320313,236.28855895996095,32.68344497680664,-0.9923862218856812,-3.3499627960509318e-8,-0.12316464632749558,-3.8883232633679657e-8,1,4.1306950748776219e-8,0.12316464632749558,4.5781487045815086e-8,-0.9923862218856812],5,2.501775026321411],[[751.2161254882813,236.3379364013672,32.718963623046878,-0.9930333495140076,-1.5980869960685596e-8,-0.11783355474472046,-2.291239908913667e-8,1,5.7470114001034747e-8,0.11783355474472046,5.976959016606998e-8,-0.9930333495140076],5,2.513587713241577],[[750.9555053710938,236.3560791015625,32.77545928955078,-0.9898746013641357,9.239825793372347e-9,-0.14194443821907044,-1.9239687620853376e-9,1,7.851180328088958e-8,0.14194443821907044,7.798993806318322e-8,-0.9898746013641357],5,2.5270211696624758],[[750.7625122070313,236.33392333984376,32.8277587890625,-0.9796778559684753,3.2250124348820466e-8,-0.20057743787765504,1.3646958230140172e-8,1,9.413073343012002e-8,0.20057743787765504,8.948052254709182e-8,-0.9796778559684753],5,2.5418763160705568],[[750.5076293945313,236.25669860839845,32.90594482421875,-0.975670337677002,5.872793096273199e-8,-0.21924267709255219,3.43823494119988e-8,1,1.1485943218758621e-7,0.21924267709255219,1.0452686893813734e-7,-0.975670337677002],5,2.55784010887146],[[750.2568969726563,236.12496948242188,32.99649429321289,-0.9647110104560852,8.893676550769669e-8,-0.26331090927124026,5.510466394298419e-8,1,1.3587239777734795e-7,0.26331090927124026,1.1656793930114873e-7,-0.9647110104560852],5,2.58904767036438],[[749.7649536132813,235.69801330566407,33.20231628417969,-0.9804967045783997,7.888165498570743e-8,-0.1965356022119522,6.040765754278255e-8,1,9.999283889783328e-8,0.1965356022119522,8.617039526370718e-8,-0.9804967045783997],5,2.6195082664489748],[[749.4657592773438,235.32046508789063,33.34896469116211,-0.9387101531028748,7.043019678576457e-8,-0.34470754861831667,5.675801872939701e-8,1,4.9754842024185567e-8,0.34470754861831667,2.7140455216567717e-8,-0.9387101531028748],5,2.6271541118621828],[[749.3490600585938,235.14559936523438,33.41338348388672,-0.8934431672096252,6.359200455108294e-8,-0.44917628169059756,5.6024408223720459e-8,1,3.0138242124166939e-8,0.44917628169059756,1.7619692371795282e-9,-0.8934431672096252],5,2.6383562088012697],[[749.1763305664063,234.85775756835938,33.51420211791992,-0.9012066721916199,4.943522213807228e-8,-0.4333896338939667,5.4359333034881277e-8,1,1.0296263841524934e-9,0.4333896338939667,-2.2630866070016965e-8,-0.9012066721916199],5,2.650719404220581],[[749.0052490234375,234.53924560546876,33.617881774902347,-0.8847075700759888,3.394179159954547e-8,-0.46614640951156618,5.310711514994182e-8,1,-2.7979357497542879e-8,0.46614640951156618,-4.9509242927570088e-8,-0.8847075700759888],5,2.6628942489624025],