[[[776,222.69961547851563,47,1,2.8364823378979055e-8,-8.79905279497703e-15,-2.8364823378979055e-8,1,-3.081811073002427e-8,7.924902934949331e-15,3.081811073002427e-8,1],8,0.00974726676940918],[[776,222.69961547851563,47,1,5.612864839577014e-8,-1.0394271638606949e-14,-5.612864839577014e-8,1,-6.09832184750303e-8,6.971365758973169e-15,6.09832184750303e-8,1],8,0.03619670867919922],[[776,222.69961547851563,47,1,6.632440374687576e-8,-1.1445195580660726e-14,-6.632440374687576e-8,1,-7.20608070992057e-8,6.665805823031232e-15,7.20608070992057e-8,1],8,0.04391765594482422],[[776,222.69961547851563,47,1,5.5717393365739557e-8,-1.0848774271510556e-14,-5.5717393365739557e-8,1,-6.053639367564756e-8,7.475844182797727e-15,6.053639367564756e-8,1],8,0.054718017578125],[[776,222.69961547851563,47,1,3.9815379437868617e-8,-1.0169268347597158e-14,-3.9815379437868617e-8,1,-4.3259007043161549e-8,8.446894611991319e-15,4.3259007043161549e-8,1],8,0.06777119636535645],[[776,222.69961547851563,47,1,2.3923556469185315e-8,-9.760238678466898e-15,-2.3923556469185315e-8,1,-2.5992690666498676e-8,9.138401298701415e-15,2.5992690666498676e-8,1],8,0.07959747314453125],[[776,222.69961547851563,47,1,8.041919130619135e-9,-9.624648185369272e-15,-8.041919130619135e-9,1,-8.737437440231588e-9,9.554382567229791e-15,8.737437440231588e-9,1],8,0.09060287475585938],[[776,222.69961547851563,47,1,-7.829538795078861e-9,-9.76266288676194e-15,7.829538795078861e-9,1,8.506759741067072e-9,9.69605899205344e-15,-8.506759741067072e-9,1],8,0.1031646728515625],[[776,222.69961547851563,47,1,-3.4259365122579769e-8,-1.0599588189856655e-14,3.4259365122579769e-8,1,3.722253794080643e-8,9.324367382271097e-15,-3.722253794080643e-8,1],8,0.12484598159790039],[[776,222.69961547851563,47,1,-4.4823391220916167e-8,-1.1146337792913939e-14,4.4823391220916167e-8,1,4.870026515391146e-8,8.963427161688253e-15,-4.870026515391146e-8,1],8,0.13343119621276856],[[776,222.69961547851563,47,1,-6.066096602808102e-8,-1.2193101109130803e-14,6.066096602808102e-8,1,6.590765622149775e-8,8.19507934006914e-15,-6.590765622149775e-8,1],8,0.1449413299560547],[[776,222.69961547851563,47,1,-7.121371226048723e-8,-1.3041809487554773e-14,7.121371226048723e-8,1,7.737313012512459e-8,7.531781391601454e-15,-7.737313012512459e-8,1],8,0.15648794174194337],[[776,222.69961547851563,47,1,-7.490071141091903e-8,-1.3481823621895595e-14,7.490071141091903e-8,1,8.137902085536553e-8,7.386477124664715e-15,-8.137902085536553e-8,1],8,0.16823673248291017],[[776,222.69961547851563,47,1,-5.4325802523180758e-8,-1.2245845850756329e-14,5.4325802523180758e-8,1,5.9024539922347688e-8,9.039290820576137e-15,-5.9024539922347688e-8,1],8,0.17989087104797364],[[776,222.69961547851563,47,1,-3.376407775590451e-8,-1.1491257232332415e-14,3.376407775590451e-8,1,3.668438353088277e-8,1.0252643494661294e-14,-3.668438353088277e-8,1],8,0.1919558048248291],[[776,222.69961547851563,47,1,-1.3215529115484515e-8,-1.1200126079130481e-14,1.3215529115484515e-8,1,1.435854102282974e-8,1.1010370370154784e-14,-1.435854102282974e-8,1],8,0.20244050025939942],[[776,222.69961547851563,47,1,4.761855909585222e-10,-1.126126068209856e-14,-4.761855909585222e-10,1,-5.174064510171661e-10,1.126101419551091e-14,5.174064510171661e-10,1],8,0.21384072303771974],[[776,222.69961547851563,47,1,2.100278884142881e-8,-1.1734542882475743e-14,-2.100278884142881e-8,1,-2.2819412137664586e-8,1.1255271312128525e-14,2.2819412137664586e-8,1],8,0.22532916069030763],[[776,222.69961547851563,47,1,4.1516237558880678e-8,-1.2664772252842308e-14,-4.1516237558880678e-8,1,-4.5107128698873569e-8,1.079209336777914e-14,4.5107128698873569e-8,1],8,0.23645448684692384],[[776,222.69961547851563,47,1,6.201653945936414e-8,-1.4051025527285748e-14,-6.201653945936414e-8,1,-6.738056157473693e-8,9.872316383981693e-15,6.738056157473693e-8,1],8,0.2481822967529297],[[776,222.69961547851563,47,1,7.046151040412951e-8,-1.4883226080600679e-14,-7.046151040412951e-8,1,-7.655597045186369e-8,9.488977224141656e-15,7.655597045186369e-8,1],8,0.26002025604248049],[[776,222.69961547851563,47,1,6.003566710433006e-8,-1.4256604658749104e-14,-6.003566710433006e-8,1,-6.522835604982902e-8,1.0340577373047552e-14,6.522835604982902e-8,1],8,0.2716352939605713],[[776,222.69961547851563,47,1,4.440525103177606e-8,-1.3514455566188567e-14,-4.440525103177606e-8,1,-4.824600807751267e-8,1.1372079696653735e-14,4.824600807751267e-8,1],8,0.2838785648345947],[[776,222.69961547851563,47,1,2.878485183543944e-8,-1.3030601547596704e-14,-2.878485183543944e-8,1,-3.127453851448081e-8,1.2130369002024202e-14,3.127453851448081e-8,1],8,0.30098557472229006],[[776,222.69961547851563,47,1,7.973223858925849e-9,-1.2795698982532352e-14,-7.973223858925849e-9,1,-8.662829564798358e-9,1.2726628527881447e-14,8.662829564798358e-9,1],8,0.3140389919281006],[[776,222.69961547851563,47,0.8900657296180725,-2.0699983949157287e-8,0.4558321535587311,5.112176904020771e-9,1,3.5429287947863489e-8,-0.4558321535587311,-2.920410047124733e-8,0.8900657296180725],8,0.3390531539916992],[[776,222.69961547851563,47,0.9016956090927124,-3.5829845757007209e-8,0.4323714077472687,1.2186249342960309e-8,1,5.7454212054608436e-8,-0.4323714077472687,-4.6537223852283208e-8,0.9016956090927124],8,0.36440467834472659],[[776,222.69961547851563,47,0.652259111404419,-8.309337573564335e-8,0.7579960823059082,6.761478044126079e-9,1,1.0380415460531367e-7,-0.7579960823059082,-6.258203200104617e-8,0.652259111404419],8,0.3720126152038574],[[776,222.69961547851563,47,0.5556620955467224,-9.525319200065496e-8,0.8314082026481628,4.886140825277607e-9,1,1.1130289578886732e-7,-0.8314082026481628,-5.7784422580198228e-8,0.5556620955467224],8,0.3807988166809082],[[776,222.69961547851563,47,0.41709068417549136,-8.811766605276716e-8,0.9088648557662964,-2.0649100207492667e-9,1,9.790115740315741e-8,-0.9088648557662964,-4.2710386338740139e-8,0.41709068417549136],8,0.39096713066101076],[[776,222.69961547851563,47,0.28064531087875368,-7.310169536367539e-8,0.9598115682601929,-2.952939892608697e-9,1,7.702598026071428e-8,-0.9598115682601929,-2.445124636096807e-8,0.28064531087875368],8,0.400707483291626],[[776,222.69961547851563,47,-0.01205963734537363,-4.666156883104122e-8,0.999927282333374,4.588346147471611e-9,1,4.672030229357915e-8,-0.999927282333374,5.151441495598874e-9,-0.01205963734537363],8,0.41384458541870119],[[776,222.69961547851563,47,-0.14121119678020478,-1.5282473952993315e-8,0.9899795055389404,1.6232339916655293e-8,1,1.7752551428884545e-8,-0.9899795055389404,1.857654119419294e-8,-0.14121119678020478],8,0.42320823669433596],[[776,222.69961547851563,47,-0.13493883609771729,4.818532683970034e-9,0.9908539056777954,2.4022238420684517e-8,1,-1.5915558870815972e-9,-0.9908539056777954,2.3587768183119807e-8,-0.13493883609771729],8,0.4324352741241455],[[776,222.69961547851563,47,-0.45751211047172549,3.2500420132919319e-8,0.8892033696174622,3.7808206343470377e-8,1,-1.709699581908808e-8,-0.8892033696174622,2.579710312033967e-8,-0.45751211047172549],8,0.4431946277618408],[[776,222.69961547851563,47,-0.5298828482627869,6.469777247275488e-8,0.8480708599090576,6.027783427953182e-8,1,-3.8625998399766107e-8,-0.8480708599090576,3.065261822143839e-8,-0.5298828482627869],8,0.4551985263824463],[[776,222.69961547851563,47,-0.5720986723899841,9.63669535281042e-8,0.8201848268508911,8.371790727323969e-8,1,-5.9098937299495449e-8,-0.8201848268508911,3.485373412104309e-8,-0.5720986723899841],8,0.46863818168640139],[[776,222.69961547851563,47,-0.6109693646430969,8.624378011745648e-8,0.7916542291641235,7.256407741351723e-8,1,-5.293896165881051e-8,-0.7916542291641235,2.510157415258618e-8,-0.6109693646430969],8,0.4831209182739258],[[775.938232421875,222.69961547851563,46.920013427734378,-0.6108333468437195,6.449830181054495e-8,0.791759192943573,5.3298141011737246e-8,1,-4.034309952771764e-8,-0.791759192943573,1.7556379461325379e-8,-0.6108333468437195],8,0.5111453533172607],[[775.6590576171875,222.69961547851563,46.55818557739258,-0.6108211278915405,1.3824002387252677e-8,0.7917686104774475,8.390695249715919e-9,1,-1.098652901987407e-8,-0.7917686104774475,-6.73145289509236e-11,-0.6108211278915405],8,0.5355498790740967],[[775.414794921875,222.69961547851563,46.241485595703128,-0.6108174324035645,-2.9550500713071416e-8,0.7917714715003967,-3.004799253858437e-8,1,1.4141280146873214e-8,-0.7917714715003967,-1.5153403865042493e-8,-0.6108174324035645],8,0.5557453632354736],[[775.251953125,222.69961547851563,46.03034973144531,-0.6108174324035645,-5.843594408361241e-8,0.7917714715003967,-5.564641014643712e-8,1,3.087525612954778e-8,-0.7917714715003967,-2.5200094455612999e-8,-0.6108174324035645],8,0.566401481628418],[[775.1298217773438,222.69961547851563,45.87199783325195,-0.6108174324035645,-8.008382224033994e-8,0.7917714715003967,-7.483086505999381e-8,1,4.341634962656826e-8,-0.7917714715003967,-3.272948134735998e-8,-0.6108174324035645],8,0.5793807506561279],[[775.0484008789063,222.69961547851563,45.76642990112305,-0.6108174324035645,-9.450803162280863e-8,0.7917714715003967,-8.761367098486517e-8,1,5.1772612863487669e-8,-0.7917714715003967,-3.7746389125459248e-8,-0.6108174324035645],8,0.5880177021026611],[[774.9669799804688,222.69961547851563,45.66086196899414,-0.6108174324035645,-1.0892607349433092e-7,0.7917714715003967,-1.0039100573067117e-7,1,6.01253020704462e-8,-0.7917714715003967,-4.2761154617210198e-8,-0.6108174324035645],8,0.5956583023071289],[[774.8855590820313,222.69961547851563,45.555294036865237,-0.6108174324035645,-9.085946572895409e-8,0.7917714715003967,-8.34421456374912e-8,1,5.038265271650744e-8,-0.7917714715003967,-3.5292512023943348e-8,-0.6108174324035645],8,0.6088199615478516],[[774.7227172851563,222.69961547851563,45.34415817260742,-0.5870406627655029,-5.366153033037335e-8,0.8095574378967285,-5.015924031681607e-8,1,2.991265546370414e-8,-0.8095574378967285,-2.304684088016984e-8,-0.5870406627655029],8,0.6206812858581543],[[774.6043701171875,222.69961547851563,45.18292236328125,-0.5670716762542725,-2.6019698395884917e-8,0.8236684799194336,-2.5598261288450886e-8,1,1.3966359624362213e-8,-0.8236684799194336,-1.3164553003264246e-8,-0.5670716762542725],8,0.6429953575134277],[[774.4522705078125,222.69961547851563,44.9638671875,-0.5525960922241211,1.0270341910256775e-8,0.8334491848945618,6.749085290636003e-9,1,-7.847897443014063e-9,-0.8334491848945618,1.2883020206189145e-9,-0.5525960922241211],8,0.650458812713623],[[774.3411865234375,222.69961547851563,44.79755783081055,-0.5525986552238464,3.7292195997906677e-8,0.8334474563598633,3.099150447383181e-8,1,-2.4196284087452115e-8,-0.8334474563598633,1.2458956533123456e-8,-0.5525986552238464],8,0.663057804107666],[[774.2674560546875,222.69961547851563,44.68645095825195,-0.5584067106246948,5.538325353882101e-8,0.8295673131942749,4.722017621361374e-8,1,-3.497629208482067e-8,-0.8295673131942749,1.9641317905438883e-8,-0.5584067106246948],8,0.6723027229309082],[[774.1559448242188,222.69961547851563,44.52039337158203,-0.5785236954689026,8.283993935265244e-8,0.815665602684021,7.193807505245786e-8,1,-5.0537941831407809e-8,-0.815665602684021,2.9440014870374399e-8,-0.5785236954689026],8,0.6844487190246582],[[774.0794677734375,222.69961547851563,44.411155700683597,-0.5898629426956177,1.0122887772467948e-7,0.807503342628479,8.855113264871761e-8,1,-6.06757168952754e-8,-0.807503342628479,3.571497941834423e-8,-0.5898629426956177],8,0.6931121349334717],[[773.9620971679688,222.69961547851563,44.249271392822269,-0.6052695512771606,9.44210611919516e-8,0.7960205674171448,8.31839130910339e-8,1,-5.536586655807696e-8,-0.7960205674171448,3.270483617257014e-8,-0.6052695512771606],8,0.7099714279174805],[[773.8013305664063,222.69961547851563,44.03652572631836,-0.6501216888427734,6.32387582299998e-8,0.759830117225647,5.453707530023166e-8,1,-3.656478853031331e-8,-0.759830117225647,1.766735024943955e-8,-0.6501216888427734],8,0.7209908962249756],[[773.7161865234375,222.69961547851563,43.9339599609375,-0.7151423096656799,4.8115555983940797e-8,0.698978841304779,3.9443811772343909e-8,1,-2.848100066898951e-8,-0.698978841304779,7.202420881924354e-9,-0.7151423096656799],8,0.7313754558563232],[[773.5758666992188,222.69961547851563,43.791664123535159,-0.7542219161987305,2.3797404935521628e-8,0.6566196084022522,1.6155420112795583e-8,1,-1.768548152369931e-8,-0.6566196084022522,-2.7308120209568189e-9,-0.7542219161987305],8,0.7426440715789795],[[773.4266967773438,222.69961547851563,43.658599853515628,-0.7939913868904114,-1.0585857745937233e-9,0.607928991317749,-7.749977548598963e-9,1,-8.380633076399136e-9,-0.607928991317749,-1.1365586694012109e-8,-0.7939913868904114],8,0.7527420520782471],[[773.322265625,222.69961547851563,43.57578659057617,-0.8686544895172119,-1.8968108861372458e-8,0.49541833996772768,-2.434538970419453e-8,1,-4.39956293618593e-9,-0.49541833996772768,-1.588285236664433e-8,-0.8686544895172119],8,0.7650346755981445],[[772.8050537109375,222.69961547851563,43.27259063720703,-0.8994470238685608,-9.368993403313653e-8,0.4370298385620117,-9.998897354535075e-8,1,8.59245119499974e-9,-0.4370298385620117,-3.5969708989114227e-8,-0.8994470238685608],8,0.8020951747894287],[[772.62646484375,222.69961547851563,43.182594299316409,-0.9879593849182129,-1.0704643216286058e-7,0.15471330285072328,-1.0768533087457399e-7,1,4.25108659385387e-9,-0.15471330285072328,-1.246045311376065e-8,-0.9879593849182129],8,0.8098866939544678],[[772.4979858398438,222.69961547851563,43.151206970214847,-0.993548572063446,-8.867862533179505e-8,0.11340741813182831,-8.902176773517567e-8,1,2.038474944399127e-9,-0.11340741813182831,-8.070404788895758e-9,-0.993548572063446],8,0.8202259540557861],[[772.1676635742188,222.69961547851563,43.10881805419922,-0.9994991421699524,-4.212071047504651e-8,0.03164585679769516,-4.2105792630309227e-8,1,1.137814287233141e-9,-0.03164585679769516,-1.952295408669258e-10,-0.9994991421699524],8,0.8390235900878906],[[772.0346069335938,222.69961547851563,43.10147476196289,-0.9999867677688599,-2.334551219007608e-8,-0.0051465509459376339,-2.3353665667968927e-8,1,1.5240221307166735e-9,0.0051465509459376339,1.6441927819244029e-9,-0.9999867677688599],8,0.8480424880981445],[[771.9013061523438,222.69961547851563,43.10042190551758,-0.999332845211029,-4.536464093263248e-9,-0.03652271255850792,-4.6308867851507788e-9,1,2.50071852114786e-9,0.03652271255850792,2.6681825637808744e-9,-0.999332845211029],8,0.8596923351287842],[[771.7013549804688,222.69961547851563,43.10626220703125,-0.9966452717781067,2.3693331741014846e-8,-0.08184219896793366,2.3342925814517913e-8,1,5.238312894562114e-9,0.08184219896793366,3.3103035868009558e-9,-0.9966452717781067],8,0.869805097579956],[[771.568359375,222.69961547851563,43.11554718017578,-0.9955712556838989,4.245802998070758e-8,-0.09400991350412369,4.195852199018191e-8,1,7.290007264515452e-9,0.09400991350412369,3.313204599564301e-9,-0.9955712556838989],8,0.8804242610931397],[[771.369140625,222.69961547851563,43.133636474609378,-0.9945303201675415,7.056450357367794e-8,-0.10444808751344681,6.983320588460629e-8,1,1.0658452787026818e-8,0.10444808751344681,3.306209528375348e-9,-0.9945303201675415],8,0.8943586349487305],[[771.1702270507813,222.69961547851563,43.154090881347659,-0.9943468570709229,9.862622363243645e-8,-0.10618068277835846,9.76841363353742e-8,1,1.4073247456281024e-8,0.10618068277835846,3.6215208609746698e-9,-0.9943468570709229],8,0.9047000408172607],[[770.9713745117188,222.69961547851563,43.175235748291019,-0.9950647354125977,1.0848810205743576e-7,-0.09922773391008377,1.075430162700286e-7,1,1.4873239528867544e-8,0.09922773391008377,4.12858636167357e-9,-0.9950647354125977],8,0.9158732891082764],[[770.7062377929688,223.56251525878907,43.20351028442383,-0.9962034225463867,7.323053097252341e-8,-0.08705584704875946,7.26427131780838e-8,1,9.920205989999431e-9,0.08705584704875946,3.5585709934338185e-9,-0.9962034225463867],3,0.9325520992279053],[[770.507080078125,224.17391967773438,43.221641540527347,-0.9998784065246582,4.6688281685192126e-8,0.015593765303492546,4.676046572171799e-8,1,4.264400832454385e-9,-0.015593765303492546,4.99305441437059e-9,-0.9998784065246582],5,0.9562115669250488],[[770.1741943359375,225.1248016357422,43.238929748535159,-0.9908432960510254,3.3928113651882087e-9,0.13501673936843873,3.383311852900306e-9,1,-2.998103987295053e-10,-0.13501673936843873,1.5973861122731137e-10,-0.9908432960510254],5,0.9641010761260986],[[770.1075439453125,225.3047637939453,43.241050720214847,-0.9999446272850037,-5.2800044336720479e-9,0.010522657074034214,-5.291118210237755e-9,1,-1.0283390805554405e-9,-0.010522657074034214,-1.0839587005762042e-9,-0.9999446272850037],5,0.9723513126373291],[[769.9742431640625,225.6544647216797,43.24437713623047,-0.9990383386611939,-2.2577099301201998e-8,0.04384498670697212,-2.2661733822815223e-8,1,-1.4332455222643148e-9,-0.04384498670697212,-2.425470713163236e-9,-0.9990383386611939],5,0.9812757968902588],[[769.7742919921875,226.15347290039063,43.248931884765628,-0.9970126152038574,-4.8594987589467567e-8,0.0772390216588974,-4.8716572109697157e-8,1,3.1008690060119195e-10,-0.0772390216588974,-3.4536598025880495e-9,-0.9970126152038574],5,0.9936790466308594],[[769.5743408203125,226.62181091308595,43.253440856933597,-0.9970064759254456,-7.492186426816261e-8,0.07731837034225464,-7.480812058702213e-8,1,4.367498362967126e-9,-0.07731837034225464,-1.4296182015982595e-9,-0.9970064759254456],5,1.0053184032440186],[[769.3743896484375,227.0594940185547,43.25794982910156,-0.9970052242279053,-1.014746047189874e-7,0.07733402401208878,-1.0094353797285294e-7,1,1.0776199488304883e-8,-0.07733402401208878,2.9375577526025155e-9,-0.9970052242279053],5,1.0162920951843262],[[769.2410888671875,227.33425903320313,43.260955810546878,-0.9955149292945862,-1.1929881793548703e-7,0.09460439532995224,-1.1822375967085464e-7,1,1.6968586535881515e-8,-0.09460439532995224,5.7079949655758359e-9,-0.9955149292945862],5,1.0268652439117432],[[769.0411376953125,227.72084045410157,43.25725173950195,-0.9918111562728882,-1.4645529233803246e-7,0.12771302461624146,-1.4396528058568948e-7,1,2.872778104290319e-8,-0.12771302461624146,1.0106294467959743e-8,-0.9918111562728882],5,1.0399448871612549],[[768.8411865234375,228.0767822265625,43.25172805786133,-0.9899291396141052,-1.3893948391796585e-7,0.14156371355056764,-1.3522232222840103e-7,1,3.587760488699132e-8,-0.14156371355056764,1.637371127571896e-8,-0.9899291396141052],5,1.051496982574463],[[768.641357421875,228.40206909179688,43.24384689331055,-0.9889158606529236,-1.139171388331306e-7,0.14847703278064729,-1.09375925205768e-7,1,3.8750446407220809e-8,-0.14847703278064729,2.2081117379002536e-8,-0.9889158606529236],5,1.0642938613891602],[[768.4415893554688,228.69668579101563,43.23432922363281,-0.9873054623603821,-8.897482928205136e-8,0.15883305668830872,-8.377617888299938e-8,1,3.942602333495415e-8,-0.15883305668830872,2.561910150689073e-8,-0.9873054623603821],5,1.0752382278442383],[[768.241943359375,228.9606475830078,43.222835540771487,-0.9867448210716248,-6.384040318607731e-8,0.16227950155735017,-5.8429897364931097e-8,1,3.811328852521001e-8,-0.16227950155735017,2.8126116546900449e-8,-0.9867448210716248],5,1.086491346359253],[[767.975830078125,229.26492309570313,43.20619201660156,-0.9797547459602356,-3.116116431556293e-8,0.20020151138305665,-2.5124082370098223e-8,1,3.269568793484723e-8,-0.20020151138305665,2.700387646825675e-8,-0.9797547459602356],5,1.1067535877227784],[[767.709716796875,229.5146942138672,43.18819808959961,-0.9764875769615173,2.4277544419248899e-9,0.21557359397411347,7.648231381551796e-9,1,2.3382495939472393e-8,-0.21557359397411347,2.4481474625304146e-8,-0.9764875769615173],5,1.1219279766082764],[[767.4439697265625,229.7099609375,43.166439056396487,-0.9745696187019348,3.659495462216e-8,0.22408483922481538,3.9923719441503638e-8,1,1.0324161969776924e-8,-0.22408483922481538,1.9007915241786578e-8,-0.9745696187019348],5,1.1353330612182618],[[767.3111572265625,229.7871551513672,43.15440368652344,-0.9870487451553345,5.498135990933406e-8,0.16042044758796693,5.618312926003455e-8,1,2.955546696270517e-9,-0.16042044758796693,1.1930191945452862e-8,-0.9870487451553345],5,1.1458382606506348],[[767.112060546875,229.87741088867188,43.135650634765628,-0.9808182716369629,8.064221646009173e-8,0.1949242651462555,8.017037345098288e-8,1,-1.0309890718929183e-8,-0.1949242651462555,5.515021772595219e-9,-0.9808182716369629],5,1.160109519958496],[[766.8466796875,229.95005798339845,43.11009979248047,-0.9737803339958191,1.1582525161202284e-7,0.2274903655052185,1.1148009093631117e-7,1,-3.194917397308927e-8,-0.2274903655052185,-5.750832698936392e-9,-0.9737803339958191],5,1.1750681400299073],[[766.6476440429688,229.96878051757813,43.090885162353519,-0.9811589121818543,1.4229573253032869e-7,0.19320249557495118,1.350891807305743e-7,1,-5.047442286354453e-8,-0.19320249557495118,-2.3423861961191507e-8,-0.9811589121818543],5,1.185945987701416],[[766.5149536132813,229.96421813964845,43.0782470703125,-0.9884120225906372,1.4182579377575167e-7,0.15179473161697389,1.3464666892559763e-7,1,-5.757384258231468e-8,-0.15179473161697389,-3.64680268205575e-8,-0.9884120225906372],5,1.1962199211120606],[[766.3157348632813,229.93185424804688,43.0607795715332,-0.984382688999176,1.178814059699107e-7,0.17604172229766847,1.0924357951580532e-7,1,-5.8758331533681488e-8,-0.17604172229766847,-3.8609258012911599e-8,-0.984382688999176],5,1.20918607711792],[[766.1163330078125,229.8688201904297,43.0450439453125,-0.9881265163421631,9.218587848636162e-8,0.153642475605011,8.414924224098286e-8,1,-5.881042142164006e-8,-0.153642475605011,-4.518323848401451e-8,-0.9881265163421631],5,1.230776309967041],[[765.7958984375,229.69564819335938,43.05450439453125,-0.9848034977912903,5.306962336248944e-8,0.1736721694469452,4.4422094447327257e-8,1,-5.36792192917801e-8,-0.1736721694469452,-4.5148603078359886e-8,-0.9848034977912903],5,1.2411894798278809],[[765.6134643554688,229.5508575439453,43.088321685791019,-0.9963708519935608,2.4969889267367763e-8,0.08511827886104584,2.0798889721618253e-8,1,-4.988918078652205e-8,-0.08511827886104584,-4.793776042788522e-8,-0.9963708519935608],5,1.2618279457092286],[[765.3823852539063,229.3101348876953,43.16598129272461,-0.9961894750595093,-6.691265319602735e-9,0.08721527457237244,-1.0481196355272005e-8,1,-4.299696598764058e-8,-0.08721527457237244,-4.374724582589806e-8,-0.9961894750595093],5,1.2692553997039796],[[765.2722778320313,229.16934204101563,43.218666076660159,-0.9998229146003723,-2.5448898099966756e-8,0.018819333985447885,-2.619230166089892e-8,1,-3.925567426676935e-8,-0.018819333985447885,-3.974164286546511e-8,-0.9998229146003723],5,1.2792954444885255],[[765.1212158203125,228.9313507080078,43.293643951416019,-0.9998236298561096,0.0005214188131503761,-0.01877409964799881,0.0006290849414654076,0.9999833703041077,-0.005729398224502802,0.018770799040794374,-0.005740197841078043,-0.9998073577880859],5,1.291539192199707],[[764.9882202148438,228.66415405273438,43.37141418457031,-0.9979074597358704,0.0006547787343151867,-0.06465519964694977,0.0012232557637616993,0.9999609589576721,-0.008753245696425438,0.06464693695306778,-0.008814019151031971,-0.9978692531585693],5,1.3136630058288575],[[764.82861328125,228.25914001464845,43.44267654418945,-0.9953916668891907,0.0002760923816822469,-0.09589244425296784,0.0009851052891463042,0.9999725222587586,-0.007346572820097208,0.09588778764009476,-0.007407181430608034,-0.9953646063804627],5,1.322279691696167],[[764.6687622070313,227.67791748046876,43.55531692504883,-0.9930261969566345,-0.0000026970910766976887,-0.11789411306381226,0.00022385147167369723,0.999998152256012,-0.001908385893329978,0.11789389699697495,-0.0019214678322896362,-0.9930243492126465],5,1.339940071105957],[[764.6163940429688,227.4215850830078,43.61304473876953,-0.9906910061836243,-0.00003874360481859185,-0.13612984120845796,0.00006873003439977765,0.9999997019767761,-0.0007847935776226223,0.13612982630729676,-0.0007868441171012819,-0.9906907081604004],5,1.3501684665679932],[[764.5506591796875,227.0115509033203,43.712928771972659,-0.9877325892448425,-0.00003373631989234127,-0.15615476667881013,-0.000028380156436469407,1,-0.00003652988016256131,0.15615476667881013,-0.000031650055461796,-0.9877325892448425],5,1.360978364944458],[[764.5154418945313,226.72116088867188,43.788291931152347,-0.9779549837112427,-0.000020766134184668773,-0.20881572365760804,-0.00004430135231814347,1,0.00010803111945278943,0.20881570875644685,0.00011490039469208568,-0.9779549837112427],5,1.3715171813964844],[[764.4876708984375,226.41714477539063,43.87024688720703,-0.9712768793106079,-0.000007375344921456417,-0.23795218765735627,-0.000039014426874928179,1,0.0001282546145375818,0.23795218765735627,0.0001338543079327792,-0.9712768793106079],5,1.382131576538086],[[764.4603881835938,225.93557739257813,44.00483322143555,-0.9652813673019409,0.0000016569522358622635,-0.26121237874031069,-0.000020632205632864499,1,0.00008258734305854887,0.26121237874031069,0.00008510940824635327,-0.9652813673019409],5,1.392841100692749],[[764.4510498046875,225.42333984375,44.15277862548828,-0.954707145690918,0.000004258406534063397,-0.2975471317768097,-0.000006551166279678,1,0.00003533171911840327,0.2975471317768097,0.00003568072497728281,-0.954707145690918],5,1.4037322998046876],[[764.4605712890625,224.8804473876953,44.31281280517578,-0.9500906467437744,0.0000025234053282474635,-0.31197404861450198,-4.830685043089034e-7,1,0.000009559655154589564,0.31197404861450198,0.000009233243872586172,-0.9500906467437744],5,1.42246413230896],[[764.50341796875,224.10891723632813,44.54336166381836,-0.9440232515335083,6.612120841964497e-7,-0.32987895607948305,0.0000010934453484878759,1,-0.0000011247327620367287,0.32987895607948305,-0.0000014224784763428034,-0.9440232515335083],5,1.4305927753448487],[[764.5419311523438,224.10987854003907,44.707176208496097,-0.9410836696624756,9.868578842997522e-9,-0.3381738066673279,5.903166311327368e-7,1,-0.0000016135750229295809,0.3381738066673279,-0.0000017181387192977127,-0.9410836696624756],12,1.4453320503234864],[[764.5753173828125,224.24253845214845,44.849239349365237,-0.9378976821899414,-1.3116530794832216e-7,-0.34691205620765688,1.1575984615319612e-7,1,-6.910575507390604e-7,0.34691205620765688,-6.882997354296094e-7,-0.9378976821899414],12,1.456047773361206],[[764.5947265625,224.3355255126953,44.93186569213867,-0.9372490644454956,-9.825357949466707e-8,-0.34866055846214297,-2.3681661076579986e-8,1,-2.181432847692122e-7,0.34866055846214297,-1.9619773183876533e-7,-0.9372490644454956],12,1.4672634601593018],[[764.6118774414063,224.42880249023438,45.004825592041019,-0.9372438192367554,-5.027044025496252e-8,-0.3486746549606323,-6.233357652263294e-8,1,2.3378015967523426e-8,0.3486746549606323,4.364504135878633e-8,-0.9372438192367554],12,1.4768524169921876],[[764.6119995117188,224.5088653564453,45.026222229003909,-0.9416520595550537,-0.0014474927447736264,-0.3365847170352936,-0.0015441655414178968,0.9999988079071045,0.00001953669016074855,0.33658427000045779,0.0005381393129937351,-0.9416531920433044],12,1.4863255023956299],[[764.5982666015625,224.6413116455078,45.00397491455078,-0.9421753287315369,-0.0020493981428444387,-0.335114061832428,-0.0021891917567700149,0.999997615814209,0.00003941676550311968,0.33511316776275637,0.0007707664626650512,-0.9421775937080383],12,1.4975981712341309],[[764.595458984375,224.78091430664063,44.999080657958987,-0.9382349848747253,-0.000867480062879622,-0.34599757194519045,-0.00093177700182423,0.9999995827674866,0.000019497520042932594,0.3459973931312561,0.0003406858304515481,-0.9382354021072388],12,1.5084593296051026],[[764.5953369140625,224.8742218017578,44.99886703491211,-0.9374038577079773,-0.00027055159443989396,-0.3482440710067749,-0.00029134881333447993,0.9999999403953552,0.0000073508749665052168,0.3482440412044525,0.00010835122520802543,-0.9374039173126221],12,1.5183284282684327],[[764.5951538085938,225.0142059326172,44.998863220214847,-0.9373083710670471,0.00009718609362607822,-0.34850114583969118,0.00010414251300971955,1,-0.0000012268486671018764,0.34850114583969118,-0.000037443722249008718,-0.9373083710670471],12,1.5292682647705079],[[764.5951538085938,225.15419006347657,44.99888229370117,-0.9360299706459045,0.00010852015839191154,-0.35192030668258669,0.00011666314821923152,1,-0.0000019323972537677038,0.35192030668258669,-0.000042864914576057348,-0.9360299706459045],12,1.5407686233520508],[[764.5951538085938,225.29417419433595,44.99888610839844,-0.9347856640815735,0.00004204568904242478,-0.35521233081817629,0.00004532092498266138,1,-8.999191436487308e-7,0.35521233081817629,-0.000016939782653935255,-0.9347856640815735],12,1.5527052879333497],[[764.5951538085938,225.4341583251953,44.99888229370117,-0.9277834296226502,0.000002118160409736447,-0.3731191158294678,0.000002493721012797323,1,-5.238881044533628e-7,0.3731191158294678,-0.0000014165095763019054,-0.9277834296226502],12,1.5690457820892335],[[764.5951538085938,225.6208038330078,44.99888229370117,-0.9017508029937744,-0.00000675934279570356,-0.43225622177124026,-0.000007226004072435899,1,-5.628318149319966e-7,0.43225622177124026,0.000002615951189000043,-0.9017508029937744],12,1.5916593074798585],[[764.5951538085938,225.8074493408203,44.99888229370117,-0.8385084271430969,-0.0000018633445506566205,-0.5448886156082153,-0.0000021892235508857995,1,-5.0766569614779658e-8,0.5448886156082153,0.0000011503148016345222,-0.8385084271430969],12,1.6011977195739747],[[764.5951538085938,225.72048950195313,44.99888229370117,-0.7104744911193848,1.5260107488757058e-7,-0.7037229537963867,-5.4896521106684307e-8,1,2.7227142140873186e-7,0.7037229537963867,2.3207384458601155e-7,-0.7104744911193848],12,1.6218807697296143],[[764.5951538085938,225.53672790527345,44.99888229370117,-0.5159657597541809,3.650472706340224e-7,-0.8566092252731323,3.573533717826649e-7,1,2.1090735913276149e-7,0.8566092252731323,-1.9729120026568126e-7,-0.5159657597541809],12,1.6288213729858399],[[764.5951538085938,225.5819854736328,44.99888229370117,-0.40284237265586855,2.1867001009923116e-7,-0.9152693748474121,2.477611928952683e-7,1,1.2986483000076988e-7,0.9152693748474121,-1.7445317723741028e-7,-0.40284237265586855],12,1.6388375759124756],[[764.510009765625,225.66217041015626,44.98884201049805,-0.2847362756729126,0.000007866126907174476,-0.9586058855056763,-0.000004024436748295557,1,0.000009401182978763245,0.9586058855056763,0.0000065347066993126649,-0.2847362756729126],8,1.649712324142456],[[764.4010009765625,225.69859313964845,45.001502990722659,-0.11397922784090042,0.00021590023243334144,-0.9934831261634827,4.605782635280775e-7,1,0.00021726361592300236,0.9934831261634827,0.000024305962142534555,-0.11397922784090042],5,1.659837245941162],[[764.310546875,225.72769165039063,45.05084991455078,-0.0876259058713913,-0.000012940387023263611,-0.9961534738540649,0.0000010049697038994055,1,-0.000013078756637696643,0.9961534738540649,-0.0000021471419131557924,-0.0876259058713913],5,1.6703031063079835],[[764.2330932617188,225.7300567626953,45.09633255004883,-0.00615694047883153,-0.0004820461035706103,-0.9999809265136719,-0.000011763553629862145,0.9999998807907105,-0.00048198283184319735,0.9999810457229614,0.000008795789653959219,-0.00615694560110569],5,1.6804132461547852],[[764.1323852539063,225.7080535888672,45.18288040161133,0.00349969114176929,-0.0005643207696266472,-0.9999937415122986,-0.000055485892517026517,0.9999998211860657,-0.0005645183846354485,0.9999938607215881,0.00005746118404204026,0.0034996592439711096],5,1.6931874752044678],[[764.0308227539063,225.6553955078125,45.29107666015625,0.049719151109457019,-0.0004938844358548522,-0.9987631440162659,-0.00008271029219031334,0.9999998807907105,-0.000498613400850445,0.9987632632255554,0.00010739862045738846,0.049719102680683139],5,1.703401803970337],[[763.9755249023438,225.60325622558595,45.374908447265628,0.09375770390033722,-0.000445002515334636,-0.9955949187278748,-0.00008498350507579744,0.9999998807907105,-0.0004549745353870094,0.9955950379371643,0.00012726652494166046,0.09375765919685364],5,1.713857650756836],[[763.921142578125,225.49951171875,45.517826080322269,0.06366699188947678,-0.00017956110241357237,-0.9979711771011353,-0.00007784709305269644,1,-0.00018489250214770436,0.9979711771011353,0.00008946070011006668,0.06366697698831558],5,1.7251081466674805],[[763.899169921875,225.5491943359375,45.610252380371097,0.1325760930776596,-0.00023153591610025615,-0.9911727905273438,-0.00003680958616314456,1,-0.00023852144659031183,0.9911728501319885,0.00006810689956182614,0.1325760781764984],12,1.7363665103912354],[[763.9091796875,225.68243408203126,45.73033905029297,0.1485428512096405,-0.00004756228008773178,-0.9889059662818909,-0.000009251677511201706,1,-0.000049485544877825308,0.9889059662818909,0.0000164997636602493,0.1485428512096405],12,1.7476603984832764],[[763.917236328125,225.82208251953126,45.82817077636719,0.14997658133506776,0.000018679682398214937,-0.9886895418167114,0.00000230349496632698,1,0.000019242796042817646,0.9886895418167114,-0.0000051634101509989709,0.14997658133506776],12,1.7594325542449952],[[763.9234619140625,225.96206665039063,45.90373992919922,0.14851878583431245,0.00001998524930968415,-0.9889096021652222,0.00000316986870529945,1,0.000020685443814727479,0.9889096021652222,-0.000006206890247995034,0.14851878583431245],12,1.7708392143249512],[[763.9278564453125,226.10205078125,45.95703887939453,0.1402735710144043,0.0000076222108873480469,-0.9901127815246582,0.000001312729409619351,1,0.000007884305887273513,0.9901127815246582,-0.000002405709892627783,0.1402735710144043],12,1.7848074436187745],[[763.9308471679688,226.2886962890625,45.993465423583987,0.1334293782711029,-6.593790544684452e-7,-0.991058349609375,-8.707341692115733e-8,1,-6.770512186449196e-7,0.991058349609375,1.766333497243977e-7,0.1334293782711029],12,1.7990639209747315],[[763.9312133789063,226.42868041992188,45.997894287109378,0.129985049366951,-0.0000012484584885896766,-0.9915159344673157,-2.0660846189457517e-7,1,-0.0000012862269613833633,0.9915159344673157,3.720458323641651e-7,0.129985049366951],12,1.81174898147583],[[763.9312133789063,226.56866455078126,45.99812698364258,0.12132295221090317,-5.754285439252271e-7,-0.9926130771636963,-9.967982350644889e-8,1,-5.918942633797997e-7,0.9926130771636963,1.7075386438136776e-7,0.12132295221090317],12,1.825671672821045],[[763.9312133789063,226.8486328125,45.998138427734378,0.10570438951253891,7.083038155997201e-8,-0.9943975806236267,1.271869365382372e-8,1,7.258142886712449e-8,0.9943975806236267,-2.031961443549335e-8,0.10570438951253891],12,1.848907232284546],[[763.9312133789063,226.94195556640626,45.998138427734378,0.0952770859003067,7.840935722924769e-8,-0.9954507946968079,1.3946622523519636e-8,1,8.010255925228194e-8,0.9954507946968079,-2.1515115022907595e-8,0.0952770859003067],12,1.8602306842803956],[[763.9312133789063,227.08193969726563,45.998138427734378,0.09179909527301789,8.953301744440978e-8,-0.9957775473594666,1.5826909560701098e-8,1,9.137172440887298e-8,0.9957775473594666,-2.414792277249944e-8,0.09179909527301789],12,1.8698961734771729],[[763.9312133789063,227.17526245117188,45.998138427734378,0.08831844478845597,9.697890135385023e-8,-0.9960923194885254,1.710599839555016e-8,1,9.887605756375706e-8,0.9960923194885254,-2.5771733191959357e-8,0.08831844478845597],12,1.8830032348632813],[[763.9312133789063,227.20269775390626,45.998138427734378,0.08135702461004257,1.118712447123471e-7,-0.9966850280761719,1.9767268710779719e-8,1,1.1385688480913814e-7,0.9966850280761719,-2.8964796783270687e-8,0.08135702461004257],12,1.8949880599975587],[[763.9312133789063,227.20323181152345,45.998138427734378,0.08135702461004257,1.2289898165818159e-7,-0.9966850280761719,2.176173019563521e-8,1,1.250840995226099e-7,0.9966850280761719,-3.1866061789287417e-8,0.08135702461004257],12,1.9152891635894776],[[763.9312133789063,227.2032470703125,45.998138427734378,0.08135702461004257,8.686302521709877e-8,-0.9966850280761719,1.5414032716876137e-8,1,8.841013965366074e-8,0.9966850280761719,-2.2555720846639816e-8,0.08135702461004257],12,1.9223096370697022],[[763.9312133789063,227.2032470703125,45.998138427734378,0.08135702461004257,7.363191656395429e-8,-0.9966850280761719,1.3077619875900837e-8,1,7.494431031318527e-8,0.9966850280761719,-1.9131514150672048e-8,0.08135702461004257],12,1.9304687976837159],[[763.9312133789063,227.2032470703125,45.998138427734378,0.08135702461004257,4.7178186690644e-8,-0.9966850280761719,8.406292550944272e-9,1,4.802128472647382e-8,0.9966850280761719,-1.2285294559433169e-8,0.08135702461004257],12,1.9382266998291016],[[763.9312133789063,227.2032470703125,45.998138427734378,0.08135702461004257,2.0735766881330165e-8,-0.9966850280761719,3.736960962896774e-9,1,2.110977348479537e-8,0.9966850280761719,-5.442001071997993e-9,0.08135702461004257],12,1.9466567039489747],[[763.9312133789063,227.2032470703125,45.998138427734378,0.08135702461004257,-5.6953450844332569e-9,-0.9966850280761719,-9.303761094869856e-10,1,-5.79023229363429e-9,0.9966850280761719,1.398367976968018e-9,0.08135702461004257],12,1.9562771320343018],[[763.9312133789063,227.2032470703125,45.998138427734378,0.08135702461004257,-4.5320827979367098e-8,-0.9966850280761719,-7.927643430605258e-9,1,-4.611867865378372e-8,0.9966850280761719,1.165344176712324e-8,0.08135702461004257],12,1.9673902988433838],[[763.9312133789063,227.2032470703125,45.998138427734378,0.07961639016866684,-8.494119185797899e-8,-0.9968255758285523,-1.4990794383606955e-8,1,-8.640900261980278e-8,0.9968255758285523,2.1822780027491718e-8,0.07961639016866684],12,1.9787445068359376],[[763.9312133789063,227.08978271484376,45.998138427734378,0.07961639016866684,-8.967189302211409e-8,-0.9968255758285523,-1.5873332870341984e-8,1,-9.122525312932339e-8,0.9968255758285523,2.3085968692271309e-8,0.07961639016866684],12,1.9941835403442383],[[763.9312133789063,226.90455627441407,45.998138427734378,0.07439152151346207,-7.287511039066885e-8,-0.9972290992736816,-1.2843415220231691e-8,1,-7.403569668440469e-8,0.9972290992736816,1.831545581865157e-8,0.07439152151346207],12,2.019613265991211],[[763.9312133789063,226.62460327148438,45.998138427734378,0.05347410589456558,-4.7895280630427808e-8,-0.9985692501068115,-7.764549003752564e-9,1,-4.837970379867329e-8,0.9985692501068115,1.0340500899985728e-8,0.05347410589456558],12,2.039700508117676],[[763.9312133789063,226.43795776367188,45.998138427734378,0.03427863121032715,-3.120469216355559e-8,-0.9994122982025147,-4.054608204739907e-9,1,-3.136210935394956e-8,0.9994122982025147,5.127275493066463e-9,0.03427863121032715],12,2.0471692085266115],[[763.9312133789063,226.34463500976563,45.998138427734378,0.02554929628968239,-2.2813480882177829e-8,-0.9996735453605652,-2.126636200472376e-9,1,-2.2875282112977403e-8,0.9996735453605652,2.710389468418839e-9,0.02554929628968239],12,2.0564382076263429],[[763.9312133789063,226.25131225585938,45.998138427734378,0.02031000331044197,-1.4396177583364534e-8,-0.9997937083244324,-1.550573697217672e-10,1,-1.4402297132676268e-8,0.9997937083244324,4.475360915190407e-10,0.02031000331044197],12,2.0655603408813478],[[763.9312133789063,226.15798950195313,45.998138427734378,0.02031000331044197,-5.968584737559013e-9,-0.9997937083244324,1.8156788295087268e-9,1,-5.93293236761383e-9,0.9997937083244324,-1.6948064063271318e-9,0.02031000331044197],12,2.0742850303649904],[[763.9312133789063,226.06466674804688,45.998138427734378,0.02031000331044197,2.4554063227100188e-9,-0.9997937083244324,3.785572744163801e-9,1,2.5328137365221439e-9,0.9997937083244324,-3.8362331089558669e-9,0.02031000331044197],12,2.0825119018554689],[[763.9312133789063,225.97134399414063,45.998138427734378,0.02031000331044197,1.0875798039933216e-8,-0.9997937083244324,5.754624776699302e-9,1,1.0994941845865469e-8,0.9997937083244324,-5.976744876790008e-9,0.02031000331044197],12,2.0941662788391115],[[763.9312133789063,225.83135986328126,45.998138427734378,0.02031000331044197,2.349963779124664e-8,-0.9997937083244324,8.706624754495352e-9,1,2.3681355543203609e-8,0.9997937083244324,-9.185797011923569e-9,0.02031000331044197],12,2.103102445602417],[[763.9312133789063,225.738037109375,45.99813842773