[[[776,222.69961547851563,47,1,5.997300434046338e-9,-8.838598751581084e-16,-5.997300434046338e-9,1,-1.1079438166916589e-7,2.193926771160761e-16,1.1079438166916589e-7,1],8,0.012654781341552735],[[776,222.69961547851563,47,1,4.453920787739207e-9,-7.564117509637597e-16,-4.453920787739207e-9,1,-8.228191461512324e-8,3.8993463482339177e-16,8.228191461512324e-8,1],8,0.02331852912902832],[[776,222.69961547851563,47,1,3.42555028787217e-9,-6.96381626019341e-16,-3.42555028787217e-9,1,-6.328375690145549e-8,4.795999014933967e-16,6.328375690145549e-8,1],8,0.033051490783691409],[[776,222.69961547851563,47,1,1.8838186566227934e-9,-6.43138511383475e-16,-1.8838186566227934e-9,1,-3.4801736603640168e-8,5.775783200846697e-16,3.4801736603640168e-8,1],8,0.04443669319152832],[[776,222.69961547851563,47,1,3.430751238653329e-10,-6.338348073699521e-16,-3.430751238653329e-10,1,-6.33796393145758e-9,6.316604208547912e-16,6.33796393145758e-9,1],8,0.05628538131713867],[[776,222.69961547851563,47,1,-1.1966808655117234e-9,-6.683459471959669e-16,1.1966808655117234e-9,1,2.2107572661411724e-8,6.418902495170182e-16,-2.2107572661411724e-8,1],8,0.06867671012878418],[[776,222.69961547851563,47,1,-2.735450088664493e-9,-7.465797630889462e-16,2.735450088664493e-9,1,5.053488294493036e-8,6.083440919761628e-16,-5.053488294493036e-8,1],8,0.0805208683013916],[[776,222.69961547851563,47,1,-4.273232878659883e-9,-8.684504929629805e-16,4.273232878659883e-9,1,7.89439837944883e-8,5.311044810050233e-16,-7.89439837944883e-8,1],8,0.11362075805664063],[[776,222.69961547851563,47,1,-4.9132085067071788e-9,-9.728591621733347e-16,4.9132085067071788e-9,1,9.07669246430487e-8,5.269024034932539e-16,-9.07669246430487e-8,1],8,0.12277364730834961],[[776,222.69961547851563,47,1,-3.974464313216686e-9,-9.085375977412112e-16,3.974464313216686e-9,1,7.342448782310385e-8,6.167146303796074e-16,-7.342448782310385e-8,1],8,0.13129854202270509],[[776,222.69961547851563,47,1,-3.0361209102380828e-9,-8.603289293064695e-16,3.0361209102380828e-9,1,5.608946551660665e-8,6.900345434477685e-16,-5.608946551660665e-8,1],8,0.14015674591064454],[[776,222.69961547851563,47,1,-2.098178519815974e-9,-8.283304068393662e-16,2.098178519815974e-9,1,3.876184706541608e-8,7.470011619802052e-16,-3.876184706541608e-8,1],8,0.14861822128295899],[[776,222.69961547851563,47,1,-1.1606369199057554e-9,-8.125614591581289e-16,1.1606369199057554e-9,1,2.1441630693175285e-8,7.876755252886791e-16,-2.1441630693175285e-8,1],8,0.15828680992126466],[[776,222.69961547851563,47,1,2.4492444183898956e-10,-8.193201468025078e-16,-2.4492444183898956e-10,1,-4.52481963009177e-9,8.182119100701439e-16,4.52481963009177e-9,1],8,0.1679387092590332],[[776,222.69961547851563,47,1,1.6495849131104024e-9,-8.625214211508781e-16,-1.6495849131104024e-9,1,-3.047463081884416e-8,8.122509157038418e-16,3.047463081884416e-8,1],8,0.18587541580200196],[[776,222.69961547851563,47,1,3.5210652171713265e-9,-9.766949508749758e-16,-3.5210652171713265e-9,1,-6.504851768340814e-8,7.476548596572488e-16,6.504851768340814e-8,1],8,0.19595956802368165],[[776,222.69961547851563,47,-0.9871836304664612,-1.885975464688272e-8,-0.15958847105503083,-1.2858359710321566e-8,1,-3.863808473170138e-8,0.15958847105503083,-3.609083876199293e-8,-0.9871836304664612],8,0.2125558853149414],[[776,222.69961547851563,47,-0.978560745716095,-2.298514445442379e-8,-0.20595847070217133,-2.0777321196874256e-8,1,-1.2882551025938938e-8,0.20595847070217133,-8.327093681259612e-9,-0.978560745716095],8,0.23529314994812013],[[776,222.69961547851563,47,-0.9842768907546997,-2.5546956550215328e-8,-0.17663252353668214,-3.27676872302618e-8,1,3.796312597614815e-8,0.17663252353668214,4.315406343380346e-8,-0.9842768907546997],8,0.24933409690856934],[[776,222.69961547851563,47,-0.9951598644256592,-3.028140582728156e-8,-0.0982690081000328,-3.671433290719506e-8,1,6.36540846699063e-8,0.0982690081000328,6.695387355648563e-8,-0.9951598644256592],8,0.25995945930480959],[[776,222.69961547851563,47,-0.9990833401679993,-3.489799027533991e-8,-0.042807694524526599,-3.839575768438408e-8,1,8.088669289918471e-8,0.042807694524526599,8.245618232649577e-8,-0.9990833401679993],8,0.27033233642578127],[[776,222.69961547851563,47,-0.9997995495796204,-4.142419385289031e-8,0.02002137526869774,-3.929324421392266e-8,1,1.0682700235520315e-7,-0.02002137526869774,1.0601888078554112e-7,-0.9997995495796204],8,0.2809324264526367],[[776,222.69961547851563,47,-0.9865773916244507,-4.9849941063939698e-8,0.1632942110300064,-3.290125505372998e-8,1,1.06496784724186e-7,-0.1632942110300064,9.969473779847249e-8,-0.9865773916244507],8,0.29212164878845217],[[776,222.69961547851563,47,-0.970481812953949,-3.764860068145026e-8,0.24117426574230195,-1.9335034906475813e-8,1,7.830146842024988e-8,-0.24117426574230195,7.13270367214136e-8,-0.970481812953949],8,0.3023855686187744],[[776,222.69961547851563,47,-0.9478835463523865,-2.3445238639396849e-8,0.31861695647239687,-8.236117565729728e-9,1,4.9082004238698576e-8,-0.31861695647239687,4.3899859747398298e-8,-0.9478835463523865],8,0.3133566379547119],[[776,222.69961547851563,47,-0.8775814175605774,-1.741788047127102e-8,0.47942760586738589,-4.199479874955614e-9,1,2.8643519556226239e-8,-0.47942760586738589,2.3123675418901258e-8,-0.8775814175605774],8,0.32381749153137209],[[775.951904296875,222.69961547851563,47.08880615234375,-0.8329745531082153,5.826136795228365e-10,0.553311288356781,-9.151698288079047e-10,1,-2.4306876511559496e-9,-0.553311288356781,-2.531074683176371e-9,-0.8329745531082153],8,0.3394153118133545],[[775.8123779296875,222.69961547851563,47.304656982421878,-0.7248668074607849,2.758243411449257e-8,0.6888890266418457,-3.726874808762659e-9,1,-4.3960522333463817e-8,-0.6888890266418457,-3.4432925843930209e-8,-0.7248668074607849],8,0.36545777320861819],[[775.4990234375,222.69961547851563,47.649532318115237,-0.49036258459091189,8.263746309467024e-8,0.8715185523033142,-3.0040030907230178e-8,1,-1.1172220126809407e-7,-0.8715185523033142,-8.096482417840889e-8,-0.49036258459091189],8,0.39037585258483889],[[775.27734375,222.69961547851563,47.79535675048828,-0.4001546800136566,6.186751733139318e-8,0.916447639465332,-2.6135266395499458e-8,1,-7.89195837569423e-8,-0.916447639465332,-5.553164328375715e-8,-0.4001546800136566],8,0.3972764015197754],[[775.1575317382813,222.69961547851563,47.853309631347659,-0.3464927077293396,5.0894698233605598e-8,0.9380526542663574,-2.2999408599844174e-8,1,-6.275109143416558e-8,-0.9380526542663574,-4.331745273589149e-8,-0.3464927077293396],8,0.4081733226776123],[[774.97119140625,222.69961547851563,47.925514221191409,-0.21199248731136323,3.520317903848991e-8,0.977271318435669,-1.5216992110822504e-8,1,-3.9322824108012358e-8,-0.977271318435669,-2.3207274324477113e-8,-0.21199248731136323],8,0.4171602725982666],[[774.8424072265625,222.69961547851563,47.958980560302737,-0.14250317215919496,2.2648784181455995e-8,0.9897943735122681,-8.863792366753387e-9,1,-2.4158454792200247e-8,-0.9897943735122681,-1.2215988220987129e-8,-0.14250317215919496],8,0.4254019260406494],[[774.7769165039063,222.69961547851563,47.97087097167969,-0.06567955017089844,1.648596459347118e-8,0.9978407621383667,-5.0935957673914349e-9,1,-1.685690875774526e-8,-0.9978407621383667,-6.1897518222053808e-9,-0.06567955017089844],8,0.4351177215576172],[[774.577880859375,222.69961547851563,47.98833465576172,0.01641305908560753,-4.159971034312093e-9,0.9998652935028076,7.98305332949667e-9,1,4.029487410406318e-9,-0.9998652935028076,7.915842203942703e-9,0.01641305908560753],8,0.4457893371582031],[[774.3779907226563,222.69961547851563,47.988468170166019,0.10149843990802765,-2.5901165656705417e-8,0.9948356747627258,2.278513377973468e-8,1,2.3710962082645893e-8,-0.9948356747627258,2.0260840116748115e-8,0.10149843990802765],8,0.45845603942871096],[[774.1788330078125,222.69961547851563,47.97159957885742,0.2693704068660736,-4.995700209065035e-8,0.9630366563796997,4.080479598655984e-8,1,4.0460971462152887e-8,-0.9630366563796997,2.8397524332035574e-8,0.2693704068660736],8,0.4682478904724121],[[774.0491943359375,222.69961547851563,47.942115783691409,0.34119197726249697,-6.592109258463097e-8,0.9399936199188232,5.357926724514073e-8,1,5.068148567488606e-8,-0.9399936199188232,3.3072055316551999e-8,0.34119197726249697],8,0.47824525833129885],[[773.9227905273438,222.69961547851563,47.900264739990237,0.40953537821769717,-8.216062497012899e-8,0.9122942090034485,6.701005617060219e-8,1,5.997805629931463e-8,-0.9122942090034485,3.656975522403627e-8,0.40953537821769717],8,0.48802781105041506],[[773.739013671875,222.69961547851563,47.82164764404297,0.5283158421516419,-1.0719315923779505e-7,0.8490479588508606,8.902492254492245e-8,1,7.085569819764714e-8,-0.8490479588508606,3.815224047798438e-8,0.5283158421516419],8,0.49997925758361819],[[773.5662841796875,222.69961547851563,47.72127914428711,0.5758525133132935,-9.60263051297261e-8,0.8175536394119263,8.179299726407408e-8,1,5.984390583080313e-8,-0.8175536394119263,3.240889867583974e-8,0.5758525133132935],8,0.5112400054931641],[[773.4011840820313,222.69961547851563,47.608558654785159,0.6517214179039002,-6.857760581624461e-8,0.7584584355354309,5.7688428256597038e-8,1,4.084709459561964e-8,-0.7584584355354309,1.7133348961806406e-8,0.6517214179039002],8,0.5253121852874756],[[773.2471313476563,222.69961547851563,47.4813117980957,0.675007164478302,-3.898800926549484e-8,0.7378112077713013,3.300301187891819e-8,1,2.2649077280334496e-8,-0.7378112077713013,9.061701611301487e-9,0.675007164478302],8,0.538245677947998],[[773.0986328125,222.69961547851563,47.347373962402347,0.6902761459350586,-9.099883513385976e-9,0.723546028137207,7.956520775564968e-9,1,4.986119517269572e-9,-0.723546028137207,2.315109437489582e-9,0.6902761459350586],8,0.548804759979248],[[772.9533081054688,222.69961547851563,47.209957122802737,0.690267026424408,2.094965800836235e-8,0.7235547304153442,-1.7073935154598986e-8,1,-1.2665362092434407e-8,-0.7235547304153442,-3.6114451429369866e-9,0.690267026424408],8,0.5605831146240234],[[772.8568115234375,222.69961547851563,47.11795425415039,0.6902651786804199,4.0971944059720047e-8,0.7235564589500427,-3.375197010768716e-8,1,-2.442675040015274e-8,-0.7235564589500427,-7.56051932171431e-9,0.6902651786804199],8,0.5737833976745606],[[772.61572265625,222.69961547851563,46.887874603271487,0.6902649998664856,9.099024111947074e-8,0.723556637763977,-7.541584778891775e-8,1,-5.3808257405307816e-8,-0.723556637763977,-1.7425678677795987e-8,0.6902649998664856],8,0.5904381275177002],[[772.519287109375,222.69961547851563,46.795841217041019,0.6902648210525513,1.1098259733444138e-7,0.7235568165779114,-9.206893025748286e-8,1,-6.555207221481396e-8,-0.7235568165779114,-2.136881249725775e-8,0.6902648210525513],8,0.5983734130859375],[[772.4228515625,222.69961547851563,46.70380783081055,0.6902647614479065,9.566598890842215e-8,0.7235568761825562,-7.94021275396517e-8,1,-5.646757372801403e-8,-0.7235568761825562,-1.8474377583288516e-8,0.6902647614479065],8,0.6095268726348877],[[772.2781982421875,222.69961547851563,46.565757751464847,0.6902648210525513,7.270335089515356e-8,0.7235568165779114,-6.04120558023169e-8,1,-4.284810017907148e-8,-0.7235568165779114,-1.4135021153549588e-8,0.6902648210525513],8,0.620680570602417],[[772.133544921875,222.69961547851563,46.42770767211914,0.6902647614479065,4.9755431774656247e-8,0.7235568761825562,-4.143415921475935e-8,1,-2.923735564763774e-8,-0.7235568761825562,-9.798455380405358e-9,0.6902647614479065],8,0.6309380531311035],[[772.037109375,222.69961547851563,46.33567428588867,0.6902648210525513,3.446498908488138e-8,0.7235568165779114,-2.8788987194161565e-8,1,-2.0168375414186813e-8,-0.7235568165779114,-6.908947636219409e-9,0.6902648210525513],8,0.643634557723999],[[771.8924560546875,222.69961547851563,46.19762420654297,0.6902647614479065,1.154157658334043e-8,0.7235568761825562,-9.83135528542789e-9,1,-6.572169475305145e-9,-0.7235568761825562,-2.5770077183295827e-9,0.6902647614479065],8,0.6532542705535889],[[771.747802734375,222.69961547851563,46.059574127197269,0.6902648210525513,-1.1367144558960263e-8,0.7235568165779114,9.114128118881127e-9,1,7.015319880565585e-9,-0.7235568165779114,1.7521610828907797e-9,0.6902648210525513],8,0.6645059585571289],[[771.554931640625,222.69961547851563,45.87550735473633,0.6775224208831787,-4.185692858982293e-8,0.7355021238327026,3.403585679961907e-8,1,2.555651512636814e-8,-0.7355021238327026,7.718332639683468e-9,0.6775224208831787],8,0.6801736354827881],[[771.457275390625,222.69961547851563,45.784732818603519,0.6299604177474976,-5.654040791114312e-8,0.776627242565155,4.588187962895063e-8,1,3.558546168846988e-8,-0.776627242565155,1.3215686323064802e-8,0.6299604177474976],8,0.6906135082244873],[[771.3104248046875,223.3587188720703,45.648868560791019,0.5968586802482605,-7.880156260853255e-8,0.802346408367157,6.299568866552363e-8,1,5.135193248406722e-8,-0.802346408367157,1.9894519809326995e-8,0.5968586802482605],3,0.7074310779571533],[[771.1015014648438,224.19436645507813,45.48357391357422,0.534111499786377,-1.0729990407298829e-7,0.8454140424728394,8.447308630366024e-8,1,7.355195208447185e-8,-0.8454140424728394,3.212978683109213e-8,0.534111499786377],5,0.7334127426147461],[[770.7648315429688,225.34564208984376,45.26805877685547,0.49234941601753237,-1.507815881041097e-7,0.8703976273536682,1.150194606225341e-7,1,1.0817105078331224e-7,-0.8703976273536682,4.685471211018921e-8,0.49234941601753237],5,0.741675853729248],[[770.64892578125,225.70216369628907,45.202178955078128,0.48378700017929079,-1.485490059849326e-7,0.8751857876777649,1.1247775688616457e-7,1,1.0755857005051439e-7,-0.8751857876777649,4.6403499709413157e-8,0.48378700017929079],5,0.7508525848388672],[[770.473876953125,226.2113800048828,45.105464935302737,0.49579930305480959,-1.2137240901211045e-7,0.8684371113777161,8.943928975213567e-8,1,8.869781709108793e-8,-0.8684371113777161,3.3696085921519628e-8,0.49579930305480959],5,0.7669620513916016],[[770.2969970703125,226.68994140625,45.023719787597659,0.465597927570343,-9.400184808328049e-8,0.8849963545799255,6.2219307039868e-8,1,7.348354102987287e-8,-0.8849963545799255,2.085007899665925e-8,0.465597927570343],5,0.779904842376709],[[770.1173095703125,227.13784790039063,44.96414566040039,0.4482826590538025,-6.716263101225195e-8,0.8938918709754944,3.374321622118259e-8,1,5.821300419484032e-8,-0.8938918709754944,4.066907255406704e-9,0.4482826590538025],5,0.8017899990081787],[[769.8114013671875,227.81622314453126,44.914085388183597,0.39727410674095156,-2.089610084965443e-8,0.9176999926567078,-1.2396703219508254e-8,1,2.8136634355746538e-8,-0.9176999926567078,-2.2554409895292339e-8,0.39727410674095156],5,0.8092632293701172],[[769.6239624023438,228.18238830566407,44.9135856628418,0.4438092112541199,1.017865880470481e-8,0.8961213231086731,-4.0087122954446389e-8,1,8.494804859537908e-9,-0.8961213231086731,-3.9692995557061297e-8,0.4438092112541199],5,0.8244147300720215],[[769.43359375,228.51788330078126,44.93524169921875,0.44523322582244875,4.1623668067813927e-8,0.8954146504402161,-6.741945668409244e-8,1,-1.2961913320452823e-8,-0.8954146504402161,-5.459729024437365e-8,0.44523322582244875],5,0.8361799716949463],[[769.240478515625,228.82272338867188,44.97757339477539,0.446742981672287,7.46724495570561e-8,0.8946623206138611,-9.440087467282865e-8,1,-3.632602130210216e-8,-0.8946623206138611,-6.822851617016568e-8,0.446742981672287],5,0.8466408252716065],[[769.1111450195313,229.00892639160157,45.00948715209961,0.4671179950237274,9.920821497644283e-8,0.8841949701309204,-1.1235046315505315e-7,1,-5.284726967147435e-8,-0.8841949701309204,-7.465380491566975e-8,0.4671179950237274],5,0.8585209846496582],[[768.917236328125,229.26266479492188,45.05824279785156,0.4276074171066284,1.1676508648861273e-7,0.9039645195007324,-1.2276565541924357e-7,1,-7.109746036348952e-8,-0.9039645195007324,-8.05739972520314e-8,0.4276074171066284],5,0.8675527572631836],[[768.6597290039063,229.55331420898438,45.127685546875,0.37402164936065676,1.0155270757650215e-7,0.9274199604988098,-9.479001761292239e-8,1,-7.127212597879407e-8,-0.9274199604988098,-6.125284102154183e-8,0.37402164936065676],5,0.8859114646911621],[[768.3410034179688,229.83998107910157,45.225242614746097,0.2995147109031677,8.140110452359295e-8,0.9540916681289673,-6.072353642139206e-8,1,-6.625517556813065e-8,-0.9540916681289673,-3.809142157251699e-8,0.2995147109031677],5,0.9089770317077637],[[768.1530151367188,229.97109985351563,45.29341506958008,0.3306495249271393,7.20425248346146e-8,0.9437536001205444,-4.031579337038238e-8,1,-6.221128501238127e-8,-0.9437536001205444,-1.7478043901064667e-8,0.3306495249271393],5,0.9287290573120117],[[767.9044189453125,230.09825134277345,45.38993453979492,0.28570958971977236,5.5931707265699518e-8,0.9583162665367127,-1.3548790533945976e-8,1,-5.432516658743225e-8,-0.9583162665367127,2.5371942324881049e-9,0.28570958971977236],5,0.9350888729095459],[[767.781005859375,230.14138793945313,45.44042205810547,0.33337461948394778,4.7191733187901266e-8,0.9427944421768189,-1.1646789088715082e-10,1,-5.001398051263095e-8,-0.9427944421768189,1.6563586058282455e-8,0.33337461948394778],5,0.9440717697143555],[[767.6578369140625,230.1708984375,45.49148941040039,0.33297228813171389,3.820824545641699e-8,0.9429365992546082,1.3266590492833075e-8,1,-4.520521201811789e-8,-0.9429365992546082,2.7561636528616874e-8,0.33297228813171389],5,0.9580700397491455],[[767.4114990234375,230.1890411376953,45.59380340576172,0.28307369351387026,2.0816202095375048e-8,0.9590981602668762,3.953296001668605e-8,1,-3.3371918561897476e-8,-0.9590981602668762,4.736270398097986e-8,0.28307369351387026],5,0.9665725231170654],[[767.288330078125,230.17767333984376,45.64496612548828,0.33277198672294619,7.924370493128663e-9,0.9430073499679565,5.274632286500491e-8,1,-2.7016618275865768e-8,-0.9430073499679565,5.873054220728591e-8,0.33277198672294619],5,0.9767694473266602],[[767.1651611328125,230.15269470214845,45.696128845214847,0.3295918107032776,-2.752907013459094e-9,0.9441235065460205,6.587290357629172e-8,1,-2.0080276996736758e-8,-0.9441235065460205,6.88104506707532e-8,0.3295918107032776],5,0.9860870838165283],[[766.980712890625,230.08966064453126,45.77339553833008,0.3031803369522095,-1.7900166682238706e-8,0.9529331922531128,8.527609907105216e-8,1,-8.346724200691824e-9,-0.9529331922531128,8.379299032412746e-8,0.3031803369522095],5,0.9973812103271484],[[766.8577880859375,230.03060913085938,45.82514190673828,0.32469600439071658,-3.195133757571966e-8,0.9458184242248535,9.822242930113134e-8,1,6.228192961366119e-11,-0.9458184242248535,9.288035585086618e-8,0.32469600439071658],5,1.008409023284912],[[766.6123657226563,229.8716278076172,45.929481506347659,0.26861241459846499,-5.186194940165478e-8,0.9632483124732971,1.2331520338193514e-7,1,1.9452880195558465e-8,-0.9632483124732971,1.1355788132050293e-7,0.26861241459846499],5,1.021477460861206],[[766.4288330078125,229.7166290283203,46.008872985839847,0.2900952994823456,-7.515899369536783e-8,0.9569977521896362,1.421305739768286e-7,1,3.545210347510874e-8,-0.9569977521896362,1.257341608607021e-7,0.2900952994823456],5,1.0369904041290284],[[766.2455444335938,229.53097534179688,46.089019775390628,0.2897978127002716,-9.730773342653265e-8,0.9570878744125366,1.607950963489202e-7,1,5.2983288867380909e-8,-0.9570878744125366,1.3854059943696485e-7,0.2897978127002716],5,1.0479750633239747],[[766.0624389648438,229.31466674804688,46.16929244995117,0.2896774113178253,-8.74511414394874e-8,0.9571243524551392,1.2857130116117333e-7,1,5.2456030630310127e-8,-0.9571243524551392,1.0786339288415548e-7,0.2896774113178253],5,1.0634822845458985],[[765.8793334960938,229.0677032470703,46.24957275390625,0.29434823989868166,-7.640236532324707e-8,0.9556982517242432,9.658702282422382e-8,1,5.0195911427408649e-8,-0.9556982517242432,7.753296671353383e-8,0.29434823989868166],5,1.073225736618042],[[765.7570190429688,228.88601684570313,46.302616119384769,0.3226264417171478,-6.971422550350326e-8,0.9465264081954956,7.535749091402977e-8,1,4.7966867811055638e-8,-0.9465264081954956,5.5852478197948588e-8,0.3226264417171478],5,1.0827217102050782],[[765.5731811523438,228.58795166015626,46.38143539428711,0.3009878098964691,-5.388906032521845e-8,0.9536280035972595,4.376711970621727e-8,1,4.269557152269954e-8,-0.9536280035972595,2.888670458389697e-8,0.3009878098964691],5,1.0930798053741456],[[765.3890991210938,228.2592315673828,46.459598541259769,0.3043242394924164,-3.7658686835584379e-8,0.952568531036377,1.2382609604344453e-8,1,3.557786953933828e-8,-0.952568531036377,9.680765078456944e-10,0.3043242394924164],5,1.1070325374603272],[[765.2047119140625,227.8998565673828,46.5371208190918,0.3076511323451996,-1.9509263537997869e-8,0.9514992237091065,-1.881573830075922e-8,1,2.6587459345250865e-8,-0.9514992237091065,-2.6082823012529844e-8,0.3076511323451996],5,1.1238129138946534],[[764.95849609375,227.3730010986328,46.63957595825195,0.28740692138671877,6.578469324836078e-9,0.9578085541725159,-5.995816110271335e-8,1,1.1123226784093277e-8,-0.9578085541725159,-6.062533230988265e-8,0.28740692138671877],5,1.1335854530334473],[[764.8351440429688,227.08914184570313,46.69026565551758,0.3407237231731415,2.50210714369814e-8,0.9401634931564331,-8.067630119512614e-8,1,2.6242852335656154e-9,-0.9401634931564331,-7.674306345961668e-8,0.3407237231731415],5,1.1445059776306153],[[764.7116088867188,226.79164123535157,46.7404899597168,0.3487732708454132,4.16110701451089e-8,0.9372071027755737,-1.0139509498685584e-7,1,-6.665732410482406e-9,-0.9372071027755737,-9.270337386624306e-8,0.3487732708454132],5,1.154982089996338],[[764.5257568359375,226.3198699951172,46.814327239990237,0.33048662543296816,6.506692074026432e-8,0.9438106417655945,-1.3222360450981797e-7,1,-2.2640968211362634e-8,-0.9438106417655945,-1.1731150806326696e-7,0.33048662543296816],5,1.1690821647644044],[[764.2772216796875,225.6431427001953,46.9108772277832,0.32113564014434817,8.016893815465665e-8,0.9470332264900208,-1.3754385008724058e-7,1,-3.801208237064202e-8,-0.9470332264900208,-1.1805155963884317e-7,0.32113564014434817],5,1.1816205978393555],[[764.0271606445313,224.9119110107422,47.003440856933597,0.3402537405490875,7.944840518803176e-8,0.9403336644172669,-1.0712899722875591e-7,1,-4.57256454922117e-8,-0.9403336644172669,-8.517868366197945e-8,0.3402537405490875],5,1.1965360641479493],[[763.9013061523438,224.52584838867188,47.047454833984378,0.40007051825523379,8.195219436402113e-8,0.9164843559265137,-9.211034779355032e-8,1,-4.9211493546863497e-8,-0.9164843559265137,-6.4729626103599e-8,0.40007051825523379],5,1.2073545455932618],[[763.711669921875,223.92123413085938,47.11094284057617,0.4466494023799896,7.711718552627645e-8,0.894709050655365,-7.235278332018425e-8,1,-5.007310122095987e-8,-0.894709050655365,-4.2369570962819128e-8,0.4466494023799896],7,1.2219622135162354],[[763.4566650390625,223.35598754882813,47.18891525268555,0.5010189414024353,6.688735965099113e-8,0.865436315536499,-4.769246331193244e-8,1,-4.9677293390004709e-8,-0.865436315536499,-1.6385525825057813e-8,0.5010189414024353],7,1.2468688488006592],[[763.1989135742188,223.42349243164063,47.25741958618164,0.5490373373031616,5.4799812687633678e-8,0.8357977867126465,-2.3339859822613108e-8,1,-5.023386862035295e-8,-0.8357977867126465,8.072867707653586e-9,0.5490373373031616],7,1.2541861534118653],[[762.7423095703125,223.5931854248047,47.353702545166019,0.6474420428276062,3.094704226214162e-8,0.7621147036552429,1.8221880893065646e-8,1,-5.608690045733056e-8,-0.7621147036552429,5.0200181789250567e-8,0.6474420428276062],8,1.282768726348877],[[762.4810791015625,224.45608520507813,47.407596588134769,0.6841802597045898,1.5869858316364117e-8,0.7293129563331604,4.1653670734831397e-8,1,-6.08359940201808e-8,-0.7293129563331604,7.20013488830773e-8,0.6841802597045898],3,1.2968132495880128],[[762.2833251953125,225.06748962402345,47.433231353759769,0.6803016662597656,2.9662192702062386e-9,0.7329322099685669,6.24901232981756e-8,1,-6.2049878124526e-8,-0.7329322099685669,8.80136568071066e-8,0.6803016662597656],5,1.3108208179473878],[[762.1504516601563,225.45806884765626,47.437957763671878,0.6816810369491577,-7.770900367631839e-9,0.7316494584083557,7.733962092970614e-8,1,-6.143659447843675e-8,-0.7316494584083557,9.846565518500938e-8,0.6816810369491577],5,1.3186042308807374],[[762.0172119140625,225.8350067138672,47.43723678588867,0.6969248652458191,-2.1137930517056703e-8,0.7171441316604614,9.244938325991825e-8,1,-6.036770372475076e-8,-0.7171441316604614,1.0837128883167679e-7,0.6969248652458191],5,1.3278100490570069],[[761.8839111328125,226.19833374023438,47.43320846557617,0.7144796848297119,-3.568994344504972e-8,0.6996561884880066,1.0772163960837134e-7,1,-5.899324051483745e-8,-0.6996561884880066,1.1751758677291946e-7,0.7144796848297119],5,1.3368148803710938],[[761.6842651367188,226.7177734375,47.421600341796878,0.7249542474746704,-5.6119311864222257e-8,0.6887969970703125,1.3090141237626086e-7,1,-5.629847876775784e-8,-0.6887969970703125,1.3097832152197953e-7,0.7249542474746704],5,1.346869945526123],[[761.551513671875,227.0470428466797,47.40884780883789,0.7531365156173706,-7.461910200845523e-8,0.6578642725944519,1.464788965677144e-7,1,-5.4265768767436387e-8,-0.6578642725944519,1.3723276026667009e-7,0.7531365156173706],5,1.3578619956970215],[[761.3529052734375,227.515380859375,47.3853874206543,0.7417627573013306,-8.341152835100729e-8,0.6706623435020447,1.5306258660530148e-7,1,-4.491767668923785e-8,-0.6706623435020447,1.3597157533240534e-7,0.7417627573013306],5,1.3673553466796876],[[761.2206420898438,227.81057739257813,47.368412017822269,0.7630016803741455,-8.340757062796911e-8,0.6463965177536011,1.3552737243571756e-7,1,-3.094082501320372e-8,-0.6463965177536011,1.1121231580091262e-7,0.7630016803741455],5,1.3770637512207032],[[761.0885009765625,228.09214782714845,47.35063934326172,0.7632049322128296,-7.84145512966461e-8,0.6461565494537354,1.1790113774168276e-7,1,-1.790305503845957e-8,-0.6461565494537354,8.984628863117905e-8,0.7632049322128296],5,1.3859353065490723],[[760.9564208984375,228.36009216308595,47.332672119140628,0.7633017301559448,-7.276015878687758e-8,0.6460421085357666,1.0018857921068047e-7,1,-5.748784115411354e-9,-0.6460421085357666,6.911410110888028e-8,0.7633017301559448],5,1.395782709121704],[[760.494140625,229.19061279296876,47.26968002319336,0.6756700277328491,-4.3467522914397708e-8,0.7372041940689087,3.555246763653486e-8,1,2.6377749762218629e-8,-0.7372041940689087,8.386774830171362e-9,0.6756700277328491],5,1.4254350662231446],[[760.303466796875,229.49545288085938,47.22983169555664,0.7811639904975891,-3.142876181527754e-8,0.6243258714675903,9.810785961406055e-9,1,3.806494319746889e-8,-0.6243258714675903,-2.3609835864135677e-8,0.7811639904975891],5,1.44740629196167],[[759.9802856445313,230.01316833496095,47.149818420410159,0.795024037361145,-5.357888355206342e-9,0.6065779328346252,-3.9537532359190666e-8,1,6.065366875418477e-8,-0.6065779328346252,-7.220371855964913e-8,0.795024037361145],5,1.4681482315063477],[[759.8130493164063,230.29019165039063,47.10841369628906,0.7959450483322144,1.163570306772499e-8,0.6053689122200012,-7.219291831006558e-8,1,7.569911275595587e-8,-0.6053689122200012,-1.0395567784371451e-7,0.7959450483322144],5,1.486006259918213],[[759.6843872070313,230.51271057128907,47.07655715942383,0.7928971648216248,2.7966867932605056e-8,0.6093554496765137,-1.048811171244779e-7,1,9.057614391849711e-8,-0.6093554496765137,-1.3572744705925289e-7,0.7928971648216248],5,1.492600440979004],[[759.6582641601563,230.55982971191407,47.07008361816406,0.7918527722358704,3.194488229496528e-8,0.6107120513916016,-1.1305471758760177e-7,1,9.427979819065513e-8,-0.6107120513916016,-1.4369959444593406e-7,0.7918527722358704],5,1.4998440742492676],[[759.6132202148438,230.64382934570313,47.058929443359378,0.7918558716773987,4.0363520525943389e-8,0.6107080578804016,-1.2939648286192097e-7,1,1.016849893176186e-7,-0.6107080578804016,-1.595433190004769e-7,0.7918558716773987],5,1.5088529586791993],[[759.563720703125,230.7443084716797,47.04667282104492,0.7918569445610046,3.721514829635453e-8,0.610706627368927,-1.0999581689929983e-7,1,8.168538556674321e-8,-0.610706627368927,-1.318583144893637e-7,0.7918569445610046],5,1.5178940296173096],[[759.5427856445313,230.79425048828126,47.04148483276367,0.7918577790260315,3.511728507987755e-8,0.610705554485321,-9.70689342238984e-8,1,6.835945498551155e-8,-0.610705554485321,-1.1341150241150899e-7,0.7918577790260315],5,1.530609369277954],[[759.5294799804688,230.8436279296875,47.03818130493164,0.7918573021888733,3.197181186465059e-8,0.6107061505317688,-7.768893794946053e-8,1,4.8381277650833e-8,-0.6107061505317688,-8.575618437589583e-8,0.7918573021888733],5,1.541184663772583],[[759.5282592773438,230.8623504638672,47.03789138793945,0.7918578386306763,2.8828502252054024e-8,0.6107054948806763,-5.8321372620184778e-8,1,2.8415879427257097e-8,-0.6107054948806763,-5.8118519774552627e-8,0.7918578386306763],5,1.5505931377410889],[[759.5281982421875,230.8577880859375,47.03787612915039,0.7918573021888733,2.6733983915505634e-8,0.6107062101364136,-4.541654519130134e-8,1,1.5112728846133906e-8,-0.6107062101364136,-3.970329132130246e-8,0.7918573021888733],5,1.5616908073425294],[[759.5281982421875,230.82542419433595,47.03787612915039,0.7918577790260315,2.3593999642912423e-8,0.6107054948806763,-2.6069658431993049e-8,1,-4.831357536261294e-9,-0.6107054948806763,-1.2095136447953792e-8,0.7918577790260315],5,1.5718822479248047],[[759.5281982421875,230.78680419921876,47.03787612915039,0.7918573021888733,2.1501762148545823e-8,0.6107062101364136,-1.3178612867648099e-8,1,-1.812030170356138e-8,-0.6107062101364136,6.3004321759763119e-9,0.7918573021888733],5,1.5826280117034913],[[759.5281982421875,230.70333862304688,47.03787612915039,0.7918577790260315,1.8365089005101255e-8,0.6107054948806763,6.147613973439547e-9,1,-3.804309045563059e-8,-0.6107054948806763,3.3879100413969357e-8,0.7918577790260315],5,1.5939974784851075],[[759.5281982421875,230.6306610107422,47.03787612915039,0.7918573021888733,1.6275125247489087e-8,0.6107062101364136,1.9024893660457566e-8,1,-5.131784419631913e-8,-0.6107062101364136,5.225502874850463e-8,0.7918573021888733],5,1.6045589447021485],[[759.5281982421875,230.49609375,47.03787612915039,0.7929180264472961,1.3050918568069392e-8,0.6093282699584961,3.829585892844989e-8,1,-7.125288448150968e-8,-0.6093282699584961,7.983244643128273e-8,0.7929180264472961],5,1.6157677173614503],[[759.5281982421875,230.3893585205078,47.03787612915039,0.7950372695922852,1.0684795270776704e-8,0.6065605878829956,5.108992695568304e-8,1,-8.458048483817038e-8,-0.6065605878829956,9.823377666862143e-8,0.7950372695922852],5,1.6272132396697999],[[759.5281982421875,230.135009765625,47.03787612915039,0.7960962653160095,6.340228342338605e-9,0.6051700115203857,7.661505208034214e-8,1,-1.1126325460963926e-7,-0.6051700115203857,1.349414020523909e-7,0.7960962653160095],5,1.6405408382415772],[[759.5281982421875,229.90847778320313,47.03787612915039,0.7982084155082703,2.7408384450922087e-9,0.6023813486099243,9.567451542125127e-8,1,-1.313271695835283e-7,-0.6023813486099243,1.6245900269495906e-7,0.7982084155082703],5,1.6522579193115235],[[759.5281982421875,229.7404327392578,47.03787612915039,0.7982088923454285,1.0496014057892467e-9,0.6023806929588318,8.647304383657684e-8,1,-1.1632702978658927e-7,-0.6023806929588318,1.4494295896838595e-7,0.7982088923454285],5,1.6631627082824708],[[759.5281982421875,229.46279907226563,47.03787612915039,0.7992600798606873,-1.7389186757199582e-9,0.6009852886199951,7.271752622273198e-8,1,-9.381477639180958e-8,-0.6009852886199951,1.1868456795127713e-7,0.7992600798606873],5,1.673560619354248],[[759.5281982421875,229.26068115234376,47.03787612915039,0.7992606163024902,-3.42831896205098e-9,0.6009845733642578,6.355209336561529e-8,1,-7.88146081731611e-8,-0.6009845733642578,1.0118723992036394e-7,0.7992606163024902],5,1.6837470531463624],[[759.5281982421875,228.9319610595703,47.03787612915039,0.8003084063529968,-6.137523378413334e-9,0.5995885729789734,4.985055568340613e-8,1,-5.630243293808235e-8,-0.5995885729789734,7.494913489836108e-8,0.8003084063529968],5,1.6945862770080567],[[759.5281982421875,228.5725860595703,47.03787612915039,0.8003078699111939,-8.668423312485629e-9,0.5995892882347107,3.6157782545842568e-8,1,-3.3804695931394238e-8,-0.5995892882347107,4.8733983959436958e-8,0.8003078699111939],5,1.7089872360229493],[[759.5281982421875,228.18255615234376,47.03787612915039,0.800308346748352,-1.1197808902352336e-8,0.5995886325836182,2.2473800598277195e-8,1,-1.132136429049524e-8,-0.5995886325836182,2.2535617816288324e-8,0.800308346748352],5,1.7196013927459717],[[759.5281982421875,227.76187133789063,47.03787612915039,0.8003078699111939,-1.3725515835005809e-8,0.5995892286300659,8.798573425394807e-9,1,1.1147545109224666e-8,-0.5995892286300659,-3.6459382179998558e-9,0.8003078699111939],5,1.730665683746338],[[759.5281982421875,227.46437072753907,47.03787612915039,0.8003084063529968,-1.5409762355034219e-8,0.5995885729789734,-3.133593384774258e-10,1,2.611882088388029e-8,-0.5995885729789734,-2.1090999169359749e-8,0.8003084063529968],5,1.7419712543487549],[[759.5281982421875,226.9925994873047,47.03787612915039,0.8003078699111939,-1.793480564060701e-8,0.5995892882347107,-1.39739784188464e-8,1,4.85637272618078e-8,-0.5995892882347107,-4.72445833565871e-8,0.8003078699111939],5,1.75184965133667],[[759.5133056640625,226.3158721923828,47.01800537109375,0.800308346748352,-2.1298948382764139e-8,0.5995886325836182,-3.2174501285453519e-8,1,7.846791305610168e-8,-0.5995886325836182,-8.208998991676708e-8,0.800308346748352],5,1.769183874130249],[[759.4646606445313,225.5846405029297,46.98558807373047,0.7528235912322998,-2.5505428880023829e-8,0.6582223176956177,-5.7464067282353429e-8,1,1.0447189424667158e-7,-0.6582223176956177,-1.1647303921336061e-7,0.7528235912322998],5,1.7953929901123047],[[759.3479614257813,224.59396362304688,46.94383239746094,0.7102853655815125,-2.5432314032514115e-8,0.7039138078689575,-9.468926975841896e-8,1,1.316762165970431e-7,-0.7039138078689575,-1.6018077531043674e-7,0.7102853655815125],5,1.8128795623779297],[[759.1061401367188,223.7401123046875,46.909912109375,0.7663586139678955,-8.833621834014594e-9,0.6424130201339722,-6.103451255512482e-8,1,8.656104455440073e-8,-0.6424130201339722,-1.0554617091429464e-7,0.7663586139678955],7,1.820387840270996],[[759.0134887695313,223.51812744140626,46.90147399902344,0.7794820666313171,-6.792529205768005e-9,0.6264245510101318,-5.211238729430079e-8,1,7.568860382889398e-8,-0.6264245510101318,-9.164238434777872e-8,0.7794820666313171],7,1.8291852474212647],[[758.6582641601563,223.35586547851563,46.87665939331055,0.7750284075737,-8.022115416395082e-9,0.631926417350769,-2.5012079518660358e-8,1,4.337085357519754e-8,-0.631926417350769,-4.9419437431197369e-8,0.7750284075737],7,1.8382103443145753],[[758.3570556640625,223.39501953125,46.860652923583987,0.771065354347229,-8.75896244423302e-9,0.6367560029029846,-6.789147910524207e-9,1,2.1976767072828808e-8,-0.6367560029029846,-2.1268554917242e-8,0.771065354347229],7,1.8467578887939454],[[758.0043334960938,223.45458984375,46.84529495239258,0.7677780389785767,-9.301250436521969e-9,0.6407158970832825,1.1539571964647166e-8,1,6.889488424199897e-10,-0.6407158970832825,6.864627977165583e-9,0.7677780389785767],8,1.8579456806182862],[[757.378662109375,223.5352325439453,46.82386779785156,0.7610355615615845,-9.879052242922626e-9,0.6487101316452026,3.9351025549194676e-8,1,-3.093597200631848e-8,-0.6487101316452026,4.907078476890092e-8,0.7610355615615845],8,1.8692617416381837],[[756.71435546875,224.1943359375,46.80310821533203,0.7553431987762451,-1.0100086988984458e-8,0.6553294062614441,6.741954194922073e-8,1,-6.22966140895187e-8,-0.6553294062614441,9.123733946125867e-8,0.7553431987762451],3,1.884796380996704],[[755.853515625,225.0299835205078,46.77578353881836,0.6992703676223755,-9.256554633907399e-9,0.714857280254364,1.114789967004981e-7,1,-9.609947682065467e-8,-0.714857280254364,1.4689108240872884e-7,0.6992703676223755],5,1.9082386493682862],[[754.63671875,226.18125915527345,46.73611068725586,0.6264294385910034,-8.040347942994686e-9,0.779478132724762,9.778225518175532e-8,1,-6.82678944485815e-8,-0.779478132724762,1.189841469795283e-7,0.6264294385910034],5,1.9225127696990967],[[754.2509765625,226.53778076171876,46.72333526611328,0.6947869062423706,-2.2298404900311654e-8,0.7192156314849854,9.357506769447355e-8,1,-5.9392935014557227e-8,-0.7192156314849854,1.0856608412268543e-7,0.6947869062423706],5,1.9307441711425782],[[753.8751831054688,226.8806610107422,46.71087646484375,0.6895132064819336,-2.47217570858993e-8,0.7242730855941773,8.927217010068489e-8,1,-5.085455612174883e-8,-0.7242730855941773,9.97223210674747e-8,0.6895132064819336],5,1.9397051334381104],[[753.50927734375,227.20993041992188,46.698768615722659,0.6855841279029846,-2.7148404413424033e-8,0.7279934287071228,8.488264313655236e-8,1,-4.2645698528076539e-8,-0.7279934287071228,9.103121811904202e-8,0.6855841279029846],5,1.9486031532287598],[[753.1533203125,227.5255584716797,46.68704605102539,0.6817100048065186,-2.938059573409646e-8,0.7316225171089172,8.040457544211677e-8,1,-3.4761104217295727e-8,-0.7316225171089172,8.252278860254592e-8,0.6817100048065186],5,1.9591481685638428],[[752.637939453125,227.9734649658203,46.67024612426758,0.6597468256950378,-3.071389897968402e-8,0.7514879107475281,7.341712660036137e-8,1,-2.358363992982504e-8,-0.7514879107475281,7.073131769175234e-8,0.6597468256950378],5,1.9685988426208497],[[752.3067626953125,228.25503540039063,46.65959167480469,0.6764751076698303,-3.4419251448980506e-8,0.7364654541015625,6.876685887391432e-8,1,-1.6429581251031779e-8,-0.7364654541015625,6.175862665713794e-8,0.6764751076698303],5,1.978139877319336],[[751.9855346679688,228.52297973632813,46.6494026184082,0.6763764023780823,-3.632168343870035e-8,0.7365561723709106,6.407101693639561e-8,1,-9.523289712376482e-9,-0.7365561723709106,5.363322941320803e-8,0.6763764023780823],5,1.9866821765899659],[[751.5222778320313,228.89935302734376,46.6349983215332,0.6568243503570557,-3.7538239183732e-8,0.7540436387062073,5.681217629671664e-8,1,2.9523269939879528e-10,-0.7540436387062073,4.264494180006295e-8,0.6568243503570557],5,1.9977164268493653],[[751.225830078125,229.13323974609376,46.62598419189453,0.6762993931770325,-4.004145992553276e-8,0.7366268634796143,5.199472852268627e-8,1,6.621339920798164e-9,-0.7366268634796143,3.3822704637032078e-8,0.6762993931770325],5,2.0103282928466799],[[750.7997436523438,229.45852661132813,46.61334228515625,0.6567918062210083,-4.104727580056533e-8,0.7540719509124756,4.4560795942061307e-8,1,1.562199614113524e-8,-0.7540719509124756,2.3341646837593545e-8,0.6567918062210083],5,2.019104480743408],[[750.528076171875,229.65834045410157,46.60550308227539,0.6762922406196594,-4.258876984408744e-8,0.7366334199905396,3.961780592476316e-8,1,2.1442895459244938e-8,-0.7366334199905396,1.4682136395549606e-8,0.6762922406196594],5,2.0309154987335207],[[750.205322265625,229.9151611328125,46.53908920288086,0.6143843531608582,0.005844326689839363,0.7889851927757263,0.0003531547845341265,0.9999704360961914,-0.007682180032134056,-0.789006769657135,0.004998445510864258,0.6143641471862793],5,2.0420165061950685],[[750.3423461914063,230.0076904296875,46.631385803222659,0.6436691284179688,0.0015019970014691353,0.7653024196624756,-0.0028759685810655357,0.999995768070221,0.00045626607607118785,-0.7652984857559204,-0.002494670217856765,0.6436706781387329],5,2.0542171001434328],[[750.4434814453125,230.069580078125,46.70783615112305,0.6541861891746521,0.00024260851205326617,0.7563335299491882,-0.0022236821241676809,0.9999962449073792,0.001602592528797686,-0.7563303112983704,-0.0027302391827106477,0.6541842222213745],5,2.064541816711426],[[750.4990844726563,230.0937957763672,46.75597381591797,0.675877571105957,0.00007537563215009868,0.7370138764381409,-0.0014711178373545409,0.999998152256012,0.0012468150816857815,-0.7370124459266663,-0.001926928642205894,0.6758764386177063],5,2.0760042667388918],[[750.5645141601563,230.10458374023438,46.823463439941409,0.6566113829612732,-0.