[[[776,222.69961547851563,47,1,-1.7095533877409254e-8,4.761352191017714e-15,1.7095533877409254e-8,1,-2.895349382470158e-8,-4.2663770533448758e-15,2.895349382470158e-8,1],8,0.013037681579589844],[[776,222.69961547851563,47,1,-4.602178194090811e-8,6.741691081259271e-15,4.602178194090811e-8,1,-7.794378120706824e-8,-3.154579394470773e-15,7.794378120706824e-8,1],8,0.034531354904174808],[[776,222.69961547851563,47,1,-5.032959649042823e-8,7.396201062899195e-15,5.032959649042823e-8,1,-8.523961980699824e-8,-3.1061252982395646e-15,8.523961980699824e-8,1],8,0.04144740104675293],[[776,222.69961547851563,47,1,-3.945436688468362e-8,6.696983411753768e-15,3.945436688468362e-8,1,-6.682102338118057e-8,-4.060602257270705e-15,6.682102338118057e-8,1],8,0.05500483512878418],[[776,222.69961547851563,47,1,-2.4964904810076406e-8,6.048323463164057e-15,2.4964904810076406e-8,1,-4.22812576061915e-8,-4.992775568251218e-15,4.22812576061915e-8,1],8,0.07210731506347656],[[776,222.69961547851563,47,1,-1.0487826607175066e-8,5.7503220257269439e-15,1.0487826607175066e-8,1,-1.7762461723691559e-8,-5.564032375571411e-15,1.7762461723691559e-8,1],8,0.08684849739074707],[[776,222.69961547851563,47,1,3.976878382161431e-9,5.806399418483441e-15,-3.976878382161431e-9,1,6.7353860266905489e-9,-5.7796132720759449e-15,-6.7353860266905489e-9,1],8,0.1055901050567627],[[776,222.69961547851563,47,1,1.842922081607412e-8,6.2161473715529728e-15,-1.842922081607412e-8,1,3.121230207625558e-8,-5.6409289911384719e-15,-3.121230207625558e-8,1],8,0.1215815544128418],[[776,222.69961547851563,47,1,3.286921312906088e-8,6.978717157922389e-15,-3.286921312906088e-8,1,5.566830196812589e-8,-5.148943879769441e-15,-5.566830196812589e-8,1],8,0.1396481990814209],[[776,222.69961547851563,47,1,4.729686153837065e-8,8.093210922667602e-15,-4.729686153837065e-8,1,8.010340479813749e-8,-4.304571463002466e-15,-8.010340479813749e-8,1],8,0.15409517288208009],[[776,222.69961547851563,47,1,6.17121784785013e-8,9.558726152183311e-15,-6.17121784785013e-8,1,1.0451763188257246e-7,-3.1087153132340315e-15,-1.0451763188257246e-7,1],8,0.17140793800354005],[[776,222.69961547851563,47,1,4.012328247426922e-8,7.933778146170662e-15,-4.012328247426922e-8,1,6.795399798420476e-8,-5.2072404988477448e-15,-6.795399798420476e-8,1],8,0.18779850006103517],[[776,222.69961547851563,47,1,1.8552841041241664e-8,7.156296768281306e-15,-1.8552841041241664e-8,1,3.142161375535579e-8,-6.5733369302453749e-15,-3.142161375535579e-8,1],8,0.20559263229370118],[[776,222.69961547851563,47,1,-2.9991662486850147e-9,7.17293588349717e-15,2.9991662486850147e-9,1,-5.0795567752004448e-9,-7.157701148907854e-15,5.0795567752004448e-9,1],8,0.22127866744995118],[[776,222.69961547851563,47,1,-2.453275449454395e-8,7.975742699476481e-15,2.453275449454395e-8,1,-4.154953714419207e-8,-6.9564181685529729e-15,4.154953714419207e-8,1],8,0.23714876174926759],[[776,222.69961547851563,47,1,-4.067086578629642e-8,9.092116877364599e-15,4.067086578629642e-8,1,-6.888156889317543e-8,-6.2906434957475148e-15,6.888156889317543e-8,1],8,0.2532496452331543],[[776,222.69961547851563,47,1,-4.926248564629532e-8,1.0089576946820632e-14,4.926248564629532e-8,1,-8.343260304854994e-8,-5.979479166310069e-15,8.343260304854994e-8,1],8,0.271254301071167],[[776,222.69961547851563,47,0.9829980731010437,-1.883882028153039e-8,0.1836157888174057,3.050485020139604e-8,1,-6.071040559163521e-8,-0.1836157888174057,6.527938012368395e-8,0.9829980731010437],8,0.29044079780578616],[[776,222.69961547851563,47,0.9838874340057373,-4.488006855041249e-9,0.17878903448581696,1.1504377894766549e-8,1,-3.8207073060902988e-8,-0.17878903448581696,3.96483166298367e-8,0.9838874340057373],8,0.31308817863464358],[[776,222.69961547851563,47,0.9321685433387756,1.7558008380547109e-8,0.36202457547187807,-1.1170913971625396e-8,1,-1.9735770351303473e-8,-0.36202457547187807,1.4352918853433039e-8,0.9321685433387756],8,0.32718944549560549],[[776,222.69961547851563,47,0.8515784740447998,3.0747845158884959e-8,0.5242272019386292,-3.0356034130818446e-8,1,-9.34194144264211e-9,-0.5242272019386292,-7.958063541479988e-9,0.8515784740447998],8,0.3431382179260254],[[776,222.69961547851563,47,0.750557541847229,4.359095484574027e-8,0.6608051061630249,-5.78980490217873e-8,1,-2.0450216520195853e-10,-0.6608051061630249,-3.8105834931911889e-8,0.750557541847229],8,0.3539133071899414],[[776,222.69961547851563,47,0.6408595442771912,5.573339123543519e-8,0.7676581144332886,-9.363320430111344e-8,1,5.565426342002411e-9,-0.7676581144332886,-7.544494451394712e-8,0.6408595442771912],8,0.37068986892700198],[[776,222.69961547851563,47,0.5274486541748047,5.962257887404121e-8,0.8495869040489197,-1.225472345822709e-7,1,5.9026317167365509e-9,-0.8495869040489197,-1.0722786925043693e-7,0.5274486541748047],8,0.38881659507751467],[[776,222.69961547851563,47,0.410849392414093,3.1881043582870919e-8,0.9117032289505005,-7.971776483373105e-8,1,9.553032809250795e-10,-0.9117032289505005,-7.307142624313201e-8,0.410849392414093],8,0.4043748378753662],[[776,222.69961547851563,47,0.23554584383964539,4.647458418105543e-9,0.9718632698059082,-3.677789450762248e-8,1,4.131673669860447e-9,-0.9718632698059082,-3.671628334700472e-8,0.23554584383964539],8,0.4210085868835449],[[776,222.69961547851563,47,0.13651993870735169,-9.446283755210061e-9,0.9906373023986816,-5.020020399371106e-9,1,1.0227372726490103e-8,-0.9906373023986816,-6.369259786254133e-9,0.13651993870735169],8,0.436720609664917],[[776,222.69961547851563,47,0.04155050590634346,-2.7464844620794794e-8,0.9991363883018494,4.666963704380578e-8,1,2.5547761239863577e-8,-0.9991363883018494,4.5567812634317309e-8,0.04155050590634346],8,0.45800089836120608],[[776,222.69961547851563,47,-0.04158591851592064,-3.753928723426725e-8,0.9991349577903748,8.682810914706352e-8,1,4.118574281619658e-8,-0.9991349577903748,8.846573962273396e-8,-0.04158591851592064],8,0.47817015647888186],[[776,222.69961547851563,47,-0.11293081939220429,-3.025893491326315e-8,0.9936028718948364,8.443679888614497e-8,1,4.0050661453960859e-8,-0.9936028718948364,8.84195969774737e-8,-0.11293081939220429],8,0.4869968891143799],[[776,222.69961547851563,47,-0.1648145318031311,-1.69034652941491e-8,0.9863245487213135,6.084621162472104e-8,1,2.7305215866135769e-8,-0.9863245487213135,6.451440981436463e-8,-0.1648145318031311],8,0.5043776035308838],[[776,222.69961547851563,47,-0.20942147076129914,-3.1137175060536039e-9,0.9778254628181458,3.2139318761892358e-8,1,1.0067625844101258e-8,-0.9778254628181458,3.3535023646891207e-8,-0.20942147076129914],8,0.5224645137786865],[[776,222.69961547851563,47,-0.25528764724731448,7.137217039598909e-9,0.9668651223182678,9.870888106888743e-9,1,-4.77553774302919e-9,-0.9668651223182678,8.324682276850126e-9,-0.25528764724731448],8,0.5370593070983887],[[776,222.69961547851563,47,-0.31388214230537417,1.6291561877324058e-8,0.9494619369506836,-1.1430872248752167e-8,1,-2.093765694155536e-8,-0.9494619369506836,-1.742513511260313e-8,-0.31388214230537417],8,0.5547080039978027],[[776,222.69961547851563,47,-0.38101598620414736,2.3654623149127475e-8,0.9245684742927551,-3.150438487864449e-8,1,-3.8567502969044656e-8,-0.9245684742927551,-4.3822797834991437e-8,-0.38101598620414736],8,0.5705080032348633],[[775.9384765625,222.69961547851563,46.850555419921878,-0.457103967666626,2.854594605139482e-8,0.8894132375717163,-5.001517777714071e-8,1,-5.779999412425241e-8,-0.8894132375717163,-7.090476827897874e-8,-0.457103967666626],8,0.5893216133117676],[[775.8209228515625,222.69961547851563,46.615291595458987,-0.5486159920692444,2.9845615756585178e-8,0.8360744118690491,-6.613434777591465e-8,1,-7.909341093181865e-8,-0.8360744118690491,-9.868515604694039e-8,-0.5486159920692444],8,0.60951828956604],[[775.67919921875,222.69961547851563,46.389705657958987,-0.6892045736312866,1.802795424055148e-8,0.7245668172836304,-6.739279712064672e-8,1,-8.89847271423605e-8,-0.7245668172836304,-1.1015926304480672e-7,-0.6892045736312866],8,0.621096134185791],[[775.5027465820313,222.69961547851563,46.190467834472659,-0.7808997631072998,-2.2638411978359586e-10,0.6246563792228699,-4.209828574630592e-8,1,-5.2265786365524039e-8,-0.6246563792228699,-6.711130140502064e-8,-0.7808997631072998],8,0.6370437145233154],[[775.3513793945313,222.69961547851563,46.06026077270508,-0.863536536693573,-1.2547958228026346e-8,0.5042862296104431,-2.7466734664471916e-8,1,-2.2151249723378897e-8,-0.5042862296104431,-3.297951067793292e-8,-0.863536536693573],8,0.6535258293151856],[[775.0681762695313,222.69961547851563,45.88517379760742,-0.9383671283721924,-2.2343925820678124e-8,0.3456401824951172,-1.2193733134324703e-8,1,3.154068295430079e-8,-0.3456401824951172,2.538209464830743e-8,-0.9383671283721924],8,0.6714017391204834],[[774.8220825195313,222.69961547851563,45.783748626708987,-0.9761454463005066,-2.232797413626031e-8,0.21711759269237519,-6.010890452046169e-9,1,7.58136167178236e-8,-0.21711759269237519,7.270005397685964e-8,-0.9761454463005066],8,0.6875991821289063],[[774.5639038085938,222.69961547851563,45.718204498291019,-0.9747341275215149,-2.2712439928795903e-8,0.22336836159229279,1.275033967296224e-10,1,1.0223794078001447e-7,-0.22336836159229279,9.968329095499939e-8,-0.9747341275215149],8,0.704310417175293],[[774.3041381835938,222.69961547851563,45.65784454345703,-0.9742056727409363,-1.2485815048535187e-8,0.22566179931163789,4.573355028014703e-9,1,7.507342303370024e-8,-0.22566179931163789,7.416898739620592e-8,-0.9742056727409363],8,0.7198712825775147],[[774.0443725585938,222.69961547851563,45.59758758544922,-0.9741442799568176,-2.0282309165509106e-9,0.22592675685882569,9.034242687278038e-9,1,4.793096408661768e-8,-0.22592675685882569,4.873275116779041e-8,-0.9741442799568176],8,0.7373456954956055],[[773.8495483398438,222.69961547851563,45.55239486694336,-0.9741370677947998,5.824235760343299e-9,0.2259579747915268,1.2378363223319866e-8,1,2.7589143414274987e-8,-0.2259579747915268,2.967259682407075e-8,-0.9741370677947998],8,0.7534372806549072],[[773.5248413085938,222.69961547851563,45.477073669433597,-0.9741364121437073,1.8903243415024918e-8,0.2259606271982193,1.7947263231121725e-8,1,-6.284991194149825e-9,-0.2259606271982193,-2.0670636313724346e-9,-0.9741364121437073],8,0.7711479663848877],[[773.3300170898438,222.69961547851563,45.431880950927737,-0.974136233329773,2.674400256807985e-8,0.22596150636672975,2.1285739393306359e-8,1,-2.6592111623813254e-8,-0.22596150636672975,-2.1094582081104819e-8,-0.974136233329773],8,0.7871050834655762],[[773.0053100585938,222.69961547851563,45.35655975341797,-0.974136233329773,3.980076002108035e-8,0.22596150636672975,2.6845105693951156e-8,1,-6.040838940180038e-8,-0.22596150636672975,-5.278003811781673e-8,-0.974136233329773],8,0.8053488731384277],[[772.7455444335938,222.69961547851563,45.296302795410159,-0.974136233329773,5.023612459353899e-8,0.22596150636672975,3.1288323043554558e-8,1,-8.743539581246296e-8,-0.22596150636672975,-7.810402991026422e-8,-0.974136233329773],8,0.8298990726470947],[[772.5507202148438,222.69961547851563,45.2511100769043,-0.974136233329773,5.8056791374383468e-8,0.22596150636672975,3.461824604755748e-8,1,-1.0769048941483561e-7,-0.22596150636672975,-9.708281822895515e-8,-0.974136233329773],8,0.8362600803375244],[[772.2260131835938,222.69961547851563,45.17578887939453,-0.9786588549613953,3.620655064651146e-8,0.20549166202545167,2.1354610524326746e-8,1,-7.449291672401159e-8,-0.20549166202545167,-6.851495726323265e-8,-0.9786588549613953],8,0.8550310134887695],[[771.9652099609375,222.69961547851563,45.12018966674805,-0.9771997332572937,1.4295197914293567e-8,0.21232225000858308,7.1316081928785028e-9,1,-3.450506369517825e-8,-0.21232225000858308,-3.220413802296207e-8,-0.9771997332572937],8,0.8776276111602783],[[771.70458984375,222.69961547851563,45.06382369995117,-0.9599936604499817,-5.8614357811848098e-9,0.28002169728279116,-4.255445773537758e-9,1,6.343203295955391e-9,-0.28002169728279116,4.897818151050615e-9,-0.9599936604499817],8,0.888883113861084],[[771.4478759765625,222.69961547851563,44.99181365966797,-0.9214797616004944,-2.8774941540632427e-8,0.38842642307281496,-1.0903839608999988e-8,1,4.821318100312055e-8,-0.38842642307281496,4.019213051265069e-8,-0.9214797616004944],8,0.9041759967803955],[[771.2001953125,222.69961547851563,44.89360046386719,-0.8633086681365967,-5.601438246571888e-8,0.5046762228012085,-1.1925443743621145e-8,1,9.059083794227263e-8,-0.5046762228012085,7.218937270181414e-8,-0.8633086681365967],8,0.9210295677185059],[[770.9667358398438,222.69961547851563,44.76534652709961,-0.7771895527839661,-6.488600234888509e-8,0.6292665004730225,-5.166069350082125e-9,1,9.673323120296118e-8,-0.6292665004730225,7.192922879539765e-8,-0.7771895527839661],8,0.9373719692230225],[[770.754638671875,222.69961547851563,44.6043815612793,-0.647956907749176,-5.191397178805346e-8,0.7616769671440125,-2.514757291294245e-9,1,6.601816693319052e-8,-0.7616769671440125,4.0861493744159819e-8,-0.647956907749176],8,0.9539604187011719],[[770.5746459960938,222.69961547851563,44.408451080322269,-0.4833739697933197,-3.3929715925751228e-8,0.8754139542579651,-6.021248832865922e-9,1,3.543375370895774e-8,-0.8754139542579651,1.1856668535870086e-8,-0.4833739697933197],8,0.9709427356719971],[[770.4364624023438,222.69961547851563,44.18120193481445,-0.3316020965576172,-1.0482878565198917e-8,0.943419337272644,-1.4687883798103485e-8,1,5.948940451361295e-9,-0.943419337272644,-1.1884152328889286e-8,-0.3316020965576172],8,0.988086462020874],[[770.3375244140625,222.67919921875,44.00739669799805,-0.2256608009338379,9.48902734165813e-9,0.9742059111595154,-2.366813589560479e-8,1,-1.5222651583712833e-8,-0.9742059111595154,-2.6492793736565546e-8,-0.2256608009338379],8,1.002864122390747],[[770.1727294921875,222.5770263671875,43.71757888793945,-0.18645919859409333,4.141364939869163e-8,0.9824627041816711,-4.003088704962465e-8,1,-4.975025902353991e-8,-0.9824627041816711,-4.860524782657194e-8,-0.18645919859409333],8,1.0224504470825196],[[770.0408935546875,222.43397521972657,43.485721588134769,-0.2401905357837677,6.3188650756274e-8,0.9707257747650147,-5.170292993739167e-8,1,-7.788730016500267e-8,-0.9707257747650147,-6.8897158200798e-8,-0.2401905357837677],8,1.0382585525512696],[[769.9420166015625,222.29092407226563,43.31182861328125,-0.33299297094345095,7.45045625194507e-8,0.9429293274879456,-5.845546269256374e-8,1,-9.965733482886208e-8,-0.9429293274879456,-8.830456010855414e-8,-0.33299297094345095],8,1.0538311004638672],[[769.7772216796875,223.3610382080078,43.02200698852539,-0.4219634234905243,9.607525441879261e-8,0.9066128730773926,-6.618266468194634e-8,1,-1.3677494337116514e-7,-0.9066128730773926,-1.1771607688615404e-7,-0.4219634234905243],3,1.072741985321045],[[769.6876831054688,223.96221923828126,42.843238830566409,-0.4579102098941803,9.135748513244835e-8,0.8889984488487244,-7.059334450332244e-8,1,-1.391261150729406e-7,-0.8889984488487244,-1.2646464142562764e-7,-0.4579102098941803],5,1.0971417427062989],[[769.5549926757813,224.7161102294922,42.61213684082031,-0.48029908537864687,5.3082725770536857e-8,0.8771047592163086,-6.688445353120187e-8,1,-9.714604942701044e-8,-0.8771047592163086,-1.0532383498684794e-7,-0.48029908537864687],5,1.1045441627502442],[[769.364013671875,225.58184814453126,42.33918762207031,-0.5138501524925232,6.580467282191194e-9,0.8578799366950989,-6.453897327673985e-8,1,-4.632795835846082e-8,-0.8578799366950989,-7.917231670262481e-8,-0.5138501524925232],5,1.121746301651001],[[769.1946411132813,226.21311950683595,42.13341522216797,-0.5987905859947205,-3.3541123656277708e-8,0.8009056448936462,-6.481982950390375e-8,1,-6.583021239237041e-9,-0.8009056448936462,-5.5856414604704699e-8,-0.5987905859947205],5,1.1375021934509278],[[769.0107421875,226.78988647460938,41.94048309326172,-0.6425583958625794,-6.786486750343102e-8,0.7662367224693298,-6.616280501248184e-8,1,3.3085598261095586e-8,-0.7662367224693298,-2.9436939996685397e-8,-0.6425583958625794],5,1.1552541255950928],[[768.8153076171875,227.31214904785157,41.75910568237305,-0.6728076934814453,-9.999678241001675e-8,0.7398174405097961,-6.794937235099496e-8,1,7.336934970680886e-8,-0.7398174405097961,-9.066711270655503e-10,-0.6728076934814453],5,1.1703782081604005],[[768.6632690429688,227.6680908203125,41.629154205322269,-0.720488429069519,-1.2284736783385598e-7,0.6934669613838196,-7.004850743896896e-8,1,1.043715585069549e-7,-0.6934669613838196,2.6622169357892745e-8,-0.720488429069519],5,1.1871740818023682],[[768.4022216796875,228.1931915283203,41.42202377319336,-0.6956424713134766,-1.3048568803242234e-7,0.7183881402015686,-5.669629388194153e-8,1,1.2673558558162768e-7,-0.7183881402015686,4.743271020402062e-8,-0.6956424713134766],5,1.20497465133667],[[768.1882934570313,228.5519561767578,41.26287841796875,-0.7534488439559937,-9.013300683591297e-8,0.65750652551651,-2.3811114857608119e-8,1,1.0979746178918504e-7,-0.65750652551651,6.707080757450967e-8,-0.7534488439559937],5,1.221592903137207],[[767.967041015625,228.85623168945313,41.11414337158203,-0.7792488932609558,-5.0680259988666879e-8,0.6267145872116089,8.997786515863027e-9,1,9.205430728798092e-8,-0.6267145872116089,7.737226326298696e-8,-0.7792488932609558],5,1.2377865314483643],[[767.73974609375,229.1060028076172,40.97474670410156,-0.8048329949378967,-9.7512939944977e-9,0.5935013294219971,4.192276747971846e-8,1,7.328058160283035e-8,-0.5935013294219971,8.385985239556249e-8,-0.8048329949378967],5,1.2538301944732667],[[767.5068359375,229.30126953125,40.84495162963867,-0.8328869342803955,3.3135325594457757e-8,0.553443193435669,7.526113421363334e-8,1,5.339064657050585e-8,-0.553443193435669,8.612113333583693e-8,-0.8328869342803955],5,1.2711732387542725],[[767.2680053710938,229.44204711914063,40.7264518737793,-0.865143358707428,7.84055345093293e-8,0.5015246272087097,1.0943310968514197e-7,1,3.244067414698293e-8,-0.5015246272087097,8.294923503626706e-8,-0.865143358707428],5,1.2881155014038087],[[767.084228515625,229.51185607910157,40.647735595703128,-0.9136242270469666,1.1773911268164739e-7,0.40655970573425295,1.363279835686626e-7,1,1.67587561605842e-8,-0.40655970573425295,7.073666807855261e-8,-0.9136242270469666],5,1.3039512634277344],[[766.7691650390625,229.56008911132813,40.53935623168945,-0.9238614439964294,1.387650030437726e-7,0.38272717595100405,1.463363332732115e-7,1,-9.329134798008454e-9,-0.38272717595100405,4.738806325121914e-8,-0.9238614439964294],5,1.3213245868682862],[[766.5108642578125,229.537353515625,40.473907470703128,-0.9686303734779358,1.187285647574754e-7,0.2485058754682541,1.1387431442244633e-7,1,-3.3908445828956249e-8,-0.2485058754682541,-4.546317100562192e-9,-0.9686303734779358],5,1.3382434844970704],[[766.2474975585938,229.4601287841797,40.43404006958008,-0.9910217523574829,9.109825072073363e-8,0.13370071351528169,8.396341399929952e-8,1,-5.9002537966534877e-8,-0.13370071351528169,-4.72468286716321e-8,-0.9910217523574829],5,1.3540019989013672],[[766.0481567382813,229.36643981933595,40.42387008666992,-0.9996429681777954,6.182063572168772e-8,-0.026718750596046449,6.396138019226783e-8,1,-7.926662703994225e-8,0.026718750596046449,-8.094729508911769e-8,-0.9996429681777954],5,1.3703441619873047],[[765.782958984375,229.19383239746095,40.442604064941409,-0.9933167099952698,2.693779599383106e-8,-0.11542047560214997,3.960777306133423e-8,1,-1.0747889689355361e-7,0.11542047560214997,-1.1133213462244385e-7,-0.9933167099952698],5,1.3870458602905274],[[765.4577026367188,228.9014434814453,40.51211166381836,-0.9815469980239868,-1.6448682416125849e-8,-0.19122107326984406,1.1298847191199002e-8,1,-1.440167238797585e-7,0.19122107326984406,-1.4351975607951318e-7,-0.9815469980239868],5,1.4062302112579346],[[765.2054443359375,228.60621643066407,40.59722900390625,-0.9388599991798401,-6.169184274540385e-8,-0.34429922699928286,-7.7560295963508e-9,1,-1.5803119879365114e-7,0.34429922699928286,-1.4569876327641396e-7,-0.9388599991798401],5,1.428354024887085],[[764.9646606445313,228.25648498535157,40.71054458618164,-0.9181610941886902,-7.559292924952388e-8,-0.3962072432041168,-3.074224252941349e-8,1,-1.1955005163599709e-7,0.3962072432041168,-9.758590380215537e-8,-0.9181610941886902],5,1.4376788139343262],[[764.7347412109375,227.8522491455078,40.845359802246097,-0.9007492661476135,-8.397295658824078e-8,-0.4343394935131073,-5.4060773635455919e-8,1,-8.122160721768523e-8,0.4343394935131073,-4.9679574232186499e-8,-0.9007492661476135],5,1.4557952880859376],[[764.6155395507813,227.85789489746095,40.91780090332031,-0.8312081694602966,-8.771485937586476e-8,-0.5559613704681397,-7.220136666319377e-8,1,-4.982449297585845e-8,0.5559613704681397,-1.2733535337261515e-9,-0.8312081694602966],7,1.4735217094421387],[[764.5547485351563,228.14566040039063,40.96071243286133,-0.7848681807518005,-8.419890917821249e-8,-0.6196628212928772,-9.027039027387218e-8,1,-2.1541643135947198e-8,0.6196628212928772,3.902985312720375e-8,-0.7848681807518005],7,1.4880166053771973],[[764.487548828125,228.45172119140626,41.01325988769531,-0.7504009008407593,-7.865175177812489e-8,-0.6609829664230347,-1.0975243469601992e-7,1,5.607677433516756e-9,0.6609829664230347,7.675249946714757e-8,-0.7504009008407593],8,1.5057592391967774],[[764.4154052734375,228.71939086914063,41.07590866088867,-0.714634895324707,-5.4180375741452738e-8,-0.699497640132904,-9.705861714337516e-8,1,2.1702858177263807e-8,0.699497640132904,8.340189339151039e-8,-0.714634895324707],8,1.5210318565368653],[[764.3587646484375,228.90310668945313,41.130348205566409,-0.6846766471862793,-2.2643780184239405e-8,-0.7288469672203064,-6.261088003611803e-8,1,2.7748527031690174e-8,0.7288469672203064,6.463251622790267e-8,-0.6846766471862793],8,1.536761999130249],[[764.2833862304688,229.14459228515626,41.209529876708987,-0.6640423536300659,2.5784233415038217e-8,-0.7476949691772461,-5.550844228707774e-9,1,3.941477544344707e-8,0.7476949691772461,3.0323416666533379e-8,-0.6640423536300659],8,1.554783582687378],[[764.2172241210938,229.3482208251953,41.28350830078125,-0.6614233255386353,6.314471789892196e-8,-0.7500127553939819,4.0020399438844836e-8,1,4.8898218807380547e-8,0.7500127553939819,2.3266124582477234e-9,-0.6614233255386353],8,1.571077823638916],[[764.17529296875,229.56910705566407,41.330963134765628,-0.6614233255386353,1.0036746544983544e-7,-0.7500127553939819,8.555269914722885e-8,1,5.8373558431412678e-8,0.7500127553939819,-2.555598044295948e-8,-0.6614233255386353],8,1.5878002643585206],[[764.1270141601563,229.73548889160157,41.385719299316409,-0.6614233255386353,8.596033751473442e-8,-0.7500127553939819,8.149647356958667e-8,1,4.2741493899711716e-8,0.7500127553939819,-3.2853176179514779e-8,-0.6614233255386353],8,1.604691743850708],[[764.0997924804688,229.83438110351563,41.4166145324707,-0.6614233255386353,5.4373515467887049e-8,-0.7500127553939819,6.093424076425436e-8,1,1.8759928721578946e-8,0.7500127553939819,-3.329320463762997e-8,-0.6614233255386353],8,1.6204018592834473],[[764.0678100585938,229.84017944335938,41.452938079833987,-0.6614233255386353,2.2813695821355396e-8,-0.7500127553939819,4.0389586786204748e-8,1,-5.201137742716355e-9,0.7500127553939819,-3.373286006080889e-8,-0.6614233255386353],8,1.6392109394073487],[[764.027587890625,229.84030151367188,41.498653411865237,-0.6614233255386353,-8.719152511105222e-9,-0.7500127553939819,1.986248854279893e-8,1,-2.914172547718863e-8,0.7500127553939819,-3.4172138896337859e-8,-0.6614233255386353],8,1.6552379131317139],[[763.9793090820313,229.84030151367188,41.55351257324219,-0.6614233255386353,-4.0225053510312139e-8,-0.7500127553939819,-6.470656233048544e-10,1,-5.30618535776739e-8,0.7500127553939819,-3.461104114421687e-8,-0.6614233255386353],8,1.6716997623443604],[[763.9320678710938,229.84030151367188,41.607078552246097,-0.6653462648391724,-7.152202385896089e-8,-0.7465349435806274,-2.126410691971614e-8,1,-7.685378022870282e-8,0.7465349435806274,-3.525997271935921e-8,-0.6653462648391724],8,1.6885137557983399],[[763.876220703125,229.84030151367188,41.66987991333008,-0.697297215461731,-1.0136690065110088e-7,-0.7167820930480957,-4.288150634579324e-8,1,-9.970359116096006e-8,0.7167820930480957,-3.878633947351773e-8,-0.697297215461731],8,1.7053048610687256],[[763.8071899414063,229.84030151367188,41.741661071777347,-0.7219089269638062,-9.671821743495457e-8,-0.6919881105422974,-4.7459597141141788e-8,1,-9.025691838360217e-8,0.6919881105422974,-3.231579981388677e-8,-0.7219089269638062],8,1.7213420867919922],[[763.74951171875,229.84030151367188,41.79768753051758,-0.7594411969184876,-6.635494287365873e-8,-0.6505759954452515,-3.584118246635626e-8,1,-6.015542197701507e-8,0.6505759954452515,-2.236709306657758e-8,-0.7594411969184876],8,1.736983299255371],[[763.6345825195313,229.84030151367188,41.897396087646487,-0.8009198904037476,-1.7421038833731474e-8,-0.5987715125083923,-1.3211558069770036e-8,1,-1.1422785384240797e-8,0.5987715125083923,-1.2380313441084923e-9,-0.8009198904037476],8,1.7541463375091553],[[763.5208740234375,229.90264892578126,41.98387145996094,-0.8435949683189392,2.0527988198182358e-8,-0.5369799733161926,7.746542962649983e-9,1,2.605878002270856e-8,0.5369799733161926,1.782331793265257e-8,-0.8435949683189392],8,1.7718358039855958],[[763.3837890625,230.03631591796876,42.073081970214847,-0.8806849718093872,5.6941065196269849e-8,-0.4737023711204529,3.137535387054413e-8,1,6.187273271507365e-8,0.4737023711204529,3.9627806813768987e-8,-0.8806849718093872],8,1.7877748012542725],[[763.2376708984375,230.19827270507813,42.153743743896487,-0.9137462377548218,9.154951641221487e-8,-0.4062853455543518,5.760239929486488e-8,1,9.578375426144703e-8,0.4062853455543518,6.411903541447828e-8,-0.9137462377548218],8,1.8040587902069092],[[763.0662231445313,230.322265625,42.2320442199707,-0.952154815196991,6.545358388621026e-8,-0.3056160509586334,4.720661905821544e-8,1,6.709587552222729e-8,0.3056160509586334,4.9458563466941999e-8,-0.952154815196991],8,1.8208472728729249],[[762.861572265625,230.39944458007813,42.30189895629883,-0.9652140736579895,4.4266325716080249e-8,-0.26146090030670168,3.5264285713765278e-8,1,3.912148471840737e-8,0.26146090030670168,2.8540377172703303e-8,-0.9652140736579895],8,1.8380255699157715],[[762.6347045898438,230.47731018066407,42.36550521850586,-0.9725733399391174,2.4494003270092436e-8,-0.23259645700454713,2.240545171616759e-8,1,1.1621240858517013e-8,0.23259645700454713,6.091080528847215e-9,-0.9725733399391174],8,1.855898141860962],[[762.39306640625,230.57305908203126,42.424522399902347,-0.9779312610626221,5.447885254028506e-9,-0.2089269459247589,8.888371816340168e-9,1,-1.5528545560528074e-8,0.2089269459247589,-1.7042870226191554e-8,-0.9779312610626221],8,1.8710010051727296],[[762.14111328125,230.66848754882813,42.47930908203125,-0.9820898175239563,-1.3071580262646876e-8,-0.1884133219718933,-5.182072548848282e-9,1,-4.236600403828561e-8,0.1884133219718933,-4.063085157213209e-8,-0.9820898175239563],8,1.8875105381011963],[[761.8823852539063,230.75013732910157,42.529781341552737,-0.98492830991745,-3.1290515067894378e-8,-0.17296303808689118,-1.965991991426108e-8,1,-6.895636062154154e-8,0.17296303808689118,-6.451663381312756e-8,-0.98492830991745],8,1.9047882556915284],[[761.6202392578125,230.81039428710938,42.576446533203128,-0.9858199954032898,-4.9795119139162128e-8,-0.1678062528371811,-3.4264225234892368e-8,1,-9.544793755367209e-8,0.1678062528371811,-8.834473419483402e-8,-0.9858199954032898],8,1.9208738803863526],[[761.3577880859375,230.8455810546875,42.62133026123047,-0.9858199954032898,-5.8893157017791967e-8,-0.1678062528371811,-4.184205337764979e-8,1,-1.0514761328295208e-7,0.1678062528371811,-9.663526157055458e-8,-0.9858199954032898],8,1.938246488571167],[[761.162353515625,230.85426330566407,42.654605865478519,-0.9858199954032898,-4.382941298786136e-8,-0.1678062528371811,-3.174472951172902e-8,1,-7.46982067312274e-8,0.1678062528371811,-6.83120191524722e-8,-0.9858199954032898],8,1.953559398651123],[[760.8401489257813,230.81381225585938,42.709449768066409,-0.9858199954032898,-1.8744616525623316e-8,-0.1678062528371811,-1.4930224168097085e-8,1,-2.3992571485109694e-8,0.1678062528371811,-2.114697039701241e-8,-0.9858199954032898],8,1.9711058139801026],[[760.5887451171875,230.72825622558595,42.75224685668945,-0.9849277138710022,1.1934533361568356e-9,-0.17296653985977174,-1.703953200760111e-9,1,1.6602772490159624e-8,0.17296653985977174,1.6647257794488725e-8,-0.9849277138710022],8,1.988715410232544],[[760.4053955078125,230.62832641601563,42.784263610839847,-0.9810877442359924,1.6567136995604416e-8,-0.19356350600719453,7.568757176557029e-9,1,4.7227512567360466e-8,0.19356350600719453,4.4869295834359949e-8,-0.9810877442359924],8,2.003429412841797],[[760.1071166992188,230.4595489501953,42.84231948852539,-0.9660882949829102,4.452734003734804e-8,-0.25821197032928469,1.9593423772334974e-8,1,9.913701148889231e-8,0.25821197032928469,9.07158437257749e-8,-0.9660882949829102],8,2.021507978439331],[[759.8690795898438,230.53529357910157,42.90347671508789,-0.9512385129928589,4.320197177776208e-8,-0.3084563910961151,1.6878752617799365e-8,1,8.800677875342444e-8,0.3084563910961151,7.850907479678426e-8,-0.9512385129928589],8,2.0387415885925295],[[759.69384765625,230.57713317871095,42.95831298828125,-0.9356409907341003,3.584538887935196e-8,-0.35295313596725466,1.3333735005005565e-8,1,6.621218773261717e-8,0.35295313596725466,5.7244655238264389e-8,-0.9356409907341003],8,2.0531957149505617],[[759.40771484375,230.57130432128907,43.064300537109378,-0.9213878512382507,1.9685325369778185e-8,-0.3886443078517914,8.829347919458997e-9,1,2.9718874472450808e-8,0.3886443078517914,2.3951134409117004e-8,-0.9213878512382507],8,2.070141553878784],[[759.1876220703125,230.48890686035157,43.15562438964844,-0.9065187573432922,5.89777560122684e-9,-0.42216551303863528,6.301104971129234e-9,1,4.398880981693054e-10,0.42216551303863528,-2.2613424466300104e-9,-0.9065187573432922],8,2.087221384048462],[[759.0287475585938,230.391357421875,43.22824478149414,-0.8880287408828735,-5.183329321312158e-9,-0.45978790521621706,5.327651209086071e-9,1,-2.1563064223073526e-8,0.45978790521621706,-2.1598211219497899e-8,-0.8880287408828735],8,2.1042027473449709],[[758.7723999023438,230.16062927246095,43.359275817871097,-0.8636121153831482,-2.4556415567644764e-8,-0.504156768321991,5.5636828477645398e-9,1,-5.823838833407535e-8,0.504156768321991,-5.310035078309738e-8,-0.8636121153831482],8,2.1212053298950197],[[758.5728149414063,230.17189025878907,43.47380447387695,-0.8302235007286072,-4.245971396699133e-8,-0.557430624961853,7.593951245610242e-9,1,-8.748064317387616e-8,0.557430624961853,-7.686158909336882e-8,-0.8302235007286072],8,2.138244152069092],[[758.380859375,230.2000732421875,43.60002136230469,-0.7935540080070496,-6.180820832923928e-8,-0.6084998250007629,1.1454474702077278e-8,1,-1.1651269460344338e-7,0.6084998250007629,-9.942915824012744e-8,-0.7935540080070496],8,2.157763719558716],[[758.1976318359375,230.15884399414063,43.7377815246582,-0.7514464259147644,-5.208345399410064e-8,-0.6597940921783447,1.0721583620920683e-8,1,-9.11498716504866e-8,0.6597940921783447,-7.556828762744772e-8,-0.7514464259147644],8,2.17232346534729],[[758.023681640625,230.05624389648438,43.88750457763672,-0.704795241355896,-3.068305076681099e-8,-0.7094107866287231,4.877828807536844e-9,1,-4.8097550831016636e-8,0.7094107866287231,-3.7359310312012897e-8,-0.704795241355896],8,2.1871414184570314],[[757.8595581054688,229.89913940429688,44.04937744140625,-0.6482419967651367,-7.060557472016171e-9,-0.7614343762397766,-4.246654583539566e-9,1,-5.657346147103226e-9,0.7614343762397766,-4.3378059477738875e-10,-0.6482419967651367],8,2.2042853832244875],[[757.7057495117188,229.68753051757813,44.2259407043457,-0.5519347786903381,1.9355139713184145e-8,-0.8338872790336609,-1.8300285731243094e-8,1,3.532336378953005e-8,0.8338872790336609,3.4756567401927899e-8,-0.5519347786903381],8,2.221886396408081],[[757.5654907226563,229.4214324951172,44.42811965942383,-0.4997035264968872,4.784586238315569e-8,-0.8661965131759644,-3.479730281696902e-8,1,7.531108536795728e-8,0.8661965131759644,6.777451488915176e-8,-0.4997035264968872],8,2.2376108169555666],[[757.4334716796875,229.48902893066407,44.65098190307617,-0.4537481963634491,6.63583321625083e-8,-0.8911299705505371,-4.5431072237533957e-8,1,9.759811092635573e-8,0.8911299705505371,8.476995105866081e-8,-0.4537481963634491],8,2.254577875137329],[[757.31298828125,229.6162109375,44.8828010559082,-0.4130224287509918,5.096597277542969e-8,-0.9107208251953125,-3.129153114400651e-8,1,7.015330538706621e-8,0.9107208251953125,5.74727359037297e-8,-0.4130224287509918],8,2.2709977626800539],[[757.20361328125,229.67514038085938,45.11958694458008,-0.3712751865386963,3.4384918023988578e-8,-0.9285228848457336,-1.5932208441427066e-8,1,4.340243009437472e-8,0.9285228848457336,3.09076639837258e-8,-0.3712751865386963],8,2.2891955375671388],[[757.1979370117188,229.87335205078126,45.28984832763672,-0.32873764634132388,1.6632908383940049e-8,-0.9444212913513184,6.117920059445225e-10,1,1.7398791740674825e-8,0.9444212913513184,5.141848280487693e-9,-0.32873764634132388],8,2.3076553344726564],[[757.25830078125,230.01705932617188,45.42188262939453,-0.28719645738601687,-2.2618837913768177e-9,-0.957871675491333,1.82601063158927e-8,1,-7.836248983039696e-9,0.957871675491333,-1.9741381862559139e-8,-0.28719645738601687],8,2.3297367095947267],[[757.2702026367188,230.3031768798828,45.571773529052737,-0.2390468269586563,0.02234995737671852,-0.9707508087158203,-0.001406679512001574,0.9997260570526123,0.02336345799267292,0.9710070490837097,0.006950494833290577,-0.23894989490509034],8,2.3374435901641847],[[757.2590942382813,230.50640869140626,45.606414794921878,-0.2092587947845459,0.01342020183801651,-0.9777681827545166,-0.001039209426380694,0.9999021887779236,0.013946406543254853,0.9778597354888916,0.003934514243155718,-0.2092243880033493],12,2.3552181720733644],[[757.2595825195313,230.69338989257813,45.60736846923828,-0.1832856833934784,0.0009288548026233912,-0.9830592274665833,-0.0000035123086945532124,0.9999995827674866,0.0009455158724449575,0.9830597043037415,0.00017675233539193869,-0.18328560888767243],12,2.371767044067383],[[757.2606201171875,230.88003540039063,45.60767364501953,-0.15783406794071198,-0.0013193142367526889,-0.9874647855758667,0.00016317040717694908,0.9999990463256836,-0.001362141571007669,0.9874656200408936,-0.0003761173866223544,-0.15783369541168214],12,2.3903374671936037],[[757.2608642578125,231.06668090820313,45.60771942138672,-0.13541650772094727,-0.0004548291035462171,-0.9907886385917664,0.00004302076922613196,0.9999998807907105,-0.0004649374750442803,0.9907887578010559,-0.00010558469512034208,-0.13541646301746369],12,2.405982494354248],[[757.336181640625,231.2192840576172,45.70691680908203,-0.10594519227743149,0.0000338384197675623,-0.9943719506263733,-0.000013398257578955964,1,0.000035457454941933978,0.9943719506263733,0.000017079399185604417,-0.10594519227743149],8,2.424335479736328],[[757.4676513671875,231.3173828125,45.87117004394531,-0.08856159448623657,0.00006185316306073219,-0.9960706830024719,-0.00000935859679884743,1,0.00006292924081208184,0.9960706830024719,0.000014894938431098126,-0.08856159448623657],8,2.439858913421631],[[757.531005859375,231.38319396972657,46.02958297729492,-0.04209732636809349,-0.019782453775405885,-0.9989176392555237,0.006207253318279982,0.999779462814331,-0.020061112940311433,0.9990942478179932,-0.007045054342597723,-0.04196524992585182],8,2.4571239948272707],[[757.5255126953125,231.54930114746095,46.060115814208987,-0.04564423859119415,-0.002940466860309243,-0.9989534020423889,0.0027028867043554785,0.9999916553497315,-0.003067023353651166,0.9989541172981262,-0.0028400500304996969,-0.04563590884208679],12,2.4732894897460939],[[757.5239868164063,231.7355499267578,46.06035232543945,-0.06818965822458267,0.0015227452386170626,-0.9976711869239807,0.000012146173503424507,0.9999988079071045,0.0015254677273333073,0.9976723790168762,0.00009190323180519044,-0.0681895911693573],12,2.4948976039886476],[[757.5236206054688,231.9221954345703,46.06010437011719,-0.07080821692943573,0.0007287032203748822,-0.9974896907806397,-0.00030948137282393873,0.9999996423721314,0.0007525058463215828,0.9974899291992188,0.0003619880590122193,-0.07080797106027603],12,2.5057315826416017],[[757.5236206054688,232.1088409423828,46.06007766723633,-0.07111187279224396,0.000014023131370777265,-0.9974683523178101,-0.00008218024595407769,1,0.000019917548343073578,0.9974683523178101,0.00008338856423506513,-0.07111187279224396],12,2.5218048095703127],[[757.523681640625,232.2954864501953,46.060096740722659,-0.07114697247743607,-0.00008058098319452256,-0.9974658489227295,0.00001434300429536961,1,-0.00008180875738617033,0.9974658489227295,-0.000020127103198319675,-0.07114697247743607],12,2.538647174835205],[[757.523681640625,232.4354705810547,46.06010818481445,-0.07115112245082855,-0.00003607300095609389,-0.9974655508995056,0.000016513646187377163,1,-0.000037342611904023218,0.9974655508995056,-0.00001912876177811995,-0.07115112245082855],12,2.5536949634552],[[757.523681640625,232.6687774658203,46.06011199951172,-0.0711514949798584,0.000003410286126381834,-0.9974654912948608,0.0000017963769778361894,1,0.000003290811719125486,0.9974654912948608,-0.0000015576778196191299,-0.0711514949798584],12,2.5702064037323],[[757.523681640625,232.8554229736328,46.06011199951172,-0.07115161418914795,0.0000035074447168881308,-0.9974654912948608,-0.0000010625634558891762,1,0.0000035921520975534806,0.9974654912948608,0.000001315457780037832,-0.07115161418914795],12,2.5873470306396486],[[757.523681640625,232.9954071044922,46.06011199951172,-0.07115161418914795,0.0000010609146556816996,-0.9974654912948608,-6.797811806791287e-7,1,0.0000011121007901238045,0.9974654912948608,7.571860578536871e-7,-0.07115161418914795],12,2.603344440460205],[[757.523681640625,233.2287139892578,46.06011199951172,-0.06766649335622788,-2.6917984996543967e-7,-0.9977080225944519,-1.9234378534349618e-9,1,-2.696677654512314e-7,0.9977080225944519,-1.6328442598023686e-8,-0.06766649335622788],12,2.6226370334625246],[[757.523681640625,233.4153594970703,46.06011199951172,-0.060694534331560138,-1.3258161857265805e-7,-0.9981563687324524,6.473855052036015e-8,1,-1.367630346749138e-7,0.9981563687324524,-7.291996695357739e-8,-0.060694534331560138],12,2.6388580799102785],[[757.523681640625,233.5553436279297,46.06011199951172,-0.050229594111442569,-4.183471347118939e-9,-0.9987376928329468,6.504764371584315e-8,1,-7.460205786458119e-9,0.9987376928329468,-6.534025942528388e-8,-0.050229594111442569],12,2.6534180641174318],[[757.523681640625,233.7886505126953,46.06011199951172,-0.03975914046168327,9.536836387269432e-8,-0.9992092847824097,2.0130508815441318e-8,1,9.464282868520968e-8,0.9992092847824097,-1.635167379276936e-8,-0.03975914046168327],12,2.671395778656006],[[757.523681640625,233.9286346435547,46.06011199951172,-0.02928514964878559,9.449990301391154e-8,-0.9995710849761963,-4.7856154594683179e-9,1,9.468065798046155e-8,0.9995710849761963,7.556300474220734e-9,-0.02928514964878559],12,2.6863977909088136],[[757.523681640625,234.1619415283203,46.06011199951172,-0.015315382741391659,6.371453054043741e-8,-0.999882698059082,-4.059758040853012e-8,1,6.434384403064542e-8,0.999882698059082,4.157826793971253e-8,-0.015315382741391659],12,2.704909086227417],[[757.523681640625,234.3485870361328,46.06011199951172,-0.004835916683077812,3.946512450170303e-8,-0.999988317489624,-6.896394921795945e-8,1,3.979909379836499e-8,0.999988317489624,6.915560391007603e-8,-0.004835916683077812],12,2.721423387527466],[[757.523681640625,234.4885711669922,46.06011199951172,0.0021508000791072847,2.144993516139948e-8,-0.9999976754188538,-9.009377777147165e-8,1,2.1256209237208169e-8,0.9999976754188538,9.004785539445948e-8,0.0021508000791072847],12,2.737253189086914],[[757.523681640625,234.6752166748047,46.06011199951172,0.0021508000791072847,-3.1948286238758784e-9,-0.9999976754188538,-1.1824582912822734e-7,1,-3.4491596245800339e-9,0.9999976754188538,1.1825297008272173e-7,0.0021508000791072847],12,2.7529706954956056],[[757.523681640625,234.9085235595703,46.06011199951172,0.0021508000791072847,-1.92044