[[[776,222.69961547851563,47,1,3.513751423156464e-8,1.2557164181371497e-16,-3.513751423156464e-8,1,4.5141351767696849e-10,-1.0971009622598603e-16,-4.5141351767696849e-10,1],8,0.0072460174560546879],[[776,222.69961547851563,47,1,5.190582541558797e-8,1.3771502378290784e-16,-5.190582541558797e-8,1,6.668365859496816e-10,-1.0310231279511643e-16,-6.668365859496816e-10,1],8,0.01653456687927246],[[776,222.69961547851563,47,1,7.704485938120342e-8,1.626853565446176e-16,-7.704485938120342e-8,1,9.897986874563003e-10,-8.64264509077209e-17,-9.897986874563003e-10,1],8,0.02818608283996582],[[776,222.69961547851563,47,1,1.1053850812459132e-7,2.0856473731396917e-16,-1.1053850812459132e-7,1,1.4200929321361855e-9,-5.158977911471954e-17,-1.4200929321361855e-9,1],8,0.05345034599304199],[[776,222.69961547851563,47,1,9.020217817123921e-8,1.8852583037117394e-16,-9.020217817123921e-8,1,1.158831253178505e-9,-8.399672366363214e-17,-1.158831253178505e-9,1],8,0.06114339828491211],[[776,222.69961547851563,47,1,6.151530840270425e-8,1.6584975252155146e-16,-6.151530840270425e-8,1,7.902898335743203e-10,-1.1723482590948292e-16,-7.902898335743203e-10,1],8,0.07203197479248047],[[776,222.69961547851563,47,1,4.240094497731661e-8,1.5666770361507803e-16,-4.240094497731661e-8,1,5.447267636959907e-10,-1.3357076950467837e-16,-5.447267636959907e-10,1],8,0.08173656463623047],[[776,222.69961547851563,47,1,1.3744712035190787e-8,1.5171359319504484e-16,-1.3744712035190787e-8,1,1.7657880713173314e-10,-1.4928656586847545e-16,-1.7657880713173314e-10,1],8,0.09586977958679199],[[776,222.69961547851563,47,1,-1.489315515357248e-8,1.573052414916747e-16,1.489315515357248e-8,1,-1.9133326867315504e-10,-1.5445569030821322e-16,1.9133326867315504e-10,1],8,0.10663676261901856],[[776,222.69961547851563,47,1,-3.39748673638951e-8,1.6687899019669404e-16,3.39748673638951e-8,1,-4.3647699343729587e-10,-1.5204973292620679e-16,4.3647699343729587e-10,1],8,0.11701011657714844],[[776,222.69961547851563,47,1,-6.258215279331125e-8,1.8999265320780198e-16,6.258215279331125e-8,1,-8.039962584582838e-10,-1.396768314980876e-16,8.039962584582838e-10,1],8,0.12801146507263184],[[776,222.69961547851563,47,1,-9.117110266743112e-8,2.235917900125301e-16,9.117110266743112e-8,1,-1.1712800729313245e-9,-1.1680487727941256e-16,1.1712800729313245e-9,1],8,0.13948988914489747],[[776,222.69961547851563,47,1,-1.1022022050610758e-7,2.5180645748557086e-16,1.1022022050610758e-7,1,-1.4160052019818182e-9,-9.573403936140028e-17,1.4160052019818182e-9,1],8,0.15139126777648927],[[776,222.69961547851563,47,1,-8.670087936479831e-8,2.2650002469736855e-16,8.670087936479831e-8,1,-1.1138509004027242e-9,-1.2992817048946025e-16,1.1138509004027242e-9,1],8,0.1623995304107666],[[776,222.69961547851563,47,1,-6.319661594034187e-8,2.0765520921707526e-16,6.319661594034187e-8,1,-8.118903327414273e-10,-1.5634647960472164e-16,8.118903327414273e-10,1],8,0.17345786094665528],[[776,222.69961547851563,47,1,-3.9707416021883549e-8,1.9578142195312567e-16,3.9707416021883549e-8,1,-5.101232214421714e-10,-1.7552574075028235e-16,5.101232214421714e-10,1],8,0.18476176261901856],[[776,222.69961547851563,47,1,-1.6233270727639139e-8,1.9096875280039415e-16,1.6233270727639139e-8,1,-2.085494416048661e-10,-1.8758330769400652e-16,2.085494416048661e-10,1],8,0.1971890926361084],[[776,222.69961547851563,47,1,7.225829268264761e-9,1.9322415007602614e-16,-7.225829268264761e-9,1,9.283110391500316e-11,-1.9255336615624973e-16,-9.283110391500316e-11,1],8,0.21205854415893556],[[776,222.69961547851563,47,1,3.0669895068058398e-8,2.0253809789425482e-16,-3.0669895068058398e-8,1,3.940185677731023e-10,-1.9045359794978593e-16,-3.940185677731023e-10,1],8,0.2377150058746338],[[776,222.69961547851563,47,1,6.970994803623398e-8,2.3371206025698569e-16,-6.970994803623398e-8,1,8.955687857969963e-10,-1.712820130403097e-16,-8.955687857969963e-10,1],8,0.24521899223327638],[[776,222.69961547851563,47,1,9.311396809152939e-8,2.6178498206025935e-16,-9.311396809152939e-8,1,1.1962418833277866e-9,-1.503981510279589e-16,-1.1962418833277866e-9,1],8,0.2562570571899414],[[776,222.69961547851563,47,1,1.165029885896729e-7,2.9686778971633198e-16,-1.165029885896729e-7,1,1.4967223016526532e-9,-1.2249516520972815e-16,-1.4967223016526532e-9,1],8,0.2680842876434326],[[776,222.69961547851563,47,-0.9877251982688904,-9.007358414692135e-8,0.15620170533657075,-9.32655126462123e-8,1,-1.3105542429059369e-8,-0.15620170533657075,-2.7512905731441607e-8,-0.9877251982688904],8,0.28254127502441409],[[776,222.69961547851563,47,-0.9792503714561462,-6.516666672951033e-8,0.20265401899814607,-7.122496015199431e-8,1,-2.260211573457127e-8,-0.20265401899814607,-3.656715819033707e-8,-0.9792503714561462],8,0.3050541877746582],[[776,222.69961547851563,47,-0.9426817297935486,-2.3270123605811933e-8,0.33369314670562746,-3.768464296172169e-8,1,-3.672386483799528e-8,-0.33369314670562746,-4.719402468822409e-8,-0.9426817297935486],8,0.31401491165161135],[[776,222.69961547851563,47,-0.9137641191482544,-5.081090215242057e-9,0.4062451422214508,-2.480423866302317e-8,1,-4.3284536843657409e-8,-0.4062451422214508,-4.9628461340489596e-8,-0.9137641191482544],8,0.32388758659362795],[[776,222.69961547851563,47,-0.9024832844734192,1.0738546940558536e-8,0.4307248890399933,-1.2074077737622702e-8,1,-5.0229740367058187e-8,-0.4307248890399933,-5.0532108275547219e-8,-0.9024832844734192],8,0.33362674713134768],[[776,222.69961547851563,47,-0.8925958275794983,4.08528322282109e-8,0.4508577287197113,1.3088054195975474e-8,1,-6.469998226066309e-8,-0.4508577287197113,-5.185008689068127e-8,-0.8925958275794983],8,0.34705638885498049],[[776,222.69961547851563,47,-0.8805806040763855,5.667383717877783e-8,0.4738963842391968,2.547391453333603e-8,1,-7.22563129329501e-8,-0.4738963842391968,-5.1555510083289849e-8,-0.8805806040763855],8,0.3576779365539551],[[775.9110107421875,222.69961547851563,46.952125549316409,-0.877254068851471,7.875309648852635e-8,0.4800263047218323,4.396477848445102e-8,1,-8.371377191451757e-8,-0.4800263047218323,-5.233399491544333e-8,-0.877254068851471],8,0.3710603713989258],[[775.7435302734375,222.69961547851563,46.8607063293457,-0.8747304677963257,1.0073335232618774e-7,0.48460978269577029,6.238412453285491e-8,1,-9.526026900630313e-8,-0.48460978269577029,-5.3095099872280119e-8,-0.8747304677963257],8,0.3917543888092041],[[775.5106201171875,222.69961547851563,46.731910705566409,-0.8747311234474182,8.126183814738397e-8,0.48460862040519717,5.4278800121210227e-8,1,-6.971085753093576e-8,-0.48460862040519717,-3.467427944769952e-8,-0.8747311234474182],8,0.39893054962158205],[[775.39404296875,222.69961547851563,46.667301177978519,-0.872180700302124,6.364904692190976e-8,0.48918384313583376,4.489158911269442e-8,1,-5.0074156376922477e-8,-0.48918384313583376,-2.1713471909379224e-8,-0.872180700302124],8,0.4086129665374756],[[775.2776489257813,222.69961547851563,46.60223388671875,-0.8704666495323181,4.593880831293973e-8,0.4922274351119995,3.557701333534169e-8,1,-3.041318663576931e-8,-0.4922274351119995,-8.961683839459056e-9,-0.8704666495323181],8,0.41744399070739748],[[775.1614990234375,222.69961547851563,46.5367317199707,-0.8678737878799439,2.8207065128071919e-8,0.4967847764492035,2.6369587402541584e-8,1,-1.0712069453688855e-8,-0.4967847764492035,3.803285242298671e-9,-0.8678737878799439],8,0.42667698860168459],[[774.9878540039063,222.69961547851563,46.43756866455078,-0.8626207709312439,1.5127634700462523e-9,0.505851149559021,1.2876064658939868e-8,1,1.8966838766232287e-8,-0.505851149559021,2.2874560912100607e-8,-0.8626207709312439],8,0.4377584457397461],[[774.8151245117188,222.69961547851563,46.336753845214847,-0.8608483076095581,-2.520298636454754e-8,0.5088616609573364,-5.051162266234144e-10,1,4.867365888117092e-8,-0.5088616609573364,4.1643602344265676e-8,-0.8608483076095581],8,0.44806504249572756],[[774.6428833007813,222.69961547851563,46.23511505126953,-0.8599606156349182,-5.189424356899508e-8,0.5103603601455689,-1.3825991906912805e-8,1,7.83846871854621e-8,-0.5103603601455689,6.035150335037543e-8,-0.8599606156349182],8,0.4611964225769043],[[774.2989501953125,222.69961547851563,46.031036376953128,-0.8599604964256287,-6.538908792208531e-8,0.5103605389595032,-2.500561535612178e-8,1,8.598870948617332e-8,-0.5103605389595032,6.118501261198617e-8,-0.8599604964256287],8,0.4914708137512207],[[774.0697021484375,222.69961547851563,45.89494323730469,-0.8599575757980347,-4.792668306663472e-8,0.5103654861450195,-2.216429884072113e-8,1,5.656010415577839e-8,-0.5103654861450195,3.732739628503623e-8,-0.8599575757980347],8,0.5089225769042969],[[773.8404541015625,222.69961547851563,45.75885009765625,-0.8643819093704224,-3.01510354461243e-8,0.5028358697891235,-1.9068730594540285e-8,1,2.71825637554457e-8,-0.5028358697891235,1.3907675011637366e-8,-0.8643819093704224],8,0.5224530696868897],[[773.6677856445313,222.69961547851563,45.657997131347659,-0.8730338215827942,-1.6827396365215465e-8,0.4876596927642822,-1.6364545274427657e-8,1,5.209768616509791e-9,-0.4876596927642822,-3.432024886507179e-9,-0.8730338215827942],8,0.5290651321411133],[[773.6098022460938,222.69961547851563,45.62509536743164,-0.8730338215827942,-1.2470560584176838e-8,0.4876596927642822,-1.5463536229276543e-8,1,-2.1113673032147064e-9,-0.4876596927642822,-9.38423827534507e-9,-0.8730338215827942],8,0.536935567855835],[[773.4935302734375,222.69961547851563,45.559871673583987,-0.8780938982963562,-3.857292263376166e-9,0.47848835587501528,-1.3508869578515715e-8,1,-1.6729273966120674e-8,-0.47848835587501528,-2.1153709894861096e-8,-0.8780938982963562],8,0.5440032482147217],[[773.318115234375,222.69961547851563,45.46379470825195,-0.8871265649795532,8.796262385146747e-9,0.4615262746810913,-1.0157849672509656e-8,1,-3.85840692729289e-8,-0.4615262746810913,-3.891706512604287e-8,-0.8871265649795532],8,0.5564975738525391],[[773.2001342773438,222.69961547851563,45.40165710449219,-0.8903300166130066,1.7225671555820555e-8,0.4553157687187195,-7.823325987033059e-9,1,-5.313019002528563e-8,-0.4553157687187195,-5.08654878217385e-8,-0.8903300166130066],8,0.5653598308563232],[[773.08154296875,222.69961547851563,45.34064865112305,-0.8934882283210754,2.5567869599285588e-8,0.44908666610717776,-5.388308466081071e-9,1,-6.76534455124056e-8,-0.44908666610717776,-6.286737175287272e-8,-0.8934882283210754],8,0.5759735107421875],[[772.9030151367188,222.69961547851563,45.25054931640625,-0.8958320617675781,3.8277502056871529e-8,0.44439268112182619,-1.6235482958038006e-9,1,-8.940724427475289e-8,-0.44439268112182619,-8.081537572479647e-8,-0.8958320617675781],8,0.586768627166748],[[772.664306640625,222.69961547851563,45.13184356689453,-0.8989127278327942,5.508579548063608e-8,0.4381277859210968,3.594594177869226e-9,1,-1.1835490454359388e-7,-0.4381277859210968,-1.0481583245791626e-7,-0.8989127278327942],8,0.6019701957702637],[[772.5445556640625,222.69961547851563,45.07320785522461,-0.9004392623901367,4.648384077654555e-8,0.43498170375823977,4.271242026732125e-9,1,-9.802215572563e-8,-0.43498170375823977,-8.640508752932874e-8,-0.9004392623901367],8,0.6119916439056397],[[772.3645629882813,222.69961547851563,44.98605728149414,-0.9042035341262817,3.3381482467120807e-8,0.42710188031196597,5.019437754327782e-9,1,-6.753163717121424e-8,-0.42710188031196597,-5.8918534051599639e-8,-0.9042035341262817],8,0.6227538585662842],[[772.244140625,222.69961547851563,44.9288330078125,-0.9078989028930664,2.463938564289947e-8,0.4191892445087433,5.3405293520825129e-9,1,-4.721190904888317e-8,-0.4191892445087433,-4.062494696199792e-8,-0.9078989028930664],8,0.6318340301513672],[[772.062744140625,222.69961547851563,44.84465408325195,-0.9122447371482849,1.1879174977025287e-8,0.40964558720588686,5.502433619852809e-9,1,-1.6745229203252167e-8,-0.40964558720588686,-1.3021699274418097e-8,-0.9122447371482849],8,0.6432230472564697],[[771.9412231445313,222.69961547851563,44.78968811035156,-0.9233331084251404,3.293241679358516e-9,0.3840000033378601,5.043134354565382e-9,1,3.5501330764020624e-9,-0.3840000033378601,5.2145185946983478e-9,-0.9233331084251404],8,0.6545722484588623],[[771.7569580078125,222.69961547851563,44.71186447143555,-0.9298980236053467,-8.93587248640415e-9,0.3678174614906311,3.823324323803945e-9,1,3.3960255052534197e-8,-0.3678174614906311,3.298585937727694e-8,-0.9298980236053467],8,0.6652660369873047],[[771.6331787109375,222.69961547851563,44.6622200012207,-0.9374021291732788,-1.6451355833169147e-8,0.3482488989830017,2.586090452894041e-9,1,5.420135806843973e-8,-0.3482488989830017,5.170906902662864e-8,-0.9374021291732788],8,0.6761939525604248],[[771.446044921875,222.69961547851563,44.59173583984375,-0.9527779221534729,-2.6301762545699604e-8,0.30366799235343935,-6.97340241107014e-10,1,8.442560073262939e-8,-0.30366799235343935,8.022708897215125e-8,-0.9527779221534729],8,0.6869325637817383],[[771.319580078125,222.69961547851563,44.54967498779297,-0.9599205255508423,-3.2531520588463539e-8,0.2802724242210388,-3.377056634334963e-9,1,1.0450479948076463e-7,-0.2802724242210388,9.93698066054094e-8,-0.9599205255508423],8,0.6968207359313965],[[771.1279296875,222.69961547851563,44.492488861083987,-0.9660364389419556,-3.07933198939736e-8,0.2584058344364166,-5.569718020126402e-9,1,9.834440106715192e-8,-0.2584058344364166,9.356502772561726e-8,-0.9660364389419556],8,0.7078721523284912],[[770.9349975585938,222.69961547851563,44.43991470336914,-0.9763967394828796,-2.132346743621838e-8,0.21598473191261292,-5.448945739061628e-9,1,7.409382618561722e-8,-0.21598473191261292,7.116808120599672e-8,-0.9763967394828796],8,0.7193665504455566],[[770.80517578125,222.69961547851563,44.40961456298828,-0.9800196886062622,-1.650882985870794e-8,0.1989004909992218,-5.0863038225656968e-9,1,5.793927826402978e-8,-0.1989004909992218,5.5769966422758446e-8,-0.9800196886062622],8,0.7306246757507324],[[770.609375,222.69961547851563,44.36895751953125,-0.9854925870895386,-9.495922270730262e-9,0.1697184145450592,-3.82387321806732e-9,1,3.374721302407124e-8,-0.1697184145450592,3.2608646449716619e-8,-0.9854925870895386],8,0.7418222427368164],[[770.4781494140625,222.69961547851563,44.34528350830078,-0.9877673387527466,-5.4747300026747329e-9,0.15593484044075013,-2.757600592317999e-9,1,1.7641101024423734e-8,-0.15593484044075013,1.6995297613675576e-8,-0.9877673387527466],8,0.7537496089935303],[[770.21484375,222.69961547851563,44.3029899597168,-0.9912845492362976,2.0673245337832215e-9,0.13173800706863404,1.6000076263900099e-10,1,-1.448874353826568e-8,-0.13173800706863404,-1.4341389409366912e-8,-0.9912845492362976],8,0.7634875774383545],[[770.0828247070313,222.69961547851563,44.28458023071289,-0.993028998374939,5.426842086819761e-9,0.11787035316228867,1.842112573591237e-9,1,-3.052142361070764e-8,-0.11787035316228867,-3.009152749200439e-8,-0.993028998374939],8,0.7747495174407959],[[769.8847045898438,223.35189819335938,44.257537841796878,-0.9943958520889282,1.0395926786088694e-8,0.10572073608636856,4.657609409264296e-9,1,-5.4524960546586956e-8,-0.10572073608636856,-5.372698907990525e-8,-0.9943958520889282],3,0.7905857563018799],[[769.61962890625,224.17391967773438,44.228187561035159,-0.985283613204956,1.7006943409114684e-8,0.17092742025852204,2.1822221807354937e-9,1,-8.691896624668516e-8,-0.17092742025852204,-8.526683359377785e-8,-0.985283613204956],5,0.8102319240570068],[[769.3538818359375,224.94143676757813,44.205909729003909,-0.9844157695770264,1.7273523056360319e-8,0.17585687339305879,-3.894416344962792e-9,1,-1.200251489308357e-7,-0.17585687339305879,-1.1883950890023698e-7,-0.9844157695770264],5,0.817960262298584],[[769.287353515625,225.1248016357422,44.20189666748047,-0.9966943264007568,5.156008064943762e-9,0.08124306797981262,-5.303152139646272e-9,1,-1.285233253156548e-7,-0.08124306797981262,-1.285293080854899e-7,-0.9966943264007568],5,0.8257584571838379],[[769.1541748046875,225.4813232421875,44.19504928588867,-0.994576632976532,6.698130938787017e-9,0.1040060892701149,-8.506004789410327e-9,1,-1.4574150952739729e-7,-0.1040060892701149,-1.4583578433757794e-7,-0.994576632976532],5,0.8351531028747559],[[768.8878173828125,226.15347290039063,44.18449401855469,-0.9885098338127136,6.323968015919945e-9,0.15115663409233094,-1.5787785301313307e-8,1,-1.450836037975023e-7,-0.15115663409233094,-1.4580298568489526e-7,-0.9885098338127136],5,0.8486998081207275],[[768.7545166015625,226.46910095214845,44.18134689331055,-0.9972095489501953,-1.1351056095065815e-8,0.07465319335460663,-2.0922795940236939e-8,1,-1.2743402066917043e-7,-0.07465319335460663,-1.286403659150892e-7,-0.9972095489501953],5,0.8579754829406738],[[768.5545654296875,226.91700744628907,44.17922592163086,-0.9960569143295288,-1.904401436547687e-8,0.08871643990278244,-2.8147397301836464e-8,1,-1.0136108841152236e-7,-0.08871643990278244,-1.0345855372406732e-7,-0.9960569143295288],5,0.8684959411621094],[[768.4212646484375,227.19857788085938,44.180023193359378,-0.9989055395126343,-2.9068909057627935e-8,0.046772707253694537,-3.304639406565002e-8,1,-8.42653378185787e-8,-0.046772707253694537,-8.571878140628542e-8,-0.9989055395126343],5,0.8775317668914795],[[768.2879638671875,227.46652221679688,44.18227005004883,-0.9992758631706238,-3.523554426010378e-8,0.03804941847920418,-3.782229285320682e-8,1,-6.72640609877817e-8,-0.03804941847920418,-6.865446522397179e-8,-0.9992758631706238],5,0.8866686820983887],[[768.1546630859375,227.72084045410157,44.18572235107422,-0.9995700716972351,-4.098813022324066e-8,0.02932051010429859,-4.248110840876507e-8,1,-5.02963359849673e-8,-0.02932051010429859,-5.152028137445086e-8,-0.9995700716972351],5,0.8957457542419434],[[767.9547119140625,228.0767822265625,44.19279479980469,-0.9986396431922913,-4.746852155790293e-8,0.05214301124215126,-4.882163295860664e-8,1,-2.467629123259485e-8,-0.05214301124215126,-2.71884292857294e-8,-0.9986396431922913],5,0.9064843654632568],[[767.821533203125,228.2970428466797,44.198787689208987,-0.9999950528144836,-5.325994578697646e-8,0.003137242514640093,-5.328393015702204e-8,1,-7.561292036939449e-9,-0.003137242514640093,-7.728419681996002e-9,-0.9999950528144836],5,0.9164285659790039],[[767.6219482421875,228.6018829345703,44.2108268737793,-0.999512791633606,-5.97541003344304e-8,0.031212689355015756,-5.920241363810419e-8,1,1.8599246587314157e-8,-0.031212689355015756,1.674231775439239e-8,-0.999512791633606],5,0.9276599884033203],[[767.42236328125,228.87606811523438,44.22433090209961,-0.9996625185012817,-6.584490819250277e-8,0.02597777731716633,-6.468772539847123e-8,1,4.538556908073588e-8,-0.02597777731716633,4.3689809103852897e-8,-0.9996625185012817],5,0.9383206367492676],[[767.2894287109375,229.0418243408203,44.23399353027344,-0.9998087286949158,-6.7295282235591e-8,-0.019557027146220208,-6.855242418168928e-8,1,6.361041471336648e-8,0.019557027146220208,6.493893067727186e-8,-0.9998087286949158],5,0.9479305744171143],[[767.1565551757813,229.1939697265625,44.245025634765628,-0.9996476769447327,-7.007863445096518e-8,-0.026542726904153825,-7.228796050640085e-8,1,8.22768271291352e-8,0.026542726904153825,8.416655816745333e-8,-0.9996476769447327],5,0.9601936340332031],[[766.9573364257813,229.39662170410157,44.26329803466797,-1,-7.708473503953428e-8,-0.0002221723407274112,-7.710946903216609e-8,1,1.1132637212085683e-7,0.0002221723407274112,1.1134349620078865e-7,-1],5,0.9705765247344971],[[766.6256103515625,229.666259765625,44.29633712768555,-0.9987151622772217,-7.178430649901202e-8,0.05067622289061546,-6.52415153012953e-8,1,1.3076383709176299e-7,-0.05067622289061546,1.2728962417440926e-7,-0.9987151622772217],5,0.9903841018676758],[[766.4931030273438,229.75025939941407,44.311214447021487,-0.9985155463218689,-4.122566465980526e-8,-0.054467324167490008,-4.789503904589765e-8,1,1.2114192315948459e-7,0.054467324167490008,1.2357079981484277e-7,-0.9985155463218689],5,0.999154806137085],[[766.3607177734375,229.82064819335938,44.32706832885742,-0.9985155463218689,-2.4701355627598788e-8,-0.0544670894742012,-3.079214394574592e-8,1,1.109858942527353e-7,0.0544670894742012,1.1249830578208275e-7,-0.9985155463218689],5,1.0084898471832276],[[766.2283935546875,229.87741088867188,44.343143463134769,-0.9985155463218689,-8.440119714236971e-9,-0.054467104375362399,-1.3922183406123168e-8,1,1.002696521368307e-7,0.054467104375362399,1.0087910595757421e-7,-0.9985155463218689],5,1.0170316696166993],[[766.0960693359375,229.92054748535157,44.359249114990237,-0.9985155463218689,7.566254289770314e-9,-0.05446712300181389,2.7246700451399876e-9,1,8.896427772242532e-8,0.05446712300181389,8.86838122937661e-8,-0.9985155463218689],5,1.0261051654815674],[[765.8975830078125,229.95970153808595,44.383419036865237,-0.999775767326355,2.8466915935609906e-8,-0.021176274865865709,2.6981407330595176e-8,1,7.043538374773562e-8,0.021176274865865709,6.984822675804026e-8,-0.999775767326355],5,1.0363531112670899],[[765.7652587890625,229.96878051757813,44.399532318115237,-0.9985155463218689,4.618546256551781e-8,-0.05446704104542732,4.3116305192825169e-8,1,5.752395182412329e-8,0.05446704104542732,5.509014400217893e-8,-0.9985155463218689],5,1.0461184978485108],[[765.5667724609375,229.9568328857422,44.423702239990237,-0.999775767326355,6.735201907304145e-8,-0.021176200360059739,6.659570317424368e-8,1,3.642065493636437e-8,0.021176200360059739,3.500224465824431e-8,-0.999775767326355],5,1.057490587234497],[[765.3682861328125,229.91424560546876,44.447872161865237,-0.9997372031211853,8.996798328553268e-8,-0.022924957796931268,8.967906950374527e-8,1,1.3630601536362974e-8,0.022924957796931268,1.1571130720255951e-8,-0.9997372031211853],5,1.0717158317565919],[[765.1697998046875,229.84100341796876,44.472320556640628,-0.999775767326355,1.1203889016542235e-7,-0.021176472306251527,1.1229894170128319e-7,1,-1.1091025875487049e-8,0.021176472306251527,-1.3466634030123715e-8,-0.999775767326355],5,1.099066972732544],[[764.7066650390625,229.5508575439453,44.52877426147461,-0.991843581199646,1.3354363659345837e-7,0.12746118009090424,1.264467499595412e-7,1,-6.377029393433986e-8,-0.12746118009090424,-4.71331063067737e-8,-0.991843581199646],5,1.1100528240203858],[[764.5741577148438,229.43731689453126,44.543338775634769,-0.9994946122169495,1.0484829715551314e-7,-0.03178849816322327,1.071650785888778e-7,1,-7.11774674755361e-8,0.03178849816322327,-7.45481187891528e-8,-0.9994946122169495],5,1.1184146404266358],[[764.4414672851563,229.3101348876953,44.55675506591797,-0.999734103679657,8.602214762731819e-8,-0.023058060556650163,8.783381844068572e-8,1,-7.75571038502676e-8,0.023058060556650163,-7.956175807066757e-8,-0.999734103679657],5,1.1269426345825196],[[764.2493896484375,229.0938262939453,44.58982849121094,-0.9999874830245972,6.025667431686088e-8,0.005005695391446352,5.98370561988304e-8,1,-8.397854145414385e-8,-0.005005695391446352,-8.367796766606262e-8,-0.9999874830245972],5,1.139195203781128],[[764.1271362304688,228.93258666992188,44.622859954833987,-0.9999232292175293,4.045408985575705e-8,-0.012388673610985279,4.153692145791865e-8,1,-8.714761889905276e-8,0.012388673610985279,-8.765552195200144e-8,-0.9999232292175293],5,1.1580872535705567],[[763.896240234375,228.56922912597657,44.7154426574707,-0.9988763332366943,9.234032205540644e-9,0.04739256948232651,4.962066313396463e-9,1,-9.025763603176529e-8,-0.04739256948232651,-8.992105193783573e-8,-0.9988763332366943],5,1.164987325668335],[[763.7874755859375,228.3671112060547,44.775028228759769,-0.9999902248382568,-1.3737056825391392e-8,-0.004421536345034838,-1.3333298909401492e-8,1,-9.134562617418851e-8,0.004421536345034838,-9.12857842649828e-8,-0.9999902248382568],5,1.173091173171997],[[763.6832275390625,228.1513671875,44.84349822998047,-0.9999908804893494,-3.204949905466492e-8,-0.004268735181540251,-3.1657901189419138e-8,1,-9.18040399255915e-8,0.004268735181540251,-9.166806336224909e-8,-0.9999908804893494],5,1.181112289428711],[[763.5833740234375,227.92201232910157,44.92085266113281,-0.9999911189079285,-5.0393257566838659e-8,-0.004216860979795456,-5.000729785820113e-8,1,-9.163314729221384e-8,0.004216860979795456,-9.142146240037619e-8,-0.9999911189079285],5,1.190974473953247],[[763.4879150390625,227.67901611328126,45.00708770751953,-0.9999911785125732,-6.876392433241563e-8,-0.004199318587779999,-6.838309474233029e-8,1,-9.08320316739264e-8,0.004199318587779999,-9.05440700194049e-8,-0.9999911785125732],5,1.1996252536773682],[[763.3968505859375,227.4224090576172,45.10203552246094,-0.999991238117218,-8.716303767641875e-8,-0.004193184897303581,-8.678893692604106e-8,1,-8.939777984551256e-8,0.004193184897303581,-8.903307247010162e-8,-0.999991238117218],5,1.208636999130249],[[763.2633056640625,227.01193237304688,45.25052261352539,-0.9997585415840149,-1.1250018161490516e-7,0.02197331376373768,-1.1441064629025277e-7,1,-8.568761700189498e-8,-0.02197331376373768,-8.818090435624981e-8,-0.9997585415840149],5,1.217900276184082],[[763.1744384765625,226.72125244140626,45.34994888305664,-0.999991238117218,-1.3326328485163686e-7,-0.0041902754455804829,-1.3291813161231404e-7,1,-8.264766648835575e-8,0.0041902754455804829,-8.208997570591237e-8,-0.999991238117218],5,1.2269046306610108],[[763.0856323242188,226.4169464111328,45.44940185546875,-0.999991238117218,-1.5180052059804439e-7,-0.0041901785880327229,-1.5147105614232715e-7,1,-7.894821862919344e-8,0.0041901785880327229,-7.831283710402204e-8,-0.999991238117218],5,1.236290454864502],[[762.9968872070313,226.09902954101563,45.548858642578128,-0.999991238117218,-1.3748046967521078e-7,-0.004190272651612759,-1.372275306721349e-7,1,-6.06532779556801e-8,0.004190272651612759,-6.00777241288597e-8,-0.999991238117218],5,1.246495246887207],[[762.8777465820313,225.59658813476563,45.70295715332031,-0.9996306300163269,-1.1422000056882098e-7,-0.027176303789019586,-1.1315562176150707e-7,1,-4.0703479697867809e-8,0.027176303789019586,-3.761329381291034e-8,-0.9996306300163269],5,1.2617568969726563],[[762.751708984375,224.8789825439453,45.91988754272461,-0.9987450242042542,-8.065872236784344e-8,-0.05008423700928688,-7.985842387370212e-8,1,-1.798024484855887e-8,0.05008423700928688,-1.3958031175320685e-8,-0.9987450242042542],5,1.2847180366516114],[[762.7073364257813,224.7690887451172,46.05070877075195,-0.9988952279090881,-3.745179100178575e-8,-0.04699224978685379,-3.793706326860047e-8,1,9.434761416571292e-9,0.04699224978685379,1.1207085925946103e-8,-0.9988952279090881],7,1.2944674491882325],[[762.7079467773438,224.79641723632813,46.07471466064453,-0.9990207552909851,-2.022725986705609e-8,-0.044243622571229938,-2.114714625633951e-8,1,2.032334656121293e-8,0.044243622571229938,2.1239072722778475e-8,-0.9990207552909851],7,1.3113431930541993],[[762.7095947265625,224.90982055664063,46.112953186035159,-0.9993897080421448,-0.0011277945013716817,-0.03491261601448059,-0.0011262348853051663,0.9999993443489075,-0.00006433702947106212,0.03491266816854477,-0.00002497866444173269,-0.9993903636932373],7,1.3178520202636719],[[762.710205078125,224.9463653564453,46.119930267333987,-0.9993081092834473,-0.0018388107419013978,-0.03714783862233162,-0.001836341223679483,0.9999983310699463,-0.00010059771739179268,0.03714796155691147,-0.00003231220398447476,-0.999309778213501],8,1.3270831108093262],[[762.7109375,225.07366943359376,46.1239013671875,-0.9993403553962708,-0.0015854683006182314,-0.03628134727478027,-0.001583468052558601,0.9999987483024597,-0.00008386609988519922,0.03628143295645714,-0.00002636042881931644,-0.999341607093811],8,1.3380577564239503],[[762.7109985351563,225.2097625732422,46.12411880493164,-0.999167799949646,-0.0002832371974363923,-0.040787335485219958,-0.00028286807355470955,0.9999999403953552,-0.00001482075731473742,0.040787335485219958,-0.0000032709890547266697,-0.9991678595542908],8,1.3604590892791749],[[762.7108764648438,225.2927703857422,46.124122619628909,-0.9991034865379334,0.00010943220695480704,-0.04233470931649208,0.00010928180563496426,1,0.000005866991614311701,0.04233470931649208,0.00000123531867757265,-0.9991034865379334],8,1.3748350143432618],[[762.7108764648438,225.3319091796875,46.124122619628909,-0.9990198016166687,0.00008245330536738038,-0.044265035539865497,0.00008233847620431334,1,0.000004417360742081655,0.044265035539865497,7.68315317145607e-7,-0.9990198016166687],8,1.3815598487854005],[[762.7108764648438,225.35133361816407,46.124122619628909,-0.9989399313926697,0.000041510436858516189,-0.04603312537074089,0.000041453360609011727,1,0.0000021945124899502845,0.04603312537074089,2.8395839990480456e-7,-0.9989399313926697],8,1.390491008758545],[[762.7108764648438,225.367431640625,46.124122619628909,-0.9988579154014587,0.000012229012099851389,-0.04777906462550163,0.00001221442380483495,1,5.972996746095305e-7,0.04777906462550163,1.3023783829169134e-8,-0.9988579154014587],8,1.398632526397705],[[762.7108764648438,225.3821563720703,46.124122619628909,-0.9986847639083862,-0.0000022526148768520217,-0.05127125605940819,-0.0000022450785763794558,1,-2.0458217875329866e-7,0.05127125605940819,-8.920510197185649e-8,-0.9986847639083862],8,1.4084060192108155],[[762.7108764648438,225.4030303955078,46.124122619628909,-0.9984993934631348,-0.000006216764177224832,-0.0547628216445446,-0.000006204284545674454,1,-3.978895222189749e-7,0.0547628216445446,-5.752829679295246e-8,-0.9984993934631348],8,1.4191057682037354],[[762.7108764648438,225.41610717773438,46.124122619628909,-0.9983018040657044,-0.000004249664470989956,-0.05825432389974594,-0.00000424137169829919,1,-2.6599758484735505e-7,0.05825432389974594,-1.846761144008724e-8,-0.9983018040657044],8,1.4283006191253663],[[762.7108764648438,225.43377685546876,46.124122619628909,-0.9981988668441773,-0.0000011457702839834383,-0.05999195575714111,-0.0000011436434306233423,1,-6.978836353255247e-8,0.05999195575714111,-1.0532572591870349e-9,-0.9981988668441773],8,1.43863844871521],[[762.7108764648438,225.4448699951172,46.124122619628909,-0.9979835152626038,-6.764390292346434e-8,-0.06347384303808212,-6.774649108365338e-8,1,-5.359976351648754e-10,0.06347384303808212,3.765213474338225e-9,-0.9979835152626038],8,1.44722318649292],[[762.7108764648438,225.449951171875,46.124122619628909,-0.9979835152626038,1.946737882008165e-7,-0.06347384303808212,1.9407073637012218e-7,1,1.5666181241158484e-8,0.06347384303808212,3.3161742241105687e-9,-0.9979835152626038],8,1.456772804260254],[[762.7108764648438,225.46229553222657,46.124122619628909,-0.9979835152626038,3.37197462840777e-7,-0.06347384303808212,3.3641890695434997e-7,1,2.295324108558816e-8,0.06347384303808212,1.5531548269720475e-9,-0.9979835152626038],8,1.465287208557129],[[762.7108764648438,225.46823120117188,46.124122619628909,-0.9979835152626038,2.2867929772019125e-7,-0.06347384303808212,2.2817275180386788e-7,1,1.5229163707886074e-8,0.06347384303808212,7.154520309526902e-10,-0.9979835152626038],8,1.4743456840515137],[[762.7108764648438,225.47740173339845,46.124122619628909,-0.9979835152626038,-2.1276031603179036e-8,-0.06347384303808212,-2.1197395838612466e-8,1,-1.9122814443051085e-9,0.06347384303808212,-5.629451349520309e-10,-0.9979835152626038],8,1.4931936264038087],[[762.7108764648438,225.4795379638672,46.124122619628909,-0.9979835152626038,-6.697337795458225e-8,-0.06347384303808212,-6.679872655013242e-8,1,-4.873649039893735e-9,0.06347384303808212,-6.238495831034641e-10,-0.9979835152626038],8,1.502387285232544],[[762.7108764648438,225.4830322265625,46.124122619628909,-0.997755765914917,-9.22897172017656e-8,-0.06695804744958878,-9.205828632730118e-8,1,-6.541860830822088e-9,0.06695804744958878,-3.631362155420703e-10,-0.997755765914917],8,1.511800765991211],[[762.7108764648438,225.48680114746095,46.124122619628909,-0.997755765914917,-9.95755655708308e-8,-0.06695804744958878,-9.932990252536911e-8,1,-6.9981034300781179e-9,0.06695804744958878,-3.314619134719976e-10,-0.997755765914917],8,1.521655797958374],[[762.7108764648438,225.49142456054688,46.124122619628909,-0.997755765914917,-8.349132940566051e-8,-0.06695804744958878,-8.328438383387038e-8,1,-5.882104581189651e-9,0.06695804744958878,-2.923442044000524e-10,-0.997755765914917],8,1.5308735370635987],[[762.7108764648438,225.49562072753907,46.123348236083987,-0.9975182414054871,-5.922525581070204e-9,-0.07040872424840927,1.4141305371140334e-7,1,-0.0000020875911559414819,0.07040872424840927,-0.0000020923669126204915,-0.9975182414054871],8,1.5411021709442139],[[762.7108764648438,225.5009002685547,46.12326431274414,-0.9975185990333557,7.68759207403491e-8,-0.0704035833477974,1.1018567391829493e-7,1,-4.6924222374400417e-7,0.0704035833477974,-4.7583529294570328e-7,-0.9975185990333557],8,1.5561151504516602],[[762.7108764648438,225.505126953125,46.12326431274414,-0.9975185990333557,9.993014060682981e-8,-0.07040306180715561,1.0920758342081172e-7,1,-1.2792705206265965e-7,0.07040306180715561,-1.3529816556001607e-7,-0.9975185990333557],8,1.5760807991027833],[[762.7108764648438,225.5074005126953,46.12326431274414,-0.9975186586380005,1.1801089527807562e-7,-0.07040282338857651,1.1813686029427117e-7,1,2.3745667654395676e-9,0.07040282338857651,-5.948494141705396e-9,-0.9975186586380005],8,1.5867438316345215],[[762.7108764648438,225.50865173339845,46.12326431274414,-0.9975186586380005,1.262882136643384e-7,-0.07040267437696457,1.2640278157505237e-7,1,2.8277691299649634e-9,0.07040267437696457,-6.078341385773456e-9,-0.9975186586380005],8,1.6090056896209717],[[762.7108764648438,225.50933837890626,46.12326431274414,-0.9975186586380005,1.3045539049016953e-7,-0.07040257006883621,1.3063386461453775e-7,1,2.0691126589866828e-9,0.07040257006883621,-7.132981316715359e-9,-0.9975186586380005],8,1.6230220794677735],[[762.7108764648438,225.50962829589845,46.12326431274414,-0.9975186586380005,1.3287983335885657e-7,-0.07040250301361084,1.3248845220914519e-7,1,1.0228649038879212e-8,0.07040250301361084,8.757500835621102e-10,-0.9975186586380005],8,1.6290678977966309],[[762.7108764648438,225.50970458984376,46.12326431274414,-0.9975186586380005,1.3348915217648028e-7,-0.07040248066186905,1.3316804370333558e-7,1,9.25453758071626e-9,0.07040248066186905,-1.4378728763198013e-10,-0.9975186586380005],8,1.6378405094146729],[[762.7108764648438,225.50982666015626,46.12326431274414,-0.9975186586380005,1.346959948023141e-7,-0.07040243595838547,1.3453592373480206e-7,1,7.015386049857852e-9,0.07040243595838547,-2.4736781512046947e-9,-0.9975186586380005],8,1.64561128616333],[[762.7108764648438,225.50991821289063,46.12326431274414,-0.9975186586380005,1.358502146331375e-7,-0.07040239125490189,1.3585389524450876e-7,1,4.735962733093402e-9,0.07040239125490189,-4.840227774138839e-9,-0.9975186586380005],8,1.6554982662200928],[[762.7108764648438,225.510009765625,46.12326431274414,-0.9975186586380005,1.376286746790356e-7,-0.0704023465514183,1.3723142444632686e-7,1,1.0479232592786048e-8,0.0704023465514183,7.918154465436089e-10,-0.9975186586380005],8,1.6647419929504395],[[762.7108764648438,225.51004028320313,46.12326431274414,-0.9975186586380005,1.3869946258182609e-7,-0.07040231674909592,1.384303374152296e-7,1,8.70153193943679e-9,0.07040231674909592,-1.0658762761295293e-9,-0.9975186586380005],8,1.676295518875122],[[762.7108764648438,225.5100860595703,46.12326431274414,-0.9975186586380005,1.4032774231509394e-7,-0.07040227204561234,1.4025235373082979e-7,1,6.013992415176972e-9,0.07040227204561234,-3.875014975562863e-9,-0.9975186586380005],8,1.6855120658874512],[[762.7108764648438,225.51010131835938,46.12326431274414,-0.9975186586380005,1.4140913151550195e-7,-0.07040224224328995,1.414511530128948e-7,1,4.388563290547154e-9,0.07040224224328995,-5.5808051513395189e-9,-0.9975186586380005],8,1.695298671722412],[[762.7108764648438,225.51010131835938,46.12326431274414,-0.9975186586380005,1.0783306692019323e-7,-0.07040221989154816,1.0755951507235295e-7,1,7.676460356265125e-9,0.07040221989154816,8.498374920451468e-11,-0.9975186586380005],8,1.7054965496063233],[[762.7108764648438,225.51010131835938,46.12326431274414,-0.9975186586380005,5.743844511130192e-8,-0.07040219753980637,5.742018416299288e-8,1,2.2831558865732406e-9,0.07040219753980637,-1.7650165773375193e-9,-0.9975186586380005],8,1.718433141708374],[[762.7108764648438,225.51010131835938,46.12326431274414,-0.9975187182426453,-9.608656981185959e-9,-0.07040216773748398,-9.667264322388292e-9,1,4.917446450036778e-10,0.07040216773748398,1.1711208669495932e-9,-0.9975187182426453],8,1.742722988128662],[[762.7108764648438,225.51010131835938,46.1230583190918,-0.9975196719169617,1.7823482778567269e-7,-0.070388562977314,6.430637995435973e-7,1,-0.0000065810968408186458,0.070388562977314,-0.000006610037871723762,-0.9975196719169617],8,1.752206802368164],[[762.7108764648438,225.55567932128907,46.11688232421875,-0.9975439310073853,-0.0000011203508165635868,-0.07004377245903015,0.00000348942057826207,1,-0.00006569036486325786,0.07004377245903015,-0.0000657734417472966,-0.9975439310073853],8,1.7620866298675538],[[762.7108764648438,225.6143798828125,46.111793518066409,-0.997565746307373,-0.000006125681011326378,-0.06973233819007874,0.0000032471125450683759,1,-0.00013429764658212662,0.06973233819007874,-0.00013419716560747474,-0.997565746307373],8,1.7733204364776612],[[762.6952514648438,225.59149169921876,46.0837516784668,-0.9950594902038574,-0.000006987186679907609,0.09928072243928909,-0.000012684013199759648,1,-0.00005674979547620751,-0.09928072243928909,-0.00005772869917564094,-0.9950594902038574],8,1.7895455360412598],[[762.6777954101563,225.50897216796876,46.049468994140628,-0.942155659198761,-0.000007282870683411602,0.33517560362815859,-0.000009048224455909804,1,-0.0000037054162476124476,-0.33517560362815859,-0.000006523823230963899,-0.942155659198761],8,1.8102989196777344],[[763.0046997070313,225.34417724609376,45.93531036376953,-0.005747760180383921,0.0002742456563282758,0.9999834299087524,-0.003836112329736352,0.9999926090240479,-0.000296297570457682,-0.9999760985374451,-0.003837751690298319,-0.0057466658763587479],8,1.822645664215088],[[763.1307373046875,225.20904541015626,45.895118713378909,-0.09295905381441117,-0.00043513861601240933,0.9956698417663574,-0.0019279540283605457,0.9999980926513672,0.00025702998391352594,-0.9956680536270142,-0.0018957124557346106,-0.09295971691608429],8,1.8408455848693848],[[763.291259765625,224.9156951904297,45.82978820800781,0.08433305472135544,-0.00007837994780857116,0.9964376091957092,0.00015292788157239556,1,0.00006571718404302374,-0.9964376091957092,0.000146840960951522,0.08433306217193604],8,1.8512144088745118],[[763.3380126953125,224.77450561523438,45.8041877746582,-0.17961524426937104,0.00007652224303456023,0.9837369322776794,0.0002686993684619665,0.9999999403953552,-0.000028726926757371986,-0.9837368726730347,0.000259169697528705,-0.17961525917053224],8,1.8585572242736817],[[763.357666015625,224.6988067626953,45.79152297973633,-0.2750014364719391,0.00012495918781496584,0.9614437818527222,0.0002497848472557962,0.9999999403953552,-0.00005852447065990418,-0.9614437818527222,0.0002240597823401913,-0.2750014662742615],8,1.8666448593139649],[[763.3894653320313,224.5371856689453,45.766517639160159,-0.20691238343715669,0.0001065672404365614,0.9783594608306885,0.0001531642919871956,1,-0.00007653184002265334,-0.9783594608306885,0.00013401434989646077,-0.20691239833831788],8,1.8759796619415284],[[763.4335327148438,225.1962890625,45.72915267944336,-0.1396445333957672,0.00006264254625421017,0.9902017116546631,-0.000003788517915381817,1,-0.0000637966877548024,-0.9902017116546631,-0.000012660255379159935,-0.1396445333957672],3,1.8889439105987549],[[763.4681396484375,225.82814025878907,45.680328369140628,-0.27705249190330508,0.00001614874963706825,0.9608547687530518,-0.000055322674597846347,1,-0.00003275836570537649,-0.9608547687530518,-0.00006223284435691312,-0.27705249190330508],5,1.9085931777954102],[[763.4912719726563,226.62290954589845,45.589229583740237,-0.34389257431030276,-0.000008493200766679366,0.9390090107917786,-0.00003431965160416439,1,-0.0000035240050237916877,-0.9390090107917786,-0.00003343834032421,-0.34389257431030276],5,1.916593313217163],[[763.4923706054688,226.99984741210938,45.533058166503909,-0.44631874561309817,-0.000011505577276693657,0.8948740363121033,-0.0000204598418349633,1,0.0000026528493890509709,-0.8948740363121033,-0.00001712496487016324,-0.44631874561309817],