[[[776,222.69961547851563,47,1,-8.959862185520251e-8,1.162094373638109e-13,8.959862185520251e-8,1,-7.381004962780935e-8,-1.0959615647735538e-13,7.381004962780935e-8,1],8,0.005699872970581055],[[776,222.69961547851563,47,1,-6.220842152515616e-8,1.1473558648306127e-13,6.220842152515616e-8,1,-5.1246384913383738e-8,-1.1154763229640277e-13,5.1246384913383738e-8,1],8,0.02921128273010254],[[776,222.69961547851563,47,1,-3.484161936739838e-8,1.1387822651011404e-13,3.484161936739838e-8,1,-2.8701993670665617e-8,-1.1287820586005845e-13,2.8701993670665617e-8,1],8,0.03988194465637207],[[776,222.69961547851563,47,1,-7.49820117107447e-9,1.136373642212328e-13,7.49820117107447e-9,1,-6.176863465157112e-9,-1.1359104845967694e-13,6.176863465157112e-9,1],8,0.056778907775878909],[[775.8385009765625,222.69961547851563,47.00788497924805,0.9889074563980103,1.8826144199124429e-8,0.14853309094905854,-2.1066300703864728e-8,1,1.3508618224022939e-8,-0.14853309094905854,-1.6487815557297837e-8,0.9889074563980103],8,0.07645940780639649],[[775.57568359375,222.69961547851563,47.020713806152347,0.9415892362594605,4.2620143858584927e-8,0.33676356077194216,-5.338134201338107e-8,1,2.2695905599334766e-8,-0.33676356077194216,-3.9347110458720638e-8,0.9415892362594605],8,0.09833955764770508],[[775.3093872070313,222.69961547851563,47.033714294433597,0.8671388626098633,6.438471444880634e-8,0.4980664849281311,-8.679177199155674e-8,1,2.1836051189438878e-8,-0.4980664849281311,-6.216296100092222e-8,0.8671388626098633],8,0.10575222969055176],[[775.0430297851563,222.69961547851563,47.046714782714847,0.780107855796814,8.485550040404633e-8,0.6256450414657593,-1.193151604184095e-7,1,1.3143549359995177e-8,-0.6256450414657593,-8.490232517033292e-8,0.780107855796814],8,0.12234997749328613],[[774.7766723632813,222.69961547851563,47.059715270996097,0.6901978254318237,5.555580528948667e-8,0.7236207127571106,-7.937914148214986e-8,1,-1.0620123669369264e-9,-0.7236207127571106,-5.67073925594741e-8,0.6901978254318237],8,0.1396162509918213],[[774.5103149414063,222.69961547851563,47.072715759277347,0.6031250953674316,2.6625546212244445e-8,0.7976465821266174,-3.843389961843968e-8,1,-4.319078428238754e-9,-0.7976465821266174,-2.8051724498823206e-8,0.6031250953674316],8,0.15497326850891114],[[774.2439575195313,222.69961547851563,47.085716247558597,0.5219959616661072,-2.133623722144762e-9,0.8529479503631592,2.1453354648315327e-9,1,1.1885453732318752e-9,-0.8529479503631592,1.2094434342913019e-9,0.5219959616661072],8,0.1714036464691162],[[773.9776000976563,222.69961547851563,47.098716735839847,0.4482640027999878,-3.0815144214102477e-8,0.8939012289047241,4.167453937498067e-8,1,1.3574150692363674e-8,-0.8939012289047241,3.116812052894602e-8,0.4482640027999878],8,0.18933939933776856],[[773.7112426757813,222.69961547851563,47.111717224121097,0.3823685646057129,-5.9454009715409487e-8,0.9240099191665649,7.989866190882822e-8,1,3.1280265488931039e-8,-0.9240099191665649,6.18665580986999e-8,0.3823685646057129],8,0.20649051666259767],[[773.4448852539063,222.69961547851563,47.124717712402347,0.32415464520454409,-6.417172926376225e-8,0.9460040926933289,8.490471969935243e-8,1,3.874134435477572e-8,-0.9460040926933289,6.77620235478571e-8,0.32415464520454409],8,0.22199177742004395],[[773.1785278320313,222.69961547851563,47.137718200683597,0.27314329147338869,-4.5006107285416877e-8,0.9619733691215515,5.839271466356877e-8,1,3.020512906459771e-8,-0.9619733691215515,4.7921908219450418e-8,0.27314329147338869],8,0.23987245559692384],[[772.9121704101563,222.69961547851563,47.150718688964847,0.2287004590034485,-2.5864169472811228e-8,0.9734968543052673,3.279768279185191e-8,1,1.8863259398926858e-8,-0.9734968543052673,2.7614403208531259e-8,0.2287004590034485],8,0.25742435455322268],[[772.6458129882813,222.69961547851563,47.163719177246097,0.1901404708623886,-6.7563350469868059e-9,0.981756865978241,8.038851362357491e-9,1,5.3249649134556879e-9,-0.981756865978241,6.879703029483153e-9,0.1901404708623886],8,0.28215885162353518],[[772.3794555664063,222.69961547851563,47.176719665527347,0.15678247809410096,1.2310076513699642e-8,0.9876331686973572,-1.5994082502857056e-8,1,-9.925231303498095e-9,-0.9876331686973572,-1.424018591933418e-8,0.15678247809410096],8,0.2904963493347168],[[772.1130981445313,222.69961547851563,47.18932342529297,0.1281450390815735,3.1330209537827616e-8,0.9917554259300232,-3.942288628877577e-8,1,-2.6496818961163627e-8,-0.9917554259300232,-3.5702427680917029e-8,0.1281450390815735],8,0.305344820022583],[[771.8467407226563,222.69961547851563,47.201866149902347,0.10353248566389084,5.03014803143742e-8,0.9946260452270508,-6.236405170056969e-8,1,-4.408166631719723e-8,-0.9946260452270508,-5.74650265150467e-8,0.10353248566389084],8,0.3223385810852051],[[771.5803833007813,222.69961547851563,47.21440887451172,0.08235280960798264,6.922300599399023e-8,0.99660325050354,-8.492073533261646e-8,1,-6.244164296731469e-8,-0.99660325050354,-7.949003588691994e-8,0.08235280960798264],8,0.339846134185791],[[771.3140258789063,222.69961547851563,47.22655487060547,0.06429357081651688,6.505524652311579e-8,0.9979310035705566,-7.904907306510722e-8,1,-6.009723563238367e-8,-0.9979310035705566,-7.502165288997276e-8,0.06429357081651688],8,0.35523223876953127],[[771.0476684570313,222.69961547851563,47.238624572753909,0.048836950212717059,3.78850231186334e-8,0.9988067746162415,-4.5476738819161258e-8,1,-3.570668383190423e-8,-0.9988067746162415,-4.3678667793756179e-8,0.048836950212717059],8,0.3732929229736328],[[770.7813110351563,222.69961547851563,47.249900817871097,0.03588472679257393,1.0778403947142579e-8,0.9993559122085571,-1.2475691590907445e-8,1,-1.0337375400126803e-8,-0.9993559122085571,-1.2096703194686143e-8,0.03588472679257393],8,0.38915419578552248],[[770.4483642578125,222.69961547851563,47.26382827758789,0.022277601063251497,-2.302122048547517e-8,0.9997518062591553,2.8162800091990904e-8,1,2.239938012849052e-8,-0.9997518062591553,2.765680662264458e-8,0.022277601063251497],8,0.4111964702606201],[[770.1820068359375,222.6655731201172,47.274967193603519,0.011882688850164414,-4.999582614573228e-8,0.9999294281005859,6.024604459753391e-8,1,4.928342178800449e-8,-0.9999294281005859,5.965617333458795e-8,0.011882688850164414],8,0.4281907081604004],[[769.9156494140625,223.52847290039063,47.28610610961914,0.0015188930556178094,-7.691114944918809e-8,0.9999988675117493,9.194510397492195e-8,1,7.677157753960273e-8,-0.9999988675117493,9.1828390225146e-8,0.0015188930556178094],3,0.44640302658081057],[[769.7156982421875,224.13987731933595,47.29304885864258,-0.003550346242263913,-9.706093351269374e-8,0.9999936819076538,1.1570933367011094e-7,1,9.747235196755355e-8,-0.9999936819076538,1.160546645451177e-7,-0.003550346242263913],5,0.4651761054992676],[[769.4490966796875,224.9073944091797,47.301883697509769,-0.008045241236686707,-7.902873733200977e-8,0.999967634677887,9.395370170750539e-8,1,7.978719906986953e-8,-0.999967634677887,9.459256489208201e-8,-0.008045241236686707],5,0.47217226028442385],[[769.1158447265625,225.7901611328125,47.31290817260742,-0.012476734817028046,-5.652429280189608e-8,0.9999221563339233,6.700737742448837e-8,1,5.7364793804026706e-8,-0.9999221563339233,6.771789173853904e-8,-0.012476734817028046],5,0.4935619831085205],[[768.9158935546875,226.27894592285157,47.319522857666019,-0.014715147204697132,-4.303961986806826e-8,0.9998916983604431,5.093523469668071e-8,1,4.3793878745646e-8,-0.9998916983604431,5.157415472467619e-8,-0.014715147204697132],5,0.5050997734069824],[[768.5826416015625,227.02545166015626,47.32951736450195,-0.017480311915278436,-2.0592738181335336e-8,0.9998472332954407,2.4285261801537673e-8,1,2.1020463591980844e-8,-0.9998472332954407,2.4648995733400626e-8,-0.017480311915278436],5,0.5249078273773193],[[768.3826904296875,227.43247985839845,47.33486557006836,-0.018590047955513,-7.139935309652401e-9,0.9998272061347961,8.354549940747802e-9,1,7.2965078423692379e-9,-0.9998272061347961,8.488748370893973e-9,-0.018590047955513],5,0.5384407043457031],[[768.1160888671875,227.92750549316407,47.3414306640625,-0.019527338445186616,1.0780982329094968e-8,0.9998093247413635,-1.284264605772023e-8,1,-1.1033868929644086e-8,-0.9998093247413635,-1.3055659664473751e-8,-0.019527338445186616],5,0.5558426380157471],[[767.8494873046875,228.36802673339845,47.34751892089844,-0.02006497047841549,2.868462090077628e-8,0.9997986555099487,-3.400881354309604e-8,1,-2.937292009619341e-8,-0.9997986555099487,-3.4591334241440566e-8,-0.02006497047841549],5,0.5729515552520752],[[767.5828857421875,228.75404357910157,47.35274887084961,-0.020116157829761506,4.657215058045949e-8,0.9997976422309876,-5.516439927077954e-8,1,-4.769149342109813e-8,-0.9997976422309876,-5.611260434079668e-8,-0.020116157829761506],5,0.5897815227508545],[[767.3162841796875,229.08555603027345,47.35744857788086,-0.019841691479086877,6.444472688826863e-8,0.9998031258583069,-7.631986420619796e-8,1,-6.597203139335761e-8,-0.9998031258583069,-7.761383358229068e-8,-0.019841691479086877],5,0.6075460910797119],[[767.0496826171875,229.36257934570313,47.36127853393555,-0.019186940044164659,8.230325931890548e-8,0.9998159408569336,-9.749326324026697e-8,1,-8.418935948384387e-8,-0.9998159408569336,-9.909065568081133e-8,-0.019186940044164659],5,0.6218240261077881],[[766.7830810546875,229.58509826660157,47.36497497558594,-0.01846543326973915,1.0014844775696474e-7,0.9998294711112976,-1.1866988103292897e-7,1,-1.0235719116735709e-7,-0.9998294711112976,-1.2053970976921847e-7,-0.01846543326973915],5,0.6381869316101074],[[766.5164794921875,229.75311279296876,47.36866760253906,-0.017819510772824289,9.533167144581967e-8,0.9998412132263184,-1.1299952262788793e-7,1,-9.736072570376564e-8,-0.9998412132263184,-1.147164994108607e-7,-0.017819510772824289],5,0.6554088592529297],[[766.2498779296875,229.86663818359376,47.37236022949219,-0.01726040616631508,6.787875861391513e-8,0.9998510479927063,-8.048805000271386e-8,1,-6.927833595682387e-8,-0.9998510479927063,-8.167183551677226e-8,-0.01726040616631508],5,0.6746547222137451],[[765.9832763671875,229.9256591796875,47.37565612792969,-0.016618680208921434,4.0446902715984837e-8,0.9998618960380554,-4.798841857223124e-8,1,-4.125010377720173e-8,-0.9998618960380554,-4.8667313734540588e-8,-0.016618680208921434],5,0.6963975429534912],[[765.6500244140625,229.92279052734376,47.37866973876953,-0.015414228662848473,6.185438383710107e-9,0.9998812079429627,-7.3779582443478379e-9,1,-6.299912591600787e-9,-0.9998812079429627,-7.474190155676297e-9,-0.015414228662848473],5,0.7083537578582764],[[765.4500732421875,230.1931915283203,47.38011169433594,-0.01458747684955597,-1.4357023125910473e-8,0.9998936057090759,1.6993604745607628e-8,1,1.4606471587796932e-8,-0.9998936057090759,1.7204868640874339e-8,-0.01458747684955597],7,0.7223966121673584],[[765.1834716796875,230.60179138183595,47.38114929199219,-0.013208694756031037,-4.173087120307173e-8,0.9999127388000488,4.950819842974852e-8,1,4.238851047944081e-8,-0.9999127388000488,5.00637789002667e-8,-0.013208694756031037],7,0.7392845153808594],[[764.9168701171875,230.86624145507813,47.381256103515628,-0.011532633565366269,-6.908744154543456e-8,0.9999334812164307,8.206159662904611e-8,1,7.003848878639474e-8,-0.9999334812164307,8.286387043199284e-8,-0.011532633565366269],7,0.754906415939331],[[764.6970825195313,231.01686096191407,47.49540328979492,-0.0816456601023674,-5.1543395329645139e-8,0.9966614246368408,5.689001980613284e-8,1,5.637643596401176e-8,-0.9966614246368408,6.130297691697706e-8,-0.0816456601023674],8,0.7765543460845947],[[764.5054321289063,231.09991455078126,47.67935562133789,-0.17245489358901978,-3.4320407849008919e-8,0.9850174188613892,3.20891864191708e-8,1,4.0460548689225109e-8,-0.9850174188613892,3.858602681816592e-8,-0.17245489358901978],8,0.7976799011230469],[[764.3125610351563,231.1453094482422,47.863525390625,-0.25304868817329409,-1.7536988750066486e-8,0.9674535393714905,9.710111825711465e-9,1,2.0666748312692108e-8,-0.9674535393714905,1.462377507976953e-8,-0.25304868817329409],8,0.8049418926239014],[[764.2317504882813,231.17005920410157,48.0980224609375,-0.38774800300598147,-1.4764596212302195e-9,0.9217653870582581,-1.065773336250686e-8,1,-2.8814870489668466e-9,-0.9217653870582581,-1.0941220374149907e-8,-0.38774800300598147],8,0.8241255283355713],[[764.206298828125,231.18580627441407,48.42947006225586,0.07996506989002228,2.3306728991201454e-8,0.9967976808547974,-4.6769784489697489e-8,1,-1.9629640135576666e-8,-0.9967976808547974,-4.5050324359863228e-8,0.07996506989002228],8,0.8517043590545654],[[764.1737060546875,231.19317626953126,48.76118087768555,0.10783083736896515,4.3610370425994918e-8,0.9941692352294922,-8.338847123923188e-8,1,-3.4821553640540517e-8,-0.9941692352294922,-7.914741928516378e-8,0.10783083736896515],8,0.8715112209320068],[[764.1466064453125,231.1961212158203,49.02647399902344,0.12424155324697495,6.034520083630923e-8,0.992251992225647,-1.1274536149130654e-7,1,-4.669936615186998e-8,-0.992251992225647,-1.060698124888404e-7,0.12424155324697495],8,0.8786542415618897],[[764.130859375,231.19705200195313,49.158870697021487,0.1446278989315033,5.182615581134087e-8,0.9894860982894898,-9.39668041155528e-8,1,-3.864221653770983e-8,-0.9894860982894898,-8.739010581848561e-8,0.1446278989315033],8,0.8898143768310547],[[764.09326171875,231.1982421875,49.42285919189453,0.1704809069633484,3.273915893942103e-8,0.9853609800338745,-5.6022667394017847e-8,1,-2.3532862769570785e-8,-0.9853609800338745,-5.1190646388477037e-8,0.1704809069633484],8,0.9059836864471436],[[764.0546875,231.16510009765626,49.686729431152347,0.20819704234600068,1.3343572469182164e-8,0.9780868887901306,-1.7558658527150329e-8,1,-9.904960407425279e-9,-0.9780868887901306,-1.511171099366493e-8,0.20819704234600068],8,0.9220538139343262],[[764.0064697265625,232.24884033203126,50.01656723022461,0.262514591217041,-1.247899383827189e-8,0.9649280309677124,3.1350939622143417e-8,1,4.4033496848783219e-9,-0.9649280309677124,2.909545671059277e-8,0.262514591217041],3,0.9413886070251465],[[763.9635009765625,232.86024475097657,50.211544036865237,0.2644800543785095,-3.026131523142794e-8,0.9643911719322205,6.049863543466927e-8,1,1.4787186586318058e-8,-0.9643911719322205,5.4433435536793698e-8,0.2644800543785095],5,0.9653425216674805],[[763.8599243164063,233.81112670898438,50.528160095214847,0.23640643060207368,-6.377119632361428e-8,0.9716542363166809,1.0805123196178102e-7,1,3.934237824410047e-8,-0.9716542363166809,9.568765335643548e-8,0.23640643060207368],5,0.9751033782958984],[[763.7855224609375,234.34078979492188,50.713706970214847,0.3556015193462372,-1.0085803836545893e-7,0.9346376657485962,1.3780676511032653e-7,1,5.548004367028625e-8,-0.9346376657485962,1.0907060499221189e-7,0.3556015193462372],5,0.9983110427856445],[[763.6696166992188,234.9993133544922,50.9537353515625,0.3843194842338562,-9.109552934205567e-8,0.9232001304626465,1.1193362325911949e-7,1,5.2076739365247707e-8,-0.9232001304626465,8.332303025326837e-8,0.3843194842338562],5,1.0055205821990967],[[763.5380859375,235.60333251953126,51.185577392578128,0.44930869340896609,-8.204565915548301e-8,0.8933765888214111,8.64919371679207e-8,1,4.8338048230789357e-8,-0.8933765888214111,5.555116189270848e-8,0.44930869340896609],5,1.0218873023986817],[[763.390869140625,236.15284729003907,51.407779693603519,0.5240258574485779,-7.00802900155395e-8,0.8517023324966431,6.130402852022599e-8,1,4.456415680920145e-8,-0.8517023324966431,2.8860011269671305e-8,0.5240258574485779],5,1.0386652946472169],[[763.2263793945313,236.6478729248047,51.617454528808597,0.6482577323913574,-5.569466310362259e-8,0.7614209651947022,3.608606391480862e-8,1,4.242277995558652e-8,-0.7614209651947022,-2.4210517271527899e-11,0.6482577323913574],5,1.0558021068572999],[[763.0407104492188,237.08839416503907,51.8077507019043,0.7243499159812927,-3.593067532392524e-8,0.6894325017929077,1.092734880359103e-8,1,4.063552339061971e-8,-0.6894325017929077,-2.190066972218574e-8,0.7243499159812927],5,1.0719099044799805],[[762.8314819335938,237.4744110107422,51.972225189208987,0.7882184982299805,-1.2753146982902308e-8,0.6153954863548279,-1.4265146397463014e-8,1,3.899475942148456e-8,-0.6153954863548279,-3.951509697230904e-8,0.7882184982299805],5,1.0903620719909669],[[762.60546875,237.80592346191407,52.11318588256836,0.8398317098617554,1.3035308832343162e-8,0.5428468585014343,-3.9597448875383637e-8,1,3.7247858131195247e-8,-0.5428468585014343,-5.277728121200198e-8,0.8398317098617554],5,1.1063764095306397],[[762.3068237304688,238.14369201660157,52.260562896728519,0.8653002977371216,4.498363992411214e-8,0.5012538433074951,-7.153649761448833e-8,1,3.3749191885590338e-8,-0.5012538433074951,-6.506112981696788e-8,0.8653002977371216],5,1.1264698505401612],[[762.0589599609375,238.3525848388672,52.35853576660156,0.9144651293754578,7.69437917824689e-8,0.4046647250652313,-9.764264774503317e-8,1,3.0511699833368769e-8,-0.4046647250652313,-6.74144189360959e-8,0.9144651293754578],5,1.1429543495178223],[[761.8042602539063,238.50697326660157,52.43708038330078,0.9404834508895874,1.0792265925374523e-7,0.3398393988609314,-1.243227956138071e-7,1,2.648567409835323e-8,-0.3398393988609314,-6.71591209311373e-8,0.9404834508895874],5,1.1624939441680909],[[761.5445556640625,238.60687255859376,52.49709701538086,0.9589971899986267,1.3943588328402257e-7,0.2834155857563019,-1.5168983225066769e-7,1,2.1291167939807566e-8,-0.2834155857563019,-6.340943059512938e-8,0.9589971899986267],5,1.1764395236968995],[[761.3473510742188,238.64602661132813,52.530174255371097,0.9786791801452637,1.4948645343793033e-7,0.2053949236869812,-1.557078093128439e-7,1,1.4126646519230235e-8,-0.2053949236869812,-4.580704882073405e-8,0.9786791801452637],5,1.1890532970428467],[[761.0824584960938,238.65054321289063,52.56059265136719,0.9817612171173096,1.1531778199014298e-7,0.19011808931827546,-1.1670406507846565e-7,1,-3.904173428992408e-9,-0.19011808931827546,-1.835458895982356e-8,0.9817612171173096],5,1.2082090377807618],[[760.81640625,238.60057067871095,52.5780029296875,0.9852344989776611,7.997424944505838e-8,0.17121021449565888,-7.801624946068842e-8,1,-1.816446548730255e-8,-0.17121021449565888,4.539079778709265e-9,0.9852344989776611],5,1.2317910194396973],[[760.550048828125,238.49609375,52.589134216308597,0.9866899847984314,4.3502030422359897e-8,0.16261281073093415,-3.939384285445158e-8,1,-2.848804747657141e-8,-0.16261281073093415,2.1702925678823705e-8,0.9866899847984314],5,1.238619327545166],[[760.2300415039063,238.28884887695313,52.567317962646487,0.9880258440971375,-2.458153458562151e-9,0.1542884260416031,8.081522118175144e-9,1,-3.5819923027702319e-8,-0.1542884260416031,3.6637892719681989e-8,0.9880258440971375],5,1.2592356204986573],[[760.0486450195313,238.12364196777345,52.52638244628906,0.996997594833374,-3.325915187701867e-8,0.07743222266435623,3.639222256879293e-8,1,-3.90509775627379e-8,-0.07743222266435623,4.175166168352007e-8,0.996997594833374],5,1.2793548107147217],[[759.819580078125,237.8556671142578,52.439510345458987,0.9966646432876587,-7.065825258223413e-8,0.08160604536533356,7.424402070910219e-8,1,-4.090555805191798e-8,-0.08160604536533356,4.682788556920059e-8,0.9966646432876587],5,1.289625883102417],[[759.60595703125,237.53318786621095,52.31600570678711,0.9985215067863464,-1.0995795918233853e-7,0.054358597844839099,1.123285002790908e-7,1,-4.0554112956669999e-8,-0.054358597844839099,4.660017083324419e-8,0.9985215067863464],5,1.3041000366210938],[[759.4089965820313,237.1562042236328,52.15647506713867,0.9996015429496765,-1.4961109684463737e-7,0.028225934132933618,1.5074236614509574e-7,1,-3.7951469522568007e-8,-0.028225934132933618,4.219119276172023e-8,0.9996015429496765],5,1.3230514526367188],[[759.2300415039063,236.72471618652345,51.9637336730957,0.9999867081642151,-1.21602710123625e-7,0.005154449958354235,1.2170934837740789e-7,1,-2.0375514608872437e-8,-0.005154449958354235,2.1002589889462798e-8,0.9999867081642151],5,1.338329553604126],[[759.0808715820313,236.23873901367188,51.76466751098633,0.9878681302070618,-9.274632617461975e-8,-0.15529489517211915,9.0911264294391e-8,1,-1.8918701272241379e-8,0.15529489517211915,4.5711257001812559e-9,0.9878681302070618],5,1.3574416637420655],[[759.0751342773438,235.72137451171876,51.66094207763672,0.996554970741272,0.008195939473807812,-0.0825292244553566,-0.008231288753449917,0.9999661445617676,-0.00008808186976239085,0.08252570033073425,0.0007671002531424165,0.9965886473655701],7,1.3828816413879395],[[759.2517700195313,235.17263793945313,51.66197967529297,0.9953175187110901,0.0062203421257436279,-0.0964590311050415,-0.006220738869160414,0.999980628490448,0.00029661733424291015,0.09645900875329972,0.0003048180660698563,0.9953368902206421],7,1.3910980224609376],[[759.5132446289063,235.05050659179688,51.69651412963867,0.9927619099617004,0.00036378615186549723,-0.12009863555431366,-0.00035208257031627,0.9999999403953552,0.00011866886779898778,0.12009867280721665,-0.00007552529859822243,0.9927619695663452],8,1.4130933284759522],[[759.7781982421875,235.09719848632813,51.72941970825195,0.9921929240226746,-0.0006223329692147672,-0.1247107982635498,0.0006286182324402034,0.9999998211860657,0.00001104710918298224,0.12471076846122742,-0.00008935634105000645,0.9921931624412537],8,1.424116611480713],[[760.0428466796875,235.14048767089845,51.76270294189453,0.9941855669021606,-0.00020493536430876702,-0.10768001526594162,0.00020494604541454464,1,-0.00001096732376026921,0.10768001526594162,-0.000011165036994498223,0.9941856265068054],8,1.4463047981262208],[[760.307861328125,235.16688537597657,51.79209899902344,0.9966630935668945,0.000018584087229100989,-0.08162550628185272,-0.000019175866327714176,1,-0.000006465998467319878,0.08162550628185272,0.000008009661542018876,0.9966630935668945],8,1.455260992050171],[[760.573486328125,235.1817169189453,51.814903259277347,0.998905599117279,0.000028659298550337554,-0.046771448105573657,-0.00002874662823160179,1,-0.0000011945272717639455,0.046771448105573657,0.0000025377414658578347,0.998905599117279],8,1.472221851348877],[[760.8397827148438,235.1898651123047,51.82876205444336,0.9999880790710449,0.000005324085122992983,-0.004877876956015825,-0.00000532110834683408,1,6.232130544958636e-7,0.004877876956015825,-5.972499366180273e-7,0.9999880790710449],8,1.4900293350219727],[[761.1061401367188,235.16221618652345,51.84126281738281,0.9991781711578369,-0.0000019451665593805957,0.04053429141640663,0.000001927675839397125,1,4.705862295395491e-7,-0.04053429141640663,-3.9206250335155348e-7,0.9991781711578369],8,1.5067980289459229],[[761.3724975585938,235.08006286621095,51.853729248046878,0.9963071942329407,-0.000001124590539802739,0.08586026728153229,0.0000011225675962123206,1,7.184188888231802e-8,-0.08586026728153229,2.4807365051060516e-8,0.9963071942329407],8,1.5223088264465333],[[761.6388549804688,234.9434051513672,51.86619567871094,0.9920541048049927,-6.59940369018841e-8,0.12581203877925874,7.262666912311033e-8,1,-4.813170306761094e-8,-0.12581203877925874,5.688656301572337e-8,0.9920541048049927],8,1.5399744510650635],[[761.9052124023438,235.8165283203125,51.878662109375,0.9884180426597595,5.884166967007332e-7,0.15175572037696839,-5.819409238938533e-7,1,-8.708611431984537e-8,-0.15175572037696839,-2.2353761064408674e-9,0.9884180426597595],3,1.55759859085083],[[762.1702880859375,236.6385498046875,51.86634063720703,0.9972454309463501,4.473621970646491e-7,0.07417245209217072,-4.476032131606189e-7,1,-1.3373568030772276e-8,-0.07417245209217072,-1.9863097833194844e-8,0.9972454309463501],5,1.5802395343780518],[[762.4334716796875,237.40606689453126,51.82495880126953,0.9992859959602356,1.2257955006589328e-7,0.03778280317783356,-1.2450270503450157e-7,1,4.85473705680306e-8,-0.03778280317783356,-5.321676610492432e-8,0.9992859959602356],5,1.589749813079834],[[762.683349609375,238.1190948486328,51.76012420654297,0.9983124732971191,-4.136244768915276e-8,0.058070432394742969,3.9365801285384808e-8,1,3.5527150998859727e-8,-0.058070432394742969,-3.318120889161946e-8,0.9983124732971191],5,1.6086530685424805],[[762.912109375,238.77761840820313,51.661643981933597,0.9977361559867859,-1.0871770683706927e-7,0.06725034862756729,1.0858327215146346e-7,1,5.6542113213708948e-9,-0.06725034862756729,1.6608519004535083e-9,0.9977361559867859],5,1.63081693649292],[[763.1196899414063,239.3816375732422,51.52955627441406,0.9975504875183106,-1.3804655907279085e-7,0.06994976103305817,1.4015370197739686e-7,1,-2.5215772581077546e-8,-0.06994976103305817,3.495772560313526e-8,0.9975504875183106],5,1.6383514404296876],[[763.3079223632813,239.91412353515626,51.453826904296878,0.9915151000022888,-0.0053937737829983238,0.12987938523292542,0.007971569895744324,0.9997812509536743,-0.019335923716425897,-0.1297466903924942,0.020207203924655916,0.991341233253479],5,1.6556031703948975],[[763.4857177734375,240.3593292236328,51.427703857421878,0.9925928711891174,-0.0062661245465278629,0.12132671475410462,0.006974977441132069,0.9999610185623169,-0.005418694112449884,-0.12128803133964539,0.006224808283150196,0.9925978183746338],5,1.6719000339508057],[[763.6813354492188,240.839111328125,51.353248596191409,0.9894164800643921,-0.0015066228806972504,0.1450955718755722,0.0015163484495133162,0.9999988675117493,0.000043563992221606898,-0.14509546756744386,0.00017691252287477255,0.9894176721572876],5,1.6958708763122559],[[763.8058471679688,241.16162109375,51.26310729980469,0.9868971705436707,-0.00013446893717627972,0.1613505333662033,0.00006643668166361749,0.9999998807907105,0.0004270376230124384,-0.1613505780696869,-0.0004107226268388331,0.9868970513343811],5,1.7146306037902833],[[763.9024047851563,241.4296417236328,51.144718170166019,0.9903268814086914,0.00011589323548832908,0.13875406980514527,-0.00014508113963529468,0.9999999403953552,0.0002002428809646517,-0.13875404000282288,-0.00021843650029040873,0.9903268218040466],5,1.7303307056427003],[[763.9717407226563,241.64315795898438,50.99721145629883,0.9920108318328857,0.00007061899668769911,0.1261526197195053,-0.00007687832112424076,1,0.00004474841625778936,-0.1261526197195053,-0.00005408931610872969,0.9920108318328857],5,1.751612901687622],[[764.0215454101563,241.83340454101563,50.770931243896487,0.9956958889961243,0.000013157501598470845,0.09268034249544144,-0.000012676244296017103,1,-0.000005781346317235148,-0.09268034249544144,0.000004581624125421513,0.9956958889961243],5,1.7662725448608399],[[764.0328979492188,241.9066925048828,50.61184310913086,0.9969931244850159,0.0000012322992688496016,0.07748986780643463,-7.212908599285584e-7,1,-0.0000066225074988324199,-0.07748986780643463,0.000006546701570186997,0.9969931244850159],5,1.779024362564087],[[764.0287475585938,241.9567108154297,50.37080001831055,0.9985434412956238,-0.0000018749042283161544,0.053953368216753009,0.000002031710209848825,1,-0.000002851473709597485,-0.053953368216753009,0.0000029569380330940477,0.9985434412956238],5,1.7918789386749268],[[764.018798828125,241.9584503173828,50.172874450683597,0.9994797706604004,-0.0000013150427093933104,0.03225129842758179,0.0000013462038168654545,1,-9.444835882277403e-7,-0.03225129842758179,9.87409066510736e-7,0.9994797706604004],5,1.8063437938690186],[[764.010009765625,241.9130859375,49.906463623046878,0.999961793422699,-4.165176221704314e-7,0.008743569254875183,4.165509039921744e-7,1,-1.9856543076457457e-9,-0.008743569254875183,5.627720067735709e-9,0.999961793422699],5,1.8232855796813965],[[764.0075073242188,241.81321716308595,49.63981628417969,0.9998238682746887,-4.126544084215311e-8,-0.018767099827528,4.3397147209134349e-8,1,1.1318024206730115e-7,0.018767099827528,-1.1397474253271867e-7,0.9998238682746887],5,1.8396825790405274],[[764.0123901367188,241.6588592529297,49.37321090698242,0.9981492161750794,7.982967531461327e-8,-0.06081239506602287,-7.58087921326478e-8,1,6.842667232831445e-8,0.06081239506602287,-6.368991734007068e-8,0.9981492161750794],5,1.856029748916626],[[764.04248046875,241.40237426757813,49.0962028503418,0.9992004036903381,0.005918815266340971,-0.03954121097922325,-0.0058525032363832,0.9999812841415405,0.0017925803549587727,0.03955107927322388,-0.0015597320161759854,0.9992163181304932],5,1.8759562969207764],[[764.0708618164063,241.48880004882813,49.06309509277344,0.9980147480964661,0.008406109176576138,-0.06241675838828087,-0.008267601020634175,0.9999627470970154,0.0024770344607532026,0.06243525445461273,-0.0019560796208679678,0.9980471134185791],12,1.8887555599212647],[[764.0841064453125,241.6725311279297,49.04644012451172,0.993402898311615,0.0022192385513335468,-0.11465471237897873,-0.0021615398582071068,0.9999974966049194,0.0006275611813180149,0.11465581506490708,-0.00037559037446044385,0.9934052228927612],12,1.906482458114624],[[764.0851440429688,241.859130859375,49.045631408691409,0.9916639924049377,-0.0004024324007332325,-0.12885038554668427,0.0003890771185979247,0.9999999403953552,-0.00012882091687060893,0.12885043025016786,0.00007761432061670348,0.9916640520095825],12,1.9228482246398926],[[764.0853271484375,242.0457763671875,49.04558181762695,0.9930175542831421,-0.00036188543890602887,-0.11796610802412033,0.0003521462786011398,0.9999999403953552,-0.00010340238077333197,0.11796613782644272,0.00006113905692473054,0.9930176138877869],12,1.9400241374969483],[[764.08544921875,242.232421875,49.04557800292969,0.9969438910484314,-0.00004704480306827463,-0.07812058925628662,0.00004601231194101274,1,-0.000015016634279163555,0.07812058925628662,0.00001137623348768102,0.9969438910484314],12,1.9549462795257569],[[764.08544921875,242.605712890625,49.04558563232422,0.9999951720237732,0.00001304357465414796,-0.0031090257689356806,-0.000013034449693805073,1,0.000002955311629193602,0.0031090257689356806,-0.000002914772949225153,0.9999951720237732],12,1.9898481369018555],[[764.08544921875,242.69903564453126,49.04558563232422,0.9864886403083801,0.000004084344254806638,0.16382965445518495,-0.000004480769803194562,1,0.0000020502018287515968,-0.16382965445518495,-0.0000027565836262510858,0.9864886403083801],12,1.9987576007843018],[[764.08544921875,242.7923583984375,49.04558563232422,0.972235918045044,-3.9129810147642277e-7,0.23400279879570008,1.0983644216366884e-7,1,0.0000012158451454524766,-0.23400279879570008,-0.0000011563863608898828,0.972235918045044],12,2.0081775188446047],[[763.923583984375,243.3805389404297,48.946537017822269,0.8751429319381714,-0.000001266474896510772,0.4838644862174988,0.0000012893225402876852,1,2.854794729501009e-7,-0.4838644862174988,3.7402205066427998e-7,0.8751429319381714],8,2.0278730392456056],[[763.75927734375,243.66372680664063,48.92784881591797,0.778241753578186,-2.9925624289717236e-7,0.6279647946357727,4.288517629902344e-7,1,-5.493003740753011e-8,-0.6279647946357727,3.1205266282086088e-7,0.778241753578186],8,2.0513455867767336],[[763.4938354492188,243.94493103027345,49.09824752807617,0.6622531414031982,1.1604183924873723e-7,0.7492802143096924,-7.954471215043668e-8,1,-8.456530053990719e-8,-0.7492802143096924,-3.5976435164286615e-9,0.6622531414031982],8,2.0706663131713869],[[763.2652587890625,244.080078125,49.3399772644043,0.5579182505607605,4.214940929614386e-8,0.8298959136009216,-9.689320279449021e-8,1,1.4350088228809455e-8,-0.8298959136009216,-8.841745113841171e-8,0.5579182505607605],8,2.079653024673462],[[763.1912231445313,244.1204833984375,49.48914337158203,0.46200287342071535,0.000014718385500600562,0.8868784308433533,0.00062529556453228,0.9999997615814209,-0.0003423318557906896,-0.8868781924247742,0.000712719454895705,0.4620027542114258],8,2.0909435749053957],[[763.19580078125,244.12734985351563,49.62126159667969,0.3998706340789795,0.00016609272279310971,0.9165715575218201,0.0008711248519830406,0.999999463558197,-0.0005612544482573867,-0.9165711998939514,0.0010228774044662715,0.39987024664878847],8,2.106034994125366],[[763.1676635742188,244.07167053222657,49.861324310302737,0.36683428287506106,0.00004244529554853216,0.9302862882614136,-0.00012510617671068758,1,0.0000037062081901240164,-0.9302862882614136,-0.00011774412996601313,0.36683428287506106],8,2.129629135131836],[[763.1536254882813,243.9998016357422,50.012020111083987,0.3398039937019348,0.000030006602173671128,0.9404962658882141,-0.0003914649423677474,0.9999999403953552,0.00010953233868349344,-0.9404962062835693,-0.00040539083420298994,0.3398039937019348],8,2.140516519546509],[[763.1318359375,243.86001586914063,50.224124908447269,0.3207273781299591,0.0020774099975824358,0.947169303894043,-0.0016121292719617487,0.9999973177909851,-0.0016473829746246338,-0.9471701979637146,-0.000998598407022655,0.3207298815250397],8,2.156806707382202],[[763.1073608398438,243.67054748535157,50.446311950683597,0.32396212220191958,0.0010378299048170448,0.9460694789886475,-0.0009239866049028933,0.9999992847442627,-0.0007805901113897562,-0.946069598197937,-0.0006212738808244467,0.32396283745765688],8,2.173197031021118],[[763.0570678710938,244.77474975585938,50.73207473754883,0.3302234411239624,-0.0008768452098593116,0.9439023733139038,0.0006430239882320166,0.9999995231628418,0.0007039956981316209,-0.9439025521278381,0.00037447595968842506,0.33022385835647585],3,2.1931605339050295],[[763.013671875,245.41680908203126,50.90968322753906,0.28205201029777529,-0.0009348481544293463,0.9593986868858337,0.0006698297802358866,0.999999463558197,0.000777487875893712,-0.9593988656997681,0.00042334175668656826,0.28205248713493349],5,2.213937997817993],[[762.928466796875,246.22520446777345,51.15781021118164,0.23588627576828004,-0.0003970296820625663,0.9717805981636047,0.00022180839732754976,0.9999999403953552,0.0003547180094756186,-0.9717806577682495,0.00013187597505748272,0.235886350274086],5,2.2224271297454836],[[762.8344116210938,246.97909545898438,51.40717697143555,0.2409162074327469,-0.0000817964828456752,0.9705458879470825,0.0000022544020339410055,1,0.00008371923468075693,-0.9705458879470825,-0.000017981321434490384,0.2409162074327469],5,2.238548517227173],[[762.737060546875,247.67849731445313,51.655426025390628,0.26041895151138308,0.000011701566108968109,0.9654957056045532,-0.000030329132641782054,1,-0.0000039392048165609598,-0.9654957056045532,-0.000028256803489057348,0.26041895151138308],5,2.2568867206573488],[[762.634765625,248.32339477539063,51.90170669555664,0.28217899799346926,0.000017052178009180353,0.9593617916107178,-0.00001407487980031874,1,-0.000013634629794978537,-0.9593617916107178,-0.000009655495887272992,0.28217899799346926],5,2.272153615951538],[[762.527099609375,248.91378784179688,52.1456298828125,0.31550848484039309,0.000006955288881727029,0.9489227533340454,-0.000002061847908407799,1,-0.000006644121640420053,-0.9489227533340454,1.3974248247450306e-7,0.31550848484039309],5,2.2903003692626955],[[762.411376953125,249.44967651367188,52.385841369628909,0.35989317297935488,0.0000010475723684066907,0.9329935312271118,0.000001188992655443144,1,-0.000001581450078447233,-0.9329935312271118,0.0000016784754279797199,0.35989317297935488],5,2.305328607559204],[[762.2848510742188,249.9310760498047,52.62054443359375,0.41939595341682436,-5.032269427829306e-7,0.9078034162521362,9.436161576559243e-7,1,1.1839361491183809e-7,-0.9078034162521362,8.069641808106098e-7,0.41939595341682436],5,2.322666883468628],[[762.1444091796875,250.35797119140626,52.84712600708008,0.49090567231178286,-4.1168567577187789e-7,0.8712127208709717,3.061559823436255e-7,1,3.000322976731695e-7,-0.8712127208709717,1.1943943434289395e-7,0.49090567231178286],5,2.339301109313965],[[761.9876098632813,250.73036193847657,53.06264877319336,0.567899227142334,-1.2700611762284098e-7,0.8230980634689331,1.0938116190573055e-8,1,1.4675573822842126e-7,-0.8230980634689331,-7.433933291167705e-8,0.567899227142334],5,2.354914903640747],[[761.8128051757813,251.0482635498047,53.263790130615237,0.6482282876968384,4.718247481605431e-8,0.7614460587501526,-8.70383303208655e-8,1,1.2132487015037441e-8,-0.7614460587501526,-7.41396135595096e-8,0.6482282876968384],5,2.374479055404663],[[761.5702514648438,251.36898803710938,53.49199676513672,0.6921947002410889,1.1643600572597279e-7,0.7217108011245728,-9.167355585759651e-8,1,-7.340898378060956e-8,-0.7217108011245728,-1.5348492254929625e-8,0.6921947002410889],5,2.3932836055755617],[[761.3600463867188,251.5642547607422,53.6557731628418,0.7706931829452515,1.3678983634690668e-7,0.6372063755989075,-7.91169654235091e-8,1,-1.1898018215106276e-7,-0.6372063755989075,4.1283382046231057e-8,0.7706931829452515],5,2.4108431339263918],[[761.1365966796875,251.7050323486328,53.80099868774414,0.8132990598678589,1.0091218172192385e-7,0.5818458795547485,-3.792782621303559e-8,1,-1.2041937225149014e-7,-0.5818458795547485,7.586881878296481e-8,0.8132990598678589],5,2.429838180541992],[[760.90283203125,251.7913055419922,53.929141998291019,0.86448073387146,5.9180543132697497e-8,0.5026659369468689,2.9469608975318808e-9,1,-1.2280150940569e-7,-0.5026659369468689,1.076408864264522e-7,0.86448073387146],5,2.453047513961792],[[760.6591796875,251.8230743408203,54.036930084228519,0.8920062780380249,1.730435172930811e-8,0.45202305912971499,4.3771500202183236e-8,1,-1.246591381232065e-7,-0.45202305912971499,1.3098245688070166e-7,0.8920062780380249],5,2.461733341217041],[[760.47119140625,251.81112670898438,54.10504150390625,0.9254565834999085,-2.1151599582935888e-8,0.3788536787033081,7.449065009268452e-8,1,-1.2613381272785774e-7,-0.3788536787033081,1.4495242339762627e-7,0.9254565834999085],5,2.474855661392212],[[760.2161254882813,251.7021484375,54.18281936645508,0.9596547484397888,-3.618936972316078e-8,0.2811809778213501,5.818239401378378e-8,1,-6.986832090660755e-8,-0.2811809778213501,8.34092475088255e-8,0.9596547484397888],7,2.4904112815856935],[[759.9581298828125,251.5350799560547,54.25033187866211,0.9760668277740479,-3.7506186600921868e-8,0.21747088432312013,4.1763250635540319e-8,1,-1.4979180562590956e-8,-0.21747088432312013,2.370297202958227e-8,0.9760668277740479],7,2.5075833797454836],[[759.6981201171875,251.31350708007813,54.30904006958008,0.984973132610321,-3.4325800868373338e-8,0.17270776629447938,2.775831475787527e-8,1,4.0441772597432649e-8,-0.17270776629447938,-3.503998158294053e-8,0.984973132610321],8,2.523763418197632],[[759.435791015625,251.13021850585938,54.35673522949219,0.9940959811210632,-2.7761045018337428e-8,0.10850419104099274,1.7382561168233225e-8,1,9.659635935577171e-8,-0.10850419104099274,-9.41399704856849e-8,0.9940959811210632],8,2.5388448238372804],[[759.1710815429688,251.13626098632813,54.38820266723633,0.9999995827674866,-6.690015208477007e-9,-0.0009313776390627027,6.76713352021352e-9,1,8.279698704427574e-8,0.0009313776390627027,-8.280325403120514e-8,0.9999995827674866],8,2.559950113296509],[[758.9046630859375,251.1610870361328,54.393394470214847,0.9880218505859375,1.637324231751336e-8,-0.1543140411376953,-5.512930112416825e-9,1,7.080591757357979e-8,0.1543140411376953,-6.910707384122361e-8,0.9880218505859375],8,2.572370767593384],[[758.6404418945313,251.17799377441407,54.36046600341797,0.9484845995903015,3.7877661895890927e-8,-0.3168233036994934,-1.9511174897957063e-8,1,6.114327533168762e-8,0.3168233036994934,-5.1811859691497378e-8,0.9484845995903015],8,2.588761806488037],[[758.3851928710938,251.18775939941407,54.28498458862305,0.8847074508666992,5.603941488629971e-8,-0.46614670753479006,-3.488079514113451e-8,1,5.401757618983538e-8,0.46614670753479006,-3.1530184685379939e-8,0.8847074508666992],8,2.606907367706299],[[758.1455688476563,251.19314575195313,54.169097900390628,0.8160492777824402,7.008213032122512e-8,-0.5779823064804077,-5.1124747102448967e-8,1,4.907039397039625e-8,0.5779823064804077,-1.0494663804649918e-8,0.8160492777824402],8,2.623840570449829],[[757.9238891601563,251.1960906982422,54.02146530151367,0.7401182055473328,8.132189321941041e-8,-0.6724768280982971,-6.788678064140186e-8,1,4.621372085011899e-8,0.6724768280982971,1.1448668679747698e-8,0.7401182055473328],8,2.640509605407715],[[757.7220458984375,251.1977081298828,53.847537994384769,0.7175418734550476,9.139125722867903e-8,-0.6965153813362122,-8.497996617506942e-8,1,4.3666766202932197e-8,0.6965153813362122,2.785711750163955e-8,0.7175418734550476],8,2.6556010246276857],[[757.5291748046875,251.19857788085938,53.663