[[[776,222.69961547851563,47,1,-5.7864419034103778e-8,-5.991201678783595e-15,5.7864419034103778e-8,1,6.78179290503067e-8,2.0669562676695455e-15,-6.78179290503067e-8,1],8,0.004587650299072266],[[776,222.69961547851563,47,1,-3.039501450530224e-8,-4.8947014349369058e-15,3.039501450530224e-8,1,3.56234330922689e-8,3.811926936483998e-15,-3.56234330922689e-8,1],8,0.026526927947998048],[[776,222.69961547851563,47,1,-2.9490696551448538e-9,-4.695049840038436e-15,2.9490696551448538e-9,1,3.45644157739855e-9,4.684856645551178e-15,-3.45644157739855e-9,1],8,0.036910295486450198],[[775.9999389648438,222.69961547851563,46.99998092651367,-0.9942463636398315,-3.3835295454309747e-8,0.10711739212274552,-1.8939953605467964e-8,1,1.4007358117851255e-7,-0.10711739212274552,1.372388567233429e-7,-0.9942463636398315],8,0.05602836608886719],[[775.9999389648438,222.69961547851563,46.99999237060547,-0.9998964071273804,-5.138886649547203e-8,0.014392939396202565,-4.93044183258462e-8,1,1.4517925706059032e-7,-0.014392939396202565,1.444545887352433e-7,-0.9998964071273804],8,0.07628440856933594],[[775.9999389648438,222.69961547851563,46.99999237060547,-0.9999947547912598,-5.62673818649273e-8,0.003246234031394124,-5.600401209449046e-8,1,8.122207617589084e-8,-0.003246234031394124,8.103984328045044e-8,-0.9999947547912598],8,0.0870809555053711],[[775.8382568359375,222.69961547851563,47.00010299682617,-0.9993358254432678,-6.591410084411109e-8,0.03643970191478729,-6.531823970590267e-8,1,1.754242440199505e-8,-0.03643970191478729,1.51505954448794e-8,-0.9993358254432678],8,0.1055912971496582],[[775.5752563476563,222.69961547851563,46.991943359375,-0.9940211176872253,-7.385123979020136e-8,0.10918807983398438,-7.926634282284795e-8,1,-4.52538095885302e-8,-0.10918807983398438,-5.3638181896076279e-8,-0.9940211176872253],8,0.12922382354736329],[[775.31005859375,222.69961547851563,46.965736389160159,-0.990347683429718,-5.0076408797394836e-8,0.1386055201292038,-5.978922246185903e-8,1,-6.591157841739914e-8,-0.1386055201292038,-7.356249653867053e-8,-0.990347683429718],8,0.13652968406677247],[[775.0458374023438,222.69961547851563,46.92998504638672,-0.9720783829689026,-1.0805448091844028e-8,0.2346564531326294,-2.938746135328074e-8,1,-7.569136073470873e-8,-0.2346564531326294,-8.047389599141752e-8,-0.9720783829689026],8,0.15386390686035157],[[774.785888671875,222.69961547851563,46.87120056152344,-0.9522637128829956,2.6942814201902366e-8,0.30527669191360476,1.904237878491699e-10,1,-8.766303238871842e-8,-0.30527669191360476,-8.342018986695621e-8,-0.9522637128829956],8,0.1707615852355957],[[774.5311889648438,222.69961547851563,46.79263687133789,-0.9266703724861145,6.492022919246665e-8,0.37587499618530276,2.876210736246776e-8,1,-1.0180841059082013e-7,-0.37587499618530276,-8.353188007959034e-8,-0.9266703724861145],8,0.18625140190124513],[[774.2830200195313,222.69961547851563,46.69522476196289,-0.9004603028297424,8.721269040279367e-8,0.4349382519721985,4.745590587162951e-8,1,-1.0226861490991723e-7,-0.4349382519721985,-7.144843294781822e-8,-0.9004603028297424],8,0.2035534381866455],[[774.0418701171875,222.69961547851563,46.58161544799805,-0.877282977104187,6.355681136938074e-8,0.47997355461120608,4.184031254794718e-8,1,-5.59427029145354e-8,-0.47997355461120608,-2.8995337686410495e-8,-0.877282977104187],8,0.2218620777130127],[[773.8069458007813,222.69961547851563,46.4554328918457,-0.8581956028938294,3.7485364146050418e-8,0.5133227705955505,3.8011886971389688e-8,1,-9.474989681734769e-9,-0.5133227705955505,1.1380973496954994e-8,-0.8581956028938294],8,0.24507927894592286],[[773.5773315429688,222.69961547851563,46.31989288330078,-0.844454824924469,1.0059095778558458e-8,0.5356268286705017,3.540421644743219e-8,1,3.703729234416642e-8,-0.5356268286705017,5.023976612505976e-8,-0.844454824924469],8,0.2525322437286377],[[773.3515625,222.69961547851563,46.17795944213867,-0.836888313293457,-1.7735995783141335e-8,0.5473737120628357,3.3448362302124227e-8,1,8.354171399105326e-8,-0.5473737120628357,8.822383534834444e-8,-0.836888313293457],8,0.27042388916015627],[[773.1281127929688,222.69961547851563,46.032470703125,-0.8349705338478088,-3.179852470225342e-8,0.5502946376800537,2.4118678609852396e-8,1,9.438019077379067e-8,-0.5502946376800537,9.207705886637996e-8,-0.8349705338478088],8,0.2872292995452881],[[772.9053955078125,222.69961547851563,45.8858528137207,-0.8349705338478088,-3.2232204461024597e-8,0.5502946376800537,7.262328072243918e-9,1,6.959187004440537e-8,-0.5502946376800537,6.210358094449475e-8,-0.8349705338478088],8,0.3030736446380615],[[772.6827392578125,222.69961547851563,45.73910903930664,-0.8349705338478088,-3.266550763214582e-8,0.5502946376800537,-9.579617987753864e-9,1,4.482473059397307e-8,-0.5502946376800537,3.21557180882337e-8,-0.8349705338478088],8,0.31996726989746096],[[772.4600830078125,222.69961547851563,45.59236526489258,-0.8349705338478088,-3.309844132104445e-8,0.5502946376800537,-2.6407169784192776e-8,1,2.007875998799591e-8,-0.5502946376800537,2.233448537225513e-9,-0.8349705338478088],8,0.336350679397583],[[772.2374267578125,222.69961547851563,45.445621490478519,-0.837841272354126,-3.3518855246938986e-8,0.5459138751029968,-4.309061552021376e-8,1,-4.733784919608297e-9,-0.5459138751029968,-2.7489925003010286e-8,-0.837841272354126],8,0.35401391983032229],[[772.0140991210938,222.6996307373047,45.29987335205078,-0.8435182571411133,-3.4237391588476387e-8,0.5371005535125732,-5.949898351786942e-8,1,-2.9698508541287084e-8,-0.5371005535125732,-5.700816885223503e-8,-0.8435182571411133],8,0.37001991271972659],[[771.7894287109375,222.69964599609376,45.15629577636719,-0.8500214219093323,-3.5363601824656146e-8,0.5267481207847595,-7.558717385336422e-8,1,-5.484046639026019e-8,-0.5267481207847595,-8.643097260119248e-8,-0.8500214219093323],8,0.38703250885009768],[[771.6196899414063,222.69969177246095,45.0505485534668,-0.8590903878211975,-3.719117813716366e-8,0.5118238925933838,-8.731340983558766e-8,1,-7.389051859263418e-8,-0.5118238925933838,-1.0816771833788153e-7,-0.8590903878211975],8,0.402385950088501],[[771.333740234375,222.69969177246095,44.87932586669922,-0.8678996562957764,-2.0393112976080375e-8,0.49673959612846377,-5.568443128822764e-8,1,-5.6237485779320198e-8,-0.49673959612846377,-7.646915634040852e-8,-0.8678996562957764],8,0.4219934940338135],[[771.1026611328125,222.69969177246095,44.74626541137695,-0.8772846460342407,-3.085171007555232e-9,0.47997045516967776,-2.075873695162045e-8,1,-3.151475169715923e-8,-0.47997045516967776,-3.76109881017328e-8,-0.8772846460342407],8,0.43863439559936526],[[770.8690795898438,222.69969177246095,44.61760330200195,-0.8879566788673401,1.481919387202879e-8,0.4599270820617676,1.3567254875113122e-8,1,-6.027171650657692e-9,-0.4599270820617676,8.880806090516558e-10,-0.8879566788673401],8,0.4540085792541504],[[770.6327514648438,222.69969177246095,44.49415588378906,-0.9012201428413391,3.3580572988967108e-8,0.43336158990859988,4.7092747479382527e-8,1,2.0445650505962477e-8,-0.43336158990859988,3.883421939576692e-8,-0.9012201428413391],8,0.4702119827270508],[[770.3929443359375,222.69969177246095,44.37753677368164,-0.9158065319061279,5.3642004615994668e-8,0.40161964297294619,7.96453107909656e-8,1,4.8049678014194799e-8,-0.40161964297294619,7.599133056146457e-8,-0.9158065319061279],8,0.4884305000305176],[[770.1493530273438,222.69969177246095,44.26917266845703,-0.931833803653717,5.551827086947014e-8,0.3628852963447571,8.129106987553314e-8,1,5.575176231786827e-8,-0.3628852963447571,8.145071461740372e-8,-0.931833803653717],8,0.5042200088500977],[[769.9015502929688,222.69969177246095,44.170860290527347,-0.9473477005958557,3.79360862723388e-8,0.32020676136016848,5.3895956142469006e-8,1,4.098015438103175e-8,-0.32020676136016848,5.6080303068029028e-8,-0.9473477005958557],8,0.5213029384613037],[[769.6530151367188,222.6656494140625,44.074058532714847,-0.9699915051460266,2.111015717787268e-8,0.24313877522945405,2.7797119273031968e-8,1,2.4071903581557309e-8,-0.24313877522945405,3.0108097348602317e-8,-0.9699915051460266],8,0.5371811389923096],[[769.4044799804688,222.5771026611328,43.97728729248047,-0.983352780342102,1.7738801538769167e-9,0.181706503033638,2.8336855084631908e-9,1,5.572901695671817e-9,-0.181706503033638,5.995028029559535e-9,-0.983352780342102],8,0.5542902946472168],[[769.1559448242188,222.43406677246095,43.880516052246097,-0.9924042224884033,-1.9041777932216065e-8,0.12301954627037049,-2.096737006240801e-8,1,-1.435812979622142e-8,-0.12301954627037049,-1.6828465732032784e-8,-0.9924042224884033],8,0.5703082084655762],[[768.9074096679688,223.30718994140626,43.78374481201172,-0.9973604083061218,-4.101975648040934e-8,0.0726097971200943,-4.370919981511179e-8,1,-3.54507534439108e-8,-0.0726097971200943,-3.8530892254584617e-8,-0.9973604083061218],3,0.5890564918518066],[[768.6533203125,224.12921142578126,43.71116638183594,-0.9920350313186646,-8.484573754685698e-8,0.12596245110034944,-8.322184896769613e-8,1,1.81541839339161e-8,-0.12596245110034944,7.526757883624669e-9,-0.9920350313186646],5,0.6094231605529785],[[768.3914184570313,224.896728515625,43.677494049072269,-0.9902105927467346,-1.0253639715074314e-7,0.1395816206932068,-8.252523997498429e-8,1,1.491530809971664e-7,-0.1395816206932068,1.3617395211440454e-7,-0.9902105927467346],5,0.6218805313110352],[[768.125,225.60975646972657,43.671993255615237,-0.991066038608551,-9.851892457390932e-8,0.13337227702140809,-6.920248551978148e-8,1,2.2444464775617235e-7,-0.13337227702140809,2.1320975918115438e-7,-0.991066038608551],5,0.6375885009765625],[[767.8583374023438,226.26828002929688,43.67121887207031,-0.9919121861457825,-8.945922047587374e-8,0.12692581117153169,-5.865162933105239e-8,1,2.4645856910865407e-7,-0.12692581117153169,2.370208562751941e-7,-0.9919121861457825],5,0.6535778045654297],[[767.5916748046875,226.87229919433595,43.67247772216797,-0.9927682280540466,-8.330025735858726e-8,0.12004705518484116,-5.393410873466564e-8,1,2.4787107122392629e-7,-0.12004705518484116,2.396039064933575e-7,-0.9927682280540466],5,0.6708292961120606],[[767.3250122070313,227.42181396484376,43.675601959228519,-0.9931807518005371,-8.117959282571974e-8,0.11658469587564469,-5.287731141834229e-8,1,2.458544372530014e-7,-0.11658469587564469,2.3801322868166609e-7,-0.9931807518005371],5,0.6873917579650879],[[767.058349609375,227.91683959960938,43.67980194091797,-0.9939708113670349,-7.964018067241341e-8,0.10964486002922058,-5.3127710231137829e-8,1,2.4472453219459569e-7,-0.10964486002922058,2.374238476932078e-7,-0.9939708113670349],5,0.7035605907440186],[[766.7916870117188,228.35736083984376,43.68572235107422,-0.9950649738311768,-7.747959074322353e-8,0.09922574460506439,-5.3488523832356807e-8,1,2.4444295831926868e-7,-0.09922574460506439,2.3792918568688038e-7,-0.9950649738311768],5,0.7202842235565186],[[766.5250244140625,228.74337768554688,43.69430160522461,-0.9962036609649658,-7.474537966345452e-8,0.08705349266529083,-5.366844035847862e-8,1,2.444552364977426e-7,-0.08705349266529083,2.3885519340183239e-7,-0.9962036609649658],5,0.7367877960205078],[[766.2586059570313,229.07489013671876,43.70606994628906,-0.9975722432136536,-7.066840623792814e-8,0.06963914632797241,-5.3773625552366869e-8,1,2.4447933810733959e-7,-0.06963914632797241,2.401410483798827e-7,-0.9975722432136536],5,0.7545483112335205],[[765.992431640625,229.35191345214845,43.722286224365237,-0.9983493685722351,-6.769138849449519e-8,0.05743323266506195,-5.373671640995781e-8,1,2.445164568598557e-7,-0.05743323266506195,2.410265835806058e-7,-0.9983493685722351],5,0.770587682723999],[[765.7265014648438,229.57443237304688,43.74195861816406,-0.9990543723106384,-6.430572341287189e-8,0.04347807914018631,-5.3725266013771036e-8,1,2.4452006641695336e-7,-0.04347807914018631,2.419529607777804e-7,-0.9990543723106384],5,0.7866425514221191],[[765.4608154296875,229.74244689941407,43.765281677246097,-0.9995643496513367,-6.091752169368192e-8,0.029514431953430177,-5.3724139803534857e-8,1,2.4451716740259146e-7,-0.029514431953430177,2.4282499566652407e-7,-0.9995643496513367],5,0.8032724857330322],[[765.1954956054688,229.85597229003907,43.79231262207031,-0.9999048709869385,-5.711450867806889e-8,0.013794759288430214,-5.374669242996788e-8,1,2.4450801561215487e-7,-0.013794759288430214,2.4374332951992985e-7,-0.9999048709869385],5,0.8212301731109619],[[764.9305419921875,229.9149932861328,43.82344055175781,-1,-5.3693657520170748e-8,-0.00017596020188648254,-5.37366844355347e-8,1,2.4451279045933918e-7,0.00017596020188648254,2.445222548885795e-7,-1],5,0.8363456726074219],[[764.6660766601563,229.9195098876953,43.858333587646487,-0.999923050403595,-5.067050423690489e-8,-0.012403195723891259,-5.3707495339949676e-8,1,2.445224822622549e-7,0.012403195723891259,2.4516984353795126e-7,-0.999923050403595],5,0.8535480499267578],[[764.4680786132813,229.88714599609376,43.886871337890628,-0.9985179901123047,-4.06984028700208e-8,-0.05442235618829727,-5.407868641782443e-8,1,2.443874791424605e-7,0.05442235618829727,2.4696839773241665e-7,-0.9985179901123047],5,0.870520830154419],[[764.138671875,229.7650604248047,43.93772888183594,-0.9999455809593201,-5.555473592266935e-8,0.01043294183909893,-5.3004104216825e-8,1,2.4475508553223337e-7,-0.01043294183909893,2.4418878297183257e-7,-0.9999455809593201],5,0.8867993354797363],[[763.8751831054688,229.6060791015625,43.979095458984378,-0.9996522665023804,-4.7097962863063e-8,-0.026368804275989534,-5.356379162435587e-8,1,2.445012512453104e-7,0.026368804275989534,2.4582863034083859e-7,-0.9996522665023804],5,0.9033706188201904],[[763.6118774414063,229.39260864257813,44.02132034301758,-0.9996045827865601,-4.6688601429423218e-8,-0.028119584545493127,-5.3585875292583299e-8,1,2.4452998559354457e-7,0.028119584545493127,2.459401002852246e-7,-0.9996045827865601],5,0.92026686668396],[[763.361572265625,229.1246337890625,44.08478546142578,-0.9986150860786438,-3.715072693921684e-8,-0.05261053889989853,-4.8619508419278648e-8,1,2.1671412753221376e-7,0.05261053889989853,2.1897189128594619e-7,-0.9986150860786438],5,0.9404153823852539],[[763.1322631835938,228.80215454101563,44.1820068359375,-0.9980577230453491,-3.504928258735163e-8,-0.06229601800441742,-4.7577390915876097e-8,1,1.9962268993367616e-7,0.06229601800441742,2.021988478873027e-7,-0.9980577230453491],5,0.9589602947235107],[[762.9239501953125,228.4251708984375,44.312931060791019,-0.9978824257850647,-3.5332433867552029e-8,-0.06504341959953308,-4.7850232220980618e-8,1,1.9089512193204428e-7,0.06504341959953308,1.9360322767170147e-7,-0.9978824257850647],5,0.9697632789611816],[[762.7366943359375,227.99368286132813,44.47752380371094,-0.9977592825889587,-3.33827401277631e-8,-0.06690584123134613,-4.5512873469988338e-8,1,1.7977731658902486e-7,0.06690584123134613,1.8241955501707708e-7,-0.9977592825889587],5,0.9871454238891602],[[762.570556640625,227.50770568847657,44.675724029541019,-0.9976397156715393,-3.3885669381561459e-8,-0.06866558641195297,-4.6817710597224507e-8,1,1.8672439239253436e-7,0.06866558641195297,1.8949843649807009e-7,-0.9976397156715393],5,1.0051515102386475],[[762.4550170898438,227.10745239257813,44.838375091552737,-0.9953291416168213,-3.0080368418339279e-8,-0.0965394452214241,-4.905517059228259e-8,1,1.9417632302065614e-7,0.0965394452214241,1.9800512518486358e-7,-0.9953291416168213],5,1.0195963382720948],[[762.2638549804688,226.3722381591797,45.1114616394043,-0.9987973570823669,-3.722885466572734e-8,-0.04902871325612068,-4.6410757903458946e-8,1,1.8613759777963424e-7,0.04902871325612068,1.8818920466401324e-7,-0.9987973570823669],5,1.0375027656555176],[[762.112060546875,225.72276306152345,45.330684661865237,-0.9967625141143799,-3.0942114648269128e-8,-0.08040226250886917,-4.5468325993169859e-8,1,1.788383627854273e-7,0.08040226250886917,1.8191512651810627e-7,-0.9967625141143799],5,1.0558714866638184],[[761.96142578125,225.01878356933595,45.55070114135742,-0.9964630007743836,-3.188123187669589e-8,-0.08403290808200836,-4.7822897641935927e-8,1,1.8769451060052234e-7,0.08403290808200836,1.9104932391655894e-7,-0.9964630007743836],5,1.0717239379882813],[[761.8116455078125,224.2602996826172,45.77128601074219,-0.9964306354522705,-3.0816387663890057e-8,-0.08441557735204697,-4.655282026533314e-8,1,1.8444778504544957e-7,0.08441557735204697,1.8771920906601736e-7,-0.9964306354522705],5,1.0858910083770753],[[761.697021484375,223.4711151123047,45.83540725708008,-0.9998049736022949,0.003850165754556656,-0.019370287656784059,0.003854691516608,0.9999925494194031,-0.00019631122995633632,0.01936938799917698,-0.0002709394320845604,-0.9998123645782471],5,1.1035356521606446],[[761.5545043945313,222.63818359375,45.85177230834961,-0.9997813701629639,-0.0007638782262802124,0.020894553512334825,-0.0013738122070208192,0.9995728731155396,-0.02919229120016098,-0.020863328129053117,-0.029214615002274514,-0.9993554353713989],5,1.120328664779663],[[761.3905029296875,222.92324829101563,45.703773498535159,-0.9826546907424927,-0.0020704898051917555,0.18543311953544618,-0.004975445102900267,0.999872088432312,-0.015201813541352749,-0.18537791073322297,-0.015860745683312417,-0.9825392961502075],7,1.1370329856872559],[[761.1871337890625,223.408447265625,45.314605712890628,-0.671947717666626,0.01094089262187481,0.7405177354812622,0.0030500965658575298,0.9999232888221741,-0.012005853466689587,-0.7405923008918762,-0.005808654706925154,-0.6719295382499695],7,1.153972864151001],[[761.02978515625,223.7052764892578,45.276771545410159,-0.3378031253814697,0.007149538025259972,0.9411896467208862,-0.0037747116293758156,0.9999527931213379,-0.008950703777372837,-0.9412091970443726,-0.006576296873390675,-0.33776018023490908],7,1.1692302227020264],[[760.8037109375,224.13107299804688,45.282196044921878,-0.21553871035575868,-0.0004582387045957148,0.9764952063560486,-0.001283499994315207,0.9999991655349731,0.00018596547306515276,-0.9764944314956665,-0.0012132488191127778,-0.2155391275882721],8,1.187361717224121],[[760.6439819335938,225.0142059326172,45.28201675415039,-0.31797412037849429,-0.003011451568454504,0.9480946063995361,-0.0004547508433461189,0.9999953508377075,0.0030237894970923664,-0.9480992555618286,0.0005303400103002787,-0.3179740011692047],3,1.2041363716125489],[[760.5165405273438,225.65626525878907,45.26645278930664,-0.5025325417518616,-0.0022583266254514457,0.8645553588867188,-0.0004643505089916289,0.9999971389770508,0.002342208521440625,-0.8645581603050232,0.0007755791884846985,-0.5025321245193481],5,1.2193269729614258],[[760.2618408203125,226.6582489013672,45.22380065917969,-0.6877117156982422,-0.00036896075471304357,0.7259837985038757,0.00011402660311432555,0.9999998211860657,0.0006162369973026216,-0.7259839177131653,0.0005065748700872064,-0.6877115368843079],5,1.2373945713043213],[[760.0269165039063,227.3985137939453,45.20555877685547,-0.8705075979232788,0.00013410682731773704,0.49215495586395266,0.00019427180814091116,1,0.00007113260653568432,-0.49215492606163027,0.00015753330080769956,-0.8705075979232788],5,1.2533743381500245],[[759.7839965820313,228.08428955078126,45.225242614746097,-0.9357264041900635,0.00010468334221513942,0.35272669792175295,0.00009266154665965587,1,-0.00005096719542052597,-0.3527267277240753,-0.000015007148249424063,-0.9357264041900635],5,1.2699589729309083],[[759.54443359375,228.71556091308595,45.284385681152347,-0.9557886719703674,0.000027902809961233289,0.2940543591976166,0.000017915905118570664,1,-0.000036656456359196457,-0.2940543591976166,-0.000029767577871098184,-0.9557886719703674],5,1.286710500717163],[[759.3021850585938,229.29232788085938,45.333927154541019,-0.9570921659469605,-0.0000013693843357032165,0.2897835969924927,-0.000004853885457123397,1,-0.000011305786756565795,-0.2897835969924927,-0.000012227256775076967,-0.9570921659469605],5,1.3055875301361085],[[759.051513671875,229.81460571289063,45.344635009765628,-0.9624034762382507,-0.000004901149168290431,0.2716239094734192,-0.000005206522928347113,1,-4.0359702779824149e-7,-0.2716239094734192,-0.000001802639189918409,-0.9624034762382507],5,1.3274650573730469],[[758.791015625,230.28237915039063,45.31855010986328,-0.9703128933906555,-0.0000022882554731040729,0.24185305833816529,-0.000001964073135241051,1,0.000001581498281666427,-0.24185305833816529,0.0000010595310868666275,-0.9703128933906555],5,1.3365740776062012],[[758.5262451171875,230.69564819335938,45.28803253173828,-0.977421224117279,-4.6468377945529939e-7,0.2113000601530075,-2.5300920469817358e-7,1,0.0000010288081284670625,-0.2113000601530075,9.521180572846788e-7,-0.977421224117279],5,1.3536036014556885],[[758.260498046875,231.05442810058595,45.26552963256836,-0.979930579662323,3.7412263509395419e-8,0.19933903217315675,1.2952209260674864e-7,1,4.49035979954715e-7,-0.19933903217315675,4.6584290203099956e-7,-0.979930579662323],5,1.3710651397705079],[[757.994384765625,231.35870361328126,45.24701690673828,-0.981298565864563,8.361693915048818e-8,0.19249191880226136,1.3467659698562785e-7,1,2.52171645342969e-7,-0.19249191880226136,2.7337981123309876e-7,-0.981298565864563],5,1.3863296508789063],[[757.7282104492188,231.6084747314453,45.2305908203125,-0.98261958360672,-1.9558161312716039e-8,0.18563060462474824,2.1569258379372515e-8,1,2.1953565010335297e-7,-0.18563060462474824,2.197239581391841e-7,-0.98261958360672],5,1.4041156768798829],[[757.4617919921875,231.8037567138672,45.21603012084961,-0.9832619428634644,-8.300777665226633e-8,0.18219760060310365,-4.193309521838273e-8,1,2.2929260978798994e-7,-0.18219760060310365,2.1781457348879486e-7,-0.9832619428634644],5,1.4210078716278077],[[757.1953735351563,231.9445343017578,45.2025260925293,-0.9838921427726746,-9.987500959596218e-8,0.17876306176185609,-5.781704004448329e-8,1,2.404818815193721e-7,-0.17876306176185609,2.262727036850265e-7,-0.9838921427726746],5,1.43707275390625],[[756.928955078125,232.0308074951172,45.18996047973633,-0.9854153990745544,-9.803056144619404e-8,0.17016610503196717,-5.720338691617144e-8,1,2.448282145905978e-7,-0.17016610503196717,2.3152341555032764e-7,-0.9854153990745544],5,1.4536354541778565],[[756.6625366210938,232.0625762939453,45.17951965332031,-0.9874230623245239,-9.292626401702364e-8,0.15810026228427888,-5.483013509888224e-8,1,2.4532363340767918e-7,-0.15810026228427888,2.3356953704478657e-7,-0.9874230623245239],5,1.4704439640045167],[[756.3958740234375,232.0398406982422,45.17219543457031,-0.9895350933074951,-8.855544564312368e-8,0.14429250359535218,-5.3782066800067699e-8,1,2.4489287397955197e-7,-0.14429250359535218,2.3456975384306134e-7,-0.9895350933074951],5,1.4867653846740723],[[756.1292114257813,231.96261596679688,45.168521881103519,-0.9914546012878418,-8.504745352411192e-8,0.1304520219564438,-5.3598224525330809e-8,1,2.445899269787333e-7,-0.1304520219564438,2.3550781236281183e-7,-0.9914546012878418],5,1.5039360523223878],[[755.92919921875,231.86892700195313,45.16844177246094,-0.9960616827011108,-7.545659741481359e-8,0.088663250207901,-5.400212543804628e-8,1,2.443757693981752e-7,-0.088663250207901,2.3862531861595928e-7,-0.9960616827011108],5,1.5190341472625733],[[755.5958862304688,231.6446533203125,45.1717414855957,-0.9890053272247315,-8.865442424621506e-8,0.1478799730539322,-5.304852734866472e-8,1,2.4471972892570195e-7,-0.1478799730539322,2.341843128306209e-7,-0.9890053272247315],5,1.5380542278289796],[[755.3292236328125,231.4039306640625,45.176273345947269,-0.9941606521606445,-7.970083970576525e-8,0.10791026055812836,-5.3632469132480767e-8,1,2.444767517317814e-7,-0.10791026055812836,2.3726168763005263e-7,-0.9941606521606445],5,1.5536108016967774],[[755.1292114257813,231.1876220703125,45.18100357055664,-0.9977012872695923,-7.053092332398592e-8,0.06776517629623413,-5.409722092508673e-8,1,2.4434461920463948e-7,-0.06776517629623413,2.40117032035414e-7,-0.9977012872695923],5,1.5694677829742432],[[754.7958984375,230.75897216796876,45.191375732421878,-0.9921088218688965,-8.337059398400015e-8,0.12537986040115357,-5.310605644126554e-8,1,2.447251290504937e-7,-0.12537986040115357,2.36135520026437e-7,-0.9921088218688965],5,1.5867652893066407],[[754.5294799804688,230.35475158691407,45.20188903808594,-0.9965028166770935,-7.390854506184042e-8,0.08355914056301117,-5.3667953636704627e-8,1,2.4447689384032858e-7,-0.08355914056301117,2.391374493981857e-7,-0.9965028166770935],5,1.6039187908172608],[[754.3297119140625,230.0158233642578,45.21144485473633,-0.9991344213485718,-6.425059950743162e-8,0.04159868508577347,-5.413333425963174e-8,1,2.443376274641196e-7,-0.04159868508577347,2.418742610643676e-7,-0.9991344213485718],5,1.619218349456787],[[754.0128173828125,229.38279724121095,45.26137161254883,-0.9974736571311951,-6.076934511156651e-8,0.07103756070137024,-4.619310089992723e-8,1,2.068335049898451e-7,-0.07103756070137024,2.030295291888251e-7,-0.9974736571311951],5,1.6392714977264405],[[753.7787475585938,228.81507873535157,45.341522216796878,-0.9997816681861877,-5.12758191462126e-8,0.020895417779684068,-4.712561363362511e-8,1,1.991102749343554e-7,-0.020895417779684068,1.980820911740011e-7,-0.9997816681861877],5,1.6635046005249024],[[753.6148071289063,228.353515625,45.424964904785159,-0.9996833205223084,-3.7843921774083358e-8,-0.02516358159482479,-4.23936903359845e-8,1,1.802741991241419e-7,0.02516358159482479,1.81283880351657e-7,-0.9996833205223084],5,1.669252634048462],[[753.36474609375,227.51612854003907,45.607994079589847,-0.9999698400497437,-4.616298099335836e-8,0.007768707815557718,-4.4726714776288648e-8,1,1.850523432267437e-7,-0.007768707815557718,1.8469930296305393e-7,-0.9999698400497437],5,1.6865851879119874],[[753.1864624023438,226.78489685058595,45.793373107910159,-0.9993231296539307,-4.088047589334565e-8,-0.03678634762763977,-4.7955438731150937e-8,1,1.9144341933952092e-7,0.03678634762763977,1.9307793763800874e-7,-0.9993231296539307],5,1.7035555839538575],[[753.06982421875,226.0175323486328,45.83308792114258,-0.9999198913574219,0.002983087906613946,-0.012300082482397557,0.002985454862937331,0.9999955296516419,-0.0001740765874274075,0.012299507856369019,-0.00021078398276586086,-0.99992436170578],5,1.7200713157653809],[[752.9851684570313,225.19566345214845,45.776920318603519,-0.9991241097450256,0.0013944340171292425,-0.041821226477622989,0.0013967150589451194,0.9999990463256836,-0.000025323146473965609,0.04182115197181702,-0.00008371330477530137,-0.9991251230239868],5,1.7366693019866944],[[752.8869018554688,224.3192901611328,45.803489685058597,-0.9999793767929077,0.0003127001109533012,-0.006414711941033602,0.0003130381810478866,0.9999999403953552,-0.000051694474677788097,0.006414695642888546,-0.000053701456636190417,-0.9999794363975525],5,1.753467321395874],[[752.779296875,223.40992736816407,45.76539611816406,-0.9943954944610596,-0.0038238195702433588,0.10565485805273056,-0.005912172608077526,0.9997931718826294,-0.0194596778601408,-0.1055585965514183,-0.019975267350673677,-0.9942124485969544],5,1.7694625854492188],[[752.6318969726563,223.4434356689453,45.56586456298828,-0.9301967620849609,0.00012492762471083552,0.3670612573623657,-0.005860778968781233,0.9998674392700195,-0.015192528255283833,-0.36701449751853945,-0.01628330536186695,-0.9300726652145386],7,1.787626028060913],[[752.4136962890625,223.71560668945313,45.3172607421875,-0.669741153717041,0.00821689609438181,0.7425491809844971,0.003030208172276616,0.999960720539093,-0.008332265540957451,-0.742588460445404,-0.0033303818199783565,-0.6697397232055664],7,1.8038218021392823],[[752.242919921875,223.8765106201172,45.29084777832031,-0.2801240384578705,0.006593524478375912,0.9599411487579346,-0.0033755660988390447,0.9999634623527527,-0.007853461429476738,-0.9599578976631165,-0.005440288223326206,-0.2800915539264679],7,1.8192226886749268],[[751.9925537109375,224.07615661621095,45.294349670410159,-0.1074751541018486,0.00016510505520273,0.9942077398300171,-0.0012435995740815998,0.9999991655349731,-0.0003005015605594963,-0.994206964969635,-0.0012686927802860737,-0.10747486352920532],8,1.8368072509765626],[[751.8129272460938,224.9595184326172,45.29698181152344,-0.16317404806613923,-0.0029905771370977165,0.9865927696228027,0.000983724370598793,0.9999943971633911,0.0031939002219587566,-0.9865968227386475,0.0014916969230398536,-0.16317018866539002],3,1.854466199874878],[[751.62841796875,225.8087921142578,45.25392150878906,-0.3020458519458771,-0.0018778321100398899,0.9532915353775024,0.000351199007127434,0.9999977946281433,0.002081111539155245,-0.9532933235168457,0.0009633861482143402,-0.30204451084136965],5,1.8697574138641358],[[751.4236450195313,226.6035614013672,45.1986083984375,-0.5480650067329407,-0.0003392319777049124,0.8364356756210327,0.0004112559254281223,0.9999997019767761,0.0006750391912646592,-0.8364356160163879,0.0007139545050449669,-0.5480647087097168],5,1.8870584964752198],[[751.2157592773438,227.34384155273438,45.10868453979492,-0.7605035901069641,0.00017405337712261826,0.6493337154388428,0.00027220393531024456,0.9999999403953552,0.00005075774242868647,-0.649333655834198,0.000215352643863298,-0.7605036497116089],5,1.9064059257507325],[[751.0010986328125,228.0296173095703,44.98241424560547,-0.8804025053977966,0.00012487117783166468,0.4742271602153778,0.00010009616380557418,1,-0.00007748661300865933,-0.4742271602153778,-0.000020751085685333238,-0.8804025053977966],5,1.9292645454406739],[[750.7666625976563,228.660888671875,44.86396026611328,-0.9437705278396606,0.000026714727937360295,0.3306012451648712,0.00001045542649080744,1,-0.00005095929009257816,-0.3306012451648712,-0.000044637301471084359,-0.9437705278396606],5,1.9375128746032715],[[750.515869140625,229.23765563964845,44.78147506713867,-0.957302451133728,-0.0000059966487242490988,0.28908824920654299,-0.000010718724297476001,1,-0.00001475124645367032,-0.28908824920654299,-0.000017220061636180618,-0.957302451133728],5,1.9532396793365479],[[750.2545166015625,229.7599334716797,44.732234954833987,-0.9659164547920227,-0.000007141377864172682,0.2588540017604828,-0.000007407411430904176,1,-5.2396551097899649e-8,-0.2588540017604828,-0.0000019680489913298517,-0.9659164547920227],5,1.9716260433197022],[[749.990234375,230.2277069091797,44.69663619995117,-0.9743688702583313,-0.0000027448083983472317,0.22495627403259278,-0.000002298877006978728,1,0.0000022442329736804824,-0.22495627403259278,0.0000016695639715180733,-0.9743688702583313],5,1.9859802722930909],[[749.7249145507813,230.64097595214845,44.6702766418457,-0.9802736639976502,-3.595275472889625e-7,0.19764505326747895,-1.0508826164823404e-7,1,0.0000012978432550880826,-0.19764505326747895,0.0000012514714171629749,-0.9802736639976502],5,2.003190517425537],[[749.5253295898438,230.91517639160157,44.65603256225586,-0.9892995357513428,1.6446561801330973e-7,0.14589884877204896,2.5986037144321019e-7,1,6.347830208142113e-7,-0.14589884877204896,6.65903883145802e-7,-0.9892995357513428],5,2.0194168090820314],[[749.1923217773438,231.3040313720703,44.639671325683597,-0.9791984558105469,5.280989157085969e-8,0.20290496945381165,9.973912540317542e-8,1,2.2106164010438079e-7,-0.20290496945381165,2.3670077098358889e-7,-0.9791984558105469],5,2.038355827331543],[[748.9259033203125,231.55380249023438,44.629215240478519,-0.9860029220581055,-6.812653197130203e-8,0.16672812402248383,-3.456232278153948e-8,1,2.042125970547204e-7,-0.16672812402248383,1.9559169572858082e-7,-0.9860029220581055],5,2.0534205436706545],[[748.7258911132813,231.7053680419922,44.62220001220703,-0.9916965961456299,-9.164023850871672e-8,0.12859968841075898,-6.351413617267099e-8,1,2.2281145106717305e-7,-0.12859968841075898,2.1279346640312725e-7,-0.9916965961456299],5,2.0695509910583498],[[748.392578125,231.88986206054688,44.612266540527347,-0.9822670817375183,-1.0610163059254774e-7,0.1874869167804718,-6.163565302585994e-8,1,2.429980554552458e-7,-0.1874869167804718,2.2713312830546784e-7,-0.9822670817375183],5,2.0872411727905275],[[748.1259155273438,231.97613525390626,44.60608673095703,-0.990032434463501,-9.058243932713595e-8,0.1408395767211914,-5.6504589451833456e-8,1,2.459611323502031e-7,-0.1408395767211914,2.3555141126507807e-7,-0.990032434463501],5,2.1048357486724855],[[747.8592529296875,232.00790405273438,44.60335159301758,-0.9925554394721985,-8.355891623068601e-8,0.12179369479417801,-5.406730707591123e-8,1,2.4544880261601067e-7,-0.12179369479417801,2.370364740045261e-7,-0.9925554394721985],5,2.1198837757110597],[[747.5925903320313,231.9851837158203,44.605525970458987,-0.9948896169662476,-7.801956769526442e-8,0.1009686216711998,-5.3581320713647077e-8,1,2.4474994120282647e-7,-0.1009686216711998,2.380891430675547e-7,-0.9948896169662476],5,2.1370439529418947],[[747.325927734375,231.907958984375,44.613224029541019,-0.9970611333847046,-7.22993647173098e-8,0.07660998404026032,-5.372924505309129e-8,1,2.444592723804817e-7,-0.07660998404026032,2.396246543412417e-7,-0.9970611333847046],5,2.154284954071045],[[747.0595092773438,231.77622985839845,44.627296447753909,-0.9982473850250244,-6.816370046180964e-8,0.059179406613111499,-5.37916520215731e-8,1,2.444486995045736e-7,-0.059179406613111499,2.408368970918673e-7,-0.9982473850250244],5,2.1706058979034426],[[746.8599853515625,231.64166259765626,44.641387939453128,-0.9999644160270691,-5.630379362742133e-8,0.008434615097939968,-5.4245035130406907e-8,1,2.443130426854623e-7,-0.008434615097939968,2.4384684138567538e-7,-0.9999644160270691],5,2.1864798069000246],[[746.5278930664063,231.34927368164063,44.671085357666019,-0.9982396960258484,-6.764438609252466e-8,0.0593087412416935,-5.32252322216209e-8,1,2.446998905725195e-7,-0.0593087412416935,2.4111244556479507e-7,-0.9982396960258484],5,2.2035281658172609],[[746.2626342773438,231.05404663085938,44.698978424072269,-0.9999273419380188,-5.671144975849529e-8,0.012053607031702996,-5.376881162533209e-8,1,2.444535880385956e-7,-0.012053607031702996,2.437877242300601e-7,-0.9999273419380188],5,2.2206056118011476],[[745.9978637695313,230.70431518554688,44.73063659667969,-0.9999987483024597,-5.4151229278431859e-8,0.0015727143036201597,-5.3766786578535178e-8,1,2.4448857516290447e-7,-0.0015727143036201597,2.444037363602547e-7,-0.9999987483024597],5,2.2374179363250734],[[745.7333984375,230.3000946044922,44.76520538330078,-0.9999603033065796,-5.151862580987654e-8,-0.008911690674722195,-5.369990319081808e-8,1,2.445264613015752e-7,0.008911690674722195,2.4499530582033915e-7,-0.9999603033065796],5,2.253618001937866],[[745.4815063476563,229.84136962890626,44.82155990600586,-0.9992711544036865,-4.049358537372427e-8,-0.03817342594265938,-4.882578252818348e-8,1,2.1733987409788825e-7,0.03817342594265938,2.1904530456140493e-7,-0.9992711544036865],5,2.2714099884033205],[[745.2498168945313,229.32814025878907,44.912109375,-0.9985997080802918,-3.7308307554440037e-8,-0.052901457995176318,-4.803520781138104e-8,1,2.0149987278728077e-7,0.052901457995176318,2.03758844463664e-7,-0.9985997080802918],5,2.2942466735839845],[[745.0384521484375,228.7604217529297,45.036739349365237,-0.9981460571289063,-3.658666258843368e-8,-0.06086447462439537,-4.84461999405994e-8,1,1.9337586820711295e-7,0.06086447462439537,1.9596600964177925e-7,-0.9981460571289063],5,2.304030179977417],[[744.8478393554688,228.13819885253907,45.19529724121094,-0.9978992938995361,-3.411677695908111e-8,-0.06478439271450043,-4.599702663199423e-8,1,1.8188984540756793e-7,0.06478439271450043,1.84487632282071e-7,-0.9978992938995361],5,2.3204855918884279],[[744.6781005859375,227.4614715576172,45.38764953613281,-0.9976572394371033,-3.453823183008353e-8,-0.06841052323579788,-4.749836080009118e-8,1,1.878198361282557e-7,0.06841052323579788,1.9062920841861342e-7,-0.9976572394371033],5,2.336005926132202],[[744.5236206054688,226.73023986816407,45.60397720336914,-0.997410774230957,-3.305223117422429e-8,-0.07191506773233414,-4.644018858357413e-8,1,1.8449139815857053e-7,0.07191506773233414,1.873534500873575e-7,-0.997410774230957],5,2.35294508934021],[[744.3710327148438,225.94451904296876,45.82267379760742,-0.9973874092102051,-3.2002336780578847e-8,-0.0722377821803093,-4.4981167235391698e-8,1,1.7804138963128936e-7,0.0722377821803093,1.8082558028709173e-7,-0.9973874092102051],5,2.3699612617492677],[[744.2761840820313,225.12794494628907,45.821014404296878,-0.9996634125709534,0.003830914618447423,-0.025658972561359407,0.003837062045931816,0.9999926090240479,-0.00019034495926462114,0.025658054277300836,-0.00028873595874756575,-0.9996707439422607],5,2.386462688446045],[[744.1859741210938,224.25686645507813,45.81975555419922,-0.9999438524246216,0.0018002906581386924,-0.01044269185513258,0.001801296602934599,0.9999983906745911,-0.00008692784467712045,0.010442517697811127,-0.00010573335021035746,-0.9999454617500305],5,2.4034788608551027],[[744.0777587890625,223.3499298095703,45.756195068359378,-0.9934925436973572,-0.0028356502298265697,0.11386200040578842,-0.004946485627442598,0.9998210072517395,-0.018260305747389795,-0.11378984153270722,-0.018704695627093316,-0.9933287501335144],5,2.4215645790100099],[[743.93017578125,223.4011688232422,45.566162109375,-0.9313703775405884,0.0006114877760410309,0.36407265067100527,-0.005599372088909149,0.9998562335968018,-0.016003644093871118,-0.3640300929546356,-0.016943898051977159,-0.9312330484390259],7,2.437544107437134],[[743.7115478515625,223.69093322753907,45.329837799072269,-0.7018380165100098,0.008692934177815915,0.7122835516929627,0.0031410132069140674,0.99995356798172,-0.009108795784413815,-0.7123296856880188,-0.004155606497079134,-0.7018327116966248],7,2.454038143157959],[[743.510009765625,223.9142303466797,45.27223205566406,-0.3646233081817627,0.005867406725883484,0.9311366081237793,-0.0024933337699621917,0.9999704360961914,-0.007277514785528183,-0.9311517477035523,-0.0049751861952245239,-0.364597886800766],8,2.471221446990967],[[743.322265625,224.7975616455078,45.25800323486328,-0.16169463098049165,-0.0009070213418453932,0.9868404269218445,-0.001087270095013082,0.9999991059303284,0.0007409656536765397,-0.9868402481079102,-0.0009531519026495516,-0.1616954803466797],3,2.487291097640991],[[743.131103515625,225.64683532714845,45.219017028808597,-0.09826451539993286,-0.0022629613522440197,0.995157778263092,-0.0000895314005902037,0.9999974370002747,0.0022651259787380697,-0.9951603412628174,0.00013348364154808223,-0.09826446324586868],5,2.5033843517303469],[[742.9317626953125,226.4416046142578,45.14091873168945,-0.2647687792778015,-0.0008992520743049681,0.9643115401268005,0.0002661184698808938,0.999999463558197,0.0010055997408926488,-0.9643118977546692,0.000522872491274029,-0.2647683918476105],5,2.5211451053619386],[[742.7049560546875,227.18186950683595,45.04239273071289,-0.6890363693237305,0.0000654035757179372,0.7247267365455627,0.00034170266008004546,0.9999999403953552,0.00023462910030502826,-0.724726676940918,0.00040930905379354954,-0.6890363693237305],5,2.5380799770355226],[[742.4595947265625,227.86764526367188,44.96494674682617,-0.8754310011863709,0.00017672825197223574,0.48334306478500368,0.00018427633040118963,1,-0.00003187598122167401,-0.4833430349826813,0.00006116346776252612,-0.8754310607910156],5,2.5536134243011476],[[742.2738647460938,228.34620666503907,44.93278121948242,-0.9551355838775635,0.00009035143011715263,0.29616886377334597,0.00007497102342313156,1,-0.000063288003730122,-0.29616886377334597,-0.0000382445432478562,-0.9551355838775635],5,2.5703253746032717],[[741.9851684570313,229.07568359375,44.922752380371097,-0.9813506603240967,0.000006540312824654393,0.19222617149353028,0.0000017936981748789549,1,-0.000024866885723895395,-0.19222617149353028,-0.00002405833947705105,-0.9813506603240967],5,2.5879123210906984],[[741.7899169921875,229.5979461669922,44.93036651611328,-0.9917815923690796,-0.000004674960109696258,0.12794263660907746,-0.0000053683143050875518,1,-0.000005074422006146051,-0.12794263660907746,-0.000005719554337701993,-0.9917815923690796],5,2.612380266189575],[[741.6694946289063,229.95388793945313,44.935062408447269,-0.9950632452964783,-0.0000035361335903871806,0.09924263507127762,-0.000003566098712326493,1,-1.2454447073650955e-7,-0.09924263507127762,-4.778386824000336e-7,-0.9950632452964783],5,2.6248512268066408],[[741.5184326171875,230.47898864746095,44.940948486328128,-0.9972224235534668,-7.85061388342001e-7,0.07448126375675202,-7.251735496538458e-7,1,8.311091050927644e-7,-0