[[[776,222.69961547851563,47,1,2.4015847088776356e-9,7.943660797203632e-16,-2.4015847088776356e-9,1,4.3784559977666507e-8,-6.892137155823199e-16,-4.3784559977666507e-8,1],8,0.007158994674682617],[[776,222.69961547851563,47,1,3.2591942478177317e-9,8.488949903701613e-16,-3.2591942478177317e-9,1,5.942008129977694e-8,-6.552334007164375e-16,-5.942008129977694e-8,1],8,0.01801276206970215],[[776,222.69961547851563,47,1,4.544921772264843e-9,9.557571434517967e-16,-4.544921772264843e-9,1,8.286085062536586e-8,-5.79161159965292e-16,-8.286085062536586e-8,1],8,0.0272216796875],[[776,222.69961547851563,47,1,5.401615155165018e-9,1.0436861513986079e-15,-5.401615155165018e-9,1,9.847968129861329e-8,-5.117368079682577e-16,-9.847968129861329e-8,1],8,0.044538021087646487],[[776,222.69961547851563,47,1,5.5602087378758828e-9,1.088239555028592e-15,-5.5602087378758828e-9,1,1.013710857478145e-7,-5.245951386844924e-16,-1.013710857478145e-7,1],8,0.06552004814147949],[[776,222.69961547851563,47,1,3.3101312801875339e-9,9.396738936075689e-16,-3.3101312801875339e-9,1,6.034873223370596e-8,-7.399116550303644e-16,-6.034873223370596e-8,1],8,0.07501506805419922],[[776,222.69961547851563,47,1,2.185813530175551e-9,9.008327742947493e-16,-2.185813530175551e-9,1,3.985069696454957e-8,-8.137266059166364e-16,-3.985069696454957e-8,1],8,0.08363628387451172],[[776,222.69961547851563,47,1,1.0619761736663236e-9,8.851453535346852e-16,-1.0619761736663236e-9,1,1.9361419134611425e-8,-8.645839993170015e-16,-1.9361419134611425e-8,1],8,0.09456110000610352],[[776,222.69961547851563,47,1,-6.228793592022441e-10,9.048139350259629e-16,6.228793592022441e-10,1,-1.1356086737634996e-8,-8.977404687625607e-16,1.1356086737634996e-8,1],8,0.10410881042480469],[[776,222.69961547851563,47,1,-2.3066550891570616e-9,9.761772019859666e-16,2.3066550891570616e-9,1,-4.20539123524577e-8,-8.791732948005095e-16,4.20539123524577e-8,1],8,0.11612272262573242],[[776,222.69961547851563,47,1,-3.989351959887699e-9,1.0991201167525472e-15,3.989351959887699e-9,1,-7.273206392710563e-8,-8.089662807530672e-16,7.273206392710563e-8,1],8,0.12852001190185548],[[776,222.69961547851563,47,1,-5.670969915883006e-9,1.2735405059764423e-15,5.670969915883006e-9,1,-1.0339056899510979e-7,-6.872157766179838e-16,1.0339056899510979e-7,1],8,0.1424572467803955],[[776,222.69961547851563,47,1,-5.370260680592764e-9,1.266586788995958e-15,5.370260680592764e-9,1,-9.790816335453201e-8,-7.40794422180081e-16,9.790816335453201e-8,1],8,0.15200328826904298],[[776,222.69961547851563,47,1,-4.509619788706232e-9,1.2008453855859997e-15,4.509619788706232e-9,1,-8.221733338587e-8,-8.300764593810125e-16,8.221733338587e-8,1],8,0.16870713233947755],[[776,222.69961547851563,47,1,-2.789440678441224e-9,1.1077065956179825e-15,2.789440678441224e-9,1,-5.0855785360681696e-8,-9.658473175568452e-16,5.0855785360681696e-8,1],8,0.17835402488708497],[[776,222.69961547851563,47,1,-1.929902460062749e-9,1.0811053141512244e-15,1.929902460062749e-9,1,-3.5185056646014348e-8,-1.013201541506044e-15,3.5185056646014348e-8,1],8,0.18808627128601075],[[776,222.69961547851563,47,1,-6.412838038372115e-10,1.0663895990003386e-15,6.412838038372115e-10,1,-1.1691515311440526e-8,-1.0588919809885987e-15,1.1691515311440526e-8,1],8,0.20004796981811524],[[776,222.69961547851563,47,1,6.465090129914586e-10,1.0818999369348673e-15,-6.465090129914586e-10,1,1.1786973175276217e-8,-1.074279605024894e-15,-1.1786973175276217e-8,1],8,0.21116018295288087],[[776,222.69961547851563,47,1,1.504579016931018e-9,1.1090117675105829e-15,-1.504579016931018e-9,1,2.7430941074158e-8,-1.0677397695182619e-15,-2.7430941074158e-8,1],8,0.22162175178527833],[[776,222.69961547851563,47,1,2.7909965449879339e-9,1.1747965813590882e-15,-2.7909965449879339e-9,1,5.0884363389513967e-8,-1.0327784846203407e-15,-5.0884363389513967e-8,1],8,0.23291254043579102],[[776,222.69961547851563,47,1,3.6481502263541189e-9,1.235373095494045e-15,-3.6481502263541189e-9,1,6.651163175774855e-8,-9.927286492917892e-16,-6.651163175774855e-8,1],8,0.2428901195526123],[[776,222.69961547851563,47,1,4.933194297507271e-9,1.3512752606448112e-15,-4.933194297507271e-9,1,8.994001632345317e-8,-9.075837327634845e-16,-8.994001632345317e-8,1],8,0.2532656192779541],[[776,222.69961547851563,47,1,5.78943204487814e-9,1.4452099439458922e-15,-5.78943204487814e-9,1,1.0555059759553842e-7,-8.341319472533477e-16,-1.0555059759553842e-7,1],8,0.26595640182495119],[[776,222.69961547851563,47,1,6.087226278594926e-9,1.4937406966588274e-15,-6.087226278594926e-9,1,1.109798617449087e-7,-8.18181205125806e-16,-1.109798617449087e-7,1],8,0.27661681175231936],[[776,222.69961547851563,47,1,4.413708509787284e-9,1.3566610137608093e-15,-4.413708509787284e-9,1,8.046894350854927e-8,-1.0014944873838056e-15,-8.046894350854927e-8,1],8,0.2884500026702881],[[776,222.69961547851563,47,1,2.741262994376825e-9,1.273039380109023e-15,-2.741262994376825e-9,1,4.997757585556428e-8,-1.1360377301212707e-15,-4.997757585556428e-8,1],8,0.2997770309448242],[[776,222.69961547851563,47,1,1.0698895103189444e-9,1.2408718216293832e-15,-1.0698895103189444e-9,1,1.9505744575099017e-8,-1.2200028356331686e-15,-1.9505744575099017e-8,1],8,0.3136284351348877],[[776,222.69961547851563,47,1,-6.00412775053627e-10,1.2596824116846515e-15,6.00412775053627e-10,1,-1.0946563655522823e-8,-1.2531098595304318e-15,1.0946563655522823e-8,1],8,0.33631396293640139],[[776,222.69961547851563,47,1,-3.3818712275035524e-9,1.4038782301307898e-15,3.3818712275035524e-9,1,-6.165706167848839e-8,-1.1953620119228306e-15,6.165706167848839e-8,1],8,0.3457167148590088],[[776,222.69961547851563,47,1,-4.493622807189013e-9,1.5009581585232629e-15,4.493622807189013e-9,1,-8.192609612933666e-8,-1.132813181570192e-15,8.192609612933666e-8,1],8,0.3543674945831299],[[776,222.69961547851563,47,1,-5.604899211419934e-9,1.6205091298525637e-15,5.604899211419934e-9,1,-1.0218647616966337e-7,-1.0477641915231638e-15,1.0218647616966337e-7,1],8,0.36465930938720705],[[776,222.69961547851563,47,1,-5.310939688030203e-9,1.614128430660897e-15,5.310939688030203e-9,1,-9.682712232006452e-8,-1.0998855168995099e-15,9.682712232006452e-8,1],8,0.37616825103759768],[[776,222.69961547851563,47,1,-3.6131893033086728e-9,1.4980480709538523e-15,3.6131893033086728e-9,1,-6.587435308347267e-8,-1.260031601017157e-15,6.587435308347267e-8,1],8,0.3932838439941406],[[776,222.69961547851563,47,1,-2.3408284199888387e-9,1.444265608088822e-15,2.3408284199888387e-9,1,-4.2677132938706566e-8,-1.344365801135821e-15,4.2677132938706566e-8,1],8,0.40282773971557619],[[776,222.69961547851563,47,1,-1.4930409131252987e-9,1.4247092055234964e-15,1.4930409131252987e-9,1,-2.7220577791808865e-8,-1.3840678235604062e-15,2.7220577791808865e-8,1],8,0.4121589660644531],[[776,222.69961547851563,47,1,-6.456156720346939e-10,1.418230991663777e-15,6.456156720346939e-10,1,-1.1770626251461636e-8,-1.4106316238192483e-15,1.1770626251461636e-8,1],8,0.42049670219421389],[[776,222.69961547851563,47,1,2.0144744206085364e-10,1.4248282136525856e-15,-2.0144744206085364e-10,1,3.6727256791380116e-9,-1.424088330373159e-15,-3.6727256791380116e-9,1],8,0.4288597106933594],[[776,222.69961547851563,47,1,1.471363475502585e-9,1.459213516146374e-15,-1.471363475502585e-9,1,2.6825384580320134e-8,-1.4197436866284549e-15,-2.6825384580320134e-8,1],8,0.4431033134460449],[[776,222.69961547851563,47,1,2.7404656322005396e-9,1.5229396164165776e-15,-2.7404656322005396e-9,1,4.9963205128733537e-8,-1.3860171640093936e-15,-4.9963205128733537e-8,1],8,0.4541935920715332],[[776,222.69961547851563,47,1,3.58608187589482e-9,1.5816968096599507e-15,-3.58608187589482e-9,1,6.538018482160624e-8,-1.3472380898599604e-15,-6.538018482160624e-8,1],8,0.4639148712158203],[[776,222.69961547851563,47,1,4.853828450279707e-9,1.6942005727472142e-15,-4.853828450279707e-9,1,8.849330868088146e-8,-1.2646692122824928e-15,-8.849330868088146e-8,1],8,0.47572827339172366],[[776,222.69961547851563,47,1,5.698541638565757e-9,1.785424115342371e-15,-5.698541638565757e-9,1,1.038938250985666e-7,-1.1933809077383212e-15,-1.038938250985666e-7,1],8,0.4851410388946533],[[776,222.69961547851563,47,1,5.993903151590985e-9,1.832747422588995e-15,-5.993903151590985e-9,1,1.092787584866528e-7,-1.1777411855210993e-15,-1.092787584866528e-7,1],8,0.4960644245147705],[[776,222.69961547851563,47,1,4.896273608778756e-9,1.7382698970478425e-15,-4.896273608778756e-9,1,8.926716787982514e-8,-1.3011933788472166e-15,-8.926716787982514e-8,1],8,0.5060162544250488],[[776,222.69961547851563,47,1,3.2507088132405217e-9,1.640310113181409e-15,-3.2507088132405217e-9,1,5.9265815366416066e-8,-1.4476541633943129e-15,-5.9265815366416066e-8,1],8,0.5168485641479492],[[776,222.69961547851563,47,1,2.1542516659422974e-9,1.6029230318016699e-15,-2.1542516659422974e-9,1,3.92755907796527e-8,-1.5183135459751483e-15,-3.92755907796527e-8,1],8,0.5264029502868652],[[776,222.69961547851563,47,1,5.104445199854979e-10,1.588092543686431e-15,-5.104445199854979e-10,1,9.306266868236435e-9,-1.5833421711599922e-15,-9.306266868236435e-9,1],8,0.5374314785003662],[[775.9052124023438,222.69961547851563,46.96504211425781,0.997098445892334,-4.191323121904844e-10,0.07612298429012299,1.988651021633814e-9,1,-2.0542394452149894e-8,-0.07612298429012299,2.0634171704614347e-8,0.997098445892334],8,0.5535471439361572],[[775.6650390625,222.69961547851563,46.873077392578128,0.9758556485176086,1.616339062593397e-9,0.21841634809970857,1.1583428438655119e-8,1,-5.91535105343155e-8,-0.21841634809970857,6.02552958639535e-8,0.9758556485176086],8,0.5776968002319336],[[775.4168090820313,222.69961547851563,46.776275634765628,0.9373122453689575,7.594420203815844e-9,0.34849074482917788,2.7399197577437918e-8,1,-9.548609369858241e-8,-0.34849074482917788,9.904865549970055e-8,0.9373122453689575],8,0.5846130847930908],[[775.2305908203125,222.69961547851563,46.70322036743164,0.9023188948631287,1.1727032678265914e-8,0.43106913566589358,3.648745305895318e-8,1,-1.035804899629511e-7,-0.43106913566589358,1.0919124804331659e-7,0.9023188948631287],8,0.5954091548919678],[[775.0443725585938,222.69961547851563,46.630096435546878,0.8652218580245972,1.036715069346883e-8,0.50138920545578,3.268813131285242e-8,1,-7.708509031090216e-8,-0.50138920545578,8.308518317790004e-8,0.8652218580245972],8,0.6068766117095947],[[774.8579711914063,222.69961547851563,46.557498931884769,0.8273759484291077,7.855978978454914e-9,0.5616484880447388,2.5821577764872928e-8,1,-5.202565844797391e-8,-0.5616484880447388,5.75474281561128e-8,0.8273759484291077],8,0.6190786361694336],[[774.7335205078125,222.69961547851563,46.50965881347656,0.8023449182510376,5.63497337680019e-9,0.5968606472015381,1.9851595922659727e-8,1,-3.612702670352519e-8,-0.5968606472015381,4.083497273654757e-8,0.8023449182510376],8,0.6289572715759277],[[774.6087646484375,222.69961547851563,46.462615966796878,0.7777304649353027,3.0343922929887414e-9,0.6285979151725769,1.2955682748838626e-8,1,-2.0856610660757725e-8,-0.6285979151725769,2.436473600653244e-8,0.7777304649353027],8,0.6382298469543457],[[774.4213256835938,222.69961547851563,46.39291763305664,0.7414830327033997,-1.491088252869588e-9,0.6709716320037842,1.1709972991269524e-9,1,9.282264956667063e-10,-0.6709716320037842,9.744176993065068e-11,0.7414830327033997],8,0.6495013236999512],[[774.2962036132813,222.69961547851563,46.34687805175781,0.7181093096733093,-4.8771511274026128e-9,0.6959303021430969,-7.492550579968338e-9,1,1.4739438114474979e-8,-0.6959303021430969,-1.57988218063565e-8,0.7181093096733093],8,0.6606602668762207],[[774.1085205078125,222.69961547851563,46.27798080444336,0.6846078634262085,-1.0430524000071273e-8,0.7289115786552429,-2.146702726690819e-8,1,3.4471970167260227e-8,-0.7289115786552429,-3.924734670590624e-8,0.6846078634262085],8,0.6711521148681641],[[773.9832763671875,222.69961547851563,46.23222351074219,0.6634331941604614,-1.441159014348159e-8,0.7482355237007141,-3.131506431941489e-8,1,4.7026695426666268e-8,-0.7482355237007141,-5.463011376605209e-8,0.6634331941604614],8,0.6806583404541016],[[773.8580322265625,222.69961547851563,46.1865119934082,0.6433780193328857,-1.8586799654940479e-8,0.7655486464500427,-4.1497902003584389e-8,1,5.915448397786349e-8,-0.7655486464500427,-6.982735811789098e-8,0.6433780193328857],8,0.6907706260681152],[[773.6075439453125,222.69961547851563,46.09511184692383,0.6056823134422302,-2.7439631011816347e-8,0.795706570148468,-6.27192804358856e-8,1,8.22257817389982e-8,-0.795706570148468,-9.970884917720469e-8,0.6056823134422302],8,0.7029130458831787],[[773.4822998046875,222.69961547851563,46.04941177368164,0.5882915258407593,-3.208733190263047e-8,0.8086488842964172,-7.364027965195419e-8,1,9.325343341970438e-8,-0.8086488842964172,-1.1440933178619162e-7,0.5882915258407593],8,0.7125537395477295],[[773.3570556640625,222.69961547851563,46.00371170043945,0.5721494555473328,-2.6961142651771298e-8,0.8201493620872498,-6.266468943749715e-8,1,7.658936596044441e-8,-0.8201493620872498,-9.521497190689843e-8,0.5721494555473328],8,0.7220172882080078],[[773.169189453125,223.35189819335938,45.93516159057617,0.5479320287704468,-1.900248669528537e-8,0.8365228176116943,-4.5417355210020108e-8,1,5.246493728350288e-8,-0.8365228176116943,-6.673987940075676e-8,0.5479320287704468],3,0.7369785308837891],[[772.918701171875,224.17391967773438,45.8437614440918,0.5198389887809753,-7.948727898110519e-9,0.8542642593383789,-2.091514517132964e-8,1,2.2032104141089804e-8,-0.8542642593383789,-2.9320208483341049e-8,0.5198389887809753],5,0.7608699798583984],[[772.6055908203125,225.1248016357422,45.72951126098633,0.4900256395339966,6.422733900279809e-9,0.8717080354690552,1.1425564494516039e-8,1,-1.3790800501567447e-8,-0.8717080354690552,1.6717601525328975e-8,0.4900256395339966],5,0.7790651321411133],[[772.3555297851563,225.82420349121095,45.636993408203128,0.47013166546821597,1.8271085977517033e-8,0.8825963139533997,3.82294764733615e-8,1,-4.106517437207913e-8,-0.8825963139533997,5.304723060817196e-8,0.47013166546821597],5,0.7871298789978027],[[772.2306518554688,226.15347290039063,45.59031677246094,0.4615699052810669,2.428853029812217e-8,0.8871038556098938,5.183636275774006e-8,1,-5.435060757008614e-8,-0.8871038556098938,7.107083632718059e-8,0.4615699052810669],5,0.7969849109649658],[[772.0433349609375,226.62181091308595,45.520145416259769,0.4501158893108368,3.340984378041867e-8,0.8929701447486877,7.24324280554356e-8,1,-7.392501544245533e-8,-0.8929701447486877,9.795482469598937e-8,0.4501158893108368],5,0.8060770034790039],[[771.7935791015625,227.19857788085938,45.42656326293945,0.43655338883399966,4.572376610667561e-8,0.8996783494949341,1.0018885632234742e-7,1,-9.943726553274246e-8,-0.8996783494949341,1.335474166808126e-7,0.43655338883399966],5,0.8242993354797363],[[771.668701171875,227.46652221679688,45.3797721862793,0.430484414100647,5.193775720613303e-8,0.9025980234146118,1.1415517775503759e-7,1,-1.1198759608532782e-7,-0.9025980234146118,1.5124514618491958e-7,0.430484414100647],5,0.8317675590515137],[[771.5438232421875,227.72084045410157,45.33298110961914,0.42492860555648806,4.654008733950832e-8,0.9052268862724304,1.0271381967186244e-7,1,-9.962820257669591e-8,-0.9052268862724304,1.353141811932801e-7,0.42492860555648806],5,0.8410520553588867],[[771.4189453125,227.9615478515625,45.286190032958987,0.4197880029678345,4.111608120638266e-8,0.9076221585273743,9.113882981637289e-8,1,-8.745386992359272e-8,-0.9076221585273743,1.1943170363792888e-7,0.4197880029678345],5,0.8528399467468262],[[771.2316284179688,228.2970428466797,45.21600341796875,0.41269227862358096,3.293594730280347e-8,0.9108704924583435,7.357066778013177e-8,1,-6.949176167836413e-8,-0.9108704924583435,9.569206582682455e-8,0.41269227862358096],5,0.8643019199371338],[[771.0443115234375,228.6018829345703,45.145816802978519,0.40626996755599978,2.4708581847221468e-8,0.913753092288971,5.5793716313701228e-8,1,-5.184758578025139e-8,-0.913753092288971,7.204580043662645e-8,0.40626996755599978],5,0.8749754428863525],[[770.91943359375,228.7880859375,45.09902572631836,0.4023742973804474,1.920045455960917e-8,0.9154752492904663,4.3842426578066809e-8,1,-4.024305511052262e-8,-0.9154752492904663,5.6329426456613876e-8,0.4023742973804474],5,0.8837003707885742],[[770.6072387695313,229.1939697265625,44.98204803466797,0.3935966193675995,5.3608686378936458e-9,0.9192832708358765,1.3691707323459923e-8,1,-1.1693761514663948e-8,-0.9192832708358765,1.7189181633625595e-8,0.3935966193675995],5,0.9031422138214111],[[770.4823608398438,229.3324737548828,44.93525695800781,0.39049437642097475,-1.9986358401613558e-10,0.9206053018569946,1.5413565979116584e-9,1,-4.366990935533721e-10,-0.9206053018569946,1.5895096350249105e-9,0.39049437642097475],5,0.9129836559295654],[[770.2950439453125,229.5146942138672,44.86507034301758,0.38633760809898379,-8.562916598009452e-9,0.922357439994812,-1.6759010179612234e-8,1,1.6303390637517624e-8,-0.922357439994812,-2.1756411783258046e-8,0.38633760809898379],5,0.9228115081787109],[[770.1700439453125,229.619140625,44.818603515625,0.3837137222290039,-1.4151455118849299e-8,0.9234520792961121,-2.900243245562706e-8,1,2.7375634203963274e-8,-0.9234520792961121,-3.728676389869179e-8,0.3837137222290039],5,0.9346921443939209],[[769.9820556640625,229.75025939941407,44.75038146972656,0.3795042037963867,-2.2553907186306789e-8,0.9251900315284729,-4.744412862578429e-8,1,4.3838728203127178e-8,-0.9251900315284729,-6.053181778042927e-8,0.3795042037963867],5,0.9449419975280762],[[769.7937622070313,229.85073852539063,44.68300247192383,0.37520718574523928,-3.0981034626620388e-8,0.9269409775733948,-6.597385038276116e-8,1,6.012777475916664e-8,-0.9269409775733948,-8.371424087272317e-8,0.37520718574523928],5,0.9668698310852051],[[769.5423583984375,229.93701171875,44.59409713745117,0.36956527829170229,-4.225482186370755e-8,0.9292047619819641,-9.080341101252998e-8,1,8.158870201668833e-8,-0.9292047619819641,-1.1452731030203722e-7,0.36956527829170229],5,0.975691556930542],[[769.4236450195313,229.95970153808595,44.55218505859375,0.36826762557029726,-4.790433649759507e-8,0.9297198057174683,-1.0312693632386072e-7,1,9.237476206180873e-8,-0.9297198057174683,-1.2989779918370915e-7,0.36826762557029726],5,0.9859144687652588],[[769.1678466796875,229.9568328857422,44.46186447143555,0.36764389276504519,-4.988716284515249e-8,0.9299666285514832,-1.075158166941037e-7,1,9.614828400117404e-8,-0.9299666285514832,-1.3533446008295869e-7,0.36764389276504519],5,1.0100383758544922],[[769.00537109375,229.8932342529297,44.40448760986328,0.36760398745536806,-3.690882266482731e-8,0.9299824237823486,-7.958324488299695e-8,1,7.114536515473447e-8,-0.9299824237823486,-1.0016433549253634e-7,0.36760398745536806],5,1.027491569519043],[[768.8803100585938,229.77513122558595,44.36033630371094,0.36759936809539797,-2.394139819728025e-8,0.9299842715263367,-5.167097327785086e-8,1,4.616811111191055e-8,-0.9299842715263367,-6.50245581823583e-8,0.36759936809539797],5,1.0348246097564698],[[768.8318481445313,229.69564819335938,44.34321975708008,0.3675989508628845,-1.74618328685483e-8,0.9299843907356262,-3.772363754706021e-8,1,3.368766599010087e-8,-0.9299843907356262,-4.74659458404858e-8,0.3675989508628845],5,1.0458307266235352],[[768.792724609375,229.60252380371095,44.329410552978519,0.3675988018512726,-1.0985036880128974e-8,0.929984450340271,-2.3782252611681544e-8,1,2.121257480780514e-8,-0.929984450340271,-2.99148403826166e-8,0.3675988018512726],5,1.0540962219238282],[[768.7630004882813,229.49578857421876,44.31890869140625,0.3675987422466278,-4.511007123397803e-9,0.9299845099449158,-9.846820248071709e-9,1,8.742818913276551e-9,-0.9299845099449158,-1.2371239144215452e-8,0.3675987422466278],5,1.0628037452697755],[[768.7359619140625,229.3101348876953,44.30935287475586,0.3675987422466278,5.1948521040401378e-9,0.9299845099449158,1.1045157677358475e-8,1,-9.951819812670238e-9,-0.9299845099449158,1.3930101516734794e-8,0.3675987422466278],5,1.072580337524414],[[768.7296142578125,229.16934204101563,44.30711364746094,0.3675987422466278,1.1661968279952362e-8,0.9299845099449158,2.4965697065226778e-8,1,-2.2408253030903326e-8,-0.9299845099449158,3.1454955973231338e-8,0.3675987422466278],5,1.0817933082580567],[[768.7285766601563,229.01490783691407,44.3067512512207,0.3675987422466278,1.812632177689011e-8,0.9299845099449158,3.888028388132625e-8,1,-3.485936161951031e-8,-0.9299845099449158,4.8972317756579289e-8,0.3675987422466278],5,1.0921263694763184],[[768.7283935546875,228.84686279296876,44.306697845458987,0.3675987422466278,2.4587913927121009e-8,0.9299845099449158,5.278891990201373e-8,1,-4.730514646666961e-8,-0.9299845099449158,6.6482193972206e-8,0.3675987422466278],5,1.100782871246338],[[768.7283935546875,228.66517639160157,44.30669021606445,0.3675987422466278,3.10467420661098e-8,0.9299845099449158,6.669161223271658e-8,1,-5.974561645416543e-8,-0.9299845099449158,8.398458106739781e-8,0.3675987422466278],5,1.1120591163635255],[[768.7283935546875,228.3671112060547,44.30669021606445,0.3675987422466278,4.0729815964368757e-8,0.9299845099449158,8.753450231324678e-8,1,-7.839634719175592e-8,-0.9299845099449158,1.1022412849115426e-7,0.3675987422466278],5,1.1214125156402588],[[768.7283935546875,228.03839111328126,44.30669021606445,0.3675987422466278,5.0406679719117167e-8,0.9299845099449158,1.0836401997948997e-7,1,-9.703511949510357e-8,-0.9299845099449158,1.3644684315750056e-7,0.3675987422466278],5,1.1323449611663819],[[768.7283935546875,227.80221557617188,44.30669021606445,0.3675987422466278,5.685447490577644e-8,0.9299845099449158,1.22242951761109e-7,1,-1.0945432649123177e-7,-0.9299845099449158,1.5391931640351687e-7,0.3675987422466278],5,1.1451492309570313],[[768.7283935546875,227.4224090576172,44.30669021606445,0.3675987422466278,4.7689731275113448e-8,0.9299845099449158,1.0255136828618561e-7,1,-9.181603388697113e-8,-0.9299845099449158,1.2912263969155902e-7,0.3675987422466278],5,1.1537070274353028],[[768.7139892578125,227.01193237304688,44.302974700927737,0.3603467345237732,3.850815133432661e-8,0.9328184127807617,8.349036306753988e-8,1,-7.353374087415432e-8,-0.9328184127807617,1.0437899078397095e-7,0.3603467345237732],5,1.1671392917633057],[[768.6778564453125,226.57080078125,44.293914794921878,0.3492213785648346,2.9264215939406314e-8,0.9370402693748474,6.452231104958628e-8,1,-5.527701674168384e-8,-0.9370402693748474,7.976392168984603e-8,0.3492213785648346],5,1.1885602474212647],[[768.5693359375,225.76747131347657,44.267601013183597,0.1980806142091751,2.566421031247046e-8,0.9801857471466065,2.7441641847758548e-8,1,-3.1728543348208407e-8,-0.9801857471466065,3.3182715242219277e-8,0.1980806142091751],5,1.1997108459472657],[[768.4750366210938,225.24459838867188,44.24585723876953,0.20065754652023316,1.6255402357501226e-8,0.9796614646911621,5.155933013867298e-9,1,-1.764893298172865e-8,-0.9796614646911621,8.592460076783937e-9,0.20065754652023316],5,1.2179443836212159],[[768.3587646484375,224.69107055664063,44.22016525268555,0.18084964156150819,7.104035582017332e-9,0.9835107326507568,-1.740869848276816e-8,1,-4.021998289971407e-9,-0.9835107326507568,-1.639426550070766e-8,0.18084964156150819],5,1.2253451347351075],[[768.2689208984375,224.3050079345703,44.20125961303711,0.17333011329174043,7.502374277379431e-10,0.9848637580871582,-3.250702107493453e-8,1,4.959272992266506e-9,-0.9848637580871582,-3.287457772671587e-8,0.17333011329174043],5,1.234694004058838],[[768.1156616210938,223.7003936767578,44.17101287841797,0.16648663580417634,-8.82009487668256e-9,0.9860436916351318,-5.523439128296559e-8,1,1.8270876367409984e-8,-0.9860436916351318,-5.75053817897242e-8,0.16648663580417634],5,1.24468994140625],[[767.990478515625,223.2802734375,44.149295806884769,0.16589964926242829,-1.5072911807578749e-8,0.986142635345459,-7.03850275840523e-8,1,2.7125652835024995e-8,-0.986142635345459,-7.390980982791007e-8,0.16589964926242829],7,1.2559523582458497],[[767.85986328125,222.95123291015626,44.127262115478519,0.1657455414533615,-2.1292326124466855e-8,0.9861685633659363,-8.553366370733784e-8,1,3.5966621680927349e-8,-0.9861685633659363,-9.031191439135e-8,0.1657455414533615],7,1.263561725616455],[[767.7284545898438,222.88075256347657,44.10517883300781,0.16569317877292634,-2.7498717969365317e-8,0.9861773252487183,-1.0067782341138809e-7,1,4.479959514469556e-8,-0.9861773252487183,-1.0670917305333205e-7,0.16569317877292634],7,1.272803783416748],[[767.53125,222.9341583251953,44.07204818725586,0.16567741334438325,-3.176211649247307e-8,0.9861800074577332,-1.0672624028984501e-7,1,5.013713888502025e-8,-0.9861800074577332,-1.1355787421507557e-7,0.16567741334438325],7,1.2813618183135987],[[767.3997802734375,222.9815216064453,44.04996109008789,0.1656680703163147,-2.7892765430692635e-8,0.9861815571784973,-8.855189292944488e-8,1,4.315938184618062e-8,-0.9861815571784973,-9.447838067444536e-8,0.1656680703163147],7,1.2907285690307618],[[767.268310546875,223.01998901367188,44.02787399291992,0.1656668335199356,-2.4023965039532415e-8,0.9861817955970764,-7.038537574999282e-8,1,3.618449184727979e-8,-0.9861817955970764,-7.54073425923707e-8,0.1656668335199356],8,1.2993381023406983],[[767.1368408203125,223.05787658691407,44.00578689575195,0.16566644608974458,-2.015668520982672e-8,0.9861818552017212,-5.222661769721526e-8,1,2.9212547048018679e-8,-0.9861818552017212,-5.634447930447095e-8,0.16566644608974458],8,1.309950351715088],[[766.9396362304688,223.0948028564453,43.97265625,0.16566629707813264,-1.4358811917247749e-8,0.9861818552017212,-2.5003030756920454e-8,1,1.8760202280532213e-8,-0.9861818552017212,-2.7765468146867535e-8,0.16566629707813264],8,1.318352460861206],[[766.8081665039063,223.1164093017578,43.95056915283203,0.16566619277000428,-1.0495622149164774e-8,0.986181914806366,-6.863665635847838e-9,1,1.1795693311000833e-8,-0.986181914806366,-8.722970790131513e-9,0.16566619277000428],8,1.3274855613708497],[[766.6766967773438,223.13587951660157,43.92848205566406,0.1622200310230255,-6.664487184337986e-9,0.9867545962333679,1.129216009587708e-8,1,4.897542371651298e-9,-0.9867545962333679,1.0348111700864138e-8,0.1622200310230255],8,1.3373663425445557],[[766.5451049804688,223.1516571044922,43.906734466552737,0.1622200310230255,-2.804593224325913e-9,0.9867545962333679,2.9440226256838288e-8,1,-1.9976611476124619e-9,-0.9867545962333679,2.9374339405308093e-8,0.1622200310230255],8,1.3472917079925538],[[766.2819213867188,223.173095703125,43.863460540771487,0.1622200310230255,4.910247319855898e-9,0.9867545962333679,6.571309540959192e-8,1,-1.5779228590417916e-8,-0.9867545962333679,6.74024036584342e-8,0.1622200310230255],8,1.360384225845337],[[766.1503295898438,223.1800079345703,43.84183120727539,0.1622200310230255,8.765193904025637e-9,0.9867545962333679,8.38378966250275e-8,1,-2.2665595622584079e-8,-0.9867545962333679,8.640424908890054e-8,0.1622200310230255],8,1.3693697452545167],[[766.0187377929688,223.1851348876953,43.8202018737793,0.1622200310230255,1.261849558176209e-8,0.9867545962333679,1.0195496003007065e-7,1,-2.9549021007824196e-8,-0.9867545962333679,1.0539796591046979e-7,0.1622200310230255],8,1.3784065246582032],[[765.8871459960938,223.18893432617188,43.7985725402832,0.1622200310230255,1.3900070428007894e-8,0.9867545962333679,1.0280022877395823e-7,1,-3.098675804835693e-8,-0.9867545962333679,1.0646527215385504e-7,0.1622200310230255],8,1.3871595859527588],[[765.5581665039063,223.19464111328126,43.74449920654297,0.16394414007663728,1.0493780955300736e-8,0.9864696264266968,6.179232059366768e-8,1,-2.090715156555234e-8,-0.9864696264266968,6.438385469209607e-8,0.16394414007663728],8,1.4091870784759522],[[765.3607788085938,223.19647216796876,43.71177291870117,0.16394507884979249,8.563239006775803e-9,0.9864694476127625,3.7208607750471859e-8,1,-1.4864531827640804e-8,-0.9864694476127625,3.9142122432167528e-8,0.16394507884979249],8,1.4322023391723633],[[765.0321044921875,223.1981658935547,43.657127380371097,0.16394589841365815,5.348486098455396e-9,0.9864693284034729,-3.729228925664074e-9,1,-4.802069852871682e-9,-0.9864693284034729,-2.891490158418719e-9,0.16394589841365815],8,1.4486854076385499],[[764.7691650390625,223.1988525390625,43.61341094970703,0.16394683718681336,2.779186436541181e-9,0.9864691495895386,-3.644800372626378e-8,1,3.2401910043944328e-9,-0.9864691495895386,-3.648604973705005e-8,0.16394683718681336],8,1.458357334136963],[[764.5719604492188,223.1991424560547,43.580623626708987,0.15877461433410645,6.623927517601658e-10,0.9873148798942566,-6.099998017816688e-8,1,9.138782175455163e-9,-0.9873148798942566,-6.167719135419247e-8,0.15877461433410645],8,1.4764072895050049],[[764.3745727539063,223.1993408203125,43.54867172241211,0.1484195590019226,-1.908277758033705e-9,0.988924503326416,-8.559663911000826e-8,1,1.4776146528561185e-8,-0.988924503326416,-8.684168051331653e-8,0.1484195590019226],8,1.4875786304473878],[[764.1109619140625,223.19949340820313,43.5086784362793,0.14323477447032929,-4.927189323211678e-9,0.9896887540817261,-1.1840658942219307e-7,1,2.211516481054332e-8,-0.9896887540817261,-1.2035332019877388e-7,0.14323477447032929],8,1.4986953735351563],[[763.97900390625,223.1995391845703,43.48939514160156,0.13285546004772187,-5.431442406944598e-9,0.9911354184150696,-9.921413379743172e-8,1,1.8779051202955089e-8,-0.9911354184150696,-1.0082954560175495e-7,0.13285546004772187],8,1.5075130462646485],[[763.8004760742188,223.1995849609375,43.535377502441409,0.12592795491218568,-5.001254077541262e-9,0.9920393824577332,-7.040658545065526e-8,1,1.397869020536291e-8,-0.9920393824577332,-7.160641501968712e-8,0.12592795491218568],8,1.5213978290557862],[[763.6403198242188,223.19961547851563,43.65045166015625,0.1120530515909195,-4.867638292438414e-9,0.993702232837677,-4.155327815169585e-8,1,9.584169013976407e-9,-0.993702232837677,-4.236552086922529e-8,0.1120530515909195],8,1.5425894260406495],[[763.3792114257813,223.19961547851563,43.8574104309082,0.09815661609172821,-3.5711984480713e-9,0.9951709508895874,6.5920304770372699e-9,1,2.9383364630319876e-9,-0.9951709508895874,6.271779984245995e-9,0.09815661609172821],8,1.5511763095855713],[[763.2758178710938,223.19961547851563,43.94160461425781,0.0912012830376625,-2.77267342418952e-9,0.9958325028419495,2.5853834628719598e-8,1,4.1650635718148978e-10,-0.9958325028419495,2.57081023136152e-8,0.0912012830376625],8,1.5600614547729493],[[763.1731567382813,223.19961547851563,44.02665710449219,0.0842418447136879,-1.8387039668610328e-9,0.99644535779953,4.5124551206754407e-8,1,-1.9696728692508715e-9,-0.99644535779953,4.513007567652494e-8,0.0842418447136879],8,1.5700693130493165],[[763.0201416015625,223.19961547851563,44.15542221069336,0.07379508763551712,-2.348272132302043e-10,0.9972734451293945,7.405108704006125e-8,1,-5.2440776165951778e-9,-0.9972734451293945,7.423616921187204e-8,0.07379508763551712],8,1.5812106132507325],[[762.9189453125,223.19961547851563,44.24220657348633,0.06856817752122879,9.076782103711878e-10,0.9976464509963989,9.333631112440344e-8,1,-7.324818085407969e-9,-0.9976464509963989,9.361888686498787e-8,0.06856817752122879],8,1.5929780006408692],[[762.7680053710938,223.19961547851563,44.37340545654297,0.06159602478146553,2.253174979927053e-9,0.9981011748313904,1.0456388821467044e-7,1,-8.710434151737445e-9,-0.9981011748313904,1.0490186497236209e-7,0.06159602478146553],8,1.6035714149475098],[[762.66796875,223.19961547851563,44.461509704589847,0.04938788339495659,3.412138571690093e-9,0.9987796545028687,8.842967247346678e-8,1,-7.788997891111649e-9,-0.9987796545028687,8.870644307990006e-8,0.04938788339495659],8,1.6133511066436768],[[762.5194091796875,223.19961547851563,44.59539794921875,0.040663376450538638,4.001590170332747e-9,0.9991729259490967,6.423012166578701e-8,1,-6.618878334307965e-9,-0.9991729259490967,6.44461408683128e-8,0.040663376450538638],8,1.6245203018188477],[[762.421142578125,223.19961547851563,44.68552780151367,0.02844369411468506,4.665912989310073e-9,0.9995954036712647,4.809737674804637e-8,1,-6.036422472988079e-9,-0.9995954036712647,4.824961763461033e-8,0.02844369411468506],8,1.6336157321929932],[[762.275390625,223.19961547851563,44.82249450683594,0.016219284385442735,5.070604824908287e-9,0.9998684525489807,2.390233078131132e-8,1,-5.459001251040263e-9,-0.9998684525489807,2.3987729136365489e-8,0.016219284385442735],8,1.6462855339050294],[[762.1314086914063,223.19961547851563,44.96125030517578,-0.018713196739554406,5.720534268505162e-9,0.9998248815536499,-2.826049949611331e-10,1,-5.726825680341108e-9,-0.9998248815536499,-3.8972272631276896e-10,-0.018713196739554406],8,1.6566269397735596],[[762.0380249023438,223.19961547851563,45.05641555786133,-0.03791958838701248,5.58885604462489e-9,0.9992808103561401,-1.6390879764571765e-8,1,-6.214861070219513e-9,-0.9992808103561401,-1.6614755793398218e-8,-0.03791958838701248],8,1.6672582626342774],[[761.9013671875,223.19961547851563,45.20246505737305,-0.03791958838701248,5.404252600982318e-9,0.9992808103561401,-4.054038527101511e-8,1,-6.9465233565324528e-9,-0.9992808103561401,-4.07746370001405e-8,-0.03791958838701248],8,1.6771464347839356],[[761.8106689453125,223.19961547851563,45.30022430419922,-0.03791958838701248,5.281249659816467e-9,0.9992808103561401,-5.663145685730342e-8,1,-7.4340378297677038e-9,-0.9992808103561401,-5.6872622167247758e-8,-0.03791958838701248],8,1.6857831478118897],[[761.719970703125,223.19961547851563,45.398006439208987,-0.03791958838701248,5.158299121177379e-9,0.9992808103561401,-7.271565038990957e-8,1,-7.921343581074325e-9,-0.9992808103561401,-7.296372928067285e-8,-0.03791958838701248],8,1.69545578956604],[[761.6292724609375,223.19961547851563,45.495792388916019,-0.037919946014881137,5.0353747838016719e-9,0.9992807507514954,-8.879297297426092e-8,1,-8.408447271790465e-9,-0.9992807507514954,-8.904795834041579e-8,-0.037919946014881137],8,1.7031705379486085],[[761.53857421875,223.19961547851563,45.59357833862305,-0.037919946014881137,4.912529494305318e-9,0.9992807507514954,-1.0486342461035747e-7,1,-8.895343128756395e-9,-0.9992807507514954,-1.0512531645190393e-7,-0.037919946014881137],8,1.7132022380828858],[[761.4478759765625,223.19961547851563,45.69136428833008,-0.037919946014881137,4.789737051424936e-9,0.9992807507514954,-1.2092701240362659e-7,1,-9.382030263793695e-9,-0.9992807507514954,-1.211957965097099e-7,-0.037919946014881137],8,1.7215311527252198],[[761.3118286132813,223.19961547851563,45.838043212890628,-0.037919946014881137,2.9364817244470488e-9,0.9992807507514954,-9.08944386424082e-8,1,-6.3877885203567079e-9,-0.9992807507514954,-9.107128562391154e-8,-0.037919946014881137],8,1.7309167385101319],[[761.2211303710938,223.19961547851563,45.935829162597659,-0.037919946014881137,1.70163849677607e-9,0.9992807507514954,-7.088343068062386e-8,1,-4.392693764287969e-9,-0.9992807507514954,-7.099902177287731e-8,-0.037919946014881137],8,1.7398264408111573],[[761.0850830078125,223.85189819335938,46.0825080871582,-0.037919946014881137,-1.4963696948200323e-10,0.9992807507514954,-4.0882973451061846e-8,1,-1.4016513505410444e-9,-0.9992807507514954,-4.0906719789290949e-8,-0.037919946014881137],3,1.7537744045257569],[[760.9490356445313,224.47352600097657,46.22918701171875,-0.08697430044412613,-1.923851966623147e-9,0.9962105751037598,-1.0910738978964219e-8,1,9.78606529145054e-10,-0.9962105751037598,-1.0784279247388895e-8,-0.08697430044412613],5,1.7747583389282227],[[760.7676391601563,225.25466918945313,46.42475891113281,-0.13575637340545655,-3.3937122001503896e-9,0.9907422661781311,2.8740084090372876e-8,1,7.363531562276648e-9,-0.9907422661781311,2.9473660845269479e-8,-0.13575637340545655],5,1.7813630104064942],[[760.6769409179688,225.6248016357422,46.522544860839847,-0.08958740532398224,-7.104542287805771e-9,0.9959789514541626,4.859876057139445e-8,1,1.150463990740036e-8,-0.9959789514541626,4.9434014215421487e-8,-0.08958740532398224],5,1.7921555042266846],[[760.5408935546875,226.1544647216797,46.66922378540039,-0.12569062411785127,-1.017960826743547e-8,0.9920694828033447,7.812202085233366e-8,1,2.0158681834914206e-8,-0.9920694828033447,8.003623008789873e-8,-0.12569062411785127],5,1.8028218746185303],[[760.3986206054688,226.65347290039063,46.802398681640628,-0.09036925435066223,-1.61381894514534e-8,0.9959083199501038,1.0876031097950545e-7,1,2.6073463388343044e-8,-0.9959083199501038,1.1067154304100768e-7,-0.09036925435066223],5,1.823789358139038],[[760.194091796875,227.2711181640625,46.948551177978519,-0.0729539692401886,-1.978471075858579e-8,0.9973353147506714,1.5040794210108289e-7,1,3.083974675632817e-8,-0.9973353147506714,1.5225703009491554e-7,-0.0729539692401886],5,1.8418660163879395],[[759.972412109375,227.83425903320313,47.05887985229492,-0.0680588036775589,-1.4102261580717368e-8,0.9976813197135925,1.225562158424509e-7,1,2.2495450835435805e-8,-0.9976813197135925,1.2380306202430803e-7,-0.0680588036775589],5,1.8498318195343018],[[759.8551025390625,228.0953826904297,47.100616455078128,-0.06761395186185837,-1.0913242753929353e-8,0.9977115392684937,1.0864341959404556e-7,1,1.8300935877846315e-8,-0.9977115392684937,1.096321966542746e-7,-0.06761395186185837],5,1.8598687648773194],[[759.7335205078125,228.3428955078125,47.13340377807617,-0.06758637726306915,-7.66984165068152e-9,0.9977134466171265,9.473705375739883e-8,1,1.4105028256494734e-8,-0.9977134466171265,9.54737444658349e-8,-0.06758637726306915],5,1.867389440536499],[[759.6076049804688,228.5767822265625,47.15724182128906,-0.0675768256187439,-4.42462111394093e-9,0.997714102268219,8.083675595571549e-8,1,9.909966180998709e-9,-0.997714102268219,8.132165163488026e-8,-0.0675768256187439],5,1.8759570121765137],[[759.4774169921875,228.7970428466797,47.1721305847168,-0.06757301837205887,-1.179861430777862e-9,0.9977143406867981,6.694242671301254e-8,1,5.716428663760098e-9,-0.9977143406867981,6.717569078773522e-8,-0.06757301837205887],5,1.8838791847229005],[[759.2783813476563,229.1018829345703,47.18667984008789,-0.06757274270057678,3.6852805251896827e-9,0.9977143406867981,4.611207060634115e-8,1,-5.706659034210304e-10,-0.9977143406867981,4.596811464807615e-8,-0.06757274270057678],5,1.8939568996429444],[[759.0123291015625,229.4606475830078,47.204750061035159,-0.06915441900491715,1.024787632530888e-8,0.9976059794425964,1.8372677601519173e-8,1,-8.998868317178222e-9,-0.9976059794425964,1.7706380361914854e-8,-0.06915441900491715],5,1.9116661548614503],[[758.8792724609375,229.61959838867188,47.213932037353519,-0.06926734000444412,1.3490027761520196e-8,0.9975981116294861,4.512322515637379e-9,1,-1.3209197291530473e-8,-0.9975981116294861,3.5865184155881026e-9,-0.06926734000444412],5,1.9202501773834229],[[758.7462158203125,229.76492309570313,47.223167419433597,-0.06929915398359299,1.6728174401237085e-8,0.9975959062576294,-9.341671436402521e-9,1,-1.7417416842135937e-8,-0.9975959062576294,-1.0526226112972381e-8,-0.06929915398359299],5,1.929483413696289],[[758.6131591796875,229.89662170410157,47.23240661621094,-0.06930925697088242,1.9964618402923408e-8,0.9975952506065369,-2.3189553388647256e-8,1,-2.1623868917686196e-8,-0.9975952506065369,-2.4632521800072028e-8,-0.06930925697088242],5,1.9385011196136475],[[758.41357421875,230.06861877441407,47.24626541137695,-0.06604576110839844,2.4902476525312524e-8,0.9978166222572327,-4.3966384311033838e-8,1,-2.7867114837931696e-8,-0.9978166222572327,-4.571089107230364e-8,-0.06604576110839844],5,1.9499361515045167],[[758.280517578125,230.166259765625,47.25516128540039,-0.06423583626747132,2.8224764747619703e-8,0.9979347586631775,-5.781732070886392e-8,1,-3.200480591658561e-8,-0.9979347586631775,-5.97537663793446e-8,-0.06423583626747132],5,1.959493637084961],[[758.0809326171875,230.2871551513672,47.268062591552737,-0.060896314680576327,3.328810294078721e-8,0.9981440901756287,-7.860092665623597e-8,1,-3.814540150415269e-8,-0.9981440901756287,-8.07779656497587e-8,-0.060896314680576327],5,1.9709446430206299],[[757.88134765625,230.37741088867188,47.28031921386719,-0.05581594631075859,3.8576683181190677e-8,0.9984411001205444,-9.939625300603439e-8,1,-4.419347376938276e-8,-0.9984411001205444,-1.0170800379682987e-7,-0.05581594631075859],5,1.9930944442749024],[[757.6150512695313,230.45005798339845,47.2952995300293,-0.05556732416152954,4.5071942622598729e-8,0.9984549283981323,-1.2712072816611909e-7,1,-5.221637877639296e-