[[[776,222.69961547851563,47,1,-2.6333930591704303e-8,7.587140923935154e-15,2.6333930591704303e-8,1,-1.7525227491432817e-8,-7.125632481524806e-15,1.7525227491432817e-8,1],8,0.015587568283081055],[[776,222.69961547851563,47,1,-6.079456937868599e-8,8.828439756049071e-15,6.079456937868599e-8,1,-4.0458719041680527e-8,-6.368769156121041e-15,4.0458719041680527e-8,1],8,0.03395271301269531],[[776,222.69961547851563,47,1,-8.833658426965485e-8,1.0388565177641297e-14,8.833658426965485e-8,1,-5.878788300606175e-8,-5.1954442945078078e-15,5.878788300606175e-8,1],8,0.0406184196472168],[[776,222.69961547851563,47,1,-9.370300091404715e-8,1.086467900916115e-14,9.370300091404715e-8,1,-6.235922000996652e-8,-5.021432386922726e-15,6.235922000996652e-8,1],8,0.0540919303894043],[[776,222.69961547851563,47,1,-6.013786446601444e-8,9.412164888352847e-15,6.013786446601444e-8,1,-4.0021667757628168e-8,-7.005346603234644e-15,4.0021667757628168e-8,1],8,0.07104945182800293],[[776,222.69961547851563,47,1,-3.498283618341702e-8,8.828823461974177e-15,3.498283618341702e-8,1,-2.328102688409217e-8,-8.014386883629064e-15,2.328102688409217e-8,1],8,0.08601260185241699],[[776,222.69961547851563,47,1,-1.4678765980491449e-9,8.708209358416954e-15,1.4678765980491449e-9,1,-9.7685659561364e-10,-8.706775331637253e-15,9.7685659561364e-10,1],8,0.10312557220458985],[[776,222.69961547851563,47,1,3.2018448337112207e-8,9.334455544672896e-15,-3.2018448337112207e-8,1,2.1308261821673115e-8,-8.652197610713869e-15,-2.1308261821673115e-8,1],8,0.11893987655639649],[[776,222.69961547851563,47,1,7.383611944078439e-8,1.1164072968763549e-14,-7.383611944078439e-8,1,4.9137891977579787e-8,-7.535921688647633e-15,-4.9137891977579787e-8,1],8,0.1369030475616455],[[776,222.69961547851563,47,-0.9540171027183533,-1.2888236256003438e-8,-0.2997521162033081,-2.8266194718185035e-8,1,4.696613586929743e-8,0.2997521162033081,5.327935070909007e-8,-0.9540171027183533],8,0.15854454040527345],[[776,222.69961547851563,47,-0.9265786409378052,2.81342522612249e-8,-0.3761011064052582,1.3410229371402238e-8,1,4.1767012959326169e-8,0.3761011064052582,3.365681777722784e-8,-0.9265786409378052],8,0.1825268268585205],[[776,222.69961547851563,47,-0.9298689365386963,7.089144560268324e-8,-0.3678910434246063,6.30274854529489e-8,1,3.339071241725833e-8,0.3678910434246063,7.86173881550667e-9,-0.9298689365386963],8,0.1907665729522705],[[775.8499755859375,222.69961547851563,47.06000900268555,-0.9484489560127258,1.0468223621273865e-7,-0.3169299066066742,1.0215483570163997e-7,1,2.4590882219399647e-8,0.3169299066066742,-9.052724792013578e-9,-0.9484489560127258],8,0.20859980583190919],[[775.6642456054688,222.69961547851563,47.124210357666019,-0.9664382934570313,9.60056425469702e-8,-0.25689882040023806,9.582491600212961e-8,1,1.3222231309839572e-8,0.25689882040023806,-1.1838839242273025e-8,-0.9664382934570313],8,0.2333087921142578],[[775.3430786132813,222.69961547851563,47.21228790283203,-0.9854592680931091,5.26782351073507e-8,-0.169911727309227,5.42385336643747e-8,1,-4.5413561799989569e-9,0.169911727309227,-1.3691084710387713e-8,-0.9854592680931091],8,0.24184536933898927],[[775.146728515625,222.69961547851563,47.24958419799805,-0.9895711541175842,2.6641361117185626e-8,-0.14404474198818208,2.9037668269893403e-8,1,-1.453352815872222e-8,0.14404474198818208,-1.8564684012289946e-8,-0.9895711541175842],8,0.25486326217651369],[[774.8829956054688,222.69961547851563,47.289188385009769,-0.9954308271408081,-7.626282716444166e-9,-0.09548570215702057,-5.149157988881825e-9,1,-2.6188763158074836e-8,0.09548570215702057,-2.557742995179524e-8,-0.9954308271408081],8,0.27108120918273928],[[774.6177978515625,222.69961547851563,47.31658172607422,-0.9988254904747009,-4.152553145786442e-8,-0.04845273494720459,-3.981778817774284e-8,1,-3.6210824561067059e-8,0.04845273494720459,-3.423901162591392e-8,-0.9988254904747009],8,0.2866675853729248],[[774.3515625,222.69961547851563,47.331382751464847,-0.9998070001602173,-7.418216085852691e-8,0.01964733749628067,-7.505805399432575e-8,1,-4.384329699291811e-8,-0.01964733749628067,-4.530952679715483e-8,-0.9998070001602173],8,0.30445075035095217],[[774.0849609375,222.69961547851563,47.32884979248047,-0.9982107281684876,-1.0735575273201903e-7,0.05979383364319801,-1.105461535644281e-7,1,-5.004869763070019e-8,-0.05979383364319801,-5.6569128048522546e-8,-0.9982107281684876],8,0.3214111328125],[[773.8187255859375,222.69961547851563,47.31452941894531,-0.9958383440971375,-7.467178164688448e-8,0.09113717824220658,-7.76096413801497e-8,1,-2.8691678366499219e-8,-0.09113717824220658,-3.564539952094492e-8,-0.9958383440971375],8,0.34755539894104006],[[773.5530395507813,222.69961547851563,47.29148483276367,-0.9940950274467468,-4.321127988760054e-8,0.10851292312145233,-4.433366385114823e-8,1,-7.930809786671489e-9,-0.10851292312145233,-1.2694754580877543e-8,-0.9940950274467468],8,0.35425305366516116],[[773.3541259765625,222.69961547851563,47.27046585083008,-0.9937092065811157,-2.0063865235897539e-8,0.11199133098125458,-1.934102833445195e-8,1,7.540831070684817e-9,-0.11199133098125458,5.327365659724137e-9,-0.9937092065811157],8,0.36891865730285647],[[773.0891723632813,222.69961547851563,47.24077606201172,-0.9933109879493713,1.0698208541271015e-8,0.1154697835445404,1.402954374896126e-8,1,2.8037558053028989e-8,-0.1154697835445404,2.9470003326537154e-8,-0.9933109879493713],8,0.385577917098999],[[772.758056640625,222.69961547851563,47.202423095703128,-0.9929025173187256,4.903421313429135e-8,0.11893096566200257,5.579162731805809e-8,1,5.348845277808323e-8,-0.11893096566200257,5.974417405241184e-8,-0.9929025173187256],8,0.4031412601470947],[[772.4931640625,222.69961547851563,47.17084503173828,-0.9920466542243958,7.933675050253442e-8,0.125870481133461,8.93105962518348e-8,1,7.359572862242203e-8,-0.125870481133461,8.42519654042917e-8,-0.9920466542243958],8,0.4206368923187256],[[772.294677734375,222.69961547851563,47.14593505859375,-0.990673840045929,6.328303214786502e-8,0.13625475764274598,7.149900227432227e-8,1,5.540475456200511e-8,-0.13625475764274598,6.463012169888316e-8,-0.990673840045929],8,0.4466719627380371],[[771.8323364257813,222.69961547851563,47.0827751159668,-0.9904344081878662,2.7818511938448866e-8,0.13798420131206513,2.9909031695751767e-8,1,1.3077013250040182e-8,-0.13798420131206513,1.707889829560827e-8,-0.9904344081878662],8,0.46210527420043948],[[771.7002563476563,222.69964599609376,47.06443786621094,-0.9904344081878662,1.772777125097491e-8,0.13798420131206513,1.8037605187259943e-8,1,9.950014145942987e-10,-0.13798420131206513,3.474388110547011e-9,-0.9904344081878662],8,0.47078394889831545],[[771.5021362304688,222.69969177246095,47.03684997558594,-0.9904344081878662,2.5997421992940419e-9,0.13798420131206513,2.3997803744180148e-10,1,-1.7118335193799795e-8,-0.13798420131206513,-1.692147399978694e-8,-0.9904344081878662],8,0.486163854598999],[[771.2379760742188,222.69969177246095,47.00006103515625,-0.9904344081878662,-1.7555882081410347e-8,0.13798420131206513,-2.347245064981962e-8,1,-4.125138630683978e-8,-0.13798420131206513,-4.409562137652756e-8,-0.9904344081878662],8,0.5021407604217529],[[770.9738159179688,222.69969177246095,46.96327209472656,-0.9904344081878662,-3.7694288579359639e-8,0.13798420131206513,-4.716461887710466e-8,1,-6.536381391697432e-8,-0.13798420131206513,-7.124653933487935e-8,-0.9904344081878662],8,0.5186400413513184],[[770.6436157226563,223.76980590820313,46.91728591918945,-0.9904344081878662,-6.284309961301915e-8,0.13798420131206513,-7.675136259877036e-8,1,-9.547536450327243e-8,-0.13798420131206513,-1.0515255866039297e-7,-0.9904344081878662],3,0.5391054153442383],[[770.4454956054688,224.37098693847657,46.88969421386719,-0.9798648357391357,-7.756857911545012e-8,0.1996619552373886,-1.0106013803579117e-7,1,-1.0746512657533458e-7,-0.1996619552373886,-1.2547916128369253e-7,-0.9798648357391357],5,0.561640739440918],[[770.1813354492188,225.1248779296875,46.8529052734375,-0.96547931432724,-8.400458995083682e-8,0.2604798376560211,-1.1214104489454258e-7,1,-9.315601090520431e-8,-0.2604798376560211,-1.1915068398593576e-7,-0.96547931432724],5,0.5690569877624512],[[769.9171752929688,225.82427978515626,46.81611633300781,-0.9658688902854919,-8.099022608121231e-8,0.2590314447879791,-9.857964045068002e-8,1,-5.4915261671339979e-8,-0.2590314447879791,-7.857616424189473e-8,-0.9658688902854919],5,0.5866968631744385],[[769.6527709960938,226.46917724609376,46.781288146972659,-0.9704641699790955,-7.785094169321383e-8,0.24124528467655183,-8.489686109669492e-8,1,-1.881245559332001e-8,-0.24124528467655183,-3.873778098295588e-8,-0.9704641699790955],5,0.6125161647796631],[[769.3878173828125,227.0595703125,46.751129150390628,-0.9737176895141602,-7.251423284060366e-8,0.22775845229625703,-7.083632880267032e-8,1,1.5541241182859268e-8,-0.22775845229625703,-1.0007913386900214e-9,-0.9737176895141602],5,0.6189298629760742],[[769.1224365234375,227.595458984375,46.72487258911133,-0.9748966097831726,-6.545897690557467e-8,0.2226579338312149,-5.6068628850880489e-8,1,4.849527002193099e-8,-0.2226579338312149,3.479375010329022e-8,-0.9748966097831726],5,0.6361160278320313],[[768.7904052734375,228.18869018554688,46.694271087646487,-0.9686954021453857,-5.668243119316685e-8,0.2482522875070572,-3.595254582933194e-8,1,8.803691997627539e-8,-0.2482522875070572,7.63556542437982e-8,-0.9686954021453857],5,0.653817892074585],[[768.5247802734375,228.60195922851563,46.67154312133789,-0.977175235748291,-4.4290352718689977e-8,0.212434783577919,-1.938464677664342e-8,1,1.193220668938011e-7,-0.212434783577919,1.1248059905710761e-7,-0.977175235748291],5,0.6695511341094971],[[768.3253784179688,228.8761444091797,46.65526580810547,-0.9843316674232483,-3.183701124953586e-8,0.17632701992988587,-6.73929179129118e-9,1,1.429350646731109e-7,-0.17632701992988587,1.3950717914212874e-7,-0.9843316674232483],5,0.6852240562438965],[[767.9930419921875,229.26499938964845,46.62937545776367,-0.9724799394607544,-1.9843543697106726e-8,0.23298652470111848,1.468303878482402e-8,1,1.4645698342974357e-7,-0.23298652470111848,1.458474372384444e-7,-0.9724799394607544],5,0.702622652053833],[[767.7269897460938,229.5147705078125,46.61076354980469,-0.9814139604568481,1.2148547945400879e-8,0.1919027417898178,3.3349788708392228e-8,1,1.0724912158366351e-7,-0.1919027417898178,1.1165569446802692e-7,-0.9814139604568481],5,0.7209510803222656],[[767.5274047851563,229.6663360595703,46.59846878051758,-0.9883495569229126,3.479648214010922e-8,0.15220096707344056,4.720224922039051e-8,1,7.789595457552423e-8,-0.15220096707344056,8.417266172955351e-8,-0.9883495569229126],5,0.7356138229370117],[[767.1944580078125,229.85081481933595,46.58056640625,-0.9775192141532898,6.014214193328371e-8,0.21084623038768769,6.741662872400411e-8,1,2.7313312500609756e-8,-0.21084623038768769,4.0913828769362229e-8,-0.9775192141532898],5,0.7524182796478272],[[766.9281005859375,229.9370880126953,46.56806564331055,-0.9858126640319824,8.458048483817038e-8,0.16784928739070893,8.336811418985235e-8,1,-1.4269586401383095e-8,-0.16784928739070893,-7.386101452677707e-11,-0.9858126640319824],5,0.7696859836578369],[[766.6615600585938,229.96885681152345,46.5582160949707,-0.9869605898857117,1.0645656089991462e-7,0.16096200048923493,9.844124093660867e-8,1,-5.777099332249236e-8,-0.16096200048923493,-4.1172395270905329e-8,-0.9869605898857117],5,0.7899541854858398],[[766.4616088867188,229.9569091796875,46.55226516723633,-0.9926438927650452,1.200928068101348e-7,0.12107086181640625,1.0978190090327189e-7,1,-9.183443694382731e-8,-0.12107086181640625,-7.78675044443844e-8,-0.9926438927650452],5,0.8126077651977539],[[766.1950073242188,229.893310546875,46.5462646484375,-0.9891114234924316,1.0076710310613635e-7,0.14716877043247224,8.703916165586634e-8,1,-9.972006154157498e-8,-0.14716877043247224,-8.582480148788818e-8,-0.9891114234924316],5,0.8188633918762207],[[765.8617553710938,229.73716735839845,46.541168212890628,-0.9842826128005981,5.845366857215595e-8,0.17660066485404969,4.315637625040836e-8,1,-9.046170390547559e-8,-0.17660066485404969,-8.141843466091814e-8,-0.9842826128005981],5,0.8367366790771484],[[765.5951538085938,229.55093383789063,46.53810501098633,-0.9898682236671448,1.9851068344678425e-8,0.1419891119003296,8.479263513549995e-9,1,-8.069432055890502e-8,-0.1419891119003296,-7.867278384310339e-8,-0.9898682236671448],5,0.8541767597198486],[[765.3285522460938,229.31021118164063,46.53557586669922,-0.9898681640625,-1.578922237399638e-8,0.1419893503189087,-2.5725652719188475e-8,1,-6.814443764824319e-8,-0.1419893503189087,-7.110678268418269e-8,-0.9898681640625],5,0.8695323467254639],[[765.0619506835938,229.01498413085938,46.533119201660159,-0.9898681640625,-5.143790460238051e-8,0.1419895738363266,-5.951885739818863e-8,1,-5.266526770242308e-8,-0.1419895738363266,-6.058272816744648e-8,-0.9898681640625],5,0.8870387077331543],[[764.7953491210938,228.66525268554688,46.530662536621097,-0.9888530969619751,-8.675687723780357e-8,0.14889433979988099,-9.282866386683964e-8,1,-3.382961111242366e-8,-0.14889433979988099,-4.727417746153151e-8,-0.9888530969619751],5,0.9043784141540527],[[764.5953979492188,228.3671875,46.52769088745117,-0.9922152757644653,-1.1462584836863243e-7,0.12453456223011017,-1.177467012780653e-7,1,-1.7699717247410264e-8,-0.12453456223011017,-3.222546496317591e-8,-0.9922152757644653],5,0.9185540676116943],[[764.2621459960938,227.8022918701172,46.51974868774414,-0.9793227910995483,-1.5730823577086995e-7,0.20230384171009065,-1.5741923675705039e-7,1,1.5540916109557658e-8,-0.20230384171009065,-1.662694515403018e-8,-0.9793227910995483],5,0.9366121292114258],[[764.0621948242188,227.4224853515625,46.51279067993164,-0.9883495569229126,-1.324966092397517e-7,0.1522011160850525,-1.2986117781110807e-7,1,2.7255877554921427e-8,-0.1522011160850525,7.17331838373525e-9,-0.9883495569229126],5,0.9522020816802979],[[763.729248046875,226.72132873535157,46.49583435058594,-0.9712460041046143,-9.037163550829064e-8,0.23807823657989503,-8.339063839457595e-8,1,3.9393821538169507e-8,-0.23807823657989503,1.8407595447911264e-8,-0.9712460041046143],5,0.97202467918396],[[763.52978515625,226.259765625,46.48188400268555,-0.9793740510940552,-6.331467261588841e-8,0.20205549895763398,-5.558270643746255e-8,1,4.394046015931963e-8,-0.20205549895763398,3.1803356392856588e-8,-0.9793740510940552],5,0.9861602783203125],[[763.264404296875,225.59666442871095,46.455535888671878,-0.9832742214202881,-3.0039672083148619e-8,0.1821313053369522,-2.2641017949354138e-8,1,4.270184206234262e-8,-0.1821313053369522,3.786398039551386e-8,-0.9832742214202881],7,1.0032401084899903],[[763.000244140625,225.26995849609376,46.41933059692383,-0.9816004037857056,1.0049662213518218e-9,0.19094674289226533,8.629896797174297e-9,1,3.9100658710822248e-8,-0.19094674289226533,4.0029075165648467e-8,-0.9816004037857056],7,1.018543004989624],[[762.6724853515625,225.3264923095703,46.35905075073242,-0.9712557792663574,3.8070147923008338e-8,0.23803815245628358,4.7187615592747537e-8,1,3.26044258258662e-8,-0.23803815245628358,4.289968913440134e-8,-0.9712557792663574],8,1.0371949672698975],[[762.4129638671875,225.3784942626953,46.29774856567383,-0.9571064114570618,6.686691733648331e-8,0.28973662853240969,7.766549003918044e-8,1,2.577243307655408e-8,-0.28973662853240969,4.716949675298565e-8,-0.9571064114570618],8,1.0532128810882569],[[762.1571655273438,225.41026306152345,46.22258377075195,-0.9388357400894165,9.516199384052016e-8,0.34436529874801638,1.0767277558443311e-7,1,1.7205730173941448e-8,-0.34436529874801638,5.3232120933444096e-8,-0.9388357400894165],8,1.069993257522583],[[761.9060668945313,225.42811584472657,46.132938385009769,-0.9174416065216065,9.043192505941988e-8,0.39787039160728457,1.0123278570972616e-7,1,6.140806974030966e-9,-0.39787039160728457,4.5911360047057317e-8,-0.9174416065216065],8,1.0863847732543946],[[761.6605834960938,225.4379119873047,46.02898406982422,-0.8914199471473694,5.336621100582306e-8,0.45317816734313967,5.829001992196936e-8,1,-3.101043422049088e-9,-0.45317816734313967,2.365143281224391e-8,-0.8914199471473694],8,1.1038556098937989],[[761.4218139648438,225.44325256347657,45.91035079956055,-0.8825509548187256,1.883937628122112e-8,0.4702167212963104,1.521450876396102e-8,1,-1.1509153630129277e-8,-0.4702167212963104,-3.0032984987826696e-9,-0.8825509548187256],8,1.1198339462280274],[[761.1860961914063,225.41339111328126,45.78567123413086,-0.8825517296791077,-1.519422632156875e-8,0.47021526098251345,-2.782418206948023e-8,1,-1.9910144644086359e-8,-0.47021526098251345,-3.0655087357445157e-8,-0.8825517296791077],8,1.1364364624023438],[[760.9507446289063,225.3833770751953,45.66029739379883,-0.8825519680976868,-4.9198757068324997e-8,0.47021484375,-7.082608988184802e-8,1,-2.830397249908856e-8,-0.47021484375,-5.828320581713342e-8,-0.8825519680976868],8,1.1531152725219727],[[760.7742309570313,225.39645385742188,45.56624984741211,-0.8825522065162659,-7.46831076980925e-8,0.47021442651748659,-1.030534022561369e-7,1,-3.459465247601656e-8,-0.47021442651748659,-7.898878351397798e-8,-0.8825522065162659],8,1.1689636707305909],[[760.5388793945313,225.4102325439453,45.440853118896487,-0.8809038996696472,-5.8051639939549207e-8,0.4732952117919922,-7.803409829421071e-8,1,-2.2583996894809389e-8,-0.4732952117919922,-5.682749204538595e-8,-0.8809038996696472],8,1.1848232746124268],[[760.303955078125,225.39332580566407,45.314762115478519,-0.8809038996696472,-4.171059941882049e-8,0.4732952117919922,-5.303617101048985e-8,1,-1.0583605991598688e-8,-0.4732952117919922,-3.4424903816443478e-8,-0.8809038996696472],8,1.2032153606414796],[[760.0103759765625,226.47706604003907,45.15702438354492,-0.8809038996696472,-2.1303936392769175e-8,0.4732952117919922,-2.1818808093598819e-8,1,4.402460174190992e-9,-0.4732952117919922,-6.448592770880168e-9,-0.8809038996696472],3,1.2236425876617432],[[759.834228515625,227.08847045898438,45.06237030029297,-0.8495762944221497,-9.245864518447889e-9,0.5274657607078552,-2.426858713988622e-9,1,1.3619961158894967e-8,-0.5274657607078552,1.0291111074423043e-8,-0.8495762944221497],5,1.2470049858093262],[[759.5406494140625,228.0393524169922,44.90461349487305,-0.7933577299118042,1.0215154944148708e-8,0.6087557077407837,3.1566528946314068e-8,1,2.4358532968449255e-8,-0.6087557077407837,3.854133368008661e-8,-0.7933577299118042],5,1.2561695575714112],[[759.30615234375,228.73875427246095,44.77770233154297,-0.8053784370422363,3.008693028050402e-8,0.5927609801292419,5.930746027615896e-8,1,2.982318747513091e-8,-0.5927609801292419,5.917409851008415e-8,-0.8053784370422363],5,1.2812464237213135],[[759.0722045898438,229.38365173339845,44.649627685546878,-0.793542742729187,5.0070777746213938e-8,0.6085144877433777,8.754081193274033e-8,1,3.1875334371989086e-8,-0.6085144877433777,7.856429817820754e-8,-0.793542742729187],5,1.288801670074463],[[758.8405151367188,229.9740447998047,44.51755905151367,-0.7805747985839844,7.166443793948929e-8,0.6250624060630798,1.1620020501368345e-7,1,3.045858321115702e-8,-0.6250624060630798,9.640758236173497e-8,-0.7805747985839844],5,1.302628517150879],[[758.6688232421875,230.38107299804688,44.415096282958987,-0.7849957942962647,9.142166845776956e-8,0.6195010542869568,1.379815444124688e-7,1,2.7269146940511747e-8,-0.6195010542869568,1.0688587792628823e-7,-0.7849957942962647],5,1.3194544315338135],[[758.3872680664063,230.9913330078125,44.236656188964847,-0.7229794263839722,1.0399233474345238e-7,0.6908695697784424,1.5694621424700018e-7,1,1.3716851654521634e-8,-0.6908695697784424,1.1834636381991004e-7,-0.7229794263839722],5,1.3369872570037842],[[758.166015625,231.41822814941407,44.087860107421878,-0.726674497127533,9.024530811529985e-8,0.6869819164276123,1.1764907981159922e-7,1,-6.918260186949965e-9,-0.6869819164276123,7.57954694563523e-8,-0.726674497127533],5,1.352567434310913],[[758.0031127929688,231.70263671875,43.97187805175781,-0.7303472757339478,7.725013517756452e-8,0.683076024055481,8.79470576364838e-8,1,-1.90582625236857e-8,-0.683076024055481,4.615537463337205e-8,-0.7303472757339478],5,1.3693172931671143],[[757.7374877929688,232.1085205078125,43.77055740356445,-0.6638847589492798,4.798483388412933e-8,0.7478348612785339,3.756004929300616e-8,1,-3.0821357910326699e-8,-0.7478348612785339,7.626885789591143e-9,-0.6638847589492798],5,1.3869524002075196],[[757.5292358398438,232.37191772460938,43.60406494140625,-0.6743642091751099,2.4140145882256548e-8,0.7383989095687866,-2.860139014515539e-9,1,-3.530466230472484e-8,-0.7383989095687866,-2.5920122936895497e-8,-0.6743642091751099],5,1.4032495021820069],[[757.37548828125,232.53369140625,43.476192474365237,-0.6885177493095398,3.1979163761519659e-9,0.7252194881439209,-3.3250628916903227e-8,1,-3.597747522121608e-8,-0.7252194881439209,-4.888513416290152e-8,-0.6885177493095398],5,1.4187664985656739],[[757.173095703125,232.7017059326172,43.30253601074219,-0.6547898054122925,-2.4106597606987635e-8,0.7558110356330872,-7.376236510481249e-8,1,-3.200833020855498e-8,-0.7558110356330872,-7.670914214941149e-8,-0.6547898054122925],5,1.4354009628295899],[[756.9229125976563,232.83509826660157,43.082210540771487,-0.6183263659477234,-6.148186315613202e-8,0.7859213948249817,-1.2418328765306797e-7,1,-1.9472608414616844e-8,-0.7859213948249817,-1.0963873364744359e-7,-0.6183263659477234],5,1.4534707069396973],[[756.7147827148438,232.8804931640625,42.9290885925293,-0.648346483707428,-9.004379819543829e-8,0.761345386505127,-1.4710691687014333e-7,1,-7.0040004906957169e-9,-0.761345386505127,-1.165401926073173e-7,-0.648346483707428],5,1.4746465682983399],[[756.5499877929688,232.87876892089845,42.83879470825195,-0.6732301712036133,-8.903023029915858e-8,0.7394329905509949,-1.2534351867543592e-7,1,6.282096176590812e-9,-0.7394329905509949,-8.845383092648263e-8,-0.6732301712036133],5,1.495887041091919],[[756.3182983398438,232.82879638671876,42.751075744628909,-0.6538958549499512,-7.890442788038854e-8,0.7565845847129822,-9.607331463712399e-8,1,2.1256692406268486e-8,-0.7565845847129822,-5.8787922085912217e-8,-0.6538958549499512],5,1.5013177394866944],[[756.0731811523438,232.7243194580078,42.700706481933597,-0.6539560556411743,-6.913667505159538e-8,0.7565325498580933,-6.672156160902887e-8,1,3.3711312852346967e-8,-0.7565325498580933,-2.8431314191834646e-8,-0.6539560556411743],5,1.5184946060180665],[[755.7481079101563,232.51707458496095,42.68910217285156,-0.6327571868896484,-5.393280488874552e-8,0.7743502855300903,-2.9735174322809145e-8,1,4.5351129074333588e-8,-0.7743502855300903,5.67081048785667e-9,-0.6327571868896484],5,1.537381887435913],[[755.481689453125,232.28997802734376,42.696842193603519,-0.6526868343353272,-3.9793370376628448e-8,0.7576277852058411,-8.5089442436459e-11,1,5.245033563028301e-8,-0.7576277852058411,3.4169179485843418e-8,-0.6526868343353272],5,1.552664041519165],[[755.215087890625,232.0083770751953,42.70492172241211,-0.6526398062705994,-2.401751331149171e-8,0.7576683163642883,2.971951573726983e-8,1,5.729901886297739e-8,-0.7576683163642883,5.99131553258303e-8,-0.6526398062705994],5,1.5735139846801758],[[754.948486328125,231.67227172851563,42.713008880615237,-0.6550321578979492,-6.236160920991551e-9,0.7556010484695435,5.970822058998238e-8,1,6.001442898195819e-8,-0.7556010484695435,8.442697208010941e-8,-0.6550321578979492],5,1.5865378379821778],[[754.681884765625,231.2816619873047,42.72188949584961,-0.659957766532898,1.375193114938611e-8,0.7513027191162109,8.99214427363404e-8,1,6.068449209806204e-8,-0.7513027191162109,1.076074198635979e-7,-0.659957766532898],5,1.6028215885162354],[[754.4821166992188,230.95294189453126,42.72978210449219,-0.6869434714317322,3.37089609558916e-8,0.726710855960846,1.1277955280775132e-7,1,6.022232668101424e-8,-0.726710855960846,1.2332746734955436e-7,-0.6869434714317322],5,1.6200158596038819],[[754.149169921875,230.3369598388672,42.746437072753909,-0.6576296091079712,5.721630103039388e-8,0.7533414363861084,1.511777725227148e-7,1,5.6020649452648288e-8,-0.7533414363861084,1.5072930636961247e-7,-0.6576296091079712],5,1.6368536949157715],[[753.883056640625,229.78285217285157,42.76327133178711,-0.687544047832489,6.472905056398304e-8,0.7261426448822022,1.3223798589478975e-7,1,3.606782073006798e-8,-0.7261426448822022,1.2082185207873409e-7,-0.687544047832489],5,1.6550171375274659],[[753.6836547851563,229.3314971923828,42.778560638427737,-0.7107104659080505,6.248145467679933e-8,0.7034846544265747,1.0589911880742875e-7,1,1.8169776794252358e-8,-0.7034846544265747,8.741185553162723e-8,-0.7107104659080505],5,1.6689519882202149],[[753.3515625,228.51113891601563,42.80644226074219,-0.6653760075569153,4.4407077126606967e-8,0.7465084195137024,6.068929536695578e-8,1,-5.392942981075066e-9,-0.7465084195137024,4.171673495534378e-8,-0.6653760075569153],5,1.6871404647827149],[[753.085693359375,227.7935333251953,42.8261604309082,-0.661842942237854,3.0587379740154577e-8,0.7496424913406372,2.390097009197234e-8,1,-1.970097684989014e-8,-0.7496424913406372,4.878230708271758e-9,-0.661842942237854],5,1.7026183605194092],[[753.036865234375,227.08384704589845,42.654212951660159,-0.5284777879714966,-0.005573856178671122,0.8489288091659546,-0.010961271822452546,0.9999399185180664,-0.00025828738580457866,-0.8488763570785523,-0.009441838599741459,-0.5285071134567261],5,1.7207412719726563],[[753.214111328125,227.56817626953126,42.31145095825195,-0.16643042862415315,0.06185406446456909,0.9841112494468689,0.020811131224036218,0.9980286359786987,-0.05920928344130516,-0.9858335852622986,0.010626241564750672,-0.16738958656787873],7,1.73805832862854],[[753.149658203125,228.0439453125,42.180137634277347,0.3613884449005127,0.024124683812260629,0.9321032166481018,0.018388764932751657,0.999286413192749,-0.03299308195710182,-0.932233989238739,0.029063545167446138,0.3606869578361511],7,1.7525596618652344],[[753.034423828125,228.63038635253907,42.01607131958008,0.6037290692329407,-0.015296787023544312,0.7970427870750427,0.0025032751727849247,0.9998473525047302,0.017292862758040429,-0.7971856594085693,-0.008444986306130886,0.6036751866340637],7,1.7693235874176026],[[752.9329223632813,229.16217041015626,41.890777587890628,0.5928541421890259,-0.00849050935357809,0.8052650690078735,-0.002978613832965493,0.9999144673347473,0.012735764496028424,-0.8053043484687805,-0.009949024766683579,0.5927781462669373],8,1.787607192993164],[[752.8422241210938,230.0454864501953,41.7799072265625,0.400661438703537,0.0013726754114031792,0.9162251353263855,-0.00004611317126546055,0.999998927116394,-0.0014780190540477634,-0.9162262082099915,0.0005499351536855102,0.40066105127334597],3,1.803164005279541],[[752.7239990234375,231.09854125976563,41.60166931152344,0.1963401734828949,0.0030335048213601114,0.9805311560630798,0.001168268732726574,0.9999938011169434,-0.003327649552375078,-0.9805351495742798,0.0017988751642405987,0.19633540511131288],5,1.821314811706543],[[752.6055908203125,231.8796844482422,41.42768478393555,-0.1310545802116394,0.001353788422420621,0.9913742542266846,0.0000616608012933284,0.9999991059303284,-0.0013574149925261736,-0.9913751482963562,-0.00011676651774905622,-0.13105453550815583],5,1.8365349769592286],[[752.4934692382813,232.42977905273438,41.29872512817383,-0.4085279107093811,0.00031705049332231283,0.9127457737922669,-0.00030008982867002487,0.9999998211860657,-0.0004816735745407641,-0.9127457737922669,-0.00047068283311091363,-0.40852776169776919],5,1.8524768352508546],[[752.3175048828125,233.11553955078126,41.14849853515625,-0.5130086541175842,-0.00011519927647896111,0.8583834171295166,-0.00023989130568224937,1,-0.00000916495355340885,-0.8583834171295166,-0.000210620419238694,-0.5130086541175842],5,1.8699102401733399],[[752.062744140625,233.89610290527345,41.00386428833008,-0.5570245981216431,-0.00007889523840276524,0.8304960131645203,-0.00005406241325545125,1,0.00005873736517969519,-0.8304960131645203,-0.000012180460544186645,-0.5570245981216431],5,1.8866820335388184],[[751.8346557617188,234.45924377441407,40.92562484741211,-0.6038150191307068,-0.000019763241652981379,0.797124445438385,0.0000013047534821453156,1,0.00002578150997578632,-0.797124445438385,0.000016607313227723354,-0.6038150191307068],5,1.9041693210601807],[[751.6083984375,234.96788024902345,40.83724594116211,-0.6120924949645996,0.0000015570732330161264,0.7907862067222595,0.000008602646630606614,1,0.000004689690285886172,-0.7907862067222595,0.00000967337837209925,-0.6120924949645996],5,1.9226248264312745],[[751.396484375,235.42201232910157,40.71180725097656,-0.6313737630844116,0.000003717270146808005,0.7754786610603333,0.000004228719262755476,1,-0.0000013506078175851144,-0.7754786610603333,0.00000242654346038762,-0.6313737630844116],5,1.9455413818359376],[[751.2455444335938,235.7268524169922,40.59295654296875,-0.6809261441230774,0.000002182952130169724,0.732352077960968,0.0000014719231558046886,1,-0.0000016121770158861182,-0.732352077960968,-1.9807467666055346e-8,-0.6809261441230774],5,1.9520323276519776],[[751.045654296875,236.0856170654297,40.417945861816409,-0.6884148716926575,4.909138056063966e-7,0.725317120552063,-5.147025206042599e-8,1,-7.256779781528167e-7,-0.725317120552063,-5.368997904042772e-7,-0.6884148716926575],5,1.9696447849273682],[[750.7872314453125,236.45742797851563,40.20750427246094,-0.7033590078353882,-1.089884023031118e-7,0.710834801197052,-2.230438980177496e-7,1,-6.737364088849063e-8,-0.710834801197052,-2.0593522265244247e-7,-0.7033590078353882],5,1.9880781173706055],[[750.626220703125,236.63963317871095,40.0889892578125,-0.7903454303741455,-1.295494485020754e-7,0.6126614809036255,-1.2418016126503063e-7,1,5.1258680855426067e-8,-0.6126614809036255,-3.55683305031107e-8,-0.7903454303741455],5,2.0026965141296388],[[750.4019775390625,236.83489990234376,39.94483947753906,-0.8111897110939026,-6.470661162438773e-8,0.5847830176353455,-8.449709265612171e-10,1,1.0947851336595704e-7,-0.5847830176353455,8.831371900441809e-8,-0.8111897110939026],5,2.0194239616394045],[[750.1098022460938,237.00233459472657,39.78459930419922,-0.8300782442092896,2.1189908494534394e-8,0.5576469302177429,9.146539525772823e-8,1,9.815086343678559e-8,-0.5576469302177429,1.324782914480238e-7,-0.8300782442092896],5,2.0361580848693849],[[749.9288940429688,237.06192016601563,39.69944381713867,-0.8943710327148438,6.922006434706418e-8,0.4473259449005127,1.1484316786436466e-7,1,7.487233233405277e-8,-0.4473259449005127,1.1833597568511323e-7,-0.8943710327148438],5,2.0523111820220949],[[749.6256713867188,237.09310913085938,39.59800338745117,-0.915058434009552,1.0933224103837347e-7,0.4033213257789612,1.2932093795825495e-7,1,2.2324570636556019e-8,-0.4033213257789612,7.258618239802672e-8,-0.915058434009552],5,2.0722851753234865],[[749.384521484375,237.05674743652345,39.561492919921878,-0.942772626876831,1.4016139004979778e-7,0.3334362804889679,1.4202387887962687e-7,1,-1.8789693356779936e-8,-0.3334362804889679,2.964150525031073e-8,-0.942772626876831],5,2.097025156021118],[[749.1463623046875,236.96588134765626,39.5645866394043,-0.9700825810432434,1.6770218280726113e-7,0.24277523159980775,1.5771092876093463e-7,1,-6.058920121176925e-8,-0.24277523159980775,-2.0488220897618704e-8,-0.9700825810432434],5,2.103919744491577],[[748.9713134765625,236.86196899414063,39.59270477294922,-0.9870803952217102,1.320576217267444e-7,0.16022580862045289,1.2313617503423303e-7,1,-6.560934195931623e-8,-0.16022580862045289,-4.503209893869098e-8,-0.9870803952217102],5,2.1198461055755617],[[748.7452392578125,236.6757354736328,39.664161682128909,-0.9895412921905518,8.694583186752425e-8,0.1442498117685318,7.766233522943367e-8,1,-6.998787682732655e-8,-0.1442498117685318,-5.8053114315725909e-8,-0.9895412921905518],5,2.135895013809204],[[748.4772338867188,236.36630249023438,39.8073844909668,-0.9907918572425842,3.083126642877687e-8,0.13539384305477143,2.1355917922960545e-8,1,-7.143601266079713e-8,-0.13539384305477143,-6.788675932511978e-8,-0.9907918572425842],5,2.1561715602874758],[[748.3258056640625,236.13975524902345,39.92158508300781,-0.9990234375,-9.195880501522425e-9,0.04418278858065605,-1.2378891689479588e-8,1,-7.176829086574799e-8,-0.04418278858065605,-7.224514320114395e-8,-0.9990234375],5,2.16890549659729],[[748.1380004882813,235.79002380371095,40.104251861572269,-0.9994956254959106,-5.510493394922378e-8,0.03175666183233261,-5.736436747838525e-8,1,-7.02371991678774e-8,-0.03175666183233261,-7.202347518386887e-8,-0.9994956254959106],5,2.1861040592193605],[[747.9200439453125,235.27621459960938,40.35615158081055,-0.9999330639839172,-1.1309562353289948e-7,0.01156861986964941,-1.1385587583845336e-7,1,-6.505845817628142e-8,-0.01156861986964941,-6.637125693487178e-8,-0.9999330639839172],5,2.2031781673431398],[[747.7554321289063,234.80384826660157,40.565860748291019,-0.9979033470153809,-1.4579588025753765e-7,-0.06472163647413254,-1.4261952685501456e-7,1,-5.369741273852924e-8,0.06472163647413254,-4.435425893234424e-8,-0.9979033470153809],5,2.2206499576568605],[[747.639404296875,234.41380310058595,40.728729248046878,-0.9902433156967163,-1.3090446771002463e-7,-0.13934917747974397,-1.2812522243166314e-7,1,-2.891528616544292e-8,0.13934917747974397,-1.0779025672036369e-8,-0.9902433156967163],5,2.2358829975128176],[[747.49560546875,233.8460693359375,40.953250885009769,-0.9875930547714233,-1.0756656365629169e-7,-0.15703491866588593,-1.0936444994058547e-7,1,2.808363763762145e-9,0.15703491866588593,1.9947558271837808e-8,-0.9875930547714233],5,2.252230167388916],[[747.3622436523438,233.2238311767578,41.18414306640625,-0.9787842631340027,-8.270659179743234e-8,-0.20489361882209779,-9.1548287173282e-8,1,3.3673217103569189e-8,0.20489361882209779,5.171647288193526e-8,-0.9787842631340027],5,2.269991397857666],[[747.2101440429688,232.369384765625,41.48069763183594,-0.9746096730232239,-5.2015547424844047e-8,-0.22391073405742646,-6.970197574673876e-8,1,7.108489086249392e-8,0.22391073405742646,8.488703429065936e-8,-0.9746096730232239],5,2.287128448486328],[[747.1267700195313,231.81585693359376,41.662471771240237,-0.9377443790435791,-2.1899973390304696e-8,-0.34732624888420107,-5.824407622867511e-8,1,9.41998479220274e-8,0.34732624888420107,1.0856507515200065e-7,-0.9377443790435791],5,2.3035905361175539],[[746.9852294921875,230.83505249023438,41.90822219848633,-0.9380504488945007,-0.011663386598229409,-0.346302330493927,0.00023899806546978652,0.9994112849235535,-0.034307342022657397,0.34649860858917239,-0.03226478397846222,-0.9374954104423523],5,2.320878267288208],[[746.8065185546875,230.02586364746095,41.91761016845703,-0.9228324890136719,-0.016537556424736978,-0.3848462998867035,0.0009260655497200787,0.9989798665046692,-0.04514864459633827,0.3852003514766693,-0.04202103242278099,-0.9218757748603821],5,2.335747241973877],[[746.6533203125,229.16253662109376,41.994224548339847,-0.9256141185760498,-0.008569988422095776,-0.37837153673171999,-0.002150591928511858,0.9998465776443481,-0.017385175451636316,0.37846246361732485,-0.015278240665793419,-0.9254905581474304],5,2.3534698486328127],[[746.4935913085938,228.2559356689453,42.03853225708008,-0.9416986107826233,-0.01318220142275095,-0.33619919419288638,-0.004368309862911701,0.9996269941329956,-0.026959175243973733,0.3364291787147522,-0.023918796330690385,-0.9414049386978149],5,2.369675874710083],[[746.2908325195313,228.63638305664063,41.97966766357422,-0.985293447971344,-0.004816475324332714,-0.1708029955625534,-0.0027417584788054229,0.999919593334198,-0.012380645610392094,0.17084889113903047,-0.011730268597602845,-0.9852274060249329],7,2.3881258964538576],[[745.9700317382813,229.2430419921875,41.84111022949219,-0.9619221091270447,0.007456181105226278,0.2732219696044922,0.004972207359969616,0.9999397993087769,-0.009782718494534493,-0.27327847480773928,-0.008051697164773941,-0.9619012475013733],7,2.402487277984619],[[745.7715454101563,229.7406768798828,41.9213981628418,-0.7367857098579407,0.002592247910797596,0.6761213541030884,0.0005835077608935535,0.999994695186615,-0.003198115387931466,-0.6761260628700256,-0.001961803762242198,-0.7367833256721497],8,2.421833038330078],[[745.60107421875,230.62400817871095,42.015953063964847,-0.592812716960907,-0.003580754389986396,0.805332362651825,-0.0006158694159239531,0.9999918341636658,0.003992922604084015,-0.8053401112556458,0.0018710759468376637,-0.5928100943565369],3,2.436969041824341],[[745.4658813476563,231.2660675048828,42.07401657104492,-0.6341602206230164,-0.0037192064337432386,0.7731927037239075,-0.0006358304526656866,0.9999905824661255,0.004288650117814541,-0.7732014060020447,0.002228071913123131,-0.6341566443443298],5,2.4534084796905519],[[745.2811279296875,232.074462890625,42.117984771728519,-0.780249834060669,-0.0010646600276231766,0.62546706199646,0.00009740488167153671,0.9999983310699463,0.0018236904870718718,-0.6254679560661316,0.0014838577480986715,-0.7802484035491943],5,2.470749616622925],[[745.0411987304688,233.00833129882813,42.11835479736328,-0.9612737894058228,0.00032470698351971805,0.27559491991996767,0.00040865837945602834,0.9999998807907105,0.0002471949264872819,-0.2755948007106781,0.000350246176822111,-0.9612738490104675],5,2.500596761703491],[[744.8198852539063,233.69410705566407,42.095401763916019,-0.9961060881614685,0.00020591641077771783,0.08816254138946533,0.00020008307183161378,1,-0.00007500288484152406,-0.08816255629062653,-0.00005707099990104325,-0.9961060881614685],5,2.5067460536956789],[[744.6334228515625,234.17266845703126,42.087913513183597,-0.9998626708984375,0.00006857583503006026,-0.016570499166846277,0.00007004763756413013,1,-0.00008824001997709274,0.016570493578910829,-0.00008938862447394058,-0.9998626708984375],5,2.520617723464966],[[744.3720703125,234.76307678222657,42.107574462890628,-0.9995890855789185,-0.000004124427960050525,-0.028663963079452516,-0.0000029979719329276124,1,-0.00003934165943064727,0.028663963079452516,-0.00003923956319340505,-0.9995890855789185],5,2.5358974933624269],[[744.0429077148438,235.4244384765625,42.15924072265625,-0.9990965127944946,-0.000011223985893593636,-0.04249925538897514,-0.000011081190677941777,1,-0.000003595520638555172,0.04249925538897514,-0.0000031213298825605308,-0.9990965127944946],5,2.553750991821289],[[743.846923828125,235.78038024902345,42.1989860534668,-0.9880800843238831,-0.00000576006868868717,-0.15394076704978944,-0.0000061411801652866419,1,0.0000020001809843961384,0.15394076704978944,0.000002921716941273189,-0.9880800843238831],5,2.568777084350586],[[743.58837890625,236.207275390625,42.2642936706543,-0.9894053936004639,-0.0000010103134400196723,-0.1451789140701294,-0.0000013263949085740024,1,0.0000020803911411348965,0.1451789140701294,0.0000022509148038807327,-0.9894053936004639],5,2.5856664180755617],[[743.331787109375,236.57968139648438,42.33676528930664,-0.9872810244560242,3.5867398651134865e-7,-0.15898476541042329,2.402698839887307e-7,1,7.639731052222487e-7,0.15898476541042329,7.160568884501117e-7,-0.9872810244560242],5,2.6019961833953859],[[742.7571411132813,237.2183074951172,42.509464263916019,-0.999944269657135,5.070765141113043e-8,-0.01055515930056572,5.1632877529073087e-8,1,-8.738390988582978e-8,0.01055515930056572,-8.792403605184518e-8,-0.999944269657135],5,2.6396703720092775],[[742.6300048828125,237.32275390625,42.549617767333987,-0.9589734673500061,-4.4093361850627846e-8,-0.28349581360816958,-1.4174354134866008e-8,1,-1.0758724044990231e-7,0.28349581360816958,-9.915493848211554e-8,-0.9589734673500061],5,2.646153211593628],[[742.50439453125,237.41358947753907,42.59434509277344,-0.9549204111099243,-7.932027301649214e-8,-0.2968619465827942,-5.232216082617924e-8,1,-9.889031815646377e-8,0.2968619465827942,-7.889993014487118e-8,-0.9549204111099243],5,2.6546459197998049],[[742.3175048828125,237.52427673339845,42.66557693481445,-0.9580180644989014,-1.2847716845953983e-7,-0.2867077887058258,-1.0935701766356942e-7,1,-8.270149010058958e-8,0.2867077887058258,-4.787601426414767e-8,-0.9580180644989014],5,2.668975830078125],[[742.0089721679688,237.64064025878907,42.791656494140628,-0.9701080918312073,-1.2081510192274437e-7,-0.2426731288433075,-1.1842011105045458e-7,1,-2.4455923508526213e-8,0.2426731288433075,5.012490866818098e-9,-0.9701080918312073],5,2.686573028564453],[[741.7643432617188,237