[[[776,222.69961547851563,47,1,-5.679246228851298e-8,-2.7696814822495516e-15,5.679246228851298e-8,1,3.771231771310113e-9,2.555504119338618e-15,-3.771231771310113e-9,1],8,0.0051784515380859379],[[776,222.69961547851563,47,1,-1.0283778273389999e-8,-2.72054107757283e-15,1.0283778273389999e-8,1,6.828785314993979e-10,2.7135185391653816e-15,-6.828785314993979e-10,1],8,0.020917177200317384],[[776,222.69961547851563,47,1,3.618516331016508e-8,-2.815368533600317e-15,-3.618516331016508e-8,1,-2.4028368184048078e-9,2.7284214485976106e-15,2.4028368184048078e-9,1],8,0.04397082328796387],[[776,222.69961547851563,47,1,8.261440598289482e-8,-3.0533346050766508e-15,-8.261440598289482e-8,1,-5.485916165781646e-9,2.6001188269781599e-15,5.485916165781646e-9,1],8,0.054949283599853519],[[776,222.69961547851563,47,1,9.362351249819767e-8,-3.1642501813878124e-15,-9.362351249819767e-8,1,-6.216962500360523e-9,2.5821962450889694e-15,6.216962500360523e-9,1],8,0.07184219360351563],[[776,222.69961547851563,47,1,6.925786522060662e-8,-3.0528477728902164e-15,-6.925786522060662e-8,1,-4.598988301296458e-9,2.7343316209870774e-15,4.598988301296458e-9,1],8,0.09037113189697266],[[776,222.69961547851563,47,1,3.883008048433112e-8,-2.9631349135564876e-15,-3.883008048433112e-8,1,-2.578463886848681e-9,2.8630128663339508e-15,2.578463886848681e-9,1],8,0.11024951934814453],[[776,222.69961547851563,47,1,1.451125353213456e-8,-2.935151486078047e-15,-1.451125353213456e-8,1,-9.635978681643565e-10,2.9211684544265365e-15,9.635978681643565e-10,1],8,0.12593984603881837],[[776,222.69961547851563,47,1,-9.786793597754695e-9,-2.9463642964755629e-15,9.786793597754695e-9,1,6.498888094341737e-10,2.940004137832867e-15,-6.498888094341737e-10,1],8,0.14089393615722657],[[775.8990478515625,222.69961547851563,46.995880126953128,0.9954187273979187,-2.804741150441714e-8,0.09561118483543396,2.7749608833005369e-8,1,4.4443653202108639e-9,-0.09561118483543396,-1.7708318145182034e-9,0.9954187273979187],8,0.15674781799316407],[[775.6421508789063,222.69961547851563,46.98538589477539,0.9615145325660706,-5.276543646459686e-8,0.2747541666030884,4.996386948619147e-8,1,1.7195199930597483e-8,-0.2747541666030884,-2.8056528211806155e-9,0.9615145325660706],8,0.1773972511291504],[[775.3759155273438,222.69961547851563,46.97451400756836,0.8997189998626709,-7.826137959909829e-8,0.4364696145057678,6.906696370378995e-8,1,3.693389061254493e-8,-0.4364696145057678,-3.0844911069749516e-9,0.8997189998626709],8,0.18928790092468263],[[775.1095581054688,222.69961547851563,46.9636344909668,0.8234834671020508,-1.0471350009311209e-7,0.5673403143882752,8.486908598115406e-8,1,6.138328245697267e-8,-0.5673403143882752,-2.398467424669093e-9,0.8234834671020508],8,0.20478296279907227],[[774.8432006835938,222.69961547851563,46.952754974365237,0.7425460815429688,-1.1394389787255932e-7,0.6697949767112732,8.408923690694792e-8,1,7.689482117712032e-8,-0.6697949767112732,-7.753992448122915e-10,0.7425460815429688],8,0.22218918800354005],[[774.5768432617188,222.69961547851563,46.94187545776367,-0.9942650198936462,8.25766193202071e-8,-0.10694396495819092,7.813722646687893e-8,1,4.570158296246518e-8,0.10694396495819092,3.708318274675548e-8,-0.9942650198936462],8,0.2389078140258789],[[774.3104858398438,222.69961547851563,46.93099594116211,-1,5.885028642182988e-8,-0.000027689235139405356,5.885027576368884e-8,1,3.904113698993683e-10,0.000027689235139405356,3.8878186781055037e-10,-1],8,0.2629725933074951],[[774.0441284179688,222.69961547851563,46.92011642456055,-0.9996681213378906,4.0986332550119189e-8,0.025760473683476449,3.97793513684519e-8,1,-4.736646275205203e-8,-0.025760473683476449,-4.632600791865116e-8,-0.9996681213378906],8,0.2709996700286865],[[773.7775268554688,222.69961547851563,46.912017822265628,-0.999941885471344,2.2447814274073609e-8,0.010783075354993344,2.1419143791945318e-8,1,-9.551222746040367e-8,-0.010783075354993344,-9.52757090999512e-8,-0.999941885471344],8,0.287503719329834],[[773.5109252929688,222.69961547851563,46.908363342285159,-0.999979555606842,2.5848090334790187e-9,-0.006396387238055468,3.157821115706838e-9,1,-8.95736036454764e-8,0.006396387238055468,-8.95919711751958e-8,-0.999979555606842],8,0.305497407913208],[[773.2443237304688,222.69961547851563,46.909358978271487,-0.999673068523407,-1.7471354141207486e-8,-0.02556946687400341,-1.579183539490714e-8,1,-6.588644652083531e-8,0.02556946687400341,-6.546111563920931e-8,-0.999673068523407],8,0.3220512866973877],[[772.9777221679688,222.69961547851563,46.91541290283203,-0.9989174008369446,-3.71621453609805e-8,-0.046518679708242419,-3.521756752888905e-8,1,-4.2621621787475308e-8,0.046518679708242419,-4.0937205625368736e-8,-0.9989174008369446],8,0.33864760398864748],[[772.7111206054688,223.56251525878907,46.92212677001953,-0.9977226853370667,-5.631902055824867e-8,-0.06744997948408127,-5.510977985068166e-8,1,-1.978867736340817e-8,0.06744997948408127,-1.6026458382611964e-8,-0.9977226853370667],3,0.3575859069824219],[[772.4449462890625,224.37091064453126,46.93845748901367,-0.9999935626983643,-7.559719250593844e-8,0.0035882415249943735,-7.556366909966528e-8,1,9.478317686273386e-9,-0.0035882415249943735,9.207115958531631e-9,-0.9999935626983643],5,0.3766055107116699],[[771.9136352539063,225.82420349121095,46.984710693359378,-0.9876949191093445,-1.2013443040359562e-7,0.15639299154281617,-1.0851196208250258e-7,1,8.285358887860639e-8,-0.15639299154281617,6.486356340928978e-8,-0.9876949191093445],5,0.4041626453399658],[[771.7809448242188,226.15347290039063,46.99803924560547,-0.9986711144447327,-1.1295485791151805e-7,-0.05153663828969002,-1.1837757796229198e-7,1,1.0216836443532884e-7,0.05153663828969002,1.0813337780746224e-7,-0.9986711144447327],5,0.41318655014038088],[[771.6484985351563,226.46910095214845,47.01320266723633,-0.9984868168830872,-9.577573933938766e-8,-0.054991137236356738,-1.0132737315871054e-7,1,9.81669145971864e-8,0.054991137236356738,1.0359048019381589e-7,-0.9984868168830872],5,0.4304311275482178],[[771.3838500976563,227.0594940185547,47.04533386230469,-0.9999796748161316,-6.871233182437209e-8,0.006373854819685221,-6.815655950731525e-8,1,8.741307766513273e-8,-0.006373854819685221,8.697688258507697e-8,-0.9999796748161316],5,0.44046759605407717],[[771.1192016601563,227.5953826904297,47.07887268066406,-0.9999958276748657,-3.594711373011705e-8,0.0028856471180915834,-3.573286377900331e-8,1,7.429932935565376e-8,-0.0028856471180915834,7.419590986046387e-8,-0.9999958276748657],5,0.4555821418762207],[[770.8547973632813,228.0767822265625,47.1134033203125,-0.9999993443489075,-4.073771542323357e-9,0.001146215945482254,-4.006555975877291e-9,1,5.864351493301001e-8,-0.001146215945482254,5.863888574708653e-8,-0.9999993443489075],5,0.47111940383911135],[[770.5903930664063,228.50367736816407,47.14846420288086,-0.9999998211860657,2.7107429190209588e-8,-0.0005936049856245518,2.7083526532578618e-8,1,4.027543099027753e-8,0.0005936049856245518,4.02593478554536e-8,-0.9999998211860657],5,0.48807501792907717],[[770.3259887695313,228.87606811523438,47.18398666381836,-0.9999998211860657,5.756423249181353e-8,-0.0005938375252299011,5.755300591658852e-8,1,1.8924183109447769e-8,0.0005938375252299011,1.8890002451144029e-8,-0.9999998211860657],5,0.5052769184112549],[[770.0618286132813,229.1939697265625,47.21957015991211,-0.999995768070221,8.736810030995912e-8,0.00290278741158545,8.735169387819042e-8,1,-5.776680467306505e-9,-0.00290278741158545,-5.523092649895034e-9,-0.999995768070221],5,0.520744800567627],[[769.7974243164063,229.45736694335938,47.254371643066409,-0.999979555606842,1.1669747124187779e-7,0.006398152559995651,1.1648145203935201e-7,1,-3.413482829728309e-8,-0.006398152559995651,-3.338886145343167e-8,-0.999979555606842],5,0.5385584831237793],[[769.5330200195313,229.666259765625,47.288246154785159,-0.9999510645866394,1.4557778627022345e-7,0.009891520254313946,1.449269433351219e-7,1,-6.651427497672558e-8,-0.009891520254313946,-6.507747940531772e-8,-0.9999510645866394],5,0.5556979179382324],[[769.2683715820313,229.82064819335938,47.32120132446289,-0.9999510645866394,1.0956387797023126e-7,0.009891674853861332,1.0891214685671003e-7,1,-6.642574845727722e-8,-0.009891674853861332,-6.534517638101534e-8,-0.9999510645866394],5,0.5714480876922607],[[769.0037231445313,229.92054748535157,47.35402297973633,-0.9999510645866394,7.413361657881978e-8,0.009891840629279614,7.351220432383343e-8,1,-6.318417433703871e-8,-0.009891840629279614,-6.245391404036127e-8,-0.9999510645866394],5,0.5893721580505371],[[768.7390747070313,229.9659423828125,47.386844635009769,-0.9999104142189026,3.9444646660058427e-8,0.013383162207901478,3.8689496051347308e-8,1,-5.668442071282698e-8,-0.013383162207901478,-5.616155718257687e-8,-0.9999104142189026],5,0.6141407489776611],[[768.4744262695313,229.9568328857422,47.41887283325195,-0.9997926950454712,5.3889701590037479e-9,0.020362263545393945,4.4375116914352478e-9,1,-4.677173492950715e-8,-0.020362263545393945,-4.667167985417109e-8,-0.9997926950454712],5,0.6300885677337647],[[768.2095336914063,229.8932342529297,47.449188232421878,-0.9997155666351318,-2.8495016124452378e-8,0.023849138990044595,-2.9301727266783929e-8,1,-3.3476140970378768e-8,-0.023849138990044595,-3.416543847833964e-8,-0.9997155666351318],5,0.6374037265777588],[[767.8781127929688,229.73709106445313,47.48573303222656,-0.9981611371040344,-6.959390219662964e-8,0.06061677262187004,-7.040333827035283e-8,1,-1.1217591300294316e-8,-0.06061677262187004,-1.5464587832525468e-8,-0.9981611371040344],5,0.6590595245361328],[[767.6129760742188,229.5508575439453,47.51406478881836,-0.999469518661499,-1.0337154066064613e-7,0.032567884773015979,-1.0309003073416534e-7,1,1.0322947829877194e-8,-0.032567884773015979,6.960047205240016e-9,-0.999469518661499],5,0.6747536659240723],[[767.3185424804688,229.24143981933595,47.54539108276367,-0.9990646243095398,-1.4493566879991705e-7,-0.043241389095783237,-1.4621944899317897e-7,1,2.6525576402036678e-8,0.043241389095783237,3.2823496809442079e-8,-0.9990646243095398],5,0.6969637870788574],[[767.1715087890625,229.01490783691407,47.56103515625,-0.9985154867172241,-1.3662211983955786e-7,-0.05446884036064148,-1.3828042710883893e-7,1,2.6676337583353417e-8,0.05446884036064148,3.4168710527637816e-8,-0.9985154867172241],5,0.7171599864959717],[[767.010009765625,228.66517639160157,47.578216552734378,-0.9999831318855286,-1.0512169268395155e-7,-0.005812418647110462,-1.0524111360155075e-7,1,2.024009049250708e-8,0.005812418647110462,2.0851453896852946e-8,-0.9999831318855286],5,0.7242043018341065],[[766.9148559570313,228.3671112060547,47.58834457397461,-0.9979804158210754,-8.159036468669001e-8,0.06352205574512482,-8.08858899858933e-8,1,1.3661867193093258e-8,-0.06352205574512482,8.496238379507304e-9,-0.9979804158210754],5,0.7367880344390869],[[766.8224487304688,227.92201232910157,47.59817123413086,-0.9901630878448486,-4.9061771534297807e-8,0.13991817831993104,-4.920632434846084e-8,1,2.4263102638144575e-9,-0.13991817831993104,-4.4824162159784468e-9,-0.9901630878448486],5,0.7545008659362793],[[766.81103515625,227.4224090576172,47.599388122558597,-0.9749684929847717,-1.560221640772852e-8,0.2223430722951889,-1.860524889707449e-8,1,-1.1411716904774494e-8,-0.2223430722951889,-1.5262813235494833e-8,-0.9749684929847717],7,0.7714588642120361],[[766.6840209960938,226.86830139160157,47.57068634033203,-0.9335053563117981,1.9528730632600856e-8,0.3585633933544159,9.659838262621179e-9,1,-2.931481724033347e-8,-0.3585633933544159,-2.3901874257603596e-8,-0.9335053563117981],7,0.7901411056518555],[[766.44140625,226.80580139160157,47.48369598388672,-0.9142690896987915,5.358609911354506e-8,0.40510740876197817,3.7023198729002618e-8,1,-4.872024916835471e-8,-0.40510740876197817,-2.9545047297574457e-8,-0.9142690896987915],8,0.8121871948242188],[[766.1966552734375,226.87493896484376,47.37837600708008,-0.8591461777687073,8.955399977139678e-8,0.5117303133010864,6.169542388079208e-8,1,-7.142163127582535e-8,-0.5117303133010864,-2.9790200528623246e-8,-0.8591461777687073],8,0.8204758167266846],[[765.9646606445313,226.9288787841797,47.247314453125,-0.7902497053146362,1.0764276936470196e-7,0.6127849221229553,7.147554725861483e-8,1,-8.348644797706584e-8,-0.6127849221229553,-2.2176005032292779e-8,-0.7902497053146362],8,0.8369312286376953],[[765.75,226.96083068847657,47.089473724365237,-0.6938366293907166,7.177547445280652e-8,0.7201324105262756,5.016551440917283e-8,1,-5.133612290819656e-8,-0.7201324105262756,5.069305530902568e-10,-0.6938366293907166],8,0.8544406890869141],[[765.5595703125,226.9786376953125,46.903316497802737,-0.6582565903663635,3.371200918422801e-8,0.7527936697006226,3.0888710256249399e-8,1,-1.777288005655464e-8,-0.7527936697006226,1.1553709988731953e-8,-0.6582565903663635],8,0.8711390495300293],[[765.3818359375,226.9884033203125,46.70458221435547,-0.6508474946022034,-4.349485660526398e-9,0.7592085003852844,1.2066188048720506e-8,1,1.607296873373798e-8,-0.7592085003852844,1.962180284920123e-8,-0.6508474946022034],8,0.8899574279785156],[[765.2078247070313,226.99374389648438,46.50252914428711,-0.6470715999603272,-4.236598272200354e-8,0.7624292373657227,-6.569188304439422e-9,1,4.99918506591257e-8,-0.7624292373657227,2.7339764230305265e-8,-0.6470715999603272],8,0.9056901931762695],[[765.0350952148438,226.99664306640626,46.29935836791992,-0.6616243124008179,-7.971959803398932e-8,0.7498354911804199,-2.583815117418453e-8,1,8.351758395974685e-8,-0.7498354911804199,3.588290198308641e-8,-0.6616243124008179],8,0.9215233325958252],[[764.8592529296875,226.9982147216797,46.09891128540039,-0.6861462593078613,-9.940845302480739e-8,0.7274636030197144,-3.9076610391930447e-8,1,9.9793560082162e-8,-0.7274636030197144,4.0046167271157176e-8,-0.6861462593078613],8,0.9380917549133301],[[764.67724609375,226.9990692138672,45.90403366088867,-0.720889687538147,-6.74644269338387e-8,0.6930497884750366,-2.9343224738909158e-8,1,6.682231656895965e-8,-0.6930497884750366,2.7835206140025549e-8,-0.720889687538147],8,0.9556386470794678],[[764.4863891601563,226.99954223632813,45.71785354614258,-0.7618902325630188,-3.579564733513507e-8,0.647706151008606,-1.762339962851911e-8,1,3.453503083505893e-8,-0.647706151008606,1.4897116429324342e-8,-0.7618902325630188],8,0.9709060192108154],[[764.2848510742188,226.99978637695313,45.54332733154297,-0.806285560131073,-4.821477883609759e-9,0.5915265083312988,-3.6351739396423e-9,1,3.1959512813983794e-9,-0.5915265083312988,4.265476027942583e-10,-0.806285560131073],8,0.988823652267456],[[764.0817260742188,226.96592712402345,45.37057113647461,-0.8575140237808228,2.5029526895536948e-8,0.5144606232643127,1.3175775137597157e-8,1,-2.6690313958965818e-8,-0.5144606232643127,-1.6108900879885369e-8,-0.8575140237808228],8,1.0055489540100098],[[763.8786010742188,227.83905029296876,45.19784164428711,-0.8791552186012268,5.406792524809134e-8,0.47653549909591677,3.125992975583358e-8,1,-5.5789328712307909e-8,-0.47653549909591677,-3.415101446080371e-8,-0.8791552186012268],3,1.0230612754821778],[[763.6614379882813,228.66107177734376,45.045597076416019,-0.8496002554893494,8.333771006618918e-8,0.5274271368980408,4.31623519148161e-8,1,-8.84803981193727e-8,-0.5274271368980408,-5.240797662509067e-8,-0.8496002554893494],5,1.0467019081115723],[[763.4259033203125,229.4285888671875,44.921546936035159,-0.8469454050064087,1.0986780552002529e-7,0.5316798686981201,5.149895088152334e-8,1,-1.2460694165383757e-7,-0.5316798686981201,-7.815431501967396e-8,-0.8469454050064087],5,1.05354642868042],[[763.1842651367188,230.14161682128907,44.80867004394531,-0.8619901537895203,1.0554305163168465e-7,0.5069250464439392,4.533831443609415e-8,1,-1.3110789609527274e-7,-0.5069250464439392,-9.003058210055315e-8,-0.8619901537895203],5,1.0726656913757325],[[762.9390869140625,230.80014038085938,44.703880310058597,-0.8838858604431152,7.015449909886229e-8,0.4677026867866516,2.2454281989325865e-8,1,-1.0756293988833932e-7,-0.4677026867866516,-8.45714325237168e-8,-0.8838858604431152],5,1.0885963439941407],[[762.6895751953125,231.40415954589845,44.609886169433597,-0.9086090326309204,3.452046826168953e-8,0.41764771938323977,-7.595954976125086e-10,1,-8.430704667716782e-8,-0.41764771938323977,-7.691938463949555e-8,-0.9086090326309204],5,1.1052207946777344],[[762.4353637695313,231.95367431640626,44.52958297729492,-0.9317955374717712,-6.641759364711675e-10,0.36298349499702456,-2.4486368488396694e-8,1,-6.102787608597282e-8,-0.36298349499702456,-6.57536531889491e-8,-0.9317955374717712],5,1.1221718788146973],[[762.1768798828125,232.44869995117188,44.46431350708008,-0.9495291113853455,-3.45673463186813e-8,0.3136788308620453,-4.8680821151947387e-8,1,-3.7160660326662767e-8,-0.3136788308620453,-5.0555271968732998e-8,-0.9495291113853455],5,1.1399245262145997],[[761.9152221679688,232.88922119140626,44.412994384765628,-0.9623189568519592,-6.721172951529297e-8,0.27192315459251406,-7.32588887331076e-8,1,-1.2086831091551176e-8,-0.27192315459251406,-3.155217598305171e-8,-0.9623189568519592],5,1.1549432277679444],[[761.6515502929688,233.27523803710938,44.37348937988281,-0.9720538258552551,-9.892885799445139e-8,0.2347581833600998,-9.821128799103463e-8,1,1.474796640366094e-8,-0.2347581833600998,-8.720086874802746e-9,-0.9720538258552551],5,1.1709284782409669],[[761.3865356445313,233.60675048828126,44.34435272216797,-0.9806995391845703,-1.2987571551548172e-7,0.19552096724510194,-1.2370765034575016e-7,1,4.375842621584525e-8,-0.19552096724510194,1.8726430184301536e-8,-0.9806995391845703],5,1.1873672008514405],[[761.1204833984375,233.88377380371095,44.32582092285156,-0.9882990717887878,-1.4284735527780868e-7,0.15252839028835298,-1.3410968335847429e-7,1,6.757349524377787e-8,-0.15252839028835298,4.6327290448289207e-8,-0.9882990717887878],5,1.2054576873779297],[[760.7872924804688,234.15341186523438,44.317440032958987,-0.9928010702133179,-9.465416184184505e-8,0.11977473646402359,-8.6498857854167e-8,1,7.328758044877759e-8,-0.11977473646402359,6.239960725906713e-8,-0.9928010702133179],5,1.224055528640747],[[760.5208740234375,234.30780029296876,44.32676315307617,-0.9988330602645874,-5.254410240240759e-8,0.048296112567186359,-4.8919748252274078e-8,1,7.62264136255908e-8,-0.048296112567186359,7.377482802439772e-8,-0.9988330602645874],5,1.241447925567627],[[760.255126953125,234.40769958496095,44.34782409667969,-0.9997151494026184,-1.341102340290945e-8,0.023865872994065286,-1.1579758485424918e-8,1,7.686973191312063e-8,-0.023865872994065286,7.657147449435797e-8,-0.9997151494026184],5,1.2589161396026612],[[759.9899291992188,234.45309448242188,44.37594985961914,-0.999979555606842,2.518835806597508e-8,0.00639839842915535,2.5668631664643727e-8,1,7.497957454916104e-8,-0.00639839842915535,7.514228173022275e-8,-0.999979555606842],5,1.2771046161651612],[[759.7914428710938,234.4513702392578,44.400577545166019,-0.9990147948265076,5.685786419462602e-8,-0.04437818378210068,5.369734878968302e-8,1,7.240981148015635e-8,0.04437818378210068,6.995548318400324e-8,-0.9990147948265076],5,1.289510726928711],[[759.5274658203125,234.40139770507813,44.43821716308594,-0.9996862411499023,9.270519996107396e-8,-0.02504914067685604,9.10802242515274e-8,1,6.601261759442423e-8,0.02504914067685604,6.371042360342472e-8,-0.9996862411499023],5,1.3058788776397706],[[759.2640380859375,234.2969207763672,44.479698181152347,-0.9992386698722839,1.3081903205147683e-7,-0.039013419300317767,1.2870287946498139e-7,1,5.675294900697736e-8,0.039013419300317767,5.168860539583875e-8,-0.9992386698722839],5,1.3284053802490235],[[759.0012817382813,234.137939453125,44.524864196777347,-0.9988601803779602,1.513606093794806e-7,-0.04773154482245445,1.4962425609610364e-7,1,3.9950464270077649e-8,0.04773154482245445,3.276313265132558e-8,-0.9988601803779602],5,1.3371517658233643],[[758.7388916015625,233.92446899414063,44.5725212097168,-0.9985960721969605,1.2085034484243807e-7,-0.052970122545957568,1.2060738185937226e-7,1,7.78333486550764e-9,0.052970122545957568,1.383820835698657e-9,-0.9985960721969605],5,1.3560504913330079],[[758.476806640625,233.656494140625,44.62168884277344,-0.9983051419258118,8.986756228068771e-8,-0.05819674953818321,9.124197219989583e-8,1,-2.0959348034921278e-8,0.05819674953818321,-2.6233811567522026e-8,-0.9983051419258118],5,1.3709499835968018],[[758.2150268554688,233.33401489257813,44.67223358154297,-0.9976401925086975,5.826167637223989e-8,-0.06865883618593216,6.162381538388218e-8,1,-4.6850765045292067e-8,0.06865883618593216,-5.097122723896064e-8,-0.9976401925086975],5,1.3891971111297608],[[757.9537353515625,232.95703125,44.725318908691409,-0.9962888360023499,2.5660510161173989e-8,-0.08607281744480133,3.184537433753576e-8,1,-7.048313221957869e-8,0.08607281744480133,-7.296257820144092e-8,-0.9962888360023499],5,1.4050583839416505],[[757.6932983398438,232.52554321289063,44.78268814086914,-0.9938869476318359,-8.259811501432069e-9,-0.11040279269218445,1.9557846453466256e-9,1,-9.242193499403584e-8,0.11040279269218445,-9.207288087509369e-8,-0.9938869476318359],5,1.421104907989502],[[757.434326171875,232.03956604003907,44.84613800048828,-0.9883869290351868,-4.473252701586716e-8,-0.15195819735527039,-2.7803016777738777e-8,1,-1.1353377260547859e-7,0.15195819735527039,-1.0799040239817259e-7,-0.9883869290351868],5,1.4386951923370362],[[757.1780395507813,231.49908447265626,44.91971969604492,-0.9828001856803894,-8.149321217842953e-8,-0.18467214703559876,-5.776216838171422e-8,1,-1.3388344655140828e-7,0.18467214703559876,-1.2091361156763015e-7,-0.9828001856803894],5,1.4554803371429444],[[756.9244384765625,230.9040985107422,45.002079010009769,-0.9749787449836731,-1.0822566309798276e-7,-0.22229807078838349,-7.95034154066343e-8,1,-1.381546752554641e-7,0.22229807078838349,-1.1702442037631045e-7,-0.9749787449836731],5,1.470937728881836],[[756.674072265625,230.25462341308595,45.09393310546875,-0.9643459320068359,-1.027907146067264e-7,-0.2646448612213135,-8.071988588653767e-8,1,-9.427283487184468e-8,0.2646448612213135,-6.954952169735407e-8,-0.9643459320068359],5,1.4881293773651124],[[756.4279174804688,229.55064392089845,45.19643020629883,-0.9539899826049805,-9.406647905052523e-8,-0.2998383939266205,-8.232692039200629e-8,1,-5.178596040877892e-8,0.2998383939266205,-2.4718517011024234e-8,-0.9539899826049805],5,1.5057806968688965],[[756.1857299804688,228.7921600341797,45.30813217163086,-0.9458084106445313,-8.25875119403463e-8,-0.3247252106666565,-8.388797567704387e-8,1,-9.994772121046936e-9,0.3247252106666565,1.7787401773716739e-8,-0.9458084106445313],5,1.5222156047821046],[[755.94677734375,227.97918701171876,45.42652130126953,-0.942938506603241,-6.928288343033273e-8,-0.3329668939113617,-8.468401802019798e-8,1,3.1741720363243078e-8,0.3329668939113617,5.8127465507595846e-8,-0.942938506603241],5,1.5384671688079835],[[755.7091674804688,227.11170959472657,45.547611236572269,-0.9065314531326294,-5.412242387592414e-8,-0.4221382737159729,-9.016697788410966e-8,1,6.542116182117752e-8,0.4221382737159729,9.736927353287683e-8,-0.9065314531326294],7,1.5558581352233887],[[755.4716186523438,226.93531799316407,45.668663024902347,-0.902226448059082,-3.401157044891079e-8,-0.43126264214515688,-7.210888952613459e-8,1,7.19908754831522e-8,0.43126264214515688,9.604994488654484e-8,-0.902226448059082],7,1.5720360279083253],[[755.231689453125,227.02166748046876,45.7850341796875,-0.920739471912384,-7.19411019645122e-9,-0.39017796516418459,-2.992716474636836e-8,1,5.218390697336872e-8,0.39017796516418459,5.972470518145201e-8,-0.920739471912384],8,1.58803129196167],[[754.9869384765625,227.09751892089845,45.890846252441409,-0.9583501815795898,1.760903423075888e-8,-0.28559577465057375,1.0036703024240979e-8,1,2.7977861805084104e-8,0.28559577465057375,2.3946148175468808e-8,-0.9583501815795898],8,1.6051769256591797],[[754.7332153320313,227.1433868408203,45.97222137451172,-0.9786484241485596,4.676169496065086e-8,-0.20554129779338838,4.7690381421716668e-8,1,4.3582490394378228e-10,0.20554129779338838,-9.37582278481841e-9,-0.9786484241485596],8,1.6208841800689698],[[754.4732666015625,227.16909790039063,46.03086471557617,-0.9930574893951416,7.85362672672818e-8,-0.11762986332178116,8.267509343795609e-8,1,-3.0305709941558237e-8,0.11762986332178116,-3.982037100058733e-8,-0.9930574893951416],8,1.6401267051696778],[[754.2091064453125,227.18321228027345,46.06587219238281,-0.9995265603065491,8.268860085536289e-8,-0.030768439173698427,8.412771990151669e-8,1,-4.5478074639504487e-8,0.030768439173698427,-4.804502395927557e-8,-0.9995265603065491],8,1.6547048091888428],[[753.9428100585938,227.19090270996095,46.077571868896487,-0.9985935688018799,5.730258223479723e-8,0.053018320351839069,5.527292401552586e-8,1,-3.9748503155578877e-8,-0.053018320351839069,-3.67621204588886e-8,-0.9985935688018799],8,1.6712841987609864],[[753.6764526367188,227.19509887695313,46.06678771972656,-0.9913467764854431,3.091938083343848e-8,0.13126924633979798,2.6981464174014037e-8,1,-3.177738960857823e-8,-0.13126924633979798,-2.796057430032306e-8,-0.9913467764854431],8,1.6883835792541505],[[753.4118041992188,227.19737243652345,46.03491973876953,-0.9804565906524658,3.6377578727098127e-9,0.19673560559749604,-6.952894371359264e-10,1,-2.1955655071792536e-8,-0.19673560559749604,-2.1663353777512385e-8,-0.9804565906524658],8,1.706125259399414],[[753.14990234375,227.19862365722657,45.98508834838867,-0.9679358005523682,-2.420109090905953e-8,0.2511976659297943,-2.77570357809509e-8,1,-1.0612907885843015e-8,-0.2511976659297943,-1.724511555778463e-8,-0.9679358005523682],8,1.7205190658569337],[[752.8912963867188,227.19931030273438,45.9202880859375,-0.9544992446899414,-5.234764444139728e-8,0.2982134222984314,-5.420933391064864e-8,1,2.028339052273509e-9,-0.2982134222984314,-1.4229902589590893e-8,-0.9544992446899414],8,1.737565517425537],[[752.63623046875,227.19967651367188,45.842655181884769,-0.9381734132766724,-8.055358335923302e-8,0.34616565704345705,-7.996552398026324e-8,1,1.5980949896743369e-8,-0.34616565704345705,-1.2688415651496144e-8,-0.9381734132766724],8,1.7571749687194825],[[752.3853759765625,227.1998748779297,45.752262115478519,-0.9166719913482666,-1.0865768729217962e-7,0.3996404707431793,-1.0485380386171528e-7,1,3.138106663413964e-8,-0.3996404707431793,-1.313767672428412e-8,-0.9166719913482666],8,1.7735114097595215],[[752.0789184570313,227.1999969482422,45.6212158203125,-0.8889488577842712,-9.02239989386544e-8,0.45800644159317019,-8.462174605483597e-8,1,3.274973181532914e-8,-0.45800644159317019,-9.644468335068268e-9,-0.8889488577842712],8,1.7923128604888917],[[751.8407592773438,227.20005798339845,45.50138473510742,-0.8575137853622437,-4.699973032984417e-8,0.5144609808921814,-4.2494885832411458e-8,1,2.052590808432342e-8,-0.5144609808921814,-4.26071222747737e-9,-0.8575137853622437],8,1.808952808380127],[[751.61083984375,227.20005798339845,45.366455078125,-0.8093684911727905,-4.072092441020914e-9,0.5873011350631714,-1.6298257188296362e-9,1,4.6874810699648609e-9,-0.5873011350631714,2.8367010962426777e-9,-0.8093684911727905],8,1.8265631198883057],[[751.39306640625,227.20005798339845,45.21274185180664,-0.8000364303588867,3.822442096179657e-8,0.599951446056366,3.894650646429909e-8,1,-1.1777280484182029e-8,-0.599951446056366,1.3943758148116104e-8,-0.8000364303588867],8,1.8415520191192628],[[751.2327270507813,227.20005798339845,45.09328842163086,-0.7979380488395691,6.990723733224513e-8,0.6027395129203796,6.931275464694409e-8,1,-2.422265410473301e-8,-0.6027395129203796,2.2449359704523887e-8,-0.7979380488395691],8,1.8558228015899659],[[751.0193481445313,227.166015625,44.93333053588867,-0.8185001611709595,9.608289275320203e-8,0.5745062828063965,9.38915931669726e-8,1,-3.3476759142558879e-8,-0.5745062828063965,2.6540577735545413e-8,-0.8185001611709595],8,1.8722388744354249],[[750.8059692382813,228.0391387939453,44.77334213256836,-0.8474711775779724,7.224647191605982e-8,0.5308413505554199,6.876047109471983e-8,1,-2.632415885273076e-8,-0.5308413505554199,1.4191935626683972e-8,-0.8474711775779724],3,1.891545295715332],[[750.5827026367188,228.8611602783203,44.627769470214847,-0.8257665634155273,4.7715115414348477e-8,0.5640120506286621,4.104824569139964e-8,1,-2.450097547068708e-8,-0.5640120506286621,2.919618546926017e-9,-0.8257665634155273],5,1.9111168384552003],[[750.3507690429688,229.62867736816407,44.496395111083987,-0.8327295184135437,2.3035980234453747e-8,0.5536800026893616,1.2633776691473031e-8,1,-2.2604144334081867e-8,-0.5536800026893616,-1.1828069190755741e-8,-0.8327295184135437],5,1.9212884902954102],[[750.112548828125,230.34170532226563,44.376686096191409,-0.8602170944213867,-3.750439070415723e-9,0.5099279880523682,-1.5836148392622819e-8,1,-1.9359767122750783e-8,-0.5099279880523682,-2.4728898040393689e-8,-0.8602170944213867],5,1.9382784366607667],[[749.8681030273438,231.00022888183595,44.270225524902347,-0.8895453214645386,-3.279046723037027e-8,0.4568468928337097,-4.4463053683330148e-8,1,-1.4800218828270318e-8,-0.4568468928337097,-3.3478272598586048e-8,-0.8895453214645386],5,1.9558556079864503],[[749.6177368164063,231.604248046875,44.17854690551758,-0.9115146994590759,-6.335334035156848e-8,0.41126748919487,-7.335758311910468e-8,1,-8.542309970493989e-9,-0.41126748919487,-3.7956027654217908e-8,-0.9115146994590759],5,1.971794843673706],[[749.3628540039063,232.1537628173828,44.10020446777344,-0.9253196120262146,-9.490671715184362e-8,0.3791881501674652,-1.0257021898496532e-7,1,-9.27916164045195e-12,-0.3791881501674652,-3.890199806733108e-8,-0.9253196120262146],5,1.990297794342041],[[749.105224609375,232.64878845214845,44.03141784667969,-0.9392023682594299,-1.279592538594443e-7,0.3433641791343689,-1.3227069928234415e-7,1,1.0863976385167007e-8,-0.3433641791343689,-3.5213545857004649e-8,-0.9392023682594299],5,2.006673574447632],[[748.84521484375,233.0893096923828,43.972450256347659,-0.9467543363571167,-1.6173605388303259e-7,0.3219568729400635,-1.6241243372405735e-7,1,2.4759168937293908e-8,-0.3219568729400635,-2.884894811927552e-8,-0.9467543363571167],5,2.021580457687378],[[748.583740234375,233.47532653808595,43.92000198364258,-0.9548641443252564,-1.258309083596032e-7,0.2970428466796875,-1.23069213486815e-7,1,2.7997758778042227e-8,-0.2970428466796875,-9.822772817358328e-9,-0.9548641443252564],5,2.0393083095550539],[[748.3209838867188,233.8068389892578,43.874298095703128,-0.9613608717918396,-8.877510282445655e-8,0.2752913236618042,-8.433232778770616e-8,1,2.7975099570198837e-8,-0.2752913236618042,3.678206628165981e-9,-0.9613608717918396],5,2.054929733276367],[[748.0573120117188,234.0838623046875,43.8347053527832,-0.9655700922012329,-5.085265186721699e-8,0.26014313101768496,-4.6073019177583777e-8,1,2.447085734047505e-8,-0.26014313101768496,1.1642747210771632e-8,-0.9655700922012329],5,2.07194185256958],[[747.79296875,234.30638122558595,43.79953384399414,-0.9682433009147644,-1.2266536231209102e-8,0.2500099241733551,-8.208882462668044e-9,1,1.7272677510504765e-8,-0.2500099241733551,1.4671852177627898e-8,-0.9682433009147644],5,2.0871126651763918],[[747.5283203125,234.47439575195313,43.7673454284668,-0.9699645042419434,2.6929923180318839e-8,0.24324652552604676,2.9311955529465196e-8,1,6.173294764266757e-9,-0.24324652552604676,1.3117908537196854e-8,-0.9699645042419434],5,2.104458808898926],[[747.2882080078125,234.58792114257813,43.73847961425781,-0.9895176887512207,6.658752482735508e-8,0.14441151916980744,6.686649101084186e-8,1,-2.9218121255780717e-9,-0.14441151916980744,6.765107585238184e-9,-0.9895176887512207],5,2.1237924098968508],[[747.0435180664063,234.65318298339845,43.709068298339847,-0.9956770539283752,1.1458212156867376e-7,0.09288294613361359,1.1409334632617174e-7,1,-1.0572361652805285e-8,-0.09288294613361359,7.06685127083162e-11,-0.9956770539283752],5,2.1482388973236086],[[746.92626953125,234.65145874023438,43.694976806640628,-0.9977347254753113,1.431584877309433e-7,0.06727122515439987,1.4252232460876258e-7,1,-1.425597329074435e-8,-0.06727122515439987,-4.636029338200842e-9,-0.9977347254753113],5,2.156597375869751],[[746.7586059570313,234.58047485351563,43.70689010620117,-0.9989579319953919,1.365410327025529e-7,0.045640818774700168,1.360378263370876e-7,1,-1.4131394721061952e-8,-0.045640818774700168,-7.90779086656812e-9,-0.9989579319953919],5,2.1752166748046877],[[746.6705932617188,234.49700927734376,43.74103546142578,-0.9998219013214111,1.1074769190599909e-7,0.018872300162911416,1.1052998871718956e-7,1,-1.2578532881946103e-8,-0.018872300162911416,-1.0490337487567558e-8,-0.9998219013214111],5,2.194319725036621],[[746.5447387695313,234.33802795410157,43.816802978515628,-0.9990440607070923,7.603402707445639e-8,0.04371520131826401,7.53222764160455e-8,1,-1.792867898586792e-8,-0.04371520131826401,-1.4618811050581826e-8,-0.9990440607070923],5,2.2067203521728517],[[746.4009399414063,234.1245574951172,43.92793273925781,-0.9996251463890076,4.053177704577138e-8,0.027377299964427949,3.989402586057622e-8,1,-2.384114594633502e-8,-0.027377299964427949,-2.274001964508443e-8,-0.9996251463890076],5,2.230264663696289],[[746.2439575195313,233.85658264160157,44.076438903808597,-0.9999126195907593,4.246010210096074e-9,-0.013220565393567086,4.619572724351428e-9,1,-2.822560141169106e-8,0.013220565393567086,-2.828420875289339e-8,-0.9999126195907593],5,2.2384543418884279],[[746.0813598632813,233.5341033935547,44.26402282714844,-0.9989663362503052,-3.19440580653918e-8,-0.04545607790350914,-3.058421427226676e-8,1,-3.061101949697331e-8,0.04545607790350914,-2.918914177030274e-8,-0.9989663362503052],5,2.2549726963043215],[[745.9231567382813,233.15711975097657,44.47749710083008,-0.9979121088981628,-6.766604343511062e-8,-0.06458642333745957,-6.582512668273921e-8,1,-3.063107811840382e-8,0.06458642333745957,-2.6315714052316254e-8,-0.9979121088981628],5,2.2726545333862306],[[745.7691040039063,232.7256317138672,44.695152282714847,-0.997441291809082,-1.0290585805705632e-7,-0.07149012386798859,-1.011667336570099e-7,1,-2.7947697489594249e-8,0.07149012386798859,-2.0643765807903948e-8,-0.997441291809082],5,2.290123224258423],[[745.6165771484375,232.23965454101563,44.91391372680664,-0.9973698854446411,-1.3790605635222165e-7,-0.07247932255268097,-1.366457098583851e-7,1,-2.234749452156848e-8,0.07247932255268097,-1.2384729686232277e-8,-0.9973698854446411],5,2.3051962852478029],[[745.4642333984375,231.6991729736328,45.1328010559082,-0.9973517656326294,-1.550228887481353e-7,-0.0727287158370018,-1.5455952961929143e-7,1,-1.1998931626067133e-8,0.0727287158370018,-7.262387913264945e-10,-0.9973517656326294],5,2.321235418319702],[[745.3118896484375,231.10418701171876,45.351688385009769,-0.9973496794700623,-1.190097052017336e-7,-0.07275743782520294,-1.197147838638557e-7,1,5.329988894686721e-9,0.07275743782520294,1.4026004357958755e-8,-0.9973496794700623],5,2.336588144302368],[[745.1427612304688,231.21807861328126,45.59473419189453,-0.9897418022155762,-7.466785945098309e-8,-0.1428675800561905,-7.750930564043301e-8,1,1.4323377151015393e-8,0.1428675800561905,2.5250011859156986e-8,-0.9897418022155762],12,2.3580703735351564],[[745.0224609375,231.7146453857422,45.71041488647461,-0.9818508625030518,0.0031875332351773979,-0.18962788581848145,-0.0006486621568910778,0.999796450138092,0.020164618268609048,0.18965356051921845,0.01992165297269821,-0.9816489219665527],8,2.37477445602417],[[744.93017578125,232.06784057617188,45.78093719482422,-0.9767477512359619,0.005998155102133751,-0.21430785953998567,-0.0001318760623689741,0.9995915293693543,0.02857811562716961,0.21439173817634583,0.02794187143445015,-0.9763479828834534],8,2.390533685684204],[[744.7823486328125,232.3905487060547,45.94697570800781,-0.9739629030227661,0.0028160985093563797,-0.22669006884098054,0.0003458003920968622,0.9999401569366455,0.010936223901808262,0.2267073094844818,0.010573086328804493,-0.9739055633544922],8,2.409111738204956],[[744.6986694335938,232.49827575683595,46.07283020019531,-0.977514922618866,0.0002725090307649225,-0.21086619794368745,0.00009311293251812458,0.9999996423721314,0.0008606862975284457,0.21086634695529939,0.0008216993301175535,-0.9775145649909973],8,2.4210634231567385],[[744.654541015625,232.55709838867188,46.14141845703125,-0.974392294883728,-0.000325031898682937,-0.2248544842004776,-0.000004896143764199223,0.9999989867210388,-0.0014243025798350573,0.2248547077178955,-0.0013867286033928395,-0.9743913412094116],8,2.4417757987976076],[[744.6539916992188,232.43893432617188,46.142337799072269,-0.9736897945404053,-0.0000773013016441837,-0.22787754237651826,-0.000008961371349869296,0.9999999403953552,-0.0003009322681464255,0.22787755727767945,-0.00029097258811816573,-0.9736897349357605],8,2.463749408721924],[[744.6539916992188,232.3142852783203,46.14228820800781,-0.9736952781677246,0.00000881274445418967,-0.22785425186157227,-0.0000031916863463266056,1,0.0000523162234458141,0.22785425186157227,0.00005166729897609912,-0.9736952185630798],8,2.4724392890930177],[[744.6539916992188,232.22067260742188,46.14223861694336,-0.9728939533233643,0.000013645042599819135,-0.23125164210796357,4.106773587864154e-7,1,0.00005727742245653644,0.23125164210796357,0.00005562988735619001,-0.9728939533233643],8,2.4911396503448488],[[744.6539916992188,232.2252655029297,46.14223861694336,-0.9728941321372986,0.000003518862058626837,-0.23125097155570985,4.166933251781302e-7,1,0.000013463569302984979,0.23125097155570985,0.000013002266314288136,-0.9728941321372986],8,2.505582809448242],[[744.6539916992188,232.2371063232422,46.14224624633789,-0.9724904298782349,-0.0000011896266869371175,-0.23294274508953095,5.196440611143771e-8,1,-0.000005323890036379453,0.23294274508953095,-0.0000051895367505494509,-0.9724904298782349],8,2.5241928100585939],[[744.6539916992188,232.24400329589845,46.14224624633789,-0.9712569713592529,-4.918429681310954e-7,-0.238033264875412,-2.4924860397845806e-8,1,-0.000001964576313184807,0.238033264875412,-0.0000019021755406356534,-0.9712569713592529],8,2.542818546295166],[[744.6539916992188,232.250244140625,46.14224624633789,-0.968709409236908,5.616238141215035e-9,-0.2481975555419922,-2.058487424960731e-8,1,1.0297038954831805e-7,0.2481975555419922,1.0485750578936859e-7,-0.968709409236908],8,2.5590195655822756],[[744.6539916992188,232.2571258544922,46.14224624633789,-0.9651464223861694,6.113079109582032e-8,-0.261710524559021,-5.549145143390888e-9,1,2.5404605707990415e-7,0.261710524559021,2.466439070758497e-7,-0.9651464223861694],8,2.5769708156585695],[[744.6539916992188,232.2646484375,46.14224624633789,-0.9613943696022034,3.727792474705893e-8,-0.27517417073249819,1.0237019232306466e-8,1,9.970452907737126e-8,0.27517417073249819,9.303840897700866e-8,-0.9613943696022034],8,2.593949317932129],[[744.6539916992188,232.27195739746095,46.14224624633789,-0.958456814289093,1.1658167764494465e-8,-0.2852376699447632,2.2985217285054206e-8,1,-3.636325729416967e-8,0.2852376699447632,-4.140886389336629e-8,-0.958456814289093],8,2.609055519104004],[[744.6539916992188,232.2806854248047,46.14224624633789,-0.9548953771591187,-1.14427400887962e-8,-0.29694247245788576,1.4476134069241198e-8,1,-8.508696680564754e-8,0.29694247245788576,-8.554772534807853e-8,-0.9548953771591187],8,2.6305007934570314],[[744.6539916992188,232.28668212890626,46.14224624633789,-0.9538527727127075,-2.8929576956215898e-8,-0.3002747893333435,4.954620047570302e-10,1,-9.791756383492612e-8,0.3002747893333435,-9.354771179914678e-8,-0.9538527727127075],8,2.649787425994873],[[744.6539916992188,232.289306640625,46.14224624633789,-0.9527974724769592,-3.956046512598732e-8,-0.30360662937164309,-7.858845130215287e-9,1,-1.0563859120793495e-7,0.30360662937164309,-9.826618452279945e-8,-0.9527974724769592],8,2.663212537765503],[[744.6539916992188,232.29214477539063,46.14224624633789,-0.9506535530090332,-5.0543395246904768e-8,-0.31025442481040957,-1.6153695270304526e-8,1,-1.1341280981014279e-7,0.31025442481040957,-1.0280453466293693e-7,-0.9506535530090332],8,2.6775684356689455],[[744.6539916992188,232.29507446289063,46.14224624633789,-0.9506531953811646,-6.426326848441022e-8,-0.3102555572986603,-2.720521585786173e-8,1,-1.237706896972668e-7,0.3102555572986603,-1.092224337639891e-7,-0.9506531953811646],8,2.7009620666503908],[[744.6539916992188,232.29632568359376,46.14224624633789,