[[[776,222.69961547851563,47,1,-1.0367557479185053e-8,-2.0810369622198747e-14,1.0367557479185053e-8,1,1.1411949607520456e-8,2.0692056060126266e-14,-1.1411949607520456e-8,1],8,0.007947683334350586],[[776,222.69961547851563,47,1,-3.1771072883657328e-8,-2.149994253269026e-14,3.1771072883657328e-8,1,3.497147105235854e-8,2.0388862310722484e-14,-3.497147105235854e-8,1],8,0.02490830421447754],[[776,222.69961547851563,47,1,-5.3156298918111136e-8,-2.2692366716714659e-14,5.3156298918111136e-8,1,5.8510870815098318e-8,1.9582146437691594e-14,-5.8510870815098318e-8,1],8,0.053891658782958987],[[776,222.69961547851563,47,1,-7.986214001221015e-8,-2.4888072627641569e-14,7.986214001221015e-8,1,8.790684802306714e-8,1.786764333223164e-14,-8.790684802306714e-8,1],8,0.06297707557678223],[[776,222.69961547851563,47,1,-6.008958308711954e-8,-2.3549140542862384e-14,6.008958308711954e-8,1,6.614254033365796e-8,1.9574662054569655e-14,-6.614254033365796e-8,1],8,0.07360267639160156],[[776,222.69961547851563,47,1,-4.0329698691721208e-8,-2.266950699153416e-14,4.0329698691721208e-8,1,4.439218415086543e-8,2.0879182578833687e-14,-4.439218415086543e-8,1],8,0.0841972827911377],[[776,222.69961547851563,47,1,-2.716348213027686e-8,-2.2325477783743248e-14,2.716348213027686e-8,1,2.98996916114902e-8,2.1513298548202568e-14,-2.98996916114902e-8,1],8,0.09522271156311035],[[776,222.69961547851563,47,1,1.8873990370593675e-8,-2.2625584945087236e-14,-1.8873990370593675e-8,1,-2.0775297926434179e-8,2.2233473065012486e-14,2.0775297926434179e-8,1],8,0.12467670440673828],[[776,222.69961547851563,47,1,4.515021245765638e-8,-2.3842622212492949e-14,-4.515021245765638e-8,1,-4.969842848367989e-8,2.1598726903130848e-14,4.969842848367989e-8,1],8,0.1410362720489502],[[776,222.69961547851563,47,1,6.4842645031149e-8,-2.525277113341138e-14,-6.4842645031149e-8,1,-7.137455781958124e-8,2.0624655954447347e-14,7.137455781958124e-8,1],8,0.15303277969360352],[[776,222.69961547851563,47,1,7.23143642744617e-8,-2.6029622318787979e-14,-7.23143642744617e-8,1,-7.959893366660254e-8,2.0273476094515714e-14,7.959893366660254e-8,1],8,0.16421294212341309],[[776,222.69961547851563,47,1,5.537294711643881e-8,-2.5015910228172977e-14,-5.537294711643881e-8,1,-6.095091720226265e-8,2.1640876956652116e-14,6.095091720226265e-8,1],8,0.17720937728881837],[[776,222.69961547851563,47,1,3.28012710326675e-8,-2.4138775424039153e-14,-3.28012710326675e-8,1,-3.6105475942349588e-8,2.2954470897847136e-14,3.6105475942349588e-8,1],8,0.20345687866210938],[[776,222.69961547851563,47,1,1.02488826314584e-8,-2.3819303395455038e-14,-1.02488826314584e-8,1,-1.1281256817596841e-8,2.3703683398154826e-14,1.1281256817596841e-8,1],8,0.21337437629699708],[[776,222.69961547851563,47,1,-6.652761896930315e-9,-2.3946512497539583e-14,6.652761896930315e-9,1,7.322991102398646e-9,2.3897794550545305e-14,-7.322991102398646e-9,1],8,0.22319388389587403],[[776,222.69961547851563,47,1,-1.7914507211003184e-8,-2.4205755401376234e-14,1.7914507211003184e-8,1,1.9719200494705548e-8,2.3852495228526145e-14,-1.9719200494705548e-8,1],8,0.23309874534606934],[[776,222.69961547851563,47,1,-4.0423561387115117e-8,-2.514212321951155e-14,4.0423561387115117e-8,1,4.449573509646143e-8,2.334344706195115e-14,-4.449573509646143e-8,1],8,0.24714326858520509],[[776,222.69961547851563,47,1,-6.291338650044054e-8,-2.663448685235638e-14,6.291338650044054e-8,1,6.925110795918954e-8,2.227766616200253e-14,-6.925110795918954e-8,1],8,0.2646815776824951],[[776,222.69961547851563,47,1,-7.33495184590538e-8,-2.7634358424613246e-14,7.33495184590538e-8,1,8.073852342249666e-8,2.1712225929931135e-14,-8.073852342249666e-8,1],8,0.2904171943664551],[[776,222.69961547851563,47,1,-4.768870098814659e-8,-2.6187771840369829e-14,4.768870098814659e-8,1,5.2492698188189027e-8,2.368446252651573e-14,-5.2492698188189027e-8,1],8,0.29997777938842776],[[776,222.69961547851563,47,1,-3.4866513232145738e-8,-2.5742566241095285e-14,3.4866513232145738e-8,1,3.8378832556418277e-8,2.440443036728652e-14,-3.8378832556418277e-8,1],8,0.30938267707824709],[[776,222.69961547851563,47,1,-1.564350249338986e-8,-2.5415425176206729e-14,1.564350249338986e-8,1,1.721934239640177e-8,2.5146055146452706e-14,-1.721934239640177e-8,1],8,0.31924962997436526],[[776,222.69961547851563,47,1,3.567187656372539e-9,-2.549514283500462e-14,-3.567187656372539e-9,1,-3.926592384573269e-9,2.5481136298188823e-14,3.926592384573269e-9,1],8,0.3336153030395508],[[776,222.69961547851563,47,1,2.2765567209148686e-8,-2.5980597745866794e-14,-2.2765567209148686e-8,1,-2.5058978891934204e-8,2.5410115973693339e-14,2.5058978891934204e-8,1],8,0.3442111015319824],[[776,222.69961547851563,47,1,5.47355227809021e-8,-2.768905303608335e-14,-5.47355227809021e-8,1,-6.024953336236649e-8,2.4391264087154399e-14,6.024953336236649e-8,1],8,0.36658430099487307],[[776,222.69961547851563,47,1,8.028690245964754e-8,-2.986314944245991e-14,-8.028690245964754e-8,1,-8.837492515567647e-8,2.2767798388799444e-14,8.837492515567647e-8,1],8,0.3832120895385742],[[776,222.69961547851563,47,1,5.616102072281137e-8,-2.8308317129755075e-14,-5.616102072281137e-8,1,-6.18186106748908e-8,2.4836520508405778e-14,6.18186106748908e-8,1],8,0.39740753173828127],[[776,222.69961547851563,47,1,3.808013460115944e-8,-2.7555526762278183e-14,-3.808013460115944e-8,1,-4.1916262460972578e-8,2.5959349077351973e-14,4.1916262460972578e-8,1],8,0.41149187088012698],[[776,222.69961547851563,47,1,2.001083743152776e-8,-2.7161641195211883e-14,-2.001083743152776e-8,1,-2.20266667128044e-8,2.672087066044916e-14,2.20266667128044e-8,1],8,0.42527174949645998],[[775.89892578125,222.69961547851563,46.99861145019531,0.9952554702758789,1.3324077396958956e-9,0.09729591757059097,-1.1066668692549798e-9,1,-2.374112462177891e-9,-0.09729591757059097,2.255174269549798e-9,0.9952554702758789],8,0.43895554542541506],[[775.6417846679688,222.69961547851563,46.99189376831055,0.9605098366737366,-2.6560556420918148e-8,0.27824610471725466,1.9023273623020033e-8,1,2.978843482992488e-8,-0.27824610471725466,-2.3318932562688134e-8,0.9605098366737366],8,0.464385986328125],[[775.2421264648438,222.69961547851563,46.97892379760742,0.8574601411819458,-7.565439119616713e-8,0.5145503878593445,3.481292054630103e-8,1,8.90169360445725e-8,-0.5145503878593445,-5.8415473347395167e-8,0.8574601411819458],8,0.4749722480773926],[[775.1754760742188,222.69961547851563,46.976654052734378,0.8370998501777649,-8.463457135121644e-8,0.5470501184463501,3.596911923864354e-8,1,9.96706361888755e-8,-0.5470501184463501,-6.375736205654903e-8,0.8370998501777649],8,0.48490071296691897],[[774.9755249023438,222.69961547851563,46.9697380065918,0.7764668464660645,-8.152127861649206e-8,0.6301580667495728,2.650474506538103e-8,1,9.670782930015776e-8,-0.6301580667495728,-5.8388245349760839e-8,0.7764668464660645],8,0.49362778663635256],[[774.8422241210938,222.69961547851563,46.96510696411133,0.736422061920166,-6.86736001398458e-8,0.676522433757782,1.7881179203982357e-8,1,8.204533230582456e-8,-0.676522433757782,-4.8322970513936528e-8,0.736422061920166],8,0.503220796585083],[[774.7089233398438,222.69961547851563,46.96047592163086,0.69725501537323,-5.534060321110701e-8,0.716823160648346,1.081729017471389e-8,1,6.668059171488494e-8,-0.716823160648346,-3.873929088626937e-8,0.69725501537323],8,0.5277633666992188],[[774.3090209960938,222.69961547851563,46.94658279418945,0.5811070799827576,-1.2951210770495436e-8,0.8138270974159241,-2.9013909053077215e-9,1,1.7985675171416916e-8,-0.8138270974159241,-1.2812833460884577e-8,0.5811070799827576],8,0.5365035533905029],[[774.1757202148438,222.69961547851563,46.941951751708987,0.5449358224868774,1.8517868349832157e-9,0.8384777903556824,-5.294385818643832e-9,1,1.2323683185044843e-9,-0.8384777903556824,-5.1107864607047308e-9,0.5449358224868774],8,0.5466134548187256],[[773.9757690429688,222.69961547851563,46.93500518798828,0.4956430494785309,2.452733482982694e-8,0.8685263395309448,-7.245490873941662e-9,1,-2.4105380802552646e-8,-0.8685263395309448,5.6547651006155778e-9,0.4956430494785309],8,0.5570967197418213],[[773.7758178710938,223.35189819335938,46.92805862426758,0.4462360739707947,4.768261518961481e-8,0.8949152827262878,-7.39181205133832e-9,1,-4.959589006148235e-8,-0.8949152827262878,1.5516430806883365e-8,0.4462360739707947],3,0.5727653503417969],[[773.5092163085938,224.17391967773438,46.91879653930664,0.3894899785518646,7.916418098830036e-8,0.9210307002067566,-5.652422974122828e-9,1,-8.356140313026117e-8,-0.9210307002067566,2.734027404471817e-8,0.3894899785518646],5,0.5988671779632568],[[773.1759643554688,225.1248016357422,46.90721893310547,0.32955822348594668,1.1920672449150516e-7,0.9441352486610413,-1.2108415381462124e-9,1,-1.2583755903960992e-7,-0.9441352486610413,4.032760614336439e-8,0.32955822348594668],5,0.6067099571228027],[[773.0426635742188,225.4813232421875,46.902587890625,0.30851808190345766,1.3538628707010504e-7,0.9512184858322144,1.0622626112066769e-9,1,-1.4267385495259078e-7,-0.9512184858322144,4.5027906736549997e-8,0.30851808190345766],5,0.6179955005645752],[[772.8427124023438,225.99053955078126,46.8956413269043,0.2802421748638153,1.597849603740542e-7,0.959929347038269,4.774320938594201e-9,1,-1.678487251410843e-7,-0.959929347038269,5.1621299235193877e-8,0.2802421748638153],5,0.6277401447296143],[[772.6427612304688,226.46910095214845,46.888694763183597,0.2548404633998871,1.3237065843441088e-7,0.9669831395149231,7.01906621713988e-9,1,-1.3874016246973043e-7,-0.9669831395149231,4.214393101165115e-8,0.2548404633998871],5,0.6410348415374756],[[772.4429931640625,226.91700744628907,46.880619049072269,0.23241953551769257,1.0483589107934677e-7,0.9726155996322632,7.89855381100324e-9,1,-1.0967504948666829e-7,-0.9726155996322632,3.317288488347003e-8,0.23241953551769257],5,0.6650478839874268],[[772.1102905273438,227.5953826904297,46.86109924316406,0.20204627513885499,5.8753951037715527e-8,0.979375958442688,6.893436932386976e-9,1,-6.141333130926796e-8,-0.979375958442688,1.9159603681373484e-8,0.20204627513885499],5,0.6805002689361572],[[771.8445434570313,228.0767822265625,46.839317321777347,0.184223935008049,2.1774351210979149e-8,0.9828842878341675,4.4684154154595039e-9,1,-2.2991049064557957e-8,-0.9828842878341675,8.627437431130147e-9,0.184223935008049],5,0.6897435188293457],[[771.6458740234375,228.40206909179688,46.81636428833008,0.17574205994606019,-5.995048457663188e-9,0.9844362735748291,2.0429624658646618e-9,1,5.725118157329234e-9,-0.9844362735748291,1.0050223986368679e-9,0.17574205994606019],5,0.7039563655853272],[[771.4478149414063,228.69668579101563,46.788719177246097,0.17089241743087769,-3.377317270292224e-8,0.9852896928787231,-6.091764870319594e-10,1,3.438305995473456e-8,-0.9852896928787231,-6.476019720480508e-9,0.17089241743087769],5,0.7154452800750732],[[771.2508544921875,228.9606475830078,46.75410842895508,0.16994789242744447,-6.15450304053411e-8,0.9854530692100525,-3.2298694829790976e-9,1,6.301054611412838e-8,-0.9854530692100525,-1.3891394701204263e-8,0.16994789242744447],5,0.7273650169372559],[[771.054931640625,229.1939697265625,46.71420669555664,0.17209462821483613,-8.929649197852996e-8,0.9850804209709168,-5.63038193845955e-9,1,9.163256464717051e-8,-0.9850804209709168,-2.131585041809103e-8,0.17209462821483613],5,0.7399697303771973],[[770.8593139648438,229.39662170410157,46.67253494262695,0.17548061907291413,-1.1701889235382623e-7,0.9844828844070435,-7.81363684865255e-9,1,1.2025606110910304e-7,-0.9844828844070435,-2.8795000162062935e-8,0.17548061907291413],5,0.7535219192504883],[[770.6637573242188,229.56861877441407,46.63063430786133,0.17895135283470155,-1.4470967357738119e-7,0.9838579297065735,-9.858640126481078e-9,1,1.4887707777688775e-7,-0.9838579297065735,-3.634125533835686e-8,0.17895135283470155],5,0.7759578227996826],[[770.5560302734375,229.7855224609375,46.59001541137695,0.07322642207145691,0.0005666606011800468,0.9973151683807373,0.00836298055946827,0.9999643564224243,-0.0011822055093944073,-0.9972802996635437,0.008427096530795098,0.07321906834840775],12,0.7885928153991699],[[770.5430297851563,229.9718017578125,46.580528259277347,0.06084302067756653,0.00014988737530075014,0.9981473088264465,0.002182278549298644,0.9999975562095642,-0.00028318807017058134,-0.9981449842453003,0.002195465611293912,0.060842543840408328],12,0.8214008808135986],[[770.5426635742188,230.25177001953126,46.58080291748047,0.059286221861839297,-0.00003472713069641031,0.9982410073280335,-0.0005071627674624324,0.9999998807907105,0.00006490906525868922,-0.9982408881187439,-0.0005101189017295837,0.059286195784807208],12,0.8293740749359131],[[770.5426635742188,230.39175415039063,46.580875396728519,0.05923512578010559,-0.000017896534700412304,0.998244047164917,-0.0002606994239613414,0.9999999403953552,0.00003339774048072286,-0.998244047164917,-0.00026221995358355343,0.05923512205481529],12,0.8397479057312012],[[770.5426635742188,230.53173828125,46.580867767333987,0.059224992990493777,-0.000003234214545955183,0.9982446432113648,-0.00004686052488978021,1,0.000006020096407155506,-0.9982446432113648,-0.00004713481030194089,0.059224992990493777],12,0.8522439002990723],[[770.5056762695313,230.71397399902345,46.576446533203128,0.06629548221826554,0.000001884150947262242,0.9978000521659851,0.00002764793680398725,1,-0.0000037252798392728438,-0.9978000521659851,0.00002783408126560971,0.06629548221826554],8,0.8731505870819092],[[770.36865234375,230.82440185546876,46.562049865722659,0.037889670580625537,-0.005117385648190975,0.9992688298225403,0.0008151191286742687,0.9999867081642151,0.005090154707431793,-0.9992815852165222,0.0006216588662937284,0.03789333999156952],5,0.904003381729126],[[770.3478393554688,230.81964111328126,46.55249786376953,0.019021647050976754,-0.009743344970047474,0.9997715950012207,0.00034820582368411124,0.999952495098114,0.009738483466207981,-0.9998190402984619,0.00016288428741972893,0.019024135544896127],5,0.9216835498809815],[[770.4166259765625,230.77108764648438,46.53128433227539,-0.0003931898972950876,-0.011082334443926812,0.9999384880065918,-0.001105071627534926,0.9999380111694336,0.011081893928349018,-0.9999992847442627,-0.0011006463319063187,-0.000405412312829867],5,0.9359455108642578],[[770.4664306640625,230.71421813964845,46.52078628540039,-0.005229499191045761,-0.010567273944616318,0.9999305009841919,-0.0007852537673898041,0.9999439120292664,0.010563308373093605,-0.9999859929084778,-0.0007299584103748202,-0.005237503908574581],5,0.9486129283905029],[[770.5060424804688,230.6325225830078,46.510528564453128,-0.03273312747478485,-0.010153483599424363,0.9994125366210938,-0.0002135323011316359,0.9999484419822693,0.010151934809982777,-0.9994640946388245,0.00011889771849382669,-0.03273360803723335],5,0.9623963832855225],[[770.5535888671875,230.47763061523438,46.54627990722656,-0.049009159207344058,-0.0047863139770925049,0.9987868666648865,0.00021269242279231548,0.9999884366989136,0.004802508745342493,-0.9987983107566834,0.0004478013142943382,-0.04900757223367691],5,0.9768974781036377],[[770.687255859375,230.0752410888672,46.681739807128909,-0.09377127885818482,-0.00007499005732825026,0.995593786239624,0.0000997098904917948,1,0.00008471324690617621,-0.995593786239624,0.0001072142185876146,-0.09377127140760422],5,1.008744716644287],[[770.71728515625,230.1502227783203,46.714603424072269,-0.10817324370145798,0.00015212068683467805,0.9941320419311523,0.00002392260284977965,1,-0.00015041552251204848,-0.9941320419311523,0.000007511290732509224,-0.10817324370145798],12,1.0399320125579835],[[770.7347412109375,230.47328186035157,46.733795166015628,-0.11652439832687378,0.000011532458302099258,0.9931878447532654,-0.000006681007107545156,1,-0.000012395397789077834,-0.9931878447532654,-0.00000807986180006992,-0.11652439832687378],12,1.0479052066802979],[[770.7275390625,230.55638122558595,46.73484802246094,-0.11696603894233704,-0.000004846698175242636,0.993135929107666,-0.0000034209253954031739,1,0.000004477298716665246,-0.993135929107666,-0.000002873751782317413,-0.11696603894233704],8,1.0572447776794434],[[770.71044921875,230.6258544921875,46.73704147338867,-0.11697066575288773,-0.000009145262993115466,0.993135392665863,-0.0000012965981568413554,1,0.0000090557632574928,-0.993135392665863,-2.2843887848011946e-7,-0.11697066575288773],5,1.0667688846588135],[[770.6663208007813,230.70452880859376,46.74247741699219,-0.11697205156087876,-0.0000069542238634312529,0.9931352138519287,4.270092901492717e-8,1,0.0000070073224378575109,-0.9931352138519287,8.620687026450469e-7,-0.11697205156087876],5,1.0777616500854493],[[770.5999755859375,230.75254821777345,46.7504997253418,-0.11697281152009964,-0.000003281301360402722,0.9931350946426392,2.883686534005392e-7,1,0.0000033379471915395699,-0.9931350946426392,6.768381126676104e-7,-0.11697281152009964],5,1.1012187004089356],[[770.5099487304688,230.76417541503907,46.76238250732422,-0.06679651886224747,-0.008275932632386685,0.9977322816848755,0.00013217641389928758,0.999965488910675,0.008303306065499783,-0.9977666139602661,0.0006865086033940315,-0.06679312139749527],5,1.1183607578277588],[[770.5092163085938,230.72274780273438,46.77180480957031,-0.07871896773576737,-0.008658774197101593,0.9968592524528503,0.0022113402374088766,0.9999582767486572,0.008860315196216107,-0.9968944191932678,0.0029018698260188104,-0.07869653403759003],5,1.1267116069793702],[[770.547119140625,230.6656036376953,46.77515411376953,-0.09142778813838959,-0.008885872550308705,0.9957720637321472,0.0035425275564193727,0.9999509453773499,0.00924842432141304,-0.9958053827285767,0.0043731131590902809,-0.09139182418584824],5,1.137526512145996],[[770.5726318359375,230.61460876464845,46.77700424194336,-0.10098201781511307,-0.008994089439511299,0.9948475956916809,0.003996206913143396,0.9999474287033081,0.00944583024829626,-0.994880199432373,0.004929475951939821,-0.1009407639503479],5,1.1475942134857178],[[770.5939331054688,230.55067443847657,46.79050064086914,-0.10957641154527664,-0.007060054689645767,0.993953287601471,0.0032895987387746574,0.9999667406082153,0.007465423550456762,-0.9939729571342468,0.004087741952389479,-0.10954954475164414],5,1.1586108207702637],[[770.6244506835938,230.42897033691407,46.83549499511719,-0.11400283873081207,-0.003382758004590869,0.9934746623039246,0.001652666018344462,0.9999921917915344,0.0035945961717516186,-0.9934790730476379,0.0020516759250313045,-0.11399635672569275],5,1.1692039966583253],[[770.648681640625,230.4039764404297,46.8786506652832,-0.1164504811167717,-0.0007140242378227413,0.9931962490081787,0.0003793901123572141,0.9999996423721314,0.0007633980712853372,-0.993196427822113,0.00046570689301006496,-0.11645016819238663],12,1.1820378303527833],[[770.6644897460938,230.40260314941407,46.90816879272461,-0.11684754490852356,0.0002918842656072229,0.9931498169898987,-0.00013916927855461836,0.9999999403953552,-0.0003102712507825345,-0.9931498765945435,-0.00017447037680540234,-0.11684750020503998],12,1.223940372467041],[[770.6646118164063,230.40260314941407,46.90849685668945,-0.11176259815692902,0.0000057292095334560148,0.9937349557876587,-0.000004117920980206691,1,-0.000006228460733836982,-0.9937349557876587,-0.000004788230853591813,-0.11176259815692902],12,1.2341701984405518],[[770.6646118164063,230.40260314941407,46.90848922729492,-0.0996093899011612,-0.00001909390812215861,0.9950265884399414,0.000009076315109268763,1,0.000020097950255149045,-0.9950265884399414,0.00001103312024497427,-0.0996093899011612],12,1.2544801235198975],[[770.6646118164063,230.40260314941407,46.908485412597659,-0.08221489191055298,-0.000005446243449114263,0.9966146349906921,0.0000028047031719324879,1,0.000005696115294995252,-0.9966146349906921,0.0000032635136903991226,-0.08221489191055298],12,1.263434886932373],[[770.6646118164063,230.40260314941407,46.908485412597659,-0.07524985820055008,9.869954737951048e-7,0.9971647262573242,-4.865939899900695e-7,1,-0.0000010265221135341563,-0.9971647262573242,-5.624600021292281e-7,-0.07524985820055008],12,1.2928638458251954],[[770.6646118164063,230.40260314941407,46.908485412597659,-0.07524985820055008,8.126938837449416e-7,0.9971647262573242,-4.047842594445683e-7,1,-8.455511988358921e-7,-0.9971647262573242,-4.6726418645448577e-7,-0.07524985820055008],12,1.3001112937927247],[[770.6646118164063,230.40260314941407,46.908485412597659,-0.07524985820055008,4.1192944877366246e-7,0.9971647262573242,-2.1101016045577126e-7,1,-4.2902433960989585e-7,-0.9971647262573242,-2.4269590426229117e-7,-0.07524985820055008],12,1.3082411289215088],[[770.6646118164063,230.40260314941407,46.908485412597659,-0.07524985820055008,2.9489777730873358e-8,0.9971647262573242,-2.032073531665901e-8,1,-3.110710977693998e-8,-0.9971647262573242,-2.260392584219062e-8,-0.07524985820055008],12,1.3187682628631592],[[770.6646118164063,230.40260314941407,46.908485412597659,-0.07524985820055008,-5.4713236607994989e-8,0.9971647262573242,2.411010591174545e-8,1,5.6688246985459048e-8,-0.9971647262573242,2.8307528765481039e-8,-0.07524985820055008],12,1.3291499614715577],[[770.6646118164063,230.40260314941407,46.908485412597659,-0.07524985820055008,-7.528556267288877e-8,0.9971647262573242,3.658373159964867e-8,1,7.826037773384087e-8,-0.9971647262573242,4.236908779375881e-8,-0.07524985820055008],12,1.3393678665161133],[[770.6646118164063,230.40260314941407,46.908485412597659,-0.07524985820055008,-9.019563407264286e-8,0.9971647262573242,4.672570597108461e-8,1,9.397819411560704e-8,-0.9971647262573242,5.366506883319744e-8,-0.07524985820055008],12,1.3749175071716309],[[770.6646118164063,230.8412628173828,46.908485412597659,-0.07524985820055008,-3.372734980189307e-8,0.9971647262573242,2.3489825196065796e-8,1,3.55958817976898e-8,-0.9971647262573242,2.6101808714429354e-8,-0.07524985820055008],12,1.3929085731506348],[[770.6398315429688,230.9938507080078,46.91035461425781,-0.07176576554775238,-1.1264772226127207e-8,0.9974215030670166,1.412796279964823e-8,1,1.2310418462391226e-8,-0.9974215030670166,1.4975000794947847e-8,-0.07176576554775238],8,1.4149317741394044],[[770.575439453125,231.09194946289063,46.91511154174805,-0.06385456770658493,1.1138424405032766e-8,0.9979591965675354,4.574195688888949e-9,1,-1.0868521194140613e-8,-0.9979591965675354,3.870856080112617e-9,-0.06385456770658493],5,1.4317286014556885],[[770.471435546875,231.1355438232422,46.922386169433597,-0.05387075990438461,3.3606220029014369e-8,0.9985479116439819,-5.196895802583867e-9,1,-3.3935457111056169e-8,-0.9985479116439819,-7.017478598214666e-9,-0.05387075990438461],5,1.4401466846466065],[[770.3894653320313,231.13946533203126,46.93675994873047,-0.02183206006884575,-0.009408715181052685,0.9997173547744751,0.0007440145709551871,0.9999552965164185,0.009427202865481377,-0.9997614026069641,0.0009496195707470179,-0.021824084222316743],5,1.4501512050628663],[[770.3583984375,231.1348419189453,46.95469284057617,-0.012175469659268856,-0.016986308619379998,0.999781608581543,0.0018568498780950904,0.9998536109924316,0.017010144889354707,-0.9999241232872009,0.002063550753518939,-0.01214214600622654],5,1.4601624011993409],[[770.2925415039063,231.41883850097657,46.9667854309082,-0.016778061166405679,-0.014695554971694947,0.9997512102127075,0.0016267740866169334,0.9998902678489685,0.01472489908337593,-0.9998579025268555,0.0018734248587861658,-0.01675231382250786],7,1.471027135848999],[[770.1159057617188,231.948974609375,46.9751091003418,-0.02344907633960247,-0.0025525991804897787,0.9997217655181885,0.0005360152572393417,0.999996542930603,0.002565873321145773,-0.9997248649597168,0.0005960335256531835,-0.02344762720167637],7,1.4802582263946534],[[769.9832763671875,232.24961853027345,46.97902297973633,-0.027383551001548768,0.003950510639697313,0.9996172189712524,-0.00021659143385477364,0.9999921321868897,-0.003957925830036402,-0.9996249675750732,-0.00032489057048223913,-0.02738247998058796],7,1.4908738136291505],[[769.7822265625,232.58529663085938,46.98483657836914,-0.02783747762441635,0.005911069922149181,0.9995949864387512,-0.0006165561499074101,0.9999822378158569,-0.005930530373007059,-0.9996122717857361,-0.0007813973934389651,-0.02783333882689476],7,1.5027961730957032],[[769.5150756835938,232.86204528808595,46.99244689941406,-0.02808736264705658,0.0017315272707492114,0.9996039867401123,-0.00023193626839201897,0.9999984502792358,-0.001738727674819529,-0.9996054172515869,-0.00028068068786524236,-0.028086917474865915],8,1.5201427936553956],[[769.3153686523438,232.9851531982422,46.998050689697269,-0.02814835123717785,-0.00001168855760624865,0.9996037483215332,-0.000020653975298046136,1,0.000011111585081380327,-0.9996037483215332,-0.000020333018255769276,-0.02814835123717785],8,1.5343117713928223],[[769.049072265625,233.0827178955078,47.00552749633789,-0.02815413288772106,-0.00031793690868653357,0.9996035695075989,0.00003395432577235624,0.9999999403953552,0.00031901930924504995,-0.9996035695075989,0.00004292257654014975,-0.028154119849205018],8,1.5484426021575928],[[768.84912109375,233.12551879882813,47.01115417480469,-0.02815561555325985,-0.00013384154590312392,0.9996035695075989,0.000017067897715605797,1,0.00013437538291327655,-0.9996035695075989,0.000020844552636845039,-0.02815561182796955],8,1.5626220703125],[[768.7265014648438,233.15264892578126,47.01460266113281,-0.028155812993645669,-0.000012644753951462917,0.9996035695075989,0.0000029191489829827334,1,0.000012731992683256977,-0.9996035695075989,0.0000032764712614152815,-0.028155812993645669],8,1.577840805053711],[[768.7026977539063,233.17405700683595,47.01527404785156,-0.028155801817774774,0.000019311886717332528,0.9996035695075989,-0.0000019550445813365515,1,-0.000019374614566913807,-0.9996035695075989,-0.000002499777338016429,-0.028155801817774774],8,1.5972156524658204],[[768.7022094726563,233.18572998046876,47.01528549194336,-0.028155799955129625,0.00000649977482680697,0.9996035695075989,-8.475132631247107e-7,1,-0.00000652622475172393,-0.9996035695075989,-0.000001030928274303733,-0.028155799955129625],8,1.6051559448242188],[[768.7022094726563,233.18939208984376,47.01528549194336,-0.028155799955129625,0.0000017245603203264182,0.9996035695075989,-2.919801715961512e-7,1,-0.0000017334684798697709,-0.9996035695075989,-3.4067159049300246e-7,-0.028155799955129625],8,1.6157243251800538],[[768.7022094726563,233.1931610107422,47.01528549194336,-0.028155799955129625,-9.721212563817972e-7,0.9996035695075989,7.319204087252729e-8,1,9.74568365563755e-7,-0.9996035695075989,1.0060277588763711e-7,-0.028155799955129625],8,1.6264986991882325],[[768.7022094726563,233.1948699951172,47.01528549194336,-0.028155799955129625,-0.0000010519289617150208,0.9996035695075989,1.0945404937956482e-7,1,0.0000010554291520747939,-0.9996035695075989,1.3912710983277067e-7,-0.028155799955129625],8,1.6373302936553956],[[768.7022094726563,233.19662475585938,47.01528549194336,-0.028155799955129625,-4.880571395915467e-7,0.9996035695075989,6.329088364509517e-8,1,4.900334147350804e-7,-0.9996035695075989,7.706307769694831e-8,-0.028155799955129625],8,1.6482319831848145],[[768.7022094726563,233.19741821289063,47.01528549194336,-0.028155799955129625,-1.7008274255658763e-7,0.9996035695075989,2.9021816061458595e-8,1,1.7096766669055797e-7,-0.9996035695075989,3.3824040457375307e-8,-0.028155799955129625],8,1.6588852405548096],[[768.7022094726563,233.1982421875,47.01528549194336,-0.028155799955129625,4.060049008103306e-8,0.9996035695075989,2.943527921406286e-10,1,-4.060829894569906e-8,-0.9996035695075989,-8.491230496510127e-10,-0.028155799955129625],8,1.6709628105163575],[[768.7022094726563,233.19876098632813,47.01528549194336,-0.028155799955129625,9.511250453897446e-8,0.9996035695075989,-1.0895259805465685e-8,1,-9.545711066039076e-8,-0.9996035695075989,-1.3578612012565827e-8,-0.028155799955129625],8,1.6912200450897217],[[768.7022094726563,233.19923400878907,47.01528549194336,-0.028155799955129625,9.028757119722286e-8,0.9996035695075989,-1.5145541709671307e-8,1,-9.074998530422818e-8,-0.9996035695075989,-1.7694675946700046e-8,-0.028155799955129625],8,1.700561285018921],[[768.7022094726563,233.1993408203125,47.01528549194336,-0.028155799955129625,8.835903742010487e-8,0.9996035695075989,-1.6844385442027489e-8,1,-8.8868539194209e-8,-0.9996035695075989,-1.93398719261495e-8,-0.028155799955129625],8,1.711695671081543],[[768.7022094726563,233.199462890625,47.01528549194336,-0.028155799955129625,8.546778218487816e-8,0.9996035695075989,-1.939128857486594e-8,1,-8.604787637978007e-8,-0.9996035695075989,-2.1806346950370427e-8,-0.028155799955129625],8,1.7233104705810547],[[768.7022094726563,233.1995391845703,47.01528549194336,-0.028155799955129625,8.257838146619179e-8,0.9996035695075989,-2.193656101212582e-8,1,-8.322901834389995e-8,-0.9996035695075989,-2.4271242793361126e-8,-0.028155799955129625],8,1.734621286392212],[[768.7022094726563,233.19956970214845,47.01528549194336,-0.028155799955129625,8.065314460736772e-8,0.9996035695075989,-2.3632503953763263e-8,1,-8.135078388704642e-8,-0.9996035695075989,-2.5913630352647489e-8,-0.028155799955129625],8,1.7449257373809815],[[768.7022094726563,233.19961547851563,47.01528549194336,-0.028155799955129625,7.776682053872719e-8,0.9996035695075989,-2.61750603414157e-8,1,-7.853493855236593e-8,-0.9996035695075989,-2.8375897187515876e-8,-0.028155799955129625],8,1.7554752826690674],[[768.7022094726563,233.19961547851563,47.01528549194336,-0.028155799955129625,7.584363714840947e-8,0.9996035695075989,-2.7869193175433794e-8,1,-7.665870782602724e-8,-0.9996035695075989,-3.001653325895859e-8,-0.028155799955129625],8,1.7656307220458985],[[768.7022094726563,233.19961547851563,47.01528549194336,-0.028155799955129625,7.296039683524214e-8,0.9996035695075989,-3.040903706619247e-8,1,-7.384586098169166e-8,-0.9996035695075989,-3.24761728620615e-8,-0.028155799955129625],8,1.7776663303375245],[[768.7022094726563,233.19961547851563,47.01528549194336,-0.028155799955129625,7.007900393318778e-8,0.9996035695075989,-3.294725203772941e-8,1,-7.103481891590491e-8,-0.9996035695075989,-3.493423506029103e-8,-0.028155799955129625],8,1.7896435260772706],[[768.7022094726563,233.19961547851563,47.01528549194336,-0.028155799955129625,6.815909614488192e-8,0.9996035695075989,-3.463849651552664e-8,1,-6.91617927373045e-8,-0.9996035695075989,-3.657206804064117e-8,-0.028155799955129625],8,1.7999565601348878],[[768.7022094726563,233.19961547851563,47.01528549194336,-0.028155799955129625,6.52807798928734e-8,0.9996035695075989,-3.717400431924034e-8,1,-6.635374916186265e-8,-0.9996035695075989,-3.902751188888942e-8,-0.028155799955129625],8,1.8115205764770508],[[768.7022094726563,233.19961547851563,47.01528549194336,-0.028155799955129625,6.24043039465505e-8,0.9996035695075989,-3.9707892085516508e-8,1,-6.354750325954228e-8,-0.9996035695075989,-4.1481378332264288e-8,-0.028155799955129625],8,1.8231961727142335],[[768.7022094726563,233.19961547851563,47.01528549194336,-0.028155799955129625,5.857186735624964e-8,0.9996035695075989,-4.3083879575078757e-8,1,-5.980864159482735e-8,-0.9996035695075989,-4.475075954246677e-8,-0.028155799955129625],8,1.838550090789795],[[768.7022094726563,233.19961547851563,47.01528549194336,-0.028155799955129625,5.6656880076388919e-8,0.9996035695075989,-4.477079329490152e-8,1,-5.794040802697964e-8,-0.9996035695075989,-4.638440032067592e-8,-0.028155799955129625],8,1.8491837978363038],[[768.7022094726563,233.19961547851563,47.01528549194336,-0.028155799955129625,5.3785925047122876e-8,0.9996035695075989,-4.729981384343773e-8,1,-5.513955159131001e-8,-0.9996035695075989,-4.8833559418426378e-8,-0.028155799955129625],8,1.8593463897705079],[[768.7022094726563,233.19961547851563,47.01528549194336,-0.028155799955129625,5.187298057762746e-8,0.9996035695075989,-4.898492633742535e-8,1,-5.3273311095836109e-8,-0.9996035695075989,-5.046545936693292e-8,-0.028155799955129625],8,1.8699352741241456],[[768.7022094726563,233.19961547851563,47.01528549194336,-0.028155799955129625,4.900509154026622e-8,0.9996035695075989,-5.151125037627935e-8,1,-5.047544249237035e-8,-0.9996035695075989,-5.2912003667415777e-8,-0.028155799955129625],8,1.8809328079223633],[[768.7022094726563,233.19961547851563,47.01528549194336,-0.028155799955129625,4.422935973025233e-8,0.9996035695075989,-5.5718192726317287e-8,1,-4.5816310745294689e-8,-0.9996035695075989,-5.698609584214864e-8,-0.028155799955129625],8,1.9036359786987305],[[768.7022094726563,233.19961547851563,47.01528549194336,-0.028155799955129625,4.041244139330047e-8,0.9996035695075989,-5.908050937364351e-8,1,-4.209258719356512e-8,-0.9996035695075989,-6.024223608847024e-8,-0.028155799955129625],8,1.926663875579834],[[768.7022094726563,233.19961547851563,47.01528549194336,-0.028155799955129625,3.659878089479207e-8,0.9996035695075989,-6.243995898103094e-8,1,-3.837203976786441e-8,-0.9996035695075989,-6.3495598112695e-8,-0.028155799955129625],8,1.9344849586486817],[[768.7022094726563,233.19961547851563,47.01528549194336,-0.028155799955129625,3.469317277904338e-8,0.9996035695075989,-6.411860908883682e-8,1,-3.651295799045329e-8,-0.9996035695075989,-6.512124173241318e-8,-0.028155799955129625],8,1.9438769817352296],[[768.7022094726563,233.19961547851563,47.01528549194336,-0.028155799955129625,3.2788374682013458e-8,0.9996035695075989,-6.579654154847958e-8,1,-3.465466846819254e-8,-0.9996035695075989,-6.674618902025031e-8,-0.028155799955129625],8,1.9537363052368165],[[768.7022094726563,233.19961547851563,47.01528549194336,-0.028155799955129625,2.993270697970729e-8,0.9996035695075989,-6.831209731217314e-8,1,-3.1868722771832839e-8,-0.9996035695075989,-6.918230610608589e-8,-0.028155799955129625],8,1.968477725982666],[[768.7022094726563,233.19961547851563,47.01528549194336,-0.028155799955129625,2.6127993990598953e-8,0.9996035695075989,-7.166367055333467e-8,1,-2.8156904363640934e-8,-0.9996035695075989,-7.24280369013286e-8,-0.028155799955129625],8,1.989320993423462],[[768.7022094726563,233.19961547851563,47.01528549194336,-0.028155799955129625,2.2326529958149878e-8,0.9996035695075989,-7.501238030727109e-8,1,-2.444825497605052e-8,-0.9996035695075989,-7.56710036853292e-8,-0.028155799955129625],8,1.9976460933685303],[[768.7022094726563,233.19961547851563,47.01528549194336,-0.028155799955129625,1.947756089748509e-8,0.9996035695075989,-7.752203146083048e-8,1,-2.166884627285981e-8,-0.9996035695075989,-7.81014009021419e-8,-0.028155799955129625],8,2.0118534564971926],[[768.7022094726563,233.19961547851563,47.01528549194336,-0.028155799955129625,1.663041793165121e-8,0.9996035695075989,-8.00300838932344e-8,1,-1.8891217479222179e-8,-0.9996035695075989,-8.053024913579066e-8,-0.028155799955129625],8,2.022357940673828],[[768.7022094726563,233.19961547851563,47.01528549194336,-0.028155799955129625,1.47333345523748e-8,0.9996035695075989,-8.17012235643233e-8,1,-1.704045438088997e-8,-0.9996035695075989,-8.214861679789465e-8,-0.028155799955129625],8,2.0333199501037599],[[768.7794799804688,233.19961547851563,47.01351547241211,-0.22257466614246369,1.1878241501506182e-8,0.974915623664856,-7.965168435930537e-8,1,-3.036846152326689e-8,-0.974915623664856,-8.441291754479607e-8,-0.22257466614246369],8,2.049076795578003],[[769.0223388671875,233.19961547851563,47.00794982910156,-0.5635870695114136,8.117249983286002e-9,0.8260566592216492,-6.712118505447506e-8,1,-5.5620741790107789e-8,-0.8260566592216492,-8.679302965219904e-8,-0.5635870695114136],8,2.0721516609191896],[[769.4217529296875,233.19961547851563,46.99879455566406,-0.9027712941169739,2.707056800943519e-9,0.43012088537216189,-3.604271014978622e-8,1,-8.194297151931096e-8,-0.43012088537216189,-8.947848328944019e-8,-0.9027712941169739],8,2.09230637550354],[[769.6883544921875,233.19961547851563,46.99267578125,-0.9886628985404968,-9.144476842415372e-10,0.15015220642089845,-1.457286025186022e-8,1,-8.986346955452973e-8,-0.15015220642089845,-9.103282394562484e-8,-0.9886628985404968],8,2.1033318042755129],[[769.9549560546875,233.19961547851563,46.98655700683594,-0.045181192457675937,1.0652972548541584e-7,0.9989787936210632,-3.895491218486313e-8,1,-1.0840045661097975e-7,-0.9989787936210632,-4.381279339327193e-8,-0.045181192457675937],8,2.1184043884277345],[[770.2215576171875,233.19961547851563,46.980438232421878,-0.007468303665518761,7.839756221983407e-8,0.9999721050262451,-4.192875380226724e-8,1,-7.871289398053705e-8,-0.9999721050262451,-4.2515438281043319e-8,-0.007468303665518761],8,2.140948534011841],[[770.4215087890625,233.19961547851563,46.97584915161133,-0.021298661828041078,4.443907286599824e-8,0.9997731447219849,-3.7213553127912749e-8,1,-4.524193286670197e-8,-0.9997731447219849,-3.816870375317194e-8,-0.021298661828041078],8,2.149026870727539],[[770.5548095703125,233.19961547851563,46.9727897644043,-0.022653451189398767,2.21937153099816e-8,0.9997434020042419,-3.40415162725094e-8,1,-2.2970768398522524e-8,-0.9997434020042419,-3.455314612210714e-8,-0.022653451189398767],8,2.1580147743225099],[[770.7547607421875,233.85189819335938,46.96820068359375,-0.022625772282481195,-1.10731610547532e-8,0.9997439980506897,-2.9280164071110449e-8,1,1.0413340412185335e-8,-0.9997439980506897,-2.9037058979497489e-8,-0.022625772282481195],3,2.1725993156433107],[[771.0213623046875,234.67391967773438,46.96208190917969,-0.11459837853908539,-5.529922475489002e-8,0.9934118986129761,-2.66086193079218e-8,1,5.259643032218264e-8,-0.9934118986129761,-2.0405853007332554e-8,-0.11459837853908539],5,2.1945295333862306],[[771.3173828125,235.6248016357422,46.955291748046878,-0.061301689594984058,-1.0885423762374558e-7,0.9981192946434021,-1.8386998590358418e-8,1,1.079300702144792e-7,-0.9981192946434021,-1.1736121408034706e-8,-0.061301689594984058],5,2.206352472305298],[[771.4652099609375,236.1544647216797,46.951904296875,-0.02514389343559742,-1.4169104645134213e-7,0.9996838569641113,-1.0961611174309383e-8,1,1.4146014848392952e-7,-0.9996838569641113,-7.401286694630471e-9,-0.02514389343559742],5,2.2263104915618898],[[771.6275634765625,236.81298828125,46.948184967041019,-0.02340451069176197,-1.3245497143543617e-7,0.9997260570526123,-1.7349497394292258e-9,1,1.3245065133560275e-7,-0.9997260570526123,1.365468071945486e-9,-0.02340451069176197],5,2.233671188354492],[[771.69384765625,237.12181091308595,46.94666290283203,-0.022959567606449128,-1.1890499962419199e-7,0.9997363686561585,2.7259581258931577e-9,1,1.1899895469014155e-7,-0.9997363686561585,5.457404306241642e-9,-0.022959567606449128],5,2.246730327606201],[[771.774658203125,237.5594940185547,46.94480895996094,-0.022934971377253534,-9.85901351668872e-8,0.9997369647026062,9.419105495567237e-9,1,9.88321602335418e-8,-0.9997369647026062,1.1683340517265606e-8,-0.022934971377253534],5,2.2656631469726564],[[771.84765625,238.0953826904297,46.943138122558597,-0.0229213647544384,-7.152378600494558e-8,0.9997372627258301,1.8338459639721806e-8,1,7.196302931333776e-8,-0.9997372627258301,1.9983133370260476e-8,-0.0229213647544384],5,2.273071765899658],[[771.8692626953125,238.3428955078125,46.94264602661133,-0.02291787974536419,-5.799926228178265e-8,0.9997373223304749,2.279538158234118e-8,1,5.853705786762475e-8,-0.9997373223304749,2.4130939024757937e-8,-0.02291787974536419],5,2.2825632095336916],[[771.8809204101563,238.5767822265625,46.94237518310547,-0.02291763387620449,-4.448044776950155e-8,0.9997373819351196,2.7250408152212914e-8,1,4.5116813396361979e-8,-0.9997373819351196,2.827722234144403e-8,-0.02291763387620449],5,2.2916016578674318],[[771.8798217773438,238.90206909179688,46.94239807128906,-0.02291755937039852,-2.4213047566945535e-8,0.9997373819351196,3.3929385523379099e-8,1,2.4997191871989345e-8,-0.9997373819351196,3.4493350398179248e-8,-0.02291755937039852],5,2.3041915893554689],[[771.8563842773438,239.19668579101563,46.942935943603519,-0.02291756682097912,-3.9586307565286919e-9,0.9997373819351196,4.0604085427276007e-8,1,4.890461813289448e-9,-0.9997373819351196,4.0705497639237367e-8,-0.02291756682097912],5,2.3151695728302],[[771.828369140625,239.37606811523438,46.943580627441409,-0.02291756682097912,9.537103551338078e-9,0.9997373819351196,4.5051507413518269e-8,1,-8.506866322477436e-9,-0.9997373819351196,4.4844718161130007e-8,-0.02291756682097912],5,2.325218677520752],[[771.7677001953125,239.61959838867188,46.94497299194336,-0.02291756682097912,2.976989499359206e-