[[[775.980712890625,222.69961547851563,47.11560821533203,-0.8973236680030823,2.054290071384912e-8,0.44137316942214968,5.1765123743052757e-8,1,5.8696752347486839e-8,-0.44137316942214968,7.551771830094367e-8,-0.8973236680030823],8,0.0036149024963378908],[[775.980712890625,222.69961547851563,47.11560821533203,-0.8973236680030823,2.7783196188124749e-8,0.44137316942214968,7.002340396411455e-8,1,7.941230251162779e-8,-0.44137316942214968,1.0216498935733398e-7,-0.8973236680030823],8,0.0249021053314209],[[775.980712890625,222.69961547851563,47.11560821533203,-0.8980932235717773,2.1238658831634895e-8,0.43980517983436587,5.327306595859227e-8,1,6.049387479833968e-8,-0.43980517983436587,7.775890509265082e-8,-0.8980932235717773],8,0.03834843635559082],[[775.980712890625,222.69961547851563,47.11560821533203,-0.9003856182098389,1.2518319714160953e-8,0.4350927770137787,3.060636899476776e-8,1,3.4565534434705117e-8,-0.4350927770137787,4.443892009931005e-8,-0.9003856182098389],8,0.06159210205078125],[[775.980712890625,222.69961547851563,47.11560821533203,-0.9041505455970764,6.065349555939292e-9,0.4272140562534332,1.3789382080631185e-8,1,1.4986227370172857e-8,-0.4272140562534332,1.9440824061689456e-8,-0.9041505455970764],8,0.06914567947387696],[[775.980712890625,222.69961547851563,47.11560821533203,-0.9078477025032044,-2.878959071139775e-9,0.4193001389503479,-8.387792682640338e-9,1,-1.1294722490617915e-8,-0.4193001389503479,-1.3770890205933029e-8,-0.9078477025032044],8,0.0849766731262207],[[775.980712890625,222.69961547851563,47.11560821533203,-0.9114742875099182,-1.2105199509448994e-8,0.411357045173645,-3.0315895571675358e-8,1,-3.774570345171924e-8,-0.411357045173645,-4.687489507659848e-8,-0.9114742875099182],8,0.10213065147399903],[[775.980712890625,222.69961547851563,47.11560821533203,-0.9150320887565613,-2.1612436285067816e-8,0.4033810794353485,-5.199361652330481e-8,1,-6.436442134827303e-8,-0.4033810794353485,-7.986874805965272e-8,-0.9150320887565613],8,0.1185462474822998],[[775.980712890625,222.69961547851563,47.11560821533203,-0.9185199737548828,-3.139966864296184e-8,0.3953745663166046,-7.34197200813469e-8,1,-9.114853583014338e-8,-0.3953745663166046,-1.127500439679352e-7,-0.9185199737548828],8,0.13541030883789063],[[775.980712890625,222.69961547851563,47.11560821533203,-0.9212612509727478,-1.9258433070490356e-8,0.3889443278312683,-4.429515243487003e-8,1,-5.540374914403401e-8,-0.3889443278312683,-6.826967791084826e-8,-0.9212612509727478],8,0.1547255516052246],[[775.980712890625,222.69961547851563,47.11560821533203,-0.923955500125885,-9.401879275117153e-9,0.38249993324279787,-2.1218005130663188e-8,1,-2.6673504294194573e-8,-0.38249993324279787,-3.276101523397301e-8,-0.923955500125885],8,0.17768263816833497],[[775.980712890625,222.69961547851563,47.11560821533203,-0.9259461164474487,7.50782047642673e-10,0.37765565514564516,1.6887683473854054e-9,1,2.1525601301419785e-9,-0.37765565514564516,2.6309274758773428e-9,-0.9259461164474487],8,0.18699216842651368],[[775.980712890625,222.69961547851563,47.11560821533203,-0.9279117584228516,8.501853443476648e-9,0.37279990315437319,1.8742603913324275e-8,1,2.3845577956649323e-8,-0.37279990315437319,2.9113833122096368e-8,-0.9279117584228516],8,0.2033979892730713],[[775.980712890625,222.69961547851563,47.11560821533203,-0.9279121160507202,1.8810574431427086e-8,0.37279900908470156,4.14640304313707e-8,1,5.274799619314763e-8,-0.37279900908470156,6.440325250878232e-8,-0.9279121160507202],8,0.21965360641479493],[[775.980712890625,222.69961547851563,47.11560821533203,-0.927910327911377,2.9110156063438809e-8,0.3728034198284149,6.416617992499596e-8,1,8.162560050095635e-8,-0.3728034198284149,9.966261416138878e-8,-0.927910327911377],8,0.23602795600891114],[[775.980712890625,222.69961547851563,47.11560821533203,-0.9279131889343262,2.4636523932031197e-8,0.37279632687568667,5.430310068277322e-8,1,6.907804106504045e-8,-0.37279632687568667,8.434241749455396e-8,-0.9279131889343262],8,0.25190067291259768],[[775.8307495117188,222.69961547851563,47.055355072021487,-0.9279112219810486,1.5245783302475503e-8,0.37280118465423586,3.360440814503818e-8,1,4.27469757369181e-8,-0.37280118465423586,5.2193161792501999e-8,-0.9279112219810486],8,0.2709517478942871],[[775.5865478515625,222.69961547851563,46.957271575927737,-0.9279119372367859,5.8636038247072978e-9,0.37279942631721499,1.292344631309561e-8,1,1.643837421738681e-8,-0.37279942631721499,2.0071217576855817e-8,-0.9279119372367859],8,0.29491734504699709],[[775.27734375,222.69961547851563,46.833030700683597,-0.9279108643531799,-5.8530331692452368e-9,0.37280207872390749,-1.2903003998587792e-8,1,-1.6415693693261347e-8,-0.37280207872390749,-2.004256671739313e-8,-0.9279108643531799],8,0.30400896072387698],[[775.02978515625,222.69961547851563,46.733619689941409,-0.9279134273529053,-1.5217427318248157e-8,0.3727956712245941,-3.354412214662261e-8,1,-4.267382180955792e-8,-0.3727956712245941,-5.210271680766709e-8,-0.9279134273529053],8,0.3215970993041992],[[774.8441162109375,222.69961547851563,46.659061431884769,-0.9279110431671143,-2.223503337006605e-8,0.37280163168907168,-4.901351502439866e-8,1,-6.235259775166924e-8,-0.37280163168907168,-7.612998587092079e-8,-0.9279110431671143],8,0.33507513999938967],[[774.53466796875,222.69961547851563,46.53479766845703,-0.9285580515861511,-3.405398274480831e-8,0.3711871802806854,-7.471676610748546e-8,1,-9.516728027847421e-8,-0.3711871802806854,-1.1610225669755892e-7,-0.9285580515861511],8,0.3533916473388672],[[774.3489990234375,222.69961547851563,46.46049880981445,-0.9285620450973511,-2.572808988077213e-8,0.37117722630500796,-5.646904810419073e-8,1,-7.19519448466599e-8,-0.37117722630500796,-8.777187332498215e-8,-0.9285620450973511],8,0.3692944049835205],[[774.03955078125,222.69961547851563,46.336769104003909,-0.9298474788665772,-1.2166523788437189e-8,0.36794519424438479,-2.6216820714353163e-8,1,-3.3187337322715396e-8,-0.36794519424438479,-4.0505511833544008e-8,-0.9298474788665772],8,0.38622498512268069],[[773.8536376953125,222.69961547851563,46.2630615234375,-0.9323979616165161,-4.136587961056648e-9,0.36143332719802859,-8.2439610693541e-9,1,-9.822183955066066e-9,-0.36143332719802859,-1.2137826743696678e-8,-0.9323979616165161],8,0.40201830863952639],[[773.6051635742188,222.69961547851563,46.16641616821289,-0.9361308813095093,6.8121566165757489e-9,0.3516518175601959,1.5374698847381297e-8,1,2.1557042373387959e-8,-0.3516518175601959,2.558675404884525e-8,-0.9361308813095093],8,0.41893982887268069],[[773.2933349609375,222.69961547851563,46.04880142211914,-0.944451093673706,2.126707343563794e-8,0.3286519944667816,4.390246033381118e-8,1,6.145300091020545e-8,-0.3286519944667816,7.246799071936039e-8,-0.944451093673706],8,0.43717193603515627],[[773.1047973632813,222.69961547851563,45.98219680786133,-0.9500516057014465,3.0822189245327539e-8,0.3120928108692169,6.058381529783219e-8,1,8.566541964682983e-8,-0.3120928108692169,1.0029434349689837e-7,-0.9500516057014465],8,0.4520530700683594],[[772.8516845703125,222.69961547851563,45.89826965332031,-0.9563848376274109,2.750664229722588e-8,0.29210957884788515,5.134766567493898e-8,1,7.39499412816258e-8,-0.29210957884788515,8.572374810000838e-8,-0.9563848376274109],8,0.4692525863647461],[[772.596923828125,222.69961547851563,45.819576263427737,-0.9632406234741211,1.870398946834939e-8,0.26864001154899599,3.251767566325725e-8,1,4.697125888242226e-8,-0.26864001154899599,5.398017677293865e-8,-0.9632406234741211],8,0.4857296943664551],[[772.276123046875,222.69961547851563,45.72908401489258,-0.969523012638092,6.418924058948505e-9,0.24500037729740144,9.83387327124774e-9,1,1.27152572915179e-8,-0.24500037729740144,1.473703648002811e-8,-0.969523012638092],8,0.5026192665100098],[[772.0824584960938,222.69961547851563,45.67918014526367,-0.9756097793579102,-1.3500024431678526e-9,0.21951203048229218,-3.2220148771244796e-9,1,-8.17006196029979e-9,-0.21951203048229218,-8.678063601053055e-9,-0.9756097793579102],8,0.5187325477600098],[[771.7575073242188,222.69961547851563,45.604949951171878,-0.9806886315345764,-1.5138439835027385e-8,0.19557566940784455,-2.4105775153770993e-8,1,-4.347073812027702e-8,-0.19557566940784455,-4.734576108944566e-8,-0.9806886315345764],8,0.5366239547729492],[[771.4962158203125,222.69961547851563,45.55185317993164,-0.9860638976097107,-2.738849858019421e-8,0.16636720299720765,-3.995154784774968e-8,1,-7.216735298243293e-8,-0.16636720299720765,-7.7808245180222e-8,-0.9860638976097107],8,0.5531957149505615],[[771.2334594726563,222.69961547851563,45.50632095336914,-0.9921677112579346,-4.1465501254833728e-8,0.12491302192211151,-5.4568765506246567e-8,1,-1.0147751794420401e-7,-0.12491302192211151,-1.0749906209639448e-7,-0.9921677112579346],8,0.5691337585449219],[[770.9691162109375,222.69961547851563,45.47136306762695,-0.997220516204834,-3.040411300503365e-8,0.07450640201568604,-3.569297390981774e-8,1,-6.965380805468158e-8,-0.07450640201568604,-7.21195618780257e-8,-0.997220516204834],8,0.5857229232788086],[[770.7698974609375,222.69961547851563,45.45452117919922,-0.9996707439422607,-2.1564064311974108e-8,0.0256582573056221,-2.2729778947905289e-8,1,-4.5140723159420307e-8,-0.0256582573056221,-4.5709068530186417e-8,-0.9996707439422607],8,0.6019911766052246],[[770.436767578125,222.69961547851563,45.44392395019531,-0.9999791383743286,-1.905339441776732e-9,0.006459272000938654,-1.930658299897914e-9,1,-3.913532165000788e-9,-0.006459272000938654,-3.925920921687975e-9,-0.9999791383743286],8,0.620267391204834],[[770.23681640625,222.69961547851563,45.441890716552737,-0.9999791383743286,1.0403574002282312e-8,0.006459272000938654,1.0538157013684213e-8,1,2.080165195650352e-8,-0.006459272000938654,2.0869288519520525e-8,-0.9999791383743286],8,0.6344757080078125],[[769.97021484375,222.69961547851563,45.440128326416019,-0.9999791383743286,2.6803194330682346e-8,0.006459272000938654,2.7150822035082457e-8,1,5.373059863700291e-8,-0.006459272000938654,5.390485213752072e-8,-0.9999791383743286],8,0.6511788368225098],[[769.70361328125,222.6655731201172,45.43840408325195,-0.9999791383743286,4.318880897358213e-8,0.006459272000938654,4.374929929440441e-8,1,8.663142381237776e-8,-0.006459272000938654,8.691220898526808e-8,-0.9999791383743286],8,0.6677060127258301],[[769.43701171875,222.5770263671875,45.43667984008789,-0.9999791383743286,4.366369665831371e-8,0.006459272000938654,4.4230493045915867e-8,1,8.760628134041326e-8,-0.006459272000938654,8.789015026877678e-8,-0.9999791383743286],8,0.6843297481536865],[[769.17041015625,222.43397521972657,45.43495559692383,-0.9999791383743286,2.824823219782502e-8,0.006459272000938654,2.8615044556090653e-8,1,5.669607361369344e-8,-0.006459272000938654,5.687972404189168e-8,-0.9999791383743286],8,0.7000586986541748],[[768.90380859375,222.23643493652345,45.433231353759769,-0.9999791383743286,1.2845929653337862e-8,0.006459272000938654,1.3012929400701978e-8,1,2.581226787867763e-8,-0.006459272000938654,2.5895783295482034e-8,-0.9999791383743286],8,0.7176909446716309],[[768.570556640625,223.32017517089845,45.43107604980469,-0.9999974370002747,-6.16274142828388e-9,-0.002275685779750347,-6.133345831216275e-9,1,-1.2924108006018287e-8,0.002275685779750347,-1.291011741955117e-8,-0.9999974370002747],3,0.7384474277496338],[[768.37060546875,223.93157958984376,45.43120193481445,-0.9984835386276245,-1.7309082167571434e-8,0.055050961673259738,-1.9270389728376359e-8,1,-3.50962778838948e-8,-0.055050961673259738,-3.6103909195617237e-8,-0.9984835386276245],5,0.7628676891326904],[[768.10400390625,224.6990966796875,45.432979583740237,-0.9951658248901367,-3.29540412735696e-8,0.09820892661809921,-3.927036118511751e-8,1,-6.238214211862214e-8,-0.09820892661809921,-6.593727164272423e-8,-0.9951658248901367],5,0.769402027130127],[[767.83740234375,225.41212463378907,45.4393424987793,-0.9958044290542603,-5.221596310889254e-8,0.09150730073451996,-6.05368555284258e-8,1,-8.81558364085322e-8,-0.09150730073451996,-9.332553219110196e-8,-0.9958044290542603],5,0.7860631942749023],[[767.5709838867188,226.07064819335938,45.44963073730469,-0.995887815952301,-7.24969311249879e-8,0.09059523791074753,-8.30473325663661e-8,1,-1.1268691935129027e-7,-0.09059523791074753,-1.197472130343158e-7,-0.995887815952301],5,0.8024024963378906],[[767.3046264648438,226.67466735839845,45.46086502075195,-0.9957186579704285,-8.542539831069007e-8,0.09243565052747727,-9.70623972307294e-8,1,-1.2139734906213563e-7,-0.09243565052747727,-1.298496243862246e-7,-0.9957186579704285],5,0.8187859058380127],[[767.0382690429688,227.22418212890626,45.47177505493164,-0.9955541491508484,-7.612018748659466e-8,0.09419096261262894,-8.456248679067358e-8,1,-8.563825559804173e-8,-0.09419096261262894,-9.322253902155353e-8,-0.9955541491508484],5,0.8355436325073242],[[766.7719116210938,227.71920776367188,45.48222732543945,-0.9955539703369141,-6.594550683303169e-8,0.09419285506010056,-7.123272638409617e-8,1,-5.2769568270605308e-8,-0.09419285506010056,-5.924456658590316e-8,-0.9955539703369141],5,0.8514063358306885],[[766.5055541992188,228.15972900390626,45.49260711669922,-0.9955539703369141,-5.474272413152903e-8,0.0941929966211319,-5.710366579592119e-8,1,-2.2369567531654867e-8,-0.0941929966211319,-2.7648876965713499e-8,-0.9955539703369141],5,0.8685333728790283],[[766.2391967773438,228.54574584960938,45.50298309326172,-0.9955539703369141,-4.2560021284998587e-8,0.09419269859790802,-4.218744109607542e-8,1,5.9468105995108548e-9,-0.09419269859790802,1.946622196768999e-9,-0.9955539703369141],5,0.8845376968383789],[[765.90625,228.95162963867188,45.515953063964847,-0.9918659925460815,-2.6629374261233353e-8,0.12728650867938996,-2.1896621404948747e-8,1,3.8581148942284929e-8,-0.12728650867938996,3.548018767673966e-8,-0.9918659925460815],5,0.9020898342132568],[[765.7064819335938,229.15428161621095,45.52373504638672,-0.9981399178504944,-1.3207563931416644e-8,0.060964617878198627,-9.718751137199888e-9,1,5.7523365626366288e-8,-0.060964617878198627,5.6823868277433579e-8,-0.9981399178504944],5,0.9189853668212891],[[765.4401245117188,229.37680053710938,45.53411102294922,-0.9955546855926514,-5.004429509680719e-11,0.09418513625860214,7.665765799913516e-9,1,8.15599321413174e-8,-0.09418513625860214,8.191937439505637e-8,-0.9955546855926514],5,0.9353427886962891],[[765.107177734375,229.57830810546876,45.547080993652347,-0.9918664693832398,1.687222095370089e-8,0.1272827386856079,3.1131285993524219e-8,1,1.1003737654391444e-7,-0.1272827386856079,1.1310486058846436e-7,-0.9918664693832398],5,0.9547615051269531],[[764.8408203125,229.67820739746095,45.557464599609378,-0.9955554008483887,3.793137537400071e-8,0.0941774919629097,5.063447972020185e-8,1,1.324951171000066e-7,-0.0941774919629097,1.3667485632140598e-7,-0.9955554008483887],5,0.9767711162567139],[[764.6410522460938,229.7173614501953,45.56525802612305,-0.9981397986412048,5.6453430374858729e-8,0.060967180877923968,6.568355104263901e-8,1,1.4939085701826117e-7,-0.060967180877923968,1.5311749734792102e-7,-0.9981397986412048],5,0.9853570461273193],[[764.3746948242188,229.7218780517578,45.57564926147461,-0.9955546259880066,5.379597922683388e-8,0.09418580681085587,6.565901600197322e-8,1,1.22854601158906e-7,-0.09418580681085587,1.2849261565861526e-7,-0.9955546259880066],5,1.0038797855377198],[[764.1083374023438,229.67190551757813,45.58604049682617,-0.9955551624298096,5.068922703799217e-8,0.09418028593063355,5.867402919079723e-8,1,8.201295997878333e-8,-0.09418028593063355,8.717436372762677e-8,-0.9955551624298096],5,1.0251493453979493],[[763.8419799804688,229.5674285888672,45.596431732177737,-0.9955548048019409,4.621783844527272e-8,0.0941842719912529,5.052829621376986e-8,1,4.338140868753726e-8,-0.0941842719912529,4.794754104864296e-8,-0.9955548048019409],5,1.0362274646759034],[[763.5756225585938,229.408447265625,45.6068115234375,-0.9955555200576782,4.045757151516227e-8,0.09417636692523956,4.1251780658058126e-8,1,6.486425174756505e-9,-0.09417636692523956,1.0342539269458939e-8,-0.9955555200576782],5,1.052201509475708],[[763.24267578125,229.13308715820313,45.619781494140628,-0.9916412830352783,3.1891971730146909e-8,0.1290256679058075,2.727206371844204e-8,1,-3.75728959056687e-8,-0.1290256679058075,-3.3740036542440069e-8,-0.9916412830352783],5,1.072676658630371],[[762.9761352539063,228.8514862060547,45.6297607421875,-0.9952184557914734,2.2271652966310286e-8,0.09767399728298187,1.5307875855796739e-8,1,-7.204550911410479e-8,-0.09767399728298187,-7.020584291694831e-8,-0.9952184557914734],5,1.0895264148712159],[[762.7095336914063,228.515380859375,45.6392822265625,-0.9946925640106201,1.2884447286864998e-8,0.10289198905229569,1.9816259744231958e-9,1,-1.0606596845263994e-7,-0.10289198905229569,-1.0529913652135292e-7,-0.9946925640106201],5,1.1055984497070313],[[762.4429321289063,228.12477111816407,45.64754104614258,-0.9937571287155151,2.8134419238767806e-9,0.11156507581472397,-1.2879458388681542e-8,1,-1.399407096869254e-7,-0.11156507581472397,-1.4050397112441716e-7,-0.9937571287155151],5,1.1228539943695069],[[762.1763305664063,227.67967224121095,45.65361022949219,-0.9923185110092163,-7.930566425784491e-9,0.12370921671390534,-2.534604703896548e-8,1,-1.3920373476139503e-7,-0.12370921671390534,-1.4126997882613069e-7,-0.9923185110092163],5,1.1396565437316895],[[761.9097290039063,227.18006896972657,45.65656280517578,-0.9884750247001648,-1.833604201806338e-8,0.1513839066028595,-3.449413199518858e-8,1,-1.0410979456310088e-7,-0.1513839066028595,-1.081317932971615e-7,-0.9884750247001648],5,1.1571431159973145],[[761.6431274414063,226.62596130371095,45.652679443359378,-0.9859743714332581,-2.9788818523002193e-8,0.16689670085906983,-4.198830794166497e-8,1,-6.95674486905773e-8,-0.16689670085906983,-7.559943071555608e-8,-0.9859743714332581],5,1.1731915473937989],[[761.3098754882813,225.856689453125,45.6418571472168,-0.9788076877593994,-4.243445772544874e-8,0.20478171110153199,-4.8928992413266317e-8,1,-2.665088416620165e-8,-0.20478171110153199,-3.610585252999954e-8,-0.9788076877593994],5,1.1933791637420655],[[761.110107421875,225.354248046875,45.63412857055664,-0.990512490272522,-5.258710444877579e-8,0.13742251694202424,-5.322319651668295e-8,1,-9.542879819690598e-10,-0.13742251694202424,-8.259299910662321e-9,-0.990512490272522],5,1.2051360607147217],[[760.84375,224.6366424560547,45.62396240234375,-0.9868362545967102,-6.250120776485346e-8,0.16172251105308534,-5.7782614248935718e-8,1,3.3880432681598907e-8,-0.16172251105308534,2.4089692018947063e-8,-0.9868362545967102],5,1.2197389602661133],[[760.643798828125,224.0626678466797,45.6177978515625,-0.9925511479377747,-6.80879921333144e-8,0.12182842940092087,-6.116328421512662e-8,1,6.057944546000727e-8,-0.12182842940092087,5.2676771389315039e-8,-0.9925511479377747],5,1.234992265701294],[[760.377197265625,223.24969482421876,45.61159133911133,-0.997991144657135,-7.764973020130128e-8,0.06335359811782837,-7.201366258868802e-8,1,9.124556754613877e-8,-0.06335359811782837,8.649994498455271e-8,-0.997991144657135],7,1.251694679260254],[[760.110595703125,223.06259155273438,45.60566711425781,-0.9996368288993836,-5.6666305425778776e-8,0.026949377730488778,-5.46250014110683e-8,1,7.648211663990878e-8,-0.026949377730488778,7.498222487356543e-8,-0.9996368288993836],7,1.267810583114624],[[759.843994140625,223.12301635742188,45.59974670410156,-0.9997416138648987,-2.7993815265858758e-8,0.0227301474660635,-2.6926072038691019e-8,1,4.7280796167115116e-8,-0.0227301474660635,4.665654884661308e-8,-0.9997416138648987],8,1.2848122119903565],[[759.577392578125,223.18157958984376,45.59382629394531,-0.9997527003288269,3.268550430313155e-10,0.022238457575440408,7.293385340112479e-10,1,1.809042338152267e-8,-0.022238457575440408,1.8102168652944785e-8,-0.9997527003288269],8,1.3004610538482667],[[759.310791015625,223.217529296875,45.58790588378906,-0.9997536540031433,2.8598925894129935e-8,0.022194096818566324,2.8360103598856769e-8,1,-1.1075418804296078e-8,-0.022194096818566324,-1.0443264031323452e-8,-0.9997536540031433],8,1.3172214031219483],[[759.044189453125,223.23773193359376,45.58198547363281,-0.9997538924217224,5.684586668053271e-8,0.02218564972281456,5.5967422696312499e-8,1,-4.0216114882696277e-8,-0.02218564972281456,-3.896454359164636e-8,-0.9997538924217224],8,1.3336865901947022],[[758.777587890625,223.24884033203126,45.57606506347656,-0.9997538924217224,8.506871296276586e-8,0.022183841094374658,8.355122815828509e-8,1,-6.933184693025396e-8,-0.022183841094374658,-6.746130054580135e-8,-0.9997538924217224],8,1.3528282642364503],[[758.510986328125,223.25491333007813,45.57014465332031,-0.9997539520263672,7.087590603305216e-8,0.022182658314704896,6.953084152883093e-8,1,-6.140717800917628e-8,-0.022182658314704896,-5.984968964867221e-8,-0.9997539520263672],8,1.3678233623504639],[[758.244384765625,223.25820922851563,45.56422424316406,-0.9997538924217224,4.257095653770193e-8,0.02218504250049591,4.16681658066409e-8,1,-4.1155992391850307e-8,-0.02218504250049591,-4.022145461135551e-8,-0.9997538924217224],8,1.3854873180389405],[[757.977783203125,223.25999450683595,45.55830383300781,-0.9997137784957886,1.4359973654620717e-8,0.023924797773361207,1.3864543291219889e-8,1,-2.0873697437195916e-8,-0.023924797773361207,-2.0536015554739607e-8,-0.9997137784957886],8,1.4017794132232667],[[757.64453125,223.2611541748047,45.550392150878909,-0.999574601650238,-2.0849730830718728e-8,0.02916552871465683,-2.0723321725313327e-8,1,4.636489414622247e-9,-0.02916552871465683,4.030110467567738e-9,-0.999574601650238],8,1.4192776679992676],[[757.3779296875,223.26161193847657,45.54281997680664,-0.9992817044258118,-4.911071727065064e-8,0.037895530462265018,-4.818787502358646e-8,1,2.5265713077260444e-8,-0.037895530462265018,2.3421460326744638e-8,-0.9992817044258118],8,1.4360523223876954],[[757.1114501953125,223.26185607910157,45.53306198120117,-0.9991433024406433,-7.73946453591634e-8,0.04138418659567833,-7.555681946769255e-8,1,4.5972992523957149e-8,-0.04138418659567833,4.280675014456392e-8,-0.9991433024406433],8,1.453857660293579],[[756.8450927734375,223.26199340820313,45.52217102050781,-0.9991433024406433,-9.066383910294462e-8,0.04138394817709923,-8.837923104465517e-8,1,5.7034668543565206e-8,-0.04138394817709923,5.332832486715233e-8,-0.9991433024406433],8,1.4691810607910157],[[756.6453247070313,223.26205444335938,45.51389694213867,-0.9991433024406433,-6.707347921519613e-8,0.04138394817709923,-6.532225427235972e-8,1,4.366889072571212e-8,-0.04138394817709923,4.092818883805194e-8,-0.9991433024406433],8,1.4860022068023682],[[756.3789672851563,223.26211547851563,45.502864837646487,-0.9991433024406433,-3.564320394389142e-8,0.04138394817709923,-3.46026070019434e-8,1,2.5861178087893678e-8,-0.04138394817709923,2.440703106287856e-8,-0.9991433024406433],8,1.5017237663269044],[[756.1126098632813,223.26211547851563,45.4918327331543,-0.9991433024406433,-4.239791184801334e-9,0.041383709758520129,-3.9092276082897119e-9,1,8.068689716367317e-9,-0.041383709758520129,7.899998877292092e-9,-0.9991433024406433],8,1.5182158946990967],[[755.8462524414063,223.26211547851563,45.48080062866211,-0.9991433024406433,2.7136760394341765e-8,0.04138394817709923,2.6757902560348158e-8,1,-9.708603698754814e-9,-0.04138394817709923,-8.592938804952155e-9,-0.9991433024406433],8,1.5353853702545167],[[755.5798950195313,223.26211547851563,45.46976852416992,-0.9991433024406433,5.848648854112071e-8,0.04138394817709923,5.73988145902149e-8,1,-2.7470708374721654e-8,-0.04138394817709923,-2.507178464838944e-8,-0.9991433024406433],8,1.5524039268493653],[[755.3135375976563,223.26211547851563,45.458736419677737,-0.9991433024406433,8.980940435776574e-8,0.041383709758520129,8.801353601484152e-8,1,-4.52176287524253e-8,-0.041383709758520129,-4.153656618655077e-8,-0.9991433024406433],8,1.568920373916626],[[755.0471801757813,223.26211547851563,45.44770431518555,-0.9991433024406433,8.895542435993775e-8,0.04138394817709923,8.712181198688995e-8,1,-4.6110923079822899e-8,-0.04138394817709923,-4.246597384849338e-8,-0.9991433024406433],8,1.5854835510253907],[[754.7808227539063,223.26211547851563,45.43667221069336,-0.9991433024406433,5.596577778987921e-8,0.04138394817709923,5.476405107174287e-8,1,-3.017217764522684e-8,-0.04138394817709923,-2.7879975661448954e-8,-0.9991433024406433],8,1.602344274520874],[[754.4478759765625,223.26211547851563,45.422882080078128,-0.9991433024406433,1.4768367861961451e-8,0.041383709758520129,1.4355742372629266e-8,1,-1.0267908301386797e-8,-0.041383709758520129,-9.66501811916487e-9,-0.9991433024406433],8,1.6199321746826172],[[754.2481079101563,223.24169921875,45.414608001708987,-0.9991433024406433,-9.928938560221923e-9,0.04138394817709923,-9.868511341437625e-9,1,1.6644525757669726e-9,-0.04138394817709923,1.2546287342374285e-9,-0.9991433024406433],8,1.6362149715423585],[[753.9817504882813,223.16677856445313,45.4035758972168,-0.9991433024406433,-4.28340527491855e-8,0.04138394817709923,-4.214335547203518e-8,1,1.7562372889301515e-8,-0.04138394817709923,1.580326802752552e-8,-0.9991433024406433],8,1.6555871963500977],[[753.7153930664063,223.037353515625,45.39254379272461,-0.9991433024406433,-7.571103566306192e-8,0.04138394817709923,-7.43906056754895e-8,1,3.34467067375499e-8,-0.04138394817709923,3.033947848507523e-8,-0.9991433024406433],8,1.6757967472076417],[[753.4490356445313,222.85342407226563,45.38151168823242,-0.9991433024406433,-1.0855991661173903e-7,0.04138394817709923,-1.0661029392622368e-7,1,4.931747099590211e-8,-0.04138394817709923,4.486326687924702e-8,-0.9991433024406433],8,1.6888468265533448],[[753.1826782226563,223.71632385253907,45.370479583740237,-0.9991433024406433,-1.4138070980607154e-7,0.04138394817709923,-1.3880243443509244e-7,1,6.517467454614234e-8,-0.04138394817709923,5.937464564453876e-8,-0.9991433024406433],3,1.7151424884796143],[[752.8497314453125,224.7183074951172,45.356689453125,-0.9864975214004517,-1.163057916642174e-7,0.16377601027488709,-1.0658136062602353e-7,1,6.816343045557005e-8,-0.16377601027488709,4.978759093887675e-8,-0.9864975214004517],5,1.7299716472625733],[[752.6499633789063,225.2786102294922,45.34841537475586,-0.9658876061439514,-9.036006787255246e-8,0.25896158814430239,-7.682980651679827e-8,1,6.236874838805307e-8,-0.25896158814430239,4.03452347086386e-8,-0.9658876061439514],5,1.7370860576629639],[[752.3170166015625,226.14434814453126,45.334625244140628,-0.9098195433616638,-4.484982341068644e-8,0.41500404477119448,-3.005191473448576e-8,1,4.21875441247721e-8,-0.41500404477119448,2.5911386813959326e-8,-0.9098195433616638],5,1.7596230506896973],[[752.0506591796875,226.77561950683595,45.32359313964844,-0.846630334854126,-6.203206392996208e-9,0.532181441783905,3.2391460624836556e-9,1,1.6809240221959955e-8,-0.532181441783905,1.595502574502916e-8,-0.846630334854126],5,1.7792036533355713],[[751.8508911132813,227.2133026123047,45.3153190612793,-0.7893050909042358,2.4146821431259015e-8,0.6140012145042419,2.5007585335856676e-8,1,-7.179475236540611e-9,-0.6140012145042419,9.687892266185827e-9,-0.7893050909042358],5,1.7866015434265137],[[751.5179443359375,227.87464904785157,45.30152893066406,-0.6809946894645691,7.727297202109185e-8,0.7322883605957031,5.410864645227775e-8,1,-5.520402979186656e-8,-0.7322883605957031,2.029482581988873e-9,-0.6809946894645691],5,1.8025259971618653],[[751.2515869140625,228.34242248535157,45.2908935546875,-0.594931423664093,1.2181007491562924e-7,0.8037764430046082,7.141397162513386e-8,1,-9.868870165519184e-8,-0.8037764430046082,-1.3121438380281348e-9,-0.594931423664093],5,1.8198246955871583],[[750.9849853515625,228.7556915283203,45.28190994262695,-0.5160420536994934,1.4931633529613465e-7,0.8565632700920105,7.524423040194961e-8,1,-1.2898890133783426e-7,-0.8565632700920105,-2.112256147768221e-9,-0.5160420536994934],5,1.837153434753418],[[750.7850341796875,229.02987670898438,45.279052734375,-0.46358931064605715,1.285890505187126e-7,0.8860502243041992,5.75733203334039e-8,1,-1.1500328156444084e-7,-0.8860502243041992,-2.301437707075138e-9,-0.46358931064605715],5,1.8515689373016358],[[750.4517822265625,229.41873168945313,45.27568817138672,-0.3860241174697876,9.346313589730926e-8,0.9224886894226074,3.227739142630526e-8,1,-8.780951787912272e-8,-0.9224886894226074,-4.121064378637129e-9,-0.3860241174697876],5,1.8697612285614014],[[750.1851806640625,229.6685028076172,45.273033142089847,-0.3319803476333618,6.497268856264782e-8,0.9432862997055054,1.513557990051595e-8,1,-6.355225679044452e-8,-0.9432862997055054,-6.820914055793992e-9,-0.3319803476333618],5,1.8928730487823487],[[749.9185791015625,229.86376953125,45.27037811279297,-0.28514283895492556,3.624410283009638e-8,0.9584850072860718,2.80476891711956e-10,1,-3.773050494260133e-8,-0.9584850072860718,-1.0489750401632137e-8,-0.28514283895492556],5,1.9027490615844727],[[749.6519775390625,230.00454711914063,45.267723083496097,-0.24443671107292176,7.350385633486667e-9,0.9696652293205261,-1.2759497458603164e-8,1,-1.079679279314405e-8,-0.9696652293205261,-1.5011574205914259e-8,-0.24443671107292176],5,1.9201080799102784],[[749.4520263671875,230.07435607910157,45.26573181152344,-0.2176823765039444,-1.4394809788598195e-8,0.9760196805000305,-2.157966427773772e-8,1,9.935555489448689e-9,-0.9760196805000305,-1.889938516796974e-8,-0.2176823765039444],5,1.9389574527740479],[[749.1187744140625,230.12258911132813,45.262413024902347,-0.17864763736724854,-5.0728484524142917e-8,0.9839131236076355,-3.483909338797275e-8,1,4.5232209089363099e-8,-0.9839131236076355,-2.619801620085127e-8,-0.17864763736724854],5,1.9532032012939454],[[748.9188232421875,230.1106414794922,45.26042175292969,-0.15841351449489594,-7.25640489918078e-8,0.987372875213623,-4.212320092733535e-8,1,6.673382557664809e-8,-0.987372875213623,-3.101976631114667e-8,-0.15841351449489594],5,1.9710144996643067],[[748.6522216796875,230.0470428466797,45.25776672363281,-0.13495226204395295,-1.0169832620476882e-7,0.9908521175384522,-5.1265310219150709e-8,1,9.565499681229994e-8,-0.9908521175384522,-3.788748159649913e-8,-0.13495226204395295],5,1.9859192371368409],[[748.3856201171875,229.92893981933595,45.25511169433594,-0.11463173478841782,-1.3084085992431938e-7,0.9934080839157105,-5.989635809555694e-8,1,1.247974950047137e-7,-0.9934080839157105,-4.519577245787332e-8,-0.11463173478841782],5,2.002506971359253],[[748.1190185546875,229.75633239746095,45.25245666503906,-0.09712156653404236,-1.599797769813449e-7,0.9952725172042847,-6.817264619485286e-8,1,1.5408717501941283e-7,-0.9952725172042847,-5.2885170020999797e-8,-0.09712156653404236],5,2.0213747024536135],[[747.7857666015625,229.4639434814453,45.25016784667969,-0.9904078841209412,-1.1022384427405996e-7,0.1381746530532837,-8.909837845294533e-8,1,1.5907481554222614e-7,-0.1381746530532837,1.4523781999287167e-7,-0.9904078841209412],5,2.048929452896118],[[747.5191650390625,229.16871643066407,45.247650146484378,-0.9901049733161926,-7.618683639520896e-8,0.14032885432243348,-6.126339258116787e-8,1,1.1066611449450648e-7,-0.14032885432243348,1.0097404157249912e-7,-0.9901049733161926],5,2.0682971477508547],[[747.1859130859375,228.72303771972657,45.24433517456055,-0.9845100045204163,-3.813277515973823e-8,0.17532826960086823,-3.0217314872516e-8,1,4.7816172354941958e-8,-0.17532826960086823,4.177755030809749e-8,-0.9845100045204163],5,2.0762040615081789],[[746.9859619140625,228.4147491455078,45.24234390258789,-0.9933802485466003,-1.298484519907106e-8,0.11487231403589249,-1.2013446237801873e-8,1,9.148635626843316e-9,-0.11487231403589249,7.708061744438055e-9,-0.9933802485466003],5,2.089320421218872],[[746.7193603515625,227.95602416992188,45.238494873046878,-0.9882116913795471,1.6112990053329669e-8,0.15309342741966248,9.312184801046897e-9,1,-4.5139628923607236e-8,-0.15309342741966248,-4.318187762919479e-8,-0.9882116913795471],5,2.104757308959961],[[746.5194091796875,227.5762176513672,45.23461151123047,-0.9919000864028931,3.534800185889253e-8,0.12702062726020814,2.4405743204169995e-8,1,-8.770182802209092e-8,-0.12702062726020814,-8.38914218093123e-8,-0.9919000864028931],5,2.120396614074707],[[746.1861572265625,226.87506103515626,45.22576141357422,-0.9798716306686401,5.713072681601261e-8,0.1996285319328308,3.215049915183954e-8,1,-1.283752482095224e-7,-0.1996285319328308,-1.193731122839381e-7,-0.9798716306686401],5,2.1367218494415285],[[745.9195556640625,226.25283813476563,45.216861724853519,-0.9844819903373718,4.1233853664834899e-8,0.17548565566539765,2.0225851216082448e-8,1,-1.215020404288225e-7,-0.17548565566539765,-1.1606722694068594e-7,-0.9844819903373718],5,2.154111385345459],[[745.7197875976563,225.75039672851563,45.20857620239258,-0.9887608885765076,2.879297156255234e-8,0.14950557053089143,1.146213879366087e-8,1,-1.1678265110504072e-7,-0.14950557053089143,-1.1375646380429316e-7,-0.9887608885765076],5,2.179255485534668],[[745.3868408203125,224.84487915039063,45.192169189453128,-0.9743046164512634,2.213198335709876e-8,0.22523440420627595,-2.459487058459331e-9,1,-1.0890109791716896e-7,-0.22523440420627595,-1.0665679894827918e-7,-0.9743046164512634],5,2.1892924308776857],[[745.1206665039063,224.05914306640626,45.176429748535159,-0.9781180024147034,8.379943849945448e-9,0.208050936460495,-1.3359433559401168e-8,1,-1.0308555431493005e-7,-0.208050936460495,-1.0360927404917675e-7,-0.9781180024147034],5,2.2140679359436037],[[744.6553344726563,223.03282165527345,45.14148712158203,-0.9857515692710877,3.3830191981110149e-9,0.1682075709104538,-1.2986520303570615e-8,1,-9.62174340202182e-8,-0.1682075709104538,-9.703092018753523e-8,-0.9857515692710877],7,2.2372946739196779],[[744.4566650390625,223.066162109375,45.11863327026367,-0.979828953742981,8.085670799573564e-9,0.1998380869626999,-1.0844352971162153e-8,1,-9.363220954128337e-8,-0.1998380869626999,-9.39106641340004e-8,-0.979828953742981],7,2.245237112045288],[[744.3255615234375,223.10626220703126,45.094791412353519,-0.9732264876365662,1.2063117615923602e-8,0.22984831035137177,-9.323581018350069e-9,1,-9.196096328878412e-8,-0.22984831035137177,-9.164185854615426e-8,-0.9732264876365662],8,2.255436420440674],[[744.065673828125,223.17218017578126,45.03517150878906,-0.9532584547996521,2.1109137549046865e-8,0.30215609073638918,-6.022177867492928e-9,1,-8.886080138381658e-8,-0.30215609073638918,-8.65269456085116e-8,-0.9532584547996521],8,2.269752264022827],[[743.8107299804688,223.2123565673828,44.957481384277347,-0.9185256958007813,3.181408558816656e-8,0.3953613042831421,-2.4271189502655945e-9,1,-8.610719959278868e-8,-0.3953613042831421,-8.005126517218742e-8,-0.9185256958007813],8,2.2869315147399904],[[743.5643920898438,223.23492431640626,44.85576248168945,-0.867949903011322,4.2488167650844846e-8,0.4966517686843872,1.0206238076904129e-9,1,-8.376556337452712e-8,-0.4966517686843872,-7.219741604558294e-8,-0.867949903011322],8,2.303449869155884],[[743.330322265625,223.247314453125,44.72835159301758,-0.8140045404434204,5.152449134016024e-8,0.5808585286140442,4.9374571098326218e-9,1,-8.178476207376662e-8,-0.5808585286140442,-6.370520111431688e-8,-0.8140045404434204],8,2.319845676422119],[[743.1107177734375,223.2540740966797,44.577369689941409,-0.7590996623039246,5.913905454235646e-8,0.650974452495575,9.156320146530561e-9,1,-8.016981212222163e-8,-0.650974452495575,-5.4896343471000367e-8,-0.7590996623039246],8,2.337332248687744],[[742.9566650390625,223.2570343017578,44.449989318847659,-0.7107175588607788,6.452593481753866e-8,0.7034774422645569,1.2408387206619409e-8,1,-7.918814759477755e-8,-0.7034774422645569,-4.7551388604460956e-8,-0.7107175588607788],8,2.352673053741455],[[742.7177734375,223.259765625,44.21774673461914,-0.6677236557006836,6.993433032675967e-8,0.7444092035293579,1.7914059569079656e-8,1,-7.787744493725768e-8,-0.7444092035293579,-3.866522035878006e-8,-0.6677236557006836],8,2.369562864303589],[[742.5380249023438,223.26084899902345,44.0208625793457,-0.6250995993614197,7.414347891199213e-8,0.7805449962615967,2.2366336338563998e-8,1,-7.707728855166352e-8,-0.7805449962615967,-3.072304721740693e-8,-0.6250995993614197],8,2.3865809440612795],[[742.36962890625,223.26144409179688,43.81416702270508,-0.5776669383049011,7.799309287292999e-8,0.8162725567817688,2.685444400185588e-8,1,-7.65432659477483e-8,-0.8162725567817688,-2.2295967738727996e-8,-0.5776669383049011],8,2.402878522872925],[[742.2522583007813,223.26171875,43.65229415893555,-0.5237433314323425,8.088655079063756e-8,0.8518760800361633,3.023683703418101e-8,1,-7.63611183174362e-8,-0.8518760800361633,-1.4235586931476974e-8,-0.5237433314323425],8,2.4190704822540285],[[742.1104125976563,223.26193237304688,43.426597595214847,-0.422433465719223,8.411334562197226e-8,0.9063939452171326,3.435463469259048e-8,1,-7.678868030325248e-8,-0.9063939452171326,-1.2992743547712849e-9,-0.422433465719223],8,2.4358620643615724],[[741.9927368164063,223.2620391845703,43.18754959106445,-0.35771843791007998,8.611793589352601e-8,0.9338294863700867,3.865843467565355e-8,1,-7.741145680029149e-8,-0.9338294863700867,8.408883367394538e-9,-0.35771843791007998],8,2.452105760574341],[[741.8701782226563,223.26211547851563,42.87770080566406,-0.29166609048843386,8.795606021294589e-8,0.9565201997756958,4.4142787203327319e-8,1,-7.849400418535879e-8,-0.9565201997756958,1.9329426947933827e-8,-0.29166609048843386],8,2.4704854488372804],[[741.8092041015625,223.26211547851563,42.68730545043945,-0.22440306842327119,8.797560724360665e-8,0.9744964241981506,4.738799930237292e-8,1,-7.936570511901664e-8,-0.9744964241981506,2.8369525395532947e-8,-0.22440306842327119],8,2.485562562942505],[[741.7315673828125,223.26211547851563,42.36323928833008,-0.16100755333900453,8.858674505063391e-8,0.9869531989097595,5.268866942742534e-8,1,-8.116238348065963e-8,-0.9869531989097595,3.8933492874093648e-8,-0.16100755333900453],8,2.5028738975524904],[[741.6968994140625,223.26211547851563,42.166324615478519,-0.0969335287809372,8.746207669219075e-8,0.9952908754348755,5.57903021558559e-8,1,-8.244236227028523e-8,-0.9952908754348755,4.753615101549258e-8,-0.0969335287809372],8,2.518793821334839],[[741.6683959960938,223.26211547851563,41.90126419067383,-0.035943128168582919,8.649225691215179e-8,0.99935382604599,5.981083006645349e-8,1,-8.43970084929424e-8,-0.99935382604599,5.6738691966984337e-8,-0.035943128168582919],8,2.535548448562622],[[741.6563110351563,223.26211547851563,41.63493347167969,0.016449693590402604,8.549780972089138e-8,0.9998646974563599,6.372012251176784e-8,1,-8.655769789811529e-8,-0.9998646974563599,6.513534600571802e-8,0.016449693590402604],8,2.5525918006896974],[[741.6597290039063,223.26211547851563,41.30167007446289,0.05310685187578201,8.566917131247465e-8,0.9985888600349426,6.849980138667888e-8,1,-8.943318619003549e-8,-0.9985888600349426,7.315264838325675e-8,0.05310685187578201],8,2.5727415084838869],[[741.6724243164063,223.26211547851563,41.03532791137695,0.07054083049297333,8.64704361447366e-8,0.9975088834762573,7.227914267105007e-8,1,-9.179774451695266e-8,-0.9975088834762573,7.857457973159399e-8,0.07054083049297333],8,2.5869076251983644],[[741.6905517578125,223.26211547851563,40.769283294677737,0.07054083049297333,8.856071787022302e-8,0.9975088834762573,7.60552580914009e-8,1,-9.416028490250028e-8,-0.9975088834762573,8.250793825936853e-8,0.07054083049297333],8,2.6026878356933595],[[741.7046508789063,223.26211547851563,40.56977844238281,0.07402440160512924,8.983853660993191e-8,0.9972564578056336,7.887901887215776e-8,1,-9.594072736263115e-8,-0.9972564578056336,8.57645687801778e-8,0.07402440160512924],8,2.619137763977051],[[741.7242431640625,223.26211547851563,40.3038330078125,0.05485130846500397,9.355682806244659e-8,0.9984945058822632,8.268610685036038e-8,1,-9.824016444781592e-8,-0.9984945058822632,8.79502266570853e-8,0.05485130846500397],8,2.6363980770111086],[[741.7440185546875,223.2280731201172,40.03790283203125,-0.0010167137952521444,1.0040955800150187e-7,0.999999463558197,8.661235995077732e-8,1,-1.0032155017825062e-7,-0.999999463558197,8.651031180306745e-8,-0.0010167137952521444],8,2.653510808944702],[[741.7687377929688,223.10887145996095,39.70549011230469,-0.09345722943544388,1.1058123305929257e-7,0.9956232905387878,9.173473358714546e-8,1,-1.0245637582784184e-7,-0.9956232905387878,8.175794619091903e-8,-0.09345722943544388],8