[[[776,222.69961547851563,47,1,-7.89940912682141e-8,3.3648663350549676e-15,7.89940912682141e-8,1,-1.9629277758781428e-8,-1.8142693988446427e-15,1.9629277758781428e-8,1],8,0.014163970947265625],[[776,222.69961547851563,47,1,-9.193402661367145e-8,3.796495266734446e-15,9.193402661367145e-8,1,-2.2844730551696558e-8,-1.6962870266545383e-15,2.2844730551696558e-8,1],8,0.04372358322143555],[[776,222.69961547851563,47,1,-5.4178450170638828e-8,3.2261083622510835e-15,5.4178450170638828e-8,1,-1.346282729741688e-8,-2.4967132565355918e-15,1.346282729741688e-8,1],8,0.05411028861999512],[[776,222.69961547851563,47,1,-2.4003020016039046e-8,3.020090255962814e-15,2.4003020016039046e-8,1,-5.964517324485996e-9,-2.8769239001849449e-15,5.964517324485996e-9,1],8,0.06971549987792969],[[776,222.69961547851563,47,1,6.14662853948289e-9,3.03978419550295e-15,-6.14662853948289e-9,1,1.5273876607935222e-9,-3.03039589407382e-15,-1.5273876607935222e-9,1],8,0.08627176284790039],[[776,222.69961547851563,47,1,3.627051725629826e-8,3.2849339534049474e-15,-3.627051725629826e-8,1,9.012892654425287e-9,-2.958031751807517e-15,-9.012892654425287e-9,1],8,0.10261821746826172],[[776,222.69961547851563,47,1,6.636866345388626e-8,3.754999546164931e-15,-6.636866345388626e-8,1,1.6492002430368303e-8,-2.660447054580453e-15,-1.6492002430368303e-8,1],8,0.12158656120300293],[[776,222.69961547851563,47,1,1.0395518756922684e-7,4.657995960244323e-15,-1.0395518756922684e-7,1,2.583190727989404e-8,-1.9726353373445165e-15,-2.583190727989404e-8,1],8,0.1414029598236084],[[776,222.69961547851563,47,1,9.88217863095997e-8,4.628913084000347e-15,-9.88217863095997e-8,1,2.455630720987756e-8,-2.2022147238518485e-15,-2.455630720987756e-8,1],8,0.17152667045593263],[[776,222.69961547851563,47,1,3.8403147328835988e-8,3.820537026392838e-15,-3.8403147328835988e-8,1,9.542829637609885e-9,-3.4540622925326345e-15,-9.542829637609885e-9,1],8,0.18175363540649415],[[775.8534545898438,222.69961547851563,47.17211151123047,0.9553468823432922,-1.1069500871485616e-8,0.29548659920692446,1.165486640530844e-8,1,-2.197721171715017e-10,-0.29548659920692446,3.653815472404176e-9,0.9553468823432922],8,0.20688462257385255],[[775.6065673828125,222.69961547851563,47.39350509643555,-0.7244572043418884,-3.7814842812622376e-8,0.6893197894096375,-1.3737599502405829e-8,1,4.042033907580844e-8,-0.6893197894096375,1.9813205298646609e-8,-0.7244572043418884],8,0.23884987831115724],[[775.113037109375,222.69961547851563,47.734310150146487,-0.5784209370613098,-1.0280850659682983e-7,0.8157384395599365,-3.4264164838759828e-8,1,1.0173530284873778e-7,-0.8157384395599365,3.0895233038563677e-8,-0.5784209370613098],8,0.27465295791625979],[[774.837158203125,222.69961547851563,47.921573638916019,-0.431729257106781,-6.394112972429866e-8,0.9020032286643982,-2.5402068004609647e-8,1,5.872962560715678e-8,-0.9020032286643982,2.4425501621294645e-9,-0.431729257106781],8,0.28489208221435549],[[774.6009521484375,222.69961547851563,48.04464340209961,-0.37269777059555056,-2.993123615624427e-8,0.927952766418457,-2.1269805472456939e-8,1,2.3712443564249953e-8,-0.927952766418457,-1.0899801061725612e-8,-0.37269777059555056],8,0.3020451068878174],[[774.3551025390625,222.69961547851563,48.147621154785159,-0.3164006173610687,4.796027575082462e-9,0.9486256837844849,-1.939753069279959e-8,1,-1.1525535192902226e-8,-0.9486256837844849,-2.2047682790571345e-8,-0.3164006173610687],8,0.31959104537963869],[[774.1029663085938,222.69961547851563,48.23445510864258,-0.2716493606567383,3.9818811359282338e-8,0.9623963236808777,-1.918262348965527e-8,1,-4.678920717537949e-8,-0.9623963236808777,-3.1171541792218707e-8,-0.2716493606567383],8,0.3347964286804199],[[773.846923828125,222.69961547851563,48.308719635009769,-0.24976404011249543,7.448304728541189e-8,0.9683067202568054,-1.976590091601338e-8,1,-8.201931933626838e-8,-0.9683067202568054,-3.9624932668402837e-8,-0.24976404011249543],8,0.35201549530029299],[[773.5889282226563,222.69961547851563,48.376220703125,-0.24976925551891328,1.0842182263104405e-7,0.9683054089546204,-2.034824930774448e-8,1,-1.1721941461928509e-7,-0.9683054089546204,-4.898112493378903e-8,-0.24976925551891328],8,0.3674612045288086],[[773.2660522460938,222.69961547851563,48.45949172973633,-0.2666436433792114,6.694589416156305e-8,0.9637951850891113,-7.96539811886987e-9,1,-7.166440951777986e-8,-0.9637951850891113,-2.6785873075141354e-8,-0.2666436433792114],8,0.3875770568847656],[[773.0088500976563,222.69961547851563,48.529930114746097,-0.2666436433792114,3.44940112029235e-8,0.9637951850891113,1.9313737276149824e-9,1,-3.525543945670506e-8,-0.9637951850891113,-7.539189716965211e-9,-0.2666436433792114],8,0.4167203903198242],[[772.6232299804688,222.69961547851563,48.63657760620117,-0.2666436433792114,-1.4131827263952346e-8,0.9637951850891113,1.6760694165895985e-8,1,1.929970316894014e-8,-0.9637951850891113,2.1300019525938297e-8,-0.2666436433792114],8,0.43781423568725588],[[772.3661499023438,222.69961547851563,48.70768356323242,-0.2666436433792114,-4.651442964132002e-8,0.9637951850891113,2.6636362449039553e-8,1,5.563095584193434e-8,-0.9637951850891113,4.050563973123644e-8,-0.2666436433792114],8,0.44870972633361819],[[772.1090698242188,222.69961547851563,48.77878952026367,-0.2666436433792114,-7.886936259637878e-8,0.9637951850891113,3.650360014262333e-8,1,9.19311702318737e-8,-0.9637951850891113,5.969485528112273e-8,-0.2666436433792114],8,0.4610927104949951],[[771.916259765625,222.69961547851563,48.83211898803711,-0.2666436433792114,-8.820006769383326e-8,0.9637951850891113,3.7836041855143779e-8,1,1.0198100852676362e-7,-0.9637951850891113,6.365878135738967e-8,-0.2666436433792114],8,0.47504305839538576],[[771.7234497070313,222.69961547851563,48.88544845581055,-0.2666436433792114,-6.769963789565736e-8,0.9637951850891113,2.7046592521173808e-8,1,7.772548116236067e-8,-0.9637951850891113,4.679237974869466e-8,-0.2666436433792114],8,0.48870849609375],[[771.4663696289063,222.69961547851563,48.9565544128418,-0.2666436433792114,-4.038617262835942e-8,0.9637951850891113,1.2671409699294145e-8,1,4.5408945936742387e-8,-0.9637951850891113,2.4320650382492205e-8,-0.2666436433792114],8,0.5036399364471436],[[771.2735595703125,222.69961547851563,49.009883880615237,-0.2666436433792114,-1.991639031473369e-8,0.9637951850891113,1.8980765847942395e-9,1,2.1189668686361075e-8,-0.9637951850891113,7.479447283742502e-9,-0.2666436433792114],8,0.5176558494567871],[[771.0164794921875,222.69961547851563,49.080989837646487,-0.2666436433792114,7.356246722878268e-9,0.9637951850891113,-1.2455638298547456e-8,1,-1.1078561179544977e-8,-0.9637951850891113,-1.4958711602730547e-8,-0.2666436433792114],8,0.5336782932281494],[[770.7593994140625,222.69961547851563,49.152095794677737,-0.2733704149723053,3.4500899914746699e-8,0.9619088172912598,-2.657150233176253e-8,1,-4.341863046875005e-8,-0.9619088172912598,-3.7428733890010338e-8,-0.2733704149723053],8,0.5529882907867432],[[770.4386596679688,222.69961547851563,49.242950439453128,-0.2784060835838318,6.833325727484407e-8,0.9604634642601013,-4.398755493184581e-8,1,-8.389664429842014e-8,-0.9604634642601013,-6.560577503478271e-8,-0.2784060835838318],8,0.5810773372650147],[[770.1184692382813,222.69961547851563,49.33555221557617,-0.2800825834274292,7.500943866034504e-8,0.9599758982658386,-4.520951435438292e-8,1,-9.132712364134932e-8,-0.9599758982658386,-6.897918325421415e-8,-0.2800825834274292],8,0.591768741607666],[[769.8623657226563,223.56251525878907,49.409786224365237,-0.264957994222641,4.8883766368135187e-8,0.9642599821090698,-2.6341306025301493e-8,1,-5.793365787098992e-8,-0.9642599821090698,-4.074985326951719e-8,-0.264957994222641],3,0.6136338710784912],[[769.476806640625,224.75466918945313,49.516300201416019,-0.21193763613700868,1.0702738251211486e-8,0.9772831797599793,5.354154453129922e-9,1,-9.790397825781838e-9,-0.9772831797599793,3.1575713155262976e-9,-0.21193763613700868],5,0.6508588790893555],[[768.955078125,226.15347290039063,49.62694549560547,-0.09595820307731629,-4.3846100084010689e-8,0.9953853487968445,5.531850888473855e-8,1,4.9382244071694006e-8,-0.9953853487968445,5.98018630171282e-8,-0.09595820307731629],5,0.6663424968719482],[[768.624267578125,226.91700744628907,49.66189193725586,0.0023070808965712787,-8.404686724361454e-8,0.9999973177909851,8.97944971711695e-8,1,8.383992877725177e-8,-0.9999973177909851,8.960083164311072e-8,0.0023070808965712787],5,0.6861846446990967],[[768.3577270507813,227.46652221679688,49.661949157714847,0.08450470864772797,-1.1895337337364254e-7,0.996423065662384,1.1954001877256815e-7,1,1.0924243554200075e-7,-0.996423065662384,1.0988093634978213e-7,0.08450470864772797],5,0.7068362236022949],[[768.092041015625,227.9615478515625,49.64100646972656,0.15476872026920319,-9.893897612300862e-8,0.9879507422447205,9.61952295597257e-8,1,8.507606708008098e-8,-0.9879507422447205,8.186903244222776e-8,0.15476872026920319],5,0.7201721668243408],[[767.43408203125,228.9606475830078,49.53517150878906,0.167184516787529,-2.9423087966051754e-8,0.9859256148338318,3.893005029453889e-8,1,2.324170012002469e-8,-0.9859256148338318,3.449648389164395e-8,0.167184516787529],5,0.7627789974212647],[[767.17138671875,229.26492309570313,49.489410400390628,0.17252188920974732,-1.2627029422063175e-9,0.9850056767463684,1.6072293718139009e-8,1,-1.533107529816391e-9,-0.9850056767463684,1.6095794919124274e-8,0.17252188920974732],5,0.7801668643951416],[[766.974365234375,229.45736694335938,49.45484161376953,0.17284953594207765,1.9985128218991123e-8,0.9849482178688049,-1.0598902866476579e-9,1,-2.0104534925735608e-8,-0.9849482178688049,2.4311224144923928e-9,0.17284953594207765],5,0.7931232452392578],[[766.77734375,229.619140625,49.42026901245117,0.17288033664226533,4.122523122873645e-8,0.9849428534507752,-1.8181841809905565e-8,1,-3.866411901753963e-8,-0.9849428534507752,-1.1223808549232217e-8,0.17288033664226533],5,0.8059029579162598],[[766.580322265625,229.75025939941407,49.38569641113281,0.17288632690906526,6.245190320441907e-8,0.9849417805671692,-3.5293080458131956e-8,1,-5.7211718029748229e-8,-0.9849417805671692,-2.4870505654916998e-8,0.17288632690906526],5,0.8217473030090332],[[766.251953125,229.9006805419922,49.32807540893555,0.17741188406944276,9.792903199468128e-8,0.984136700630188,-6.389850426558042e-8,1,-8.79884680671239e-8,-0.984136700630188,-4.7274660630591828e-8,0.17741188406944276],5,0.8375515937805176],[[766.0551147460938,229.95005798339845,49.292659759521487,0.17786754667758943,1.1915022923858487e-7,0.984054446220398,-8.106812998676105e-8,1,-1.064278905005267e-7,-0.984054446220398,-6.08453802897202e-8,0.17786754667758943],5,0.8555567264556885],[[765.72705078125,229.96421813964845,49.23331832885742,0.17800579965114594,1.3871436976842234e-7,0.9840294122695923,-9.827876823464976e-8,1,-1.2318754727402848e-7,-0.9840294122695923,-7.478110575220853e-8,0.17800579965114594],5,0.8831498622894287],[[765.3989868164063,229.8932342529297,49.1739616394043,0.1780444085597992,9.534456779647371e-8,0.9840224385261536,-6.985919043245303e-8,1,-8.425267594702746e-8,-0.9840224385261536,-5.3742294170433527e-8,0.1780444085597992],5,0.8939175605773926],[[765.1365356445313,229.77513122558595,49.1264762878418,0.1780470609664917,6.067973146173245e-8,0.9840219616889954,-4.714554435736318e-8,1,-5.313459183753366e-8,-0.9840219616889954,-3.6931794511474439e-8,0.1780470609664917],5,0.9078226089477539],[[764.939697265625,229.65078735351563,49.09086227416992,0.1780472993850708,3.470043097308917e-8,0.9840219020843506,-3.0123050720476388e-8,1,-2.981346369779203e-8,-0.9840219020843506,-2.4333534298648375e-8,0.1780472993850708],5,0.9213838577270508],[[764.7428588867188,229.49578857421876,49.05524826049805,0.1780472993850708,8.737767842603717e-9,0.9840219020843506,-1.311146213822667e-8,1,-6.5072809363186938e-9,-0.9840219020843506,-1.174336272669052e-8,0.1780472993850708],5,0.9352593421936035],[[764.4804077148438,229.24143981933595,49.00776290893555,0.17804719507694245,-2.5853225338323683e-8,0.9840219616889954,9.553691171504397e-9,1,2.4544389631842024e-8,-0.9840219616889954,5.030982297427045e-9,0.17804719507694245],5,0.9541592597961426],[[764.2179565429688,228.93258666992188,48.96027755737305,0.18272675573825837,-6.044098910251705e-8,0.9831637144088745,3.23396420753852e-8,1,5.546549886048524e-8,-0.9831637144088745,2.1660129689848874e-8,0.18272675573825837],5,0.9792649745941162],[[763.8246459960938,228.3671112060547,48.887203216552737,0.20182238519191743,-1.1272085487235018e-7,0.9794221520423889,6.725314705136043e-8,1,1.0123077487378396e-7,-0.9794221520423889,4.543858622696462e-8,0.20182238519191743],5,0.990882396697998],[[763.6287231445313,228.03839111328126,48.846954345703128,0.2254580855369568,-1.3976591617392843e-7,0.9742528796195984,8.517161376175864e-8,1,1.237494871020317e-7,-0.9742528796195984,5.507836675633371e-8,0.2254580855369568],5,1.0065014362335206],[[763.3688354492188,227.5524139404297,48.787166595458987,0.2375360131263733,-1.254214652135488e-7,0.971378743648529,7.80959723556407e-8,1,1.1001976218949494e-7,-0.971378743648529,4.9727113093922529e-8,0.2375360131263733],5,1.022040605545044],[[763.1097412109375,227.01193237304688,48.72377395629883,0.2558983564376831,-9.480253027049912e-8,0.9667037129402161,5.999464036676727e-8,1,8.218650293656538e-8,-0.9667037129402161,3.6965651872833408e-8,0.2558983564376831],5,1.0368340015411378],[[762.9163208007813,226.57080078125,48.67285919189453,0.2685321271419525,-7.16096693054169e-8,0.9632707238197327,4.619879945266803e-8,1,6.14612361005129e-8,-0.9632707238197327,2.7997632656706629e-8,0.2685321271419525],5,1.0531797409057618],[[762.659423828125,225.93495178222657,48.601375579833987,0.27703002095222475,-4.0283847368982609e-8,0.9608612656593323,2.7622583331776697e-8,1,3.396074177430819e-8,-0.9608612656593323,1.7133325869167494e-8,0.27703002095222475],5,1.0709240436553956],[[762.4032592773438,225.24459838867188,48.52749252319336,0.2794908583164215,-8.753154645546602e-9,0.9601483345031738,9.037589343563468e-9,1,6.485696868452351e-9,-0.9601483345031738,6.864734114486737e-9,0.2794908583164215],5,1.0853819847106934],[[762.1471557617188,224.49974060058595,48.45289611816406,0.2799088656902313,2.280086164319073e-8,0.9600265622138977,-9.531593292422258e-9,1,-2.0971173242401165e-8,-0.9600265622138977,-3.280565152863346e-9,0.2799088656902313],5,1.1003444194793702],[[761.8910522460938,224.38722229003907,48.37822723388672,0.28000035881996157,5.433215122252477e-8,0.9599999189376831,-2.80874630220751e-8,1,-4.840380896098395e-8,-0.9599999189376831,-1.3410878629827039e-8,0.28000035881996157],7,1.1171104907989503],[[761.6349487304688,224.38499450683595,48.303550720214847,0.28001099824905398,8.583632649106221e-8,0.9599968194961548,-4.662807739919117e-8,1,-7.581270722312184e-8,-0.9599968194961548,-2.353441352909158e-8,0.28001099824905398],7,1.134239673614502],[[761.3788452148438,224.28443908691407,48.22887420654297,0.2816885709762573,1.1735443194993423e-7,0.9595059156417847,-6.52007585699721e-8,1,-1.0316573195723322e-7,-0.9595059156417847,-3.349990507217626e-8,0.2816885709762573],8,1.1547675132751465],[[761.1229858398438,224.12200927734376,48.15382385253906,0.2766558825969696,7.857747164052853e-8,0.9609690308570862,-4.425556809906084e-8,1,-6.902813964870802e-8,-0.9609690308570862,-2.343118943315403e-8,0.2766558825969696],8,1.1674909591674805],[[760.8667602539063,223.9278106689453,48.07984924316406,0.26993539929389956,3.98450445970866e-8,0.9628784656524658,-2.3567077178654473e-8,1,-3.477433452303558e-8,-0.9628784656524658,-1.3305407442487649e-8,0.26993539929389956],8,1.184300422668457],[[760.6100463867188,223.91000366210938,48.007598876953128,0.26488497853279116,1.2409068217422715e-9,0.9642800092697144,-3.075927290652203e-9,1,-4.4192552395294629e-10,-0.9642800092697144,-2.8489957060173767e-9,0.26488497853279116],8,1.2024264335632325],[[760.3529663085938,223.9235382080078,47.93675994873047,0.2547643482685089,-3.728995778828903e-8,0.9670031666755676,1.703707930289511e-8,1,3.407384596698648e-8,-0.9670031666755676,7.794108469738603e-9,0.2547643482685089],8,1.217919111251831],[[759.96630859375,223.93824768066407,47.83444595336914,0.2446160912513733,-9.489595953482422e-8,0.9696199893951416,4.663070996002716e-8,1,8.61052171785559e-8,-0.9696199893951416,2.4151349364842646e-8,0.2446160912513733],8,1.2422902584075928],[[759.7078247070313,223.94317626953126,47.76881790161133,0.22934360802173615,-9.728255889740467e-8,0.9733455181121826,4.8138268482489369e-8,1,8.860405387167703e-8,-0.9733455181121826,2.65343960137443e-8,0.22934360802173615],8,1.2609164714813233],[[759.3834838867188,223.9463348388672,47.6917610168457,0.22083519399166108,-5.598912267146261e-8,0.9753111600875855,2.829366074763584e-8,1,5.1000018430613639e-8,-0.9753111600875855,1.6332524666040628e-8,0.22083519399166108],8,1.2785155773162842],[[758.9285278320313,223.94810485839845,47.58835983276367,0.2174256145954132,1.4758835265027415e-9,0.9760769009590149,7.307019433966389e-10,1,-1.674823835173811e-9,-0.9760769009590149,1.0773708591926834e-9,0.2174256145954132],8,1.3094334602355958],[[758.6682739257813,223.94850158691407,47.53024673461914,0.2157207578420639,3.424356620485014e-8,0.9764550924301148,-1.4948533078040783e-8,1,-3.176680252181541e-8,-0.9764550924301148,-7.743813590366244e-9,0.2157207578420639],8,1.3247418403625489],[[758.4730224609375,223.9486846923828,47.48703384399414,0.21230757236480714,5.877227593487078e-8,0.9772028923034668,-2.6620297077784018e-8,1,-5.4359833967509988e-8,-0.9772028923034668,-1.447242681251737e-8,0.21230757236480714],8,1.3376927375793458],[[758.2125244140625,223.94882202148438,47.43027877807617,0.20718348026275636,9.141244561305939e-8,0.9783021211624146,-4.201304548701046e-8,1,-8.454243527467043e-8,-0.9783021211624146,-2.358565431848092e-8,0.20718348026275636],8,1.3530645370483399],[[758.0169067382813,223.94886779785157,47.388641357421878,0.19863225519657136,1.1572225844247441e-7,0.9800741076469421,-5.335099473313676e-8,1,-1.0726233057312129e-7,-0.9800741076469421,-3.098216794228392e-8,0.19863225519657136],8,1.3695251941680909],[[757.6903686523438,223.94886779785157,47.322086334228519,0.19006659090518952,6.914116568168538e-8,0.9817712306976318,-3.176549867589529e-8,1,-6.427526955121721e-8,-0.9817712306976318,-1.8969871007357143e-8,0.19006659090518952],8,1.3920488357543946],[[757.4286499023438,223.94886779785157,47.271060943603519,0.17804932594299317,3.1894757057671089e-8,0.9840215444564819,-1.4935023884277144e-8,1,-2.9710310656128059e-8,-0.9840215444564819,-9.406485368401718e-9,0.17804932594299317],8,1.4053139686584473],[[757.1015014648438,225.01898193359376,47.2076416015625,0.17117087543010713,-1.438893271199504e-8,0.9852413535118103,5.780802059263124e-9,1,1.3600147674708296e-8,-0.9852413535118103,3.3675358057649875e-9,0.17117087543010713],3,1.4304182529449463],[[756.8388671875,225.81375122070313,47.161251068115237,0.16648155450820924,-5.1308820303574979e-8,0.9860445857048035,2.2173999525421096e-8,1,4.82911843846523e-8,-0.9860445857048035,1.3824960731767533e-8,0.16648155450820924],5,1.4554014205932618],[[756.4444580078125,226.90371704101563,47.09463119506836,0.16184237599372865,-1.0657391413815276e-7,0.9868166446685791,4.6502922401714389e-8,1,1.0037099684723217e-7,-0.9868166446685791,2.9645574883829796e-8,0.16184237599372865],5,1.4659724235534669],[[756.1812744140625,227.56224060058595,47.05153274536133,0.15635043382644654,-1.4324211861094228e-7,0.9877016544342041,6.252719231270021e-8,1,1.3512780583369023e-7,-0.9877016544342041,4.0630919073691987e-8,0.15635043382644654],5,1.4840281009674073],[[755.9178466796875,228.166259765625,47.00981903076172,0.14803677797317506,-1.2857751130468388e-7,0.9889818429946899,5.60859376719236e-8,1,1.2161470408500464e-7,-0.9889818429946899,3.746452392761057e-8,0.14803677797317506],5,1.5006382465362549],[[755.6541748046875,228.7157745361328,46.97026443481445,0.13480660319328309,-9.671647660525196e-8,0.9908719062805176,4.2731176819188479e-8,1,9.179393600788899e-8,-0.9908719062805176,2.9966692238758699e-8,0.13480660319328309],5,1.5160186290740967],[[755.3900146484375,229.21080017089845,46.9341926574707,0.11957696825265885,-6.492905413324479e-8,0.992824912071228,2.987166425327814e-8,1,6.1800513151411e-8,-0.992824912071228,2.2267416355248316e-8,0.11957696825265885],5,1.533367395401001],[[755.125244140625,229.6513214111328,46.9022102355957,0.1040424257516861,-3.3302463009476926e-8,0.9945728778839111,1.7483328562661883e-8,1,3.165525086501475e-8,-0.9945728778839111,1.4094955425036915e-8,0.1040424257516861],5,1.5495707988739014],[[754.8600463867188,230.03733825683595,46.8743896484375,0.08998435735702515,-1.8791259659423078e-9,0.9959431886672974,5.5087170380829779e-9,1,1.3890627537094247e-9,-0.9959431886672974,5.361375343682084e-9,0.08998435735702515],5,1.5683913230895997],[[754.594482421875,230.3688507080078,46.85034942626953,0.07915868610143662,2.935272114257259e-8,0.9968620538711548,-6.147091280439554e-9,1,-2.895699147131836e-8,-0.9968620538711548,-3.835604722723929e-9,0.07915868610143662],5,1.586090326309204],[[754.32861328125,230.6458740234375,46.82923126220703,0.06699082255363465,6.043577371883657e-8,0.9977536201477051,-1.7436400767678607e-8,1,-5.9401134677727899e-8,-0.9977536201477051,-1.3417900568413188e-8,0.06699082255363465],5,1.599914789199829],[[754.0625,230.86839294433595,46.81129455566406,0.056418128311634067,9.138272361042255e-8,0.998407244682312,-2.840072887977385e-8,1,-8.99236383133939e-8,-0.998407244682312,-2.3282170857896746e-8,0.056418128311634067],5,1.6193139553070069],[[753.7962036132813,231.03640747070313,46.79621887207031,0.037970904260873798,1.2197141074921093e-7,0.9992788434028626,-3.886337296421516e-8,1,-1.2058269760473196e-7,-0.9992788434028626,-3.42567112454617e-8,0.037970904260873798],5,1.634145975112915],[[753.5297241210938,231.14993286132813,46.785919189453128,0.012733638286590577,1.5202220993160155e-7,0.9999189376831055,-4.8664205110071637e-8,1,-1.5141480957936438e-7,-0.9999189376831055,-4.6732196778975779e-8,0.012733638286590577],5,1.651531457901001],[[753.2631225585938,231.20895385742188,46.782325744628909,0.0042690010741353039,1.3141067256583484e-7,0.9999908804893494,-4.185999813444141e-8,1,-1.3123316477958725e-7,-0.9999908804893494,-4.129938346864037e-8,0.0042690010741353039],5,1.667769193649292],[[752.9965209960938,231.21347045898438,46.781341552734378,-0.00814200472086668,9.365798092630939e-8,0.9999668598175049,-3.0112449422858847e-8,1,-9.390626587446605e-8,-0.9999668598175049,-3.0876034173843439e-8,-0.00814200472086668],5,1.6855275630950928],[[752.7299194335938,231.1634979248047,46.783424377441409,-0.017082761973142625,5.620246312787458e-8,0.9998540878295898,-1.8672341894898638e-8,1,-5.65296858212605e-8,-0.9998540878295898,-1.9635301384823835e-8,-0.017082761973142625],5,1.700134515762329],[[752.4633178710938,231.05902099609376,46.78797149658203,-0.030684571713209153,1.8791473266333015e-8,0.9995291233062744,-7.762242404396602e-9,1,-1.903861956975561e-8,-0.9995291233062744,-8.342778912151516e-9,-0.030684571713209153],5,1.7192103862762452],[[752.1967163085938,230.90003967285157,46.796043395996097,-0.04922313243150711,-1.846372832403631e-8,0.9987878203392029,2.4375264029430356e-9,1,1.8606264973186627e-8,-0.9987878203392029,3.3504303775799828e-9,-0.04922313243150711],5,1.733469009399414],[[751.9303588867188,230.6865692138672,46.809024810791019,-0.06977466493844986,-5.543413905684247e-8,0.9975627660751343,1.1877634875645527e-8,1,5.6400356385211128e-8,-0.9975627660751343,1.5784001661245385e-8,-0.06977466493844986],5,1.7514376640319825],[[751.825439453125,230.4580535888672,46.838722229003909,0.004078270867466927,0.0008864653063938022,0.9999912977218628,0.009788467548787594,0.9999516606330872,-0.000926350592635572,-0.9999437928199768,0.00979215931147337,0.004069396294653416],5,1.7696349620819092],[[751.8756713867188,230.18821716308595,46.919029235839847,-0.08559033274650574,0.0004855426959693432,0.9963303208351135,0.005791867151856422,0.9999832510948181,0.000010230867701466196,-0.9963135719299316,0.005771488416939974,-0.08559171110391617],5,1.7841095924377442],[[751.9420776367188,229.6812744140625,47.06357192993164,-0.11383029073476792,-0.000005688657438440714,0.9935002326965332,0.0005760511849075556,0.9999998211860657,0.00007172694313339889,-0.9935000538825989,0.000580471707507968,-0.11383026838302612],5,1.8133833408355713],[[751.9671630859375,229.05169677734376,47.12633514404297,-0.03046519123017788,-0.00003205773828085512,0.9995357990264893,-0.00014671977260150015,1,0.000027600703106145376,-0.9995357990264893,-0.00014581081632059067,-0.030465196818113328],5,1.8484292030334473],[[752.2903442382813,229.57948303222657,47.12977981567383,0.6196821928024292,0.003228727262467146,0.7848461866378784,-0.00019982343656010926,0.9999921321868897,-0.003956029657274485,-0.7848528027534485,0.0022946500685065986,0.6196779608726502],7,1.8663082122802735],[[752.3882446289063,229.9700164794922,47.12957763671875,0.8499759435653687,0.0015293244505301118,0.5268192887306213,-0.0007897148607298732,0.9999983906745911,-0.0016288000624626876,-0.5268208980560303,0.0009684038814157248,0.8499757647514343],8,1.8845748901367188],[[752.3937377929688,231.07421875,47.129676818847659,0.9132481217384338,0.0010734791867434979,0.407402366399765,-0.001366640324704349,0.9999989867210388,0.00042857794323936105,-0.4074014723300934,-0.0009481704910285771,0.9132486581802368],3,1.9089772701263428],[[752.3797607421875,232.12728881835938,47.09658432006836,0.7087153792381287,0.00013447013043332845,0.7054945230484009,-0.0006941722240298986,0.9999996423721314,0.0005067373858764768,-0.705494225025177,-0.0008488672901876271,0.7087152004241943],5,1.9366271495819092],[[752.3260498046875,233.09519958496095,47.018531799316409,0.27898740768432619,-0.00019250510376878083,0.9602947235107422,-0.00006470220978371799,1,0.00021926205954514444,-0.960294783115387,-0.00012330454774200916,0.27898740768432619],5,1.9471635818481446],[[752.26708984375,233.6350860595703,46.964237213134769,0.1064322218298912,-0.00008854534098645672,0.9943199753761292,0.000034016029530903327,1,0.00008541006536688656,-0.9943199753761292,0.000024732440579100513,0.1064322292804718],5,1.9597814083099366],[[752.1546630859375,234.30723571777345,46.89961624145508,-0.03597832843661308,-0.000008790129868430086,0.9993525743484497,0.00003771695264731534,1,0.000010153697076020763,-0.9993525743484497,0.00003805784581345506,-0.03597832843661308],5,1.9737625122070313],[[752.073486328125,234.76998901367188,46.861106872558597,-0.05979865416884422,0.02025970071554184,0.9980048537254334,-0.0005564820603467524,0.9997931718826294,-0.020329348742961885,-0.9982103109359741,-0.0017710394458845258,-0.059775013476610187],5,1.9871926307678223],[[752.08349609375,235.17755126953126,46.83240509033203,-0.039569467306137088,0.019048618152737619,0.9990352392196655,-0.006376930512487888,0.9997931122779846,-0.01931564323604107,-0.999196469783783,-0.007135088089853525,-0.039439812302589419],5,2.0035433769226076],[[752.123046875,235.66754150390626,46.854793548583987,-0.07431312650442124,0.009644674137234688,0.9971883296966553,-0.004517036490142345,0.9999397397041321,-0.010007907636463642,-0.997224748134613,-0.0052480548620224,-0.07426507771015167],5,2.0214664936065676],[[752.1387939453125,236.10382080078126,46.897369384765628,-0.09562033414840698,0.002278404077515006,0.9954152703285217,-0.0014216444687917829,0.9999960660934448,-0.002425453159958124,-0.9954168796539307,-0.001647049211896956,-0.09561672061681748],5,2.036372661590576],[[752.1367797851563,236.4852752685547,46.93391418457031,-0.095699243247509,0.0012265611439943314,0.9954095482826233,-0.00018584086501505226,0.9999992251396179,-0.0012500834418460727,-0.9954102635383606,-0.000304619810776785,-0.09569893777370453],5,2.052334785461426],[[752.1154174804688,236.8119354248047,46.97048568725586,-0.09487266093492508,0.000680671539157629,0.9954891800880432,0.000059600079111987728,0.9999997615814209,-0.0006780755938962102,-0.9954894185066223,-0.0000049996046982414559,-0.09487268328666687],5,2.0682520866394045],[[752.1348266601563,237.0807647705078,47.048973083496097,-0.08841212093830109,0.0005598858115263283,0.9960837960243225,-0.0005400889785960317,0.9999996423721314,-0.0006100250175222755,-0.9960838556289673,-0.0005919074756093323,-0.08841178566217423],5,2.0858659744262697],[[752.1290893554688,237.2950897216797,47.11820983886719,-0.09590522199869156,0.00018536296556703746,0.9953904747962952,-0.00026151357451453805,0.9999999403953552,-0.0002114180097123608,-0.9953904151916504,-0.0002805842086672783,-0.09590516984462738],5,2.100947141647339],[[752.1251831054688,237.4531707763672,47.19493103027344,-0.09208837151527405,0.00014975584053900093,0.9957508444786072,-0.0005099241971038282,0.9999998211860657,-0.00019755335233639926,-0.9957507252693176,-0.0005259498138912022,-0.09208828210830689],5,2.11759090423584],[[752.1240234375,237.55618286132813,47.27296829223633,-0.09580904990434647,0.00006301742541836575,0.9953997135162354,-0.00026358416653238237,0.9999999403953552,-0.0000886791167431511,-0.9953997135162354,-0.0002708678657654673,-0.09580903500318527],5,2.1344406604766847],[[752.136962890625,237.6046905517578,47.36478805541992,-0.0982910692691803,0.000012254481589479838,0.9951577186584473,-0.00006516466964967549,1,-0.000018750381059362554,-0.9951577186584473,-0.00006669211870757863,-0.0982910692691803],5,2.1505284309387209],[[752.1279296875,237.59869384765626,47.445499420166019,-0.1000700518488884,-0.000001500303028478811,0.9949803948402405,-2.1614285117266264e-7,1,0.000001486133442085702,-0.9949803948402405,-6.634044069642187e-8,-0.1000700518488884],5,2.166487455368042],[[752.133056640625,237.53858947753907,47.532379150390628,-0.10064465552568436,6.18949400177371e-7,0.9949224591255188,0.00008733291178941727,1,0.000008212339707824868,-0.9949224591255188,0.00008771600550971925,-0.10064465552568436],5,2.1844780445098879],[[752.1427612304688,237.4239959716797,47.61381530761719,-0.1064845472574234,7.56240297050681e-7,0.9943143725395203,0.000041134804632747549,1,0.000003644703156169271,-0.9943143725395203,0.00004128903310629539,-0.1064845472574234],5,2.2049529552459719],[[752.1323852539063,237.2045440673828,47.7087287902832,-0.10530434548854828,0.0000015328262179536978,0.9944400191307068,0.00020501037943176925,1,0.000020167788534308785,-0.9944400191307068,0.00020599429262802005,-0.10530434548854828],5,2.2311291694641115],[[752.1044311523438,236.90164184570313,47.817466735839847,-0.08664747327566147,1.6164803184892663e-7,0.9962390065193176,0.0002411793830106035,1,0.000020814217350562104,-0.9962390065193176,0.00024207582464441657,-0.08664746582508087],5,2.2431230545043947],[[752.0607299804688,236.6002197265625,47.88508987426758,0.03917624428868294,0.00016633210179861635,0.999232292175293,-0.0006899539730511606,0.9999997615814209,-0.0001394092832924798,-0.9992320537567139,-0.0006839627167209983,0.039176348596811298],5,2.258908748626709],[[752.280029296875,236.81442260742188,48.02434539794922,0.356446772813797,0.0010076609905809165,0.9343150854110718,0.0014620345318689943,0.999997615814209,-0.0016362746246159077,-0.934314489364624,0.0019492458086460829,0.35644444823265078],7,2.2725706100463869],[[752.6232299804688,237.22891235351563,47.993408203125,0.7881706357002258,0.0010056078899651766,0.6154559254646301,0.0030540910083800556,0.9999799728393555,-0.005545047577470541,-0.6154491901397705,0.006250102538615465,0.7881518006324768],7,2.2877702713012697],[[752.6233520507813,237.7254638671875,47.96122741699219,0.9991816282272339,-0.00025813511456362903,0.04044753685593605,0.0002852812467608601,0.9999997615814209,-0.0006653736345469952,-0.040447354316711429,0.0006763680139556527,0.9991814494132996],8,2.3178274631500246],[[752.6231689453125,238.8296661376953,47.95884704589844,0.9885111451148987,0.001327150035649538,0.1511421799659729,-0.0017019083024933935,0.999995768070221,0.0023501769173890354,-0.15113842487335206,-0.00258040614426136,0.9885092377662659],3,2.3454174995422365],[[752.6171875,239.8827362060547,47.9208984375,0.7678011059761047,0.00008314890874316916,0.6406882405281067,-0.0011005946435034276,0.9999986886978149,0.0011891727335751057,-0.6406872868537903,-0.0016181862447410822,0.7678002119064331],5,2.35568904876709],[[752.5996704101563,240.4737091064453,47.874229431152347,0.58974689245224,-0.00022341789735946804,0.8075881004333496,-0.00035388817195780575,0.9999998211860657,0.000535077415406704,-0.8075880408287048,-0.0006013560923747718,0.5897466540336609],5,2.369002342224121],[[752.5455932617188,241.21397399902345,47.79585266113281,0.33185485005378725,-0.0001572493783896789,0.9433304667472839,0.000055669235734967518,1,0.00014711200492456555,-0.9433304667472839,0.00000369469353245222,0.33185485005378725],5,2.384892702102661],[[752.4530639648438,241.89974975585938,47.71224594116211,0.18685171008110047,-0.000026318926757085138,0.9823881387710571,0.00007806500070728362,1,0.000011942680430365727,-0.9823881387710571,0.0000744586213841103,0.18685172498226167],5,2.401033401489258],[[752.3214721679688,242.53102111816407,47.63521957397461,0.13120011985301972,0.000007920616553747096,0.9913558959960938,0.000031202129321172836,1,-0.000012119097846152727,-0.9913558959960938,0.00003252244277973659,0.13120011985301972],5,2.4180424213409426],[[752.1131591796875,243.36598205566407,47.53809356689453,0.06550392508506775,0.001443058717995882,0.9978512525558472,0.004281013738363981,0.9999893307685852,-0.0017271778779104353,-0.9978431463241577,0.0043849521316587929,0.06549705564975739],5,2.4403467178344728],[[752.0470581054688,243.92625427246095,47.448421478271487,0.016310324892401696,0.006643666420131922,0.9998449087142944,0.005927687976509333,0.9999597072601318,-0.006741126999258995,-0.9998493790626526,0.006036716978996992,0.016270287334918977],5,2.463015556335449],[[752.0757446289063,244.55453491210938,47.28147506713867,0.022901473566889764,0.0023467910941690208,0.9997349977493286,0.001297859358601272,0.9999963045120239,-0.002377135446295142,-0.9997369050979614,0.001351955346763134,0.022898344323039056],5,2.496342182159424],[[752.0786743164063,244.960205078125,47.229454040527347,0.02489742450416088,0.00006413712253561243,0.9996899962425232,-0.00003998926331405528,1,-0.00006316106737358496,-0.9996899962425232,-0.00003840431963908486,0.02489742636680603],5,2.5300307273864748],[[752.0787353515625,245.24327087402345,47.228004455566409,0.0025575985200703146,-0.00008338455518241972,0.9999967217445374,-0.00005890944157727063,1,0.00008353549492312595,-0.9999967217445374,-0.000059122896345797929,0.0025575936306267978],5,2.541126012802124],[[752.0787353515625,245.33880615234376,47.22800827026367,-0.002667955821380019,-0.000042110383219551298,0.9999964237213135,-0.000025006944269989618,1,0.00004204381548333913,-0.9999964237213135,-0.000024894685338949786,-0.0026679569855332376],5,2.5550994873046877],[[752.0787353515625,245.4185028076172,47.2280158996582,-0.013147855177521706,-0.00000890562660060823,0.9999135732650757,-0.0000033136097954411527,1,0.000008862825779942796,-0.9999135732650757,-0.0000031967963423085168,-0.013147855177521706],5,2.571667194366455],[[752.0590209960938,245.4375762939453,47.251644134521487,-0.027853576466441156,0.0000047891689973766919,0.999612033367157,0.0006758857052773237,0.9999997615814209,0.00001404210979671916,-0.9996117949485779,0.0006760145770385861,-0.027853574603796006],5,2.598705530166626],[[752.0543212890625,245.38442993164063,47.306541442871097,-0.022818172350525857,0.0000026842965326068226,0.9997396469116211,0.000547421514056623,0.9999998211860657,0.000009809416042116937,-0.9997394680976868,0.0005475028301589191,-0.022818170487880708],5,2.6236836910247804],[[752.1170654296875,245.48114013671876,47.325408935546878,0.1273437738418579,0.002559124957770109,0.9918553233146668,0.00381186930462718,0.9999880194664002,-0.003069512313231826,-0.9918513298034668,0.004171706270426512,0.12733249366283418],7,2.635765314102173],[[752.41796875,245.54367065429688,47.283782958984378,0.5021104216575623,0.0026164096780121328,0.8647995591163635,0.007016812916845083,0.9999501705169678,-0.007099325768649578,-0.8647750616073608,0.009632782079279423,0.5020670294761658],7,2.6525583267211916],[[752.6045532226563,245.584716796875,47.2009391784668,0.8755438923835754,0.00047756635467521846,0.48313838243484499,0.002075240481644869,0.9999865889549255,-0.004749206826090813,-0.4831341505050659,0.005160767585039139,0.8755311369895935],8,2.668105363845825],[[752.6074829101563,246.46791076660157,47.114315032958987,0.9805665612220764,-0.0005385156255215406,0.19618584215641023,0.0006112578557804227,0.9999997615814209,-0.00031023388146422803,-0.1961856335401535,0.0004241251153871417,0.980566680431366],3,2.688739538192749],[[752.6018676757813,247.3171844482422,47.00479507446289,0.9858309626579285,-0.00011009254376403987,0.16774193942546845,-0.00003917536741937511,0.9999995827674866,0.0008865569834597409,-0.16774196922779084,-0.0008805666584521532,0.985830545425415],5,2.7021822929382326],[[752.6395874023438,248.10777282714845,46.85826110839844,0.9355077743530273,-0.0008573271916247904,0.35330501198768618,0.0005665731150656939,0.9999994039535523,0.0009263756219297648,-0.3533055782318115,-0.0006664585671387613,0.9355077147483826],5,2.7185096740722658],[[752.6156616210938,248.8433074951172,46.680843353271487,0.7601414322853088,-0.0005927852471359074,0.6497573852539063,0.00041225930908694863,0.9999998211860657,0.00043002160964533687,-0.6497575640678406,-0.00005900870019104332,0.7601415514945984],5,2.7325940132141115],[[752.5560302734375,249.5243377685547,46.491878509521487,0.4862832725048065,-0.00015095736307557672,0.8738012313842773,0.00018656808242667466,1,0.00006893149111419916,-0.8738012313842773,0.0001295031834160909,0.4862832725048065],5,2.749939441680908],[[752.4586181640625,250.15086364746095,46.31200408935547,0.23802171647548676,0.000016870175386429766,0.9712598323822022,0.000056622360716573897,1,-0.00003124551585642621,-0.9712598323822022,0.00006243214738788083,0.23802171647548676],5,2.76580810546875],[[752.3281860351563,250.722900390625,46.15361022949219,0.09375054389238358,0.000025309493139502594,0.9955956935882568,0.000005825789230584633,1,-0.000025970042770495639,-0.9955956935882568,0.00000823483605927322,0.09375054389238358],5,2.7839934825897219],[[752.1690063476563,251.2404327392578,46.02253341674805,0.018073707818984987,0.000009111516192206182,0.9998366832733154,-0.00000426090628025122,1,-0.000009035981747729238,-0.9998366832733154,-0.000004096896645933157,0.018073709681630136],5,2.802901029586792],[[751.8817749023438,251.91453552246095,45.88242721557617,-0.08055108040571213,-1.560452886906205e-7,0.9967504739761353,-0.0000018627930558068329,1,6.014819309285713e-9,-0.9967504739761353,-0.0000018562553805168137,-0.08055108040571213],5,2.8271617889404299],[[751.6621704101563,252.2958221435547,45.82973861694336,-0.12437306344509125,-5.457337692860165e-7,0.992235541343689,-4.0794694200485539e-7,1,4.988696105101553e-7,-0.992235541343689,-3.4273350024704998e-7,-0.12437306344509125],5,2.841963052749634],[[751.4595336914063,252.6226043701172,45.79424285888672,-0.19025009870529176,-2.3908074808787207e-7,0.9817356467247009,2.4339161797115595e-8,1,2.482452998719964e-7,-0.9817356467247009,7.112331701364383e-8,-0.19025009870529176],5,2.863154888153076],[[751.2614135742188,252.95443725585938,45.759517669677737,-0.2630913257598877,1.0255472027154156e-8,0.9647709131240845,8.034677989599004e-8,1,1.1280469003338567e-8,-0.9647709131240845,8.048403543625682e-8,-0.2630913257598877],5,2.892692804336548],[[751.1043090820313,253.24024963378907,45.73198699951172,-0.3150987923145294,1.3402059551026469e-7,0.9490588903427124,5.420648463427824e-8,1,-1.232170063758531e-7,-0.9490588903427124,1.2619617351106172e-8,-0.3150987923145294],5,2.9060146808624269],[[751.0484008789063,253.36265563964845,45.72220230102539,-0.3415108323097229,1.26517065268672e-7,0.9398778676986694,2.331094250962451e-8,1,-1.2613993760623999e-7,-0.9398778676986694,-2.116871478108351e-8,-0.3415108323097229],5,2.9210121631622316],[[751.0322265625,253.41868591308595,45.719364166259769,-0.3692653775215149,1.1998417903669179e-7,