[[[776,222.69961547851563,47,1,4.421508048579881e-9,-1.9857660420928527e-15,-4.421508048579881e-9,1,-9.711471626872026e-10,1.981472008566747e-15,9.711471626872026e-10,1],8,0.005271196365356445],[[776,222.69961547851563,47,1,-3.669159909236441e-8,-2.2736153661406497e-15,3.669159909236441e-8,1,8.058983702596834e-9,1.9779184935947784e-15,-8.058983702596834e-9,1],8,0.027135610580444337],[[776,222.69961547851563,47,1,-7.776956323368722e-8,-2.9319516073615574e-15,7.776956323368722e-8,1,1.7081397629681306e-8,1.6035386129960869e-15,-1.7081397629681306e-8,1],8,0.03759503364562988],[[776,222.69961547851563,47,1,-1.0134512962167719e-7,-3.532724124761773e-15,1.0134512962167719e-7,1,2.2259568410731846e-8,1.276825193866776e-15,-2.2259568410731846e-8,1],8,0.055135250091552737],[[776,222.69961547851563,47,1,-7.252108247257638e-8,-3.068598138786173e-15,7.252108247257638e-8,1,1.5928620200611477e-8,1.9134372634520976e-15,-1.5928620200611477e-8,1],8,0.06978416442871094],[[776,222.69961547851563,47,1,-4.372166984012438e-8,-2.772628521631286e-15,4.372166984012438e-8,1,9.603080997067082e-9,2.352765936380354e-15,-9.603080997067082e-9,1],8,0.08724570274353028],[[776,222.69961547851563,47,1,-1.4946868631682265e-8,-2.6571224502624798e-15,1.4946868631682265e-8,1,3.282947025340377e-9,2.608052561078617e-15,-3.282947025340377e-9,1],8,0.10554218292236328],[[776,222.69961547851563,47,1,1.3803337139961514e-8,-2.723090011469355e-15,-1.3803337139961514e-8,1,-3.031786599549946e-9,2.6812412899190724e-15,3.031786599549946e-9,1],8,0.12141251564025879],[[776,222.69961547851563,47,1,4.2528974120159549e-8,-2.9702366495445045e-15,-4.2528974120159549e-8,1,-9.341125206674406e-9,2.5729682446451074e-15,9.341125206674406e-9,1],8,0.13791513442993165],[[776,222.69961547851563,47,-0.9891325235366821,-7.466725016058718e-9,0.14702659845352174,-7.28029903029892e-9,1,1.8060959394716747e-9,-0.14702659845352174,7.160706472220113e-10,-0.9891325235366821],8,0.15919232368469239],[[776,222.69961547851563,47,-0.9999712109565735,2.0273068557230546e-8,0.007585862185806036,2.0342131534789588e-8,1,9.02700847404958e-9,-0.007585862185806036,9.181061244589728e-9,-0.9999712109565735],8,0.18082618713378907],[[775.8385009765625,222.69961547851563,47.006980895996097,-0.999342143535614,4.8045297518228838e-8,-0.03626743704080582,4.745768933389627e-8,1,1.706290042591263e-8,0.03626743704080582,1.5330504865573859e-8,-0.999342143535614],8,0.19109082221984864],[[775.6421508789063,222.69961547851563,47.01490020751953,-0.9995321035385132,6.846216393796567e-8,-0.030587587505578996,6.779011840762905e-8,1,2.300809853750252e-8,0.030587587505578996,2.092379602913752e-8,-0.9995321035385132],8,0.2129967212677002],[[775.3757934570313,222.69961547851563,47.023494720458987,-0.9997920989990234,9.555744640010744e-8,-0.02039027400314808,9.495181529928232e-8,1,3.0670275208422029e-8,0.02039027400314808,2.872780768825578e-8,-0.9997920989990234],8,0.22236227989196778],[[775.1091918945313,222.69961547851563,47.02936935424805,-0.9999661445617676,1.0558932217463735e-7,-0.008232034742832184,1.0532254179906886e-7,1,3.284099392431017e-8,0.008232034742832184,3.1972863467899518e-8,-0.9999661445617676],8,0.2394263744354248],[[774.8425903320313,222.69961547851563,47.03205490112305,-0.9999974966049194,6.495228177527679e-8,0.0022400845773518087,6.49971596544674e-8,1,1.996205689636099e-8,-0.0022400845773518087,2.010760447035409e-8,-0.9999974966049194],8,0.26196813583374026],[[774.5759887695313,222.69961547851563,47.03187942504883,-0.9999397993087769,2.451220382226893e-8,0.010971353389322758,2.4595383507630687e-8,1,7.446506522512664e-9,-0.010971353389322758,7.715902583527168e-9,-0.9999397993087769],8,0.27286195755004885],[[774.3093872070313,222.69961547851563,47.02930450439453,-0.9998058676719666,-1.5783758300358387e-8,0.01970406249165535,-1.5879553671993564e-8,1,-4.705309919472711e-9,-0.01970406249165535,-5.017287918462898e-9,-0.9998058676719666],8,0.29496097564697268],[[774.0427856445313,222.69961547851563,47.0244026184082,-0.9996438026428223,-5.594159091515394e-8,0.026688311249017717,-5.64037456740607e-8,1,-1.6563927118795619e-8,-0.026688311249017717,-1.806334815057653e-8,-0.9996438026428223],8,0.3043086528778076],[[773.7761840820313,222.69961547851563,47.0175666809082,-0.9994902610778809,-9.60050883236363e-8,0.031925782561302188,-9.695482106053532e-8,1,-2.820009825654779e-8,-0.031925782561302188,-3.128108261307716e-8,-0.9994902610778809],8,0.3209354877471924],[[773.5095825195313,222.69961547851563,47.00926208496094,-0.9992428421974182,-8.479710800202156e-8,0.03890657052397728,-8.582249222399696e-8,1,-2.4684929655904854e-8,-0.03890657052397728,-2.800529763646864e-8,-0.9992428421974182],8,0.3374631404876709],[[773.2431640625,222.69961547851563,46.999168395996097,-0.9991734027862549,-5.6740372400554409e-8,0.04065113142132759,-5.7449323520586407e-8,1,-1.6271702207859563e-8,-0.04065113142132759,-1.859363152334481e-8,-0.9991734027862549],8,0.3566470146179199],[[772.976806640625,222.69961547851563,46.988399505615237,-0.9991733431816101,-2.8756542036489919e-8,0.0406530387699604,-2.9100364784540035e-8,1,-7.865716078470087e-9,-0.0406530387699604,-9.04223185216324e-9,-0.9991733431816101],8,0.37181568145751955],[[772.71044921875,222.69961547851563,46.97756576538086,-0.9991732835769653,-7.966254322866462e-10,0.04065446928143501,-7.755959763322551e-10,1,5.330448304974311e-10,-0.04065446928143501,5.010726833454271e-10,-0.9991732835769653],8,0.38885927200317385],[[772.444091796875,222.69961547851563,46.966732025146487,-0.999309241771698,2.71411533248056e-8,0.03716261684894562,2.7495483223560769e-8,1,9.023469971225495e-9,-0.03716261684894562,1.0039041598020049e-8,-0.999309241771698],8,0.4039626121520996],[[772.1776123046875,222.69961547851563,46.95668411254883,-0.9995445013046265,5.512277923003239e-8,0.030179498717188836,5.568243466314016e-8,1,1.7703795762713527e-8,-0.030179498717188836,1.9376198423515235e-8,-0.9995445013046265],8,0.4202094078063965],[[771.9110107421875,222.69961547851563,46.94835662841797,-0.9997310042381287,8.314513877394347e-8,0.0231934767216444,8.37840019585201e-8,1,2.6573303557597684e-8,-0.0231934767216444,2.850939750942416e-8,-0.9997310042381287],8,0.43754076957702639],[[771.6444091796875,222.69961547851563,46.941890716552737,-0.999868631362915,1.1120675935671898e-7,0.016208466142416,1.1179896830526559e-7,1,3.563117800808868e-8,-0.016208466142416,3.743858556504165e-8,-0.999868631362915],8,0.4546229839324951],[[771.3778076171875,222.69961547851563,46.937286376953128,-0.9999575018882752,8.743752033524288e-8,0.009220756590366364,8.7700875894825e-8,1,2.8156625475617149e-8,-0.009220756590366364,2.8964096898675963e-8,-0.9999575018882752],8,0.46991395950317385],[[771.1112060546875,222.69961547851563,46.93454360961914,-0.9999920725822449,4.62982150395419e-8,0.00398234324529767,4.635792194562782e-8,1,1.4900727762778843e-8,-0.00398234324529767,1.5085221960475793e-8,-0.9999920725822449],8,0.4880692958831787],[[770.8446044921875,222.69961547851563,46.93326950073242,-0.9999954700469971,5.147943404892885e-9,-0.0030055157840251924,5.143855563716215e-9,1,1.367831070631098e-9,0.0030055157840251924,1.3523648867419525e-9,-0.9999954700469971],8,0.5046100616455078],[[770.5780029296875,222.69961547851563,46.93379211425781,-0.9999310970306397,-3.605972764830767e-8,-0.011739477515220642,-3.591530983726443e-8,1,-1.251264158952381e-8,0.011739477515220642,-1.2090151990662435e-8,-0.9999310970306397],8,0.5196716785430908],[[770.3114013671875,222.69961547851563,46.93657302856445,-0.9996694326400757,-7.740919727439177e-8,-0.02570943534374237,-7.674161395243573e-8,1,-2.6953088649861458e-8,0.02570943534374237,-2.497119488964472e-8,-0.9996694326400757],8,0.5383234024047852],[[770.0447998046875,222.69961547851563,46.942874908447269,-0.9994653463363648,-1.0126552041356263e-7,-0.03269520401954651,-1.0015784113193149e-7,1,-3.551679128577234e-8,0.03269520401954651,-3.22231201721479e-8,-0.9994653463363648],8,0.5540909767150879],[[769.7781982421875,223.56251525878907,46.949649810791019,-0.9992125630378723,-7.277847657860548e-8,-0.03967675566673279,-7.18258377219172e-8,1,-2.5435500816683999e-8,0.03967675566673279,-2.256565601044258e-8,-0.9992125630378723],3,0.5727577209472656],[[769.5117797851563,224.37091064453126,46.95966720581055,-0.9988061189651489,-4.443874246362611e-8,0.04884994402527809,-4.5032287232515958e-8,1,-1.1049798409601408e-8,-0.04884994402527809,-1.3236431506413738e-8,-0.9988061189651489],5,0.5946118831634522],[[769.2454223632813,225.1248016357422,46.971031188964847,-0.9970688819885254,-1.8452485761599747e-8,0.07650890946388245,-1.835186402843192e-8,1,2.0182235882515444e-9,-0.07650890946388245,6.082268577678462e-10,-0.9970688819885254],5,0.6035118103027344],[[768.9790649414063,225.82420349121095,46.98452377319336,-0.9971469044685364,7.657476430722454e-9,0.0754852443933487,8.60101057043039e-9,1,1.2174500518824516e-8,-0.0754852443933487,1.2789015180203478e-8,-0.9971469044685364],5,0.621680498123169],[[768.7128295898438,226.46910095214845,46.999542236328128,-0.9971100687980652,3.432782946788393e-8,0.07597058266401291,3.5898594319405677e-8,1,1.9310357757262865e-8,-0.07597058266401291,2.198178883361379e-8,-0.9971100687980652],5,0.6365010738372803],[[768.4467163085938,227.0594940185547,47.0147705078125,-0.9971057772636414,6.158894194641107e-8,0.07602713257074356,6.35593480069474e-8,1,2.349751326846672e-8,-0.07602713257074356,2.8261741391588658e-8,-0.9971057772636414],5,0.6533677577972412],[[768.1806030273438,227.5953826904297,47.029998779296878,-0.9971052408218384,8.946155105604703e-8,0.07603359967470169,9.160920910744608e-8,1,2.4758467276342345e-8,-0.07603359967470169,3.165217776768259e-8,-0.9971052408218384],5,0.6699252128601074],[[767.9144897460938,228.0767822265625,47.04522705078125,-0.9971051812171936,1.1797497734278295e-7,0.07603462785482407,1.2007632221866516e-7,1,2.3065153342827217e-8,-0.07603462785482407,3.212834087662486e-8,-0.9971051812171936],5,0.6872172355651856],[[767.6483764648438,228.50367736816407,47.060455322265628,-0.9971051812171936,1.4716295027028537e-7,0.07603433728218079,1.4898867561896623e-7,1,1.833944729412451e-8,-0.07603433728218079,2.961461120776221e-8,-0.9971051812171936],5,0.7038536071777344],[[767.3822631835938,228.87606811523438,47.07568359375,-0.9974898099899292,1.5962214661158215e-7,0.07081014662981034,1.606365600537174e-7,1,8.63127969097377e-9,-0.07081014662981034,1.9984311094844999e-8,-0.9974898099899292],5,0.7213296890258789],[[767.1161499023438,229.1939697265625,47.092105865478519,-0.9987547993659973,1.2058472975695623e-7,0.049888595938682559,1.202563169044879e-7,1,-9.584333326984052e-9,-0.049888595938682559,-3.5729803560258235e-9,-0.9987547993659973],5,0.7374117374420166],[[766.8502807617188,229.45736694335938,47.11348342895508,-0.9990790486335754,8.094988146467586e-8,0.04290732741355896,8.001615725561351e-8,1,-2.347881711273203e-8,-0.04290732741355896,-2.0023914970579427e-8,-0.9990790486335754],5,0.7543692588806152],[[766.5846557617188,229.666259765625,47.13725280761719,-0.9987549185752869,4.127397090769591e-8,0.04988657683134079,3.969174500184636e-8,1,-3.270718096359815e-8,-0.04988657683134079,-3.068636900138699e-8,-0.9987549185752869],5,0.7699100971221924],[[766.3190307617188,229.82064819335938,47.15972137451172,-0.996692955493927,2.1121928650558176e-9,0.08125992119312287,-8.485819269488104e-10,1,-3.640132106852434e-8,-0.08125992119312287,-3.63498955380237e-8,-0.996692955493927],5,0.7881619930267334],[[766.0527954101563,229.92054748535157,47.1747932434082,-0.9903562664985657,-3.635624423736772e-8,0.13854405283927918,-4.1401410300068167e-8,1,-3.353375888082155e-8,-0.13854405283927918,-3.8946286196051008e-8,-0.9903562664985657],5,0.8040733337402344],[[765.7861938476563,229.9659423828125,47.17555236816406,-0.9775378704071045,-7.463872719881692e-8,0.2107599377632141,-8.141380192228098e-8,1,-2.3469080900895279e-8,-0.2107599377632141,-4.010068366255837e-8,-0.9775378704071045],5,0.8205716609954834],[[765.5202026367188,229.9568328857422,47.15837860107422,-0.955942690372467,-1.131153624100989e-7,0.2935534417629242,-1.2009279259928008e-7,1,-5.744990705380815e-9,-0.2935534417629242,-4.074553316968377e-8,-0.955942690372467],5,0.8378217220306397],[[765.2565307617188,229.8932342529297,47.11988067626953,-0.9233763217926025,-1.5211035986339994e-7,0.3838960528373718,-1.5644319262264617e-7,1,1.9938767081839616e-8,-0.3838960528373718,-4.1646941895123749e-8,-0.9233763217926025],5,0.8550918102264404],[[764.997802734375,229.77513122558595,47.101287841796878,-0.8918339014053345,-1.2238605506809109e-7,0.4523630142211914,-1.215583864677683e-7,1,3.0895911606876328e-8,-0.4523630142211914,-2.743449734055048e-8,-0.8918339014053345],5,0.8724040985107422],[[764.7445068359375,229.60252380371095,47.12202072143555,-0.845038652420044,-9.131407807672076e-8,0.5347052216529846,-8.648024163449009e-8,1,3.41027686090456e-8,-0.5347052216529846,-1.7423280596062797e-8,-0.845038652420044],5,0.8939268589019775],[[764.4918212890625,229.37542724609376,47.1823616027832,-0.7832722067832947,-5.965541305386069e-8,0.62167888879776,-5.168644889863572e-8,1,3.083723143504358e-8,-0.62167888879776,-7.978429472643711e-9,-0.7832722067832947],5,0.9045777320861816],[[764.232421875,229.0938262939453,47.24120330810547,-0.7149836421012878,-2.7792092183176466e-8,0.6991411447525024,-1.7837466614878396e-8,1,2.1510096814836289e-8,-0.6991411447525024,2.9084610275731394e-9,-0.7149836421012878],5,0.9276633262634277],[[763.9683227539063,228.75772094726563,47.275917053222659,-0.6119212508201599,4.378615248157303e-9,0.7909187078475952,1.3758745254222049e-8,1,5.108810263720898e-9,-0.7909187078475952,1.4008238125029493e-8,-0.6119212508201599],5,0.9373116493225098],[[763.702392578125,228.3671112060547,47.28045654296875,-0.5375680327415466,3.708582951844619e-8,0.8432204127311707,4.321056934486478e-8,1,-1.6433673977189757e-8,-0.8432204127311707,2.7601815943967268e-8,-0.5375680327415466],5,0.9540855884552002],[[763.4374389648438,227.92201232910157,47.25345230102539,-0.4659807085990906,7.054958217622698e-8,0.8847948908805847,7.013595393345895e-8,1,-4.2798145472033869e-8,-0.8847948908805847,4.211281989796589e-8,-0.4659807085990906],5,0.9711978435516357],[[763.1757202148438,227.4224090576172,47.20340347290039,-0.39449334144592287,1.0483528711802137e-7,0.9188988208770752,9.418149460316272e-8,1,-7.365481025090048e-8,-0.9188988208770752,5.748692544216283e-8,-0.39449334144592287],5,0.9876706600189209],[[762.918701171875,226.86830139160157,47.132659912109378,-0.3210095167160034,1.3987245495172829e-7,0.9470759630203247,1.1497418483941147e-7,1,-1.0871846001236918e-7,-0.9470759630203247,7.3989625093418e-8,-0.3210095167160034],5,1.0041368007659913],[[762.6644287109375,226.2596893310547,47.08283996582031,-0.31351321935653689,1.1203949412674774e-7,0.9495838284492493,9.011342427811542e-8,1,-8.82362769516476e-8,-0.9495838284492493,5.7907012518398918e-8,-0.31351321935653689],5,1.0216350555419922],[[762.4114990234375,225.59658813476563,47.07270431518555,-0.2686464488506317,7.995380713055056e-8,0.9632388353347778,6.927452744776019e-8,1,-6.368457405869776e-8,-0.9632388353347778,4.961928112834357e-8,-0.2686464488506317],5,1.0440294742584229],[[762.1570434570313,224.8789825439453,47.10222244262695,-0.20799070596694947,4.747808546312626e-8,0.9781308174133301,5.015580128997499e-8,1,-3.7874428926443218e-8,-0.9781308174133301,4.1181404952794767e-8,-0.20799070596694947],5,1.0555741786956788],[[761.8966064453125,224.10687255859376,47.154136657714847,-0.1584736853837967,1.6339910757778854e-8,0.9873632192611694,3.2243782754903808e-8,1,-1.1373849417850579e-8,-0.9873632192611694,3.0033866948997459e-8,-0.1584736853837967],5,1.0750031471252442],[[761.6334228515625,223.2802734375,47.19636917114258,-0.12405238300561905,-1.343702837885985e-8,0.9922756552696228,1.512062652864188e-8,1,1.5431979250024598e-8,-0.9922756552696228,1.6918203726845605e-8,-0.12405238300561905],7,1.0881078243255616],[[761.3689575195313,223.13853454589845,47.23008728027344,-0.1066000685095787,-4.23705301955124e-8,0.994301974773407,-1.5260365193725534e-9,1,4.244973439426758e-8,-0.994301974773407,3.0078031176827837e-9,-0.1066000685095787],7,1.1048915386199952],[[761.1038818359375,223.24636840820313,47.25908660888672,-0.09769934415817261,-7.100567955831139e-8,0.9952159523963928,-1.7911780503254705e-8,1,6.958862286410295e-8,-0.9952159523963928,-1.1027328383761415e-8,-0.09769934415817261],8,1.120675802230835],[[760.8385009765625,223.33433532714845,47.285484313964847,-0.09419737011194229,-9.955182633802906e-8,0.9955535531044006,-3.4186836472827056e-8,1,9.676175949380195e-8,-0.9955535531044006,-2.4920121077798286e-8,-0.09419737011194229],8,1.1373999118804932],[[760.5731201171875,223.38687133789063,47.31074523925781,-0.09593363851308823,-9.45300229204804e-8,0.9953877329826355,-3.6807016101647608e-8,1,9.142064527623006e-8,-0.9953877329826355,-2.7866938978604595e-8,-0.09593363851308823],8,1.1533715724945069],[[760.3077392578125,223.41619873046876,47.33626174926758,-0.09593331068754196,-5.5857483971522018e-8,0.9953877925872803,-2.5742702192133039e-8,1,5.3635282881714377e-8,-0.9953877925872803,-2.0478561069126046e-8,-0.09593331068754196],8,1.171011209487915],[[760.0423583984375,223.43228149414063,47.36184310913086,-0.09593331068754196,-1.721797993070595e-8,0.9953877925872803,-1.4687832283755143e-8,1,1.5882179127402197e-8,-0.9953877925872803,-1.3096458140182677e-8,-0.09593331068754196],8,1.186429738998413],[[759.7769775390625,223.44105529785157,47.38743209838867,-0.09593331068754196,2.138853361088877e-8,0.9953877925872803,-3.642403489934054e-9,1,-2.1838685526631708e-8,-0.9953877925872803,-5.720661278019179e-9,-0.09593331068754196],8,1.2031068801879883],[[759.5115966796875,223.4458465576172,47.413021087646487,-0.09593331068754196,5.996207619318739e-8,0.9953877925872803,7.393592404980609e-9,1,-5.9527341278453608e-8,-0.9953877925872803,1.6488369558587124e-9,-0.09593331068754196],8,1.2196540832519532],[[759.2462158203125,223.44845581054688,47.4386100769043,-0.09593331068754196,9.85026886723972e-8,0.9953877925872803,1.842016494890686e-8,1,-9.718381477341609e-8,-0.9953877925872803,9.012041779499214e-9,-0.09593331068754196],8,1.2383766174316407],[[758.9808349609375,223.4498748779297,47.46419906616211,-0.09593331068754196,1.0036861652906737e-7,0.9953877925872803,2.132640020136023e-8,1,-9.877829398874383e-8,-0.9953877925872803,1.1751908779444875e-8,-0.09593331068754196],8,1.2539029121398926],[[758.7154541015625,223.45065307617188,47.48978805541992,-0.09593331068754196,6.560683374345899e-8,0.9953877925872803,1.612269429074331e-8,1,-6.435696064954755e-8,-0.9953877925872803,9.874357331796091e-9,-0.09593331068754196],8,1.26991868019104],[[758.4500732421875,223.4510498046875,47.515377044677737,-0.09593331068754196,3.0874733880636998e-8,0.9953877925872803,1.0923433713116993e-8,1,-2.996501891061598e-8,-0.9953877925872803,7.998409046194866e-9,-0.09593331068754196],8,1.2861113548278809],[[758.1846923828125,223.4512939453125,47.54096603393555,-0.09593331068754196,-3.827713257464893e-9,0.9953877925872803,5.728611807143125e-9,1,4.397560537938716e-9,-0.9953877925872803,6.124062590373569e-9,-0.09593331068754196],8,1.304335117340088],[[757.9193115234375,223.45143127441407,47.56655502319336,-0.09593331068754196,-3.8500530763485588e-8,0.9953877925872803,5.382266299314153e-10,1,3.873079990057704e-8,-0.9953877925872803,4.251317964332202e-9,-0.09593331068754196],8,1.320070743560791],[[757.6539306640625,223.4514923095703,47.59214401245117,-0.09593331068754196,-7.314373817735032e-8,0.9953877925872803,-4.647726647988293e-9,1,7.303471960540264e-8,-0.9953877925872803,2.3801722814909e-9,-0.09593331068754196],8,1.336782693862915],[[757.3885498046875,223.45152282714845,47.617733001708987,-0.0994097962975502,-1.0774859759976607e-7,0.9950465559959412,-9.948945667304088e-9,1,1.0729102939421864e-7,-0.9950465559959412,7.661155043692247e-10,-0.0994097962975502],8,1.3536081314086915],[[757.1231689453125,223.45152282714845,47.644107818603519,-0.1133042499423027,-8.908299520271612e-8,0.9935603141784668,-9.765861008759203e-9,1,8.854669175661911e-8,-0.9935603141784668,3.2974395436369266e-10,-0.1133042499423027],8,1.3727178573608399],[[756.7914428710938,224.53526306152345,47.67721939086914,-0.12717610597610475,-4.3619969858355037e-8,0.9918801784515381,-6.421652543053824e-9,1,4.3153690398867187e-8,-0.9918801784515381,-8.813914043059867e-10,-0.12717610597610475],3,1.391089916229248],[[756.5928955078125,225.14666748046876,47.70159912109375,-0.13042394816875459,-1.6376029421394379e-8,0.9914582967758179,-4.316429880191208e-9,1,1.5949296994222096e-8,-0.9914582967758179,-2.199390225499087e-9,-0.13042394816875459],5,1.4094929695129395],[[756.3284912109375,225.9141845703125,47.736244201660159,-0.1320987045764923,1.9922349991929879e-8,0.9912365674972534,-1.45143075336307e-9,1,-2.0291908597869225e-8,-0.9912365674972534,-4.119246277412003e-9,-0.1320987045764923],5,1.4203922748565674],[[756.0640869140625,226.62721252441407,47.7714729309082,-0.13229644298553468,5.619343568241675e-8,0.9912102222442627,1.4171541717900027e-9,1,-5.6502596379459649e-8,-0.9912102222442627,-6.070395297541609e-9,-0.13229644298553468],5,1.4366958141326905],[[755.7996826171875,227.28573608398438,47.806766510009769,-0.13236384093761445,9.243431264849278e-8,0.9912012219429016,4.287656452106603e-9,1,-9.268227074699098e-8,-0.9912012219429016,-8.017850383623682e-9,-0.13236384093761445],5,1.4536137580871583],[[755.5352783203125,227.88975524902345,47.84206008911133,-0.13237136602401734,1.2864464338235849e-7,0.9912002086639404,7.156491843574031e-9,1,-1.2883101874194836e-7,-0.9912002086639404,-9.960021252197749e-9,-0.13237136602401734],5,1.4701244831085206],[[755.2708740234375,228.43927001953126,47.87735366821289,-0.132372185587883,1.648241010343554e-7,0.9912000894546509,1.0022993102154487e-8,1,-1.6494887233875489e-7,-0.9912000894546509,-1.1899852658814325e-8,-0.132372185587883],5,1.4882001876831055],[[755.0064697265625,228.93429565429688,47.91264724731445,-0.132372185587883,1.2869529086856347e-7,0.9912000894546509,8.214353641733397e-9,1,-1.2874083665792569e-7,-0.9912000894546509,-8.899638359594065e-9,-0.132372185587883],5,1.5035481452941895],[[754.7420654296875,229.37481689453126,47.947940826416019,-0.132372185587883,9.259734667921293e-8,0.9912000894546509,6.407260499941003e-9,1,-9.256375932409355e-8,-0.9912000894546509,-5.901989563739107e-9,-0.132372185587883],5,1.5220637321472169],[[754.4776611328125,229.76083374023438,47.98323440551758,-0.13237175345420838,5.6530264913590148e-8,0.9912001490592957,4.6017305521672828e-9,1,-5.6417594151980668e-8,-0.9912001490592957,-2.90685964188242e-9,-0.13237175345420838],5,1.5366895198822022],[[754.2132568359375,230.09234619140626,48.01852798461914,-0.13237187266349793,2.0493988728276237e-8,0.9912001490592957,2.7977355987474086e-9,1,-2.0302305614450235e-8,-0.9912001490592957,8.566176240565326e-11,-0.13237187266349793],5,1.5544838905334473],[[753.9488525390625,230.36936950683595,48.0538215637207,-0.13237197697162629,-1.5511512074795065e-8,0.9912000894546509,9.95276083770591e-10,1,1.5782140039277693e-8,-0.9912000894546509,3.075630639060023e-9,-0.13237197697162629],5,1.5711548328399659],[[753.6844482421875,230.59188842773438,48.089115142822269,-0.1307997852563858,-5.1491390706814857e-8,0.9914088249206543,-7.491933740055856e-10,1,5.1838753734045898e-8,-0.9914088249206543,6.037740973852124e-9,-0.1307997852563858],5,1.5866649150848389],[[753.4447631835938,230.75990295410157,48.12112808227539,-0.12723909318447114,-8.74565202479971e-8,0.9918720722198486,-2.360084350172542e-9,1,8.787042560243208e-8,-0.9918720722198486,8.839651677305938e-9,-0.12723909318447114],5,1.6061208248138428],[[753.2444458007813,230.87342834472657,48.14788055419922,-0.1237175464630127,-1.2340002797373018e-7,0.9923174977302551,-3.838451334559068e-9,1,1.2387683057113464e-7,-0.9923174977302551,1.1516775977327143e-8,-0.1237175464630127],5,1.6261725425720215],[[753.08349609375,230.9324493408203,48.16938018798828,-0.11504001915454865,-1.5937790465159197e-7,0.9933608770370483,-5.000452496517482e-9,1,1.5986401535883488e-7,-0.9933608770370483,1.3423506750598336e-8,-0.11504001915454865],5,1.64170241355896],[[752.9618530273438,230.9369659423828,48.18561553955078,-0.10288511961698532,-1.2506554014635186e-7,0.9946932196617127,-3.6853626816935049e-9,1,1.2535159044091416e-7,-0.9946932196617127,9.231007069843145e-9,-0.10288511961698532],5,1.654653549194336],[[752.879638671875,230.88699340820313,48.196598052978519,-0.08897551894187927,-9.0747199976704e-8,0.996033787727356,-2.8533670981545358e-9,1,9.085366059480293e-8,-0.996033787727356,5.24170173932248e-9,-0.08897551894187927],5,1.6718013286590577],[[752.7874145507813,230.7825164794922,48.20744705200195,-0.06525775790214539,-5.6449319885132357e-8,0.9978684186935425,-3.0872575607077126e-9,1,5.636800537445197e-8,-0.9978684186935425,5.977726091899171e-10,-0.06525775790214539],5,1.689276933670044],[[752.655517578125,230.62353515625,48.220149993896487,-0.05430490896105766,-2.2083579409581945e-8,0.9985244274139404,-3.6486573762317677e-9,1,2.1917781367619683e-8,-0.9985244274139404,-2.453030223392716e-9,-0.05430490896105766],5,1.7128593921661378],[[752.48388671875,230.41006469726563,48.23347091674805,-0.0354517363011837,1.2309559593859376e-8,0.9993714094161987,-4.849439072529549e-9,1,-1.248933134689878e-8,-0.9993714094161987,-5.2891593327331069e-9,-0.0354517363011837],5,1.7201836109161378],[[752.2726440429688,230.14208984375,48.24547576904297,-0.018094893544912339,4.6717218538105956e-8,0.999836266040802,-6.625855863973129e-9,1,-4.6844782275456967e-8,-0.999836266040802,-7.472422680621094e-9,-0.018094893544912339],5,1.7379696369171143],[[752.0227661132813,229.81961059570313,48.25254821777344,-0.013282842934131623,8.103614135279713e-8,0.9999117851257324,-8.591037214955577e-9,1,-8.115741678693667e-8,-0.9999117851257324,-9.668280398500429e-9,-0.013282842934131623],5,1.7542519569396973],[[751.7567138671875,229.442626953125,48.25605392456055,-0.012448267079889775,1.1529262167186971e-7,0.999922513961792,-1.0629160662745108e-8,1,-1.1543387756773882e-7,-0.999922513961792,-1.2065289212159769e-8,-0.012448267079889775],5,1.7697603702545167],[[751.4901123046875,229.01113891601563,48.25932312011719,-0.01226156484335661,1.4951227456094785e-7,0.9999248385429382,-1.2688435191421377e-8,1,-1.4967910999530432e-7,-0.9999248385429382,-1.4522782088022268e-8,-0.01226156484335661],5,1.7881553173065186],[[751.1568603515625,228.39515686035157,48.263404846191409,-0.01070849783718586,1.3820013577969804e-7,0.9999426603317261,-1.1066301652817856e-8,1,-1.3832656975409919e-7,-0.9999426603317261,-1.254693682284369e-8,-0.01070849783718586],5,1.807570219039917],[[750.9569091796875,227.98468017578126,48.26557159423828,-0.005639329086989164,1.0984981457795584e-7,0.999984085559845,-8.21777934589818e-9,1,-1.0989790411031209e-7,-0.999984085559845,-8.837399256833578e-9,-0.005639329086989164],5,1.8219549655914307],[[750.6903076171875,227.3896942138672,48.26718521118164,0.0009067193605005741,7.205212426697472e-8,0.9999995827674866,-4.138530851349742e-9,1,-7.204840102303933e-8,-0.9999995827674866,-4.073201331777909e-9,0.0009067193605005741],5,1.8383400440216065],[[750.4237060546875,226.74021911621095,48.266998291015628,0.0078039332292973999,3.425502370646427e-8,0.9999695420265198,1.974814339833486e-10,1,-3.425760652930876e-8,-0.9999695420265198,4.6481951621046848e-10,0.0078039332292973999],5,1.8543856143951417],[[750.1571044921875,226.03623962402345,48.264949798583987,0.017951568588614465,-3.5464085001990499e-9,0.9998388290405273,4.9185961970010798e-9,1,3.458669350919763e-9,-0.9998388290405273,4.85571538533236e-9,0.017951568588614465],5,1.870821237564087],[[749.8905029296875,225.2777557373047,48.26024627685547,0.028300628066062928,-4.136491327244585e-8,0.9995994567871094,1.0014444384864874e-8,1,4.10979588139071e-8,-0.9995994567871094,8.847335308814764e-9,0.028300628066062928],5,1.8873977661132813],[[749.6239013671875,224.46478271484376,48.252750396728519,0.03876032680273056,-7.919757649688109e-8,0.9992485642433167,1.5484619808603385e-8,1,7.865649820359977e-8,-0.9992485642433167,1.2424233197805279e-8,0.03876032680273056],5,1.9049112796783448],[[749.3574829101563,223.59730529785157,48.242462158203128,0.049228835850954059,-1.1704001678936038e-7,0.998787522315979,2.1328510513285438e-8,1,1.161308489372459e-7,-0.998787522315979,1.5585664314698989e-8,0.049228835850954059],5,1.9206042289733887],[[749.0911254882813,222.67532348632813,48.2293815612793,0.06444185972213745,-1.5496210892251839e-7,0.9979214668273926,2.767239237755348e-8,1,1.5349789350693755e-7,-0.9979214668273926,1.772318469761558e-8,0.06444185972213745],5,1.9379897117614747],[[748.8250122070313,221.6988525390625,48.21232223510742,0.07518735527992249,-1.2326370324444725e-7,0.9971694350242615,2.1962902607697289e-8,1,1.219575693767183e-7,-0.9971694350242615,1.2731067755566983e-8,0.07518735527992249],5,1.954683542251587],[[748.5591430664063,220.66787719726563,48.1922721862793,0.08422189950942993,-9.15103797183292e-8,0.9964470267295837,1.603076604794751e-8,1,9.048171989434195e-8,-0.9964470267295837,8.353265634752916e-9,0.08422189950942993],5,1.9699065685272217],[[748.29345703125,219.5823974609375,48.16982650756836,0.0914246216416359,-5.972461991632372e-8,0.9958119988441467,9.912102250098087e-9,1,5.906577627001752e-8,-0.9958119988441467,4.4705243951170818e-9,0.0914246216416359],5,1.9877476692199708],[[748.02783203125,218.44241333007813,48.14545440673828,0.09529595077037811,-2.7918940048721198e-8,0.9954490065574646,3.7129119778711585e-9,1,2.769113649492283e-8,-0.9954490065574646,1.0571611364085243e-9,0.09529595077037811],5,2.0058608055114748],[[747.7869873046875,218.43101501464845,48.123130798339847,0.1027035340666771,3.872343334876405e-9,0.9947119951248169,-2.6910380590550177e-9,1,-3.615080457208819e-9,-0.9947119951248169,-2.3055264364302276e-9,0.1027035340666771],12,2.02186918258667],[[747.585693359375,218.61376953125,48.10447692871094,0.10805660486221314,3.5656192665101119e-8,0.9941447377204895,-9.254800481528492e-9,1,-3.4860264008784728e-8,-0.9941447377204895,-5.4337294663753259e-9,0.10805660486221314],12,2.0383903980255129],[[747.4239501953125,218.80035400390626,48.08949279785156,0.11501630395650864,6.74376963161194e-8,0.993363618850708,-1.6031599159305189e-8,1,-6.603201541111048e-8,-0.993363618850708,-8.3304474429724e-9,0.11501630395650864],12,2.054410219192505],[[747.3017578125,218.98699951171876,48.07817077636719,0.11675295233726502,9.916935539422411e-8,0.9931609630584717,-2.285712952243557e-8,1,-9.716523408087596e-8,-0.9931609630584717,-1.1356481088853343e-8,0.11675295233726502],12,2.071636438369751],[[747.2191162109375,219.17364501953126,48.07051086425781,0.11675316095352173,9.630462471932333e-8,0.9931609630584717,-2.1872240907327979e-8,1,-9.439655457299523e-8,-0.9931609630584717,-1.0701560526626963e-8,0.11675316095352173],12,2.087690830230713],[[747.176025390625,219.36029052734376,48.06652069091797,0.11675316095352173,5.8902276833805448e-8,0.9931609630584717,-1.3086925321204035e-8,1,-5.776942657576001e-8,-0.9931609630584717,-6.252660167405111e-9,0.11675316095352173],12,2.103358745574951],[[747.168212890625,219.54693603515626,48.06580352783203,0.11675316095352173,2.153188916054205e-8,0.9931609630584717,-4.3091161749941879e-9,1,-2.1173592656964503e-8,-0.9931609630584717,-1.8075619889756923e-9,0.11675316095352173],12,2.1215035915374758],[[747.1680297851563,219.73358154296876,48.06578826904297,0.11675316095352173,-1.5806566722176286e-8,0.9931609630584717,4.461192748550502e-9,1,1.5390966723316525e-8,-0.9931609630584717,2.6337383385310888e-9,0.11675316095352173],12,2.137296676635742],[[747.1680297851563,219.92022705078126,48.06578826904297,0.11675316095352173,-5.311311923605899e-8,0.9931609630584717,1.3224007666678972e-8,1,5.192428531586302e-8,-0.9931609630584717,7.071244034762003e-9,0.11675316095352173],12,2.153242349624634],[[747.1680297851563,220.10687255859376,48.06578826904297,0.11675316095352173,-9.038779325010182e-8,0.9931609630584717,2.197933390846174e-8,1,8.842638976602757e-8,-0.9931609630584717,1.1504956098917774e-8,0.11675316095352173],12,2.17098331451416],[[747.1680297851563,220.29351806640626,48.06578826904297,0.11675316095352173,-1.093720527478581e-7,0.9931609630584717,2.634752860330991e-8,1,1.0702786568117517e-7,-0.9931609630584717,1.3671495935341227e-8,0.11675316095352173],12,2.187499523162842],[[747.1680297851563,220.52682495117188,48.06578826904297,0.11675316095352173,-6.464649970894243e-8,0.9931609630584717,1.538759875074902e-8,1,6.328274082534335e-8,-0.9931609630584717,7.89390242061927e-9,0.11675316095352173],12,2.2072646617889406],[[747.1680297851563,220.66680908203126,48.06578826904297,0.11848757416009903,-3.784779067927957e-8,0.9929555058479309,8.771469772739238e-9,1,3.706961848592982e-8,-0.9929555058479309,4.317390889241324e-9,0.11848757416009903],12,2.2285521030426027],[[747.1680297851563,220.85345458984376,48.06578826904297,0.12715493142604829,-2.1609238842756896e-9,0.991882860660553,-3.481140653516235e-10,1,2.2232344853989618e-9,-0.991882860660553,-6.279836095579583e-10,0.12715493142604829],12,2.2448806762695314],[[747.1680297851563,221.04010009765626,48.06578826904297,0.1703338772058487,3.356115740871246e-8,0.9853864312171936,-1.0971121788827532e-8,1,-3.216241140080456e-8,-0.9853864312171936,-5.3324464843740319e-9,0.1703338772058487],12,2.2561914920806886],[[747.1680297851563,221.22674560546876,48.06578826904297,0.27416306734085085,6.960003418043925e-8,0.9616832137107849,-2.5178627183208847e-8,1,-6.519504580637659e-8,-0.9616832137107849,-6.339789582199273e-9,0.27416306734085085],12,2.278917074203491],[[747.1680297851563,221.41339111328126,48.06578826904297,0.44182416796684267,1.05242747849843e-7,0.8971017003059387,-4.505077555450043e-8,1,-9.512659460142459e-8,-0.8971017003059387,1.614101852176475e-9,0.44182416796684267],12,2.2875990867614748],[[747.1680297851563,221.2816162109375,48.06578826904297,0.6458791494369507,1.0378064985161473e-7,0.7634397149085999,-5.2055231236636249e-8,1,-9.189889027538811e-8,-0.7634397149085999,1.961454465515544e-8,0.6458791494369507],12,2.305126905441284],[[747.1838989257813,221.09603881835938,48.08977127075195,0.8332029581069946,0.000011775756320275832,0.5529672503471375,-5.13205478114287e-10,1,-0.000021294801626936534,-0.5529672503471375,0.000017742608179105447,0.8332029581069946],12,2.320641279220581],[[747.1954956054688,220.90940856933595,48.15575408935547,0.9848896265029907,8.205524864024483e-7,0.17318306863307954,4.021428026135254e-7,1,-0.000007025043942121556,-0.17318306863307954,0.0000069885377342870928,0.9848896265029907],12,2.338552951812744],[[747.171142578125,220.68946838378907,48.275760650634769,0.9999063611030579,0.00016640886315144598,-0.013685470446944237,-0.00016669410979375243,1,-0.000019702418285305613,0.013685467652976513,0.000021981859390507453,0.9999063611030579],8,2.35797119140625],[[747.0849609375,220.33815002441407,48.42780685424805,0.9994739294052124,0.00007262156577780843,0.032431598752737048,-0.00007859425386413932,1,0.00018288793216925114,-0.03243158385157585,-0.0001853406720329076,0.9994739294052124],5,2.3734261989593508],[[746.971923828125,219.9957733154297,48.520633697509769,0.9997886419296265,0.00003681000089272857,0.0205601267516613,-0.000040386090404354039,1,0.00017351802671328187,-0.020560119301080705,-0.00017431170272175223,0.9997885823249817],5,2.3916220664978029],[[746.8909912109375,220.0576934814453,48.53850173950195,0.9978076219558716,0.000029587956305476838,-0.0661807507276535,-0.000009137138476944529,0.9999999403953552,0.0003093169361818582,0.0661807581782341,-0.0003080340975429863,0.9978076219558716],12,2.4048221111297609],[[746.8178100585938,220.24009704589845,48.53840255737305,0.9987108707427979,-7.720313988102134e-7,-0.05076001212000847,0.0000018928154759123573,1,0.000022031988919479774,0.05076001212000847,-0.0000220996662392281,0.9987108707427979],12,2.421215295791626],[[746.7843627929688,220.4266815185547,48.53831481933594,0.999948263168335,-0.000003695595751196379,0.010173354297876358,0.0000039996889427129649,1,-0.00002987078005389776,-0.010173354297876358,0.000029909924705862069,0.999948263168335],12,2.4380910396575929],[[746.781005859375,220.6133270263672,48.538299560546878,0.9954969882965088,1.4344624332807144e-7,0.09479311108589173,8.44684677758778e-7,1,-0.000010383953849668615,-0.09479311108589173,0.000010417265912110452,0.9954969882965088],12,2.4556519985198976],[[746.7809448242188,220.7999725341797,48.53829574584961,0.9824892282485962,4.972758915755549e-7,0.18631941080093385,-6.346477334773226e-7,1,6.7764648292723e-7,-0.18631941080093385,-7.840275770831795e-7,0.9824892282485962],12,2.4711601734161379],[[746.7809448242188,220.9866180419922,48.53829574584961,0.9652858376502991,-1.8961026526653769e-8,0.2611958682537079,-3.511513284593093e-7,1,0.0000013703220247407444,-0.2611958682537079,-0.0000014144716260489077,0.9652858376502991],12,2.4875600337982179],[[746.7809448242188,221.1732635498047,48.53829574584961,0.9534910917282105,-7.54500604216446e-8,0.30142122507095339,-1.0497479330240367e-8,1,2.8352118874863665e-7,-0.30142122507095339,-2.7349909714757816e-7,0.9534910917282105],12,2.504209518432617],[[746.7809448242188,221.3599090576172,48.53829574584961,0.9534911513328552,-1.0638029124265813e-8,0.30142104625701907,3.786141533623777e-8,1,-8.447484134421757e-8,-0.30142104625701907,9.195824191010615e-8,0.9534911513328552],12,2.5207712650299074],[[746.7809448242188,221.5465545654297,48.53829574584961,0.9565982818603516,2.1008936812449975e-8,0.2914099395275116,1.3684551269932399e-8,1,-1.1701575886036153e-7,-0.2914099395275116,1.1592488391443112e-7,0.9565982818603516],12,2.536559820175171],[[746.7809448242188,221.7332000732422,48.53829574584961,0.9797922372817993,2.414253685856238e-8,0.2000178098678589,-8.777897519962608e-9,1,-7.770317722588516e-8,-0.2000178098678589,7.437723326120249e-8,0.9797922372817993],12,2.553049087524414],[[746.7809448242188,221.9198455810547,48.53829574584961,0.9999573230743408,2.3628501821804094e-8,0.009237110614776612,-2.330747861378768e-8,1,-3.486125521590111e-8,-0.009237110614776612,3.464447217993438e-8,0.9999573230743408],12,2.5705974102020265],[[746.7809448242188,221.78807067871095,48.53829574584961,0.9668987393379211,2.7761904775047698e-8,-0.25516045093536379,-2.600522819307116e-8,1,1.0258189853118438e-8,0.25516045093536379,-3.2831253271581319e-9,0.9668987393379211],12,2.587717056274414],[[746.757568359375,221.578369140625,48.76902389526367,0.8490039110183716,0.001221244572661817,-0.5283851623535156,0.0006015212857164443,0.9999944567680359,0.0032777825836092235,0.5283862352371216,-0.003100685076788068,0.8489984273910523],8,2.604245901107788],[[746.7001953125,221.31610107421876,48.9666748046875,0.7624642252922058,0.0015135722933337093,-0.6470285654067993,0.0009712690953165293,0.9999934434890747,0.003483803244307637,0.6470296382904053,-0.0032847144175320865,0.7624577879905701],5,2.6208794116973879],[[746.6171264648438,220.99932861328126,49.0594482421875,0.7108827233314514,0.0011738779721781612,-0.7033095955848694,0.0008614995167590678,0.9999964237213135,0.0025398472789674999,0.7033100128173828,-0.0024114344269037248,0.7108791470527649],5,2.638395071029663],[[746.51953125,220.6334228515625,49.10149002075195,0.7128158211708069,0.001043766038492322,-0.7013505101203919,0.0014647874049842358,0.9999945163726807,0.0029769479297101499,0.7013497948646545,-0.003149345051497221,0.7128103375434876],5,2.6535940170288088],[[746.4126586914063,220.2213134765625,49.11541748046875,0.7633568048477173,0.0008409040165133774,-0.6459764838218689,0.0003918014408554882,0.9999983906745911,0.001764749875292182,0.6459769606590271,-0.0016002283664420248,0.7633552551269531],5,2.6719868183135988],[[746.2939453125,219.76132202148438,49.10950469970703,0.8387066125869751,0.0004591274482663721,-0.5445833206176758,-0.0010899683693423868,0.9999990463256836,-0.0008355684694834054,0.5445824265480042,0.0012943753972649575,0.8387063145637512],5,2.687628746032715],[[746.1549072265625,219.24862670898438,49.01972579956055,0.9076818227767944,0.00