[[[775.980712890625,222.69961547851563,47.11560821533203,-0.9999253749847412,8.076073143570284e-9,-0.012218525633215905,7.863553364018117e-9,1,1.7441257327277527e-8,0.012218525633215905,1.7343873892627927e-8,-0.9999253749847412],8,0.006661891937255859],[[775.980712890625,222.69961547851563,47.11560821533203,-0.9999253749847412,2.1853479026390233e-8,-0.012218525633215905,2.127841547405751e-8,1,4.719485602322493e-8,0.012218525633215905,4.693134059152726e-8,-0.9999253749847412],8,0.02649831771850586],[[775.980712890625,222.69961547851563,47.11560821533203,-0.9999253749847412,3.561912365057651e-8,-0.012218525633215905,3.468182541155329e-8,1,7.692303682915736e-8,0.012218525633215905,7.649353506167245e-8,-0.9999253749847412],8,0.03982400894165039],[[775.980712890625,222.69961547851563,47.11560821533203,-0.9999253749847412,4.937302122698384e-8,-0.012218525633215905,4.807379738736017e-8,1,1.0662583349585475e-7,0.012218525633215905,1.0603048394841608e-7,-0.9999253749847412],8,0.055803537368774417],[[775.980712890625,222.69961547851563,47.11560821533203,-0.9999253749847412,3.3394957910104497e-8,-0.012218525633215905,3.251618707622583e-8,1,7.211961872144457e-8,0.012218525633215905,7.171693283680725e-8,-0.9999253749847412],8,0.07112789154052735],[[775.980712890625,222.69961547851563,47.11560821533203,-0.9999253749847412,1.7430533461038068e-8,-0.012218525633215905,1.6971860361536529e-8,1,3.764288081242739e-8,0.012218525633215905,3.7432698718475879e-8,-0.9999253749847412],8,0.09011149406433106],[[775.980712890625,222.69961547851563,47.11560821533203,-0.9999253749847412,1.4797415515133139e-9,-0.012218525633215905,1.4408035875490555e-9,1,3.195596898208919e-9,0.012218525633215905,3.1777538378463534e-9,-0.9999253749847412],8,0.11002969741821289],[[775.980712890625,222.69961547851563,47.11560821533203,-0.9999253749847412,-1.4457431696257573e-8,-0.012218525633215905,-1.40769929046769e-8,1,-3.122226033269726e-8,0.012218525633215905,-3.104792867247852e-8,-0.9999253749847412],8,0.1218709945678711],[[775.980712890625,222.69961547851563,47.11560821533203,-0.9999253749847412,-3.0380999049839377e-8,-0.012218525633215905,-2.9581538996126257e-8,1,-6.561071330679624e-8,0.012218525633215905,-6.524437878852041e-8,-0.9999253749847412],8,0.13982582092285157],[[775.980712890625,222.69961547851563,47.11560821533203,-0.9999253749847412,-4.629096750363715e-8,-0.012218525633215905,-4.507284856458682e-8,1,-9.996979599691258e-8,0.012218525633215905,-9.941160783455416e-8,-0.9999253749847412],8,0.1620490550994873],[[775.980712890625,222.69961547851563,47.11560821533203,-0.9999253749847412,-3.889683952706946e-8,-0.012218525633215905,-3.7873292058066e-8,1,-8.400144935194476e-8,0.012218525633215905,-8.353242719749687e-8,-0.9999253749847412],8,0.1747455596923828],[[775.980712890625,222.69961547851563,47.11560821533203,-0.9999253749847412,-2.3748830457748228e-8,-0.012218525633215905,-2.3123893910792505e-8,1,-5.1287884161865807e-8,0.012218525633215905,-5.100151767578609e-8,-0.9999253749847412],8,0.188507080078125],[[775.980712890625,222.69961547851563,47.11560821533203,-0.9999253749847412,-8.613751489860988e-9,-0.012218525633215905,-8.387084804439837e-9,1,-1.8602264617584298e-8,0.012218525633215905,-1.8498397480470886e-8,-0.9999253749847412],8,0.20458507537841798],[[775.980712890625,222.69961547851563,47.11560821533203,-0.9999253749847412,6.508409811090132e-9,-0.012218525633215905,6.337146363222246e-9,1,1.4055434149895519e-8,0.012218525633215905,1.3976953816552396e-8,-0.9999253749847412],8,0.22397184371948243],[[775.980712890625,222.69961547851563,47.11560821533203,-0.9999253749847412,2.161766410324617e-8,-0.012218525633215905,2.1048810694423993e-8,1,4.668523345685571e-8,0.012218525633215905,4.642456374881476e-8,-0.9999253749847412],8,0.2444474697113037],[[775.980712890625,222.69961547851563,47.11560821533203,-0.9999451637268066,3.2860139498325228e-8,-0.010474606417119503,3.211694732385695e-8,1,7.112002720077726e-8,0.010474606417119503,7.077971275748496e-8,-0.9999451637268066],8,0.25313854217529299],[[775.980712890625,222.69961547851563,47.11560821533203,-0.9999755620956421,4.769975703311502e-8,-0.0069869160652160648,4.697689348631684e-8,1,1.0362377622641361e-7,0.0069869160652160648,1.0329301858291729e-7,-0.9999755620956421],8,0.2702922821044922],[[775.980712890625,222.69961547851563,47.11560821533203,-0.9999938607215881,2.9574813709132287e-8,-0.00349937891587615,2.934990916969582e-8,1,6.432121324451146e-8,0.00349937891587615,6.421811349355267e-8,-0.9999938607215881],8,0.28763842582702639],[[775.980712890625,222.69961547851563,47.11560821533203,-0.9999984502792358,1.8588139027997387e-8,0.0017442165408283473,1.865935850275946e-8,1,4.081557136714764e-8,-0.0017442165408283473,4.0848053828312916e-8,-0.9999984502792358],8,0.30344724655151369],[[775.980712890625,222.69961547851563,47.11560821533203,-0.9999862909317017,7.113706845807144e-10,0.005235118325799704,7.204653540426875e-10,1,1.7353569692346583e-9,-0.005235118325799704,1.7391049711434903e-9,-0.9999862909317017],8,0.32089900970458987],[[775.980712890625,222.69961547851563,47.11560821533203,-0.9999253749847412,-1.3474395821333474e-8,0.012215733528137207,-1.3834545065094517e-8,1,-2.939792054235113e-8,-0.012215733528137207,-2.9564725778641333e-8,-0.9999253749847412],8,0.33928346633911135],[[775.980712890625,222.69961547851563,47.11560821533203,-0.9998766779899597,-2.7532657043138898e-8,0.015704408288002015,-2.848555880063941e-8,1,-6.045366518492301e-8,-0.015704408288002015,-6.089356219263209e-8,-0.9998766779899597],8,0.35480618476867678],[[775.819091796875,222.69961547851563,47.113067626953128,-0.9998157024383545,-4.1469085942935638e-8,0.019198376685380937,-4.323239011227997e-8,1,-9.143153789636927e-8,-0.019198376685380937,-9.224467589774577e-8,-0.9998157024383545],8,0.3734102249145508],[[775.5560302734375,222.69961547851563,47.1081428527832,-0.999780535697937,-4.0742346385513886e-8,0.020948730409145356,-4.2635726060780146e-8,1,-8.993498568088398e-8,-0.020948730409145356,-9.080841323338973e-8,-0.999780535697937],8,0.3957855701446533],[[775.2894897460938,222.69961547851563,47.102630615234378,-0.999701201915741,-2.516363117877063e-8,0.024444950744509698,-2.6542618769553884e-8,1,-5.608752218222435e-8,-0.024444950744509698,-5.671959613096078e-8,-0.999701201915741],8,0.4112405776977539],[[775.0895385742188,222.69961547851563,47.09787368774414,-0.9996098279953003,-1.352854717140417e-8,0.02793133817613125,-1.4393418013014525e-8,1,-3.07631218277038e-8,-0.02793133817613125,-3.1153145840789878e-8,-0.9996098279953003],8,0.42055511474609377],[[774.7562866210938,222.69961547851563,47.088706970214847,-0.999390184879303,5.735104391391133e-9,0.03491758927702904,6.1322151800879968e-9,1,1.1265713695252089e-8,-0.03491758927702904,1.1472966576775434e-8,-0.999390184879303],8,0.43700647354125979],[[774.4896850585938,222.69961547851563,47.07966995239258,-0.9990471601486206,2.085650230299052e-8,0.04364361986517906,2.282964572941637e-8,1,4.471191772381644e-8,-0.04364361986517906,4.56656827907409e-8,-0.9990471601486206],8,0.4545426368713379],[[774.2233276367188,222.69961547851563,47.06837463378906,-0.9986276030540466,3.5665440378807037e-8,0.05237250775098801,3.980420260063511e-8,1,7.798246315360302e-8,-0.05237250775098801,7.996008832833468e-8,-0.9986276030540466],8,0.47193455696105959],[[773.9569702148438,222.69961547851563,47.05475997924805,-0.9981323480606079,4.2944609646156098e-8,0.061088114976882938,4.8847446976196809e-8,1,9.513484400258676e-8,-0.061088114976882938,9.794116806460807e-8,-0.9981323480606079],8,0.4884374141693115],[[773.6908569335938,222.69961547851563,47.038818359375,-0.9976809024810791,2.8588075906554878e-8,0.06806441396474838,3.306043794282232e-8,1,6.458133583464587e-8,-0.06806441396474838,6.668180674296309e-8,-0.9976809024810791],8,0.5046525001525879],[[773.4247436523438,222.69961547851563,47.02094650268555,-0.9971805810928345,1.4461976505231178e-8,0.07503929734230042,1.70738321259023e-8,1,3.416499794184347e-8,-0.07503929734230042,3.5349881244428619e-8,-0.9971805810928345],8,0.5213735103607178],[[773.1588745117188,222.69961547851563,47.00121307373047,-0.9969118237495422,6.907184268989397e-10,0.07852918654680252,9.946153900486366e-10,1,3.830747274946589e-9,-0.07852918654680252,3.897023592713822e-9,-0.9969118237495422],8,0.5375564098358154],[[772.8930053710938,222.69961547851563,46.98041534423828,-0.9964860081672669,-1.2965519324836805e-8,0.08375922590494156,-1.5229682404083179e-8,1,-2.639287544070612e-8,-0.08375922590494156,-2.7575756789133267e-8,-0.9964860081672669],8,0.5542905330657959],[[772.6273193359375,222.69961547851563,46.95828628540039,-0.9963377118110657,-2.654129716006537e-8,0.08550555258989334,-3.1493016194872328e-8,1,-5.65622144677036e-8,-0.08550555258989334,-5.904789546207212e-8,-0.9963377118110657],8,0.5708744525909424],[[772.3616943359375,222.69961547851563,46.93555450439453,-0.9961872100830078,-4.0050874616781587e-8,0.08724116533994675,-4.779494489071112e-8,1,-8.667743145451823e-8,-0.08724116533994675,-9.05166359643772e-8,-0.9961872100830078],8,0.5890693664550781],[[772.0960693359375,222.69961547851563,46.91236114501953,-0.9961872100830078,-3.943159399000251e-8,0.08724140375852585,-4.7094374622247417e-8,1,-8.577598720194146e-8,-0.08724140375852585,-8.955751695793879e-8,-0.9961872100830078],8,0.6043260097503662],[[771.8304443359375,222.69961547851563,46.889095306396487,-0.9966309070587158,-2.5067823372637578e-8,0.08201739192008972,-2.958046074752474e-8,1,-5.3805376154514309e-8,-0.08201739192008972,-5.6050215135883266e-8,-0.9966309070587158],8,0.6213316917419434],[[771.365234375,222.69961547851563,46.85061264038086,-0.9976797699928284,7.813494989905578e-11,0.06808106601238251,2.4890467464899759e-10,1,2.4998463299397146e-9,-0.06808106601238251,2.5109918588839266e-9,-0.9976797699928284],8,0.6505613327026367],[[771.2322387695313,222.69961547851563,46.84105682373047,-0.9991926550865173,7.54881757103476e-9,0.040174808353185657,8.310943933054205e-9,1,1.880324695946456e-8,-0.040174808353185657,1.9121957350876074e-8,-0.9991926550865173],8,0.6588008403778076],[[771.032470703125,222.69961547851563,46.831886291503909,-0.9991926550865173,1.8643705246290666e-8,0.040174808353185657,2.0397544986394679e-8,1,4.324528646293402e-8,-0.040174808353185657,4.402983933005089e-8,-0.9991926550865173],8,0.6698014736175537],[[770.8327026367188,222.69961547851563,46.82379150390625,-0.9991926550865173,2.973148305329687e-8,0.040174808353185657,3.2476400235736949e-8,1,6.767166382815049e-8,-0.040174808353185657,6.892176429573738e-8,-0.9991926550865173],8,0.6865139007568359],[[770.499755859375,222.69961547851563,46.81039810180664,-0.9991926550865173,4.81953250641709e-8,0.040174808353185657,5.25906216353178e-8,1,1.0834751407173826e-7,-0.040174808353185657,1.1037285929660357e-7,-0.9991926550865173],8,0.7038190364837647],[[770.2333984375,222.69961547851563,46.799686431884769,-0.9991926550865173,3.338141141284723e-8,0.040174808353185657,3.641011403487937e-8,1,7.46563770803732e-8,-0.040174808353185657,7.605887475392592e-8,-0.9991926550865173],8,0.7239224910736084],[[769.967041015625,222.69961547851563,46.78897476196289,-0.9991926550865173,1.85801596330748e-8,0.040174808353185657,2.024343004336515e-8,1,4.099403128066115e-8,-0.040174808353185657,4.1774210757239419e-8,-0.9991926550865173],8,0.7381196022033691],[[769.70068359375,223.56251525878907,46.778263092041019,-0.9991926550865173,3.791552405374432e-9,0.040174808353185657,4.090559446723319e-9,1,7.36044647453582e-9,-0.040174808353185657,7.518841549369882e-9,-0.9991926550865173],3,0.7557249069213867],[[769.5009155273438,224.17391967773438,46.77022933959961,-0.9947235584259033,-6.801305296733062e-9,0.1025918647646904,-8.628738612515008e-9,1,-1.7368867233358288e-8,-0.1025918647646904,-1.8162459980430868e-8,-0.9947235584259033],5,0.7747700214385986],[[769.16796875,225.1248016357422,46.756839752197269,-0.982115626335144,-2.2389659903865323e-8,0.18827863037586213,-3.338733023383611e-8,1,-5.524025326053561e-8,-0.18827863037586213,-6.053844003872655e-8,-0.982115626335144],5,0.789743185043335],[[768.9013671875,225.82420349121095,46.74811553955078,-0.9873998165130615,-4.0379752874741828e-8,0.1582455337047577,-5.434986860564095e-8,1,-8.395367245839225e-8,-0.1582455337047577,-9.149646729156302e-8,-0.9873998165130615],5,0.8101024627685547],[[768.634765625,226.46910095214845,46.74091720581055,-0.9870441555976868,-5.78346011081976e-8,0.16044878959655763,-7.669184043379573e-8,1,-1.1133540311902834e-7,-0.16044878959655763,-1.221980738819184e-7,-0.9870441555976868],5,0.821641206741333],[[768.434814453125,226.91700744628907,46.735389709472659,-0.9911513924598694,-7.584377215152927e-8,0.1327364295721054,-9.411964896344216e-8,1,-1.3141114152404044e-7,-0.1327364295721054,-1.4274144177761628e-7,-0.9911513924598694],5,0.8366889953613281],[[768.1015625,227.5953826904297,46.72454071044922,-0.9787035584449768,-5.439536465701167e-8,0.2052786946296692,-7.4902558822032e-8,1,-9.212858742557728e-8,-0.2052786946296692,-1.0554247609206868e-7,-0.9787035584449768],5,0.8541109561920166],[[767.9017944335938,227.9615478515625,46.716773986816409,-0.9897059798240662,-5.266692681971108e-8,0.14311571419239045,-6.34429113688384e-8,1,-7.073227692444562e-8,-0.14311571419239045,-7.908383281574061e-8,-0.9897059798240662],5,0.869704008102417],[[767.6354370117188,228.40206909179688,46.705291748046878,-0.9843895435333252,-3.848912299986296e-8,0.1760033369064331,-4.7155477744809107e-8,1,-4.5057312547669429e-8,-0.1760033369064331,-5.265346914029578e-8,-0.9843895435333252],5,0.8867931365966797],[[767.302490234375,228.87606811523438,46.69074249267578,-0.9772458672523499,-2.1118394144536979e-8,0.2121097296476364,-2.5337030251648686e-8,1,-1.7170897592677649e-8,-0.2121097296476364,-2.2154418743980388e-8,-0.9772458672523499],5,0.9036538600921631],[[767.0361328125,229.1939697265625,46.678306579589847,-0.9831362962722778,-7.778695021443128e-9,0.18287433683872224,-7.414458380594624e-9,1,2.675454746636774e-9,-0.18287433683872224,1.274422567476563e-9,-0.9831362962722778],5,0.920356273651123],[[766.8363647460938,229.39662170410157,46.66831970214844,-0.9873356223106384,3.6919243218136445e-9,0.15864530205726624,6.353163772843118e-9,1,1.6267613034415264e-8,-0.15864530205726624,1.7069494262500485e-8,-0.9873356223106384],5,0.936683177947998],[[766.503662109375,229.666259765625,46.64889144897461,-0.9709382653236389,2.1724686050106358e-8,0.2393299788236618,3.106912771499992e-8,1,3.527147285353749e-8,-0.2393299788236618,4.168219547295848e-8,-0.9709382653236389],5,0.9538497924804688],[[766.30419921875,229.7871551513672,46.634483337402347,-0.9818587303161621,3.676221993487161e-8,0.1896139234304428,4.623844773732344e-8,1,4.555258215077629e-8,-0.1896139234304428,5.349365395090899e-8,-0.9818587303161621],5,0.9696731567382813],[[765.97216796875,229.92054748535157,46.60490798950195,-0.9619874358177185,5.4198796561877319e-8,0.2730937600135803,7.312662120284586e-8,1,5.9130218943437288e-8,-0.2730937600135803,7.685294889370198e-8,-0.9619874358177185],5,0.9886648654937744],[[765.70703125,229.9659423828125,46.57638168334961,-0.9688434600830078,7.546697133875569e-8,0.24767380952835084,9.536001499554914e-8,1,6.832357257735566e-8,-0.24767380952835084,8.981302102029076e-8,-0.9688434600830078],5,1.0140395164489747],[[765.442138671875,229.9568328857422,46.545536041259769,-0.9675312042236328,9.539757428456142e-8,0.2527516782283783,1.1839647129363584e-7,1,7.57846763121961e-8,-0.2527516782283783,1.0324894361701809e-7,-0.9675312042236328],5,1.0218994617462159],[[765.177490234375,229.8932342529297,46.51322937011719,-0.9657431840896606,1.1626637075323743e-7,0.2594996690750122,1.4228646705305437e-7,1,8.148683861008976e-8,-0.2594996690750122,1.1561865420617323e-7,-0.9657431840896606],5,1.0368947982788087],[[764.9130249023438,229.77513122558595,46.4791374206543,-0.9624981880187988,1.1319887960326014e-7,0.271288126707077,1.366346964459808e-7,1,6.749935721472866e-8,-0.271288126707077,1.0203537925690398e-7,-0.9624981880187988],5,1.054079532623291],[[764.7149658203125,229.65078735351563,46.45140075683594,-0.9662294387817383,9.520181265543215e-8,0.25768327713012698,1.103604176933004e-7,1,4.436325795609264e-8,-0.25768327713012698,7.130311985292792e-8,-0.9662294387817383],5,1.0702805519104005],[[764.45166015625,229.43731689453126,46.409507751464847,-0.9502832293510437,6.42080522084143e-8,0.3113868832588196,7.386369560435924e-8,1,1.9215248059367697e-8,-0.3113868832588196,4.126011177163491e-8,-0.9502832293510437],5,1.086648941040039],[[764.1892700195313,229.16934204101563,46.36177062988281,-0.9423835277557373,3.441233786816156e-8,0.33453449606895449,3.6393039692939058e-8,1,-3.4716196584128058e-10,-0.33453449606895449,1.1847567371603418e-8,-0.9423835277557373],5,1.1036937236785889],[[763.8628540039063,228.75772094726563,46.2939567565918,-0.922175943851471,-4.394337782542834e-9,0.3867706060409546,-1.1741613903382131e-8,1,-1.663388182748804e-8,-0.3867706060409546,-1.9880676660477549e-8,-0.922175943851471],5,1.1212966442108155],[[763.6030883789063,228.3671112060547,46.23389434814453,-0.9268856644630432,-3.784980862064913e-8,0.37534379959106448,-5.080538656443423e-8,1,-2.4620025129706847e-8,-0.37534379959106448,-4.188943591998395e-8,-0.9268856644630432],5,1.1372363567352296],[[763.4091796875,228.03839111328126,46.18490982055664,-0.9327175617218018,-6.49907576644182e-8,0.36060771346092226,-8.04233053486314e-8,1,-2.779050944923256e-8,-0.36060771346092226,-5.4921962089338197e-8,-0.9327175617218018],5,1.1533117294311524],[[763.1519165039063,227.5524139404297,46.114749908447269,-0.915336012840271,-9.919305909988907e-8,0.4026908576488495,-1.2030855600642099e-7,1,-2.7141675573716385e-8,-0.4026908576488495,-7.32909128942083e-8,-0.915336012840271],5,1.169848918914795],[[762.83154296875,226.86830139160157,46.022735595703128,-0.8960545659065247,-1.2958220452219394e-7,0.44394391775131228,-1.5270288145075029e-7,1,-1.6326161755841896e-8,-0.44394391775131228,-8.24206480842804e-8,-0.8960545659065247],5,1.188114881515503],[[762.6399536132813,226.4169464111328,45.96533966064453,-0.9463148713111877,-6.988821610320883e-8,0.32324621081352236,-7.535057022778347e-8,1,-4.384120178002604e-9,-0.32324621081352236,-2.8505542815082664e-8,-0.9463148713111877],7,1.2038798332214356],[[762.3848266601563,225.98243713378907,45.887481689453128,-0.9546314477920532,2.409023203142624e-8,0.2977897822856903,2.7828603421653498e-8,1,8.314015254029528e-9,-0.2977897822856903,1.6223895116240784e-8,-0.9546314477920532],7,1.219313621520996],[[762.1299438476563,226.01683044433595,45.80946731567383,-0.9560627937316895,1.0159458696534785e-7,0.29316192865371706,1.1181377601587883e-7,1,1.8100591248071397e-8,-0.29316192865371706,5.0084842939668309e-8,-0.9560627937316895],7,1.2351443767547608],[[761.8750610351563,226.0898895263672,45.731449127197269,-0.9551995396614075,9.378911158819392e-8,0.29596254229545596,1.0258333560386746e-7,1,1.4185731700422366e-8,-0.29596254229545596,4.3911029479204447e-8,-0.9551995396614075],8,1.2538814544677735],[[761.6203002929688,226.13829040527345,45.65267562866211,-0.9525963664054871,5.2743033052138347e-8,0.3042369782924652,5.7295928002076837e-8,1,6.037597533037342e-9,-0.3042369782924652,2.318293468306365e-8,-0.9525963664054871],8,1.2701709270477296],[[761.3660888671875,226.16598510742188,45.571876525878909,-0.9482568502426148,1.1787045117728212e-8,0.3175041973590851,1.193789778142218e-8,1,-1.4703815942596066e-9,-0.3175041973590851,2.396032927620695e-9,-0.9482568502426148],8,1.2865638732910157],[[761.0498046875,226.18386840820313,45.466575622558597,-0.9425646066665649,-3.899188527611841e-8,0.3340238928794861,-4.486031102146626e-8,1,-9.855154026183755e-9,-0.3340238928794861,-2.427353607004079e-8,-0.9425646066665649],8,1.3040776252746583],[[760.861083984375,226.1896514892578,45.40039825439453,-0.9371989369392395,-6.902075000425612e-8,0.34879523515701296,-7.898490395064073e-8,1,-1.4345993726294637e-8,-0.34879523515701296,-4.099460682027711e-8,-0.9371989369392395],8,1.3199636936187745],[[760.6109008789063,226.19419860839845,45.30800247192383,-0.9322314858436585,-9.273203005477626e-8,0.3618624806404114,-1.0603530142816453e-7,1,-1.6905350008755705e-8,-0.3618624806404114,-5.412989523279066e-8,-0.9322314858436585],8,1.3366413116455079],[[760.2999877929688,226.19708251953126,45.18791580200195,-0.9270862936973572,-6.14637514217975e-8,0.3748479187488556,-7.040164717864173e-8,1,-1.0149857843089194e-8,-0.3748479187488556,-3.579970453415626e-8,-0.9270862936973572],8,1.35483717918396],[[760.0525512695313,226.1982421875,45.088470458984378,-0.9231060743331909,-3.670602310990034e-8,0.3845454156398773,-4.186710356179901e-8,1,-5.049482609820188e-9,-0.3845454156398773,-2.076101068837488e-8,-0.9231060743331909],8,1.3699631690979005],[[759.8677368164063,226.19876098632813,45.011940002441409,-0.9183329939842224,-1.8178665683876717e-8,0.39580875635147097,-2.0437033398934547e-8,1,-1.4889443011867343e-9,-0.39580875635147097,-9.45650313610713e-9,-0.9183329939842224],8,1.3862195014953614],[[759.6226806640625,226.19915771484376,44.906856536865237,-0.9141361117362976,6.264055496529863e-9,0.4054074287414551,8.163167919406078e-9,1,2.95552249340858e-9,-0.4054074287414551,6.011158681928919e-9,-0.9141361117362976],8,1.4031245708465577],[[759.3177490234375,226.1994171142578,44.7721061706543,-0.912711501121521,3.664205650011354e-8,0.40860459208488467,4.389827168438387e-8,1,8.380721006062686e-9,-0.40860459208488467,2.5586215812722913e-8,-0.912711501121521],8,1.4205396175384522],[[759.1351318359375,226.1995086669922,44.69050979614258,-0.9127113819122315,5.4865918031055119e-8,0.40860480070114138,6.532101792799949e-8,1,1.1633052743320605e-8,-0.40860480070114138,3.7308101497046667e-8,-0.9127113819122315],8,1.4361977577209473],[[758.8917236328125,226.19956970214845,44.5815544128418,-0.911993682384491,7.908074195484005e-8,0.4102042615413666,9.387086663537048e-8,1,1.5916208795374588e-8,-0.4102042615413666,5.3021711465817137e-8,-0.911993682384491],8,1.453507661819458],[[758.6485595703125,226.19960021972657,44.472232818603519,-0.9119932651519775,1.0334025546399062e-7,0.4102051258087158,1.2239632951605018e-7,1,2.0195674466094716e-8,-0.4102051258087158,6.86259227222763e-8,-0.9119932651519775],8,1.4703640937805176],[[758.3446044921875,226.14852905273438,44.33549499511719,-0.914128839969635,5.838361971655104e-8,0.40542376041412356,6.88153605210573e-8,1,1.1154970280813359e-8,-0.40542376041412356,3.809646287322721e-8,-0.914128839969635],8,1.4872848987579346],[[758.1622314453125,226.0770263671875,44.25345230102539,-0.9190194010734558,3.167970774597961e-8,0.3942122459411621,3.6762948241175766e-8,1,5.342695175158951e-9,-0.3942122459411621,1.9402445872174213e-8,-0.9190194010734558],8,1.5038325786590577],[[757.8582763671875,227.1471405029297,44.11671447753906,-0.9264249205589294,-1.319048337222739e-8,0.37647950649261477,-1.641624791659524e-8,1,-5.360019539324412e-9,-0.37647950649261477,-1.1146036982268015e-8,-0.9264249205589294],3,1.5228559970855713],[[757.6117553710938,227.94190979003907,44.01499938964844,-0.9011620879173279,-4.9368850341124929e-8,0.43348222970962527,-5.9557788034680928e-8,1,-9.925137156585606e-9,-0.43348222970962527,-3.4761399092531067e-8,-0.9011620879173279],5,1.5442748069763184],[[757.4247436523438,228.50221252441407,43.94416046142578,-0.9136013388633728,-8.017256192260902e-8,0.4066110849380493,-9.22845728723587e-8,1,-1.0178643705671675e-8,-0.4066110849380493,-4.682315335458043e-8,-0.9136013388633728],5,1.5529968738555909],[[757.17236328125,229.2016143798828,43.85820388793945,-0.9135960936546326,-1.217905918338147e-7,0.40662285685539248,-1.3623775885207579e-7,1,-6.580277656098588e-9,-0.40662285685539248,-6.140910357999019e-8,-0.9135960936546326],5,1.569709300994873],[[756.9169921875,229.8465118408203,43.78146743774414,-0.932713508605957,-1.2045703101648542e-7,0.3606182038784027,-1.2853055864070485e-7,1,1.594047227548856e-9,-0.3606182038784027,-4.4863671888606407e-8,-0.932713508605957],5,1.5867154598236085],[[756.5933837890625,230.57598876953126,43.701629638671878,-0.9326349496841431,-9.551469304369675e-8,0.36082133650779726,-9.788757893147704e-8,1,1.1699179403024118e-8,-0.36082133650779726,-2.440886426313682e-8,-0.9326349496841431],5,1.6041762828826905],[[756.3323974609375,231.09825134277345,43.646690368652347,-0.9545496702194214,-7.595115647518469e-8,0.29805195331573489,-7.39537284744074e-8,1,1.7978917909999838e-8,-0.29805195331573489,-4.880283288599685e-9,-0.9545496702194214],5,1.620809555053711],[[756.06982421875,231.56602478027345,43.60042953491211,-0.96297687292099,-5.4547143690797387e-8,0.269584059715271,-5.0359084013962277e-8,1,2.2451294157121994e-8,-0.269584059715271,8.044071186930069e-9,-0.96297687292099],5,1.63710355758667],[[755.805908203125,231.9792938232422,43.5621223449707,-0.9692789912223816,-3.232417711274138e-8,0.2459639459848404,-2.6982801770714106e-8,1,2.508626195663055e-8,-0.2459639459848404,1.7678789987485289e-8,-0.9692789912223816],5,1.654883623123169],[[755.5410766601563,232.3380584716797,43.53048324584961,-0.9742209911346436,-9.46524103540014e-9,0.22559568285942079,-3.7278127251738628e-9,1,2.585832703516644e-8,-0.22559568285942079,2.4350747196422163e-8,-0.9742209911346436],5,1.6718106269836426],[[755.2757568359375,232.642333984375,43.504539489746097,-0.9787336587905884,1.3990745451053499e-8,0.20513509213924409,1.9489716507337108e-8,1,2.478608784883818e-8,-0.20513509213924409,2.8257002071541139e-8,-0.9787336587905884],5,1.6883330345153809],[[755.0098876953125,232.89210510253907,43.48416519165039,-0.9828169941902161,3.798515990638407e-8,0.18458256125450135,4.275315035329186e-8,1,2.185126035669782e-8,-0.18458256125450135,2.9367274834157798e-8,-0.9828169941902161],5,1.7052254676818848],[[754.8101806640625,233.04367065429688,43.47288513183594,-0.9909207224845886,5.729001628651531e-8,0.1344473510980606,6.034832722434658e-8,1,1.867194399096661e-8,-0.1344473510980606,2.6616090664788318e-8,-0.9909207224845886],5,1.7203922271728516],[[754.543701171875,233.19805908203126,43.46284866333008,-0.9886651039123535,8.106899684889868e-8,0.15013760328292848,8.386241034941122e-8,1,1.2274358418551401e-8,-0.15013760328292848,2.472613225279474e-8,-0.9886651039123535],5,1.7371039390563965],[[754.21044921875,233.31442260742188,43.45632553100586,-0.9864493012428284,1.1173609948400554e-7,0.16406650841236115,1.133860791924235e-7,1,6.918696171531735e-10,-0.16406650841236115,1.9285351982034628e-8,-0.9864493012428284],5,1.7544591426849366],[[753.94384765625,233.34619140625,43.45603561401367,-0.9933059215545654,1.378827505504887e-7,0.11551349610090256,1.3754053895809194e-7,1,-1.09330056119461e-8,-0.11551349610090256,5.027970040316632e-9,-0.9933059215545654],5,1.771456003189087],[[753.743896484375,233.33424377441407,43.45892333984375,-0.998001217842102,1.5715234269464418e-7,0.06319480389356613,1.5613841242156924e-7,1,-2.0982966475457944e-8,-0.06319480389356613,-1.1073891137414194e-8,-0.998001217842102],5,1.787029504776001],[[753.477294921875,233.27064514160157,43.467926025390628,-0.9972747564315796,1.4795686809065956e-7,0.07377677410840988,1.4604312070787274e-7,1,-3.133425252599409e-8,-0.07377677410840988,-2.0474269391002055e-8,-0.9972747564315796],5,1.8038806915283204],[[753.14453125,233.114501953125,43.48680877685547,-0.9965812563896179,9.265575329209241e-8,0.08261856436729431,8.996718747766863e-8,1,-3.626474764928389e-8,-0.08261856436729431,-2.8707807686600974e-8,-0.9965812563896179],5,1.8212850093841553],[[752.8787231445313,232.9282684326172,43.50818634033203,-0.9996436834335327,4.6537287801129426e-8,0.026692932471632959,4.5574005014259458e-8,1,-3.669596182476198e-8,-0.026692932471632959,-3.546638538409752e-8,-0.9996436834335327],5,1.840834617614746],[[752.613525390625,232.6875457763672,43.535648345947269,-0.9999920129776001,1.5896030047812815e-9,0.003992121201008558,1.4558771965766937e-9,1,-3.350033139781772e-8,-0.003992121201008558,-3.349425270471329e-8,-0.9999920129776001],5,1.863342523574829],[[752.3489990234375,232.39231872558595,43.569122314453128,-0.9999992251396179,-4.2482596995796487e-8,-0.0012433946831151844,-4.2450455595144379e-8,1,-2.5876548903625009e-8,0.0012433946831151844,-2.5823744920216997e-8,-0.9999992251396179],5,1.8723621368408204],[[752.084716796875,232.04258728027345,43.60466384887695,-0.999931275844574,-8.642899729238707e-8,-0.011725440621376038,-8.627133496474926e-8,1,-1.3951471977691199e-8,0.011725440621376038,-1.2938944138340958e-8,-0.999931275844574],5,1.8883419036865235],[[751.82080078125,231.6383514404297,43.64277648925781,-0.9998249411582947,-1.2997988108054415e-7,-0.018709814175963403,-1.3005150378830877e-7,1,2.6108355477560964e-9,0.018709814175963403,5.0436179677149088e-9,-0.9998249411582947],5,1.9049081802368165],[[751.55712890625,231.17962646484376,43.682865142822269,-0.9995741248130798,-1.3751989058619075e-7,-0.029181942343711854,-1.3814471344630875e-7,1,1.939528537775459e-8,0.029181942343711854,2.3418357031346205e-8,-0.9995741248130798],5,1.920928955078125],[[751.2938842773438,230.66639709472657,43.7255859375,-0.9987432956695557,-1.0885932510973362e-7,-0.05011826008558273,-1.106919853555155e-7,1,3.379106416900868e-8,0.05011826008558273,3.9296285336831718e-8,-0.9987432956695557],5,1.938295841217041],[[751.0315551757813,230.09866333007813,43.77340316772461,-0.9979458451271057,-8.038396259735237e-8,-0.06406290084123612,-8.34946831673733e-8,1,4.5880078403115479e-8,0.06406290084123612,5.113474443874111e-8,-0.9979458451271057],5,1.9557876586914063],[[750.77001953125,229.4764404296875,43.825138092041019,-0.9969534277915955,-5.1939132106326727e-8,-0.0779990628361702,-5.6469254161584107e-8,1,5.587355644820491e-8,0.0779990628361702,6.010787956256536e-8,-0.9969534277915955],5,1.970607042312622],[[750.5092163085938,228.79971313476563,43.880531311035159,-0.9960805177688599,-2.3736131282703356e-8,-0.08845088630914688,-2.9498867348820569e-8,1,6.384466644249187e-8,0.08845088630914688,6.620363279807862e-8,-0.9960805177688599],5,1.9897003173828126],[[750.2489624023438,228.0684814453125,43.938785552978519,-0.9954385757446289,4.192854063944651e-9,-0.09540437906980515,-2.479854988024499e-9,1,6.982276090639061e-8,0.09540437906980515,6.97408637506669e-8,-0.9954385757446289],5,2.0042130947113039],[[750.0032348632813,227.28274536132813,44.017635345458987,-0.9933598637580872,3.163934536587476e-8,-0.11504880338907242,2.3262419546199454e-8,1,7.415455627324263e-8,0.11504880338907242,7.098584120512896e-8,-0.9933598637580872],5,2.0242950916290285],[[749.7804565429688,226.44252014160157,44.12886428833008,-0.9924295544624329,5.7681997844838409e-8,-0.12281521409749985,4.858599211843284e-8,1,7.70574146713443e-8,0.12281521409749985,7.050695671750873e-8,-0.9924295544624329],5,2.04447078704834],[[749.6285400390625,225.77658081054688,44.23353576660156,-0.9894628524780273,7.826397308008382e-8,-0.1447867751121521,6.762740412113999e-8,1,7.838537641191579e-8,0.1447867751121521,6.776786420914505e-8,-0.9894628524780273],5,2.054311752319336],[[749.4038696289063,224.5985565185547,44.44857406616211,-0.9973379373550415,1.0478731127250285e-7,-0.07291813939809799,9.941665268797806e-8,1,7.728279882712741e-8,0.07291813939809799,6.982778444353244e-8,-0.9973379373550415],5,2.0764565467834474],[[749.2507934570313,223.60647583007813,44.60999298095703,-0.9996351599693298,0.003369478043168783,-0.026799481362104417,0.0031096346210688354,0.9999477863311768,0.00973161868751049,0.026830872520804406,0.009644731879234314,-0.9995934367179871],5,2.0879526138305666],[[749.1558837890625,223.5824432373047,44.6652717590332,-0.9993542432785034,0.0049440450966358189,-0.03559059649705887,0.00467296876013279,0.9999594688415527,0.007695666514337063,0.035627201199531558,0.007524382788687944,-0.999336838722229],12,2.103832960128784],[[749.0620727539063,223.76022338867188,44.71570587158203,-0.9998294711112976,0.0012813056819140912,-0.01842345856130123,0.001256046467460692,0.9999982714653015,0.0013825403293594719,0.018425198271870614,0.0013591637834906579,-0.9998292922973633],12,2.1200971603393556],[[749.003662109375,223.94671630859376,44.748313903808597,-0.9997677206993103,-0.00025080222985707223,0.021550867706537248,-0.00026148930191993713,0.9999998211860657,-0.0004930837894789875,-0.0215507410466671,-0.0004986046114936471,-0.9997676610946655],12,2.137111186981201],[[748.9802856445313,224.13336181640626,44.761863708496097,-0.9978930354118347,-0.00020000319636892527,0.06488055735826493,-0.00021880018175579607,0.9999999403953552,-0.00028261137777008116,-0.06488049775362015,-0.000296211801469326,-0.9978929758071899],12,2.1538357734680177],[[748.9788208007813,224.32000732421876,44.76274490356445,-0.9955487251281738,-0.000022701298803440296,0.09424813836812973,-0.000024521315935999156,1,-0.00001815278119465802,-0.09424813836812973,-0.000020383065930218437,-0.9955487251281738],12,2.1693954467773439],[[748.9788208007813,224.50665283203126,44.76274108886719,-0.9911958575248718,0.000016455649529234507,0.13240373134613038,0.000020190889699733817,1,0.000026868405257118867,-0.13240373134613038,0.000029305201678653249,-0.9911958575248718],12,2.1862876415252687],[[748.8765258789063,225.0659637451172,44.84092330932617,-0.9856744408607483,0.000006456109986174852,0.1686592698097229,0.00000810060191724915,1,0.000009062330718734302,-0.1686592698097229,0.00001029874874802772,-0.9856744408607483],8,2.203481912612915],[[748.6668090820313,225.54885864257813,44.990726470947269,-0.9762500524520874,-2.6661726337806615e-7,0.2166469246149063,-4.0458911598761917e-7,1,-5.924979404881015e-7,-0.2166469246149063,-6.660791314061498e-7,-0.9762500524520874],8,2.2201175689697267],[[748.3867797851563,225.89019775390626,45.17129135131836,-0.9607048034667969,-5.926325457039638e-7,0.27757206559181216,-8.74755016866402e-7,1,-8.925565566642035e-7,-0.27757206559181216,-0.0000011002908877344453,-0.9607048034667969],8,2.2378382682800295],[[748.154541015625,226.03062438964845,45.3022346496582,-0.9359449148178101,-4.588971691532606e-8,0.3521464765071869,-9.714813842265358e-8,1,-1.2788879644176633e-7,-0.3521464765071869,-1.5390723717700895e-7,-0.9359449148178101],8,2.254471778869629],[[747.9277954101563,226.1016387939453,45.352989196777347,-0.9284277558326721,0.0025032339617609979,0.371504545211792,0.002338340040296316,0.9999968409538269,-0.0008943261345848441,-0.37150561809539797,0.00003838677366729826,-0.9284306764602661],8,2.271257162094116],[[747.691650390625,226.14053344726563,45.26723861694336,-0.8946364521980286,0.002970240544527769,0.44678497314453127,0.0019071580609306694,0.999994158744812,-0.0028291242197155954,-0.44679078459739687,-0.0016789479414001108,-0.894636869430542],8,2.2877938747406008],[[747.446533203125,226.16419982910157,45.19551086425781,-0.8418661952018738,0.002289717085659504,0.5396814346313477,0.00037556589813902974,0.9999932646751404,-0.0036568341311067344,-0.5396861433982849,-0.0028758791740983726,-0.841861367225647],8,2.3046505451202394],[[747.2197265625,226.17947387695313,45.04735565185547,-0.7711889743804932,0.0007955569308251143,0.6366057395935059,-0.0003442818415351212,0.9999985694885254,-0.0016667492454871536,-0.6366061568260193,-0.0015045504551380873,-0.7711876034736633],8,2.3227756023406984],[[747.0147705078125,226.18614196777345,44.87983322143555,-0.7290403842926025,0.0016700738342478872,0.684468686580658,0.001563396886922419,0.9999984502792358,-0.0007747496129013598,-0.6844689249992371,0.0005052724154666066,-0.7290418744087219],8,2.3430843353271486],[[746.7706298828125,226.1889190673828,44.65403366088867,-0.7146404981613159,0.002903340384364128,0.6994858980178833,0.0028999093919992449,0.9999951124191284,-0.0011879203375428916,-0.6994859576225281,0.0011795099126175047,-0.7146453857421875],8,2.3574790954589845],[[746.6268310546875,226.1919403076172,44.51478576660156,-0.7139350771903992,0.0012781759724020959,0.700210690498352,0.00128508685156703,0.9999990463256836,-0.0005151394288986921,-0.700210690498352,0.0005320554482750595,-0.7139360308647156],8,2.373029947280884],[[746.4365234375,226.19522094726563,44.32822036743164,-0.7176576256752014,-0.000027735572075471283,0.6963961124420166,-0.00002657243203429971,1,0.000012443583727872465,-0.6963961124420166,-0.0000095747045634198,-0.7176576256752014],8,2.387695550918579],[[746.245361328125,226.1971893310547,44.142417907714847,-0.7380291223526001,-0.00015543727204203606,0.67476886510849,-0.0001571875181980431,1,0.00005843232065672055,-0.67476886510849,-0.00006294048944255337,-0.7380291223526001],8,2.4039149284362795],[[746.0985717773438,226.17794799804688,44.006649017333987,-0.7701365351676941,-0.00006409129127860069,0.6378790736198425,-0.00006323356501525268,1,0.00002413124093436636,-0.6378790736198425,-0.000021751016902271659,-0.7701365351676941],8,2.420353889465332],[[745.8431396484375,226.07774353027345,43.79250717163086,-0.8117718696594238,0.000008052911653066986,0.5839747190475464,0.000008829082617012319,1,-0.0000015166951925493777,-0.5839747190475464,0.000003924750217265682,-0.8117718696594238],8,2.44016432762146],[[745.6286010742188,225.93626403808595,43.63419723510742,-0.8560270071029663,0.000006761575150449062,0.5169311165809631,0.000006734870567015605,1,-0.0000019274211808806287,-0.5169311165809631,0.0000018315396346224589,-0.8560270071029663],8,2.453965187072754],[[745.4122924804688,226.80938720703126,43.47813034057617,-0.8986214995384216,-3.474254697266588e-7,0.4387247860431671,-8.835529001771647e-7,1,-0.0000010178456477660803,-0.4387247860431671,-0.0000013022945495322347,-0.8986214995384216],3,2.4736835956573488],[[745.1834106445313,227.63140869140626,43.34333419799805,-0.8957690000534058,-0.0000019310132302052809,0.4445198178291321,-0.0000022772464944864625,1,-2.449243368118914e-7,-0.4445198178291321,-0.0000012316768334130757,-0.8957690000534058],5,2.494312286376953],[[745.0001220703125,228.212158203125,43.264278411865237,-0.925246000289917,-0.0000012551462305054884,0.3793677091598511,-0.0000013084766123938608,1,1.17256767850904e-7,-0.3793677091598511,-3.8790244616393468e-7,-0.925246000289917],5,2.5034313201904299],[[744.74658203125,228.93881225585938,43.18219757080078,-0.9336177706718445,-3.666010854885826e-7,0.35827067494392397,-3.258640219883091e-7,1,1.7408244445960009e-7,-0.35827067494392397,4.577894330282106e-8,-0.9336177706718445],5,2.5198380947113039],[[744.4879150390625,229.6109619140625,43.11783981323242,-0.94865483045578,-1.4314862184505728e-8,0.3163132071495056,1.1617771633609664e-8,1,8.009819651988437e-8,-0.3163132071495056,7.966039561324578e-8,-0.94865483045578],5,2.5362565517425539],[[744.2263793945313,230.22860717773438,43.06603240966797,-0.9595877528190613,8.994588540645054e-8,0.28140947222709658,9.27503904790683e-8,1,-3.353622490820385e-9,-0.28140947222709658,2.2882744588059724e-8,-0.9595877528190613],5,2.554046869277954],[[743.8970947265625,230.92401123046876,43.01409149169922,-0.962917149066925,1.3011384680794436e-7,0.2697972059249878,1.1382472564491764e-7,1,-7.602030649422886e-8,-0.2697972059249878,-4.249166707381846e-8,-0.962917149066925],5,2.5706496238708498],[[743.6321411132813,231.41903686523438,42.983943939208987,-0.9783575534820557,1.0265176797474851e-7,0.2069215327501297,8.357518055390756e-8,1,-1.0093371827224473e-7,-0.2069215327501297,-8.145575947082762e-8,-0.9783575534820557],5,2.587529182434082],[[743.4328002929688,231.75453186035157,42.967708587646487,-0.9896962642669678,7.79066340328427e-8,0.14318296313285829,6.144446729194897e-8,1,-1.193946133071222e-7,-0.14318296313285829,-1.0936660288507483e-7,-0.9896962642669678],5,2.6033666133880617],[[743.0999145507813,232.24557495117188,42.95182800292969,-0.9837325215339661,4.998321756488622e-8,0.17963959276676179,2.3776815183396139e-8,1,-1.480363636119364e-7,-0.17963959276676179,-1.413569208352783e-7,-0.9837325215339661],5,2.622171640396118],[[742.8333129882813,232.57708740234376,42.9469108581543,-0.9926765561103821,1.448223052591402e-8,0.12080278247594834,-6.198982216432114e-9,1,-1.708223464902403e-7,-0.12080278247594834,-1.7032019172802394e-7,-0.9926765561103821],5,2.6381211280822756],[[742.5667114257813,232.85411071777345,42.94910430908203,-0.9953341484069824,-1.4016020344342906e-8,0.096488058567047