[[[776,222.69961547851563,47,1,-3.217895638840673e-8,-1.6025448315907209e-14,3.217895638840673e-8,1,4.595330693746291e-8,1.4546718525381385e-14,-4.595330693746291e-8,1],8,0.0067768096923828129],[[776,222.69961547851563,47,1,-5.163743210800931e-8,-1.7466163267760259e-14,5.163743210800931e-8,1,7.374103461188497e-8,1.3658365616894125e-14,-7.374103461188497e-8,1],8,0.022201061248779298],[[776,222.69961547851563,47,1,-5.646118239610587e-8,-1.8159847676177747e-14,5.646118239610587e-8,1,8.062959722110463e-8,1.3607405573688465e-14,-8.062959722110463e-8,1],8,0.03606724739074707],[[776,222.69961547851563,47,1,-4.425524124940239e-8,-1.741755374098323e-14,4.425524124940239e-8,1,6.319884704453216e-8,1.4620672972006158e-14,-6.319884704453216e-8,1],8,0.05088949203491211],[[776,222.69961547851563,47,1,-2.7992822282385533e-8,-1.6729175146947343e-14,2.7992822282385533e-8,1,3.9975226684418888e-8,1.5610156532197898e-14,-3.9975226684418888e-8,1],8,0.06586885452270508],[[776,222.69961547851563,47,1,-1.9866824629843906e-8,-1.6524242301622743e-14,1.9866824629843906e-8,1,2.8370857663162498e-8,1.5960602861597209e-14,-2.8370857663162498e-8,1],8,0.07562112808227539],[[776,222.69961547851563,47,1,-7.684337610669445e-9,-1.639305553281789e-14,7.684337610669445e-9,1,1.0973594477547977e-8,1.6308730014786937e-14,-1.0973594477547977e-8,1],8,0.08652544021606446],[[776,222.69961547851563,47,1,4.490340987928221e-9,-1.6473454206105375e-14,-4.490340987928221e-9,1,-6.412520292542467e-9,1.6444658474030518e-14,6.412520292542467e-9,1],8,0.10973000526428223],[[776,222.69961547851563,47,1,2.071110927204245e-8,-1.690929670318097e-14,-2.071110927204245e-8,1,-2.9576678883813657e-8,1.6296730946056133e-14,2.9576678883813657e-8,1],8,0.12783145904541017],[[776,222.69961547851563,47,1,4.096758132732248e-8,-1.7980988199035529e-14,-4.096758132732248e-8,1,-5.850404960483502e-8,1.558422038335297e-14,5.850404960483502e-8,1],8,0.1350724697113037],[[775.8992919921875,222.69961547851563,47.00836944580078,0.9946485161781311,5.368368505287435e-8,0.10331673920154572,-4.556853738790778e-8,1,-8.090662362292278e-8,-0.10331673920154572,7.576566218858716e-8,0.9946485161781311],8,0.15088820457458497],[[775.7091064453125,222.69961547851563,47.024173736572269,0.9688975811004639,6.81205207797575e-8,0.24746212363243104,-4.307663559188768e-8,1,-1.0661702276593133e-7,-0.24746212363243104,9.264113742801783e-8,0.9688975811004639],8,0.1715097427368164],[[775.44384765625,222.69961547851563,47.04622268676758,0.9041864275932312,5.4546308803082869e-8,0.4271380603313446,-1.836491847484467e-8,1,-8.882607005489263e-8,-0.4271380603313446,7.247097499885058e-8,0.9041864275932312],8,0.1793520450592041],[[775.24462890625,222.69961547851563,47.06278610229492,0.8418527245521545,3.299329520700667e-8,0.5397073030471802,-1.7344993219481353e-9,1,-5.8426305571401829e-8,-0.5397073030471802,4.8250225148649409e-8,0.8418527245521545],8,0.18816137313842774],[[775.1116943359375,222.69961547851563,47.07383346557617,0.7975985407829285,1.731554277739633e-8,0.603188693523407,6.087175208335793e-9,1,-3.6755771759544589e-8,-0.603188693523407,3.298806561247147e-8,0.7975985407829285],8,0.1985795497894287],[[774.978759765625,222.69961547851563,47.08488082885742,0.7526698112487793,7.362215281858653e-10,0.6583981513977051,1.1599205151924253e-8,1,-1.4378219503896617e-8,-0.6583981513977051,1.8458946371424646e-8,0.7526698112487793],8,0.20810627937316895],[[774.8458251953125,222.69961547851563,47.09592819213867,0.7076764106750488,-1.6635059552072563e-8,0.7065366506576538,1.5071437431402047e-8,1,8.448758137546975e-9,-0.7065366506576538,4.669537201351659e-9,0.7076764106750488],8,0.21835684776306153],[[774.6464233398438,222.69961547851563,47.11249923706055,0.6406822800636292,-4.3969460961079679e-8,0.7678061127662659,1.6935205238155505e-8,1,4.313507417919027e-8,-0.7678061127662659,-1.46329259820277e-8,0.6406822800636292],8,0.22829437255859376],[[774.5134887695313,222.69961547851563,47.1235466003418,0.5972660779953003,-6.292736287605294e-8,0.8020431399345398,1.6258985269246297e-8,1,6.635107041574884e-8,-0.8020431399345398,-2.658883424544456e-8,0.5972660779953003],8,0.2378218173980713],[[774.3805541992188,222.69961547851563,47.13459396362305,0.5555649995803833,-8.238107795932592e-8,0.8314731121063232,1.4303282114269678e-8,1,8.952144270324425e-8,-0.8314731121063232,-3.78421880498081e-8,0.5555649995803833],8,0.2487030029296875],[[774.18115234375,222.69961547851563,47.15116500854492,0.49582770466804507,-9.565898295704756e-8,0.8684208989143372,7.850596617231531e-9,1,1.0567046615506115e-7,-0.8684208989143372,-4.557672284022374e-8,0.49582770466804507],8,0.2634592056274414],[[773.915283203125,222.69961547851563,47.17325973510742,0.4214365780353546,-6.874363123188232e-8,0.9068578481674194,-2.9484785724065434e-9,1,7.717441974364192e-8,-0.9068578481674194,-3.5197974312950467e-8,0.4214365780353546],8,0.2791879177093506],[[773.6494140625,222.69961547851563,47.19535446166992,0.35427534580230715,-4.1181497323350416e-8,0.9351411461830139,-1.0021611096533434e-8,1,4.7834390670686847e-8,-0.9351411461830139,-2.6318165424754626e-8,0.35427534580230715],8,0.29343199729919436],[[773.383544921875,222.69961547851563,47.21704864501953,0.2950785756111145,-1.3153141686927939e-8,0.955473005771637,-1.4059439834568366e-8,1,1.8108080368506309e-8,-0.955473005771637,-1.8776722399138636e-8,0.2950785756111145],8,0.3180887699127197],[[772.9847412109375,222.69961547851563,47.249481201171878,0.21841375529766084,2.9473307350258439e-8,0.9758562445640564,-1.583424769080466e-8,1,-2.665852605332475e-8,-0.9758562445640564,-9.629361308327589e-9,0.21841375529766084],8,0.3321049213409424],[[772.9182739257813,222.69961547851563,47.254886627197269,0.2070429027080536,3.662739089804745e-8,0.9783318638801575,-1.573789454312191e-8,1,-3.41080301780039e-8,-0.9783318638801575,-8.335058865327483e-9,0.2070429027080536],8,0.340376615524292],[[772.7188720703125,222.69961547851563,47.27110290527344,0.17643925547599793,5.81474317584707e-8,0.9843115210533142,-1.497394741534208e-8,1,-5.6390113911675147e-8,-0.9843115210533142,-4.789598939680673e-9,0.17643925547599793],8,0.3482480049133301],[[772.4530029296875,222.69961547851563,47.292724609375,0.14067362248897553,8.694008357679195e-8,0.990056037902832,-1.2988688347093103e-8,1,-8.596778400260519e-8,-0.990056037902832,-7.661325462926527e-10,0.14067362248897553],8,0.36487531661987307],[[772.320068359375,222.69961547851563,47.30353546142578,0.12473563849925995,1.0136674433169901e-7,0.9921900033950806,-1.1677948386079607e-8,1,-1.006965248961933e-7,-0.9921900033950806,9.736990103093036e-10,0.12473563849925995],8,0.373150110244751],[[772.1871337890625,222.69961547851563,47.31434631347656,0.11016995459794998,1.1580723224824396e-7,0.9939127564430237,-1.0221681279176665e-8,1,-1.1538347877149136e-7,-0.9939127564430237,2.5523305691166344e-9,0.11016995459794998],8,0.38961029052734377],[[771.9212646484375,222.69961547851563,47.335968017578128,0.08374032378196717,9.080608975864379e-8,0.9964876174926758,-4.048651192078978e-9,1,-9.078592455580292e-8,-0.9964876174926758,3.56801455048128e-9,0.08374032378196717],8,0.39982008934020998],[[771.788330078125,222.69961547851563,47.346778869628909,0.07187596708536148,6.931672658083699e-8,0.9974135756492615,-9.919979282457803e-10,1,-6.94249848720574e-8,-0.9974135756492615,4.000557662919846e-9,0.07187596708536148],8,0.4093320369720459],[[771.5889282226563,222.69961547851563,47.363277435302737,0.05567794293165207,3.708177587213868e-8,0.9984487891197205,2.9041293814202619e-9,1,-3.730133357748855e-8,-0.9984487891197205,4.976487222307924e-9,0.05567794293165207],8,0.41951560974121096],[[771.4561157226563,222.69961547851563,47.374488830566409,0.04576883837580681,1.5594562086107545e-8,0.9989520311355591,5.108959921784617e-9,1,-1.584499820239671e-8,-0.9989520311355591,5.828814320096853e-9,0.04576883837580681],8,0.4297060966491699],[[771.2568969726563,222.69961547851563,47.3919563293457,0.03191683068871498,-1.6627476284725163e-8,0.99949049949646,7.910870181149221e-9,1,1.6383333800717993e-8,-0.99949049949646,7.383936573290839e-9,0.03191683068871498],8,0.4405062198638916],[[771.1240844726563,222.69961547851563,47.4036865234375,0.02341487817466259,-3.8100857580047889e-8,0.9997258186340332,9.483298590851064e-9,1,3.788919400449231e-8,-0.9997258186340332,8.593527667244416e-9,0.02341487817466259],8,0.45130419731140139],[[770.9248657226563,222.69961547851563,47.42129898071289,0.011738890781998635,-7.029591131413327e-8,0.9999310970306397,1.1467268024034638e-8,1,7.016613778887404e-8,-0.9999310970306397,1.064280574780696e-8,0.011738890781998635],8,0.4634220600128174],[[770.7256469726563,222.69961547851563,47.43891143798828,0.0012138010933995247,-1.0247021009490709e-7,0.9999992847442627,1.307399521977004e-8,1,1.0245441472989114e-7,-0.9999992847442627,1.2949626260194691e-8,0.0012138010933995247],8,0.48821258544921877],[[770.3936157226563,222.69961547851563,47.468265533447269,-0.014255807735025883,-8.31840480941537e-8,0.999898374080658,7.703148341420274e-9,1,8.330232503794832e-8,-0.999898374080658,8.88990747682783e-9,-0.014255807735025883],8,0.49693727493286135],[[770.2608032226563,222.6894073486328,47.48000717163086,-0.02023787423968315,-6.819431064286619e-8,0.9997951984405518,4.970741152021674e-9,1,6.830889986986222e-8,-0.9997951984405518,6.35214991717703e-9,-0.02023787423968315],8,0.5059638023376465],[[770.0615844726563,222.64854431152345,47.49761962890625,-0.029179373756051065,-4.5727219344371409e-8,0.9995741844177246,1.0902908575971538e-9,1,4.5778524082606967e-8,-0.9995741844177246,2.425615042156437e-9,-0.029179373756051065],8,0.5173780918121338],[[769.7959594726563,223.52166748046876,47.52110290527344,-0.041084080934524539,-1.5805680320113426e-8,0.9991557002067566,-3.679805349321441e-9,1,1.566772667160876e-8,-0.9991557002067566,-3.03300451420796e-9,-0.041084080934524539],3,0.5470461845397949],[[769.3978271484375,224.73426818847657,47.5588264465332,-0.053455501794815066,2.9002446666481775e-8,0.9985702037811279,-1.005366723205725e-8,1,-2.9582166050090565e-8,-0.9985702037811279,-1.1620622686336901e-8,-0.053455501794815066],5,0.5649106502532959],[[769.1324462890625,225.4745330810547,47.58455276489258,-0.05972640588879585,5.882800380163644e-8,0.9982147812843323,-1.3991849456829187e-8,1,-5.977039307936139e-8,-0.9982147812843323,-1.7536741836465809e-8,-0.05972640588879585],5,0.582810640335083],[[768.8007202148438,226.3232421875,47.61680221557617,-0.06623218953609467,9.605984985228133e-8,0.9978042244911194,-1.8681108215901078e-8,1,-9.751124707690906e-8,-0.9978042244911194,-2.509847263354459e-8,-0.06623218953609467],5,0.5944535732269287],[[768.6016845703125,226.7915802001953,47.63615417480469,-0.069547139108181,1.1837290969651804e-7,0.9975786805152893,-2.1406888706110295e-8,1,-1.2015262029763108e-7,-0.9975786805152893,-2.9711326732240196e-8,-0.069547139108181],5,0.6255412101745606],[[768.1372680664063,227.76515197753907,47.68130874633789,-0.07610931992530823,1.5312704704228964e-7,0.9970994591712952,-2.483779937278996e-8,1,-1.5546837062174746e-7,-0.9970994591712952,-3.6598351016436939e-8,-0.07610931992530823],5,0.6355226039886475],[[767.9380493164063,228.13131713867188,47.69953155517578,-0.07798656821250916,1.2369622481855914e-7,0.9969543814659119,-1.9404151174740038e-8,1,-1.2559199547013123e-7,-0.9969543814659119,-2.9139542334633007e-8,-0.07798656821250916],5,0.6474995613098145],[[767.8052368164063,228.35838317871095,47.71083068847656,-0.07866435497999191,1.0408805195538662e-7,0.9969011545181274,-1.5888868887259379e-8,1,-1.0566537866907311e-7,-0.9969011545181274,-2.4151731281563117e-8,-0.07866435497999191],5,0.6559295654296875],[[767.6723022460938,228.57183837890626,47.721736907958987,-0.07902095466852188,8.44890308826507e-8,0.9968729615211487,-1.2422429307434868e-8,1,-8.57387760788697e-8,-0.9968729615211487,-1.9158743924663214e-8,-0.07902095466852188],5,0.6640236377716065],[[767.6058349609375,228.67344665527345,47.727081298828128,-0.07911445200443268,7.46928279227177e-8,0.9968655109405518,-1.0700013319819846e-8,1,-7.577687455295745e-8,-0.9968655109405518,-1.6661520163552269e-8,-0.07911445200443268],5,0.6719779968261719],[[767.2734985351563,229.1304168701172,47.7530517578125,-0.07905063033103943,2.5743382536802529e-8,0.9968705773353577,-2.1334556343788337e-9,1,-2.5993376340238684e-8,-0.9968705773353577,-4.18157197756841e-9,-0.07905063033103943],5,0.6925408840179443],[[767.1405639648438,229.28936767578126,47.76322555541992,-0.07889886200428009,6.178026978886919e-9,0.9968826174736023,1.289590434438992e-9,1,-6.0952811686831868e-9,-0.9968826174736023,8.046595612043461e-10,-0.07889886200428009],5,0.7010142803192139],[[767.0076293945313,229.4346923828125,47.77317428588867,-0.07865013182163239,-1.337927368894043e-8,0.9969022870063782,4.715681178879549e-9,1,1.3792889497210581e-8,-0.9969022870063782,5.785885992537487e-9,-0.07865013182163239],5,0.7091281414031982],[[766.8746948242188,229.56639099121095,47.78306579589844,-0.07836447656154633,-3.292863226533882e-8,0.9969247579574585,8.147560848215108e-9,1,3.367065559700677e-8,-0.9969247579574585,1.0761088020672105e-8,-0.07836447656154633],5,0.7219727039337158],[[766.6088256835938,229.78890991210938,47.80282974243164,-0.07779479026794434,-7.20035941981223e-8,0.9969694018363953,1.5028554400942086e-8,1,7.339516372439903e-8,-0.9969694018363953,2.069277016403248e-8,-0.07779479026794434],5,0.7323200702667236],[[766.4758911132813,229.87973022460938,47.81270980834961,-0.07753223180770874,-9.152918067911742e-8,0.9969898462295532,1.8475773799764285e-8,1,9.324232763674445e-8,-0.9969898462295532,2.5649443458064526e-8,-0.07753223180770874],5,0.7422096729278565],[[766.0106201171875,230.09031677246095,47.8472900390625,-0.07671618461608887,-1.427175391199853e-7,0.9970529675483704,2.7349495113071499e-8,1,1.452437317084332e-7,-0.9970529675483704,3.8411439362562308e-8,-0.07671618461608887],5,0.767446756362915],[[765.9441528320313,230.10678100585938,47.85215759277344,-0.07658952474594116,-1.3537847110001167e-7,0.9970626831054688,2.5862817665256445e-8,1,1.3776394780506963e-7,-0.9970626831054688,3.6338125397605839e-8,-0.07658952474594116],5,0.7761344909667969],[[765.8111572265625,230.1294708251953,47.861656188964847,-0.07625904679298401,-1.2070476884673554e-7,0.9970880150794983,2.289667122568062e-8,1,1.2280845851364575e-7,-0.9970880150794983,3.219525268605139e-8,-0.07625904679298401],5,0.7850666046142578],[[765.611572265625,230.13796997070313,47.87551498413086,-0.07560301572084427,-9.870510098153318e-8,0.9971380233764648,1.8455384775961649e-8,1,1.0038769460152253e-7,-0.9971380233764648,2.5992179075728928e-8,-0.07560301572084427],5,0.7960829734802246],[[765.4119873046875,230.11581420898438,47.889015197753909,-0.0748148038983345,-7.671826551813865e-8,0.9971974492073059,1.4009651216895236e-8,1,7.798495005317818e-8,-0.9971974492073059,1.980481734165096e-8,-0.0748148038983345],5,0.8087131977081299],[[765.079345703125,230.01077270507813,47.911407470703128,-0.07351701706647873,-4.010179921465351e-8,0.9972939491271973,6.555817222420046e-9,1,4.0693883818221369e-8,-0.9972939491271973,9.529769862126614e-9,-0.07351701706647873],5,0.8357346057891846],[[764.68017578125,229.7722930908203,47.93827819824219,-0.07218489050865174,3.790883162935188e-9,0.9973912835121155,-2.462203330111379e-9,1,-3.978997131781625e-9,-0.9973912835121155,-2.7430036020348327e-9,-0.07218489050865174],5,0.8546278476715088],[[764.4805908203125,229.60708618164063,47.95171356201172,-0.07163000106811524,2.5717710627759517e-8,0.9974312782287598,-6.993464474192024e-9,1,-2.6286175014433867e-8,-0.9974312782287598,-8.858378919285315e-9,-0.07163000106811524],5,0.8710038661956787],[[764.281005859375,229.4112091064453,47.96514892578125,-0.07115129381418228,4.7631349531229719e-8,0.9974655508995056,-1.153458573099897e-8,1,-4.857516344713986e-8,-0.9974655508995056,-1.496153778646203e-8,-0.07115129381418228],5,0.8785619735717773],[[764.14794921875,229.2635955810547,47.97410583496094,-0.07086491584777832,6.223306314723232e-8,0.9974859356880188,-1.4566080785982649e-8,1,-6.342474279108501e-8,-0.9974859356880188,-1.902404989095885e-8,-0.07086491584777832],5,0.886972188949585],[[764.014892578125,229.10235595703126,47.983062744140628,-0.07060187309980393,7.6828847284105e-8,0.9975045919418335,-1.7600019219798925e-8,1,-7.826675130218064e-8,-0.9975045919418335,-2.308187951882701e-8,-0.07060187309980393],5,0.8960971832275391],[[763.8818359375,228.927490234375,47.99201965332031,-0.0703585147857666,9.1418677072852e-8,0.9975217580795288,-2.0635928521528514e-8,1,-9.310132043083286e-8,-0.9975217580795288,-2.713525759645563e-8,-0.0703585147857666],5,0.9066898822784424],[[763.61572265625,228.53688049316407,48.00952911376953,-0.0697544738650322,1.2058055176566996e-7,0.9975641965866089,-2.673109200657109e-8,1,-1.2274415439605947e-7,-0.9975641965866089,-3.522793434740379e-8,-0.0697544738650322],5,0.9342789649963379],[[763.216552734375,227.84878540039063,48.035064697265628,-0.06859525293111801,1.6427954108166888e-7,0.9976445436477661,-3.5945511456247917e-8,1,-1.6713892136976939e-7,-0.9976445436477661,-4.7325780627716088e-8,-0.06859525293111801],5,0.9516265392303467],[[763.016845703125,227.45875549316407,48.046382904052737,-0.06751570850610733,1.3423829159364687e-7,0.9977182149887085,-2.9383144806161e-8,1,-1.3653365726895573e-7,-0.9977182149887085,-3.8534263779865799e-8,-0.06751570850610733],5,0.9587368965148926],[[762.8836669921875,227.18170166015626,48.05337905883789,-0.06656654924154282,1.1421991530369269e-7,0.9977819919586182,-2.501595552928393e-8,1,-1.1614274342264253e-7,-0.9977819919586182,-3.269169113195858e-8,-0.06656654924154282],5,0.9677023887634277],[[762.75048828125,226.89102172851563,48.059913635253909,-0.06544681638479233,9.420853785968575e-8,0.997856080532074,-2.0643600606717883e-8,1,-9.576491066809467e-8,-0.997856080532074,-2.6866850078022254e-8,-0.06544681638479233],5,0.9770638942718506],[[762.5507202148438,226.42945861816407,48.069244384765628,-0.06359870731830597,6.42042152776412e-8,0.9979755282402039,-1.4046914742493755e-8,1,-6.522963502675339e-8,-0.9979755282402039,-1.8166998572155536e-8,-0.06359870731830597],5,0.9880809783935547],[[762.3509521484375,225.93724060058595,48.07792663574219,-0.06158975511789322,3.421491712174429e-8,0.998101532459259,-7.3898887009704598e-9,1,-3.473600074244132e-8,-0.998101532459259,-9.515241039537159e-9,-0.06158975511789322],5,0.9988243579864502],[[762.2177734375,225.59207153320313,48.08328628540039,-0.06015923246741295,1.4230261413672452e-8,0.9981887936592102,-2.9128972567349366e-9,1,-1.4431638106771061e-8,-0.9981887936592102,-3.7758178805802348e-9,-0.06015923246741295],5,1.0091314315795899],[[762.0180053710938,225.0487518310547,48.09086990356445,-0.05793079733848572,-1.573454788683648e-8,0.9983205795288086,3.868894093983499e-9,1,1.5985522239247986e-8,-0.9983205795288086,4.78845096907321e-9,-0.05793079733848572],5,1.0192818641662598],[[761.8847045898438,224.6695098876953,48.095699310302737,-0.05644451081752777,-3.570297479882356e-8,0.9984057545661926,8.43567882213847e-9,1,3.6236894374042097e-8,-0.9984057545661926,1.0467604560915334e-8,-0.05644451081752777],5,1.0303711891174317],[[761.6847534179688,224.07510375976563,48.102291107177737,-0.054099440574645999,-6.564346222148743e-8,0.9985355734825134,1.5360861027602369e-8,1,6.65719710468693e-8,-0.9985355734825134,1.893987189305335e-8,-0.054099440574645999],5,1.0408196449279786],[[761.5514526367188,223.66180419921876,48.10642623901367,-0.052521709352731708,-8.559573672073384e-8,0.998619794845581,2.0026666547323658e-8,1,8.67673293214466e-8,-0.998619794845581,2.4556193523039839e-8,-0.052521709352731708],7,1.0521726608276368],[[761.1515502929688,222.85752868652345,48.1186408996582,-0.048049863427877429,-9.406698353586762e-8,0.9988449215888977,2.2146778633214127e-8,1,9.524114119585647e-8,-0.9988449215888977,2.6697522415020104e-8,-0.048049863427877429],7,1.0762007236480713],[[761.0182495117188,222.8968963623047,48.12270736694336,-0.046742185950279239,-7.977642013656805e-8,0.9989069700241089,1.8807075008453468e-8,1,8.074376012245921e-8,-0.9989069700241089,2.256065734229651e-8,-0.046742185950279239],7,1.08424711227417],[[760.8182983398438,222.98521423339845,48.128807067871097,-0.04501407593488693,-5.835000393972223e-8,0.9989863634109497,1.3739376747423649e-8,1,5.9028302246133538e-8,-0.9989863634109497,1.6382553980065496e-8,-0.04501407593488693],8,1.0956001281738282],[[760.6849975585938,223.03639221191407,48.13287353515625,-0.04397755488753319,-4.407215925539276e-8,0.9990324974060059,1.0330331257080161e-8,1,4.456958180298898e-8,-0.9990324974060059,1.2280398031805362e-8,-0.04397755488753319],8,1.104949712753296],[[760.5516967773438,223.07717895507813,48.13676834106445,-0.042962122708559039,-2.9799538836527973e-8,0.9990767240524292,6.902859173152365e-9,1,3.0123914029900337e-8,-0.9990767240524292,8.190673028707352e-9,-0.042962122708559039],8,1.1144425868988038],[[760.3517456054688,223.12110900878907,48.14252853393555,-0.04150483012199402,-8.4004643241542e-9,0.9991382956504822,1.7283479092355947e-9,1,8.479505098080154e-9,-0.9991382956504822,2.0787989107873274e-9,-0.04150483012199402],8,1.1269752979278565],[[760.1517944335938,223.14964294433595,48.1477165222168,-0.03995133563876152,1.2986760999922354e-8,0.9992016553878784,-3.483747512689206e-9,1,-1.3136428833604441e-8,-0.9992016553878784,-4.005784148830571e-9,-0.03995133563876152],8,1.1502153873443604],[[759.7518920898438,223.17950439453126,48.1578369140625,-0.036964740604162219,5.5725656977756446e-8,0.9993165731430054,-1.4020781868850918e-8,1,-5.628239918564759e-8,-0.9993165731430054,-1.6091663113115829e-8,-0.036964740604162219],8,1.1636886596679688],[[759.4186401367188,223.19021606445313,48.16626739501953,-0.034885846078395846,9.130457812034365e-8,0.9993913173675537,-2.2884037775838807e-8,1,-9.215900576009517e-8,-0.9993913173675537,-2.6085153592703138e-8,-0.034885846078395846],8,1.1808128356933594],[[759.2186889648438,223.19366455078126,48.17132568359375,-0.03384002298116684,1.1263546184636653e-7,0.9994272589683533,-2.8222062908866975e-8,1,-1.1365559515752466e-7,-0.9994272589683533,-3.2052007270522157e-8,-0.03384002298116684],8,1.1962060928344727],[[758.9520874023438,223.19638061523438,48.178070068359378,-0.03263691067695618,8.852629207467544e-8,0.9994672536849976,-2.2207350625080836e-8,1,-8.929864492301931e-8,-0.9994672536849976,-2.5109951451440794e-8,-0.03263691067695618],8,1.2109320163726807],[[758.8187866210938,223.19723510742188,48.18144226074219,-0.03210405632853508,6.772550165123903e-8,0.9994845390319824,-1.6988655815453059e-8,1,-6.830611454233804e-8,-0.9994845390319824,-1.9172802012690228e-8,-0.03210405632853508],8,1.2199711799621583],[[758.6854858398438,223.19786071777345,48.184814453125,-0.031618256121873859,4.6933042341379408e-8,0.999500036239624,-1.1755348694464374e-8,1,-4.7328388319556328e-8,-0.999500036239624,-1.3245911922865617e-8,-0.031618256121873859],8,1.2292089462280274],[[758.5521850585938,223.1983184814453,48.18818664550781,-0.0311701912432909,2.6148960330374395e-8,0.999514102935791,-6.510009420424012e-9,1,-2.6364688210378519e-8,-0.999514102935791,-7.328638584880309e-9,-0.0311701912432909],8,1.2377688884735108],[[758.3522338867188,223.19879150390626,48.19324493408203,-0.03055373765528202,-5.011386416953201e-9,0.9995331168174744,1.3765550921363002e-9,1,5.0558055519900339e-9,-0.9995331168174744,1.5303861511384298e-9,-0.03055373765528202],8,1.2478384971618653],[[758.2189331054688,223.1990203857422,48.196617126464847,-0.03017859347164631,-2.577438529272058e-8,0.9995445013046265,6.644538252942311e-9,1,2.5986743423800364e-8,-0.9995445013046265,7.42575512191479e-9,-0.03017859347164631],8,1.2575359344482422],[[758.0856323242188,223.19918823242188,48.199989318847659,-0.029832353815436364,-4.6528899844133778e-8,0.9995549321174622,1.1919151887695989e-8,1,4.6905352490966837e-8,-0.9995549321174622,1.3313144364701657e-8,-0.029832353815436364],8,1.2674429416656495],[[757.7523803710938,223.1994171142578,48.20841979980469,-0.0290487390011549,-9.837789605171565e-8,0.9995779991149902,2.512953578559518e-8,1,9.91497159930077e-8,-0.9995779991149902,2.799910525652649e-8,-0.0290487390011549],8,1.287264347076416],[[757.6190795898438,223.19947814941407,48.2117919921875,-0.028772005811333658,-1.0156929874938214e-7,0.9995859861373901,2.594732606553407e-8,1,1.0235823566517866e-7,-0.9995859861373901,2.8881636637834164e-8,-0.028772005811333658],8,1.2962493896484376],[[757.4191284179688,223.19952392578126,48.21685028076172,-0.028401684015989305,-8.006224305745491e-8,0.9995965957641602,2.045725011612376e-8,1,8.067581092063847e-8,-0.9995965957641602,2.2740326954817648e-8,-0.028401684015989305],8,1.3051612377166749],[[757.2858276367188,223.19955444335938,48.22022247314453,-0.02817854844033718,-6.573164768042261e-8,0.9996029138565064,1.6791766199730774e-8,1,6.623111659109782e-8,-0.9996029138565064,1.865139509504843e-8,-0.02817854844033718],8,1.3153934478759766],[[757.1525268554688,223.19956970214845,48.223594665527347,-0.027973169460892679,-5.140702796779806e-8,0.9996086955070496,1.3122731346015826e-8,1,5.1794380340197679e-8,-0.9996086955070496,1.4566449380026825e-8,-0.027973169460892679],8,1.3272278308868409],[[756.9525756835938,223.19956970214845,48.22865295410156,-0.02769087627530098,-2.9931303657804167e-8,0.9996165633201599,7.614072039530129e-9,1,3.0153707086810758e-8,-0.9996165633201599,8.44613445849518e-9,-0.02769087627530098],8,1.3361988067626954],[[756.6193237304688,223.19956970214845,48.237083435058597,-0.027273215353488923,5.831620075724686e-9,0.9996280074119568,-1.5768099048685258e-9,1,-5.8768105937190288e-9,-0.9996280074119568,-1.7365029414406763e-9,-0.027273215353488923],8,1.3586435317993165],[[756.4193725585938,223.19956970214845,48.24214172363281,-0.027056921273469926,2.7271379821058873e-8,0.9996339082717896,-7.095173337745564e-9,1,-2.747341021347438e-8,-0.9996339082717896,-7.835922133381246e-9,-0.027056921273469926],8,1.3793654441833497],[[756.0861206054688,223.19956970214845,48.250572204589847,-0.02674650400876999,6.297425159118575e-8,0.9996422529220581,-1.62952833449026e-8,1,-6.343278613485382e-8,-0.9996422529220581,-1.7986058864494227e-8,-0.02674650400876999],8,1.3975822925567628],[[755.7528686523438,223.19956970214845,48.259002685546878,-0.02648652158677578,9.863948946531309e-8,0.999649167060852,-2.5495447530943239e-8,1,-9.934963429714117e-8,-0.999649167060852,-2.8117929318227654e-8,-0.02648652158677578],8,1.4185194969177247],[[755.6620483398438,223.19927978515626,48.263092041015628,-0.026453359052538873,0.0005616465350612998,0.9996498823165894,0.00006023473179084249,0.9999998211860657,-0.0005602491437457502,-0.9996500611305237,0.000045393171603791419,-0.02645338885486126],8,1.4337258338928223],[[755.65625,223.19664001464845,48.257198333740237,-0.03871353343129158,0.005699019879102707,0.9992340803146362,0.00018914266547653824,0.9999837875366211,-0.005695967469364405,-0.9992503523826599,-0.00003151417331537232,-0.038713984191417697],8,1.439591646194458],[[755.6565551757813,223.19667053222657,48.25696563720703,-0.039154693484306338,0.005632717628031969,0.9992172718048096,0.0001857464958447963,0.9999841451644898,-0.0056297616101801399,-0.9992331266403198,-0.000034830503864213827,-0.03915511816740036],8,1.4482073783874512],[[755.6553955078125,223.19667053222657,48.258541107177737,-0.03605300933122635,0.005629549268633127,0.9993340373039246,0.00019447383238002658,0.9999841451644898,-0.005626195576041937,-0.99934983253479,-0.000008496969712723513,-0.03605353459715843],8,1.45607328414917],[[755.6553955078125,223.19667053222657,48.2585334777832,-0.025289371609687806,0.005628340411931276,0.999664306640625,0.00019437583978287876,0.9999841451644898,-0.005625223740935326,-0.9996801614761353,0.000052052218961762267,-0.02529006451368332],8,1.4672346115112305],[[755.6553955078125,223.19667053222657,48.258522033691409,-0.02529755048453808,0.005623550619930029,0.9996641278266907,0.00019457090820651501,0.9999842047691345,-0.005620426964014769,-0.9996799230575562,0.000052322524425107989,-0.02529824525117874],8,1.4870831966400147],[[755.6544189453125,223.19667053222657,48.25980758666992,-0.022733107209205629,0.005613686516880989,0.9997258186340332,0.00019552196317818016,0.9999842643737793,-0.005610691849142313,-0.9997415542602539,0.0000679198928992264,-0.022733846679329873],8,1.4940299987792969],[[755.6534423828125,223.19667053222657,48.26109313964844,-0.02271357737481594,0.005608568899333477,0.9997262954711914,0.00019621301908046007,0.9999842643737793,-0.0056055583991110329,-0.9997419714927673,0.00006883702735649422,-0.022714320570230485],8,1.5032620429992676],[[755.650146484375,223.19667053222657,48.26560974121094,-0.01629927195608616,0.005606931634247303,0.9998514652252197,0.00018976714636664838,0.9999842643737793,-0.00560458330437541,-0.9998671412467957,0.0000983883292065002,-0.016300080344080926],8,1.514753818511963],[[755.6481323242188,223.19667053222657,48.26824188232422,-0.02006232924759388,0.005598051007837057,0.9997830390930176,0.00018846907187253237,0.9999843239784241,-0.005595395807176828,-0.9997987151145935,0.00007617150549776852,-0.020063070580363275],8,1.5267412662506104],[[755.6451416015625,223.19688415527345,48.27275466918945,-0.016256015747785569,0.005180266685783863,0.9998544454574585,0.0001661513961153105,0.9999865889549255,-0.005178249906748533,-0.999867856502533,0.00008194950351025909,-0.016256658360362054],8,1.5375490188598633],[[755.6427001953125,223.1969757080078,48.27617645263672,-0.01840236596763134,0.004994992166757584,0.9998182058334351,0.0001525186817161739,0.9999875426292419,-0.004993030801415443,-0.9998306632041931,0.000060607366322074088,-0.01840289868414402],8,1.5505015850067139],[[755.64013671875,223.19708251953126,48.279666900634769,-0.016521941870450975,0.004780801944434643,0.9998520612716675,0.00013656886585522443,0.9999885559082031,-0.004779197741299868,-0.9998635053634644,0.00005758703628089279,-0.016522405669093133],8,1.5638628005981446],[[755.6390991210938,223.19708251953126,48.280982971191409,-0.020858891308307649,0.004776286892592907,0.999770998954773,0.00013346609193831682,0.9999886155128479,-0.0047745415940880779,-0.9997824430465698,0.00003384387673577294,-0.020859289914369584],8,1.5751738548278809],[[755.6378784179688,223.19708251953126,48.28253936767578,-0.020392879843711854,0.004767765291035175,0.9997806549072266,0.00012594160216394812,0.9999886155128479,-0.004766188096255064,-0.9997920393943787,0.00002871767537726555,-0.02039324678480625],8,1.5863533020019532],[[755.6368408203125,223.19708251953126,48.28386688232422,-0.02083761990070343,0.004760019946843386,0.9997715353965759,0.00012156139564467594,0.9999886751174927,-0.0047585200518369679,-0.9997828602790833,0.000022377387722372079,-0.02083796262741089],8,1.5988478660583497],[[755.6378173828125,223.19764709472657,48.28404235839844,-0.022990433499217035,0.003539215074852109,0.9997293949127197,0.00017994869267567992,0.9999937415122986,-0.00353601248934865,-0.9997356534004211,0.00009860553836915642,-0.02299092710018158],8,1.6160342693328858],[[755.6392822265625,223.19847106933595,48.2843132019043,-0.02278163656592369,0.0018034634413197637,0.9997388124465942,0.0002397018251940608,0.9999983310699463,-0.0017984694568440319,-0.9997404217720032,0.00019866715592797846,-0.022782031446695329],8,1.6371190547943116],[[755.64013671875,223.19898986816407,48.28449630737305,-0.0231273602694273,0.0008113723015412688,0.9997321963310242,0.00018617526802700013,0.9999996423721314,-0.0008072824566625059,-0.999732494354248,0.00016745510220061988,-0.02312750369310379],8,1.6469306945800782],[[755.6404418945313,223.19921875,48.284568786621097,-0.02163960412144661,0.00042639754246920347,0.9997657537460327,0.00011079254181822762,0.9999998807907105,-0.0004240993584971875,-0.9997658133506775,0.00010158924851566553,-0.02163964882493019],8,1.675933599472046],[[755.640869140625,223.19940185546876,48.28461837768555,-0.0010271599749103189,0.00017774397565517575,0.999999463558197,0.0000300379833788611,1,-0.00017771321290638298,-0.999999463558197,0.000029855427783331835,-0.0010271653300151229],8,1.6941258907318116],[[755.6408081054688,223.199462890625,48.28462219238281,0.0322846919298172,0.00010889230179600418,0.9994786977767944,0.000012248227903910447,1,-0.00010934473539236933,-0.9994786977767944,0.00001577200418978464,0.0322846919298172],8,1.7023367881774903],[[755.6520385742188,223.1992950439453,48.284305572509769,0.050903063267469409,0.0004595934587996453,0.9987034797668457,-0.000009787058843357955,0.9999998807907105,-0.0004596912185661495,-0.9987035989761353,0.000013625322026200593,0.050903063267469409],8,1.711756944656372],[[755.6693725585938,223.19920349121095,48.28377914428711,0.06791988760232926,0.0006110500544309616,0.9976906180381775,-0.000041050006984733048,0.9999998211860657,-0.0006096697761677206,-0.9976907968521118,4.534964546110132e-7,0.06791990250349045],8,1.7264091968536378],[[755.698974609375,223.1991729736328,48.2828483581543,0.09843935072422028,0.0006214587483555079,0.9951428771018982,-0.00008438488293904811,0.9999998211860657,-0.000616144563537091,-0.9951430559158325,-0.00002332214717171155,0.09843938052654267],8,1.7409441471099854],[[755.722412109375,223.1991424560547,48.28207778930664,0.1231210008263588,0.0006261069793254137,0.9923914670944214,-0.00011573157826205716,0.9999998211860657,-0.000616548873949796,-0.9923916459083557,-0.000038940914237173277,0.12312104552984238],8,1.7553746700286866],[[755.7251586914063,223.19937133789063,48.26665115356445,0.14568021893501283,0.00019130395958200097,0.9893317222595215,-0.000055717384384479377,1,-0.00018516239651944488,-0.9893317222595215,-0.000028148475394118578,0.14568021893501283],8,1.7759613990783692],[[755.7251586914063,223.19947814941407,48.266632080078128,0.1661054641008377,8.931393722377834e-7,0.9861080050468445,-0.000039624028431717309,1,0.000005768768460256979,-0.9861080050468445,-0.00004003179492428899,0.1661054641008377],8,1.795792818069458],[[755.7251586914063,223.1995391845703,48.26661682128906,0.214109867811203,-0.000011953171451750677,0.976809561252594,-0.000026163432266912424,1,0.00001797179356799461,-0.976809561252594,-0.00002940463127742987,0.214109867811203],8,1.8055708408355713],[[755.7251586914063,223.19955444335938,48.26660919189453,0.2430437058210373,-0.000005902224529563682,0.9700153470039368,-0.000013892802599002608,1,0.00000956560415943386,-0.9700153470039368,-0.00001580109164933674,0.2430437058210373],8,1.826481819152832],[[755.7251586914063,223.19955444335938,48.26660919189453,0.3783809244632721,2.893176827001298e-7,0.9256500005722046,-0.0000018499995348975063,1,4.4367399709699387e-7,-0.9256500005722046,-0.000001880329705272743,0.3783809244632721],8,1.835252046585083],[[755.7251586914063,223.19955444335938,48.26660919189453,0.43027380108833315,6.893493491588743e-7,0.9026984572410584,4.3830021922985909e-7,1,-9.725711151986616e-7,-0.9026984572410584,8.141248031279247e-7,0.43027380108833315],8,1.8439209461212159],[[755.7251586914063,223.19955444335938,48.26660919189453,0.5559049248695374,3.466715838840173e-7,0.8312458992004395,9.441939710086444e-7,1,-0.0000010484907306818059,-0.8312458992004395,0.0000013677184824700817,0.5559049248695374],8,1.857180118560791],[[755.7251586914063,223.19955444335938,48.26660919189453,0.5531566739082336,1.5930135077724118e-7,0.8330772519111633,6.261319640543661e-7,1,-6.069670348551881e-7,-0.8330772519111633,8.573641707698698e-7,0.5531566739082336],8,1.8643043041229249],[[755.703857421875,223.19955444335938,48.298824310302737,0.6661171317100525,-5.019201054778932e-8,0.7458471655845642,3.142578179904376e-7,1,-2.1336877864541749e-7,-0.7458471655845642,3.765168798963714e-7,0.6661171317100525],8,1.8751671314239503],[[755.7101440429688,223.1995391845703,48.29252624511719,0.7093408107757568,0.000018058943169307896,0.7048656940460205,-0.000024952067178674043,1,-5.099170721223345e-7,-0.7048656940460205,-0.00001722615161270369,0.7093408107757568],8,1.8926301002502442],[[755.7096557617188,223.1995391845703,48.29248046875,0.7809327244758606,0.00005586969564319588,0.6246151328086853,-0.0000640564612695016,1,-0.000009359214345749934,-0.6246151328086853,-0.000032701718737371269,0.7809327244758606],8,1.9199268817901612],[[755.7360229492188,223.19952392578126,48.29878616333008,0.8407119512557983,0.00013925910752732307,0.5414826273918152,-0.00011301169433863834,1,-0.0000817178952274844,-0.5414826273918152,0.000007507343525503529,0.8407119512557983],8,1.927527904510498],[[755.749267578125,223.19952392578126,48.30219268798828,0.852270245552063,0.00014442999963648617,0.5231017470359802,-0.00011243909830227494,1,-0.00009291022433899343,-0.5231017470359802,0.00002036752994172275,0.852270245552063],8,1.9340887069702149],[[755.760986328125,223.1995086669922,48.30557632446289,0.8671289682388306,0.00018493914103601128,0.4980836510658264,-0.0001431550335837528,1,-0.00012207840336486697,-0.4980836808681488,0.000034554541343823078,0.8671289682388306],8,1.9431695938110352],[[755.7778930664063,223.19955444335938,48.31145095825195,0.8770180940628052,0.0002176567359128967,0.48045727610588076,-0.00013159570517018437,0.9999999403953552,-0.0002128074993379414,-0.4804573059082031,0.00012340990360826254,0.8770180940628052],8,1.9506514072418213],[[755.8126220703125,223.19981384277345,48.31446838378906,0.8956995606422424,0.0006598737672902644,0.4446592330932617,-0.0003187438996974379,0.9999995827674866,-0.0008419362711720169,-0.44465959072113039,0.0006123895873315632,0.8956994414329529],8,1.9591975212097169],[[755.822021484375,223.19912719726563,48.3277587890625,0.9103522896766663,0.0008328155963681638,0.41383326053619387,-0.0005546085303649306,0.9999995231628418,-0.000792411039583385,-0.41383373737335207,0.0004918577615171671,0.910352349281311],8,1.9798076152801514],[[755.8384399414063,223.19935607910157,48.372074127197269,0.943176805973053,0.0006365239969454706,0.33229073882102969,-0.0005228306399658322,0.9999997615814209,-0.0004315561964176595,-0.332290917634964,0.00023330202384386212,0.9431769251823425],8,1.9893100261688233],[[755.8464965820313,223.19956970214845,48.39596176147461,0.954401433467865,0.0004545845731627196,0.298525869846344,-0.00043763508438132703,0.9999998807907105,-0.00012362403504084796,-0.2985258996486664,-0.000012658430932788179,0.9544015526771545],8,2.0105550289154054],[[755.8598022460938,223.1945037841797,48.46044158935547,0.9809208512306213,0.0003255300980526954,0.1944073587656021,-0.000319208309520036,0.9999999403953552,-0.00006384533480741084,-0.1944073736667633,5.707720447389875e-7,0.9809208512306213],8,2.016946792602539],[[755.85986328125,223.19479370117188,48.461307525634769,0.9810125827789307,0.00022666157747153193,0.1939438283443451,-0.0002205899654654786,1,-0.00005290208355290815,-0.1939438283443451,0.000009115549801208545,0.9810126423835754],8,2.0253734588623049],[[755.865478515625,223.19557189941407,48.50041580200195,0.9919365048408508,0.00012430328933987767,0.1267358660697937,-0.00010941163054667413,1,-0.0001244627492269501,-0.1267358809709549,0.00010959276551147923,0.9919365048408508],8,2.032993793487549],[[755.8660888671875,223.19647216796876,48.50516891479492,0.9920893907546997,0.000036888061003992337,0.1255335807800293,-0.000031944600777933377,1,-0.00004139258089708164,-0.1255335807800293,0.000037055018765386197,0.9920893907546997],8,2.0404415130615236],[[755.8683471679688,223.1971893310547,48.52527618408203,0.9956727027893066,0.000004206990070088068,0.09292924404144287,0.0000037256997984513875,1,-0.0000851891963975504,-0.09292924404144287,0.00008516678644809872,0.9956727027893066],8,2.0486183166503908],[[755.8699340820313,223.1977081298828,48.54459762573242,0.9978799819946289,-0.0000017985262275033165,0.06508120894432068,0.00001549735497974325,1,-0.00020998342370148748,-0.06508120894432068,0.0002105468447552994,0.9978799223899841],8,2.05672550201416],[[755.8709106445313,223.1981201171875,48.56181335449219,0.9991695284843445,-0.000002458588369336212,0.04074656218290329,0.00001234996034327196,1,-0.00024250181741081178,-0.04074655845761299,0.00024280363868456334,0.9991694688796997],8,2.0727996826171877],[[755.8715209960938,22