[[[776,222.69961547851563,47,1,2.1835498686950673e-10,-1.1100669164529776e-14,-2.1835498686950673e-10,1,-9.882632212576681e-11,1.1100647988706095e-14,9.882632212576681e-11,1],8,0.01797652244567871],[[776,222.69961547851563,47,-0.9962875247001648,-2.8645306571206676e-8,-0.08608803153038025,-2.735153614707997e-8,1,-1.620796830081872e-8,0.08608803153038025,-1.3793155950736491e-8,-0.9962875247001648],8,0.03711652755737305],[[776,222.69961547851563,47,-0.9765394926071167,-6.394468243797746e-8,-0.2153383046388626,-5.675544656469356e-8,1,-3.956912308922256e-8,0.2153383046388626,-2.6419190390924997e-8,-0.9765394926071167],8,0.05993795394897461],[[776,222.69961547851563,47,-0.981437623500824,-7.983576466585873e-8,-0.19178153574466706,-7.12587961970712e-8,1,-5.161968985589738e-8,0.19178153574466706,-3.6995388086324968e-8,-0.981437623500824],8,0.06654739379882813],[[776,222.69961547851563,47,-0.9868619441986084,-8.970575748890042e-8,-0.1615656614303589,-8.118897909525913e-8,1,-5.93160507378343e-8,0.1615656614303589,-4.5419401573099097e-8,-0.9868619441986084],8,0.07594656944274903],[[776,222.69961547851563,47,-0.9954151511192322,-9.860072935907738e-8,-0.09564881771802902,-9.266928202578129e-8,1,-6.645480965516981e-8,0.09564881771802902,-5.7286420940272367e-8,-0.9954151511192322],8,0.0943901538848877],[[776,222.69961547851563,47,-0.9981540441513062,-7.658909595420482e-8,-0.06073346361517906,-7.348264574602581e-8,1,-5.338235098406585e-8,0.06073346361517906,-4.882095083758031e-8,-0.9981540441513062],8,0.10407471656799317],[[776,222.69961547851563,47,-0.9999842643737793,-5.3245504005872138e-8,0.005611238069832325,-5.347986586912157e-8,1,-4.1616114998532797e-8,-0.005611238069832325,-4.1915548365523139e-8,-0.9999842643737793],8,0.11331057548522949],[[776,222.69961547851563,47,-0.9992475509643555,-2.1936886085427433e-8,0.0387859046459198,-2.2923035913891e-8,1,-2.4980719715017586e-8,-0.0387859046459198,-2.585101199770179e-8,-0.9992475509643555],8,0.12403464317321778],[[776,222.69961547851563,47,-0.9975346326828003,8.75597017113705e-9,0.0701758936047554,8.121669559102429e-9,1,-9.324043759306733e-9,-0.0701758936047554,-8.731110945348064e-9,-0.9975346326828003],8,0.13642144203186036],[[776,222.69961547851563,47,-0.9904434680938721,3.9180328315069349e-8,0.13791926205158235,4.0139642720760096e-8,1,4.174321333039188e-9,-0.13791926205158235,9.670459100163953e-9,-0.9904434680938721],8,0.15042853355407716],[[776,222.69961547851563,47,-0.9776713848114014,6.81973588712026e-8,0.21013972163200379,7.30397218262624e-8,1,1.528260540339943e-8,-0.21013972163200379,3.028991457654229e-8,-0.9776713848114014],8,0.16416072845458985],[[775.8419799804688,222.69961547851563,46.96603012084961,-0.9606146216392517,8.988806143861439e-8,0.2778840661048889,1.0018146667789552e-7,1,2.284306788169488e-8,-0.2778840661048889,4.97822192357944e-8,-0.9606146216392517],8,0.1903388500213623],[[775.4605712890625,222.69961547851563,46.85834503173828,-0.9376627802848816,5.0982283283929067e-8,0.3475463390350342,6.118641948660297e-8,1,1.8385883038263274e-8,-0.3475463390350342,3.850487573231476e-8,-0.9376627802848816],8,0.21153974533081056],[[775.2096557617188,222.69961547851563,46.76840591430664,-0.9262736439704895,2.6428132571254538e-8,0.3768516182899475,3.513700974622225e-8,1,1.6235446764767404e-8,-0.3768516182899475,2.8279904640271526e-8,-0.9262736439704895],8,0.21939730644226075],[[775.085693359375,222.69961547851563,46.71921157836914,-0.9209131002426148,1.4378303880846488e-8,0.38976800441741946,2.210689942216959e-8,1,1.5343047721216864e-8,-0.38976800441741946,2.2746174721532954e-8,-0.9209131002426148],8,0.22913193702697755],[[774.962646484375,222.69961547851563,46.6678352355957,-0.9167775511741638,2.4923327845982614e-9,0.39939814805984499,9.073723994390548e-9,1,1.458758269734517e-8,-0.39939814805984499,1.699759621942576e-8,-0.9167775511741638],8,0.23944544792175294],[[774.7791137695313,222.69961547851563,46.58841323852539,-0.9103861451148987,-1.523601511621564e-8,0.41375961899757388,-1.0480985856986536e-8,1,1.376226688165616e-8,-0.41375961899757388,8.192368561310559e-9,-0.9103861451148987],8,0.24965405464172364],[[774.6575317382813,222.69961547851563,46.53376007080078,-0.9082080125808716,-2.69130371322035e-8,0.41851910948753359,-2.3513193170288106e-8,1,1.328055532212602e-8,-0.41851910948753359,2.2207862215850584e-9,-0.9082080125808716],8,0.2596242427825928],[[774.475830078125,222.69961547851563,46.4503173828125,-0.9067429304122925,-4.4362820972310149e-8,0.42168381810188296,-4.305346479327454e-8,1,1.2626516721070402e-8,-0.42168381810188296,-6.705944244345119e-9,-0.9067429304122925],8,0.27246904373168948],[[774.2340087890625,222.69961547851563,46.338008880615237,-0.9052606821060181,-6.757794324130373e-8,0.4248565435409546,-6.909056082804455e-8,1,1.184629017103589e-8,-0.4248565435409546,-1.8629597420272149e-8,-0.9052606821060181],8,0.2860140800476074],[[774.0529174804688,222.69961547851563,46.25315856933594,-0.9059990644454956,-8.50264072482787e-8,0.42327970266342165,-8.860273936761587e-8,1,1.1227582419337523e-8,-0.42327970266342165,-2.7331561014420914e-8,-0.9059990644454956],8,0.30063843727111819],[[773.8113403320313,222.69961547851563,46.14022445678711,-0.911824107170105,-1.0860408394819388e-7,0.41058099269866946,-1.1458546822495919e-7,1,1.0040143827438897e-8,-0.41058099269866946,-3.789176972190944e-8,-0.911824107170105],8,0.3167688846588135],[[773.568359375,222.69961547851563,46.030235290527347,-0.9174748063087463,-8.317225308474008e-8,0.39779382944107058,-8.828758524259683e-8,1,5.456630702838083e-9,-0.39779382944107058,-3.011393445717658e-8,-0.9174748063087463],8,0.3313271999359131],[[773.3239135742188,222.69961547851563,45.923648834228519,-0.9174748063087463,-4.087207727820896e-8,0.39779382944107058,-4.46065300252485e-8,1,-1.3396124487474737e-10,-0.39779382944107058,-1.7867108681457468e-8,-0.9174748063087463],8,0.349503755569458],[[773.2015991210938,222.69961547851563,45.87059783935547,-0.9174748063087463,-1.9735546530341709e-8,0.39779382944107058,-2.2779998332111974e-8,1,-2.927468045754722e-9,-0.39779382944107058,-1.1747621542212983e-8,-0.9174748063087463],8,0.35825419425964358],[[773.0792846679688,222.69961547851563,45.81755828857422,-0.9174748063087463,1.3919519981087092e-9,0.39779382944107058,-9.627966202074845e-10,1,-5.719781093205256e-9,-0.39779382944107058,-5.630749644325306e-9,-0.9174748063087463],8,0.3673591613769531],[[772.9569702148438,222.69961547851563,45.76451873779297,-0.9174748063087463,2.251042197087827e-8,0.39779382944107058,2.0845080328513178e-8,1,-8.510901317038133e-9,-0.39779382944107058,4.835069566944128e-10,-0.9174748063087463],8,0.3767886161804199],[[772.7734985351563,222.69961547851563,45.684959411621097,-0.9174748063087463,5.417120618744775e-8,0.39779382944107058,5.353942356123298e-8,1,-1.2695346995883483e-8,-0.39779382944107058,9.649991916660383e-9,-0.9174748063087463],8,0.38907432556152346],[[772.3453979492188,222.69961547851563,45.49932098388672,-0.9174748063087463,9.320658733713572e-8,0.39779382944107058,9.44324227702964e-8,1,-1.6509092759520173e-8,-0.39779382944107058,2.2417960821030648e-8,-0.9174748063087463],8,0.41399264335632326],[[772.2842407226563,222.69961547851563,45.472801208496097,-0.9174748063087463,8.636503423531394e-8,0.39779382944107058,8.765908887653495e-8,1,-1.4932410863366387e-8,-0.39779382944107058,2.117013586655503e-8,-0.9174748063087463],8,0.4230937957763672],[[772.1007690429688,222.69961547851563,45.39324188232422,-0.9174748063087463,6.584913592178055e-8,0.39779382944107058,6.734777713290896e-8,1,-1.0204388445345103e-8,-0.39779382944107058,1.7428261500640475e-8,-0.9174748063087463],8,0.4320719242095947],[[771.9784545898438,222.69961547851563,45.34020233154297,-0.9174748063087463,5.217917475874856e-8,0.39779382944107058,5.381413359373255e-8,1,-7.0540555618947568e-9,-0.39779382944107058,1.4935013226136108e-8,-0.9174748063087463],8,0.44190025329589846],[[771.8561401367188,222.69961547851563,45.28716278076172,-0.9174748063087463,3.85150578097182e-8,0.39779382944107058,4.028627387242523e-8,1,-3.905068712839466e-9,-0.39779382944107058,1.244282987755696e-8,-0.9174748063087463],8,0.451570987701416],[[771.6726684570313,222.69961547851563,45.207603454589847,-0.9174748063087463,1.802982474430337e-8,0.39779382944107058,2.0005323619898264e-8,1,8.158900777210931e-10,-0.39779382944107058,8.706552812043356e-9,-0.9174748063087463],8,0.4624314308166504],[[771.4891967773438,222.69961547851563,45.12804412841797,-0.9174748063087463,-2.4422777133992214e-9,0.39779382944107058,-2.626298345465017e-10,1,5.53382495382948e-9,-0.39779382944107058,4.972672495995312e-9,-0.9174748063087463],8,0.4763064384460449],[[771.3057250976563,222.69961547851563,45.048484802246097,-0.9209137558937073,-2.2857735260117807e-8,0.3897664546966553,-2.0557990865199828e-8,1,1.0071670608624573e-8,-0.3897664546966553,1.2623246892218277e-9,-0.9209137558937073],8,0.4868900775909424],[[771.1217041015625,222.69961547851563,44.97023010253906,-0.9262672662734985,-4.3283737483079679e-8,0.3768673241138458,-4.090169625214912e-8,1,1.432290996916663e-8,-0.3768673241138458,-2.1476702638523195e-9,-0.9262672662734985],8,0.49852895736694338],[[770.9367065429688,222.69961547851563,44.894351959228519,-0.9288769364356995,-6.373043248686372e-8,0.3703884780406952,-6.126153806462753e-8,1,1.8429318515700289e-8,-0.3703884780406952,-5.571999306397402e-9,-0.9288769364356995],8,0.5114719867706299],[[770.7510986328125,222.69961547851563,44.81999969482422,-0.9364306926727295,-8.425281805557461e-8,0.3508526086807251,-8.168981935341435e-8,1,2.210604499452984e-8,-0.3508526086807251,-7.96030619198973e-9,-0.9364306926727295],8,0.524080753326416],[[770.5640869140625,222.69961547851563,44.74907684326172,-0.9400562644004822,-1.0473819145317975e-7,0.34101933240890505,-1.0214239409833681e-7,1,2.556625844363225e-8,-0.34101933240890505,-1.0798809846335189e-8,-0.9400562644004822],8,0.536290168762207],[[770.376220703125,222.69961547851563,44.68046188354492,-0.9469959139823914,-1.2533496374089737e-7,0.32124558091163638,-1.2264983695331467e-7,1,2.8595183110269319e-8,-0.32124558091163638,-1.2321194731157448e-8,-0.9469959139823914],8,0.5479209423065186],[[770.1871337890625,222.69961547851563,44.61544418334961,-0.9550892114639282,-9.1714298378065e-8,0.2963184118270874,-8.99386520814005e-8,1,1.9623708880089908e-8,-0.2963184118270874,-7.908085741803461e-9,-0.9550892114639282],8,0.5631940364837647],[[769.9963989257813,222.69961547851563,44.55519104003906,-0.9591369032859802,-5.793706492340789e-8,0.28294238448143008,-5.71263214510509e-8,1,1.111569325473738e-8,-0.28294238448143008,-5.50198642201849e-9,-0.9591369032859802],8,0.5745935440063477],[[769.805419921875,222.67919921875,44.495872497558597,-0.9662191867828369,-2.4204238613378949e-8,0.2577217221260071,-2.4123574249301784e-8,1,3.474985632578864e-9,-0.2577217221260071,-2.859571024416141e-9,-0.9662191867828369],8,0.585839033126831],[[769.296142578125,224.3743438720703,44.337791442871097,-0.9757914543151856,6.587991663309367e-8,0.21870315074920655,6.452692247194136e-8,1,-1.332900811945592e-8,-0.21870315074920655,1.1059083648845558e-9,-0.9757914543151856],3,0.6211228370666504],[[769.037109375,225.14186096191407,44.27510452270508,-0.9542016386985779,1.1112899755971739e-7,0.29916423559188845,1.0672287942270487e-7,1,-3.106605461766776e-8,-0.29916423559188845,2.284386901862945e-9,-0.9542016386985779],5,0.6448116302490234],[[768.7764892578125,225.85488891601563,44.21863555908203,-0.9449805021286011,1.4028077544026019e-7,0.3271265923976898,1.3061846004802647e-7,1,-5.150567261580363e-8,-0.3271265923976898,-5.943082470594163e-9,-0.9449805021286011],5,0.6516542434692383],[[768.7112426757813,226.02462768554688,44.20490264892578,-0.972261905670166,1.3305539425800817e-7,0.23389476537704469,1.2393137183153159e-7,1,-5.370635491885878e-8,-0.23389476537704469,-2.3229741685781847e-8,-0.972261905670166],5,0.6615250110626221],[[768.515380859375,226.51341247558595,44.16440963745117,-0.9550561904907227,1.1657938614462182e-7,0.2964247465133667,1.0379138615235206e-7,1,-5.887762100087457e-8,-0.2964247465133667,-2.5465103803412604e-8,-0.9550561904907227],5,0.6712048053741455],[[768.3194580078125,226.97154235839845,44.12434768676758,-0.9555051922798157,9.86243549050414e-8,0.2949742078781128,8.381222471598449e-8,1,-6.285749520884565e-8,-0.2949742078781128,-3.5338217685421117e-8,-0.9555051922798157],5,0.6826236248016357],[[768.0580444335938,227.53468322753907,44.071414947509769,-0.9456996917724609,7.566795545699279e-8,0.32504159212112429,5.7358956695452437e-8,1,-6.591036338932099e-8,-0.32504159212112429,-4.368736483684188e-8,-0.9456996917724609],5,0.7020950317382813],[[767.8619384765625,227.9212646484375,44.03204345703125,-0.9570151567459106,5.5559223000045679e-8,0.29003795981407168,3.767684120248305e-8,1,-6.723918488660274e-8,-0.29003795981407168,-5.3421203460857217e-8,-0.9570151567459106],5,0.7100694179534912],[[767.7311401367188,228.16197204589845,44.00617599487305,-0.9665997624397278,4.114513529884789e-8,0.2562907040119171,2.4608093340816596e-8,1,-6.773151284278356e-8,-0.2562907040119171,-5.916243495107665e-8,-0.9665997624397278],5,0.719874382019043],[[767.6002807617188,228.3890380859375,43.98058319091797,-0.9665997624397278,2.8538391205756853e-8,0.25629061460494997,1.1568582536369832e-8,1,-6.772078364747358e-8,-0.25629061460494997,-6.249397443980343e-8,-0.9665997624397278],5,0.7290956974029541],[[767.4694213867188,228.6024932861328,43.95505905151367,-0.966599702835083,1.5824863197622109e-8,0.25629085302352908,-1.4483921839669734e-9,1,-6.720832601558868e-8,-0.25629085302352908,-6.533475982450909e-8,-0.966599702835083],5,0.7394397258758545],[[767.2077026367188,228.98851013183595,43.90402603149414,-0.9473899602890015,-5.457850171808332e-9,0.3200816512107849,-2.732022963414238e-8,1,-6.381203121463841e-8,-0.3200816512107849,-6.919958650541958e-8,-0.9473899602890015],5,0.751875638961792],[[766.9459838867188,229.3200225830078,43.85300064086914,-0.9479485154151917,-3.178826801786272e-8,0.31842368841171267,-5.3156202994841809e-8,1,-5.841611283585735e-8,-0.31842368841171267,-7.23016597703463e-8,-0.9479485154151917],5,0.7707080841064453],[[766.8151245117188,229.46534729003907,43.82765197753906,-0.9674907922744751,-5.004549308296191e-8,0.2529061734676361,-6.620359727094183e-8,1,-5.5379743457706357e-8,-0.2529061734676361,-7.032269166984406e-8,-0.9674907922744751],5,0.7819609642028809],[[766.61865234375,229.6577911376953,43.78999328613281,-0.9590262174606323,-6.817779052425976e-8,0.2833172380924225,-8.571264231704845e-8,1,-4.949534115894494e-8,-0.2833172380924225,-7.175120231295296e-8,-0.9590262174606323],5,0.7929520606994629],[[766.356689453125,229.86668395996095,43.740264892578128,-0.9496119022369385,-9.370673836883725e-8,0.31342819333076479,-1.1163329816099577e-7,1,-3.924843383629195e-8,-0.31342819333076479,-7.225980169778268e-8,-0.9496119022369385],5,0.8074896335601807],[[766.2257080078125,229.95068359375,43.715606689453128,-0.9688082933425903,-1.1261137444762426e-7,0.24781151115894319,-1.24850870975024e-7,1,-3.3675526367460409e-8,-0.24781151115894319,-6.356461312861939e-8,-0.9688082933425903],5,0.817347526550293],[[766.029052734375,230.05116271972657,43.678977966308597,-0.9605036377906799,-1.3226494388618449e-7,0.27826738357543948,-1.445986441694913e-7,1,-2.3799389126111238e-8,-0.27826738357543948,-6.309648625801856e-8,-0.9605036377906799],5,0.8279933929443359],[[765.89794921875,230.10110473632813,43.65477752685547,-0.9696681499481201,-1.4910554568814406e-7,0.24442531168460847,-1.579557249442587e-7,1,-1.6606620079073765e-8,-0.24442531168460847,-5.4711286168185327e-8,-0.9696681499481201],5,0.8393020629882813],[[765.701171875,230.15048217773438,43.61883544921875,-0.9624233245849609,-1.5344070902756358e-7,0.27155351638793948,-1.6040171146869398e-7,1,-3.438137774480765e-9,-0.27155351638793948,-4.686659238473112e-8,-0.9624233245849609],5,0.8510878086090088],[[765.5042724609375,230.16920471191407,43.58380126953125,-0.9624233841896057,-1.263572073639807e-7,0.2715533971786499,-1.2799024773357815e-7,1,1.1697166790725078e-8,-0.2715533971786499,-2.3498557766288287e-8,-0.9624233841896057],5,0.8632760047912598],[[765.3072509765625,230.15725708007813,43.54895782470703,-0.9633694887161255,-9.860074356993209e-8,0.2681776285171509,-9.561775726751876e-8,1,2.4183652413967139e-8,-0.2681776285171509,-2.344750837934839e-9,-0.9633694887161255],5,0.8748705387115479],[[765.1102294921875,230.1146697998047,43.51468276977539,-0.9638356566429138,-7.00320939017729e-8,0.266497403383255,-6.323802637098197e-8,1,3.4075501531560806e-8,-0.266497403383255,1.5990414325983694e-8,-0.9638356566429138],5,0.8902556896209717],[[764.8473510742188,230.01019287109376,43.46954345703125,-0.9559759497642517,-3.160136685664838e-8,0.29344508051872256,-1.9922891780765896e-8,1,4.278675547197963e-8,-0.29344508051872256,3.505683210391908e-8,-0.9559759497642517],5,0.9051947593688965],[[764.650146484375,229.8960723876953,43.436580657958987,-0.9670170545578003,1.2746134703256474e-10,0.25471168756484988,1.2556501616245442e-8,1,4.71705448035209e-8,-0.25471168756484988,4.8813010522508196e-8,-0.9670170545578003],5,0.9154424667358398],[[764.45263671875,229.75128173828126,43.40492248535156,-0.9679014086723328,3.131429338054659e-8,0.25133010745048525,4.5129670667165558e-8,1,4.9205326035917099e-8,-0.25133010745048525,5.8968350202803779e-8,-0.9679014086723328],5,0.9263706207275391],[[764.3209228515625,229.6377410888672,43.38432312011719,-0.9764914512634277,5.4648285896519158e-8,0.2155560404062271,6.692113174722181e-8,1,4.9637343124686598e-8,-0.2155560404062271,6.289569398632011e-8,-0.9764914512634277],5,0.9372777938842773],[[764.1231689453125,229.44186401367188,43.354164123535159,-0.9708989262580872,8.532173012554267e-8,0.2394896149635315,9.971240189088349e-8,1,4.7972552152941719e-8,-0.2394896149635315,7.04565863429707e-8,-0.9708989262580872],5,0.9498636722564697],[[763.8592529296875,229.1330108642578,43.31611251831055,-0.9633294939994812,1.272487111236842e-7,0.26832115650177,1.4359565625454707e-7,1,4.1298363839814559e-8,-0.26832115650177,7.831368264987759e-8,-0.9633294939994812],5,0.9669702053070068],[[763.5950927734375,228.7696533203125,43.27918243408203,-0.9660868644714356,1.2454559339403205e-7,0.2582172155380249,1.346099907095777e-7,1,2.1297381636031788e-8,-0.2582172155380249,5.533373581556589e-8,-0.9660868644714356],5,0.9819400310516357],[[763.3306884765625,228.35179138183595,43.244754791259769,-0.9669800996780396,1.0467931588209467e-7,0.25485187768936159,1.0808950179352905e-7,1,-6.235877925142574e-10,-0.25485187768936159,2.6943814290802949e-8,-0.9669800996780396],5,1.0006728172302247],[[763.0660400390625,227.8794403076172,43.211517333984378,-0.9683040976524353,8.377536175885325e-8,0.24977432191371919,8.147328856011882e-8,1,-1.9555422170469684e-8,-0.24977432191371919,1.414339756422578e-9,-0.9683040976524353],5,1.025148630142212],[[762.8013305664063,227.3525848388672,43.17959976196289,-0.9691669344902039,6.180796674470912e-8,0.2464049905538559,5.468940855735127e-8,1,-3.573304496740093e-8,-0.2464049905538559,-2.1155543095119357e-8,-0.9691669344902039],5,1.033090353012085],[[762.6688842773438,227.0687255859375,43.164085388183597,-0.9840536117553711,4.8499732230311568e-8,0.177871972322464,4.1454395471873798e-8,1,-4.332546410523719e-8,-0.177871972322464,-3.526100655903974e-8,-0.9840536117553711],5,1.0474705696105958],[[762.4039916992188,226.46011352539063,43.13407516479492,-0.9708697199821472,2.7350919751256698e-8,0.23960790038108827,1.4383056523570304e-8,1,-5.586979412441906e-8,-0.23960790038108827,-5.079600029489484e-8,-0.9708697199821472],5,1.056652307510376],[[762.2714233398438,226.1353759765625,43.11948776245117,-0.9852722883224487,1.1463816562695684e-8,0.1709926724433899,9.168695802586058e-10,1,-6.175966404953215e-8,-0.1709926724433899,-6.069330993341282e-8,-0.9852722883224487],5,1.0664029121398926],[[762.0725708007813,225.6227264404297,43.09833526611328,-0.9800865054130554,-5.391408652855034e-9,0.1985711306333542,-1.9545488783023758e-8,1,-6.931954743549795e-8,-0.1985711306333542,-7.18203239102877e-8,-0.9800865054130554],5,1.0790388584136963],[[761.87353515625,225.07940673828126,43.07817077636719,-0.9821141362190247,-2.5166603023762947e-8,0.18828646838665009,-4.017329757743937e-8,1,-7.588521810930615e-8,-0.18828646838665009,-8.209202917441871e-8,-0.9821141362190247],5,1.0946300029754639],[[761.5415649414063,224.1057586669922,43.0479621887207,-0.9720810651779175,-5.346683451534773e-8,0.23464535176753999,-7.521460076986841e-8,1,-8.373424265073482e-8,-0.23464535176753999,-9.904522357828682e-8,-0.9720810651779175],5,1.11262845993042],[[761.4086303710938,223.6924591064453,43.037940979003909,-0.9913469552993774,-7.717849115351783e-8,0.1312677413225174,-8.934171091823373e-8,1,-8.677031360093679e-8,-0.1312677413225174,-9.774717568689084e-8,-0.9913469552993774],5,1.1237924098968506],[[761.2090454101563,223.04696655273438,43.02464294433594,-0.986992597579956,-9.493758312828504e-8,0.1607656329870224,-1.1086481066513443e-7,1,-9.010113899421413e-8,-0.1607656329870224,-1.0675240957880306e-7,-0.986992597579956],5,1.1338236331939698],[[761.0094604492188,222.3708038330078,43.01219940185547,-0.986992597579956,-1.1619445672295115e-7,0.16076552867889405,-1.3275990795591498e-7,1,-9.229962216750209e-8,-0.16076552867889405,-1.1244226527651336e-7,-0.986992597579956],5,1.1438522338867188],[[760.8764038085938,221.9029998779297,43.00399398803711,-0.9915762543678284,-1.3423577627236228e-7,0.12952440977096559,-1.4757016231214949e-7,1,-9.335142436839306e-8,-0.12952440977096559,-1.116789931643325e-7,-0.9915762543678284],5,1.1543464660644532],[[760.7433471679688,221.42156982421876,42.99562072753906,-0.990645706653595,-1.2105506641546527e-7,0.1364591121673584,-1.3250746633275413e-7,1,-7.484214847863768e-8,-0.1364591121673584,-9.22239067335795e-8,-0.990645706653595],5,1.1735992431640626],[[760.4107055664063,221.67681884765626,42.972511291503909,-0.9884492754936218,-6.766360360899171e-9,0.1515519767999649,-8.009184426782668e-9,1,-7.590217343533823e-9,-0.1515519767999649,-8.716352084547907e-9,-0.9884492754936218],7,1.183133602142334],[[760.2117919921875,221.98291015625,42.952274322509769,-0.9826951622962952,6.313915434930095e-8,0.1852303147315979,6.929638374231217e-8,1,2.676701882364796e-8,-0.1852303147315979,3.9139610663596616e-8,-0.9826951622962952],7,1.1948919296264649],[[760.0405883789063,222.1414337158203,42.93689727783203,-0.97254878282547,9.17362683594547e-8,0.2326989769935608,1.0393677030151594e-7,1,4.0169137349721498e-8,-0.2326989769935608,6.325242907223583e-8,-0.97254878282547],7,1.2056691646575928],[[759.8236694335938,222.313232421875,42.896705627441409,-0.9575972557067871,8.074866286733595e-8,0.2881101667881012,9.50685574707677e-8,1,3.5711110513148017e-8,-0.2881101667881012,6.158708032444338e-8,-0.9575972557067871],8,1.2170054912567139],[[759.63037109375,222.4251251220703,42.841556549072269,-0.9086261987686157,4.992236668499572e-8,0.4176103174686432,6.790578055415608e-8,1,2.820477540410593e-8,-0.4176103174686432,5.3985754533414368e-8,-0.9086261987686157],8,1.2275900840759278],[[759.5072631835938,222.47637939453126,42.79083251953125,-0.877648651599884,3.1615250861705138e-8,0.47930455207824709,4.946388187931916e-8,1,2.4612027971215867e-8,-0.47930455207824709,4.530897612653462e-8,-0.877648651599884],8,1.2385585308074952],[[759.3301391601563,222.5294189453125,42.69837951660156,-0.8425701260566711,6.628628312910223e-9,0.5385866761207581,2.14664641617901e-8,1,2.127489118208814e-8,-0.5385866761207581,2.9487139840966848e-8,-0.8425701260566711],8,1.2512929439544678],[[759.0767822265625,222.56312561035157,42.60165786743164,-0.7719599008560181,-1.8645833321784268e-8,0.6356711983680725,-6.6439662660400249e-9,1,2.1264071392579355e-8,-0.6356711983680725,1.2191632592362112e-8,-0.7719599008560181],8,1.263371467590332],[[758.7078247070313,222.58448791503907,42.497806549072269,-0.7222651839256287,-4.126689390204774e-8,0.6916161775588989,-3.4694991768446928e-8,1,2.3434830964674803e-8,-0.6916161775588989,-7.069456131603147e-9,-0.7222651839256287],8,1.274681806564331],[[758.2237548828125,222.59803771972657,42.38084030151367,-0.7061406373977661,-6.286079923256693e-8,0.7080716490745544,-6.270108343642278e-8,1,2.6247372275634008e-8,-0.7080716490745544,-2.5862521013664265e-8,-0.7061406373977661],8,1.2861435413360596],[[757.6289672851563,222.60662841796876,42.24692916870117,-0.6926137804985046,-8.411257113039028e-8,0.7213086485862732,-9.063780481710637e-8,1,2.957898281863436e-8,-0.7213086485862732,-4.489102067850581e-8,-0.6926137804985046],8,1.2999653816223145],[[756.9929809570313,222.61209106445313,42.10368347167969,-0.6773819327354431,-9.00068428677514e-8,0.73563152551651,-1.0134390748817168e-7,1,2.9033978776737969e-8,-0.73563152551651,-5.488467991199286e-8,-0.6773819327354431],8,1.3125228881835938],[[756.3571166992188,222.61553955078126,41.957157135009769,-0.6773900985717773,-6.709124278359013e-8,0.7356240153312683,-7.777726551694286e-8,1,1.9582961030550906e-8,-0.7356240153312683,-4.394951602648689e-8,-0.6773900985717773],8,1.3226895332336426],[[755.9334106445313,222.61709594726563,41.859100341796878,-0.6773917078971863,-5.182194229291781e-8,0.7356225252151489,-6.207457659002103e-8,1,1.32855317858116e-8,-0.7356225252151489,-3.666394832180231e-8,-0.6773917078971863],8,1.333928108215332],[[755.2978515625,222.61871337890626,41.711978912353519,-0.6748180389404297,-2.880167038199488e-8,0.7379841208457947,-3.856626307197075e-8,1,3.762219424885416e-9,-0.7379841208457947,-2.59224766097077e-8,-0.6748180389404297],8,1.346348524093628],[[754.6627807617188,222.61973571777345,41.56447219848633,-0.6825143098831177,-6.194513790802603e-9,0.7308722138404846,-1.4974585127447427e-8,1,-5.508288491995472e-9,-0.7308722138404846,-1.4703994466458426e-8,-0.6825143098831177],8,1.3576340675354005],[[754.0265502929688,222.62037658691407,41.418033599853519,-0.6914001703262329,1.6488705512074376e-8,0.7224720120429993,8.713491261858053e-9,1,-1.4483877208704144e-8,-0.7224720120429993,-3.718901409044406e-9,-0.6914001703262329],8,1.3699958324432374],[[753.388671875,222.6208038330078,41.2732048034668,-0.7186427712440491,3.9181575317570608e-8,0.6953794360160828,3.271347637223698e-8,1,-2.253772457549985e-8,-0.6953794360160828,6.551706732693674e-9,-0.7186427712440491],8,1.3821074962615967],[[752.765380859375,222.60072326660157,41.12862014770508,-0.7354310750961304,6.21633162722901e-8,0.6775994896888733,5.688771764766898e-8,1,-2.99975440043454e-8,-0.6775994896888733,1.648596281711434e-8,-0.7354310750961304],8,1.3959076404571534],[[752.1495971679688,223.25982666015626,40.98403549194336,-0.7895894646644592,8.614410518248406e-8,0.6136354207992554,8.15858740566e-8,1,-3.540336379614928e-8,-0.6136354207992554,2.210985883266403e-8,-0.7895894646644592],3,1.4117248058319092],[[751.353271484375,224.09547424316407,40.79243850708008,-0.7713533043861389,1.1781720843373478e-7,0.636407196521759,1.1085150219969364e-7,1,-5.077180276202853e-8,-0.636407196521759,3.1383695642261958e-8,-0.7713533043861389],5,1.4354970455169678],[[750.41357421875,225.06338500976563,40.55653381347656,-0.7715875506401062,1.6239708600096493e-7,0.6361231803894043,1.4555308780472843e-7,1,-7.874282204056726e-8,-0.6361231803894043,3.183271601869819e-8,-0.7715875506401062],5,1.444014310836792],[[750.0550537109375,225.4267120361328,40.46367645263672,-0.8485171794891357,1.47367700265022e-7,0.5291678309440613,1.2718989239601798e-7,1,-7.454136863316308e-8,-0.5291678309440613,4.0551690894119478e-9,-0.8485171794891357],5,1.4541995525360108],[[749.3674926757813,226.11248779296876,40.28154754638672,-0.8341526389122009,1.1139501765455862e-7,0.5515336990356445,9.115334620446447e-8,1,-6.411071495904253e-8,-0.5515336990356445,-3.203981302490888e-9,-0.8341526389122009],5,1.470308780670166],[[749.0385131835938,226.4349365234375,40.1924934387207,-0.9221693873405457,9.044983073636104e-8,0.3867863118648529,7.27111029164007e-8,1,-6.049303635791148e-8,-0.3867863118648529,-2.766116402597163e-8,-0.9221693873405457],5,1.4805235862731934],[[748.563232421875,226.89306640625,40.06275177001953,-0.924135684967041,6.248065886893528e-8,0.3820643723011017,4.5248416569165786e-8,1,-5.4087699652427548e-8,-0.3820643723011017,-3.269656545512589e-8,-0.924135684967041],5,1.4905896186828614],[[748.2584228515625,227.1814422607422,39.97919464111328,-0.9485920667648315,4.122655283822496e-8,0.3165014088153839,2.6872115199694236e-8,1,-4.9718195782588739e-8,-0.3165014088153839,-3.865722320028908e-8,-0.9485920667648315],5,1.5022308826446534],[[747.8191528320313,227.58847045898438,39.858848571777347,-0.9496521949768066,1.2624957079765409e-8,0.31330606341362,-5.804118297092487e-10,1,-4.205518777666839e-8,-0.31330606341362,-4.0119648048175807e-8,-0.9496521949768066],5,1.5139434337615967],[[747.4012451171875,227.96484375,39.74502944946289,-0.969207763671875,-1.9035736542605265e-8,0.2462444007396698,-2.8345100488991194e-8,1,-3.426089989488901e-8,-0.2462444007396698,-4.0185753391597248e-8,-0.969207763671875],5,1.5250978469848633],[[746.8765869140625,228.4189910888672,39.60517501831055,-0.9700311422348023,-5.816145431936093e-8,0.24298062920570374,-6.528343021727778e-8,1,-2.1258909299604057e-8,-0.24298062920570374,-3.6484411936044128e-8,-0.9700311422348023],5,1.5431938171386719],[[746.3887939453125,228.81863403320313,39.48039627075195,-0.99154132604599,-1.0152941598562393e-7,0.12979115545749665,-1.035104233437778e-7,1,-8.517170968502797e-9,-0.12979115545749665,-2.1879865030882685e-8,-0.99154132604599],5,1.5596966743469239],[[745.9361572265625,229.1637725830078,39.373870849609378,-0.9991570711135864,-1.4298578321358947e-7,0.04105091840028763,-1.4289305738657277e-7,1,5.192960284006176e-9,-0.04105091840028763,-6.773083760513998e-10,-0.9991570711135864],5,1.5755221843719483],[[745.4168701171875,229.51856994628907,39.27157211303711,-0.9998345375061035,-1.2281003591851914e-7,-0.01819138042628765,-1.2314168884586253e-7,1,1.7111336347852558e-8,0.01819138042628765,1.9348622259940386e-8,-0.9998345375061035],5,1.5979421138763428],[[744.9458618164063,229.7882080078125,39.20809555053711,-0.9883644580841065,-8.220309410944538e-8,-0.15210415422916413,-8.775002413585753e-8,1,2.9755332420222659e-8,0.15210415422916413,4.275625897776081e-8,-0.9883644580841065],5,1.6139442920684815],[[744.7698974609375,229.87220764160157,39.19477844238281,-0.9559074640274048,-6.054766288343672e-8,-0.29366806149482729,-7.405738955412744e-8,1,3.4884109822996837e-8,0.29366806149482729,5.50942722554737e-8,-0.9559074640274048],5,1.623265027999878],[[744.6004638671875,229.94259643554688,39.18901062011719,-0.9226521849632263,-4.0497873499134587e-8,-0.3856332302093506,-6.08928729661784e-8,1,4.0673533874269199e-8,0.3856332302093506,6.100983540591187e-8,-0.9226521849632263],5,1.6326100826263428],[[744.4371337890625,229.99935913085938,39.1910514831543,-0.899671733379364,-2.28713190608687e-8,-0.436567097902298,-4.802615549692746e-8,1,4.6582659507521387e-8,0.436567097902298,6.287574194629997e-8,-0.899671733379364],5,1.643298864364624],[[744.2032470703125,230.0589599609375,39.20903396606445,-0.8871749043464661,-2.7768437549369198e-10,-0.4614332914352417,-2.9043976113030113e-8,1,5.523962443021446e-8,0.4614332914352417,6.240906458288009e-8,-0.8871749043464661],5,1.6532163619995118],[[744.0546875,230.08164978027345,39.23103713989258,-0.8397042155265808,1.923436698803016e-8,-0.5430440306663513,-1.675368288545087e-8,1,6.132561480853838e-8,0.5430440306663513,6.05933649922008e-8,-0.8397042155265808],5,1.663682460784912],[[743.7749633789063,230.08616638183595,39.299190521240237,-0.8082075119018555,4.9355435294273778e-8,-0.5888978242874146,6.953350784044687e-9,1,7.426701387203139e-8,0.5888978242874146,5.592834639855937e-8,-0.8082075119018555],5,1.677072525024414],[[743.6439208984375,230.0679931640625,39.34525680541992,-0.7289794087409973,6.899350069033972e-8,-0.6845356225967407,1.8406792534619855e-8,1,8.118690431047071e-8,0.6845356225967407,4.658347307895383e-8,-0.7289794087409973],5,1.6878485679626465],[[743.4588012695313,230.0151824951172,39.429073333740237,-0.6833369731903076,9.12986877210642e-8,-0.7301031351089478,3.499336287404731e-8,1,9.229713526792693e-8,0.7301031351089478,3.752127852862941e-8,-0.6833369731903076],5,1.701765537261963],[[743.2879028320313,229.9317169189453,39.53009033203125,-0.6184278726577759,1.1340534200598995e-7,-0.7858415842056274,5.10070634618387e-8,1,1.0417004858709334e-7,0.7858415842056274,2.4338190129924443e-8,-0.6184278726577759],5,1.716217041015625],[[743.0835571289063,229.77273559570313,39.69037628173828,-0.5836378335952759,1.3995746428463463e-7,-0.812014102935791,7.211808394913533e-8,1,1.2052331044287713e-7,0.812014102935791,1.1781063236071532e-8,-0.5836378335952759],5,1.738353967666626],[[742.9075927734375,229.55926513671876,39.87844467163086,-0.5225446224212647,1.660849591189617e-7,-0.8526119589805603,9.296596914509792e-8,1,1.3781895802367217e-7,0.8526119589805603,-7.247340061411478e-9,-0.5225446224212647],5,1.7464253902435303],[[742.79541015625,229.36338806152345,40.03641891479492,-0.4616371691226959,1.4907351442161599e-7,-0.8870688080787659,9.000842027262479e-8,1,1.212107463288703e-7,0.8870688080787659,-2.3888274469641148e-8,-0.4616371691226959],5,1.7564902305603028],[[742.7305297851563,229.2157745361328,40.149173736572269,-0.4016650915145874,1.252803230045174e-7,-0.915786623954773,8.318938427009926e-8,1,1.0031381947328555e-7,0.915786623954773,-3.58911655951033e-8,-0.4016650915145874],5,1.7668240070343018],[[742.6488647460938,228.96881103515626,40.3285026550293,-0.3760349452495575,9.260507027875065e-8,-0.9266054630279541,7.384423383882677e-8,1,6.997266410735392e-8,0.9266054630279541,-4.211230120176879e-8,-0.3760349452495575],5,1.7769076824188233],[[742.6053466796875,228.78712463378907,40.45377731323242,-0.3169402480125427,6.929810325573271e-8,-0.9484454989433289,6.818648756734547e-8,1,5.027917993061237e-8,0.9484454989433289,-4.8735667945720709e-8,-0.3169402480125427],5,1.7866342067718506],[[742.53564453125,228.3828887939453,40.71096420288086,-0.35502031445503237,3.15692041397142e-8,-0.9348585605621338,5.5828014211556368e-8,1,1.2567809903885064e-8,0.9348585605621338,-4.772947193032451e-8,-0.35502031445503237],5,1.8019886016845704],[[742.5043334960938,228.16033935546876,40.8405647277832,-0.2397926151752472,6.225328252895679e-9,-0.970824122428894,5.085690091277684e-8,1,-6.149188269688466e-9,0.970824122428894,-5.0847635435502528e-8,-0.2397926151752472],5,1.8122222423553467],[[742.46728515625,227.80096435546876,41.037044525146487,-0.24669620394706727,-2.2103810337625874e-8,-0.969092845916748,4.315174706448488e-8,1,-3.3793646991853168e-8,0.969092845916748,-5.015481363557228e-8,-0.24669620394706727],5,1.8224380016326905],[[742.4464721679688,227.5443572998047,41.16872787475586,-0.1869012713432312,-4.4108880103976847e-8,-0.9823787212371826,3.847788931921059e-8,1,-5.222064203280752e-8,0.9823787212371826,-4.75599613025679e-8,-0.1869012713432312],5,1.8324875831604005],[[742.4292602539063,227.27410888671876,41.30093002319336,-0.13172723352909089,-6.566511956407339e-8,-0.9912859797477722,3.4545600158253367e-8,1,-7.083295372467546e-8,0.9912859797477722,-4.357520211328847e-8,-0.13172723352909089],5,1.842660903930664],[[742.413818359375,226.84320068359376,41.500274658203128,-0.13877591490745545,-9.40029352136662e-8,-0.9903237819671631,2.834821799524434e-8,1,-9.8893899291852e-8,0.9903237819671631,-4.179800683346002e-8,-0.13877591490745545],5,1.8532536029815674],[[742.4048461914063,226.3816375732422,41.70005798339844,-0.1127839982509613,-1.241132139284673e-7,-0.9936195015907288,2.218657435548721e-8,1,-1.2742854949010508e-7,0.9936195015907288,-3.6416913928860598e-8,-0.1127839982509613],5,1.867901086807251],[[742.401123046875,225.88941955566407,41.9000129699707,-0.07104391604661942,-1.5522913088261704e-7,-0.9974731802940369,1.6494601240424346e-8,1,-1.5679717080274714e-7,0.9974731802940369,-2.7592406581788965e-8,-0.07104391604661942],5,1.8775157928466797],[[742.4035034179688,225.54425048828126,42.033302307128909,-0.02206503041088581,-1.4128649183930976e-7,-0.9997565150260925,8.337768697685988e-9,1,-1.415049126762824e-7,0.9997565150260925,-1.145804873203815e-8,-0.02206503041088581],5,1.8872132301330567],[[742.40869140625,225.18544006347657,42.16652297973633,-0.013332669623196125,-1.263539388673962e-7,-0.9999111294746399,3.3662336806905559e-10,1,-1.2636965607271123e-7,0.9999111294746399,-2.021438350041649e-9,-0.013332669623196125],5,1.8985419273376465],[[742.4188842773438,224.62168884277345,42.36626052856445,-0.04663249850273132,-1.0394176541694833e-7,-0.9989120960235596,-1.0766152414021235e-8,1,-1.0355236668146972e-7,0.9989120960235596,5.925534285466938e-9,-0.04663249850273132],5,1.9098737239837647],[[742.4365844726563,223.61398315429688,42.699119567871097,-0.10956735163927078,-6.750870085170391e-8,-0.9939793944358826,-2.6790923257635769e-8,1,-6.496441784520357e-8,0.9939793944358826,1.9511645632519504e-8,-0.10956735163927078],5,1.9308812618255616],[[742.4478149414063,222.96849060058595,42.8988037109375,-0.013184557668864727,-4.421498189799422e-8,-0.9999130964279175,-3.229954259609258e-8,1,-4.379293017109376e-8,0.9999130964279175,3.171934537249399e-8,-0.013184557668864727],7,1.9404969215393067],[[742.4532470703125,222.40426635742188,43.09870910644531,-0.018537646159529687,-2.4034598311573064e-8,-0.9998281598091126,-3.6015048721083079e-8,1,-2.337097981808256e-8,0.9998281598091126,3.557561711886592e-8,-0.018537646159529687],7,1.9515111446380616],[[742.4526977539063,222.33815002441407,43.232025146484378,-0.11155122518539429,-1.3765885320538019e-8,-0.9937586784362793,-3.710536944367959e-8,1,-9.687196822483202e-9,0.9937586784362793,3.579316398827359e-8,-0.11155122518539429],7,1.9623336791992188],[[742.4344482421875,222.38681030273438,43.43102264404297,-0.1784239113330841,4.020205501831242e-9,-0.9839537143707275,-3.733278930440065e-8,1,1.0855456977765244e-8,0.9839537143707275,3.86706098254308e-8,-0.1784239113330841],7,1.972486972808838],[[742.3898315429688,222.47979736328126,43.693824768066409,-0.25147882103919985,2.7979922379017809e-8,-0.9678627848625183,-3.5587842006634676e-8,1,3.815572924281696e-8,0.9678627848625183,4.403950626397091e-8,-0.25147882103919985],8,1.9973084926605225],[[742.3257446289063,222.54214477539063,43.95256805419922,-0.4928915798664093,4.30236255510863e-8,-0.8700907230377197,-2.6513353290624765e-8,1,6.446664713166683e-8,0.8700907230377197,5.4844090158212569e-8,-0.4928915798664093],8,2.0149688720703127],[[742.2061157226563,222.5779571533203,44.18971252441406,-0.6214185357093811,6.128770735358558e-8,-0.7834787964820862,-1.344798494784527e-8,1,8.889141156487313e-8,0.7834787964820862,6.577498368187662e-8,-0.6214185357093811],8,2.0431904792785646],[[741.9664306640625,222.60397338867188,44.50933837890625,-0.7897389531135559,8.491524994269639e-8,-0.6134430766105652,1.457827902839881e-8,1,1.1965612145559135e-7,0.6134430766105652,8.555415575983716e-8,-0.7897389531135559],8,2.0504205226898195],[[741.8173217773438,222.6103973388672,44.64133834838867,-0.8082377314567566,7.508667465572216e-8,-0.5888563394546509,2.0021973412553963e-8,1,1.000314640009492e-7,0.5888563394546509,6.905914062826923e-8,-0.8082377314567566],8,2.060227632522583],[[741.711181640625,222.61331176757813,44.721866607666019,-0.832264244556427,5.8147989534518277e-8,-0.5543791055679321,1.9563444197956416e-8,1,7.551878411504731e-8,0.5543791055679321,5.20060190467575e-8,-0.832264244556427],8,2.0694148540496828],[[741.39111328125,223.88722229003907,44.961299896240237,-0.9039687514305115,8.079427793461491e-9,-0.4275985062122345,7.49823048096232e-9,1,3.043187257745217e-9,0.4275985062122345,-4.5528583680898296e-10,-0.9039687514305115],3,2.098046064376831],[[741.1646728515625,224.66836547851563,45.09968566894531,-0.9526335000991821,-1.8584856320558175e-8,-0.304120808839798,-5.287358106897955e-9,1,-4.454789603869358e-8,0.304120808839798,-4.082982130171331e-8,-0.9526335000991821],5,2.1327733993530275],[[740.73779296875,225.90423583984376,45.28708267211914,-0.9899430274963379,-5.858727192276092e-8,-0.14146654307842256,-4.178554746658847e-8,1