[[[776,222.69961547851563,47,1,-1.7222513415404706e-9,1.449394837276744e-14,1.7222513415404706e-9,1,-2.6779474193716625e-9,-1.448933712540259e-14,2.6779474193716625e-9,1],8,0.007873296737670899],[[776,222.69961547851563,47,1,6.607220548460191e-9,1.4608262245262988e-14,-6.607220548460191e-9,1,1.0273991435383323e-8,-1.4540379330804134e-14,-1.0273991435383323e-8,1],8,0.0180509090423584],[[776,222.69961547851563,47,1,1.9094754222237499e-8,1.498166316753289e-14,-1.9094754222237499e-8,1,2.969152745890824e-8,-1.4414710134617697e-14,-2.969152745890824e-8,1],8,0.027476072311401368],[[776,222.69961547851563,47,1,3.157428452027489e-8,1.5596983475802199e-14,-3.157428452027489e-8,1,4.909662365548684e-8,-1.4046792903648319e-14,-4.909662365548684e-8,1],8,0.039736032485961917],[[776,222.69961547851563,47,1,4.4045815883464459e-8,1.6453762384147607e-14,-4.4045815883464459e-8,1,6.848928535418963e-8,-1.3437096894148779e-14,-6.848928535418963e-8,1],8,0.062082529067993167],[[776,222.69961547851563,47,1,6.066209579103088e-8,1.7970937306083409e-14,-6.066209579103088e-8,1,9.432683611976245e-8,-1.2248873146509815e-14,-9.432683611976245e-8,1],8,0.07119917869567871],[[776,222.69961547851563,47,1,5.3903768559848689e-8,1.751700896151804e-14,-5.3903768559848689e-8,1,8.381793747958e-8,-1.2998905574710448e-14,-8.381793747958e-8,1],8,0.08055424690246582],[[776,222.69961547851563,47,1,4.299825917541966e-8,1.6825245623824926e-14,-4.299825917541966e-8,1,6.686034481617753e-8,-1.3950367519965836e-14,-6.686034481617753e-8,1],8,0.0906832218170166],[[776,222.69961547851563,47,1,3.2097403845909869e-8,1.6326343217892143e-14,-3.2097403845909869e-8,1,4.990999968867982e-8,-1.4724361663211346e-14,-4.990999968867982e-8,1],8,0.10085654258728028],[[776,222.69961547851563,47,1,1.5754856974581345e-8,1.5928806938823177e-14,-1.5754856974581345e-8,1,2.4498062245470466e-8,-1.5542842823879599e-14,-2.4498062245470466e-8,1],8,0.11104226112365723],[[776,222.69961547851563,47,1,-5.772156641548065e-10,1.59476178465158e-14,5.772156641548065e-10,1,-8.97594887305786e-10,-1.594709946235208e-14,8.97594887305786e-10,1],8,0.12398624420166016],[[776,222.69961547851563,47,1,-1.1459448501227598e-8,1.6190494379745604e-14,1.1459448501227598e-8,1,-1.7818992503748633e-8,-1.5986298453085115e-14,1.7818992503748633e-8,1],8,0.13519692420959474],[[776,222.69961547851563,47,-0.9998027682304382,-6.119237561108548e-9,0.019860045984387399,-5.754484444508989e-9,1,1.8423312653226277e-8,-0.019860045984387399,1.830539453351321e-8,-0.9998027682304382],8,0.15024018287658692],[[776,222.69961547851563,47,-0.9937107563018799,-2.179694824633316e-8,0.1119774580001831,-1.6787410572760565e-8,1,4.567990785631082e-8,-0.1119774580001831,4.351280225023402e-8,-0.9937107563018799],8,0.1753551959991455],[[776,222.69961547851563,47,-0.982676088809967,-5.0938293583158159e-8,0.18533138930797578,-3.25864775163609e-8,1,1.0206767342424428e-7,-0.18533138930797578,9.426015878943872e-8,-0.982676088809967],8,0.18468356132507325],[[776,222.69961547851563,47,-0.9677160978317261,-5.652607271144916e-8,0.25204285979270937,-3.14170378601375e-8,1,1.0364626490400042e-7,-0.25204285979270937,9.238171827519182e-8,-0.9677160978317261],8,0.19442462921142579],[[776,222.69961547851563,47,-0.9577773809432983,-4.9898606135911908e-8,0.2875109016895294,-2.5843213791176823e-8,1,8.746297908146517e-8,-0.2875109016895294,7.63398517733549e-8,-0.9577773809432983],8,0.20967411994934083],[[776,222.69961547851563,47,-0.9315950870513916,-3.089455447025102e-8,0.3634977638721466,-1.519398828975227e-8,1,4.605230685683637e-8,-0.3634977638721466,3.7379120243485889e-8,-0.9315950870513916],8,0.22200489044189454],[[776,222.69961547851563,47,-0.8993962407112122,-2.381359642811276e-8,0.4371342658996582,-1.2279206096366125e-8,1,2.921236053055054e-8,-0.4371342658996582,2.0905826403350148e-8,-0.8993962407112122],8,0.23491215705871583],[[776,222.69961547851563,47,-0.8819378018379211,-4.6461905434114218e-9,0.4713658094406128,-7.750688091334723e-9,1,-4.644873374815006e-9,-0.4713658094406128,-7.74989850071961e-9,-0.8819378018379211],8,0.24737334251403809],[[776,222.69961547851563,47,-0.8819373846054077,1.5289787214101126e-8,0.4713665544986725,-3.2260520921312265e-9,1,-3.8473164210017788e-8,-0.4713665544986725,-3.545157767348428e-8,-0.8819373846054077],8,0.2689507007598877],[[776,222.69961547851563,47,-0.8124858140945435,3.9584890032529077e-8,0.5829809904098511,-3.3390339382322056e-9,1,-7.255435718889203e-8,-0.5829809904098511,-6.089597803793368e-8,-0.8124858140945435],8,0.2857859134674072],[[775.8681640625,222.69961547851563,46.906532287597659,-0.7775532603263855,6.292330567703175e-8,0.628817081451416,-5.2379585113726538e-9,1,-1.0654306947799341e-7,-0.628817081451416,-8.613663027290386e-8,-0.7775532603263855],8,0.31531453132629397],[[775.5579833984375,222.69961547851563,46.65976333618164,-0.7448877096176148,4.292843414077652e-8,0.6671898365020752,-4.898605965308889e-9,1,-6.981122879778923e-8,-0.6671898365020752,-5.5269826049197948e-8,-0.7448877096176148],8,0.3331429958343506],[[775.35791015625,222.69961547851563,46.483482360839847,-0.7249431610107422,2.116509456584481e-8,0.6888086795806885,-2.8599078660818124e-9,1,-3.373703805209516e-8,-0.6888086795806885,-2.6427363408743078e-8,-0.7249431610107422],8,0.34026050567626955],[[775.2605590820313,222.69961547851563,46.39242172241211,-0.7164697647094727,9.809101975122303e-9,0.6976181268692017,-1.6206833652887554e-9,1,-1.5725325042126316e-8,-0.6976181268692017,-1.2397339155256759e-8,-0.7164697647094727],8,0.3493828773498535],[[775.1646728515625,222.69961547851563,46.29981994628906,-0.7091243863105774,-1.7340254787612253e-9,0.7050833702087402,-1.9348493640602983e-10,1,2.264725740275253e-9,-0.7050833702087402,1.4695493710803476e-9,-0.7091243863105774],8,0.35938549041748049],[[775.0225219726563,222.69961547851563,46.159149169921878,-0.7041776776313782,-1.9243540094748824e-8,0.710023820400238,2.1346755474382918e-9,1,2.921976793857084e-8,-0.710023820400238,2.2091578344429764e-8,-0.7041776776313782],8,0.37039875984191897],[[774.928466796875,222.69961547851563,46.064666748046878,-0.697950541973114,-3.10956771443216e-8,0.716145932674408,3.842732798631232e-9,1,4.7165965355588926e-8,-0.716145932674408,3.567146933391996e-8,-0.697950541973114],8,0.38976621627807619],[[774.6491088867188,222.69961547851563,45.77848434448242,-0.6954425573348999,-6.617018044607903e-8,0.7185817360877991,9.150559421300386e-9,1,1.0094031921425995e-7,-0.7185817360877991,7.677361679725436e-8,-0.6954425573348999],8,0.4050171375274658],[[774.4635009765625,222.69961547851563,45.58695983886719,-0.6929318308830261,-6.588852841105109e-8,0.7210030555725098,9.379136578502312e-9,1,1.003985090619608e-7,-0.7210030555725098,7.633170895360309e-8,-0.6929318308830261],8,0.4194011688232422],[[774.232421875,222.69961547851563,45.34672546386719,-0.6891407370567322,-3.583805963103259e-8,0.7246275544166565,5.136405079042561e-9,1,5.434207395182966e-8,-0.7246275544166565,4.117131879866065e-8,-0.6891407370567322],8,0.4409914016723633],[[774.094482421875,222.69961547851563,45.20193862915039,-0.6866083145141602,-1.7727140644296925e-8,0.7270275354385376,2.496622464320808e-9,1,2.674086196918779e-8,-0.7270275354385376,2.017561051559369e-8,-0.6866083145141602],8,0.453139066696167],[[774.0028686523438,222.69961547851563,45.1050910949707,-0.6853410005569458,-5.599185115556793e-9,0.7282222509384155,7.056790152226711e-10,1,8.352966318625477e-9,-0.7282222509384155,6.238521699231114e-9,-0.6853410005569458],8,0.4627726078033447],[[773.86572265625,222.69961547851563,44.95950698852539,-0.6840708255767822,1.262480608943406e-8,0.7294155955314636,-2.0273416279081859e-9,1,-1.9209421608934464e-8,-0.7294155955314636,-1.4619378596592015e-8,-0.6840708255767822],8,0.47422122955322268],[[773.7744750976563,222.69961547851563,44.86229705810547,-0.6827969551086426,2.4800371534183797e-8,0.7306081652641296,-3.880427090763305e-9,1,-3.757132205350899e-8,-0.7306081652641296,-2.8488656766967325e-8,-0.6827969551086426],8,0.4848670959472656],[[773.6378784179688,222.69961547851563,44.71622848510742,-0.6827969551086426,4.301574563214672e-8,0.7306081652641296,-6.658573692419623e-9,1,-6.509946359756214e-8,-0.7306081652641296,-4.931452224354871e-8,-0.6827969551086426],8,0.4947693347930908],[[773.5012817382813,222.69961547851563,44.57011032104492,-0.6827969551086426,6.121943840753375e-8,0.7306081652641296,-9.43494349314733e-9,1,-9.260995881277268e-8,-0.7306081652641296,-7.012704372755252e-8,-0.6827969551086426],8,0.5079982280731201],[[773.3646850585938,222.69961547851563,44.42399215698242,-0.6827969551086426,6.797088047960642e-8,0.7306081652641296,-1.0452753329559528e-8,1,-1.0280201223622498e-7,-0.7306081652641296,-7.782976751968818e-8,-0.6827969551086426],8,0.524324893951416],[[773.2280883789063,222.69961547851563,44.27787399291992,-0.6904160380363464,5.102479150309591e-8,0.7234125137329102,-8.213361546438592e-9,1,-7.837219584416744e-8,-0.7234125137329102,-6.005107167084134e-8,-0.6904160380363464],8,0.5352439880371094],[[773.0902709960938,222.69961547851563,44.13291931152344,-0.6954576373100281,3.4487253941506427e-8,0.7185670733451843,-6.146173792132004e-9,1,-5.3942990518862646e-8,-0.7185670733451843,-4.193150360265463e-8,-0.6954576373100281],8,0.5470240116119385],[[772.951416015625,222.69961547851563,43.98900604248047,-0.7152710556983948,1.7195665336089406e-8,0.6988471746444702,-4.763518912653808e-9,1,-2.9481228125405324e-8,-0.6988471746444702,-2.4416040744767998e-8,-0.7152710556983948],8,0.5577352046966553],[[772.8567504882813,222.69961547851563,43.8951416015625,-0.7285662293434143,5.991734663979287e-9,0.6849753260612488,-4.155575439312997e-9,1,-1.3167403167813064e-8,-0.6849753260612488,-1.2439792307361586e-8,-0.7285662293434143],8,0.5682110786437988],[[772.711669921875,222.69961547851563,43.75751495361328,-0.7600520849227905,-1.069031529965514e-8,0.6498621106147766,-4.398322595022819e-9,1,1.1306029890079117e-8,-0.6498621106147766,5.734868580020702e-9,-0.7600520849227905],8,0.5791051387786865],[[772.5609130859375,222.69961547851563,43.62617874145508,-0.7768139243125916,-2.6614966230908977e-8,0.629730224609375,-5.2814792539379599e-9,1,3.5749021520814497e-8,-0.629730224609375,2.4444430479775293e-8,-0.7768139243125916],8,0.5909841060638428],[[772.4579467773438,222.69961547851563,43.54145812988281,-0.7930391430854797,-3.6678976300663638e-8,0.60917067527771,-6.2962559610468819e-9,1,5.201464858828331e-8,-0.60917067527771,3.7414157105786219e-8,-0.7930391430854797],8,0.6016309261322022],[[772.300048828125,222.71046447753907,43.41872787475586,-0.8218770623207092,-5.0867040357616136e-8,0.5696648955345154,-9.008160439805124e-9,1,7.629650156104617e-8,-0.5696648955345154,5.757471299716599e-8,-0.8218770623207092],8,0.6121344566345215],[[772.1368408203125,222.72293090820313,43.30324935913086,-0.836521565914154,-6.539205088529343e-8,0.5479340553283691,-1.235323665582655e-8,1,1.0048345444602092e-7,-0.5479340553283691,7.728781525884188e-8,-0.836521565914154],8,0.6253547668457031],[[771.9701538085938,222.74307250976563,43.19275665283203,-0.8578546047210693,-6.718485678902653e-8,0.5138925313949585,-1.4214986521210449e-8,1,1.0700772179461637e-7,-0.5138925313949585,8.449209332184182e-8,-0.8578546047210693],8,0.6373214721679688],[[771.7993774414063,222.77261352539063,43.08864212036133,-0.8666988611221314,-4.8470969460367999e-8,0.49883177876472475,-1.0681925566302653e-8,1,7.860958106675753e-8,-0.49883177876472475,6.280234998712331e-8,-0.8666988611221314],8,0.6501541137695313],[[771.6264038085938,222.8092498779297,42.98823547363281,-0.8811297416687012,-2.9367690501658218e-8,0.47287458181381228,-6.309932132353424e-9,1,5.034700834016803e-8,-0.47287458181381228,4.137844200613472e-8,-0.8811297416687012],8,0.6606879234313965],[[771.5094604492188,222.83070373535157,42.92426300048828,-0.8868440389633179,-1.738787602789671e-8,0.4620688259601593,-3.166857664993472e-9,1,3.1552371382304048e-8,-0.4620688259601593,2.651872677006395e-8,-0.8868440389633179],8,0.6742126941680908],[[771.2733154296875,222.8610382080078,42.800472259521487,-0.8978778719902039,6.1947513785298728e-9,0.44024455547332766,4.031972977713849e-9,1,-5.84795856184428e-9,-0.44024455547332766,-3.4756983957606737e-9,-0.8978778719902039],8,0.6852920055389404],[[771.0941772460938,222.8590087890625,42.711585998535159,-0.9031970500946045,2.3335628540621657e-8,0.42922621965408327,9.769590469943524e-9,1,-3.38091261653517e-8,-0.42922621965408327,-2.63429384972369e-8,-0.9031970500946045],8,0.699199914932251],[[770.9137573242188,222.82632446289063,42.62527847290039,-0.9134210348129273,3.9857461331394009e-8,0.4070160388946533,1.618498934874424e-8,1,-6.160384202757996e-8,-0.4070160388946533,-4.968269351479648e-8,-0.9134210348129273],8,0.7104780673980713],[[770.7315063476563,222.76296997070313,42.54301071166992,-0.9169371128082275,5.658436208477724e-8,0.39903178811073305,2.283835875971363e-8,1,-8.932376971415579e-8,-0.39903178811073305,-7.279104607960108e-8,-0.9169371128082275],8,0.7234673500061035],[[770.609375,222.76736450195313,42.4894905090332,-0.9217449426651001,6.712572542255657e-8,0.3877967298030853,2.7496945165239596e-8,1,-1.0773829473009755e-7,-0.3877967298030853,-8.864400058428146e-8,-0.9217449426651001],8,0.7349386215209961],[[770.4252319335938,222.78700256347657,42.41145706176758,-0.923095166683197,5.2459668609117219e-8,0.38457155227661135,2.160389378502714e-8,1,-8.455440791976798e-8,-0.38457155227661135,-6.974352118049865e-8,-0.923095166683197],8,0.745323657989502],[[770.2406616210938,222.82752990722657,42.33440017700195,-0.924433171749115,3.786916735748491e-8,0.38134413957595827,1.563370410906373e-8,1,-6.140609087879057e-8,-0.38134413957595827,-5.0804004558813179e-8,-0.924433171749115],8,0.7574214935302734],[[770.0557861328125,222.83001708984376,42.257999420166019,-0.924433171749115,2.3531850246172327e-8,0.38134413957595827,9.667345146624485e-9,1,-3.827260997013582e-8,-0.38134413957595827,-3.169388307355803e-8,-0.924433171749115],8,0.7708694934844971],[[769.870849609375,222.7862091064453,42.18172073364258,-0.924433171749115,9.203720452433118e-9,0.38134413957595827,3.7048115686388884e-9,1,-1.5153949206592189e-8,-0.38134413957595827,-1.2596004239640024e-8,-0.924433171749115],8,0.7839183807373047],[[769.624267578125,223.64910888671876,42.080020904541019,-0.9251014590263367,-9.908307063710709e-9,0.3797200620174408,-4.293372324326583e-9,1,1.5633890626531867e-8,-0.3797200620174408,1.2832655826855444e-8,-0.9251014590263367],3,0.7992501258850098],[[769.4393310546875,224.26051330566407,42.00401306152344,-0.8995406031608582,-2.4624711159049185e-8,0.4368371069431305,-8.301139331479135e-9,1,3.9276653041042667e-8,-0.4368371069431305,3.1704697533996298e-8,-0.8995406031608582],5,0.8207874298095703],[[769.1927490234375,225.0280303955078,41.90275192260742,-0.8704966306686401,-4.430730982107889e-8,0.49217432737350466,-1.0247587667322478e-8,1,7.189894546399955e-8,-0.49217432737350466,5.754419518666509e-8,-0.8704966306686401],5,0.8289923667907715],[[769.0078125,225.5679168701172,41.82680892944336,-0.8829983472824097,-5.5268994714197109e-8,0.4693761467933655,-1.0936869188071796e-8,1,9.717528115515961e-8,-0.4693761467933655,8.06721018875578e-8,-0.8829983472824097],5,0.8392999172210693],[[768.884521484375,225.91079711914063,41.776180267333987,-0.8978279232978821,-6.053429757457707e-8,0.44034647941589358,-1.1263590948829006e-8,1,1.1450421766312502e-7,-0.44034647941589358,9.78452021627163e-8,-0.8978279232978821],5,0.8492047786712647],[[768.6995849609375,226.3995819091797,41.70023727416992,-0.8826230764389038,-7.58868026196069e-8,0.4700814187526703,-1.0701442398897143e-8,1,1.4134032255697094e-7,-0.4700814187526703,1.1971968660873245e-7,-0.8826230764389038],5,0.8602392673492432],[[768.5762939453125,226.70840454101563,41.64960861206055,-0.8977704048156738,-7.960269954310206e-8,0.44046372175216677,-1.0228111690935293e-8,1,1.5987743040568604e-7,-0.44046372175216677,1.3902811701882457e-7,-0.8977704048156738],5,0.8717365264892578],[[768.391357421875,227.14608764648438,41.573665618896487,-0.8825977444648743,-6.568009069951586e-8,0.4701288938522339,-2.487245076565614e-9,1,1.3503712636975252e-7,-0.4701288938522339,1.1801414245837805e-7,-0.8825977444648743],5,0.882983922958374],[[768.2064208984375,227.55311584472657,41.49772262573242,-0.8834199905395508,-4.7822300786037889e-8,0.46858200430870058,4.6178665336071848e-9,1,1.1076357253614333e-7,-0.46858200430870058,1.0001460282182961e-7,-0.8834199905395508],5,0.8945126533508301],[[768.0213012695313,227.9294891357422,41.42204284667969,-0.884240984916687,-3.075191656876086e-8,0.4670308828353882,1.111776715134738e-8,1,8.689511332704569e-8,-0.4670308828353882,8.202856349726062e-8,-0.884240984916687],5,0.9056911468505859],[[767.8977661132813,228.1633758544922,41.37179183959961,-0.9008252620697022,-1.7021100973124704e-8,0.434181809425354,1.542175276370017e-8,1,7.119922429410508e-8,-0.434181809425354,7.083390585194138e-8,-0.9008252620697022],5,0.9172980785369873],[[767.7122802734375,228.48866271972657,41.29701232910156,-0.8858619928359985,-3.5119809282946336e-9,0.46394890546798708,2.098276752349193e-8,1,4.7634163280463329e-8,-0.46394890546798708,5.1932225630935139e-8,-0.8858619928359985],5,0.9288756847381592],[[767.4031372070313,228.96266174316407,41.17259216308594,-0.8584323525428772,1.991034714876605e-8,0.5129268169403076,2.8031916343707054e-8,1,8.096976422677926e-9,-0.5129268169403076,2.1329029209482543e-8,-0.8584323525428772],5,0.9511487483978272],[[767.2169799804688,229.20619201660157,41.09952926635742,-0.8930460810661316,3.6043932283291727e-8,0.44996514916419985,3.2405882421926438e-8,1,-1.5787849250159526e-8,-0.44996514916419985,4.82240802845979e-10,-0.8930460810661316],5,0.9607863426208496],[[767.0925903320313,229.3515167236328,41.05153274536133,-0.9126088619232178,4.541002596170074e-8,0.40883374214172366,3.546742632920541e-8,1,-3.1900835750775516e-8,-0.40883374214172366,-1.4612705712124808e-8,-0.9126088619232178],5,0.9722583293914795],[[766.9052124023438,229.54396057128907,40.98163986206055,-0.9015257358551025,5.998007424068419e-8,0.4327254295349121,3.933364567387798e-8,1,-5.666359470524185e-8,-0.4327254295349121,-3.406302084840718e-8,-0.9015257358551025],5,0.9827520847320557],[[766.7172241210938,229.7057342529297,40.913246154785159,-0.9052693843841553,7.369584409389063e-8,0.4248380661010742,4.2828215640611236e-8,1,-8.220725078444957e-8,-0.4248380661010742,-5.622464982479869e-8,-0.9052693843841553],5,0.9934136867523193],[[766.591552734375,229.7965545654297,40.86863327026367,-0.9250059723854065,7.987328842773423e-8,0.379952609539032,4.538929943009862e-8,1,-9.971748227144417e-8,-0.379952609539032,-7.499347987049987e-8,-0.9250059723854065],5,1.0049471855163575],[[766.4021606445313,229.90724182128907,40.80451965332031,-0.9153876304626465,9.551789759143503e-8,0.4025735855102539,4.849080070812306e-8,1,-1.2700787976882567e-7,-0.4025735855102539,-9.674032952489142e-8,-0.9153876304626465],5,1.0156159400939942],[[766.2120971679688,229.98727416992188,40.74232482910156,-0.9229556322097778,1.074131716904958e-7,0.3849063217639923,5.148145731936893e-8,1,-1.5561727195745335e-7,-0.3849063217639923,-1.238122990798729e-7,-0.9229556322097778],5,1.0300066471099854],[[766.0209350585938,230.03665161132813,40.683433532714847,-0.9269376397132874,8.308638399512347e-8,0.37521541118621828,3.565053319221079e-8,1,-1.3336490667370527e-7,-0.37521541118621828,-1.102443150102772e-7,-0.9269376397132874],5,1.043076515197754],[[765.8291015625,230.0553741455078,40.62684631347656,-0.9358332753181458,5.793330615233572e-8,0.35244303941726687,1.9988549482263808e-8,1,-1.1130126154057507e-7,-0.35244303941726687,-9.71146008055257e-8,-0.9358332753181458],5,1.0552036762237549],[[765.6361083984375,230.04342651367188,40.57447052001953,-0.9412590861320496,3.446465868250925e-8,0.3376851975917816,4.646315332479389e-9,1,-8.911042215231646e-8,-0.3376851975917816,-8.230700387912293e-8,-0.9412590861320496],5,1.0667622089385987],[[765.4421997070313,230.00083923339845,40.525428771972659,-0.9514096975326538,1.0342794176665393e-8,0.30792784690856936,-1.0764134472651677e-8,1,-6.684649633825757e-8,-0.30792784690856936,-6.691298182204264e-8,-0.9514096975326538],5,1.0772855281829835],[[765.181884765625,229.8963623046875,40.467803955078128,-0.9464138150215149,-1.713037711681409e-8,0.32295647263526919,-3.039067308918675e-8,1,-3.6016537308114496e-8,-0.32295647263526919,-4.390141228327593e-8,-0.9464138150215149],5,1.09488844871521],[[764.9204711914063,229.7373809814453,40.415279388427737,-0.958623468875885,-4.696509492418954e-8,0.28467708826065066,-5.0252666028427487e-8,1,-4.244433249311896e-9,-0.28467708826065066,-1.8374596066905725e-8,-0.958623468875885],5,1.110718011856079],[[764.6572875976563,229.52391052246095,40.3724365234375,-0.9709804654121399,-7.552299052804301e-8,0.23915879428386689,-7.067180263220507e-8,1,2.8859719947149644e-8,-0.23915879428386689,1.1120442344747517e-8,-0.9709804654121399],5,1.126366376876831],[[764.4586791992188,229.32803344726563,40.349029541015628,-0.9878923296928406,-9.454370797357115e-8,0.1551412045955658,-8.714793864328385e-8,1,5.447250828183314e-8,-0.1551412045955658,4.0292732705893289e-8,-0.9878923296928406],5,1.1417937278747559],[[764.2591552734375,229.10150146484376,40.33579635620117,-0.9950164556503296,-1.1215077933002249e-7,0.09971105307340622,-1.045849273850763e-7,1,8.11049574167555e-8,-0.09971105307340622,7.027249893098997e-8,-0.9950164556503296],5,1.1519675254821778],[[764.1258544921875,228.93345642089845,40.33378601074219,-0.9993204474449158,-1.2039005525821268e-7,0.036859333515167239,-1.1679980360668196e-7,1,9.955754620705193e-8,-0.036859333515167239,9.518473120806448e-8,-0.9993204474449158],5,1.160719633102417],[[763.9259033203125,228.65582275390626,40.33829879760742,-0.9999589920043945,-9.576281456702418e-8,0.009058925323188305,-9.492974584190961e-8,1,9.239161613550096e-8,-0.009058925323188305,9.15278590696289e-8,-0.9999589920043945],5,1.1748054027557374],[[763.7930297851563,228.45370483398438,40.3480339050293,-0.9983509182929993,-7.519689404489327e-8,-0.05740630626678467,-8.036563770019711e-8,1,8.772924076083655e-8,0.05740630626678467,9.21980642942799e-8,-0.9983509182929993],5,1.1838867664337159],[[763.5943603515625,228.12498474121095,40.37116622924805,-0.9955870509147644,-5.065869501663656e-8,-0.09384238719940186,-5.851257611766414e-8,1,8.094070835795719e-8,0.09384238719940186,8.607447909980692e-8,-0.9955870509147644],5,1.1934139728546143],[[763.4630126953125,227.88880920410157,40.39370346069336,-0.9854221940040588,-3.0189724498086437e-8,-0.17012663185596467,-4.386524921073942e-8,1,7.662567469424175e-8,0.17012663185596467,8.297128317735769e-8,-0.9854221940040588],5,1.2041094303131104],[[763.2682495117188,227.50900268554688,40.43867111206055,-0.9819965958595276,-8.332619927386986e-9,-0.18889854848384858,-2.1929031035483605e-8,1,6.988732081936178e-8,0.18889854848384858,7.277147773265824e-8,-0.9819965958595276],5,1.2154486179351807],[[763.1399536132813,227.23875427246095,40.47496032714844,-0.9602944850921631,1.1528084264966765e-8,-0.2789882719516754,-7.106442989623929e-9,1,6.578184752470406e-8,0.2789882719516754,6.515256245620549e-8,-0.9602944850921631],5,1.2264294624328614],[[762.9511108398438,226.80784606933595,40.54054641723633,-0.9272056818008423,3.734807663136053e-8,-0.37455254793167117,1.5597381164411673e-8,1,6.110249017865499e-8,0.37455254793167117,5.0812538177069658e-8,-0.9272056818008423],5,1.2370250225067139],[[762.8286743164063,226.5035400390625,40.592472076416019,-0.8812292814254761,5.496359634094006e-8,-0.47268906235694888,3.095682288289936e-8,1,5.856606222209848e-8,0.47268906235694888,3.6977176876007437e-8,-0.8812292814254761],5,1.246894121170044],[[762.6531982421875,226.02154541015626,40.687042236328128,-0.8598209023475647,7.460600670583517e-8,-0.5105957388877869,5.418041837401688e-8,1,5.4878157129678587e-8,0.5105957388877869,1.9521094074548274e-8,-0.8598209023475647],5,1.2582035064697266],[[762.4879150390625,225.50889587402345,40.77003479003906,-0.7694483995437622,-0.000009572111594025046,-0.6387090086936951,-0.0000013529585203286843,1,-0.000013356755516724661,0.6387090086936951,-0.000009413186489837244,-0.7694483995437622],5,1.2695527076721192],[[762.3353881835938,224.965576171875,40.87868881225586,-0.7155189514160156,-0.000005793938271381194,-0.6985933780670166,-0.00000191356343748339,1,-0.000006333795226964867,0.6985933780670166,-0.0000031951476557878779,-0.7155189514160156],5,1.2810757160186768],[[762.2281494140625,224.58633422851563,40.94521713256836,-0.5618561506271362,-0.000022430223907576875,-0.8272349834442139,-0.0000034941269859700698,1,-0.000024741491870372557,0.8272349834442139,-0.000011010695743607357,-0.5618561506271362],5,1.2916953563690186],[[762.0909423828125,223.99192810058595,41.06760025024414,-0.514648973941803,-0.000012580892871483229,-0.8574009537696838,-0.000004004301899840357,1,-0.000012269735634617973,0.8574009537696838,-0.000002881314230762655,-0.514648973941803],5,1.302074670791626],[[762.0073852539063,223.57862854003907,41.15873336791992,-0.4045163691043854,-0.000007052905402815668,-0.9145307540893555,-0.000003715301318152342,1,-0.0000060686920733132869,0.9145307540893555,9.428720204596175e-7,-0.4045163691043854],5,1.3133583068847657],[[761.8956298828125,222.93313598632813,41.30810546875,-0.2615354657173157,-0.000001721313310554251,-0.9651938676834106,-0.000002735055204539094,1,-0.0000010422770628792933,0.9651938676834106,0.0000023672660063311925,-0.2615354657173157],5,1.335019826889038],[[761.7507934570313,221.78916931152345,41.58413314819336,-0.1576593965291977,6.022395950822101e-7,-0.9874935746192932,-7.589271717733936e-7,1,7.310342766686517e-7,0.9874935746192932,8.646900937492319e-7,-0.1576593965291977],5,1.343468189239502],[[761.708984375,221.65599060058595,41.63502502441406,0.12973839044570924,-0.09419696778059006,-0.9870637655258179,0.09440471231937409,0.9921285510063171,-0.08227187395095825,0.9870439171791077,-0.08250965178012848,0.1376098096370697],5,1.3543236255645753],[[761.71630859375,221.6598663330078,41.68290710449219,0.1513383984565735,-0.15232506394386292,-0.9766748547554016,0.14888721704483033,0.9802956581115723,-0.12981930375099183,0.9772048592567444,-0.1257677525281906,0.17103561758995057],5,1.3745675086975098],[[761.725830078125,222.2833709716797,41.905792236328128,0.2481946349143982,-0.015750080347061158,-0.9685821533203125,0.013896560296416283,0.9998227953910828,-0.01269715465605259,0.9686105251312256,-0.010308594442903996,0.24836952984333039],7,1.3828983306884766],[[761.7139892578125,222.60440063476563,42.02641677856445,0.28878602385520937,0.02538195066154003,-0.9570571780204773,-0.038444310426712039,0.9991496801376343,0.014897947199642659,0.9566214680671692,0.032491084188222888,0.28951624035835268],7,1.391819715499878],[[761.7081298828125,222.97947692871095,42.202049255371097,0.3297186493873596,0.021040914580225946,-0.943844735622406,-0.045726221054792407,0.9989341497421265,0.0062952106818556789,0.9429712295532227,0.041082803159952167,0.3303293287754059],7,1.409806728363037],[[761.69384765625,223.22711181640626,42.381038665771487,0.35350513458251955,0.013095501810312271,-0.9353408813476563,-0.023623639717698098,0.9997080564498901,0.005068313796073198,0.93513423204422,0.0203044805675745,0.3537113070487976],8,1.4175403118133546],[[761.7224731445313,223.8895721435547,42.563297271728519,0.3762904703617096,-0.009044797159731388,-0.9264575839042664,0.005216638091951609,0.9999572038650513,-0.0076435646042227749,0.9264870285987854,-0.0019567932467907669,0.37632155418395998],3,1.429352045059204],[[761.7440795898438,224.99362182617188,42.86692428588867,0.3817601203918457,-0.0482003316283226,-0.9230037331581116,0.05345537140965462,0.9981191158294678,-0.030013466253876687,0.922714352607727,-0.03788156434893608,0.38361862301826479],3,1.4552462100982667],[[761.7386474609375,225.65603637695313,43.04903793334961,0.41370004415512087,-0.07476206123828888,-0.9073383808135986,0.08278169482946396,0.9955830574035645,-0.044288937002420428,0.9066418409347534,-0.056788671761751178,0.4180617034435272],3,1.4628422260284424],[[761.6382446289063,226.29327392578126,43.23666000366211,0.35943129658699038,-0.05111953243613243,-0.9317703247070313,0.057507604360580447,0.9978139996528626,-0.03255926072597504,0.9313979148864746,-0.04188106209039688,0.3615853190422058],5,1.4798603057861329],[[761.6685180664063,226.89971923828126,43.42433547973633,0.3522794544696808,-0.024527275934815408,-0.935573399066925,0.023919779807329179,0.9995659589767456,-0.01719820313155651,0.9355891346931458,-0.016320135444402696,0.3527132272720337],5,1.4863324165344239],[[761.662841796875,227.28213500976563,43.54499435424805,0.372988224029541,-0.020816633477807046,-0.9276025295257568,0.011854173615574837,0.9997736215591431,-0.017669694498181344,0.9277603626251221,-0.004405373241752386,0.3731505572795868],5,1.494382619857788],[[761.6973876953125,227.8290557861328,43.7242546081543,0.3450257480144501,-0.011733679100871086,-0.9385198950767517,0.001879316521808505,0.9999284744262695,-0.011810540221631527,0.9385913610458374,0.002311164513230324,0.34502312541007998],5,1.5086390972137452],[[761.7032470703125,228.3409423828125,43.902000427246097,0.3443870544433594,-0.010280836373567582,-0.9387714862823486,-0.0000973641435848549,0.9999396204948425,-0.010986429639160633,0.9388277530670166,0.0038749866653233768,0.34436526894569399],5,1.5294826030731202],[[761.771240234375,229.11761474609376,44.19789505004883,0.2675067186355591,-0.005044258199632168,-0.9635428190231323,-0.000990414759144187,0.9999843239784241,-0.005510000977665186,0.9635555148124695,0.0024282692465931179,0.2674975097179413],5,1.548403263092041],[[761.737548828125,230.29522705078126,44.7072639465332,0.1326839178800583,-0.0008412794559262693,-0.9911580681800842,-0.00014544150326400995,0.9999995827674866,-0.0008682539337314665,0.9911583662033081,0.0002593588433228433,0.13268373906612397],5,1.5850136280059815],[[761.6791381835938,230.73004150390626,44.937896728515628,0.27131736278533938,-0.0005436195060610771,-0.9624897837638855,-0.00007713444210821763,0.9999998211860657,-0.0005865488783456385,0.9624899625778198,0.00023338201572187245,0.2713172733783722],5,1.5925712585449219],[[761.665283203125,230.92701721191407,45.0498161315918,0.32667627930641177,-0.000150658015627414,-0.945136308670044,-0.000115660295705311,1,-0.0001993802288779989,0.945136308670044,0.0001744475302984938,0.32667624950408938],5,1.6038644313812256],[[761.6657104492188,231.19692993164063,45.22242736816406,0.28508612513542178,0.00003373175786691718,-0.9585018754005432,-0.00007784727495163679,1,0.000012038140084769111,0.9585018754005432,0.00007118485518731177,0.28508612513542178],5,1.6213045120239258],[[761.688232421875,231.43618774414063,45.398597717285159,0.25818848609924319,0.00005701599002350122,-0.9660945534706116,-0.00003107129305135459,1,0.00005071319537819363,0.9660945534706116,0.00001692424302746076,0.25818848609924319],5,1.628798007965088],[[761.7325439453125,231.64479064941407,45.57944107055664,0.24297285079956056,0.000035124638088745999,-0.9700331091880798,-0.0000041879470700223468,1,0.00003516073775244877,0.9700331091880798,-0.000004480657935346244,0.24297285079956056],5,1.6392560005187989],[[761.7734985351563,231.76681518554688,45.70344543457031,0.25662851333618166,0.00001965092269529123,-0.9665101170539856,0.000003406818223083974,1,0.000021236415705061519,0.9665101170539856,-0.000008742594218347222,0.25662851333618166],5,1.6568119525909424],[[761.8803100585938,232.0122833251953,46.01872253417969,0.07915224879980087,0.0000014361762623593677,-0.996862530708313,0.000003741804903256707,1,0.0000017378007441948285,0.996862530708313,-0.000003867615760100307,0.07915224879980087],5,1.6700713634490967],[[761.8643798828125,232.14735412597657,46.17559814453125,0.16686534881591798,-0.000053468564146896827,-0.9859796762466431,0.000006375820703397039,1,-0.00005314984082360752,0.9859796762466431,0.0000025824376734817635,0.16686534881591798],5,1.6854767799377442],[[761.8667602539063,232.212890625,46.24917984008789,0.11720646172761917,-0.000022084976080805064,-0.9931075572967529,0.0000027004664389096435,1,-0.000021919544451520779,0.9931075572967529,-1.127414464008325e-7,0.11720646172761917],5,1.70640230178833],[[761.8690795898438,232.2539825439453,46.32218933105469,-0.050356827676296237,-7.448314249813848e-7,-0.9987313151359558,0.0000013970677628094564,1,-8.16218857835338e-7,0.9987313151359558,-0.000001436397496945574,-0.050356827676296237],5,1.7177491188049317],[[761.8694458007813,232.24658203125,46.334022521972659,-0.11207660287618637,0.0000010920811064352166,-0.9936995506286621,8.633435868432571e-7,1,0.0000010016311762228725,0.9936995506286621,-7.456447406184452e-7,-0.11207660287618637],5,1.727663516998291],[[761.8528442382813,232.22555541992188,46.36046600341797,-0.17255021631717683,0.0000014281241647040588,-0.985000729560852,4.86164992707927e-7,1,0.0000013647058949572966,0.985000729560852,-2.433925772038492e-7,-0.17255021631717683],5,1.7374546527862549],[[761.778564453125,232.19090270996095,46.4062385559082,-0.2846263647079468,-0.0012322172988206149,-0.9586377143859863,-0.00024392468912992626,0.9999992251396179,-0.0012129597598686815,0.9586384892463684,-0.00011140492279082537,-0.28462645411491396],5,1.7461800575256348],[[761.6746215820313,232.11337280273438,46.50265121459961,-0.338606595993042,-0.0012922673486173154,-0.9409271478652954,-0.0002752705186139792,0.9999991655349731,-0.0012743365950882435,0.9409279823303223,-0.00017248924996238202,-0.33860665559768679],5,1.7572102546691895],[[761.60693359375,232.04466247558595,46.57505416870117,-0.38984939455986025,-0.0007540796650573611,-0.9208782911300659,-0.00014876523346174508,0.9999997019767761,-0.0007558907382190228,0.9208785891532898,-0.00015768887533340603,-0.38984939455986025],5,1.767075777053833],[[761.51806640625,231.91603088378907,46.67005920410156,-0.4375518560409546,-0.00023590002092532814,-0.8991931676864624,-0.00002685166873561684,0.9999999403953552,-0.000249280157731846,0.8991931676864624,-0.00008492816414218396,-0.4375518560409546],5,1.778592824935913],[[761.4443969726563,231.7567596435547,46.74875259399414,-0.5336520671844482,-0.000018266873667016627,-0.8457041382789612,0.000023574648366775365,1,-0.000036475561500992629,0.8457041382789612,-0.00003940243550459854,-0.5336520671844482],5,1.788675308227539],[[761.385986328125,231.56683349609376,46.81113052368164,-0.5800701975822449,0.000032685631595086309,-0.8145664930343628,0.000025154935428872706,1,0.00002221304748672992,0.8145664930343628,-0.0000076052406257076658,-0.5800701975822449],5,1.803715705871582],[[761.3427734375,231.3462371826172,46.85719680786133,-0.6699162721633911,0.00002754566776275169,-0.7424367070198059,0.000014839022696833127,1,0.00002371214395679999,0.7424367070198059,0.000004868116320722038,-0.6699162721633911],5,1.817701816558838],[[761.3148803710938,231.09498596191407,46.886959075927737,-0.7520236372947693,0.000013084391866868828,-0.6591361165046692,0.000005651231731462758,1,0.000013403197954175994,0.6591361165046692,0.000006354590823320905,-0.7520236372947693],5,1.8286066055297852],[[761.30224609375,230.81309509277345,46.900413513183597,-0.7876777648925781,0.000004033730419905623,-0.6160874366760254,0.0000010085384474223247,1,0.000005257901193544967,0.6160874366760254,0.000003520184009175864,-0.7876777648925781],5,1.8398878574371338],[[761.3009643554688,230.60812377929688,46.90179443359375,-0.8178582191467285,0.0000010779469903354766,-0.5754197835922241,-2.3580633978781408e-7,1,0.000002208480054832762,0.5754197835922241,0.000001941911250469275,-0.8178582191467285],5,1.8509252071380616],[[761.30078125,230.27513122558595,46.902008056640628,-0.8596237301826477,-5.11544271830644e-7,-0.5109276175498962,-7.020795464995899e-7,1,1.8002548074491643e-7,0.5109276175498962,5.134660341354902e-7,-0.8596237301826477],5,1.8601410388946534],[[761.30078125,230.03610229492188,46.90201950073242,-0.874412477016449,-6.213160759216407e-7,-0.48518329858779909,-5.779991170129506e-7,1,-2.3889208478067305e-7,0.48518329858779909,7.154528702812968e-8,-0.874412477016449],5,1.8708627223968506],[[761.30078125,229.65200805664063,46.90201950073242,-0.8860095739364624,-3.9922633732203396e-7,-0.4636668860912323,-2.94155086066894e-7,1,-2.989260394770099e-7,0.4636668860912323,-1.2846136598909653e-7,-0.8860095739364624],5,1.881779670715332],[[761.30078125,229.23727416992188,46.90201950073242,-0.903164803981781,-1.5173878864516156e-7,-0.4292939305305481,-7.917059008377692e-8,1,-1.8689920011638606e-7,0.4292939305305481,-1.348133338296975e-7,-0.903164803981781],5,1.8932247161865235],[[761.30078125,228.94374084472657,46.90201950073242,-0.9105278253555298,-4.232060391018422e-8,-0.4134477972984314,2.7070881092328138e-9,1,-1.0832197716581504e-7,0.4134477972984314,-9.974941406198923e-8,-0.9105278253555298],5,1.9053938388824463],[[761.30078125,228.4779052734375,46.90201950073242,-0.9250816702842712,6.502078520043142e-8,-0.3797682523727417,7.606828944517474e-8,1,-1.4083838983935948e-8,0.3797682523727417,-4.191702274169984e-8,-0.9250816702842712],5,1.9168078899383546],[[761.30078125,227.98141479492188,46.90201950073242,-0.9328341484069824,1.0914752834878527e-7,-0.3603059947490692,1.0016442075766463e-7,1,4.360386185453535e-8,0.3603059947490692,4.58533033764752e-9,-0.9328341484069824],5,1.927201747894287],[[761.30078125,227.6333770751953,46.90201950073242,-0.9401785135269165,1.2113238767597068e-7,-0.3406822681427002,1.0408286499341557e-7,1,6.832146226543046e-8,0.3406822681427002,2.8775181348805746e-8,-0.9401785135269165],5,1.9380896091461182],[[761.30078125,226.7036895751953,46.90201950073242,-0.9616708755493164,1.0728543742288821e-7,-0.27420639991760256,8.357456238172745e-8,1,9.815313006811266e-8,0.27420639991760256,7.147432512510932e-8,-0.9616708755493164],5,1.9587228298187256],[[761.30078125,226.10501098632813,46.90201950073242,-0.967208743095398,9.884384866154505e-8,-0.2539828419685364,7.165775883777315e-8,1,1.1629068552565514e-7,0.2539828419685364,9.42775244539007e-8,-0.967208743095398],5,1.9683573246002198],[[761.30078125,225.68885803222657,46.90201950073242,-0.9754910469055176,9.087953856123932e-8,-0.2200392484664917,6.414450126612792e-8,1,1.2864593657013757e-7,0.2200392484664917,1.1137865385535406e-7,-0.9754910469055176],5,1.9779322147369385],[[761.30078125,225.2590789794922,46.90201950073242,-0.9777428507804871,8.509911708642903e-8,-0.20980681478977204,5.676425729461698e-8,1,1.4107391166362505e-7,0.20980681478977204,1.2602448862253369e-7,-0.9777428507804871],5,1.9878780841827393],[[761.30078125,224.815673828125,46.90201950073242,-0.9791849255561829,7.960996128986153e-8,-0.20297017693519593,4.947413856370986e-8,1,1.5354783045040677e-7,0.20297017693519593,1.403099503249905e-7,-0.9791849255561829],5,1.9970276355743409],[[761.30078125,224.358642578125,46.90201950073242,-0.9791849255561829,7.500538856675121e-8,-0.20297017693519593,4.218713556269904e-8,1,1.6601642016667029e-7,0.20297017693519593,1.5399804453863909e-7,-0.9791849255561829],5,2.0060489177703859],[[761.30078125,223.64755249023438,46.90201950073242,-0.9798872470855713,3.9920166727824838e-8,-0.19955208897590638,1.7114777151050477e-8,1,1.1600789662224997e-7,0.19955208897590638,1.102593643054206e-7,-0.9798872470855713],7,2.0171241760253908],[[761.30078125,223.44053649902345,46.90201950073242,-0.9788264632225037,5.973003869286231e-9,-0.2046918272972107,-7.678897517848782e-9,1,6.590059342670429e-8,0.2046918272972107,6.607704960970296e-8,-0.9788264632225037],7,2.027242422103882],[[761.30078125,223.47885131835938,46.90201950073242,-0.977002739906311,-2.795367315400199e-8,-0.21322666108608247,-3.2018711237924438e-8,1,1.5611060888431895e-8,0.21322666108608247,2.207929128417163e-8,-0.977002739906311],7,2.041280508041382],[[761.30078125,223.5242156982422,46.90201950073242,-0.9731271862983704,-5.055335705606012e-8,-0.23026834428310395,-4.764851979643936e-8,1,-1.8175697391598079e-8,0.23026834428310395,-6.715318967565054e-9,-0.9731271862983704],7,2.0511057376861574],[[761.30078125,223.56529235839845,46.90201950073242,-0.971495509147644,-7.357900244642224e-8,-0