[[[775.4419555664063,222.69961547851563,47,0.9134166240692139,0,0.40702593326568606,0,1,0,-0.40702593326568606,0,0.9134166240692139],8,0.006038665771484375],[[775.2420043945313,222.69961547851563,47,0.8569348454475403,0,0.5154247283935547,0,1,0,-0.5154247283935547,0,0.8569348454475403],8,0.02253270149230957],[[775.0420532226563,222.69961547851563,47,0.7958548069000244,0,0.6054874658584595,0,1,0,-0.6054874658584595,0,0.7958548069000244],8,0.029387235641479493],[[774.9087524414063,222.69961547851563,47,0.7544138431549072,0,0.6563990712165833,0,1,0,-0.6563990712165833,0,0.7544138431549072],8,0.0369870662689209],[[774.7088012695313,222.69961547851563,47,0.6926003098487854,0,0.7213215827941895,0,1,0,-0.7213215827941895,0,0.6926003098487854],8,0.05127286911010742],[[774.5088500976563,222.69961547851563,47,0.632229208946228,0,0.7747814059257507,0,1,0,-0.7747814059257507,0,0.632229208946228],8,0.07000946998596192],[[774.2496337890625,222.69961547851563,46.82101821899414,0.6152015924453735,0,0.7883698344230652,0,1,0,-0.7883698344230652,0,0.6152015924453735],8,0.0819399356842041],[[774.1551513671875,222.69961547851563,46.727176666259769,0.6196598410606384,0,0.7848705053329468,0,1,0,-0.7848705053329468,0,0.6196598410606384],8,0.09987330436706543],[[773.9666137695313,222.69961547851563,46.5386848449707,0.6311244964599609,0,0.7756815552711487,0,1,0,-0.7756815552711487,0,0.6311244964599609],8,0.10727095603942871],[[773.8723754882813,222.69961547851563,46.44440460205078,0.6366900205612183,0,0.7711198329925537,0,1,0,-0.7711198329925537,0,0.6366900205612183],8,0.11777281761169434],[[773.7310180664063,222.69961547851563,46.302978515625,0.6443219780921936,0,0.7647543549537659,0,1,0,-0.7647543549537659,0,0.6443219780921936],8,0.12839365005493165],[[773.6367797851563,222.69961547851563,46.20869445800781,0.6489413976669312,0,0.7608383893966675,0,1,0,-0.7608383893966675,0,0.6489413976669312],8,0.1403052806854248],[[773.4483032226563,222.69961547851563,46.02012634277344,-0.028814030811190606,0,0.9995847940444946,0,1,0,-0.9995847940444946,0,-0.028814030811190606],8,0.15592265129089356],[[773.3069458007813,222.69961547851563,45.878700256347659,-0.011280467733740807,0,0.9999364018440247,0,1,0,-0.9999364018440247,0,-0.011280467733740807],8,0.17675328254699708],[[773.1184692382813,222.69961547851563,45.69013214111328,-0.002467378508299589,0,0.9999969601631165,0,1,0,-0.9999969601631165,0,-0.002467378508299589],8,0.18364667892456056],[[772.9771118164063,222.69961547851563,45.5487060546875,0.0032348264940083029,0,0.9999947547912598,0,1,0,-0.9999947547912598,0,0.0032348264940083029],8,0.19719266891479493],[[772.7420654296875,222.69961547851563,45.312278747558597,0.006927243433892727,0,0.9999759793281555,0,1,0,-0.9999759793281555,0,0.006927243433892727],8,0.22291803359985352],[[772.5547485351563,222.69961547851563,45.122501373291019,0.010476326569914818,0,0.9999451041221619,0,1,0,-0.9999451041221619,0,0.010476326569914818],8,0.23149442672729493],[[772.4613647460938,222.69961547851563,45.02732467651367,0.010479812510311604,0,0.9999451041221619,0,1,0,-0.9999451041221619,0,0.010479812510311604],8,0.24135899543762208],[[772.3681030273438,222.69961547851563,44.932071685791019,0.01222660019993782,0,0.9999252557754517,0,1,0,-0.9999252557754517,0,0.01222660019993782],8,0.25085926055908205],[[772.2283935546875,222.69961547851563,44.788978576660159,0.015719758346676828,0,0.9998764395713806,0,1,0,-0.9998764395713806,0,0.015719758346676828],8,0.26299357414245608],[[772.089111328125,222.69961547851563,44.64544677734375,0.017466282472014428,0,0.9998474717140198,0,1,0,-0.9998474717140198,0,0.017466282472014428],8,0.27474045753479006],[[771.9964599609375,222.69961547851563,44.54957962036133,0.019212760031223298,0,0.9998154044151306,0,1,0,-0.9998154044151306,0,0.019212760031223298],8,0.28494763374328616],[[771.8115234375,222.69961547851563,44.357486724853519,0.024451708421111108,0,0.9997010231018066,0,1,0,-0.9997010231018066,0,0.024451708421111108],8,0.29923439025878909],[[771.6734619140625,222.69961547851563,44.21278762817383,0.026197804138064386,0,0.9996567964553833,0,1,0,-0.9996567964553833,0,0.026197804138064386],8,0.3166954517364502],[[771.5357666015625,222.69961547851563,44.0677604675293,0.026197804138064386,0,0.9996567964553833,0,1,0,-0.9996567964553833,0,0.026197804138064386],8,0.3234596252441406],[[771.3980712890625,222.69961547851563,43.92268371582031,0.026197804138064386,0,0.9996567964553833,0,1,0,-0.9996567964553833,0,0.026197804138064386],8,0.33597373962402346],[[771.2603759765625,222.69961547851563,43.77760696411133,0.026197804138064386,0,0.9996567964553833,0,1,0,-0.9996567964553833,0,0.026197804138064386],8,0.3501601219177246],[[771.1226806640625,222.69961547851563,43.632530212402347,0.026197804138064386,0,0.9996567964553833,0,1,0,-0.9996567964553833,0,0.026197804138064386],8,0.36265015602111819],[[770.9849853515625,222.69961547851563,43.48745346069336,0.026197804138064386,0,0.9996567964553833,0,1,0,-0.9996567964553833,0,0.026197804138064386],8,0.3764150142669678],[[770.8472900390625,222.69961547851563,43.342376708984378,0.027943817898631097,0,0.9996094703674316,0,1,0,-0.9996094703674316,0,0.027943817898631097],8,0.3857593536376953],[[770.755615234375,222.69961547851563,43.245540618896487,0.027943937107920648,0,0.9996094703674316,0,1,0,-0.9996094703674316,0,0.027943937107920648],8,0.39547276496887209],[[770.6640014648438,222.69961547851563,43.14866638183594,0.027943817898631097,0,0.9996094703674316,0,1,0,-0.9996094703674316,0,0.027943817898631097],8,0.4043898582458496],[[770.5724487304688,222.69961547851563,43.051788330078128,0.027943698689341546,0,0.9996094703674316,0,1,0,-0.9996094703674316,0,0.027943698689341546],8,0.41462254524230959],[[770.4808959960938,222.69961547851563,42.95491027832031,0.026197806000709535,0,0.9996567964553833,0,1,0,-0.9996567964553833,0,0.026197806000709535],8,0.42454981803894045],[[770.34326171875,222.69961547851563,42.80978775024414,0.024451591074466707,0,0.9997010231018066,0,1,0,-0.9997010231018066,0,0.024451591074466707],8,0.43522000312805178],[[770.2053833007813,222.69961547851563,42.6649055480957,0.024451591074466707,0,0.9997010231018066,0,1,0,-0.9997010231018066,0,0.024451591074466707],8,0.445192813873291],[[770.159423828125,222.69961547851563,42.61662673950195,0.024451591074466707,0,0.9997010231018066,0,1,0,-0.9997010231018066,0,0.024451591074466707],8,0.4523475170135498],[[770.0215454101563,222.69961547851563,42.4717903137207,0.024451591074466707,0,0.9997010231018066,0,1,0,-0.9997010231018066,0,0.024451591074466707],8,0.46645569801330569],[[769.8836669921875,222.69961547851563,42.32695388793945,0.024451591074466707,0,0.9997010231018066,0,1,0,-0.9997010231018066,0,0.024451591074466707],8,0.47666406631469729],[[769.8178100585938,222.69961547851563,42.1543083190918,0.024451591074466707,0,0.9997010231018066,0,1,0,-0.9997010231018066,0,0.024451591074466707],8,0.48999834060668948],[[769.816162109375,222.69961547851563,41.956905364990237,0.024451591074466707,0,0.9997010231018066,0,1,0,-0.9997010231018066,0,0.024451591074466707],8,0.5091762542724609],[[769.8223266601563,222.69961547851563,41.69045639038086,0.024451591074466707,0,0.9997010231018066,0,1,0,-0.9997010231018066,0,0.024451591074466707],8,0.5154891014099121],[[769.823974609375,222.69961547851563,41.623809814453128,0.024451591074466707,0,0.9997010231018066,0,1,0,-0.9997010231018066,0,0.024451591074466707],8,0.5238680839538574],[[769.8289184570313,222.69961547851563,41.42387008666992,0.024451591074466707,0,0.9997010231018066,0,1,0,-0.9997010231018066,0,0.024451591074466707],8,0.5339059829711914],[[769.8322143554688,222.69961547851563,41.29057693481445,0.024451591074466707,0,0.9997010231018066,0,1,0,-0.9997010231018066,0,0.024451591074466707],8,0.5443992614746094],[[769.837158203125,222.69961547851563,41.09063720703125,0.024451591074466707,0,0.9997010231018066,0,1,0,-0.9997010231018066,0,0.024451591074466707],8,0.5542209148406982],[[769.8404541015625,222.69961547851563,40.95734405517578,0.024451591074466707,0,0.9997010231018066,0,1,0,-0.9997010231018066,0,0.024451591074466707],8,0.564565896987915],[[769.84375,222.69961547851563,40.82405090332031,0.024451591074466707,0,0.9997010231018066,0,1,0,-0.9997010231018066,0,0.024451591074466707],8,0.5731339454650879],[[769.8486938476563,222.69961547851563,40.62411117553711,0.024451591074466707,0,0.9997010231018066,0,1,0,-0.9997010231018066,0,0.024451591074466707],8,0.5840113162994385],[[769.781494140625,222.69961547851563,40.45198059082031,0.024451591074466707,0,0.9997010231018066,0,1,0,-0.9997010231018066,0,0.024451591074466707],8,0.5964195728302002],[[769.650146484375,222.69961547851563,40.304603576660159,0.024451591074466707,0,0.9997010231018066,0,1,0,-0.9997010231018066,0,0.024451591074466707],8,0.6144678592681885],[[769.4666137695313,222.69961547851563,40.111351013183597,0.022705303505063058,0,0.9997422099113464,0,1,0,-0.9997422099113464,0,0.022705303505063058],8,0.6249191761016846],[[769.3745727539063,222.69961547851563,40.01491165161133,0.022705303505063058,0,0.9997422099113464,0,1,0,-0.9997422099113464,0,0.022705303505063058],8,0.6472747325897217],[[769.1441650390625,222.69961547851563,39.7739143371582,0.020958945155143739,0,0.9997803568840027,0,1,0,-0.9997803568840027,0,0.020958945155143739],8,0.6540608406066895],[[769.0519409179688,222.69961547851563,39.677635192871097,0.020958945155143739,0,0.9997803568840027,0,1,0,-0.9997803568840027,0,0.020958945155143739],8,0.661919116973877],[[768.9596557617188,222.69961547851563,39.58139419555664,0.020958945155143739,0,0.9997803568840027,0,1,0,-0.9997803568840027,0,0.020958945155143739],8,0.6705255508422852],[[768.8673706054688,222.69961547851563,39.48515701293945,0.020958945155143739,0,0.9997803568840027,0,1,0,-0.9997803568840027,0,0.020958945155143739],8,0.6811187267303467],[[768.7750854492188,222.69961547851563,39.388919830322269,0.020958945155143739,0,0.9997803568840027,0,1,0,-0.9997803568840027,0,0.020958945155143739],8,0.6889300346374512],[[768.6366577148438,222.69961547851563,39.244564056396487,0.020958945155143739,0,0.9997803568840027,0,1,0,-0.9997803568840027,0,0.020958945155143739],8,0.6984481811523438],[[768.5905151367188,222.69961547851563,39.19644546508789,0.020958945155143739,0,0.9997803568840027,0,1,0,-0.9997803568840027,0,0.020958945155143739],8,0.7079191207885742],[[768.223876953125,222.69961547851563,39.112186431884769,0.020958945155143739,0,0.9997803568840027,0,1,0,-0.9997803568840027,0,0.020958945155143739],8,0.7303528785705566],[[768.0241088867188,222.69961547851563,39.1076545715332,0.020958945155143739,0,0.9997803568840027,0,1,0,-0.9997803568840027,0,0.020958945155143739],8,0.751220703125],[[767.7575073242188,222.69961547851563,39.10205078125,0.020958945155143739,0,0.9997803568840027,0,1,0,-0.9997803568840027,0,0.020958945155143739],8,0.758556604385376],[[767.6242065429688,222.69961547851563,39.09925842285156,0.020958945155143739,0,0.9997803568840027,0,1,0,-0.9997803568840027,0,0.020958945155143739],8,0.7652981281280518],[[767.4909057617188,222.69961547851563,39.096466064453128,0.020958945155143739,0,0.9997803568840027,0,1,0,-0.9997803568840027,0,0.020958945155143739],8,0.7736713886260986],[[767.3576049804688,222.69961547851563,39.09367370605469,0.020958945155143739,0,0.9997803568840027,0,1,0,-0.9997803568840027,0,0.020958945155143739],8,0.7832143306732178],[[767.2243041992188,222.69961547851563,39.09088134765625,0.020958945155143739,0,0.9997803568840027,0,1,0,-0.9997803568840027,0,0.020958945155143739],8,0.7958025932312012],[[766.9577026367188,222.69961547851563,39.085296630859378,0.020958945155143739,0,0.9997803568840027,0,1,0,-0.9997803568840027,0,0.020958945155143739],8,0.8174850940704346],[[766.6911010742188,222.69961547851563,39.0797119140625,0.020958945155143739,0,0.9997803568840027,0,1,0,-0.9997803568840027,0,0.020958945155143739],8,0.8246469497680664],[[766.5578002929688,222.69961547851563,39.07691955566406,0.020958945155143739,0,0.9997803568840027,0,1,0,-0.9997803568840027,0,0.020958945155143739],8,0.8334288597106934],[[766.4244995117188,222.69961547851563,39.074127197265628,0.022705184295773507,0,0.9997422099113464,0,1,0,-0.9997422099113464,0,0.022705184295773507],8,0.843637228012085],[[766.2245483398438,222.69961547851563,39.06965255737305,0.022705184295773507,0,0.9997422099113464,0,1,0,-0.9997422099113464,0,0.022705184295773507],8,0.8527007102966309],[[766.0912475585938,222.69961547851563,39.066627502441409,0.022705184295773507,0,0.9997422099113464,0,1,0,-0.9997422099113464,0,0.022705184295773507],8,0.8622157573699951],[[765.9579467773438,222.69961547851563,39.0635986328125,0.024451233446598054,0,0.9997010231018066,0,1,0,-0.9997010231018066,0,0.024451233446598054],8,0.8723812103271484],[[765.7579956054688,222.69961547851563,39.058773040771487,0.024451233446598054,0,0.9997010231018066,0,1,0,-0.9997010231018066,0,0.024451233446598054],8,0.8849005699157715],[[765.4913940429688,222.69961547851563,39.0522575378418,0.024451233446598054,0,0.9997010231018066,0,1,0,-0.9997010231018066,0,0.024451233446598054],8,0.9000506401062012],[[765.2914428710938,222.69961547851563,39.04737091064453,0.024451233446598054,0,0.9997010231018066,0,1,0,-0.9997010231018066,0,0.024451233446598054],8,0.9156343936920166],[[765.0248413085938,222.69961547851563,39.040855407714847,0.024451233446598054,0,0.9997010231018066,0,1,0,-0.9997010231018066,0,0.024451233446598054],8,0.9366796016693115],[[764.8248901367188,222.69961547851563,39.03596878051758,0.024451233446598054,0,0.9997010231018066,0,1,0,-0.9997010231018066,0,0.024451233446598054],8,0.9432265758514404],[[764.6915893554688,222.69961547851563,39.032711029052737,0.024451233446598054,0,0.9997010231018066,0,1,0,-0.9997010231018066,0,0.024451233446598054],8,0.9489390850067139],[[764.6249389648438,222.69961547851563,39.03108215332031,0.024451233446598054,0,0.9997010231018066,0,1,0,-0.9997010231018066,0,0.024451233446598054],8,0.956845760345459],[[764.4249877929688,222.69961547851563,39.02619552612305,0.024451233446598054,0,0.9997010231018066,0,1,0,-0.9997010231018066,0,0.024451233446598054],8,0.9650065898895264],[[764.2250366210938,222.69961547851563,39.02130889892578,0.024451233446598054,0,0.9997010231018066,0,1,0,-0.9997010231018066,0,0.024451233446598054],8,0.9790389537811279],[[764.0917358398438,222.69961547851563,39.01805114746094,0.024451233446598054,0,0.9997010231018066,0,1,0,-0.9997010231018066,0,0.024451233446598054],8,0.998213529586792],[[763.8251342773438,222.69961547851563,39.01153564453125,0.024451233446598054,0,0.9997010231018066,0,1,0,-0.9997010231018066,0,0.024451233446598054],8,1.005136489868164],[[763.6918334960938,222.69961547851563,39.008277893066409,0.024451233446598054,0,0.9997010231018066,0,1,0,-0.9997010231018066,0,0.024451233446598054],8,1.0131232738494874],[[763.5585327148438,222.69961547851563,39.00502014160156,0.024451233446598054,0,0.9997010231018066,0,1,0,-0.9997010231018066,0,0.024451233446598054],8,1.0204298496246338],[[763.4252319335938,222.69961547851563,39.00176239013672,0.024451233446598054,0,0.9997010231018066,0,1,0,-0.9997010231018066,0,0.024451233446598054],8,1.0307161808013917],[[763.2919311523438,222.69961547851563,38.998504638671878,0.024451233446598054,0,0.9997010231018066,0,1,0,-0.9997010231018066,0,0.024451233446598054],8,1.0390141010284424],[[763.0919799804688,222.69961547851563,38.99361801147461,0.024451233446598054,0,0.9997010231018066,0,1,0,-0.9997010231018066,0,0.024451233446598054],8,1.0488109588623047],[[762.9586791992188,222.69961547851563,38.990360260009769,0.024451233446598054,0,0.9997010231018066,0,1,0,-0.9997010231018066,0,0.024451233446598054],8,1.0588419437408448],[[762.7587280273438,222.69961547851563,38.9854736328125,0.024451233446598054,0,0.9997010231018066,0,1,0,-0.9997010231018066,0,0.024451233446598054],8,1.073014736175537],[[762.4921264648438,222.69961547851563,38.97895812988281,0.024451233446598054,0,0.9997010231018066,0,1,0,-0.9997010231018066,0,0.024451233446598054],8,1.0969698429107667],[[762.2255249023438,222.69961547851563,38.972442626953128,0.024451233446598054,0,0.9997010231018066,0,1,0,-0.9997010231018066,0,0.024451233446598054],8,1.1064257621765137],[[762.0255737304688,222.69961547851563,38.96755599975586,0.024451233446598054,0,0.9997010231018066,0,1,0,-0.9997010231018066,0,0.024451233446598054],8,1.1152451038360596],[[761.8922729492188,222.69961547851563,38.964298248291019,0.024451233446598054,0,0.9997010231018066,0,1,0,-0.9997010231018066,0,0.024451233446598054],8,1.124527931213379],[[761.7589721679688,222.69961547851563,38.96104049682617,0.024451233446598054,0,0.9997010231018066,0,1,0,-0.9997010231018066,0,0.024451233446598054],8,1.132826805114746],[[761.6256713867188,222.69961547851563,38.95778274536133,0.024451233446598054,0,0.9997010231018066,0,1,0,-0.9997010231018066,0,0.024451233446598054],8,1.1425750255584717],[[761.4923706054688,222.69961547851563,38.954524993896487,0.024451233446598054,0,0.9997010231018066,0,1,0,-0.9997010231018066,0,0.024451233446598054],8,1.1516597270965577],[[761.3590698242188,222.69961547851563,38.95126724243164,0.024451233446598054,0,0.9997010231018066,0,1,0,-0.9997010231018066,0,0.024451233446598054],8,1.160999059677124],[[761.1591186523438,222.69961547851563,38.946380615234378,0.024451233446598054,0,0.9997010231018066,0,1,0,-0.9997010231018066,0,0.024451233446598054],8,1.1714744567871094],[[761.0258178710938,222.69961547851563,38.94312286376953,0.024451233446598054,0,0.9997010231018066,0,1,0,-0.9997010231018066,0,0.024451233446598054],8,1.183577060699463],[[760.7592163085938,222.69961547851563,38.936607360839847,0.024451233446598054,0,0.9997010231018066,0,1,0,-0.9997010231018066,0,0.024451233446598054],8,1.2074201107025147],[[760.4259643554688,222.69961547851563,38.928462982177737,0.024451233446598054,0,0.9997010231018066,0,1,0,-0.9997010231018066,0,0.024451233446598054],8,1.2147941589355469],[[760.2260131835938,222.69961547851563,38.92357635498047,0.024451233446598054,0,0.9997010231018066,0,1,0,-0.9997010231018066,0,0.024451233446598054],8,1.2304086685180665],[[760.0927124023438,222.69961547851563,38.920318603515628,0.024451233446598054,0,0.9997010231018066,0,1,0,-0.9997010231018066,0,0.024451233446598054],8,1.2378931045532227],[[759.9594116210938,222.69961547851563,38.91706085205078,0.024451233446598054,0,0.9997010231018066,0,1,0,-0.9997010231018066,0,0.024451233446598054],8,1.2461028099060059],[[759.8261108398438,222.69961547851563,38.91380310058594,0.024451233446598054,0,0.9997010231018066,0,1,0,-0.9997010231018066,0,0.024451233446598054],8,1.2566897869110108],[[759.6928100585938,222.69961547851563,38.910545349121097,0.024451233446598054,0,0.9997010231018066,0,1,0,-0.9997010231018066,0,0.024451233446598054],8,1.2651686668395997],[[759.4928588867188,222.69961547851563,38.90565872192383,0.024451233446598054,0,0.9997010231018066,0,1,0,-0.9997010231018066,0,0.024451233446598054],8,1.275442123413086],[[759.3595581054688,222.69961547851563,38.902400970458987,0.024451233446598054,0,0.9997010231018066,0,1,0,-0.9997010231018066,0,0.024451233446598054],8,1.2848663330078126],[[759.1596069335938,222.69961547851563,38.89751434326172,0.024451225996017457,0,0.9997010231018066,0,1,0,-0.9997010231018066,0,0.024451225996017457],8,1.2958645820617676],[[759.0263061523438,222.69961547851563,38.89442825317383,0.024388574063777925,0,0.9997025728225708,0,1,0,-0.9997025728225708,0,0.024388574063777925],8,1.3060941696166993],[[758.8263549804688,222.69961547851563,38.89016342163086,0.02413085103034973,0,0.9997088313102722,0,1,0,-0.9997088313102722,0,0.02413085103034973],8,1.3156013488769532],[[758.6930541992188,222.69961547851563,38.88736343383789,0.02392544597387314,0,0.9997137188911438,0,1,0,-0.9997137188911438,0,0.02392544597387314],8,1.3257248401641846],[[758.5597534179688,222.69961547851563,38.88457107543945,0.023723475635051729,0,0.9997185468673706,0,1,0,-0.9997185468673706,0,0.023723475635051729],8,1.3361656665802003],[[758.3598022460938,222.69961547851563,38.8803825378418,0.023437822237610818,0,0.9997252821922302,0,1,0,-0.9997252821922302,0,0.023437822237610818],8,1.3468210697174073],[[758.1598510742188,222.69961547851563,38.87619400024414,0.02317751757800579,0,0.9997313618659973,0,1,0,-0.9997313618659973,0,0.02317751757800579],8,1.357928991317749],[[758.0265502929688,222.69961547851563,38.8734016418457,0.02301962301135063,0,0.9997349977493286,0,1,0,-0.9997349977493286,0,0.02301962301135063],8,1.36818265914917],[[757.8265991210938,222.69961547851563,38.86921310424805,0.02280358411371708,0,0.999739944934845,0,1,0,-0.999739944934845,0,0.02280358411371708],8,1.3785912990570069],[[757.6932983398438,222.69961547851563,38.86642074584961,0.022672370076179506,0,0.9997429251670837,0,1,0,-0.9997429251670837,0,0.022672370076179506],8,1.389327049255371],[[757.4933471679688,222.69961547851563,38.86223220825195,0.02249276638031006,0,0.9997469782829285,0,1,0,-0.9997469782829285,0,0.02249276638031006],8,1.3999040126800538],[[757.2933959960938,222.69961547851563,38.8580436706543,0.022331077605485917,0,0.9997506141662598,0,1,0,-0.9997506141662598,0,0.022331077605485917],8,1.411344289779663],[[757.1600952148438,222.69961547851563,38.85525131225586,0.02223329059779644,0,0.9997528195381165,0,1,0,-0.9997528195381165,0,0.02223329059779644],8,1.4221153259277344],[[756.8934936523438,222.69961547851563,38.849666595458987,0.02205650694668293,0,0.9997567534446716,0,1,0,-0.9997567534446716,0,0.02205650694668293],8,1.4369709491729737],[[756.6268920898438,222.69961547851563,38.84408187866211,0.021902112290263177,0,0.999760091304779,0,1,0,-0.999760091304779,0,0.021902112290263177],8,1.4530820846557618],[[756.4269409179688,222.69961547851563,38.83989334106445,0.02180119976401329,0,0.9997622966766357,0,1,0,-0.9997622966766357,0,0.02180119976401329],8,1.4663944244384766],[[756.2269897460938,222.69961547851563,38.8357048034668,0.02171190269291401,0,0.9997642636299133,0,1,0,-0.9997642636299133,0,0.02171190269291401],8,1.478916883468628],[[756.0936889648438,222.69961547851563,38.83291244506836,0.02165813557803631,0,0.9997654557228088,0,1,0,-0.9997654557228088,0,0.02165813557803631],8,1.4868662357330323],[[755.9603881835938,222.69961547851563,38.83012008666992,0.021608656272292138,0,0.9997665286064148,0,1,0,-0.9997665286064148,0,0.021608656272292138],8,1.4975066184997559],[[755.8270874023438,222.69961547851563,38.827327728271487,0.02156284637749195,0,0.9997674822807312,0,1,0,-0.9997674822807312,0,0.02156284637749195],8,1.5070383548736573],[[755.6271362304688,222.69961547851563,38.82313919067383,0.021499712020158769,0,0.999768853187561,0,1,0,-0.999768853187561,0,0.021499712020158769],8,1.5158543586730958],[[755.4938354492188,222.69961547851563,38.82034683227539,0.02146126702427864,0,0.9997696876525879,0,1,0,-0.9997696876525879,0,0.02146126702427864],8,1.5267319679260255],[[755.2938842773438,222.69961547851563,38.81644058227539,0.021299315616488458,0,0.9997731447219849,0,1,0,-0.9997731447219849,0,0.021299315616488458],8,1.5392136573791505],[[755.0939331054688,222.69961547851563,38.81259536743164,0.021097131073474885,0,0.9997774362564087,0,1,0,-0.9997774362564087,0,0.021097131073474885],8,1.5494921207427979],[[754.9606323242188,222.69961547851563,38.81003189086914,0.020966369658708574,0,0.9997801780700684,0,1,0,-0.9997801780700684,0,0.020966369658708574],8,1.564894676208496],[[754.6940307617188,222.69961547851563,38.80490493774414,0.02072487212717533,0,0.9997852444648743,0,1,0,-0.9997852444648743,0,0.02072487212717533],8,1.5758609771728516],[[754.4940795898438,222.69961547851563,38.800777435302737,0.02067316137254238,0,0.9997862577438355,0,1,0,-0.9997862577438355,0,0.02067316137254238],8,1.5857274532318116],[[754.3607788085938,222.69961547851563,38.797813415527347,0.020740998908877374,0,0.9997848868370056,0,1,0,-0.9997848868370056,0,0.020740998908877374],8,1.5964789390563965],[[754.1608276367188,222.69961547851563,38.79300308227539,0.021021241322159768,0,0.9997790455818176,0,1,0,-0.9997790455818176,0,0.021021241322159768],8,1.6072018146514893],[[754.0275268554688,222.69961547851563,38.789573669433597,0.021306289359927179,0,0.9997729659080505,0,1,0,-0.9997729659080505,0,0.021306289359927179],8,1.6177828311920167],[[753.855224609375,222.69961547851563,38.85653305053711,-0.02726024016737938,0,0.9996283650398254,0,1,0,-0.9996283650398254,0,-0.02726024016737938],8,1.63348388671875],[[753.6583251953125,222.69961547851563,39.032432556152347,0.005746053997427225,0,0.9999834895133972,0,1,0,-0.9999834895133972,0,0.005746053997427225],8,1.6581408977508546],[[753.5697021484375,222.69961547851563,39.397640228271487,0.028209924697875978,0,0.9996020197868347,0,1,0,-0.9996020197868347,0,0.028209924697875978],8,1.6793568134307862],[[753.5609130859375,222.69961547851563,39.66401672363281,0.03131886199116707,0,0.9995094537734985,0,1,0,-0.9995094537734985,0,0.03131886199116707],8,1.6855173110961915],[[753.5567626953125,222.69961547851563,39.797279357910159,0.03317117691040039,0,0.9994496703147888,0,1,0,-0.9994496703147888,0,0.03317117691040039],8,1.6979753971099854],[[753.5501708984375,222.69961547851563,39.99717330932617,0.03317750245332718,0,0.9994494915008545,0,1,0,-0.9994494915008545,0,0.03317750245332718],8,1.7165076732635499],[[753.5369873046875,222.69961547851563,40.3969612121582,0.04016270861029625,0,0.9991931319236755,0,1,0,-0.9991931319236755,0,0.04016270861029625],8,1.73179292678833],[[753.5344848632813,222.69961547851563,40.46358108520508,0.04016376659274101,0,0.9991931319236755,0,1,0,-0.9991931319236755,0,0.04016376659274101],8,1.7392683029174805],[[753.5265502929688,222.69961547851563,40.663421630859378,0.04190857708454132,0,0.9991214275360107,0,1,0,-0.9991214275360107,0,0.04190857708454132],8,1.747971773147583],[[753.5210571289063,222.69961547851563,40.79663848876953,0.04539879038929939,0,0.9989689588546753,0,1,0,-0.9989689588546753,0,0.04539879038929939],8,1.7580585479736329],[[753.51513671875,222.69961547851563,40.929840087890628,0.047143928706645969,0,0.9988881349563599,0,1,0,-0.9988881349563599,0,0.047143928706645969],8,1.7670633792877198],[[753.5089111328125,222.69961547851563,41.06303024291992,0.04714357107877731,0,0.9988881349563599,0,1,0,-0.9988881349563599,0,0.04714357107877731],8,1.7796494960784913],[[753.4964599609375,222.69961547851563,41.329402923583987,0.050632935017347339,0,0.9987173080444336,0,1,0,-0.9987173080444336,0,0.050632935017347339],8,1.7899136543273926],[[753.4898071289063,222.69961547851563,41.46257019042969,0.05063317343592644,0,0.9987173080444336,0,1,0,-0.9987173080444336,0,0.05063317343592644],8,1.8011400699615479],[[753.479736328125,222.69961547851563,41.662315368652347,0.05412132665514946,0,0.9985343813896179,0,1,0,-0.9985343813896179,0,0.05412132665514946],8,1.8155763149261475],[[753.4653930664063,222.69961547851563,41.9286003112793,0.055864982306957248,0,0.9984383583068848,0,1,0,-0.9984383583068848,0,0.055864982306957248],8,1.8367068767547608],[[753.4505615234375,222.69961547851563,42.194854736328128,0.05935331806540489,0,0.9982370138168335,0,1,0,-0.9982370138168335,0,0.05935331806540489],8,1.844353437423706],[[753.4428100585938,222.69961547851563,42.32796096801758,0.05935284495353699,0,0.9982370734214783,0,1,0,-0.9982370734214783,0,0.05935284495353699],8,1.853156328201294],[[753.4348754882813,222.69961547851563,42.461063385009769,0.061096567660570148,0,0.9981318712234497,0,1,0,-0.9981318712234497,0,0.061096567660570148],8,1.8631956577301026],[[753.4268188476563,222.69961547851563,42.59415054321289,0.06109621003270149,0,0.9981318712234497,0,1,0,-0.9981318712234497,0,0.06109621003270149],8,1.8737006187438965],[[753.41455078125,222.69961547851563,42.79378128051758,0.061096448451280597,0,0.9981318712234497,0,1,0,-0.9981318712234497,0,0.061096448451280597],8,1.8843543529510499],[[753.4022827148438,222.69961547851563,42.993412017822269,0.06283986568450928,0,0.9980236291885376,0,1,0,-0.9980236291885376,0,0.06283986568450928],8,1.8950421810150147],[[753.3939819335938,222.69961547851563,43.12648391723633,0.06283950805664063,0,0.9980236291885376,0,1,0,-0.9980236291885376,0,0.06283950805664063],8,1.904709815979004],[[753.38134765625,222.69961547851563,43.32609176635742,0.06283962726593018,0,0.9980236291885376,0,1,0,-0.9980236291885376,0,0.06283962726593018],8,1.916337251663208],[[753.3687133789063,222.69961547851563,43.525699615478519,0.06283938884735108,0,0.9980236291885376,0,1,0,-0.9980236291885376,0,0.06283938884735108],8,1.9297339916229249],[[753.3602905273438,222.69961547851563,43.65877151489258,0.06284010410308838,0,0.9980236291885376,0,1,0,-0.9980236291885376,0,0.06284010410308838],8,1.9400320053100587],[[753.34765625,222.69961547851563,43.85837936401367,0.06283986568450928,0,0.9980236291885376,0,1,0,-0.9980236291885376,0,0.06283986568450928],8,1.9496533870697022],[[753.3350219726563,222.69961547851563,44.057987213134769,0.06283986568450928,0,0.9980236291885376,0,1,0,-0.9980236291885376,0,0.06283986568450928],8,1.9609572887420655],[[753.3265991210938,222.69961547851563,44.19105911254883,0.05935320630669594,0,0.9982370734214783,0,1,0,-0.9982370734214783,0,0.05935320630669594],8,1.9729549884796143],[[753.3106689453125,222.69961547851563,44.457244873046878,0.054121099412441257,0,0.9985343813896179,0,1,0,-0.9985343813896179,0,0.054121099412441257],8,1.9861912727355958],[[753.2996826171875,222.69961547851563,44.65694046020508,0.05063270777463913,0,0.9987173676490784,0,1,0,-0.9987173676490784,0,0.05063270777463913],8,2.000828266143799],[[753.2860107421875,222.69961547851563,44.92325973510742,0.04365363344550133,0,0.9990467429161072,0,1,0,-0.9990467429161072,0,0.04365363344550133],8,2.0148210525512697],[[753.2769775390625,222.69961547851563,45.12305450439453,0.034926533699035647,0,0.9993898868560791,0,1,0,-0.9993898868560791,0,0.034926533699035647],8,2.0282585620880129],[[753.27197265625,222.69961547851563,45.25629425048828,0.02619665116071701,0,0.9996567964553833,0,1,0,-0.9996567964553833,0,0.02619665116071701],8,2.040689706802368],[[753.266357421875,222.69961547851563,45.45621109008789,0.020958269014954568,0,0.9997803568840027,0,1,0,-0.9997803568840027,0,0.020958269014954568],8,2.0487773418426515],[[753.2633666992188,222.69961547851563,45.58951187133789,0.017465727403759958,0,0.9998474717140198,0,1,0,-0.9998474717140198,0,0.017465727403759958],8,2.0585200786590578],[[753.2608642578125,222.69961547851563,45.72282028198242,0.015718717128038408,0,0.9998764395713806,0,1,0,-0.9998764395713806,0,0.015718717128038408],8,2.068019151687622],[[753.2576293945313,222.69961547851563,45.922794342041019,0.013972733169794083,0,0.9999023675918579,0,1,0,-0.9999023675918579,0,0.013972733169794083],8,2.0779573917388918],[[753.2556762695313,222.69961547851563,46.05611038208008,0.010479568503797055,0,0.9999451041221619,0,1,0,-0.9999451041221619,0,0.010479568503797055],8,2.087092399597168],[[753.254150390625,222.69961547851563,46.18943405151367,0.010479568503797055,0,0.9999451041221619,0,1,0,-0.9999451041221619,0,0.010479568503797055],8,2.0975141525268556],[[753.2520141601563,222.69961547851563,46.38941955566406,0.006986157037317753,0,0.9999756217002869,0,1,0,-0.9999756217002869,0,0.006986157037317753],8,2.1078107357025148],[[753.2509765625,222.69961547851563,46.52275085449219,0.0017456532223150135,0,0.9999984502792358,0,1,0,-0.9999984502792358,0,0.0017456532223150135],8,2.11780047416687],[[753.2505493164063,222.69961547851563,46.65608215332031,0.0017456532223150135,0,0.9999984502792358,0,1,0,-0.9999984502792358,0,0.0017456532223150135],8,2.1260745525360109],[[753.2501831054688,222.69961547851563,46.8560791015625,-0.00174777302891016,0,0.9999984502792358,0,1,0,-0.9999984502792358,0,-0.00174777302891016],8,2.1363296508789064],[[753.250244140625,222.69961547851563,46.989410400390628,-0.00174777302891016,0,0.9999984502792358,0,1,0,-0.9999984502792358,0,-0.00174777302891016],8,2.145819664001465],[[753.25048828125,222.69961547851563,47.12274169921875,-0.00174777302891016,0,0.9999984502792358,0,1,0,-0.9999984502792358,0,-0.00174777302891016],8,2.1552369594573976],[[753.250732421875,222.69961547851563,47.256072998046878,-0.00174777302891016,0,0.9999984502792358,0,1,0,-0.9999984502792358,0,-0.00174777302891016],8,2.1640026569366457],[[753.2510986328125,222.69961547851563,47.45606994628906,-0.00174777302891016,0,0.9999984502792358,0,1,0,-0.9999984502792358,0,-0.00174777302891016],8,2.17441725730896],[[753.2513427734375,222.69961547851563,47.58940124511719,-0.00174777302891016,0,0.9999984502792358,0,1,0,-0.9999984502792358,0,-0.00174777302891016],8,2.1836800575256349],[[753.2515869140625,222.69961547851563,47.72273254394531,-0.00174777302891016,0,0.9999984502792358,0,1,0,-0.9999984502792358,0,-0.00174777302891016],8,2.1941347122192385],[[753.2518310546875,222.69961547851563,47.85606384277344,-0.00174777302891016,0,0.9999984502792358,0,1,0,-0.9999984502792358,0,-0.00174777302891016],8,2.2025561332702638],[[753.252197265625,222.69961547851563,48.056060791015628,-0.00174777302891016,0,0.9999984502792358,0,1,0,-0.9999984502792358,0,-0.00174777302891016],8,2.2130143642425539],[[753.25244140625,222.69961547851563,48.18939208984375,-0.00174777302891016,0,0.9999984502792358,0,1,0,-0.9999984502792358,0,-0.00174777302891016],8,2.221611261367798],[[753.2529296875,222.69961547851563,48.4560546875,-0.005240939557552338,0,0.9999862909317017,0,1,0,-0.9999862909317017,0,-0.005240939557552338],8,2.2394795417785646],[[753.2534790039063,222.69961547851563,48.589385986328128,-0.005240939557552338,0,0.9999862909317017,0,1,0,-0.9999862909317017,0,-0.005240939557552338],8,2.2474308013916017],[[753.2542114257813,222.69961547851563,48.72271728515625,-0.005240939557552338,0,0.9999862909317017,0,1,0,-0.9999862909317017,0,-0.005240939557552338],8,2.2562522888183595],[[753.2549438476563,222.69961547851563,48.856048583984378,-0.005240939557552338,0,0.9999862909317017,0,1,0,-0.9999862909317017,0,-0.005240939557552338],8,2.263993501663208],[[753.2560424804688,222.69961547851563,49.05604553222656,-0.005240939557552338,0,0.9999862909317017,0,1,0,-0.9999862909317017,0,-0.005240939557552338],8,2.274918556213379],[[753.2567749023438,222.69961547851563,49.18937683105469,-0.005240820348262787,0,0.9999862909317017,0,1,0,-0.9999862909317017,0,-0.005240820348262787],8,2.2830119132995607],[[753.2575073242188,222.69961547851563,49.32270812988281,-0.005240820348262787,0,0.9999862909317017,0,1,0,-0.9999862909317017,0,-0.005240820348262787],8,2.294389247894287],[[753.2586059570313,222.69961547851563,49.522705078125,-0.005240820348262787,0,0.9999862909317017,0,1,0,-0.9999862909317017,0,-0.005240820348262787],8,2.302715539932251],[[753.2593383789063,222.69961547851563,49.656036376953128,-0.005240820348262787,0,0.9999862909317017,0,1,0,-0.9999862909317017,0,-0.005240820348262787],8,2.3124499320983888],[[753.2600708007813,222.69961547851563,49.78936767578125,-0.005240820348262787,0,0.9999862909317017,0,1,0,-0.9999862909317017,0,-0.005240820348262787],8,2.321601152420044],[[753.2608032226563,222.69961547851563,49.922698974609378,-0.005240820348262787,0,0.9999862909317017,0,1,0,-0.9999862909317017,0,-0.005240820348262787],8,2.3302977085113527],[[753.2619018554688,222.69961547851563,50.12269592285156,-0.005240820348262787,0,0.9999862909317017,0,1,0,-0.9999862909317017,0,-0.005240820348262787],8,2.340780019760132],[[753.2626342773438,222.69961547851563,50.25602722167969,-0.008734161034226418,0,0.9999618530273438,0,1,0,-0.9999618530273438,0,-0.008734161034226418],8,2.3510191440582277],[[753.2642211914063,222.69961547851563,50.456024169921878,-0.008734041824936867,0,0.9999618530273438,0,1,0,-0.9999618530273438,0,-0.008734041824936867],8,2.3609602451324465],[[753.265380859375,222.69961547851563,50.58935546875,-0.012227753177285195,0,0.9999252557754517,0,1,0,-0.9999252557754517,0,-0.012227753177285195],8,2.3701117038726808],[[753.2669067382813,222.69961547851563,50.722679138183597,-0.012227753177285195,0,0.9999252557754517,0,1,0,-0.9999252557754517,0,-0.012227753177285195],8,2.3796775341033937],[[753.2684936523438,222.69961547851563,50.85600280761719,-0.012227633967995644,0,0.9999252557754517,0,1,0,-0.9999252557754517,0,-0.012227633967995644],8,2.3897786140441896],[[753.2708740234375,222.69961547851563,51.05598831176758,-0.012227633967995644,0,0.9999252557754517,0,1,0,-0.9999252557754517,0,-0.012227633967995644],8,2.399836778640747],[[753.2724609375,222.69961547851563,51.18931198120117,-0.012227633967995644,0,0.9999252557754517,0,1,0,-0.9999252557754517,0,-0.012227633967995644],8,2.4104654788970949],[[753.2748413085938,222.69961547851563,51.38929748535156,-0.01572083868086338,0,0.9998764395713806,0,1,0,-0.9998764395713806,0,-0.01572083868086338],8,2.4200186729431154],[[753.27685546875,222.69961547851563,51.522613525390628,-0.01572083868086338,0,0.9998764395713806,0,1,0,-0.9998764395713806,0,-0.01572083868086338],8,2.4306836128234865],[[753.2799682617188,222.69961547851563,51.72258758544922,-0.01572095789015293,0,0.9998764395713806,0,1,0,-0.9998764395713806,0,-0.01572095789015293],8,2.4408857822418215],[[753.2461547851563,222.69961547851563,51.8416862487793,-0.015720361843705179,0,0.9998764395713806,0,1,0,-0.9998764395713806,0,-0.015720361843705179],8,2.4531140327453615],[[753.0786743164063,222.69961547851563,52.040348052978519,-0.017467252910137178,0,0.999847412109375,0,1,0,-0.999847412109375,0,-0.017467252910137178],8,2.4749410152435304],[[752.8936767578125,222.69961547851563,52.23226547241211,-0.019213732331991197,0,0.9998154044151306,0,1,0,-0.9998154044151306,0,-0.019213732331991197],8,2.4934334754943849],[[752.708740234375,222.69961547851563,52.42436981201172,-0.022706152871251107,0,0.9997422099113464,0,1,0,-0.9997422099113464,0,-0.022706152871251107],8,2.4990439414978029],[[752.6165161132813,222.69961547851563,52.52068328857422,-0.022706152871251107,0,0.9997422099113464,0,1,0,-0.9997422099113464,0,-0.022706152871251107],8,2.507242202758789],[[752.5704345703125,222.69961547851563,52.56887435913086,-0.022706152871251107,0,0.9997422099113464,0,1,0,-0.9997422099113464,0,-0.022706152871251107],8,2.5147595405578615],[[752.4321899414063,222.69961547851563,52.71346664428711,-0.024452678859233857,0,0.9997009634971619,0,1,0,-0.9997009634971619,0,-0.024452678859233857],8,2.523831367492676],[[752.2942504882813,222.69961547851563,52.85825729370117,-0.02794514410197735,0,0.9996094703674316,0,1,0,-0.9996094703674316,0,-0.02794514410197735],8,2.5359411239624025],[[752.1566772460938,222.69961547851563,53.003482818603519,-0.02794514410197735,0,0.9996094703674316,0,1,0,-0.9996094703674316,0,-0.02794514410197735],8,2.548109769821167],[[752.0650634765625,222.69961547851563,53.10035705566406,-0.029691191390156747,0,0.9995591044425964,0,1,0,-0.9995591044425964,0,-0.029691191390156747],8,2.5599842071533205],[[751.9278564453125,222.69961547851563,53.24586868286133,-0.029691191390156747,0,0.9995591044425964,0,1,0,-0.9995591044425964,0,-0.029691191390156747],8,2.571648359298706],[[751.83642578125,222.69961547851563,53.3429069519043,-0.029691191390156747,0,0.9995591044425964,0,1,0,-0.9995591044425964,0,-0.029691191390156747],8,2.5799031257629396],[[751.7291259765625,222.69961547851563,53.40471267700195,-0.029691191390156747,0,0.9995591044425964,0,1,0,-0.9995591044425964,0,-0.029691191390156747],8,2.590796709060669],[[751.536865234375,222.69961547851563,53.42778778076172,-0.029691191390156747,0,0.9995591044425964,0,1,0,-0.9995591044425964,0,-0.029691191390156747],8,2.6075267791748049],[[751.33740234375,222.69961547851563,53.43463134765625,-0.03318265452980995,0,0.9994493126869202,0,1,0,-0.9994493126869202,0,-0.03318265452980995],8,2.6156113147735597],[[751.1375122070313,222.69961547851563,53.44118118286133,-0.03318265452980995,0,0.9994493126869202,0,1,0,-0.9994493126869202,0,-0.03318265452980995],8,2.6310765743255617],[[750.9375610351563,222.69961547851563,53.44781494140625,-0.036673594266176227,0,0.9993273019790649,0,1,0,-0.9993273019790649,0,-0.036673594266176227],8,2.6391427516937258],[[750.7376098632813,222.69961547851563,53.45501708984375,-0.03667419031262398,0,0.9993273019790649,0,1,0,-0.9993273019790649,0,-0.03667419031262398],8,2.6475887298583986],[[750.670959472656