[[[584.0531616210938,222.69961547851563,126.61395263671875,0.6982750296592712,-7.155025461003106e-9,-0.715829610824585,1.9040031773442935e-9,1,-8.138121287970535e-9,0.715829610824585,4.3197045940246429e-9,0.6982750296592712],8,0.008614778518676758],[[584.0531616210938,222.69961547851563,126.61395263671875,0.6982750296592712,-3.0408191520336916e-8,-0.715829610824585,8.091853409553096e-9,1,-3.4586239650025166e-8,0.715829610824585,1.835831753282946e-8,0.6982750296592712],8,0.021083831787109376],[[584.0531616210938,222.69961547851563,126.61395263671875,0.6982750296592712,-6.138924391052569e-8,-0.715829610824585,1.63361573157772e-8,1,-6.982403988331498e-8,0.715829610824585,3.7062477531435437e-8,0.6982750296592712],8,0.04860663414001465],[[584.0531616210938,222.69961547851563,126.61395263671875,0.6982750296592712,-1.0007835271608201e-7,-0.715829610824585,2.6631640892560428e-8,1,-1.1382897469047748e-7,0.715829610824585,6.042021283292343e-8,0.6982750296592712],8,0.05750250816345215],[[584.0531616210938,222.69961547851563,126.61395263671875,0.6982750296592712,-8.477568513853839e-8,-0.715829610824585,2.2559483170425666e-8,1,-9.64237329981188e-8,0.715829610824585,5.118153723060459e-8,0.6982750296592712],8,0.07258439064025879],[[584.0531616210938,222.69961547851563,126.61395263671875,0.6982750296592712,-3.890688304863943e-8,-0.715829610824585,1.0353440771382339e-8,1,-4.4252619346707436e-8,0.715829610824585,2.3489198142101487e-8,0.6982750296592712],8,0.09046268463134766],[[584.0531616210938,222.69961547851563,126.61395263671875,0.6982750296592712,-1.5994515933925869e-8,-0.715829610824585,4.2562802171630668e-9,1,-1.819212513964885e-8,0.715829610824585,9.656335286933882e-9,0.6982750296592712],8,0.1049947738647461],[[584.0531616210938,222.69961547851563,126.61395263671875,0.6982750296592712,1.4532477443651715e-8,-0.715829610824585,-3.867194564577403e-9,1,1.6529229540651614e-8,0.715829610824585,-8.773695547859007e-9,0.6982750296592712],8,0.12084746360778809],[[584.0531616210938,222.69961547851563,126.61395263671875,0.6982750296592712,4.503339923189742e-8,-0.715829610824585,-1.1983735781484484e-8,1,5.122092616716145e-8,0.715829610824585,-2.718798164380587e-8,0.6982750296592712],8,0.13707828521728517],[[584.0531616210938,222.69961547851563,126.61395263671875,0.6982750296592712,6.789199602508234e-8,-0.715829610824585,-1.8066593554522116e-8,1,7.72202568555258e-8,0.715829610824585,-4.098837180777082e-8,0.6982750296592712],8,0.14858031272888184],[[584.0531616210938,222.69961547851563,126.61395263671875,0.6982750296592712,8.312292720802361e-8,-0.715829610824585,-2.211966965148804e-8,1,9.454388560925509e-8,0.715829610824585,-5.0183718514063e-8,0.6982750296592712],8,0.16039633750915528],[[584.0531616210938,222.69961547851563,126.61395263671875,0.6982750296592712,9.083377250362901e-8,-0.715829610824585,-2.417159628009813e-8,1,1.0331418565101558e-7,0.715829610824585,-5.4838967145087739e-8,0.6982750296592712],8,0.17154908180236817],[[584.0531616210938,222.69961547851563,126.61395263671875,0.6982750296592712,7.581142824619747e-8,-0.715829610824585,-2.017403666343398e-8,1,8.622779290590188e-8,0.715829610824585,-4.576953926971328e-8,0.6982750296592712],8,0.18105530738830567],[[584.0531616210938,222.69961547851563,126.61395263671875,0.6982750296592712,6.079550018966984e-8,-0.715829610824585,-1.6178178796621979e-8,1,6.914869743468444e-8,0.715829610824585,-3.670398740496239e-8,0.6982750296592712],8,0.1909339427947998],[[584.0531616210938,222.69961547851563,126.61395263671875,0.6982750296592712,3.8283634040681139e-8,-0.715829610824585,-1.0187593879606993e-8,1,4.3543728622807978e-8,0.715829610824585,-2.311291780188185e-8,0.6982750296592712],8,0.20076322555541993],[[584.0531616210938,222.69961547851563,126.61395263671875,0.6982750296592712,2.3283734051915418e-8,-0.715829610824585,-6.19600282192323e-9,1,2.6482867454546978e-8,0.715829610824585,-1.4057042641013595e-8,0.6982750296592712],8,0.20949935913085938],[[584.0531616210938,222.69961547851563,126.61395263671875,0.6982750296592712,8.290241382269415e-9,-0.715829610824585,-2.2061150684038468e-9,1,9.429292013862778e-9,0.715829610824585,-5.0050368294307649e-9,0.6982750296592712],8,0.2201519012451172],[[584.0531616210938,222.69961547851563,126.61395263671875,0.6982750296592712,-1.4187992114500503e-8,-0.715829610824585,3.775523005344894e-9,1,-1.613741495987142e-8,0.715829610824585,8.565722353637284e-9,0.6982750296592712],8,0.23125076293945313],[[584.0531616210938,222.69961547851563,126.61395263671875,0.6982750296592712,-4.4136573507103097e-8,-0.715829610824585,1.174508224011106e-8,1,-5.020087812113161e-8,0.715829610824585,2.6646542750086156e-8,0.6982750296592712],8,0.2454080581665039],[[584.0531616210938,222.69961547851563,126.61395263671875,0.6982750296592712,-8.153633501706281e-8,-0.715829610824585,2.1697468710613067e-8,1,-9.273929890696309e-8,0.715829610824585,4.922584295741217e-8,0.6982750296592712],8,0.2682833671569824],[[584.0531616210938,222.69961547851563,126.61395263671875,0.6425873041152954,-9.002783230016576e-8,-0.766212522983551,2.1047704024113046e-8,1,-9.984546522900928e-8,0.766212522983551,4.8032415378429508e-8,0.6425873041152954],8,0.2979164123535156],[[584.0531616210938,222.69961547851563,126.61395263671875,0.6425873041152954,-4.6576907664075409e-8,-0.766212522983551,9.342581819282714e-9,1,-5.295330041121815e-8,0.766212522983551,2.6868715252703624e-8,0.6425873041152954],8,0.31635594367980959],[[584.0531616210938,222.69961547851563,126.61395263671875,0.6263867020606995,-1.2402500360053637e-8,-0.7795124650001526,7.750537434070282e-10,1,-1.5287781707229443e-8,0.7795124650001526,8.971899667642447e-9,0.6263867020606995],8,0.32521653175354006],[[584.0531616210938,222.69961547851563,126.61395263671875,0.6181824803352356,4.856690161147981e-9,-0.7860346436500549,-3.3084794903714966e-9,1,3.576746232525352e-9,0.7860346436500549,3.8949757308337498e-10,0.6181824803352356],8,0.33536839485168459],[[584.0531616210938,222.69961547851563,126.61395263671875,0.5931670069694519,4.8190965884487016e-8,-0.805079460144043,-1.2023176232389688e-8,1,5.1000203171724937e-8,0.805079460144043,-2.0572025860587929e-8,0.5931670069694519],8,0.35576677322387698],[[584.0531616210938,222.69961547851563,126.61395263671875,0.5861135125160217,7.435591697912969e-8,-0.8102289438247681,-1.699904750296355e-8,1,7.947450342271623e-8,0.8102289438247681,-3.280796079252468e-8,0.5861135125160217],8,0.36533188819885256],[[584.0531616210938,222.69961547851563,126.61395263671875,0.5804368853569031,8.324204969767379e-8,-0.8143052458763123,-1.859061882214519e-8,1,8.897323766632326e-8,0.8143052458763123,-3.6504907541257128e-8,0.5804368853569031],8,0.37276649475097659],[[584.0531616210938,222.69961547851563,126.61395263671875,0.5761621594429016,9.354766916658264e-8,-0.8173354268074036,-1.993794818133665e-8,1,1.0039963882491065e-7,0.8173354268074036,-4.1550482166030636e-8,0.5761621594429016],8,0.38494443893432619],[[584.0531616210938,222.69961547851563,126.61395263671875,0.5733035206794739,7.211253461036904e-8,-0.819343090057373,-1.4813902105004218e-8,1,7.764717224745255e-8,0.819343090057373,-3.237773071873562e-8,0.5733035206794739],8,0.3948335647583008],[[584.0531616210938,222.69961547851563,126.61395263671875,0.5675657391548157,5.795817514808732e-8,-0.8233280777931213,-1.1505687957935607e-8,1,6.246348505101196e-8,0.8233280777931213,-2.5979177920021358e-8,0.5675657391548157],8,0.4039790630340576],[[584.0531616210938,222.69961547851563,126.61395263671875,0.5646854639053345,4.367595352050557e-8,-0.825306236743927,-8.251938687919847e-9,1,4.727482050270737e-8,0.825306236743927,-1.988502695837724e-8,0.5646854639053345],8,0.41418886184692385],[[584.0531616210938,222.69961547851563,126.61395263671875,0.5646854639053345,2.930945086632164e-8,-0.825306236743927,-4.999578973041707e-9,1,3.209264676229395e-8,0.825306236743927,-1.3996066527965923e-8,0.5646854639053345],8,0.4222605228424072],[[584.0531616210938,222.69961547851563,126.61395263671875,0.5589063763618469,6.919200767896427e-10,-0.829230785369873,1.2888311529124508e-9,1,1.703091667693002e-9,0.829230785369873,-2.0206072370854146e-9,0.5589063763618469],8,0.43706250190734866],[[584.0531616210938,222.69961547851563,126.61395263671875,0.5545538663864136,-2.0817338963752264e-8,-0.8321478366851807,5.882215159402904e-9,1,-2.109641350500624e-8,0.8321478366851807,6.804224295109407e-9,0.5545538663864136],8,0.4504861831665039],[[584.0531616210938,222.69961547851563,126.61395263671875,0.5516433119773865,-4.2347032547240818e-8,-0.8340801000595093,1.0393027771726793e-8,1,-4.389720587028023e-8,0.8340801000595093,1.5546982368164209e-8,0.5516433119773865],8,0.4715902805328369],[[584.0531616210938,222.69961547851563,126.61395263671875,0.5487236380577087,-7.105442278998453e-8,-0.836003839969635,1.6296695548589925e-8,1,-7.429635928701828e-8,0.836003839969635,2.7144066550022218e-8,0.5487236380577087],8,0.47941017150878909],[[584.0531616210938,222.69961547851563,126.61395263671875,0.5487245321273804,-9.252830324157913e-8,-0.8360032439231873,2.0721163451753456e-8,1,-9.707868287023303e-8,0.8360032439231873,3.594649200522326e-8,0.5487245321273804],8,0.4908714294433594],[[584.0531616210938,222.69961547851563,126.61395263671875,0.5472638607025147,-1.068992219188658e-7,-0.8369601368904114,2.3642721558303493e-8,1,-1.1226391194441021e-7,0.8369601368904114,4.1649965254464408e-8,0.5472638607025147],8,0.5014355182647705],[[584.0531616210938,222.69961547851563,126.61395263671875,0.5458009839057922,-9.472812223521032e-8,-0.8379148244857788,2.0679639334275636e-8,1,-9.958189650660643e-8,0.8379148244857788,3.7024122434559106e-8,0.5458009839057922],8,0.5134825706481934],[[584.0531616210938,222.69961547851563,126.61395263671875,0.5443379282951355,-6.57148078175851e-8,-0.8388659954071045,1.412103500797457e-8,1,-6.91745611902661e-8,0.8388659954071045,2.580868319057572e-8,0.5443379282951355],8,0.524951696395874],[[584.188720703125,222.69961547851563,126.52597045898438,0.5443378686904907,-2.6973433264743109e-8,-0.8388660550117493,5.38277200590187e-9,1,-2.8661769846394237e-8,0.8388660550117493,1.1086262574622197e-8,0.5443378686904907],8,0.5421411991119385],[[584.3536376953125,222.69961547851563,126.41897583007813,0.5443378686904907,2.0608728057425198e-9,-0.8388660550117493,-1.1660246101996564e-9,1,1.7001062779797849e-9,0.8388660550117493,5.270628031239788e-11,0.5443378686904907],8,0.5670862197875977],[[584.6331176757813,222.69961547851563,126.23764038085938,0.5443378686904907,5.041004058625731e-8,-0.8388660550117493,-1.2071361688015259e-8,1,5.226000254765495e-8,0.8388660550117493,-1.8320841732588634e-8,0.5443378686904907],8,0.5750827789306641],[[584.7449340820313,222.69961547851563,126.16506958007813,0.5443378686904907,6.97352504630544e-8,-0.8388660550117493,-1.6430234950348678e-8,1,7.246883626521594e-8,0.8388660550117493,-2.566476631216119e-8,0.5443378686904907],8,0.5850796699523926],[[584.8567504882813,222.69961547851563,126.09249877929688,0.5443378686904907,8.905219317512092e-8,-0.8388660550117493,-2.0787245702535985e-8,1,9.266904044125113e-8,0.8388660550117493,-3.300555206919853e-8,0.5443378686904907],8,0.5949819087982178],[[585.0244750976563,222.69961547851563,125.983642578125,0.5443378686904907,1.0082106882691733e-7,-0.8388660550117493,-2.3356545142405595e-8,1,1.0503132585881758e-7,0.8388660550117493,-3.7579518163965989e-8,0.5443378686904907],8,0.6041011810302734],[[585.1921997070313,222.69961547851563,125.87478637695313,0.5443378686904907,7.821127212537249e-8,-0.8388660550117493,-1.8001284018964726e-8,1,8.15535301512682e-8,0.8388660550117493,-2.929200881851557e-8,0.5443378686904907],8,0.6157846450805664],[[585.3599243164063,222.69961547851563,125.76593017578125,0.5443378686904907,5.56159633902098e-8,-0.8388660550117493,-1.2649456593294417e-8,1,5.809078373886223e-8,0.8388660550117493,-2.10098125563718e-8,0.5443378686904907],8,0.6274316310882568],[[585.5276489257813,222.69961547851563,125.65707397460938,0.5443378686904907,3.30351355160019e-8,-0.8388660550117493,-7.301059312680991e-9,1,3.4643068858031259e-8,0.8388660550117493,-1.2732923160285737e-8,0.5443378686904907],8,0.6431069374084473],[[585.7512817382813,222.69961547851563,125.51193237304688,0.5443378686904907,2.9498758991053366e-9,-0.8388660550117493,-1.7519269368548863e-10,1,3.4028218021120439e-9,0.8388660550117493,-1.705321661660264e-9,0.5443378686904907],8,0.6570413112640381],[[585.9190063476563,222.69961547851563,125.403076171875,0.5443378686904907,-1.9597200306975539e-8,-0.8388660550117493,5.165210925639485e-9,1,-2.0009844448054538e-8,0.8388660550117493,6.559196297217795e-9,0.5443378686904907],8,0.671940803527832],[[586.1426391601563,222.69961547851563,125.2579345703125,0.5428686141967773,-4.96489391821342e-8,-0.8398176431655884,1.2225807921595333e-8,1,-5.121579960132294e-8,0.8398176431655884,1.753599931930694e-8,0.5428686141967773],8,0.6880369186401367],[[586.310546875,222.69961547851563,125.1493148803711,0.5414020419120789,-7.219283304493729e-8,-0.8407638669013977,1.7476470048904959e-8,1,-7.461196105396084e-8,0.8407638669013977,2.5701481831674756e-8,0.5414020419120789],8,0.7091751098632813],[[586.53466796875,222.69961547851563,125.00487518310547,0.5457994341850281,-1.0205256728568202e-7,-0.83791583776474,2.4635331996591959e-8,1,-1.0574643738436862e-7,0.83791583776474,3.70740131927505e-8,0.5457994341850281],8,0.7159183025360107],[[586.590576171875,222.69961547851563,124.96859741210938,0.5457994341850281,-1.0954740048418899e-7,-0.83791583776474,2.6424089583088063e-8,1,-1.1352589979196637e-7,0.83791583776474,3.9821209441015529e-8,0.5457994341850281],8,0.7241201400756836],[[586.7581787109375,222.69961547851563,124.8594970703125,0.5560030937194824,-8.241052995572318e-8,-0.831180214881897,2.008699162558969e-8,1,-8.571198151230419e-8,0.831180214881897,3.0960215724462617e-8,0.5560030937194824],8,0.7328841686248779],[[586.9246826171875,222.69961547851563,124.7486801147461,0.5661230087280273,-5.540111658319802e-8,-0.8243207931518555,1.3414611643725039e-8,1,-5.79953827184454e-8,0.8243207931518555,2.1774576808297753e-8,0.5661230087280273],8,0.7442595958709717],[[587.0347900390625,222.69961547851563,124.6735610961914,0.5775893330574036,-3.735100406743186e-8,-0.8163275122642517,8.71104166577652e-9,1,-3.9591466105548537e-8,0.8163275122642517,1.5756544513578775e-8,0.5775893330574036],8,0.7538480758666992],[[587.1439208984375,222.69961547851563,124.59699249267578,0.6015695333480835,-1.913399216846301e-8,-0.798820436000824,3.4654186187310644e-9,1,-2.1343097955650593e-8,0.798820436000824,1.0071110168041742e-8,0.6015695333480835],8,0.763556718826294],[[587.3043823242188,222.69961547851563,124.47765350341797,0.6140531897544861,7.611650865158026e-9,-0.7892646789550781,-4.827922950312313e-9,1,5.887821341588051e-9,0.7892646789550781,1.9507366555426842e-10,0.6140531897544861],8,0.7756896018981934],[[587.5177612304688,223.56251525878907,124.31758880615235,0.6358696818351746,4.3034241059558556e-8,-0.771796464920044,-1.6887009124388898e-8,1,4.1845623854896988e-8,0.771796464920044,-1.3575029100820757e-8,0.6358696818351746],3,0.792473316192627],[[587.6731567382813,224.17391967773438,124.1917724609375,0.648420512676239,6.934136820291315e-8,-0.7612823843955994,-2.6327965585437597e-8,1,6.866016377671258e-8,0.7612823843955994,-2.447763947088788e-8,0.648420512676239],5,0.8141617774963379],[[587.87646484375,224.94143676757813,124.01923370361328,0.653630256652832,1.0453692311784835e-7,-0.7568140029907227,-3.916178314966601e-8,1,1.043051440774434e-7,0.7568140029907227,-3.853881125337466e-8,0.653630256652832],5,0.8210833072662354],[[588.0278930664063,225.4813232421875,123.88853454589844,0.6543358564376831,1.3102548734877929e-7,-0.7562040686607361,-4.885167470547458e-8,1,1.3099649720516028e-7,0.7562040686607361,-4.877387382862253e-8,0.6543358564376831],5,0.8331570625305176],[[588.1287231445313,225.82420349121095,123.80126953125,0.6545212864875794,1.4869338826883905e-7,-0.756043553352356,-5.5328325032633077e-8,1,1.4877426224302327e-7,0.756043553352356,-5.554529636242478e-8,0.6545212864875794],5,0.8425967693328857],[[588.3807983398438,226.62181091308595,123.58307647705078,0.6556971669197083,1.0988905074782451e-7,-0.7550240159034729,-4.078785309502564e-8,1,1.101217605992133e-7,0.7550240159034729,-4.14107219626203e-8,0.6556971669197083],5,0.862492561340332],[[588.4815063476563,226.91700744628907,123.49566650390625,0.6571074724197388,9.433526315660856e-8,-0.7537968754768372,-3.494668021630787e-8,1,9.468271855439525e-8,0.7537968754768372,-3.587402375160309e-8,0.6571074724197388],5,0.8716921806335449],[[588.6322631835938,227.33425903320313,123.3642807006836,0.6632944941520691,7.081610675641059e-8,-0.7483584880828857,-2.5954639326641883e-8,1,7.162414306094434e-8,0.7483584880828857,-2.808452492786273e-8,0.6632944941520691],5,0.882796049118042],[[588.732177734375,227.5953826904297,123.27600860595703,0.6673576831817627,5.5189740777450427e-8,-0.7447373867034912,-1.9882406832039125e-8,1,5.628972843396696e-8,0.7447373867034912,-2.275821131547673e-8,0.6673576831817627],5,0.8930296897888184],[[588.8812255859375,227.9615478515625,123.14266204833985,0.6711503267288208,3.1876719930323819e-8,-0.7413212656974793,-1.0667099203942599e-8,1,3.334248432906861e-8,0.7413212656974793,-1.4470071363348325e-8,0.6711503267288208],5,0.9051198959350586],[[589.0296020507813,228.2970428466797,123.00850677490235,0.67864990234375,8.539850604449839e-9,-0.7344619035720825,-1.2162100215817873e-9,1,1.0503566905128992e-8,0.7344619035720825,-6.2349849727638688e-9,0.67864990234375],5,0.9265217781066895],[[589.2256469726563,228.69668579101563,122.82767486572266,0.685951292514801,-2.2424488932415444e-8,-0.7276474237442017,1.1679770928196831e-8,1,-1.980730424122612e-8,0.7276474237442017,5.088090837546133e-9,0.685951292514801],5,0.9344868659973145],[[589.3712768554688,228.9606475830078,122.69058227539063,0.6925835013389587,-4.553690757802542e-8,-0.7213377356529236,2.1542060579804457e-8,1,-4.2445073233920996e-8,0.7213377356529236,1.3857657243931954e-8,0.6925835013389587],5,0.9474565982818604],[[589.4675903320313,229.11959838867188,122.59838104248047,0.7098547220230103,-6.061335255935774e-8,-0.704348087310791,2.845122715200432e-8,1,-5.7382298024322156e-8,0.704348087310791,2.0693528668402906e-8,0.7098547220230103],5,0.956193208694458],[[589.6089477539063,229.3324737548828,122.45694732666016,0.7101631164550781,-8.375260307502686e-8,-0.7040371894836426,3.8868687823878648e-8,1,-7.975359750389544e-8,0.7040371894836426,2.9273060420109688e-8,0.7101631164550781],5,0.9653849601745606],[[589.7028198242188,229.45736694335938,122.36222076416016,0.7304336428642273,-9.826423053027611e-8,-0.6829836964607239,4.618432924985427e-8,1,-9.448196891526095e-8,0.6829836964607239,3.746966115159012e-8,0.7304336428642273],5,0.9761981964111328],[[589.8400268554688,229.619140625,122.21675872802735,0.7461691498756409,-1.20443928608438e-7,-0.6657564043998718,5.7616105664237696e-8,1,-1.1633770924390774e-7,0.6657564043998718,4.8449322775923068e-8,0.7461691498756409],5,0.9898011684417725],[[590.017822265625,229.7871551513672,122.01806640625,0.752301812171936,-1.5081106141678902e-7,-0.6588186025619507,7.324558026766681e-8,1,-1.4527257974350506e-7,0.6588186025619507,6.10332762107646e-8,0.752301812171936],5,1.0133743286132813],[[590.1934204101563,229.9006805419922,121.8173828125,0.7676055431365967,-1.1538404720567996e-7,-0.6409226059913635,5.716914586173516e-8,1,-1.1155902512882676e-7,0.6409226059913635,4.899232664001829e-8,0.7676055431365967],5,1.021601915359497],[[590.3218994140625,229.95005798339845,121.66412353515625,0.7770888805389404,-8.921339400558282e-8,-0.6293908357620239,4.480147808294532e-8,1,-8.643065285696139e-8,0.6293908357620239,3.8966661008998929e-8,0.7770888805389404],5,1.0338728427886963],[[590.4403686523438,229.96878051757813,121.5218734741211,0.781084418296814,-6.360283322237592e-8,-0.6244254112243652,3.240207036014908e-8,1,-6.13269008908901e-8,0.6244254112243652,2.7668809465808409e-8,0.781084418296814],5,1.0458521842956544],[[590.5445556640625,229.9568328857422,121.39678955078125,0.7846445441246033,-3.8115437916985687e-8,-0.6199459433555603,1.9905394665897803e-8,1,-3.62882914828333e-8,0.6199459433555603,1.6133141045315825e-8,0.7846445441246033],5,1.0660879611968995],[[590.6612548828125,229.8932342529297,121.2567367553711,0.7975212931632996,-4.024789834744524e-9,-0.603290855884552,2.5640791712078227e-9,1,-3.281803939714223e-9,0.603290855884552,1.0704228614599743e-9,0.7975212931632996],5,1.0739173889160157],[[590.6864624023438,229.8688201904297,121.22649383544922,0.7975366711616516,4.406313092175651e-9,-0.6032704710960388,-1.7689744113980055e-9,1,4.9654196310200408e-9,0.6032704710960388,-2.8929341144845468e-9,0.7975366711616516],5,1.0808124542236329],[[590.7321166992188,229.8097686767578,121.1717300415039,0.8048514723777771,2.1227375412991024e-8,-0.5934762358665466,-1.0633224967193656e-8,1,2.134745535897764e-8,0.5934762358665466,-1.0870965461151627e-8,0.8048514723777771],5,1.090144395828247],[[590.78857421875,229.69564819335938,121.10388946533203,0.8211302161216736,4.618676641143793e-8,-0.5707408785820007,-2.4604004167372296e-8,1,4.552622101527959e-8,0.5707408785820007,-2.334044424401327e-8,0.8211302161216736],5,1.1019208431243897],[[590.8306884765625,229.5508575439453,121.05321502685547,0.8270621299743652,7.119525946563954e-8,-0.5621104836463928,-3.881812205008828e-8,1,6.954195441721822e-8,0.5621104836463928,-3.5695439493110828e-8,0.8270621299743652],5,1.1124169826507569],[[590.850830078125,229.43731689453126,121.02896881103516,0.82706218957901,8.802323492318465e-8,-0.562110424041748,-4.8289145127000668e-8,1,8.554388841730543e-8,0.562110424041748,-4.3606281252550619e-8,0.82706218957901],5,1.1212480068206788],[[590.8646240234375,229.3101348876953,121.01235961914063,0.82706218957901,1.0484401968824386e-7,-0.562110424041748,-5.775611811031922e-8,1,1.0153898699627462e-7,0.562110424041748,-5.151374082856819e-8,0.82706218957901],5,1.1314029693603516],[[590.8720703125,229.16934204101563,121.00338745117188,0.82706218957901,1.2165762086624455e-7,-0.562110424041748,-6.72190481054713e-8,1,1.175272501541258e-7,0.562110424041748,-5.941781822116354e-8,0.82706218957901],5,1.1402432918548585],[[590.8976440429688,228.84686279296876,120.96861267089844,0.8270620107650757,1.390144035440244e-7,-0.5621106624603272,-7.70962955698451e-8,1,1.3387220576532855e-7,0.5621106624603272,-6.738396507444122e-8,0.8270620107650757],5,1.1565566062927247],[[590.9313354492188,228.56922912597657,120.92086791992188,0.8270620107650757,1.1547400191602719e-7,-0.5621106624603272,-6.417318587637055e-8,1,1.1100801344809952e-7,0.5621106624603272,-5.573807726477753e-8,0.8270620107650757],5,1.1804864406585694],[[591.0150756835938,228.03839111328126,120.8000259399414,0.8270618915557861,7.627350129268962e-8,-0.5621108412742615,-4.265308461981476e-8,1,7.293358805782191e-8,0.5621108412742615,-3.634482936831773e-8,0.8270618915557861],5,1.187044382095337],[[591.10693359375,227.5524139404297,120.66622161865235,0.8270619511604309,4.494323846415682e-8,-0.5621107816696167,-2.5453555707599663e-8,1,4.250331642197125e-8,0.5621107816696167,-2.084516026457095e-8,0.8270619511604309],5,1.202526569366455],[[591.1903076171875,227.15216064453126,120.54419708251953,0.8270620107650757,2.146311217643415e-8,-0.5621106624603272,-1.2563551976541021e-8,1,1.9697676378882535e-8,0.5621106624603272,-9.22909304534869e-9,0.8270620107650757],5,1.2155039310455323],[[591.2861328125,226.72125244140626,120.40360260009766,0.8270620107650757,-2.0019657043235385e-9,-0.5621106624603272,3.1818547796547138e-10,1,-3.0933524630682997e-9,0.5621106624603272,2.3795390102776538e-9,0.8270620107650757],5,1.2297031879425049],[[591.3938598632813,226.2596893310547,120.24520111083985,0.8270620107650757,-2.5452001395365188e-8,-0.5621106624603272,1.3191662873168753e-8,1,-2.5869777431353215e-8,0.5621106624603272,1.3980735680263479e-8,0.8270620107650757],5,1.24074125289917],[[591.5060424804688,225.76747131347657,120.0802230834961,0.8279792666435242,-4.886320326136229e-8,-0.5607587099075317,2.6092008553746383e-8,1,-4.8611926928288088e-8,0.5607587099075317,2.5618346555233985e-8,0.8279792666435242],5,1.255481481552124],[[591.6182250976563,225.24459838867188,119.9146728515625,0.8298443555831909,-7.219356490395512e-8,-0.5579949617385864,3.905256562575232e-8,1,-7.13017485054479e-8,0.5579949617385864,3.737822140692515e-8,0.8298443555831909],5,1.282242774963379],[[591.8413696289063,224.10687255859376,119.58275604248047,0.8396673202514648,-1.1822829293350878e-7,-0.5431011319160461,6.559211129797404e-8,1,-1.1628174689803927e-7,0.5431011319160461,6.201483415679832e-8,0.8396673202514648],5,1.2932555675506592],[[591.9140014648438,223.7003936767578,119.47095489501953,0.8456813097000122,-1.3309251301052428e-7,-0.5336881875991821,7.459567541445722e-8,1,-1.311783535129507e-7,0.5336881875991821,7.112425493005503e-8,0.8456813097000122],5,1.3014206886291505],[[592.0145263671875,223.0651092529297,119.31549072265625,0.8551105856895447,-1.244553402557358e-7,-0.518445611000061,7.094055121115162e-8,1,-1.2304728613798944e-7,0.518445611000061,6.844022948371276e-8,0.8551105856895447],5,1.3156988620758057],[[592.0732421875,222.17037963867188,119.22467803955078,0.8771089911460877,-9.109353271696819e-8,-0.4802913963794708,5.302047512145691e-8,1,-9.283696300599331e-8,0.4802913963794708,5.596285745923524e-8,0.8771089911460877],7,1.3377716541290284],[[592.2489624023438,221.9821014404297,119.30196380615235,0.9099904298782349,-4.900091710169363e-8,-0.4146293103694916,2.794668141348211e-8,1,-5.684524495563892e-8,0.4146293103694916,4.014111354422312e-8,0.9099904298782349],7,1.3501434326171876],[[592.5482177734375,222.0775604248047,119.44082641601563,0.9330019354820252,-8.832111930701103e-9,-0.3598713278770447,8.102537529808274e-10,1,-2.2441753344537575e-8,0.3598713278770447,2.0646613307917506e-8,0.9330019354820252],8,1.3799068927764893],[[592.7960815429688,222.13104248046876,119.5389404296875,0.9421114921569824,2.184225778023574e-8,-0.3352998197078705,-2.1591045396007759e-8,1,4.476847337286927e-9,0.3352998197078705,3.021784156231888e-9,0.9421114921569824],8,1.3864574432373047],[[592.92138671875,222.1487274169922,119.58452606201172,0.9449999332427979,3.6923292867641069e-8,-0.3270704448223114,-3.290140426770449e-8,1,1.7829387743972803e-8,0.3270704448223114,-6.0876930163544788e-9,0.9449999332427979],8,1.3970897197723389],[[593.1102294921875,222.16722106933595,119.65038299560547,0.947826087474823,5.943980596612164e-8,-0.3187878429889679,-5.0032419096623929e-8,1,3.769833867295347e-8,0.3187878429889679,-1.978174246630715e-8,0.947826087474823],8,1.4072465896606446],[[593.2365112304688,222.17568969726563,119.69319915771485,0.9511120915412903,7.426884707228965e-8,-0.3088458478450775,-6.158499132880024e-8,1,5.0816982621881837e-8,0.3088458478450775,-2.931238007874981e-8,0.9511120915412903],8,1.417506217956543],[[593.4265747070313,222.1844482421875,119.75538635253906,0.9568719267845154,9.623887819998345e-8,-0.29051005840301516,-7.927935996576707e-8,1,7.01479621056933e-8,0.29051005840301516,-4.4091162720860669e-8,0.9568719267845154],8,1.4291574954986573],[[593.6168212890625,222.8435516357422,119.81727600097656,0.9646137952804565,1.1750228878781854e-7,-0.26366689801216128,-9.749513907308938e-8,1,8.896503800315259e-8,0.26366689801216128,-6.011066489008954e-8,0.9646137952804565],3,1.4452106952667237],[[593.8092651367188,223.47540283203126,119.87174224853516,0.9512003660202026,1.3940277199253615e-7,-0.30857399106025698,-1.0941508321593574e-7,1,1.144850330092595e-7,0.30857399106025698,-7.513555999594246e-8,0.9512003660202026],5,1.4648513793945313],[[594.0673828125,224.27017211914063,119.93869018554688,0.9393741488456726,1.040925639017587e-7,-0.3428938090801239,-7.44943733366199e-8,1,9.948990253860757e-8,0.3428938090801239,-6.79145912840795e-8,0.9393741488456726],5,1.4733235836029053],[[594.2620849609375,224.83047485351563,119.98426818847656,0.9533898830413818,7.226826426176558e-8,-0.30174121260643008,-4.800548225603052e-8,1,8.782466665024913e-8,0.30174121260643008,-6.924591389179113e-8,0.9533898830413818],5,1.483138084411621],[[594.4576416015625,225.36013793945313,120.02615356445313,0.9542348384857178,4.3247368353149798e-8,-0.2990584075450897,-2.189743497638119e-8,1,7.474150010011727e-8,0.2990584075450897,-6.477232972201819e-8,0.9542348384857178],5,1.4939932823181153],[[594.588134765625,225.6962127685547,120.05330657958985,0.9645527005195618,2.165797852171636e-8,-0.2638903260231018,-4.542152876041428e-9,1,6.54697487334488e-8,0.2638903260231018,-6.195039503609223e-8,0.9645527005195618],5,1.5064234733581544],[[594.7840576171875,226.17477416992188,120.0932846069336,0.9557433128356934,-5.335134112272044e-9,-0.2942017912864685,2.0900413844060496e-8,1,4.9762771681116649e-8,0.2942017912864685,-5.370937827819944e-8,0.9557433128356934],5,1.5163822174072266],[[594.9801635742188,226.6226806640625,120.1328353881836,0.955740749835968,-3.44028627807802e-8,-0.29421013593673708,4.593063351876481e-8,1,3.2272570393843128e-8,0.29421013593673708,-4.4357467032796197e-8,0.955740749835968],5,1.5282740592956544],[[595.1109008789063,226.9042510986328,120.1591567993164,0.9650099277496338,-5.522325352558255e-8,-0.2622132897377014,6.261508644911373e-8,1,1.9834722309042264e-8,0.2622132897377014,-3.55592142398109e-8,0.9650099277496338],5,1.5383691787719727],[[595.3070068359375,227.30105590820313,120.19863891601563,0.9562525153160095,-8.346242452716979e-8,-0.29254257678985598,8.701357501195162e-8,1,-8.73294436765093e-10,0.29254257678985598,-2.4620085525839387e-8,0.9562525153160095],5,1.5493137836456299],[[595.5031127929688,227.66722106933595,120.23783874511719,0.9562524557113648,-1.1311765035770805e-7,-0.2925426661968231,1.1103536223799893e-7,1,-2.3722392938907434e-8,0.2925426661968231,-9.797981981307658e-9,0.9562524557113648],5,1.561732530593872],[[595.69921875,228.00271606445313,120.2769775390625,0.9562524557113648,-1.4309168250292715e-7,-0.2925427258014679,1.3468380188896845e-7,1,-4.8881631187214228e-8,0.2925427258014679,7.342414232169858e-9,0.9562524557113648],5,1.5739850997924805],[[595.8953247070313,228.30755615234376,120.31611633300781,0.9562524557113648,-1.3792951847335645e-7,-0.2925427258014679,1.2557815409763863e-7,1,-6.09999588618848e-8,0.2925427258014679,2.159438672322267e-8,0.9562524557113648],5,1.5860424041748047],[[596.0914306640625,228.5817413330078,120.35525512695313,0.9562524557113648,-1.147359398601111e-7,-0.2925427258014679,1.0004762884818774e-7,1,-6.517048234400136e-8,0.2925427258014679,3.305122575625319e-8,0.9562524557113648],5,1.5983662605285645],[[596.22216796875,228.74749755859376,120.38134765625,0.9650099277496338,-9.788764288032326e-8,-0.26221323013305666,8.315753063925513e-8,1,-6.72727082928759e-8,0.26221323013305666,4.3113825398677366e-8,0.9650099277496338],5,1.61006498336792],[[596.4182739257813,228.97059631347657,120.42076110839844,0.9557400941848755,-7.557528647339496e-8,-0.294212281703949,5.794402468950466e-8,1,-6.864384971549953e-8,0.294212281703949,4.855783330981467e-8,0.9557400941848755],5,1.6200098991394044],[[596.5490112304688,229.102294921875,120.44707489013672,0.9650099873542786,-5.7851561763300199e-8,-0.26221320033073428,4.121702090742474e-8,1,-6.893904469507106e-8,0.26221320033073428,5.571921590785678e-8,0.9650099873542786],5,1.6315505504608155],[[596.7451171875,229.2742919921875,120.48655700683594,0.9557400941848755,-3.5436659828747e-8,-0.2942122519016266,1.625840795327349e-8,1,-6.763093551853672e-8,0.2942122519016266,5.985417317333486e-8,0.9557400941848755],5,1.6437146663665772],[[596.9412231445313,229.41563415527345,120.52603912353516,0.9557399749755859,-1.0835731423242123e-8,-0.2942126989364624,-8.585894661905514e-9,1,-6.472057378914542e-8,0.2942126989364624,6.438212096782081e-8,0.9557399749755859],5,1.6537668704986573],[[597.1373291015625,229.5263214111328,120.56552124023438,0.9557400941848755,1.4155078886801676e-8,-0.29421231150627139,-3.3339542682142567e-8,1,-6.019075016183706e-8,0.29421231150627139,6.733561264127275e-8,0.9557400941848755],5,1.6656863689422608],[[597.3334350585938,229.60635375976563,120.6050033569336,0.9587681889533997,4.026682987046115e-8,-0.2841891944408417,-5.80832306695811e-8,1,-5.4264994275854409e-8,0.2841891944408417,6.853417744423496e-8,0.9587681889533997],5,1.6793394088745118],[[597.5298461914063,229.65573120117188,120.642822265625,0.9612122178077698,6.67138806420553e-8,-0.2758099436759949,-8.284813191039575e-8,1,-4.684656573772372e-8,0.2758099436759949,6.787983153344612e-8,0.9612122178077698],5,1.691209316253662],[[597.7265625,229.67445373535157,120.67887115478516,0.967228889465332,9.45539539998208e-8,-0.25390613079071047,-1.0778799719446397e-7,1,-3.82098193085767e-8,0.25390613079071047,6.432567545289203e-8,0.967228889465332],5,1.7025198936462403],[[597.8580932617188,229.66989135742188,120.70046997070313,0.9785152077674866,1.153731474801134e-7,-0.20617473125457765,-1.2463961240882782e-7,1,-3.195643927256242e-8,0.20617473125457765,5.6967401462770798e-8,0.9785152077674866],5,1.7131567001342774],[[598.0559692382813,229.6375274658203,120.72929382324219,0.9805970788002014,1.4305982176665567e-7,-0.19603398442268372,-1.502109938655849e-7,1,-2.1611779033037238e-8,0.19603398442268372,5.063890640144564e-8,0.9805970788002014],5,1.7259047031402588],[[598.2548217773438,229.57449340820313,120.75041961669922,0.9853947758674622,1.5442064693615976e-7,-0.17028537392616273,-1.581941972972345e-7,1,-8.592044409283517e-9,0.17028537392616273,3.54047173800609e-8,0.9853947758674622],5,1.7363786697387696],[[598.4541625976563,229.48080444335938,120.76571655273438,0.9941485524177551,1.3186806313569833e-7,-0.10802147537469864,-1.3160540390799725e-7,1,9.560476854630906e-9,0.10802147537469864,4.711675494206702e-9,0.9941485524177551],5,1.7515606880187989],[[598.720703125,229.30819702148438,120.77075958251953,0.9980190992355347,9.932990252536911e-8,-0.06291134655475617,-9.747812157456792e-8,1,3.2504093638863199e-8,0.06291134655475617,-2.6307226619337599e-8,0.9980190992355347],5,1.777782678604126],[[599.0386962890625,229.01580810546876,120.74003601074219,0.99891597032547,5.538235825497395e-8,0.046549901366233829,-5.8271108827057108e-8,1,6.070003166769311e-8,-0.046549901366233829,-6.334674651498062e-8,0.99891597032547],5,1.790987491607666],[[599.2161865234375,228.79949951171876,120.69499206542969,0.9871745705604553,2.333712245672359e-8,0.15964441001415254,-3.6104438549955378e-8,1,7.707292581926595e-8,-0.15964441001415254,-8.184830591062564e-8,0.9871745705604553],5,1.810241460800171],[[599.4271240234375,228.46339416503907,120.61286926269531,0.9508370161056519,-1.6638631805676597e-8,0.3096916973590851,-1.4775482171103249e-8,1,9.909115306072636e-8,-0.3096916973590851,-9.879538254153886e-8,0.9508370161056519],5,1.8196849822998047],[[599.5628051757813,228.17555236816407,120.53812408447266,0.9278009533882141,-4.1392993921363089e-8,0.37307560443878176,-1.868106558333693e-9,1,1.155964710619628e-7,-0.37307560443878176,-1.0794746430065061e-7,0.9278009533882141],5,1.8435325622558594],[[599.7449951171875,227.627685546875,120.39047241210938,0.8970121145248413,-7.92596139831403e-8,0.4420059025287628,1.7193464429965389e-8,1,1.4442537121794886e-7,-0.4420059025287628,-1.2195170029372094e-7,0.8970121145248413],5,1.8505949974060059],[[599.7737426757813,227.3846893310547,120.3111801147461,0.8836708068847656,-7.048058137115732e-8,0.4681088924407959,1.8264078249785599e-8,1,1.1608655370309862e-7,-0.4681088924407959,-9.403272116514927e-8,0.8836708068847656],7,1.8611299991607667],[[599.6078491210938,226.50271606445313,119.92161560058594,0.8722310066223145,-2.8877479962829967e-8,0.4890941083431244,2.3446995456311016e-8,1,1.722834852557753e-8,-0.4890941083431244,-3.5593112901466385e-9,0.8722310066223145],7,1.8882086277008057],[[599.47802734375,226.50025939941407,119.68878173828125,0.8784211874008179,-3.76111097821763e-9,0.47788727283477785,2.56163410483623e-8,1,-3.9215994007690827e-8,-0.47788727283477785,4.668988395906126e-8,0.8784211874008179],8,1.911947250366211],[[599.347412109375,227.37338256835938,119.456298828125,0.8825483918190002,2.0879625139968995e-8,0.4702215790748596,2.72925078093067e-8,1,-9.562850067368345e-8,-0.4702215790748596,9.723030558461687e-8,0.8825483918190002],3,1.921647071838379],[[599.2525634765625,227.99501037597657,119.28018951416016,0.8825454115867615,3.965129735661321e-8,0.4702271521091461,2.8549143493705743e-8,1,-1.3790614161734994e-7,-0.4702271521091461,1.3513300700651599e-7,0.8825454115867615],5,1.934128999710083],[[599.1898193359375,228.39239501953126,119.16253662109375,0.8825443983078003,4.006318121696495e-8,0.4702291190624237,2.4081646898821419e-8,1,-1.303966570276316e-7,-0.4702291190624237,1.2640472846214835e-7,0.8825443983078003],5,1.9428560733795167],[[599.1270751953125,228.77615356445313,119.04486083984375,0.8825442790985107,4.047458546097005e-8,0.4702293276786804,1.96160936383194e-8,1,-1.2289036988022418e-7,-0.4702293276786804,1.1768025842684438e-7,0.8825442790985107],5,1.9496533870697022],[[599.0643310546875,229.1462860107422,118.92718505859375,0.882544219493866,4.0885780094868099e-8,0.4702294170856476,1.515246061956077e-8,1,-1.1538728728055503e-7,-0.4702294170856476,1.0895951874090315e-7,0.882544219493866],5,1.9590809345245362],[[598.97021484375,229.6759490966797,118.75067138671875,0.8825442790985107,4.1502200787135737e-8,0.47022923827171328,8.460596667703158e-9,1,-1.0413867812530953e-7,-0.47022923827171328,9.588541871607959e-8,0.8825442790985107],5,1.9707505702972413],[[598.907470703125,230.01202392578126,118.63299560546875,0.882544219493866,4.191295843725129e-8,0.47022944688796999,4.001739828396467e-9,1,-9.664361044769976e-8,-0.47022944688796999,8.717399424540418e-8,0.882544219493866],5,1.977940559387207],[[598.8447265625,230.33447265625,118.51531982421875,0.882544219493866,4.2323517135400837e-8,0.4702294170856476,-4.5521073022136706e-10,1,-8.915174731782827e-8,-0.4702294170856476,7.846630722951886e-8,0.882544219493866],5,1.9876420497894288],[[598.7506103515625,230.7926025390625,118.33880615234375,0.8825442790985107,4.2939014122111988e-8,0.47022926807403567,-7.137061608375461e-9,1,-7.79199567091382e-8,-0.47022926807403567,6.541175423535606e-8,0.8825442790985107],5,1.9995572566986085],[[598.6878662109375,231.0809783935547,118.22113037109375,0.882544219493866,4.334914649462007e-8,0.47022944688796999,-1.1589246895482575e-8,1,-7.043608718504402e-8,-0.47022944688796999,5.671335756574081e-8,0.882544219493866],5,2.009774923324585],[[598.59375,231.48800659179688,118.04461669921875,0.8825443387031555,4.396397912387329e-8,0.47022923827171328,-1.826395745752052e-8,1,-5.9216286985019909e-8,-0.47022923827171328,4.3672748972767297e-8,0.8825443387031555],5,2.021188497543335],[[598.4996337890625,231.8643798828125,117.86810302734375,0.8863664269447327,4.419334231897665e-8,0.4629843533039093,-2.480799921045218e-8,1,-4.795920816036414e-8,-0.4629843533039093,3.1023716928757497e-8,0.8863664269447327],5,2.0339207649230959],[[598.4068603515625,232.21009826660157,117.69093322753906,0.8975985050201416,4.395152686242909e-8,0.44081398844718935,-3.099781764603904e-8,1,-3.658670877371151e-8,-0.44081398844718935,1.917590175537498e-8,0.8975985050201416],5,2.0466196537017824],[[598.3181762695313,232.52516174316407,117.51170349121094,0.9037489891052246,4.4231850182541169e-8,0.4280628561973572,-3.7035132294249709e-8,1,-2.5139735626567018e-8,-0.4280628561973572,6.866645918535141e-9,0.9037489891052246],5,2.0579566955566408],[[598.2322998046875,232.8095703125,117.33106231689453,0.9063135385513306,4.476299153566288e-8,0.4226059019565582,-4.302822986801402e-8,1,-1.364373236611982e-8,-0.4226059019565582,-5.818484805075741e-9,0.9063135385513306],5,2.0691494941711427],[[598.147705078125,233.0633087158203,117.14981842041016,0.9058992266654968,4.533351827262777e-8,0.42349329590797427,-4.9044977856738117e-8,1,-2.133939913662175e-9,-0.42349329590797427,-1.8837084780898296e-8,0.9058992266654968],5,2.0834763050079347],[[598.0631103515625,233.28640747070313,116.9686050415039,0.8996273279190064,4.561269761893527e-8,0.4366585314273834,-5.5232511897429507e-8,1,9.33447719120295e-9,-0.4