[[[776,222.69961547851563,47,1,2.3180226565872326e-16,2.0109883784546258e-25,-2.3180226565872326e-16,1,1.7269600194325108e-9,1.992144217062126e-25,-1.7269600194325108e-9,1],8,0.007954597473144532],[[776,222.69961547851563,47,1,2.3279430005863565e-16,2.0281950371712098e-25,-2.3279430005863565e-16,1,1.7343511071743479e-9,2.0092755642141646e-25,-1.7343511071743479e-9,1],8,0.01946711540222168],[[776,222.69961547851563,47,1,2.337856991838376e-16,2.0454638186840799e-25,-2.337856991838376e-16,1,1.741737420957179e-9,2.0264692806815223e-25,-1.741737420957179e-9,1],8,0.045575857162475589],[[776,222.69961547851563,47,1,2.354366193375954e-16,2.0743829664314165e-25,-2.354366193375954e-16,1,1.7540373598023962e-9,2.0552633200196715e-25,-1.7540373598023962e-9,1],8,0.0538332462310791],[[776,222.69961547851563,47,1,2.3642632439690289e-16,2.0918167924368009e-25,-2.3642632439690289e-16,1,1.7614110170427467e-9,2.072622327498576e-25,-1.7614110170427467e-9,1],8,0.06393289566040039],[[776,222.69961547851563,47,1,2.3708576601611996e-16,2.1034739379446715e-25,-2.3708576601611996e-16,1,1.7663241980159228e-9,2.084229429642772e-25,-1.7663241980159228e-9,1],8,0.07294368743896485],[[776,222.69961547851563,47,1,2.380744122842433e-16,2.1210108089058e-25,-2.380744122842433e-16,1,1.7736899726727984e-9,2.1016916053369378e-25,-1.7736899726727984e-9,1],8,0.085174560546875],[[776,222.69961547851563,47,1,2.3873316568919077e-16,2.132735993666746e-25,-2.3873316568919077e-16,1,1.7785979355977589e-9,2.1133672397722745e-25,-1.7785979355977589e-9,1],8,0.09586119651794434],[[776,222.69961547851563,47,1,2.3939165439634219e-16,2.144488788559375e-25,-2.3939165439634219e-16,1,1.78350367807667e-9,2.125070237820261e-25,-1.78350367807667e-9,1],8,0.10580229759216309],[[776,222.69961547851563,47,1,2.4070775830791816e-16,2.168075976144516e-25,-2.4070775830791816e-16,1,1.793309056807857e-9,2.148558078235151e-25,-1.793309056807857e-9,1],8,0.11800217628479004],[[776,222.69961547851563,47,1,2.4169410170521619e-16,2.185837672463633e-25,-2.4169410170521619e-16,1,1.8006575119855484e-9,2.1662455723253705e-25,-1.8006575119855484e-9,1],8,0.13231945037841798],[[776,222.69961547851563,47,-0.9999464154243469,-2.3087684541955867e-10,-0.010350813157856465,-2.492478445859092e-10,1,1.7735457547018996e-9,0.010350813157856465,1.7760306558756156e-9,-0.9999464154243469],8,0.14872384071350099],[[776,222.69961547851563,47,-0.9965662360191345,-4.809094233948485e-10,0.08279971033334732,-3.341802667922167e-10,1,1.7859566048272769e-9,-0.08279971033334732,1.752153977463422e-9,-0.9965662360191345],8,0.17084908485412599],[[775.7758178710938,222.69961547851563,46.971073150634769,-0.9870363473892212,-6.441139288604347e-10,0.160496786236763,-3.54791029888446e-10,1,1.831328311219238e-9,-0.160496786236763,1.7506447402837467e-9,-0.9870363473892212],8,0.18326687812805177],[[775.5797729492188,222.69961547851563,46.93891906738281,-0.9831730723381043,-6.915182315658797e-10,0.1826765090227127,-3.57701757103257e-10,1,1.8603131257677319e-9,-0.1826765090227127,1.7636661020503653e-9,-0.9831730723381043],8,0.20275330543518067],[[775.1864624023438,222.69961547851563,46.86628341674805,-0.9741712212562561,-7.832386406114722e-10,0.22581063210964204,-3.592511566008483e-10,1,1.918716074911231e-9,-0.22581063210964204,1.7880352753962825e-9,-0.9741712212562561],8,0.21782779693603517],[[775.0562744140625,222.69961547851563,46.83763122558594,-0.970471978187561,-8.162928111232759e-10,0.24121393263339997,-3.59387436477121e-10,1,1.9381853899602676e-9,-0.24121393263339997,1.794265402921269e-9,-0.970471978187561],8,0.22645044326782227],[[774.9266967773438,222.69961547851563,46.80620193481445,-0.9670068621635437,-8.461061296038963e-10,0.2547503709793091,-3.592474651092914e-10,1,1.9576473775373417e-9,-0.2547503709793091,1.8015399172455205e-9,-0.9670068621635437],8,0.2356429100036621],[[774.797607421875,222.69961547851563,46.772804260253909,-0.9609736204147339,-8.916100635580904e-10,0.27664002776145937,-3.586644314879095e-10,1,1.977092933813651e-9,-0.27664002776145937,1.8007132451813846e-9,-0.9609736204147339],8,0.2454221248626709],[[774.6692504882813,222.69961547851563,46.736751556396487,-0.9580221176147461,-9.152463231743013e-10,0.2866942882537842,-3.5787744989690397e-10,1,1.996523169012221e-9,-0.2866942882537842,1.8101119492186513e-9,-0.9580221176147461],8,0.25402379035949709],[[774.4774780273438,222.69961547851563,46.67992401123047,-0.9554812908172607,-9.382435939286893e-10,0.2950516939163208,-3.564429584823614e-10,1,2.0256416544128798e-9,-0.2950516939163208,1.8302935833602874e-9,-0.9554812908172607],8,0.26421642303466799],[[774.3499755859375,222.69961547851563,46.64089584350586,-0.9533970355987549,-9.55816870096271e-10,0.30171865224838259,-3.553516370047305e-10,1,2.0450363624746616e-9,-0.30171865224838259,1.842515362504571e-9,-0.9533970355987549],8,0.2751758098602295],[[774.0956420898438,222.69961547851563,46.56074905395508,-0.9501821994781494,-9.846927717660492e-10,0.31169500946998598,-3.5276409571238789e-10,1,2.083776040606722e-9,-0.31169500946998598,1.8700121451331599e-9,-0.9501821994781494],8,0.28893399238586428],[[773.905517578125,222.69961547851563,46.49879455566406,-0.94686359167099,-1.0114423742990653e-9,0.32163533568382265,-3.505206402909522e-10,1,2.112787278463202e-9,-0.32163533568382265,1.887781708731495e-9,-0.94686359167099],8,0.3103482723236084],[[773.6528930664063,222.69961547851563,46.4134407043457,-0.9434405565261841,-1.0407744666096619e-9,0.33154168725013735,-3.4712677177139997e-10,1,2.151406608419393e-9,-0.33154168725013735,1.914637337563363e-9,-0.9434405565261841],8,0.317979097366333],[[773.5269775390625,222.69961547851563,46.36958312988281,-0.941102147102356,-1.0589182863895986e-9,0.33812230825424197,-3.4529618053724678e-10,1,2.1706916264463418e-9,-0.33812230825424197,1.926090176240791e-9,-0.941102147102356],8,0.3278663158416748],[[773.4014282226563,222.69961547851563,46.32477569580078,-0.9381139874458313,-1.0804913630479974e-9,0.34632664918899538,-3.432981954265557e-10,1,2.189951553432934e-9,-0.34632664918899538,1.9355308467083889e-9,-0.9381139874458313],8,0.3369450569152832],[[773.2136840820313,222.69961547851563,46.255863189697269,-0.935053288936615,-1.1045456771441309e-9,0.3545072674751282,-3.4005068205722468e-10,1,2.2187984782817695e-9,-0.3545072674751282,1.9541444018500444e-9,-0.935053288936615],8,0.3477625846862793],[[773.0888671875,222.69961547851563,46.208892822265628,-0.9280709624290466,-1.1466699811890635e-9,0.37240344285964968,-3.375179580267229e-10,1,2.2379744724077e-9,-0.37240344285964968,1.9513062277098926e-9,-0.9280709624290466],8,0.35807323455810549],[[772.9029541015625,222.69961547851563,46.135135650634769,-0.9241161942481995,-1.1742440353401662e-9,0.3821115493774414,-3.334198750426509e-10,1,2.2666817312000377e-9,-0.3821115493774414,1.9672736772946566e-9,-0.9241161942481995],8,0.36877894401550295],[[772.7796020507813,222.69961547851563,46.08455276489258,-0.9193762540817261,-1.2029895968268534e-9,0.3933793306350708,-3.3045557956690177e-10,1,2.285774902688331e-9,-0.3933793306350708,1.971492746832837e-9,-0.9193762540817261],8,0.38072800636291506],[[772.5955200195313,222.69961547851563,46.00636291503906,-0.9123646020889282,-1.244417791035346e-9,0.4093785881996155,-3.255122005274558e-10,1,2.3143174043838145e-9,-0.4093785881996155,1.9782435689563728e-9,-0.9123646020889282],8,0.39235377311706545],[[772.4127197265625,222.69961547851563,45.92512130737305,-0.90948086977005,-1.2653846859222995e-9,0.41574570536613467,-3.203727838574366e-10,1,2.3428063933295108e-9,-0.41574570536613467,1.9975441301056664e-9,-0.90948086977005],8,0.402768611907959],[[772.2306518554688,222.69961547851563,45.842247009277347,-0.9050740599632263,-1.2934143756027084e-9,0.4252540171146393,-3.1493857521880388e-10,1,2.3712218855109769e-9,-0.4252540171146393,2.012202404699792e-9,-0.9050740599632263],8,0.4140737056732178],[[772.10986328125,222.69961547851563,45.785884857177737,-0.9035818576812744,-1.3052152691983566e-9,0.4284154772758484,-3.112515245540237e-10,1,2.3901425283412438e-9,-0.4284154772758484,2.0263444255874676e-9,-0.9035818576812744],8,0.424274206161499],[[771.9290771484375,222.69961547851563,45.700374603271487,-0.9028322696685791,-1.3159099365722682e-9,0.4299928545951843,-3.056744302121217e-10,1,2.41849851256859e-9,-0.4299928545951843,2.052060743551465e-9,-0.9028322696685791],8,0.4362778663635254],[[771.74853515625,222.69961547851563,45.614444732666019,-0.9013239741325378,-1.3302269286086244e-9,0.4331456124782562,-3.0000188444567757e-10,1,2.4468169712577039e-9,-0.4331456124782562,2.0754302720860098e-9,-0.9013239741325378],8,0.4490389823913574],[[771.5681762695313,222.69961547851563,45.52793884277344,-0.9005643725395203,-1.341006305999315e-9,0.4347226619720459,-2.9428343095716516e-10,1,2.475107008237387e-9,-0.4347226619720459,2.1010615469663209e-9,-0.9005643725395203],8,0.45999979972839358],[[771.3878173828125,223.35189819335938,45.441341400146487,-0.900565505027771,-1.3481448180030498e-9,0.43472030758857729,-2.8856872447136086e-10,1,2.5033790596040719e-9,-0.43472030758857729,2.1290100793436297e-9,-0.900565505027771],3,0.47799229621887209],[[771.0875244140625,224.37091064453126,45.29650115966797,-0.8431877493858337,-1.3504953821907862e-9,0.5376191735267639,3.425273953361341e-11,1,2.5657136415446759e-9,-0.5376191735267639,2.1817931905587786e-9,-0.8431877493858337],5,0.5026957988739014],[[770.8468627929688,225.1248016357422,45.1816520690918,-0.8513341546058655,-1.056630116735846e-9,0.5246237516403198,3.752691768443839e-10,1,2.6230408955996156e-9,-0.5246237516403198,2.4299595668964004e-9,-0.8513341546058655],5,0.5095117092132568],[[770.7255249023438,225.4813232421875,45.12635803222656,-0.8831881880760193,-7.610770902388708e-10,0.46901875734329226,5.492256094363768e-10,1,2.656922903909731e-9,-0.46901875734329226,2.60415999875363e-9,-0.8831881880760193],5,0.5184414386749268],[[770.6039428710938,225.82420349121095,45.07167053222656,-0.8831139206886292,-6.222409809630847e-10,0.4691585898399353,7.248904809742385e-10,1,2.6907784889118604e-9,-0.4691585898399353,2.7163526983287058e-9,-0.8831139206886292],5,0.5273725986480713],[[770.4822998046875,226.15347290039063,45.01707077026367,-0.8830887079238892,-4.817248266952845e-10,0.4692060947418213,9.022049773932395e-10,1,2.724712677704133e-9,-0.4692060947418213,2.8294830922703797e-9,-0.8830887079238892],5,0.5365562438964844],[[770.2997436523438,226.62181091308595,44.93518829345703,-0.8669612407684326,-3.6485178767087236e-10,0.4983755350112915,1.1722860460139373e-9,1,2.7713606964852035e-9,-0.4983755350112915,2.9869009487981659e-9,-0.8669612407684326],5,0.5475823879241943],[[770.1780395507813,226.91700744628907,44.88059997558594,-0.8830766677856445,-1.2054671150174557e-10,0.4692287743091583,1.3543121069048425e-9,1,2.8056850176483296e-9,-0.4692287743091583,3.1131170974418866e-9,-0.8830766677856445],5,0.557605504989624],[[769.9954833984375,227.33425903320313,44.7987174987793,-0.8669559955596924,-6.550452454762157e-12,0.4983846843242645,1.6324420704094678e-9,1,2.8528284179429876e-9,-0.4983846843242645,3.2868607835467857e-9,-0.8669559955596924],5,0.5682375431060791],[[769.873779296875,227.5953826904297,44.7441291809082,-0.8830758333206177,2.5272853254598717e-10,0.4692303538322449,1.820521955409049e-9,1,2.8875590807331265e-9,-0.4692303538322449,3.404177606469716e-9,-0.8830758333206177],5,0.5795834064483643],[[769.6912231445313,227.9615478515625,44.66224670410156,-0.866955578327179,3.65478453057122e-10,0.4983854293823242,2.1088106816335996e-9,1,2.9350111230286304e-9,-0.4983854293823242,3.5955247668084668e-9,-0.866955578327179],5,0.5908830165863037],[[769.5086669921875,228.2970428466797,44.58036422729492,-0.8669555187225342,5.979192696514701e-10,0.498385488986969,2.404189958227221e-9,1,2.9824434033542959e-9,-0.498385488986969,3.7838590039029899e-9,-0.8669555187225342],5,0.6021707057952881],[[769.386962890625,228.50367736816407,44.52577590942383,-0.8830757737159729,8.845518761901872e-10,0.46923041343688967,2.6049442602982255e-9,1,3.0173050724613405e-9,-0.46923041343688967,3.886828192634084e-9,-0.8830757737159729],5,0.6128640174865723],[[769.2044067382813,228.7880859375,44.44389343261719,-0.8669556379318237,9.992503491318417e-10,0.49838536977767947,2.914021246525067e-9,1,3.0640481263333187e-9,-0.49838536977767947,4.108699158678064e-9,-0.8669556379318237],5,0.6238470077514648],[[769.0218505859375,229.0418243408203,44.36201095581055,-0.866955578327179,1.2523697634492237e-9,0.4983854591846466,3.2323594911787269e-9,1,3.1099269826029287e-9,-0.4983854591846466,4.307129319869318e-9,-0.866955578327179],5,0.6362919807434082],[[768.8392944335938,229.26492309570313,44.280128479003909,-0.8660862445831299,1.5074008707927078e-9,0.49989455938339236,3.560869821228607e-9,1,3.1539040268313558e-9,-0.49989455938339236,4.511612416990829e-9,-0.8660862445831299],5,0.6495866775512695],[[768.6569213867188,229.45736694335938,44.197994232177737,-0.8634545207023621,1.7566690324599677e-9,0.5044266581535339,3.900515466170873e-9,1,3.1942180012123346e-9,-0.5044266581535339,4.725586144616045e-9,-0.8634545207023621],5,0.6637446880340576],[[768.4749145507813,229.619140625,44.115028381347659,-0.8616881966590881,2.02453032116523e-9,0.5074381232261658,4.25203383613848e-9,1,3.230733014447651e-9,-0.5074381232261658,4.941528963797737e-9,-0.8616881966590881],5,0.6735115051269531],[[768.2932739257813,229.75025939941407,44.0313720703125,-0.8616881966590881,2.3214647981717464e-9,0.5074381828308106,4.616149240632694e-9,1,3.2638778346694154e-9,-0.5074381828308106,5.1548552093549919e-9,-0.8616881966590881],5,0.6850285530090332],[[768.1721801757813,229.82064819335938,43.975521087646487,-0.8772730827331543,2.6909343642245178e-9,0.4799915850162506,4.866077318865791e-9,1,3.2874418742778745e-9,-0.4799915850162506,5.2196602595699918e-9,-0.8772730827331543],5,0.6969873905181885],[[767.9302368164063,229.92054748535157,43.86344909667969,-0.8405399918556213,2.7350808284865026e-9,0.5417494773864746,5.385905943455782e-9,1,3.3077811600890074e-9,-0.5417494773864746,5.698134408760325e-9,-0.8405399918556213],5,0.7142086029052734],[[767.5076904296875,229.96421813964845,43.665184020996097,-0.7345237135887146,2.4962687472651625e-9,0.678583025932312,6.351931869374994e-9,1,3.196920062009667e-9,-0.678583025932312,6.6585266189633789e-9,-0.7345237135887146],5,0.7474825382232666],[[767.3317260742188,229.93185424804688,43.570335388183597,-0.7836926579475403,3.374008405998552e-9,0.6211487650871277,6.7930527869464189e-9,1,3.1387925591985778e-9,-0.6211487650871277,6.6793450770319399e-9,-0.7836926579475403],5,0.7539894580841065],[[767.21826171875,229.8932342529297,43.500362396240237,-0.7859377264976502,3.6666736313861749e-9,0.6183056235313416,7.0958945386223608e-9,1,3.089504208020344e-9,-0.6183056235313416,6.8155894261678899e-9,-0.7859377264976502],5,0.7633728981018066],[[767.0523681640625,229.8097686767578,43.38869094848633,-0.7442770004272461,3.635090894960058e-9,0.6678710579872131,7.55980877897855e-9,1,2.981864533069256e-9,-0.6678710579872131,7.268310397989808e-9,-0.7442770004272461],5,0.7724134922027588],[[766.9440307617188,229.73709106445313,43.31093215942383,-0.7302009463310242,3.776337909044969e-9,0.6832324266433716,7.875662788592308e-9,1,2.8899067583409989e-9,-0.6832324266433716,7.49112061271262e-9,-0.7302009463310242],5,0.7836649417877197],[[766.787841796875,229.60252380371095,43.18608474731445,-0.6895293593406677,3.7942582409300488e-9,0.72425776720047,8.357353031840376e-9,1,2.7177919914578298e-9,-0.72425776720047,7.926874268093798e-9,-0.6895293593406677],5,0.7958571910858154],[[766.635498046875,229.43731689453126,43.0565185546875,-0.6598811745643616,3.955785476961182e-9,0.7513699531555176,8.84888518015714e-9,1,2.5066577702403949e-9,-0.7513699531555176,8.302882825717007e-9,-0.6598811745643616],5,0.805793046951294],[[766.5370483398438,229.3101348876953,42.96668243408203,-0.6704066395759583,4.412731957614824e-9,0.7419939041137695,9.186313931763835e-9,1,2.3528947679096747e-9,-0.7419939041137695,8.393585382293623e-9,-0.6704066395759583],5,0.8155221939086914],[[766.440673828125,229.16934204101563,42.87455368041992,-0.6560248136520386,4.604570502664274e-9,0.7547393441200256,9.528770661404451e-9,1,2.1816000117524938e-9,-0.7547393441200256,8.622921043865972e-9,-0.6560248136520386],5,0.82554030418396],[[766.2991333007813,228.93258666992188,42.73329544067383,-0.61273193359375,4.668815112296443e-9,0.7902908325195313,1.0046610654512733e-8,1,1.8816670444010698e-9,-0.7902908325195313,9.09270081450586e-9,-0.61273193359375],5,0.8396494388580322],[[766.1148681640625,228.56922912597657,42.540557861328128,-0.5384149551391602,4.611755421990438e-9,0.8426798582077026,1.0731651123307984e-8,1,1.3840676382770312e-9,-0.8426798582077026,9.788548638312023e-9,-0.5384149551391602],5,0.8532555103302002],[[765.9840698242188,228.2609405517578,42.3892936706543,-0.5057569146156311,4.8725969925556e-9,0.8626760244369507,1.1244409847677162e-8,1,9.439706794012182e-10,-0.8626760244369507,1.0177703124725213e-8,-0.5057569146156311],5,0.8640410900115967],[[765.9027709960938,228.03839111328126,42.28369903564453,-0.4998277425765991,5.253880885902618e-9,0.8661248087882996,1.1589126103217496e-8,1,6.219493253745156e-10,-0.8661248087882996,1.0348497170298288e-8,-0.4998277425765991],5,0.8741660118103027],[[765.7898559570313,227.67901611328126,42.118717193603519,-0.43487921357154848,5.189674912031705e-9,0.9004887938499451,1.209125866097338e-8,1,7.613899094538468e-11,-0.9004887938499451,1.0921154647292042e-8,-0.43487921357154848],5,0.8876373767852783],[[765.6839599609375,227.2889862060547,41.94908142089844,-0.3677079975605011,5.1313233662142469e-9,0.9299412965774536,1.256725479237275e-8,1,-5.486830989553937e-10,-0.9299412965774536,1.1485054685067553e-8,-0.3677079975605011],5,0.8999788761138916],[[765.5888671875,226.86830139160157,41.77326965332031,-0.30687761306762698,5.183807605391166e-9,0.9517489671707153,1.301635865758044e-8,1,-1.249676584436088e-9,-0.9517489671707153,1.2004808702670289e-8,-0.30687761306762698],5,0.9187016487121582],[[765.4790649414063,226.2596893310547,41.53038787841797,-0.21404655277729035,5.15628206798624e-9,0.9768234491348267,1.3558525857604309e-8,1,-2.3076089927798195e-9,-0.9768234491348267,1.2750350109058673e-8,-0.21404655277729035],5,0.9283344745635986],[[765.4081420898438,225.76747131347657,41.34347152709961,-0.2124643623828888,6.068572311335174e-9,0.9771687984466553,1.3966880985094577e-8,1,-3.173564078196023e-9,-0.9771687984466553,1.2973731422505353e-8,-0.2124643623828888],5,0.9386956691741943],[[765.344970703125,225.24459838867188,41.15373611450195,-0.1764834225177765,6.58660948005263e-9,0.9843035936355591,1.4355029165358247e-8,1,-4.117819862869965e-9,-0.9843035936355591,1.3402980059140646e-8,-0.1764834225177765],5,0.9509861469268799],[[765.3071899414063,224.8789825439453,41.0258903503418,-0.13001082837581635,6.655195949889503e-9,0.9915125966072083,1.4578803053666434e-8,1,-4.800538189186909e-9,-0.9915125966072083,1.3830944389781053e-8,-0.13001082837581635],5,0.961113452911377],[[765.2555541992188,224.3050079345703,40.8481559753418,-0.07921957224607468,6.159628807012041e-9,0.9968571662902832,1.516688108438302e-8,1,-4.973746747793939e-9,-0.9968571662902832,1.4725196173515087e-8,-0.07921957224607468],5,0.9766266345977783],[[765.1964111328125,223.49203491210938,40.64455032348633,-0.04035980626940727,5.289436000310843e-9,0.9991852045059204,1.616081846123052e-8,1,-4.640969830660424e-9,-0.9991852045059204,1.5960342381049487e-8,-0.04035980626940727],5,1.0016119480133057],[[765.1751708984375,222.5082244873047,40.57148742675781,-0.005624854005873203,4.229147698708857e-9,0.9999842047691345,1.7464342860762373e-8,1,-4.130978670247032e-9,-0.9999842047691345,1.744083100163607e-8,-0.005624854005873203],7,1.0102283954620362],[[765.1749267578125,222.43919372558595,40.57074737548828,0.005653686821460724,3.825646466282251e-9,0.9999840259552002,1.7989284728514577e-8,1,-3.927415281879121e-9,-0.9999840259552002,1.8011201419199098e-8,0.005653686821460724],7,1.0197193622589112],[[765.1749267578125,222.46005249023438,40.57064437866211,0.016101310029625894,3.4302729545743206e-9,0.9998703598976135,1.8516230326781625e-8,1,-3.728891861953798e-9,-0.9998703598976135,1.8573869553506485e-8,0.016101310029625894],7,1.0374317169189454],[[765.1749267578125,222.54779052734376,40.57062911987305,0.016092462465167047,3.0162909947506479e-9,0.9998704791069031,1.9569538878272398e-8,1,-3.3316445158249054e-9,-0.9998704791069031,1.962061801918935e-8,0.016092462465167047],8,1.0455248355865479],[[765.1749267578125,223.2000732421875,40.57062911987305,0.01958024501800537,2.637389417969871e-9,0.9998083114624023,2.0359976815598203e-8,1,-3.0366249514912626e-9,-0.9998083114624023,2.0415530599393607e-8,0.01958024501800537],3,1.0593113899230958],[[765.1749267578125,223.8217010498047,40.57062911987305,0.024817058816552163,2.2201489535689235e-9,0.9996920228004456,2.115144326353402e-8,1,-2.745911276136326e-9,-0.9996920228004456,2.121307396407701e-8,0.024817058816552163],5,1.0817914009094239],[[765.1749267578125,224.78961181640626,40.57062911987305,0.030054982751607896,1.5922739793339247e-9,0.9995482563972473,2.2471953187164219e-8,1,-2.2686930112314487e-9,-0.9995482563972473,2.2529986765107425e-8,0.030054982751607896],5,1.0898525714874268],[[765.1749267578125,225.15293884277345,40.57062911987305,0.031800929456949237,1.3463936632263085e-9,0.999494194984436,2.3000094273584183e-8,1,-2.0788695209716936e-9,-0.999494194984436,2.305457158513491e-8,0.031800929456949237],5,1.0987598896026612],[[765.1749267578125,225.5026397705078,40.57062911987305,0.03180093690752983,1.1399587940275069e-9,0.999494194984436,2.3528009762685543e-8,1,-1.889127076992736e-9,-0.999494194984436,2.3576186336526918e-8,0.03180093690752983],5,1.1067605018615723],[[765.1749267578125,225.83871459960938,40.57062911987305,0.03180093690752983,9.33612187559163e-10,0.999494194984436,2.4055701430825139e-8,1,-1.6994656792945762e-9,-0.999494194984436,2.4097579043314e-8,0.03180093690752983],5,1.1156749725341797],[[765.1749267578125,226.16116333007813,40.57062911987305,0.03180093690752983,7.273538438212768e-10,0.999494194984436,2.458316750164613e-8,1,-1.5098852168549116e-9,-0.999494194984436,2.4618749705496158e-8,0.03180093690752983],5,1.1487071514129639],[[765.1749267578125,227.314697265625,40.57062911987305,0.03354630619287491,-1.397910814882053e-10,0.999437153339386,2.6692093868518897e-8,1,-7.560556625207937e-10,-0.999437153339386,2.6702434041681046e-8,0.03354630619287491],5,1.1643049716949463],[[765.1749267578125,227.80972290039063,40.57062911987305,0.03354630619287491,-5.513389189637508e-10,0.999437153339386,2.7745207020757335e-8,1,-3.796239433917492e-10,-0.999437153339386,2.7742325769963828e-8,0.03354630619287491],5,1.1722204685211182],[[765.1749267578125,228.0367889404297,40.57062911987305,0.03354630619287491,-7.569809223895163e-10,0.999437153339386,2.8271426089077069e-8,1,-1.9152876507000372e-10,-0.999437153339386,2.826193856719783e-8,0.03354630619287491],5,1.1813697814941407],[[765.1749267578125,228.250244140625,40.57062911987305,0.03354630619287491,-9.625350516628828e-10,0.999437153339386,2.8797419560078198e-8,1,-3.5139885792845327e-12,-0.999437153339386,2.878132931982691e-8,0.03354630619287491],5,1.1893856525421143],[[765.1749267578125,228.63626098632813,40.57062911987305,0.03354630619287491,-1.3733797432635698e-9,0.999437153339386,2.9848731486481486e-8,1,3.7227457228006246e-10,-0.999437153339386,2.981944291491345e-8,0.03354630619287491],5,1.2067382335662842],[[765.1749267578125,228.80882263183595,40.57062911987305,0.03354630619287491,-1.5786704166131927e-9,0.999437153339386,3.037404994188364e-8,1,5.600483965473302e-10,-0.999437153339386,3.0338167533727758e-8,0.03354630619287491],5,1.21608567237854],[[765.1600341796875,229.04214477539063,40.57012939453125,0.03354630619287491,-1.8864418915853777e-9,0.999437153339386,3.116161195748646e-8,1,8.415586005838804e-10,-0.999437153339386,3.111584234716247e-8,0.03354630619287491],5,1.235159158706665],[[765.063232421875,229.4167938232422,40.5668830871582,0.03354630619287491,-2.5013930926576224e-9,0.999437153339386,3.273521542723756e-8,1,1.4040376639101738e-9,-0.999437153339386,3.2669692728859448e-8,0.03354630619287491],5,1.263228178024292],[[764.9490966796875,229.5984344482422,40.563053131103519,0.03354630619287491,-2.910922614063338e-9,0.999437153339386,3.3783166486500707e-8,1,1.7786231376604178e-9,-0.999437153339386,3.370448808936999e-8,0.03354630619287491],5,1.2700955867767335],[[764.8771362304688,229.6688232421875,40.560638427734378,0.03354630619287491,-3.115556035382383e-9,0.999437153339386,3.430680806104647e-8,1,1.9657957484042756e-9,-0.999437153339386,3.422155359089629e-8,0.03354630619287491],5,1.2794151306152344],[[764.7506103515625,229.7488555908203,40.556392669677737,0.03354630619287491,-3.422342187420213e-9,0.999437153339386,3.5091847649937338e-8,1,2.2464046178782839e-9,-0.999437153339386,3.499673795204217e-8,0.03354630619287491],5,1.2898080348968506],[[764.3685302734375,229.81637573242188,40.5435676574707,0.023617831990122796,-3.7094469718113034e-9,0.9997210502624512,3.691963001983822e-8,1,2.8382769468038306e-9,-0.9997210502624512,3.6842294548478097e-8,0.023617831990122796],5,1.325622797012329],[[764.1046142578125,229.7152557373047,40.53749084472656,-0.0532669872045517,-1.258138260240571e-9,0.998580276966095,3.7932839092036377e-8,1,3.28336779986671e-9,-0.998580276966095,3.805388004707311e-8,-0.0532669872045517],7,1.343407154083252],[[763.8382568359375,229.55250549316407,40.54887008666992,-0.11287576705217362,6.13084971679001e-10,0.9936091303825378,3.8914837574566266e-8,1,3.803766635002148e-9,-0.9936091303825378,3.909548951241959e-8,-0.11287576705217362],7,1.351996898651123],[[763.7056274414063,229.45069885253907,40.56184387207031,-0.14756330847740174,1.7764000270759084e-9,0.9890525937080383,3.939602422065036e-8,1,4.081691429291823e-9,-0.9890525937080383,3.956704830443414e-8,-0.14756330847740174],7,1.3618969917297364],[[763.5076293945313,229.27244567871095,40.5897216796875,-0.18545646965503694,2.9895046438355168e-9,0.982652485370636,4.010085064010127e-8,1,4.5259724856805409e-9,-0.982652485370636,4.0244572119263469e-8,-0.18545646965503694],8,1.3712916374206544],[[763.3764038085938,229.16317749023438,40.613067626953128,-0.2704618275165558,6.28461993557039e-9,0.9627307057380676,4.054286861787659e-8,1,4.861877567208239e-9,-0.9627307057380676,4.0346815666225669e-8,-0.2704618275165558],8,1.3813469409942628],[[763.247314453125,229.13319396972657,40.64601516723633,-0.31720679998397829,8.045922150756724e-9,0.9483563899993897,4.096775185757906e-8,1,5.218846244048336e-9,-0.9483563899993897,4.050748358963574e-8,-0.31720679998397829],8,1.3911981582641602],[[763.0018920898438,229.1456298828125,40.5941276550293,-0.42071759700775149,1.1901599705765875e-8,0.9071916341781616,4.170749079435154e-8,1,6.223022985807347e-9,-0.9071916341781616,4.045482171477488e-8,-0.42071759700775149],8,1.4084696769714356],[[762.8158569335938,229.16262817382813,40.522518157958987,-0.5179311037063599,1.5771385974971964e-8,0.85542231798172,4.216177629245976e-8,1,7.090662279551907e-9,-0.85542231798172,3.973860174255606e-8,-0.5179311037063599],8,1.4308807849884034],[[762.4293212890625,229.1842041015625,40.42081069946289,-0.6189438104629517,1.9477827351011e-8,0.7854352593421936,4.28446114142389e-8,1,8.96392116089828e-9,-0.7854352593421936,3.919983271316596e-8,-0.6189438104629517],8,1.4471805095672608],[[762.2318115234375,229.1898193359375,40.39072036743164,-0.7024562954902649,2.3190413145357526e-8,0.7117269039154053,4.3075434774664248e-8,1,9.931052424860809e-9,-0.7117269039154053,3.7634073635217649e-8,-0.7024562954902649],8,1.4582297801971436],[[762.0321655273438,229.19342041015626,40.3836784362793,-0.7388370037078857,2.4728731062850785e-8,0.6738841533660889,4.328674307885194e-8,1,1.0763151259141069e-8,-0.6738841533660889,3.712246510190198e-8,-0.7388370037078857],8,1.4672071933746338],[[761.8989868164063,229.195068359375,40.38739013671875,-0.7731613516807556,2.6408111253317658e-8,0.634209394454956,4.340980908068559e-8,1,1.1281248823991064e-8,-0.634209394454956,3.625313382826789e-8,-0.7731613516807556],8,1.4763271808624268],[[761.76611328125,229.1962890625,40.39828872680664,-0.8303123712539673,2.9530715650594176e-8,0.5572983026504517,4.3485378853347359e-8,1,1.1799305532633753e-8,-0.5572983026504517,3.403143722380264e-8,-0.8303123712539673],8,1.4892792701721192],[[761.5038452148438,229.1978302001953,40.4456672668457,-0.853817343711853,3.0540167728076997e-8,0.5205726623535156,4.3593221477067348e-8,1,1.2832946261198686e-8,-0.5205726623535156,3.365043355074704e-8,-0.853817343711853],8,1.50118088722229],[[761.3739624023438,229.1983184814453,40.47554016113281,-0.8888577818870544,3.2646148895310037e-8,0.4581831693649292,4.361033489885813e-8,1,1.3351073135936531e-8,-0.4581831693649292,3.1848728099248549e-8,-0.8888577818870544],8,1.511491298675537],[[761.1826171875,229.19882202148438,40.53359603881836,-0.9028183221817017,3.329799724838267e-8,0.4300221800804138,4.361163163935089e-8,1,1.4128064940166496e-8,-0.4300221800804138,3.150904603899107e-8,-0.9028183221817017],8,1.5211148262023926],[[761.0565795898438,229.1990509033203,40.57701110839844,-0.9144805073738098,3.394352532382072e-8,0.40462997555732729,4.359804250952948e-8,1,1.4645565649118453e-8,-0.40462997555732729,3.103415835425949e-8,-0.9144805073738098],8,1.5314338207244874],[[760.870849609375,229.19927978515626,40.56573486328125,-0.9312712550163269,3.493328648573879e-8,0.3643265664577484,4.35438245460773e-8,1,1.5419756138612685e-8,-0.3643265664577484,3.022415029363401e-8,-0.9312712550163269],8,1.5455446243286133],[[760.6228637695313,229.199462890625,40.473087310791019,-0.9445825815200806,3.5625774330583229e-8,0.32827380299568179,4.3432013541178097e-8,1,1.644769653807998e-8,-0.32827380299568179,2.979380120393671e-8,-0.9445825815200806],8,1.573526382446289],[[760.3085327148438,229.1995849609375,40.36232376098633,-0.9614444971084595,3.6681075954447809e-8,0.27499908208847048,4.322089708352905e-8,1,1.772158420010328e-8,-0.27499908208847048,2.892402584109277e-8,-0.9614444971084595],8,1.581845760345459],[[760.180908203125,229.19961547851563,40.32381820678711,-0.9665518403053284,3.7009009190569489e-8,0.25647127628326418,4.312674661832716e-8,1,1.8229043163842108e-8,-0.25647127628326418,2.8680085861765293e-8,-0.9665518403053284],8,1.5910274982452393],[[760.05224609375,229.19964599609376,40.288726806640628,-0.9713004231452942,3.7332085867092249e-8,0.2378559112548828,4.30229043502095e-8,1,1.873438115751469e-8,-0.2378559112548828,2.842996593699354e-8,-0.9713004231452942],8,1.6002559661865235],[[759.858154296875,229.19964599609376,40.24031066894531,-0.9753069281578064,3.749157073684728e-8,0.22085385024547578,4.285402255277404e-8,1,1.9489151625862179e-8,-0.22085385024547578,2.84723800092479e-8,-0.9753069281578064],8,1.6106419563293458],[[759.7282104492188,229.19964599609376,40.21023941040039,-0.9786598086357117,3.771391376972133e-8,0.20548731088638307,4.273359621720374e-8,1,1.999022991583388e-8,-0.20548731088638307,2.834484646996316e-8,-0.9786598086357117],8,1.6200799942016602],[[759.5326538085938,229.19964599609376,40.168460845947269,-0.9837055206298828,3.811222981653373e-8,0.17978721857070924,4.253344343396748e-8,1,2.073646143685437e-8,-0.17978721857070924,2.8045541000665254e-8,-0.9837055206298828],8,1.6307928562164307],[[759.4016723632813,229.19964599609376,40.14357376098633,-0.985534131526947,3.818322014126352e-8,0.16947706043720246,4.23948804950669e-8,1,2.1232260394299375e-8,-0.16947706043720246,2.8110076044640665e-8,-0.985534131526947],8,1.6512269973754883],[[759.0733642578125,229.19964599609376,40.08652114868164,-0.9903743267059326,3.849688212653746e-8,0.13841508328914643,4.200996528425094e-8,1,2.2459335724533959e-8,-0.13841508328914643,2.805796128768634e-8,-0.9903743267059326],8,1.6603353023529053],[[758.9414672851563,229.19964599609376,40.066993713378909,-0.9922130703926086,3.866522035878006e-8,0.1245521679520607,4.184927249184511e-8,1,2.2947601152623066e-8,-0.1245521679520607,2.7981325700920935e-8,-0.9922130703926086],8,1.6714529991149903],[[758.7431030273438,229.19964599609376,40.04138946533203,-0.9940477609634399,3.8769943699890067e-8,0.10894490778446198,4.1596887712103128e-8,1,2.3675731597450068e-8,-0.10894490778446198,2.806657839471427e-8,-0.9940477609634399],8,1.682016372680664],[[758.5443725585938,229.19964599609376,40.01897048950195,-0.9957984089851379,3.89240817355585e-8,0.09157229214906693,4.133200093292544e-8,1,2.439888113769939e-8,-0.09157229214906693,2.8081233338639323e-8,-0.9957984089851379],8,1.6919300556182862],[[758.4116821289063,229.19964599609376,40.006134033203128,-0.9988463521003723,3.9892803727070716e-8,0.048020217567682269,4.113464413535439e-8,1,2.4872557347066505e-8,-0.048020217567682269,2.6819158449598036e-8,-0.9988463521003723],8,1.7052545547485352],[[758.1454467773438,229.19964599609376,39.991519927978519,-0.9999905228614807,4.080320081811806e-8,-0.0043593235313892368,4.0691130465120298e-8,1,2.579734648122667e-8,0.0043593235313892368,2.5619714350000323e-8,-0.9999905228614807],8,1.7188408374786378],[[757.9454956054688,229.19964599609376,39.99037170410156,-0.99953293800354,4.1131137606953419e-8,-0.030560357496142389,4.034069434055709e-8,1,2.6481471238071209e-8,0.030560357496142389,2.5236277068074743e-8,-0.99953293800354],8,1.7345263957977296],[[757.7455444335938,229.19964599609376,39.995384216308597,-0.9964134097099304,4.210767912127267e-8,-0.0846184492111206,3.9953992114760697e-8,1,2.7145201642042595e-8,0.0846184492111206,2.3666999027227577e-8,-0.9964134097099304],8,1.7444980144500733],[[757.4132690429688,229.19964599609376,40.02138900756836,-0.9883410334587097,4.307308287820888e-8,-0.15225645899772645,3.923628710822413e-8,1,2.820406663772701e-8,0.15225645899772645,2.190125769629958e-8,-0.9883410334587097],8,1.7643797397613526],[[757.2811889648438,229.19964599609376,40.03935241699219,-0.9843210577964783,4.3376829239605288e-8,-0.17638622224330903,3.893915589969765e-8,1,2.8620153358360768e-8,0.17638622224330903,2.130308729419994e-8,-0.9843210577964783],8,1.773799180984497],[[757.0841674804688,229.19964599609376,40.07335662841797,-0.979712724685669,4.355641536335497e-8,-0.20040692389011384,3.847857144023692e-8,1,2.9232866793904578e-8,0.20040692389011384,2.0928441202272553e-8,-0.979712724685669],8,1.7849466800689698],[[756.953369140625,229.19964599609376,40.09918975830078,-0.9737318754196167,4.3905217239625929e-8,-0.22769765555858613,3.8160393955877228e-8,1,2.9632392539724607e-8,0.22769765555858613,2.016497369083936e-8,-0.9737318754196167],8,1.7947101593017579],[[756.7572631835938,229.8519287109375,40.138545989990237,-0.9589980244636536,4.466584258011608e-8,-0.2834128141403198,3.764967004826758e-8,1,3.020288730226639e-8,0.2834128141403198,1.82941093385125e-8,-0.9589980244636536],3,1.8099918365478516],[[756.500244140625,230.6739501953125,40.20884323120117,-0.9672988653182983,4.524194352484301e-8,-0.25363922119140627,3.9588588407468708e-8,1,2.739302651377784e-8,0.25363922119140627,1.645602409894309e-8,-0.9672988653182983],5,1.8364052772521973],[[756.18603515625,231.6248321533203,40.31998825073242,-0.9621474146842957,4.801092501338644e-8,-0.2725294828414917,4.358837202289578e-8,1,2.2281936296053574e-8,0.2725294828414917,9.559391500602033e-9,-0.9621474146842957],5,1.8454444408416749],[[756.0028686523438,232.1544952392578,40.39985275268555,-0.9331881403923035,5.010129200400115e-8,-0.35938817262649538,4.6283570753757888e-8,1,1.9227151426548518e-8,0.35938817262649538,1.3087817496426624e-9,-0.9331881403923035],5,1.854278802871704],[[755.8832397460938,232.49057006835938,40.458763122558597,-0.9102632999420166,5.099965960653208e-8,-0.4140298068523407,4.819334264993813e-8,1,1.722346176791234e-8,0.4140298068523407,-4.2755941009886559e-9,-0.9102632999420166],5,1.864497184753418],[[755.7653198242188,232.81301879882813,40.52096176147461,-0.9021525979042053,5.1816446244856709e-8,-0.4314170777797699,5.0163716736051359e-8,1,1.520829151502312e-8,0.4314170777797699,-7.921284961298625e-9,-0.9021525979042053],5,1.8741679191589356],[[755.5906372070313,233.27114868164063,40.6182746887207,-0.9096072912216187,5.336847053172278e-8,-0.41546913981437685,5.315897766422495e-8,1,1.2069913957191148e-8,0.41546913981437685,-1.1107033515145304e-8,-0.9096072912216187],5,1.8852100372314454],[[755.4751586914063,233.5595245361328,40.68498992919922,-0.8905428647994995,5.372234568312706e-8,-0.4548993706703186,5.5245838126438687e-8,1,9.944090884062007e-9,0.4548993706703186,-1.6275658154540907e-8,-0.8905428647994995],5,1.8964016437530518],[[755.3032836914063,233.966552734375,40.78720474243164,-0.9052025079727173,5.561619431659892e-8,-0.4249804615974426,5.836959715566081e-8,1,6.541208907862028e-9,0.4249804615974426,-1.8884819041886659e-8,-0.9052025079727173],5,1.9081084728240967],[[755.131591796875,234.34292602539063,40.88982009887695,-0.9051984548568726,5.695868310340302e-8,-0.42498910427093508,6.15550845850521e-8,1,2.915641950096415e-9,0.42498910427093508,-2.3521005587667788e-8,-0.9051984548568726],5,1.9194965362548829],[[754.9600219726563,234.6886444091797,40.99245071411133,-0.9052065014839172,5.8248630807611337e-8,-0.4249720275402069,6.480399861175101e-8,1,-9.70345026551911e-10,0.4249720275402069,-2.8418249087280857e-8,-0.9052065014839172],5,1.931358814239502],[[754.7884521484375,235.0037078857422,41.095088958740237,-0.9051998853683472,5.9468309387966659e-8,-0.4249861240386963,6.811737307543808e-8,1,-5.1567004000219189e-9,0.4249861240386963,-3.361678224678144e-8,-0.9051998853683472],5,1.9432532787322999],[[754.6168823242188,235.28811645507813,41.197731018066409,-0.9052059054374695,6.060129464913189e-8,-0.4249732196331024,7.149499481329258e-8,1,-9.68625268882306e-9,0.4249732196331024,-3.9151512254420598e-8,-0.9052059054374695],5,1.9551331996917725],[[754.5025024414063,235.46067810058595,41.26615905761719,-0.8905395269393921,5.989505780235049e-8,-0.4549059271812439,7.38370715680503e-8,1,-1.2881280930798767e-8,0.4549059271812439,-4.506021156203133e-8,-0.8905395269393921],5,1.9665312767028809],[[754.3309326171875,235.69400024414063,41.36880111694336,-0.9052022099494934,6.22975520059299e-8,-0.42498114705085757,7.731524931386957e-8,1,-1.8091110831619518e-8,0.42498114705085757,-4.923363761122346e-8,-0.9052022099494934],5,1.9772465229034424],[[754.1593627929688,235.8966522216797,41.47144317626953,-0.9052016735076904,6.308444966407478e-8,-0.4249822795391083,8.085208236252584e-8,1,-2.3772724233595e-8,0.4249822795391083,-5.5879812776993279e-8,-0.9052016735076904],5,1.9886324405670167],[[754.0449829101563,236.0147247314453,41.53987121582031,-0.890546441078186,6.154054688067845e-8,-0.4548923373222351,8.330986389637474e-8,1,-2.781043662025695e-8,0.4548923373222351,-6.266350283112843e-8,-0.890546441078186],5,1.999352216720581],[[753.8734130859375,236.16629028320313,41.642513275146487,-0.905204713344574,6.406511232626144e-8,-0.42497578263282778,8.692868647131036e-8,1,-3.4409357141385047e-8,0.42497578263282778,-6.809009533981225e-8,-0.905204713344574],5,2.0093798637390138],[[753.7018432617188,236.2871856689453,41.745155334472659,-0.9052049517631531,6.430920507227711e-8,-0.4249752461910248,9.059098715624714e-8,1,-4.163586098115957e-8,0.4249752461910248,-7.618791642016731e-8,-0.9052049517631531],5,2.0221869945526125],[[753.5874633789063,236.35076904296876,41.81358337402344,-0.8905460834503174,6.165972621374749e-8,-0.4548930823802948,9.314108240232599e-8,1,-4.679495546611179e-8,0.4548930823802948,-8.40422984538236e-8,-0.8905460834503174],5,2.031754732131958],[[753.4158935546875,236.4205780029297,41.91621398925781,-0.9096114039421082,6.50583444894437e-8,-0.41546007990837099,9.676375611888943e-8,1,-5.5261804021711217e-8,0.41546007990837099,-9.046824800407194e-8,-0.9096114039421082],5,2.0415871143341066],[[753.3009643554688,236.45008850097657,41.98374557495117,-0.8998821377754211,6.254448692288861e-8,-0.4361332058906555,9.923014232526839e-8,1,-6.133664953722473e-8,0.4361332058906555,-9.847331483570088e-8,-0.8998821377754211],5,2.051588535308838],[[753.185302734375,236.46597290039063,42.05011