[[[776,222.69961547851563,47,1,0,0,0,1,0,0,0,1],8,0.004113674163818359],[[776,222.69961547851563,47,1,0,0,0,1,0,0,0,1],8,0.004198789596557617],[[776,222.69961547851563,47,1,0,0,0,1,0,0,0,1],8,0.010724544525146485],[[776,222.69961547851563,47,1,0,0,0,1,0,0,0,1],8,0.010826349258422852],[[776,222.69961547851563,47,1,0,0,0,1,0,0,0,1],8,0.018245935440063478],[[776,222.69961547851563,47,1,0,0,0,1,0,0,0,1],8,0.018358230590820314],[[776,222.69961547851563,47,1,0,0,0,1,0,0,0,1],8,0.02719712257385254],[[776,222.69961547851563,47,1,0,0,0,1,0,0,0,1],8,0.027306318283081056],[[776,222.69961547851563,47,1,0,0,0,1,0,0,0,1],8,0.03916764259338379],[[776,222.69961547851563,47,1,0,0,0,1,0,0,0,1],8,0.039273977279663089],[[776,222.69961547851563,47,1,0,0,0,1,0,0,0,1],8,0.05003666877746582],[[776,222.69961547851563,47,1,0,0,0,1,0,0,0,1],8,0.050151824951171878],[[776,222.69961547851563,47,1,0,0,0,1,0,0,0,1],8,0.05988883972167969],[[776,222.69961547851563,47,1,0,0,0,1,0,0,0,1],8,0.05999112129211426],[[776,222.69961547851563,47,1,0,0,0,1,0,0,0,1],8,0.11052799224853516],[[776,222.69961547851563,47,1,0,0,0,1,0,0,0,1],8,0.11066150665283203],[[776,222.69961547851563,47,1,0,0,0,1,0,0,0,1],8,0.11748099327087403],[[776,222.69961547851563,47,1,0,0,0,1,0,0,0,1],8,0.11763310432434082],[[776,222.69961547851563,47,1,0,0,0,1,0,0,0,1],8,0.12697887420654298],[[776,222.69961547851563,47,1,0,0,0,1,0,0,0,1],8,0.12707257270812989],[[776,222.69961547851563,47,1,0,0,0,1,0,0,0,1],8,0.1361532211303711],[[776,222.69961547851563,47,1,0,0,0,1,0,0,0,1],8,0.13626956939697267],[[776,222.69961547851563,47,1,0,0,0,1,0,0,0,1],8,0.15020060539245606],[[776,222.69961547851563,47,1,0,0,0,1,0,0,0,1],8,0.1503467559814453],[[776,222.69961547851563,47,1,0,0,0,1,0,0,0,1],8,0.15898537635803224],[[776,222.69961547851563,47,1,0,0,0,1,0,0,0,1],8,0.15909409523010255],[[776,222.69961547851563,47,1,0,0,0,1,0,0,0,1],8,0.16916465759277345],[[776,222.69961547851563,47,1,0,0,0,1,0,0,0,1],8,0.16931676864624024],[[776,222.69961547851563,47,1,0,0,0,1,0,0,0,1],8,0.18083930015563966],[[776,222.69961547851563,47,1,0,0,0,1,0,0,0,1],8,0.180938720703125],[[776,222.69961547851563,47,1,0,0,0,1,0,0,0,1],8,0.18816328048706056],[[776,222.69961547851563,47,1,0,0,0,1,0,0,0,1],8,0.18843770027160645],[[776,222.69961547851563,47,1,0,0,0,1,0,0,0,1],8,0.19991016387939454],[[776,222.69961547851563,47,1,0,0,0,1,0,0,0,1],8,0.20002460479736329],[[776,222.69961547851563,47,1,0,0,0,1,0,0,0,1],8,0.21084952354431153],[[776,222.69961547851563,47,1,0,0,0,1,0,0,0,1],8,0.2109544277191162],[[776,222.69961547851563,47,1,0,0,0,1,0,0,0,1],8,0.22535300254821778],[[776,222.69961547851563,47,1,0,0,0,1,0,0,0,1],8,0.22546601295471192],[[776,222.69961547851563,47,1,0,0,0,1,0,0,0,1],8,0.23732638359069825],[[776,222.69961547851563,47,1,0,0,0,1,0,0,0,1],8,0.23743581771850587],[[776,222.69961547851563,47,1,0,0,0,1,0,0,0,1],8,0.24797916412353517],[[776,222.69961547851563,47,1,0,0,0,1,0,0,0,1],8,0.24826955795288087],[[776,222.69961547851563,47,1,0,0,0,1,0,0,0,1],8,0.25632166862487795],[[776,222.69961547851563,47,1,0,0,0,1,0,0,0,1],8,0.25644898414611819],[[776,222.69961547851563,47,1,0,0,0,1,0,0,0,1],8,0.27402472496032717],[[776,222.69961547851563,47,1,0,0,0,1,0,0,0,1],8,0.27414536476135256],[[775.8388671875,222.69961547851563,46.987586975097659,0.9905591011047363,0,0.1370861679315567,0,1,0,-0.1370861679315567,0,0.9905591011047363],8,0.2913095951080322],[[775.8388671875,222.69961547851563,46.987586975097659,0.9905591011047363,0,0.1370861679315567,0,1,0,-0.1370861679315567,0,0.9905591011047363],8,0.2914252281188965],[[775.5765380859375,222.69961547851563,46.96738815307617,0.9502273201942444,0,0.31155747175216677,0,1,0,-0.31155747175216677,0,0.9502273201942444],8,0.3203573226928711],[[775.5765380859375,222.69961547851563,46.96738815307617,0.9502273201942444,0,0.31155747175216677,0,1,0,-0.31155747175216677,0,0.9502273201942444],8,0.3205757141113281],[[775.2442626953125,222.69961547851563,46.94179916381836,0.8675547242164612,0,0.49734169244766238,0,1,0,-0.49734169244766238,0,0.8675547242164612],8,0.32879114151000979],[[775.2442626953125,222.69961547851563,46.94179916381836,0.8675547242164612,0,0.49734169244766238,0,1,0,-0.49734169244766238,0,0.8675547242164612],8,0.32887840270996096],[[774.9783935546875,222.69961547851563,46.921321868896487,0.7905219793319702,0,0.612433671951294,0,1,0,-0.612433671951294,0,0.7905219793319702],8,0.34552550315856936],[[774.9783935546875,222.69961547851563,46.921321868896487,0.7905219793319702,0,0.612433671951294,0,1,0,-0.612433671951294,0,0.7905219793319702],8,0.3457674980163574],[[774.6460571289063,222.69961547851563,46.89572525024414,0.6928913593292236,0,0.7210420370101929,0,1,0,-0.7210420370101929,0,0.6928913593292236],8,0.3749809265136719],[[774.6460571289063,222.69961547851563,46.89572525024414,0.6928913593292236,0,0.7210420370101929,0,1,0,-0.7210420370101929,0,0.6928913593292236],8,0.37507033348083498],[[774.313720703125,222.69961547851563,46.8696174621582,0.6005277633666992,0,0.7996039390563965,0,1,0,-0.7996039390563965,0,0.6005277633666992],8,0.3821229934692383],[[774.313720703125,222.69961547851563,46.8696174621582,0.6005277633666992,0,0.7996039390563965,0,1,0,-0.7996039390563965,0,0.6005277633666992],8,0.38220953941345217],[[774.1807861328125,222.69961547851563,46.85914993286133,0.5666341781616211,0,0.8239694833755493,0,1,0,-0.8239694833755493,0,0.5666341781616211],8,0.3932380676269531],[[774.1807861328125,222.69961547851563,46.85914993286133,0.5666341781616211,0,0.8239694833755493,0,1,0,-0.8239694833755493,0,0.5666341781616211],8,0.3933548927307129],[[773.9813842773438,222.69961547851563,46.843448638916019,0.5199766159057617,0,0.8541804552078247,0,1,0,-0.8541804552078247,0,0.5199766159057617],8,0.4050896167755127],[[773.9813842773438,222.69961547851563,46.843448638916019,0.5199766159057617,0,0.8541804552078247,0,1,0,-0.8541804552078247,0,0.5199766159057617],8,0.40517520904541018],[[773.781982421875,222.69961547851563,46.8277473449707,0.47706013917922976,0,0.8788706660270691,0,1,0,-0.8788706660270691,0,0.47706013917922976],8,0.4170346260070801],[[773.781982421875,222.69961547851563,46.8277473449707,0.47706013917922976,0,0.8788706660270691,0,1,0,-0.8788706660270691,0,0.47706013917922976],8,0.41713905334472659],[[773.6490478515625,222.69961547851563,46.81727981567383,0.4506029188632965,0,0.8927244544029236,0,1,0,-0.8927244544029236,0,0.4506029188632965],8,0.4267604351043701],[[773.6490478515625,222.69961547851563,46.81727981567383,0.4506029188632965,0,0.8927244544029236,0,1,0,-0.8927244544029236,0,0.4506029188632965],8,0.4268784523010254],[[773.3167114257813,222.69961547851563,46.79111099243164,0.3898093104362488,0,0.9208955764770508,0,1,0,-0.9208955764770508,0,0.3898093104362488],8,0.4456369876861572],[[773.3167114257813,222.69961547851563,46.79111099243164,0.3898093104362488,0,0.9208955764770508,0,1,0,-0.9208955764770508,0,0.3898093104362488],8,0.44603872299194338],[[773.1837768554688,222.69961547851563,46.780643463134769,0.36795851588249209,0,0.9298422336578369,0,1,0,-0.9298422336578369,0,0.36795851588249209],8,0.4535713195800781],[[773.1837768554688,222.69961547851563,46.780643463134769,0.36795851588249209,0,0.9298422336578369,0,1,0,-0.9298422336578369,0,0.36795851588249209],8,0.45372986793518069],[[772.984375,222.69961547851563,46.76494216918945,0.33841219544410708,0,0.9409979581832886,0,1,0,-0.9409979581832886,0,0.33841219544410708],8,0.4665658473968506],[[772.984375,222.69961547851563,46.76494216918945,0.33841219544410708,0,0.9409979581832886,0,1,0,-0.9409979581832886,0,0.33841219544410708],8,0.46668052673339846],[[772.8514404296875,222.69961547851563,46.75447463989258,0.3204476833343506,0,0.9472662210464478,0,1,0,-0.9472662210464478,0,0.3204476833343506],8,0.47496867179870608],[[772.8514404296875,222.69961547851563,46.75447463989258,0.3204476833343506,0,0.9472662210464478,0,1,0,-0.9472662210464478,0,0.3204476833343506],8,0.4750792980194092],[[772.718505859375,222.69961547851563,46.7440071105957,0.3038109838962555,0,0.9527323246002197,0,1,0,-0.9527323246002197,0,0.3038109838962555],8,0.48679232597351076],[[772.718505859375,222.69961547851563,46.7440071105957,0.3038109838962555,0,0.9527323246002197,0,1,0,-0.9527323246002197,0,0.3038109838962555],8,0.48691821098327639],[[772.45263671875,222.69961547851563,46.72307205200195,0.27332156896591189,0,0.9619227051734924,0,1,0,-0.9619227051734924,0,0.27332156896591189],8,0.49977660179138186],[[772.45263671875,222.69961547851563,46.72307205200195,0.27332156896591189,0,0.9619227051734924,0,1,0,-0.9619227051734924,0,0.27332156896591189],8,0.4998779296875],[[772.1203002929688,222.69961547851563,46.696903228759769,0.23992940783500672,0,0.9707903265953064,0,1,0,-0.9707903265953064,0,0.23992940783500672],8,0.5194025039672852],[[772.1203002929688,222.69961547851563,46.696903228759769,0.23992940783500672,0,0.9707903265953064,0,1,0,-0.9707903265953064,0,0.23992940783500672],8,0.519519567489624],[[771.9873657226563,222.69961547851563,46.68643569946289,0.22822146117687226,0,0.9736092686653137,0,1,0,-0.9736092686653137,0,0.22822146117687226],8,0.5306382179260254],[[771.9873657226563,222.69961547851563,46.68643569946289,0.22822146117687226,0,0.9736092686653137,0,1,0,-0.9736092686653137,0,0.22822146117687226],8,0.5308253765106201],[[771.7879638671875,222.69961547851563,46.67073440551758,0.21254096925258637,0,0.9771521687507629,0,1,0,-0.9771521687507629,0,0.21254096925258637],8,0.5425546169281006],[[771.7879638671875,222.69961547851563,46.67073440551758,0.21254096925258637,0,0.9771521687507629,0,1,0,-0.9771521687507629,0,0.21254096925258637],8,0.5427026748657227],[[771.5885620117188,222.69961547851563,46.655033111572269,0.19851407408714295,0,0.9800980091094971,0,1,0,-0.9800980091094971,0,0.19851407408714295],8,0.5544579029083252],[[771.5885620117188,222.69961547851563,46.655033111572269,0.19851407408714295,0,0.9800980091094971,0,1,0,-0.9800980091094971,0,0.19851407408714295],8,0.5545825958251953],[[771.38916015625,222.69961547851563,46.63933181762695,0.18594466149806977,0,0.9825602173805237,0,1,0,-0.9825602173805237,0,0.18594466149806977],8,0.5665638446807861],[[771.38916015625,222.69961547851563,46.63933181762695,0.18594466149806977,0,0.9825602173805237,0,1,0,-0.9825602173805237,0,0.18594466149806977],8,0.5666840076446533],[[771.1897583007813,222.69961547851563,46.62363052368164,0.1746794581413269,0,0.9846253395080566,0,1,0,-0.9846253395080566,0,0.1746794581413269],8,0.5796267986297607],[[771.1897583007813,222.69961547851563,46.62363052368164,0.1746794581413269,0,0.9846253395080566,0,1,0,-0.9846253395080566,0,0.1746794581413269],8,0.580040693283081],[[771.0568237304688,222.69961547851563,46.613162994384769,0.16786709427833558,0,0.9858096241950989,0,1,0,-0.9858096241950989,0,0.16786709427833558],8,0.5908913612365723],[[771.0568237304688,222.69961547851563,46.613162994384769,0.16786709427833558,0,0.9858096241950989,0,1,0,-0.9858096241950989,0,0.16786709427833558],8,0.5913310050964356],[[770.7909545898438,222.69961547851563,46.592227935791019,0.1555381417274475,0,0.987829864025116,0,1,0,-0.987829864025116,0,0.1555381417274475],8,0.6063930988311768],[[770.7909545898438,222.69961547851563,46.592227935791019,0.1555381417274475,0,0.987829864025116,0,1,0,-0.987829864025116,0,0.1555381417274475],8,0.606511116027832],[[770.4586181640625,223.7697296142578,46.56605911254883,0.14048340916633607,0,0.9900830388069153,0,1,0,-0.9900830388069153,0,0.14048340916633607],3,0.6285433769226074],[[770.4586181640625,223.7697296142578,46.56605911254883,0.14048340916633607,0,0.9900830388069153,0,1,0,-0.9900830388069153,0,0.14048340916633607],3,0.6286425590515137],[[770.1927490234375,224.5644989013672,46.54512405395508,0.13106781244277955,0,0.9913734197616577,0,1,0,-0.9913734197616577,0,0.13106781244277955],5,0.6517758369445801],[[770.1927490234375,224.5644989013672,46.54512405395508,0.13106781244277955,0,0.9913734197616577,0,1,0,-0.9913734197616577,0,0.13106781244277955],5,0.6518609523773193],[[769.9268798828125,225.3047637939453,46.52418899536133,0.12355753779411316,0,0.9923374056816101,0,1,0,-0.9923374056816101,0,0.12355753779411316],5,0.6577839851379395],[[769.9268798828125,225.3047637939453,46.52418899536133,0.12355753779411316,0,0.9923374056816101,0,1,0,-0.9923374056816101,0,0.12355753779411316],5,0.6578495502471924],[[769.7939453125,225.6544647216797,46.5135498046875,0.12034927308559418,0,0.9927316308021545,0,1,0,-0.9927316308021545,0,0.12034927308559418],5,0.6692118644714356],[[769.7939453125,225.6544647216797,46.5135498046875,0.12034927308559418,0,0.9927316308021545,0,1,0,-0.9927316308021545,0,0.12034927308559418],5,0.6693284511566162],[[769.5945434570313,226.15347290039063,46.49750900268555,0.11609426885843277,0,0.9932382106781006,0,1,0,-0.9932382106781006,0,0.11609426885843277],5,0.6833586692810059],[[769.5945434570313,226.15347290039063,46.49750900268555,0.11609426885843277,0,0.9932382106781006,0,1,0,-0.9932382106781006,0,0.11609426885843277],5,0.68345046043396],[[769.395263671875,226.62181091308595,46.480892181396487,0.11252644658088684,0,0.9936487078666687,0,1,0,-0.9936487078666687,0,0.11252644658088684],5,0.693983793258667],[[769.395263671875,226.62181091308595,46.480892181396487,0.11252644658088684,0,0.9936487078666687,0,1,0,-0.9936487078666687,0,0.11252644658088684],5,0.6940798759460449],[[769.196044921875,227.0594940185547,46.46415328979492,0.10945297032594681,0,0.9939919710159302,0,1,0,-0.9939919710159302,0,0.10945297032594681],5,0.7041983604431152],[[769.196044921875,227.0594940185547,46.46415328979492,0.10945297032594681,0,0.9939919710159302,0,1,0,-0.9939919710159302,0,0.10945297032594681],5,0.704312801361084],[[769.129638671875,227.19857788085938,46.458351135253909,0.10858950763940811,0,0.9940866827964783,0,1,0,-0.9940866827964783,0,0.10858950763940811],5,0.7118206024169922],[[769.129638671875,227.19857788085938,46.458351135253909,0.10858950763940811,0,0.9940866827964783,0,1,0,-0.9940866827964783,0,0.10858950763940811],5,0.7121281623840332],[[768.797607421875,227.8428955078125,46.42877197265625,0.1050487831234932,0,0.9944670796394348,0,1,0,-0.9944670796394348,0,0.1050487831234932],5,0.7274191379547119],[[768.797607421875,227.8428955078125,46.42877197265625,0.1050487831234932,0,0.9944670796394348,0,1,0,-0.9944670796394348,0,0.1050487831234932],5,0.7275147438049316],[[768.5985717773438,228.18861389160157,46.40985107421875,0.10372916609048844,0,0.9946056008338928,0,1,0,-0.9946056008338928,0,0.10372916609048844],5,0.7447285652160645],[[768.5985717773438,228.18861389160157,46.40985107421875,0.10372916609048844,0,0.9946056008338928,0,1,0,-0.9946056008338928,0,0.10372916609048844],5,0.7450048923492432],[[768.333251953125,228.6018829345703,46.38270568847656,0.10318522900342941,0,0.9946621656417847,0,1,0,-0.9946621656417847,0,0.10318522900342941],5,0.7582192420959473],[[768.333251953125,228.6018829345703,46.38270568847656,0.10318522900342941,0,0.9946621656417847,0,1,0,-0.9946621656417847,0,0.10318522900342941],5,0.7583234310150147],[[768.1343994140625,228.87606811523438,46.361289978027347,0.10341498255729675,0,0.9946383237838745,0,1,0,-0.9946383237838745,0,0.10341498255729675],5,0.7724993228912354],[[768.1343994140625,228.87606811523438,46.361289978027347,0.10341498255729675,0,0.9946383237838745,0,1,0,-0.9946383237838745,0,0.10341498255729675],5,0.7726118564605713],[[767.9357299804688,229.11959838867188,46.33855438232422,0.10427376627922058,0,0.9945486187934876,0,1,0,-0.9945486187934876,0,0.10427376627922058],5,0.7849812507629395],[[767.9357299804688,229.11959838867188,46.33855438232422,0.10427376627922058,0,0.9945486187934876,0,1,0,-0.9945486187934876,0,0.10427376627922058],5,0.7850852012634277],[[767.7372436523438,229.3324737548828,46.31387710571289,0.10597359389066696,0,0.9943689703941345,0,1,0,-0.9943689703941345,0,0.10597359389066696],5,0.7950460910797119],[[767.7372436523438,229.3324737548828,46.31387710571289,0.10597359389066696,0,0.9943689703941345,0,1,0,-0.9943689703941345,0,0.10597359389066696],5,0.7951750755310059],[[767.6050415039063,229.45736694335938,46.296485900878909,0.10750491917133331,0,0.994204580783844,0,1,0,-0.994204580783844,0,0.10750491917133331],5,0.805473804473877],[[767.6050415039063,229.45736694335938,46.296485900878909,0.10750491917133331,0,0.994204580783844,0,1,0,-0.994204580783844,0,0.10750491917133331],5,0.8056073188781738],[[767.406982421875,229.619140625,46.26865005493164,0.11049827188253403,0,0.9938763380050659,0,1,0,-0.9938763380050659,0,0.11049827188253403],5,0.8177788257598877],[[767.406982421875,229.619140625,46.26865005493164,0.11049827188253403,0,0.9938763380050659,0,1,0,-0.9938763380050659,0,0.11049827188253403],5,0.8178853988647461],[[767.2095336914063,229.75025939941407,46.23711013793945,0.11489670723676682,0,0.9933774471282959,0,1,0,-0.9933774471282959,0,0.11489670723676682],5,0.8303318023681641],[[767.2095336914063,229.75025939941407,46.23711013793945,0.11489670723676682,0,0.9933774471282959,0,1,0,-0.9933774471282959,0,0.11489670723676682],5,0.8306300640106201],[[767.012451171875,229.85073852539063,46.203128814697269,0.1202603355050087,0,0.9927424192428589,0,1,0,-0.9927424192428589,0,0.1202603355050087],5,0.8472938537597656],[[767.012451171875,229.85073852539063,46.203128814697269,0.1202603355050087,0,0.9927424192428589,0,1,0,-0.9927424192428589,0,0.1202603355050087],5,0.8474423885345459],[[766.6854858398438,229.95005798339845,46.13823699951172,0.13226251304149629,0,0.9912147521972656,0,1,0,-0.9912147521972656,0,0.13226251304149629],5,0.8751904964447022],[[766.6854858398438,229.95005798339845,46.13823699951172,0.13226251304149629,0,0.9912147521972656,0,1,0,-0.9912147521972656,0,0.13226251304149629],5,0.8752858638763428],[[766.295654296875,229.9568328857422,46.04867172241211,0.15044552087783814,0,0.9886183142662048,0,1,0,-0.9886183142662048,0,0.15044552087783814],5,0.8992605209350586],[[766.295654296875,229.9568328857422,46.04867172241211,0.15044552087783814,0,0.9886183142662048,0,1,0,-0.9886183142662048,0,0.15044552087783814],5,0.8993549346923828],[[766.0406494140625,229.8932342529297,45.97134780883789,0.1690157949924469,0,0.9856133460998535,0,1,0,-0.9856133460998535,0,0.1690157949924469],5,0.9067511558532715],[[766.0406494140625,229.8932342529297,45.97134780883789,0.1690157949924469,0,0.9856133460998535,0,1,0,-0.9856133460998535,0,0.1690157949924469],5,0.9068562984466553],[[765.8529052734375,229.8097686767578,45.90243911743164,0.1864863783121109,0,0.9824575185775757,0,1,0,-0.9824575185775757,0,0.1864863783121109],5,0.9159512519836426],[[765.8529052734375,229.8097686767578,45.90243911743164,0.1864863783121109,0,0.9824575185775757,0,1,0,-0.9824575185775757,0,0.1864863783121109],5,0.9160912036895752],[[765.7291259765625,229.73709106445313,45.85294723510742,0.1990940421819687,0,0.9799804091453552,0,1,0,-0.9799804091453552,0,0.1990940421819687],5,0.926093339920044],[[765.7291259765625,229.73709106445313,45.85294723510742,0.1990940421819687,0,0.9799804091453552,0,1,0,-0.9799804091453552,0,0.1990940421819687],5,0.926337480545044],[[765.5455322265625,229.60252380371095,45.773555755615237,0.2192784994840622,0,0.9756622910499573,0,1,0,-0.9756622910499573,0,0.2192784994840622],5,0.9384922981262207],[[765.5455322265625,229.60252380371095,45.773555755615237,0.2192784994840622,0,0.9756622910499573,0,1,0,-0.9756622910499573,0,0.2192784994840622],5,0.9385945796966553],[[765.3656616210938,229.43731689453126,45.68623352050781,0.24152632057666779,0,0.9703942537307739,0,1,0,-0.9703942537307739,0,0.24152632057666779],5,0.9504878520965576],[[765.3656616210938,229.43731689453126,45.68623352050781,0.24152632057666779,0,0.9703942537307739,0,1,0,-0.9703942537307739,0,0.24152632057666779],5,0.9505970478057861],[[765.2470703125,229.3101348876953,45.62528991699219,0.25671207904815676,0,0.9664879441261292,0,1,0,-0.9664879441261292,0,0.25671207904815676],5,0.9609601497650147],[[765.2470703125,229.3101348876953,45.62528991699219,0.25671207904815676,0,0.9664879441261292,0,1,0,-0.9664879441261292,0,0.25671207904815676],5,0.9610607624053955],[[765.0718994140625,229.0938262939453,45.52873992919922,0.2802884578704834,0,0.959915816783905,0,1,0,-0.959915816783905,0,0.2802884578704834],5,0.973055362701416],[[765.0718994140625,229.0938262939453,45.52873992919922,0.2802884578704834,0,0.959915816783905,0,1,0,-0.959915816783905,0,0.2802884578704834],5,0.9731876850128174],[[764.8980102539063,228.84686279296876,45.4299201965332,0.30318087339401247,0,0.9529330134391785,0,1,0,-0.9529330134391785,0,0.30318087339401247],5,0.9848144054412842],[[764.8980102539063,228.84686279296876,45.4299201965332,0.30318087339401247,0,0.9529330134391785,0,1,0,-0.9529330134391785,0,0.30318087339401247],5,0.9849538803100586],[[764.725341796875,228.56922912597657,45.32905960083008,0.3248441815376282,0,0.9457675218582153,0,1,0,-0.9457675218582153,0,0.3248441815376282],5,0.9975433349609375],[[764.725341796875,228.56922912597657,45.32905960083008,0.3248441815376282,0,0.9457675218582153,0,1,0,-0.9457675218582153,0,0.3248441815376282],5,0.9976482391357422],[[764.5531616210938,228.2609405517578,45.22731399536133,0.3448030948638916,0,0.938675045967102,0,1,0,-0.938675045967102,0,0.3448030948638916],5,1.0105724334716797],[[764.5531616210938,228.2609405517578,45.22731399536133,0.3448030948638916,0,0.938675045967102,0,1,0,-0.938675045967102,0,0.3448030948638916],5,1.0106768608093262],[[764.2092895507813,227.5524139404297,45.023014068603519,0.3801147937774658,0,0.9249393343925476,0,1,0,-0.9249393343925476,0,0.3801147937774658],5,1.0322291851043702],[[764.2092895507813,227.5524139404297,45.023014068603519,0.3801147937774658,0,0.9249393343925476,0,1,0,-0.9249393343925476,0,0.3801147937774658],5,1.0323266983032227],[[764.0946655273438,227.2889862060547,44.954891204833987,0.3902147710323334,0,0.9207238554954529,0,1,0,-0.9207238554954529,0,0.3902147710323334],5,1.0427234172821046],[[764.0946655273438,227.2889862060547,44.954891204833987,0.3902147710323334,0,0.9207238554954529,0,1,0,-0.9207238554954529,0,0.3902147710323334],5,1.0428378582000733],[[763.9227294921875,226.86830139160157,44.85270690917969,0.40346336364746096,0,0.9149957895278931,0,1,0,-0.9149957895278931,0,0.40346336364746096],5,1.0537028312683106],[[763.9227294921875,226.86830139160157,44.85270690917969,0.40346336364746096,0,0.9149957895278931,0,1,0,-0.9149957895278931,0,0.40346336364746096],5,1.0538082122802735],[[763.7507934570313,226.4169464111328,44.75052261352539,0.4151487648487091,0,0.9097535610198975,0,1,0,-0.9097535610198975,0,0.4151487648487091],5,1.0664138793945313],[[763.7507934570313,226.4169464111328,44.75052261352539,0.4151487648487091,0,0.9097535610198975,0,1,0,-0.9097535610198975,0,0.4151487648487091],5,1.066556692123413],[[763.6362915039063,226.33761596679688,44.682254791259769,0.4222140610218048,0,0.9064961671829224,0,1,0,-0.9064961671829224,0,0.4222140610218048],7,1.0774281024932862],[[763.6362915039063,226.33761596679688,44.682254791259769,0.4222140610218048,0,0.9064961671829224,0,1,0,-0.9064961671829224,0,0.4222140610218048],7,1.077547311782837],[[763.4652099609375,226.245361328125,44.580162048339847,0.4318767786026001,0,0.9019325971603394,0,1,0,-0.9019325971603394,0,0.4318767786026001],7,1.0899837017059327],[[763.4652099609375,226.245361328125,44.580162048339847,0.4318767786026001,0,0.9019325971603394,0,1,0,-0.9019325971603394,0,0.4318767786026001],7,1.0900928974151612],[[763.07861328125,225.910888671875,44.34864044189453,0.4518393576145172,0,0.8920993208885193,0,1,0,-0.8920993208885193,0,0.4518393576145172],8,1.1177864074707032],[[763.07861328125,225.910888671875,44.34864044189453,0.4518393576145172,0,0.8920993208885193,0,1,0,-0.8920993208885193,0,0.4518393576145172],8,1.1178841590881348],[[762.9767456054688,225.78466796875,44.287269592285159,0.45677798986434939,0,0.8895807266235352,0,1,0,-0.8895807266235352,0,0.45677798986434939],8,1.1272764205932618],[[762.9767456054688,225.78466796875,44.287269592285159,0.45677798986434939,0,0.8895807266235352,0,1,0,-0.8895807266235352,0,0.45677798986434939],8,1.1273748874664307],[[762.82568359375,225.56979370117188,44.19605255126953,0.4632887542247772,0,0.8862074017524719,0,1,0,-0.8862074017524719,0,0.4632887542247772],8,1.1382787227630616],[[762.82568359375,225.56979370117188,44.19605255126953,0.4632887542247772,0,0.8862074017524719,0,1,0,-0.8862074017524719,0,0.4632887542247772],8,1.1383697986602784],[[762.6895751953125,225.32424926757813,44.113853454589847,0.469051718711853,0,0.8831707239151001,0,1,0,-0.8831707239151001,0,0.469051718711853],8,1.1495068073272706],[[762.6895751953125,225.32424926757813,44.113853454589847,0.469051718711853,0,0.8831707239151001,0,1,0,-0.8831707239151001,0,0.469051718711853],8,1.1496055126190186],[[762.555908203125,225.9833526611328,44.03318405151367,0.47464242577552798,0,0.880178689956665,0,1,0,-0.880178689956665,0,0.47464242577552798],3,1.1654775142669678],[[762.555908203125,225.9833526611328,44.03318405151367,0.47464242577552798,0,0.880178689956665,0,1,0,-0.880178689956665,0,0.47464242577552798],3,1.1655869483947755],[[762.4088134765625,226.61520385742188,43.94627380371094,0.4780597686767578,0,0.8783273100852966,0,1,0,-0.8783273100852966,0,0.4780597686767578],5,1.189396619796753],[[762.4088134765625,226.61520385742188,43.94627380371094,0.4780597686767578,0,0.8783273100852966,0,1,0,-0.8783273100852966,0,0.4780597686767578],5,1.1895039081573487],[[762.1229858398438,227.6001434326172,43.79364013671875,0.47713732719421389,0,0.878828763961792,0,1,0,-0.878828763961792,0,0.47713732719421389],5,1.1976323127746583],[[762.1229858398438,227.6001434326172,43.79364013671875,0.47713732719421389,0,0.878828763961792,0,1,0,-0.878828763961792,0,0.47713732719421389],5,1.1977410316467286],[[761.9417114257813,228.15023803710938,43.709434509277347,0.4725838005542755,0,0.8812857270240784,0,1,0,-0.8812857270240784,0,0.4725838005542755],5,1.207624912261963],[[761.9417114257813,228.15023803710938,43.709434509277347,0.4725838005542755,0,0.8812857270240784,0,1,0,-0.8812857270240784,0,0.4725838005542755],5,1.2077281475067139],[[761.819091796875,228.49993896484376,43.657127380371097,0.46782365441322329,0,0.8838218450546265,0,1,0,-0.8838218450546265,0,0.46782365441322329],5,1.2185728549957276],[[761.819091796875,228.49993896484376,43.657127380371097,0.46782365441322329,0,0.8838218450546265,0,1,0,-0.8838218450546265,0,0.46782365441322329],5,1.2186686992645264],[[761.6939697265625,228.8360137939453,43.611236572265628,0.46046581864356997,0,0.8876774311065674,0,1,0,-0.8876774311065674,0,0.46046581864356997],5,1.226468801498413],[[761.6939697265625,228.8360137939453,43.611236572265628,0.46046581864356997,0,0.8876774311065674,0,1,0,-0.8876774311065674,0,0.46046581864356997],5,1.2265894412994385],[[761.5048217773438,229.3145751953125,43.54627990722656,0.44764915108680727,0,0.8942092657089233,0,1,0,-0.8942092657089233,0,0.44764915108680727],5,1.2389209270477296],[[761.5048217773438,229.3145751953125,43.54627990722656,0.44764915108680727,0,0.8942092657089233,0,1,0,-0.8942092657089233,0,0.44764915108680727],5,1.2389957904815674],[[761.3768310546875,229.61659240722657,43.50934600830078,0.43692728877067568,0,0.8994967937469482,0,1,0,-0.8994967937469482,0,0.43692728877067568],5,1.2476885318756104],[[761.3768310546875,229.61659240722657,43.50934600830078,0.43692728877067568,0,0.8994967937469482,0,1,0,-0.8994967937469482,0,0.43692728877067568],5,1.2478666305541993],[[761.246826171875,229.90496826171876,43.4803466796875,0.4232635200023651,0,0.9060066342353821,0,1,0,-0.9060066342353821,0,0.4232635200023651],5,1.257563591003418],[[761.246826171875,229.90496826171876,43.4803466796875,0.4232635200023651,0,0.9060066342353821,0,1,0,-0.9060066342353821,0,0.4232635200023651],5,1.257690668106079],[[761.0496826171875,230.31199645996095,43.44693374633789,0.39935562014579775,0,0.916796088218689,0,1,0,-0.916796088218689,0,0.39935562014579775],5,1.2688028812408448],[[761.0496826171875,230.31199645996095,43.44693374633789,0.39935562014579775,0,0.916796088218689,0,1,0,-0.916796088218689,0,0.39935562014579775],5,1.268913745880127],[[760.7926025390625,230.80702209472657,43.42814254760742,0.302813857793808,0,0.9530497193336487,0,1,0,-0.9530497193336487,0,0.302813857793808],5,1.2840704917907715],[[760.7926025390625,230.80702209472657,43.42814254760742,0.302813857793808,0,0.9530497193336487,0,1,0,-0.9530497193336487,0,0.302813857793808],5,1.2842717170715333],[[760.6679077148438,231.03408813476563,43.433128356933597,0.24120552837848664,0,0.9704740643501282,0,1,0,-0.9704740643501282,0,0.24120552837848664],5,1.3062610626220704],[[760.6679077148438,231.03408813476563,43.433128356933597,0.24120552837848664,0,0.9704740643501282,0,1,0,-0.9704740643501282,0,0.24120552837848664],5,1.3063702583312989],[[760.369140625,231.5421600341797,43.487060546875,0.07892435044050217,0,0.9968805909156799,0,1,0,-0.9968805909156799,0,0.07892435044050217],5,1.3140993118286133],[[760.369140625,231.5421600341797,43.487060546875,0.07892435044050217,0,0.9968805909156799,0,1,0,-0.9968805909156799,0,0.07892435044050217],5,1.3142201900482178],[[760.1992797851563,231.80612182617188,43.54768753051758,-0.011956083588302136,0,0.9999285340309143,0,1,0,-0.9999285340309143,0,-0.011956083588302136],5,1.3238577842712403],[[760.1992797851563,231.80612182617188,43.54768753051758,-0.011956083588302136,0,0.9999285340309143,0,1,0,-0.9999285340309143,0,-0.011956083588302136],5,1.3239808082580567],[[760.0902099609375,231.96507263183595,43.599796295166019,-0.06724688410758972,0,0.997736394405365,0,1,0,-0.997736394405365,0,-0.06724688410758972],5,1.3330063819885255],[[760.0902099609375,231.96507263183595,43.599796295166019,-0.06724688410758972,0,0.997736394405365,0,1,0,-0.997736394405365,0,-0.06724688410758972],5,1.3330912590026856],[[759.984619140625,232.1103973388672,43.66120529174805,-0.1186215952038765,0,0.9929395318031311,0,1,0,-0.9929395318031311,0,-0.1186215952038765],5,1.34375],[[759.984619140625,232.1103973388672,43.66120529174805,-0.1186215952038765,0,0.9929395318031311,0,1,0,-0.9929395318031311,0,-0.1186215952038765],5,1.3438584804534913],[[759.4154052734375,232.6962127685547,44.19062805175781,-0.39036840200424197,0,0.9206587672233582,0,1,0,-0.9206587672233582,0,-0.39036840200424197],5,1.3959894180297852],[[759.4154052734375,232.6962127685547,44.19062805175781,-0.39036840200424197,0,0.9206587672233582,0,1,0,-0.9206587672233582,0,-0.39036840200424197],5,1.3960504531860352],[[759.2789306640625,232.76602172851563,44.3368034362793,-0.43798190355300906,0,0.8989837765693665,0,1,0,-0.8989837765693665,0,-0.43798190355300906],5,1.4104313850402833],[[759.2789306640625,232.76602172851563,44.3368034362793,-0.43798190355300906,0,0.8989837765693665,0,1,0,-0.8989837765693665,0,-0.43798190355300906],5,1.4104933738708497],[[759.1429443359375,232.80517578125,44.48345947265625,-0.47438758611679079,0,0.8803160786628723,0,1,0,-0.8803160786628723,0,-0.47438758611679079],5,1.416663646697998],[[759.1429443359375,232.80517578125,44.48345947265625,-0.47438758611679079,0,0.8803160786628723,0,1,0,-0.8803160786628723,0,-0.47438758611679079],5,1.4167537689208985],[[759.0526123046875,232.8142547607422,44.581520080566409,-0.49535611271858218,0,0.868690013885498,0,1,0,-0.868690013885498,0,-0.49535611271858218],5,1.426567554473877],[[759.0526123046875,232.8142547607422,44.581520080566409,-0.49535611271858218,0,0.868690013885498,0,1,0,-0.868690013885498,0,-0.49535611271858218],5,1.4266633987426758],[[758.9625854492188,232.8096923828125,44.67988967895508,-0.5143999457359314,0,0.8575503826141357,0,1,0,-0.8575503826141357,0,-0.5143999457359314],5,1.4325947761535645],[[758.9625854492188,232.8096923828125,44.67988967895508,-0.5143999457359314,0,0.8575503826141357,0,1,0,-0.8575503826141357,0,-0.5143999457359314],5,1.4326903820037842],[[758.8726196289063,232.79151916503907,44.77833938598633,-0.5318323373794556,0,0.8468496799468994,0,1,0,-0.8468496799468994,0,-0.5318323373794556],5,1.4418294429779053],[[758.8726196289063,232.79151916503907,44.77833938598633,-0.5318323373794556,0,0.8468496799468994,0,1,0,-0.8468496799468994,0,-0.5318323373794556],5,1.44193696975708],[[758.7826538085938,232.7597198486328,44.876800537109378,-0.5478214025497437,0,0.8365952968597412,0,1,0,-0.8365952968597412,0,-0.5478214025497437],5,1.450711727142334],[[758.7826538085938,232.7597198486328,44.876800537109378,-0.5478214025497437,0,0.8365952968597412,0,1,0,-0.8365952968597412,0,-0.5478214025497437],5,1.4508225917816163],[[758.6926879882813,232.71429443359376,44.97526550292969,-0.5625028014183044,0,0.8267953991889954,0,1,0,-0.8267953991889954,0,-0.5625028014183044],5,1.4589293003082276],[[758.6926879882813,232.71429443359376,44.97526550292969,-0.5625028014183044,0,0.8267953991889954,0,1,0,-0.8267953991889954,0,-0.5625028014183044],5,1.45904541015625],[[758.5577392578125,232.62060546875,45.122962951660159,-0.582480788230896,0,0.812844455242157,0,1,0,-0.812844455242157,0,-0.582480788230896],5,1.4702425003051758],[[758.5577392578125,232.62060546875,45.122962951660159,-0.582480788230896,0,0.812844455242157,0,1,0,-0.812844455242157,0,-0.582480788230896],5,1.4703855514526368],[[758.5128173828125,232.5825653076172,45.1722412109375,-0.5886160731315613,0,0.8084126710891724,0,1,0,-0.8084126710891724,0,-0.5886160731315613],5,1.477234125137329],[[758.5128173828125,232.5825653076172,45.1722412109375,-0.5886160731315613,0,0.8084126710891724,0,1,0,-0.8084126710891724,0,-0.5886160731315613],5,1.4775280952453614],[[758.423095703125,232.4962615966797,45.270843505859378,-0.6000971794128418,0,0.7999270558357239,0,1,0,-0.7999270558357239,0,-0.6000971794128418],5,1.4855186939239503],[[758.423095703125,232.4962615966797,45.270843505859378,-0.6000971794128418,0,0.7999270558357239,0,1,0,-0.7999270558357239,0,-0.6000971794128418],5,1.4856541156768799],[[758.3333740234375,232.39633178710938,45.36946105957031,-0.6106652021408081,0,0.7918888926506043,0,1,0,-0.7918888926506043,0,-0.6106652021408081],5,1.4933762550354005],[[758.3333740234375,232.39633178710938,45.36946105957031,-0.6106652021408081,0,0.7918888926506043,0,1,0,-0.7918888926506043,0,-0.6106652021408081],5,1.4935393333435059],[[758.24365234375,232.2827911376953,45.46807861328125,-0.6203951835632324,0,0.7842893600463867,0,1,0,-0.7842893600463867,0,-0.6203951835632324],5,1.5029785633087159],[[758.24365234375,232.2827911376953,45.46807861328125,-0.6203951835632324,0,0.7842893600463867,0,1,0,-0.7842893600463867,0,-0.6203951835632324],5,1.5031204223632813],[[758.1090698242188,232.0869140625,45.616004943847659,-0.633674681186676,0,0.7735996246337891,0,1,0,-0.7735996246337891,0,-0.633674681186676],5,1.5151183605194092],[[758.1090698242188,232.0869140625,45.616004943847659,-0.633674681186676,0,0.7735996246337891,0,1,0,-0.7735996246337891,0,-0.633674681186676],5,1.5152852535247803],[[757.8402709960938,231.6031951904297,45.912288665771487,-0.6569265723228455,0,0.7539545297622681,0,1,0,-0.7539545297622681,0,-0.6569265723228455],5,1.5361177921295167],[[757.8402709960938,231.6031951904297,45.912288665771487,-0.6569265723228455,0,0.7539545297622681,0,1,0,-0.7539545297622681,0,-0.6569265723228455],5,1.5361988544464112],[[757.7954711914063,231.51065063476563,45.96167755126953,-0.6603295207023621,0,0.7509759664535523,0,1,0,-0.7509759664535523,0,-0.6603295207023621],5,1.5444400310516358],[[757.7954711914063,231.51065063476563,45.96167755126953,-0.6603295207023621,0,0.7509759664535523,0,1,0,-0.7509759664535523,0,-0.6603295207023621],5,1.5445847511291505],[[757.7058715820313,231.3153533935547,46.060455322265628,-0.6664876341819763,0,0.7455161213874817,0,1,0,-0.7455161213874817,0,-0.6664876341819763],5,1.5526340007781983],[[757.7058715820313,231.3153533935547,46.060455322265628,-0.6664876341819763,0,0.7455161213874817,0,1,0,-0.7455161213874817,0,-0.6664876341819763],5,1.55293869972229],[[757.5714721679688,230.99684143066407,46.208621978759769,-0.6746999025344849,0,0.7380921840667725,0,1,0,-0.7380921840667725,0,-0.6746999025344849],5,1.562791109085083],[[757.5714721679688,230.99684143066407,46.208621978759769,-0.6746999025344849,0,0.7380921840667725,0,1,0,-0.7380921840667725,0,-0.6746999025344849],5,1.5631248950958253],[[757.4818725585938,230.76748657226563,46.30739974975586,-0.6796175837516785,0,0.7335665822029114,0,1,0,-0.7335665822029114,0,-0.6796175837516785],5,1.5742931365966797],[[757.4818725585938,230.76748657226563,46.30739974975586,-0.6796175837516785,0,0.7335665822029114,0,1,0,-0.7335665822029114,0,-0.6796175837516785],5,1.5746417045593262],[[757.3474731445313,230.39788818359376,46.45556640625,-0.6862871050834656,0,0.72733074426651,0,1,0,-0.72733074426651,0,-0.6862871050834656],5,1.584155559539795],[[757.3474731445313,230.39788818359376,46.45556640625,-0.6862871050834656,0,0.72733074426651,0,1,0,-0.72733074426651,0,-0.6862871050834656],5,1.5842466354370118],[[757.2578735351563,230.13446044921876,46.554344177246097,-0.6903079748153687,0,0.7235156297683716,0,1,0,-0.7235156297683716,0,-0.6903079748153687],5,1.5924625396728516],[[757.2578735351563,230.13446044921876,46.554344177246097,-0.6903079748153687,0,0.7235156297683716,0,1,0,-0.7235156297683716,0,-0.6903079748153687],5,1.5927143096923829],[[757.0786743164063,229.5667266845703,46.75189971923828,-0.6975322365760803,0,0.7165533900260925,0,1,0,-0.7165533900260925,0,-0.6975322365760803],5,1.6112313270568848],[[757.0786743164063,229.5667266845703,46.75189971923828,-0.6975322365760803,0,0.7165533900260925,0,1,0,-0.7165533900260925,0,-0.6975322365760803],5,1.611558198928833],[[756.8546752929688,228.78042602539063,46.998844146728519,-0.7052784562110901,0,0.7089304327964783,0,1,0,-0.7089304327964783,0,-0.7052784562110901],5,1.6311991214752198],[[756.8546752929688,228.78042602539063,46.998844146728519,-0.7052784562110901,0,0.7089304327964783,0,1,0,-0.7089304327964783,0,-0.7052784562110901],5,1.631317138671875],[[756.7139892578125,228.2677764892578,47.133541107177737,-0.6737256646156311,0,0.7389815449714661,0,1,0,-0.7389815449714661,0,-0.6737256646156311],5,1.6437628269195557],[[756.7139892578125,228.2677764892578,47.133541107177737,-0.6737256646156311,0,0.7389815449714661,0,1,0,-0.7389815449714661,0,-0.6737256646156311],5,1.6438703536987305],[[756.563720703125,227.72445678710938,47.2480354309082,-0.6245189905166626,0,0.7810096144676209,0,1,0,-0.7810096144676209,0,-0.6245189905166626],5,1.6694600582122803],[[756.563720703125,227.72445678710938,47.2480354309082,-0.6245189905166626,0,0.7810096144676209,0,1,0,-0.7810096144676209,0,-0.6245189905166626],5,1.6696019172668458],[[756.2659301757813,227.61456298828126,47.296932220458987,-0.5383443832397461,0,0.8427249193191528,0,1,0,-0.8427249193191528,0,-0.5383443832397461],7,1.6782023906707764],[[756.2659301757813,227.61456298828126,47.296932220458987,-0.5383443832397461,0,0.8427249193191528,0,1,0,-0.8427249193191528,0,-0.5383443832397461],7,1.6783297061920167],[[756.0755004882813,227.61376953125,47.30650329589844,-0.49033305048942568,0,0.8715351223945618,0,1,0,-0.8715351223945618,0,-0.49033305048942568],7,1.6878697872161866],[[756.0755004882813,227.61376953125,47.30650329589844,-0.49033305048942568,0,0.8715351223945618,0,1,0,-0.8715351223945618,0,-0.49033305048942568],7,1.6880462169647217],[[755.9439086914063,227.6137237548828,47.31295394897461,-0.4610658288002014,0,0.8873659372329712,0,1,0,-0.8873659372329712,0,-0.4610658288002014],7,1.698472261428833],[[755.9439086914063,227.6137237548828,47.31295394897461,-0.4610658288002014,0,0.8873659372329712,0,1,0,-0.8873659372329712,0,-0.4610658288002014],7,1.6987495422363282],[[755.8114624023438,227.57400512695313,47.31943893432617,-0.4337843954563141,0,0.9010167121887207,0,1,0,-0.9010167121887207,0,-0.4337843954563141],8,1.7078919410705567],[[755.8114624023438,227.57400512695313,47.31943893432617,-0.4337843954563141,0,0.9010167121887207,0,1,0,-0.9010167121887207,0,-0.4337843954563141],8,1.7080085277557374],[[755.617431640625,227.47776794433595,47.32892990112305,-0.39570149779319765,0,0.9183791875839233,0,1,0,-0.9183791875839233,0,-0.39570149779319765],8,1.717900037765503],[[755.617431640625,227.47776794433595,47.32892990112305,-0.39570149779319765,0,0.9183791875839233,0,1,0,-0.9183791875839233,0,-0.3957014