[[[776,222.69961547851563,47,1,-7.384930000853274e-8,5.719818675230422e-15,7.384930000853274e-8,1,-7.984992222986876e-9,-5.130132548560344e-15,7.984992222986876e-9,1],8,0.005832195281982422],[[776,222.69961547851563,47,1,-5.6283191440797967e-8,5.621960111801185e-15,5.6283191440797967e-8,1,-6.0856462091862799e-9,-5.27944031672228e-15,6.0856462091862799e-9,1],8,0.015392541885375977],[[776,222.69961547851563,47,1,-3.8724593309780178e-8,5.557368767375361e-15,3.8724593309780178e-8,1,-4.18711199046129e-9,-5.3952246384142598e-15,4.18711199046129e-9,1],8,0.023989200592041017],[[776,222.69961547851563,47,1,-3.629899048007701e-9,5.52805295707089e-15,3.629899048007701e-9,1,-3.9247574634693196e-10,-5.526628247653608e-15,3.9247574634693196e-10,1],8,0.03838229179382324],[[776,222.69961547851563,47,1,4.89559255356653e-8,5.733280146344661e-15,-4.89559255356653e-8,1,5.293401716954804e-9,-5.474136768879312e-15,-5.293401716954804e-9,1],8,0.07221198081970215],[[776,222.69961547851563,47,1,8.397569928320081e-8,6.035756882358592e-15,-8.397569928320081e-8,1,9.07993946697161e-9,-5.273262481921481e-15,-9.07993946697161e-9,1],8,0.07884669303894043],[[776,222.69961547851563,47,1,1.0147437023988459e-7,6.2365659477794849e-15,-1.0147437023988459e-7,1,1.0971994868214097e-8,-5.1231894194917e-15,-1.0971994868214097e-8,1],8,0.08954691886901856],[[776,222.69961547851563,47,1,1.1896555207613346e-7,6.4703652524300378e-15,-1.1896555207613346e-7,1,1.2863242027094657e-8,-4.9400824956354759e-15,-1.2863242027094657e-8,1],8,0.1002800464630127],[[776,222.69961547851563,47,1,9.089623631552968e-8,6.192797637812487e-15,-9.089623631552968e-8,1,9.828225344676867e-9,-5.299448929002321e-15,-9.828225344676867e-9,1],8,0.10959672927856446],[[776,222.69961547851563,47,1,7.219335174113439e-8,6.056445238578805e-15,-7.219335174113439e-8,1,7.805961210749502e-9,-5.4929065954739939e-15,-7.805961210749502e-9,1],8,0.12005424499511719],[[776,222.69961547851563,47,1,5.349846432523009e-8,5.958218215817513e-15,-5.349846432523009e-8,1,5.7845612744245049e-9,-5.6487530344722599e-15,-5.7845612744245049e-9,1],8,0.12948274612426759],[[776,222.69961547851563,47,1,2.5471111442243456e-8,5.8818865712262709e-15,-2.5471111442243456e-8,1,2.7540800751069129e-9,-5.811736996600564e-15,-2.7540800751069129e-9,1],8,0.1407930850982666],[[776,222.69961547851563,47,1,-2.5382795865169784e-9,5.890478873443218e-15,2.5382795865169784e-9,1,-2.7445962169636575e-10,-5.8897821888441018e-15,2.7445962169636575e-10,1],8,0.1524975299835205],[[776,222.69961547851563,47,1,-3.052972274986132e-8,5.983793105110435e-15,3.052972274986132e-8,1,-3.301058981719507e-9,-5.883012701529645e-15,3.301058981719507e-9,1],8,0.1637859344482422],[[776,222.69961547851563,47,1,-5.8503225375261539e-8,6.161659436121998e-15,5.8503225375261539e-8,1,-6.325719503763594e-9,-5.7915843887194899e-15,6.325719503763594e-9,1],8,0.1749584674835205],[[776,222.69961547851563,47,1,-7.714226768484878e-8,6.3271294399504938e-15,7.714226768484878e-8,1,-8.341083379548309e-9,-5.68367916750287e-15,8.341083379548309e-9,1],8,0.18622660636901856],[[776,222.69961547851563,47,1,-9.577333770494079e-8,6.530056511255995e-15,9.577333770494079e-8,1,-1.0355585722265915e-8,-5.5382673273818298e-15,1.0355585722265915e-8,1],8,0.1956939697265625],[[776,222.69961547851563,47,1,-9.745190965304573e-8,6.6029826598828018e-15,9.745190965304573e-8,1,-1.0537082317796376e-8,-5.576123770893466e-15,1.0537082317796376e-8,1],8,0.20766329765319825],[[776,222.69961547851563,47,1,-8.051461009017658e-8,6.464764670582792e-15,8.051461009017658e-8,1,-8.705719700685677e-9,-5.763827119037966e-15,8.705719700685677e-9,1],8,0.21974968910217286],[[776,222.69961547851563,47,1,-5.512223211212586e-8,6.3145793762875e-15,5.512223211212586e-8,1,-5.960142601679763e-9,-5.986042824618343e-15,5.960142601679763e-9,1],8,0.23009109497070313],[[776,222.69961547851563,47,1,-2.9746125562724047e-8,6.233793608943121e-15,2.9746125562724047e-8,1,-3.2163243179894609e-9,-6.138120390517801e-15,3.2163243179894609e-9,1],8,0.24173784255981446],[[775.89892578125,222.69961547851563,46.99933624267578,0.9952117800712586,-4.449149937357788e-9,0.09774196147918701,4.4622900929880419e-9,1,8.416298907798492e-11,-0.09774196147918701,3.523930036664069e-10,0.9952117800712586],8,0.2581515312194824],[[775.6417846679688,222.69961547851563,46.99763870239258,0.9597862362861633,2.919080088759074e-8,0.2807319760322571,-2.915268559888773e-8,1,-4.311786039323806e-9,-0.2807319760322571,-4.045697554744265e-9,0.9597862362861633],8,0.28101444244384768],[[775.3753051757813,222.69961547851563,46.99588394165039,0.8952657580375671,6.320604484244541e-8,0.44553253054618838,-6.073990022059661e-8,1,-1.9813807483615166e-8,-0.44553253054618838,-9.322977945203093e-9,0.8952657580375671],8,0.29002857208251955],[[775.1087036132813,222.69961547851563,46.9941291809082,0.8157569169998169,9.797549438417264e-8,0.578394889831543,-8.900904191477821e-8,1,-4.385542240470386e-8,-0.578394889831543,-1.570700902675526e-8,0.8157569169998169],8,0.3037710189819336],[[774.9754028320313,222.69961547851563,46.99290084838867,0.7742748260498047,1.1569222380103383e-7,0.6328495144844055,-1.0184293586235072e-7,1,-5.8209419506738416e-8,-0.6328495144844055,-1.938115978816768e-8,0.7742748260498047],8,0.3244285583496094],[[774.7088012695313,222.69961547851563,46.98943328857422,0.6917140483856201,7.973785187687099e-8,0.7221714854240418,-6.504560445819152e-8,1,-4.811169063145826e-8,-0.7221714854240418,-1.3694551270759803e-8,0.6917140483856201],8,0.3324582576751709],[[774.4421997070313,222.69961547851563,46.98422622680664,0.6122204065322876,4.285822186034238e-8,0.7906871438026428,-3.1344033146751829e-8,1,-2.993442649312783e-8,-0.7906871438026428,-6.456859491521527e-9,0.6122204065322876],8,0.3443136215209961],[[774.3088989257813,222.69961547851563,46.98114013671875,0.5750935673713684,2.4119358954521887e-8,0.818087637424469,-1.5713208512124767e-8,1,-1.8436647764019655e-8,-0.818087637424469,-2.2519852649338647e-9,0.5750935673713684],8,0.3552982807159424],[[774.1755981445313,222.69961547851563,46.97708511352539,0.5405414700508118,5.212754228267613e-9,0.8413174152374268,-8.600758438781497e-10,1,-5.643349343387172e-9,-0.8413174152374268,2.326867365454177e-9,0.5405414700508118],8,0.36730217933654787],[[773.9757080078125,222.69961547851563,46.969722747802737,0.4923737049102783,-2.3415152483607927e-8,0.8703839182853699,2.0113247956032866e-8,1,1.5524090457574858e-8,-0.8703839182853699,9.862593408627163e-9,0.4923737049102783],8,0.37758898735046389],[[773.7759399414063,222.69961547851563,46.961280822753909,0.4482397437095642,-5.231384747617085e-8,0.8939133882522583,3.968599315840038e-8,1,3.8622321341108548e-8,-0.8939133882522583,1.816378158991938e-8,0.4482397437095642],8,0.38793420791625979],[[773.576171875,222.69961547851563,46.950374603271487,0.40876299142837527,-8.143030783003269e-8,0.9126405715942383,5.808938752238646e-8,1,6.320726697595092e-8,-0.9126405715942383,2.717793989859274e-8,0.40876299142837527],8,0.402057409286499],[[773.443115234375,222.69961547851563,46.942081451416019,0.38506433367729189,-1.0093855706827526e-7,0.9228897094726563,6.983278666439219e-8,1,8.023541653301436e-8,-0.9228897094726563,3.355216549039142e-8,0.38506433367729189],8,0.41098833084106448],[[773.2437133789063,222.69961547851563,46.92702102661133,0.3534506559371948,-9.519683885628183e-8,0.9354531764984131,6.326339985207596e-8,1,7.786209721416526e-8,-0.9354531764984131,3.1659535437711386e-8,0.3534506559371948],8,0.42298102378845217],[[773.11083984375,222.69961547851563,46.91594314575195,0.3346388041973114,-7.96384895807023e-8,0.942346453666687,5.1424596136939729e-8,1,6.624932780141535e-8,-0.942346453666687,2.629018602817723e-8,0.3346388041973114],8,0.4337425231933594],[[772.91162109375,222.69961547851563,46.89755630493164,0.30958253145217898,-5.624425725159199e-8,0.950872540473938,3.445051532935395e-8,1,4.7933845337411188e-8,-0.950872540473938,1.7918566186381214e-8,0.30958253145217898],8,0.44440150260925295],[[772.7127685546875,222.69961547851563,46.875999450683597,0.2882903814315796,-3.27981375392028e-8,0.9575430154800415,1.8273384583267217e-8,1,2.8750767100405029e-8,-0.9575430154800415,9.208979356856162e-9,0.2882903814315796],8,0.4555542469024658],[[772.580322265625,222.69961547851563,46.860347747802737,0.27604877948760989,-1.7146508213272683e-8,0.9611436128616333,7.847305028008123e-9,1,1.5585879253876557e-8,-0.9611436128616333,3.239923218600893e-9,0.27604877948760989],8,0.4670236110687256],[[772.3820190429688,222.69961547851563,46.83418273925781,0.2605619430541992,6.352232961859272e-9,0.9654571413993836,-7.369726606754057e-9,1,-4.590533286830123e-9,-0.9654571413993836,-5.919037704416041e-9,0.2605619430541992],8,0.47801899909973147],[[772.183837890625,222.69961547851563,46.80746841430664,0.24716982245445252,2.986819325201395e-8,0.9689721465110779,-2.2198195281930567e-8,1,-2.5162195882444395e-8,-0.9689721465110779,-1.529009807654802e-8,0.24716982245445252],8,0.48973941802978518],[[771.9859008789063,222.69961547851563,46.77876281738281,0.23602056503295899,5.339455100283885e-8,0.9717480540275574,-3.6743216469403708e-8,1,-4.602262393404999e-8,-0.9717480540275574,-2.484286376613909e-8,0.23602056503295899],8,0.5022330284118652],[[771.7881469726563,222.69961547851563,46.749061584472659,0.22665439546108247,7.69254597798863e-8,0.9739752411842346,-5.1082690077919327e-8,1,-6.709343836064363e-8,-0.9739752411842346,-3.4546253857570267e-8,0.22665439546108247],8,0.5128133296966553],[[771.6564331054688,222.69961547851563,46.72848129272461,0.22136704623699189,9.261312072794681e-8,0.9751905798912048,-6.056863810499635e-8,1,-8.122025008105993e-8,-0.9751905798912048,-4.1086472890583539e-8,0.22136704623699189],8,0.5235857963562012],[[771.4590454101563,222.69961547851563,46.69644546508789,0.21475505828857423,9.971149239618171e-8,0.9766679406166077,-6.419336529006614e-8,1,-8.797835704399404e-8,-0.9766679406166077,-4.38018048498634e-8,0.21475505828857423],8,0.5378553867340088],[[771.1958618164063,223.57273864746095,46.653507232666019,0.20633432269096375,6.536554053582222e-8,0.9784815311431885,-4.1082181212459548e-8,1,-5.8139960401604188e-8,-0.9784815311431885,-2.8201887047885067e-8,0.20633432269096375],3,0.5525541305541992],[[770.8014526367188,224.78533935546876,46.58649444580078,0.19760939478874207,1.3874359439114415e-8,0.9802808165550232,-7.1808408108609e-9,1,-1.2705907437293718e-8,-0.9802808165550232,-4.5284340721707398e-9,0.19760939478874207],5,0.584254264831543],[[770.5391845703125,225.52560424804688,46.53811264038086,0.194723978638649,-2.0427442848358625e-8,0.9808580875396729,1.512634106859423e-8,1,1.7823150955109669e-8,-0.9808580875396729,1.1366198648943282e-8,0.194723978638649],5,0.5903985500335693],[[770.4085083007813,225.87530517578126,46.51142501831055,0.1946123242378235,-3.756864330739518e-8,0.9808802604675293,2.6266045338729783e-8,1,3.308961282755263e-8,-0.9808802604675293,1.932419735339863e-8,0.1946123242378235],5,0.6026036739349365],[[770.2127685546875,226.3743133544922,46.4703483581543,0.19539004564285279,-6.326622781216429e-8,0.9807255864143372,4.300819256286559e-8,1,5.594108287709787e-8,-0.9807255864143372,3.1248902132574588e-8,0.19539004564285279],5,0.612560510635376],[[770.0177001953125,226.8426513671875,46.426116943359378,0.19758710265159608,-8.894533465308996e-8,0.9802853465080261,5.986542106484194e-8,1,7.86676039865597e-8,-0.9802853465080261,4.314149038009418e-8,0.19758710265159608],5,0.6271731853485107],[[769.8234252929688,227.28033447265626,46.37845230102539,0.20131459832191468,-1.1460376470040501e-7,0.9795266389846802,7.692210601817351e-8,1,1.0118991866647775e-7,-0.9795266389846802,5.497624400163659e-8,0.20131459832191468],5,0.6395599842071533],[[769.629638671875,227.68736267089845,46.329044342041019,0.20579884946346284,-1.4023962080500497e-7,0.9785943031311035,9.416589819011279e-8,1,1.2350407985195489e-7,-0.9785943031311035,6.673322161532269e-8,0.20579884946346284],5,0.6525027751922607],[[769.4364624023438,228.06373596191407,46.27716827392578,0.2110585868358612,-1.1867022919886949e-7,0.9774734377861023,8.00051651594913e-8,1,1.041301516124804e-7,-0.9774734377861023,5.622535681482077e-8,0.2110585868358612],5,0.662858247756958],[[769.3079833984375,228.29762268066407,46.2415885925293,0.2148161381483078,-1.0430210295453435e-7,0.9766545295715332,7.052205575064363e-8,1,9.128389422130567e-8,-0.9766545295715332,4.9266429158478789e-8,0.2148161381483078],5,0.6748080253601074],[[769.1158447265625,228.62290954589845,46.186241149902347,0.22097361087799073,-8.276787610839165e-8,0.9752798080444336,5.623050469694135e-8,1,7.212537411760423e-8,-0.9752798080444336,3.890266953021637e-8,0.22097361087799073],5,0.6845376491546631],[[768.9240112304688,228.9175262451172,46.12968063354492,0.2272878885269165,-6.125603846385275e-8,0.973827600479126,4.180633439432313e-8,1,5.3144894707202187e-8,-0.973827600479126,2.863297332567072e-8,0.2272878885269165],5,0.6953928470611572],[[768.7963256835938,229.09690856933595,46.09134292602539,0.23145800828933717,-4.69274965553268e-8,0.9728448987007141,3.210749000004398e-8,1,4.059841529624464e-8,-0.9728448987007141,2.1838777897187357e-8,0.23145800828933717],5,0.7053337097167969],[[768.6688232421875,229.26266479492188,46.05235290527344,0.2356347143650055,-3.260922909475994e-8,0.9718416929244995,2.2345075123553216e-8,1,2.8136222240959797e-8,-0.9718416929244995,1.5086005333841969e-8,0.2356347143650055],5,0.7165172100067139],[[768.4782104492188,229.4857635498047,45.99171447753906,0.24239157140254975,-1.1151728429581454e-8,0.970178484916687,7.59016582918548e-9,1,9.5981675940493e-9,-0.970178484916687,5.037300798704791e-9,0.24239157140254975],5,0.7271096706390381],[[768.2880859375,229.67820739746095,45.9295539855957,0.24937404692173005,1.0280855278210766e-8,0.9684072136878967,-7.318768702191392e-9,1,-8.731599443478899e-9,-0.9684072136878967,-4.910114093092943e-9,0.24937404692173005],5,0.7396030426025391],[[768.0989379882813,229.83998107910157,45.864715576171878,0.25690627098083498,3.168741358194893e-8,0.9664363265037537,-2.2397772525550864e-8,1,-2.6833932409431328e-8,-0.9664363265037537,-1.4752214561042365e-8,0.25690627098083498],5,0.7507710456848145],[[767.97314453125,229.93080139160157,45.82047653198242,0.26205193996429446,4.594329539031605e-8,0.9650537371635437,-3.254904612504106e-8,1,-3.876856879969637e-8,-0.9650537371635437,-2.1252198223464803e-8,0.26205193996429446],5,0.7605433464050293],[[767.7850341796875,230.04148864746095,45.75244140625,0.269992470741272,6.730360979645411e-8,0.9628624320030212,-4.793196950458878e-8,1,-5.6459093400462737e-8,-0.9628624320030212,-3.090836031560684e-8,0.269992470741272],5,0.7726633548736572],[[767.5975952148438,230.12152099609376,45.68274688720703,0.2780519425868988,8.863478484499865e-8,0.9605660438537598,-6.35001242699218e-8,1,-7.389232337118301e-8,-0.9605660438537598,-4.0450160554428297e-8,0.2780519425868988],5,0.7847225666046143],[[767.4111938476563,230.1708984375,45.6103630065918,0.2865675091743469,1.0993562682415359e-7,0.9580600261688232,-7.928711198701422e-8,1,-9.10324118308381e-8,-0.9580600261688232,-4.9874881113964878e-8,0.2865675091743469],5,0.7977619171142578],[[767.2260131835938,230.1896209716797,45.53480529785156,0.2957911491394043,1.3120410358169466e-7,0.9552526473999023,-9.53363255007389e-8,1,-1.0782955683907858e-7,-0.9552526473999023,-5.917524958931608e-8,0.2957911491394043],5,0.811568021774292],[[766.9811401367188,230.16688537597657,45.42921447753906,0.3092843294143677,1.4333100750718587e-7,0.9509696364402771,-1.0537021921663836e-7,1,-1.1645129660564635e-7,-0.9509696364402771,-6.418731857138482e-8,0.3092843294143677],5,0.8364207744598389],[[766.7391967773438,230.08966064453126,45.317115783691409,0.3243158757686615,1.0695966068396956e-7,0.9459488391876221,-7.9888643256254e-8,1,-8.568170528633346e-8,-0.9459488391876221,-4.77826311851004e-8,0.3243158757686615],5,0.8429121971130371],[[766.560546875,229.9959716796875,45.22721481323242,0.3370401859283447,7.97442680777749e-8,0.9414902925491333,-6.050634482335227e-8,1,-6.303963573373039e-8,-0.9414902925491333,-3.571924267475879e-8,0.3370401859283447],5,0.853952169418335],[[766.4428100585938,229.91648864746095,45.164695739746097,0.346108615398407,6.163401167214033e-8,0.9381944537162781,-4.741548309539212e-8,1,-4.820226706669928e-8,-0.9381944537162781,-2.7801723589959694e-8,0.346108615398407],5,0.8640022277832031],[[766.326416015625,229.8233642578125,45.09976577758789,0.3557443916797638,4.3552500272880937e-8,0.934583306312561,-3.417547489448225e-8,1,-3.359226141697036e-8,-0.934583306312561,-1.9989569111089623e-8,0.3557443916797638],5,0.8743455410003662],[[766.1558837890625,229.6581573486328,44.99530792236328,0.3725402057170868,1.649084957477953e-8,0.9280160665512085,-1.4022526251267209e-8,1,-1.214084122125314e-8,-0.9280160665512085,-8.49018011450653e-9,0.3725402057170868],5,0.8864226341247559],[[765.9882202148438,229.4622802734375,44.886295318603519,0.39054787158966067,-1.0488599322400205e-8,0.9205825924873352,6.600911373055851e-9,1,8.593065814466172e-9,-0.9205825924873352,2.720678571321855e-9,0.39054787158966067],5,0.8958024978637695],[[765.8779296875,229.31466674804688,44.811397552490237,0.4027317762374878,-2.84259922267438e-8,0.9153180718421936,2.06290931004105e-8,1,2.197924509061977e-8,-0.9153180718421936,1.0030438701846834e-8,0.4027317762374878],5,0.9072787761688232],[[765.7168579101563,229.0677032470703,44.692909240722659,0.4225194454193115,-5.525259894056944e-8,0.9063538312911987,4.214305704408616e-8,1,4.131536002205394e-8,-0.9063538312911987,2.0739976847039544e-8,0.4225194454193115],5,0.9175205230712891],[[765.6109619140625,228.88601684570313,44.61185073852539,0.4358852505683899,-7.307994565053377e-8,0.9000022411346436,5.678763059790981e-8,1,5.3696592061669438e-8,-0.9000022411346436,2.7703439542392517e-8,0.4358852505683899],5,0.9282255172729492],[[765.4539184570313,228.58795166015626,44.488037109375,0.45559871196746828,-9.973260262086115e-8,0.8901852965354919,7.916693078868775e-8,1,7.151797376536706e-8,-0.8901852965354919,3.788973756968517e-8,0.45559871196746828],5,0.9404826164245606],[[765.2988891601563,228.2592315673828,44.361602783203128,0.4747687876224518,-1.262773707821907e-7,0.8801105618476868,1.0200070477139889e-7,1,8.84554935964843e-8,-0.8801105618476868,4.777598761052104e-8,0.4747687876224518],5,0.9506540298461914],[[765.1961669921875,228.02305603027345,44.276580810546878,0.48682767152786257,-1.4391390834589402e-7,0.8734980225563049,1.1741212091465059e-7,1,9.931840594390451e-8,-0.8734980225563049,5.4208303623681789e-8,0.48682767152786257],5,0.9604473114013672],[[765.0938110351563,227.77325439453126,44.19115447998047,0.49816882610321047,-1.4459149610956957e-7,0.86708003282547,1.1907236086017292e-7,1,9.834541714326406e-8,-0.86708003282547,5.4252648595820577e-8,0.49816882610321047],5,0.9700870513916016],[[764.9403686523438,227.3730010986328,44.06285858154297,0.5138580203056336,-1.2028141327391496e-7,0.8578752279281616,1.0042644760233088e-7,1,8.005416418654932e-8,-0.8578752279281616,4.5016886218718358e-8,0.5138580203056336],5,0.979555606842041],[[764.8380737304688,227.08914184570313,43.977317810058597,0.5233705043792725,-1.0412231432610497e-7,0.8521052002906799,8.770348358666524e-8,1,6.832595289552046e-8,-0.8521052002906799,3.897280720366325e-8,0.5233705043792725],5,0.9911510944366455],[[764.6846313476563,226.63778686523438,43.84900665283203,0.5363133549690247,-7.995021888973497e-8,0.8440189361572266,6.82474663449284e-8,1,5.1359258179672909e-8,-0.8440189361572266,3.005749960038884e-8,0.5363133549690247],5,1.0032567977905274],[[764.5469360351563,226.5503387451172,43.73384475708008,0.5478678345680237,-5.585306439570559e-8,0.8365648984909058,4.8423110854400878e-8,1,3.505239121182058e-8,-0.8365648984909058,2.1305000430515976e-8,0.5478678345680237],7,1.015596628189087],[[764.4127197265625,226.5457305908203,43.62159729003906,0.5581344366073608,-3.182529795253686e-8,0.8297505378723145,2.8297682419520244e-8,1,1.9320729904848123e-8,-0.8297505378723145,1.269645277801601e-8,0.5581344366073608],7,1.0250775814056397],[[764.323486328125,226.54550170898438,43.546730041503909,0.5643470287322998,-1.584277775634746e-8,0.8255376815795898,1.474370048271112e-8,1,9.11189701469084e-9,-0.8255376815795898,7.029208326514436e-9,0.5643470287322998],7,1.0368084907531739],[[764.1896362304688,226.54547119140626,43.43437576293945,0.5728364586830139,8.080720093062155e-9,0.8196697235107422,-5.756094711983906e-9,1,-5.835788297048339e-9,-0.8196697235107422,-1.375144109694304e-9,0.5728364586830139],7,1.0513935089111329],[[764.055419921875,226.47708129882813,43.32268142700195,0.580172598361969,3.1948136580695066e-8,0.8144935965538025,-2.6416387299832423e-8,1,-2.0407865619631594e-8,-0.8144935965538025,-9.675893863914098e-9,0.580172598361969],8,1.0615220069885255],[[763.8289794921875,226.4600067138672,43.1415901184082,0.58854079246521,7.162376647329438e-8,0.8084675073623657,-6.10187456118183e-8,1,-4.4172146829168926e-8,-0.8084675073623657,-2.3334564502874856e-8,0.58854079246521],8,1.0801725387573243],[[763.7362670898438,226.42010498046876,43.07350540161133,0.589641273021698,8.746607704779308e-8,0.807665228843689,-7.479918906483363e-8,1,-5.368732658439512e-8,-0.807665228843689,-2.8756442560506913e-8,0.589641273021698],8,1.089914321899414],[[763.6422119140625,226.35928344726563,43.008296966552737,0.58902907371521,1.0330088429100215e-7,0.808111846446991,-8.846387800076627e-8,1,-6.334902025173506e-8,-0.808111846446991,-3.417429539354089e-8,0.58902907371521],8,1.1006381511688233],[[763.4994506835938,226.34103393554688,42.91423034667969,0.585884153842926,9.34157355914067e-8,0.810394823551178,-7.991360462256125e-8,1,-5.749743081651104e-8,-0.810394823551178,-3.107473744989875e-8,0.585884153842926],8,1.110243320465088],[[763.3563232421875,226.34005737304688,42.82087707519531,0.5820685029029846,6.67092550088455e-8,0.813139796257019,-5.697893712408586e-8,1,-4.125196184645574e-8,-0.813139796257019,-2.2320373105344517e-8,0.5820685029029846],8,1.1225194931030274],[[763.1610107421875,226.3400115966797,42.70758819580078,0.5726038217544556,3.1076528017592867e-8,0.8198322057723999,-2.6434568312083685e-8,1,-1.94429947697472e-8,-0.8198322057723999,-1.0538776962221164e-8,0.5726038217544556],8,1.1366746425628663],[[763.0624389648438,226.34268188476563,42.65340042114258,0.5668163299560547,1.324030485250205e-8,0.8238441944122315,-1.1276358513612195e-8,1,-8.313077337618325e-9,-0.8238441944122315,-4.577973999886353e-9,0.5668163299560547],8,1.1467838287353516],[[762.9127197265625,226.36630249023438,42.57766342163086,0.5561473369598389,-1.3547263755242512e-8,0.8310837149620056,1.1251710674287097e-8,1,8.771263715345868e-9,-0.8310837149620056,4.472999304283576e-9,0.5561473369598389],8,1.1635401248931885],[[762.7618408203125,226.4158935546875,42.50535202026367,0.5442799925804138,-4.038302492404e-8,0.8389036059379578,3.345536114807146e-8,1,2.6432045885371737e-8,-0.8389036059379578,1.3679390953313942e-8,0.5442799925804138],8,1.1727168560028077],[[762.6097412109375,226.48609924316407,42.437259674072269,0.531285285949707,-6.727161405706284e-8,0.8471930027008057,5.52749455096091e-8,1,4.474169301715847e-8,-0.8471930027008057,2.305794311041609e-8,0.531285285949707],8,1.184319019317627],[[762.45703125,226.57061767578126,42.37114715576172,0.5181120038032532,-9.421551538935091e-8,0.8553127646446228,7.671544466347768e-8,1,6.368233584908012e-8,-0.8553127646446228,3.2621120027442888e-8,0.5181120038032532],8,1.1960105895996094],[[762.3549194335938,226.63307189941407,42.3282470703125,0.5094178318977356,-1.1220785012255874e-7,0.860519289970398,9.080680030137955e-8,1,7.663889078912689e-8,-0.860519289970398,3.909978829597094e-8,0.5094178318977356],8,1.2114791870117188],[[762.1503295898438,226.7644805908203,42.24374008178711,0.49256855249404909,-7.861552120402848e-8,0.8702736496925354,6.269407748504818e-8,1,5.484985976522694e-8,-0.8702736496925354,2.7543684666397895e-8,0.49256855249404909],8,1.2204020023345948],[[762.0480346679688,226.83348083496095,42.20156478881836,0.48480361700057986,-6.178940736845107e-8,0.8746230602264404,4.8894811754962578e-8,1,4.3544499561676278e-8,-0.8746230602264404,2.1653997706039264e-8,0.48480361700057986],8,1.2307794094085694],[[761.9457397460938,226.9051513671875,42.15939712524414,0.47764456272125246,-4.494638616847624e-8,0.8785531520843506,3.525855873931505e-8,1,3.199046716417797e-8,-0.8785531520843506,1.5696445032631347e-8,0.47764456272125246],8,1.2397170066833497],[[761.7922973632813,227.0135955810547,42.09614562988281,0.46776625514030459,-1.96547134123648e-8,0.8838521838188171,1.506547242513534e-8,1,1.4264369241345776e-8,-0.8838521838188171,6.643260608285573e-9,0.46776625514030459],8,1.2527554035186768],[[761.6388549804688,227.12245178222657,42.032894134521487,0.45881351828575137,5.664667401816814e-9,0.8885325789451599,-4.855073232334917e-9,1,-3.868281694963116e-9,-0.8885325789451599,-2.539071397578141e-9,0.45881351828575137],8,1.261608600616455],[[761.5365600585938,227.19602966308595,41.990726470947269,0.45337507128715517,2.255709752319035e-8,0.8913198113441467,-1.800467508417114e-8,1,-1.6149339643334316e-8,-0.8913198113441467,-8.726216194077097e-9,0.45337507128715517],8,1.2728259563446046],[[761.3831176757813,227.3066864013672,41.92747497558594,0.4459129273891449,4.7911250078414017e-8,0.895076334476471,-3.756117905595602e-8,1,-3.481516941405971e-8,-0.895076334476471,-1.8095589027211646e-8,0.4459129273891449],8,1.2851359844207764],[[761.2293090820313,227.41705322265626,41.86536407470703,0.4386804699897766,7.328144846496798e-8,0.8986431360244751,-5.69185161225505e-8,1,-5.37615036932948e-8,-0.8986431360244751,-2.7565310034560754e-8,0.4386804699897766],8,1.2971816062927247],[[761.0752563476563,227.52774047851563,41.804195404052737,0.43162474036216738,9.866635508615218e-8,0.9020532369613648,-7.60831611046342e-8,1,-7.297460768995734e-8,-0.9020532369613648,-3.7133414565460046e-8,0.43162474036216738],8,1.3100664615631104],[[760.97216796875,227.60232543945313,41.76477813720703,0.42670419812202456,9.904700704055358e-8,0.9043912291526794,-7.600813489716529e-8,1,-7.365619580923522e-8,-0.9043912291526794,-3.7311686185148577e-8,0.42670419812202456],8,1.320756196975708],[[760.8174438476563,227.71426391601563,41.70625305175781,0.41938894987106326,7.478530505977688e-8,0.9078066349029541,-5.6916785950988927e-8,1,-5.60857706943807e-8,-0.9078066349029541,-2.8147683295287608e-8,0.41938894987106326],8,1.330254316329956],[[760.6615600585938,227.82577514648438,41.65260314941406,0.41049572825431826,5.050764073644132e-8,0.9118625521659851,-3.794596636907954e-8,1,-3.830729156106827e-8,-0.9118625521659851,-1.8876525231803499e-8,0.41049572825431826],8,1.3429615497589112],[[760.4528198242188,227.97344970703126,41.58540725708008,0.3970046043395996,1.8104168830745949e-8,0.9178166389465332,-1.2979710639626774e-8,1,-1.4110841384251671e-8,-0.9178166389465332,-6.310925115826649e-9,0.3970046043395996],8,1.3591675758361817],[[760.3477783203125,228.0484161376953,41.555015563964847,0.3893212378025055,1.8864625417336357e-9,0.9211020469665527,-6.70582256390162e-10,1,-1.7646148986472099e-9,-0.9211020469665527,6.932783513935448e-11,0.3893212378025055],8,1.3707973957061768],[[760.1891479492188,228.1624298095703,41.51586151123047,0.375281423330307,-2.2465673765736939e-8,0.926910936832428,1.750527900412635e-8,1,1.7149725195508837e-8,-0.926910936832428,9.789862254194759e-9,0.375281423330307],8,1.3800971508026124],[[759.976806640625,228.31298828125,41.46889877319336,0.35460329055786135,-5.499054012148008e-8,0.9350168704986572,4.1079580626046666e-8,1,4.3233004731746408e-8,-0.9350168704986572,2.307953650415584e-8,0.35460329055786135],8,1.3981115818023682],[[759.8168334960938,228.4270782470703,41.43876266479492,0.3379409909248352,-7.942622914924869e-8,0.9411672949790955,5.819595472189576e-8,1,6.349501546765168e-8,-0.9411672949790955,3.331456355226692e-8,0.3379409909248352],8,1.4101269245147706],[[759.7098999023438,228.5047607421875,41.42144012451172,0.32623711228370669,-9.573671633233971e-8,0.9452879428863525,6.930465445975642e-8,1,7.735946638831592e-8,-0.9452879428863525,4.0275324408867166e-8,0.32623711228370669],8,1.4206831455230713],[[759.5492553710938,228.62147521972657,41.39765167236328,0.3084494173526764,-8.815705143661035e-8,0.9512407183647156,6.25994900360638e-8,1,7.237734678255947e-8,-0.9512407183647156,3.722243135939607e-8,0.3084494173526764],8,1.4308691024780274],[[759.3884887695313,228.73764038085938,41.375152587890628,0.29125386476516726,-6.452031442449879e-8,0.9566457867622376,4.4763712736539676e-8,1,5.381585665986677e-8,-0.9566457867622376,2.714893909683269e-8,0.29125386476516726],8,1.4411067962646485],[[759.28125,228.8157196044922,41.360713958740237,0.28038960695266726,-4.8747988756758789e-8,0.9598862528800964,3.31526130992188e-8,1,4.1101053227521336e-8,-0.9598862528800964,2.0298429603826663e-8,0.28038960695266726],8,1.4520924091339112],[[759.1739501953125,228.8944549560547,41.347110748291019,0.269874632358551,-3.296607076208602e-8,0.9628954529762268,2.1746215494999889e-8,1,2.8141494468059137e-8,-0.9628954529762268,1.3344655158675778e-8,0.269874632358551],8,1.4611012935638428],[[759.0130004882813,229.01144409179688,41.327064514160159,0.2549542784690857,-9.27849974630135e-9,0.9669530987739563,5.003442105078193e-9,1,8.276358265391082e-9,-0.9669530987739563,2.728000270124653e-9,0.2549542784690857],8,1.4732012748718262],[[758.9056396484375,229.08944702148438,41.314144134521487,0.24557624757289887,6.5209082578121528e-9,0.9693772792816162,-5.932659696838982e-9,1,-5.22395993129976e-9,-0.9693772792816162,-4.468105441191028e-9,0.24557624757289887],8,1.4856183528900147],[[758.7445068359375,229.20619201660157,41.294960021972659,0.23247583210468293,3.022806183139437e-8,0.9726021885871887,-2.2032519808590224e-8,1,-2.5813262638507696e-8,-0.9726021885871887,-1.5427918498289729e-8,0.23247583210468293],8,1.4944872856140137],[[758.5833740234375,229.32232666015626,41.27580261230469,0.22056812047958375,5.3941153765890706e-8,0.9753715991973877,-3.78154254576657e-8,1,-4.675169762435871e-8,-0.9753715991973877,-2.657215780743627e-8,0.22056812047958375],8,1.5051732063293458],[[758.4759521484375,229.4004364013672,41.263031005859378,0.21333900094032288,6.975127320174579e-8,0.9769782423973084,-4.8191171941880387e-8,1,-6.087159221124239e-8,-0.9769782423973084,-3.409544291343991e-8,0.21333900094032288],8,1.5188875198364258],[[758.3148193359375,229.5175018310547,41.243873596191409,0.20343321561813355,9.346599227910701e-8,0.9790888428688049,-6.356957271691499e-8,1,-8.225385528248808e-8,-0.9790888428688049,-4.550708965211925e-8,0.20343321561813355],8,1.52752685546875],[[758.1536865234375,229.63392639160157,41.22471618652344,0.19450043141841889,8.595023359703191e-8,0.9809024333953857,-5.77219516628702e-8,1,-7.617810382498647e-8,-0.9809024333953857,-4.180292734190516e-8,0.19450043141841889],8,1.5388109683990479],[[758.0462646484375,229.71217346191407,41.211944580078128,0.1890907883644104,7.053234440945744e-8,0.9819595813751221,-4.6929098829195939e-8,1,-6.279126552044545e-8,-0.9819595813751221,-3.420922922714453e-8,0.1890907883644104],8,1.5501906871795655],[[757.8851318359375,229.8293914794922,41.192787170410159,0.1816869080066681,4.741100667615683e-8,0.9833564162254334,-3.0962553410063268e-8,1,-4.249274709877682e-8,-0.9833564162254334,-2.2726849735477118e-8,0.1816869080066681],8,1.5597209930419922],[[757.7777099609375,229.90768432617188,41.180015563964847,0.17718647420406342,3.2001093330791267e-8,0.98417729139328,-2.0448146287321835e-8,1,-2.883419192301062e-8,-0.98417729139328,-1.5015572785159749e-8,0.17718647420406342],8,1.5694122314453126],[[757.4554443359375,230.13246154785157,41.141700744628909,0.16507846117019654,-1.420396600337881e-8,0.9862804412841797,1.05850537224228e-8,1,1.2629878476388967e-8,-0.9862804412841797,8.3549105411862e-9,0.16507846117019654],8,1.5902981758117676],[[757.3480224609375,230.20899963378907,41.128929138183597,0.16157718002796174,-2.959660427848121e-8,0.9868600964546204,2.078696148544168e-8,1,2.658726039328485e-8,-0.9868600964546204,1.6217928333617239e-8,0.16157718002796174],8,1.6001744270324708],[[757.2406005859375,230.28904724121095,41.11615753173828,0.15845201909542085,-4.49842332272965e-8,0.9873666763305664,3.093478539994976e-8,1,4.0595409700472376e-8,-0.9873666763305664,2.411155186621272e-8,0.15845201909542085],8,1.6107368469238282],[[757.1331787109375,230.36981201171876,41.10338592529297,0.15559451282024384,-6.036661659436504e-8,0.9878209829330444,4.103513973063855e-8,1,5.46473231111122e-8,-0.9878209829330444,3.203255261041704e-8,0.15559451282024384],8,1.620166301727295],[[756.9720458984375,230.48928833007813,41.084228515625,0.1516774296760559,-8.342998825128234e-8,0.9884300231933594,5.61060318204909e-8,1,7.579694027981532e-8,-0.9884300231933594,4.396020258923272e-8,0.1516774296760559],8,1.6293761730194092],[[756.8646240234375,230.5685272216797,41.07145690917969,0.14929601550102235,-9.879857998384978e-8,0.9887925386428833,6.610822111952075e-8,1,8.993684730285168e-8,-0.9887925386428833,5.1940105549874718e-8,0.14929601550102235],8,1.6399421691894532],[[756.7034912109375,230.6865997314453,41.05229949951172,0.14603449404239655,-8.956076413824121e-8,0.9892795085906982,5.9571178212536327e-8,1,8.173758203611215e-8,-0.9892795085906982,4.6996039060331898e-8,0.14603449404239655],8,1.6518328189849854],[[756.5423583984375,230.80360412597657,41.03314208984375,0.14309677481651307,-6.419303133498033e-8,0.9897087216377258,4.2387604537452719e-8,1,5.873193131833432e-8,-0.9897087216377258,3.354702826641187e-8,0.14309677481651307],8,1.6615550518035889],[[756.4246215820313,230.8749542236328,41.01913070678711,0.14131952822208405,-4.728948255205978e-8,0.9899640083312988,3.099553325114357e-8,1,4.334420822260654e-8,-0.9899640083312988,2.4559080102903864e-8,0.14131952822208405],8,1.6726162433624268],[[756.2431030273438,230.96788024902345,40.99753952026367,0.138889342546463,-2.194675019495662e-8,0.9903079271316528,1.3989402525282913e-8,1,2.0199548700361448e-8,-0.9903079271316528,1.1048314263462089e-8,0.138889342546463],8,1.6841328144073487],[[756.1139526367188,231.0198516845703,40.98252487182617,0.13728925585746766,-5.06005060074699e-9,0.9905310273170471,2.698667067591032e-9,1,4.734382663684755e-9,-0.9905310273170471,2.0231336606002516e-9,0.13728925585746766],8,1.694277286529541],[[755.91650390625,231.07411193847657,40.96001052856445,0.1348661333322525,2.0257253652289365e-8,0.9908638000488281,-1.4168388240420882e-8,1,-1.8515580180178405e-8,-0.9908638000488281,-1.1541819056049008e-8,0.1348661333322525],8,1.7059440612792969],[[755.71875,231.7263946533203,40.937522888183597,0.13243843615055085,4.5559197303646218e-8,0.9911912083625794,-3.0951952112445727e-8,1,-4.182842516797791e-8,-0.9911912083625794,-2.5139613057945099e-8,0.13243843615055085],3,1.721623420715332],[[755.4537963867188,232.5484161376953,40.90901184082031,0.12900365889072419,7.927111767003226e-8,0.9916441440582275,-5.3187335424809137e-8,1,-7.301990478936205e-8,-0.9916441440582275,-4.3323073128931358e-8,0.12900365889072419],5,1.7451252937316895],[[755.1222534179688,233.49929809570313,40.87470626831055,0.1246047243475914,1.2137222427099915e-7,0.9922064542770386,-8.075083712810738e-8,1,-1.1218460826967203e-7,-0.9922064542770386,-6.61427677073334e-8,0.1246047243475914],5,1.7535362243652344],[[754.9895629882813,233.85581970214845,40.86121368408203,0.122935950756073,1.3820050526192063e-7,0.9924145936965942,-9.171726134127312e-8,1,-1.2789529080237117e-7,-0.9924145936965942,-7.529862244837205e-8,0.122935950756073],5,1.762270450592041],[[754.8568725585938,234.19869995117188,40.847774505615237,0.121380515396595,1.2402071547512606e-7,0.9926060438156128,-8.211726765239291e-8,1,-1.1490286766502322e-7,-0.9926060438156128,-6.756312842526313e-8,0.121380515396595],5,1.771237850189209],[[754.7241821289063,234.52796936035157,40.8343391418457,0.11993277817964554,1.0984685872017508e-7,0.9927819967269898,-7.255894018953768e-8,1,-1.0188003329858475e-7,-0.9927819967269898,-5.981645045949335e-8,0.11993277817964554],5,1.7805724143981934],[[754.5914916992188,234.84359741210938,40.82090377807617,0.11858607083559036,9.567896341877713e-8,0.9929437637329102,-6.303844202193432e-8,1,-8.883028357331568e-8,-0.9929437637329102,-5.205959752174749e-8,0.11858607083559036],5,1.789121389389038],[[754.4588012695313,235.14561462402345,40.80746841430664,0.11733364313840866,8.151704378178693e-8,0.9930925369262695,-5.355223819947241e-8,1,-7.575685145866373e-8,-0.9930925369262695,-4.429350397572307e-8,0.11733364313840866],5,1.7993671894073487],[[754.259765625,235.5730743408203,40.787315368652347,0.1156039759516716,6.028540866509502e-8,0.9932953715324402,-3.937939041520622e-8,1,-5.6109183077523997e-8,-0.9932953715324402,-3.262892178668153e-8,0.1156039759516716],5,1.809587001800537],[[754.0607299804688,235.96987915039063,40.76716232299805,0.11404138058423996,3.906728807123727e-8,0.9934759736061096,-2.5266571057613875e-8,1,-3.642347934373902e-8,-0.9934759736061096,-2.0947949153082847e-8,0.11404138058423996],5,1.821589469909668],[[753.9280395507813,236.21739196777345,40.753726959228519,0.1130954697728157,2.4929400765927313e-8,0.9935840964317322,-1.588773557159584e-8,1,-2.328194526057814e-8,-0.9935840964317322,-1.315271980217858e-8,0.1130954697728157],5,1.8328428268432618],[[753.72900390625,236.5631103515625,40.73357391357422,0.11180195957422257,3.733876319245155e-9,0.9937304854393005,-1.8582122507382338e-9,1,-3.548370930417377e-9,-0.9937304854393005,-1.449847464307652e-9,0.11180195957422257],5,1.8428258895874024],[[753.5299682617188,236.878173828125,40.71342086791992,0.11063778400421143,-1.7448067879399788e-8,0.9938607811927795,1.2130746185334829e-8,1,1.6205438768679416e-8,-0.9938607811927795,1.026333862341744e-8,0.11063778400421143],5,1.8548405170440674],[[753.3972778320313,237.07118225097657,40.69998550415039,0.10993374139070511,-3.156181094254862e-8,0.9939389228820801,2.1437090325093778e-8,1,2.9383246058500846e-8,-0.9939389228820801,1.807694793853898e-8,0.10993374139070511],5,1.8657169342041016],[[753.1982421875,237.33514404296876,40.679832458496097,0.10897128283977509,-5.272109504517175e-8,0.9940448999404907,3.537081383342411e-8,1,4.915944273875539e-8,-0.9940448999404907,2.980321056611501e-8,0.10897128283977509],5,1.8777027130126954],[[752.9992065429688,237.56846618652345,40.6596794128418,0.10810517519712448,-7.386678646525979e-8,0.9941394925117493,4.927717256464348e-8,1,6.8943712960845e-8,-0.9941394925117493,4.153520904992547e-8,0.10810517519712448],5,1.8892462253570557],[[752.8665161132813,237.70697021484376,40.64641571044922,0.10751909762620926,-8.795636574632226e-8,0.9942030310630798,5.853017270851524e-8,1,8.213941526946656e-8,-0.9942030310630798,4.9359318410324707e-8,0.10751909762620926],5,1.9004158973693848],[[752.66748046875,237.88919067382813,40.62660217285156,0.10665547102689743,-1.0907940861670795e-7,0.9942960143089294,7.238515564722548e-8,1,1.0194059996138094e-7,-0.9942960143089294,6.109975458912231e-8,0.10665547102689743],5,1.9108927249908448],[[752.402099609375,238.08445739746095,40.60059356689453,0.10543894022703171,-1.3722232949930913e-7,0.9944257736206055,9.080260809923857e-8,1,1.2836372320634838e-7,-0.9944257736206055,7.67619141583964e-8,0.10543894022703171],5,1.9267728328704835],[[752.2030639648438,238.1951446533203,40.5814208984375,0.10447260737419129,-1.274128749173542e-7,0.9945277571678162,8.416015617740413e-8,1,1.1927313892101666e-7,-0.9945277571678162,7.12388370516237e-8,0.10447260737419129],5,1.9513723850250245],[[751.871337890625,238.31150817871095,40.54956817626953,0.10294794291257858,-8.534109952051949e-8,0.9946867227554321,5.6156867600520857e-8,1,7.998484363724856e-8,-0.9946867227554321,4.7624215682162688e-8,0.10294794291257858],5,1.9589674472808838],[[751.7386474609375,238.33419799804688,40.536827087402347,0.10240565985441208,-6.852506118093516e-8,0.9947426915168762,4.499019468084953e-8,1,6.425562304457344e-8,-0.9947426915168762,3.817352833834775e-8,0.10240565985441208],5,1.968428611755371],[[751.60595703125,238.34327697753907,40.524085998535159,0.1019149124622345,-5.171626682454189e-8,0.9947