[[[776,222.69961547851563,47,1,-5.357594545785105e-8,-1.0200316340278765e-14,5.357594545785105e-8,1,7.623717834803756e-8,6.115837071257908e-15,-7.623717834803756e-8,1],8,0.00765538215637207],[[776,222.69961547851563,47,1,-6.743186986568617e-8,-1.153279742213166e-14,6.743186986568617e-8,1,9.595379424354178e-8,5.062453345525304e-15,-9.595379424354178e-8,1],8,0.01984119415283203],[[776,222.69961547851563,47,1,-5.6428646644235417e-8,-1.0672345778926958e-14,5.6428646644235417e-8,1,8.029648768115294e-8,6.1413238691243169e-15,-8.029648768115294e-8,1],8,0.03194689750671387],[[776,222.69961547851563,47,1,-3.993262609469639e-8,-9.729760738958794e-15,3.993262609469639e-8,1,5.682306536414217e-8,7.460666199415878e-15,-5.682306536414217e-8,1],8,0.0431210994720459],[[776,222.69961547851563,47,1,-2.8941155250095109e-8,-9.321332463221085e-15,2.8941155250095109e-8,1,4.118247787232576e-8,8.129463932810086e-15,-4.118247787232576e-8,1],8,0.052426815032958987],[[776,222.69961547851563,47,1,-6.97229918245057e-9,-9.022390819212519e-15,6.97229918245057e-9,1,9.921344634733487e-9,8.953216179509102e-15,-9.921344634733487e-9,1],8,0.06599950790405274],[[776,222.69961547851563,47,1,9.492022279289359e-9,-9.248867947550532e-15,-9.492022279289359e-9,1,-1.3506979534838593e-8,9.120660193621174e-15,1.3506979534838593e-8,1],8,0.08035588264465332],[[776,222.69961547851563,47,1,2.594579129322483e-8,-9.860494345136865e-15,-2.594579129322483e-8,1,-3.692029437729616e-8,8.902567844428031e-15,3.692029437729616e-8,1],8,0.10448622703552246],[[776,222.69961547851563,47,1,5.334531039125068e-8,-1.1733635710189233e-14,-5.334531039125068e-8,1,-7.590914918864655e-8,7.684238851777756e-15,7.590914918864655e-8,1],8,0.11175203323364258],[[776,222.69961547851563,47,1,6.429691978837582e-8,-1.2781065641335587e-14,-6.429691978837582e-8,1,-9.149302826472194e-8,6.898345166172744e-15,9.149302826472194e-8,1],8,0.12314867973327637],[[776,222.69961547851563,47,1,5.043642659074976e-8,-1.1815860586510997e-14,-5.043642659074976e-8,1,-7.17698469543393e-8,8.196045804661958e-15,7.17698469543393e-8,1],8,0.13342714309692384],[[775.89892578125,222.69961547851563,46.99929428100586,0.99521404504776,3.596992215193495e-8,0.09771881252527237,-3.070227805324066e-8,1,-5.540982783713844e-8,-0.09771881252527237,5.214445053525196e-8,0.99521404504776],8,0.14912128448486329],[[775.7081298828125,222.69961547851563,46.997962951660159,0.9721718430519104,1.9657875327538933e-8,0.23426899313926698,-1.1397854215999815e-8,1,-3.6612629372712038e-8,-0.23426899313926698,3.292360162276964e-8,0.9721718430519104],8,0.17104315757751466],[[775.3753051757813,222.69961547851563,46.99563980102539,0.8952636122703552,-1.2245795488752265e-8,0.4455367624759674,1.2150651151898728e-8,1,3.069914544795438e-9,-0.4455367624759674,2.6651789664100535e-9,0.8952636122703552],8,0.17948460578918458],[[775.2420043945313,222.69961547851563,46.99470901489258,0.8565055131912231,-2.657938757977263e-8,0.5161378383636475,1.8333954798777087e-8,1,2.1072379396969155e-8,-0.5161378383636475,-8.585761435142559e-9,0.8565055131912231],8,0.18954801559448243],[[775.0420532226563,222.69961547851563,46.99331283569336,0.7958497405052185,-4.950078391630086e-8,0.6054942011833191,2.4598612924364717e-8,1,4.942076614611324e-8,-0.6054942011833191,-2.443718294387054e-8,0.7958497405052185],8,0.2006995677947998],[[774.9087524414063,222.69961547851563,46.99238204956055,0.754734992980957,-6.56167529200502e-8,0.6560298204421997,2.702472556848079e-8,1,6.893017712172878e-8,-0.6560298204421997,-3.42949881826371e-8,0.754734992980957],8,0.21101617813110352],[[774.7088012695313,222.69961547851563,46.99098587036133,0.6934434771537781,-9.08587267645089e-8,0.7205110788345337,2.841394497465899e-8,1,9.875665796243993e-8,-0.7205110788345337,-4.800959629847057e-8,0.6934434771537781],8,0.22184491157531739],[[774.5088500976563,222.69961547851563,46.98958969116211,0.6336084604263306,-8.532642681302605e-8,0.7736538648605347,1.94562090882755e-8,1,9.435590442308239e-8,-0.7736538648605347,-4.473233161661483e-8,0.6336084604263306],8,0.23467040061950684],[[774.2422485351563,222.69961547851563,46.987728118896487,0.5575914978981018,-5.593060237174541e-8,0.8301154971122742,5.466061381298459e-9,1,6.370532190658196e-8,-0.8301154971122742,-3.0984082854956799e-8,0.5575914978981018],8,0.2481837272644043],[[774.0422973632813,222.69961547851563,46.986331939697269,0.5047397613525391,-3.3163459534080178e-8,0.8632715344429016,-2.1041335340754587e-9,1,3.964627026675771e-8,-0.8632715344429016,-2.1827489149472968e-8,0.5047397613525391],8,0.2611510753631592],[[773.8423461914063,222.69961547851563,46.98493576049805,0.4562496542930603,-9.912078269280756e-9,0.8898518085479736,-7.56318563333025e-9,1,1.5016858867511475e-8,-0.8898518085479736,-1.3581550994956615e-8,0.4562496542930603],8,0.2749335765838623],[[773.7090454101563,222.69961547851563,46.984004974365237,0.42635706067085268,5.809817960056307e-9,0.9045549631118774,-1.0215070567198837e-8,1,-1.6080292652986828e-9,-0.9045549631118774,-8.554497554769114e-9,0.42635706067085268],8,0.2851996421813965],[[773.5090942382813,222.69961547851563,46.982608795166019,0.38478735089302065,2.9662613698633323e-8,0.923005223274231,-1.2947599437040936e-8,1,-2.6739328973235389e-8,-0.923005223274231,-1.6617465181667513e-9,0.38478735089302065],8,0.29949140548706057],[[773.2424926757813,222.69961547851563,46.98074722290039,0.3343578279018402,6.187396905943388e-8,0.942446231842041,-1.4643704915329181e-8,1,-6.045727474202067e-8,-0.942446231842041,6.4134586530428809e-9,0.3343578279018402],8,0.3146026134490967],[[773.1091918945313,222.69961547851563,46.97981643676758,0.31153401732444765,7.812080582425551e-8,0.9502350091934204,-1.4826366800946289e-8,1,-7.735127383057261e-8,-0.9502350091934204,1.0009020279255765e-8,0.31153401732444765],8,0.323944091796875],[[772.9092407226563,222.69961547851563,46.97842025756836,0.2803591191768646,1.0262784400083547e-7,0.9598951935768127,-1.4460930231052771e-8,1,-1.0269203443158404e-7,-0.9598951935768127,1.4909671719465224e-8,0.2803591191768646],8,0.33338117599487307],[[772.7759399414063,222.69961547851563,46.97748947143555,0.26135116815567019,1.1904138830232114e-7,0.9652437567710877,-1.385994874425478e-8,1,-1.1957504852944113e-7,-0.9652437567710877,1.787284453769189e-8,0.26135116815567019],8,0.34520578384399416],[[772.5759887695313,222.69961547851563,46.97609329223633,0.23520150780677796,8.996166656061178e-8,0.971946656703949,-7.426174786218098e-9,1,-9.07611763523164e-8,-0.971946656703949,1.412932526534405e-8,0.23520150780677796],8,0.3549683094024658],[[772.3093872070313,222.69961547851563,46.9742317199707,0.2038864940404892,5.103821010266074e-8,0.9789945483207703,-6.587907996902231e-10,1,-5.199609276473893e-8,-0.9789945483207703,9.956352187145967e-9,0.2038864940404892],8,0.369035005569458],[[771.9761352539063,222.69961547851563,46.97190475463867,0.1698925495147705,2.2114288178443077e-9,0.9854626059532166,5.4427511386734299e-9,1,-3.182375252208658e-9,-0.9854626059532166,5.90429172220297e-9,0.1698925495147705],8,0.39170408248901369],[[771.8428344726563,222.69961547851563,46.970802307128909,0.15806791186332704,-1.7357292492192756e-8,0.9874282479286194,7.292363157773707e-9,1,1.6410918846077039e-8,-0.9874282479286194,4.6066470638095328e-9,0.15806791186332704],8,0.41119861602783205],[[771.5095825195313,222.69961547851563,46.96739196777344,0.1324750930070877,-6.633599980432337e-8,0.9911863207817078,1.0803410610549236e-8,1,6.548195585764916e-8,-0.9911863207817078,2.033465396067413e-9,0.1324750930070877],8,0.4186549186706543],[[771.4429321289063,222.69961547851563,46.96669387817383,0.12789876759052277,-7.613876817913479e-8,0.9917872548103333,1.1349400530491494e-8,1,7.530566392688343e-8,-0.9917872548103333,1.624688827916998e-9,0.12789876759052277],8,0.4279181957244873],[[771.2429809570313,222.69961547851563,46.964599609375,0.11544441431760788,-1.0555507401477371e-7,0.9933139681816101,1.2763917922598012e-8,1,1.0478213141595916e-7,-0.9933139681816101,5.820666726386037e-10,0.11544441431760788],8,0.43746328353881838],[[771.1096801757813,222.69961547851563,46.96320343017578,0.10796701163053513,-1.0706126829518326e-7,0.9941544532775879,1.1642529607058805e-8,1,1.0642637704449953e-7,-0.9941544532775879,8.393463701850124e-11,0.10796701163053513],8,0.4483935832977295],[[770.9097290039063,222.69961547851563,46.96110916137695,0.09776270389556885,-8.215804569999819e-8,0.9952097535133362,7.370386967409104e-9,1,8.182948363355536e-8,-0.9952097535133362,-6.647908890045073e-10,0.09776270389556885],8,0.4635179042816162],[[770.6431274414063,222.69961547851563,46.958316802978519,0.08562938868999481,-4.895808913829569e-8,0.9963270425796509,2.2691735157565064e-9,1,4.894354788120836e-8,-0.9963270425796509,-1.9301673592764247e-9,0.08562938868999481],8,0.47367286682128909],[[770.4431762695313,223.35189819335938,46.95622253417969,0.07677318155765534,-2.406431676149623e-8,0.997048556804657,-1.2088403611443255e-9,1,2.422863332185443e-8,-0.997048556804657,-3.0653819482751034e-9,0.07677318155765534],3,0.48972463607788088],[[770.2432250976563,223.97352600097657,46.95412826538086,0.0693177878856659,8.220037428507965e-10,0.9975946545600891,-4.394508312799417e-9,1,-5.186336360374355e-10,-0.9975946545600891,-4.3479873035323639e-9,0.0693177878856659],5,0.5117237567901611],[[769.9766235351563,224.75466918945313,46.95133590698242,0.060993537306785586,3.3988271752605218e-8,0.9981381893157959,-8.306647814038115e-9,1,-3.354407240863111e-8,-0.9981381893157959,-6.245211014999086e-9,0.060993537306785586],5,0.5189878940582275],[[769.7766723632813,225.3047637939453,46.949241638183597,0.055585768073797229,5.884960785351723e-8,0.9984539151191711,-1.1048827630588676e-8,1,-5.83256252184583e-8,-0.9984539151191711,-7.789671130353782e-9,0.055585768073797229],5,0.5302863121032715],[[769.6433715820313,225.6544647216797,46.947845458984378,0.05235637351870537,7.541689228673931e-8,0.9986284375190735,-1.2806504301465793e-8,1,-7.484904784860191e-8,-0.9986284375190735,-8.870115308923232e-9,0.05235637351870537],5,0.5417237281799316],[[769.3767700195313,226.31298828125,46.94505310058594,0.04654185101389885,1.0853378995534513e-7,0.9989163279533386,-1.617760680971969e-8,1,-1.078977760471389e-7,-0.9989163279533386,-1.1138313382730303e-8,0.04654185101389885],5,0.5533914566040039],[[769.2434692382813,226.62181091308595,46.94382858276367,0.04387766867876053,1.2508309055192513e-7,0.9990369081497192,-1.7798546636527136e-8,1,-1.2442195895800979e-7,-0.9990369081497192,-1.2322058928759816e-8,0.04387766867876053],5,0.5628798007965088],[[769.0435180664063,227.0594940185547,46.942073822021487,0.04020584002137184,1.4989520025210369e-7,0.999191403388977,-2.016891365030915e-8,1,-1.4920493640602218e-7,-0.999191403388977,-1.4153695104823783e-8,0.04020584002137184],5,0.576077938079834],[[768.8435668945313,227.46652221679688,46.94061279296875,0.03678213432431221,1.5680160458941828e-7,0.999323308467865,-2.0195971117686896e-8,1,-1.5616443249655277e-7,-0.999323308467865,-1.443824348967837e-8,0.03678213432431221],5,0.5869131088256836],[[768.7102661132813,227.72084045410157,46.93985366821289,0.034611839801073077,1.3755352767930163e-7,0.9994008541107178,-1.7226554405169737e-8,1,-1.3703940737741505e-7,-0.9994008541107178,-1.2473046595573578e-8,0.034611839801073077],5,0.5989375114440918],[[768.5103149414063,228.0767822265625,46.93907928466797,0.031457193195819858,1.0869616318132103e-7,0.9995051026344299,-1.2885877254120715e-8,1,-1.0834443031626506e-7,-0.9995051026344299,-9.471288642259879e-9,0.031457193195819858],5,0.6090786457061768],[[768.3103637695313,228.40206909179688,46.93894577026367,0.028316572308540345,7.985664751686272e-8,0.9995989799499512,-8.664644113309805e-9,1,-7.964323600617718e-8,-0.9995989799499512,-6.405945995879847e-9,0.028316572308540345],5,0.620551586151123],[[768.1770629882813,228.6018829345703,46.938941955566409,0.02633342333137989,6.064032476160719e-8,0.9996532201766968,-5.923149082320833e-9,1,-6.050532874724013e-8,-0.9996532201766968,-4.327783020841025e-9,0.02633342333137989],5,0.6322972774505615],[[767.9771118164063,228.87606811523438,46.93922424316406,0.02347765490412712,3.1830989399850299e-8,0.9997243881225586,-1.908802893524353e-9,1,-3.179494001415151e-8,-0.9997243881225586,-1.161806095772988e-9,0.02347765490412712],5,0.6445274353027344],[[767.7771606445313,229.11959838867188,46.9395751953125,0.02083934098482132,3.039996476772444e-9,0.9997828602790833,1.995722698211466e-9,1,-3.0822553398479615e-9,-0.9997828602790833,2.059521442276946e-9,0.02083934098482132],5,0.6542448997497559],[[767.6438598632813,229.26492309570313,46.93981170654297,0.019233616068959237,-1.6143747672003884e-8,0.9998149871826172,4.545010590106813e-9,1,1.6059301444215636e-8,-0.9998149871826172,4.235291228837923e-9,0.019233616068959237],5,0.6644282341003418],[[767.4439086914063,229.45736694335938,46.94044876098633,0.01692497730255127,-4.49039099237325e-8,0.9998567700386047,8.296807685326258e-9,1,4.4769898011054468e-8,-0.9998567700386047,7.53788942375877e-9,0.01692497730255127],5,0.6769077777862549],[[767.2439575195313,229.619140625,46.94114685058594,0.014789698645472527,-7.364545240307052e-8,0.9998906254768372,1.1972741909005436e-8,1,7.34764142862332e-8,-0.9998906254768372,1.0884738443905917e-8,0.014789698645472527],5,0.6898446083068848],[[767.0440063476563,229.75025939941407,46.942413330078128,0.012644271366298199,-1.0236830405574438e-7,0.9999200701713562,1.5566888222906529e-8,1,1.0217964074854535e-7,-0.9999200701713562,1.427365603490216e-8,0.012644271366298199],5,0.7004051208496094],[[766.9107055664063,229.82064819335938,46.94334030151367,0.011274716816842556,-1.2150644579378423e-7,0.9999364614486694,1.792509252140917e-8,1,1.213120697229897e-7,-0.9999364614486694,1.655619463747371e-8,0.011274716816842556],5,0.7101929187774658],[[766.7107543945313,229.9006805419922,46.94473648071289,0.009372077882289887,-1.5019801935522993e-7,0.9999560713768005,2.1419062079530705e-8,1,1.500038564472561e-7,-0.9999560713768005,2.0012272727853998e-8,0.009372077882289887],5,0.7216978073120117],[[766.5108032226563,229.95005798339845,46.94670104980469,0.007430993486195803,-1.431726985856585e-7,0.999972403049469,1.990833098375333e-8,1,1.4302871420568409e-7,-0.999972403049469,1.8844936278128445e-8,0.007430993486195803],5,0.7348062992095947],[[766.3108520507813,229.96878051757813,46.94935607910156,0.00535720307379961,-1.1830899637743642e-7,0.9999856352806091,1.595867082926361e-8,1,1.1822520207260823e-7,-0.9999856352806091,1.5325085200856848e-8,0.00535720307379961],5,0.74688720703125],[[766.0442504882813,229.946044921875,46.95307540893555,0.0027085701003670694,-8.518322403006096e-8,0.9999963045120239,1.0809014128199124e-8,1,8.515426230815138e-8,-0.9999963045120239,1.057832843542883e-8,0.0027085701003670694],5,0.762916088104248],[[765.8442993164063,229.8932342529297,46.956153869628909,0.0008242424810305238,-6.035830324435665e-8,0.9999996423721314,7.02999392032666e-9,1,6.035253363734228e-8,-0.9999996423721314,6.9802466029500469e-9,0.0008242424810305238],5,0.7851765155792236],[[765.5776977539063,229.77513122558595,46.96113967895508,-0.001790482783690095,-2.728436143684121e-8,0.9999983906745911,2.0839139303063804e-9,1,2.7288136195124936e-8,-0.9999983906745911,2.1327695165496154e-9,-0.001790482783690095],5,0.7927234172821045],[[765.4443969726563,229.69564819335938,46.96387481689453,-0.0030904177110642196,-1.0758569146673836e-8,0.999995231628418,-3.4625002864885348e-10,1,1.075755040602644e-8,-0.999995231628418,-3.13003040153248e-10,-0.0030904177110642196],5,0.8013715744018555],[[765.2444458007813,229.5508575439453,46.96805953979492,-0.004935324192047119,1.4016130478466949e-8,0.9999878406524658,-3.938833259553576e-9,1,-1.4035740569795508e-8,-0.9999878406524658,-4.008056109228164e-9,-0.004935324192047119],5,0.8112664222717285],[[765.1111450195313,229.43731689453126,46.97085189819336,-0.006070100236684084,3.0523281679961659e-8,0.9999815821647644,-6.302529609314433e-9,1,-3.056210218232991e-8,-0.9999815821647644,-6.487928860821057e-9,-0.006070100236684084],5,0.8230562210083008],[[764.9111938476563,229.24143981933595,46.97561264038086,-0.007847998291254044,5.5270032106591319e-8,0.9999691843986511,-9.797628486296617e-9,1,-5.534862523859374e-8,-0.9999691843986511,-1.023170259628614e-8,-0.007847998291254044],5,0.832876443862915],[[764.7778930664063,229.0938262939453,46.97903823852539,-0.009062744677066803,7.175850669227657e-8,0.9999589323997498,-1.2093352985687034e-8,1,-7.187105666162097e-8,-0.9999589323997498,-1.2744204802572768e-8,-0.009062744677066803],5,0.8444046974182129],[[764.5779418945313,228.84686279296876,46.98426818847656,-0.010818545706570149,9.647714449556588e-8,0.9999414682388306,-1.549298644931696e-8,1,-9.665041744710834e-8,-0.9999414682388306,-1.6537695657348196e-8,-0.010818545706570149],5,0.8556506633758545],[[764.3779907226563,228.56922912597657,46.98979187011719,-0.012540332041680813,1.2117889980345354e-7,0.9999213814735413,-1.8838653303987486e-8,1,-1.2142469074660767e-7,-0.9999213814735413,-2.0359877339615197e-8,-0.012540332041680813],5,0.8660416603088379],[[764.1780395507813,228.2609405517578,46.99537658691406,-0.014147424139082432,1.4586377972136689e-7,0.9998999238014221,-2.2143552769193776e-8,1,-1.4619168098306546e-7,-0.9998999238014221,-2.4209571236610828e-8,-0.014147424139082432],5,0.879486083984375],[[763.8447875976563,227.67901611328126,47.004703521728519,-0.016533138230443,1.3443337820717716e-7,0.99986332654953,-1.9836551956586846e-8,1,-1.347797677908602e-7,-0.99986332654953,-2.206217253331033e-8,-0.016533138230443],5,0.8996279239654541],[[763.6448364257813,227.2889862060547,47.01029968261719,-0.017769109457731248,1.0657471705144417e-7,0.99984210729599,-1.5413924359108934e-8,1,-1.0686547824434456e-7,-0.99984210729599,-1.731039489527575e-8,-0.017769109457731248],5,0.9118216037750244],[[763.5781860351563,227.15216064453126,47.01216506958008,-0.018142271786928178,9.729268413138925e-8,0.9998354315757752,-1.3954092104029315e-8,1,-9.75619016685414e-8,-0.9998354315757752,-1.5721790092015909e-8,-0.018142271786928178],5,0.9192640781402588],[[763.3115844726563,226.57080078125,47.01962661743164,-0.019507411867380143,6.018539977503679e-8,0.999809741973877,-8.171237020349054e-9,1,-6.035628530298709e-8,-0.999809741973877,-9.347076890264816e-9,-0.019507411867380143],5,0.9329242706298828],[[763.1782836914063,226.2596893310547,47.02335739135742,-0.020117374137043954,4.1644224069159466e-8,0.9997976422309876,-5.309510608952905e-9,1,-4.175948831175447e-8,-0.9997976422309876,-6.148527464944209e-9,-0.020117374137043954],5,0.9429752826690674],[[763.0449829101563,225.93495178222657,47.0270881652832,-0.020674478262662889,2.311131908072639e-8,0.9997862577438355,-2.4650477215004686e-9,1,-2.316723524131703e-8,-0.9997862577438355,-2.943491450579927e-9,-0.020674478262662889],5,0.9528357982635498],[[762.8450317382813,225.42230224609376,47.032684326171878,-0.02143753319978714,-4.67258409742044e-9,0.9997701644897461,1.774267177623301e-9,1,4.711702583648503e-9,-0.9997701644897461,1.8748667063306358e-9,-0.02143753319978714],5,0.9628853797912598],[[762.7117309570313,225.06349182128907,47.036415100097659,-0.02190116047859192,-2.318491532093958e-8,0.9997601509094238,4.584621127179389e-9,1,2.3290910533546595e-8,-0.9997601509094238,5.0936193041195569e-9,-0.02190116047859192],5,0.9730844497680664],[[762.4451293945313,224.3050079345703,47.04387664794922,-0.022740615531802179,-6.01850445036689e-8,0.9997413754463196,1.0172987785495025e-8,1,6.04320149477644e-8,-0.9997413754463196,1.1544618594427903e-8,-0.022740615531802179],5,0.9857134819030762],[[762.3796997070313,224.2319793701172,47.04570770263672,-0.02293248474597931,-6.942997998748979e-8,0.999737024307251,1.1564278423747965e-8,1,6.971350785534014e-8,-0.999737024307251,1.3159940692730743e-8,-0.02293248474597931],7,0.9950246810913086],[[762.1867065429688,224.1904754638672,47.05110168457031,-0.02346213348209858,-9.715257931475208e-8,0.9997247457504273,1.5726811852800894e-8,1,9.754841556741667e-8,-0.9997247457504273,1.8011176550203346e-8,-0.02346213348209858],7,1.006484031677246],[[761.9944458007813,224.18829345703126,47.056480407714847,-0.02393663115799427,-1.248569390099874e-7,0.9997134804725647,1.987421249793897e-8,1,1.2536857241229883e-7,-0.9997134804725647,2.286942013540738e-8,-0.02393663115799427],7,1.0181419849395753],[[761.8662719726563,224.1881866455078,47.06006622314453,-0.02422323264181614,-1.069586659241395e-7,0.9997065663337708,1.688104589447903e-8,1,1.073990958389004e-7,-0.9997065663337708,1.9477646162613383e-8,-0.02422323264181614],7,1.0275061130523682],[[761.6757202148438,224.11978149414063,47.06539535522461,-0.02461485005915165,-8.01259432137158e-8,0.9996970295906067,1.2409414829051002e-8,1,8.045577715165564e-8,-0.9996970295906067,1.4386062119342569e-8,-0.02461485005915165],8,1.0408673286437989],[[761.485595703125,224.0133056640625,47.070716857910159,-0.024967173114418985,-5.331077801429274e-8,0.9996882677078247,7.956565184485953e-9,1,5.352611864850587e-8,-0.9996882677078247,9.290481273183105e-9,-0.024967173114418985],8,1.049489974975586],[[761.3612060546875,223.92529296875,47.074195861816409,-0.025180207565426828,-3.544373683439517e-8,0.9996829032897949,4.99723107338923e-9,1,3.5580850266114797e-8,-0.9996829032897949,5.891579668571012e-9,-0.025180207565426828],8,1.0614769458770753],[[761.1756591796875,223.76773071289063,47.079383850097659,-0.025471406057476999,-8.657749184237673e-9,0.9996755719184876,5.702407990249014e-10,1,8.675089091525479e-9,-0.9996755719184876,7.910224697482704e-10,-0.025471406057476999],8,1.0709474086761475],[[761.0534057617188,223.76231384277345,47.082801818847659,-0.025648208335042,9.18988174447577e-9,0.9996710419654846,-2.373999885563194e-9,1,-9.253814603482624e-9,-0.9996710419654846,-2.6105626549366436e-9,-0.025648208335042],8,1.0812087059020997],[[760.8706665039063,223.77574157714845,47.087913513183597,-0.025890184566378595,3.594681885488171e-8,0.9996647834777832,-6.781049499693381e-9,1,-3.613449450767803e-8,-0.9996647834777832,-7.714305638728547e-9,-0.025890184566378595],8,1.0939178466796876],[[760.7651977539063,223.89321899414063,47.09086227416992,-0.02597866766154766,6.268642493978405e-8,0.9996625185012817,-1.1185329995555549e-8,1,-6.299826793565444e-8,-0.9996625185012817,-1.2818166084116456e-8,-0.02597866766154766],12,1.1050083637237549],[[760.7509155273438,224.0320281982422,47.09126281738281,-0.025996211916208268,8.94088501013357e-8,0.9996620416641235,-1.5589280977224008e-8,1,-8.98444696417755e-8,-0.9996620416641235,-1.7919628447771175e-8,-0.025996211916208268],12,1.1159875392913819],[[761.1546630859375,224.55909729003907,47.08076858520508,-0.026005512103438379,1.1611412276124611e-7,0.9996618032455444,-1.9990652688761658e-8,1,-1.166734548974091e-7,-0.9996618032455444,-2.301804613580316e-8,-0.026005512103438379],3,1.1312005519866944],[[761.7903442382813,225.36941528320313,47.06427764892578,-0.02624981291592121,1.6058471885571635e-7,0.9996554255485535,-2.7285569359492e-8,1,-1.613565530078631e-7,-0.9996554255485535,-3.151174610138696e-8,-0.02624981291592121],5,1.1654307842254639],[[762.3639526367188,226.09457397460938,47.0494384765625,-0.026539351791143419,1.16825873419657e-7,0.9996477961540222,-1.967867468977147e-8,1,-1.1738948302308927e-7,-0.9996477961540222,-2.2787183695527348e-8,-0.026539351791143419],5,1.1763496398925782],[[762.6783447265625,226.48880004882813,47.04132843017578,-0.02669214829802513,9.059323247129214e-8,0.9996436834335327,-1.5128307495615446e-8,1,-9.102947018391206e-8,-0.9996436834335327,-1.7552688191813105e-8,-0.02669214829802513],5,1.1832678318023682],[[762.8755493164063,226.7345733642578,47.036251068115237,-0.0267829317599535,7.31142293375342e-8,0.9996412992477417,-1.2100090707178879e-8,1,-7.346466190938372e-8,-0.9996412992477417,-1.4063349595971886e-8,-0.0267829317599535],5,1.1913626194000245],[[763.1527099609375,227.0777130126953,47.02913284301758,-0.026906345039606096,4.690983956834316e-8,0.9996379613876343,-7.564716852925813e-9,1,-4.71304417715146e-8,-0.9996379613876343,-8.830085995725767e-9,-0.026906345039606096],5,1.2040824890136719],[[763.3250732421875,227.2894287109375,47.02471923828125,-0.026981128379702569,2.9449653382584985e-8,0.9996359348297119,-4.5453223407321278e-9,1,-2.9583059557580783e-8,-0.9996359348297119,-5.341851849749446e-9,-0.026981128379702569],5,1.212672233581543],[[763.4874877929688,227.48753356933595,47.02056884765625,-0.027050070464611055,1.1996972304473275e-8,0.9996340870857239,-1.528998039290741e-9,1,-1.2042738362083583e-8,-0.9996340870857239,-1.8541955748574424e-9,-0.027050070464611055],5,1.2241971492767335],[[763.7125244140625,227.75912475585938,47.01483917236328,-0.0271448977291584,-1.4167985895596758e-8,0.9996315240859985,2.9902269549353379e-9,1,1.4254408320368839e-8,-0.9996315240859985,3.3760594320142447e-9,-0.0271448977291584],5,1.2343823909759522],[[763.8501586914063,227.92315673828126,47.011348724365237,-0.02720259688794613,-3.1601924632695957e-8,0.9996299147605896,5.999805541279102e-9,1,3.177689578137688e-8,-0.9996299147605896,6.86199941313248e-9,-0.02720259688794613],5,1.2448647022247315],[[764.0379638671875,228.14366149902345,47.00661087036133,-0.0272816214710474,-5.773879152570771e-8,0.9996277689933777,1.0509713099793317e-8,1,5.804711733503609e-8,-0.9996277689933777,1.2089420131644602e-8,-0.0272816214710474],5,1.2551145553588868],[[764.1507568359375,228.2736358642578,47.0037841796875,-0.027329636737704278,-7.51540198962175e-8,0.9996264576911926,1.351356004875015e-8,1,7.555156145144793e-8,-0.9996264576911926,1.557330797652412e-8,-0.027329636737704278],5,1.2659008502960206],[[764.3013305664063,228.44305419921876,47.000038146972659,-0.02739536575973034,-1.0126284877287617e-7,0.9996246695518494,1.8015494873679928e-8,1,1.0179459764003696e-7,-0.9996246695518494,2.0797433109009945e-8,-0.02739536575973034],5,1.2754859924316407],[[764.3892822265625,228.53895568847657,46.99787139892578,-0.027435297146439554,-1.1865940052757651e-7,0.9996235966682434,2.101439555701745e-8,1,1.192808412042723e-7,-0.9996235966682434,2.427898948553775e-8,-0.027435297146439554],5,1.2864880561828614],[[764.5354614257813,228.6898956298828,46.99433135986328,-0.027507595717906953,-1.5343013615165547e-7,0.999621570110321,2.7006754166336578e-8,1,1.542313867730627e-7,-0.999621570110321,3.1239068221111668e-8,-0.027507595717906953],5,1.3007056713104249],[[764.5936279296875,228.74493408203126,46.992958068847659,-0.027539996430277826,-1.5311155721065007e-7,0.9996206760406494,2.6901465943751647e-8,1,1.5391080410154246e-7,-0.9996206760406494,3.11299643840357e-8,-0.027539996430277826],5,1.3133256435394288],[[764.6802368164063,228.8141326904297,46.991004943847659,-0.027598004788160325,-1.1710447012092118e-7,0.9996191263198853,2.049815250870779e-8,1,1.177150110720504e-7,-0.9996191263198853,2.373904450791997e-8,-0.027598004788160325],5,1.3367319107055665],[[764.732666015625,228.82398986816407,46.99005126953125,-0.02766059711575508,-7.213897390556667e-8,0.9996173977851868,1.250633197003026e-8,1,7.251264833030291e-8,-0.9996173977851868,1.4507289591847439e-8,-0.02766059711575508],5,1.3448371887207032],[[764.7362670898438,228.8040771484375,46.99013137817383,-0.02768239565193653,-5.4166250151865827e-8,0.9996167421340942,9.313205318051132e-9,1,5.4444925012830939e-8,-0.9996167421340942,1.0816801676583055e-8,-0.02768239565193653],5,1.3533401489257813],[[764.72998046875,228.7705535888672,46.990478515625,-0.027702054008841516,-3.620122512870694e-8,0.9996162056922913,6.122037099487443e-9,1,3.638478318634952e-8,-0.9996162056922913,7.127620715863259e-9,-0.027702054008841516],5,1.362633228302002],[[764.7137451171875,228.723388671875,46.9910888671875,-0.027720101177692415,-1.8243889954305815e-8,0.9996157288551331,2.932725617910137e-9,1,1.8332229956286029e-8,-0.9996157288551331,3.439770024371569e-9,-0.027720101177692415],5,1.3724641799926758],[[764.6707763671875,228.6271209716797,46.99250030517578,-0.027744881808757783,8.677710106042014e-9,0.9996150135993958,-1.8479063834675458e-9,1,-8.732341960637769e-9,-0.9996150135993958,-2.0894728169906786e-9,-0.027744881808757783],5,1.3852276802062989],[[764.5494995117188,228.39852905273438,46.99617385864258,-0.027781527489423753,5.350865706077457e-8,0.9996140003204346,-9.80709824460746e-9,1,-5.3801880284254369e-8,-0.9996140003204346,-1.1298011415306064e-8,-0.027781527489423753],5,1.4035558700561524],[[764.483642578125,228.2832489013672,46.99810791015625,-0.027794400230050088,7.142761404566045e-8,0.9996136426925659,-1.2987919184581643e-8,1,-7.18163519763948e-8,-0.9996136426925659,-1.4978994045122819e-8,-0.027794400230050088],5,1.4130890369415284],[[764.4078369140625,228.1543426513672,47.00030517578125,-0.027806023135781289,8.933891137985484e-8,0.999613344669342,-1.616718847685661e-8,1,-8.982318178141213e-8,-0.999613344669342,-1.865856269489541e-8,-0.027806023135781289],5,1.4225122928619385],[[764.3220825195313,228.01181030273438,47.00276565551758,-0.02781669795513153,1.0724253485250301e-7,0.9996130466461182,-1.9344927437714433e-8,1,-1.0782237325202004e-7,-0.9996130466461182,-2.233670493012596e-8,-0.02781669795513153],5,1.4305534362792969],[[764.1748657226563,227.77247619628907,47.006954193115237,-0.027831360697746278,1.340836206509266e-7,0.9996126294136047,-2.4108700813485485e-8,1,-1.3480682525823796e-7,-0.9996126294136047,-2.7851218220575903e-8,-0.027831360697746278],5,1.443526029586792],[[764.0643310546875,227.59588623046876,47.01007843017578,-0.027840280905365945,1.5196812341855549e-7,0.9996123909950256,-2.728269699048269e-8,1,-1.5278689602382657e-7,-0.9996123909950256,-3.152575089870879e-8,-0.027840280905365945],5,1.45225191116333],[[763.8798828125,227.30545043945313,47.0152587890625,-0.027852492406964303,1.4339950382691314e-7,0.999612033367157,-2.5707223016979698e-8,1,-1.4417145166589763e-7,-0.999612033367157,-2.9712785121205344e-8,-0.027852492406964303],5,1.4647648334503174],[[763.6814575195313,226.98435974121095,47.02081298828125,-0.02786349318921566,1.1715154357716529e-7,0.9996117353439331,-2.096733098255754e-8,1,-1.1778149655583548e-7,-0.9996117353439331,-2.4240994989099819e-8,-0.02786349318921566],5,1.475571870803833],[[763.5482177734375,226.75326538085938,47.0245361328125,-0.027870144695043565,9.96622588900209e-8,0.9996115565299988,-1.78093699787496e-8,1,-1.0019752494372369e-7,-0.9996115565299988,-2.059497106188246e-8,-0.027870144695043565],5,1.48567533493042],[[763.3482666015625,226.38108825683595,47.03013229370117,-0.02787923254072666,7.34423437620535e-8,0.9996113181114197,-1.3075310612009617e-8,1,-7.383557232287785e-8,-0.9996113181114197,-1.512870717590431e-8,-0.02787923254072666],5,1.4969041347503663],[[763.2149658203125,226.11593627929688,47.03386306762695,-0.027884749695658685,5.597173924343224e-8,0.9996111392974854,-9.921159893622189e-9,1,-5.6270270221148169e-8,-0.9996111392974854,-1.1486384288161844e-8,-0.027884749695658685],5,1.5082318782806397],[[763.0150146484375,225.69265747070313,47.039459228515628,-0.027892302721738817,2.9779839039179025e-8,0.999610960483551,-5.192721364011277e-9,1,-2.993632364223231e-8,-0.999610960483551,-6.025694165856521e-9,-0.027892302721738817],5,1.5197196006774903],[[762.8150634765625,225.2387237548828,47.0450553894043,-0.02789910137653351,3.6047329565747079e-9,0.9996107220649719,-4.675770881590324e-10,1,-3.6191867280876979e-9,-0.9996107220649719,-5.683671311373928e-10,-0.02789910137653351],5,1.5307044982910157],[[762.6151123046875,224.75413513183595,47.05065155029297,-0.027905192226171495,-2.2553589218432536e-8,0.9996106028556824,4.254318231033949e-9,1,2.268114052128567e-8,-0.9996106028556824,4.885583049230036e-9,-0.027905192226171495],5,1.542764663696289],[[762.4151611328125,224.2388916015625,47.05624771118164,-0.027910638600587846,-4.869514214078663e-8,0.999610424041748,8.973008114310233e-9,1,4.896466165860147e-8,-0.999610424041748,1.0336147937550777e-8,-0.027910638600587846],5,1.5551378726959229],[[762.2847900390625,224.14857482910157,47.05989456176758,-0.027913931757211686,-6.611353597918424e-8,0.9996103048324585,1.2117039815962017e-8,1,6.647767492040657e-8,-0.9996103048324585,1.3967970780015549e-8,-0.027913931757211686],7,1.5653953552246094],[[762.0921020507813,224.13458251953126,47.065284729003909,-0.027918431907892228,-9.2227175230164e-8,0.999610185623169,1.6830465909833948e-8,1,9.273320245029027e-8,-0.999610185623169,1.9412869534107814e-8,-0.027918431907892228],7,1.577347755432129],[[761.9639282226563,224.1339111328125,47.068870544433597,-0.027921162545681,-1.096269670597394e-7,0.9996101260185242,1.9971015063902088e-8,1,1.1022755330714063e-7,-0.9996101260185242,2.304090962468308e-8,-0.027921162545681],7,1.5858328342437745],[[761.7733764648438,224.13380432128907,47.07419967651367,-0.027924899011850358,-1.0127903493639679e-7,0.9996100068092346,1.8416274727428573e-8,1,1.018330166857595e-7,-0.9996100068092346,2.125276843401025e-8,-0.027924899011850358],7,1.5979304313659669],[[761.5198974609375,224.03334045410157,47.081295013427737,-0.02792934700846672,-6.721080580973649e-8,0.9996098875999451,1.2171478047662277e-8,1,6.757711190630289e-8,-0.9996098875999451,1.4054114316763844e-8,-0.02792934700846672],8,1.613053560256958],[[761.3955078125,223.95895385742188,47.084774017333987,-0.0279313325881958,-5.018761228825497e-8,0.9996098279953003,9.051166927065424e-9,1,5.0460108980132648e-8,-0.9996098279953003,1.0457053889467716e-8,-0.0279313325881958],8,1.6238718032836915],[[761.2099609375,223.82183837890626,47.089962005615237,-0.02793402224779129,-2.466645909748877e-8,0.9996097683906555,4.37329283897725e-9,1,2.4798298525752217e-8,-0.9996097683906555,5.064302754931305e-9,-0.02793402224779129],8,1.6329243183135987],[[761.0877075195313,223.74627685546876,47.093379974365237,-0.02793564461171627,-7.661445700080094e-9,0.9996097087860107,1.2564276286042287e-9,1,7.699549442463649e-9,-0.9996097087860107,1.471029076327568e-9,-0.02793564461171627],8,1.6441702842712403],[[760.9049682617188,223.7423095703125,47.09849166870117,-0.027937866747379304,1.783244840680709e-8,0.999609649181366,-3.416309901638215e-9,1,-1.793489268209214e-8,-0.999609649181366,-3.916039048590392e-9,-0.027937866747379304],8,1.65317964553833],[[760.7831420898438,223.76519775390626,47.10189437866211,-0.027939215302467347,3.4819301220068158e-8,0.999609649181366,-6.529768281637871e-9,1,-3.5015407462424267e-8,-0.999609649181366,-7.505522425788058e-9,-0.027939215302467347],8,1.6659698486328126],[[760.6776733398438,223.88609313964845,47.10484313964844,-0.02793995849788189,6.028596999385627e-8,0.9996095895767212,-1.1197473170909689e-8,1,-6.062249724436697e-8,-0.9996095895767212,-1.2886891553876012e-8,-0.02793995849788189],12,1.6820061206817628],[[760.6633911132813,224.02508544921876,47.10524368286133,-0.02794010564684868,8.573631760100398e-8,0.9996095895767212,-1.586220754745682e-8,1,-8.621316993639994e-8,-0.9996095895767212,-1.8264818990587629e-8,-0.02794010564684868],12,1.6906969547271729],[[760.6626586914063,224.16502380371095,47.10526657104492,-0.027940135449171068,1.1117035825236599e-7,0.9996095895767212,-2.0523957644513758e-8,1,-1.117874361966642e-7,-0.9996095895767212,-2.3639302071387648e-8,-0.027940135449171068],12,1.6996543407440186],[[760.585205078125,224.28457641601563,47.1074333190918,-0.027941185981035234,8.547289809257563e-8,0.9996095895767212,-1.575996222413778e-8,1,-8.594680878104555e-8,-0.9996095895767212,-1.8155265735231297e-8,-0.027941185981035234],8,1.7133152484893799],[[760.4768676757813,224.3472442626953,47.1104621887207,-0.02794215828180313,6.835041688191268e-8,0.9996095299720764,-1.2585659625585777e-8,1,-6.872892299725209e-8,-0.9996095299720764,-1.4501179812498322e-8,-0.02794215828180313],8,1.7295989990234376],[[760.2391357421875,224.40805053710938,47.11711502075195,-0.027944117784500123,3.4127385362126009e-8,0.9996094703674316,-6.241184902222585e-9,1,-3.431518891261476e-8,-0.9996094703674316,-7.197655360613453e-9,-0.027944117784500123],8,1.7374510765075684],[[760.1580200195313,224.47897338867188,47.119380950927737,-0.027944568544626237,1.7026836829359128e-8,0.9996094703674316,-3.071025433953878e-9,1,-1.7119340611770896e-8,-0.9996094703674316,-3.5482188298630037e-9,-0.027944568544626237],12,1.749633550643921],[[760.1253051757813,224.61549377441407,47.120296478271487,-0.02794475480914116,-8.610285817667318e-9,0.9996094703674316,1.6816542602882124e-9,1,8.66066152127587e-9,-0.9996094703674316,1.9230175229978387e-9,-0.02794475480914116],12,1.7605562210083008],[[760.0386962890625,224.73410034179688,47.122718811035159,-0.027945544570684434,-3.423097538757247e-8,0.9996094703674316,6.431265742179448e-9,1,3.442414708842989e-8,-0.9996094703674316,7.390755563108087e-9,-0.027945544570684434],8,1.7766366004943848],[[759.8745727539063,224.82203674316407,47.1273078918457,-0.02794662117958069,-5.983525142028157e-8,0.9996094107627869,1.1177793801664393e-8,1,6.017113207690272e-8,-0.9996094107627869,1.2855007724965617e-8,-0.02794662117958069],8,1.7852981090545655],[[759.704833984375,224.83677673339845,47.132057189941409,-0.027947675436735154,-8.542311036308092e-8,0.9996094107627869,1.5921246543371127e-8,1,8.590162536847856e-8,-0.9996094107627869,1.8315779115596343e-8,-0.027947675436735154],8,1.7952485084533692],[[759.6303100585938,224.90675354003907,47.13414001464844,-0.02794799394905567,-1.0247256909678981e-7,0.9996093511581421,1.9081877411508686e-8,1,1.0304612629852272e-7,-0.9996093511581421,2.1954356554942934e-8,-0.02794799394905567],12,1.8073058128356934],[[759.6031494140625,225.0431365966797,47.13489532470703,-0.027948128059506418,-9.395724021032948e-8,0.9996093511581421,1.7482539860225189e-8,1,9.448275051227029e-8,-0.9996093511581421,2.0116326382435547e-8,-0.027948128059506418],12,1.8171055316925049],[[759.5183715820313,225.1616973876953,47.13726806640625,-0.02794869989156723,-6.841488442432819e-8,0.9996093511581421,1.2716322217443122e-8,1,6.879716352159449e-8,-0.9996093511581421,1.4634145450997949e-8,-0.02794869989156723],8,1.8298985958099366],[[759.4151000976563,225.22369384765626,47.14015579223633,-0.02794921025633812,-5.139574099644051e-8,0.9996093511581421,9.540542578179157e-9,1,5.168258354615318e-8,-0.9996093511581421,1.0981302978052554e-8,-0.02794921025633812],8,1.839179277420044],[[759.2504272460938,225.262939453125,47.14476013183594,-0.027949977666139604,-2.5880664722421899e-8,0.9996093511581421,4.7794372903808839e-9,1,2.6024416399650364e-8,-0.9996093511581421,5.504951605672659e-9,-0.027949977666139604],8,1.8506035804748536],[[759.1419677734375,225.22625732421876,47.147796630859378,-0.027950456365942956,-8.879694313179698e-9,0.9996092915534973,1.6070768049658569e-9,1,8.928100925231775e-9,-0.9996092915534973,1.8559933590012179e-9,-0.027950456365942956],8,1.8612558841705323],[[759.0340576171875,225.16806030273438,47.15081787109375,-0.02795090153813362,8.114009908410935e-9,0.9996092915534973,-1.563917662039671e-9,1,-8.16091105804162e-9,-0.9996092915534973,-1.7914114636141676e-9,-0.02795090153813362],8,1.870391607284546],[[758.872314453125,225.1505584716797,47.155338287353519,-0.027951519936323167,3.359095046562288e-8,0.9996092915534973,-6.31785201932189e-9,1,-3.378074353577176e-8,-0.9996092915534973,-7.2596066935659568e-9,-0.027951519936323167],8,1.8805773258209229],[[758.781982421875,225.30882263183595,47.15786361694336,-0.027951767668128015,6.753480619181573e-8,0.9996092915534973,-1.2651693026555222e-8,1,-6.791498208258418e-8,-0.9996092915534973,-1.4545094018103555e-8,-0.027951767668128015],12,1.89863920211792],[[758.778564453125,225.54159545898438,47.157958984375,-0.027951795607805253,1.0992385313102204e-7,0.9996092915534973,-2.0561396141260958e-8,1,-1.1054176951574846e-7,-0.9996092915534973,-2.364320295100697e-8,-0.027951795607805253],12,1.9151520729064942],[[758.778564453125,225.5882568359375,47.157958984375,-0.027951795607805253,1.1839622970910568e-7,0.9996092915534973,-2.214232175390407e-8,1,-1.1906166719199973e-7,-0.9996092915534973,-2.5461657671144168e-8,-0.027951795607805253],12,1.9233710765838624],[[758.778564453125,225.68157958984376,47.157958984375,-0.027951795607805253,9.950219492793622e-8,0.9996092915534973,-1.860462361946702e-8,1,-1.0006132100670584e-7,-0.9996092