[[[663.528076171875,222.69961547851563,159.64199829101563,1,0,0,0,1,0,0,0,1],8,0.00586247444152832],[[663.528076171875,222.69961547851563,159.64199829101563,1,0,0,0,1,0,0,0,1],8,0.02253127098083496],[[663.528076171875,222.69961547851563,159.64199829101563,1,0,0,0,1,0,0,0,1],8,0.04200863838195801],[[663.528076171875,222.69961547851563,159.64199829101563,1,0,0,0,1,0,0,0,1],8,0.04923272132873535],[[663.528076171875,222.69961547851563,159.64199829101563,1,0,0,0,1,0,0,0,1],8,0.06165623664855957],[[663.528076171875,222.69961547851563,159.64199829101563,1,0,0,0,1,0,0,0,1],8,0.07077336311340332],[[663.528076171875,222.69961547851563,159.64199829101563,1,0,0,0,1,0,0,0,1],8,0.08134222030639649],[[663.528076171875,222.69961547851563,159.64199829101563,1,0,0,0,1,0,0,0,1],8,0.09299826622009278],[[663.528076171875,222.69961547851563,159.64199829101563,1,0,0,0,1,0,0,0,1],8,0.10049605369567871],[[663.528076171875,222.69961547851563,159.64199829101563,1,0,0,0,1,0,0,0,1],8,0.11142683029174805],[[663.528076171875,222.69961547851563,159.64199829101563,1,0,0,0,1,0,0,0,1],8,0.12077116966247559],[[663.528076171875,222.69961547851563,159.64199829101563,1,0,0,0,1,0,0,0,1],8,0.12997055053710938],[[663.528076171875,222.69961547851563,159.64199829101563,1,0,0,0,1,0,0,0,1],8,0.14338946342468263],[[663.528076171875,222.69961547851563,159.64199829101563,1,0,0,0,1,0,0,0,1],8,0.15786314010620118],[[663.528076171875,222.69961547851563,159.64199829101563,1,0,0,0,1,0,0,0,1],8,0.16730546951293946],[[663.528076171875,222.69961547851563,159.64199829101563,1,0,0,0,1,0,0,0,1],8,0.1780695915222168],[[663.528076171875,222.69961547851563,159.64199829101563,1,0,0,0,1,0,0,0,1],8,0.19152283668518067],[[663.528076171875,222.69961547851563,159.64199829101563,1,0,0,0,1,0,0,0,1],8,0.2022416591644287],[[663.528076171875,222.69961547851563,159.64199829101563,1,0,0,0,1,0,0,0,1],8,0.21486473083496095],[[663.528076171875,222.69961547851563,159.64199829101563,1,0,0,0,1,0,0,0,1],8,0.24587512016296388],[[663.528076171875,222.69961547851563,159.64199829101563,1,0,0,0,1,0,0,0,1],8,0.26316022872924807],[[663.4644775390625,222.69961547851563,159.42507934570313,0.9993835687637329,0,0.035106316208839419,0,1,0,-0.035106316208839419,0,0.9993835687637329],8,0.27562642097473147],[[663.4154052734375,222.69961547851563,159.23255920410157,0.9983202219009399,0,0.0579368881881237,0,1,0,-0.0579368881881237,0,0.9983202219009399],8,0.297182559967041],[[663.3554077148438,222.69961547851563,158.9728240966797,0.9966191649436951,0,0.08215971291065216,0,1,0,-0.08215971291065216,0,0.9966191649436951],8,0.3036007881164551],[[663.3306884765625,222.69961547851563,158.8418426513672,0.9958789944648743,0,0.0906919613480568,0,1,0,-0.0906919613480568,0,0.9958789944648743],8,0.3134305477142334],[[663.2984008789063,222.69961547851563,158.6444854736328,0.9950602650642395,0,0.09927281737327576,0,1,0,-0.09927281737327576,0,0.9950602650642395],8,0.32445335388183596],[[663.2787475585938,222.69961547851563,158.51260375976563,0.9946591854095459,0,0.10321369767189026,0,1,0,-0.10321369767189026,0,0.9946591854095459],8,0.3335456848144531],[[663.2522583007813,222.69961547851563,158.31436157226563,0.9942682981491089,0,0.10691355168819428,0,1,0,-0.10691355168819428,0,0.9942682981491089],8,0.3477957248687744],[[663.2279663085938,222.69961547851563,158.11582946777345,0.9940568804740906,0,0.10886168479919434,0,1,0,-0.10886168479919434,0,0.9940568804740906],8,0.3585646152496338],[[663.207275390625,222.69961547851563,157.91690063476563,0.9940530061721802,0,0.10889741033315659,0,1,0,-0.10889741033315659,0,0.9940530061721802],8,0.3676426410675049],[[663.1947631835938,222.69961547851563,157.78416442871095,0.994135856628418,0,0.1081385388970375,0,1,0,-0.1081385388970375,0,0.994135856628418],8,0.37995219230651858],[[663.184326171875,222.69961547851563,157.6512451171875,0.994312047958374,0,0.10650619119405747,0,1,0,-0.10650619119405747,0,0.994312047958374],8,0.3883352279663086],[[663.171142578125,222.69961547851563,157.45167541503907,0.9947024583816528,0,0.10279594361782074,0,1,0,-0.10279594361782074,0,0.9947024583816528],8,0.3988358974456787],[[663.1637573242188,222.69961547851563,157.31854248046876,0.9950096011161804,0,0.09977911412715912,0,1,0,-0.09977911412715912,0,0.9950096011161804],8,0.4107241630554199],[[663.1548461914063,222.69961547851563,157.11874389648438,0.9955289363861084,0,0.09445702284574509,0,1,0,-0.09445702284574509,0,0.9955289363861084],8,0.42482519149780276],[[663.1495361328125,222.69961547851563,156.9188232421875,0.996125340461731,0,0.08794482052326203,0,1,0,-0.08794482052326203,0,0.996125340461731],8,0.43335771560668948],[[663.1473999023438,222.69961547851563,156.71884155273438,0.9967644810676575,0,0.08037789911031723,0,1,0,-0.08037789911031723,0,0.9967644810676575],8,0.4446721076965332],[[663.147216796875,222.69961547851563,156.58551025390626,0.9971791505813599,0,0.0750579759478569,0,1,0,-0.0750579759478569,0,0.9971791505813599],8,0.45624637603759768],[[663.1486206054688,222.69961547851563,156.38551330566407,0.9977629780769348,0,0.06685090810060501,0,1,0,-0.06685090810060501,0,0.9977629780769348],8,0.4657325744628906],[[663.1524658203125,222.69961547851563,156.18556213378907,0.9983052611351013,0,0.05819408595561981,0,1,0,-0.05819408595561981,0,0.9983052611351013],8,0.47681546211242678],[[663.1559448242188,222.69961547851563,156.05226135253907,0.998624861240387,0,0.05242478847503662,0,1,0,-0.05242478847503662,0,0.998624861240387],8,0.4863753318786621],[[663.1732177734375,222.69961547851563,155.51918029785157,0.9995592832565308,0,0.02968589961528778,0,1,0,-0.02968589961528778,0,0.9995592832565308],8,0.5198822021484375],[[663.1829223632813,222.69961547851563,155.3194122314453,0.9997710585594177,0,0.0213973056524992,0,1,0,-0.0213973056524992,0,0.9997710585594177],8,0.5304150581359863],[[663.1865234375,222.69961547851563,155.25283813476563,0.9998245239257813,0,0.018731383606791498,0,1,0,-0.018731383606791498,0,0.9998245239257813],8,0.5399045944213867],[[663.1983642578125,222.69961547851563,155.05319213867188,0.9999419450759888,0,0.010772937908768654,0,1,0,-0.010772937908768654,0,0.9999419450759888],8,0.5483732223510742],[[663.2069702148438,222.69961547851563,154.92013549804688,0.9999844431877136,0,0.005576467607170343,0,1,0,-0.005576467607170343,0,0.9999844431877136],8,0.5588247776031494],[[663.2163696289063,222.69961547851563,154.78713989257813,0.9999999403953552,0,0.0003734969941433519,0,1,0,-0.0003734969941433519,0,0.9999999403953552],8,0.5785157680511475],[[663.2485961914063,222.69961547851563,154.38841247558595,0.999874472618103,0,-0.015844864770770074,0,1,0,0.015844864770770074,0,0.999874472618103],8,0.5911705493927002],[[663.264892578125,223.35189819335938,154.18905639648438,0.9997115135192871,0,-0.02401944063603878,0,1,0,0.02401944063603878,0,0.9997115135192871],3,0.6047663688659668],[[663.2909545898438,223.97352600097657,153.99082946777345,0.9994046688079834,0,-0.034501466900110248,0,1,0,0.034501466900110248,0,0.9994046688079834],5,0.6299710273742676],[[663.3427734375,224.94143676757813,153.66156005859376,0.9985091090202332,0,-0.054585207253694537,0,1,0,0.054585207253694537,0,0.9985091090202332],5,0.637139081954956],[[663.3749389648438,225.4813232421875,153.4641571044922,0.9978272914886475,0,-0.06588350981473923,0,1,0,0.06588350981473923,0,0.9978272914886475],5,0.6474747657775879],[[663.3857421875,225.6544647216797,153.39837646484376,0.9975903034210205,0,-0.06937997043132782,0,1,0,0.06937997043132782,0,0.9975903034210205],5,0.6538224220275879],[[663.407470703125,225.99053955078126,153.26681518554688,0.9971093535423279,0,-0.07598010450601578,0,1,0,0.07598010450601578,0,0.9971093535423279],5,0.6617345809936523],[[663.42919921875,226.31298828125,153.13525390625,0.9966225028038025,0,-0.0821196511387825,0,1,0,0.0821196511387825,0,0.9966225028038025],5,0.6705808639526367],[[663.47265625,226.91700744628907,152.87213134765626,0.986008882522583,0,-0.16669294238090516,0,1,0,0.16669294238090516,0,0.986008882522583],5,0.6903128623962402],[[663.51611328125,227.46652221679688,152.6090087890625,0.9865573644638062,0,-0.1634153574705124,0,1,0,0.1634153574705124,0,0.9865573644638062],5,0.7184274196624756],[[663.581298828125,228.18861389160157,152.21432495117188,0.9882503151893616,0,-0.15284426510334016,0,1,0,0.15284426510334016,0,0.9882503151893616],5,0.7257273197174072],[[663.5916748046875,228.2970428466797,152.14846801757813,0.9897769689559937,0,-0.1426236629486084,0,1,0,0.1426236629486084,0,0.9897769689559937],5,0.7328689098358154],[[663.611083984375,228.50367736816407,152.01657104492188,0.9909464716911316,0,-0.13425765931606294,0,1,0,0.13425765931606294,0,0.9909464716911316],5,0.7429873943328857],[[663.6382446289063,228.7880859375,151.81842041015626,0.992253839969635,0,-0.1242271140217781,0,1,0,0.1242271140217781,0,0.992253839969635],5,0.7530210018157959],[[663.6632690429688,229.0418243408203,151.62001037597657,0.9947368502616882,0,-0.10246242582798004,0,1,0,0.10246242582798004,0,0.9947368502616882],5,0.7650775909423828],[[663.6842651367188,229.26492309570313,151.42112731933595,0.9957917928695679,0,-0.09164468944072724,0,1,0,0.09164468944072724,0,0.9957917928695679],5,0.778780460357666],[[663.7026977539063,229.45736694335938,151.22198486328126,0.9969806671142578,0,-0.0776500552892685,0,1,0,0.0776500552892685,0,0.9969806671142578],5,0.8022677898406982],[[663.7286987304688,229.7099609375,150.88967895507813,0.9980034232139587,0,-0.0631602481007576,0,1,0,0.0631602481007576,0,0.9980034232139587],5,0.8121380805969238],[[663.7455444335938,229.85073852539063,150.62355041503907,0.9983099102973938,0,-0.05811438336968422,0,1,0,0.05811438336968422,0,0.9983099102973938],5,0.8307774066925049],[[663.7647705078125,229.95005798339845,150.29075622558595,0.9985240697860718,0,-0.05431053042411804,0,1,0,0.05431053042411804,0,0.9985240697860718],5,0.8608410358428955],[[663.7828369140625,229.96421813964845,149.95790100097657,0.9987108111381531,0,-0.050761472433805469,0,1,0,0.050761472433805469,0,0.9987108111381531],5,0.8672068119049072],[[663.7862548828125,229.9568328857422,149.89132690429688,0.9987369775772095,0,-0.050243765115737918,0,1,0,0.050243765115737918,0,0.9987369775772095],5,0.8763332366943359],[[663.79296875,229.93185424804688,149.75816345214845,0.9987372756004334,0,-0.05023853853344917,0,1,0,0.05023853853344917,0,0.9987372756004334],5,0.8849127292633057],[[663.8030395507813,229.8688201904297,149.5583953857422,0.9987391233444214,0,-0.050201695412397388,0,1,0,0.050201695412397388,0,0.9987391233444214],5,0.8945105075836182],[[663.8093872070313,229.9254913330078,149.4326629638672,0.9987401962280273,0,-0.05018000677227974,0,1,0,0.05018000677227974,0,0.9987401962280273],12,0.9043965339660645],[[663.8179931640625,230.059814453125,149.26266479492188,0.9989097118377686,0,-0.04668378084897995,0,1,0,0.04668378084897995,0,0.9989097118377686],12,0.9157605171203613],[[663.825439453125,230.1995086669922,149.11497497558595,0.9989898800849915,0,-0.044935550540685657,0,1,0,0.044935550540685657,0,0.9989898800849915],12,0.9273698329925537],[[663.8297119140625,230.29283142089845,149.02891540527345,0.9991409182548523,0,-0.04144129157066345,0,1,0,0.04144129157066345,0,0.9991409182548523],12,0.9360532760620117],[[663.8339233398438,230.4254608154297,148.9479217529297,0.9999914765357971,-0.0034220502711832525,-0.0023134045768529178,0.003421246074140072,0.9999940991401672,-0.0003515611169859767,0.0023145941086113455,0.00034364339080639184,0.9999972581863403],12,0.9478335380554199],[[663.8357543945313,230.5150146484375,148.9358367919922,0.9999834299087524,-0.005314325913786888,0.002214194042608142,0.005315591115504503,0.9999856948852539,-0.0005657583242282271,-0.0022111558355391027,0.0005775188910774887,0.9999973773956299],12,0.9592785835266113],[[663.8369140625,230.65443420410157,148.93215942382813,0.999976396560669,-0.003008064115419984,-0.006175437942147255,0.0030060838907957079,0.9999954104423523,-0.0003299207892268896,0.006176401861011982,0.0003113491111434996,0.9999808669090271],12,0.9692573547363281],[[663.8369140625,230.79440307617188,148.93194580078126,0.9999902248382568,-0.0006456644623540342,-0.004368520807474852,0.0006453057285398245,0.9999997615814209,-0.00008353406883543357,0.004368573892861605,0.00008071422053035349,0.9999904632568359],12,0.9806838035583496],[[663.8367919921875,230.88772583007813,148.93194580078126,0.9999995827674866,0.00007648408791283146,-0.0009230197174474597,-0.00007648779137525707,1,-0.000003976604602939915,0.0009230193682014942,0.000004047202310175635,0.9999995827674866],12,0.9936904907226563],[[663.8366088867188,231.12103271484376,148.9319610595703,0.9999171495437622,0.0002067369787255302,0.012870104052126408,-0.0002069899783236906,1,0.000018325337805435994,-0.01287010032683611,-0.00002098780169035308,0.9999171495437622],12,1.0130252838134766],[[663.8365478515625,231.21435546875,148.9319610595703,0.9999192357063294,0.00010048095282400027,0.01270979642868042,-0.00010061373905045912,1,0.00000980825370788807,-0.012709795497357846,-0.000011086241102020722,0.9999192357063294],12,1.0222673416137696],[[663.8365478515625,231.35433959960938,148.9319610595703,0.9999192953109741,0.000005495549885381479,0.012705083936452866,-0.000005511329163709888,1,0.000001206954948429484,-0.012705083936452866,-0.0000012768794022122166,0.9999192953109741],12,1.032804250717163],[[663.8365478515625,231.44766235351563,148.9319610595703,0.9999192953109741,-0.000014621269656345249,0.012702306732535363,0.00001463418266212102,1,-9.236085816155537e-7,-0.012702306732535363,0.00000110942198716657,0.9999192953109741],12,1.0423836708068848],[[663.8365478515625,231.587646484375,148.9319610595703,0.9999193549156189,-0.000013655213479069062,0.01270198728889227,0.000013671218766830862,1,-0.0000011732524853869109,-0.01270198728889227,0.0000013468094266499975,0.9999193549156189],12,1.0538790225982667],[[663.8365478515625,231.68096923828126,148.9319610595703,0.9999193549156189,-0.000007527964044129476,0.012701801024377346,0.000007537576038885163,1,-7.0886966341277e-7,-0.012701801024377346,8.045532240430475e-7,0.9999193549156189],12,1.0631937980651856],[[663.8365478515625,231.7742919921875,148.9319610595703,0.9999193549156189,-0.0000026590487323119307,0.01270177774131298,0.000002662930228325422,1,-2.8867233936580308e-7,-0.01270177774131298,3.2247299941445819e-7,0.9999193549156189],12,1.0734081268310547],[[663.8365478515625,231.91427612304688,148.9319610595703,0.9999193549156189,5.977962018732796e-7,0.012701770290732384,-5.981713115943421e-7,1,2.573665724980856e-8,-0.012701770290732384,-3.333241593850289e-8,0.9999193549156189],12,1.0828702449798585],[[663.8365478515625,232.10092163085938,148.9319610595703,0.9999193549156189,7.135366217880801e-7,0.01270176563411951,-7.143849529711588e-7,1,6.224784243613613e-8,-0.01270176563411951,-7.131676937888187e-8,0.9999193549156189],12,1.100553035736084],[[663.8365478515625,232.19424438476563,148.9319610595703,0.9999193549156189,3.631880360899231e-7,0.01270176563411951,-3.6367453049024336e-7,1,3.599169318135864e-8,-0.01270176563411951,-4.060809999373305e-8,0.9999193549156189],12,1.1113851070404053],[[663.8365478515625,232.334228515625,148.9319610595703,0.9999193549156189,2.7356810150536149e-8,0.01270176563411951,-2.744213212224622e-8,1,6.543008357340341e-9,-0.01270176563411951,-6.891044179724304e-9,0.9999193549156189],12,1.1197311878204346],[[663.8365478515625,232.42755126953126,148.9319610595703,0.9999193549156189,-4.7220517274126908e-8,0.01270176563411951,4.7247208811995736e-8,1,-1.8014083558171024e-9,-0.01270176563411951,2.4013859789562277e-9,0.9999193549156189],12,1.1301124095916749],[[663.8365478515625,232.5208740234375,148.9319610595703,0.9999193549156189,-7.92227439205817e-8,0.01270176563411951,7.930825773883044e-8,1,-6.228367599447893e-9,-0.01270176563411951,7.23521997869625e-9,0.9999193549156189],12,1.1412296295166016],[[663.8365478515625,232.70751953125,148.9319610595703,0.9999193549156189,-1.0393152649612603e-7,0.01270176563411951,1.040824244569194e-7,1,-1.1218963535952753e-8,-0.01270176563411951,1.2540088967227803e-8,0.9999193549156189],12,1.1527564525604249],[[663.8365478515625,232.80084228515626,148.9319610595703,0.9999193549156189,-1.1627800233782182e-7,0.01270176563411951,1.1646157105360544e-7,1,-1.3712663005094328e-8,-0.01270176563411951,1.5190824598221299e-8,0.9999193549156189],12,1.162968635559082],[[663.8365478515625,232.8941650390625,148.9319610595703,0.9999193549156189,-1.1116686238210605e-7,0.01270176563411951,1.1135198718648098e-7,1,-1.3867995640737263e-8,-0.01270176563411951,1.528124293770361e-8,0.9999193549156189],12,1.1735477447509766],[[663.8365478515625,233.080810546875,148.9319610595703,0.9999193549156189,-6.606133240438794e-8,0.01270176563411951,6.618741110742121e-8,1,-9.505852105462509e-9,-0.01270176563411951,1.0345782008869265e-8,0.9999193549156189],12,1.1868889331817628],[[663.8365478515625,233.17413330078126,148.9319610595703,0.9999193549156189,-4.352301630206057e-8,0.01270176563411951,4.36195897179914e-8,1,-7.32617744247932e-9,-0.01270176563411951,7.879632057949948e-9,0.9999193549156189],12,1.196728229522705],[[663.8365478515625,233.2674560546875,148.9319610595703,0.9999193549156189,-2.0994326277445908e-8,0.01270176563411951,2.106140684077218e-8,1,-5.1474331463907678e-9,-0.01270176563411951,5.414535042547186e-9,0.9999193549156189],12,1.2052459716796876],[[663.8365478515625,233.36077880859376,148.9319610595703,0.9999193549156189,1.524739001723674e-9,0.01270176563411951,-1.4871395226379037e-9,1,-2.9696198833306654e-9,-0.01270176563411951,2.9504909626609789e-9,0.9999193549156189],12,1.214127540588379],[[663.8365478515625,233.50076293945313,148.9319610595703,0.9999193549156189,3.528530001517538e-8,0.01270176563411951,-3.529190095719059e-8,1,2.9535665579949468e-10,-0.01270176563411951,-7.436022908535733e-10,0.9999193549156189],12,1.2242772579193116],[[663.8365478515625,233.59408569335938,148.9319610595703,0.9999193549156189,5.778032630132657e-8,0.01270176563411951,-5.781637213431168e-8,1,2.470845972268876e-9,-0.01270176563411951,-3.2050166964836537e-9,0.9999193549156189],12,1.232555866241455],[[663.8365478515625,233.73406982421876,148.9319610595703,0.9999193549156189,9.150484459041763e-8,0.01270176563411951,-9.158504354900288e-8,1,5.7323381597029769e-9,-0.01270176563411951,-6.895167548037762e-9,0.9999193549156189],12,1.2436869144439698],[[663.8365478515625,233.827392578125,148.9319610595703,0.9999193549156189,1.1397585097938645e-7,0.01270176563411951,-1.1408546640723216e-7,1,7.905506471672652e-9,-0.01270176563411951,-9.353954943946974e-9,0.9999193549156189],12,1.252932071685791],[[663.8365478515625,233.92071533203126,148.9319610595703,0.9999193549156189,9.93768267676387e-8,0.01270176563411951,-9.947695644996202e-8,1,7.2511801008090519e-9,-0.01270176563411951,-8.514128069236904e-9,0.9999193549156189],12,1.262537956237793],[[663.8365478515625,234.06069946289063,148.9319610595703,0.9999193549156189,7.748999308887505e-8,0.01270176563411951,-7.757589770562845e-8,1,6.270215013870484e-9,-0.01270176563411951,-7.2550601082355119e-9,0.9999193549156189],12,1.2735252380371094],[[663.8365478515625,234.15402221679688,148.9319610595703,0.9998390078544617,6.286747122885572e-8,0.01794245094060898,-6.297975829738789e-8,1,5.6930820058198609e-9,-0.01794245094060898,-6.822177045506805e-9,0.9998390078544617],12,1.2843983173370362],[[663.8365478515625,234.29400634765626,148.9319610595703,0.9997702240943909,4.097978489880916e-8,0.02143627405166626,-4.1094359914950476e-8,1,4.9043187289044e-9,-0.02143627405166626,-5.78410164209231e-9,0.9997702240943909],12,1.296170711517334],[[663.8365478515625,234.43399047851563,148.9319610595703,0.999373197555542,1.9045542032358754e-8,0.035400908440351489,-1.9214116520060999e-8,1,4.421679467014883e-9,-0.035400908440351489,-5.099105138128834e-9,0.999373197555542],12,1.3070566654205323],[[663.8365478515625,234.52731323242188,148.9319610595703,0.999373197555542,4.487033855582467e-9,0.03540072217583656,-4.635085204540701e-9,1,4.100089157077491e-9,-0.03540072217583656,-4.261604402699959e-9,0.999373197555542],12,1.3167803287506104],[[663.8365478515625,234.66729736328126,148.9319610595703,0.9984116554260254,-1.7429377052735618e-8,0.05633944272994995,1.7227089088578397e-8,1,4.076178949929954e-9,-0.05633944272994995,-3.0991400556956707e-9,0.9984116554260254],12,1.32869291305542],[[663.8365478515625,234.85394287109376,148.9319610595703,0.9967353343963623,-4.657967167531751e-8,0.08073844015598297,4.634693340221929e-8,1,4.75664263532849e-9,-0.08073844015598297,-9.991347749149782e-10,0.9967353343963623],12,1.3434197902679444],[[663.8365478515625,234.99392700195313,148.9319610595703,0.9950000047683716,-6.838375554707454e-8,0.09987480193376541,6.815666608872562e-8,1,5.685833137647478e-9,-0.09987480193376541,1.149729644822628e-9,0.9950000047683716],12,1.3583600521087647],[[663.8365478515625,235.1339111328125,148.9319610595703,0.9950000047683716,-9.016327595645635e-8,0.09987480193376541,8.995242239961954e-8,1,6.6144281163360578e-9,-0.09987480193376541,2.4026245437624995e-9,0.9950000047683716],12,1.3793072700500489],[[663.8365478515625,235.320556640625,148.9319610595703,0.9950000047683716,-1.1918093179019707e-7,0.09987480193376541,1.1899170715423679e-7,1,7.851629568733643e-9,-0.09987480193376541,4.071902370839098e-9,0.9950000047683716],12,1.3853907585144044],[[663.8365478515625,235.41387939453126,148.9319610595703,0.9950000047683716,-9.867320471812491e-8,0.09987480193376541,9.853626892208922e-8,1,6.304015087721382e-9,-0.09987480193376541,3.568795703401406e-9,0.9950000047683716],12,1.395012378692627],[[663.8365478515625,235.55386352539063,148.9319610595703,0.9950000047683716,-6.792803475264009e-8,0.09987480193376541,6.786949313664081e-8,1,3.983832375098473e-9,-0.09987480193376541,2.81453926831432e-9,0.9950000047683716],12,1.4056925773620606],[[663.8365478515625,235.60052490234376,148.9319610595703,0.9950000047683716,-5.768402289163532e-8,0.09987480193376541,5.765160437931627e-8,1,3.2107685399296317e-9,-0.09987480193376541,2.56322785219254e-9,0.9950000047683716],12,1.4130685329437256],[[663.8365478515625,235.69384765625,148.9319610595703,0.9950000047683716,-3.7202564584504219e-8,0.09987480193376541,3.722237096326353e-8,1,1.6651361400832343e-9,-0.09987480193376541,2.0607664463767607e-9,0.9950000047683716],12,1.4219579696655274],[[663.8365478515625,235.83383178710938,148.9319610595703,0.9950000047683716,-6.496780002862579e-9,0.09987480193376541,6.594880197496877e-9,1,-6.520750606142656e-10,-0.09987480193376541,1.3074770155441229e-9,0.9950000047683716],12,1.4304354190826417],[[663.8365478515625,235.8804931640625,148.9319610595703,0.9950000047683716,3.7341094660803268e-9,0.09987480193376541,-3.6099223610364108e-9,1,-1.4241489099120486e-9,-0.09987480193376541,1.0564878971663916e-9,0.9950000047683716],12,1.4389100074768067],[[663.8365478515625,236.02047729492188,148.9319610595703,0.9950000047683716,3.441366658307743e-8,0.09987480193376541,-3.421125072122777e-8,1,-3.7393812490904569e-9,-0.09987480193376541,3.038422291545828e-10,0.9950000047683716],12,1.4488613605499268],[[663.8365478515625,236.11380004882813,148.9319610595703,0.9950000047683716,5.48557821389295e-8,0.09987480193376541,-5.460124441469816e-8,1,-5.2820454676805188e-9,-0.09987480193376541,-1.9765328262977278e-10,0.9950000047683716],12,1.4583308696746827],[[663.8365478515625,236.2537841796875,148.9319610595703,0.9950000047683716,8.550258456807569e-8,0.09987480193376541,-8.516990845919281e-8,1,-7.594806561428414e-9,-0.09987480193376541,-9.49495149171753e-10,0.9950000047683716],12,1.469235897064209],[[663.8365478515625,236.34710693359376,148.9319610595703,0.9950000047683716,1.0592287935651257e-7,0.09987480193376541,-1.0553812757052583e-7,1,-9.135823653139142e-9,-0.09987480193376541,-1.4504552003913319e-9,0.9950000047683716],12,1.479187250137329],[[663.8365478515625,236.48709106445313,148.9319610595703,0.9946449398994446,9.980485771166059e-8,0.10335084050893784,-9.946258927584495e-8,1,-8.465228518161894e-9,-0.10335084050893784,-1.8596456596853273e-9,0.9946449398994446],12,1.4940290451049805],[[663.8365478515625,236.76705932617188,148.9319610595703,0.9946447014808655,5.088911336770252e-8,0.1033536046743393,-5.0743352630888697e-8,1,-4.039600653982234e-9,-0.1033536046743393,-1.2265412019374367e-9,0.9946447014808655],12,1.5140833854675294],[[663.8365478515625,236.813720703125,148.9319610595703,0.9946447014808655,4.2742584582811108e-8,0.1033536046743393,-4.262954789169271e-8,1,-3.3025473467063195e-9,-0.1033536046743393,-1.1210563588548439e-9,0.9946447014808655],12,1.5204315185546876],[[663.8365478515625,236.90704345703126,148.9319610595703,0.9946447014808655,2.645474772577927e-8,0.1033536046743393,-2.6407141362483345e-8,1,-1.828913243073771e-9,-0.1033536046743393,-9.101543407830093e-10,0.9946447014808655],12,1.5281128883361817],[[663.8365478515625,237.04702758789063,148.9319610595703,0.9946447014808655,2.036039781216914e-9,0.1033536046743393,-2.0865251748602988e-9,1,3.803574122329678e-10,-0.1033536046743393,-5.939703728863321e-10,0.9946447014808655],12,1.5426483154296876],[[663.8365478515625,237.14035034179688,148.9319610595703,0.9946447014808655,-1.4234405654178773e-8,0.1033536046743393,1.4118561431075705e-8,1,1.852417996772715e-9,-0.1033536046743393,-3.832935357994671e-10,0.9946447014808655],12,1.550325632095337],[[663.8365478515625,237.28033447265626,148.9319610595703,0.9946447014808655,-3.862704289758767e-8,0.1033536046743393,3.8413212166688029e-8,1,4.059329761219033e-9,-0.1033536046743393,-6.744703406891262e-11,0.9946447014808655],12,1.562013864517212],[[663.8365478515625,237.3736572265625,148.9319610595703,0.9946447014808655,-5.48801146749156e-8,0.1033536046743393,5.460099572474064e-8,1,5.529818380978213e-9,-0.1033536046743393,1.430049412221024e-10,0.9946447014808655],12,1.5700325965881348],[[663.8365478515625,237.46697998046876,148.9319610595703,0.9946447014808655,-7.112624444971516e-8,0.1033536046743393,7.078185859654696e-8,1,6.999678614505456e-9,-0.1033536046743393,3.533670855926374e-10,0.9946447014808655],12,1.5791187286376954],[[663.8365478515625,237.65362548828126,148.9319610595703,0.9946447014808655,-1.0359767799172914e-7,0.1033536046743393,1.0312285780855746e-7,1,9.937515699220967e-9,-0.1033536046743393,7.738220064723578e-10,0.9946447014808655],12,1.593928337097168],[[663.8365478515625,237.7469482421875,148.9319610595703,0.9946447014808655,-1.1982299952251197e-7,0.1033536046743393,1.19283001254189e-7,1,1.1405492550409236e-8,-0.1033536046743393,9.839143944034845e-10,0.9946447014808655],12,1.603821039199829],[[663.8365478515625,237.84027099609376,148.9319610595703,0.9946447014808655,-1.0016174201155082e-7,0.1033536046743393,9.971497405558694e-8,1,9.489443009158549e-9,-0.1033536046743393,8.672779716611956e-10,0.9946447014808655],12,1.6123096942901612],[[663.8365478515625,237.98025512695313,148.9319610595703,0.9946447014808655,-7.068558716127882e-8,0.1033536046743393,7.037860427772103e-8,1,6.616902581413342e-9,-0.1033536046743393,6.924155693255329e-10,0.9946447014808655],12,1.6246740818023682],[[663.8365478515625,238.07357788085938,148.9319610595703,0.9946447014808655,-5.1045304871877309e-8,0.1033536046743393,5.0831459930122949e-8,1,4.7028976268848059e-9,-0.1033536046743393,5.759025478724311e-10,0.9946447014808655],12,1.6339330673217774],[[663.8365478515625,238.21356201171876,148.9319610595703,0.9946447014808655,-2.160060930123109e-8,0.1033536046743393,2.1526400217908305e-8,1,1.833422635932891e-9,-0.1033536046743393,4.0122688504951045e-10,0.9946447014808655],12,1.6456446647644044],[[663.8365478515625,238.306884765625,148.9319610595703,0.9948234558105469,-1.981966146757941e-9,0.10161807388067246,1.99682159696124e-9,1,-4.44680438305145e-11,-0.10161807388067246,2.471510218704509e-10,0.9948234558105469],12,1.6562130451202393],[[663.8365478515625,238.44686889648438,148.9319610595703,0.9948234558105469,2.743126437110277e-8,0.10161807388067246,-2.7281881642693407e-8,1,-2.8597975099131647e-9,-0.10161807388067246,7.266145324313911e-11,0.9948234558105469],12,1.6655704975128174],[[663.8365478515625,238.58685302734376,148.9319610595703,0.9949992299079895,5.6825466998589039e-8,0.09988247603178024,-5.6546674898072527e-8,1,-5.622274201755317e-9,-0.09988247603178024,-5.3863490057093347e-11,0.9949992299079895],12,1.6777112483978272],[[663.8365478515625,238.68017578125,148.9319610595703,0.9949992299079895,7.641125421287143e-8,0.09988246858119965,-7.604612761724639e-8,1,-7.462942264169215e-9,-0.09988246858119965,-1.7005269414838154e-10,0.9949992299079895],12,1.686671257019043],[[663.8365478515625,238.82015991210938,148.9319610595703,0.9949992299079895,1.0577425513247363e-7,0.09988246858119965,-1.0527968896667517e-7,1,-1.0222470869791778e-8,-0.09988246858119965,-3.4424443851044375e-10,0.9949992299079895],12,1.6978929042816163],[[663.8365478515625,238.96014404296876,148.9319610595703,0.9953418970108032,9.888287877402036e-8,0.09640812873840332,-9.843120096775238e-8,1,-9.440881854061445e-9,-0.09640812873840332,-9.266258593765287e-11,0.9953418970108032],12,1.711911916732788],[[663.8365478515625,239.053466796875,148.9319610595703,0.9955092072486877,8.221459069090997e-8,0.09466465562582016,-8.18434031657489e-8,1,-7.803618196078333e-9,-0.09466465562582016,2.0895580404856063e-11,0.9955092072486877],12,1.7229492664337159],[[663.8365478515625,239.19345092773438,148.9319610595703,0.9956731796264648,5.722533558127907e-8,0.09292411804199219,-5.6970744566342549e-8,1,-5.3925126586307219e-9,-0.09292411804199219,7.522416023419965e-11,0.9956731796264648],12,1.732619285583496],[[663.8365478515625,239.28677368164063,148.9319610595703,0.9956731796264648,4.057483593555844e-8,0.09292412549257279,-4.0397821976512208e-8,1,-3.785967539471358e-9,-0.09292412549257279,1.5653917398439355e-11,0.9956731796264648],12,1.7411839962005616],[[663.8365478515625,239.38009643554688,148.9319610595703,0.9958341717720032,2.39313600047808e-8,0.09118303656578064,-2.3829198170233213e-8,1,-2.2090764772997319e-9,-0.09118303656578064,2.705524519697189e-11,0.9958341717720032],12,1.7519161701202393],[[663.8365478515625,239.52008056640626,148.9319610595703,0.9961468577384949,-1.0206230305342956e-9,0.08770108968019486,1.0185714494070908e-9,1,6.814342146110875e-11,-0.08770108968019486,2.1448974540927425e-11,0.9961468577384949],12,1.763432264328003],[[663.8365478515625,239.66006469726563,148.9319610595703,0.9962988495826721,-2.5956399696269729e-8,0.08595728874206543,2.58543533249167e-8,1,2.300433621371667e-9,-0.08595728874206543,-6.95493246327672e-11,0.9962988495826721],12,1.7754342555999756],[[663.8365478515625,239.800048828125,148.9319610595703,0.9964472651481628,-5.087599674880039e-8,0.08421884477138519,5.0678067964327059e-8,1,4.487984650580756e-9,-0.08421884477138519,-2.0399153199956999e-10,0.9964472651481628],12,1.78572416305542],[[663.8365478515625,239.94003295898438,148.9319610595703,0.9965929388999939,-7.57793472416779e-8,0.08247748762369156,7.54896589683085e-8,1,6.6307803692211568e-9,-0.08247748762369156,-3.819914107250355e-10,0.9965929388999939],12,1.8017666339874268],[[663.8365478515625,240.08001708984376,148.9319610595703,0.9971449971199036,-1.0066265332397961e-7,0.0755104199051857,1.0029970809455335e-7,1,8.598855849584197e-9,-0.0755104199051857,-1.0006334649759197e-9,0.9971449971199036],12,1.81276535987854],[[663.8365478515625,240.26666259765626,148.9319610595703,0.9974028468132019,-9.84162156214552e-8,0.07202481478452683,9.808115208898016e-8,1,8.18881051856124e-9,-0.07202481478452683,-1.1032662561305529e-9,0.9974028468132019],12,1.8303074836730958],[[663.8365478515625,240.546630859375,148.9319610595703,0.9982087016105652,-4.196757430463549e-8,0.05982830747961998,4.1809752104882139e-8,1,3.889725874728356e-9,-0.05982830747961998,-1.3813513666249833e-9,0.9982087016105652],12,1.8535480499267579],[[663.8365478515625,240.63995361328126,148.9319610595703,0.9984114170074463,-2.3169301144321254e-8,0.056343697011470798,2.3063766008135646e-8,1,2.523346864791165e-9,-0.056343697011470798,-1.2198404508723116e-9,0.9984114170074463],12,1.8607583045959473],[[663.8365478515625,240.7332763671875,148.9319610595703,0.9986019730567932,-4.3797441229287419e-9,0.05285874381661415,4.321140778529298e-9,1,1.2229588453038787e-9,-0.05285874381661415,-9.928390332092363e-10,0.9986019730567932],12,1.8693675994873047],[[663.8365478515625,240.82659912109376,148.9319610595703,0.9987807869911194,1.4400881376275266e-8,0.04936564341187477,-1.4417900651153559e-8,1,-1.1337652171261592e-11,-0.04936564341187477,-7.004251068032374e-10,0.9987807869911194],12,1.8807947635650635],[[663.8365478515625,240.919921875,148.9319610595703,0.9989473223686218,3.3172344870990858e-8,0.04587164521217346,-3.315313534812958e-8,1,-1.17957865697349e-9,-0.04587164521217346,-3.424519556816108e-10,0.9989473223686218],12,1.8896546363830567],[[663.8365478515625,241.05990600585938,148.9319610595703,0.999309778213501,6.131268293074754e-8,0.03714778646826744,-6.125519291799719e-8,1,-2.685693667459077e-9,-0.03714778646826744,4.0834527426092395e-10,0.999309778213501],12,1.8997325897216797],[[663.8365478515625,241.15322875976563,148.9319610595703,0.9994908571243286,8.005874718719497e-8,0.031907178461551669,-7.998489337524006e-8,1,-3.591033248540043e-9,-0.031907178461551669,1.0371125069852383e-9,0.9994908571243286],12,1.9100184440612794],[[663.8365478515625,241.293212890625,148.9319610595703,0.9995962381362915,1.0816318507522738e-7,0.028413239866495134,-1.0806900263560238e-7,1,-4.850155832514247e-9,-0.028413239866495134,1.7776071725705834e-9,0.9995962381362915],12,1.9197907447814942],[[663.8365478515625,241.38653564453126,148.9319610595703,0.99964439868927,1.0870402888940589e-7,0.026666373014450074,-1.0861332100375876e-7,1,-4.850004842182898e-9,-0.026666373014450074,1.951956596357718e-9,0.99964439868927],12,1.929652214050293],[[663.83447265625,241.53759765625,148.85472106933595,0.99977046251297,8.223944547580686e-8,0.021425757557153703,-8.217733693527407e-8,1,-3.7791085816252238e-9,-0.021425757557153703,2.0175294768165488e-9,0.99977046251297],8,1.9428150653839112],[[663.8319091796875,241.63015747070313,148.74227905273438,0.99977046251297,6.461363000198617e-8,0.021425757557153703,-6.456276935296046e-8,1,-3.0655591398698336e-9,-0.021425757557153703,1.6815492331900828e-9,0.99977046251297],8,1.9519357681274415],[[663.8276977539063,241.740234375,148.54556274414063,0.9998063445091248,3.81860054687877e-8,0.01967889629304409,-3.815321036881869e-8,1,-2.041949054287784e-9,-0.01967889629304409,1.2907406254925036e-9,0.9998063445091248],8,1.9646670818328858],[[663.8236694335938,241.80616760253907,148.3457794189453,0.9998063445091248,1.1778348074642509e-8,0.019678793847560884,-1.176057295992905e-8,1,-1.0189977750485469e-9,-0.019678793847560884,7.873666163504822e-10,0.9998063445091248],8,1.9751334190368653],[[663.8197021484375,241.85365295410157,148.1458282470703,0.999839186668396,-1.4613775078942126e-8,0.017931928858160974,1.4616892585195274e-8,1,-4.278692330994538e-11,-0.017931928858160974,3.048891139556531e-10,0.999839186668396],8,1.9866163730621338],[[663.8160400390625,241.88076782226563,147.9458770751953,0.9998689889907837,-4.098809824881755e-8,0.016185052692890168,4.0979113435923867e-8,1,8.86741235994748e-10,-0.016185052692890168,-2.23375970498374e-10,0.9998689889907837],8,1.9983079433441163],[[663.810546875,241.913818359375,147.6126251220703,0.9999194741249085,-8.490587788401172e-8,0.012691275216639042,8.48837586886475e-8,1,2.2812309818931455e-9,-0.012691275216639042,-1.2037639773865295e-9,0.9999194741249085],8,2.022305488586426],[[663.8079223632813,241.9265899658203,147.41262817382813,0.9999400973320007,-1.1123242416033463e-7,0.010944408364593983,1.1120547327436725e-7,1,3.0712272724997548e-9,-0.010944408364593983,-1.853965314602135e-9,0.9999400973320007],8,2.030639410018921],[[663.806396484375,241.9325714111328,147.279296875,0.9999400973320007,-1.1053642623437554e-7,0.010944350622594357,1.1050930481815158e-7,1,3.082706978574379e-9,-0.010944350622594357,-1.8730696993429776e-9,0.9999400973320007],8,2.040299654006958],[[663.804931640625,241.93704223632813,147.14596557617188,0.9999400973320007,-9.160547165265598e-8,0.010944408364593983,9.15827271796843e-8,1,2.579388036494379e-9,-0.010944408364593983,-1.5769147099220505e-9,0.9999400973320007],8,2.049739360809326],[[663.803466796875,241.9309539794922,147.01263427734376,0.9999400973320007,-7.268261015269673e-8,0.01094437949359417,7.266423551754997e-8,1,2.076284699725761e-9,-0.01094437949359417,-1.2808953897547327e-9,0.9999400973320007],8,2.0588700771331789],[[663.80126953125,242.58323669433595,146.81263732910157,0.9999400973320007,-4.431346667388425e-8,0.01094437949359417,4.430165034818856e-8,1,1.322032594508471e-9,-0.01094437949359417,-8.37099278783171e-10,0.9999400973320007],3,2.0743725299835207],[[663.79833984375,243.40525817871095,146.5459747314453,0.9999400973320007,-6.516217343488506e-9,0.01094437949359417,6.513136696639776e-9,1,3.17114695613796e-10,-0.01094437949359417,-2.4581348068153377e-10,0.9999400973320007],5,2.1019890308380129],[[663.7939453125,244.53610229492188,146.14598083496095,0.9999551773071289,5.0119677297288948e-8,0.009468496777117253,-5.011148118683195e-8,1,-1.1025464985436884e-9,-0.009468496777117253,6.280167497152434e-10,0.9999551773071289],5,2.1161351203918459],[[663.7920532226563,245.0555419921875,145.94598388671876,0.9999709725379944,7.840893800903359e-8,0.007622618228197098,-7.839773985551801e-8,1,-1.7682080244441068e-9,-0.007622618228197098,1.1705606484113674e-9,0.9999709725379944],5,2.134002447128296],[[663.7900390625,245.700439453125,145.6793212890625,0.9999716877937317,1.1610146799512222e-7,0.007522017695009708,-1.1608486261138751e-7,1,-2.6448392365097108e-9,-0.007522017695009708,1.771572000208721e-9,0.9999716877937317],5,2.141303300857544],[[663.7890625,246.00245666503907,145.54598999023438,0.9999722242355347,1.3493563244537655e-7,0.007456744555383921,-1.349164193698016e-7,1,-3.0795008765238664e-9,-0.007456744555383921,2.0733779138026877e-9,0.9999722242355347],5,2.14778208732605],[[663.7880859375,246.29083251953126,145.41265869140626,0.9999722242355347,1.5376187434412714e-7,0.007452677004039288,-1.5373994699530159e-7,1,-3.5134593012742245e-9,-0.007452677004039288,2.367587459417564e-9,0.9999722242355347],5,2.158963441848755],[[663.787109375,246.5655975341797,145.27932739257813,0.9999722242355347,1.5449496970632027e-7,0.007451294455677271,-1.5447292867065699e-7,1,-3.5329039693721144e-9,-0.007451294455677271,2.381782548965816e-9,0.9999722242355347],5,2.1660821437835695],[[663.7861328125,246.82672119140626,145.14599609375,0.9999722242355347,1.371465003785488e-7,0.00745082413777709,-1.3712693203160598e-7,1,-3.1382385579092899e-9,-0.00745082413777709,2.1164427987940827e-9,0.9999722242355347],5,2.175323486328125],[[663.78466796875,247.19288635253907,144.9459991455078,0.9999722242355347,1.1113770881365781e-7,0.007450682111084461,-1.1112181397265886e-7,1,-2.5465183295381168e-9,-0.007450682111084461,1.7185143308395823e-9,0.9999722242355347],5,2.1856064796447756],[[663.78369140625,247.41995239257813,144.8126678466797,0.9999833703041077,9.380458720897878e-8,0.0057663884945213799,-9.379353116401035e-8,1,-2.188447201234567e-9,-0.0057663884945213799,1.6475608655142083e-9,0.9999833703041077],5,2.19596004486084],[[663.7828979492188,247.63340759277345,144.67933654785157,0.999983549118042,7.648193189879749e-8,0.005739163141697645,-7.647270194865996e-8,1,-1.8274729507439247e-9,-0.005739163141697645,1.3885536054303316e-9,0.999983549118042],5,2.2070438861846926],[[663.7817993164063,247.9280242919922,144.47933959960938,0.9999836683273315,5.051191820371059e-8,0.005718349013477564,-5.050540963225103e-8,1,-1.283047668110271e-9,-0.005718349013477564,9.942191514511479e-10,0.9999836683273315],5,2.2154712677001955],[[663.7810668945313,248.10740661621095,144.34600830078126,0.9999837279319763,3.320784358606943e-8,0.005706090480089188,-3.320313624044502e-8,1,-9.198917183539379e-10,-0.005706090480089188,7.304166715904614e-10,0.9999837279319763],5,2.2241973876953127],[[663.7803344726563,248.27316284179688,144.21267700195313,0.9999837279319763,1.59111799291