[[[776,222.69961547851563,47,1,3.134250903258362e-8,5.192612155145368e-14,-3.134250903258362e-8,1,4.176526147148252e-8,-5.061709311784436e-14,-4.176526147148252e-8,1],8,0.008983612060546875],[[776,222.69961547851563,47,1,4.8662009533018139e-8,5.3053508851722e-14,-4.8662009533018139e-8,1,6.484420822516768e-8,-4.989805701331555e-14,-6.484420822516768e-8,1],8,0.020940780639648439],[[776,222.69961547851563,47,1,6.597041135592008e-8,5.457937433169663e-14,-6.597041135592008e-8,1,8.790836147909431e-8,-4.878002434491671e-14,-8.790836147909431e-8,1],8,0.03331422805786133],[[776,222.69961547851563,47,1,5.201238195695623e-8,5.3648342821129016e-14,-5.201238195695623e-8,1,6.93086974479229e-8,-5.0043431583986916e-14,-6.93086974479229e-8,1],8,0.04742717742919922],[[776,222.69961547851563,47,1,3.341559562386465e-8,5.277374403363927e-14,-3.341559562386465e-8,1,4.4527684650574886e-8,-5.128582224156984e-14,-4.4527684650574886e-8,1],8,0.061177968978881839],[[776,222.69961547851563,47,1,1.9478434865050077e-8,5.241556090529974e-14,-1.9478434865050077e-8,1,2.5955817051226405e-8,-5.19099804916108e-14,-2.5955817051226405e-8,1],8,0.09156680107116699],[[776,222.69961547851563,47,1,-8.369094750548811e-9,5.247354878086877e-14,8.369094750548811e-9,1,-1.1152226697674905e-8,-5.238021252634492e-14,1.1152226697674905e-8,1],8,0.10104990005493164],[[776,222.69961547851563,47,1,-2.2279476041831005e-8,5.2889316597094438e-14,2.2279476041831005e-8,1,-2.968841883443929e-8,-5.222787534484713e-14,2.968841883443929e-8,1],8,0.1114501953125],[[776,222.69961547851563,47,1,-3.6180939133600989e-8,5.3562328319401237e-14,3.6180939133600989e-8,1,-4.8212733361197027e-8,-5.181794527969394e-14,4.8212733361197027e-8,1],8,0.12476134300231934],[[776,222.69961547851563,47,1,-5.007349201946454e-8,5.449208928054797e-14,5.007349201946454e-8,1,-6.672518537698125e-8,-5.115092716252191e-14,6.672518537698125e-8,1],8,0.13651633262634278],[[776,222.69961547851563,47,1,-5.933024738169479e-8,5.5254327453518537e-14,5.933024738169479e-8,1,-7.906022858605866e-8,-5.056366566766335e-14,7.906022858605866e-8,1],8,0.1481320858001709],[[776,222.69961547851563,47,1,-6.700804533465998e-8,5.6084531550176789e-14,6.700804533465998e-8,1,-8.929123396228533e-8,-5.010130087494333e-14,8.929123396228533e-8,1],8,0.16037869453430177],[[776,222.69961547851563,47,1,-5.461217611468783e-8,5.521325651997207e-14,5.461217611468783e-8,1,-7.277317592979671e-8,-5.123895421453237e-14,7.277317592979671e-8,1],8,0.17251062393188477],[[776,222.69961547851563,47,1,-3.602830389581868e-8,5.4316245240697977e-14,3.602830389581868e-8,1,-4.8009315634089947e-8,-5.258654975229607e-14,4.8009315634089947e-8,1],8,0.1848909854888916],[[776,222.69961547851563,47,1,-1.7456345702271393e-8,5.388726032236335e-14,1.7456345702271393e-8,1,-2.3261325310386384e-8,-5.3481202891845009e-14,2.3261325310386384e-8,1],8,0.20757174491882325],[[776,222.69961547851563,47,1,1.3470475401788918e-8,5.4195305876489008e-14,-1.3470475401788918e-8,1,1.795009119121005e-8,-5.395351185136579e-14,-1.795009119121005e-8,1],8,0.21672821044921876],[[776,222.69961547851563,47,1,2.5831953465171865e-8,5.467500096330985e-14,-2.5831953465171865e-8,1,3.44223352044537e-8,-5.378580610407302e-14,-3.44223352044537e-8,1],8,0.22405338287353517],[[776,222.69961547851563,47,1,4.436426692677742e-8,5.577552376662305e-14,-4.436426692677742e-8,1,5.911750378118086e-8,-5.315281838258988e-14,-5.911750378118086e-8,1],8,0.23942089080810548],[[776,222.69961547851563,47,1,6.28847018901979e-8,5.733241436938971e-14,-6.28847018901979e-8,1,8.379684857118264e-8,-5.206287671485378e-14,-8.379684857118264e-8,1],8,0.24932456016540528],[[776,222.69961547851563,47,1,5.9468906243864697e-8,5.726147366599127e-14,-5.9468906243864697e-8,1,7.924513312218551e-8,-5.2548853398011466e-14,-7.924513312218551e-8,1],8,0.2609894275665283],[[776,222.69961547851563,47,1,4.509663398266639e-8,5.641560962420418e-14,-4.509663398266639e-8,1,6.009339159618321e-8,-5.3705598860231618e-14,-6.009339159618321e-8,1],8,0.27579188346862795],[[776,222.69961547851563,47,1,3.0733573908037218e-8,5.583329818988937e-14,-3.0733573908037218e-8,1,4.095392114322749e-8,-5.457463772345558e-14,-4.095392114322749e-8,1],8,0.30255126953125],[[775.5105590820313,222.69961547851563,47.04348373413086,0.9127471446990967,-5.20340348586501e-9,0.40852493047714236,1.1469074578940308e-8,1,-1.2887736211553147e-8,-0.40852493047714236,1.64486486653459e-8,0.9127471446990967],8,0.32586026191711428],[[775.3115234375,222.69961547851563,47.031211853027347,0.853421151638031,-1.393118065351473e-8,0.5212219953536987,3.019826166905659e-8,1,-2.2717102865499329e-8,-0.5212219953536987,3.512725399446026e-8,0.853421151638031],8,0.3477938175201416],[[774.9811401367188,222.69961547851563,46.98724365234375,0.7596518397331238,-2.655533037909663e-8,0.6503300070762634,6.282246545197268e-8,1,-3.254942626540469e-8,-0.6503300070762634,6.558156684377536e-8,0.7596518397331238],8,0.35831451416015627],[[774.7837524414063,222.69961547851563,46.955177307128909,0.7071378231048584,-3.335068399223928e-8,0.7070757746696472,8.263091899607389e-8,1,-3.5471110493290328e-8,-0.7070757746696472,8.350927771516581e-8,0.7071378231048584],8,0.36872434616088869],[[774.652587890625,222.69961547851563,46.931270599365237,0.6752053499221802,-3.7654128703934478e-8,0.7376298308372498,9.575468595812709e-8,1,-3.6603651665245709e-8,-0.7376298308372498,9.534649336728762e-8,0.6752053499221802],8,0.37782859802246096],[[774.4562377929688,222.69961547851563,46.89335250854492,0.6309275031089783,-4.384928331546689e-8,0.7758418321609497,1.1530698174055942e-7,1,-3.7251229656476428e-8,-0.7758418321609497,1.1296280177930385e-7,0.6309275031089783],8,0.3909306526184082],[[774.3256225585938,222.69961547851563,46.866661071777347,0.6036979556083679,-4.146634680068928e-8,0.7972131371498108,1.1095266216898381e-7,1,-3.200592502139443e-8,-0.7972131371498108,1.0777483083757034e-7,0.6036979556083679],8,0.4018223285675049],[[774.0646362304688,222.69961547851563,46.81170654296875,0.5536063313484192,-2.4291511024898683e-8,0.8327785134315491,6.661565521426383e-8,1,-1.5114869356125383e-8,-0.8327785134315491,6.384377115864481e-8,0.5536063313484192],8,0.4158024787902832],[[773.9342651367188,222.69961547851563,46.783626556396487,0.5307894945144653,-1.590100140447248e-8,0.8475037217140198,4.4007528288148026e-8,1,-8.799643680390546e-9,-0.8475037217140198,4.1967300745682226e-8,0.5307894945144653],8,0.42729759216308596],[[773.7388916015625,222.69961547851563,46.74098587036133,0.4995685815811157,-3.5109530838184357e-9,0.866274356842041,9.754161034436493e-9,1,-1.5721576263061366e-9,-0.866274356842041,9.235180620237316e-9,0.4995685815811157],8,0.43986988067626955],[[773.5435180664063,222.69961547851563,46.69798278808594,0.4712301194667816,8.681671381793877e-9,0.882010281085968,-2.474820526288113e-8,1,3.3791311970787776e-9,-0.882010281085968,-2.3420520633976595e-8,0.4712301194667816],8,0.4489409923553467],[[773.34814453125,222.69961547851563,46.654911041259769,0.44552886486053469,2.070962246136787e-8,0.8952675461769104,-5.9379100747491978e-8,1,6.41760600217367e-9,-0.8952675461769104,-5.601941666100174e-8,0.44552886486053469],8,0.4634230136871338],[[773.087646484375,222.69961547851563,46.597476959228519,0.41470685601234438,3.653439861750485e-8,0.9099550843238831,-1.0562211372189268e-7,1,7.987001282572237e-9,-0.9099550843238831,-9.942364442849794e-8,0.41470685601234438],8,0.47734999656677248],[[772.9573974609375,222.69961547851563,46.56875991821289,0.4008173644542694,3.224934275181113e-8,0.9161579608917236,-9.346344853611299e-8,1,5.689445359280398e-9,-0.9161579608917236,-8.790770777977741e-8,0.4008173644542694],8,0.489915132522583],[[772.6968994140625,222.69961547851563,46.51132583618164,0.3757554888725281,2.3747867672341273e-8,0.9267188310623169,-6.905386840116989e-8,1,2.3734296750177465e-9,-0.9267188310623169,-6.488534864956819e-8,0.3757554888725281],8,0.502155065536499],[[772.5667724609375,222.69961547851563,46.48227310180664,0.3645939528942108,1.952770567470452e-8,0.9311665892601013,-5.682264259121439e-8,1,1.277415839773255e-9,-0.9311665892601013,-5.337708586239387e-8,0.3645939528942108],8,0.5137155055999756],[[772.37158203125,222.69961547851563,46.43853759765625,0.34952229261398318,1.3230030404542959e-8,0.9369280338287354,-3.846302476517849e-8,1,2.2803678390026506e-10,-0.9369280338287354,-3.6116787782702889e-8,0.34952229261398318],8,0.5271337032318115],[[772.241455078125,222.69961547851563,46.40937042236328,0.34038496017456057,9.051181137920139e-9,0.9402861595153809,-2.6222048532531518e-8,1,-1.3356565853328562e-10,-0.9402861595153809,-2.4610764981503054e-8,0.34038496017456057],8,0.5354444980621338],[[772.0462646484375,222.69961547851563,46.36561965942383,0.3278517425060272,2.809075194676325e-9,0.944729208946228,-7.8670376879586e-9,1,-2.433001022872361e-10,-0.944729208946228,-7.352453756936939e-9,0.3278517425060272],8,0.5473334789276123],[[771.7860107421875,222.69961547851563,46.30728530883789,0.3128789961338043,-5.469888542108947e-9,0.9497929811477661,1.6583301842842958e-8,1,2.9619312558182289e-10,-0.9497929811477661,1.5658031315979316e-8,0.3128789961338043],8,0.5610098838806152],[[771.5908203125,222.69961547851563,46.26353454589844,0.30296242237091067,-1.1649671449731614e-8,0.9530025124549866,3.48981927800196e-8,1,1.1299339242043516e-9,-0.9530025124549866,3.291573946739845e-8,0.30296242237091067],8,0.5735588073730469],[[771.3956298828125,222.69961547851563,46.219783782958987,0.2941441535949707,-1.780720637611921e-8,0.9557610750198364,5.3191307358702036e-8,1,2.261333786890418e-9,-0.9557610750198364,5.0173021293176137e-8,0.2941441535949707],8,0.5857961177825928],[[771.2655029296875,222.69961547851563,46.190616607666019,0.28881973028182986,-2.190099124277367e-8,0.9573835134506226,6.537440100373715e-8,1,3.1539877376474125e-9,-0.9573835134506226,6.167743293872263e-8,0.28881973028182986],8,0.5959765911102295],[[771.0703125,222.69961547851563,46.14686584472656,0.2815357744693756,-2.802635457044289e-8,0.9595507383346558,8.363060288729685e-8,1,4.6702552936039869e-9,-0.9595507383346558,7.893296327665667e-8,0.2815357744693756],8,0.6092867851257324],[[770.81005859375,222.69961547851563,46.088531494140628,0.27285829186439516,-3.6167318029356468e-8,0.9620542526245117,1.0793802829311972e-7,1,6.980408695511642e-9,-0.9620542526245117,1.0193758015475396e-7,0.27285829186439516],8,0.6242990493774414],[[770.6800537109375,222.69961547851563,46.05902099609375,0.26910021901130679,-4.022750133003683e-8,0.9631121754646301,1.2007909333533463e-7,1,8.217309499514159e-9,-0.9631121754646301,1.1343836092692072e-7,0.26910021901130679],8,0.6340231895446777],[[770.4200439453125,222.69961547851563,45.999786376953128,0.2625432014465332,-3.040728557834882e-8,0.9649202227592468,9.07670241190317e-8,1,6.816128106379438e-9,-0.9649202227592468,8.57934097098223e-8,0.2625432014465332],8,0.6480748653411865],[[770.2250366210938,222.67919921875,45.95534896850586,0.25783678889274599,-1.85837123467536e-8,0.9661884903907776,5.542524661450443e-8,1,4.44327907800357e-9,-0.9661884903907776,5.2405592754212196e-8,0.25783678889274599],8,0.6621608734130859],[[770.0950317382813,222.64854431152345,45.925724029541019,0.2547137141227722,-1.0714706455416945e-8,0.9670165181159973,3.1885544871101959e-8,1,2.6814648279582799e-9,-0.9670165181159973,3.015084004687196e-8,0.2547137141227722],8,0.6730947494506836],[[769.8350219726563,222.54637145996095,45.86647415161133,0.24846862256526948,4.991408619758886e-9,0.9686399698257446,-1.5140264153501449e-8,1,-1.269334415354706e-9,-0.9686399698257446,-1.4350075794311579e-8,0.24846862256526948],8,0.6867051124572754],[[769.7050170898438,222.474853515625,45.836849212646487,0.24534328281879426,1.2828574647016922e-8,0.9694362878799439,-3.862536601673128e-8,1,-3.457783837035322e-9,-0.9694362878799439,-3.6596485841755569e-8,0.24534328281879426],8,0.6982183456420898],[[769.3800048828125,223.5449676513672,45.762786865234378,0.23752401769161225,3.23753539532845e-8,0.971381664276123,-9.725297189788762e-8,1,-9.548703161499361e-9,-0.971381664276123,-9.220170937851435e-8,0.23752401769161225],3,0.7190313339233398],[[769.1197509765625,224.33973693847657,45.70470428466797,0.2337091863155365,4.7970331706892469e-8,0.9723065495491028,-1.440970294197541e-7,1,-1.4700645145637737e-8,-0.9723065495491028,-1.3667080622781214e-7,0.2337091863155365],5,0.7466247081756592],[[768.7941284179688,225.25656127929688,45.633846282958987,0.230015829205513,3.8516791533993458e-8,0.9731869101524353,-1.1568329938427269e-7,1,-1.2235883417588412e-8,-0.9731869101524353,-1.0976702213838507e-7,0.230015829205513],5,0.7562990188598633],[[768.6637573242188,225.5994415283203,45.6060905456543,0.2285146713256836,3.47410313850105e-8,0.9735404849052429,-1.0432958674755355e-7,1,-1.1196442883942837e-8,-0.9735404849052429,-9.901052777649966e-8,0.2285146713256836],5,0.7646663188934326],[[768.4027709960938,226.2443389892578,45.550907135009769,0.22558799386024476,2.7199222429885596e-8,0.9742227792739868,-8.164396092524839e-8,1,-9.013672475077783e-9,-0.9742227792739868,-7.750603003842116e-8,0.22558799386024476],5,0.7789013385772705],[[768.2722778320313,226.54635620117188,45.5233268737793,0.22424714267253877,2.3433065265976439e-8,0.9745323061943054,-7.031273696611606e-8,1,-7.865962992070763e-9,-0.9745323061943054,-6.675811192735637e-8,0.22424714267253877],5,0.7902812957763672],[[768.0765380859375,226.97381591796876,45.481956481933597,0.22242110967636109,1.778944103136837e-8,0.9749506711959839,-5.333016517283795e-8,1,-6.079985848117531e-9,-0.9749506711959839,-5.0641961735209409e-8,0.22242110967636109],5,0.8010103702545166],[[767.8807983398438,227.37062072753907,45.44058609008789,0.2207799255847931,1.2152261419373645e-8,0.9753236770629883,-3.636379375393517e-8,1,-4.2282017886918769e-9,-0.9753236770629883,-3.453296670841155e-8,0.2207799255847931],5,0.8132469654083252],[[767.5548706054688,227.96385192871095,45.37114334106445,0.21857869625091554,2.770260243423195e-9,0.9758193492889404,-8.120884409379414e-9,1,-1.0198693001228776e-9,-0.9758193492889404,-7.701594029185799e-9,0.21857869625091554],5,0.8340795040130615],[[767.3594970703125,228.27891540527345,45.32832717895508,0.21791169047355653,-2.8517861405674695e-9,0.9759684801101685,8.806061657651299e-9,1,9.558119851149627e-10,-0.9759684801101685,8.38615665799125e-9,0.21791169047355653],5,0.8449368476867676],[[767.2293701171875,228.471923828125,45.299285888671878,0.2177877575159073,-6.597416835063541e-9,0.9759961366653442,2.008427024691173e-8,1,2.277989352705845e-9,-0.9759961366653442,1.9106053628092924e-8,0.2177877575159073],5,0.8563938140869141],[[767.099365234375,228.65130615234376,45.269798278808597,0.21791069209575654,-1.0341447698181128e-8,0.9759687185287476,3.135823689603967e-8,1,3.594534225825896e-9,-0.9759687185287476,2.982137203844104e-8,0.21791069209575654],5,0.8659920692443848],[[766.9043579101563,228.89483642578126,45.225379943847659,0.21827273070812226,-1.5954892518266207e-8,0.9758878350257874,4.8261426854878667e-8,1,5.554674942231941e-9,-0.9758878350257874,4.588530444493699e-8,0.21827273070812226],5,0.8765349388122559],[[766.7093505859375,229.1077117919922,45.18094253540039,0.21866486966609956,-2.156536282882371e-8,0.9758000373840332,6.515490014180614e-8,1,7.49976969416366e-9,-0.9758000373840332,6.193822343902866e-8,0.21866486966609956],5,0.887249231338501],[[766.579345703125,229.23260498046876,45.15131759643555,0.21891197562217713,-2.5304025541572629e-8,0.9757446050643921,7.641163790594874e-8,1,8.789800887143429e-9,-0.9757446050643921,7.263405166213488e-8,0.21891197562217713],5,0.8970944881439209],[[766.3843383789063,229.39437866210938,45.10688018798828,0.21925395727157594,-3.090950073669774e-8,0.9756678342819214,9.328821448661984e-8,1,1.0716446396941138e-8,-0.9756678342819214,8.866868483892176e-8,0.21925395727157594],5,0.9086360931396484],[[766.2543334960938,229.48519897460938,45.07725524902344,0.21946249902248383,-3.4644788371451798e-8,0.9756209254264832,1.0453350540728934e-7,1,1.1996055704344144e-8,-0.9756209254264832,9.935239120295592e-8,0.21946249902248383],5,0.9184329509735107],[[766.059326171875,229.59588623046876,45.03281784057617,0.21974828839302064,-4.024512634259736e-8,0.9755566120147705,1.2139273053435319e-7,1,1.3909272844614407e-8,-0.9755566120147705,1.1536893396169035e-7,0.21974828839302064],5,0.9288156032562256],[[765.8643188476563,229.67591857910157,44.988380432128909,0.22000567615032197,-4.5842316609423509e-8,0.975498616695404,1.382414183126457e-7,1,1.5815931675433604e-8,-0.975498616695404,1.3137471910340538e-7,0.22000567615032197],5,0.9413061141967773],[[765.6694946289063,229.7252960205078,44.94339370727539,0.2204495519399643,-5.143645864791324e-8,0.9753983616828919,1.5508322803725606e-7,1,1.7683474240470788e-8,-0.9753983616828919,1.4736961873040856e-7,0.2204495519399643],5,0.9525594711303711],[[765.4747924804688,229.7440185546875,44.897727966308597,0.2211710661649704,-5.702795746742595e-8,0.9752350449562073,1.7192068924032356e-7,1,1.948666117357334e-8,-0.9752350449562073,1.633531923062037e-7,0.2211710661649704],5,0.9651584625244141],[[765.2154541015625,229.72128295898438,44.83589553833008,0.22252868115901948,-4.1575471954047319e-8,0.9749261140823364,1.2534083282389475e-7,1,1.403546701084224e-8,-0.9749261140823364,1.1907475538919243e-7,0.22252868115901948],5,0.9809823036193848],[[765.0858154296875,229.68948364257813,44.804744720458987,0.22327758371829987,-3.38517764930657e-8,0.9747549295425415,1.0206318279415427e-7,1,1.134988458773023e-8,-0.9747549295425415,9.69524123206611e-8,0.22327758371829987],5,0.9911150932312012],[[764.8914184570313,229.61624145507813,44.757659912109378,0.22448503971099854,-2.2269137645025695e-8,0.9744775295257568,6.716124545391722e-8,1,7.3808195111269019e-9,-0.9744775295257568,6.379023886893265e-8,0.22448503971099854],5,1.0057861804962159],[[764.6971435546875,229.5123291015625,44.710227966308597,0.22575917840003968,-1.0689737983682335e-8,0.9741831421852112,3.227584954856866e-8,1,3.4933564929673368e-9,-0.9741831421852112,3.0653932725499547e-8,0.22575917840003968],5,1.0188791751861573],[[764.4383544921875,229.3260955810547,44.64613342285156,0.22768382728099824,4.745054127397452e-9,0.9737350940704346,-1.4213139998275892e-8,1,-1.5496531835523797e-9,-0.9737350940704346,-1.3487002625822697e-8,0.22768382728099824],5,1.0487418174743653],[[764.0504760742188,228.944580078125,44.54856491088867,0.2309267669916153,2.7889914377965398e-8,0.9729711413383484,-8.38977243233785e-8,1,-8.752249591736927e-9,-0.9729711413383484,-7.960893100289468e-8,0.2309267669916153],5,1.0610895156860352],[[763.8565673828125,228.70782470703126,44.49943923950195,0.23248720169067384,3.945940107996648e-8,0.972599446773529,-1.1871710370314759e-7,1,-1.2193299703255889e-8,-0.972599446773529,-1.1262940091683049e-7,0.23248720169067384],5,1.0713679790496827],[[763.7274169921875,228.532958984375,44.46648025512695,0.23350445926189423,4.717115942298733e-8,0.9723557233810425,-1.4192123387601897e-7,1,-1.4430852068869627e-8,-0.9723557233810425,-1.3462825165788673e-7,0.23350445926189423],5,1.0808441638946534],[[763.4691162109375,228.14234924316407,44.40045166015625,0.2354372888803482,4.4483606131962009e-8,0.9718895554542542,-1.3384443775521505e-7,1,-1.3346818761306168e-8,-0.9718895554542542,-1.269396676661927e-7,0.2354372888803482],5,1.0947620868682862],[[763.3399658203125,227.92660522460938,44.367431640625,0.23631581664085389,4.012241916484527e-8,0.9716762900352478,-1.2073084576513794e-7,1,-1.1929703447322027e-8,-0.9716762900352478,-1.1449212422576238e-7,0.23631581664085389],5,1.1051607131958008],[[763.146240234375,227.57745361328126,44.317626953125,0.23761574923992158,3.3582050917857489e-8,0.9713592529296875,-1.010677905810553e-7,1,-9.84883019583549e-9,-0.9713592529296875,-9.58328953970522e-8,0.23761574923992158],5,1.1164910793304444],[[762.9525146484375,227.19764709472657,44.26776123046875,0.23883748054504395,2.704344304049755e-8,0.9710595607757568,-8.141321927723766e-8,1,-7.825384784609924e-9,-0.9710595607757568,-7.718808348045059e-8,0.23883748054504395],5,1.1275851726531983],[[762.8233032226563,226.92739868164063,44.23484802246094,0.2394622564315796,2.2685512135467435e-8,0.9709056615829468,-6.831405130469648e-8,1,-6.516469142070491e-9,-0.9709056615829468,-6.476604852423407e-8,0.2394622564315796],5,1.1365792751312256],[[762.6937866210938,226.64353942871095,44.20321273803711,0.23953989148139954,1.8328972117842569e-8,0.9708865284919739,-5.521623691606692e-8,1,-5.255487156574645e-9,-0.9708865284919739,-5.234980093860031e-8,0.23953989148139954],5,1.147209882736206],[[762.4588012695313,226.03492736816407,44.146183013916019,0.23951700329780579,9.621485830280108e-9,0.9708921909332275,-2.903627738248815e-8,1,-2.7467557117688558e-9,-0.9708921909332275,-2.7533198831974916e-8,0.23951700329780579],5,1.1642282009124756],[[762.3685302734375,225.54270935058595,44.124263763427737,0.23951458930969239,3.095771639038958e-9,0.9708927869796753,-9.416068813550283e-9,1,-8.656834693532289e-10,-0.9708927869796753,-8.934648576541804e-9,0.23951458930969239],7,1.185922622680664],[[762.3580322265625,225.0396728515625,44.12172317504883,0.23951402306556703,-7.771120635879925e-9,0.9708929061889648,2.325633019495399e-8,1,2.2668864563257786e-9,-0.9708929061889648,2.2036454438989496e-8,0.23951402306556703],7,1.193181037902832],[[762.3579711914063,225.0584716796875,44.121707916259769,0.23951399326324464,-1.4285685523418579e-8,0.9708929061889648,4.2843016245797119e-8,1,4.144828036345416e-9,-0.9708929061889648,4.060323632870677e-8,0.23951399326324464],7,1.2093358039855958],[[762.3579711914063,225.10020446777345,44.121707916259769,0.23951399326324464,-2.0796075972384643e-8,0.9708929061889648,6.241714345378569e-8,1,6.0215668007401749e-9,-0.9708929061889648,5.915811129852955e-8,0.23951399326324464],8,1.2309491634368897],[[762.3579711914063,225.97332763671876,44.121707916259769,0.23951399326324464,-2.9470104578877e-8,0.9708929061889648,8.849644927977352e-8,1,8.5220177581391e-9,-0.9708929061889648,8.387942784793268e-8,0.23951399326324464],3,1.239149570465088],[[762.3579711914063,226.3911590576172,44.121707916259769,0.23951399326324464,-3.3804340660026358e-8,0.9708929061889648,1.0152773910476754e-7,1,9.771444098305438e-9,-0.9708929061889648,9.623216357113052e-8,0.23951399326324464],5,1.2471394538879395],[[762.3579711914063,226.79534912109376,44.121707916259769,0.23951399326324464,-3.813672222463538e-8,0.9708929061889648,1.1455346538014055e-7,1,1.1020336643241535e-8,-0.9708929061889648,1.0857961996180166e-7,0.23951399326324464],5,1.257763385772705],[[762.3579711914063,227.3760986328125,44.121707916259769,0.23951399326324464,-4.463182889935524e-8,0.9708929061889648,1.3408160270955705e-7,1,1.28926753717451e-8,-0.9708929061889648,1.2709089958207188e-7,0.23951399326324464],5,1.2680261135101319],[[762.3579711914063,227.9261932373047,44.121707916259769,0.23951399326324464,-5.112276824092987e-8,0.9708929061889648,1.535972273813968e-7,1,1.4763815059382069e-8,-0.9708929061889648,1.4559032024408226e-7,0.23951399326324464],5,1.2785961627960206],[[762.3430786132813,228.4456329345703,44.122196197509769,0.22279483079910279,-5.7595837432700139e-8,0.9748653769493103,1.7279965902616824e-7,1,1.958933992796119e-8,-0.9748653769493103,1.6409200043199235e-7,0.22279483079910279],5,1.2928740978240967],[[762.3058471679688,228.93441772460938,44.12347412109375,0.19879499077796937,-4.6400682407465868e-8,0.9800410866737366,1.387064969549101e-7,1,1.9209927870633693e-8,-0.9800410866737366,1.3211923999278952e-7,0.19879499077796937],5,1.3175292015075684],[[762.1322021484375,229.9556884765625,44.129634857177737,0.14376306533813477,-2.060235360090701e-8,0.9896121621131897,5.956617954439025e-8,1,1.216530431946694e-8,-0.9896121621131897,5.719849127672205e-8,0.14376306533813477],5,1.3343911170959473],[[762.0602416992188,230.21681213378907,44.1322135925293,0.1301380842924118,-1.3311189483999897e-8,0.9914959073066711,3.713150320550085e-8,1,8.551688246427603e-9,-0.9914959073066711,3.570283269027641e-8,0.1301380842924118],5,1.3417572975158692],[[762.0205688476563,230.34226989746095,44.13364028930664,0.12399531900882721,-9.677211920688933e-9,0.9922828078269959,2.5948756032789789e-8,1,6.509924599384931e-9,-0.9922828078269959,2.4941302356751295e-8,0.12399531900882721],5,1.3486685752868653],[[761.8369750976563,230.81004333496095,44.140254974365237,0.10170207917690277,4.78898387612503e-9,0.9948148727416992,-1.8580113447796977e-8,1,-2.9144611168874236e-9,-0.9948148727416992,-1.8187366279676099e-8,0.10170207917690277],5,1.3616232872009278],[[761.7848510742188,230.91847229003907,44.14213562011719,0.0966339185833931,8.388908234735482e-9,0.9953199625015259,-2.966445578067578e-8,1,-5.548282278056149e-9,-0.9953199625015259,-2.8989473932483635e-8,0.0966339185833931],5,1.3685064315795899],[[761.6136474609375,231.2233123779297,44.1483268737793,0.08265535533428192,1.9152361474539249e-8,0.9965782165527344,-6.281180731093628e-8,1,-1.4008564974687943e-8,-0.9965782165527344,-6.143899611288362e-8,0.08265535533428192],5,1.3803741931915284],[[761.4871215820313,231.40951538085938,44.15290451049805,0.0742022767663002,2.6299359134895896e-8,0.9972432255744934,-8.482821556299314e-8,1,-2.006021304623573e-8,-0.9972432255744934,-8.31058528660833e-8,0.0742022767663002],5,1.391357421875],[[761.2883911132813,231.6632537841797,44.16010284423828,0.06264235079288483,3.698027128962167e-8,0.9980360269546509,-1.1774130825870088e-7,1,-2.9662936995578094e-8,-0.9980360269546509,-1.156519076062068e-7,0.06264235079288483],5,1.4002301692962647],[[761.0885620117188,231.8863525390625,44.167057037353519,0.05234391614794731,4.7616961040830577e-8,0.998629093170166,-1.505370477161705e-7,1,-3.979181428803713e-8,-0.998629093170166,-1.482478211300986e-7,0.05234391614794731],5,1.4119288921356202],[[760.8886108398438,232.07879638671876,44.1739501953125,0.04317055270075798,4.141871201568392e-8,0.9990677237510681,-1.3031859680268099e-7,1,-3.582618646191804e-8,-0.9990677237510681,-1.2865046983279172e-7,0.04317055270075798],5,1.427109718322754],[[760.6222534179688,232.28768920898438,44.185916900634769,0.031217185780405999,3.319019015179947e-8,0.9995126128196716,-1.034706897939941e-7,1,-2.99747355825275e-8,-0.9995126128196716,-1.0248453463646001e-7,0.031217185780405999],5,1.4514620304107667],[[760.2902221679688,232.47216796875,44.215274810791019,-0.20353524386882783,-3.262836223427712e-9,0.9790676236152649,-7.353422404321464e-8,1,-1.1954200296315776e-8,-0.9790676236152649,-7.442807969937349e-8,-0.20353524386882783],5,1.4655663967132569],[[760.0281372070313,232.55844116210938,44.26204299926758,-0.2100905030965805,-1.241584879352331e-8,0.9776819348335266,-4.960276456245083e-8,1,2.040314139861721e-9,-0.9776819348335266,-4.806707565307988e-8,-0.2100905030965805],5,1.4914391040802003],[[759.7386474609375,232.58963012695313,44.32355880737305,-0.3462461531162262,-2.9524873212949389e-8,0.9381436705589294,-2.2405318489404636e-8,1,2.3202327170679383e-8,-0.9381436705589294,-1.2985690744926615e-8,-0.3462461531162262],5,1.5020592212677003],[[759.5941162109375,232.56747436523438,44.35427474975586,-0.3937743306159973,-3.63931498270631e-8,0.9192071557044983,-6.771928351412271e-9,1,3.669090276048337e-8,-0.9192071557044983,8.223130620876873e-9,-0.3937743306159973],5,1.523017168045044],[[759.4353637695313,232.49024963378907,44.388004302978519,-0.49236539006233218,-4.358672356374882e-8,0.8703886270523071,1.1955961554122041e-8,1,5.684061932242912e-8,-0.8703886270523071,3.839268458705192e-8,-0.49236539006233218],5,1.529068946838379],[[759.3705444335938,232.4311981201172,44.401771545410159,-0.5416937470436096,-4.545831089330932e-8,0.8405759334564209,2.0718173843192745e-8,1,6.743140801290792e-8,-0.8405759334564209,5.3942368793968856e-8,-0.5416937470436096],5,1.5395276546478272],[[759.2915649414063,232.31707763671876,44.418556213378909,-0.5892190933227539,-4.850581447612967e-8,0.8079732656478882,3.291791728088356e-8,1,8.403951312629943e-8,-0.8079732656478882,7.61144818284265e-8,-0.5892190933227539],5,1.548154354095459],[[759.2510375976563,232.2239532470703,44.42716598510742,-0.6718022227287293,-4.428781963383699e-8,0.7407305836677551,3.9823788711146338e-8,1,9.590738159204193e-8,-0.7407305836677551,9.392948641107069e-8,-0.6718022227287293],5,1.5581419467926026],[[759.2202758789063,232.11721801757813,44.433712005615237,-0.7072119116783142,-4.3792553583443808e-8,0.7070016264915466,4.6138502796111427e-8,1,1.0809345951656724e-7,-0.7070016264915466,1.0906497749374467e-7,-0.7072119116783142],5,1.5676453113555909],[[759.1922607421875,231.9315643310547,44.43966293334961,-0.7374035120010376,-4.5210587273913919e-8,0.675452470779419,5.4798896087504548e-8,1,1.267587066422493e-7,-0.675452470779419,1.3048637015344867e-7,-0.7374035120010376],5,1.5787553787231446],[[759.1857299804688,231.790771484375,44.44104766845703,-0.7639344334602356,-4.4079168759481038e-8,0.6452938914299011,6.006529673641126e-8,1,1.3941728127520037e-7,-0.6452938914299011,1.4526541747272859e-7,-0.7639344334602356],5,1.5888948440551758],[[759.1845092773438,231.55401611328126,44.4412956237793,-0.807116687297821,-4.0045776472652508e-8,0.5903919339179993,6.661663576323918e-8,1,1.5889982307726314e-7,-0.5903919339179993,1.6758062315602729e-7,-0.807116687297821],5,1.599161148071289],[[759.1844482421875,231.28660583496095,44.441307067871097,-0.8252748250961304,-2.9331202355820097e-8,0.5647313594818115,5.273201963973406e-8,1,1.2899870682758775e-7,-0.5647313594818115,1.3623879624447e-7,-0.8252748250961304],5,1.6147186756134034],[[759.1844482421875,230.98854064941407,44.441307067871097,-0.8600243926048279,-1.504714042255273e-8,0.5102528929710388,4.081515569964722e-8,1,9.828297464764546e-8,-0.5102528929710388,1.0535180905435482e-7,-0.8600243926048279],5,1.6262836456298829],[[759.1844482421875,230.65982055664063,44.441307067871097,-0.8764824867248535,-6.122444773382085e-9,0.4814337491989136,2.993108338955608e-8,1,6.720865997067449e-8,-0.4814337491989136,7.331704665602956e-8,-0.8764824867248535],5,1.6385626792907715],[[759.1844482421875,230.30044555664063,44.441307067871097,-0.9094148278236389,4.685400067927503e-9,0.4158902168273926,2.1359612745186497e-8,1,3.544047899595171e-8,-0.4158902168273926,4.111335272227734e-8,-0.9094148278236389],5,1.6494500637054444],[[759.1844482421875,229.91041564941407,44.441307067871097,-0.9260475039482117,1.1818113598849323e-8,0.3774069845676422,1.4131857462018616e-8,1,3.3615108474549517e-9,-0.3774069845676422,8.446380483917438e-9,-0.9260475039482117],5,1.6625902652740479],[[759.1844482421875,229.48973083496095,44.441307067871097,-0.955952525138855,1.79328214500174e-8,0.29352128505706789,9.789568267137838e-9,1,-2.921239250497365e-8,-0.29352128505706789,-2.5052214525089768e-8,-0.955952525138855],5,1.6768484115600587],[[759.1844482421875,229.0383758544922,44.441307067871097,-0.9814144968986511,2.0620127827442049e-8,0.1919000744819641,8.879529111993634e-9,1,-6.204077607208092e-8,-0.1919000744819641,-5.918372991686738e-8,-0.9814144968986511],5,1.7032091617584229],[[759.1844482421875,228.04373168945313,44.441307067871097,-0.9995304346084595,2.157925216295098e-8,0.030641062185168268,1.769415725050294e-8,1,-1.270649363505072e-7,-0.030641062185168268,-1.2646309244246368e-7,-0.9995304346084595],5,1.7122197151184083],[[759.1844482421875,227.5876007080078,44.441307067871097,-0.9997633099555969,1.336828159281822e-8,-0.02175617776811123,1.561145879236392e-8,1,-1.0293546637285545e-7,0.02175617776811123,-1.0325074839556692e-7,-0.9997633099555969],7,1.7233777046203614],[[759.1844482421875,227.52362060546876,44.441307067871097,-0.9971207976341248,6.723392065310918e-9,-0.07582917809486389,1.3355678341042676e-8,1,-8.695640474343236e-8,0.07582917809486389,-8.771878867719352e-8,-0.9971207976341248],7,1.732659101486206],[[759.1844482421875,227.53265380859376,44.441307067871097,-0.9915545582771301,9.283158131090374e-10,-0.12969033420085908,1.0239619818719348e-8,1,-7.112963373856474e-8,0.12969033420085908,-7.185689554489727e-8,-0.9915545582771301],7,1.7436940670013428],[[759.1844482421875,227.5771942138672,44.441307067871097,-0.9717773795127869,-8.125746298048853e-9,-0.23589973151683808,3.292587535952407e-9,1,-4.800941511007295e-8,0.23589973151683808,-4.743118608985242e-8,-0.9717773795127869],7,1.7561845779418946],[[759.1844482421875,227.61788940429688,44.441307067871097,-0.9469265341758728,-1.3722774916402614e-8,-0.32144999504089358,-5.787994972195065e-9,1,-2.5639971923396844e-8,0.32144999504089358,-2.2418619849418066e-8,-0.9469265341758728],8,1.768042802810669],[[759.1844482421875,227.6468048095703,44.441307067871097,-0.9473303556442261,-1.515515712924298e-8,-0.3202580213546753,-1.4889044663846107e-8,1,-3.2795846038879974e-9,0.3202580213546753,1.6614860598451742e-9,-0.9473303556442261],8,1.7778635025024415],[[759.1844482421875,228.305908203125,44.441307067871097,-0.909420371055603,-1.636814772609796e-8,-0.415878027677536,-2.6235774441829564e-8,1,1.801297244696798e-8,0.415878027677536,2.7292246684851308e-8,-0.909420371055603],3,1.79317307472229],[[759.1844482421875,228.93775939941407,44.441307067871097,-0.8974894285202026,-1.7064229140828503e-8,-0.4410359561443329,-3.816300875314482e-8,1,3.8968860138766107e-8,0.4410359561443329,5.1805400858029319e-8,-0.8974894285202026],5,1.8197681903839112],[[759.1844482421875,230.47279357910157,44.441307067871097,-0.8455216288566589,-1.5350185122997574e-8,-0.5339411497116089,-7.568132787127979e-8,1,9.1096211463082e-8,0.5339411497116089,1.1743318850676587e-7,-0.8455216288566589],5,1.8386270999908448],[[759.1844482421875,230.9922332763672,44.441307067871097,-0.8312520384788513,-1.3726830339066965e-8,-0.5558957457542419,-9.02403058944401e-8,1,1.1024658874703164e-7,0.5558957457542419,1.4180689333898045e-7,-0.8312520384788513],5,1.8651816844940186],[[759.1844482421875,231.7898406982422,44.441307067871097,-0.7774045467376709,-2.4363737693988698e-9,-0.6290009021759033,-9.428975289438313e-8,1,1.126626472114367e-7,0.6290009021759033,1.4689280192214938e-7,-0.7774045467376709],5,1.8729419708251954],[[759.1844482421875,232.22752380371095,44.441307067871097,-0.7595232129096985,1.4106060763907636e-9,-0.6504802107810974,-7.54005213821074e-8,1,9.020882174581857e-8,0.6504802107810974,1.1756224438386198e-7,-0.7595232129096985],5,1.881967306137085],[[759.1844482421875,232.50228881835938,44.441307067871097,-0.7422191500663757,4.317835422540384e-9,-0.6701571941375732,-6.242674999157316e-8,1,7.558251269301764e-8,0.6701571941375732,9.793452449002871e-8,-0.7422191500663757],5,1.891465187072754],[[759.1844482421875,232.76341247558595,44.441307067871097,-0.7085680365562439,8.928163097721154e-9,-0.7056425213813782,-4.875925796454794e-8,1,6.161393883985511e-8,0.7056425213813782,7.806427504419844e-8,-0.7085680365562439],5,1.9015040397644044],[[759.1844482421875,233.12957763671876,44.441307067871097,-0.6936215758323669,1.030391416634302e-8,-0.7203395962715149,-2.783452224264238e-8,1,4.110636098175746e-8,0.7203395962715149,4.856256907714851e-8,-0.6936215758323669],5,1.912079095840454],[[759.1844482421875,233.3566436767578,44.441307067871097,-0.6809360980987549,1.0978128628380546e-8,-0.7323428392410278,-1.3655648167798518e-8,1,2.7687514503327294e-8,0.7323428392410278,2.885404448704776e-8,-0.6809360980987549],5,1.9210426807403565],[[759.1844482421875,233.6717071533203,44.441307067871097,-0.6693423390388489,1.1171955804911704e-8,-0.7429540753364563,7.914850108647898e-9,1,7.906559851278417e-9,0.7429540753364563,-5.881745090974277e-10,-0.6693423390388489],5,1.931565761566162],[[759.1844482421875,233.86471557617188,44.441307067871097,-0.6549444794654846,1.0986489940023603e-8,-0.7556770443916321,2.2538076294154054e-8,1,-4.995121649642442e-9,0.7556770443916321,-2.0303033920754389e-8,-0.6549444794654846],5,1.9418888092041016],[[759.1900634765625,234.04409790039063,44.44618225097656,-0.6549444794654846,1.0814459550090305e-8,-0.7556770443916321,3.715505414447762e-8,1,-1.789129200346906e-8,0.7556770443916321,-3.9795025941202769e-8,-0.6549444794654846],5,1.952993392944336],[[759.2238159179688,234.36199951171876,44.47544860839844,-0.6525412201881409,1.0333391031736028e-8,-0.7577532529830933,6.644881267448e-8,1,-4.358568972406829e-8,0.7577532529830933,-7.879326346937887e-8,-0.6525412201881409],5,1.9788849353790284],[[759.308349609375,234.68272399902345,44.54849624633789,-0.6673588156700134,1.1649640363486924e-8,-0.7447363138198853,1.0249108584048372e-7,1,-7.619970432415357e-8,0.7447363138198853,-1.2718138009404357e-7,-0.6673588156700134],5,1.9978737831115723],[[759.4092407226563,234.87799072265626,44.636756896972659,-0.6907963752746582,1.4460731279086758e-8,-0.7230493426322937,1.1697105861685486e-7,1,-9.175370507819025e-8,0.7230493426322937,-1.479589712971574e-7,-0.6907963752746582],5,2.0064027309417726],[[759.5032348632813,234.98867797851563,44.72147750854492,-0.7068051099777222,1.3834243084431819e-8,-0.7074083089828491,9.748993079483626e-8,1,-7.785057221099123e-8,0.7074083089828491,-1.239903753003091e-7,-0.7068051099777222],5,2.0175349712371828],[[759.6116943359375,235.06871032714845,44.82319259643555,-0.7362680435180664,1.5268899034026618e-8,-0.6766900420188904,7.870863072412249e-8,1,-6.307430311380813e-8,0.6766900420188904,-9.970093373112832e-8,-0.7362680435180664],5,2.0395073890686037],[[759.7743530273438,235.1277313232422,44.988380432128909,-0.7617277503013611,1.3986056757175902e-8,-0.6478972434997559,5.448928064311076e-8,1,-4.247577223281951e-8,0.6478972434997559,-6.765842641698328e-8,-0.7617277503013611],5,2.0474040508270265],[[759.9026489257813,235.13623046875,45.13541030883789,-0.7756959795951843,1.1464525329074604e-8,-0.6311067342758179,3.658744063272934e-8,1,-2.6804032771110543e-8,0.6311067342758179,-4.38823626325302e-8,-0.7756959795951843],5,2.057520866394043],[[759.9869995117188,235.12486267089845,45.23835372924805,-0.788474977016449,9.653581933832811e-9,-0.6150668263435364,2.485151462394697e-8,1,-1.6162823968102203e-8,0.6150668263435364,-2.8029324639078369e-8,-0.788474977016449],5,2.066955804824829],[[760.0694580078125,235.09988403320313,45.34308624267578,-0.8001973628997803,7.470630336570139e-9,-0.599736750125885,1.3322025260720239e-8,1,-5.318365747797316e-9,0.599736750125885,-1.2245450875525421e-8,-0.8001973628997803],5,2.0769131183624269],[[760.2297973632813,235.009033203125,45.556148529052737,-0.8200182318687439,2.4558177713629449e-9,-0.5723373889923096,-8.954884833656252e-9,1,1.7120997952702056e-8,0.5723373889923096,1.9164746234423548e-8,-0.8200182318687439],5,2.0898618698120119],[[760.3067016601563,234.9431610107422,45.66505432128906,-0.8303428888320923,-6.389808127060803e-10,-0.5572527647018433,-1.989429598836523e-8,1,2.849713531816178e-8,0.5572527647018433,3.4748545374441167e-8,-0.8303428888320923],5,2.099740743637085],[[760.3704223632813,235.05113220214845,45.75486755371094,-0.8427167534828186,0.003256526542827487,-0.5383473038673401,0.004433040507137775,0.9999897480010986,-0.000890325172804296,0.5383388996124268,-0.0031368073541671039,-0.8427225947380066],12,2.113699197769165],[[760.3795776367188,235.18943786621095,45.76891326904297,-0.8588613867759705,0.0018886036705225707,-0.512204647064209,0.0025048439856618644,0.9999967217445374,-0.0005129128112457693,0.5122019648551941,-0.0017235137056559325,-0.8588632941246033],12,2.1248903274536135],[[760.3800659179688,235.28268432617188,45.76956558227539,-0.8774905204772949,0.0008379034115932882,-0.4795932471752167,0.0010600172681733966,0.9999994039535523,-0.00019235486979596317,0.47959282994270327,-0.0006771666812710464,-0.8774908781051636],12,2.1339704990386965],[[760.3801879882813,235.37600708007813,45.76957702636719,-0.8774373531341553,0.00014904573617968708,-0.4796912372112274,0.00017650748486630619,1,-0.000012150568181823474,0.4796912372112274,-0.00009533045522402972,-0.8774373531341553],12,2.145575523376465],[[760.3803100585938,235.5159912109375,45.76948928833008,-0.8998222947120667,-0.0001814672868931666,-0.4362565875053406,-0.00023851095465943217,0.9999999403953552,0.00007598783849971369,0.4362565577030182,0.00017242753528989851,-0.8998222947120667],12,2.1568410396575929],[[760.3803100585938,235.65597534179688,45.769447326660159,-0.9267705082893372,-