[[[773.6426391601563,222.69961547851563,46.92782211303711,0.41715574264526369,-1.8144227453831264e-8,0.9088349938392639,2.4497854855809466e-9,1,1.8839816817717293e-8,-0.9088349938392639,-5.632686761458672e-9,0.41715574264526369],8,0.007620334625244141],[[773.4426879882813,222.69961547851563,46.92169952392578,0.3784600496292114,2.1843284958578126e-9,0.9256176352500916,-9.620339191940275e-9,1,1.5736362213303324e-9,-0.9256176352500916,-9.500313424837259e-9,0.3784600496292114],8,0.021474838256835939],[[773.2427368164063,222.69961547851563,46.91557693481445,0.3432542383670807,2.2641019725710977e-8,0.9392425417900086,-2.077937644173744e-8,1,-1.651161518623212e-8,-0.9392425417900086,-1.3849192903592212e-8,0.3432542383670807],8,0.03549695014953613],[[773.0427856445313,222.69961547851563,46.909454345703128,0.3113449215888977,4.3198504329211576e-8,0.9502969980239868,-3.116447544471157e-8,1,-3.524751335248766e-8,-0.9502969980239868,-1.8641371113403694e-8,0.3113449215888977],8,0.04381108283996582],[[772.8428344726563,222.69961547851563,46.9033317565918,0.2825027406215668,6.383395856346397e-8,0.9592664837837219,-4.090187744054674e-8,1,-5.449900086773596e-8,-0.9592664837837219,-2.383968933372671e-8,0.2825027406215668],8,0.05729103088378906],[[772.7095336914063,222.69961547851563,46.89925003051758,0.2649623155593872,7.762481146755818e-8,0.9642587900161743,-4.709746193043429e-8,1,-6.756045678457667e-8,-0.9642587900161743,-2.7513168632253838e-8,0.2649623155593872],8,0.0650629997253418],[[772.5095825195313,222.69961547851563,46.89312744140625,0.24085573852062226,9.835014935788422e-8,0.9705609083175659,-5.6015057481317856e-8,1,-8.743253232523785e-8,-0.9705609083175659,-3.3307404834204138e-8,0.24085573852062226],8,0.07827210426330567],[[772.3096313476563,222.69961547851563,46.88700485229492,0.21904051303863526,1.025878191285301e-7,0.9757157564163208,-5.562840144079928e-8,1,-9.265294664828616e-8,-0.9757157564163208,-3.3982757940975719e-8,0.21904051303863526],8,0.08903002738952637],[[772.1763305664063,222.69961547851563,46.8829231262207,0.20579570531845094,8.33785804843501e-8,0.978594958782196,-4.3704261543098258e-8,1,-7.601145313174129e-8,-0.978594958782196,-2.7125938828476138e-8,0.20579570531845094],8,0.09976863861083985],[[771.9763793945313,222.69961547851563,46.876800537109378,0.18763071298599244,5.454712947994267e-8,0.9822396636009216,-2.6483318649184185e-8,1,-5.047449036510443e-8,-0.9822396636009216,-1.6542399450258928e-8,0.18763071298599244],8,0.1113119125366211],[[771.7764282226563,222.69961547851563,46.87067794799805,0.17123092710971833,2.5702721728748658e-8,0.9852309226989746,-9.947958901079801e-9,1,-2.4359085415426308e-8,-0.9852309226989746,-5.6300071271664368e-9,0.17123092710971833],8,0.12481045722961426],[[771.6431274414063,222.69961547851563,46.86659622192383,0.16129092872142793,6.46973541407192e-9,0.986906886100769,7.446199212779447e-10,1,-6.677261410459323e-9,-0.986906886100769,1.8118531119881709e-9,0.16129092872142793],8,0.13322782516479493],[[771.4431762695313,222.69961547851563,46.8604736328125,0.14767751097679139,-2.2380000075372665e-8,0.9890355467796326,1.6360731436293464e-8,1,2.018520639524013e-8,-0.9890355467796326,1.3200445181382748e-8,0.14767751097679139],8,0.14646053314208985],[[771.1765747070313,222.69961547851563,46.85231018066406,0.13145525753498078,-6.08393122547568e-8,0.9913221001625061,3.65151677783615e-8,1,5.6529756875534079e-8,-0.9913221001625061,2.8767161097675854e-8,0.13145525753498078],8,0.15988707542419434],[[771.0432739257813,222.69961547851563,46.848228454589847,0.12420505285263062,-8.006340834754156e-8,0.9922565817832947,4.635973382960401e-8,1,7.488515763043324e-8,-0.9922565817832947,3.669963533070586e-8,0.12420505285263062],8,0.17131352424621583],[[770.8433227539063,222.69961547851563,46.842105865478519,0.11438217014074326,-9.282010182687373e-8,0.9934368133544922,5.197347974217337e-8,1,8.744920876324614e-8,-0.9934368133544922,4.1629739655490997e-8,0.11438217014074326],8,0.1846311092376709],[[770.6433715820313,222.69961547851563,46.83598327636719,0.10556771606206894,-7.344016239585472e-8,0.9944121241569519,3.985282859275685e-8,1,6.962203258353839e-8,-0.9944121241569519,3.2280297546094519e-8,0.10556771606206894],8,0.19560933113098145],[[770.3767700195313,223.56251525878907,46.82781982421875,0.0941014513373375,-4.761839988987049e-8,0.9955626130104065,2.4037406731736156e-8,1,4.5558607553175537e-8,-0.9955626130104065,1.9643611182118549e-8,0.0941014513373375],3,0.21187090873718263],[[770.1101684570313,224.37091064453126,46.81965637207031,-0.9929167032241821,4.913716367127563e-8,0.11881271004676819,5.269431468946095e-8,1,2.6797632557418184e-8,-0.11881271004676819,3.286857008788502e-8,-0.9929167032241821],5,0.2383725643157959],[[769.7769165039063,225.3047637939453,46.809452056884769,-0.9816765189170837,8.735657530678509e-8,0.19055505096912385,8.817639240987774e-8,1,-4.176640810982235e-9,-0.19055505096912385,1.270234761818756e-8,-0.9816765189170837],5,0.2557528018951416],[[769.5769653320313,225.82420349121095,46.80332946777344,-0.9915310144424439,1.120089336836827e-7,0.12986992299556733,1.0971569253115377e-7,1,-2.4812679910724e-8,-0.12986992299556733,-1.0353772950111307e-8,-0.9915310144424439],5,0.26273226737976076],[[769.3770141601563,226.31298828125,46.79720687866211,-0.9914980530738831,1.3601209047919839e-7,0.13012154400348664,1.3093423945065298e-7,1,-4.757888305562119e-8,-0.13012154400348664,-3.0137002227093038e-8,-0.9914980530738831],5,0.271867036819458],[[769.2437133789063,226.62181091308595,46.79312515258789,-0.9952771067619324,1.5069024073000038e-7,0.09707453846931458,1.4518406032948406e-7,1,-6.378460426503807e-8,-0.09707453846931458,-4.938967990142373e-8,-0.9952771067619324],5,0.2814931869506836],[[769.1104125976563,226.91700744628907,46.78904342651367,-0.9952764511108398,1.3254403086193634e-7,0.0970812737941742,1.2681371686085186e-7,1,-6.519619688560852e-8,-0.0970812737941742,-5.257700408378696e-8,-0.9952764511108398],5,0.2906813621520996],[[768.9104614257813,227.33425903320313,46.782920837402347,-0.9914900660514832,1.0718452614355556e-7,0.13018226623535157,9.952721313766233e-8,1,-6.53259277783036e-8,-0.13018226623535157,-5.181333406767408e-8,-0.9914900660514832],5,0.30492305755615237],[[768.7105102539063,227.72084045410157,46.776798248291019,-0.9914899468421936,8.021572739380645e-8,0.13018326461315156,7.254821809965506e-8,1,-6.364025040284105e-8,-0.13018326461315156,-5.365410515878466e-8,-0.9914899468421936],5,0.31760644912719729],[[768.5105590820313,228.0767822265625,46.77067565917969,-0.9914898872375488,5.329285457378319e-8,0.13018356263637544,4.585255908295949e-8,1,-6.014970921341956e-8,-0.13018356263637544,-5.366857891431209e-8,-0.9914898872375488],5,0.3284335136413574],[[768.3106079101563,228.40206909179688,46.76455307006836,-0.9914898872375488,2.6391830942884554e-8,0.13018366694450379,1.941690186413325e-8,1,-5.484689680201882e-8,-0.13018366694450379,-5.1852381943717776e-8,-0.9914898872375488],5,0.33967089653015139],[[768.1773071289063,228.6018829345703,46.76047134399414,-0.9952760934829712,6.746304404003922e-9,0.0970849096775055,1.8441629334731147e-9,1,-5.058307195326961e-8,-0.0970849096775055,-5.0165080978104018e-8,-0.9952760934829712],5,0.34995293617248537],[[768.0440063476563,228.7880859375,46.75638961791992,-0.9952760934829712,-1.1144578593302868e-8,0.0970849022269249,-1.5634491035143584e-8,1,-4.5486540756201069e-8,-0.0970849022269249,-4.6789537577751619e-8,-0.9952760934829712],5,0.359266996383667],[[767.8440551757813,229.0418243408203,46.750267028808597,-0.9914898872375488,-3.6504342659782199e-8,0.13018375635147096,-4.1520863192090476e-8,1,-3.581994789669807e-8,-0.13018375635147096,-4.092045813308687e-8,-0.9914898872375488],5,0.371326208114624],[[767.6441040039063,229.26492309570313,46.744144439697269,-0.9914898872375488,-6.349214487499921e-8,0.1301836222410202,-6.721366219153424e-8,1,-2.4192926773025648e-8,-0.1301836222410202,-3.273715876161987e-8,-0.9914898872375488],5,0.3829081058502197],[[767.5108032226563,229.39662170410157,46.74006271362305,-0.9952760934829712,-8.248458982507145e-8,0.0970848798751831,-8.439702980922448e-8,1,-1.5592107160955494e-8,-0.0970848798751831,-2.371212737273254e-8,-0.9952760934829712],5,0.3926868438720703],[[767.3108520507813,229.56861877441407,46.73394012451172,-0.9914898872375488,-1.0878523681867591e-7,0.13018372654914857,-1.097827038165633e-7,1,-4.854904811502081e-10,-0.13018372654914857,-1.4773281264979233e-8,-0.9914898872375488],5,0.40564393997192385],[[766.8442993164063,229.85073852539063,46.71965408325195,-0.9644834995269775,-1.537918592475762e-7,0.26414307951927187,-1.4786974134040066e-7,1,4.2302573888264308e-8,-0.26414307951927187,1.7413649411324173e-9,-0.9644834995269775],5,0.4341285228729248],[[766.5110473632813,229.95005798339845,46.70842742919922,-0.9802765250205994,-1.105319924477044e-7,0.19763092696666718,-1.0032565711526331e-7,1,6.165587507211967e-8,-0.19763092696666718,4.061235259200657e-8,-0.9802765250205994],5,0.459453821182251],[[766.1777954101563,229.96421813964845,46.69757080078125,-0.9826198220252991,-6.621756654112687e-8,0.18562950193881989,-5.300951499975781e-8,1,7.611594554646217e-8,-0.18562950193881989,6.495290705288426e-8,-0.9826198220252991],5,0.47795963287353518],[[765.9111938476563,229.91424560546876,46.69172286987305,-0.9882580637931824,-2.794040376841167e-8,0.1527937948703766,-1.5188579283176297e-8,1,8.46249577080016e-8,-0.1527937948703766,8.131057427362976e-8,-0.9882580637931824],5,0.4938328266143799],[[765.7112426757813,229.84100341796876,46.68769073486328,-0.9927992224693298,2.4139850118842789e-9,0.11979002505540848,1.3220295080884626e-8,1,8.941574236587258e-8,-0.11979002505540848,9.035554171532567e-8,-0.9927992224693298],5,0.5013124942779541],[[765.6445922851563,229.8097686767578,46.68634796142578,-0.9985721111297607,1.7789808737234126e-8,0.053420308977365497,2.2680421096765714e-8,1,9.094344477489358e-8,-0.053420308977365497,9.202518214124211e-8,-0.9985721111297607],5,0.5062246322631836],[[765.4446411132813,229.69564819335938,46.68231964111328,-0.9882581233978272,3.661139658106549e-8,0.15279364585876466,5.1343949536430958e-8,1,9.24755525488763e-8,-0.15279364585876466,9.923474664219612e-8,-0.9882581233978272],5,0.520850419998169],[[765.2446899414063,229.5508575439453,46.67829132080078,-0.9680798649787903,5.5074021787504537e-8,0.2506418824195862,8.003824802926829e-8,1,8.940802587176222e-8,-0.2506418824195862,1.0661504745712591e-7,-0.9680798649787903],5,0.5396339893341065],[[765.0447387695313,229.37542724609376,46.67426300048828,-0.938238799571991,7.328332429779039e-8,0.34598836302757265,1.0825628038446666e-7,1,8.17568448496786e-8,-0.34598836302757265,1.1416285872201115e-7,-0.938238799571991],5,0.5457582473754883],[[764.8447875976563,229.16934204101563,46.67023468017578,-0.8990327715873718,9.13413202852098e-8,0.43788135051727297,1.354952701149159e-7,1,6.959274401197035e-8,-0.43788135051727297,1.2189701692477684e-7,-0.8990327715873718],5,0.5574913024902344],[[764.7114868164063,229.01490783691407,46.66754913330078,-0.8678821921348572,1.0334314737292516e-7,0.49677011370658877,1.528666757621977e-7,1,5.9035588861888758e-8,-0.49677011370658877,1.271755252219009e-7,-0.8678821921348572],5,0.5650548934936523],[[764.5781860351563,228.84686279296876,46.66486358642578,-0.8328796625137329,1.1534569210880363e-7,0.5534541010856628,1.6944102299021325e-7,1,4.657709595790038e-8,-0.5534541010856628,1.3257094622076694e-7,-0.8328796625137329],5,0.5727286338806152],[[764.4448852539063,228.66517639160157,46.66217803955078,-0.7941806316375732,1.0254697002665125e-7,0.6076817512512207,1.4998302333424363e-7,1,2.726205394765202e-8,-0.6076817512512207,1.1279293943289304e-7,-0.7941806316375732],5,0.5854716300964356],[[764.2449340820313,228.3671112060547,46.65814971923828,-0.7322384715080261,8.409791263375155e-8,0.6810483336448669,1.1832712942805301e-7,1,3.738005460718341e-9,-0.6810483336448669,8.332360579288434e-8,-0.7322384715080261],5,0.5931229591369629],[[764.1116333007813,228.1513671875,46.65546417236328,-0.6905018091201782,7.220453568379526e-8,0.7233306169509888,9.599291672657273e-8,1,-8.186090916240119e-9,-0.7233306169509888,6.378211026003555e-8,-0.6905018091201782],5,0.601285457611084],[[763.9783325195313,227.92201232910157,46.65277862548828,-0.6496273279190064,6.056560408751466e-8,0.7602527737617493,7.302228510752684e-8,1,-1.7268375174239737e-8,-0.7602527737617493,4.429738353906032e-8,-0.6496273279190064],5,0.6127884387969971],[[763.7783813476563,227.5524139404297,46.64875030517578,-0.5900557041168213,4.348270010723354e-8,0.8073625564575195,3.787033264757156e-8,1,-2.618042493907069e-8,-0.8073625564575195,1.5127177732665588e-8,-0.5900557041168213],5,0.6235811710357666],[[763.6450805664063,227.2889862060547,46.64606475830078,-0.5520834922790527,3.229394707204847e-8,0.8337888717651367,1.4233745737612935e-8,1,-2.9306855608979278e-8,-0.8337888717651367,-4.31189217664496e-9,-0.5520834922790527],5,0.6338000297546387],[[763.5117797851563,227.01193237304688,46.64337921142578,-0.5159783959388733,2.1231835845014758e-8,0.8566015958786011,-9.402770118072113e-9,1,-3.044993235334914e-8,-0.8566015958786011,-2.3765934997754813e-8,-0.5159783959388733],5,0.6434662342071533],[[763.3118286132813,226.57080078125,46.63935089111328,-0.4647599458694458,4.830911670694604e-9,0.8854367136955261,-4.4689603129199898e-8,1,-2.891324513143445e-8,-0.8854367136955261,-5.300753613823872e-8,-0.4647599458694458],5,0.6545989513397217],[[763.1118774414063,226.09902954101563,46.63532257080078,-0.4171714186668396,-1.1382917719515718e-8,0.9088278412818909,-7.959826575643092e-8,1,-2.4012473787138334e-8,-0.9088278412818909,-8.235843296233725e-8,-0.4171714186668396],5,0.6658439636230469],[[762.9119262695313,225.59658813476563,46.63129425048828,-0.3735092878341675,-2.7446080963500209e-8,0.9276264309883118,-1.1400539534633936e-7,1,-1.631690693670862e-8,-0.9276264309883118,-1.1184893367044424e-7,-0.3735092878341675],5,0.6771049499511719],[[762.7786254882813,225.24459838867188,46.62860870361328,-0.3467167913913727,-3.808420956374903e-8,0.9379698634147644,-1.3663837705735205e-7,1,-9.905021691736238e-9,-0.9379698634147644,-1.3159692002773228e-7,-0.3467167913913727],5,0.6882047653198242],[[762.5786743164063,224.69107055664063,46.62458038330078,-0.309646338224411,-4.205454118277885e-8,0.9508517980575562,-1.3521928110549198e-7,1,1.9391642458455039e-10,-0.9508517980575562,-1.2851344877162774e-7,-0.309646338224411],5,0.7024490833282471],[[762.3120727539063,223.90533447265626,46.61920928955078,-0.26495999097824099,-3.9541440344237347e-8,0.9642593860626221,-1.0947133688432587e-7,1,1.092643042710506e-8,-0.9642593860626221,-1.0266369798728192e-7,-0.26495999097824099],5,0.73079514503479],[[761.9121704101563,222.6245574951172,46.61115264892578,-0.2066914439201355,-3.6069849329578577e-8,0.9784061908721924,-7.01867577390658e-8,1,2.2038742386598643e-8,-0.9784061908721924,-6.411593744815036e-8,-0.2066914439201355],5,0.7387938499450684],[[761.8455200195313,222.5082244873047,46.60980987548828,-0.19806219637393952,-3.5520724139814777e-8,0.9801894426345825,-6.360364324109469e-8,1,2.3386546033066226e-8,-0.9801894426345825,-5.77116274769196e-8,-0.19806219637393952],7,0.7470862865447998],[[761.7122192382813,222.43919372558595,46.60712432861328,-0.18234507739543916,-3.444337437485956e-8,0.9832345843315125,-5.0443848209624778e-8,1,2.567564472144568e-8,-0.9832345843315125,-4.491630889447151e-8,-0.18234507739543916],7,0.754847526550293],[[761.5789184570313,222.46005249023438,46.60443878173828,-0.16804756224155427,-3.339106413591253e-8,0.9857788681983948,-3.7290650567456399e-8,1,2.751576566595304e-8,-0.9857788681983948,-3.213637711496631e-8,-0.16804756224155427],7,0.7630045413970947],[[761.3789672851563,222.5265655517578,46.60041046142578,-0.1484697014093399,-3.185423125273701e-8,0.9889169335365295,-1.757612899666583e-8,1,2.957246003632008e-8,-0.9889169335365295,-1.2990716946603698e-8,-0.1484697014093399],7,0.7741153240203857],[[761.1790161132813,222.58460998535157,46.59638214111328,-0.13081131875514985,-3.036209506035448e-8,0.9914072751998901,2.1062007693473108e-9,1,3.090315203735372e-8,-0.9914072751998901,6.130584928598637e-9,-0.13081131875514985],7,0.786116361618042],[[761.0457153320313,222.61358642578126,46.59369659423828,-0.12011425942182541,-2.9389561007064914e-8,0.9927600622177124,1.520002790300623e-8,1,3.144294424828331e-8,-0.9927600622177124,1.8866726847477368e-8,-0.12011425942182541],8,0.7962892055511475],[[760.8457641601563,222.6445770263672,46.58966827392578,-0.1054704338312149,-2.7960377124713888e-8,0.994422435760498,3.4795700543099886e-8,1,3.180770491439944e-8,-0.994422435760498,3.79563971364405e-8,-0.1054704338312149],8,0.8072586059570313],[[760.7124633789063,222.65890502929688,46.58698272705078,-0.09656797349452973,-2.702567591938987e-8,0.9953263998031616,4.7827629856556089e-8,1,3.17928794402178e-8,-0.9953263998031616,5.06742736661181e-8,-0.09656797349452973],8,0.8189043998718262],[[760.5125122070313,222.67376708984376,46.58295440673828,-0.08437134325504303,-2.564791934389632e-8,0.9964343905448914,6.732717139357192e-8,1,3.1440507086699657e-8,-0.9964343905448914,6.973978372570855e-8,-0.08437134325504303],8,0.8294405937194824],[[760.3792114257813,222.6805419921875,46.58026885986328,-0.07695640623569489,-2.474432037047336e-8,0.9970344305038452,8.029454079405696e-8,1,3.1015478185736359e-8,-0.9970344305038452,8.244326465955965e-8,-0.07695640623569489],8,0.8382670879364014],[[760.1792602539063,222.68753051757813,46.57624053955078,-0.06679979711771012,-2.3409022276155157e-8,0.997766375541687,9.969870262693803e-8,1,3.013618865566059e-8,-0.997766375541687,1.0148910689622426e-7,-0.06679979711771012],8,0.8510890007019043],[[759.9793090820313,222.6919708251953,46.57221221923828,-0.05765019729733467,-2.2095724361292924e-8,0.9983368515968323,1.1905020613767192e-7,1,2.9007235724520798e-8,-0.9983368515968323,1.2052447573296377e-7,-0.05765019729733467],8,0.8613412380218506],[[759.8460083007813,222.69398498535157,46.56952667236328,-0.052114490419626239,-1.621157785791638e-8,0.9986411333084106,9.766652198095471e-8,1,2.1330404109676239e-8,-0.9986411333084106,9.864542960258405e-8,-0.052114490419626239],8,0.8721923828125],[[759.5794067382813,222.69656372070313,46.56415557861328,-0.042102765291929248,-4.408190257265687e-9,0.9991132616996765,5.475823883216435e-8,1,6.719622192008501e-9,-0.9991132616996765,5.4992600695413788e-8,-0.042102765291929248],8,0.885277509689331],[[759.3794555664063,222.6977081298828,46.56012725830078,-0.03547094762325287,4.471218062462867e-9,0.9993706941604614,2.248251540493129e-8,1,-3.6760552379888624e-9,-0.9993706941604614,2.2337973248909294e-8,-0.03547094762325287],8,0.8996701240539551],[[759.1795043945313,222.69842529296876,46.55609893798828,-0.029585810378193857,1.336973465271285e-8,0.9995622634887695,-9.850997351179558e-9,1,-1.3667167841902028e-8,-0.9995622634887695,-1.0251039128661433e-8,-0.029585810378193857],8,0.9221713542938232],[[758.7129516601563,222.69921875,46.54669952392578,-0.017646048218011857,3.4192375153452306e-8,0.9998443126678467,-8.544764540374672e-8,1,-3.5705749468206707e-8,-0.9998443126678467,-8.60644107092412e-8,-0.017646048218011857],8,0.9396193027496338],[[758.5796508789063,222.6993408203125,46.54401397705078,-0.014756602235138417,4.015485188801904e-8,0.9998911023139954,-1.070665405222826e-7,1,-4.173933376705463e-8,-0.9998911023139954,-1.0767081448648242e-7,-0.014756602235138417],8,0.949932336807251],[[758.4463500976563,222.69943237304688,46.54132843017578,-0.012216663919389248,3.387216196415466e-8,0.9999253749847412,-9.368146436372627e-8,1,-3.5019251498624729e-8,-0.9999253749847412,-9.410229040440754e-8,-0.012216663919389248],8,0.9578149318695068],[[758.3130493164063,222.69949340820313,46.53864288330078,-0.00991006474941969,2.758827122306684e-8,0.9999508857727051,-8.027347320194167e-8,1,-2.838518220471542e-8,-0.9999508857727051,-8.055082645341827e-8,-0.00991006474941969],8,0.9667508602142334],[[758.1797485351563,222.6995391845703,46.53595733642578,-0.007786109112203121,2.130353493612347e-8,0.9999696612358093,-6.684751951979706e-8,1,-2.1824678952953037e-8,-0.9999696612358093,-6.701542076825717e-8,-0.007786109112203121],8,0.9768593311309815],[[757.9797973632813,222.6995849609375,46.53192901611328,-0.004866131115704775,1.187546150305252e-8,0.9999881386756897,-4.668233444249381e-8,1,-1.2102766788757436e-8,-0.9999881386756897,-4.674067710652707e-8,-0.004866131115704775],8,0.9861533641815186],[[757.7798461914063,222.69961547851563,46.52790069580078,-0.002233037492260337,2.4468886916650946e-9,0.9999974966049194,-2.649254504660803e-8,1,-2.5060535868703939e-9,-0.9999974966049194,-2.649807662180592e-8,-0.002233037492260337],8,1.0005886554718018],[[757.5132446289063,222.69961547851563,46.52252960205078,0.0008850786834955215,-1.0124113103415766e-8,0.9999995827674866,4.5447817731414377e-10,1,1.012371519948374e-8,-0.9999995827674866,4.455177060602722e-10,0.0008850786834955215],8,1.0139596462249756],[[757.3132934570313,222.69961547851563,46.51850128173828,0.002939460799098015,-1.9551290364461239e-8,0.9999957084655762,2.0677870082863593e-8,1,1.949059225125893e-8,-0.9999957084655762,2.0620490204237286e-8,0.002939460799098015],8,1.0268709659576417],[[757.1133422851563,222.69961547851563,46.51447296142578,0.004760261159390211,-2.8976876009778608e-8,0.9999886751174927,4.09068618978381e-8,1,2.8782473293631484e-8,-0.9999886751174927,4.0769386089323237e-8,0.004760261159390211],8,1.038712739944458],[[756.9800415039063,222.69961547851563,46.51178741455078,0.005857082549482584,-3.5259457575875788e-8,0.9999828338623047,5.4393840542843466e-8,1,3.494146838534107e-8,-0.9999828338623047,5.4188252107678639e-8,0.005857082549482584],8,1.0472016334533692],[[756.8467407226563,222.69961547851563,46.50910186767578,0.006866524461656809,-4.154095378794409e-8,0.999976396560669,6.788029338622437e-8,1,4.107582185497449e-8,-0.999976396560669,6.759664472610894e-8,0.006866524461656809],8,1.0560147762298585],[[756.7134399414063,222.69961547851563,46.50641632080078,0.007801152300089598,-4.7821234971934248e-8,0.9999695420265198,8.13655347542408e-8,1,4.718792467883759e-8,-0.9999695420265198,8.099494408497776e-8,0.007801152300089598],8,1.064091444015503],[[756.5134887695313,223.35189819335938,46.50238800048828,0.00918237492442131,-5.7239237349904218e-8,0.9999578595161438,1.0159521934838267e-7,1,5.63087247940075e-8,-0.9999578595161438,1.0107388703772813e-7,0.00918237492442131],3,1.0814862251281739],[[756.3135375976563,223.97352600097657,46.49835968017578,0.010383655317127705,-6.665413820883259e-8,0.999946117401123,1.2181679664990953e-7,1,6.539276142802919e-8,-0.999946117401123,1.2113120817502932e-7,0.010383655317127705],5,1.102402925491333],[[755.9802856445313,224.94143676757813,46.49164581298828,0.01208388153463602,-7.415538760824347e-8,0.9999269843101502,1.397876872033521e-7,1,7.247150080047504e-8,-0.9999269843101502,1.3890173988784228e-7,0.01208388153463602],5,1.109595775604248],[[755.8469848632813,225.3047637939453,46.48896026611328,0.012675859034061432,-6.406487074173129e-8,0.9999196529388428,1.2183096487206058e-7,1,6.252557938069003e-8,-0.9999196529388428,1.2102862001484028e-7,0.012675859034061432],5,1.118239402770996],[[755.7136840820313,225.6544647216797,46.48627471923828,0.013209661468863488,-5.3977554870243696e-8,0.9999127388000488,1.0387118010157792e-7,1,5.2610044320999808e-8,-0.9999127388000488,1.0316715304270474e-7,0.013209661468863488],5,1.1268372535705567],[[755.5803833007813,225.99053955078126,46.48358917236328,0.013699738308787346,-4.3893550127904749e-8,0.9999061822891235,8.591032241156427e-8,1,4.2720611048707727e-8,-0.9999061822891235,8.531699791092251e-8,0.013699738308787346],5,1.135321855545044],[[755.4470825195313,226.31298828125,46.48090362548828,0.01415303535759449,-3.381292401627434e-8,0.9998998641967773,6.794964235723455e-8,1,3.285452265799904e-8,-0.9998998641967773,6.747784198068985e-8,0.01415303535759449],5,1.1459064483642579],[[755.3137817382813,226.62181091308595,46.47821807861328,0.014573592692613602,-2.3735747589626045e-8,0.9998937845230103,4.99900743022863e-8,1,2.3009656402450674e-8,-0.9998937845230103,4.964943300933555e-8,0.014573592692613602],5,1.1546192169189454],[[755.1138305664063,227.0594940185547,46.47418975830078,0.015153727494180203,-8.626583003490396e-9,0.9998852014541626,2.305456980877807e-8,1,8.27817103754569e-9,-0.9998852014541626,2.2926476717088918e-8,0.015153727494180203],5,1.164353847503662],[[754.9805297851563,227.33425903320313,46.47150421142578,0.015507092699408532,1.4417256277710067e-9,0.999879777431488,5.1010329293887939e-9,1,-1.5210107617846803e-9,-0.999879777431488,5.124005664214337e-9,0.015507092699408532],5,1.1753525733947755],[[754.7805786132813,227.72084045410157,46.46747589111328,0.015991196036338807,1.653735459683503e-8,0.9998721480369568,-2.1822643248015085e-8,1,-1.6190455198739074e-8,-0.9998721480369568,-2.15609485820778e-8,0.015991196036338807],5,1.1862876415252686],[[754.6472778320313,227.9615478515625,46.46479034423828,0.016285356134176256,2.6596488567065536e-8,0.9998673796653748,-3.9766568704635577e-8,1,-2.5952317628252787e-8,-0.9998673796653748,-3.933865144745141e-8,0.016285356134176256],5,1.1951797008514405],[[754.5139770507813,228.18861389160157,46.46210479736328,0.016556739807128907,3.6651872648008069e-8,0.9998629093170166,-5.7705751288494869e-8,1,-3.570134765595867e-8,-0.9998629093170166,-5.710674244596703e-8,0.016556739807128907],5,1.2059121131896973],[[754.3140258789063,228.50367736816407,46.45807647705078,0.016930148005485536,5.1727830907566388e-8,0.9998566508293152,-8.460495592998996e-8,1,-5.030266692074292e-8,-0.9998566508293152,-8.374119175869055e-8,0.016930148005485536],5,1.2178559303283692],[[754.1140747070313,228.7880859375,46.45404815673828,0.017266973853111268,6.67951596255989e-8,0.9998509287834168,-1.1149168699375878e-7,1,-6.487970694024625e-8,-0.9998509287834168,-1.1035479019483319e-7,0.017266973853111268],5,1.227877140045166],[[753.9807739257813,228.9606475830078,46.45136260986328,0.017470771446824075,7.683519243073533e-8,0.9998473525047302,-1.2940861893184775e-7,1,-7.45857064998745e-8,-0.9998473525047302,-1.2808578730982846e-7,0.017470771446824075],5,1.238111972808838],[[753.7808227539063,229.1939697265625,46.44733428955078,0.017749402672052385,7.349667185962972e-8,0.9998424649238586,-1.2479445388180466e-7,1,-7.129287382667826e-8,-0.9998424649238586,-1.2350939471161838e-7,0.017749402672052385],5,1.2488608360290528],[[753.6475219726563,229.3324737548828,46.44464874267578,0.017918584868311883,6.514290618042651e-8,0.9998394250869751,-1.1122724430379094e-7,1,-6.316001588402287e-8,-0.9998394250869751,-1.1007764300074996e-7,0.017918584868311883],5,1.2587058544158936],[[753.4475708007813,229.5146942138672,46.44062042236328,0.018150141462683679,5.2618517543123747e-8,0.9998352527618408,-9.088278574154174e-8,1,-5.097737698633864e-8,-0.9998352527618408,-8.99425742773019e-8,0.018150141462683679],5,1.2695906162261963],[[753.3142700195313,229.619140625,46.43793487548828,0.018290795385837556,4.4273114951920436e-8,0.9998326897621155,-7.732444373687031e-8,1,-4.286595967073481e-8,-0.9998326897621155,-7.652744926645028e-8,0.018290795385837556],5,1.2807865142822266],[[753.1143188476563,229.75025939941407,46.43390655517578,0.018483329564332963,3.1761331342750057e-8,0.9998291730880737,-5.699441985029807e-8,1,-3.07131315935294e-8,-0.9998291730880737,-5.6417004401509988e-8,0.018483329564332963],5,1.2942109107971192],[[752.97265625,229.9073944091797,46.42971420288086,0.01775418594479561,0.002920364262536168,0.99983811378479,-0.000015272889868356289,0.9999957084655762,-0.0029205535538494589,-0.9998424053192139,0.000036581634049071,0.01775415614247322],12,1.327014446258545],[[753.1074829101563,230.21856689453126,46.42749786376953,0.017711183056235315,0.0010257783578708768,0.999842643737793,-0.00000494809273732244,0.999999463558197,-0.0010258516995236278,-0.9998431205749512,0.000013221731933299452,0.017711177468299867],12,1.336475133895874],[[753.12353515625,230.3118896484375,46.42723083496094,0.017710523679852487,0.00015859313134569675,0.9998431205749512,-7.035558837742428e-7,1,-0.00015860554412938654,-0.999843180179596,0.000002105541852870374,0.017710523679852487],12,1.3446340560913087],[[753.1298217773438,230.40521240234376,46.42713165283203,0.017710300162434579,-0.0001949568249983713,0.9998431205749512,9.998608447858715e-7,1,0.0001949697034433484,-0.999843180179596,-0.0000024532678253308406,0.01771029829978943],12,1.3523128032684327],[[753.130859375,230.49853515625,46.42711639404297,0.01771022379398346,-0.00024303655663970858,0.9998431205749512,0.0000012090864629499266,1,0.00024305326223839074,-0.999843180179596,-0.000003095630745519884,0.01771022379398346],12,1.3619544506072999],[[753.1310424804688,230.59185791015626,46.42711639404297,0.01771019771695137,-0.00016945735842455178,0.9998431205749512,8.328469789375959e-7,1,0.00016946918913163245,-0.999843180179596,-0.0000021686166746803794,0.01771019771695137],12,1.3712599277496338],[[753.131103515625,230.73184204101563,46.42711639404297,0.017710186541080476,-0.00004743235695059411,0.999843180179596,2.278408430811396e-7,1,0.00004743576209875755,-0.999843180179596,-6.122910463091102e-7,0.017710186541080476],12,1.3820300102233887],[[753.131103515625,230.82516479492188,46.42711639404297,0.017710182815790178,-0.000004006278231827309,0.999843180179596,1.572510477387823e-8,1,0.000004006628387287492,-0.999843180179596,-5.523548196606498e-8,0.017710182815790178],12,1.3911330699920655],[[753.131103515625,230.91848754882813,46.42711639404297,0.017710182815790178,0.000012242217962921132,0.999843180179596,-6.22188380816624e-8,1,-0.000012243035598658026,-0.999843180179596,1.5461732516541816e-7,0.017710182815790178],12,1.401606559753418],[[753.131103515625,231.0584716796875,46.42711639404297,0.017710182815790178,0.000011218330655538012,0.999843180179596,-5.534001701335001e-8,1,-0.000011219111001992133,-0.999843180179596,1.4336116294089153e-7,0.017710182815790178],12,1.4113702774047852],[[753.131103515625,231.15179443359376,46.42711639404297,0.017710182815790178,0.000006137549007689813,0.999843180179596,-2.9809839929839657e-8,1,-0.000006137983746157261,-0.999843180179596,7.889964592777688e-8,0.017710182815790178],12,1.422238826751709],[[753.131103515625,231.4317626953125,46.42711639404297,0.017710182815790178,-7.404934194710222e-7,0.999843180179596,3.814948801306173e-9,1,7.405420205941482e-7,-0.999843180179596,-9.300784142851626e-9,0.017710182815790178],12,1.4474027156829835],[[753.131103515625,231.57174682617188,46.42711639404297,0.017710182815790178,-5.857910991835524e-7,0.999843180179596,2.8920874584059676e-9,1,5.858317422280379e-7,-0.999843180179596,-7.483553332576776e-9,0.017710182815790178],12,1.4692010879516602],[[753.131103515625,231.75839233398438,46.42711639404297,0.017710182815790178,-8.244010984981287e-8,0.999843180179596,3.6124153668382066e-10,1,8.24466397375545e-8,-0.999843180179596,-1.0989601451072418e-9,0.017710182815790178],12,1.4753086566925049],[[753.131103515625,231.85171508789063,46.42711639404297,0.017710182815790178,2.0218280383232924e-8,0.999843180179596,-1.304066576945928e-10,1,-2.0219141916300033e-8,-0.999843180179596,2.2769849894466177e-10,0.017710182815790178],12,1.4841933250427247],[[753.131103515625,231.99169921875,46.42711639404297,0.017710182815790178,8.154120934023013e-8,0.999843180179596,-4.069701242670476e-10,1,-8.154678710070584e-8,-0.999843180179596,1.0373022441001468e-9,0.017710182815790178],12,1.4933691024780274],[[753.1236572265625,232.07481384277345,46.42692565917969,0.017984852194786073,8.555570474300112e-8,0.9998382329940796,-4.386932761502038e-10,1,-8.556165198569943e-8,-0.9998382329940796,1.100191382441551e-9,0.017984852194786073],8,1.5057802200317383],[[753.0938720703125,232.17393493652345,46.426143646240237,0.018744654953479768,9.157419356142782e-8,0.9998242855072022,-5.200126995674736e-10,1,-9.158053870805816e-8,-0.9998242855072022,1.1967241642096838e-9,0.018744654953479768],5,1.5169463157653809],[[753.041748046875,232.24240112304688,46.424720764160159,0.019687889143824579,9.758875307852577e-8,0.9998061656951904,-6.246157480127579e-10,1,-9.759537533682306e-8,-0.9998061656951904,1.2969522122929789e-9,0.019687889143824579],5,1.526853084564209],[[752.9945678710938,232.27101135253907,46.423404693603519,0.020316528156399728,1.0159627805705895e-7,0.9997935891151428,-6.983202349708506e-10,1,-1.0160306374018546e-7,-0.9997935891151428,1.366045387918291e-9,0.020316528156399728],5,1.5382328033447266],[[752.8704833984375,232.28736877441407,46.41982650756836,0.021648380905389787,1.0960607710330805e-7,0.9997656345367432,-8.63351501401155e-10,1,-1.0961307594925529e-7,-0.9997656345367432,1.5097963990129415e-9,0.021648380905389787],5,1.5532944202423096],[[752.6337890625,232.56478881835938,46.41263198852539,0.022890912368893625,1.1760887019818256e-7,0.9997379779815674,-1.0316334453364107e-9,1,-1.1761607510152317e-7,-0.9997379779815674,1.6609762454322663e-9,0.022890912368893625],7,1.5693345069885255],[[752.4344482421875,232.77557373046876,46.40625,0.023821482434868814,1.236063695841949e-7,0.9997162222862244,-1.1660296062032672e-9,1,-1.2361367396351853e-7,-0.9997162222862244,1.7789620887498359e-9,0.023821482434868814],7,1.5832183361053467],[[752.2345581054688,232.92539978027345,46.399505615234378,0.024813586845993997,1.295999254580238e-7,0.9996920824050903,-1.3153825806355713e-9,1,-1.2960720141563798e-7,-0.9996920824050903,1.901041990493013e-9,0.024813586845993997],7,1.594757080078125],[[752.1012573242188,232.99607849121095,46.39496612548828,0.02545599453151226,1.3359344563923515e-7,0.9996759295463562,-1.4166289252770526e-9,1,-1.3360067896428519e-7,-0.9996759295463562,1.9847681276274899e-9,0.02545599453151226],8,1.6037895679473878],[[751.9679565429688,233.0489501953125,46.39042663574219,0.026058759540319444,1.375852036744618e-7,0.9996604323387146,-1.5157409771759945e-9,1,-1.3759243699951186e-7,-0.9996604323387146,2.0702619618617747e-9,0.026058759540319444],8,1.6135785579681397],[[751.7680053710938,233.10391235351563,46.38332748413086,0.027003463357686998,9.092541120025999e-8,0.9996353387832642,-1.080511680129348e-9,1,-9.092939023958024e-8,-0.9996353387832642,1.375290770155857e-9,0.027003463357686998],8,1.623236894607544],[[751.6347045898438,233.1289520263672,46.37855529785156,0.02761491760611534,5.98359335413079e-8,0.999618649482727,-7.581412719837033e-10,1,-5.983781647955766e-8,-0.999618649482727,8.94564144982013e-10,0.02761491760611534],8,1.6323187351226807],[[751.5014038085938,233.1474609375,46.373779296875,0.02818857505917549,2.8760078762957165e-8,0.9996026158332825,-4.1018144436577588e-10,1,-2.875994553619421e-8,-0.9996026158332825,4.006834308789564e-10,0.02818857505917549],8,1.6418328285217286],[[751.3014526367188,233.16656494140626,46.366615295410159,0.02898382768034935,-1.7828195808533566e-8,0.999579906463623,1.5394771568644217e-10,1,1.7831224496944743e-8,-0.999579906463623,-3.629341271960129e-10,0.02898382768034935],8,1.652984857559204],[[751.1681518554688,233.1752471923828,46.361839294433597,0.02946905978024006,-4.887007065690341e-8,0.9995657205581665,5.544243397714865e-10,1,4.887495919092544e-8,-0.9995657205581665,-8.861155698092205e-10,0.02946905978024006],8,1.663036823272705],[[750.9682006835938,233.18418884277345,46.35467529296875,0.030134160071611406,-9.540747925029791e-8,0.9995458722114563,1.1858590776014922e-9,1,9.541507495214319e-8,-0.9995458722114563,-1.6899325272490274e-9,0.030134160071611406],8,1.674046516418457],[[750.7682495117188,233.18984985351563,46.347511291503909,0.030733231455087663,-8.775608506539356e-8,0.999527633190155,1.1505021380031622e-9,1,8.776218152206639e-8,-0.999527633190155,-1.5472567671537263e-9,0.030733231455087663],8,1.6859757900238038],[[750.6349487304688,233.1924285888672,46.342735290527347,0.03109556809067726,-8.265792672546013e-8,0.9995164275169373,1.120576520463601e-9,1,8.266305684401232e-8,-0.9995164275169373,-1.4504202283660562e-9,0.03109556809067726],8,1.6962714195251465],[[750.4349975585938,233.195068359375,46.3355712890625,0.03159087896347046,-7.501484589056418e-8,0.9995008707046509,1.0675758055356255e-9,1,7.50185620290722e-8,-0.9995008707046509,-1.302859375940102e-9,0.03159087896347046],8,1.7071566581726075],[[750.2350463867188,233.1967315673828,46.328407287597659,0.03203656151890755,-6.737673885481854e-8,0.9994866847991943,1.0063241351332409e-9,1,6.737908364584655e-8,-0.9994866847991943,-1.1527866439209334e-9,0.03203656151890755],8,1.719416856765747],[[750.0350952148438,233.1977996826172,46.32124328613281,0.032435815781354907,-5.974359851279587e-8,0.9994738101959229,9.378862131370625e-10,1,5.974461458890801e-8,-0.9994738101959229,-1.000472482637349e-9,0.032435815781354907],8,1.735321044921875],[[749.8351440429688,233.198486328125,46.31407928466797,0.032793059945106509,-5.2115417759068808e-8,0.9994621872901917,8.633144754632838e-10,1,5.211513709468818e-8,-0.9994621872901917,-8.461645828461428e-10,0.032793059945106509],8,1.7478296756744385],[[749.6351928710938,233.19891357421876,46.306915283203128,0.033112604171037677,-4.449217883006895e-8,0.9994516372680664,7.835446735882101e-10,1,4.449063339961867e-8,-0.9994516372680664,-6.900856552860546e-10,0.033112604171037677],8,1.7581546306610108],[[749.4352416992188,233.19918823242188,46.29975128173828,0.033398400992155078,-3.687387817308263e-8,0.9994421005249023,6.993902679219843e-10,1,3.687108929284477e-8,-0.9994421005249023,-5.324354290792144e-10,0.033398400992155078],8,1.7687222957611085],[[749.3019409179688,233.19931030273438,46.29497528076172,0.03357095643877983,-3.179775021067144e-8,0.9994363188743591,6.411700059771874e-10,1,3.1794147759001137e-8,-0.9994363188743591,-4.2655126653023958e-10,0.03357095643877983],8,1.7790718078613282],[[749.1019897460938,233.19943237304688,46.287811279296878,0.03380671143531799,-2.4187659874996826e-8,0.999428391456604,5.511776035582727e-10,1,2.418284950067573e-8,-0.999428391456604,-2.6668009467378797e-10,0.03380671143531799],8,1.7932653427124024],[[748.8353881835938,233.1995391845703,46.27825927734375,0.034086961299180987,-1.4048516128184474e-8,0.9994188547134399,4.271255016341513e-10,1,1.4042116802670535e-8,-0.9994188547134399,-5.17758266815882e-11,0.034086961299180987],8,1.8064658641815186],[[748.6354370117188,233.1995849609375,46.271095275878909,0.03427177295088768,-6.449885070480832e-9,0.9994125366210938,3.3154454182060535e-10,1,6.4423071322039508e-9,-0.9994125366210938,1.1056049131763501e-10,0.03427177295088768],8,1.8193788528442383],[[748.4354858398438,233.8586883544922,46.26393127441406,0.034450992941856387,1.1438437974575777e-9,0.9994063973426819,2.3421889427943656e-10,1,-1.1525970178283274e-9,-0.9994063973426819,2.7378799227761876e-10,0.034450992941856387],3,1.8367948532104493],[[748.1688842773438,234.6943359375,46.25437927246094,-0.9918246269226074,1.0402459338365589e-8,0.12760847806930543,1.0205294387333197e-8,1,-2.1988915133164257e-9,-0.12760847806930543,-8.786326666232469e-10,-0.9918246269226074],5,1.8605196475982667],[[747.8356323242188,235.66224670410157,46.24243927001953,-0.9805802702903748,2.311824331968637e-8,0.19611819088459016,2.2410615585499728e-8,1,-5.827286209125759e-9,-0.19611819088459016,-1.31899247080014e-9,-0.9805802702903748],5,1.8801021575927735],[[747.5690307617188,236.37527465820313,46.232887268066409,-0.985791027545929,3.341428822523085e-8,0.1679762899875641,3.2185283771468678e-8,1,-1.0039054920696345e-8,-0.1679762899875641,-4.49004611269288e-9,-0.985791027545929],5,1.8874375820159913],[[747.4357299804688,236.7113494873047,46.228111267089847,-0.9947579503059387,3.823167915584236e-8,0.1022578626871109,3.7151007603597466e-8,1,-1.2472591848222692e-8,-0.1022578626871109,-8.608227020090453e-9,-0.9947579503059387],5,1.9009175300598145],[[747.1691284179688,237.34262084960938,46.21855926513672,-0.9857392311096191,4.933417585561983e-8,0.16827994585037232,4.685648491431493e-8,1,-1.86944273394829e-8,-0.16827994585037232,-1.0542824391279737e-8,-0.9857392311096191],5,1.9106974601745606],[[747.0358276367188,237.6378173828125,46.213783264160159,-0.994755208492279,