[[[776,222.69961547851563,47,1,1.6380242939817437e-8,1.7727684690225025e-14,-1.6380242939817437e-8,1,1.0609353395807375e-8,-1.7553900634502754e-14,-1.0609353395807375e-8,1],8,0.0065042972564697269],[[776,222.69961547851563,47,1,-3.100166123815029e-9,1.776952642375349e-14,3.100166123815029e-9,1,-2.0079393703298366e-9,-1.7763302425657068e-14,2.0079393703298366e-9,1],8,0.02913045883178711],[[776,222.69961547851563,47,1,-2.9054630701352836e-8,1.8206983365626554e-14,2.9054630701352836e-8,1,-1.8818422375943557e-8,-1.7660221904108009e-14,1.8818422375943557e-8,1],8,0.03698897361755371],[[776,222.69961547851563,47,1,-5.498692345895506e-8,1.907965600019424e-14,5.498692345895506e-8,1,-3.561454420264454e-8,-1.7121322602405878e-14,3.561454420264454e-8,1],8,0.05162930488586426],[[776,222.69961547851563,47,1,-8.08970668231268e-8,2.0386458431218176e-14,8.08970668231268e-8,1,-5.2396320171510527e-8,-1.6147749709095363e-14,5.2396320171510527e-8,1],8,0.06918740272521973],[[776,222.69961547851563,47,1,-9.18976184038911e-8,2.1175930407508864e-14,9.18976184038911e-8,1,-5.952128390163125e-8,-1.57060660728155e-14,5.952128390163125e-8,1],8,0.08429908752441406],[[776,222.69961547851563,47,1,-5.824547599786456e-8,1.9794421364602994e-14,5.824547599786456e-8,1,-3.7725090606954839e-8,-1.7597104397010407e-14,3.7725090606954839e-8,1],8,0.10299301147460938],[[776,222.69961547851563,47,1,-2.462208392728371e-8,1.916958887633602e-14,2.462208392728371e-8,1,-1.5947517084669017e-8,-1.8776928118911449e-14,1.5947517084669017e-8,1],8,0.11887288093566895],[[776,222.69961547851563,47,1,8.972587117739295e-9,1.9278995039935174e-14,-8.972587117739295e-9,1,5.8114548728838148e-9,-1.92268516917022e-14,-5.8114548728838148e-9,1],8,0.13570475578308106],[[776,222.69961547851563,47,1,4.253856289437863e-8,2.0118430101652604e-14,-4.253856289437863e-8,1,2.755183992064758e-8,-1.8946416023525246e-14,-2.755183992064758e-8,1],8,0.15224838256835938],[[776,222.69961547851563,47,1,7.607586383073795e-8,2.168576123252712e-14,-7.607586383073795e-8,1,4.9273655378101469e-8,-1.7937225394782688e-14,-4.9273655378101469e-8,1],8,0.16930413246154786],[[776,222.69961547851563,47,1,8.004219154145176e-8,2.2140728039485824e-14,-8.004219154145176e-8,1,5.184261553381475e-8,-1.7991132265611846e-14,-5.184261553381475e-8,1],8,0.18705391883850099],[[776,222.69961547851563,47,1,5.447541795433608e-8,2.1204609249037e-14,-5.447541795433608e-8,1,3.528325365209639e-8,-1.928254071985238e-14,-3.528325365209639e-8,1],8,0.21109843254089356],[[776,222.69961547851563,47,1,2.8930495332701868e-8,2.067833582044664e-14,-2.8930495332701868e-8,1,1.8738036899890177e-8,-2.0136236428269784e-14,-1.8738036899890177e-8,1],8,0.21900081634521485],[[776,222.69961547851563,47,1,-2.9699807058136686e-9,2.0612387529239316e-14,2.9699807058136686e-9,1,-1.923612158449828e-9,-2.0606675139043033e-14,1.923612158449828e-9,1],8,0.23818302154541017],[[776,222.69961547851563,47,1,-2.846583591065155e-8,2.1033256177873349e-14,2.846583591065155e-8,1,-1.843704744430852e-8,-2.0508431175622796e-14,1.843704744430852e-8,1],8,0.25313425064086916],[[776,222.69961547851563,47,1,-4.757343319283791e-8,2.1624585124944627e-14,4.757343319283791e-8,1,-3.0812863371920687e-8,-2.0158709906426335e-14,3.0812863371920687e-8,1],8,0.2684619426727295],[[776,222.69961547851563,47,1,-7.303118110257856e-8,2.2779736471158046e-14,7.303118110257856e-8,1,-4.730161862198656e-8,-1.9325243038855259e-14,4.730161862198656e-8,1],8,0.2871708869934082],[[776,222.69961547851563,47,1,-9.846718995731863e-8,2.4352981586070293e-14,9.846718995731863e-8,1,-6.377629091502968e-8,-1.807310980831301e-14,6.377629091502968e-8,1],8,0.3029942512512207],[[776,222.69961547851563,47,1,-6.543925223922997e-8,2.282734819312321e-14,6.543925223922997e-8,1,-4.238440354242812e-8,-2.005374558360258e-14,4.238440354242812e-8,1],8,0.32004833221435549],[[775.8729858398438,222.69961547851563,47.09996032714844,0.9788630604743958,-5.472480246737632e-9,0.20451688766479493,-3.193167952275644e-9,1,4.20412931134706e-8,-0.20451688766479493,-4.1805723327570379e-8,0.9788630604743958],8,0.3375892639160156],[[775.6611938476563,222.69961547851563,47.25602722167969,0.8910424709320068,3.0009434937028348e-8,0.453919917345047,-8.197118717134799e-8,1,9.479728646510921e-8,-0.453919917345047,-1.2167676288754593e-7,0.8910424709320068],8,0.35922741889953616],[[775.4412841796875,222.69961547851563,47.4066276550293,0.7588130831718445,8.891941405408943e-9,0.6513084769248962,-9.106609155651313e-8,1,9.244497789495654e-8,-0.6513084769248962,-1.2946057381668653e-7,0.7588130831718445],8,0.3700120449066162],[[775.2163696289063,222.69961547851563,47.54983139038086,0.6124763488769531,-2.1007808825856956e-8,0.7904888987541199,-7.940695212482751e-8,1,8.810077645193815e-8,-0.7904888987541199,-1.1672995725575675e-7,0.6124763488769531],8,0.3849804401397705],[[774.9869384765625,222.69961547851563,47.68583679199219,0.4702315330505371,-5.381031442652784e-8,0.8825430870056152,-7.531549783834635e-8,1,1.0110105108651624e-7,-0.8825430870056152,-1.1401007782296802e-7,0.4702315330505371],8,0.4018979072570801],[[774.7536010742188,222.69961547851563,47.814910888671878,0.3410874605178833,-6.896701165715058e-8,0.9400315880775452,-6.740970803775781e-8,1,9.782609566855172e-8,-0.9400315880775452,-9.673451017988555e-8,0.3410874605178833],8,0.4206814765930176],[[774.5174560546875,222.69961547851563,47.938758850097659,0.22792494297027589,-8.930295081199802e-8,0.973678708076477,-6.761299431445878e-8,1,1.0754434498494447e-7,-0.973678708076477,-9.034536674334959e-8,0.22792494297027589],8,0.4360077381134033],[[774.2789306640625,222.69961547851563,48.0579833984375,0.13097546994686128,-8.421429953386905e-8,0.9913855791091919,-5.667494207273194e-8,1,9.243358078947495e-8,-0.9913855791091919,-6.829325371882078e-8,0.13097546994686128],8,0.45215725898742678],[[774.0374755859375,222.69961547851563,48.171165466308597,0.05002908781170845,-1.0507840642048905e-7,0.9987477660179138,-6.151646658736354e-8,1,1.0829162278014337e-7,-0.9987477660179138,-6.685716158472133e-8,0.05002908781170845],8,0.4711036682128906],[[773.7935791015625,222.69961547851563,48.279083251953128,-0.016619212925434114,-8.036988674575696e-8,0.9998618960380554,-4.4687350708727538e-8,1,7.963821246903535e-8,-0.9998618960380554,-4.335765169116712e-8,-0.016619212925434114],8,0.4873473644256592],[[773.5472412109375,222.69961547851563,48.38112258911133,-0.07051236182451248,-6.855680823036892e-8,0.9975109100341797,-3.30240084167599e-8,1,6.639346850079164e-8,-0.9975109100341797,-2.826024925184356e-8,-0.07051236182451248],8,0.5030789375305176],[[773.2980346679688,222.69961547851563,48.47599411010742,-0.11275933682918549,-6.527454132765343e-8,0.9936223030090332,-2.5059859964926546e-8,1,6.28496437116155e-8,-0.9936223030090332,-1.7813151842460685e-8,-0.11275933682918549],8,0.5193696022033691],[[773.0485229492188,223.56251525878907,48.569915771484378,-0.15233919024467469,-6.812937414224507e-8,0.9883282780647278,-2.0425986235750316e-8,1,6.57855281360753e-8,-0.9883282780647278,-1.016586459456903e-8,-0.15233919024467469],3,0.5380992889404297],[[772.7941284179688,224.37091064453126,48.649322509765628,-0.1769127994775772,-7.53829070276879e-8,0.9842265248298645,-1.7500372706535928e-8,1,7.344535646325312e-8,-0.9842265248298645,-4.230908512425913e-9,-0.1769127994775772],5,0.5589375495910645],[[772.53662109375,225.1248016357422,48.71862030029297,-0.19046209752559663,-8.40393994394617e-8,0.9816945195198059,-1.4766523115383734e-8,1,8.274155760545909e-8,-0.9816945195198059,1.2629164380939529e-9,-0.19046209752559663],5,0.5692729949951172],[[772.2772827148438,225.82420349121095,48.780521392822269,-0.19752666354179383,-9.311296622627197e-8,0.9802975058555603,-1.186254738883008e-8,1,9.25941350260473e-8,-0.9802975058555603,6.6609850968291088e-9,-0.19752666354179383],5,0.5857620239257813],[[772.0162353515625,226.46910095214845,48.83515167236328,-0.1996120810508728,-1.0227042679389342e-7,0.9798750281333923,-8.60580939843203e-9,1,1.026177827156971e-7,-0.9798750281333923,1.2051132536328169e-8,-0.1996120810508728],5,0.6018474102020264],[[771.75390625,227.0594940185547,48.882850646972659,-0.1976778507232666,-1.1143163192173233e-7,0.9802670478820801,-4.938808917387405e-9,1,1.126788191641026e-7,-0.9802670478820801,1.7432755683444158e-8,-0.1976778507232666],5,0.6202330589294434],[[771.4900512695313,227.5953826904297,48.921302795410159,-0.19142599403858186,-1.2067282284533577e-7,0.9815070629119873,-7.687859238103556e-10,1,1.2279652139568498e-7,-0.9815070629119873,2.2751878603344268e-8,-0.19142599403858186],5,0.6361484527587891],[[771.2254638671875,228.0767822265625,48.954010009765628,-0.18262413144111634,-1.301604299897008e-7,0.9831827878952026,3.6833203154174045e-9,1,1.3307098356563075e-7,-0.9831827878952026,2.792334896639659e-8,-0.18262413144111634],5,0.6527204513549805],[[770.9603881835938,228.50367736816407,48.9827995300293,-0.17273224890232087,-1.4001125236973167e-7,0.9849688410758972,8.209257273961157e-9,1,1.4358754185650469e-7,-0.9849688410758972,3.288806027512692e-8,-0.17273224890232087],5,0.6698634624481201],[[770.6950073242188,228.87606811523438,49.00905990600586,-0.16269046068191529,-1.5026863309230976e-7,0.9866771697998047,1.2670496651878694e-8,1,1.5438686773450173e-7,-0.9866771697998047,3.761896039122803e-8,-0.16269046068191529],5,0.6871325969696045],[[770.4296264648438,229.1939697265625,49.03418731689453,-0.15325894951820374,-1.6091010479613033e-7,0.9881860613822937,1.6961054782882458e-8,1,1.654643284609847e-7,-0.9881860613822937,4.2119566501241937e-8,-0.15325894951820374],5,0.7031185626983643],[[770.1642456054688,229.45736694335938,49.05916976928711,-0.144926980137825,-1.7186769696309057e-7,0.9894423484802246,2.101928586739632e-8,1,1.7678034680557176e-7,-0.9894423484802246,4.641761108814535e-8,-0.144926980137825],5,0.719179630279541],[[769.8988647460938,229.666259765625,49.08414840698242,-0.1377260535955429,-1.6624329646219849e-7,0.9904703497886658,2.2501668084373706e-8,1,1.7097165994073294e-7,-0.9904703497886658,4.583448642847543e-8,-0.1377260535955429],5,0.7363622188568115],[[769.6334838867188,229.82064819335938,49.109127044677737,-0.131529301404953,-1.1033794322656832e-7,0.9913122653961182,1.6399525293309126e-8,1,1.1348085138251918e-7,-0.9913122653961182,3.11831058752432e-8,-0.131529301404953],5,0.7515859603881836],[[769.3681030273438,229.92054748535157,49.13410568237305,-0.12620171904563905,-5.4571987817553239e-8,0.9920045733451843,9.706561776567924e-9,1,5.624668730774829e-8,-0.9920045733451843,1.672738214608671e-8,-0.12620171904563905],5,0.7698581218719482],[[769.1024780273438,229.9659423828125,49.158695220947269,-0.12146314978599549,1.0801690653039487e-9,0.9925959706306458,2.561789003152626e-9,1,-7.747423258486208e-10,-0.9925959706306458,2.4487187832988867e-9,-0.12146314978599549],5,0.7857186794281006],[[768.8368530273438,229.9568328857422,49.18281936645508,-0.11716016381978989,5.663332913741215e-8,0.9931130409240723,-4.950988063967543e-9,1,-5.7610147763398348e-8,-0.9931130409240723,-1.166650509532019e-8,-0.11716016381978989],5,0.8066234588623047],[[768.5712280273438,229.8932342529297,49.20688247680664,-0.11337973177433014,1.1209947814450061e-7,0.9935517311096191,-1.275642969034152e-8,1,-1.1428272728153388e-7,-0.9935517311096191,-2.5631518241198138e-8,-0.11337973177433014],5,0.8190958499908447],[[768.1727905273438,229.69564819335938,49.242977142333987,-0.10856009274721146,1.2354749401310983e-7,0.9940899014472961,-1.5764211269697627e-8,1,-1.2600354182268348e-7,-0.9940899014472961,-2.934999976389463e-8,-0.10856009274721146],5,0.8460333347320557],[[767.9735717773438,229.5508575439453,49.2607421875,-0.10643292218446732,1.1133881372415999e-7,0.9943198561668396,-1.497315516019171e-8,1,-1.1357758467056556e-7,-0.9943198561668396,-2.6976499256647913e-8,-0.10643292218446732],5,0.8539464473724365],[[767.7079467773438,229.3101348876953,49.28394317626953,-0.10376749932765961,9.50446263914273e-8,0.9946016073226929,-1.3862869963077174e-8,1,-9.70068256833656e-8,-0.9946016073226929,-2.3854187958249896e-8,-0.10376749932765961],5,0.8711731433868408],[[767.508544921875,229.0938262939453,49.29988098144531,-0.10141861438751221,8.281053709424669e-8,0.9948438405990601,-1.3036078883033042e-8,1,-8.456868982875676e-8,-0.9948438405990601,-2.1545702111325228e-8,-0.10141861438751221],5,0.8874709606170654],[[767.242431640625,228.75772094726563,49.317535400390628,-0.09697619080543518,6.64569057562403e-8,0.9952867031097412,-1.200098420639506e-8,1,-6.794094531414885e-8,-0.9952867031097412,-1.8533073742332818e-8,-0.09697619080543518],5,0.9031825065612793],[[766.97607421875,228.3671112060547,49.33027267456055,-0.09071565419435501,5.000118719067359e-8,0.9958768486976624,-1.1038445713040801e-8,1,-5.121371060567981e-8,-0.9958768486976624,-1.5638818240404363e-8,-0.09071565419435501],5,0.9192297458648682],[[766.70947265625,227.92201232910157,49.33709716796875,-0.08235594630241394,3.334822551437355e-8,0.9966029524803162,-1.0142608530827602e-8,1,-3.430004724691571e-8,-0.9966029524803162,-1.2932966697576376e-8,-0.08235594630241394],5,0.936262845993042],[[766.44287109375,227.4224090576172,49.33747482299805,-0.07185069471597672,1.636452751085926e-8,0.9974154233932495,-9.306995174540589e-9,1,-1.7077379510510583e-8,-0.9974154233932495,-1.0509961789750833e-8,-0.07185069471597672],5,0.9529285430908203],[[766.17626953125,226.86830139160157,49.33094024658203,-0.05923684313893318,-1.1133102217897318e-9,0.9982439279556274,-8.536652273960499e-9,1,6.086947057504233e-10,-0.9982439279556274,-8.485604219288234e-9,-0.05923684313893318],5,0.9695906639099121],[[765.8433227539063,226.09902954101563,49.31328201293945,-0.040748339146375659,-2.394012277306956e-8,0.9991694688796997,-7.695081016834138e-9,1,2.3646199664995039e-8,-0.9991694688796997,-6.725146217689826e-9,-0.040748339146375659],5,0.9892444610595703],[[765.57763671875,225.42230224609376,49.29113006591797,-0.02420230768620968,-4.319185364920486e-8,0.9997071027755737,-7.142882285648966e-9,1,4.303158362972681e-8,-0.9997071027755737,-6.099326377295711e-9,-0.02420230768620968],5,1.0056464672088624],[[765.37890625,224.8789825439453,49.2685432434082,-0.010481697507202626,-5.8331504959596717e-8,0.9999450445175171,-6.803520857801004e-9,1,5.826339233294675e-8,-0.9999450445175171,-6.19244788779838e-9,-0.010481697507202626],5,1.0205340385437012],[[765.115478515625,224.10687255859376,49.22743606567383,0.011098361574113369,-7.97551962250509e-8,0.999938428401947,-6.432122390265249e-9,1,7.983150140944417e-8,-0.999938428401947,-7.317725980726664e-9,0.011098361574113369],5,1.036679744720459],[[764.8533325195313,223.2802734375,49.17879867553711,0.03424472361803055,-1.0293339158806703e-7,0.9994134902954102,-6.369763827507313e-9,1,1.0321205934360478e-7,-0.9994134902954102,-9.900497310866286e-9,0.03424472361803055],5,1.053424596786499],[[764.5924072265625,222.68356323242188,49.12369155883789,0.05779273062944412,-1.2796606085885288e-7,0.9983286261558533,-6.696383447746257e-9,1,1.2856796161031526e-7,-0.9983286261558533,-1.4115485669208283e-8,0.05779273062944412],7,1.0698037147521973],[[764.3328857421875,222.718994140625,49.062599182128909,0.08131120353937149,-8.284990826723515e-8,0.9966887831687927,-4.266832220878314e-9,1,8.347324609303542e-8,-0.9966887831687927,-1.1040012459773152e-8,0.08131120353937149],7,1.0856101512908936],[[764.0746459960938,222.81048583984376,48.99601364135742,0.10452332347631455,-3.967595318954409e-8,0.9945224523544312,-4.3414596362367778e-9,1,4.0350762731122816e-8,-0.9945224523544312,-8.535272932874705e-9,0.10452332347631455],8,1.103332281112671],[[763.8178100585938,222.87173461914063,48.924415588378909,0.12720751762390138,1.6363453925194449e-9,0.9918761253356934,-6.80080880499645e-9,1,-7.77548192498756e-10,-0.9918761253356934,-6.646648564867519e-9,0.12720751762390138],8,1.1197478771209717],[[763.5625,222.90689086914063,48.847511291503909,0.14949549734592439,4.1175802323323299e-8,0.988762378692627,-1.1504369901160772e-8,1,-3.9904378468236248e-8,-0.988762378692627,-5.409562131575285e-9,0.14949549734592439],8,1.1352753639221192],[[763.3086547851563,222.9263153076172,48.766029357910159,0.1711650937795639,7.902689702632415e-8,0.9852423667907715,-1.8310709393176695e-8,1,-7.7029511658111e-8,-0.9852423667907715,-4.855721158492088e-9,0.1711650937795639],8,1.151282787322998],[[763.0557861328125,222.9369354248047,48.68125534057617,0.19168363511562348,1.1532685562087863e-7,0.9814567565917969,-2.6989702917035175e-8,1,-1.1223456652942332e-7,-0.9814567565917969,-4.975695855335971e-9,0.19168363511562348],8,1.1702797412872315],[[762.8035278320313,222.94273376464845,48.594886779785159,0.21034453809261323,7.949921609906596e-8,0.9776273369789124,-2.0212890916582184e-8,1,-7.696956316749493e-8,-0.9776273369789124,-3.5705485235126845e-9,0.21034453809261323],8,1.1851260662078858],[[762.48828125,222.94642639160157,48.48667907714844,0.23052047193050385,3.353459732124975e-8,0.9730674624443054,-1.132221960631341e-8,1,-3.1780523102042937e-8,-0.9730674624443054,-3.6912222167728716e-9,0.23052047193050385],8,1.2035305500030518],[[762.2991333007813,222.94761657714845,48.421756744384769,0.24084313213825227,5.4976845298426728e-9,0.970564067363739,-5.776160438841771e-9,1,-4.231081707217754e-9,-0.970564067363739,-4.58710669448692e-9,0.24084313213825227],8,1.2184765338897706],[[762.0469360351563,222.94854736328126,48.3351936340332,0.2527281641960144,-3.223183142608832e-8,0.9675373435020447,1.8412376068255299e-9,1,3.2832325302933899e-8,-0.9675373435020447,-6.516187589511446e-9,0.2527281641960144],8,1.2356915473937989],[[761.7947387695313,222.94906616210938,48.24863052368164,0.26295870542526247,-7.023899684099888e-8,0.9648070931434631,9.662477040706108e-9,1,7.016756597977292e-8,-0.9648070931434631,-9.12874664749097e-9,0.26295870542526247],8,1.2539875507354737],[[761.4794921875,222.9493865966797,48.14042663574219,0.2738259732723236,-1.1799718890870281e-7,0.9617792367935181,1.9662577344092825e-8,1,1.1708826974654585e-7,-0.9617792367935181,-1.3150750710622106e-8,0.2738259732723236],8,1.2711224555969239],[[761.2903442382813,222.94949340820313,48.075233459472659,0.27948081493377688,-9.179451865293231e-8,0.9601512551307678,1.6157926552295977e-8,1,9.09009756355772e-8,-0.9601512551307678,-9.891024888020184e-9,0.27948081493377688],8,1.2845990657806397],[[761.0381469726563,223.81239318847657,47.98823928833008,0.2867695689201355,-5.707048700287487e-8,0.957999587059021,1.1058604698632735e-8,1,5.6262251746375117e-8,-0.957999587059021,-5.54016343912167e-9,0.2867695689201355],3,1.3037590980529786],[[760.7850341796875,224.62078857421876,47.90424728393555,0.2914462983608246,-2.2537566479741146e-8,0.9565871953964233,5.450845552701367e-9,1,2.18996625278578e-8,-0.9565871953964233,-1.1683664036254982e-9,0.2914462983608246],5,1.3255813121795655],[[760.531005859375,225.3746795654297,47.82302474975586,0.293738454580307,1.1903980912109091e-8,0.9558858275413513,-3.9662714779176158e-10,1,-1.2331468290938119e-8,-0.9558858275413513,3.2430962360052719e-9,0.293738454580307],5,1.3349659442901612],[[760.2762451171875,226.07408142089845,47.74409103393555,0.29439637064933779,4.6298413991507917e-8,0.9556834101676941,-6.292057541656959e-9,1,-4.650708973485962e-8,-0.9556834101676941,7.678303326486003e-9,0.29439637064933779],5,1.352193832397461],[[760.0211181640625,226.71897888183595,47.666629791259769,0.2940692901611328,8.066200507528265e-8,0.9557840824127197,-1.2143440919487603e-8,1,-8.065732970408135e-8,-0.9557840824127197,1.2112336911229704e-8,0.2940692901611328],5,1.3707592487335206],[[759.82958984375,227.16688537597657,47.609222412109378,0.2934457063674927,1.0641731051919123e-7,0.9559757113456726,-1.6481681797131388e-8,1,-1.0625879554027051e-7,-0.9559757113456726,1.54250994199856e-8,0.2934457063674927],5,1.3848352432250977],[[759.5101318359375,227.8452606201172,47.513755798339847,0.2922770380973816,1.4931086411706929e-7,0.9563336968421936,-2.3643423219255056e-8,1,-1.4890244415255439e-7,-0.9563336968421936,2.0909766362819938e-8,0.2922770380973816],5,1.4022510051727296],[[759.2545166015625,228.32666015625,47.43738555908203,0.2914450168609619,1.317713724802161e-7,0.956587553024292,-2.1007990014254575e-8,1,-1.3135095855432156e-7,-0.956587553024292,1.8185600580977736e-8,0.2914450168609619],5,1.4186906814575196],[[758.9989013671875,228.75355529785157,47.36101531982422,0.2907316982746124,9.69732596445283e-8,0.956804633140564,-1.5642539707982907e-8,1,-9.659806465833754e-8,-0.956804633140564,1.3117265496020991e-8,0.2907316982746124],5,1.4349637031555176],[[758.7432861328125,229.12594604492188,47.284645080566409,0.29011914134025576,6.219886472536018e-8,0.9569905400276184,-1.0323513599530543e-8,1,-6.186457568446713e-8,-0.9569905400276184,8.06859290491957e-9,0.29011914134025576],5,1.4520914554595948],[[758.4876708984375,229.44384765625,47.208274841308597,0.2895929217338562,2.7449193140682838e-8,0.9571499228477478,-5.0416808505815428e-9,1,-2.7152651682627039e-8,-0.9571499228477478,3.037571305597453e-9,0.2895929217338562],5,1.4688405990600587],[[758.2959594726563,229.64649963378907,47.150997161865237,0.2892499566078186,1.4036650730631096e-9,0.9572535753250122,-1.1001979327573964e-9,1,-1.133903082539689e-9,-0.9572535753250122,-7.251869105218134e-10,0.2892499566078186],5,1.4842045307159424],[[757.9764404296875,229.9161376953125,47.05553436279297,0.2887531816959381,-4.1972807451884367e-8,0.9574036002159119,5.4385393966072119e-9,1,4.2199982175361586e-8,-0.9574036002159119,-6.9785022205337558e-9,0.2887531816959381],5,1.5025255680084229],[[757.7208251953125,230.07052612304688,46.979164123535159,0.2884162664413452,-7.6643999591397e-8,0.9575051069259644,1.0647558390530776e-8,1,7.683830460791796e-8,-0.9575051069259644,-1.1966324819923102e-8,0.2884162664413452],5,1.519681453704834],[[757.4652099609375,230.17042541503907,46.902793884277347,0.2881295680999756,-1.1128803123483522e-7,0.9575914144515991,1.5841525424775683e-8,1,1.1145005629487059e-7,-0.9575914144515991,-1.6942347969006734e-8,0.2881295680999756],5,1.5351214408874512],[[757.2095947265625,230.2158203125,46.82642364501953,0.2878837585449219,-1.4590453645269009e-7,0.9576653838157654,2.1023359053629066e-8,1,1.460345799841889e-7,-0.9576653838157654,-2.1907641922780387e-8,0.2878837585449219],5,1.5518825054168702],[[756.9539794921875,230.2067108154297,46.75005340576172,0.2876726984977722,-1.4495614664156165e-7,0.9577288031578064,2.101419127598092e-8,1,1.4504203704746033e-7,-0.9577288031578064,-2.15987387974792e-8,0.2876726984977722],5,1.5735580921173096],[[756.6983642578125,230.1431121826172,46.673683166503909,0.28749141097068789,-1.0848610543234827e-7,0.9577832221984863,1.583498310253617e-8,1,1.0851483267515505e-7,-0.9577832221984863,-1.6030602623118285e-8,0.28749141097068789],5,1.5851221084594727],[[756.4427490234375,230.02500915527345,46.597312927246097,0.28733569383621218,-7.204607044286604e-8,0.9578299522399902,1.0671204364598453e-8,1,7.201680318758008e-8,-0.9578299522399902,-1.0471799427591577e-8,0.28733569383621218],5,1.6015222072601319],[[756.1871337890625,229.85240173339845,46.52094268798828,0.28720197081565859,-3.5636173123521078e-8,0.9578700661659241,5.520462309505092e-9,1,3.554833583052641e-8,-0.9578700661659241,-4.921667073887193e-9,0.28720197081565859],5,1.6172857284545899],[[755.9315185546875,229.62530517578126,46.44457244873047,0.2870871126651764,7.434712290255163e-10,0.9579044580459595,3.80813408584757e-10,1,-8.902744097483151e-10,-0.9579044580459595,6.203691449435667e-10,0.2870871126651764],5,1.6352391242980958],[[755.6759033203125,229.3437042236328,46.368202209472659,0.2869884669780731,3.7092775073688247e-8,0.9579340219497681,-4.749308502027816e-9,1,-3.729878628178085e-8,-0.9579340219497681,6.154796672319662e-9,0.2869884669780731],5,1.6529037952423096],[[755.4202880859375,229.00759887695313,46.292213439941409,0.2867497503757477,7.341208885236483e-8,0.9580055475234985,-9.861195415794555e-9,1,-7.367848553485601e-8,-0.9580055475234985,1.1680208800157743e-8,0.2867497503757477],5,1.6754701137542725],[[755.164306640625,228.6169891357422,46.217430114746097,0.28601405024528506,1.0970295960532894e-7,0.958225429058075,-1.490692369543467e-8,1,-1.1003608335613535e-7,-0.958225429058075,1.7187671730312105e-8,0.28601405024528506],5,1.6846709251403809],[[754.9072875976563,228.17189025878907,46.14628601074219,0.2837778925895691,1.4596567154967489e-7,0.9588900208473206,-1.970816754237603e-8,1,-1.4639105927471975e-7,-0.9588900208473206,2.2644577768460296e-8,0.2837778925895691],5,1.7014081478118897],[[754.6488037109375,227.6722869873047,46.08072280883789,0.2791956961154938,1.3048101266122104e-7,0.9602342247962952,-1.7121850603984968e-8,1,-1.3090625827771874e-7,-0.9602342247962952,2.0107474796304815e-8,0.2791956961154938],5,1.7192165851593018],[[754.388671875,227.11817932128907,46.02220153808594,0.271777868270874,9.763851949173841e-8,0.9623600244522095,-1.2150992212411893e-8,1,-9.802583633700124e-8,-0.9623600244522095,1.494762358333901e-8,0.271777868270874],5,1.7352063655853272],[[754.1270141601563,226.5095672607422,45.97096252441406,0.26164212822914126,6.45283577682676e-8,0.9651649594306946,-7.472266361219227e-9,1,-6.483171688387302e-8,-0.9651649594306946,9.750738882985388e-9,0.26164212822914126],5,1.7511529922485352],[[753.8641967773438,225.84646606445313,45.92588806152344,0.24957212805747987,3.099373202530842e-8,0.968356192111969,-3.4423663919369575e-9,1,-3.111934532284977e-8,-0.968356192111969,4.433085010191462e-9,0.24957212805747987],5,1.7682414054870606],[[753.6004638671875,225.1288604736328,45.88640213012695,0.23617853224277497,-3.0927567173932859e-9,0.971709668636322,-3.1196104033348606e-10,1,3.2586227050046547e-9,-0.971709668636322,-1.0727519983433354e-9,0.23617853224277497],5,1.785276174545288],[[753.3358764648438,224.4569549560547,45.85323715209961,0.2214219570159912,-3.784829516462196e-8,0.9751781225204468,1.7256932549614135e-9,1,3.841984153041267e-8,-0.9751781225204468,-6.824138143457503e-9,0.2214219570159912],7,1.8021841049194337],[[753.070556640625,224.4412841796875,45.82695007324219,0.20519816875457765,-7.341410679373439e-8,0.9787204265594482,2.450606828574564e-9,1,7.449649785939983e-8,-0.9787204265594482,-1.2888085265672089e-8,0.20519816875457765],7,1.8191423416137696],[[752.8045043945313,224.5390167236328,45.80881118774414,0.18713240325450898,-1.0997050736705205e-7,0.9823346734046936,1.572511787450992e-9,1,1.1164854640810518e-7,-0.9823346734046936,-1.9348327384705045e-8,0.18713240325450898],8,1.835606336593628],[[752.5379638671875,224.60902404785157,45.804203033447269,0.16517625749111176,-7.886636410603387e-8,0.9862640500068665,-1.5104798523069008e-9,1,8.021773112432129e-8,-0.9862640500068665,-1.4739797826734958e-8,0.16517625749111176],8,1.8514165878295899],[[752.2713623046875,224.64981079101563,45.81083679199219,0.14015288650989533,-4.950756604671369e-8,0.9901298880577087,-5.125045721143806e-9,1,5.072653408433325e-8,-0.9901298880577087,-1.2183932973641732e-8,0.14015288650989533],8,1.868278980255127],[[752.0054321289063,224.6724395751953,45.82976531982422,0.11223787069320679,-2.2400378441034264e-8,0.9936813712120056,-9.429872882549262e-9,1,2.3607936938674358e-8,-0.9936813712120056,-1.2019994777290322e-8,0.11223787069320679],8,1.8859734535217286],[[751.7407836914063,224.684814453125,45.86199188232422,0.0812821090221405,1.8487550379475693e-9,0.996691107749939,-1.4692274952210483e-8,1,-6.567093535636559e-10,-0.996691107749939,-1.4590283647919478e-8,0.0812821090221405],8,1.9017553329467774],[[751.4780883789063,224.6915740966797,45.9079704284668,0.04736713692545891,2.2536536192774294e-8,0.9988775253295898,-2.1260476046336408e-8,1,-2.1553683282604653e-8,-0.9988775253295898,-2.02156780204632e-8,0.04736713692545891],8,1.9183261394500733],[[751.2183227539063,224.69525146484376,45.9680290222168,0.010658817365765572,3.889544331059369e-8,0.999943196773529,-2.9564480641397496e-8,1,-3.8582513184337589e-8,-0.999943196773529,-2.915155938865155e-8,0.010658817365765572],8,1.9352083206176758],[[750.9617309570313,224.66407775878907,46.040523529052737,-0.027860648930072786,5.020374871378408e-8,0.9996117949485779,-4.009453746789404e-8,1,-5.1340741435979e-8,-0.9996117949485779,-4.1509363057912199e-8,-0.027860648930072786],8,1.9524478912353516],[[750.7084350585938,224.59877014160157,46.12391662597656,-0.06712690740823746,5.597598118356473e-8,0.9977444410324097,-5.3279922695992357e-8,1,-5.968713168158502e-8,-0.9977444410324097,-5.716636053421098e-8,-0.06712690740823746],8,1.9690845012664796],[[750.4584350585938,224.59779357910157,46.216739654541019,-0.10622652620077133,5.5985079683296138e-8,0.9943419694900513,-6.944034680600453e-8,1,-6.372203387172704e-8,-0.9943419694900513,-7.58164162562025e-8,-0.10622652620077133],8,1.9857604503631592],[[750.21142578125,224.6064453125,46.31719970703125,-0.14421766996383668,5.027151317449352e-8,0.989546000957489,-8.876302359794863e-8,1,-6.373904426482113e-8,-0.989546000957489,-9.70273887901385e-8,-0.14421766996383668],8,2.0032989978790285],[[749.967041015625,224.5742950439453,46.42387008666992,-0.1803932934999466,3.913221036100367e-8,0.983594536781311,-1.1126752497148118e-7,1,-6.019159570769261e-8,-0.983594536781311,-1.2030029949983146e-7,-0.1803932934999466],8,2.019378185272217],[[749.722900390625,225.43719482421876,46.53132629394531,-0.2159302830696106,2.2835202173610015e-8,0.9764087796211243,-1.3684862665286347e-7,1,-5.3650655473802547e-8,-0.9764087796211243,-1.4520500712933427e-7,-0.2159302830696106],3,2.0385072231292726],[[749.4827270507813,226.24559020996095,46.64717102050781,-0.2481195330619812,1.743804656229031e-9,0.9687294363975525,-1.655528620858604e-7,1,-4.420295951490516e-8,-0.9687294363975525,-1.7134354379777506e-7,-0.2481195330619812],5,2.056919574737549],[[749.2435913085938,226.99948120117188,46.765140533447269,-0.2762206792831421,-1.3981248159211646e-8,0.9610942602157593,-1.2651047143208417e-7,1,-2.1812175177160499e-8,-0.9610942602157593,-1.2761344692080457e-7,-0.2762206792831421],5,2.0690696239471437],[[749.0045776367188,227.69888305664063,46.883262634277347,-0.3003663718700409,-3.237527934629725e-8,0.9538239240646362,-9.003930756534828e-8,1,5.588556728497451e-9,-0.9538239240646362,-8.42030303260799e-8,-0.3003663718700409],5,2.0855069160461427],[[748.7655639648438,228.34378051757813,47.001380920410159,-0.3209855258464813,-5.270999992035286e-8,0.9470841288566589,-5.563482829984423e-8,1,3.679929250210989e-8,-0.9470841288566589,-4.0878820328771329e-8,-0.3209855258464813],5,2.102069139480591],[[748.5265502929688,228.93417358398438,47.119503021240237,-0.3385806381702423,-7.443378535754164e-8,0.9409373998641968,-2.285467282092668e-8,1,7.088212328199006e-8,-0.9409373998641968,2.4944986076747e-9,-0.3385806381702423],5,2.118560552597046],[[748.2875366210938,229.47006225585938,47.23762130737305,-0.35360056161880495,-9.714059956422716e-8,0.9353964924812317,8.668579631887497e-9,1,1.0712656717259961e-7,-0.9353964924812317,4.5988574726152368e-8,-0.35360056161880495],5,2.1352474689483644],[[748.0485229492188,229.9514617919922,47.35573959350586,-0.36642932891845705,-1.205344233312644e-7,0.9304459095001221,3.923394942262348e-8,1,1.4499595124561893e-7,-0.9304459095001221,8.963583297827427e-8,-0.36642932891845705],5,2.1511404514312746],[[747.8095092773438,230.37835693359376,47.47385787963867,-0.3773929476737976,-9.282792490239444e-8,0.9260532259941101,4.262072295091457e-8,1,1.1760953100292682e-7,-0.9260532259941101,8.385406147226604e-8,-0.3773929476737976],5,2.1680548191070558],[[747.5704956054688,230.75074768066407,47.59197998046875,-0.38676774501800539,-6.571359278950695e-8,0.9221771359443665,4.6325691727133747e-8,1,9.068851625215757e-8,-0.9221771359443665,7.779588884204714e-8,-0.38676774501800539],5,2.1844921112060549],[[747.3314819335938,231.0686492919922,47.71009826660156,-0.39478814601898196,-3.9052526545901858e-8,0.9187721610069275,5.029095007103024e-8,1,6.411469399836278e-8,-0.9187721610069275,7.151764691570861e-8,-0.39478814601898196],5,2.2023465633392336],[[747.1522216796875,231.27130126953126,47.79868698120117,-0.3999984562397003,-1.9290473218802618e-8,0.9165158271789551,5.34070281332788e-8,1,4.4356248452004368e-8,-0.9165158271789551,6.669081642485253e-8,-0.3999984562397003],5,2.2168660163879396],[[746.8534545898438,231.5409393310547,47.94633483886719,-0.40752217173576357,1.3305711199507187e-8,0.9131953120231628,5.881263476226195e-8,1,1.1675205691119573e-8,-0.9131953120231628,5.846532857844977e-8,-0.40752217173576357],5,2.236506938934326],[[746.6151123046875,231.69532775878907,48.06587600708008,-0.413193941116333,3.911817358925873e-8,0.9106430411338806,6.3281760276368e-8,1,-1.424326967480738e-8,-0.9106430411338806,5.174186412659765e-8,-0.413193941116333],5,2.2582919597625734],[[746.3770751953125,231.79522705078126,48.186012268066409,-0.41841772198677065,6.471670843666289e-8,0.9082546830177307,6.78613005788975e-8,1,-3.999135245180696e-8,-0.9082546830177307,4.490225791187186e-8,-0.41841772198677065],5,2.26916241645813],[[746.139404296875,231.8406219482422,48.306922912597659,-0.42328548431396487,9.012617852022231e-8,0.9059963822364807,7.2539513951142e-8,1,-6.558663301348133e-8,-0.9059963822364807,3.7958667320481257e-8,-0.42328548431396487],5,2.285926342010498],[[745.90185546875,231.83151245117188,48.427955627441409,-0.4276023209095001,1.1536951660673367e-7,0.9039669632911682,7.728516493443749e-8,1,-9.106771159395066e-8,-0.9039669632911682,3.092247169433904e-8,-0.4276023209095001],5,2.30082106590271],[[745.6647338867188,231.76791381835938,48.550048828125,-0.43176111578941347,1.4046743501694437e-7,0.9019879698753357,8.211932822632662e-8,1,-1.1642228514574527e-7,-0.9019879698753357,2.380403252288943e-8,-0.43176111578941347],5,2.3184242248535158],[[745.4279174804688,231.64981079101563,48.672672271728519,-0.43566757440567019,1.6542719549761387e-7,0.9001076221466065,8.701998410742817e-8,1,-1.4166684536576214e-7,-0.9001076221466065,1.6607703656745799e-8,-0.43566757440567019],5,2.335177421569824],[[745.1911010742188,231.47720336914063,48.795352935791019,-0.439113050699234,1.3782299390641129e-7,0.8984318375587463,6.752754444505627e-8,1,-1.203995338983077e-7,-0.8984318375587463,7.79989406396453e-9,-0.439113050699234],5,2.3527393341064455],[[744.9547119140625,231.25010681152345,48.91874694824219,-0.4423713982105255,9.273697543221715e-8,0.8968319296836853,3.972727213863436e-8,1,-8.380919780393015e-8,-0.8968319296836853,-1.4461070119153874e-9,-0.4423713982105255],5,2.367952346801758],[[744.7183837890625,230.968505859375,49.042259216308597,-0.4452960789203644,4.7670386749132379e-8,0.895383358001709,1.1735174609839305e-8,1,-4.7404004277495918e-8,-0.895383358001709,-1.0601337585569582e-8,-0.4452960789203644],5,2.385132312774658],[[744.4820556640625,230.6324005126953,49.16577911376953,-0.4478258192539215,2.6308841771793824e-9,0.8941208124160767,-1.6414187342661536e-8,1,-1.1163571400629735e-8,-0.8941208124160767,-1.9675603368796147e-8,-0.4478258192539215],5,2.402142286300659],[[744.2457275390625,230.24179077148438,49.28929901123047,-0.44999930262565615,-4.237535478068821e-8,0.8930289149284363,-4.467985093015159e-8,1,2.493698936234523e-8,-0.8930289149284363,-2.8678769581347298e-8,-0.44999930262565615],5,2.4177405834198],[[744.0093994140625,229.79669189453126,49.412818908691409,-0.4518646001815796,-8.734409817634514e-8,0.8920865654945374,-7.302767812689126e-8,1,6.09195183187694e-8,-0.8920865654945374,-3.7619635406827e-8,-0.4518646001815796],5,2.435377836227417],[[743.7726440429688,229.29708862304688,49.53562927246094,-0.4531784951686859,-1.3227200668097795e-7,0.8914197683334351,-1.0140200856767479e-7,1,9.683293455964304e-8,-0.8914197683334351,-4.6509150308793326e-8,-0.4531784951686859],5,2.451709032058716],[[743.5347900390625,228.74298095703126,49.65619659423828,-0.45331910252571108,-1.2576896324389964e-7,0.8913483023643494,-9.259198208155795e-8,1,9.400955036653613e-8,-0.8913483023643494,-3.991537411707213e-8,-0.45331910252571108],5,2.4692864418029787],[[743.2946166992188,228.13436889648438,49.77212142944336,-0.45131534337997439,-1.0215427437287872e-7,0.8923645615577698,-7.123847467482847e-8,1,7.844693072911468e-8,-0.8923645615577698,-2.816638833280649e-8,-0.45131534337997439],5,2.4841132164001467],[[743.0511474609375,227.4712677001953,49.880821228027347,-0.4461703300476074,-7.862136186531643e-8,0.8949480652809143,-4.974517509026555e-8,1,6.305007360651871e-8,-0.8949480652809143,-1.6388275625445204e-8,-0.4461703300476074],5,2.5015861988067629],[[742.8038940429688,226.84066772460938,49.980716705322269,-0.43741172552108767,-5.534429448061928e-8,0.8992613554000855,-2.830287648691865e-8,1,4.777730566729588e-8,-0.8992613554000855,-4.553328825096514e-9,-0.43741172552108767],7,2.5192904472351076],[[742.5529174804688,226.78460693359376,50.07073211669922,-0.4249393939971924,-3.2637679225899777e-8,0.9052218198776245,-7.214401520627689e-9,1,3.266822901082378e-8,-0.9052218198776245,7.35138439011962e-9,-0.4249393939971924],7,2.5355052947998049],[[742.2985229492188,226.8430633544922,50.150596618652347,-0.4090306758880615,-1.0929762872535776e-8,0.9125206470489502,1.315212827535106e-8,1,1.7872896052040234e-8,-0.9125206470489502,1.9312151877670659e-8,-0.4090306758880615],8,2.5515730381011965],[[742.041015625,226.88897705078126,50.21979522705078,-0.3899109959602356,9.285819224658099e-9,0.920852541923523,3.242449153617599e-8,1,3.6453675633651984e-9,-0.920852541923523,3.127954428805424e-8,-0.3899109959602356],8,2.5686745643615724],[[741.7808227539063,226.9162139892578,50.278141021728519,-0.36787402629852297,2.7477064179493028e-8,0.9298756122589111,5.0243095017776798e-8,1,-9.672192824439208e-9,-0.9298756122589111,4.3161680451930809e-8,-0.36787402629852297],8,2.585078477859497],[[741.518310546875,226.931396484375,50.32475662231445,-0.34293031692504885,4.308570211719598e-8,0.9393608570098877,6.626805060250263e-8,1,-2.1674715355857189e-8,-0.9393608570098877,5.481669163032166e-8,-0.34293031692504885],8,2.6018710136413576],[[741.25390625,226.939697265625,50.359004974365237,-0.3151106834411621,5.550285564481783e-8,0.9490548968315125,8.016493779905432e-8,1,-3.186541519539787e-8,-0.9490548968315125,6.603979585406705e-8,-0.3151106834411621],8,2.6192173957824709],[[740.98779296875,226.94422912597657,50.37440872192383,-0.28217577934265139,6.38183834666961e-8,0.9593627452850342,9.13897366672245e-8,1,-3.964133199474418e-8,-0.9593627452850342,7.649008892940401e-8,-0.28217577934265139],8,2.6341114044189455],[[740.72119140625,226.9467010498047,50.38094711303711,-0.24793921411037446,6.712222244686927e-8,0.9687755703926086,9.968815817273935e-8,1,-4.3772388380602936e-8,-0.9687755703926086,8.572256149363966e-8,-0.24793921411037446],8,2.651038646697998],[[740.454833984375,226.9480438232422,50.37092590332031,-0.21055345237255097,6.504574656673867e-8,0.9775823354721069,1.0492828295127765e-7,1,-4.3937713911645918e-8,-0.9775823354721069,9.332480033208413e-8,-0.21055345237255097],8,2.669187307357788],[[740.1890869140625,226.9487762451172,50.34954833984375,-0.17169605195522309,5.692027116310783e-8,0.9851499795913696,1.0702093078407415e-7,1,-3.912622759116857e-8,-0.9851499795913696,9.871384776261039e-8,-0.17169605195522309],8,2.6846742630004885],[[739.9242553710938,226.9491729736328,50.3183479309082,-0.13269945979118348,4.2714891179684858e-8,0.9911563396453857,1.0622940038729212e-7,1,-2.8873655466554739e-8,-0.9911563396453857,1.0145841855546678e-7,-0.13269945979118348],8,2.701486587524414],[[739.6605224609375,226.9493865966797,50.279022216796878,-0.09448087215423584,2.269980114988357e-8,0.9955266714096069,1.0293781826931081e-7,1,-1.3032444456939629e-8,-0.9955266714096069,1.0124602312089337e-7,-0.09448087215423584],8,2.71840763092041],[[739.3978881835938,226.94952392578126,50.23305892944336,-0.057776063680648807,-2.622307482269548e-9,0.9983295798301697,9.759728669678225e-8,1,8.274917639994328e-9,-0.9983295798301697,9.791234845124564e-8,-0.057776063680648807],8,2.7364022731781008],[[739.1361694335938,226.91555786132813,50.181846618652347,-0.023165568709373475,-3.261121506170639e-8,0.9997316598892212,9.065851003242642e-8,1,3.472068854648569e-8,-0.9997316598892212,9.143850121517971e-8,-0.023165568709373475],8,2.7521290779113