[[[776,222.69961547851563,47,1,2.5215145527113237e-8,-3.407466840697586e-14,-2.5215145527113237e-8,1,-2.7315596895505224e-8,3.338589848371834e-14,2.7315596895505224e-8,1],8,0.00844883918762207],[[776,222.69961547851563,47,1,2.5215145527113237e-8,-3.407466840697586e-14,-2.5215145527113237e-8,1,-2.7315596895505224e-8,3.338589848371834e-14,2.7315596895505224e-8,1],8,0.008581876754760743],[[776,222.69961547851563,47,1,4.376437345854356e-8,-3.495811021843494e-14,-4.376437345854356e-8,1,-4.740996573104894e-8,3.2883245415895118e-14,4.740996573104894e-8,1],8,0.02093505859375],[[776,222.69961547851563,47,1,4.376437345854356e-8,-3.495811021843494e-14,-4.376437345854356e-8,1,-4.740996573104894e-8,3.2883245415895118e-14,4.740996573104894e-8,1],8,0.02106761932373047],[[776,222.69961547851563,47,1,5.612392328657734e-8,-3.5753613069310078e-14,-5.612392328657734e-8,1,-6.079905290334864e-8,3.234133067690076e-14,6.079905290334864e-8,1],8,0.031688690185546878],[[776,222.69961547851563,47,1,5.612392328657734e-8,-3.5753613069310078e-14,-5.612392328657734e-8,1,-6.079905290334864e-8,3.234133067690076e-14,6.079905290334864e-8,1],8,0.031807661056518558],[[776,222.69961547851563,47,1,7.465334306289151e-8,-3.7256144485653747e-14,-7.465334306289151e-8,1,-8.087197045369976e-8,3.121878162882716e-14,8.087197045369976e-8,1],8,0.042489051818847659],[[776,222.69961547851563,47,1,7.465334306289151e-8,-3.7256144485653747e-14,-7.465334306289151e-8,1,-8.087197045369976e-8,3.121878162882716e-14,8.087197045369976e-8,1],8,0.04263758659362793],[[775.8997192382813,222.69961547851563,46.987613677978519,0.9958969950675964,6.819520592671324e-8,0.09049393236637116,-6.120828999200967e-8,1,-7.99838488774185e-8,-0.09049393236637116,7.411669855628134e-8,0.9958969950675964],8,0.06161332130432129],[[775.8997192382813,222.69961547851563,46.987613677978519,0.9958969950675964,6.819520592671324e-8,0.09049393236637116,-6.120828999200967e-8,1,-7.99838488774185e-8,-0.09049393236637116,7.411669855628134e-8,0.9958969950675964],8,0.06174635887145996],[[775.5784301757813,222.69961547851563,46.94791793823242,0.9528895020484924,3.2717146325467186e-8,0.3033176362514496,-1.8565863513231308e-8,1,-4.9538595447984338e-8,-0.3033176362514496,4.157345045996408e-8,0.9528895020484924],8,0.08598136901855469],[[775.5784301757813,222.69961547851563,46.94791793823242,0.9528895020484924,3.2717146325467186e-8,0.3033176362514496,-1.8565863513231308e-8,1,-4.9538595447984338e-8,-0.3033176362514496,4.157345045996408e-8,0.9528895020484924],8,0.08606839179992676],[[775.3138427734375,222.69961547851563,46.91522979736328,0.8922581076622009,1.29935687209759e-10,0.4515256881713867,7.714113792189892e-9,1,-1.5531599117935003e-8,-0.4515256881713867,1.734131593877919e-8,0.8922581076622009],8,0.09316420555114746],[[775.3138427734375,222.69961547851563,46.91522979736328,0.8922581076622009,1.29935687209759e-10,0.4515256881713867,7.714113792189892e-9,1,-1.5531599117935003e-8,-0.4515256881713867,1.734131593877919e-8,0.8922581076622009],8,0.09325933456420899],[[775.1153564453125,222.69961547851563,46.89070510864258,0.8401505351066589,-2.6505622585659695e-8,0.5423532724380493,2.2547579803244845e-8,1,1.3943423304851877e-8,-0.5423532724380493,5.141782555284635e-10,0.8401505351066589],8,0.10679268836975098],[[775.1153564453125,222.69961547851563,46.89070510864258,0.8401505351066589,-2.6505622585659695e-8,0.5423532724380493,2.2547579803244845e-8,1,1.3943423304851877e-8,-0.5423532724380493,5.141782555284635e-10,0.8401505351066589],8,0.10686826705932617],[[774.9168701171875,222.69961547851563,46.866180419921878,0.7863421440124512,-5.4746767119695508e-8,0.6177912950515747,3.374103130227013e-8,1,4.567039724179267e-8,-0.6177912950515747,-1.5067643133193088e-8,0.7863421440124512],8,0.11714768409729004],[[774.9168701171875,222.69961547851563,46.866180419921878,0.7863421440124512,-5.4746767119695508e-8,0.6177912950515747,3.374103130227013e-8,1,4.567039724179267e-8,-0.6177912950515747,-1.5067643133193088e-8,0.7863421440124512],8,0.1172645092010498],[[774.7183837890625,222.69961547851563,46.84165573120117,0.7326465249061585,-8.436553855517559e-8,0.6806093454360962,4.1817617812967e-8,1,7.89410350421349e-8,-0.6806093454360962,-2.9374414012295348e-8,0.7326465249061585],8,0.13180756568908692],[[774.7183837890625,222.69961547851563,46.84165573120117,0.7326465249061585,-8.436553855517559e-8,0.6806093454360962,4.1817617812967e-8,1,7.89410350421349e-8,-0.6806093454360962,-2.9374414012295348e-8,0.7326465249061585],8,0.1319270133972168],[[774.5198974609375,222.69961547851563,46.81713104248047,0.6804144382476807,-9.80280887574736e-8,0.7328274846076965,4.024574096206379e-8,1,9.639963138852181e-8,-0.7328274846076965,-3.6098512623539139e-8,0.6804144382476807],8,0.15224981307983399],[[774.5198974609375,222.69961547851563,46.81713104248047,0.6804144382476807,-9.80280887574736e-8,0.7328274846076965,4.024574096206379e-8,1,9.639963138852181e-8,-0.7328274846076965,-3.6098512623539139e-8,0.6804144382476807],8,0.15235042572021485],[[774.1890869140625,222.69961547851563,46.7762565612793,0.5972105860710144,-6.337267421940851e-8,0.8020845055580139,1.633029711456402e-8,1,6.685087328150985e-8,-0.8020845055580139,-2.6825770049754284e-8,0.5972105860710144],8,0.16080522537231446],[[774.1890869140625,222.69961547851563,46.7762565612793,0.5972105860710144,-6.337267421940851e-8,0.8020845055580139,1.633029711456402e-8,1,6.685087328150985e-8,-0.8020845055580139,-2.6825770049754284e-8,0.5972105860710144],8,0.16088128089904786],[[774.0567626953125,222.69961547851563,46.75990676879883,0.5663213133811951,-4.913290396757475e-8,0.8241845369338989,8.294614772808018e-9,1,5.391448709701763e-8,-0.8241845369338989,-2.369663221202245e-8,0.5663213133811951],8,0.17183256149291993],[[774.0567626953125,222.69961547851563,46.75990676879883,0.5663213133811951,-4.913290396757475e-8,0.8241845369338989,8.294614772808018e-9,1,5.391448709701763e-8,-0.8241845369338989,-2.369663221202245e-8,0.5663213133811951],8,0.17200517654418946],[[773.8582763671875,222.69961547851563,46.735382080078128,0.5237718820571899,-2.7452930595472936e-8,0.8518585562705994,-2.291891787464806e-9,1,3.3636286644878058e-8,-0.8518585562705994,-1.9570107312461006e-8,0.5237718820571899],8,0.1838383674621582],[[773.8582763671875,222.69961547851563,46.735382080078128,0.5237718820571899,-2.7452930595472936e-8,0.8518585562705994,-2.291891787464806e-9,1,3.3636286644878058e-8,-0.8518585562705994,-1.9570107312461006e-8,0.5237718820571899],8,0.18393301963806153],[[773.7259521484375,222.69961547851563,46.719032287597659,0.49748772382736208,-1.2816262717763039e-8,0.8674710392951965,-8.523104000346393e-9,1,1.9662214967297588e-8,-0.8674710392951965,-1.7175256772361537e-8,0.49748772382736208],8,0.193983793258667],[[773.7259521484375,222.69961547851563,46.719032287597659,0.49748772382736208,-1.2816262717763039e-8,0.8674710392951965,-8.523104000346393e-9,1,1.9662214967297588e-8,-0.8674710392951965,-1.7175256772361537e-8,0.49748772382736208],8,0.19411897659301759],[[773.4613037109375,222.69961547851563,46.68633270263672,0.44887471199035647,1.6818301418197735e-8,0.8935946822166443,-1.9319807975648474e-8,1,-9.11613273757439e-9,-0.8935946822166443,-1.3172076762657526e-8,0.44887471199035647],8,0.20770716667175294],[[773.4613037109375,222.69961547851563,46.68633270263672,0.44887471199035647,1.6818301418197735e-8,0.8935946822166443,-1.9319807975648474e-8,1,-9.11613273757439e-9,-0.8935946822166443,-1.3172076762657526e-8,0.44887471199035647],8,0.20780587196350099],[[773.2628173828125,222.69961547851563,46.661808013916019,0.4159381091594696,3.930987091393945e-8,0.9093929529190064,-2.6186034673969517e-8,1,-3.124953096289573e-8,-0.9093929529190064,-1.0815524476015526e-8,0.4159381091594696],8,0.2192094326019287],[[773.2628173828125,222.69961547851563,46.661808013916019,0.4159381091594696,3.930987091393945e-8,0.9093929529190064,-2.6186034673969517e-8,1,-3.124953096289573e-8,-0.9093929529190064,-1.0815524476015526e-8,0.4159381091594696],8,0.21932482719421388],[[773.1304931640625,222.69961547851563,46.64545822143555,0.39593321084976199,5.4407195193562077e-8,0.9182792901992798,-3.028801032201045e-8,1,-4.6189828850629058e-8,-0.9182792901992798,-9.524766753088443e-9,0.39593321084976199],8,0.23044657707214356],[[773.1304931640625,222.69961547851563,46.64545822143555,0.39593321084976199,5.4407195193562077e-8,0.9182792901992798,-3.028801032201045e-8,1,-4.6189828850629058e-8,-0.9182792901992798,-9.524766753088443e-9,0.39593321084976199],8,0.23056459426879884],[[772.9320068359375,222.69961547851563,46.620933532714847,0.3683623969554901,7.718009698010064e-8,0.9296822547912598,-3.584072771900537e-8,1,-6.881675318481939e-8,-0.9296822547912598,-7.970990978378723e-9,0.3683623969554901],8,0.24298548698425294],[[772.9320068359375,222.69961547851563,46.620933532714847,0.3683623969554901,7.718009698010064e-8,0.9296822547912598,-3.584072771900537e-8,1,-6.881675318481939e-8,-0.9296822547912598,-7.970990978378723e-9,0.3683623969554901],8,0.24308347702026368],[[772.7335205078125,222.69961547851563,46.59640884399414,0.34330084919929507,1.0008120909787977e-7,0.9392254948616028,-4.078349036262807e-8,1,-9.165019321244472e-8,-0.9392254948616028,-6.841308408667146e-9,0.34330084919929507],8,0.25714921951293948],[[772.7335205078125,222.69961547851563,46.59640884399414,0.34330084919929507,1.0008120909787977e-7,0.9392254948616028,-4.078349036262807e-8,1,-9.165019321244472e-8,-0.9392254948616028,-6.841308408667146e-9,0.34330084919929507],8,0.257251501083374],[[772.4688720703125,222.69961547851563,46.5637092590332,-0.9995687007904053,-1.6378990386201054e-9,0.029366888105869294,-4.290203303725093e-9,1,-9.025314540167528e-8,-0.029366888105869294,-9.034020820308797e-8,-0.9995687007904053],8,0.2709996700286865],[[772.4688720703125,222.69961547851563,46.5637092590332,-0.9995687007904053,-1.6378990386201054e-9,0.029366888105869294,-4.290203303725093e-9,1,-9.025314540167528e-8,-0.029366888105869294,-9.034020820308797e-8,-0.9995687007904053],8,0.2710988521575928],[[772.2703857421875,222.69961547851563,46.5391845703125,-0.9957630038261414,2.7644613709298939e-8,0.09195646643638611,1.9550849827965068e-8,1,-8.891817060430185e-8,-0.09195646643638611,-8.674360429949957e-8,-0.9957630038261414],8,0.2936713695526123],[[772.2703857421875,222.69961547851563,46.5391845703125,-0.9957630038261414,2.7644613709298939e-8,0.09195646643638611,1.9550849827965068e-8,1,-8.891817060430185e-8,-0.09195646643638611,-8.674360429949957e-8,-0.9957630038261414],8,0.2939920425415039],[[772.0057373046875,222.69961547851563,46.50648498535156,-0.9898819327354431,6.036238175965991e-8,0.14189349114894868,4.829869482136928e-8,1,-8.846336640999653e-8,-0.14189349114894868,-8.071501866879771e-8,-0.9898819327354431],8,0.3027219772338867],[[772.0057373046875,222.69961547851563,46.50648498535156,-0.9898819327354431,6.036238175965991e-8,0.14189349114894868,4.829869482136928e-8,1,-8.846336640999653e-8,-0.14189349114894868,-8.071501866879771e-8,-0.9898819327354431],8,0.3028147220611572],[[771.8078002929688,222.69961547851563,46.47775650024414,-0.9879494309425354,8.231613435327745e-8,0.15477684140205384,6.945966646298985e-8,1,-8.847252530586047e-8,-0.15477684140205384,-7.665563828140876e-8,-0.9879494309425354],8,0.3148815631866455],[[771.8078002929688,222.69961547851563,46.47775650024414,-0.9879494309425354,8.231613435327745e-8,0.15477684140205384,6.945966646298985e-8,1,-8.847252530586047e-8,-0.15477684140205384,-7.665563828140876e-8,-0.9879494309425354],8,0.3149716854095459],[[771.6102294921875,222.69961547851563,46.44697570800781,-0.9873122572898865,1.0347548595746048e-7,0.15879090130329133,9.055671768010143e-8,1,-8.859279176931523e-8,-0.15879090130329133,-7.308916849524394e-8,-0.9873122572898865],8,0.32588648796081545],[[771.6102294921875,222.69961547851563,46.44697570800781,-0.9873122572898865,1.0347548595746048e-7,0.15879090130329133,9.055671768010143e-8,1,-8.859279176931523e-8,-0.15879090130329133,-7.308916849524394e-8,-0.9873122572898865],8,0.3259866237640381],[[771.4127807617188,222.69961547851563,46.41533660888672,-0.986160397529602,7.82335263238565e-8,0.16579389572143556,6.983906786217631e-8,1,-5.6461693986875619e-8,-0.16579389572143556,-4.410139808896929e-8,-0.986160397529602],8,0.33751440048217776],[[771.4127807617188,222.69961547851563,46.41533660888672,-0.986160397529602,7.82335263238565e-8,0.16579389572143556,6.983906786217631e-8,1,-5.6461693986875619e-8,-0.16579389572143556,-4.410139808896929e-8,-0.986160397529602],8,0.3376181125640869],[[771.2155151367188,222.69961547851563,46.3824462890625,-0.9852730631828308,5.272184466775798e-8,0.17098838090896607,4.930237196276721e-8,1,-2.4244624086122714e-8,-0.17098838090896607,-1.545744154896056e-8,-0.9852730631828308],8,0.3493022918701172],[[771.2155151367188,222.69961547851563,46.3824462890625,-0.9852730631828308,5.272184466775798e-8,0.17098838090896607,4.930237196276721e-8,1,-2.4244624086122714e-8,-0.17098838090896607,-1.545744154896056e-8,-0.9852730631828308],8,0.3494291305541992],[[771.0184326171875,222.69961547851563,46.34845733642578,-0.9831084609031677,2.7180268702409195e-8,0.18302379548549653,2.917386154877022e-8,1,8.20003531742941e-9,-0.18302379548549653,1.3401034948401503e-8,-0.9831084609031677],8,0.36182284355163576],[[771.0184326171875,222.69961547851563,46.34845733642578,-0.9831084609031677,2.7180268702409195e-8,0.18302379548549653,2.917386154877022e-8,1,8.20003531742941e-9,-0.18302379548549653,1.3401034948401503e-8,-0.9831084609031677],8,0.36193203926086428],[[770.8217163085938,222.69961547851563,46.312320709228519,-0.9821345806121826,1.3994085890089992e-9,0.18817977607250215,9.228647179782002e-9,1,4.0728956207658487e-8,-0.18817977607250215,4.1737962419574617e-8,-0.9821345806121826],8,0.37493157386779787],[[770.8217163085938,222.69961547851563,46.312320709228519,-0.9821345806121826,1.3994085890089992e-9,0.18817977607250215,9.228647179782002e-9,1,4.0728956207658487e-8,-0.18817977607250215,4.1737962419574617e-8,-0.9821345806121826],8,0.37503933906555178],[[770.625244140625,222.69961547851563,46.274906158447269,-0.9797598123550415,-2.4804821308066495e-8,0.20017679035663606,-1.0304730402310725e-8,1,7.347834696247446e-8,-0.20017679035663606,6.992836176777928e-8,-0.9797598123550415],8,0.3888399600982666],[[770.625244140625,222.69961547851563,46.274906158447269,-0.9797598123550415,-2.4804821308066495e-8,0.20017679035663606,-1.0304730402310725e-8,1,7.347834696247446e-8,-0.20017679035663606,6.992836176777928e-8,-0.9797598123550415],8,0.3889293670654297],[[770.3638916015625,222.69961547851563,46.222007751464847,-0.9776074290275574,-4.9979760774476748e-8,0.21043691039085389,-2.962524270344602e-8,1,9.987744675754584e-8,-0.21043691039085389,9.140669732232709e-8,-0.9776074290275574],8,0.4065539836883545],[[770.3638916015625,222.69961547851563,46.222007751464847,-0.9776074290275574,-4.9979760774476748e-8,0.21043691039085389,-2.962524270344602e-8,1,9.987744675754584e-8,-0.21043691039085389,9.140669732232709e-8,-0.9776074290275574],8,0.40662670135498049],[[770.1682739257813,222.69961547851563,46.18031692504883,-0.9753497242927551,-4.723400337525163e-8,0.220664843916893,-3.026168116093686e-8,1,8.029499554140784e-8,-0.220664843916893,7.163801285514637e-8,-0.9753497242927551],8,0.4192485809326172],[[770.1682739257813,222.69961547851563,46.18031692504883,-0.9753497242927551,-4.723400337525163e-8,0.220664843916893,-3.026168116093686e-8,1,8.029499554140784e-8,-0.220664843916893,7.163801285514637e-8,-0.9753497242927551],8,0.41931605339050295],[[769.9075317382813,223.56251525878907,46.12434768676758,-0.9737849235534668,-4.280294163550025e-8,0.2274707853794098,-3.129180470295978e-8,1,5.4211145794624829e-8,-0.2274707853794098,4.567202438465756e-8,-0.9737849235534668],3,0.4457061290740967],[[769.9075317382813,223.56251525878907,46.12434768676758,-0.9737849235534668,-4.280294163550025e-8,0.2274707853794098,-3.129180470295978e-8,1,5.4211145794624829e-8,-0.2274707853794098,4.567202438465756e-8,-0.9737849235534668],3,0.4458045959472656],[[769.582763671875,224.5644989013672,46.049224853515628,-0.9360392689704895,-3.575575391323582e-8,0.35189560055732729,-2.8651705008542195e-8,1,2.539569265991304e-8,-0.35189560055732729,1.3688955746715692e-8,-0.9360392689704895],5,0.4618048667907715],[[769.582763671875,224.5644989013672,46.049224853515628,-0.9360392689704895,-3.575575391323582e-8,0.35189560055732729,-2.8651705008542195e-8,1,2.539569265991304e-8,-0.35189560055732729,1.3688955746715692e-8,-0.9360392689704895],5,0.461883544921875],[[769.3234252929688,225.3047637939453,45.987022399902347,-0.9308915734291077,-2.61388706235266e-8,0.36529555916786196,-2.6750866410907294e-8,1,3.3855132031135328e-9,-0.36529555916786196,-6.620426873382712e-9,-0.9308915734291077],5,0.46906185150146487],[[769.3234252929688,225.3047637939453,45.987022399902347,-0.9308915734291077,-2.61388706235266e-8,0.36529555916786196,-2.6750866410907294e-8,1,3.3855132031135328e-9,-0.36529555916786196,-6.620426873382712e-9,-0.9308915734291077],5,0.4691622257232666],[[769.1939697265625,225.6544647216797,45.955116271972659,-0.9513068795204163,-2.2226991802654085e-8,0.30824530124664309,-2.5826313532206769e-8,1,-7.597063422792872e-9,-0.30824530124664309,-1.5187978874564579e-8,-0.9513068795204163],5,0.47940754890441897],[[769.1939697265625,225.6544647216797,45.955116271972659,-0.9513068795204163,-2.2226991802654085e-8,0.30824530124664309,-2.5826313532206769e-8,1,-7.597063422792872e-9,-0.30824530124664309,-1.5187978874564579e-8,-0.9513068795204163],5,0.47957825660705569],[[769,226.15347290039063,45.90639114379883,-0.936852216720581,-1.5263042385527116e-8,0.3497254550457001,-2.5330534114686999e-8,1,-2.4213063554157089e-8,-0.3497254550457001,-3.1542793266226e-8,-0.936852216720581],5,0.4922947883605957],[[769,226.15347290039063,45.90639114379883,-0.936852216720581,-1.5263042385527116e-8,0.3497254550457001,-2.5330534114686999e-8,1,-2.4213063554157089e-8,-0.3497254550457001,-3.1542793266226e-8,-0.936852216720581],5,0.4924142360687256],[[768.8065185546875,226.62181091308595,45.855865478515628,-0.934356153011322,-9.186339688938006e-9,0.35634052753448489,-2.548528144075135e-8,1,-4.1044980747528828e-8,-0.35634052753448489,-4.743207071555844e-8,-0.934356153011322],5,0.5030429363250732],[[768.8065185546875,226.62181091308595,45.855865478515628,-0.934356153011322,-9.186339688938006e-9,0.35634052753448489,-2.548528144075135e-8,1,-4.1044980747528828e-8,-0.35634052753448489,-4.743207071555844e-8,-0.934356153011322],5,0.5031099319458008],[[768.7421264648438,226.7711181640625,45.838623046875,-0.953930675983429,-1.0312164455683615e-8,0.30002713203430178,-2.5505965339789328e-8,1,-4.6724970559353099e-8,-0.30002713203430178,-5.222486265665793e-8,-0.953930675983429],5,0.5107808113098145],[[768.7421264648438,226.7711181640625,45.838623046875,-0.953930675983429,-1.0312164455683615e-8,0.30002713203430178,-2.5505965339789328e-8,1,-4.6724970559353099e-8,-0.30002713203430178,-5.222486265665793e-8,-0.953930675983429],5,0.5108869075775147],[[768.4851684570313,227.33425903320313,45.76750564575195,-0.9136384129524231,3.0834932385204185e-9,0.4065278172492981,-2.766454265668017e-8,1,-6.975876942760806e-8,-0.4065278172492981,-7.498069720668355e-8,-0.9136384129524231],5,0.5255050659179688],[[768.4851684570313,227.33425903320313,45.76750564575195,-0.9136384129524231,3.0834932385204185e-9,0.4065278172492981,-2.766454265668017e-8,1,-6.975876942760806e-8,-0.4065278172492981,-7.498069720668355e-8,-0.9136384129524231],5,0.525634765625],[[768.3570556640625,227.5953826904297,45.73043441772461,-0.9374669790267944,1.4372086853953193e-9,0.34807416796684267,-2.8761856896153405e-8,1,-8.15932494901972e-8,-0.34807416796684267,-8.650223293216186e-8,-0.9374669790267944],5,0.5359725952148438],[[768.3570556640625,227.5953826904297,45.73043441772461,-0.9374669790267944,1.4372086853953193e-9,0.34807416796684267,-2.8761856896153405e-8,1,-8.15932494901972e-8,-0.34807416796684267,-8.650223293216186e-8,-0.9374669790267944],5,0.5360829830169678],[[768.165283203125,227.9615478515625,45.67365646362305,-0.9253523945808411,8.95607588091707e-9,0.3791080415248871,-3.119255609362881e-8,1,-9.976096748687269e-8,-0.3791080415248871,-1.041394028789e-7,-0.9253523945808411],5,0.546870231628418],[[768.165283203125,227.9615478515625,45.67365646362305,-0.9253523945808411,8.95607588091707e-9,0.3791080415248871,-3.119255609362881e-8,1,-9.976096748687269e-8,-0.3791080415248871,-1.041394028789e-7,-0.9253523945808411],5,0.5469753742218018],[[767.9735717773438,228.2970428466797,45.61669158935547,-0.9253523349761963,1.3277703381220363e-8,0.37910816073417666,-3.422238137318345e-8,1,-1.1855577497499326e-7,-0.37910816073417666,-1.2267985027847318e-7,-0.9253523349761963],5,0.5579805374145508],[[767.9735717773438,228.2970428466797,45.61669158935547,-0.9253523349761963,1.3277703381220363e-8,0.37910816073417666,-3.422238137318345e-8,1,-1.1855577497499326e-7,-0.37910816073417666,-1.2267985027847318e-7,-0.9253523349761963],5,0.5580880641937256],[[767.8457641601563,228.50367736816407,45.578704833984378,-0.9374669194221497,1.1685683531936775e-8,0.348074346780777,-3.637169498915682e-8,1,-1.3153209010852152e-7,-0.348074346780777,-1.359670420697512e-7,-0.9374669194221497],5,0.5701487064361572],[[767.8457641601563,228.50367736816407,45.578704833984378,-0.9374669194221497,1.1685683531936775e-8,0.348074346780777,-3.637169498915682e-8,1,-1.3153209010852152e-7,-0.348074346780777,-1.359670420697512e-7,-0.9374669194221497],5,0.5704085826873779],[[767.654052734375,228.7880859375,45.521724700927737,-0.9253523349761963,2.0032302927575075e-8,0.3791083097457886,-4.047445045785025e-8,1,-1.5163327304890118e-7,-0.3791083097457886,-1.5565839817099914e-7,-0.9253523349761963],5,0.5809962749481201],[[767.654052734375,228.7880859375,45.521724700927737,-0.9253523349761963,2.0032302927575075e-8,0.3791083097457886,-4.047445045785025e-8,1,-1.5163327304890118e-7,-0.3791083097457886,-1.5565839817099914e-7,-0.9253523349761963],5,0.5811140537261963],[[767.5262451171875,228.9606475830078,45.48373794555664,-0.9374669790267944,1.3255344377682832e-8,0.3480742275714874,-4.096455796798182e-8,1,-1.4841162965240074e-7,-0.3480742275714874,-1.533897062699907e-7,-0.9374669790267944],5,0.5917198657989502],[[767.5262451171875,228.9606475830078,45.48373794555664,-0.9374669790267944,1.3255344377682832e-8,0.3480742275714874,-4.096455796798182e-8,1,-1.4841162965240074e-7,-0.3480742275714874,-1.533897062699907e-7,-0.9374669790267944],5,0.5918834209442139],[[767.3345336914063,229.1939697265625,45.4267578125,-0.9233525395393372,1.059070697806419e-8,0.3839533030986786,-3.7978360012402848e-8,1,-1.1891582119005762e-7,-0.3839533030986786,-1.2438313490292786e-7,-0.9233525395393372],5,0.6028168201446533],[[767.3345336914063,229.1939697265625,45.4267578125,-0.9233525395393372,1.059070697806419e-8,0.3839533030986786,-3.7978360012402848e-8,1,-1.1891582119005762e-7,-0.3839533030986786,-1.2438313490292786e-7,-0.9233525395393372],5,0.6029279232025147],[[767.14306640625,229.39662170410157,45.36896514892578,-0.923352837562561,3.173421969648871e-9,0.3839524984359741,-3.4312591878915558e-8,1,-9.078219420644018e-8,-0.3839524984359741,-9.699840575194685e-8,-0.923352837562561],5,0.6128530502319336],[[767.14306640625,229.39662170410157,45.36896514892578,-0.923352837562561,3.173421969648871e-9,0.3839524984359741,-3.4312591878915558e-8,1,-9.078219420644018e-8,-0.3839524984359741,-9.699840575194685e-8,-0.923352837562561],5,0.6129677295684815],[[766.9517211914063,229.56861877441407,45.31099319458008,-0.9233525991439819,-3.1879361372944006e-9,0.3839530348777771,-2.9990687266945318e-8,1,-6.382041561892038e-8,-0.3839530348777771,-7.044376815201758e-8,-0.9233525991439819],5,0.6241183280944824],[[766.9517211914063,229.56861877441407,45.31099319458008,-0.9233525991439819,-3.1879361372944006e-9,0.3839530348777771,-2.9990687266945318e-8,1,-6.382041561892038e-8,-0.3839530348777771,-7.044376815201758e-8,-0.9233525991439819],5,0.6242485046386719],[[766.8241577148438,229.666259765625,45.272342681884769,-0.9374668598175049,-9.309707671434353e-9,0.3480744957923889,-2.7133106428323118e-8,1,-4.633111672092127e-8,-0.3480744957923889,-5.28782315711851e-8,-0.9374668598175049],5,0.6355736255645752],[[766.8241577148438,229.666259765625,45.272342681884769,-0.9374668598175049,-9.309707671434353e-9,0.3480744957923889,-2.7133106428323118e-8,1,-4.633111672092127e-8,-0.3480744957923889,-5.28782315711851e-8,-0.9374668598175049],5,0.6356804370880127],[[766.6964111328125,229.75025939941407,45.23418426513672,-0.9374669790267944,-1.2327253884336642e-8,0.3480742871761322,-2.399400322872225e-8,1,-2.920735830969079e-8,-0.3480742871761322,-3.573262929990051e-8,-0.9374669790267944],5,0.6442489624023438],[[766.6964111328125,229.75025939941407,45.23418426513672,-0.9374669790267944,-1.2327253884336642e-8,0.3480742871761322,-2.399400322872225e-8,1,-2.920735830969079e-8,-0.3480742871761322,-3.573262929990051e-8,-0.9374669790267944],5,0.6447470188140869],[[766.5046997070313,229.85073852539063,45.17718505859375,-0.9292725324630737,-1.5767639638397669e-8,0.36939483880996706,-1.861146614601239e-8,1,-4.135098041757601e-9,-0.36939483880996706,-1.0717612575206204e-8,-0.9292725324630737],5,0.6567494869232178],[[766.5046997070313,229.85073852539063,45.17718505859375,-0.9292725324630737,-1.5767639638397669e-8,0.36939483880996706,-1.861146614601239e-8,1,-4.135098041757601e-9,-0.36939483880996706,-1.0717612575206204e-8,-0.9292725324630737],5,0.6568419933319092],[[766.3125,229.92054748535157,45.1218376159668,-0.933092474937439,-1.9354535751858749e-8,0.3596365749835968,-1.2859703524270572e-8,1,2.0451878413041414e-8,-0.3596365749835968,1.4458674257866733e-8,-0.933092474937439],5,0.6693792343139648],[[766.3125,229.92054748535157,45.1218376159668,-0.933092474937439,-1.9354535751858749e-8,0.3596365749835968,-1.2859703524270572e-8,1,2.0451878413041414e-8,-0.3596365749835968,1.4458674257866733e-8,-0.933092474937439],5,0.6694657802581787],[[766.1197509765625,229.95970153808595,45.06848907470703,-0.9349632263183594,-2.2030549828855329e-8,0.3547446131706238,-6.600919810750838e-9,1,4.470520664767719e-8,-0.3547446131706238,3.945608639810416e-8,-0.9349632263183594],5,0.6914019584655762],[[766.1197509765625,229.95970153808595,45.06848907470703,-0.9349632263183594,-2.2030549828855329e-8,0.3547446131706238,-6.600919810750838e-9,1,4.470520664767719e-8,-0.3547446131706238,3.945608639810416e-8,-0.9349632263183594],5,0.6914865970611572],[[765.8182373046875,229.95692443847657,44.91476058959961,-0.9326409697532654,0.00001671111022005789,0.36080583930015566,-0.00001561533281346783,1,-0.00008667988731758669,-0.36080583930015566,-0.00008647531649330631,-0.9326409697532654],5,0.7000162601470947],[[765.8182373046875,229.95692443847657,44.91476058959961,-0.9326409697532654,0.00001671111022005789,0.36080583930015566,-0.00001561533281346783,1,-0.00008667988731758669,-0.36080583930015566,-0.00008647531649330631,-0.9326409697532654],5,0.7001602649688721],[[765.7023315429688,229.93203735351563,44.83599853515625,-0.9580729007720947,0.000007017610641923966,0.28652462363243105,-0.000018412003555567936,1,-0.00008605770563008264,-0.28652462363243105,-0.00008772504224907607,-0.9580729007720947],5,0.7095949649810791],[[765.7023315429688,229.93203735351563,44.83599853515625,-0.9580729007720947,0.000007017610641923966,0.28652462363243105,-0.000018412003555567936,1,-0.00008605770563008264,-0.28652462363243105,-0.00008772504224907607,-0.9580729007720947],5,0.7096750736236572],[[765.5836791992188,229.8935089111328,44.766780853271487,-0.9553338885307312,0.000001711145046101592,0.2955286502838135,-0.000017459684386267328,1,-0.00006223075615707785,-0.2955286502838135,-0.00006461099110310897,-0.9553338885307312],5,0.7179498672485352],[[765.5836791992188,229.8935089111328,44.766780853271487,-0.9553338885307312,0.000001711145046101592,0.2955286502838135,-0.000017459684386267328,1,-0.00006223075615707785,-0.2955286502838135,-0.00006461099110310897,-0.9553338885307312],5,0.718076229095459],[[765.4005126953125,229.8101806640625,44.68084716796875,-0.9479860067367554,-0.000003348209247633349,0.31831198930740359,-0.000012488346328609623,1,-0.000026673729735193775,-0.31831198930740359,-0.000029261513191158884,-0.9479860067367554],5,0.7295515537261963],[[765.4005126953125,229.8101806640625,44.68084716796875,-0.9479860067367554,-0.000003348209247633349,0.31831198930740359,-0.000012488346328609623,1,-0.000026673729735193775,-0.31831198930740359,-0.000029261513191158884,-0.9479860067367554],5,0.7296698093414307],[[765.211181640625,229.69619750976563,44.61638641357422,-0.9518521428108215,-0.000004741499196825316,0.3065575659275055,-0.000007136728072509868,1,-0.0000066924162638315469,-0.3065575659275055,-0.000008558008630643599,-0.9518521428108215],5,0.7418239116668701],[[765.211181640625,229.69619750976563,44.61638641357422,-0.9518521428108215,-0.000004741499196825316,0.3065575659275055,-0.000007136728072509868,1,-0.0000066924162638315469,-0.3065575659275055,-0.000008558008630643599,-0.9518521428108215],5,0.7419812679290772],[[765.0818481445313,229.60316467285157,44.58464813232422,-0.9638082385063171,-0.000003923033091268735,0.2665964365005493,-0.000004291763616492972,1,-8.004755045476486e-7,-0.2665964365005493,-0.0000019156736925651787,-0.9638082385063171],5,0.7517871856689453],[[765.0818481445313,229.60316467285157,44.58464813232422,-0.9638082385063171,-0.000003923033091268735,0.2665964365005493,-0.000004291763616492972,1,-8.004755045476486e-7,-0.2665964365005493,-0.0000019156736925651787,-0.9638082385063171],5,0.7518746852874756],[[764.88623046875,229.43809509277345,44.54337692260742,-0.9609153866767883,-0.000001875975158327492,0.2768422067165375,-0.0000014200629721017322,1,0.0000018473153886588989,-0.2768422067165375,0.0000013819804962622584,-0.9609153866767883],5,0.7632529735565186],[[764.88623046875,229.43809509277345,44.54337692260742,-0.9609153866767883,-0.000001875975158327492,0.2768422067165375,-0.0000014200629721017322,1,0.0000018473153886588989,-0.2768422067165375,0.0000013819804962622584,-0.9609153866767883],5,0.7633872032165527],[[764.6896362304688,229.2423553466797,44.506561279296878,-0.9642243385314941,-4.781164193445875e-7,0.2650876045227051,-7.349917297005959e-8,1,0.0000015362721796918777,-0.2650876045227051,0.0000014618273098676582,-0.9642243385314941],5,0.7763707637786865],[[764.6896362304688,229.2423553466797,44.506561279296878,-0.9642243385314941,-4.781164193445875e-7,0.2650876045227051,-7.349917297005959e-8,1,0.0000015362721796918777,-0.2650876045227051,0.0000014618273098676582,-0.9642243385314941],5,0.7765350341796875],[[764.5582885742188,229.09483337402345,44.4837646484375,-0.9793562293052673,5.8809746406041089e-8,0.20214205980300904,2.667322007710027e-7,1,0.000001001355713015073,-0.20214205980300904,0.0000010346017234041938,-0.9793562293052673],5,0.7854604721069336],[[764.5582885742188,229.09483337402345,44.4837646484375,-0.9793562293052673,5.8809746406041089e-8,0.20214205980300904,2.667322007710027e-7,1,0.000001001355713015073,-0.20214205980300904,0.0000010346017234041938,-0.9793562293052673],5,0.7855567932128906],[[764.3603515625,228.84800720214845,44.45521926879883,-0.9756471514701843,2.376533529968583e-7,0.21934588253498078,3.2517465342607468e-7,1,3.6290808225203366e-7,-0.21934588253498078,4.253959673405916e-7,-0.9756471514701843],5,0.7974510192871094],[[764.3603515625,228.84800720214845,44.45521926879883,-0.9756471514701843,2.376533529968583e-7,0.21934588253498078,3.2517465342607468e-7,1,3.6290808225203366e-7,-0.21934588253498078,4.253959673405916e-7,-0.9756471514701843],5,0.7975716590881348],[[764.1619262695313,228.5705108642578,44.43038558959961,-0.9786173701286316,1.8974641591285036e-7,0.2056892067193985,2.0464891292704125e-7,1,5.117700041523676e-8,-0.2056892067193985,9.217676932848917e-8,-0.9786173701286316],5,0.8086404800415039],[[764.1619262695313,228.5705108642578,44.43038558959961,-0.9786173701286316,1.8974641591285036e-7,0.2056892067193985,2.0464891292704125e-7,1,5.117700041523676e-8,-0.2056892067193985,9.217676932848917e-8,-0.9786173701286316],5,0.8087799549102783],[[763.963134765625,228.26235961914063,44.40842056274414,-0.983982264995575,9.111399634775808e-8,0.1782664656639099,8.256548511553774e-8,1,-5.5372304075262949e-8,-0.1782664656639099,-3.976670726046905e-8,-0.983982264995575],5,0.8205115795135498],[[763.963134765625,228.26235961914063,44.40842056274414,-0.983982264995575,9.111399634775808e-8,0.1782664656639099,8.256548511553774e-8,1,-5.5372304075262949e-8,-0.1782664656639099,-3.976670726046905e-8,-0.983982264995575],5,0.8206284046173096],[[763.7638549804688,227.92356872558595,44.391502380371097,-0.9857958555221558,4.675034137591183e-9,0.16794796288013459,-1.037626962130389e-8,1,-8.874128809566173e-8,-0.16794796288013459,-8.922346239614854e-8,-0.9857958555221558],5,0.8345775604248047],[[763.7638549804688,227.92356872558595,44.391502380371097,-0.9857958555221558,4.675034137591183e-9,0.16794796288013459,-1.037626962130389e-8,1,-8.874128809566173e-8,-0.16794796288013459,-8.922346239614854e-8,-0.9857958555221558],5,0.8347132205963135],[[763.5643310546875,227.55410766601563,44.37730026245117,-0.9888402223587036,-5.136753955525819e-8,0.14898008108139039,-6.42238902059944e-8,1,-8.148487751213907e-8,-0.14898008108139039,-9.01436081335305e-8,-0.9888402223587036],5,0.8494317531585693],[[763.5643310546875,227.55410766601563,44.37730026245117,-0.9888402223587036,-5.136753955525819e-8,0.14898008108139039,-6.42238902059944e-8,1,-8.148487751213907e-8,-0.14898008108139039,-9.01436081335305e-8,-0.9888402223587036],5,0.8497147560119629],[[763.3646240234375,227.15399169921876,44.366634368896487,-0.9910598397254944,-1.0758004975741642e-7,0.13341820240020753,-1.1811329159172601e-7,1,-7.103444943368231e-8,-0.13341820240020753,-8.615785418442101e-8,-0.9910598397254944],5,0.8605706691741943],[[763.3646240234375,227.15399169921876,44.366634368896487,-0.9910598397254944,-1.0758004975741642e-7,0.13341820240020753,-1.1811329159172601e-7,1,-7.103444943368231e-8,-0.13341820240020753,-8.615785418442101e-8,-0.9910598397254944],5,0.8607103824615479],[[763.1647338867188,226.7232208251953,44.35922622680664,-0.9921872019767761,-1.1425991885971598e-7,0.12475813180208206,-1.2046407960042416e-7,1,-4.218559368496244e-8,-0.12475813180208206,-5.688487902943962e-8,-0.9921872019767761],5,0.8710448741912842],[[763.1647338867188,226.7232208251953,44.35922622680664,-0.9921872019767761,-1.1425991885971598e-7,0.12475813180208206,-1.2046407960042416e-7,1,-4.218559368496244e-8,-0.12475813180208206,-5.688487902943962e-8,-0.9921872019767761],5,0.8711597919464111],[[763.0314331054688,226.41900634765626,44.35554504394531,-0.9972405433654785,-1.2037277485887899e-7,0.07423847913742066,-1.2242669811257657e-7,1,-2.31159091867994e-8,-0.07423847913742066,-3.2140892614052066e-8,-0.9972405433654785],5,0.8828606605529785],[[763.0314331054688,226.41900634765626,44.35554504394531,-0.9972405433654785,-1.2037277485887899e-7,0.07423847913742066,-1.2242669811257657e-7,1,-2.31159091867994e-8,-0.07423847913742066,-3.2140892614052066e-8,-0.9972405433654785],5,0.8830976486206055],[[762.8314819335938,225.93714904785157,44.353302001953128,-0.9949411153793335,-1.246437051349858e-7,0.10045956820249558,-1.2471713262129925e-7,1,5.549518622416372e-9,-0.10045956820249558,-7.007583846529997e-9,-0.9949411153793335],5,0.8946521282196045],[[762.8314819335938,225.93714904785157,44.353302001953128,-0.9949411153793335,-1.246437051349858e-7,0.10045956820249558,-1.2471713262129925e-7,1,5.549518622416372e-9,-0.10045956820249558,-7.007583846529997e-9,-0.9949411153793335],5,0.8947739601135254],[[762.4315795898438,224.88145446777345,44.35271072387695,-0.9826392531394959,-1.3546508625950083e-7,0.18552659451961518,-1.2583257102960489e-7,1,6.36947561361012e-8,-0.18552659451961518,3.924367675267604e-8,-0.9826392531394959],5,0.9163997173309326],[[762.4315795898438,224.88145446777345,44.35271072387695,-0.9826392531394959,-1.3546508625950083e-7,0.18552659451961518,-1.2583257102960489e-7,1,6.36947561361012e-8,-0.18552659451961518,3.924367675267604e-8,-0.9826392531394959],5,0.9165122509002686],[[762.2982788085938,224.50230407714845,44.35400390625,-0.9986695647239685,-1.3128459386280157e-7,0.051566921174526218,-1.2714929198409664e-7,1,8.347331714730899e-8,-0.051566921174526218,7.680556279865414e-8,-0.9986695647239685],5,0.9251754283905029],[[762.2982788085938,224.50230407714845,44.35400390625,-0.9986695647239685,-1.3128459386280157e-7,0.051566921174526218,-1.2714929198409664e-7,1,8.347331714730899e-8,-0.051566921174526218,7.680556279865414e-8,-0.9986695647239685],5,0.9252805709838867],[[762.1649780273438,224.10952758789063,44.35588073730469,-0.9986695647239685,-1.3342612703581836e-7,0.05156685411930084,-1.282520400991416e-7,1,1.0364637148541078e-7,-0.05156685411930084,9.689492230791075e-8,-0.9986695647239685],5,0.9329955577850342],[[762.1649780273438,224.10952758789063,44.35588073730469,-0.9986695647239685,-1.3342612703581836e-7,0.05156685411930084,-1.282520400991416e-7,1,1.0364637148541078e-7,-0.05156685411930084,9.689492230791075e-8,-0.9986695647239685],5,0.9331231117248535],[[762.0983276367188,223.9080352783203,44.356868743896487,-0.9998330473899841,-1.3095244355554315e-7,0.018272394314408304,-1.288928501708142e-7,1,1.138941456702014e-7,-0.018272394314408304,1.1151994527835996e-7,-0.9998330473899841],5,0.9413623809814453],[[762.0983276367188,223.9080352783203,44.356868743896487,-0.9998330473899841,-1.3095244355554315e-7,0.018272394314408304,-1.288928501708142e-7,1,1.138941456702014e-7,-0.018272394314408304,1.1151994527835996e-7,-0.9998330473899841],5,0.941519021987915],[[761.8983764648438,223.28311157226563,44.35987091064453,-0.9963976144790649,-1.0118549909066133e-7,0.0848042368888855,-9.26419474467366e-8,1,1.0467977773487292e-7,-0.0848042368888855,9.644625009741503e-8,-0.9963976144790649],5,0.952070951461792],[[761.8983764648438,223.28311157226563,44.35987091064453,-0.9963976144790649,-1.0118549909066133e-7,0.0848042368888855,-9.26419474467366e-8,1,1.0467977773487292e-7,-0.0848042368888855,9.644625009741503e-8,-0.9963976144790649],5,0.9521884918212891],[[761.6984252929688,222.62753295898438,44.36288070678711,-0.9997509717941284,-6.501714011619697e-8,0.022316766902804376,-6.303787358774571e-8,1,8.939301920918297e-8,-0.022316766902804376,8.796395434274018e-8,-0.9997509717941284],7,0.9630770683288574],[[761.6984252929688,222.62753295898438,44.36288070678711,-0.9997509717941284,-6.501714011619697e-8,0.022316766902804376,-6.303787358774571e-8,1,8.939301920918297e-8,-0.022316766902804376,8.796395434274018e-8,-0.9997509717941284],7,0.9632208347320557],[[761.5651245117188,222.4578094482422,44.36488723754883,-0.9999600052833557,-4.421007204769012e-8,-0.008944546803832055,-4.4909135965554017e-8,1,7.795460277293387e-8,0.008944546803832055,7.83531817205585e-8,-0.9999600052833557],7,0.9731237888336182],[[761.5651245117188,222.4578094482422,44.36488723754883,-0.9999600052833557,-4.421007204769012e-8,-0.008944546803832055,-4.4909135965554017e-8,1,7.795460277293387e-8,0.008944546803832055,7.83531817205585e-8,-0.9999600052833557],7,0.9732556343078613],[[761.4318237304688,222.44619750976563,44.36689376831055,-0.9999158978462219,-2.6231441907498266e-8,-0.012968777678906918,-2.709370860998206e-8,1,6.631215399011126e-8,0.012968777678906918,6.665794671789627e-8,-0.9999158978462219],7,0.9814357757568359],[[761.4318237304688,222.44619750976563,44.36689376831055,-0.9999158978462219,-2.6231441907498266e-8,-0.012968777678906918,-2.709370860998206e-8,1,6.631215399011126e-8,0.012968777678906918,6.665794671789627e-8,-0.9999158978462219],7,0.9815871715545654],[[761.2985229492188,222.48280334472657,44.368900299072269,-0.9998972415924072,-8.589644551193487e-9,-0.014337107539176941,-9.373813725233049e-9,1,5.4627850687438698e-8,0.014337107539176941,5.4756629452867858e-8,-0.9998972415924072],7,0.9918618202209473],[[761.2985229492188,222.48280334472657,44.368900299072269,-0.9998972415924072,-8.589644551193487e-9,-0.014337107539176941,-9.373813725233049e-9,1,5.4627850687438698e-8,0.014337107539176941,5.4756629452867858e-8,-0.