[[[776,222.69961547851563,47,1,0,0,0,1,0,0,0,1],8,0.00435638427734375],[[776,222.69961547851563,47,1,0,0,0,1,0,0,0,1],8,0.016407489776611329],[[776,222.69961547851563,47,1,0,0,0,1,0,0,0,1],8,0.036083221435546878],[[776,222.69961547851563,47,1,0,0,0,1,0,0,0,1],8,0.042174577713012698],[[776,222.69961547851563,47,1,0,0,0,1,0,0,0,1],8,0.048419952392578128],[[776,222.69961547851563,47,1,0,0,0,1,0,0,0,1],8,0.05831480026245117],[[776,222.69961547851563,47,1,0,0,0,1,0,0,0,1],8,0.06919503211975098],[[776,222.69961547851563,47,1,0,0,0,1,0,0,0,1],8,0.07756185531616211],[[776,222.69961547851563,47,1,0,0,0,1,0,0,0,1],8,0.08585166931152344],[[776,222.69961547851563,47,1,0,0,0,1,0,0,0,1],8,0.09778594970703125],[[776,222.69961547851563,47,1,0,0,0,1,0,0,0,1],8,0.10780096054077149],[[776,222.69961547851563,47,1,0,0,0,1,0,0,0,1],8,0.1168215274810791],[[776,222.69961547851563,47,1,0,0,0,1,0,0,0,1],8,0.1279761791229248],[[776,222.69961547851563,47,1,0,0,0,1,0,0,0,1],8,0.13532328605651856],[[776,222.69961547851563,47,1,0,0,0,1,0,0,0,1],8,0.14702129364013673],[[776,222.69961547851563,47,1,0,0,0,1,0,0,0,1],8,0.15408015251159669],[[776,222.69961547851563,47,1,0,0,0,1,0,0,0,1],8,0.16303062438964845],[[776,222.69961547851563,47,1,0,0,0,1,0,0,0,1],8,0.17277026176452638],[[776,222.69961547851563,47,1,0,0,0,1,0,0,0,1],8,0.18397760391235352],[[776,222.69961547851563,47,1,0,0,0,1,0,0,0,1],8,0.2012946605682373],[[776,222.69961547851563,47,1,0,0,0,1,0,0,0,1],8,0.20937395095825196],[[776,222.69961547851563,47,1,0,0,0,1,0,0,0,1],8,0.22591590881347657],[[775.7780151367188,222.69961547851563,46.95711898803711,0.9856023192405701,0,0.16908018290996552,0,1,0,-0.16908018290996552,0,0.9856023192405701],8,0.23857760429382325],[[775.648193359375,222.69961547851563,46.932552337646487,0.9681472182273865,0,0.2503817081451416,0,1,0,-0.2503817081451416,0,0.9681472182273865],8,0.2545504570007324],[[775.3857421875,222.69961547851563,46.88685607910156,0.917192816734314,0,0.39844363927841189,0,1,0,-0.39844363927841189,0,0.917192816734314],8,0.26303839683532717],[[775.12255859375,222.69961547851563,46.84410095214844,0.8526530861854553,0,0.5224775075912476,0,1,0,-0.5224775075912476,0,0.8526530861854553],8,0.2785806655883789],[[774.9904174804688,222.69961547851563,46.82634735107422,0.8177649974822998,0,0.5755522847175598,0,1,0,-0.5755522847175598,0,0.8177649974822998],8,0.2912259101867676],[[774.791748046875,222.69961547851563,46.80357360839844,0.7639720439910889,0,0.6452493071556091,0,1,0,-0.6452493071556091,0,0.7639720439910889],8,0.30165624618530276],[[774.6590576171875,222.69961547851563,46.790550231933597,0.7277159094810486,0,0.6858786940574646,0,1,0,-0.6858786940574646,0,0.7277159094810486],8,0.3101058006286621],[[774.5261840820313,222.69961547851563,46.77962112426758,0.6916100978851318,0,0.7222710847854614,0,1,0,-0.7222710847854614,0,0.6916100978851318],8,0.31951355934143069],[[774.3264770507813,222.69961547851563,46.76972198486328,0.6366428732872009,0,0.7711588144302368,0,1,0,-0.7711588144302368,0,0.6366428732872009],8,0.328474760055542],[[774.1931762695313,222.69961547851563,46.76555633544922,0.6003256440162659,0,0.7997556328773499,0,1,0,-0.7997556328773499,0,0.6003256440162659],8,0.3379795551300049],[[773.9932250976563,222.69961547851563,46.76266860961914,0.5469127893447876,0,0.8371895551681519,0,1,0,-0.8371895551681519,0,0.5469127893447876],8,0.3499026298522949],[[773.8599243164063,222.69961547851563,46.76272964477539,0.5123785734176636,0,0.8587597012519836,0,1,0,-0.8587597012519836,0,0.5123785734176636],8,0.35949039459228518],[[773.7266235351563,222.69961547851563,46.764835357666019,0.47885245084762576,0,0.8778954148292542,0,1,0,-0.8778954148292542,0,0.47885245084762576],8,0.3691864013671875],[[773.52685546875,222.69961547851563,46.773643493652347,0.42911678552627566,0,0.9032490253448486,0,1,0,-0.9032490253448486,0,0.42911678552627566],8,0.38027524948120119],[[773.3272705078125,222.69961547851563,46.78558349609375,0.3812433183193207,0,0.9244747161865234,0,1,0,-0.9244747161865234,0,0.3812433183193207],8,0.39217185974121096],[[773.1943359375,222.69961547851563,46.7954216003418,0.3508240282535553,0,0.9364414215087891,0,1,0,-0.9364414215087891,0,0.3508240282535553],8,0.40038251876831057],[[772.9949340820313,222.69961547851563,46.81150436401367,0.3077141344547272,0,0.9514788389205933,0,1,0,-0.9514788389205933,0,0.3077141344547272],8,0.41262149810791018],[[772.8621215820313,222.69961547851563,46.82270812988281,0.28087595105171206,0,0.9597440958023071,0,1,0,-0.9597440958023071,0,0.28087595105171206],8,0.4223062992095947],[[772.6629028320313,222.69961547851563,46.840816497802737,0.2431480586528778,0,0.9699891805648804,0,1,0,-0.9699891805648804,0,0.2431480586528778],8,0.4321911334991455],[[772.5302124023438,222.69961547851563,46.8534049987793,0.2197384089231491,0,0.9755588173866272,0,1,0,-0.9755588173866272,0,0.2197384089231491],8,0.44418978691101076],[[772.3975219726563,222.69961547851563,46.86628341674805,0.19784678518772126,0,0.9802329540252686,0,1,0,-0.9802329540252686,0,0.19784678518772126],8,0.4518890380859375],[[772.198486328125,222.69961547851563,46.885704040527347,0.16742870211601258,0,0.9858841896057129,0,1,0,-0.9858841896057129,0,0.16742870211601258],8,0.4625377655029297],[[772.0657958984375,222.69961547851563,46.898658752441409,0.1488080769777298,0,0.9888660907745361,0,1,0,-0.9888660907745361,0,0.1488080769777298],8,0.47202491760253909],[[771.8667602539063,222.69961547851563,46.9180908203125,0.12320790439844132,0,0.9923808574676514,0,1,0,-0.9923808574676514,0,0.12320790439844132],8,0.4822723865509033],[[771.7340698242188,222.69961547851563,46.93104553222656,0.1076095849275589,0,0.9941932559013367,0,1,0,-0.9941932559013367,0,0.1076095849275589],8,0.4944419860839844],[[771.5350341796875,222.69961547851563,46.950477600097659,0.08621301501989365,0,0.9962767362594605,0,1,0,-0.9962767362594605,0,0.08621301501989365],8,0.5071794986724854],[[771.40234375,222.69961547851563,46.96343231201172,0.07319465279579163,0,0.9973176717758179,0,1,0,-0.9973176717758179,0,0.07319465279579163],8,0.5141432285308838],[[771.2033081054688,223.3587188720703,46.98286437988281,0.05397743359208107,0,0.9985421299934387,0,1,0,-0.9985421299934387,0,0.05397743359208107],3,0.530461311340332],[[771.0042724609375,223.99057006835938,47.002296447753909,0.03732728213071823,0,0.9993031024932861,0,1,0,-0.9993031024932861,0,0.03732728213071823],5,0.5492799282073975],[[770.7388916015625,224.78533935546876,47.02820587158203,0.01836530864238739,0,0.9998313188552856,0,1,0,-0.9998313188552856,0,0.01836530864238739],5,0.5561816692352295],[[770.5398559570313,225.34564208984376,47.047637939453128,0.0059872521087527279,0,0.9999820590019226,0,1,0,-0.9999820590019226,0,0.0059872521087527279],5,0.566436767578125],[[770.4071655273438,225.70216369628907,47.06059265136719,-0.001410439144819975,0,0.9999989867210388,0,1,0,-0.9999989867210388,0,-0.001410439144819975],5,0.5769555568695068],[[770.2081298828125,226.2113800048828,47.08002471923828,-0.011485178023576737,0,0.9999340176582336,0,1,0,-0.9999340176582336,0,-0.011485178023576737],5,0.5906226634979248],[[770.0090942382813,226.68994140625,47.099456787109378,-0.020536649972200395,0,0.9997891187667847,0,1,0,-0.9997891187667847,0,-0.020536649972200395],5,0.6120319366455078],[[769.6773681640625,227.41941833496095,47.13133239746094,-0.033610232174396518,0,0.9994350075721741,0,1,0,-0.9994350075721741,0,-0.033610232174396518],5,0.6198837757110596],[[769.6110229492188,227.5550994873047,47.13762283325195,-0.035920362919569018,0,0.9993546605110169,0,1,0,-0.9993546605110169,0,-0.035920362919569018],5,0.62782883644104],[[769.4118041992188,227.94168090820313,47.156105041503909,-0.04202251881361008,0,0.9991166591644287,0,1,0,-0.9991166591644287,0,-0.04202251881361008],5,0.6379938125610352],[[769.2125854492188,228.29762268066407,47.17365646362305,-0.04701800271868706,0,0.9988940358161926,0,1,0,-0.9988940358161926,0,-0.04701800271868706],5,0.648144006729126],[[769.0797729492188,228.51788330078126,47.18505859375,-0.04984348639845848,0,0.9987570643424988,0,1,0,-0.9987570643424988,0,-0.04984348639845848],5,0.6613864898681641],[[768.88037109375,228.82272338867188,47.20150375366211,-0.053368158638477328,0,0.9985749125480652,0,1,0,-0.9985749125480652,0,-0.053368158638477328],5,0.6711609363555908],[[768.7474365234375,229.00892639160157,47.21134567260742,-0.055036213248968127,0,0.9984843730926514,0,1,0,-0.9984843730926514,0,-0.055036213248968127],5,0.6816940307617188],[[768.5478515625,229.26266479492188,47.224769592285159,-0.05657536908984184,0,0.9983983039855957,0,1,0,-0.9983983039855957,0,-0.05657536908984184],5,0.6932036876678467],[[768.414794921875,229.41481018066407,47.2330436706543,-0.05712716281414032,0,0.9983668923377991,0,1,0,-0.9983668923377991,0,-0.05712716281414032],5,0.7029778957366943],[[768.215087890625,229.61746215820313,47.244346618652347,-0.057284992188215259,0,0.998357892036438,0,1,0,-0.998357892036438,0,-0.057284992188215259],5,0.7133452892303467],[[767.94873046875,229.83998107910157,47.258331298828128,-0.0567886158823967,0,0.9983862042427063,0,1,0,-0.9983862042427063,0,-0.0567886158823967],5,0.7298526763916016],[[767.7489624023438,229.97109985351563,47.26871109008789,-0.056303445249795917,0,0.9984136819839478,0,1,0,-0.9984136819839478,0,-0.056303445249795917],5,0.7423360347747803],[[767.6157836914063,230.04148864746095,47.27545928955078,-0.05593239143490791,0,0.9984345436096191,0,1,0,-0.9984345436096191,0,-0.05593239143490791],5,0.7600138187408447],[[767.2828369140625,230.15785217285157,47.29218292236328,-0.054970595985651019,0,0.9984879493713379,0,1,0,-0.9984879493713379,0,-0.054970595985651019],5,0.771878719329834],[[766.8167114257813,230.17767333984376,47.31409454345703,-0.039299868047237399,0,0.9992274641990662,0,1,0,-0.9992274641990662,0,-0.039299868047237399],5,0.8111228942871094],[[766.4837646484375,230.08966064453126,47.327083587646487,-0.03829040378332138,0,0.9992666244506836,0,1,0,-0.9992666244506836,0,-0.03829040378332138],5,0.8322234153747559],[[766.2174072265625,229.9579315185547,47.33720016479492,-0.033193934708833697,0,0.9994489550590515,0,1,0,-0.9994489550590515,0,-0.033193934708833697],5,0.8392434120178223],[[766.0841064453125,229.8716278076172,47.341739654541019,-0.03114975057542324,0,0.9995146989822388,0,1,0,-0.9995146989822388,0,-0.03114975057542324],5,0.8492045402526856],[[765.8841552734375,229.7166290283203,47.3480224609375,-0.029408806934952737,0,0.999567449092865,0,1,0,-0.999567449092865,0,-0.029408806934952737],5,0.8585443496704102],[[765.8175048828125,229.6581573486328,47.35001754760742,-0.02923460863530636,0,0.9995725750923157,0,1,0,-0.9995725750923157,0,-0.02923460863530636],5,0.8644819259643555],[[765.6175537109375,229.4622802734375,47.35588455200195,-0.025965562090277673,0,0.9996628165245056,0,1,0,-0.9996628165245056,0,-0.025965562090277673],5,0.8743212223052979],[[765.4842529296875,229.31466674804688,47.359432220458987,-0.024114031344652177,0,0.9997091889381409,0,1,0,-0.9997091889381409,0,-0.024114031344652177],5,0.8829724788665772],[[765.2843017578125,229.0677032470703,47.36430740356445,-0.022403094917535783,0,0.9997490048408508,0,1,0,-0.9997490048408508,0,-0.022403094917535783],5,0.895514965057373],[[765.1510009765625,228.88601684570313,47.367332458496097,-0.01721743494272232,0,0.9998517632484436,0,1,0,-0.9998517632484436,0,-0.01721743494272232],5,0.9049129486083984],[[765.0177001953125,228.6907196044922,47.36978530883789,-0.01373091246932745,0,0.9999057054519653,0,1,0,-0.9999057054519653,0,-0.01373091246932745],5,0.9130034446716309],[[764.8843994140625,228.48178100585938,47.37173080444336,-0.008542047813534737,0,0.9999635219573975,0,1,0,-0.9999635219573975,0,-0.008542047813534737],5,0.9226348400115967],[[764.6844482421875,228.14285278320313,47.37359619140625,-0.005141759291291237,0,0.9999867677688599,0,1,0,-0.9999867677688599,0,-0.005141759291291237],5,0.9321246147155762],[[764.5511474609375,227.8998565673828,47.374359130859378,0.00019023503409698606,0,1,0,1,0,-1,0,0.00019023503409698606],5,0.9438612461090088],[[764.3511962890625,227.50982666015626,47.374481201171878,0.01341499574482441,0,0.9999099969863892,0,1,0,-0.9999099969863892,0,0.01341499574482441],5,0.9554123878479004],[[764.2178955078125,227.23277282714845,47.373043060302737,0.022511478513479234,0,0.999746561050415,0,1,0,-0.999746561050415,0,0.022511478513479234],5,0.9731974601745606],[[763.9512939453125,226.63778686523438,47.36727523803711,0.038642000406980517,0,0.9992530941963196,0,1,0,-0.9992530941963196,0,0.038642000406980517],5,0.9805059432983398],[[763.8180541992188,226.3198699951172,47.36246109008789,0.04687593877315521,0,0.9989007115364075,0,1,0,-0.9989007115364075,0,0.04687593877315521],5,0.9865596294403076],[[763.6848754882813,225.98831176757813,47.35643768310547,0.05404878407716751,0,0.9985383152961731,0,1,0,-0.9985383152961731,0,0.05404878407716751],5,0.9960217475891113],[[763.5516967773438,225.6431427001953,47.34944152832031,0.06277064234018326,0,0.9980279803276062,0,1,0,-0.9980279803276062,0,0.06277064234018326],5,1.0051002502441407],[[763.4186401367188,225.28433227539063,47.34133529663086,0.07818832248449326,0,0.9969385862350464,0,1,0,-0.9969385862350464,0,0.07818832248449326],5,1.0145084857940674],[[763.21923828125,224.7205810546875,47.32617950439453,0.08830777555704117,0,0.996093213558197,0,1,0,-0.996093213558197,0,0.08830777555704117],5,1.0245873928070069],[[763.08642578125,224.3277130126953,47.31464385986328,0.09917648881673813,0,0.9950698614120483,0,1,0,-0.9950698614120483,0,0.09917648881673813],5,1.033493995666504],[[762.9537353515625,223.92123413085938,47.30173873901367,0.11463087797164917,0,0.9934081435203552,0,1,0,-0.9934081435203552,0,0.11463087797164917],5,1.0432534217834473],[[762.8212280273438,223.50111389160157,47.28693389892578,0.13013151288032533,0,0.991496741771698,0,1,0,-0.991496741771698,0,0.13013151288032533],5,1.052164077758789],[[762.6228637695313,223.1271209716797,47.26139450073242,0.15993458032608033,0,0.9871276021003723,0,1,0,-0.9871276021003723,0,0.15993458032608033],7,1.0638811588287354],[[762.4910888671875,223.1236114501953,47.24103927612305,0.17589876055717469,0,0.9844082593917847,0,1,0,-0.9844082593917847,0,0.17589876055717469],7,1.0717527866363526],[[762.2940673828125,223.2671356201172,47.20659255981445,0.1914040744304657,0,0.9815113544464111,0,1,0,-0.9815113544464111,0,0.1914040744304657],7,1.0834646224975587],[[762.2285766601563,223.32237243652345,47.19424057006836,0.19143764674663545,0,0.9815047979354858,0,1,0,-0.9815047979354858,0,0.19143764674663545],7,1.0906517505645753],[[762.0322265625,223.46536254882813,47.15618896484375,0.24258439242839814,0,0.9701303243637085,0,1,0,-0.9701303243637085,0,0.24258439242839814],8,1.103790283203125],[[761.8378295898438,223.64210510253907,47.109622955322269,0.2611819803714752,0,0.9652895927429199,0,1,0,-0.9652895927429199,0,0.2611819803714752],8,1.111978530883789],[[761.64453125,223.7957763671875,47.05819320678711,0.28135621547698977,0,0.9596033692359924,0,1,0,-0.9596033692359924,0,0.28135621547698977],8,1.1276881694793702],[[761.388427734375,224.03749084472657,46.98400115966797,0.31635943055152895,0,0.9486393928527832,0,1,0,-0.9486393928527832,0,0.31635943055152895],8,1.1494925022125245],[[761.1982421875,224.17959594726563,46.92206954956055,0.33946293592453005,0,0.9406194090843201,0,1,0,-0.9406194090843201,0,0.33946293592453005],8,1.1566956043243409],[[761.072509765625,224.2484130859375,46.87766647338867,0.34766680002212527,0,0.9376181364059448,0,1,0,-0.9376181364059448,0,0.34766680002212527],8,1.1645324230194092],[[760.8840942382813,224.90069580078126,46.81047821044922,0.3525749742984772,0,0.9357835650444031,0,1,0,-0.9357835650444031,0,0.3525749742984772],3,1.1789708137512208],[[760.6967163085938,225.52232360839845,46.74059295654297,0.35716718435287478,0,0.9340404868125916,0,1,0,-0.9340404868125916,0,0.35716718435287478],5,1.2005302906036378],[[760.4476318359375,226.303466796875,46.6454963684082,0.3750205636024475,0,0.9270164966583252,0,1,0,-0.9270164966583252,0,0.3750205636024475],5,1.2062709331512452],[[760.2620849609375,226.8535614013672,46.57084655761719,0.3899230360984802,0,0.920847475528717,0,1,0,-0.920847475528717,0,0.3899230360984802],5,1.2170071601867676],[[760.13916015625,227.20326232910157,46.51918411254883,0.40800029039382937,0,0.9129818081855774,0,1,0,-0.9129818081855774,0,0.40800029039382937],5,1.2250735759735108],[[760.0172119140625,227.53933715820313,46.46531677246094,0.4299825429916382,0,0.9028372168540955,0,1,0,-0.9028372168540955,0,0.4299825429916382],5,1.2354862689971924],[[759.8965454101563,227.86178588867188,46.408668518066409,0.45482221245765688,0,0.890582263469696,0,1,0,-0.890582263469696,0,0.45482221245765688],5,1.2455689907073975],[[759.7774047851563,228.1706085205078,46.34880447387695,0.4779500365257263,0,0.8783870339393616,0,1,0,-0.8783870339393616,0,0.4779500365257263],5,1.2548024654388428],[[759.6013793945313,228.60829162597657,46.25394058227539,0.497200071811676,0,0.8676359057426453,0,1,0,-0.8676359057426453,0,0.497200071811676],5,1.2631287574768067],[[759.4854736328125,228.883056640625,46.18810272216797,0.5203877687454224,0,0.8539300560951233,0,1,0,-0.8539300560951233,0,0.5203877687454224],5,1.2724709510803223],[[759.3142700195313,229.26963806152345,46.08470916748047,0.522393524646759,0,0.8527045249938965,0,1,0,-0.8527045249938965,0,0.522393524646759],5,1.2848131656646729],[[759.0301513671875,229.84584045410157,45.9103889465332,0.5230532288551331,0,0.8523000478744507,0,1,0,-0.8523000478744507,0,0.5230532288551331],5,1.306764841079712],[[758.91650390625,230.05247497558595,45.84061813354492,0.523279070854187,0,0.8521613478660584,0,1,0,-0.8521613478660584,0,0.523279070854187],5,1.313762903213501],[[758.8028564453125,230.2454833984375,45.77084732055664,0.5232865214347839,0,0.8521568179130554,0,1,0,-0.8521568179130554,0,0.5232865214347839],5,1.3221795558929444],[[758.689208984375,230.42486572265626,45.70107650756836,0.5232890844345093,0,0.8521552085876465,0,1,0,-0.8521552085876465,0,0.5232890844345093],5,1.329226016998291],[[758.5755615234375,230.5906219482422,45.63130569458008,0.5232899785041809,0,0.8521546721458435,0,1,0,-0.8521546721458435,0,0.5232899785041809],5,1.3398795127868653],[[758.4050903320313,230.813720703125,45.526649475097659,0.5232901573181152,0,0.852154552936554,0,1,0,-0.852154552936554,0,0.5232901573181152],5,1.354912519454956],[[758.234619140625,231.00616455078126,45.421993255615237,0.5232903361320496,0,0.8521544933319092,0,1,0,-0.8521544933319092,0,0.5232903361320496],5,1.3734986782073975],[[758.00732421875,231.21505737304688,45.28245162963867,0.5232904553413391,0,0.8521543741226196,0,1,0,-0.8521543741226196,0,0.5232904553413391],5,1.379016637802124],[[757.8936767578125,231.29905700683595,45.21268081665039,0.5232903361320496,0,0.8521544337272644,0,1,0,-0.8521544337272644,0,0.5232903361320496],5,1.3865652084350587],[[757.780029296875,231.36944580078126,45.14291000366211,0.5232903361320496,0,0.8521544337272644,0,1,0,-0.8521544337272644,0,0.5232903361320496],5,1.3968055248260499],[[757.6095581054688,231.44947814941407,45.03825378417969,0.5232909321784973,0,0.8521540760993958,0,1,0,-0.8521540760993958,0,0.5232909321784973],5,1.4098334312438965],[[757.4390869140625,231.4988555908203,44.933597564697269,0.5218968987464905,0,0.8530085682868958,0,1,0,-0.8530085682868958,0,0.5218968987464905],5,1.4304919242858887],[[757.2116088867188,231.51699829101563,44.79438781738281,0.5232075452804565,0,0.8522052764892578,0,1,0,-0.8522052764892578,0,0.5232075452804565],5,1.437971591949463],[[757.0979614257813,231.50563049316407,44.72466278076172,0.5289876461029053,0,0.8486295342445374,0,1,0,-0.8486295342445374,0,0.5289876461029053],5,1.4464263916015626],[[756.9847412109375,231.48065185546876,44.6543083190918,0.5447304248809815,0,0.8386112451553345,0,1,0,-0.8386112451553345,0,0.5447304248809815],5,1.4544193744659424],[[756.8726196289063,231.44203186035157,44.58217239379883,0.5907930135726929,0,0.806823194026947,0,1,0,-0.806823194026947,0,0.5907930135726929],5,1.4636943340301514],[[756.7640380859375,231.38980102539063,44.50484085083008,0.6209192276000977,0,0.7838745713233948,0,1,0,-0.7838745713233948,0,0.6209192276000977],7,1.4754681587219239],[[756.6064453125,231.285888671875,44.38181686401367,0.6511619091033936,0,0.7589388489723206,0,1,0,-0.7589388489723206,0,0.6511619091033936],7,1.4851746559143067],[[756.4537353515625,231.17529296875,44.2526969909668,0.7016216516494751,0,0.7125496864318848,0,1,0,-0.7125496864318848,0,0.7016216516494751],7,1.4967045783996583],[[756.3570556640625,231.1588592529297,44.16091537475586,0.7201113104820252,0,0.6938585638999939,0,1,0,-0.6938585638999939,0,0.7201113104820252],7,1.504906177520752],[[756.2173461914063,231.16355895996095,44.01786422729492,0.7345052361488342,0,0.6786029934883118,0,1,0,-0.6786029934883118,0,0.7345052361488342],8,1.517416000366211],[[756.1262817382813,231.1707305908203,43.92047119140625,0.7450878620147705,0,0.6669663190841675,0,1,0,-0.6669663190841675,0,0.7450878620147705],8,1.5262868404388428],[[756.036865234375,231.17739868164063,43.821563720703128,0.757764995098114,0,0.6525275707244873,0,1,0,-0.6525275707244873,0,0.757764995098114],8,1.5344417095184327],[[755.9493408203125,231.18287658691407,43.72102737426758,0.7623079419136047,0,0.6472144722938538,0,1,0,-0.6472144722938538,0,0.7623079419136047],8,1.5429303646087647],[[755.86279296875,231.1871337890625,43.61961364746094,0.7623080015182495,0,0.647214412689209,0,1,0,-0.647214412689209,0,0.7623080015182495],8,1.5507574081420899],[[755.7333374023438,231.191650390625,43.46718978881836,0.7668111324310303,0,0.6418728232383728,0,1,0,-0.6418728232383728,0,0.7668111324310303],8,1.5645744800567628],[[755.6047973632813,231.19454956054688,43.31399917602539,0.7690505385398865,0,0.6391879916191101,0,1,0,-0.6391879916191101,0,0.7690505385398865],8,1.574925422668457],[[755.5194702148438,231.1958770751953,43.211544036865237,0.776810348033905,0,0.6297346353530884,0,1,0,-0.6297346353530884,0,0.776810348033905],8,1.5873243808746338],[[755.3931884765625,231.197265625,43.056488037109378,0.7833672761917114,0,0.6215591430664063,0,1,0,-0.6215591430664063,0,0.7833672761917114],8,1.5961999893188477],[[755.31005859375,231.19789123535157,42.95227813720703,0.8035594820976257,0,0.5952244400978088,0,1,0,-0.5952244400978088,0,0.8035594820976257],8,1.6077094078063965],[[755.1900024414063,231.1985321044922,42.7923698425293,0.8188790678977966,0,0.5739660859107971,0,1,0,-0.5739660859107971,0,0.8188790678977966],8,1.6172595024108887],[[755.1127319335938,231.19882202148438,42.68375015258789,0.8384264707565308,0,0.5450146794319153,0,1,0,-0.5450146794319153,0,0.8384264707565308],8,1.6256673336029053],[[755.0390014648438,231.1990203857422,42.57271194458008,0.8614165782928467,0,0.5078991055488586,0,1,0,-0.5078991055488586,0,0.8614165782928467],8,1.635352611541748],[[754.9358520507813,231.19924926757813,42.40141677856445,0.8876421451568604,0,0.46053385734558108,0,1,0,-0.46053385734558108,0,0.8876421451568604],8,1.6466457843780518],[[754.8727416992188,231.19935607910157,42.28401184082031,0.9155327081680298,0,0.40224355459213259,0,1,0,-0.40224355459213259,0,0.9155327081680298],8,1.6552550792694092],[[754.81689453125,231.19943237304688,42.16303253173828,0.9705556035041809,0,0.24087725579738618,0,1,0,-0.24087725579738618,0,0.9705556035041809],8,1.664273977279663],[[754.7786254882813,231.19949340820313,42.03573989868164,0.989250898361206,0,0.14622831344604493,0,1,0,-0.14622831344604493,0,0.989250898361206],8,1.6732828617095948],[[754.7548217773438,231.19952392578126,41.904815673828128,0.9993558526039124,0,0.0358864888548851,0,1,0,-0.0358864888548851,0,0.9993558526039124],8,1.6828181743621827],[[754.7423706054688,231.19956970214845,41.70549774169922,0.9961846470832825,0,-0.08727052807807923,0,1,0,0.08727052807807923,0,0.9961846470832825],8,1.6922504901885987],[[754.7489624023438,231.1995849609375,41.572547912597659,0.9772876501083374,0,-0.21191702783107758,0,1,0,0.21191702783107758,0,0.9772876501083374],8,1.702932596206665],[[754.771728515625,231.1995849609375,41.44148635864258,0.8886913061141968,0,-0.4585059583187103,0,1,0,0.4585059583187103,0,0.8886913061141968],8,1.7133066654205323],[[754.8522338867188,231.1995849609375,41.259788513183597,0.8265172839164734,0,-0.562911331653595,0,1,0,0.562911331653595,0,0.8265172839164734],8,1.7220399379730225],[[754.9224243164063,231.1995849609375,41.14677047729492,0.7597241401672363,0,-0.6502455472946167,0,1,0,0.6502455472946167,0,0.7597241401672363],8,1.729905128479004],[[755.0050659179688,231.1995849609375,41.04246139526367,0.6903748512268066,0,-0.7234518527984619,0,1,0,0.7234518527984619,0,0.6903748512268066],8,1.741072177886963],[[755.1461181640625,231.1995849609375,40.901039123535159,0.619983971118927,0,-0.7846145033836365,0,1,0,0.7846145033836365,0,0.619983971118927],8,1.750082015991211],[[755.3004150390625,231.1995849609375,40.774070739746097,0.48416537046432497,0,-0.8749765157699585,0,1,0,0.8749765157699585,0,0.48416537046432497],8,1.7612848281860352],[[755.3562622070313,231.1995849609375,40.73809814453125,0.43012580275535586,0,-0.9027689695358276,0,1,0,0.9027689695358276,0,0.43012580275535586],8,1.77055025100708],[[755.5343017578125,231.1995849609375,40.64773941040039,0.37888103723526,0,-0.9254453778266907,0,1,0,0.9254453778266907,0,0.37888103723526],8,1.7806987762451172],[[755.65673828125,231.1995849609375,40.595096588134769,0.3326398730278015,0,-0.9430539608001709,0,1,0,0.9430539608001709,0,0.3326398730278015],8,1.7898261547088624],[[755.9702758789063,231.1995849609375,40.48194885253906,0.2169675976037979,0,-0.9761788249015808,0,1,0,0.9761788249015808,0,0.2169675976037979],8,1.8067092895507813],[[756.0991821289063,231.1995849609375,40.448341369628909,0.19324402511119843,0,-0.98115074634552,0,1,0,0.98115074634552,0,0.19324402511119843],8,1.817873477935791],[[756.2296142578125,231.1995849609375,40.42083740234375,0.1668124943971634,0,-0.9859886169433594,0,1,0,0.9859886169433594,0,0.1668124943971634],8,1.8272743225097657],[[756.36083984375,231.1995849609375,40.397361755371097,0.14301562309265138,0,-0.9897204041481018,0,1,0,0.9897204041481018,0,0.14301562309265138],8,1.8371689319610596],[[756.55859375,231.1995849609375,40.36762619018555,0.11888308078050614,0,-0.992908239364624,0,1,0,0.992908239364624,0,0.11888308078050614],8,1.8458104133605958],[[756.6908569335938,231.1995849609375,40.35087966918945,0.07374787330627442,0,-0.9972769021987915,0,1,0,0.9972769021987915,0,0.07374787330627442],8,1.8561875820159913],[[756.89013671875,231.1995849609375,40.33427810668945,0.05283732712268829,0,-0.998603105545044,0,1,0,0.998603105545044,0,0.05283732712268829],8,1.8676493167877198],[[757.0895385742188,231.85186767578126,40.31901168823242,0.03364425525069237,0,-0.9994338750839233,0,1,0,0.9994338750839233,0,0.03364425525069237],3,1.8821971416473389],[[757.2893676757813,232.47349548339845,40.310665130615237,0.00254201702773571,0,-0.9999967813491821,0,1,0,0.9999967813491821,0,0.00254201702773571],5,1.906691312789917],[[757.6226196289063,233.44140625,40.309104919433597,-0.022882619872689248,0,-0.9997381567955017,0,1,0,0.9997381567955017,0,-0.022882619872689248],5,1.914778232574463],[[757.7559204101563,233.8047332763672,40.311798095703128,-0.026621775701642038,0,-0.9996455907821655,0,1,0,0.9996455907821655,0,-0.026621775701642038],5,1.921698808670044],[[757.8892211914063,234.15443420410157,40.31532287597656,-0.027187004685401918,0,-0.9996303915977478,0,1,0,0.9996303915977478,0,-0.027187004685401918],5,1.9287843704223633],[[758.0225219726563,234.49050903320313,40.3189697265625,-0.027379220351576806,0,-0.9996251463890076,0,1,0,0.9996251463890076,0,-0.027379220351576806],5,1.9377245903015137],[[758.1558227539063,234.81295776367188,40.3226318359375,-0.02744457684457302,0,-0.9996232986450195,0,1,0,0.9996232986450195,0,-0.02744457684457302],5,1.9477782249450684],[[758.2891235351563,235.1217803955078,40.3262939453125,-0.027466852217912675,0,-0.9996227025985718,0,1,0,0.9996227025985718,0,-0.027466852217912675],5,1.9546825885772706],[[758.4890747070313,235.55946350097657,40.331787109375,-0.0307470690459013,0,-0.9995272159576416,0,1,0,0.9995272159576416,0,-0.0307470690459013],5,1.9668292999267579],[[758.6223754882813,235.834228515625,40.33579635620117,-0.030883483588695527,0,-0.9995229840278626,0,1,0,0.9995229840278626,0,-0.030883483588695527],5,1.974531888961792],[[758.7556762695313,236.09535217285157,40.339908599853519,-0.0343075655400753,0,-0.9994113445281982,0,1,0,0.9994113445281982,0,-0.0343075655400753],5,1.9854488372802735],[[758.8889770507813,236.34286499023438,40.344383239746097,-0.034381408244371417,0,-0.9994087815284729,0,1,0,0.9994087815284729,0,-0.034381408244371417],5,1.9928574562072755],[[759.0889282226563,236.68858337402345,40.35125732421875,-0.03442888334393501,0,-0.999407172203064,0,1,0,0.999407172203064,0,-0.03442888334393501],5,2.004246950149536],[[759.1555786132813,236.79701232910157,40.353553771972659,-0.03445891663432121,0,-0.999406099319458,0,1,0,0.999406099319458,0,-0.03445891663432121],5,2.011030673980713],[[759.3555297851563,237.1018524169922,40.360443115234378,-0.03445851057767868,0,-0.9994061589241028,0,1,0,0.9994061589241028,0,-0.03445851057767868],5,2.021214485168457],[[759.4888305664063,237.28805541992188,40.36503601074219,-0.03446168825030327,0,-0.9994060397148132,0,1,0,0.9994060397148132,0,-0.03446168825030327],5,2.031162738800049],[[759.6221313476563,237.4606170654297,40.36962890625,-0.03446218743920326,0,-0.9994059801101685,0,1,0,0.9994059801101685,0,-0.03446218743920326],5,2.040365695953369],[[759.8220825195313,237.69393920898438,40.37651824951172,-0.03609864413738251,0,-0.9993482232093811,0,1,0,0.9993482232093811,0,-0.03609864413738251],5,2.052156686782837],[[759.9553833007813,237.8324432373047,40.381282806396487,-0.039530400186777118,0,-0.9992183446884155,0,1,0,0.9992183446884155,0,-0.039530400186777118],5,2.0594892501831056],[[760.0885620117188,237.95733642578126,40.38644790649414,-0.04802563413977623,0,-0.9988461136817932,0,1,0,0.9988461136817932,0,-0.04802563413977623],5,2.069305181503296],[[760.288330078125,238.11911010742188,40.39578628540039,-0.08411531150341034,0,-0.9964560270309448,0,1,0,0.9964560270309448,0,-0.08411531150341034],5,2.0784475803375246],[[760.4212646484375,238.20993041992188,40.40602111816406,-0.1176067367196083,0,-0.9930602312088013,0,1,0,0.9930602312088013,0,-0.1176067367196083],5,2.088008403778076],[[760.5537719726563,238.28712463378907,40.42066955566406,-0.15546439588069917,0,-0.9878414869308472,0,1,0,0.9878414869308472,0,-0.15546439588069917],5,2.0983989238739015],[[760.75146484375,238.37738037109376,40.450584411621097,-0.19355225563049317,0,-0.9810899496078491,0,1,0,0.9810899496078491,0,-0.19355225563049317],5,2.110095500946045],[[760.8824462890625,238.42051696777345,40.475460052490237,-0.26822176575660708,0,-0.9633572101593018,0,1,0,0.9633572101593018,0,-0.26822176575660708],5,2.1214516162872316],[[761.0759887695313,238.4596710205078,40.525390625,-0.2964344322681427,0,-0.9550532102584839,0,1,0,0.9550532102584839,0,-0.2964344322681427],5,2.1397311687469484],[[761.3306884765625,238.4641876220703,40.604164123535159,-0.3291712701320648,0,-0.9442702531814575,0,1,0,0.9442702531814575,0,-0.3291712701320648],5,2.1469264030456545],[[761.4567260742188,238.44601440429688,40.647483825683597,-0.332607239484787,0,-0.9430654644966126,0,1,0,0.9430654644966126,0,-0.332607239484787],5,2.1530678272247316],[[761.5824584960938,238.41421508789063,40.691802978515628,-0.3396221697330475,0,-0.9405619502067566,0,1,0,0.9405619502067566,0,-0.3396221697330475],5,2.164308547973633],[[761.7079467773438,238.36878967285157,40.736915588378909,-0.34153446555137637,0,-0.939869225025177,0,1,0,0.939869225025177,0,-0.34153446555137637],5,2.172647476196289],[[761.89599609375,238.2751007080078,40.8051872253418,-0.32936105132102969,0,-0.9442040324211121,0,1,0,0.9442040324211121,0,-0.32936105132102969],5,2.1821773052215578],[[762.0217895507813,238.19561767578126,40.849456787109378,-0.3146313428878784,0,-0.9492139220237732,0,1,0,0.9492139220237732,0,-0.3146313428878784],5,2.1946587562561037],[[762.2114868164063,238.0508270263672,40.912845611572269,-0.29713571071624758,0,-0.9548352360725403,0,1,0,0.9548352360725403,0,-0.29713571071624758],5,2.2054615020751955],[[762.3386840820313,237.93728637695313,40.952903747558597,-0.27666205167770388,0,-0.9609673023223877,0,1,0,0.9609673023223877,0,-0.27666205167770388],5,2.2154476642608644],[[762.515380859375,238.01751708984376,41.00809860229492,-0.2389925718307495,0,-0.9710214138031006,0,1,0,0.9710214138031006,0,-0.2389925718307495],12,2.22686505317688],[[762.6212768554688,238.1079864501953,41.041194915771487,-0.22479164600372315,0,-0.9744068384170532,0,1,0,0.9744068384170532,0,-0.22479164600372315],12,2.2348642349243166],[[762.7177734375,238.20091247558595,41.07133102416992,-0.2144889533519745,0,-0.9767264127731323,0,1,0,0.9767264127731323,0,-0.2144889533519745],12,2.2437307834625246],[[762.8047485351563,238.294189453125,41.098506927490237,-0.20763333141803742,0,-0.9782067537307739,0,1,0,0.9782067537307739,0,-0.20763333141803742],12,2.25290846824646],[[762.9174194335938,238.43417358398438,41.13371276855469,-0.20249700546264649,0,-0.9792828559875488,0,1,0,0.9792828559875488,0,-0.20249700546264649],12,2.2618608474731447],[[762.950927734375,238.52749633789063,41.14418411254883,-0.19393132627010346,0,-0.9810150861740112,0,1,0,0.9810150861740112,0,-0.19393132627010346],12,2.2734806537628176],[[762.9569091796875,238.66748046875,41.14606857299805,-0.1836387813091278,0,-0.9829937815666199,0,1,0,0.9829937815666199,0,-0.1836387813091278],12,2.2815604209899904],[[762.9571533203125,238.76080322265626,41.146156311035159,-0.17332734167575837,0,-0.9848642945289612,0,1,0,0.9848642945289612,0,-0.17332734167575837],12,2.2943830490112306],[[763.0842895507813,238.9374542236328,41.168548583984378,-0.17332735657691956,0,-0.9848642945289612,0,1,0,0.9848642945289612,0,-0.17332735657691956],8,2.3114850521087648],[[763.2079467773438,239.0029296875,41.190311431884769,-0.17332735657691956,0,-0.9848642945289612,0,1,0,0.9848642945289612,0,-0.17332735657691956],8,2.3175208568573],[[763.3381958007813,239.05320739746095,41.213233947753909,-0.17332735657691956,0,-0.9848642945289612,0,1,0,0.9848642945289612,0,-0.17332735657691956],8,2.326176881790161],[[763.4693603515625,239.09107971191407,41.2363166809082,-0.17332735657691956,0,-0.9848642945289612,0,1,0,0.9848642945289612,0,-0.17332735657691956],8,2.3363616466522219],[[763.6663208007813,239.13059997558595,41.27097702026367,-0.17332735657691956,0,-0.9848642945289612,0,1,0,0.9848642945289612,0,-0.17332735657691956],8,2.346250057220459],[[763.7976684570313,239.14865112304688,41.29408645629883,-0.17332735657691956,0,-0.9848642945289612,0,1,0,0.9848642945289612,0,-0.17332735657691956],8,2.354966402053833],[[763.9290161132813,239.1619873046875,41.317195892333987,-0.17332735657691956,0,-0.9848642945289612,0,1,0,0.9848642945289612,0,-0.17332735657691956],8,2.3634562492370607],[[764.0603637695313,239.17185974121095,41.34030532836914,-0.17332735657691956,0,-0.9848642945289612,0,1,0,0.9848642945289612,0,-0.17332735657691956],8,2.3733808994293215],[[764.2573852539063,239.18202209472657,41.374969482421878,-0.17332735657691956,0,-0.9848642945289612,0,1,0,0.9848642945289612,0,-0.17332735657691956],8,2.3835694789886476],[[764.3887329101563,239.1866455078125,41.39807891845703,-0.17332735657691956,0,-0.9848642945289612,0,1,0,0.9848642945289612,0,-0.17332735657691956],8,2.3925535678863527],[[764.5200805664063,239.19004821777345,41.42118835449219,-0.17332735657691956,0,-0.9848642945289612,0,1,0,0.9848642945289612,0,-0.17332735657691956],8,2.4008700847625734],[[764.7171020507813,239.19357299804688,41.45585250854492,-0.17332735657691956,0,-0.9848642945289612,0,1,0,0.9848642945289612,0,-0.17332735657691956],8,2.412118911743164],[[764.8484497070313,239.19515991210938,41.47896194458008,-0.17332735657691956,0,-0.9848642945289612,0,1,0,0.9848642945289612,0,-0.17332735657691956],8,2.420945882797241],[[765.3081665039063,239.1981201171875,41.559844970703128,-0.17332735657691956,0,-0.9848642945289612,0,1,0,0.9848642945289612,0,-0.17332735657691956],8,2.452023983001709],[[765.4395141601563,239.19851684570313,41.58295440673828,-0.1939302533864975,0,-0.9810153245925903,0,1,0,0.9810153245925903,0,-0.1939302533864975],8,2.459240198135376],[[765.5704345703125,239.19882202148438,41.60810470581055,-0.20591086149215699,0,-0.9785707592964172,0,1,0,0.9785707592964172,0,-0.20591086149215699],8,2.4661264419555666],[[765.7009887695313,239.1990509033203,41.635047912597659,-0.2399642914533615,0,-0.9707817435264587,0,1,0,0.9707817435264587,0,-0.2399642914533615],8,2.4766201972961427],[[765.8307495117188,239.19921875,41.665802001953128,-0.30049577355384829,0,-0.9537831544876099,0,1,0,0.9537831544876099,0,-0.30049577355384829],8,2.485264778137207],[[765.9585571289063,239.1993408203125,41.70361328125,-0.38415583968162539,0,-0.9232682585716248,0,1,0,0.9232682585716248,0,-0.38415583968162539],8,2.4938554763793947],[[766.1444702148438,239.199462890625,41.77692413330078,-0.5893692374229431,0,-0.8078638315200806,0,1,0,0.8078638315200806,0,-0.5893692374229431],8,2.5041050910949709],[[766.256591796875,239.19952392578126,41.84770965576172,-0.6857286095619202,0,-0.7278572916984558,0,1,0,0.7278572916984558,0,-0.6857286095619202],8,2.5124547481536867],[[766.357421875,239.19955444335938,41.93428039550781,-0.771205484867096,0,-0.6365862488746643,0,1,0,0.6365862488746643,0,-0.771205484867096],8,2.523966073989868],[[766.4893798828125,239.19960021972657,42.084014892578128,-0.8430536389350891,0,-0.5378295183181763,0,1,0,0.5378295183181763,0,-0.8430536389350891],8,2.5333139896392824],[[766.5653076171875,239.19961547851563,42.1933479309082,-0.9369421005249023,0,-0.3494846224784851,0,1,0,0.3494846224784851,0,-0.9369421005249023],8,2.5421106815338136],[[766.6195068359375,239.19961547851563,42.31437301635742,-0.96357262134552,0,-0.2674468457698822,0,1,0,0.2674468457698822,0,-0.96357262134552],8,2.552593231201172],[[766.677734375,239.19961547851563,42.50532531738281,-0.9812924861907959,0,-0.19252285361289979,0,1,0,0.19252285361289979,0,-0.9812924861907959],8,2.561990976333618],[[766.7195434570313,239.19961547851563,42.70076370239258,-0.9978904724121094,0,-0.06491976976394654,0,1,0,0.06491976976394654,0,-0.9978904724121094],8,2.577235698699951],[[766.733154296875,239.19961547851563,42.83317184448242,-0.9998579025268555,0,-0.016856061294674875,0,1,0,0.016856061294674875,0,-0.9998579025268555],8,2.5861284732818605],[[766.7379760742188,239.19961547851563,42.96632385253906,-0.9996213316917419,0,0.027517102658748628,0,1,0,-0.027517102658748628,0,-0.9996213316917419],8,2.594686985015869],[[766.7362670898438,239.19961547851563,43.09959411621094,-0.9978492259979248,0,0.06555130332708359,0,1,0,-0.06555130332708359,0,-0.9978492259979248],8,2.603388547897339],[[766.7206420898438,239.19961547851563,43.365753173828128,-0.990851104259491,0,0.13495953381061555,0,1,0,-0.13495953381061555,0,-0.990851104259491],8,2.6153945922851564],[[766.7078247070313,239.85189819335938,43.56532669067383,-0.9855425357818604,0,0.16942806541919709,0,1,0,-0.16942806541919709,0,-0.9855425357818604],3,2.6310617923736574],[[766.6813354492188,240.47352600097657,43.763301849365237,-0.9745919108390808,0,0.22398801147937776,0,1,0,-0.22398801147937776,0,-0.9745919108390808],5,2.652489185333252],[[766.6241455078125,241.25466918945313,44.023624420166019,-0.9712563753128052,0,0.23803573846817017,0,1,0,-0.23803573846817017,0,-0.9712563753128052],5,2.6576902866363527],[[766.6084594726563,241.44143676757813,44.08841323852539,-0.9705619215965271,0,0.24085164070129395,0,1,0,-0.24085164070129395,0,-0.9705619215965271],5,2.6649603843688967],[[766.5604248046875,241.9813232421875,44.282562255859378,-0.9705720543861389,0,0.24081087112426759,0,1,0,-0.24081087112426759,0,-0.9705720543861389],5,2.6766750812530519],[[766.5283203125,242.32420349121095,44.411964416503909,-0.9704936146736145,0,0.2411268651485443,0,1,0,-0.2411268651485443,0,-0.970493614673