[[[776,222.69961547851563,47,1,-6.51887077651736e-8,1.3911366904349049e-13,6.51887077651736e-8,1,-3.5019457556018099e-8,-1.3683080005415933e-13,3.5019457556018099e-8,1],8,0.0169219970703125],[[776,222.69961547851563,47,1,-2.8827876974446555e-8,1.384151717938667e-13,2.8827876974446555e-8,1,-1.548634998016496e-8,-1.3796872444429149e-13,1.548634998016496e-8,1],8,0.050078630447387698],[[776,222.69961547851563,47,1,2.9268703016782639e-8,1.3876951616888928e-13,-2.9268703016782639e-8,1,1.5723252033694736e-8,-1.3830931300425065e-13,-1.5723252033694736e-8,1],8,0.0627291202545166],[[776,222.69961547851563,47,1,4.3777333758043827e-8,1.3914082830791125e-13,-4.3777333758043827e-8,1,2.351732142358287e-8,-1.3811129702997333e-13,-2.351732142358287e-8,1],8,0.07142496109008789],[[776,222.69961547851563,47,1,5.827976679029234e-8,1.3962495168298034e-13,-5.827976679029234e-8,1,3.130806192075397e-8,-1.3780032074185018e-13,-3.130806192075397e-8,1],8,0.08048486709594727],[[776,222.69961547851563,47,1,8.002179896493544e-8,1.4056233932878415e-13,-8.002179896493544e-8,1,4.298793498946907e-8,-1.3712236912339499e-13,-4.298793498946907e-8,1],8,0.09153938293457031],[[776,222.69961547851563,47,1,9.450874216554439e-8,1.413278538251947e-13,-9.450874216554439e-8,1,5.077035325484758e-8,-1.3652960869064285e-13,-5.077035325484758e-8,1],8,0.10271263122558594],[[776,222.69961547851563,47,1,9.360690711446296e-8,1.4137160138285449e-13,-9.360690711446296e-8,1,5.028588745403795e-8,-1.366644969934272e-13,-5.028588745403795e-8,1],8,0.11227560043334961],[[776,222.69961547851563,47,1,6.918840256275871e-8,1.4045801197473674e-13,-6.918840256275871e-8,1,3.716819918508918e-8,-1.3788640639434553e-13,-3.716819918508918e-8,1],8,0.1236569881439209],[[776,222.69961547851563,47,1,4.47855441620959e-8,1.3987248859148594e-13,-4.47855441620959e-8,1,2.4058909531277096e-8,-1.3879499491994269e-13,-2.4058909531277096e-8,1],8,0.13494277000427247],[[776,222.69961547851563,47,1,2.0398330136117694e-8,1.39608336284687e-13,-2.0398330136117694e-8,1,1.0958021157136955e-8,-1.393848009017748e-13,-1.0958021157136955e-8,1],8,0.14708638191223145],[[776,222.69961547851563,47,1,-3.973254170119844e-9,1.3966372546317386e-13,3.973254170119844e-9,1,-2.1344730427586e-9,-1.3965524158117416e-13,2.1344730427586e-9,1],8,0.15824556350708009],[[776,222.69961547851563,47,1,-2.0212297613397824e-8,1.398777469720225e-13,2.0212297613397824e-8,1,-1.0858141941127997e-8,-1.396582773472571e-13,1.0858141941127997e-8,1],8,0.17476201057434083],[[776,222.69961547851563,47,1,-5.266956648597443e-8,1.4072994343212326e-13,5.266956648597443e-8,1,-2.8294300236098026e-8,-1.3923969399351478e-13,2.8294300236098026e-8,1],8,0.18468594551086427],[[776,222.69961547851563,47,1,-7.699431847640881e-8,1.4173948473250598e-13,7.699431847640881e-8,1,-4.136164477586135e-8,-1.3855487124379146e-13,4.136164477586135e-8,1],8,0.19681406021118165],[[776,222.69961547851563,47,1,-8.613081092789798e-8,1.4240442592489134e-13,8.613081092789798e-8,1,-4.6269800435538858e-8,-1.384191833419049e-13,4.6269800435538858e-8,1],8,0.21968412399291993],[[776,222.69961547851563,47,1,-6.338395053262502e-8,1.4163609250283233e-13,6.338395053262502e-8,1,-3.405010318147106e-8,-1.3947786610575553e-13,3.405010318147106e-8,1],8,0.24072265625],[[776,222.69961547851563,47,1,-1.793397785831985e-8,1.4092753927805874e-13,1.793397785831985e-8,1,-9.634189446217079e-9,-1.40754758109346e-13,9.634189446217079e-9,1],8,0.2555429935455322],[[776,222.69961547851563,47,1,-2.7969320193221849e-9,1.4093758170068139e-13,2.7969320193221849e-9,1,-1.5025040100979937e-9,-1.40933380417263e-13,1.5025040100979937e-9,1],8,0.26431798934936526],[[776,222.69961547851563,47,1,2.7457755180648747e-8,1.4132637659973469e-13,-2.7457755180648747e-8,1,1.4750447085987162e-8,-1.4092137287820273e-13,-1.4750447085987162e-8,1],8,0.2788105010986328],[[775.8386840820313,222.69961547851563,47.0096321105957,0.9887584447860718,5.698255378661088e-8,0.1495218425989151,-6.100470528735969e-8,1,2.231351992065811e-8,-0.1495218425989151,-3.1184214321910989e-8,0.9887584447860718],8,0.2972700595855713],[[775.57568359375,222.69961547851563,47.01460266113281,0.9422734975814819,8.483402780257166e-8,0.334844172000885,-9.601270534176365e-8,1,1.6832315097303764e-8,-0.334844172000885,-4.8009937358983737e-8,0.9422734975814819],8,0.3267204761505127],[[775.1766357421875,222.69961547851563,46.98945999145508,0.8335534334182739,7.839154392286219e-8,0.5524389147758484,-9.075564832983219e-8,1,-4.96320051723842e-9,-0.5524389147758484,-4.5999854592082559e-8,0.8335534334182739],8,0.33751893043518069],[[775.0445556640625,222.69961547851563,46.971893310546878,0.7954248785972595,6.075079284073581e-8,0.6060522198677063,-7.0076922042972e-8,1,-8.266391127165207e-9,-0.6060522198677063,-3.5894981209594337e-8,0.7954248785972595],8,0.34612226486206057],[[774.9130859375,222.69961547851563,46.949859619140628,0.7603532075881958,4.311496937248194e-8,0.6495097875595093,-4.942001652352701e-8,1,-8.526896522198513e-9,-0.6495097875595093,-2.5615330301320683e-8,0.7603532075881958],8,0.3549196720123291],[[774.7820434570313,222.69961547851563,46.925174713134769,0.7275344729423523,2.5463478436904553e-8,0.6860710978507996,-2.8926820050401149e-8,1,-6.439885957831848e-9,-0.6860710978507996,-1.5160615873810458e-8,0.7275344729423523],8,0.3634514808654785],[[774.5214233398438,222.69961547851563,46.86860275268555,-0.9952232837677002,-6.043294575874825e-8,0.09762471169233322,-5.879974551703526e-8,1,1.960637163733736e-8,-0.09762471169233322,1.3772409879209136e-8,-0.9952232837677002],8,0.3794713020324707],[[774.3264770507813,222.69961547851563,46.823970794677737,-0.9816092252731323,-8.629145753502599e-8,0.19090136885643006,-7.966979609363989e-8,1,4.236140682678524e-8,-0.19090136885643006,2.637327334298334e-8,-0.9816092252731323],8,0.40090298652648928],[[774.0667114257813,222.69961547851563,46.76401901245117,-0.9738485217094421,-8.788159533423823e-8,0.2271983027458191,-7.751742003847539e-8,1,5.453989615489263e-8,-0.2271983027458191,3.5501770412338377e-8,-0.9738485217094421],8,0.40906786918640139],[[773.7425537109375,222.69961547851563,46.686561584472659,-0.9696497321128845,-4.9270994395556048e-8,0.2444983571767807,-4.000006725846106e-8,1,4.288348520731233e-8,-0.2444983571767807,3.180200636165864e-8,-0.9696497321128845],8,0.4283623695373535],[[773.6132202148438,222.69961547851563,46.65427017211914,-0.9681704044342041,-3.377197899112616e-8,0.250292032957077,-2.5017945048944058e-8,1,3.8156812820488997e-8,-0.250292032957077,3.068050347110329e-8,-0.9681704044342041],8,0.43772268295288088],[[773.4840698242188,222.69961547851563,46.621124267578128,-0.9672833681106567,-1.8197468421021769e-8,0.25369852781295779,-1.0057922494866034e-8,1,3.338059784141478e-8,-0.25369852781295779,2.973681567652875e-8,-0.9672833681106567],8,0.44707274436950686],[[773.2260131835938,222.69961547851563,46.55363845825195,-0.9663900136947632,1.3043677249413577e-8,0.2570803761482239,1.981008601603662e-8,1,2.3730290621415408e-8,-0.2570803761482239,2.802550014280314e-8,-0.9663900136947632],8,0.4633443355560303],[[773.0326538085938,222.69961547851563,46.50235366821289,-0.9654843807220459,3.6436819783602917e-8,0.2604610323905945,4.216900606479612e-8,1,1.6419726023286786e-8,-0.2604610323905945,2.6836371347371825e-8,-0.9654843807220459],8,0.4734377861022949],[[772.9038696289063,222.69961547851563,46.46774673461914,-0.9654843211174011,5.2089326629811697e-8,0.2604611814022064,5.706699468532861e-8,1,1.1548612732781294e-8,-0.2604611814022064,2.6013742271402408e-8,-0.9654843211174011],8,0.5039207935333252],[[772.453125,222.69961547851563,46.346214294433597,-0.964567244052887,1.0672915351506163e-7,0.2638370990753174,1.0909995040719878e-7,1,-5.666037417029202e-9,-0.2638370990753174,2.3319341124761196e-8,-0.964567244052887],8,0.5147438049316406],[[772.2601318359375,222.69961547851563,46.29357147216797,-0.9645680785179138,9.581410154169134e-8,0.2638341188430786,9.686805668707166e-8,1,-9.014256896477946e-9,-0.2638341188430786,1.6862232499192943e-8,-0.9645680785179138],8,0.5324070453643799],[[772.0028076171875,222.69961547851563,46.22322082519531,-0.9645652770996094,5.838358774212793e-8,0.26384425163269045,5.7575583412017298e-8,1,-1.0794916960321644e-8,-0.26384425163269045,4.778584639097971e-9,-0.9645652770996094],8,0.5408992767333984],[[771.8741455078125,222.69961547851563,46.18804168701172,-0.9645669460296631,3.968044381963409e-8,0.2638382613658905,3.794194824990882e-8,1,-1.1684795353517075e-8,-0.2638382613658905,-1.2602298093966625e-9,-0.9645669460296631],8,0.5571107864379883],[[771.552490234375,222.69961547851563,46.100093841552737,-0.9645651578903198,-7.042506133814186e-9,0.26384469866752627,-1.11054463403093e-8,1,-1.3907501816845525e-8,-0.26384469866752627,-1.63448046208714e-8,-0.9645651578903198],8,0.5722289085388184],[[771.423828125,222.69961547851563,46.06491470336914,-0.9645667672157288,-2.5717808327385684e-8,0.2638389468193054,-3.070972454111143e-8,1,-1.479603461973511e-8,-0.2638389468193054,-2.2374184283080468e-8,-0.9645667672157288],8,0.5801928043365479],[[771.295166015625,222.69961547851563,46.02973556518555,-0.9645669460296631,-4.438504674908472e-8,0.2638382613658905,-5.0305622778523687e-8,1,-1.56842023812942e-8,-0.2638382613658905,-2.8401011320511317e-8,-0.9645669460296631],8,0.5893735885620117],[[771.1021728515625,222.69961547851563,45.976966857910159,-0.9650241732597351,-7.242022803666259e-8,0.26216089725494387,-7.968140636194221e-8,1,-1.7066819069100349e-8,-0.26216089725494387,-3.7359242810453e-8,-0.9650241732597351],8,0.6009454727172852],[[770.9735107421875,222.69961547851563,45.941951751708987,-0.965934157371521,-9.119758459519289e-8,0.25878793001174929,-9.925145860734119e-8,1,-1.80564487806123e-8,-0.25878793001174929,-4.312641976866871e-8,-0.965934157371521],8,0.6099393367767334],[[770.8447265625,222.69961547851563,45.90732192993164,-0.9668313264846802,-9.386924659793294e-8,0.25541573762893679,-1.0148416862421073e-7,1,-1.6634960076089557e-8,-0.25541573762893679,-4.20038546167234e-8,-0.9668313264846802],8,0.6200518608093262],[[770.6513671875,222.69961547851563,45.85609436035156,-0.969452440738678,-7.391579970317253e-8,0.24527928233146668,-7.891412678873167e-8,1,-1.0549997320197236e-8,-0.24527928233146668,-2.9583722138681879e-8,-0.969452440738678],8,0.6299474239349365],[[770.4580078125,223.3587188720703,45.80497360229492,-0.9727861285209656,-5.394709390316166e-8,0.23170475661754609,-5.6445763618739878e-8,1,-4.154258714805792e-9,-0.23170475661754609,-1.7119957007594168e-8,-0.9727861285209656],3,0.646155595779419],[[770.1988525390625,224.19436645507813,45.74224853515625,-0.9501302242279053,-2.7203064689729218e-8,0.3118533492088318,-2.6266649300055179e-8,1,7.203150520496138e-9,-0.3118533492088318,-1.3474115156952849e-9,-0.9501302242279053],5,0.6673393249511719],[[769.93896484375,224.9755096435547,45.682373046875,-0.94688481092453,-1.440486618875525e-9,0.3215729594230652,4.221069271892475e-9,1,1.6908614952626523e-8,-0.3215729594230652,1.7367892013453458e-8,-0.94688481092453],5,0.6793558597564697],[[769.7431640625,225.52560424804688,45.64188003540039,-0.9583579897880554,1.963196893939312e-8,0.2855696380138397,2.720663694333325e-8,1,2.2557465229056107e-8,-0.2855696380138397,2.9387516420342764e-8,-0.9583579897880554],5,0.6884076595306397],[[769.6123046875,225.87530517578126,45.616336822509769,-0.9694129228591919,3.4967715834000049e-8,0.2454354166984558,4.257317698375118e-8,1,2.568200763164441e-8,-0.2454354166984558,3.5345436799616439e-8,-0.9694129228591919],5,0.697213888168335],[[769.35009765625,226.53382873535157,45.56782913208008,-0.9576858878135681,6.208065883583913e-8,0.2878153920173645,7.358926978895397e-8,1,2.916713093270573e-8,-0.2878153920173645,4.911307627253336e-8,-0.9576858878135681],5,0.7146999835968018],[[769.0869750976563,227.13784790039063,45.52479553222656,-0.9591720700263977,9.234958753268075e-8,0.2828231453895569,1.0500282598968625e-7,1,2.9581004312717597e-8,-0.2828231453895569,5.8070504849183638e-8,-0.9591720700263977],5,0.7288908958435059],[[768.9552612304688,227.41941833496095,45.504215240478519,-0.9770050644874573,1.1192015136884948e-7,0.21321620047092439,1.2092195333934797e-7,1,2.9177931182289286e-8,-0.21321620047092439,5.428950800023813e-8,-0.9770050644874573],5,0.737877368927002],[[768.8234252929688,227.68736267089845,45.484317779541019,-0.9777441620826721,1.2804804327970488e-7,0.2098008543252945,1.3697079737085006e-7,1,2.7999684348856136e-8,-0.2098008543252945,5.6113119484280108e-8,-0.9777441620826721],5,0.7472269535064697],[[768.62548828125,228.06373596191407,45.45530700683594,-0.9714661836624146,1.5085861093666609e-7,0.23717819154262544,1.6123911450449669e-7,1,2.436870261135482e-8,-0.23717819154262544,6.191577028857864e-8,-0.9714661836624146],5,0.7570905685424805],[[768.4934692382813,228.29762268066407,45.436580657958987,-0.9788291454315186,1.3699950329737477e-7,0.20467910170555116,1.432081120356088e-7,1,1.5520717155936837e-8,-0.20467910170555116,4.4503838836362777e-8,-0.9788291454315186],5,0.769589900970459],[[768.2953491210938,228.62290954589845,45.40874099731445,-0.9714680910110474,1.1159833945839637e-7,0.23717036843299867,1.1604808491938457e-7,1,4.80104045408325e-9,-0.23717036843299867,3.21872235531373e-8,-0.9714680910110474],5,0.7781956195831299],[[768.1632690429688,228.82272338867188,45.390201568603519,-0.9788283109664917,9.625826891124234e-8,0.20468290150165559,9.807138923179082e-8,1,-1.2859419085131663e-9,-0.20468290150165559,1.8814819924273253e-8,-0.9788283109664917],5,0.7874960899353027],[[768.0311889648438,229.00892639160157,45.37166213989258,-0.9788268208503723,7.971700455300379e-8,0.2046901136636734,8.011998886559013e-8,1,-6.318852996400892e-9,-0.2046901136636734,1.0214707302225179e-8,-0.9788268208503723],5,0.7964789867401123],[[767.8330688476563,229.26266479492188,45.34385299682617,-0.9714682698249817,5.436285022142329e-8,0.23716948926448823,5.315533968541786e-8,1,-1.1485986384229819e-8,-0.23716948926448823,1.448553388350149e-9,-0.9714682698249817],5,0.8083641529083252],[[767.7009887695313,229.41481018066407,45.325313568115237,-0.978828489780426,3.7348144132920427e-8,0.20468202233314515,3.523666691762628e-8,1,-1.3960630873555147e-8,-0.20468202233314515,-6.452751222241204e-9,-0.978828489780426],5,0.8186502456665039],[[767.4368286132813,229.67820739746095,45.28823471069336,-0.9630268216133118,3.4097384915554587e-9,0.2694054841995239,-5.76332204182961e-10,1,-1.4716708740536433e-8,-0.2694054841995239,-1.4327852682072262e-8,-0.9630268216133118],5,0.8315942287445068],[[767.3047485351563,229.78945922851563,45.26969528198242,-0.9788293838500977,-1.5210444459512474e-8,0.20467780530452729,-1.8507989807403648e-8,1,-1.4196555930823252e-8,-0.20467780530452729,-1.7684181230492869e-8,-0.9788293838500977],5,0.8563883304595947],[[766.8424682617188,230.0715789794922,45.20480728149414,-0.9313400387763977,-7.483579622657999e-8,0.364150732755661,-8.008797891534414e-8,1,6.773447358554563e-10,-0.364150732755661,-2.8533257534490987e-8,-0.9313400387763977],5,0.8689367771148682],[[766.6443481445313,230.14138793945313,45.176998138427737,-0.9714677929878235,-1.0625623758642178e-7,0.237171471118927,-1.0715031351082871e-7,1,9.120653565730663e-9,-0.237171471118927,-1.655257442223501e-8,-0.9714677929878235],5,0.8811650276184082],[[766.4462280273438,230.1805419921875,45.14918899536133,-0.9714654684066773,-1.351450009678956e-7,0.23718108236789704,-1.3422183542388667e-7,1,2.0040035408896985e-8,-0.23718108236789704,-1.2366678348030291e-8,-0.9714654684066773],5,0.8961517810821533],[[766.1820678710938,230.18505859375,45.11211013793945,-0.960640013217926,-1.3913614793636953e-7,0.27779629826545718,-1.354254237639907e-7,1,3.2545678152473559e-8,-0.27779629826545718,-6.35599972653722e-9,-0.960640013217926],5,0.9234356880187988],[[765.8524169921875,230.11407470703126,45.0632209777832,-0.9424123167991638,-1.0102977654469214e-7,0.33445340394973757,-9.361463781942803e-8,1,3.828992234389261e-8,-0.33445340394973757,4.775158490843978e-9,-0.9424123167991638],5,0.9392068386077881],[[765.6553344726563,230.03060913085938,45.02949523925781,-0.9572093486785889,-7.729843787274149e-8,0.28939640522003176,-6.878439506863288e-8,1,3.959059213798355e-8,-0.28939640522003176,1.7990528178302158e-8,-0.9572093486785889],5,0.9461140632629395],[[765.5244140625,229.9579315185547,45.00453567504883,-0.9663175940513611,-6.07865402457719e-8,0.2573525607585907,-5.2329291122532598e-8,1,3.971138085034909e-8,-0.2573525607585907,2.4906729123586048e-8,-0.9663175940513611],5,0.9562947750091553],[[765.3935546875,229.8716278076172,44.978973388671878,-0.9616749286651611,-4.520190088896925e-8,0.27419206500053408,-3.5959224931048087e-8,1,3.87349459174402e-8,-0.27419206500053408,2.7390695933604549e-8,-0.9616749286651611],5,0.9670636653900147],[[765.1978759765625,229.7166290283203,44.93772506713867,-0.9498476386070252,-2.2043773029167825e-8,0.3127131164073944,-1.1626346996251869e-8,1,3.517765989613508e-8,-0.3127131164073944,2.9777705634614905e-8,-0.9498476386070252],5,0.9773769378662109],[[765.0025634765625,229.53097534179688,44.894744873046878,-0.9476379156112671,2.3897370748926507e-9,0.31934672594070437,1.2504060897811087e-8,1,2.9621677555269345e-8,-0.31934672594070437,3.206375609465795e-8,-0.9476379156112671],5,0.9874005317687988],[[764.8075561523438,229.31466674804688,44.850379943847659,-0.9436638355255127,2.7090408138974454e-8,0.3309057056903839,3.639168610902743e-8,1,2.1912917702593405e-8,-0.3309057056903839,3.272064219572712e-8,-0.9436638355255127],5,1.0003113746643067],[[764.613037109375,229.0677032470703,44.803829193115237,-0.9395450949668884,5.2275058948225708e-8,0.34242528676986697,6.001521768439489e-8,1,1.2008304572930229e-8,-0.34242528676986697,3.183307129006607e-8,-0.9395450949668884],5,1.0211944580078126],[[764.3544311523438,228.6907196044922,44.73846435546875,-0.9243243336677551,8.590424727117352e-8,0.38160789012908938,9.085093921612497e-8,1,-5.053659268838828e-9,-0.38160789012908938,2.9998215467230696e-8,-0.9243243336677551],5,1.028383731842041],[[764.2254638671875,228.48178100585938,44.704708099365237,-0.946553647518158,1.0546185080784199e-7,0.3225463628768921,1.0647637793681497e-7,1,-1.4497917533162763e-8,-0.3225463628768921,2.0620511520519359e-8,-0.946553647518158],5,1.0421624183654786],[[764.0322265625,228.14285278320313,44.65311813354492,-0.9327877163887024,1.3190378922445235e-7,0.36042624711990359,1.2941481486450358e-7,1,-3.103890122702069e-8,-0.36042624711990359,1.769179114319286e-8,-0.9327877163887024],5,1.0513997077941895],[[763.9036254882813,227.8998565673828,44.617950439453128,-0.9431270956993103,1.509001350541439e-7,0.3324323892593384,1.4479620347174205e-7,1,-4.313329071692351e-8,-0.3324323892593384,7.454775463600072e-9,-0.9431270956993103],5,1.0608158111572266],[[763.7109375,227.50982666015626,44.564334869384769,-0.9302553534507752,1.432491529840263e-7,0.3669128119945526,1.3357940531477653e-7,1,-5.174577211164433e-8,-0.3669128119945526,8.752173430437438e-10,-0.9302553534507752],5,1.0709917545318604],[[763.5826416015625,227.23277282714845,44.52815628051758,-0.9413713812828064,1.2619133826774488e-7,0.3373721241950989,1.1480469908065061e-7,1,-5.370178968178152e-8,-0.3373721241950989,-1.1821423839819545e-8,-0.9413713812828064],5,1.0815556049346924],[[763.3901977539063,226.79164123535157,44.473453521728519,-0.9283223152160645,1.0085416590754903e-7,0.37177640199661257,8.68524949737548e-8,1,-5.4406509519822069e-8,-0.37177640199661257,-1.821706874238771e-8,-0.9283223152160645],5,1.0926754474639893],[[763.197998046875,226.3198699951172,44.41812515258789,-0.9257040023803711,7.479564345658219e-8,0.37824875116348269,5.916599121746913e-8,1,-5.2942535688771389e-8,-0.37824875116348269,-2.6629654925613978e-8,-0.9257040023803711],5,1.1038849353790284],[[763.0061645507813,225.8174285888672,44.36158752441406,-0.921684205532074,4.8364224625174759e-8,0.38794106245040896,3.175456342319194e-8,1,-4.9225377551920249e-8,-0.38794106245040896,-3.3051353653945628e-8,-0.921684205532074],5,1.12007474899292],[[762.81494140625,225.28433227539063,44.30317306518555,-0.9189563393592835,2.1329988442175819e-8,0.3943592607975006,4.6101478190507809e-9,1,-4.3344901001773908e-8,-0.3943592607975006,-3.8014018599596969e-8,-0.9189563393592835],5,1.1296348571777344],[[762.6240844726563,224.7205810546875,44.243309020996097,-0.9126461744308472,-5.938169511665592e-9,0.4087504744529724,-2.220049566403759e-8,1,-3.50410083171937e-8,-0.4087504744529724,-4.105450557290169e-8,-0.9126461744308472],5,1.1444518566131592],[[762.4341430664063,224.1261749267578,44.18075942993164,-0.9090431332588196,-3.409152782296587e-8,0.4167020320892334,-4.871484549084926e-8,1,-2.4459611225324808e-8,-0.4167020320892334,-4.253441687751547e-8,-0.9090431332588196],5,1.1550347805023194],[[762.307861328125,223.71287536621095,44.13788604736328,-0.9126970171928406,-5.3869801064365677e-8,0.40863701701164248,-6.623069737088372e-8,1,-1.609927302581582e-8,-0.40863701701164248,-4.1758074331710307e-8,-0.9126970171928406],5,1.1660213470458985],[[762.1199340820313,223.0673828125,44.06941604614258,-0.9188491106033325,-8.146361807348512e-8,0.3946090042591095,-9.150495827725536e-8,1,-6.628427584587371e-9,-0.3946090042591095,-4.2199207683779608e-8,-0.9188491106033325],7,1.1770553588867188],[[761.9331665039063,222.5020751953125,43.99795150756836,-0.9243687987327576,-1.0790900262236392e-7,0.3815000653266907,-1.1648151598819823e-7,1,6.215479797511136e-10,-0.3815000653266907,-4.3863163767809968e-8,-0.9243687987327576],7,1.1890501976013184],[[761.809326171875,222.4325408935547,43.948524475097659,-0.9144406318664551,-1.0705812059086384e-7,0.4047200381755829,-1.1502005747843214e-7,1,4.642977557978156e-9,-0.4047200381755829,-4.230519579095926e-8,-0.9144406318664551],7,1.1987578868865967],[[761.5038452148438,222.5225372314453,43.81521987915039,-0.9022940993309021,-6.443944045031458e-8,0.4311210811138153,-6.629556992265862e-8,1,1.0719357845800915e-8,-0.4311210811138153,-1.8909403820543959e-8,-0.9022940993309021],8,1.2196838855743409],[[761.3228149414063,222.58197021484376,43.730133056640628,-0.8909429311752319,-3.913357815577001e-8,0.4541153013706207,-3.7004689090736068e-8,1,1.3574775969971143e-8,-0.4541153013706207,-4.710045686806552e-9,-0.8909429311752319],8,1.2395577430725098],[[761.0847778320313,222.6342010498047,43.61001968383789,-0.8795852661132813,-5.964337912445217e-9,0.4757412374019623,2.101422369449324e-9,1,1.642220048836407e-8,-0.4757412374019623,1.5444459933178224e-8,-0.8795852661132813],8,1.2475581169128419],[[760.908447265625,222.65794372558595,43.515708923339847,-0.8745525479316711,1.8637571486124217e-8,0.48493072390556338,3.1429756575107606e-8,1,1.8248799804609918e-8,-0.48493072390556338,3.120079128393627e-8,-0.8745525479316711],8,1.2575020790100098],[[760.7916259765625,222.6688232421875,43.45140838623047,-0.869421124458313,3.4809584548156639e-8,0.4940717816352844,5.098321409491291e-8,1,1.926096260262966e-8,-0.4940717816352844,4.193525526829944e-8,-0.869421124458313],8,1.266963005065918],[[760.6754760742188,222.6768798828125,43.38589859008789,-0.8597705960273743,5.049072271390287e-8,0.5106804370880127,7.054413941887106e-8,1,1.9897086644959928e-8,-0.5106804370880127,5.313244244575799e-8,-0.8597705960273743],8,1.2771031856536866],[[760.5031127929688,222.68521118164063,43.28445053100586,-0.855274498462677,7.475078689367365e-8,0.5181751847267151,9.987707016989589e-8,1,2.0594425720332766e-8,-0.5181751847267151,6.936770802212777e-8,-0.855274498462677],8,1.2893664836883546],[[760.3319091796875,222.6905059814453,43.18113708496094,-0.8507232069969177,7.196760520855605e-8,0.5256139039993286,9.44023739180011e-8,1,1.58722741616657e-8,-0.5256139039993286,6.312211553449743e-8,-0.8507232069969177],8,1.304349422454834],[[760.16162109375,222.69386291503907,43.076316833496097,-0.8414140343666077,5.524155710645573e-8,0.5403909683227539,7.141586166881098e-8,1,8.972674159224426e-9,-0.5403909683227539,4.614222248733313e-8,-0.8414140343666077],8,1.3140594959259034],[[759.992919921875,222.6959991455078,42.968814849853519,-0.8356999754905701,3.915188884207055e-8,0.5491862893104553,4.837303890781186e-8,1,2.3188106990090775e-9,-0.5491862893104553,2.8503638560550827e-8,-0.8356999754905701],8,1.3262524604797364],[[759.8255615234375,222.6973419189453,42.85934066772461,-0.8240094780921936,2.295338674684899e-8,0.5665760040283203,2.5210715293155773e-8,1,-3.846824192521581e-9,-0.5665760040283203,1.1113967524067903e-8,-0.8240094780921936],8,1.3373873233795167],[[759.7152709960938,222.69793701171876,42.7844123840332,-0.8170166611671448,1.2426142781407635e-8,0.5766140818595886,9.72831060153112e-9,1,-7.765939891157814e-9,-0.5766140818595886,-7.354214459631692e-10,-0.8170166611671448],8,1.3469834327697755],[[759.551513671875,222.69857788085938,42.66956329345703,-0.8016225695610046,-3.13487658054612e-9,0.5978304743766785,-1.3628921102792902e-8,1,-1.3031074885816452e-8,-0.5978304743766785,-1.859378784274668e-8,-0.8016225695610046],8,1.360959768295288],[[759.3905639648438,222.698974609375,42.55082702636719,-0.7921241521835327,-1.840819585652298e-8,0.6103599667549133,-3.705102713524866e-8,1,-1.7925188444678498e-8,-0.6103599667549133,-3.6813439407978879e-8,-0.7921241521835327],8,1.371473789215088],[[759.2846069335938,222.6991424560547,42.46991729736328,-0.7714447379112244,-2.754890537914889e-8,0.6362963318824768,-5.275699166418235e-8,1,-2.0666783839828896e-8,-0.6362963318824768,-4.951236221018007e-8,-0.7714447379112244],8,1.3813648223876954],[[759.1294555664063,222.6993408203125,42.343711853027347,-0.7602089047431946,-4.222898297712163e-8,0.649678647518158,-7.637158461193394e-8,1,-2.4364929629427935e-8,-0.649678647518158,-6.813942832195608e-8,-0.7602089047431946],8,1.3948309421539307],[[758.9769897460938,222.699462890625,42.21433639526367,-0.7346820831298828,-5.5118832165135248e-8,0.6784115433692932,-1.0009561890456098e-7,1,-2.7151115133960958e-8,-0.6784115433692932,-8.785346494732949e-8,-0.7346820831298828],8,1.405562162399292],[[758.8291015625,222.6995391845703,42.079769134521487,-0.7227199673652649,-5.917919310149955e-8,0.6911410093307495,-1.0646120784940649e-7,1,-2.5700174433040958e-8,-0.6911410093307495,-9.215373353299583e-8,-0.7227199673652649],8,1.4213588237762452],[[758.68408203125,222.6995849609375,41.94208526611328,-0.6994020342826843,-4.184436619425469e-8,0.7147285342216492,-7.777154564791999e-8,1,-1.7558008380547109e-8,-0.7147285342216492,-6.786564910044035e-8,-0.6994020342826843],8,1.4317283630371094],[[758.4966430664063,222.69961547851563,41.75244903564453,-0.6893461346626282,-2.1911230163595975e-8,0.7244321703910828,-3.9399392193217866e-8,1,-7.245106292685932e-9,-0.7244321703910828,-3.353657263005516e-8,-0.6893461346626282],8,1.446678876876831],[[758.3123779296875,222.69961547851563,41.55966567993164,-0.6727156043052673,-2.1794408500142028e-9,0.7399011850357056,-8.358951308906626e-10,1,2.1855908194368114e-9,-0.7399011850357056,8.51801240653316e-10,-0.6727156043052673],8,1.461663007736206],[[758.1771850585938,222.69961547851563,41.41228103637695,-0.6596928238868713,1.2018743333896964e-8,0.7515353560447693,2.8184112821350028e-8,1,8.747576885070885e-9,-0.7515353560447693,2.695207079739248e-8,-0.6596928238868713],8,1.476424217224121],[[758.000732421875,222.69961547851563,41.21236038208008,-0.6491222977638245,3.0576927656511546e-8,0.7606840133666992,6.696696885910569e-8,1,1.694898976722925e-8,-0.7606840133666992,6.194267143655452e-8,-0.6491222977638245],8,1.4929041862487794],[[757.8704833984375,222.69961547851563,41.06058120727539,-0.6397681832313538,4.400836317586254e-8,0.7685679793357849,9.610536721993413e-8,1,2.2739422789186393e-8,-0.7685679793357849,8.841146126314925e-8,-0.6397681832313538],8,1.502347469329834],[[757.7848510742188,222.6894073486328,40.95839309692383,-0.6357327103614807,5.300048755429998e-8,0.7719092965126038,1.1554054424323113e-7,1,2.6495877492038745e-8,-0.7719092965126038,1.060311163314509e-7,-0.6357327103614807],8,1.5123529434204102],[[757.6998901367188,222.6840057373047,40.855628967285159,-0.6316800117492676,4.521152163761144e-8,0.775229275226593,9.880270113171719e-8,1,2.218719785673784e-8,-0.775229275226593,9.060995154186458e-8,-0.6316800117492676],8,1.522364854812622],[[757.5733642578125,222.6748809814453,40.70073699951172,-0.6289685964584351,3.405146387081004e-8,0.7774307131767273,7.36869338879842e-8,1,1.5815304621469296e-8,-0.7774307131767273,6.72338131835204e-8,-0.6289685964584351],8,1.5316107273101807],[[757.4894409179688,222.67459106445313,40.59716033935547,-0.6289685964584351,2.6826441512639577e-8,0.7774307131767273,5.695203597610998e-8,1,1.1569648350473472e-8,-0.7774307131767273,5.1553207924825986e-8,-0.6289685964584351],8,1.5410683155059815],[[757.4055786132813,222.6748046875,40.49351501464844,-0.6289685964584351,1.960450646265599e-8,0.7774307131767273,4.022429322958487e-8,1,7.3258092925243549e-9,-0.7774307131767273,3.587930308412979e-8,-0.6289685964584351],8,1.550994634628296],[[757.27978515625,222.6750946044922,40.33803176879883,-0.6289685964584351,8.777390370084959e-9,0.7774307131767273,1.5146079945793646e-8,1,9.634536501934577e-10,-0.7774307131767273,1.2381009995010573e-8,-0.6289685964584351],8,1.562959909439087],[[757.1539916992188,222.66152954101563,40.18254089355469,-0.6276082396507263,-2.0644514986400965e-9,0.7785292863845825,-9.92713822256519e-9,1,-5.350990317509741e-9,-0.7785292863845825,-1.1086894069478604e-8,-0.6276082396507263],8,1.574798583984375],[[757.0283813476563,222.65966796875,40.02687454223633,-0.6303227543830872,-1.2916393288264772e-8,0.776333212852478,-3.496209899367386e-8,1,-1.1748837458469552e-8,-0.776333212852478,-3.454779573530686e-8,-0.6303227543830872],8,1.5860919952392579],[[756.9444580078125,222.64979553222657,39.92329025268555,-0.6397643685340881,-2.054266445838948e-8,0.768571138381958,-5.1589807981144989e-8,1,-1.6215357945270627e-8,-0.768571138381958,-5.00244468071287e-8,-0.6397643685340881],8,1.5973694324493409],[[756.81689453125,222.6441650390625,39.76926803588867,-0.647780179977417,-3.1867244842942458e-8,0.761827290058136,-7.644653976512927e-8,1,-2.3172324503661913e-8,-0.761827290058136,-7.3249637466688e-8,-0.647780179977417],8,1.610790729522705],[[756.6876831054688,222.6453094482422,39.61662673950195,-0.6727046966552734,-4.5075260857174729e-8,0.7399110198020935,-1.0104295000701313e-7,1,-3.094535117043051e-8,-0.7399110198020935,-9.557987823427539e-8,-0.6727046966552734],8,1.6223223209381104],[[756.374755859375,222.64913940429688,39.270442962646487,-0.729923665523529,-2.7819428538577996e-8,0.6835286617279053,-5.7402644415560647e-8,1,-2.0599166816737126e-8,-0.6835286617279053,-5.427217431019926e-8,-0.729923665523529],8,1.6490418910980225],[[756.2401733398438,223.30824279785157,39.122459411621097,-0.7714390754699707,-1.699951646116915e-8,0.6363032460212708,-3.210426058330995e-8,1,-1.220638790044859e-8,-0.6363032460212708,-2.984452862619946e-8,-0.7714390754699707],3,1.6666383743286133],[[756.0953369140625,223.94009399414063,38.98525619506836,-0.7727313041687012,-4.919492369026557e-9,0.634733259677887,-7.722340100713155e-9,1,-1.6507738509474735e-9,-0.634733259677887,-6.177230726933658e-9,-0.7727313041687012],5,1.6846976280212403],[[755.8829956054688,224.73486328125,38.82448196411133,-0.7762790322303772,1.1871186700318504e-8,0.6303894519805908,2.44432225571245e-8,1,1.1268549648946191e-8,-0.6303894519805908,2.4156289413213018e-8,-0.7762790322303772],5,1.6918506622314454],[[755.7716064453125,225.11180114746095,38.751426696777347,-0.8330498337745667,2.4004792820164768e-8,0.553197979927063,4.037450196392456e-8,1,1.74063874425201e-8,-0.553197979927063,3.6835480443642157e-8,-0.8330498337745667],5,1.7002460956573487],[[755.194091796875,226.79217529296876,38.418338775634769,-0.7915613651275635,6.984529932196892e-8,0.6110897064208984,1.1941880018184748e-7,1,4.0390155220393356e-8,-0.6110897064208984,1.049468778546725e-7,-0.7915613651275635],5,1.7429046630859376],[[755.0753784179688,227.08737182617188,38.358848571777347,-0.9383985996246338,1.1132642185884834e-7,0.34555479884147646,1.3535418474930339e-7,1,4.5404505044643886e-8,-0.34555479884147646,8.937981021972519e-8,-0.9383985996246338],5,1.7514746189117432],[[754.9527587890625,227.3689422607422,38.30849838256836,-0.9509798884391785,1.283865600498757e-7,0.3092527985572815,1.5134997966015363e-7,1,5.02638073385242e-8,-0.3092527985572815,9.46052693961974e-8,-0.9509798884391785],5,1.7597122192382813],[[754.8265991210938,227.6368865966797,38.26742935180664,-0.9621564149856567,1.1888898399092796e-7,0.2724977135658264,1.3537658105633455e-7,1,4.1704822706378766e-8,-0.2724977135658264,7.70163737229268e-8,-0.9621564149856567],5,1.7687361240386963],[[754.6324462890625,228.0132598876953,38.221099853515628,-0.9635372757911682,9.954310797866128e-8,0.26757413148880007,1.117501824410283e-7,1,3.0392900640663359e-8,-0.26757413148880007,5.918614931488264e-8,-0.9635372757911682],5,1.789186716079712],[[754.3699951171875,228.4674072265625,38.17399978637695,-0.9825373291969299,7.744686314481442e-8,0.18606571853160859,8.180960264780879e-8,1,1.5769277439403596e-8,-0.18606571853160859,3.0715867183062076e-8,-0.9825373291969299],5,1.7963488101959229],[[754.23779296875,228.67404174804688,38.15860366821289,-0.9967734217643738,6.636257410264079e-8,0.0802665427327156,6.728527068844414e-8,1,8.790616234932714e-9,-0.0802665427327156,1.4163008543732758e-8,-0.9967734217643738],5,1.8058397769927979],[[754.1047973632813,228.86705017089845,38.15254592895508,-0.9991216063499451,5.284966420049386e-8,0.04190469905734062,5.298599958791783e-8,1,2.1427886132130426e-9,-0.04190469905734062,4.361268679531349e-9,-0.9991216063499451],5,1.8144104480743409],[[753.7716064453125,229.2899627685547,38.15857696533203,-0.9948331117630005,1.800965243603514e-8,0.10152357816696167,1.7037981692169525e-8,1,-1.0438006903257247e-8,-0.10152357816696167,-8.654318151002372e-9,-0.9948331117630005],5,1.8334732055664063],[[753.6384887695313,229.43528747558595,38.16582489013672,-0.997181236743927,1.932156434847343e-9,-0.07503045350313187,3.130756098812526e-9,1,-1.58572248665223e-8,0.07503045350313187,-1.6047428275101084e-8,-0.997181236743927],5,1.8418960571289063],[[753.506103515625,229.56698608398438,38.18052673339844,-0.9937586188316345,-1.2949375793880336e-8,-0.11155170202255249,-1.0670222039266264e-8,1,-2.1028366603559335e-8,0.11155170202255249,-1.9706840603817e-8,-0.9937586188316345],5,1.85093092918396],[[753.3746337890625,229.68505859375,38.202362060546878,-0.9835479259490967,-2.8583230005096995e-8,-0.1806473433971405,-2.420704348082836e-8,1,-2.6429624710999634e-8,0.1806473433971405,-2.1621865187171353e-8,-0.9835479259490967],5,1.859933614730835],[[753.24462890625,229.7895050048828,38.23152542114258,-0.9773815870285034,-4.352121507622542e-8,-0.211483433842659,-3.769943646148022e-8,1,-3.156028682838041e-8,0.211483433842659,-2.2873637206544119e-8,-0.9773815870285034],5,1.8691685199737549],[[753.052001953125,229.92062377929688,38.2850341796875,-0.9781414270401001,-6.475889335888496e-8,-0.20794063806533814,-5.8073407416259218e-8,1,-3.8255556944477578e-8,0.20794063806533814,-2.5343524612253533e-8,-0.9781414270401001],5,1.8792414665222169],[[752.9246826171875,229.9910125732422,38.32457733154297,-0.963577389717102,-8.041191534857717e-8,-0.2674296796321869,-7.165438375977829e-8,1,-4.2506027142508177e-8,0.2674296796321869,-2.1795338867036663e-8,-0.963577389717102],5,1.8894429206848145],[[752.735595703125,230.071044921875,38.389610290527347,-0.9654561877250671,-1.0153604534934857e-7,-0.26056548953056338,-9.224780939121047e-8,1,-4.787597873701088e-8,0.26056548953056338,-2.218556183208875e-8,-0.9654561877250671],5,1.9011592864990235],[[752.6106567382813,230.1073760986328,38.43612289428711,-0.9402004480361939,-1.171995549498206e-7,-0.34062162041664126,-1.0596017574471262e-7,1,-5.159904148399619e-8,0.34062162041664126,-1.2421117467908971e-8,-0.9402004480361939],5,1.914454698562622],[[752.3657836914063,230.13914489746095,38.54146194458008,-0.9460912942886353,-1.4525625147143729e-7,-0.32390013337135317,-1.3380325469825039e-7,1,-5.762935728625962e-8,0.32390013337135317,-1.1183739268005866e-8,-0.9460912942886353],5,1.924166202545166],[[752.2457885742188,230.13458251953126,38.59947204589844,-0.9134158492088318,-1.5973051858964028e-7,-0.40702757239341738,-1.4789986835239689e-7,1,-6.052766110542507e-8,0.40702757239341738,4.912397599809992e-9,-0.9134158492088318],5,1.936582088470459],[[752.0094604492188,230.08460998535157,38.72294616699219,-0.92252117395401,-1.3596093140222366e-7,-0.38594645261764529,-1.2864613552210359e-7,1,-4.477861992313592e-8,0.38594645261764529,8.341290325120099e-9,-0.92252117395401],5,1.9596617221832276],[[751.7785034179688,229.98013305664063,38.85612487792969,-0.9040470719337463,-9.584189086808692e-8,-0.42743292450904848,-9.487195029578288e-8,1,-2.3566695261934e-8,0.42743292450904848,1.9245995019900876e-8,-0.9040470719337463],5,1.9671473503112794],[[751.6097412109375,229.8660125732422,38.96338653564453,-0.8786959648132324,-6.600124180522471e-8,-0.4773818254470825,-6.993664669607824e-8,1,-9.527370892215004e-9,0.4773818254470825,2.5014820437263553e-8,-0.8786959648132324],5,1.9778811931610108],[[751.4990234375,229.77288818359376,39.037689208984378,-0.8365240693092346,-4.52054784716438e-8,-0.5479302406311035,-5.380402967603004e-8,1,-3.597466768923141e-10,0.5479302406311035,2.9179915372878896e-8,-0.8365240693092346],5,1.9968626499176026],[[751.2317504882813,229.48049926757813,39.23679733276367,-0.8651405572891235,-2.21719664850184e-9,-0.5015294551849365,-1.3145362132149785e-8,1,1.8254937117490045e-8,0.5015294551849365,2.238587448744056e-8,-0.8651405572891235],5,2.0083866119384767],[[751.07666015625,229.26419067382813,39.363040924072269,-0.8179486393928528,2.519490216457143e-8,-0.5752912163734436,1.1065378835439788e-8,1,2.8062292045660798e-8,0.5752912163734436,1.6587698326020474e-8,-0.8179486393928528],5,2.02262806892395],[[750.9248046875,229.01722717285157,39.49317169189453,-0.7941832542419434,5.038779704591434e-8,-0.6076783537864685,3.51755957694877e-8,1,3.694706052215224e-8,0.6076783537864685,7.967287274368573e-9,-0.7941832542419434],5,2.03498911857605],[[750.7778930664063,228.73959350585938,39.628780364990237,-0.7757952809333801,7.427119896874501e-8,-0.6309846639633179,5.9351737746737857e-8,1,4.4733887705206146e-8,0.6309846639633179,-2.745697225137178e-9,-0.7757952809333801],5,2.0480399131774904],[[750.63525390625,228.43130493164063,39.768959045410159,-0.7680197358131409,9.704692160994455e-8,-0.6404261589050293,8.37860127944623e-8,1,5.105601630361889e-8,0.6404261589050293,-1.4446726481764927e-8,-0.7680197358131409],5,2.057483434677124],[[750.5415649414063,228.20875549316407,39.86380386352539,-0.7404131889343262,1.109715839220371e-7,-0.6721519827842712,1.0019700624752659e-7,1,5.472631059433297e-8,0.6721519827842712,-2.6827535748452648e-8,-0.7404131889343262],5,2.065908432006836],[[750.4487915039063,227.9725799560547,39.95954132080078,-0.7356994152069092,1.2501698165579e-7,-0.6773081421852112,1.1676264932702907e-7,1,5.7750334292450137e-8,0.6773081421852112,-3.6597405994598378e-8,-0.7356994152069092],5,2.0749809741973879],[[750.3567504882813,227.7227783203125,40.05597686767578,-0.7356961965560913,1.3887402872114763e-7,-0.6773117184638977,1.3351363747915458e-7,1,6.001454977422327e-8,0.6773117184638977,-4.627787930644445e-8,-0.7356961965560913],5,2.0844640731811525],[[750.2648315429688,227.4593505859375,40.152587890625,-0.7357007265090942,1.5235639239108424e-7,-0.6773067712783814,1.504564721699353e-7,1,6.151637421680789e-8,0.6773067712783814,-5.664754709755471e-8,-0.7357007265090942],5,2.0936310291290285],[[750.1729125976563,227.1822967529297,40.24922180175781,-0.7357005476951599,1.326531844370038e-7,-0.6773069500923157,1.3548782362704515e-7,1,4.868503111765676e-8,0.6773069500923157,-5.594923280227704e-8,-0.7357005476951599],5,2.1030120849609377],[[750.0350341796875,226.7411651611328,40.39418411254883,-0.7567110061645508,1.0605958777887281e-7,-0.6537495255470276,1.1269404609492995e-7,1,3.179009411269362e-8,0.6537495255470276,-4.9617764119602728e-8,-0.7567110061645508],5,2.1130146980285646],[[749.8974609375,226.26939392089845,4