[[[776,222.69961547851563,47,1,-1.7427161935756886e-8,6.31722457547848e-14,1.7427161935756886e-8,1,-3.910720991484595e-8,-6.249071626916042e-14,3.910720991484595e-8,1],8,0.015429258346557618],[[776,222.69961547851563,47,1,-5.1916444476773908e-9,6.299074353484716e-14,5.1916444476773908e-9,1,-1.1650196363177656e-8,-6.293025860614962e-14,1.1650196363177656e-8,1],8,0.030564308166503907],[[776,222.69961547851563,47,1,7.033418736313024e-9,6.314453083675065e-14,-7.033418736313024e-9,1,1.57833621727832e-8,-6.303352208681529e-14,-1.57833621727832e-8,1],8,0.04739856719970703],[[776,222.69961547851563,47,1,2.2300058688529135e-8,6.380730362479104e-14,-2.2300058688529135e-8,1,5.004235603678353e-8,-6.269135465744244e-14,-5.004235603678353e-8,1],8,0.07801961898803711],[[776,222.69961547851563,47,1,3.450163177376453e-8,6.471293769946818e-14,-3.450163177376453e-8,1,7.742321628256832e-8,-6.20417074919527e-14,-7.742321628256832e-8,1],8,0.08565902709960938],[[776,222.69961547851563,47,1,4.059850766680029e-8,6.529060061696845e-14,-4.059850766680029e-8,1,9.110487297903092e-8,-6.159187201058847e-14,-9.110487297903092e-8,1],8,0.09557151794433594],[[776,222.69961547851563,47,1,4.6692779420709488e-8,6.595134730219901e-14,-4.6692779420709488e-8,1,1.0478068901420557e-7,-6.10588443412767e-14,-1.0478068901420557e-7,1],8,0.10507440567016602],[[776,222.69961547851563,47,1,4.120307295352177e-8,6.553125284167877e-14,-4.120307295352177e-8,1,9.246153354069975e-8,-6.172154936668131e-14,-9.246153354069975e-8,1],8,0.11460709571838379],[[776,222.69961547851563,47,1,3.267085801894609e-8,6.493700163093946e-14,-3.267085801894609e-8,1,7.331485107897606e-8,-6.254174153390302e-14,-7.331485107897606e-8,1],8,0.12558937072753907],[[776,222.69961547851563,47,1,1.987936748548691e-8,6.436530182538786e-14,-1.987936748548691e-8,1,4.4610164451341919e-8,-6.347847865840334e-14,-4.4610164451341919e-8,1],8,0.1373434066772461],[[776,222.69961547851563,47,1,2.8368019044933136e-9,6.417951700686889e-14,-2.8368019044933136e-9,1,6.365852733836164e-9,-6.416145826443343e-14,-6.365852733836164e-9,1],8,0.1564333438873291],[[776,222.69961547851563,47,1,-1.4191201991309299e-8,6.464560196829325e-14,1.4191201991309299e-8,1,-3.184579000503618e-8,-6.41936726214834e-14,3.184579000503618e-8,1],8,0.17272162437438966],[[776,222.69961547851563,47,1,-3.970593098756581e-8,6.656167858640899e-14,3.970593098756581e-8,1,-8.910205906431656e-8,-6.302379814858081e-14,8.910205906431656e-8,1],8,0.1929633617401123],[[776,222.69961547851563,47,1,-4.109126550133624e-8,6.680251377023591e-14,4.109126550133624e-8,1,-9.221080432553208e-8,-6.301345757036073e-14,9.221080432553208e-8,1],8,0.20191621780395509],[[776,222.69961547851563,47,1,-3.536521475666632e-8,6.63907066800716e-14,3.536521475666632e-8,1,-7.936125712149078e-8,-6.358407995000343e-14,7.936125712149078e-8,1],8,0.21025633811950684],[[776,222.69961547851563,47,1,-2.9641610055364255e-8,6.603739229711289e-14,2.9641610055364255e-8,1,-6.651720951822426e-8,-6.406571643633938e-14,6.651720951822426e-8,1],8,0.23169326782226563],[[776,222.69961547851563,47,1,-1.2485470435308344e-8,6.539903438674416e-14,1.2485470435308344e-8,1,-2.8017968389804083e-8,-6.504921655579171e-14,2.8017968389804083e-8,1],8,0.24910259246826173],[[776,222.69961547851563,47,1,-1.0602593247810433e-9,6.533774985894442e-14,1.0602593247810433e-9,1,-2.379209051994735e-9,-6.533522908889339e-14,2.379209051994735e-9,1],8,0.2728900909423828],[[776,222.69961547851563,47,1,1.3207526627923017e-8,6.567223978168335e-14,-1.3207526627923017e-8,1,2.9638444587476444e-8,-6.528078858730746e-14,-2.9638444587476444e-8,1],8,0.2816145420074463],[[776,222.69961547851563,47,1,1.891037371137827e-8,6.59336748067875e-14,-1.891037371137827e-8,1,4.243593210162544e-8,-6.513119579255877e-14,-4.243593210162544e-8,1],8,0.2909047603607178],[[776,222.69961547851563,47,1,2.4610782745071448e-8,6.626790723151047e-14,-2.4610782745071448e-8,1,5.5227950213065927e-8,-6.490870395423759e-14,-5.5227950213065927e-8,1],8,0.3005380630493164],[[776,222.69961547851563,47,1,3.315683372306921e-8,6.69055536342035e-14,-3.315683372306921e-8,1,7.440574023576119e-8,-6.443849902455778e-14,-7.440574023576119e-8,1],8,0.31132078170776369],[[776,222.69961547851563,47,1,3.8851155181873767e-8,6.742138314655422e-14,-3.8851155181873767e-8,1,8.718409816310668e-8,-6.40341797056472e-14,-8.718409816310668e-8,1],8,0.3221554756164551],[[776,222.69961547851563,47,1,5.023250082558661e-8,6.867036372046678e-14,-5.023250082558661e-8,1,1.1272444311316576e-7,-6.300792813928105e-14,-1.1272444311316576e-7,1],8,0.33579587936401369],[[776,222.69961547851563,47,1,4.134144049317001e-8,6.784588217840018e-14,-4.134144049317001e-8,1,9.277243151473158e-8,-6.401053732202344e-14,-9.277243151473158e-8,1],8,0.34780001640319826],[[776,222.69961547851563,47,1,2.3570720486532083e-8,6.680173449992444e-14,-2.3570720486532083e-8,1,5.2893966540068507e-8,-6.555498331672904e-14,-5.2893966540068507e-8,1],8,0.36186909675598147],[[776,222.69961547851563,47,1,1.025264495524425e-8,6.649737862131702e-14,-1.025264495524425e-8,1,2.300747325989505e-8,-6.626149010990207e-14,-2.300747325989505e-8,1],8,0.37453770637512209],[[776,222.69961547851563,47,1,-3.0568947373410539e-9,6.659253769074336e-14,3.0568947373410539e-9,1,-6.859870893549669e-9,-6.657156515496934e-14,6.859870893549669e-9,1],8,0.38788723945617678],[[776,222.69961547851563,47,1,-1.6357905252561978e-8,6.708498909374985e-14,1.6357905252561978e-8,1,-3.670808013112037e-8,-6.648452404930949e-14,3.670808013112037e-8,1],8,0.39975881576538088],[[775.8399658203125,222.69961547851563,46.977542877197269,0.9913318157196045,-3.247233948400208e-8,0.13138186931610108,4.2245382303462978e-8,1,-7.159933801403895e-8,-0.13138186931610108,7.652898403875952e-8,0.9913318157196045],8,0.4189572334289551],[[775.5134887695313,222.69961547851563,46.93122482299805,0.9405406713485718,-3.502084666706651e-8,0.3396810293197632,6.41765964815022e-8,1,-7.459895812189643e-8,-0.3396810293197632,9.196293149216217e-8,0.9405406713485718],8,0.4450383186340332],[[775.2495727539063,222.69961547851563,46.89371871948242,0.8777363896369934,-2.3592717113274376e-8,0.47914382815361025,5.129031777073578e-8,1,-4.471863945809673e-8,-0.47914382815361025,6.382661865700357e-8,0.8777363896369934],8,0.45506811141967776],[[775.0516357421875,222.69961547851563,46.8655891418457,0.82574862241745,-1.6339074093707496e-8,0.5640383362770081,3.783064528306568e-8,1,-2.6415809983859618e-8,-0.5640383362770081,4.3150752304654819e-8,0.82574862241745],8,0.46575498580932619],[[774.919677734375,222.69961547851563,46.84683609008789,0.7907606363296509,-1.1986392323137807e-8,0.6121255159378052,2.7577831573921686e-8,1,-1.604421129286493e-8,-0.6121255159378052,2.956822520161495e-8,0.7907606363296509],8,0.4802403450012207],[[774.65576171875,222.69961547851563,46.809329986572269,0.7208127379417419,-4.1797525440756548e-9,0.6931298971176148,4.9866586415703299e-9,1,8.444383525763044e-10,-0.6931298971176148,2.847720281806687e-9,0.7208127379417419],8,0.49120259284973147],[[774.4578247070313,222.69961547851563,46.78120040893555,0.6699704527854919,1.0457429366894644e-9,0.7423877716064453,-1.3201691295705587e-8,1,1.0505291747620049e-8,-0.7423877716064453,-1.6839008409874624e-8,0.6699704527854919],8,0.5032320022583008],[[774.3258666992188,222.69961547851563,46.762447357177737,0.6378850340843201,4.2952255085992878e-9,0.7701315879821777,-2.570345358776649e-8,1,1.5712409151547037e-8,-0.7701315879821777,-2.981775182320234e-8,0.6378850340843201],8,0.513850212097168],[[774.1279296875,222.69961547851563,46.734317779541019,0.5923168063163757,8.88729889680917e-9,0.805705189704895,-4.4822890288287456e-8,1,2.1921232828958638e-8,-0.805705189704895,-4.9098350274334737e-8,0.5923168063163757],8,0.525829553604126],[[773.9299926757813,222.69961547851563,46.7061882019043,0.5496665239334106,1.3200025072990229e-8,0.8353841304779053,-6.421579712423409e-8,1,2.6451603574173533e-8,-0.8353841304779053,-6.81844198879844e-8,0.5496665239334106],8,0.5415124893188477],[[773.6660766601563,222.69961547851563,46.66868209838867,0.49729955196380618,1.8606305829393933e-8,0.86757892370224,-9.027046843357312e-8,1,3.029713724345129e-8,-0.86757892370224,-9.338350537291262e-8,0.49729955196380618],8,0.5525040626525879],[[773.4681396484375,222.69961547851563,46.64055252075195,0.4617655873298645,2.2453299663993677e-8,0.8870019912719727,-1.098272974786596e-7,1,3.186144681421865e-8,-0.8870019912719727,-1.1212955541850533e-7,0.4617655873298645],8,0.5650959014892578],[[773.2042236328125,222.69961547851563,46.60304641723633,0.41922760009765627,2.035737800554216e-8,0.9078812003135681,-1.0074313649965916e-7,1,2.4096681983110103e-8,-0.9078812003135681,-1.0156478680301007e-7,0.41922760009765627],8,0.5825326442718506],[[772.8079833984375,222.69961547851563,46.547401428222659,0.3631638288497925,7.1316081928785028e-9,0.931725263595581,-3.326639230749606e-8,1,5.312242645771903e-9,-0.931725263595581,-3.2924351245355868e-8,0.3631638288497925],8,0.6043055057525635],[[772.2792358398438,222.69961547851563,46.47671127319336,0.30059897899627688,-9.568303482865304e-9,0.9537506103515625,5.816625048282731e-8,1,-8.300292009266741e-9,-0.9537506103515625,5.7971160316583339e-8,0.30059897899627688],8,0.6375246047973633],[[772.0807495117188,222.69961547851563,46.452274322509769,0.2809337377548218,-1.561521578707925e-8,0.9597271680831909,9.261158595563757e-8,1,-1.0839018571573434e-8,-0.9597271680831909,9.192689987003178e-8,0.2809337377548218],8,0.6504685878753662],[[771.8819580078125,222.69961547851563,46.43052291870117,0.26313310861587527,-1.56603299217295e-8,0.9647595286369324,9.223368380162356e-8,1,-8.923889183165557e-9,-0.9647595286369324,9.133149347917424e-8,0.26313310861587527],8,0.6631133556365967],[[771.815673828125,222.69961547851563,46.423580169677737,0.2575257420539856,-1.4692957073236812e-8,0.9662714600563049,8.628863668036502e-8,1,-7.791380873811704e-9,-0.9662714600563049,8.53847197390678e-8,0.2575257420539856],8,0.6726157665252686],[[771.6166381835938,222.69961547851563,46.404144287109378,0.24123477935791017,-1.1818397815943627e-8,0.9704667925834656,6.841564470505546e-8,1,-4.8284363174389e-9,-0.9704667925834656,6.755990256124278e-8,0.24123477935791017],8,0.6939685344696045],[[771.21826171875,222.69961547851563,46.367149353027347,0.21109184622764588,-6.183042522422966e-9,0.9774662256240845,3.2554858364619579e-8,1,-7.04907521242859e-10,-0.9774662256240845,3.1970078140375338e-8,0.21109184622764588],8,0.7091059684753418],[[771.0853271484375,222.69961547851563,46.35693359375,0.20155341923236848,-4.3357877288485728e-9,0.9794775247573853,2.0582733739615834e-8,1,1.9119079930352e-10,-0.9794775247573853,2.01217886797167e-8,0.20155341923236848],8,0.7180042266845703],[[770.752685546875,222.69961547851563,46.33512496948242,0.17860713601112367,2.197906162626495e-10,0.9839204549789429,-9.359155228594318e-9,1,1.4755469068816752e-9,-0.9839204549789429,-9.472207018745849e-9,0.17860713601112367],8,0.7373054027557373],[[770.5531005859375,222.69961547851563,46.323123931884769,0.16605867445468903,2.912804442090078e-9,0.9861158728599548,-2.7318856510305524e-8,1,1.6465897534345686e-9,-0.9861158728599548,-2.7212989195390948e-8,0.16605867445468903],8,0.7480628490447998],[[770.3533325195313,222.69961547851563,46.314701080322269,0.15352417528629304,5.577992734373538e-9,0.9881448745727539,-4.5267519510616697e-8,1,1.3881219507183574e-9,-0.9881448745727539,-4.494398098131569e-8,0.15352417528629304],8,0.7683615684509277],[[770.0869750976563,222.6655731201172,46.304500579833987,0.13658607006072999,9.08826258694262e-9,0.990628182888031,-6.917141348594669e-8,1,3.629896938583954e-10,-0.990628182888031,-6.85727314930773e-8,0.13658607006072999],8,0.7787692546844482],[[769.88720703125,222.60427856445313,46.296878814697269,0.12383216619491577,1.168865715328593e-8,0.992303192615509,-8.707018395170962e-8,1,-9.135993628284211e-10,-0.992303192615509,-8.628688874523505e-8,0.12383216619491577],8,0.8040153980255127],[[769.5542602539063,222.43397521972657,46.284175872802737,0.10252562165260315,1.596165866146748e-8,0.9947303533554077,-1.168272305562823e-7,1,-4.004979015093113e-9,-0.9947303533554077,-1.1580097947216928e-7,0.10252562165260315],8,0.811690092086792],[[769.4210815429688,222.34201049804688,46.27909469604492,0.09398894011974335,1.5259569607906088e-8,0.9955732226371765,-1.112992293883508e-7,1,-4.820010168771205e-9,-0.9955732226371765,-1.1035350411248146e-7,0.09398894011974335],8,0.8217248916625977],[[769.2213134765625,222.17852783203126,46.2714729309082,0.08117110282182694,1.0651612036838287e-8,0.9967001676559448,-7.692030123962468e-8,1,-4.422499255696266e-9,-0.9967001676559448,-7.630750076259574e-8,0.08117110282182694],8,0.8316366672515869],[[769.088134765625,222.05250549316407,46.26639175415039,0.072618268430233,7.608606189535294e-9,0.9973598122596741,-5.402185365710466e-8,1,-3.6953886617396849e-9,-0.9973598122596741,-5.3610872186027339e-8,0.072618268430233],8,0.8415346145629883],[[768.9549560546875,221.91285705566407,46.26131057739258,0.06406009197235108,4.588745383671267e-9,0.99794602394104,-3.1144235634883447e-8,1,-2.598980364254544e-9,-0.99794602394104,-3.0913774651253337e-8,0.06406009197235108],8,0.850987434387207],[[768.7551879882813,221.67784118652345,46.25368881225586,0.05121418088674545,1.023433213176439e-10,0.9986876845359802,3.125329772757368e-9,1,-2.627486561657122e-10,-0.9986876845359802,3.1346849560520697e-9,0.05121418088674545],8,0.8625004291534424],[[768.555419921875,221.4121551513672,46.25830078125,0.040235735476017,-4.335051428938641e-9,0.9991902112960815,3.733160980345929e-8,1,2.8352828973510215e-9,-0.9991902112960815,3.718729857382641e-8,0.040235735476017],5,0.875802755355835],[[768.3556518554688,221.11582946777345,46.26810836791992,0.030619310215115548,-8.730333789230827e-9,0.999531090259552,7.147610858737608e-8,1,6.544853548007268e-9,-0.999531090259552,7.124219791876385e-8,0.030619310215115548],5,0.8877756595611572],[[768.1558837890625,220.78884887695313,46.27885055541992,0.021785976365208627,-1.3087348982310232e-8,0.9997626543045044,1.0555869778272609e-7,1,1.0790210502875653e-8,-0.9997626543045044,1.0529856808716431e-7,0.021785976365208627],5,0.8996586799621582],[[768.0333251953125,220.83843994140626,46.2855110168457,0.01854117214679718,-1.0850857989908036e-8,0.9998281002044678,8.695737108155299e-8,1,9.240154419387636e-9,-0.9998281002044678,8.677109519794613e-8,0.01854117214679718],12,0.911719560623169],[[768.0103759765625,220.97366333007813,46.28675842285156,0.017897777259349824,-8.619267966025746e-9,0.9998398423194885,6.83965168946088e-8,1,7.3963066782312129e-9,-0.9998398423194885,6.825318621395127e-8,0.017897777259349824],12,0.9228262901306152],[[767.967529296875,221.2347412109375,46.289161682128909,0.015133037231862545,-7.1344246066473719e-9,0.9998854994773865,5.601465957738583e-8,1,6.287472764654467e-9,-0.9998854994773865,5.591309815144996e-8,0.015133037231862545],8,0.9351480007171631],[[767.746826171875,221.81556701660157,46.301578521728519,0.006498347036540508,-4.182695967358541e-9,0.9999788999557495,3.126416459053871e-8,1,3.979614415783317e-9,-0.9999788999557495,3.1237643582926469e-8,0.006498347036540508],8,0.9485476016998291],[[767.5482177734375,222.12564086914063,46.31276321411133,-0.0000035583298085839489,-1.986917297358559e-9,1,1.2733156751210118e-8,1,1.986962594457964e-9,-1,1.2733163856637475e-8,-0.0000035583298085839489],8,0.9766702651977539],[[767.1494140625,223.39955139160157,46.3352165222168,-0.012780911289155484,2.3595023712630338e-9,0.9999183416366577,-2.423897171865974e-8,1,-2.669516607767264e-9,-0.9999183416366577,-2.427111134295501e-8,-0.012780911289155484],3,0.9908895492553711],[[766.88330078125,224.18069458007813,46.3505973815918,-0.0195749681442976,5.225754939885974e-9,0.9998083710670471,-4.8824936982327929e-8,1,-6.182686362876666e-9,-0.9998083710670471,-4.893660943139366e-8,-0.0195749681442976],5,1.0101191997528077],[[766.6171875,224.9073486328125,46.36605453491211,-0.025062434375286104,8.072102986034224e-9,0.9996858835220337,-7.336995366813426e-8,1,-9.91404647265881e-9,-0.9996858835220337,-7.359537335105415e-8,-0.025062434375286104],5,1.0178396701812745],[[766.5506591796875,225.0804901123047,46.369991302490237,-0.026310134679079057,8.780924432016946e-9,0.9996538162231445,-7.950013269919509e-8,1,-1.087634871055343e-8,-0.9996538162231445,-7.975877025501177e-8,-0.026310134679079057],5,1.026642084121704],[[766.35107421875,225.57949829101563,46.38190841674805,-0.02980067767202854,1.0901307412325423e-8,0.9995558857917786,-9.787696342300478e-8,1,-1.3824247524496514e-8,-0.9995558857917786,-9.824546509662469e-8,-0.02980067767202854],5,1.0368058681488038],[[766.1514892578125,226.04783630371095,46.39384460449219,-0.03295169025659561,1.3013115918170115e-8,0.9994569420814514,-1.16234332381282e-7,1,-1.6852384376875308e-8,-0.9994569420814514,-1.1672652533434302e-7,-0.03295169025659561],5,1.0513122081756592],[[765.951904296875,226.4855194091797,46.40578079223633,-0.03577672690153122,1.511706493317888e-8,0.9993597865104675,-1.345740230362935e-7,1,-1.9944451423725697e-8,-0.9993597865104675,-1.3520141806111497e-7,-0.03577672690153122],5,1.0611631870269776],[[765.8187866210938,226.76028442382813,46.413394927978519,-0.03735799342393875,1.6515746992240566e-8,0.9993019700050354,-1.4679427806640889e-7,1,-2.201505466814524e-8,-0.9993019700050354,-1.4751425680969988e-7,-0.03735799342393875],5,1.0736744403839112],[[765.5524291992188,227.2689208984375,46.428009033203128,-0.03987620398402214,1.930527737670218e-8,0.9992046356201172,-1.7122276574355056e-7,1,-2.61537937973344e-8,-0.9992046356201172,-1.7212948932865403e-7,-0.03987620398402214],5,1.0862793922424317],[[765.4192504882813,227.5028076171875,46.4345817565918,-0.04069637134671211,1.6767112143156738e-8,0.9991715550422669,-1.4861657859910339e-7,1,-2.2834186097497878e-8,-0.9991715550422669,-1.4942273196538736e-7,-0.04069637134671211],5,1.097339391708374],[[765.219482421875,227.82809448242188,46.443267822265628,-0.041207704693078998,1.2964672002624411e-8,0.9991505742073059,-1.1474605798866833e-7,1,-1.770813540247218e-8,-0.9991505742073059,-1.1537830602037502e-7,-0.041207704693078998],5,1.108597755432129],[[765.0197143554688,228.12271118164063,46.451168060302737,-0.041183650493621829,9.16559184105381e-9,0.9991515874862671,-8.090838576890747e-8,1,-1.2508306390657254e-8,-0.9991515874862671,-8.135488371863176e-8,-0.041183650493621829],5,1.1195919513702393],[[764.8197631835938,228.3866729736328,46.45722961425781,-0.040329184383153918,5.367270627942844e-9,0.9991864562034607,-4.709977119432551e-8,1,-7.272682456260782e-9,-0.9991864562034607,-4.7354753007766706e-8,-0.040329184383153918],5,1.1310954093933106],[[764.6198120117188,228.6199951171875,46.46234130859375,-0.03896181285381317,1.566788032647537e-9,0.9992406964302063,-1.3309295887609096e-8,1,-2.086926853550608e-9,-0.9992406964302063,-1.3380500263338036e-8,-0.03896181285381317],5,1.1439406871795655],[[764.4865112304688,228.7584991455078,46.464962005615237,-0.0377558171749115,-9.68988111971214e-10,0.9992870092391968,9.210640250501001e-9,1,1.3176829627425946e-9,-0.9992870092391968,9.253823485266821e-9,-0.0377558171749115],5,1.1558868885040284],[[764.1532592773438,229.045166015625,46.469913482666019,-0.03404988721013069,-7.3199539762924818e-9,0.9994201064109802,6.549565512159461e-8,1,9.555614965961468e-9,-0.9994201064109802,6.578304123650014e-8,-0.03404988721013069],5,1.173572301864624],[[763.8866577148438,229.2131805419922,46.473731994628909,-0.031281229108572009,-1.2413424954615948e-8,0.999510645866394,1.105050770888738e-7,1,1.587793008184235e-8,-0.999510645866394,1.1094768126440613e-7,-0.031281229108572009],5,1.1895453929901124],[[763.4867553710938,229.363037109375,46.47882843017578,-0.02747942879796028,-1.4242305113043585e-8,0.9996223449707031,1.2637569568596519e-7,1,1.772172986136411e-8,-0.9996223449707031,1.2681495320521209e-7,-0.02747942879796028],5,1.2133235931396485],[[763.0202026367188,229.3828582763672,46.48320770263672,-0.023173736408352853,-9.570904957456606e-9,0.9997314810752869,8.469093160101693e-8,1,1.1536608113260627e-8,-0.9997314810752869,8.493553593780234e-8,-0.023173736408352853],5,1.2421636581420899],[[762.8869018554688,229.35787963867188,46.48337936401367,-0.02172667905688286,-8.23350454481897e-9,0.9997639656066895,7.27886444451542e-8,1,9.817277657475643e-9,-0.9997639656066895,7.298476134565135e-8,-0.02172667905688286],5,1.2540695667266846],[[762.7536010742188,229.3192596435547,46.482208251953128,-0.019830627366900445,-6.894360637943464e-9,0.999803364276886,6.089224058314358e-8,1,8.103484994137489e-9,-0.999803364276886,6.104096428316552e-8,-0.019830627366900445],5,1.2684922218322755],[[762.4869995117188,229.20115661621095,46.4763298034668,-0.014559388160705567,-4.20802193090708e-9,0.9998940229415894,3.711127760652744e-8,1,4.748842652446683e-9,-0.9998940229415894,3.717648411338814e-8,-0.014559388160705567],5,1.2776906490325928],[[762.2870483398438,229.07681274414063,46.46982192993164,-0.00990463700145483,-2.184346925560021e-9,0.9999509453773499,1.9277091922731416e-8,1,2.3753961020389626e-9,-0.9999509453773499,1.929967297087387e-8,-0.00990463700145483],5,1.2904770374298096],[[762.0872802734375,228.92181396484376,46.461795806884769,-0.004898982122540474,-1.519647879755226e-10,0.9999880194664002,1.4411987159235196e-9,1,1.5902712480198034e-10,-0.9999880194664002,1.4419605509630174e-9,-0.004898982122540474],5,1.3103835582733155],[[761.4879760742188,228.27288818359376,46.432003021240237,0.011443262919783593,6.0027121051575708e-9,0.9999344944953919,-5.208022457736661e-8,1,-5.407098324639037e-9,-0.9999344944953919,-5.201493991080497e-8,0.011443262919783593],5,1.338754653930664],[[761.4214477539063,228.18374633789063,46.42814254760742,0.013224022462964058,6.6920309294005168e-9,0.9999125599861145,-5.802736424698196e-8,1,-5.925193669042983e-9,-0.9999125599861145,-5.794393587166269e-8,0.013224022462964058],5,1.3459784984588624],[[761.2883911132813,227.99525451660157,46.41996765136719,0.016636138781905175,8.073747892467509e-9,0.9998615980148315,-6.99204321108482e-8,1,-6.911498040551578e-9,-0.9998615980148315,-6.979577449328645e-8,0.016636138781905175],5,1.3541183471679688],[[761.0888061523438,227.6869659423828,46.40749740600586,0.021401332691311837,1.015351180910784e-8,0.9997709393501282,-8.775587900800019e-8,1,-8.277314833549099e-9,-0.9997709393501282,-8.755863234455319e-8,0.021401332691311837],5,1.3637874126434327],[[760.9557495117188,227.46441650390626,46.399166107177737,0.024316156283020974,1.1544435629673444e-8,0.9997043013572693,-9.964225711200925e-8,1,-9.1242169375505e-9,-0.9997043013572693,-9.939093104094354e-8,0.024316156283020974],5,1.3931596279144288],[[760.4900512695313,226.57818603515626,46.3700065612793,0.03344220295548439,1.643644687021606e-8,0.9994406700134277,-1.4121769709163346e-7,1,-1.1720371340118163e-8,-0.9994406700134277,-1.4074676357722638e-7,0.03344220295548439],5,1.4037668704986573],[[760.3569946289063,226.29432678222657,46.36167526245117,0.03566204383969307,1.78403567474561e-8,0.999363899230957,-1.530860771481457e-7,1,-1.2388874814917017e-8,-0.999363899230957,-1.525468888985415e-7,0.03566204383969307],5,1.4122662544250489],[[760.2239379882813,225.996826171875,46.35334396362305,0.03761463239789009,1.9246442661824404e-8,0.9992923140525818,-1.649480481091814e-7,1,-1.305121788419683e-8,-0.9992923140525818,-1.6434040617241409e-7,0.03761463239789009],5,1.4223132133483887],[[760.0243530273438,225.52505493164063,46.34084701538086,0.040241897106170657,1.927171844329223e-8,0.9991899728775024,-1.64917480560689e-7,1,-1.2645369196206957e-8,-0.9991899728775024,-1.6427502202986944e-7,0.040241897106170657],5,1.430769920349121],[[759.8912963867188,225.19349670410157,46.332515716552737,0.04182801768183708,1.650394487739959e-8,0.9991248250007629,-1.4114672808318574e-7,1,-1.0609341849487919e-8,-0.9991248250007629,-1.4057943076295488e-7,0.04182801768183708],5,1.4462170600891114],[[759.6251831054688,224.48951721191407,46.315853118896487,0.044693633913993838,1.0959967156054518e-8,0.9990007281303406,-9.362156561110169e-8,1,-6.782456374310186e-9,-0.9990007281303406,-9.322488381258154e-8,0.044693633913993838],5,1.4566693305969239],[[759.4921264648438,224.11709594726563,46.30752182006836,0.0459769070148468,8.184236399699785e-9,0.998942494392395,-6.986833511746227e-8,1,-4.9771693433342538e-9,-0.998942494392395,-6.956561549031903e-8,0.0459769070148468],5,1.466346025466919],[[759.2925415039063,223.53289794921876,46.29502487182617,0.047715019434690478,4.016793564431964e-9,0.9988610148429871,-3.4251549152486407e-8,1,-2.3851969288557486e-9,-0.9988610148429871,-3.409872562087912e-8,0.047715019434690478],7,1.4784817695617676],[[759.0929565429688,222.91806030273438,46.282527923583987,0.04927339032292366,-1.5457692070786067e-10,0.9987853169441223,1.3481467053821917e-9,1,8.825636055309616e-11,-0.9987853169441223,1.3421603828334128e-9,0.04927339032292366],7,1.4894468784332276],[[758.9598999023438,222.59645080566407,46.27419662475586,0.05021483078598976,-2.937324827811949e-9,0.9987384676933289,2.5071178910707205e-8,1,1.680499850387207e-9,-0.9987384676933289,2.4955165045525974e-8,0.05021483078598976],7,1.4997751712799073],[[758.4276733398438,222.65631103515626,46.24087142944336,0.053558263927698138,-1.195664811604047e-8,0.9985647201538086,1.0181404519471471e-7,1,6.513012795750228e-9,-0.9985647201538086,1.0131908823041158e-7,0.053558263927698138],8,1.5304968357086182],[[758.2946166992188,222.6782684326172,46.232540130615237,0.054256197065114978,-1.0498051317142654e-8,0.9985270500183106,8.937525564078897e-8,1,5.657222690302888e-9,-0.9985270500183106,8.893667313714104e-8,0.054256197065114978],8,1.5403087139129639],[[758.1615600585938,222.68804931640626,46.22438049316406,0.054798297584056857,-9.03921026917942e-9,0.9984974265098572,7.694024617421747e-8,1,4.83027351450005e-9,-0.9984974265098572,7.655994949118394e-8,0.054798297584056857],8,1.550887107849121],[[757.9619750976563,222.69412231445313,46.21250534057617,0.05534845218062401,-6.850957134929558e-9,0.9984670877456665,5.829558702430404e-8,1,3.6299510064452535e-9,-0.9984670877456665,5.8005312553177649e-8,0.05534845218062401],8,1.5620532035827637],[[757.7623901367188,222.69654846191407,46.200984954833987,0.05564991012215614,-4.663219144163122e-9,0.9984503388404846,3.966132666732847e-8,1,2.4598820758114927e-9,-0.9984503388404846,3.946297155721368e-8,0.05564991012215614],8,1.5738542079925538],[[757.2296752929688,222.6986846923828,46.17131042480469,0.05573171749711037,1.165080476539515e-9,0.9984458088874817,-9.974166381709893e-9,1,-6.101513738698827e-10,-0.9984458088874817,-9.924659316595808e-9,0.05573171749711037],8,1.6120388507843018],[[757.0299072265625,222.69895935058595,46.16077423095703,0.05549465864896774,3.3479257144364284e-9,0.998458981513977,-2.856535452622211e-8,1,-1.7654214756746e-9,-0.998458981513977,-2.842336321862149e-8,0.05549465864896774],8,1.6196017265319825],[[756.896728515625,222.6990966796875,46.15452194213867,0.055026937276124957,4.801887332206434e-9,0.9984848499298096,-4.095196715070415e-8,1,-2.552293265623007e-9,-0.9984848499298096,-4.074947312915356e-8,0.055026937276124957],8,1.6287486553192139],[[756.7635498046875,222.69918823242188,46.14865493774414,0.05436205863952637,6.254429862906363e-9,0.9985212683677673,-5.333221508863062e-8,1,-3.3601492699375514e-9,-0.9985212683677673,-5.30706856238794e-8,0.05436205863952637],8,1.6489179134368897],[[756.4306030273438,222.6993408203125,46.13472366333008,0.05233010649681091,9.878424300779898e-9,0.9986298680305481,-8.425488573493567e-8,1,-5.476860742703593e-9,-0.9986298680305481,-8.385283933876053e-8,0.05233010649681091],8,1.6571834087371827],[[756.0310668945313,222.6994171142578,46.11936569213867,0.04954881966114044,1.4212061749674377e-8,0.9987717270851135,-1.2130865911785805e-7,1,-8.211447521944138e-9,-0.9987717270851135,-1.207527873248182e-7,0.04954881966114044],8,1.682088851928711],[[755.8977661132813,222.6994171142578,46.114463806152347,0.04863668605685234,1.3538327792161909e-8,0.9988165497779846,-1.1558300627712015e-7,1,-7.926134415470188e-9,-0.9988165497779846,-1.1506071473377233e-7,0.04863668605685234],8,1.696371078491211],[[755.6311645507813,222.6994171142578,46.10596466064453,0.04646088182926178,7.970875515184162e-9,0.9989200830459595,-6.802775942560402e-8,1,-4.815446263961576e-9,-0.9989200830459595,-6.7730567820945e-8,0.04646088182926178],8,1.7045869827270508],[[755.5645141601563,222.6994171142578,46.104034423828128,0.04586653411388397,6.581641454062037e-9,0.9989475607872009,-5.614645104401461e-8,1,-4.010619392147419e-9,-0.9989475607872009,-5.590340990124787e-8,0.04586653411388397],8,1.7129087448120118],[[755.4312133789063,222.6994171142578,46.100311279296878,0.04466200992465019,3.806464921041197e-9,0.9990021586418152,-3.239327384108037e-8,1,-2.3620734257434607e-9,-0.9990021586418152,-3.2255453419338667e-8,0.04466200992465019],8,1.72178053855896],[[755.0979614257813,222.6994171142578,46.09111404418945,0.04177142679691315,-3.1125508836993278e-9,0.999127209186554,2.6933893337854898e-8,1,1.9892198999116319e-9,-0.999127209186554,2.682729238756565e-8,0.04177142679691315],8,1.7397544384002686],[[754.8980102539063,223.35169982910157,46.08559799194336,0.04005804657936096,-7.251228506532925e-9,0.9991973638534546,6.249194939300651e-8,1,4.751736781827276e-9,-0.9991973638534546,6.225144488780643e-8,0.04005804657936096],3,1.7539288997650147],[[754.6314086914063,224.17372131347657,46.07863998413086,0.03804268315434456,-1.2755285716536946e-8,0.9992761015892029,1.0985969822741026e-7,1,8.58214121990386e-9,-0.9992761015892029,1.0945368700276959e-7,0.03804268315434456],5,1.7785472869873047],[[754.2315063476563,225.3045654296875,46.068294525146487,0.03549746796488762,-1.4880546572726417e-8,0.999369740486145,1.2819285188925279e-7,1,1.0336539624233865e-8,-0.999369740486145,1.2774513891145035e-7,0.03549746796488762],5,1.793165922164917],[[754.0315551757813,225.82400512695313,46.0631217956543,0.034433312714099887,-1.2890987832747669e-8,0.9994069933891296,1.1104577879450517e-7,1,9.072694595602116e-9,-0.9994069933891296,1.1066752136912328e-7,0.034433312714099887],5,1.8085145950317383],[[753.8316040039063,226.3127899169922,46.05794906616211,0.03351474553346634,-1.0904611436046708e-8,0.9994382262229919,9.391266075908789e-8,1,7.761513209914029e-9,-0.9994382262229919,9.359977326539593e-8,0.03351474553346634],5,1.8207414150238038],[[753.6316528320313,226.7709197998047,46.05277633666992,0.03270118683576584,-8.921178462628632e-9,0.9994651675224304,7.679282276740196e-8,1,6.413391595572193e-9,-0.9994651675224304,7.654202960338807e-8,0.03270118683576584],5,1.8324055671691895],[[753.4983520507813,227.05929565429688,46.0493278503418,0.032211191952228549,-7.600431395360374e-9,0.9994810819625855,6.53867928690488e-8,1,5.497096999818041e-9,-0.9994810819625855,6.517579720366484e-8,0.032211191952228549],5,1.8418142795562745],[[753.3650512695313,227.3340606689453,46.04587936401367,0.03176024928689003,-6.280853614981652e-9,0.9994955062866211,5.3986408232731267e-8,1,4.56853666008783e-9,-0.9994955062866211,5.381407675031369e-8,0.03176024928689003],5,1.851729393005371],[[753.1651000976563,227.72064208984376,46.040706634521487,0.03114045411348343,-4.303580158904197e-9,0.9995149970054627,3.689618210955814e-8,1,3.1561468993857035e-9,-0.9995149970054627,3.6780004819547688e-8,0.03114045411348343],5,1.8631281852722169],[[752.9651489257813,228.0765838623047,46.0355339050293,0.030581600964069368,-2.3287112238534748e-9,0.9995322823524475,1.9818168439655893e-8,1,1.7234460525372697e-9,-0.9995322823524475,1.9756193125886058e-8,0.030581600964069368],5,1.8734395503997803],[[752.8318481445313,228.29684448242188,46.03208541870117,0.030243495479226114,-1.013409467454096e-9,0.9995425343513489,8.439516641089995e-9,1,7.585159722545143e-10,-0.9995425343513489,8.412715857275544e-9,0.030243495479226114],5,1.883209228515625],[[752.4319458007813,228.87586975097657,46.0217399597168,0.02933637611567974,2.9267082091166687e-9,0.9995695948600769,-2.5664881775355753e-8,1,-2.1747297296315084e-9,-0.9995695948600769,-2.5590036756284463e-8,0.02933637611567974],5,1.9063293933868409],[[752.2986450195313,229.0416259765625,46.01829147338867,0.029074495658278467,4.238213335838736e-9,0.9995772242546082,-3.702265516380976e-8,1,-3.163135531281114e-9,-0.9995772242546082,-3.6915036361051537e-8,0.029074495658278467],5,1.9158146381378174],[[752.1653442382813,229.1937713623047,46.01484298706055,0.028840886428952218,5.5488409422821409e-9,0.9995840191841126,-4.837535527713044e-8,1,-4.155381372328293e-9,-0.9995840191841126,-4.8235385463613059e-8,0.028840886428952218],5,1.9261584281921387],[[751.9653930664063,229.39642333984376,46.00967025756836,0.028524411842226983,7.513201616404786e-9,0.9995930790901184,-6.539492858337326e-8,1,-5.650148793279186e-9,-0.9995930790901184,-6.520714634916658e-8,0.028524411842226983],5,1.936100959777832],[[751.7654418945313,229.56842041015626,46.00449752807617,0.02824062667787075,9.4757259816447e-9,0.9996011257171631,-8.240320426011749e-8,1,-7.15145986873722e-9,-0.9996011257171631,-8.216836988594878e-8,0.02824062667787075],5,1.9472575187683106],[[751.6321411132813,229.6660614013672,46.00104904174805,0.028069177642464639,1.0783086423771238e-8,0.9996059536933899,-9.373583509386663e-8,1,-8.155211617122405e-9,-0.9996059536933899,-9.346998552928199e-8,0.028069177642464639],5,1.9581952095031739],[[751.4321899414063,229.78695678710938,45.99587631225586,0.027834879234433175,1.274268779383192e-8,0.9996125102043152,-1.1072549455093395e-7,1,-9.664401723341598e-9,-0.9996125102043152,-1.1041358050078998e-7,0.027834879234433175],5,1.9708473682403565],[[751.2322387695313,229.87721252441407,45.99070358276367,0.027624083682894708,1.4700606953965689e-8,0.999618411064148,-1.277040553304687e-7,1,-1.1177164971343246e-8,-0.999618411064148,-1.2734656706925308e-7,0.027624083682894708],5,1.9826135635375977],[[751.0322875976563,229.9368133544922,45.985530853271487,0.02743525058031082,1.6656887424915113e-8,0.9996235966682434,-1.4467160269759916e-7,1,-1.2692563444716143e-8,-0.9996235966682434,-1.442689239183892e-7,0.02743525058031082],5,1.9941823482513428],[[750.7656860351563,229.9685821533203,45.978633880615237,0.027212047949433328,1.9262785144746887e-8,0.9996296763420105,-1.6727793195059349e-7,1,-1.4716259322256065e-8,-0.9996296763420105,-1.6681552494901553e-7,0.027212047949433328],5,2.01318359375],[[750.5657348632813,229.95663452148438,45.97346115112305,0.027065051719546319,1.7216228442862304e-8,0.9996336698532105,-1.4949412729947654e-7,1,-1.3174989099695722e-8,-0.9996336698532105,-1.490827798988903e-7,0.027065051719546319],5,2.026931047439575],[[750.2324829101563,229.86862182617188,45.964839935302737,0.026851635426282884,1.0478315104478498e-8,0.9996394515037537,-9.095841591033605e-8,1,-8.038830934253838e-9,-0.9996394515037537,-9.07097614799568e-8,0.026851635426282884],5,2.070028066635132],[[749.6992797851563,229.5506591796875,45.951045989990237,0.026570318266749383,-2.847488078661087e-10,0.9996469616889954,2.5656343716207177e-9,1,2.16655568485713e-10,-0.9996469616889954,2.558971923249942e-9,0.026570318266749383],5,2.0791358947753908],[[749.4993286132813,229.37522888183595,45.94587326049805,0.026486221700906755,-4.3154368967179838e-9,0.999649167060852,3.759523181656732e-8,1,3.320846486687401e-9,-0.999649167060852,3.749408605813187e-8,0.026486221700906755],5,2.0973968505859377],[[749.2993774414063,229.1691436767578,45.94070053100586,0.026415904983878137,-8.343237212216082e-9,0.9996510148048401,7.260211276616246e-8,1,6.427629983818406e-9,-0.9996510148048401,7.240699062549538e-8,0.026415904983878137],5,2.1050260066986086],[[749.1660766601563,229.01470947265626,45.93760299682617,0.026248985901474954,-1.1026709323402884e-8,0.9996554255485535,9.592646676992445e-8,1,8.511669591371174e-9,-0.9996554255485535,9.566998926402448e-8,0.026248985901474954],5,2.1121914386749269],[[749.0327758789063,228.84666442871095,45.93460464477539,0.026019208133220674,-1.3708497448305934e-8,0.9996614456176758,1.1923978604500008e-7,1,1.0609563894092844e-8,-0.9996614456176758,1.1892336715391139e-7,0.026019208133220674],5,2.1192941665649416],[[748.8994750976563,228.66497802734376,45.93162155151367,0.025777650997042657,-1.6388511880904845e-8,0.9996677041053772,1.4254239033562045e-7,1,1.2718329500671644e-8,-0.9996677041053772,1.4216718113857497e-7,0.025777650997042657],5,2.130124807357788],[[748.7661743164063,228.4696807861328,45.92881393432617,0.025480013340711595,-1.6969950777934174e-8,0.9996753334999085,1.4759555710952555e-7,1,1.3213503180509179e-8,-0.9996753334999085,1.4721095453751332e-7,0.025480013340711595],5,2.1386449337005617],[[748.2996215820313,227.67881774902345,45.919189453125,0.024352246895432473,-1.1672621091918245e-8,0.9997034668922424,1.0148061591053193e-7,1,9.20406950655206e-9,-0.9997034668922424,1.012263766142496e-7,0.024352246895432473],5,2.1666460037231447],[[748.0996704101563,227.28878784179688,45.915069580078128,0.02393527701497078,-9.406504908326952e-9,0.9997134804725647,8.174048105047405e-8,1,7.452158889975636e-9,-0.9997134804725647,8.153869401894554e-8,0.02393527701497078],5,2.178386926651001],[[747.9663696289063,227.01173400878907,45.91249465942383,0.023630771785974504,-7.897095422038092e-9,0.9997207522392273,6.858777368279334e-8,1,6.278066955189843e-9,-0.9997207522392273,6.84202632328379e-8,0.023630771785974504],5,2.18648624420166],[[747.8330688476563,226.72105407714845,45.90997314453125,0.02331475354731083,-6.388796602863067e-9,0.9997282028198242,5.5441077506657169e-8,1,5.097587241209567e-9,-0.9997282028198242,5.530715796453478e-8,0.02331475354731083],5,2.1953303813934328],[[747.6997680664063,226.416748046875,45.90745544433594,0.023008622229099275,-4.881606230355828e-9,0.9997352957725525,4.230052041975796e-8,1,3.909364387766345e-9,-0.9997352957725525,4.219937110860883e-8,0.023008622229099275],5,2.2055749893188478],[[747.4998168945313,225.93475341796876,45.903968811035159,0.02246912568807602,-2.6229582950065834e-9,0.9997475147247315,2.260087228478369e-8,1,2.1156707497027584e-9,-0.9997475147247315,2.2547627764879509e-8,0.02246912568807602],5,2.215714454650879],[[747.2998657226563,225.42210388183595,45.900543212890628,0.021923264488577844,-3.6698538652402137e-10,0.9997596740722656,2.9150799552013497e-9,1,3.0315019938775836e-10,-0.9997596740722656,2.9077333874028e-9,0.021923264488577844],5,2.2298121452331545],[[746.9666137695313,224.49954223632813,45.894840240478519,0.021095378324389459,3.3871898619253217e-9,0.9997774958610535,-2.9863862494039498e-8,1,-2.757814199227937e-9,-0.9997774958610535,-2.97990396802561e-8,0.021095378324389459],5,2.2489633560180666],[[746.8333129882813,224.10667419433595,45.892730712890628,0.020740509033203126,4.886868243403342e-9,0.9997848868370056,-4.2964636293163497e-8,1,-3.9966194798068958e-9,-0.9997848868370056,-4.287250376933116e-8,0.020740509033203126],5,2.2581112384796144],[[746.7000122070313,223.7001953125,45.890846252441409,0.02031797729432583,6.3853304865801878e-9,0.9997935891151428,-5.605892638982368e-8,1,-5.2474096179366828e-9,-0.9997935891151428,-5.5940738263871029e-8,0.02031797729432583],5,2.2670834064483644],[[746.5000610351563,223.06491088867188,45.88811111450195,0.019654182717204095,8.630606451731638e-9,0.999806821346283,-7.568841198235532e-8,1,-7.144392188962456e-9,-0.999806821346283,-7.553337155741247e-8,0.019654182717204095],7,2.2795259952545168],[[746.3001098632813,222.50802612304688,45.88566970825195,0.01891818270087242,1.0872891920143957e-8,0.9998210072517395,-9.530308631156004e-8,1,-9.07155417451122e-9,-0.9998210072517395,-9.511441589893366e-8,0.01891818270087242],7,2.289703369140625],[[746.1668090820313,222.43899536132813,45.88408279418945,0.018433015793561937,1.2366035306854429e-8,0.9998301267623901,-1.0837160857590789e-7,1,-1.0370182046415266e-8,-0.9998301267623901,-1.081620411014228e-7,0.018433015793561937],7,2.2987728118896486],[[746.0335083007813,222.45985412597657,45.88249588012695,0.017975719645619394,1.3857841096864832e-8,0.9998384118080139,-1.2143405569986499e-7,1,-1.1676863032050733e-8,-0.9998384118080139,-1.2120453618535977e-7,0.017975719645619394],7