[[[776,222.69961547851563,47,1,6.473337776924382e-8,-1.6294439510175572e-15,-6.473337776924382e-8,1,-7.627202869286976e-9,1.1357092930959728e-15,7.627202869286976e-9,1],8,0.011411905288696289],[[776,222.69961547851563,47,1,2.9342372087626246e-8,-1.4899391069124317e-15,-2.9342372087626246e-8,1,-3.457259367678489e-9,1.3884948412592308e-15,3.457259367678489e-9,1],8,0.03862500190734863],[[776,222.69961547851563,47,1,-1.4853859475749687e-8,-1.5227645982338512e-15,1.4853859475749687e-8,1,1.750160905089615e-9,1.4967679924123142e-15,-1.750160905089615e-9,1],8,0.04674196243286133],[[776,222.69961547851563,47,1,-4.134893671903228e-8,-1.6527416981109052e-15,4.134893671903228e-8,1,4.871943737327911e-9,1.4512920640236517e-15,-4.871943737327911e-9,1],8,0.05852174758911133],[[776,222.69961547851563,47,1,-6.782703110275179e-8,-1.8652402417203806e-15,6.782703110275179e-8,1,7.991726391765042e-9,1.3231851070150168e-15,-7.991726391765042e-9,1],8,0.07013440132141113],[[776,222.69961547851563,47,1,-9.428816127865503e-8,-2.160102151538496e-15,9.428816127865503e-8,1,1.1109509756579428e-8,1.1126068929760854e-15,-1.1109509756579428e-8,1],8,0.08269333839416504],[[776,222.69961547851563,47,1,-1.1191949056410522e-7,-2.402355692035594e-15,1.1191949056410522e-7,1,1.3186921776764393e-8,9.26482096607912e-16,-1.3186921776764393e-8,1],8,0.09514069557189942],[[776,222.69961547851563,47,1,-7.80851792114845e-8,-2.077013936885243e-15,7.80851792114845e-8,1,9.200390671537662e-9,1.3585998721770744e-15,-9.200390671537662e-9,1],8,0.10999679565429688],[[776,222.69961547851563,47,1,-5.272842074077744e-8,-1.9204775895514385e-15,5.272842074077744e-8,1,6.2127267774769738e-9,1.5928903500579163e-15,-6.2127267774769738e-9,1],8,0.12169694900512696],[[776,222.69961547851563,47,1,-2.7387912382437208e-8,-1.8395575674849198e-15,2.7387912382437208e-8,1,3.226977574044554e-9,1.7511774086145771e-15,-3.226977574044554e-9,1],8,0.1347026824951172],[[776,222.69961547851563,47,1,-2.063644588545799e-9,-1.8342238010160595e-15,2.063644588545799e-9,1,2.431412016168366e-10,1.833721933994811e-15,-2.431412016168366e-10,1],8,0.14800071716308595],[[776,222.69961547851563,47,1,2.324439130063638e-8,-1.9043536821257424e-15,-2.324439130063638e-8,1,-2.7387834222736275e-9,1.8406923798760037e-15,2.7387834222736275e-9,1],8,0.1602029800415039],[[776,222.69961547851563,47,1,5.696320570791613e-8,-2.1150052703937298e-15,-5.696320570791613e-8,1,-6.711710742735022e-9,1.732684667672766e-15,6.711710742735022e-9,1],8,0.1766824722290039],[[776,222.69961547851563,47,1,8.22334058625529e-8,-2.3606657891629214e-15,-8.22334058625529e-8,1,-9.689179236715973e-9,1.5638915418339549e-15,9.689179236715973e-9,1],8,0.1915433406829834],[[776,222.69961547851563,47,1,1.0672313521808974e-7,-2.697870876014279e-15,-1.0672313521808974e-7,1,-1.2574687069388802e-8,1.3558608852630092e-15,1.2574687069388802e-8,1],8,0.20661449432373048],[[776,222.69961547851563,47,1,7.91988483683781e-8,-2.439978354453788e-15,-7.91988483683781e-8,1,-9.331625250297293e-9,1.7009243202825188e-15,9.331625250297293e-9,1],8,0.23215818405151368],[[775.7787475585938,222.69961547851563,46.9542350769043,0.9858711957931519,3.297938988566784e-8,0.16750510036945344,-3.1786857590532239e-8,1,-9.800554146011109e-9,-0.16750510036945344,4.337623149552883e-9,0.9858711957931519],8,0.24477744102478028],[[775.584716796875,222.69961547851563,46.91151428222656,0.9582550525665283,4.580076762294993e-9,0.2859147787094116,-3.830381789526882e-9,1,-3.1813462975094355e-9,-0.2859147787094116,1.953378347963053e-9,0.9582550525665283],8,0.2632315158843994],[[775.2603149414063,222.69961547851563,46.83495330810547,-0.998757541179657,-5.1484128960055389e-8,0.049833931028842929,-5.168848815628735e-8,1,-2.812060362344937e-9,-0.049833931028842929,-5.384407142372538e-9,-0.998757541179657],8,0.27683091163635256],[[775.0668334960938,222.69961547851563,46.784278869628909,-0.9759019613265991,-7.943462065895801e-8,0.21820956468582154,-8.115620886428587e-8,1,1.0729239718898498e-9,-0.21820956468582154,-1.666198912175787e-8,-0.9759019613265991],8,0.29959630966186526],[[774.744873046875,222.69961547851563,46.69815444946289,-0.962412416934967,-9.384086752106669e-8,0.2715921998023987,-9.491254360227686e-8,1,9.189709437862348e-9,-0.2715921998023987,-1.6933215718495377e-8,-0.962412416934967],8,0.3082144260406494],[[774.6166381835938,222.69961547851563,46.661685943603519,-0.9585028290748596,-7.897438081272412e-8,0.2850830554962158,-7.943488355977024e-8,1,9.947334511650752e-9,-0.2850830554962158,-1.3110993180021069e-8,-0.9585028290748596],8,0.31955480575561526],[[774.4248657226563,222.69961547851563,46.60496139526367,-0.956428050994873,-5.696821858691692e-8,0.29196813702583315,-5.621948417910971e-8,1,1.0954370743831987e-8,-0.29196813702583315,-5.937230262986759e-9,-0.956428050994873],8,0.3318469524383545],[[774.2334594726563,222.69961547851563,46.54681396484375,-0.9522181153297424,-3.4984839913931867e-8,0.3054187595844269,-3.300579010101501e-8,1,1.1643445319009516e-8,-0.3054187595844269,1.0065112077128902e-9,-0.9522181153297424],8,0.34372687339782717],[[773.9793701171875,222.69961547851563,46.465904235839847,-0.950052797794342,-5.8210480879949959e-9,0.31208929419517519,-2.071291360650207e-9,1,1.2346505151583642e-8,-0.31208929419517519,1.1083403528289182e-8,-0.950052797794342],8,0.35585570335388186],[[773.8526000976563,222.69961547851563,46.424530029296878,-0.9444544315338135,8.5618232503748e-9,0.3286423683166504,1.3389858999346416e-8,1,1.2427761042488328e-8,-0.3286423683166504,1.6137928326998009e-8,-0.9444544315338135],8,0.3679494857788086],[[773.5374755859375,222.69961547851563,46.31568145751953,-0.9336576461791992,4.446221524290195e-8,0.35816672444343569,5.200113761816283e-8,1,1.1416599221547586e-8,-0.35816672444343569,2.928427278447998e-8,-0.9336576461791992],8,0.3893086910247803],[[773.3504028320313,222.69961547851563,46.24517059326172,-0.9304922223091126,6.603307411978676e-8,0.3663116991519928,7.514191935342751e-8,1,1.0608179223936532e-8,-0.3663116991519928,3.739619103271252e-8,-0.9304922223091126],8,0.40143632888793948],[[773.1641235351563,222.69961547851563,46.17227554321289,-0.9272571206092835,8.751838009857238e-8,0.3744252026081085,9.825993885215212e-8,1,9.598310590774873e-9,-0.3744252026081085,4.569109890439904e-8,-0.9272571206092835],8,0.4138655662536621],[[772.9785766601563,222.69961547851563,46.09771728515625,-0.9212548136711121,1.0858957466552966e-7,0.38895952701568606,1.213444136283215e-7,1,8.225930159255768e-9,-0.38895952701568606,5.477624398508851e-8,-0.9212548136711121],8,0.4261772632598877],[[772.7940673828125,222.69961547851563,46.02049255371094,-0.9185149669647217,8.14700413798164e-8,0.3953862190246582,9.056303440502234e-8,1,4.33363300800238e-9,-0.3953862190246582,3.97878814339947e-8,-0.9185149669647217],8,0.4397013187408447],[[772.5490112304688,222.69961547851563,45.915340423583987,-0.914322018623352,4.542977194432751e-8,0.4049879014492035,4.949980692003919e-8,1,-4.2225031804399295e-10,-0.4049879014492035,1.966075124926192e-8,-0.914322018623352],8,0.456007719039917],[[772.3050537109375,222.69961547851563,45.80772399902344,-0.9107487797737122,9.667746603270189e-9,0.41296088695526125,8.431708664602411e-9,1,-4.815414289538467e-9,-0.41296088695526125,-9.036666415163097e-10,-0.9107487797737122],8,0.481001615524292],[[772.0620727539063,222.69961547851563,45.69792175292969,-0.9093009829521179,-2.5887269217150789e-8,0.41613900661468508,-3.2616384260109046e-8,1,-9.061498218443376e-9,-0.41613900661468508,-2.181258018651988e-8,-0.9093009829521179],8,0.48923587799072268],[[771.8801879882813,222.69961547851563,45.61482238769531,-0.9093009829521179,-5.253592050280531e-8,0.41613900661468508,-6.33794456916803e-8,1,-1.224367718322128e-8,-0.41613900661468508,-3.7507849270923546e-8,-0.9093009829521179],8,0.49979472160339358],[[771.6983642578125,222.69961547851563,45.5316047668457,-0.9085743427276611,-7.910204402605814e-8,0.417723149061203,-9.412828205768165e-8,1,-1.5370229533573366e-8,-0.417723149061203,-5.328455898734319e-8,-0.9085743427276611],8,0.5149915218353272],[[771.3953247070313,223.7697296142578,45.39290237426758,-0.907845139503479,-1.2335711119249027e-7,0.41930559277534487,-1.4534154502143793e-7,1,-2.048746416960512e-8,-0.41930559277534487,-7.954196945547665e-8,-0.907845139503479],3,0.5476861000061035],[[771.0320434570313,224.94143676757813,45.22530746459961,-0.8321588039398193,-1.0095127578324537e-7,0.5545374155044556,-1.1898661966824875e-7,1,3.490316480281308e-9,-0.5545374155044556,-6.307803346317087e-8,-0.8321588039398193],5,0.5669262409210205],[[770.7898559570313,225.6544647216797,45.11349105834961,-0.8458806276321411,-8.721429622937649e-8,0.5333722829818726,-8.97969272273258e-8,1,2.1104993308540544e-8,-0.5333722829818726,-3.004288728902793e-8,-0.8458806276321411],5,0.5757431983947754],[[770.6687622070313,225.99053955078126,45.0577392578125,-0.8796419501304627,-8.02565409685485e-8,0.47563645243644717,-7.539408386492141e-8,1,2.9301256532221488e-8,-0.47563645243644717,-1.0085556390038164e-8,-0.8796419501304627],5,0.5871546268463135],[[770.4869384765625,226.46910095214845,44.97444534301758,-0.8659021854400635,-6.639870520075419e-8,0.5002133846282959,-5.358458565751789e-8,1,3.998232855906281e-8,-0.5002133846282959,7.817059000103655e-9,-0.8659021854400635],5,0.5985887050628662],[[770.3047485351563,226.91700744628907,44.89198684692383,-0.8676232695579529,-5.1940848067033588e-8,0.4972221851348877,-3.1692678703620916e-8,1,4.916020301948265e-8,-0.4972221851348877,2.6894234395058448e-8,-0.8676232695579529],5,0.6108667850494385],[[770.1222534179688,227.33425903320313,44.810218811035159,-0.86761873960495,-3.664279191184505e-8,0.49723008275032046,-9.66620117281991e-9,1,5.6827243355428439e-8,-0.49723008275032046,4.449805501849369e-8,-0.86761873960495],5,0.6254997253417969],[[769.8788452148438,227.8428955078125,44.70136260986328,-0.8560381531715393,-1.630141532871221e-8,0.5169126391410828,1.996999543507627e-8,1,6.460761170501428e-8,-0.5169126391410828,6.562932952647316e-8,-0.8560381531715393],5,0.6408743858337402],[[769.695556640625,228.18861389160157,44.621280670166019,-0.8761686682701111,3.65458840967392e-9,0.48200467228889468,4.2310723813443477e-8,1,6.932867080422511e-8,-0.48200467228889468,8.113757132832689e-8,-0.8761686682701111],5,0.6534397602081299],[[769.5116577148438,228.50367736816407,44.54258346557617,-0.878683865070343,2.2231079199741545e-8,0.4774041473865509,6.484877701495862e-8,1,7.279052027797661e-8,-0.4774041473865509,9.491892427604398e-8,-0.878683865070343],5,0.6667170524597168],[[769.265869140625,228.87606811523438,44.439090728759769,-0.8631754517555237,4.448140344948115e-8,0.5049040913581848,9.529961886300953e-8,1,7.482388753032865e-8,-0.5049040913581848,1.1270331157220426e-7,-0.8631754517555237],5,0.682065486907959],[[769.0198364257813,229.1939697265625,44.33616256713867,-0.8640578389167786,7.1585688488085e-8,0.5033925175666809,1.2622618328350655e-7,1,7.445687089102648e-8,-0.5033925175666809,1.2787636194389052e-7,-0.8640578389167786],5,0.6963584423065186],[[768.8352661132813,229.39662170410157,44.259273529052737,-0.8811712861061096,9.751553164960569e-8,0.472797155380249,1.4981621632159659e-7,1,7.296620907482066e-8,-0.472797155380249,1.3512841690044298e-7,-0.8811712861061096],5,0.708641767501831],[[768.6505126953125,229.56861877441407,44.182708740234378,-0.8828194737434387,8.829215403238777e-8,0.46971240639686587,1.264176745507939e-7,1,4.963001032365355e-8,-0.46971240639686587,1.0319428866978342e-7,-0.8828194737434387],5,0.7214906215667725],[[768.4655151367188,229.7099609375,44.106727600097659,-0.883639395236969,7.7378324192523e-8,0.46816810965538027,1.0281415541157912e-7,1,2.8776668159480324e-8,-0.46816810965538027,7.356251074952525e-8,-0.883639395236969],5,0.7349298000335693],[[768.2186889648438,229.85073852539063,44.00594711303711,-0.8701467514038086,5.9075276226394638e-8,0.49279266595840456,7.071887608844918e-8,1,4.993017110876963e-9,-0.49279266595840456,3.9194400613951078e-8,-0.8701467514038086],5,0.7500100135803223],[[768.033203125,229.92054748535157,43.93120193481445,-0.8868850469589233,4.6312660373359907e-8,0.4619901776313782,4.6632649741695789e-8,1,-1.0725039523151736e-8,-0.4619901776313782,1.2031947882462646e-8,-0.8868850469589233],5,0.7633922100067139],[[767.8475341796875,229.95970153808595,43.85689163208008,-0.888494074344635,3.10761194555198e-8,0.45888805389404299,2.2334759819386819e-8,1,-2.44761615419975e-8,-0.45888805389404299,-1.149777162368082e-8,-0.888494074344635],5,0.7769317626953125],[[767.66162109375,229.96820068359376,43.783180236816409,-0.8892961740493774,1.4637600465050582e-8,0.4573317766189575,-2.217816152949581e-9,1,-3.6319139695706329e-8,-0.4573317766189575,-3.331274811557705e-8,-0.8892961740493774],5,0.7916624546051025],[[767.41357421875,229.93185424804688,43.685428619384769,-0.8752616047859192,-7.536356427806368e-9,0.48364976048469546,-3.555684813250082e-8,1,-4.87650133607076e-8,-0.48364976048469546,-5.987920559391569e-8,-0.8752616047859192],5,0.8073940277099609],[[767.1651000976563,229.84100341796876,43.58848190307617,-0.8794547915458679,-3.324457864550823e-8,0.4759824573993683,-6.9354598508653e-8,1,-5.8299747252021919e-8,-0.4759824573993683,-8.428356323975095e-8,-0.8794547915458679],5,0.8245639801025391],[[766.9158935546875,229.69564819335938,43.4935188293457,-0.8827584385871887,-6.1031833809011e-8,0.4698270857334137,-1.0370916925239726e-7,1,-6.495648818827249e-8,-0.4698270857334137,-1.0606626688058896e-7,-0.8827584385871887],5,0.8498632907867432],[[766.603515625,229.43731689453126,43.377132415771487,-0.8700817823410034,-9.465352945881023e-8,0.4929073750972748,-1.4759648081508204e-7,1,-6.850675760006198e-8,-0.4929073750972748,-1.323578828760219e-7,-0.8700817823410034],5,0.859363317489624],[[766.4157104492188,229.24143981933595,43.30851745605469,-0.9039793014526367,-9.349263052627066e-8,0.4275762140750885,-1.263935587303422e-7,1,-4.856334356873049e-8,-0.4275762140750885,-9.794313626798612e-8,-0.9039793014526367],5,0.8785228729248047],[[765.9761352539063,228.66517639160157,43.15179443359375,-0.8457387685775757,-5.572291073008273e-8,0.5335971713066101,-7.454075046098296e-8,1,-1.371650704129479e-8,-0.5335971713066101,-5.1375316445501087e-8,-0.8457387685775757],5,0.8986847400665283],[[765.85009765625,228.46987915039063,43.108238220214847,-0.9245162606239319,-5.3942635247494766e-8,0.3811425566673279,-6.024611565180749e-8,1,-4.6068899806073208e-9,-0.3811425566673279,-2.7221503273722193e-8,-0.9245162606239319],5,0.9097633361816406],[[765.66064453125,228.1513671875,43.04423904418945,-0.9148663282394409,-3.822590244340063e-8,0.4037568271160126,-3.857468655610319e-8,1,7.269769231044165e-9,-0.4037568271160126,-8.923925598480764e-9,-0.9148663282394409],5,0.9216737747192383],[[765.4706420898438,227.80221557617188,42.98181915283203,-0.916971743106842,-2.2325023607550066e-8,0.3989521265029907,-1.6777120137589919e-8,1,1.7397773888205849e-8,-0.3989521265029907,9.259999877997416e-9,-0.916971743106842],5,0.9347312450408936],[[765.2802734375,227.4224090576172,42.9205207824707,-0.919735312461853,-5.4248379122157079e-9,0.39253905415534975,5.153068194374555e-9,1,2.589371916883465e-8,-0.39253905415534975,2.5838149397827693e-8,-0.919735312461853],5,0.9471409320831299],[[765.0895385742188,227.01193237304688,42.860496520996097,-0.9211020469665527,1.2370608537537464e-8,0.3893212080001831,2.7269422275821854e-8,1,3.2742406119723458e-8,-0.3893212080001831,4.0775660181679999e-8,-0.9211020469665527],5,0.9591059684753418],[[764.9622192382813,226.72125244140626,42.82097244262695,-0.9335595965385437,2.616309835445918e-8,0.358422189950943,4.208484583045902e-8,1,3.6620541266074727e-8,-0.358422189950943,4.927160190959512e-8,-0.9335595965385437],5,0.9702033996582031],[[764.7075805664063,226.09902954101563,42.74216079711914,-0.9076231122016907,4.824384447488228e-8,0.4197859466075897,7.219388464818621e-8,1,4.116621710181789e-8,-0.4197859466075897,6.766939009139605e-8,-0.9076231122016907],5,0.9845860004425049],[[764.5166015625,225.59658813476563,42.68306350708008,-0.9211025834083557,7.080147668148129e-8,0.3893199861049652,9.505293263600834e-8,1,4.302894396346346e-8,-0.3893199861049652,7.664007739549561e-8,-0.9211025834083557],5,0.9953358173370361],[[764.325439453125,225.06349182128907,42.623966217041019,-0.9217832088470459,9.216689278446211e-8,0.3877057433128357,1.1818777778671574e-7,1,4.3271512595310926e-8,-0.3877057433128357,8.570903275995079e-8,-0.9217832088470459],5,1.010174036026001],[[764.197998046875,224.69107055664063,42.58473587036133,-0.9341862797737122,1.0973131736591313e-7,0.3567855656147003,1.337928807743083e-7,1,4.276002130154666e-8,-0.3567855656147003,8.768119386104445e-8,-0.9341862797737122],5,1.0210850238800049],[[764.0068359375,224.10687255859376,42.52596664428711,-0.9217836260795593,1.2953070438470605e-7,0.3877047300338745,1.5741788672585245e-7,1,4.0171091342244838e-8,-0.3877047300338745,9.806070977447234e-8,-0.9217836260795593],5,1.0332939624786378],[[763.751953125,223.2802734375,42.447628021240237,-0.9083574414253235,1.1498217133976141e-7,0.41819462180137637,1.3705859203128058e-7,1,2.2754992556883736e-8,-0.41819462180137637,7.798683299142795e-8,-0.9083574414253235],5,1.0483694076538087],[[763.560791015625,222.6245574951172,42.38887405395508,-0.9450039267539978,9.731321881645272e-8,0.32705891132354739,1.0833331742787777e-7,1,1.5477914061534649e-8,-0.32705891132354739,5.005806258395751e-8,-0.9450039267539978],7,1.0621898174285889],[[763.305908203125,222.4444122314453,42.31014633178711,-0.9525038003921509,6.304118471689435e-8,0.3045266270637512,6.945455766071973e-8,1,1.0227505065074638e-8,-0.3045266270637512,3.0892497449031e-8,-0.9525038003921509],7,1.074962854385376],[[763.1785888671875,222.48167419433595,42.27042007446289,-0.9531084895133972,4.527660379949339e-8,0.30262884497642519,4.999630220936524e-8,1,7.84888332105993e-9,-0.30262884497642519,2.2611160943597498e-8,-0.9531084895133972],7,1.0870082378387452],[[762.9243774414063,222.56793212890626,42.189998626708987,-0.9526645541191101,9.589562921519246e-9,0.3040233552455902,1.1090441454086886e-8,1,3.2099778390914936e-9,-0.3040233552455902,6.429785148753808e-9,-0.9526645541191101],8,1.1010918617248536],[[762.7337646484375,222.6144256591797,42.129302978515628,-0.9521963596343994,-1.7144270003655039e-8,0.3054865896701813,-1.8073489371772667e-8,1,-2.13563014495044e-10,-0.3054865896701813,-5.724562157638502e-9,-0.9521963596343994],8,1.1146955490112305],[[762.5433349609375,222.64547729492188,42.068275451660159,-0.9511285424232483,-4.383122487183755e-8,0.3087952733039856,-4.7230496846850659e-8,1,-3.533239700814761e-9,-0.3087952733039856,-1.7945119168416569e-8,-0.9511285424232483],8,1.127915620803833],[[762.3530883789063,222.6655731201172,42.006649017333987,-0.9505879282951355,-7.048966210732033e-8,0.31045541167259219,-7.637456889142413e-8,1,-6.799960594605636e-9,-0.31045541167259219,-3.0174856391340657e-8,-0.9505879282951355],8,1.14058518409729],[[762.099609375,222.68153381347657,41.92393493652344,-0.9494985342025757,-1.0594374089123449e-7,0.31377148628234866,-1.1521924392354777e-7,1,-1.1016813239450585e-8,-0.31377148628234866,-4.6612960602487877e-8,-0.9494985342025757],8,1.153397798538208],[[761.90966796875,222.6885528564453,41.86130905151367,-0.9489507079124451,-8.281839569690419e-8,0.31542447209358218,-9.020362767842016e-8,1,-8.814772911591718e-9,-0.31542447209358218,-3.681721594261944e-8,-0.9489507079124451],8,1.168060541152954],[[761.656494140625,222.694091796875,41.77726745605469,-0.947284996509552,-5.1921976051971799e-8,0.3203921318054199,-5.685948778477723e-8,1,-6.055588475106788e-9,-0.3203921318054199,-2.3953701244749938e-8,-0.947284996509552],8,1.1819062232971192],[[761.4669799804688,222.69651794433595,41.71337890625,-0.9455937147140503,-2.87862160774921e-8,0.325349897146225,-3.185959229767832e-8,1,-4.118677399134185e-9,-0.325349897146225,-1.4260109537644894e-8,-0.9455937147140503],8,1.197904348373413],[[761.2147216796875,222.6984405517578,41.62682342529297,-0.9444504976272583,1.920297032498297e-9,0.32865363359451296,1.457496345835807e-9,1,-1.6545196324102563e-9,-0.32865363359451296,-1.0836004316061577e-9,-0.9444504976272583],8,1.211864948272705],[[761.0887451171875,222.69903564453126,41.58312225341797,-0.9421320557594299,1.724623643895029e-8,0.33524206280708315,1.811355510028534e-8,1,-5.395360824778095e-10,-0.33524206280708315,5.564111393852045e-9,-0.9421320557594299],8,1.2249305248260499],[[760.8374633789063,222.69979858398438,41.4940071105957,-0.9403622150421143,4.783404961017368e-8,0.3401748538017273,5.141555448062718e-8,1,1.514504410771167e-9,-0.3401748538017273,1.891446110846573e-8,-0.9403622150421143],8,1.2370531558990479],[[760.6493530273438,222.7001190185547,41.42616271972656,-0.9373538494110107,7.061267837116248e-8,0.3483787178993225,7.638587362635008e-8,1,2.835743417861636e-9,-0.3483787178993225,2.9269308754464874e-8,-0.9373538494110107],8,1.2497906684875489],[[760.4617919921875,222.70033264160157,41.35680389404297,-0.9355140924453735,9.338923945279021e-8,0.3532894253730774,1.0134676386996944e-7,1,4.025260569306965e-9,-0.3532894253730774,3.957042693514268e-8,-0.9355140924453735],8,1.262843132019043],[[760.2745971679688,222.7004852294922,41.28635025024414,-0.9317593574523926,9.954762703046072e-8,0.36307641863822939,1.0849808518287318e-7,1,4.259377739401771e-9,-0.36307641863822939,4.3361811918884999e-8,-0.9317593574523926],8,1.2759006023406983],[[760.088134765625,222.70057678222657,41.21411895751953,-0.927904486656189,7.29964000356631e-8,0.3728179633617401,8.00363864073006e-8,1,3.4057403563991785e-9,-0.3728179633617401,3.299920336985451e-8,-0.927904486656189],8,1.2889008522033692],[[759.9024047851563,222.70062255859376,41.13994598388672,-0.9265976548194885,4.680602927464861e-8,0.3760542869567871,5.1590134830803439e-8,1,2.6519271223435227e-9,-0.3760542869567871,2.185796077469604e-8,-0.9265976548194885],8,1.3023145198822022],[[759.6552734375,222.70066833496095,41.03981018066406,-0.9232788681983948,1.1873050986821454e-8,0.3841302990913391,1.3682833532868699e-8,1,1.97854732597591e-9,-0.3841302990913391,7.082741948494231e-9,-0.9232788681983948],8,1.3159973621368409],[[759.470458984375,222.70066833496095,40.96329116821289,-0.9198869466781616,-1.4225071787166144e-8,0.39218366146087649,-1.4729709896244004e-8,1,1.722162634720803e-9,-0.39218366146087649,-4.1925565241740518e-9,-0.9198869466781616],8,1.3287148475646973],[[759.3477172851563,222.70066833496095,40.911293029785159,-0.918510913848877,-3.155825112344246e-8,0.39539557695388796,-3.366177381280977e-8,1,1.6174830363979709e-9,-0.39539557695388796,-1.1824040413443982e-8,-0.918510913848877],8,1.3406214714050294],[[759.1027221679688,222.70066833496095,40.806026458740237,-0.9178180694580078,-6.621112191851353e-8,0.3970012664794922,-7.150193681582096e-8,1,1.4744332421656737e-9,-0.3970012664794922,-2.7033099314621724e-8,-0.9178180694580078],8,1.3532536029815674],[[758.9190673828125,222.70066833496095,40.726688385009769,-0.9178180694580078,-9.219687058248383e-8,0.3970012664794922,-9.986084137381113e-8,1,1.3672231125028134e-9,-0.3970012664794922,-3.839001649907914e-8,-0.9178180694580078],8,1.375812292098999],[[758.6129760742188,222.70066833496095,40.594356536865237,-0.9164266586303711,-8.464825640430718e-8,0.4002026617527008,-9.199191453035383e-8,1,8.605913759396344e-10,-0.4002026617527008,-3.602674070180001e-8,-0.9164266586303711],8,1.3868744373321534],[[758.0630493164063,222.70066833496095,40.35436248779297,-0.9150215983390808,-1.0430924568538558e-8,0.4034048616886139,-1.1805854072122202e-8,1,-9.213750873371396e-10,-0.4034048616886139,-5.605616859583051e-9,-0.9150215983390808],8,1.4240541458129883],[[757.8799438476563,222.70066833496095,40.2738037109375,-0.9136086106300354,1.4253993541046839e-8,0.40659472346305849,1.4886349930520737e-8,1,-1.6077331688180153e-9,-0.40659472346305849,4.583872392771582e-9,-0.9136086106300354],8,1.4374778270721436],[[757.5753173828125,222.70066833496095,40.13840103149414,-0.9107439517974854,5.529530966441598e-8,0.41297152638435366,5.932627189508821e-8,1,-3.0613864776540824e-9,-0.41297152638435366,2.1711922926215267e-8,-0.9107439517974854],8,1.459547519683838],[[757.2716064453125,222.70066833496095,40.00100326538086,-0.899614155292511,9.573748371849433e-8,0.43668559193611147,1.0366548508500273e-7,1,-5.6757971655940768e-9,-0.43668559193611147,4.016319721245054e-8,-0.899614155292511],8,1.4801173210144044],[[756.9713134765625,222.70066833496095,39.85638427734375,-0.8829934597015381,7.176043226309048e-8,0.4693852365016937,7.843689786568575e-8,1,-5.3285962309246319e-9,-0.4693852365016937,3.2112005499129739e-8,-0.8829934597015381],8,1.4970402717590333],[[756.7352294921875,222.70066833496095,39.73250198364258,-0.837734043598175,3.8004923652579239e-8,0.5460784435272217,4.4641531360412048e-8,1,-1.1119201115405986e-9,-0.5460784435272217,2.3446284913575256e-8,-0.837734043598175],8,1.5176095962524415],[[756.510009765625,222.70066833496095,39.58991241455078,-0.7933333516120911,5.5045377145290789e-9,0.608787477016449,1.129820326184472e-8,1,5.681299430904119e-9,-0.608787477016449,1.138536909195409e-8,-0.7933333516120911],8,1.5351293087005616],[[756.2966918945313,222.70066833496095,39.430091857910159,-0.7117761969566345,-2.6452189771930535e-8,0.7024063467979431,-2.090616924022015e-8,1,1.6474333008886789e-8,-0.7024063467979431,-2.9585862648673357e-9,-0.7117761969566345],8,1.5526561737060547],[[756.1505737304688,222.70066833496095,39.29383850097656,-0.689353346824646,-4.926884500378037e-8,0.7244252562522888,-4.478771131743997e-8,1,2.5391559077547755e-8,-0.7244252562522888,-1.4941594628226086e-8,-0.689353346824646],8,1.5647261142730713],[[756.0574951171875,222.70066833496095,39.19844055175781,-0.6543550491333008,-6.378203920576198e-8,0.7561874389648438,-6.04191612296745e-8,1,3.206407939160272e-8,-0.7561874389648438,-2.4706919177219789e-8,-0.6543550491333008],8,1.577878713607788],[[755.8814086914063,222.70066833496095,38.998294830322269,-0.6465261578559876,-9.40460225251627e-8,0.7628918290138245,-9.153679059181741e-8,1,4.570122413838362e-8,-0.7628918290138245,-4.0285630831249367e-8,-0.6465261578559876],8,1.5887699127197266],[[755.751708984375,222.70066833496095,38.84602355957031,-0.6452913284301758,-1.0040191966709244e-7,0.7639365792274475,-9.859422789304517e-8,1,4.814524956486821e-8,-0.7639365792274475,-4.4252022490809398e-8,-0.6452913284301758],8,1.5999579429626465],[[755.6655883789063,222.70066833496095,38.74421691894531,-0.6545930504798889,-8.328393619194685e-8,0.7559814453125,-8.152874642064489e-8,1,3.9572118026853789e-8,-0.7559814453125,-3.573059004224888e-8,-0.6545930504798889],8,1.6130869388580323],[[755.5350341796875,222.70066833496095,38.59272766113281,-0.689504861831665,-5.8411711023609317e-8,0.7242810726165772,-5.536683644891127e-8,1,2.7939442759361556e-8,-0.7242810726165772,-2.0836770531218464e-8,-0.689504861831665],8,1.625115156173706],[[755.3525390625,222.70066833496095,38.3983268737793,-0.71070796251297,-2.3745577948375286e-8,0.7034871578216553,-2.0065556327608648e-8,1,1.3482587490898368e-8,-0.7034871578216553,-4.5336792098282789e-9,-0.71070796251297],8,1.6373193264007569],[[755.2112426757813,222.70066833496095,38.25681686401367,-0.762626051902771,2.4009858545781528e-9,0.6468396186828613,7.144423275207146e-9,1,4.711426360159976e-9,-0.6468396186828613,8.214352753554977e-9,-0.762626051902771],8,1.650578260421753],[[755.0607299804688,222.70066833496095,38.12525939941406,-0.8161395788192749,2.9515966559756636e-8,0.5778547525405884,3.4997896136701459e-8,1,-1.6488548304494089e-9,-0.5778547525405884,1.887800493705072e-8,-0.8161395788192749],8,1.6628596782684327],[[754.9087524414063,223.3529510498047,37.995277404785159,-0.8443496227264404,5.682460368916509e-8,0.5357926487922669,6.311961442406755e-8,1,-6.587591805384818e-9,-0.5357926487922669,2.8256794237790929e-8,-0.8443496227264404],3,1.6815118789672852],[[754.635986328125,224.37196350097657,37.80499267578125,-0.8691136837005615,1.0469761946296785e-7,0.4946123957633972,1.0910000014519028e-7,1,-1.9969812470321814e-8,-0.4946123957633972,3.6606174091957658e-8,-0.8691136837005615],5,1.7072503566741944],[[754.3388061523438,225.30581665039063,37.6569938659668,-0.9228137135505676,1.589517637512472e-7,0.3852464258670807,1.5661947827538825e-7,1,-3.7433594002322937e-8,-0.3852464258670807,2.5792855851136666e-8,-0.9228137135505676],5,1.7158918380737305],[[754.2139892578125,225.655517578125,37.61167907714844,-0.9686264395713806,1.451617492875812e-7,0.24852126836776734,1.4014146643148707e-7,1,-3.7892256443683439e-8,-0.24852126836776734,-1.8753063546483874e-9,-0.9686264395713806],5,1.7279894351959229],[[754.0213012695313,226.15452575683595,37.5615348815918,-0.9715415835380554,1.214244349512228e-7,0.23686900734901429,1.157673068519216e-7,1,-3.779169688300499e-8,-0.23686900734901429,-9.2945207086359e-9,-0.9715415835380554],5,1.7390978336334229],[[753.8241577148438,226.62286376953126,37.52975082397461,-0.9868534207344055,9.661508215685899e-8,0.1616179645061493,9.171779424832494e-8,1,-3.776228041374452e-8,-0.1616179645061493,-2.244259000860893e-8,-0.9868534207344055],5,1.7505607604980469],[[753.6915283203125,226.91806030273438,37.51730728149414,-0.9955768585205078,7.901100929075256e-8,0.09395033121109009,7.581589045457804e-8,1,-3.7577983391656747e-8,-0.09395033121109009,-3.028884165701129e-8,-0.9955768585205078],5,1.7618889808654786],[[753.4917602539063,227.33531188964845,37.50985336303711,-0.9957275390625,5.529232183221211e-8,0.0923396646976471,5.2166097219696897e-8,1,-3.626936972978001e-8,-0.0923396646976471,-3.129741088514493e-8,-0.9957275390625],5,1.7745823860168458],[[753.2918090820313,227.72189331054688,37.50992202758789,-0.9995623230934143,2.9634620091201215e-8,0.029584066942334176,2.8620990022432126e-8,1,-3.468618459123718e-8,-0.029584066942334176,-3.3824274936478108e-8,-0.9995623230934143],5,1.7869539260864258],[[753.0318603515625,228.18966674804688,37.496150970458987,-0.9999973773956299,-0.000025686307708383539,0.0022811447270214559,-0.00002676903568499256,0.9999998807907105,-0.0004746134509332478,-0.002281132386997342,-0.00047467328840866685,-0.9999972581863403],5,1.800487756729126],[[752.8464965820313,228.50473022460938,37.47266387939453,-0.998273491859436,-0.0001180656545329839,-0.05873662233352661,-0.000057179084251401949,0.999999463558197,-0.0010382828768342734,0.058736711740493777,-0.001033131848089397,-0.9982729554176331],5,1.8168604373931885],[[752.6016845703125,228.8771209716797,37.43548583984375,-0.9971352815628052,-0.00022905226796865463,-0.07563871145248413,-0.00012248661369085312,0.9999989867210388,-0.0014135133242234588,0.07563895732164383,-0.0014001992531120778,-0.997134268283844],5,1.8281517028808594],[[752.48486328125,229.04287719726563,37.40245056152344,-0.9830526113510132,-0.0004248335026204586,-0.18332301080226899,-0.00011467842705314979,0.9999985694885254,-0.0017024483531713486,0.1833234578371048,-0.0016525732353329659,-0.9830512404441834],5,1.840965747833252],[[752.31494140625,229.26597595214845,37.372920989990237,-0.9857249855995178,-0.000308029557345435,-0.16836309432983399,-0.00021610636031255126,0.9999998211860657,-0.0005643045296892524,0.16836324334144593,-0.0005198647850193083,-0.9857248663902283],5,1.853891134262085],[[752.0925903320313,229.5157470703125,37.336849212646487,-0.9865758419036865,-0.0001277369010495022,-0.16330380737781526,-0.0001321363524766639,1,0.000016078252883744427,0.16330380737781526,0.00003744078640011139,-0.9865758419036865],5,1.8673255443572999],[[751.9146118164063,229.6673126220703,37.33420181274414,-0.9766107201576233,-0.00003513019692036323,-0.2150149941444397,-0.000052624556701630357,1,0.00007563897088402882,0.2150149941444397,0.00008518489630660042,-0.9766107201576233],5,1.87955904006958],[[751.7323608398438,229.7882080078125,37.353477478027347,-0.9746959805488586,0.000004403185357659822,-0.22353465855121613,-0.000007741920853732154,1,0.000053455714805750179,0.22353465855121613,0.00005383365714806132,-0.9746959805488586],5,1.894599199295044],[[751.4361572265625,229.92160034179688,37.337684631347659,-0.9846128225326538,0.000005838240213051904,-0.17475023865699769,0.000010073153134726454,1,-0.000023347123715211639,0.17475023865699769,-0.00002474816210451536,-0.9846128225326538],5,1.9147491455078126],[[751.263671875,229.96075439453126,37.31511688232422,-0.9694338440895081,-0.000003540128545864718,-0.24535293877124787,0.000006603043402719777,1,-0.000040518538298783827,0.24535293877124787,-0.00004090011498192325,-0.9694338440895081],5,1.927177906036377],[[751.0840454101563,229.96925354003907,37.31867980957031,-0.9693686366081238,-0.0000055074547162803359,-0.2456102967262268,-0.0000010989016345774872,1,-0.00001808643173717428,0.2456102967262268,-0.00001726251866784878,-0.9693686366081238],5,1.9386727809906006],[[750.9015502929688,229.9470977783203,37.34439468383789,-0.9693684577941895,-0.00000416342800235725,-0.24561110138893128,-0.0000030184721708792496,1,-0.0000050381117944198199,0.24561110138893128,-0.000004142416401009541,-0.9693684577941895],5,1.9516308307647706],[[750.7305908203125,229.894287109375,37.33750534057617,-0.9698999524116516,-0.000006566646334249526,-0.24350371956825257,0.000003133103064101306,1,-0.000039446804294129836,0.24350371956825257,-0.00003902237585862167,-0.9698999524116516],5,1.9636011123657227],[[750.550048828125,229.81082153320313,37.35377502441406,-0.9722995162010193,-0.000005777344995294698,-0.23373836278915406,-0.0000015864646911722958,1,-0.00001811780566640664,0.23373836278915406,-0.000017245116396225059,-0.9722995162010193],5,1.9756934642791749],[[750.3925170898438,229.6967010498047,37.370277404785159,-0.9746959209442139,-0.0000037479749153135346,-0.22353480756282807,-0.000002630991048135911,1,-0.000005294739821692929,0.22353480756282807,-0.000004572643319988856,-0.9746959209442139],5,1.9891529083251954],[[750.22607421875,229.55191040039063,37.40578079223633,-0.9809037446975708,-0.0000017458935417380417,-0.19449374079704286,-0.000001749057560118672,1,-1.5546213205652749e-7,0.19449374079704286,1.8768733411889117e-7,-0.9809037446975708],5,2.0021018981933595],[[750.0435791015625,229.37648010253907,37.45660400390625,-0.9847654104232788,-5.344024884834653e-7,-0.17388813197612763,-7.176855660873116e-7,1,9.911512961480185e-7,0.17388813197612763,0.0000011008485216734699,-0.9847654104232788],5,2.014967203140259],[[749.8519287109375,229.17039489746095,37.5110969543457,-0.9918681979179382,-1.3438523183140206e-8,-0.12726926803588868,-1.1071319505617794e-7,1,7.572478466499888e-7,0.12726926803588868,7.651804025954334e-7,-0.9918681979179382],5,2.028144121170044],[[749.5926513671875,228.84791564941407,37.573062896728519,-0.9991225600242615,1.1906029584451972e-7,-0.041881632059812549,1.0910210335168813e-7,1,2.400555842996255e-7,0.041881632059812549,2.35275578575056e-7,-0.9991225600242615],5,2.042095422744751],[[749.3961181640625,228.57028198242188,37.60989761352539,-0.9996540546417236,9.53013667981395e-8,-0.026301026344299318,9.453362537215071e-8,1,3.043396290536293e-8,0.026301026344299318,2.7937101521047226e-8,-0.9996540546417236],5,2.0549380779266359],[[749.1980590820313,228.26199340820313,37.63701629638672,-0.9999748468399048,5.1558419755792786e-8,-0.007095451466739178,5.20459551012209e-8,1,-6.852610567875672e-8,0.007095451466739178,-6.889366943596542e-8,-0.9999748468399048],5,2.0699493885040285],[[748.9246826171875,227.8104705810547,37.61241912841797,-0.9998261332511902,-0.000012055365004925989,0.018645934760570527,-0.0004294230311643332,0.9997494220733643,-0.022380001842975618,-0.018640991300344468,-0.022384118288755418,-0.9995756149291992],5,2.085895538330078],[[748.2486572265625,226.46157836914063,37.6126594543457,-0.971660852432251,-0.0005456762737594545,0.23637878894805909,-0.0011365931713953615,0.999996542930603,-0.0023636159021407367,-0.23637668788433076,-0.00256529962643981,-0.9716581106185913],5,2.1316263675689699],[[747.9944458007813,225.82662963867188,37.65763473510742,-0.9994098544120789,-0.0006977668963372707,0.0343438945710659,-0.0006901209126226604,0.9999997615814209,0.00023448438150808215,-0.03434405103325844,0.00021064456086605787,-0.9994100332260132],5,2.140873670578003],[[747.8740844726563,225.4887237548828,37.69308090209961,-0.9996618032455444,-0.0003819891717284918,-0.026002993807196618,-0.0003939985763281584,0.9999998211860657,0.0004567250143736601,0.02600281499326229,0.0004668156907428056,-0.9996617436408997],5,2.158842086791992],[[747.64697265625,224.7720184326172,37.79032516479492,-0.9996642470359802,-0.000051184280891902748,0.02591157890856266,-0.00004377884033601731,0.9999999403953552,0.0002863638801500201,-0.025911591947078706,0.0002851333701983094,-0.9996641874313355],5,2.1671462059020998],[[747.4884643554688,224.19871520996095,37.886444091796878,-0.9999998211860657,0.00003585947706596926,-0.0005610869848169386,0.00003579257827368565,1,0.00011923782585654408,0.0005610912921838462,0.00011921772238565609,-0.9999998211860657],5,2.178772449493408],[[747.388427734375,223.79949951171876,37.96158218383789,-0.999642014503479,0.000044467178668128329,-0.026754768565297128,0.000043131505663041028,1,0.00005049984611105174,0.026754770427942277,0.000049327794840792197,-0.999642014503479],5,2.1919937133789064],[[747.2117309570313,222.96017456054688,38.15738296508789,-0.9991395473480225,0.00000424888685301994,-0.04147529602050781,0.000005820191745442571,1,-0.00003776457378990017,0.04147529602050781,-0.00003797347017098218,-0.9991395473480225],7,2.205562114715576],[[747.0377197265625,222.36456298828126,38.35934829711914,-0.9988762736320496,-0.00001752857497194782,-0.047393787652254108,-0.00001639133733988274,1,-0.000024384162315982395,0.047393787652254108,-0.000023579912522109227,-0.9988762736320496],7,2.2281742095947267],[[746.8597412109375,222.42608642578126,38.55789566040039,-0.9937660694122315,-0.000005426082225312712,0.11148533970117569,-0.0000054724687288398858,1,-1.1007265499074492e-7,-0.11148533970117569,-7.194864792836597e-7,-0.9937660694122315],8,2.2372870445251467],[[746.7598266601563,222.4853057861328,38.645729064941409,-0.9781426787376404,-0.0000016682687373759109,0.20793484151363374,-0.000001156124881163123,1,0.00000258452905654849,-0.20793484151363374,0.000002287639517817297,-0.9781426787376404],8,2.2478134632110597],[[746.5567016601563,223.35842895507813,38.81786346435547,-0.8864418864250183,0.000004179971256235149,0.46283990144729617,0.000006768850653315894,1,0.0000039327237573161259,-0.46283990144729617,0.000006619025498366682,-0.8864418864250183],3,2.2628138065338136],[[746.3970336914063,223.9800567626953,38.933956146240237,-0.7854942679405212,0.0000035837463201460197,0.6188689470291138,0.000006375722477969248,1,0.0000023015325041342295,-0.6188689470291138,0.000005753577170253266,-0.7854942679405212],5,2.2845375537872316],[[746.1693725585938,224.76119995117188,39.05734634399414,-0.4989646077156067,5.144235046827816e-7,0.8666223883628845,0.0000023543684619653506,1,7.619501047884114e-7,-0.8666223883628845,0.0000024205344288930066,-0.4989646077156067],5,2.2929534912109377],[[745.9916381835938,225.31129455566407,39.124969482421878,-0.4439083933830261,1.3505892582088564e-7,0.8960721492767334,6.838814670118154e-7,1,1.880671902654285e-7,-0.8960721492767334,6.962917495911825e-7,-0.4439083933830261],5,2.3042197227478029],[[745.8267822265625,225.8307342529297,39.18049621582031,-0.4470071792602539,1.4321949848294935e-8,0.8945303559303284,3.3784019137783619e-8,1,8.716946053866081e-10,-0.8945303559303284,3.0610483037207817e-8,-0.4470071792602539],5,2.3185904026031496],[[745.68310546875,226.31951904296876,39.22888946533203,-0.4832408130168915,-1.8922687416988994e-8,0.8754875063896179,-1.0983666243191692e-7,1,-3.901240219761348e-8,-0.8754875063896179,-1.1501300178906604e-7,-0.4832408130168915],5,2.339430332183838],[[745.5245361328125,226.9235382080078,39.282318115234378,-0.6364356875419617,-3.782441027055938e-8,0.7713297605514526,-1.1021710122349759e-7,1,-4.1903849279378849e-8,-0.7713297605514526,-1.1168283720053296e-7,-0.6364356875419617],5,2.3465757369995119],[[745.4302978515625,227.34078979492188,39.314064025878909,-0.6944778561592102