[[[773.9744262695313,222.69961547851563,46.477535247802737,0.6158449649810791,0,0.7878673672676086,0,1,0,-0.7878673672676086,0,0.6158449649810791],8,0.007816553115844727],[[773.7161254882813,222.69961547851563,46.41091537475586,0.5697054266929627,0,0.82184898853302,0,1,0,-0.82184898853302,0,0.5697054266929627],8,0.023250818252563478],[[773.5223999023438,222.69961547851563,46.3609504699707,0.538279116153717,0,0.8427666425704956,0,1,0,-0.8427666425704956,0,0.538279116153717],8,0.042208194732666019],[[773.2640991210938,222.69961547851563,46.29433059692383,0.5005336999893189,0,0.8657170534133911,0,1,0,-0.8657170534133911,0,0.5005336999893189],8,0.050618648529052737],[[773.1349487304688,222.69961547851563,46.26102066040039,0.48343345522880556,0,0.8753811120986939,0,1,0,-0.8753811120986939,0,0.48343345522880556],8,0.06140494346618652],[[772.9412231445313,222.69961547851563,46.211055755615237,0.4600139260292053,0,0.8879116773605347,0,1,0,-0.8879116773605347,0,0.4600139260292053],8,0.07288789749145508],[[772.8120727539063,222.69961547851563,46.1777458190918,0.4456903040409088,0,0.8951871991157532,0,1,0,-0.8951871991157532,0,0.4456903040409088],8,0.08233308792114258],[[772.6183471679688,222.69961547851563,46.12778091430664,0.4259240925312042,0,0.904758870601654,0,1,0,-0.904758870601654,0,0.4259240925312042],8,0.09553337097167969],[[772.4246215820313,222.69961547851563,46.077816009521487,0.40796223282814028,0,0.9129987955093384,0,1,0,-0.9129987955093384,0,0.40796223282814028],8,0.10744833946228028],[[772.2308959960938,222.69961547851563,46.02785110473633,0.391735702753067,0,0.9200778007507324,0,1,0,-0.9200778007507324,0,0.391735702753067],8,0.11928129196166992],[[772.0371704101563,222.69961547851563,45.97788619995117,0.37711232900619509,0,0.9261675477027893,0,1,0,-0.9261675477027893,0,0.37711232900619509],8,0.13170814514160157],[[771.8434448242188,222.69961547851563,45.927921295166019,0.36395156383514407,0,0.9314178824424744,0,1,0,-0.9314178824424744,0,0.36395156383514407],8,0.1421339511871338],[[771.5851440429688,222.69961547851563,45.86130142211914,-0.9857542514801025,0,0.16819196939468385,0,1,0,-0.16819196939468385,0,-0.9857542514801025],8,0.16063261032104493],[[771.3914184570313,222.69961547851563,45.811336517333987,-0.9750210642814636,0,0.22211231291294099,0,1,0,-0.22211231291294099,0,-0.9750210642814636],8,0.17982172966003419],[[771.1331176757813,222.69961547851563,45.74471664428711,-0.9698283672332764,0,0.2437887340784073,0,1,0,-0.2437887340784073,0,-0.9698283672332764],8,0.18985819816589356],[[770.9393920898438,222.69961547851563,45.69475173950195,-0.9675747752189636,0,0.2525847256183624,0,1,0,-0.2525847256183624,0,-0.9675747752189636],8,0.20938944816589356],[[770.6813354492188,222.69961547851563,45.62736129760742,-0.9687583446502686,0,0.248006671667099,0,1,0,-0.248006671667099,0,-0.9687583446502686],8,0.2256336212158203],[[770.4876098632813,222.69961547851563,45.577545166015628,-0.9704364538192749,0,0.24135681986808778,0,1,0,-0.24135681986808778,0,-0.9704364538192749],8,0.23235273361206056],[[770.2935791015625,222.69961547851563,45.52900314331055,-0.972504198551178,0,0.23288528621196748,0,1,0,-0.23288528621196748,0,-0.972504198551178],8,0.24306154251098634],[[770.1640014648438,222.69961547851563,45.49764633178711,-0.9764228463172913,0,0.21586667001247407,0,1,0,-0.21586667001247407,0,-0.9764228463172913],8,0.25399327278137209],[[769.9047241210938,223.56251525878907,45.43520736694336,-0.9800441265106201,0,0.1987801045179367,0,1,0,-0.1987801045179367,0,-0.9800441265106201],3,0.270801305770874],[[769.7090454101563,224.17391967773438,45.394107818603519,-0.9683607816696167,0,0.24955429136753083,0,1,0,-0.24955429136753083,0,-0.9683607816696167],5,0.28961801528930666],[[769.3817138671875,225.1248016357422,45.33079528808594,-0.9465659856796265,0,0.3225102722644806,0,1,0,-0.3225102722644806,0,-0.9465659856796265],5,0.301527738571167],[[769.1190795898438,225.82420349121095,45.284828186035159,-0.9599660038948059,0,0.2801164984703064,0,1,0,-0.2801164984703064,0,-0.9599660038948059],5,0.3163261413574219],[[768.9214477539063,226.31298828125,45.253971099853519,-0.9736371636390686,0,0.2281024008989334,0,1,0,-0.2281024008989334,0,-0.9736371636390686],5,0.33351874351501467],[[768.5910034179688,227.0594940185547,45.20981979370117,-0.9636085033416748,0,0.26731744408607485,0,1,0,-0.26731744408607485,0,-0.9636085033416748],5,0.3595263957977295],[[768.325927734375,227.5953826904297,45.18109893798828,-0.9759339094161987,0,0.21806654334068299,0,1,0,-0.21806654334068299,0,-0.9759339094161987],5,0.3676643371582031],[[768.1931762695313,227.8428955078125,45.1689567565918,-0.9895828366279602,0,0.14396457374095918,0,1,0,-0.14396457374095918,0,-0.9895828366279602],5,0.376924991607666],[[768.0602416992188,228.0767822265625,45.158206939697269,-0.9914979338645935,0,0.13012254238128663,0,1,0,-0.13012254238128663,0,-0.9914979338645935],5,0.3864014148712158],[[767.8606567382813,228.40206909179688,45.14485549926758,-0.9877287149429321,0,0.15617945790290833,0,1,0,-0.15617945790290833,0,-0.9877287149429321],5,0.397533655166626],[[767.6610717773438,228.69668579101563,45.1331901550293,-0.9885339736938477,0,0.15099871158599854,0,1,0,-0.15099871158599854,0,-0.9885339736938477],5,0.40872955322265627],[[767.5278930664063,228.87606811523438,45.12611389160156,-0.993815004825592,0,0.1110483705997467,0,1,0,-0.1110483705997467,0,-0.993815004825592],5,0.41724514961242678],[[767.328125,229.11959838867188,45.11689376831055,-0.9905471801757813,0,0.13717246055603028,0,1,0,-0.13717246055603028,0,-0.9905471801757813],5,0.42995262145996096],[[767.1949462890625,229.26492309570313,45.11162185668945,-0.9950985312461853,0,0.09888856112957001,0,1,0,-0.09888856112957001,0,-0.9950985312461853],5,0.44106197357177737],[[766.9949951171875,229.45736694335938,45.10490036010742,-0.9921502470970154,0,0.1250513643026352,0,1,0,-0.1250513643026352,0,-0.9921502470970154],5,0.45473408699035647],[[766.7950439453125,229.619140625,45.09954071044922,-0.9923675656318665,0,0.12331525981426239,0,1,0,-0.12331525981426239,0,-0.9923675656318665],5,0.46398067474365237],[[766.5950927734375,229.75025939941407,45.094722747802737,-0.9925815463066101,0,0.12158066779375076,0,1,0,-0.12158066779375076,0,-0.9925815463066101],5,0.4768378734588623],[[766.4617919921875,229.82064819335938,45.09173583984375,-0.9962334632873535,0,0.0867115706205368,0,1,0,-0.0867115706205368,0,-0.9962334632873535],5,0.4864356517791748],[[766.2618408203125,229.9006805419922,45.08761978149414,-0.9932050704956055,0,0.1163773238658905,0,1,0,-0.1163773238658905,0,-0.9932050704956055],5,0.49910497665405276],[[766.1285400390625,229.93701171875,45.085269927978519,-0.9965304732322693,0,0.08322887122631073,0,1,0,-0.08322887122631073,0,-0.9965304732322693],5,0.5096802711486816],[[765.8619384765625,229.96878051757813,45.0807991027832,-0.9890362620353699,0,0.1476728618144989,0,1,0,-0.1476728618144989,0,-0.9890362620353699],5,0.5242195129394531],[[765.6619873046875,229.9568328857422,45.07773971557617,-0.9939935803413391,0,0.10943834483623505,0,1,0,-0.10943834483623505,0,-0.9939935803413391],5,0.5410246849060059],[[765.3953857421875,229.8932342529297,45.07493591308594,-0.9900445342063904,0,0.14075446128845216,0,1,0,-0.14075446128845216,0,-0.9900445342063904],5,0.5618436336517334],[[765.1287841796875,229.77513122558595,45.07273864746094,-0.9900445342063904,0,0.14075446128845216,0,1,0,-0.14075446128845216,0,-0.9900445342063904],5,0.5692324638366699],[[764.9954833984375,229.69564819335938,45.071678161621097,-0.9972193837165833,0,0.07452176511287689,0,1,0,-0.07452176511287689,0,-0.9972193837165833],5,0.5775609016418457],[[764.8621826171875,229.60252380371095,45.07061767578125,-0.9972193837165833,0,0.0745217576622963,0,1,0,-0.0745217576622963,0,-0.9972193837165833],5,0.5861561298370361],[[764.6622314453125,229.43731689453126,45.069026947021487,-0.9941836595535278,0,0.10769786685705185,0,1,0,-0.10769786685705185,0,-0.9941836595535278],5,0.5986826419830322],[[764.4622802734375,229.24143981933595,45.06743621826172,-0.9941836595535278,0,0.1076977476477623,0,1,0,-0.1076977476477623,0,-0.9941836595535278],5,0.6094927787780762],[[764.3289794921875,229.0938262939453,45.066375732421878,-0.9972193837165833,0,0.0745217576622963,0,1,0,-0.0745217576622963,0,-0.9972193837165833],5,0.6191167831420898],[[764.1290283203125,228.84686279296876,45.06478500366211,-0.994183361530304,0,0.10770093649625778,0,1,0,-0.10770093649625778,0,-0.994183361530304],5,0.631300687789917],[[763.9957275390625,228.66517639160157,45.063724517822269,-0.997218906879425,0,0.0745280310511589,0,1,0,-0.0745280310511589,0,-0.997218906879425],5,0.6499154567718506],[[763.7291259765625,228.2609405517578,45.06160354614258,-0.9900436401367188,0,0.14076067507266999,0,1,0,-0.14076067507266999,0,-0.9900436401367188],5,0.657921314239502],[[763.5958251953125,228.03839111328126,45.060543060302737,-0.997218906879425,0,0.07452802360057831,0,1,0,-0.07452802360057831,0,-0.997218906879425],5,0.6648938655853272],[[763.4625244140625,227.80221557617188,45.05948257446289,-0.9972192049026489,0,0.07452422380447388,0,1,0,-0.07452422380447388,0,-0.9972192049026489],5,0.6749296188354492],[[763.1959228515625,227.2889862060547,45.0573616027832,-0.9900440573692322,0,0.14075784385204316,0,1,0,-0.14075784385204316,0,-0.9900440573692322],5,0.688967227935791],[[762.9959716796875,226.86830139160157,45.05577087402344,-0.9939940571784973,0,0.10943403095006943,0,1,0,-0.10943403095006943,0,-0.9939940571784973],5,0.7111148834228516],[[762.6627197265625,226.09902954101563,45.052608489990237,-0.9841934442520142,0,0.17709673941135407,0,1,0,-0.17709673941135407,0,-0.9841934442520142],5,0.7282640933990479],[[762.4627685546875,225.59658813476563,45.05038070678711,-0.9936052560806274,0,0.11290991306304932,0,1,0,-0.11290991306304932,0,-0.9936052560806274],5,0.7352197170257568],[[762.3294677734375,225.24459838867188,45.048683166503909,-0.9968151450157166,0,0.07974718511104584,0,1,0,-0.07974718511104584,0,-0.9968151450157166],5,0.7418992519378662],[[762.1961669921875,224.8789825439453,45.046932220458987,-0.9968149065971375,0,0.07974978536367417,0,1,0,-0.07974978536367417,0,-0.9968149065971375],5,0.7506773471832275],[[762.0628662109375,224.49974060058595,45.04517364501953,-0.9968152046203613,0,0.07974621653556824,0,1,0,-0.07974621653556824,0,-0.9968152046203613],5,0.7619216442108154],[[761.8629150390625,223.90533447265626,45.04253005981445,-0.9936051964759827,0,0.11290999501943588,0,1,0,-0.11290999501943588,0,-0.9936051964759827],5,0.7718477249145508],[[761.7682495117188,223.49203491210938,45.040767669677737,-0.9990338683128357,0,0.043946243822574618,0,1,0,-0.043946243822574618,0,-0.9990338683128357],7,0.783515453338623],[[761.72509765625,223.0651092529297,45.039005279541019,-0.9997200965881348,0,0.0236592348664999,0,1,0,-0.0236592348664999,0,-0.9997200965881348],7,0.7920703887939453],[[761.7569580078125,222.6835479736328,45.03636169433594,-0.9998464584350586,0,0.01752300374209881,0,1,0,-0.01752300374209881,0,-0.9998464584350586],7,0.8031582832336426],[[761.8973999023438,222.69589233398438,45.03371810913086,-0.9999011754989624,0,0.014058846049010754,0,1,0,-0.014058846049010754,0,-0.9999011754989624],7,0.8152410984039307],[[762.0704956054688,222.76747131347657,45.03107452392578,-0.9999105930328369,0,0.01337043009698391,0,1,0,-0.01337043009698391,0,-0.9999105930328369],8,0.8282811641693115],[[762.1870727539063,222.81045532226563,45.02931213378906,-0.9999125003814697,0,0.013227454386651516,0,1,0,-0.013227454386651516,0,-0.9999125003814697],8,0.8356127738952637],[[762.5371704101563,222.89183044433595,45.024024963378909,-0.999912679195404,0,0.01321423426270485,0,1,0,-0.01321423426270485,0,-0.999912679195404],8,0.8594152927398682],[[762.7122192382813,222.91285705566407,45.02138137817383,-0.9999128580093384,0,0.013202524743974209,0,1,0,-0.013202524743974209,0,-0.9999128580093384],8,0.8724937438964844],[[762.8872680664063,222.92628479003907,45.01873779296875,-0.9999128580093384,0,0.013201898895204068,0,1,0,-0.013201898895204068,0,-0.9999128580093384],8,0.8843607902526856],[[763.0623168945313,222.934814453125,45.01609420776367,-0.9999129176139832,0,0.013197863474488259,0,1,0,-0.013197863474488259,0,-0.9999129176139832],8,0.8970215320587158],[[763.1790161132813,222.93870544433595,45.01433181762695,-0.9999129176139832,0,0.013198581524193287,0,1,0,-0.013198581524193287,0,-0.9999129176139832],8,0.9034233093261719],[[763.3540649414063,222.9427032470703,45.011688232421878,-0.9998883008956909,0,0.014947207644581795,0,1,0,-0.014947207644581795,0,-0.9998883008956909],8,0.9174156188964844],[[763.4707641601563,222.94451904296876,45.0097541809082,-0.9998882412910461,0,0.014950545504689217,0,1,0,-0.014950545504689217,0,-0.9998882412910461],8,0.9256632328033447],[[763.5874633789063,222.94586181640626,45.00776672363281,-0.9998882412910461,0,0.014951976016163826,0,1,0,-0.014951976016163826,0,-0.9998882412910461],8,0.933546781539917],[[763.7041625976563,222.9468536376953,45.005775451660159,-0.9998881816864014,0,0.014952928759157658,0,1,0,-0.014952928759157658,0,-0.9998881816864014],8,0.943354606628418],[[763.8792114257813,222.9478759765625,45.00278854370117,-0.9998606443405151,0,0.01669483445584774,0,1,0,-0.01669483445584774,0,-0.9998606443405151],8,0.9587662220001221],[[764.0542602539063,222.94851684570313,44.99951934814453,-0.9998299479484558,0,0.018442649394273759,0,1,0,-0.018442649394273759,0,-0.9998299479484558],8,0.9695849418640137],[[764.2293090820313,222.9489288330078,44.99589920043945,-0.9997962713241577,0,0.0201832577586174,0,1,0,-0.0201832577586174,0,-0.9997962713241577],8,0.9812922477722168],[[764.3460083007813,222.94912719726563,44.99327087402344,-0.9997196793556213,0,0.023675724864006044,0,1,0,-0.023675724864006044,0,-0.9997196793556213],8,0.9931390285491943],[[764.4627075195313,222.9492645263672,44.99024200439453,-0.9997197985649109,0,0.02367095835506916,0,1,0,-0.02367095835506916,0,-0.9997197985649109],8,0.999629020690918],[[764.6377563476563,222.94940185546876,44.985530853271487,-0.9996769428253174,0,0.025417564436793329,0,1,0,-0.025417564436793329,0,-0.9996769428253174],8,1.0107614994049073],[[764.8128051757813,222.94949340820313,44.98051071166992,-0.9996768832206726,0,0.02541947178542614,0,1,0,-0.02541947178542614,0,-0.9996768832206726],8,1.0211091041564942],[[764.9295043945313,222.94952392578126,44.97712326049805,-0.9996768236160278,0,0.025420663878321649,0,1,0,-0.025420663878321649,0,-0.9996768236160278],8,1.0296218395233155],[[765.0462036132813,222.94955444335938,44.97373580932617,-0.9996768236160278,0,0.025422096252441407,0,1,0,-0.025422096252441407,0,-0.9996768236160278],8,1.0411016941070557],[[765.1629028320313,222.9495849609375,44.9703483581543,-0.9996770024299622,0,0.02541542239487171,0,1,0,-0.02541542239487171,0,-0.9996770024299622],8,1.0491714477539063],[[765.3379516601563,222.9495849609375,44.965267181396487,-0.9996311068534851,0,0.027160758152604104,0,1,0,-0.027160758152604104,0,-0.9996311068534851],8,1.060276746749878],[[765.4546508789063,222.9495849609375,44.961708068847659,-0.9996310472488403,0,0.027161233127117158,0,1,0,-0.027161233127117158,0,-0.9996310472488403],8,1.0694432258605958],[[765.6296997070313,223.60186767578126,44.956329345703128,-0.9996310472488403,0,0.02716170996427536,0,1,0,-0.02716170996427536,0,-0.9996310472488403],3,1.0860271453857422],[[765.7898559570313,224.22349548339845,44.9509391784668,-0.9959749579429627,0,0.08963213115930557,0,1,0,-0.08963213115930557,0,-0.9959749579429627],5,1.1073353290557862],[[766.0071411132813,225.19140625,44.94195556640625,-0.9829123020172119,0,0.1840744912624359,0,1,0,-0.1840744912624359,0,-0.9829123020172119],5,1.1135544776916505],[[766.0431518554688,225.37477111816407,44.94015884399414,-0.9981871843338013,0,0.06018609553575516,0,1,0,-0.06018609553575516,0,-0.9981871843338013],5,1.120152473449707],[[766.1077270507813,225.73129272460938,44.93656539916992,-0.9956265687942505,0,0.0934225544333458,0,1,0,-0.0934225544333458,0,-0.9956265687942505],5,1.1286137104034424],[[766.1859741210938,226.24050903320313,44.93116760253906,-0.9919443130493164,0,0.1266748011112213,0,1,0,-0.1266748011112213,0,-0.9919443130493164],5,1.1388983726501465],[[766.2418823242188,226.7190704345703,44.92576599121094,-0.9919342398643494,0,0.12675358355045319,0,1,0,-0.12675358355045319,0,-0.9919342398643494],5,1.1499719619750977],[[766.2667236328125,227.02108764648438,44.92216491699219,-0.995604395866394,0,0.093658447265625,0,1,0,-0.093658447265625,0,-0.995604395866394],5,1.1608119010925294],[[766.2816772460938,227.30946350097657,44.91856384277344,-0.9956042170524597,0,0.09366043657064438,0,1,0,-0.09366043657064438,0,-0.9956042170524597],5,1.1708266735076905],[[766.2854614257813,227.71649169921876,44.91316223144531,-0.9917089939117432,0,0.12850403785705567,0,1,0,-0.12850403785705567,0,-0.9917089939117432],5,1.1837944984436036],[[766.2669067382813,228.09286499023438,44.9077262878418,-0.9917089343070984,0,0.12850427627563477,0,1,0,-0.12850427627563477,0,-0.9917089343070984],5,1.2024171352386475],[[766.2073974609375,228.54701232910157,44.900413513183597,-0.9868780970573425,0,0.16146697103977204,0,1,0,-0.16146697103977204,0,-0.9868780970573425],5,1.2095973491668702],[[766.1627807617188,228.75364685058595,44.896728515625,-0.9952711462974548,0,0.09713578969240189,0,1,0,-0.09713578969240189,0,-0.9952711462974548],5,1.2199251651763917],[[766.108154296875,228.9466552734375,44.893001556396487,-0.9952711462974548,0,0.09713578224182129,0,1,0,-0.09713578224182129,0,-0.9952711462974548],5,1.2269723415374756],[[766.0076293945313,229.2106170654297,44.887325286865237,-0.991483211517334,0,0.13023443520069123,0,1,0,-0.13023443520069123,0,-0.991483211517334],5,1.2397606372833253],[[765.884765625,229.44393920898438,44.88154602050781,-0.9914833903312683,0,0.13023336231708527,0,1,0,-0.13023336231708527,0,-0.9914833903312683],5,1.2502262592315674],[[765.7904663085938,229.5824432373047,44.87763595581055,-0.9952713251113892,0,0.09713361412286759,0,1,0,-0.09713361412286759,0,-0.9952713251113892],5,1.261073350906372],[[765.63037109375,229.76466369628907,44.87168502807617,-0.9912540316581726,0,0.1319674253463745,0,1,0,-0.1319674253463745,0,-0.9912540316581726],5,1.271009922027588],[[765.51123046875,229.86911010742188,44.86758041381836,-0.9949252605438232,0,0.10061657428741455,0,1,0,-0.10061657428741455,0,-0.9949252605438232],5,1.2814335823059083],[[765.31640625,230.00022888183595,44.860931396484378,-0.9905484318733215,0,0.13716338574886323,0,1,0,-0.13716338574886323,0,-0.9905484318733215],5,1.292480707168579],[[765.1168212890625,230.1007080078125,44.853546142578128,-0.9903078079223633,0,0.13888989388942719,0,1,0,-0.13888989388942719,0,-0.9903078079223633],5,1.305124282836914],[[764.983642578125,230.15065002441407,44.84836196899414,-0.9941986203193665,0,0.10756000131368637,0,1,0,-0.10756000131368637,0,-0.9941986203193665],5,1.314253568649292],[[764.7838745117188,230.2000274658203,44.840213775634769,-0.9895663261413574,0,0.14407819509506226,0,1,0,-0.14407819509506226,0,-0.9895663261413574],5,1.326540470123291],[[764.6506958007813,230.21591186523438,44.834388732910159,-0.9936212301254273,0,0.11276911199092865,0,1,0,-0.11276911199092865,0,-0.9936212301254273],5,1.3340954780578614],[[764.450927734375,230.2141876220703,44.82520294189453,-0.9890573620796204,0,0.1475314199924469,0,1,0,-0.1475314199924469,0,-0.9890573620796204],5,1.3466925621032715],[[764.1845703125,230.16421508789063,44.81245040893555,-0.9835941791534424,0,0.18039526045322419,0,1,0,-0.18039526045322419,0,-0.9835941791534424],5,1.369926929473877],[[763.9848022460938,230.09097290039063,44.80282974243164,-0.9890573620796204,0,0.14753155410289765,0,1,0,-0.14753155410289765,0,-0.9890573620796204],5,1.379040241241455],[[763.7184448242188,229.94561767578126,44.78999710083008,-0.9835942387580872,0,0.18039514124393464,0,1,0,-0.18039514124393464,0,-0.9835942387580872],5,1.3941397666931153],[[763.4520874023438,229.74575805664063,44.777164459228519,-0.9835941791534424,0,0.18039536476135255,0,1,0,-0.18039536476135255,0,-0.9835941791534424],5,1.4093091487884522],[[763.2523193359375,229.5601043701172,44.767539978027347,-0.9890573620796204,0,0.1475316435098648,0,1,0,-0.1475316435098648,0,-0.9890573620796204],5,1.4223284721374512],[[763.119140625,229.4193115234375,44.76112365722656,-0.99342280626297,0,0.11450405418872833,0,1,0,-0.11450405418872833,0,-0.99342280626297],5,1.4326531887054444],[[762.9193725585938,229.18255615234376,44.75149917602539,-0.9890573620796204,0,0.14753150939941407,0,1,0,-0.14753150939941407,0,-0.9890573620796204],5,1.4450492858886719],[[762.7861938476563,229.0076904296875,44.74508285522461,-0.9934227466583252,0,0.11450417339801789,0,1,0,-0.11450417339801789,0,-0.9934227466583252],5,1.450692892074585],[[762.6530151367188,228.81919860839845,44.73866653442383,-0.9934227466583252,0,0.11450418084859848,0,1,0,-0.11450418084859848,0,-0.9934227466583252],5,1.4598352909088135],[[762.4532470703125,228.5109100341797,44.729042053222659,-0.9890573620796204,0,0.1475316435098648,0,1,0,-0.1475316435098648,0,-0.9890573620796204],5,1.4724104404449463],[[762.320068359375,228.28836059570313,44.722625732421878,-0.99342280626297,0,0.11450405418872833,0,1,0,-0.11450405418872833,0,-0.99342280626297],5,1.481250524520874],[[762.1203002929688,227.92898559570313,44.7130012512207,-0.9890573620796204,0,0.14753150939941407,0,1,0,-0.14753150939941407,0,-0.9890573620796204],5,1.492494821548462],[[761.9871215820313,227.67237854003907,44.70658493041992,-0.9934227466583252,0,0.11450417339801789,0,1,0,-0.11450417339801789,0,-0.9934227466583252],5,1.5032958984375],[[761.8539428710938,227.40213012695313,44.70016860961914,-0.9934227466583252,0,0.11450418084859848,0,1,0,-0.11450418084859848,0,-0.9934227466583252],5,1.5124783515930176],[[761.6541748046875,226.97122192382813,44.69054412841797,-0.9890573620796204,0,0.1475316435098648,0,1,0,-0.1475316435098648,0,-0.9890573620796204],5,1.524036169052124],[[761.4544067382813,226.50965881347657,44.6809196472168,-0.9887981414794922,0,0.1492590606212616,0,1,0,-0.1492590606212616,0,-0.9887981414794922],5,1.5379974842071534],[[761.254638671875,226.01744079589845,44.67101287841797,-0.9887983798980713,0,0.14925752580165864,0,1,0,-0.14925752580165864,0,-0.9887983798980713],5,1.546288013458252],[[761.1214599609375,225.67227172851563,44.66436767578125,-0.993221640586853,0,0.11623595654964447,0,1,0,-0.11623595654964447,0,-0.993221640586853],5,1.5557775497436524],[[760.98828125,225.31346130371095,44.65772247314453,-0.9932218194007874,0,0.11623428016901016,0,1,0,-0.11623428016901016,0,-0.9932218194007874],5,1.5670814514160157],[[760.7885131835938,224.7497100830078,44.64775466918945,-0.9887990951538086,0,0.14925268292427064,0,1,0,-0.14925268292427064,0,-0.9887990951538086],5,1.5770044326782227],[[760.6553344726563,224.35684204101563,44.641109466552737,-0.9934231638908386,0,0.11450059711933136,0,1,0,-0.11450059711933136,0,-0.9934231638908386],5,1.5855839252471924],[[760.45556640625,223.74200439453126,44.63142395019531,-0.9893139600753784,0,0.14580100774765016,0,1,0,-0.14580100774765016,0,-0.9893139600753784],5,1.5961854457855225],[[760.3330688476563,223.0965118408203,44.62186050415039,-0.9968965649604797,0,0.07872253656387329,0,1,0,-0.07872253656387329,0,-0.9968965649604797],7,1.611861228942871],[[760.3264770507813,222.7051544189453,44.61251449584961,-0.9988948106765747,0,0.04700194299221039,0,1,0,-0.04700194299221039,0,-0.9988948106765747],7,1.629134178161621],[[760.435791015625,222.71002197265626,44.603816986083987,-0.9992470145225525,0,0.03879982978105545,0,1,0,-0.03879982978105545,0,-0.9992470145225525],7,1.6357793807983399],[[760.6058349609375,222.7765350341797,44.59611892700195,-0.9993476271629334,0,0.036115068942308429,0,1,0,-0.036115068942308429,0,-0.9993476271629334],8,1.648345947265625],[[760.7796020507813,223.43563842773438,44.58854293823242,-0.9994713664054871,0,0.032510753720998767,0,1,0,-0.032510753720998767,0,-0.9994713664054871],3,1.667814016342163],[[760.9863891601563,224.2712860107422,44.57851791381836,-0.9924761056900024,0,0.12243830412626267,0,1,0,-0.12243830412626267,0,-0.9924761056900024],5,1.67616868019104],[[761.0748901367188,224.66867065429688,44.57355499267578,-0.9956110119819641,0,0.09358799457550049,0,1,0,-0.09358799457550049,0,-0.9956110119819641],5,1.6937055587768555],[[761.2221069335938,225.4225616455078,44.563751220703128,-0.9874176979064941,0,0.15813380479812623,0,1,0,-0.15813380479812623,0,-0.9874176979064941],5,1.699977159500122],[[761.2808227539063,225.77908325195313,44.558921813964847,-0.9956183433532715,0,0.09350981563329697,0,1,0,-0.09350981563329697,0,-0.9956183433532715],5,1.7094511985778809],[[761.32958984375,226.12196350097657,44.554161071777347,-0.9956097602844238,0,0.09360139816999436,0,1,0,-0.09360139816999436,0,-0.9956097602844238],5,1.7183306217193604],[[761.3684692382813,226.45123291015626,44.549461364746097,-0.9956068396568298,0,0.09363255649805069,0,1,0,-0.09363255649805069,0,-0.9956068396568298],5,1.733264684677124],[[761.4081420898438,226.91957092285157,44.54252624511719,-0.9919341802597046,0,0.1267538070678711,0,1,0,-0.1267538070678711,0,-0.9919341802597046],5,1.7409343719482422],[[761.422119140625,227.2147674560547,44.53797912597656,-0.9956054091453552,0,0.09364773333072663,0,1,0,-0.09364773333072663,0,-0.9956054091453552],5,1.750232458114624],[[761.4244995117188,227.63201904296876,44.53127670288086,-0.9919334053993225,0,0.12675996124744416,0,1,0,-0.12675996124744416,0,-0.9919334053993225],5,1.7732090950012208],[[761.3788452148438,228.25930786132813,44.520423889160159,-0.9812919497489929,0,0.1925254762172699,0,1,0,-0.1925254762172699,0,-0.9812919497489929],5,1.785066843032837],[[761.3216552734375,228.5948028564453,44.514095306396487,-0.9921535849571228,0,0.1250251680612564,0,1,0,-0.1250251680612564,0,-0.9921535849571228],5,1.794264554977417],[[761.2711181640625,228.8014373779297,44.50997543334961,-0.9957675933837891,0,0.09190692007541657,0,1,0,-0.09190692007541657,0,-0.9957675933837891],5,1.810058832168579],[[761.1402587890625,229.173828125,44.50199890136719,-0.987438440322876,0,0.15800434350967408,0,1,0,-0.15800434350967408,0,-0.987438440322876],5,1.817326545715332],[[761.0599365234375,229.33958435058595,44.49814224243164,-0.9957675933837891,0,0.09190686047077179,0,1,0,-0.09190686047077179,0,-0.9957675933837891],5,1.8259403705596924],[[760.9696655273438,229.49172973632813,44.4943733215332,-0.9957675933837891,0,0.0919070765376091,0,1,0,-0.0919070765376091,0,-0.9957675933837891],5,1.842362403869629],[[760.815673828125,229.6943817138672,44.48888397216797,-0.9921535849571228,0,0.12502515316009522,0,1,0,-0.12502515316009522,0,-0.9921535849571228],5,1.849341869354248],[[760.5100708007813,229.96401977539063,44.48017501831055,-0.9816272854804993,0,0.19080832600593568,0,1,0,-0.19080832600593568,0,-0.9816272854804993],5,1.866633653640747],[[760.44384765625,230.00772094726563,44.478477478027347,-0.99827641248703,0,0.05868689715862274,0,1,0,-0.05868689715862274,0,-0.99827641248703],5,1.8761577606201172],[[760.244140625,230.118408203125,44.47339630126953,-0.9923707842826843,0,0.12328901141881943,0,1,0,-0.12328901141881943,0,-0.9923707842826843],5,1.8840863704681397],[[760.044189453125,230.1984405517578,44.468597412109378,-0.9923707842826843,0,0.12328912317752838,0,1,0,-0.12328912317752838,0,-0.9923707842826843],5,1.906620740890503],[[759.777587890625,230.25746154785157,44.46228790283203,-0.9879851937294006,0,0.1545485258102417,0,1,0,-0.1545485258102417,0,-0.9879851937294006],5,1.9136128425598145],[[759.644287109375,230.26654052734376,44.45930862426758,-0.9960830807685852,0,0.08842234313488007,0,1,0,-0.08842234313488007,0,-0.9960830807685852],5,1.932574987411499],[[759.377685546875,230.24380493164063,44.453460693359378,-0.9879851937294006,0,0.1545485258102417,0,1,0,-0.1545485258102417,0,-0.9879851937294006],5,1.9408237934112549],[[759.177734375,230.1909942626953,44.44907760620117,-0.9925849437713623,0,0.12155289202928543,0,1,0,-0.12155289202928543,0,-0.9925849437713623],5,1.9593565464019776],[[758.844482421875,230.03485107421876,44.4417724609375,-0.9826151728630066,0,0.1856541633605957,0,1,0,-0.1856541633605957,0,-0.9826151728630066],5,1.9720795154571534],[[758.64453125,229.90028381347657,44.43767166137695,-0.9930040836334229,0,0.11807999759912491,0,1,0,-0.11807999759912491,0,-0.9930040836334229],5,1.9944005012512208],[[758.311279296875,229.60789489746095,44.43146514892578,-0.9829383492469788,0,0.1839352399110794,0,1,0,-0.1839352399110794,0,-0.9829383492469788],5,2.0124261379241945],[[758.044677734375,229.3126678466797,44.426551818847659,-0.9885197877883911,0,0.15109151601791383,0,1,0,-0.15109151601791383,0,-0.9885197877883911],5,2.0210163593292238],[[757.97802734375,229.2303466796875,44.425323486328128,-0.9986626505851746,0,0.05170055106282234,0,1,0,-0.05170055106282234,0,-0.9986626505851746],5,2.0349104404449465],[[757.71142578125,228.8669891357422,44.42041015625,-0.9885197877883911,0,0.15109141170978547,0,1,0,-0.15109141170978547,0,-0.9885197877883911],5,2.04172682762146],[[757.644775390625,228.76763916015626,44.41918182373047,-0.9986626505851746,0,0.051700446754693988,0,1,0,-0.051700446754693988,0,-0.9986626505851746],5,2.0479276180267336],[[757.511474609375,228.55870056152345,44.416725158691409,-0.9963862895965576,0,0.08493742346763611,0,1,0,-0.08493742346763611,0,-0.9963862895965576],5,2.056838274002075],[[757.3115234375,228.2197723388672,44.41304016113281,-0.9930040836334229,0,0.11807999759912491,0,1,0,-0.11807999759912491,0,-0.9930040836334229],5,2.066704273223877],[[757.17822265625,227.97677612304688,44.41058349609375,-0.9963862895965576,0,0.08493728935718537,0,1,0,-0.08493728935718537,0,-0.9963862895965576],5,2.075523853302002],[[756.978271484375,227.5867462158203,44.406898498535159,-0.9930040836334229,0,0.11807987093925476,0,1,0,-0.11807987093925476,0,-0.9930040836334229],5,2.0887954235076906],[[756.844970703125,227.3096923828125,44.404441833496097,-0.9963862895965576,0,0.08493740856647492,0,1,0,-0.08493740856647492,0,-0.9963862895965576],5,2.0984537601470949],[[756.711669921875,227.01901245117188,44.40198516845703,-0.9963862895965576,0,0.08493740111589432,0,1,0,-0.08493740111589432,0,-0.9963862895965576],5,2.1065778732299806],[[756.51171875,226.5574493408203,44.39830017089844,-0.9930040836334229,0,0.11807997524738312,0,1,0,-0.11807997524738312,0,-0.9930040836334229],5,2.1189112663269045],[[756.37841796875,226.2327117919922,44.395843505859378,-0.9963862895965576,0,0.08493726700544357,0,1,0,-0.08493726700544357,0,-0.9963862895965576],5,2.1273677349090578],[[756.2451171875,225.89434814453126,44.39338684082031,-0.9963862895965576,0,0.08493725955486298,0,1,0,-0.08493725955486298,0,-0.9963862895965576],5,2.135554075241089],[[756.045166015625,225.3612518310547,44.38970184326172,-0.9930040836334229,0,0.11807984113693237,0,1,0,-0.11807984113693237,0,-0.9930040836334229],5,2.1470835208892824],[[755.911865234375,224.98883056640626,44.387245178222659,-0.9963862895965576,0,0.08493737876415253,0,1,0,-0.08493737876415253,0,-0.9963862895965576],5,2.15510630607605],[[755.7119140625,224.40463256835938,44.38356018066406,-0.9930040836334229,0,0.11807996034622193,0,1,0,-0.11807996034622193,0,-0.9930040836334229],5,2.1680848598480226],[[755.57861328125,223.99815368652345,44.381103515625,-0.9963862895965576,0,0.08493725210428238,0,1,0,-0.08493725210428238,0,-0.9963862895965576],5,2.1763391494750978],[[755.4839477539063,223.57803344726563,44.37864685058594,-0.9987917542457581,0,0.049143243581056598,0,1,0,-0.049143243581056598,0,-0.9987917542457581],7,2.1882927417755129],[[755.4385375976563,222.9223175048828,44.374961853027347,-0.9995160698890686,0,0.03110620006918907,0,1,0,-0.03110620006918907,0,-0.9995160698890686],7,2.1964962482452394],[[755.47265625,222.7467498779297,44.37250518798828,-0.9997902512550354,0,0.02047944813966751,0,1,0,-0.02047944813966751,0,-0.9997902512550354],7,2.2087886333465578],[[755.6132202148438,222.73922729492188,44.36882019042969,-0.9998144507408142,0,0.019262665882706643,0,1,0,-0.019262665882706643,0,-0.9998144507408142],7,2.217923879623413],[[755.7281494140625,222.7761688232422,44.366363525390628,-0.9998279809951782,0,0.018545955419540407,0,1,0,-0.018545955419540407,0,-0.9998279809951782],8,2.226919651031494],[[755.9017333984375,223.43527221679688,44.36267852783203,-0.9998277425765991,0,0.018560653552412988,0,1,0,-0.018560653552412988,0,-0.9998277425765991],3,2.2391562461853029],[[756.010009765625,223.8599090576172,44.36022186279297,-0.9985244274139404,0,0.05430466681718826,0,1,0,-0.05430466681718826,0,-0.9985244274139404],5,2.2487032413482668],[[756.1083374023438,224.2709197998047,44.357765197753909,-0.9972188472747803,0,0.07452882081270218,0,1,0,-0.07452882081270218,0,-0.9972188472747803],5,2.256303071975708],[[756.2372436523438,224.8618927001953,44.35408020019531,-0.9935041666030884,0,0.11379591375589371,0,1,0,-0.11379591375589371,0,-0.9935041666030884],5,2.267788887023926],[[756.310791015625,225.23883056640626,44.35162353515625,-0.9964458346366882,0,0.08423589169979096,0,1,0,-0.08423589169979096,0,-0.9964458346366882],5,2.2759950160980226],[[756.3743896484375,225.60215759277345,44.34916687011719,-0.996406614780426,0,0.08469890803098679,0,1,0,-0.08469890803098679,0,-0.996406614780426],5,2.286775827407837],[[756.451171875,226.12159729003907,44.345481872558597,-0.9930157661437988,0,0.11798181384801865,0,1,0,-0.11798181384801865,0,-0.9930157661437988],5,2.296386480331421],[[756.4899291992188,226.45086669921876,44.34302520751953,-0.9963876605033875,0,0.08492127805948258,0,1,0,-0.08492127805948258,0,-0.9963876605033875],5,2.305633783340454],[[756.5294799804688,226.91920471191407,44.33934020996094,-0.9930049180984497,0,0.11807315051555634,0,1,0,-0.11807315051555634,0,-0.9930049180984497],5,2.3186817169189455],[[756.54345703125,227.2144012451172,44.336883544921878,-0.9963864088058472,0,0.0849362388253212,0,1,0,-0.0849362388253212,0,-0.9963864088058472],5,2.326646566390991],[[756.5474853515625,227.4959716796875,44.33442687988281,-0.9963863492012024,0,0.08493681997060776,0,1,0,-0.08493681997060776,0,-0.9963863492012024],5,2.336442708969116],[[756.5348510742188,227.8927764892578,44.33074188232422,-0.9930041432380676,0,0.11807971447706223,0,1,0,-0.11807971447706223,0,-0.9930041432380676],5,2.3466944694519045],[[756.5140380859375,228.14028930664063,44.328285217285159,-0.9963862895965576,0,0.0849372074007988,0,1,0,-0.0849372074007988,0,-0.9963862895965576],5,2.3549914360046388],[[756.4185180664063,228.699462890625,44.3221435546875,-0.9829384088516235,0,0.18393515050411225,0,1,0,-0.18393515050411225,0,-0.9829384088516235],5,2.3760526180267336],[[756.3629150390625,228.89927673339845,44.31968688964844,-0.9963862895965576,0,0.08493731170892716,0,1,0,-0.08493731170892716,0,-0.9963862895965576],5,2.3957831859588625],[[756.2219848632813,229.25804138183595,44.31477355957031,-0.9885197877883911,0,0.15109142661094666,0,1,0,-0.15109142661094666,0,-0.9885197877883911],5,2.40842866897583],[[756.0902099609375,229.49136352539063,44.31108856201172,-0.9930040836334229,0,0.11807990074157715,0,1,0,-0.11807990074157715,0,-0.9930040836334229],5,2.4147849082946779],[[756.0413208007813,229.56231689453126,44.30986022949219,-0.9986626505851746,0,0.05170033499598503,0,1,0,-0.05170033499598503,0,-0.9986626505851746],5,2.4202542304992677],[[755.8797607421875,229.7547607421875,44.306175231933597,-0.9930040836334229,0,0.11807989329099655,0,1,0,-0.11807989329099655,0,-0.9930040836334229],5,2.433250665664673],[[755.6958618164063,229.91653442382813,44.302490234375,-0.9930040836334229,0,0.1180797666311264,0,1,0,-0.1180797666311264,0,-0.9930040836334229],5,2.4508872032165529],[[755.4309692382813,230.0845489501953,44.297576904296878,-0.9885197877883911,0,0.15109142661094666,0,1,0,-0.15109142661094666,0,-0.9885197877883911],5,2.4603142738342287],[[755.2310180664063,230.1748046875,44.29389190673828,-0.9930040836334229,0,0.11807990074157715,0,1,0,-0.11807990074157715,0,-0.9930040836334229],5,2.4776127338409426],[[755.0310668945313,230.23440551757813,44.29020690917969,-0.9930040836334229,0,0.118079774081707,0,1,0,-0.118079774081707,0,-0.9930040836334229],5,2.493284225463867],[[754.7644653320313,230.26617431640626,44.28529357910156,-0.9885197877883911,0,0.15109142661094666,0,1,0,-0.15109142661094666,0,-0.9885197877883911],5,2.501434087753296],[[754.5645141601563,230.2542266845703,44.28160858154297,-0.9930040836334229,0,0.11807990074157715,0,1,0,-0.11807990074157715,0,-0.9930040836334229],5,2.5200695991516115],[[754.2979125976563,230.1906280517578,44.276695251464847,-0.9885197877883911,0,0.1510913074016571,0,1,0,-0.1510913074016571,0,-0.9885197877883911],5,2.5304250717163088],[[754.0979614257813,230.10716247558595,44.27301025390625,-0.9930040836334229,0,0.118079774081707,0,1,0,-0.118079774081707,0,-0.9930040836334229],5,2.5417838096618654],[[753.8980102539063,229.9930419921875,44.269325256347659,-0.9930040836334229,0,0.11807989329099655,0,1,0,-0.11807989329099655,0,-0.9930040836334229],5,2.554154872894287],[[753.8313598632813,229.94818115234376,44.268096923828128,-0.9986626505851746,0,0.051700327545404437,0,1,0,-0.051700327545404437,0,-0.9986626505851746],5,2.5601792335510256],[[753.6314086914063,229.79318237304688,44.26441192626953,-0.9930040836334229,0,0.11807988584041596,0,1,0,-0.11807988584041596,0,-0.9930040836334229],5,2.572134494781494],[[753.5647583007813,229.73471069335938,44.26318359375,-0.9986626505851746,0,0.051700569689273837,0,1,0,-0.051700569689273837,0,-0.9986626505851746],5,2.578545570373535],[[753.3648071289063,229.53883361816407,44.259498596191409,-0.9930040836334229,0,0.11807989329099655,0,1,0,-0.11807989329099655,0,-0.9930040836334229],5,2.588040828704834],[[753.2315063476563,229.39122009277345,44.257041931152347,-0.9963862895965576,0,0.08493717759847641,0,1,0,-0.08493717759847641,0,-0.9963862895965576],5,2.5976908206939699],[[753.0315551757813,229.14425659179688,44.25335693359375,-0.9930040836334229,0,0.11807999014854431,0,1,0,-0.11807999014854431,0,-0.9930040836334229],5,2.6095314025878908],[[752.8982543945313,228.9625701904297,44.25090026855469,-0.9963862895965576,0,0.08493728190660477,0,1,0,-0.08493728190660477,0,-0.9963862895965576],5,2.617478609085083],[[752.7649536132813,228.76727294921876,44.248443603515628,-0.9963862895965576,0,0.08493727445602417,0,1,0,-0.08493727445602417,0,-0.9963862895965576],5,2.6275205612182619],[[752.5650024414063,228.44876098632813,44.24475860595703,-0.9930040836334229,0,0.11807985603809357,0,1,0,-0.11807985603809357,0,-0.9930040836334229],5,2.6392123699188234],[[752.4317016601563,228.2194061279297,44.24230194091797,-0.9963862895965576,0,0.08493739366531372,0,1,0,-0.08493739366531372,0,-0.9963862895965576],5,2.647306442260742],[[752.2984008789063,227.97640991210938,44.239845275878909,-0.9963862895965576,0,0.08493738621473313,0,1,0,-0.08493738621473313,0,-0.9963862895965576],5,2.6568126678466799],[[752.1651000976563,227.7198028564453,44.237388610839847,-0.9963862895965576,0,0.08493737876415253,0,1,0,-0.08493737876415253,0,-0.9963862895965576],5,2.666649341583252],[[751.9651489257813,227.309326171875,44.23370361328125,-0.9930040836334229,0,0.11807996034622193,0,1,0,-0.11807996034622193,0,-0.9930040836334229],5,2.677403688430786],[[751.8318481445313,227.01864624023438,44.23124694824219,-0.9963862895965576,0,0.08493725210428238,0,1,0,-0.08493725210428238,0,-0.9963862895965576],5,2.686328649520874],[[751.6318969726563,226.5570831298828,44.227561950683597,-0.9930040836334229,0,0.11807983368635178,0,1,0,-0.11807983368635178,0,-0.9930040836334229],5,2.6969034671783449],[[751.4985961914063,226.2323455810547,44.22510528564453,-0.9963862895965576,0,0.08493737131357193,0,1,0,-0.08493737131357193,0,-0.9963862895965576],5,2.7060585021972658],[[751.3652954101563,225.89398193359376,44.22264862060547,-0.9963862895965576,0,0.08493736386299133,0,1,0,-0.08493736386299133,0,-0.9963862895965576],5,2.7153310775756838],[[751.1653442382813,225.3608856201172,44.218963623046878,-0.9930040836334229,0,0.11807994544506073,0,1,0,-0.11807994544506073,0,-0.9930040836334229],5,2.72