[[[776,222.69961547851563,47,1,-6.379694639235822e-8,-9.391770029048858e-15,6.379694639235822e-8,1,7.530968559876783e-8,4.5872420276107509e-15,-7.530968559876783e-8,1],8,0.0077130794525146488],[[776,222.69961547851563,47,1,-6.901403537540318e-8,-9.969204247653376e-15,6.901403537540318e-8,1,8.146823660126756e-8,4.346752009709836e-15,-8.146823660126756e-8,1],8,0.01772618293762207],[[776,222.69961547851563,47,1,-5.1415955937272886e-8,-8.899464315709292e-15,5.1415955937272886e-8,1,6.069441127465325e-8,5.778803085061896e-15,-6.069441127465325e-8,1],8,0.0303189754486084],[[776,222.69961547851563,47,1,-3.969016759697297e-8,-8.392376183374243e-15,3.969016759697297e-8,1,4.685258758740929e-8,6.532789463060311e-15,-4.685258758740929e-8,1],8,0.041033267974853519],[[776,222.69961547851563,47,1,-1.6253620671591308e-8,-7.866496625104358e-15,1.6253620671591308e-8,1,1.918667891231962e-8,7.554643657880795e-15,-1.918667891231962e-8,1],8,0.05423736572265625],[[776,222.69961547851563,47,1,-4.54285764561746e-9,-7.846757369301544e-15,4.54285764561746e-9,1,5.362586819046555e-9,7.822395854705563e-15,-5.362586819046555e-9,1],8,0.06661081314086914],[[776,222.69961547851563,47,1,1.8863657302858884e-8,-8.292353450764772e-15,-1.8863657302858884e-8,1,-2.2267883537097079e-8,7.872299647825997e-15,2.2267883537097079e-8,1],8,0.08175516128540039],[[776,222.69961547851563,47,1,3.6405420900109678e-8,-9.050137924498676e-15,-3.6405420900109678e-8,1,-4.297524824892207e-8,7.485605390481886e-15,4.297524824892207e-8,1],8,0.10665416717529297],[[776,222.69961547851563,47,1,6.56167031820587e-8,-1.1117858851161355e-14,-6.56167031820587e-8,1,-7.745803998204792e-8,6.0353181192919148e-15,7.745803998204792e-8,1],8,0.11606645584106446],[[776,222.69961547851563,47,1,7.130311985292792e-8,-1.1763180219389463e-14,-7.130311985292792e-8,1,-8.417062957732924e-8,5.761551141508694e-15,8.417062957732924e-8,1],8,0.12717008590698243],[[776,222.69961547851563,47,1,5.334271691026515e-8,-1.0633634679171542e-14,-5.334271691026515e-8,1,-6.296905752378734e-8,7.274694186615565e-15,6.296905752378734e-8,1],8,0.1406538486480713],[[776,222.69961547851563,47,1,3.539382120720802e-8,-9.887283456159676e-15,-3.539382120720802e-8,1,-4.178106394192582e-8,8.408491832228703e-15,4.178106394192582e-8,1],8,0.15240859985351563],[[776,222.69961547851563,47,1,1.7456430967399684e-8,-9.52165152008199e-15,-1.7456430967399684e-8,1,-2.060664705538784e-8,9.161933568042034e-15,2.060664705538784e-8,1],8,0.1650683879852295],[[776,222.69961547851563,47,1,-4.694624133882996e-10,-9.535663986128419e-15,4.694624133882996e-10,1,5.542042380568546e-10,9.535403947013612e-15,-5.542042380568546e-10,1],8,0.17931318283081056],[[776,222.69961547851563,47,1,-1.8383866873250555e-8,-9.928523796295594e-15,1.8383866873250555e-8,1,2.1701497487924827e-8,9.529566195941135e-15,-2.1701497487924827e-8,1],8,0.19122314453125],[[776,222.69961547851563,47,1,-3.628679223766085e-8,-1.0699488102688774e-14,3.628679223766085e-8,1,4.28352429082679e-8,9.14513436359914e-15,-4.28352429082679e-8,1],8,0.2077028751373291],[[776,222.69961547851563,47,1,-6.013950581973404e-8,-1.2314342864101942e-14,6.013950581973404e-8,1,7.099250609599039e-8,8.044887693026744e-15,-7.099250609599039e-8,1],8,0.2197420597076416],[[776,222.69961547851563,47,1,-6.149448950054648e-8,-1.2657051547528085e-14,6.149448950054648e-8,1,7.259201595388731e-8,8.193043072863941e-15,-7.259201595388731e-8,1],8,0.23469853401184083],[[776,222.69961547851563,47,1,-4.5657351677164118e-8,-1.1813293229647869e-14,4.5657351677164118e-8,1,5.389685497902974e-8,9.352504969745938e-15,-5.389685497902974e-8,1],8,0.2634115219116211],[[776,222.69961547851563,47,1,-1.4013526339340388e-8,-1.1002275276277875e-14,1.4013526339340388e-8,1,1.6542463399105146e-8,1.0770457605207423e-14,-1.6542463399105146e-8,1],8,0.27234768867492678],[[776,222.69961547851563,47,1,1.793178716624766e-9,-1.1038973825750615e-14,-1.793178716624766e-9,1,-2.116782527039618e-9,1.1035178271113968e-14,2.116782527039618e-9,1],8,0.28423261642456057],[[776,222.69961547851563,47,1,1.2325353182518484e-8,-1.1227080361578008e-14,-1.2325353182518484e-8,1,-1.4549637050720321e-8,1.1047750781150064e-14,1.4549637050720321e-8,1],8,0.2960975170135498],[[776,222.69961547851563,47,1,2.8115175965126583e-8,-1.1754312631464658e-14,-2.8115175965126583e-8,1,-3.3188960912866608e-8,1.0821199113912692e-14,3.3188960912866608e-8,1],8,0.30713486671447756],[[776,222.69961547851563,47,1,4.3894882395534299e-8,-1.2575136685265016e-14,-4.3894882395534299e-8,1,-5.181633966344634e-8,1.0300664333539982e-14,5.181633966344634e-8,1],8,0.31978392601013186],[[776,222.69961547851563,47,1,5.966447247374163e-8,-1.3688990093102104e-14,-5.966447247374163e-8,1,-7.043178129606531e-8,9.48671479913954e-15,7.043178129606531e-8,1],8,0.332111120223999],[[776,222.69961547851563,47,1,6.321818801779955e-8,-1.4210819986851167e-14,-6.321818801779955e-8,1,-7.462681850256559e-8,9.49304806448616e-15,7.462681850256559e-8,1],8,0.35364556312561037],[[776,222.69961547851563,47,1,3.8822278725092477e-8,-1.3001362817290432e-14,-3.8822278725092477e-8,1,-4.582832247024271e-8,1.1222203145867718e-14,4.582832247024271e-8,1],8,0.36905908584594729],[[776,222.69961547851563,47,1,-9.907013875931625e-9,-1.27054493160683e-14,9.907013875931625e-9,1,1.1694887724900127e-8,1.2589587914378121e-14,-1.1694887724900127e-8,1],8,0.40019941329956057],[[776,222.69961547851563,47,1,-2.8159032439134536e-8,-1.3316397240263883e-14,2.8159032439134536e-8,1,3.324075592558984e-8,1.2380369929373362e-14,-3.324075592558984e-8,1],8,0.4144458770751953],[[775.9327392578125,222.69961547851563,46.92456817626953,0.9989628791809082,-4.670958730912389e-8,0.04553180932998657,4.416930465822588e-8,1,5.6797450298518018e-8,-0.04553180932998657,-5.472743680456915e-8,0.9989628791809082],8,0.4289357662200928],[[775.8006591796875,222.69961547851563,46.78691101074219,0.9936475157737732,-6.619477233016369e-8,0.11253733932971955,5.721799212210499e-8,1,8.299694798097335e-8,-0.11253733932971955,-7.603054541505117e-8,0.9936475157737732],8,0.4504358768463135],[[775.559326171875,222.69961547851563,46.557762145996097,0.9737167954444885,-5.248299572713222e-8,0.22776222229003907,3.759235411848749e-8,1,6.971608712547095e-8,-0.22776222229003907,-5.9321610734741628e-8,0.9737167954444885],8,0.45896148681640627],[[775.3572998046875,222.69961547851563,46.38380432128906,-0.8670666813850403,2.163869261551099e-8,0.4981921315193176,6.738224556102068e-8,1,7.38394021482236e-8,-0.4981921315193176,9.75929879132309e-8,-0.8670666813850403],8,0.47902774810791018],[[775.1469116210938,222.69961547851563,46.219966888427737,-0.8161760568618774,3.5311856549924417e-8,0.5778032541275024,8.904772386131299e-8,1,6.467038815571868e-8,-0.5778032541275024,1.0423449481322678e-7,-0.8161760568618774],8,0.5006122589111328],[[774.935302734375,222.69961547851563,46.0576171875,-0.8486541509628296,4.438845380150269e-8,0.5289481282234192,6.840566868504539e-8,1,2.583297309399768e-8,-0.5289481282234192,5.8106309097638589e-8,-0.8486541509628296],8,0.5085439682006836],[[774.82421875,222.69961547851563,45.9841194152832,-0.8627262115478516,4.75751775752542e-8,0.5056713223457336,5.869206276543082e-8,1,6.0513718480592619e-9,-0.5056713223457336,3.4899571232926976e-8,-0.8627262115478516],8,0.5190169811248779],[[774.5950317382813,222.69961547851563,45.84779739379883,-0.8764584064483643,5.1789232458077097e-8,0.48147764801979067,4.039145906631347e-8,1,-3.40364714190855e-8,-0.48147764801979067,-1.0383965687310593e-8,-0.8764584064483643],8,0.534747838973999],[[774.4786987304688,222.69961547851563,45.7827262878418,-0.8981414437294006,5.287440885126671e-8,0.4397066533565521,3.219975397428243e-8,1,-5.4478309863270627e-8,-0.4397066533565521,-3.4770785362070458e-8,-0.8981414437294006],8,0.5452215671539307],[[774.2999877929688,222.69961547851563,45.69306564331055,-0.9056804776191711,5.4704528906768249e-8,0.42396095395088198,2.0455216187542648e-8,1,-8.533483963901745e-8,-0.42396095395088198,-6.861388612833253e-8,-0.9056804776191711],8,0.5573341846466065],[[774.1795043945313,222.69961547851563,45.63591384887695,-0.9185599088668823,5.4149815298387696e-8,0.3952818214893341,1.327975596154829e-8,1,-1.0613076995014126e-7,-0.3952818214893341,-9.223822416970506e-8,-0.9185599088668823],8,0.5673515796661377],[[773.996337890625,222.69961547851563,45.55567169189453,-0.9246600270271301,4.145316268022725e-8,0.38079366087913515,3.470131293425993e-9,1,-1.0043357434597056e-7,-0.38079366087913515,-9.154550895118519e-8,-0.9246600270271301],8,0.5816302299499512],[[773.75,222.69961547851563,45.4534912109375,-0.9367860555648804,1.4299523343197507e-8,0.3499027192592621,-1.0359273439064509e-8,1,-6.860177137468782e-8,-0.3499027192592621,-6.788992124029392e-8,-0.9367860555648804],8,0.593862771987915],[[773.6255493164063,222.69961547851563,45.40576171875,-0.9427556991577148,1.0724395815842059e-9,0.33348411321640017,-1.754635725603748e-8,1,-5.281921389155286e-8,-0.33348411321640017,-5.5647046082185628e-8,-0.9427556991577148],8,0.6040995121002197],[[773.437255859375,222.69961547851563,45.338279724121097,-0.9527722597122192,-1.872594346252754e-8,0.3036857545375824,-2.9059645356710463e-8,1,-2.950839750326395e-8,-0.3036857545375824,-3.693978101182438e-8,-0.9527722597122192],8,0.6158933639526367],[[773.2471313476563,222.69961547851563,45.276371002197269,-0.9569209218025208,-3.727718578261374e-8,0.29034870862960818,-4.08898017667525e-8,1,-6.375501460098576e-9,-0.29034870862960818,-1.7973151855699144e-8,-0.9569209218025208],8,0.6278319358825684],[[773.0559692382813,222.69961547851563,45.217735290527347,-0.9603986740112305,-5.551968129680063e-8,0.27862948179244997,-5.299409266967814e-8,1,1.659632076211892e-8,-0.27862948179244997,1.173367625284527e-9,-0.9603986740112305],8,0.6456613540649414],[[772.800048828125,222.69961547851563,45.1429443359375,-0.9669243693351746,-7.949052616140762e-8,0.2550632953643799,-6.98646260843816e-8,1,4.679905529769712e-8,-0.2550632953643799,2.7431244831177538e-8,-0.9669243693351746],8,0.6571903228759766],[[772.67138671875,222.69961547851563,45.108116149902347,-0.9669244289398193,-9.149089663651466e-8,0.2550630569458008,-7.829449089058471e-8,1,6.189074497342517e-8,-0.2550630569458008,3.9873640389487267e-8,-0.9669244289398193],8,0.6667079925537109],[[772.41357421875,222.69961547851563,45.03996658325195,-0.9682502150535584,-8.516969529637208e-8,0.24998298287391663,-7.066348217676932e-8,1,6.700359733713413e-8,-0.24998298287391663,4.721158219922472e-8,-0.9682502150535584],8,0.6860768795013428],[[772.1553955078125,222.69961547851563,44.97309875488281,-0.9703948497772217,-4.8565986787707519e-8,0.24152405560016633,-3.8239534205786188e-8,1,4.7442657802321267e-8,-0.24152405560016633,3.6802340730446306e-8,-0.9703948497772217],8,0.7123298645019531],[[771.7672729492188,222.69961547851563,44.87614822387695,-0.9699746370315552,5.595023555571288e-9,0.24320612847805024,1.0293570440467193e-8,1,1.80483876732751e-8,-0.24320612847805024,2.0009936818610187e-8,-0.9699746370315552],8,0.7215871810913086],[[771.6378784179688,222.69961547851563,44.843780517578128,-0.9686858057975769,2.3549477035089695e-8,0.2482897788286209,2.6405885478197889e-8,1,8.17403211783585e-9,-0.2482897788286209,1.447438080504071e-8,-0.9686858057975769],8,0.7308568954467773],[[771.5086669921875,222.69961547851563,44.81085968017578,-0.9686858057975769,4.16012326809323e-8,0.2482897788286209,4.251131713317591e-8,1,-1.6961032578421965e-9,-0.2482897788286209,8.912134141780826e-9,-0.9686858057975769],8,0.739220142364502],[[771.31494140625,222.69961547851563,44.761234283447269,-0.9669267535209656,6.86011034645162e-8,0.2550542652606964,6.655255191390097e-8,1,-1.6661800827932894e-8,-0.2550542652606964,8.637710546821609e-10,-0.9669267535209656],8,0.7516598701477051],[[771.1859741210938,222.69961547851563,44.72745895385742,-0.9669268131256104,8.663359096772183e-8,0.2550540268421173,8.257148920165491e-8,1,-2.6633601990511125e-8,-0.2550540268421173,-4.692552568741348e-9,-0.9669268131256104],8,0.7616679668426514],[[770.9926147460938,222.69961547851563,44.67648696899414,-0.9669268131256104,1.1366788044142595e-7,0.2550540268421173,1.0658706628419168e-7,1,-4.158331634585011e-8,-0.2550540268421173,-1.3022564360198885e-8,-0.9669268131256104],8,0.7740929126739502],[[770.7992553710938,222.69961547851563,44.62548065185547,-0.9664818048477173,8.800709139222818e-8,0.2567351162433624,8.171829080083626e-8,1,-3.516404589731792e-8,-0.2567351162433624,-1.3005456267478621e-8,-0.9664818048477173],8,0.7860558032989502],[[770.6058959960938,222.69961547851563,44.574195861816409,-0.9664818644523621,6.234029115148587e-8,0.2567348778247833,5.686546700189865e-8,1,-2.8748903702080498e-8,-0.2567348778247833,-1.3185944780502723e-8,-0.9664818644523621],8,0.8107283115386963],[[770.2836303710938,222.69961547851563,44.488616943359378,-0.9682508707046509,1.9505250747897663e-8,0.2499806135892868,1.5405893449838005e-8,1,-1.8355347464193984e-8,-0.2499806135892868,-1.392140536182751e-8,-0.9682508707046509],8,0.8189675807952881],[[770.0255126953125,222.69961547851563,44.42169189453125,-0.9716510772705078,-1.4851588403530514e-8,0.23641963303089143,-1.7842786803612399e-8,1,-1.0512555270736357e-8,-0.23641963303089143,-1.4432920636409108e-8,-0.9716510772705078],8,0.8341128826141357],[[769.831787109375,223.35189819335938,44.37166976928711,-0.9756309390068054,-4.070241033105049e-8,0.21941791474819184,-4.2859486626412038e-8,1,-5.070837971743458e-9,-0.21941791474819184,-1.435140628558429e-8,-0.9756309390068054],3,0.8598947525024414],[[769.5068359375,224.37091064453126,44.29730987548828,-0.9470528960227966,-8.388678196524779e-8,0.3210776448249817,-8.402952289543464e-8,1,1.341226774087545e-8,-0.3210776448249817,-1.4277874882395736e-8,-0.9470528960227966],5,0.876662015914917],[[769.115234375,225.4813232421875,44.21568298339844,-0.9261786937713623,-1.3987913405344444e-7,0.3770848512649536,-1.314523387918598e-7,1,4.80814179582012e-8,-0.3770848512649536,-5.036703054628333e-9,-0.9261786937713623],5,0.8940925598144531],[[768.984375,225.82420349121095,44.190059661865237,-0.9677701592445374,-1.5855761148486636e-7,0.2518351376056671,-1.4800835401729274e-7,1,6.08316383932106e-8,-0.2518351376056671,2.159734435736027e-8,-0.9677701592445374],5,0.902407169342041],[[768.8533935546875,226.15347290039063,44.165008544921878,-0.9681950807571411,-1.416720607494426e-7,0.2501964867115021,-1.3060109438356449e-7,1,6.085105042075156e-8,-0.2501964867115021,2.623975348114982e-8,-0.9681950807571411],5,0.9122505187988281],[[768.6569213867188,226.62181091308595,44.12788391113281,-0.9602981209754944,-1.1716301884234781e-7,0.2789757549762726,-1.0484095724905274e-7,1,5.908915667873771e-8,-0.2789757549762726,2.749512084676553e-8,-0.9602981209754944],5,0.9213395118713379],[[768.3947143554688,227.19857788085938,44.07926940917969,-0.9526185989379883,-8.411655727513789e-8,0.3041674494743347,-7.114493882909301e-8,1,5.372883649101823e-8,-0.3041674494743347,2.954311284497635e-8,-0.9526185989379883],5,0.9391829967498779],[[768.1322631835938,227.72084045410157,44.03235626220703,-0.9526175260543823,-5.004372027883619e-8,0.3041708171367645,-3.807176085501851e-8,1,4.5289993977348789e-8,-0.3041708171367645,3.156372230250781e-8,-0.9526175260543823],5,0.9594986438751221],[[767.8698120117188,228.18861389160157,43.98571014404297,-0.9640644192695618,-1.4293584094104972e-8,0.2656686305999756,-5.1768411779562488e-9,1,3.501646261838687e-8,-0.2656686305999756,3.238280044115527e-8,-0.9640644192695618],5,0.9774153232574463],[[767.6058349609375,228.6018829345703,43.94809341430664,-0.9727565050125122,2.1657731608115683e-8,0.23182912170886994,2.7646013478488386e-8,1,2.2581755132478066e-8,-0.23182912170886994,2.837570178826354e-8,-0.9727565050125122],5,0.9902603626251221],[[767.4070434570313,228.87606811523438,43.92664337158203,-0.9874289631843567,4.9995843909300677e-8,0.158063605427742,5.261840385628602e-8,1,1.240696079207737e-8,-0.158063605427742,2.0568045044910833e-8,-0.9874289631843567],5,1.0012590885162354],[[767.2740478515625,229.0418243408203,43.91730880737305,-0.9949089884757996,6.86073207134541e-8,0.10077764838933945,6.948002351236937e-8,1,5.149715320840187e-9,-0.10077764838933945,1.212553168983277e-8,-0.9949089884757996],5,1.0119187831878663],[[767.140869140625,229.1939697265625,43.91168212890625,-0.9974617958068848,8.646833293823875e-8,0.07120345532894135,8.650407323784748e-8,1,-2.581691527225871e-9,-0.07120345532894135,3.5842497858595836e-9,-0.9974617958068848],5,1.0213291645050049],[[766.94091796875,229.39662170410157,43.90946960449219,-0.9993973970413208,1.1299952262788793e-7,0.0347115658223629,1.1255580290026046e-7,1,-1.4737117304264303e-8,-0.0347115658223629,-1.0821247897752074e-8,-0.9993973970413208],5,1.0318200588226319],[[766.7412719726563,229.56861877441407,43.91903305053711,-0.9999980926513672,1.389587822586691e-7,-0.0019654373172670604,1.3901482986966585e-7,1,-2.8378476457646685e-8,0.0019654373172670604,-2.8651646388766495e-8,-0.9999980926513672],5,1.0444226264953614],[[766.5421752929688,229.7099609375,43.93781280517578,-0.997164249420166,1.2936685322983977e-7,-0.07525598257780075,1.3239689167221514e-7,1,-3.527419423221545e-8,0.07525598257780075,-4.51378241450584e-8,-0.997164249420166],5,1.057314395904541],[[766.3447265625,229.82064819335938,43.96885681152344,-0.994118869304657,1.040732229284913e-7,-0.10829427093267441,1.0894805768657534e-7,1,-3.909809009883247e-8,0.10829427093267441,-5.066659980457189e-8,-0.994118869304657],5,1.0807957649230958],[[766.0182495117188,229.93701171875,44.036338806152347,-0.9933673143386841,6.520912165797199e-8,-0.11498407274484635,7.065447960030724e-8,1,-4.328194691538556e-8,0.11498407274484635,-5.111901302257138e-8,-0.9933673143386841],5,1.0893619060516358],[[765.9185180664063,229.96043395996095,44.0767822265625,-0.9716389179229736,0.00001736423473630566,-0.23646940290927888,0.00021329794253688306,0.9999996423721314,-0.0008029976161196828,0.2364692986011505,-0.0008306622039526701,-0.9716386198997498],5,1.1020278930664063],[[766.0091552734375,229.9421844482422,44.11896514892578,-0.9628349542617798,0.000007152051693992689,-0.2700904905796051,0.0003679670044220984,0.9999991059303284,-0.0012852709041908384,0.2700902223587036,-0.0013368880609050394,-0.9628340601921082],5,1.1233534812927247],[[766.0985717773438,229.87017822265626,44.160888671875,-0.9568000435829163,-0.000007814449418219738,-0.2907467782497406,0.00017560266132932156,0.9999998211860657,-0.0006047568167559803,0.2907467186450958,-0.0006296872161328793,-0.9567998647689819],5,1.131321668624878],[[766.1297607421875,229.81373596191407,44.175537109375,-0.9551834464073181,-0.000005917352154938271,-0.2960144281387329,0.00009254012547899038,0.9999999403953552,-0.0003185998648405075,0.2960143983364105,-0.0003317145456094295,-0.9551834464073181],5,1.141040325164795],[[766.15966796875,229.70352172851563,44.1895751953125,-0.955095112323761,-0.000001455126266591833,-0.29629942774772646,0.00002274792677781079,1,-0.00007823693886166438,0.29629942774772646,-0.0000814639133750461,-0.955095112323761],5,1.1518445014953614],[[766.1683959960938,229.61302185058595,44.19365692138672,-0.9550397396087647,-1.8970959558828327e-7,-0.296477735042572,0.000003146206381643424,1,-0.000010774710972327739,0.296477735042572,-0.000011223057299503126,-0.9550397396087647],5,1.1620769500732422],[[766.1700439453125,229.50888061523438,44.19444274902344,-0.9550340175628662,2.9675646828764e-7,-0.2964962124824524,-0.000004359981176094152,1,0.000015044667634356302,0.2964962124824524,0.000015660887584090234,-0.9550340175628662],5,1.175098180770874],[[766.1702880859375,229.25975036621095,44.1945686340332,-0.9560617804527283,2.8258921247470428e-7,-0.29316532611846926,-0.0000046521595322701618,1,0.000016135405530803838,0.29316532611846926,0.000016790294466773049,-0.9560617804527283],5,1.186678171157837],[[766.1702880859375,229.03713989257813,44.1945686340332,-0.9595726728439331,-7.878439567399198e-11,-0.2814609110355377,-0.000002353028321522288,1,0.000008021799658308737,0.2814609110355377,0.00000835978516988689,-0.9595726728439331],5,1.197728157043457],[[766.1702880859375,228.87168884277345,44.19456481933594,-0.9688154458999634,-2.450659337682737e-7,-0.24778339266777039,-0.0000012875793800048996,1,0.000004045311015943298,0.24778339266777039,0.000004238200290274108,-0.9688154458999634],5,1.2093632221221924],[[766.1702880859375,228.5979766845703,44.19456481933594,-0.970942497253418,-1.490235206347279e-7,-0.23931285738945008,-3.655330544916069e-7,1,8.603302035226079e-7,0.23931285738945008,9.228078852174804e-7,-0.970942497253418],5,1.2206509113311768],[[766.1702880859375,228.29360961914063,44.19456481933594,-0.9721843004226685,-5.6339132470384359e-8,-0.23421724140644074,-1.6278349335152599e-8,1,-1.7297436727403693e-7,0.23421724140644074,-1.6435028271644115e-7,-0.9721843004226685],5,1.2325174808502198],[[766.1702880859375,227.95858764648438,44.19456481933594,-0.972590982913971,-1.0583071308190029e-8,-0.23252275586128236,6.022616361178734e-8,1,-2.9742676588284669e-7,0.23252275586128236,-3.03278540059182e-7,-0.972590982913971],5,1.2484045028686524],[[766.1702880859375,227.59291076660157,44.19456481933594,-0.9733970761299133,1.1304277514057049e-8,-0.22912469506263734,6.058180446188999e-8,1,-2.080346348520834e-7,0.22912469506263734,-2.16381096151963e-7,-0.9733970761299133],5,1.259026288986206],[[766.1702880859375,227.1965789794922,44.19456481933594,-0.9737949967384338,3.249621371992362e-8,-0.2274276316165924,6.109293337885902e-8,1,-1.1870053384654966e-7,0.2274276316165924,-1.294842064680779e-7,-0.9737949967384338],5,1.2708451747894288],[[766.1702880859375,226.7695770263672,44.19456481933594,-0.9737949967384338,5.329764363182221e-8,-0.2274276316165924,6.16037354461696e-8,1,-2.9423709690945544e-8,0.2274276316165924,-4.266305353439748e-8,-0.9737949967384338],5,1.281423568725586],[[766.1702880859375,226.15257263183595,44.19456481933594,-0.9737956523895264,7.169459337319495e-8,-0.22742484509944917,5.682183967792298e-8,1,7.194346807182228e-8,0.22742484509944917,5.7135540743047389e-8,-0.9737956523895264],5,1.2992908954620362],[[766.1461181640625,225.48106384277345,44.20021057128906,-0.9905673861503601,6.073767622183368e-8,-0.1370265930891037,4.5170988727250008e-8,1,1.1671289712467115e-7,0.1370265930891037,1.0942235917354992e-7,-0.9905673861503601],5,1.3168888092041016],[[766.1026000976563,224.94166564941407,44.21037292480469,-0.9910669922828674,5.63057760416541e-8,-0.1333649903535843,3.889310562499304e-8,1,1.3316915215000336e-7,0.1333649903535843,1.2679257110903564e-7,-0.9910669922828674],5,1.3364722728729249],[[766.0107421875,224.17477416992188,44.23182678222656,-0.995287299156189,3.957354977046634e-8,-0.09696979820728302,2.8908878846323206e-8,1,1.1138426714296657e-7,0.09696979820728302,1.0805605654695683e-7,-0.995287299156189],5,1.345221757888794],[[765.9164428710938,223.5638427734375,44.25384521484375,-0.9916134476661682,3.366672274296434e-8,-0.12923897802829743,2.1329164212602337e-8,1,9.684723067948653e-8,0.12923897802829743,9.327845873485785e-8,-0.9916134476661682],5,1.3570735454559327],[[765.8120727539063,223.1395263671875,44.27821731567383,-0.9803273677825928,3.020616645699192e-8,-0.19737830758094788,1.2998341958336823e-8,1,8.847747778872872e-8,0.19737830758094788,8.417130459292821e-8,-0.9803273677825928],7,1.3662855625152588],[[765.6212158203125,222.47750854492188,44.32278060913086,-0.9766031503677368,1.4108202606166742e-8,-0.2150493860244751,-2.4118145258711367e-9,1,7.655724942878806e-8,0.2150493860244751,7.528471002160586e-8,-0.9766031503677368],7,1.3757662773132325],[[765.4915771484375,222.32545471191407,44.353057861328128,-0.9742611050605774,2.6552393617151894e-9,-0.22542251646518708,-1.3150468269884641e-8,1,6.861439061367492e-8,0.22542251646518708,6.981274935924375e-8,-0.9742611050605774],7,1.3849711418151856],[[765.1669311523438,222.4340362548828,44.42885971069336,-0.974024772644043,-2.8178874345030637e-8,-0.22644150257110597,-4.02614759309472e-8,1,4.874018344480646e-8,0.22644150257110597,5.6591012764783957e-8,-0.974024772644043],8,1.404254674911499],[[765.0370483398438,222.49522399902345,44.45918655395508,-0.9738074541091919,-4.050159674306997e-8,-0.22737421095371247,-5.111323275741597e-8,1,4.0782321519827749e-8,0.22737421095371247,5.133595948336733e-8,-0.9738074541091919],8,1.416421890258789],[[764.7772827148438,222.58441162109376,44.519840240478519,-0.9738020300865173,-6.524226137116784e-8,-0.22739747166633607,-7.280579694679546e-8,1,2.487348460533667e-8,0.22739747166633607,4.0777702992045309e-8,-0.9738020300865173],8,1.437251329421997],[[764.5175170898438,222.63613891601563,44.58049392700195,-0.9757460951805115,-9.03166750276796e-8,-0.2189054787158966,-9.461818706313352e-8,1,9.16672071582525e-9,0.2189054787158966,2.9656831657121076e-8,-0.9757460951805115],8,1.4460008144378663],[[764.3875122070313,222.65260314941407,44.60997772216797,-0.976876974105835,-1.0282339957257136e-7,-0.21380220353603364,-1.0555828566793935e-7,1,1.3753784777748024e-9,0.21380220353603364,2.391217002184476e-8,-0.976876974105835],8,1.456113576889038],[[764.1921997070313,222.66966247558595,44.652976989746097,-0.9779861569404602,-1.2146708172622312e-7,-0.20866967737674714,-1.2202079346934625e-7,1,-1.0219130430755286e-8,0.20866967737674714,1.5467872316321519e-8,-0.9779861569404602],8,1.4667515754699708],[[764.0618286132813,222.6774139404297,44.68098831176758,-0.9787071347236633,-1.1577095193615605e-7,-0.20526157319545747,-1.1522856624424094e-7,1,-1.4595663344607602e-8,0.20526157319545747,9.36711685994851e-9,-0.9787071347236633],8,1.4773075580596924],[[763.8660888671875,222.6854248046875,44.722198486328128,-0.9801182746887207,-8.00894426333798e-8,-0.19841408729553224,-7.838392690473484e-8,1,-1.6450048434535348e-8,0.19841408729553224,-5.70518410292209e-10,-0.9801182746887207],8,1.4878230094909669],[[763.7354736328125,222.68905639648438,44.748897552490237,-0.980466365814209,-5.627158472520932e-8,-0.19668689370155335,-5.383616041854111e-8,1,-1.772889746121109e-8,0.19668689370155335,-6.793720697118033e-9,-0.980466365814209],8,1.4992234706878663],[[763.4739990234375,222.6937255859375,44.80145263671875,-0.980807363986969,-8.656746430801832e-9,-0.1949792057275772,-4.776619544344385e-9,1,-2.0370389819390767e-8,0.1949792057275772,-1.9048087551709615e-8,-0.980807363986969],8,1.5150082111358643],[[763.2125244140625,222.69625854492188,44.853515625,-0.9821450710296631,3.903874556954179e-8,-0.18812501430511475,4.422138388804342e-8,1,-2.335187332391797e-8,0.18812501430511475,-3.12540784364046e-8,-0.9821450710296631],8,1.531554937362671],[[762.8851318359375,222.6978759765625,44.916500091552737,-0.9837493896484375,9.870565520486707e-8,-0.17954695224761964,1.0537517169950661e-7,1,-2.760897821474373e-8,0.17954695224761964,-4.608010684137298e-8,-0.9837493896484375],8,1.5496582984924317],[[762.6884765625,222.69839477539063,44.952735900878909,-0.9872970581054688,8.409454466118405e-8,-0.15888506174087525,8.83117223793306e-8,1,-1.9481754875982916e-8,0.15888506174087525,-3.326569242290134e-8,-0.9872970581054688],8,1.564481258392334],[[762.4911499023438,222.69871520996095,44.985313415527347,-0.9886460900306702,6.883622916120658e-8,-0.15026266872882844,7.133073864906692e-8,1,-1.1211227501917165e-8,0.15026266872882844,-2.1802284422278718e-8,-0.9886460900306702],8,1.5762295722961426],[[762.359375,222.69886779785157,45.00568389892578,-0.9894214868545532,5.8591666629581599e-8,-0.14506953954696656,6.004521679869868e-8,1,-5.6411555426905128e-9,0.14506953954696656,-1.4292211858446536e-8,-0.9894214868545532],8,1.5861060619354249],[[762.2274780273438,222.698974609375,45.02524948120117,-0.9894217252731323,4.8238028682590087e-8,-0.14506764709949494,4.87645266389336e-8,1,-7.343978897234038e-11,0.14506764709949494,-7.146818248315867e-9,-0.9894217252731323],8,1.5960466861724854],[[762.029541015625,222.6990966796875,45.054298400878909,-0.9894202947616577,3.271576076713245e-8,-0.14507755637168885,3.185245134318393e-8,1,8.273504548128585e-9,0.14507755637168885,3.564897932406552e-9,-0.9894202947616577],8,1.6089417934417725],[[761.8316040039063,222.6991729736328,45.08331298828125,-0.9894200563430786,1.7203520386033234e-8,-0.14507897198200227,1.495120471872724e-8,1,1.661507731398615e-8,0.14507897198200227,1.4270185033637972e-8,-0.9894200563430786],8,1.6177799701690674],[[761.6996459960938,222.69920349121095,45.10265350341797,-0.9899223446846008,6.817439945905335e-9,-0.14161111414432527,3.7092722227072274e-9,1,2.221258021961603e-8,0.14161111414432527,2.1463456789660996e-8,-0.9899223446846008],8,1.6291563510894776],[[761.501708984375,222.69924926757813,45.131107330322269,-0.9899227619171143,-8.678298968334275e-9,-0.14160828292369843,-1.3144596522352004e-8,1,3.060440079138971e-8,0.14160828292369843,3.21573772055217e-8,-0.9899227619171143],8,1.641033411026001],[[761.3037719726563,222.69924926757813,45.1594352722168,-0.9894218444824219,-2.4051610481024e-8,-0.14506693184375764,-3.0016867214044399e-8,1,3.893192968007497e-8,0.14506693184375764,4.287455723783751e-8,-0.9894218444824219],8,1.6516873836517335],[[761.1058349609375,222.69924926757813,45.18832015991211,-0.9883825778961182,-3.92268404425522e-8,-0.15198643505573274,-4.693614030770732e-8,1,4.71359378195757e-8,0.15198643505573274,5.372199751718654e-8,-0.9883825778961182],8,1.6632540225982667],[[760.9739990234375,222.69924926757813,45.208343505859378,-0.9852808117866516,-4.849938406437104e-8,-0.17094367742538453,-5.8312547679406637e-8,1,5.238480227376385e-8,0.17094367742538453,6.158190046789969e-8,-0.9852808117866516],8,1.6751298904418946],[[760.7767944335938,222.69924926757813,45.24177551269531,-0.9834364652633667,-6.331105595336339e-8,-0.18125319480895997,-7.544952751459278e-8,1,6.007483932535252e-8,0.18125319480895997,7.275525604200084e-8,-0.9834364652633667],8,1.686194658279419],[[760.580078125,222.69924926757813,45.27759552001953,-0.9787099361419678,-7.696232984244489e-8,-0.20524825155735017,-9.275834145228146e-8,1,6.733884561072046e-8,0.20524825155735017,8.494368586298151e-8,-0.9787099361419678],8,1.6996383666992188],[[760.3841552734375,222.69924926757813,45.31771469116211,-0.976128101348877,-7.873622109855205e-8,-0.21719563007354737,-9.504750408950713e-8,1,6.465285196100013e-8,0.21719563007354737,8.375336335575412e-8,-0.976128101348877],8,1.7124826908111573],[[760.1888427734375,222.69924926757813,45.360652923583987,-0.9725931286811829,-5.4990913156416357e-8,-0.23251372575759889,-6.680822650650953e-8,1,4.2949316991780509e-8,0.23251372575759889,5.73060390252067e-8,-0.9725931286811829],8,1.723374366760254],[[759.994140625,222.69924926757813,45.40654754638672,-0.9709466695785523,-3.21850279760838e-8,-0.23929595947265626,-3.8436350990878057e-8,1,2.1457186250017913e-8,0.23929595947265626,3.003144755098219e-8,-0.9709466695785523],8,1.7348885536193848],[[759.7998657226563,222.69924926757813,45.45411682128906,-0.968387246131897,-9.478501539206264e-9,-0.24945159256458283,-9.859265404088547e-9,1,2.769502682742342e-10,0.24945159256458283,2.7276045866386768e-9,-0.968387246131897],8,1.7477593421936036],[[759.6060791015625,222.69924926757813,45.50360870361328,-0.9666219353675842,1.29166650708612e-8,-0.25620704889297488,1.8846598948130123e-8,1,-2.0689789437255969e-8,0.25620704889297488,-2.4827835787277764e-8,-0.9666219353675842],8,1.7601962089538575],[[759.4126586914063,222.69924926757813,45.5545768737793,-0.9624738693237305,3.48862272403494e-8,-0.27137431502342226,4.7859977314601568e-8,1,-4.1189430532995178e-8,0.27137431502342226,-5.2631719427154169e-8,-0.9624738693237305],8,1.772230863571167],[[759.2841796875,222.69924926757813,45.59022521972656,-0.9600714445114136,4.932578079319683e-8,-0.27975499629974368,6.731024626560611e-8,1,-5.467949648618742e-8,0.27975499629974368,-7.132660329034479e-8,-0.9600714445114136],8,1.7834665775299073],[[759.092041015625,222.69924926757813,45.645774841308597,-0.9539934992790222,5.943302383570881e-8,-0.29982733726501467,8.220313674200952e-8,1,-6.333056035146001e-8,0.29982733726501467,-8.506368942562404e-8,-0.9539934992790222],8,1.7951691150665284],[[758.9010009765625,222.69924926757813,45.704959869384769,-0.950798511505127,4.870399195056052e-8,-0.3098098337650299,6.758840953580148e-8,1,-5.0221029113117768e-8,0.3098098337650299,-6.868963708939191e-8,-0.950798511505127],8,1.8069367408752442],[[758.710693359375,222.69924926757813,45.766502380371097,-0.9463775157928467,3.791170044564751e-8,-0.32306286692619326,5.2801439665017827e-8,1,-3.732522557697848e-8,0.32306286692619326,-5.238193878653874e-8,-0.9463775157928467],8,1.8183248043060303],[[758.521240234375,222.69924926757813,45.830589294433597,-0.9446736574172974,2.781541574847779e-8,-0.32801175117492678,3.79566991171032e-8,1,-2.4515211194398036e-8,0.32801175117492678,-3.560911920885701e-8,-0.9446736574172974],8,1.8331379890441895],[[758.3322143554688,222.69924926757813,45.89597702026367,-0.9429354667663574,1.7812446628795443e-8,-0.33297547698020937,2.3054347764173145e-8,1,-1.1791604137556533e-8,0.33297547698020937,-1.8795255130044098e-8,-0.9429354667663574],8,1.8544926643371583],[[758.017822265625,222.69924926757813,46.00675582885742,-0.9429364204406738,1.4676410087233194e-9,-0.33297276496887209,-1.7616130776332284e-9,1,9.396354805346619e-9,0.33297276496887209,9.446734061668849e-9,-0.9429364204406738],8,1.8642864227294922],[[757.8292236328125,222.69924926757813,46.07334899902344,-0.9429366588592529,-8.330897749431188e-9,-0.33297207951545718,-1.6638450617278978e-8,1,2.2098271657000624e-8,0.33297207951545718,2.6377410478062303e-8,-0.9429366588592529],8,1.8824541568756104],[[757.5777587890625,222.69924926757813,46.162139892578128,-0.9429370164871216,-2.1385860193845475e-8,-0.3329711854457855,-3.64593795154633e-8,1,3.902151135548593e-8,0.3329711854457855,4.893474780942597e-8,-0.9429370164871216],8,1.8921380043029786],[[757.3262939453125,222.69924926757813,46.25093078613281,-0.9429372549057007,-3.4429675110914107e-8,-0.3329704999923706,-5.626335664032922e-8,1,5.593029683836903e-8,0.3329704999923706,7.147279745822743e-8,-0.9429372549057007],8,1.9093153476715088],[[757.2005615234375,222.69924926757813,46.295326232910159,-0.9429370164871216,-4.0947334412066996e-8,-0.3329711854457855,-6.615900360884553e-8,1,6.43792574805957e-8,0.3329711854457855,8.273462981378543e-8,-0.9429370164871216],8,1.9196791648864747],[[757.011962890625,222.69924926757813,46.36191940307617,-0.942937433719635,-5.071877851037243e-8,-0.3329700529575348,-8.099453197019102e-8,1,7.704594651158914e-8,0.3329700529575348,9.961825497839527e-8,-0.942937433719635],8,1.94028639793396],[[756.760498046875,222.69924926757813,46.45071029663086,-0.9446709156036377,-4.751179361051072e-8,-0.3280195891857147,-7.449661154623755e-8,1,6.970007149220692e-8,0.3280195891857147,9.027997549537759e-8,-0.9446709156036377],8,1.9493565559387208],[[756.5715942382813,222.69924926757813,46.516502380371097,-0.946938157081604,-3.278984550547648e-8,-0.32141587138175967,-5.016819670800032e-8,1,4.5785959912336696e-8,0.32141587138175967,5.94813229781721e-8,-0.946938157081604],8,1.968994379043579],[[756.3192138671875,222.69924926757813,46.602481842041019,-0.9529401659965515,-1.3474018345505101e-8,-0.3031585216522217,-1.837285878991679e-8,1,1.3307285051666895e-8,0.3031585216522217,1.8250934985530877e-8,-0.9529401659965515],8,1.9781215190887452],[[756.0653076171875,222.69924926757813,46.684043884277347,-0.9565755724906921,6.73923139515864e-9,-0.2914845049381256,1.2996170362100657e-8,1,-1.9529638350945789e-8,0.2914845049381256,-2.246975761011072e-8,-0.9565755724906921],8,2.0014467239379885],[[755.74658203125,222.69924926757813,46.78168487548828,-0.966172993183136,3.30396439096603e-8,-0.2578947842121124,5.071355957397827e-8,1,-6.187961076875581e-8,0.2578947842121124,-7.286516989779557e-8,-0.966172993183136],8,2.0132689476013185],[[755.6181030273438,222.69924926757813,46.817230224609378,-0.9721905589103699,4.5011820049012388e-8,-0.23419126868247987,6.537079144663949e-8,1,-7.91705261349307e-8,0.23419126868247987,-9.227809982803592e-8,-0.9721905589103699],8,2.0231099128723146],[[755.4887084960938,222.69924926757813,46.84943389892578,-0.9765095710754395,4.8543331132577808e-8,-0.21547402441501618,6.788982176431091e-8,1,-8.238453119702172e-8,0.21547402441501618,-9.507778031547787e-8,-0.9765095710754395],8,2.041074514389038],[[755.1634521484375,222.69924926757813,46.92216873168945,-0.9873008728027344,3.7294796584319559e-8,-0.15886148810386659,4.6346539051000948e-8,1,-5.327395058429829e-8,0.15886148810386659,-5.996010088438197e-8,-0.9873008728027344],8,2.0493268966674806],[[755.0321655273438,222.69924926757813,46.9453010559082,-0.9920275807380676,3.2610341094141407e-8,-0.12602071464061738,3.81264122495395e-8,1,-4.1359168534427229e-8,0.12602071464061738,-4.58341560261033e-8,-0.9920275807380676],8,2.059924364089966],[[754.833984375,222.69924926757813,46.97205352783203,-0.9985960721969605,2.5907766598720629e-8,-0.052970729768276218,2.7145203418399434e-8,1,-2.2641319930016836e-8,0.052970729768276218,-2.404743426609457e-8,-0.9985960721969605],8,2.079904079437256],[[754.5013427734375,222.69924926757813,46.992698669433597,-0.9998267292976379,1.0952368789673983e-8,0.018615584820508958,1.1135929511851828e-8,1,9.756949914674351e-9,-0.018615584820508958,9.96256144247809e-9,-0.9998267292976379],8,2.094482421875],[[754.2347412109375,222.69924926757813,46.990562438964847,-0.9966810941696167,-2.9702114101581857e-9,0.08140485733747482,-6.8135987303652445e-12,1,3.640348467115473e-8,-0.08140485733747482,3.628210976103219e-8,-0.9966810941696167],8,2.1210169792175295],[[753.8358764648438,222.69924926757813,46.96056365966797,-0.9898448586463928,-2.5072685261307016e-8,0.14215193688869477,-1.4232259815116777e-8,1,7.727616946340277e-8,-0.14215193688869477,7.446827510193543e-8,-0.9898448586463928],8,2.1341240406036379],[[753.7036743164063,222.69924926757813,46.943702697753909,-0.9863610863685608,-3.3382193009856567e-8,0.1645958572626114,-1.8659644496210605e-8,1,9.099284170588362e-8,-0.1645958572626114,8.668050099913671e-8,-0.9863610863685608],8,2.1520755290985109],[[753.374755859375,222.69924926757813,46.89006805419922,-0.9839649796485901,-4.394784980377153e-8,0.17836178839206696,-2.506204133112533e-8,1,1.0813795370268054e-7,-0.17836178839206696,1.0193384269996386e-7,-0.9839649796485901],8,2.162794589996338],[[753.2434692382813,222.69924926757813,46.86676788330078,-0.9833356738090515,-3.653996571983953e-8,0.18179914355278016,-2.101046447933186e-8,1,8.734708245583534e-8,-0.18179914355278016,8.207181423358634e-8,-0.9833356738090515],8,2.1742022037506105],[[753.0468139648438,222.69924926757813,46.83061218261719,-0.9826940298080444,-2.5187182117747399e-8,0.1852361559867859,-1.504536406571333e-8,1,5.615638087874686e-8,-0.1852361559867859,5.2397595595721216e-8,-0.9826940298080444],8,2.1934444904327394],[[752.7847900390625,222.69924926757813,46.7813606262207,-0.9823684692382813,-9.771068398833905e-9,0.18695512413978578,-7.170559701563661e-9,1,1.4586053254106446e-8,-0.18695512413978578,1.2988305542194212e-8,-0.9823684692382813],8,2.2012202739715578],[[752.65380859375,222.69924926757813,46.756492614746097,-0.9820398092269898,-2.044878266715955e-9,0.18867374956607819,-3.2720333109637069e-9,1,-6.192640622515455e-9,-0.18867374956607819,-6.698766430446312e-9,-0.9820398092269898],8,2.220630168914795],[[752.3263549804688,222.69924926757813,46.69368362426758,-0.9810385704040527,1.7347996816852175e-8,0.1938125342130661,6.195109314433012e-9,1,-5.815080683646556e-8,-0.1938125342130661,-5.584749374065723e-8,-0.9810385704040527],8,2.229665994644165],[[752.1954956054688,222.69924926757813,46.66802215576172,-0.9793088436126709,2.5572312267740928e-8,0.2023715376853943,9.79764802622185e-9,1,-7.895077658304217e-8,-0.2023715376853943,-7.5334426696827e-8,-0.9793088436126709],8,2.241684913635254],[[751.9995727539063,222.69924926757813,46.627899169921878,-0.9782363176345825,3.756599298299079e-8,0.20749375224113465,1.5035306333288646e-8,1,-1.1016192047463847e-7,-0.20749375224113465,-1.0464466271287165e-7,-0.9782363176345825],8,2.261073589324951],[[751.7385864257813,222.69924926757813,46.572792053222659,-0.9736735820770264,2.9447489779954595e-8,0.22794689238