[[[663.528076171875,222.69961547851563,159.64199829101563,1,0,0,0,1,0,0,0,1],8,0.009041309356689453],[[663.528076171875,222.69961547851563,159.64199829101563,1,0,0,0,1,0,0,0,1],8,0.021272897720336915],[[663.528076171875,222.69961547851563,159.64199829101563,1,0,0,0,1,0,0,0,1],8,0.03295588493347168],[[663.528076171875,222.69961547851563,159.64199829101563,1,0,0,0,1,0,0,0,1],8,0.04642677307128906],[[663.528076171875,222.69961547851563,159.64199829101563,1,0,0,0,1,0,0,0,1],8,0.06065797805786133],[[663.528076171875,222.69961547851563,159.64199829101563,1,0,0,0,1,0,0,0,1],8,0.09371566772460938],[[663.528076171875,222.69961547851563,159.64199829101563,1,0,0,0,1,0,0,0,1],8,0.10141634941101074],[[663.528076171875,222.69961547851563,159.64199829101563,1,0,0,0,1,0,0,0,1],8,0.11010432243347168],[[663.528076171875,222.69961547851563,159.64199829101563,1,0,0,0,1,0,0,0,1],8,0.1236729621887207],[[663.528076171875,222.69961547851563,159.64199829101563,1,0,0,0,1,0,0,0,1],8,0.13319087028503419],[[663.528076171875,222.69961547851563,159.64199829101563,1,0,0,0,1,0,0,0,1],8,0.1439499855041504],[[663.528076171875,222.69961547851563,159.64199829101563,1,0,0,0,1,0,0,0,1],8,0.16071128845214845],[[663.528076171875,222.69961547851563,159.64199829101563,1,0,0,0,1,0,0,0,1],8,0.17190313339233399],[[663.528076171875,222.69961547851563,159.64199829101563,1,0,0,0,1,0,0,0,1],8,0.18398499488830567],[[663.528076171875,222.69961547851563,159.64199829101563,1,0,0,0,1,0,0,0,1],8,0.19533920288085938],[[663.528076171875,222.69961547851563,159.64199829101563,1,0,0,0,1,0,0,0,1],8,0.20702052116394044],[[663.528076171875,222.69961547851563,159.64199829101563,1,0,0,0,1,0,0,0,1],8,0.21646904945373536],[[663.528076171875,222.69961547851563,159.64199829101563,1,0,0,0,1,0,0,0,1],8,0.22778058052062989],[[663.528076171875,222.69961547851563,159.64199829101563,1,0,0,0,1,0,0,0,1],8,0.24248719215393067],[[663.528076171875,222.69961547851563,159.64199829101563,1,0,0,0,1,0,0,0,1],8,0.25507354736328127],[[663.528076171875,222.69961547851563,159.64199829101563,1,0,0,0,1,0,0,0,1],8,0.266129732131958],[[663.528076171875,222.69961547851563,159.64199829101563,1,0,0,0,1,0,0,0,1],8,0.28020763397216799],[[663.528076171875,222.69961547851563,159.64199829101563,1,0,0,0,1,0,0,0,1],8,0.2961306571960449],[[663.528076171875,222.69961547851563,159.64199829101563,1,0,0,0,1,0,0,0,1],8,0.32324957847595217],[[663.528076171875,222.69961547851563,159.64199829101563,1,0,0,0,1,0,0,0,1],8,0.3312196731567383],[[663.528076171875,222.69961547851563,159.64199829101563,1,0,0,0,1,0,0,0,1],8,0.3426487445831299],[[663.528076171875,222.69961547851563,159.64199829101563,1,0,0,0,1,0,0,0,1],8,0.3495213985443115],[[663.528076171875,222.69961547851563,159.64199829101563,1,0,0,0,1,0,0,0,1],8,0.3689594268798828],[[663.528076171875,222.69961547851563,159.64199829101563,1,0,0,0,1,0,0,0,1],8,0.3840484619140625],[[663.528076171875,222.69961547851563,159.64199829101563,1,0,0,0,1,0,0,0,1],8,0.39260244369506838],[[663.528076171875,222.69961547851563,159.64199829101563,1,0,0,0,1,0,0,0,1],8,0.40446996688842776],[[663.5487060546875,222.69961547851563,159.5430908203125,0.9999173283576965,0,-0.012856251560151577,0,1,0,0.012856251560151577,0,0.9999173283576965],8,0.41690945625305178],[[663.6035766601563,222.69961547851563,159.29183959960938,0.9992653131484985,0,-0.03832491487264633,0,1,0,0.03832491487264633,0,0.9992653131484985],8,0.4421827793121338],[[663.6629638671875,222.69961547851563,159.03207397460938,0.9979636073112488,0,-0.06378591060638428,0,1,0,0.06378591060638428,0,0.9979636073112488],8,0.44904661178588869],[[663.693603515625,222.69961547851563,158.9022979736328,0.9971336722373962,0,-0.07566031813621521,0,1,0,0.07566031813621521,0,0.9971336722373962],8,0.4578988552093506],[[663.7406616210938,222.69961547851563,158.70790100097657,0.9957239031791687,0,-0.09237942099571228,0,1,0,0.09237942099571228,0,0.9957239031791687],8,0.469393253326416],[[663.789306640625,222.69961547851563,158.51390075683595,0.9941319823265076,0,-0.10817371308803559,0,1,0,0.10817371308803559,0,0.9941319823265076],8,0.48027682304382326],[[663.8220825195313,222.69961547851563,158.38465881347657,0.9930153489112854,0,-0.11798526346683502,0,1,0,0.11798526346683502,0,0.9930153489112854],8,0.4909803867340088],[[663.8718872070313,222.69961547851563,158.1909637451172,0.9912834167480469,0,-0.13174647092819215,0,1,0,0.13174647092819215,0,0.9912834167480469],8,0.5011608600616455],[[663.9053955078125,222.69961547851563,158.06190490722657,0.9901155233383179,0,-0.14025436341762544,0,1,0,0.14025436341762544,0,0.9901155233383179],8,0.5124635696411133],[[663.9559936523438,222.69961547851563,157.868408203125,0.988365888595581,0,-0.15209481120109559,0,1,0,0.15209481120109559,0,0.988365888595581],8,0.5239548683166504],[[664.0068969726563,222.69961547851563,157.6750030517578,0.9866368770599365,0,-0.16293439269065858,0,1,0,0.16293439269065858,0,0.9866368770599365],8,0.5345079898834229],[[664.178955078125,222.69961547851563,157.03091430664063,0.9807249903678894,0,-0.19539329409599305,0,1,0,0.19539329409599305,0,0.9807249903678894],8,0.5765731334686279],[[664.2135620117188,222.69961547851563,156.9021453857422,0.9796582460403442,0,-0.20067323744297028,0,1,0,0.20067323744297028,0,0.9796582460403442],8,0.5827136039733887],[[664.2307739257813,222.69961547851563,156.83773803710938,0.9791949987411499,0,-0.20292149484157563,0,1,0,0.20292149484157563,0,0.9791949987411499],8,0.5907821655273438],[[664.2650756835938,222.69961547851563,156.70887756347657,0.9783547520637512,0,-0.20693464577198029,0,1,0,0.20693464577198029,0,0.9783547520637512],8,0.5990941524505615],[[664.2992553710938,222.69961547851563,156.5800018310547,0.9775875806808472,0,-0.2105291187763214,0,1,0,0.2105291187763214,0,0.9775875806808472],8,0.6081492900848389],[[664.3334350585938,222.69961547851563,156.4511260986328,0.9768733978271484,0,-0.2138184756040573,0,1,0,0.2138184756040573,0,0.9768733978271484],8,0.6167454719543457],[[664.3847045898438,222.69961547851563,156.2578125,0.9758760333061218,0,-0.2183254510164261,0,1,0,0.2183254510164261,0,0.9758760333061218],8,0.627281665802002],[[664.4188842773438,222.69961547851563,156.12893676757813,0.9752596020698547,0,-0.22106269001960755,0,1,0,0.22106269001960755,0,0.9752596020698547],8,0.6388792991638184],[[664.4701538085938,222.69961547851563,155.9356231689453,0.9744032621383667,0,-0.2248072773218155,0,1,0,0.2248072773218155,0,0.9744032621383667],8,0.64878249168396],[[664.5214233398438,222.69961547851563,155.7423095703125,0.9736199378967285,0,-0.22817596793174745,0,1,0,0.22817596793174745,0,0.9736199378967285],8,0.660552978515625],[[664.5726928710938,222.69961547851563,155.5489959716797,0.9729081392288208,0,-0.2311919927597046,0,1,0,0.2311919927597046,0,0.9729081392288208],8,0.6771049499511719],[[664.6239624023438,222.69961547851563,155.35568237304688,0.9722633361816406,0,-0.23388893902301789,0,1,0,0.23388893902301789,0,0.9722633361816406],8,0.6869103908538818],[[664.675048828125,222.69961547851563,155.1623077392578,0.9717060327529907,0,-0.23619355261325837,0,1,0,0.23619355261325837,0,0.9717060327529907],8,0.6963591575622559],[[664.7091064453125,222.69961547851563,155.0333709716797,0.9713754057884216,0,-0.23754967749118806,0,1,0,0.23754967749118806,0,0.9713754057884216],8,0.706007719039917],[[664.7431030273438,222.69961547851563,154.90443420410157,0.9710714221000671,0,-0.23878931999206544,0,1,0,0.23878931999206544,0,0.9710714221000671],8,0.7160029411315918],[[664.7940063476563,222.69961547851563,154.71102905273438,0.9706522226333618,0,-0.2404874861240387,0,1,0,0.2404874861240387,0,0.9706522226333618],8,0.7273445129394531],[[664.8279418945313,222.69961547851563,154.58209228515626,0.9703960418701172,0,-0.24151909351348878,0,1,0,0.24151909351348878,0,0.9703960418701172],8,0.737086296081543],[[664.8788452148438,222.69961547851563,154.38868713378907,0.9700435996055603,0,-0.24293093383312226,0,1,0,0.24293093383312226,0,0.9700435996055603],8,0.7496240139007568],[[664.9467163085938,222.69961547851563,154.1308135986328,0.9696215391159058,0,-0.244609996676445,0,1,0,0.244609996676445,0,0.9696215391159058],8,0.7651913166046143],[[664.9976196289063,222.69961547851563,153.93740844726563,0.969341516494751,0,-0.24571728706359864,0,1,0,0.24571728706359864,0,0.969341516494751],8,0.7759089469909668],[[665.0315551757813,222.6894073486328,153.8084716796875,0.9691631197929382,0,-0.2464199960231781,0,1,0,0.2464199960231781,0,0.9691631197929382],8,0.7870900630950928],[[665.0824584960938,222.64854431152345,153.6150665283203,0.9688977599143982,0,-0.24746134877204896,0,1,0,0.24746134877204896,0,0.9688977599143982],8,0.7965569496154785],[[665.1163940429688,222.60427856445313,153.4861297607422,0.9687208533287048,0,-0.24815303087234498,0,1,0,0.24815303087234498,0,0.9687208533287048],8,0.8080620765686035],[[665.1672973632813,222.51231384277345,153.292724609375,0.9684547781944275,0,-0.24918948113918305,0,1,0,0.24918948113918305,0,0.9684547781944275],8,0.8189902305603027],[[665.2182006835938,223.1645965576172,153.0993194580078,0.968187689781189,0,-0.2502250671386719,0,1,0,0.2502250671386719,0,0.968187689781189],3,0.8357131481170654],[[665.2863159179688,223.9866180419922,152.84144592285157,0.9679638743400574,0,-0.25108954310417178,0,1,0,0.25108954310417178,0,0.9679638743400574],5,0.8615987300872803],[[665.405517578125,225.2940216064453,152.39016723632813,0.9677103161811829,0,-0.25206488370895388,0,1,0,0.25206488370895388,0,0.9677103161811829],5,0.8780665397644043],[[665.4566040039063,225.80323791503907,152.19676208496095,0.9676246643066406,0,-0.25239360332489016,0,1,0,0.25239360332489016,0,0.9676246643066406],5,0.8916544914245606],[[665.5076904296875,226.28179931640626,152.00335693359376,0.9675520658493042,0,-0.2526716887950897,0,1,0,0.2526716887950897,0,0.9675520658493042],5,0.8991100788116455],[[665.5247192382813,226.43450927734376,151.9388885498047,0.9675300121307373,0,-0.2527560591697693,0,1,0,0.2527560591697693,0,0.9675300121307373],5,0.9078888893127441],[[665.5587768554688,226.72970581054688,151.80995178222657,0.9674888253211975,0,-0.25291383266448977,0,1,0,0.25291383266448977,0,0.9674888253211975],5,0.9169766902923584],[[665.60986328125,227.14695739746095,151.61654663085938,0.9674322605133057,0,-0.25313007831573489,0,1,0,0.25313007831573489,0,0.9674322605133057],5,0.9279379844665527],[[665.6439208984375,227.4080810546875,151.48760986328126,0.9673978686332703,0,-0.2532614469528198,0,1,0,0.2532614469528198,0,0.9673978686332703],5,0.9433228969573975],[[665.7115478515625,227.8894805908203,151.2296600341797,0.9673762321472168,0,-0.2533441483974457,0,1,0,0.2533441483974457,0,0.9673762321472168],5,0.9520936012268066],[[665.745361328125,228.1097412109375,151.1006622314453,0.9673747420310974,0,-0.2533499002456665,0,1,0,0.2533499002456665,0,0.9673747420310974],5,0.969688892364502],[[665.8298950195313,228.6007843017578,150.77816772460938,0.9673759341239929,0,-0.25334516167640688,0,1,0,0.25334516167640688,0,0.9673759341239929],5,0.9786126613616943],[[665.8637084960938,228.77334594726563,150.649169921875,0.9673768281936646,0,-0.2533418536186218,0,1,0,0.2533418536186218,0,0.9673768281936646],5,0.9893720149993897],[[665.8975219726563,228.9322967529297,150.52017211914063,0.9673777222633362,0,-0.25333842635154726,0,1,0,0.25333842635154726,0,0.9673777222633362],5,0.9980041980743408],[[665.9313354492188,229.07762145996095,150.39117431640626,0.9673786163330078,0,-0.2533348798751831,0,1,0,0.2533348798751831,0,0.9673786163330078],5,1.008324384689331],[[665.9820556640625,229.2700653076172,150.1976776123047,0.9673800468444824,0,-0.25332939624786379,0,1,0,0.25332939624786379,0,0.9673800468444824],5,1.0178864002227784],[[666.0327758789063,229.4318389892578,150.00418090820313,0.9673815369606018,0,-0.25332391262054446,0,1,0,0.25332391262054446,0,0.9673815369606018],5,1.0306508541107178],[[666.08349609375,229.56295776367188,149.81068420410157,0.9673829078674316,0,-0.25331851840019228,0,1,0,0.25331851840019228,0,0.9673829078674316],5,1.0420820713043213],[[666.1342163085938,229.66343688964845,149.6171875,0.9673841595649719,0,-0.25331392884254458,0,1,0,0.25331392884254458,0,0.9673841595649719],5,1.0567693710327149],[[666.1849365234375,229.73324584960938,149.42369079589845,0.9673852324485779,0,-0.25330960750579836,0,1,0,0.25330960750579836,0,0.9673852324485779],5,1.0802929401397706],[[666.2694702148438,229.78147888183595,149.1011962890625,0.9673870205879211,0,-0.25330284237861636,0,1,0,0.25330284237861636,0,0.9673870205879211],5,1.0882182121276856],[[666.3030395507813,229.77691650390626,148.97216796875,0.9674035310745239,0,-0.2532397210597992,0,1,0,0.2532397210597992,0,0.9674035310745239],5,1.0969815254211426],[[666.3366088867188,229.7587432861328,148.84312438964845,0.96742844581604,0,-0.25314468145370486,0,1,0,0.25314468145370486,0,0.96742844581604],5,1.1065847873687745],[[666.3701782226563,229.72694396972657,148.7140655517578,0.9674550890922546,0,-0.25304272770881655,0,1,0,0.25304272770881655,0,0.9674550890922546],5,1.1149895191192628],[[666.4037475585938,229.6815185546875,148.5850067138672,0.967481255531311,0,-0.252942830324173,0,1,0,0.252942830324173,0,0.967481255531311],5,1.1230669021606446],[[666.4541015625,229.58782958984376,148.39141845703126,0.9675180912017822,0,-0.2528017461299896,0,1,0,0.2528017461299896,0,0.9675180912017822],5,1.1346807479858399],[[666.4876708984375,229.5083465576172,148.26235961914063,0.9675407409667969,0,-0.2527151107788086,0,1,0,0.2527151107788086,0,0.9675407409667969],5,1.1455354690551758],[[666.5380249023438,229.36355590820313,148.0687713623047,0.9675717949867249,0,-0.2525961399078369,0,1,0,0.2525961399078369,0,0.9675717949867249],5,1.1560125350952149],[[666.5715942382813,229.25001525878907,147.93971252441407,0.9675906896591187,0,-0.2525237798690796,0,1,0,0.2525237798690796,0,0.9675906896591187],5,1.1669681072235108],[[666.621337890625,229.05413818359376,147.74600219726563,0.9676717519760132,0,-0.2522130012512207,0,1,0,0.2522130012512207,0,0.9676717519760132],5,1.1786577701568604],[[666.6709594726563,228.82760620117188,147.55227661132813,0.9677730798721314,0,-0.2518238127231598,0,1,0,0.2518238127231598,0,0.9677730798721314],5,1.1898667812347413],[[666.703857421875,228.65956115722657,147.42306518554688,0.967854380607605,0,-0.2515111267566681,0,1,0,0.2515111267566681,0,0.967854380607605],5,1.2000820636749268],[[666.7520751953125,228.38192749023438,147.2289581298828,0.9680927991867065,0,-0.25059205293655398,0,1,0,0.25059205293655398,0,0.9680927991867065],5,1.2116925716400147],[[666.7994995117188,228.07363891601563,147.03465270996095,0.9684234261512756,0,-0.24931122362613679,0,1,0,0.24931122362613679,0,0.9684234261512756],5,1.223902702331543],[[666.845947265625,227.73471069335938,146.84011840820313,0.9688425064086914,0,-0.24767759442329408,0,1,0,0.24767759442329408,0,0.9688425064086914],5,1.2352542877197266],[[666.8919677734375,227.3651123046875,146.64547729492188,0.9692943692207336,0,-0.2459033578634262,0,1,0,0.2459033578634262,0,0.9692943692207336],5,1.2468743324279786],[[666.9373168945313,226.96485900878907,146.45068359375,0.9697754979133606,0,-0.24399900436401368,0,1,0,0.24399900436401368,0,0.9697754979133606],5,1.2580146789550782],[[666.9671630859375,226.68099975585938,146.3207244873047,0.9701158404350281,0,-0.2426421344280243,0,1,0,0.2426421344280243,0,0.9701158404350281],5,1.26790452003479],[[666.9962158203125,226.599365234375,146.19358825683595,0.9706169962882996,0,-0.2406296581029892,0,1,0,0.2406296581029892,0,0.9706169962882996],7,1.280074119567871],[[667.021728515625,226.59506225585938,146.08206176757813,0.9710775017738342,0,-0.23876447975635529,0,1,0,0.23876447975635529,0,0.9710775017738342],7,1.2921428680419922],[[667.0344848632813,226.5948486328125,146.02627563476563,0.9713561534881592,0,-0.23762844502925874,0,1,0,0.23762844502925874,0,0.9713561534881592],7,1.3039984703063965],[[667.0545043945313,226.59481811523438,145.93870544433595,0.9717354774475098,0,-0.23607225716114045,0,1,0,0.23607225716114045,0,0.9717354774475098],7,1.3148164749145508],[[667.0782470703125,226.59481811523438,145.834716796875,0.9720749855041504,0,-0.2346705049276352,0,1,0,0.2346705049276352,0,0.9720749855041504],8,1.3274962902069092],[[667.105712890625,226.59481811523438,145.71432495117188,0.9723773002624512,0,-0.23341459035873414,0,1,0,0.23341459035873414,0,0.9723773002624512],8,1.3390510082244874],[[667.1221923828125,226.59481811523438,145.6428680419922,0.972529947757721,0,-0.23277783393859864,0,1,0,0.23277783393859864,0,0.972529947757721],8,1.3499395847320557],[[667.158935546875,226.59481811523438,145.4888153076172,0.9726138710975647,0,-0.23242683708667756,0,1,0,0.23242683708667756,0,0.9726138710975647],8,1.3619484901428223],[[667.202880859375,226.59481811523438,145.30763244628907,0.9725356698036194,0,-0.2327539175748825,0,1,0,0.2327539175748825,0,0.9725356698036194],8,1.3831067085266114],[[667.2409057617188,226.59481811523438,145.16221618652345,0.9721444845199585,0,-0.23438242077827454,0,1,0,0.23438242077827454,0,0.9721444845199585],8,1.393115758895874],[[667.26953125,226.5550994873047,145.05703735351563,0.9717284440994263,0,-0.2361014038324356,0,1,0,0.2361014038324356,0,0.9717284440994263],8,1.402522325515747],[[667.3174438476563,226.4588623046875,144.88929748535157,0.9708518981933594,0,-0.23968011140823365,0,1,0,0.23968011140823365,0,0.9708518981933594],8,1.4127507209777833],[[667.3663330078125,226.43869018554688,144.7255096435547,0.9697275757789612,0,-0.24418935179710389,0,1,0,0.24418935179710389,0,0.9697275757789612],8,1.4247043132781983],[[667.4036865234375,226.39796447753907,144.61097717285157,0.9686907529830933,0,-0.24827048182487489,0,1,0,0.24827048182487489,0,0.9686907529830933],8,1.435016393661499],[[667.4658203125,226.30523681640626,144.4320526123047,0.9666866660118103,0,-0.25596264004707339,0,1,0,0.25596264004707339,0,0.9666866660118103],8,1.4463410377502442],[[667.5103149414063,226.2438507080078,144.3094940185547,0.9651579856872559,0,-0.26166778802871706,0,1,0,0.26166778802871706,0,0.9651579856872559],8,1.4574098587036133],[[667.5836791992188,226.23158264160157,144.12440490722657,0.9622767567634583,0,-0.27207261323928835,0,1,0,0.27207261323928835,0,0.9622767567634583],8,1.4685618877410889],[[667.6348266601563,226.23558044433595,144.0017547607422,0.9600919485092163,0,-0.27968454360961916,0,1,0,0.27968454360961916,0,0.9600919485092163],8,1.4791324138641358],[[667.74267578125,226.2309112548828,143.76307678222657,0.9547984600067139,0,-0.2972538471221924,0,1,0,0.2972538471221924,0,0.9547984600067139],8,1.4913630485534669],[[667.8225708007813,226.19371032714845,143.5933380126953,0.9504925608634949,0,-0.3107472360134125,0,1,0,0.3107472360134125,0,0.9504925608634949],8,1.506201982498169],[[667.9022216796875,226.85281372070313,143.42506408691407,0.9460061192512512,0,-0.3241487145423889,0,1,0,0.3241487145423889,0,0.9460061192512512],3,1.521820068359375],[[668.022216796875,227.68846130371095,143.19117736816407,0.9394184350967407,0,-0.3427724838256836,0,1,0,0.3427724838256836,0,0.9394184350967407],5,1.5449492931365967],[[668.1456298828125,228.4696044921875,142.9548797607422,0.9329891800880432,0,-0.3599044680595398,0,1,0,0.3599044680595398,0,0.9329891800880432],5,1.5512120723724366],[[668.2073974609375,228.83973693847657,142.8367156982422,0.930015504360199,0,-0.3675202429294586,0,1,0,0.3675202429294586,0,0.930015504360199],5,1.5599780082702637],[[668.2691650390625,229.19625854492188,142.7185516357422,0.9272451996803284,0,-0.37445470690727236,0,1,0,0.37445470690727236,0,0.9272451996803284],5,1.568500280380249],[[668.3309326171875,229.5391387939453,142.6003875732422,0.9246423244476318,0,-0.38083669543266299,0,1,0,0.38083669543266299,0,0.9246423244476318],5,1.578315019607544],[[668.423583984375,230.02792358398438,142.4231414794922,0.9209883213043213,0,-0.38959020376205447,0,1,0,0.38959020376205447,0,0.9209883213043213],5,1.587460994720459],[[668.4544677734375,230.1840362548828,142.3640594482422,0.9198412895202637,0,-0.3922906517982483,0,1,0,0.3922906517982483,0,0.9198412895202637],5,1.5961124897003174],[[668.547119140625,230.63194274902345,142.1868133544922,0.9165971875190735,0,-0.3998119533061981,0,1,0,0.3998119533061981,0,0.9165971875190735],5,1.607008934020996],[[668.6090087890625,230.91351318359376,142.0687255859375,0.9145681262016296,0,-0.40443187952041628,0,1,0,0.40443187952041628,0,0.9145681262016296],5,1.616694688796997],[[668.70166015625,231.31031799316407,141.89149475097657,0.9117707014083862,0,-0.41069960594177248,0,1,0,0.41069960594177248,0,0.9117707014083862],5,1.627971887588501],[[668.7935180664063,231.67648315429688,141.71385192871095,0.9093660116195679,0,-0.4159969389438629,0,1,0,0.4159969389438629,0,0.9093660116195679],5,1.639488697052002],[[668.8535766601563,231.90354919433595,141.5948028564453,0.90812748670578,0,-0.41869375109672549,0,1,0,0.41869375109672549,0,0.90812748670578],5,1.6526460647583008],[[668.97119140625,232.3168182373047,141.35548400878907,0.906500518321991,0,-0.42220473289489748,0,1,0,0.42220473289489748,0,0.906500518321991],5,1.6644396781921387],[[669.0562744140625,232.59100341796876,141.1745147705078,0.9060953259468079,0,-0.42307353019714358,0,1,0,0.42307353019714358,0,0.9060953259468079],5,1.6753551959991456],[[669.11181640625,232.7567596435547,141.0532989501953,0.9061729907989502,0,-0.4229072630405426,0,1,0,0.4229072630405426,0,0.9061729907989502],5,1.6850097179412842],[[669.1932373046875,232.9798583984375,140.87060546875,0.9067688584327698,0,-0.42162802815437319,0,1,0,0.42162802815437319,0,0.9067688584327698],5,1.6973273754119874],[[669.2710571289063,233.17230224609376,140.6864013671875,0.9080685377120972,0,-0.41882166266441347,0,1,0,0.41882166266441347,0,0.9080685377120972],5,1.709498643875122],[[669.3217163085938,233.28355407714845,140.5630645751953,0.909191370010376,0,-0.4163784682750702,0,1,0,0.4163784682750702,0,0.909191370010376],5,1.72031831741333],[[669.5166625976563,233.59234619140626,140.06668090820313,0.9150643348693848,0,-0.40330785512924197,0,1,0,0.40330785512924197,0,0.9150643348693848],5,1.7517449855804444],[[669.5637817382813,233.63548278808595,139.9419708251953,0.916588544845581,0,-0.39983171224594118,0,1,0,0.39983171224594118,0,0.916588544845581],5,1.7721309661865235],[[669.6567993164063,233.68087768554688,139.6920623779297,0.9195528626441956,0,-0.3929663598537445,0,1,0,0.3929663598537445,0,0.9195528626441956],5,1.7828974723815919],[[669.7493286132813,233.67176818847657,139.44195556640626,0.9222404360771179,0,-0.3866167962551117,0,1,0,0.3866167962551117,0,0.9222404360771179],5,1.7914762496948243],[[669.7724609375,233.66098022460938,139.37942504882813,0.9228503108024597,0,-0.38515886664390566,0,1,0,0.38515886664390566,0,0.9228503108024597],5,1.7990367412567139],[[669.8187255859375,233.62918090820313,139.25436401367188,0.9239807724952698,0,-0.382438987493515,0,1,0,0.382438987493515,0,0.9239807724952698],5,1.8094656467437745],[[669.8877563476563,233.55593872070313,139.06666564941407,0.9255569577217102,0,-0.378608375787735,0,1,0,0.378608375787735,0,0.9255569577217102],5,1.817720651626587],[[669.93359375,233.4900665283203,138.94146728515626,0.9265435934066773,0,-0.37618744373321535,0,1,0,0.37618744373321535,0,0.9265435934066773],5,1.8269810676574708],[[670.0020141601563,233.36572265625,138.75352478027345,0.9279536008834839,0,-0.37269577383995058,0,1,0,0.37269577383995058,0,0.9279536008834839],5,1.8420510292053223],[[670.06982421875,233.21072387695313,138.56536865234376,0.929323136806488,0,-0.3692674934864044,0,1,0,0.3692674934864044,0,0.929323136806488],5,1.8573369979858399],[[670.1358642578125,233.0250701904297,138.37660217285157,0.9308282732963562,0,-0.36545684933662417,0,1,0,0.36545684933662417,0,0.9308282732963562],5,1.8653457164764405],[[670.2405395507813,232.64752197265626,138.06011962890626,0.934019923210144,0,-0.357220858335495,0,1,0,0.357220858335495,0,0.934019923210144],5,1.8834311962127686],[[670.27880859375,232.47265625,137.9324188232422,0.9356866478919983,0,-0.3528320789337158,0,1,0,0.3528320789337158,0,0.9356866478919983],5,1.893728256225586],[[670.3123168945313,232.42669677734376,137.81741333007813,0.9374656081199646,0,-0.3480778932571411,0,1,0,0.3480778932571411,0,0.9374656081199646],7,1.9046716690063477],[[670.3577880859375,232.41957092285157,137.64613342285157,0.9406271576881409,0,-0.3394414782524109,0,1,0,0.3394414782524109,0,0.9406271576881409],7,1.9137489795684815],[[670.385986328125,232.4192352294922,137.532958984375,0.9429009556770325,0,-0.3330731689929962,0,1,0,0.3330731689929962,0,0.9429009556770325],7,1.923828363418579],[[670.4130859375,232.419189453125,137.4175567626953,0.9452798962593079,0,-0.3262605667114258,0,1,0,0.3262605667114258,0,0.9452798962593079],7,1.9332478046417237],[[670.4495239257813,232.35079956054688,137.2390594482422,0.9493441581726074,0,-0.3142382502555847,0,1,0,0.3142382502555847,0,0.9493441581726074],8,1.9447135925292969],[[670.4859008789063,232.2443389892578,137.0550079345703,0.9532670974731445,0,-0.3021289110183716,0,1,0,0.3021289110183716,0,0.9532670974731445],8,1.9556248188018799],[[670.507568359375,232.15634155273438,136.9289093017578,0.9559725522994995,0,-0.2934560477733612,0,1,0,0.2934560477733612,0,0.9559725522994995],8,1.9666764736175538],[[670.5507202148438,231.876708984375,136.6064910888672,0.9635098576545715,0,-0.2676727771759033,0,1,0,0.2676727771759033,0,0.9635098576545715],8,1.9870936870574952],[[670.5717163085938,231.66806030273438,136.40899658203126,0.967897355556488,0,-0.25134575366973879,0,1,0,0.25134575366973879,0,0.967897355556488],8,1.9972143173217774],[[670.58251953125,231.51193237304688,136.27626037597657,0.970763087272644,0,-0.24003970623016358,0,1,0,0.24003970623016358,0,0.970763087272644],8,2.0114736557006838],[[670.5993041992188,231.4537811279297,136.01046752929688,0.9762463569641113,0,-0.21666337549686433,0,1,0,0.21666337549686433,0,0.9762463569641113],8,2.0259978771209719],[[670.6154174804688,232.326904296875,135.74465942382813,0.9811927080154419,0,-0.19303080439567567,0,1,0,0.19303080439567567,0,0.9811927080154419],3,2.0405142307281496],[[670.6175537109375,232.9485321044922,135.5447998046875,0.9846961498260498,0,-0.1742800921201706,0,1,0,0.1742800921201706,0,0.9846961498260498],5,2.0630369186401369],[[670.6087036132813,233.72967529296876,135.27830505371095,0.9891455769538879,0,-0.14693887531757356,0,1,0,0.14693887531757356,0,0.9891455769538879],5,2.070863962173462],[[670.5946655273438,234.27976989746095,135.07882690429688,0.9921383261680603,0,-0.12514616549015046,0,1,0,0.12514616549015046,0,0.9921383261680603],5,2.079597234725952],[[670.58251953125,234.6294708251953,134.946044921875,0.9938830733299255,0,-0.11043732613325119,0,1,0,0.11043732613325119,0,0.9938830733299255],5,2.0891246795654299],[[670.5680541992188,234.96554565429688,134.81350708007813,0.9954185485839844,0,-0.09561306238174439,0,1,0,0.09561306238174439,0,0.9954185485839844],5,2.1012754440307619],[[670.5426025390625,235.44410705566407,134.61514282226563,0.9973252415657044,0,-0.07309143990278244,0,1,0,0.07309143990278244,0,0.9973252415657044],5,2.1109774112701418],[[670.522216796875,235.74612426757813,134.48338317871095,0.9983318448066711,0,-0.057736679911613467,0,1,0,0.057736679911613467,0,0.9983318448066711],5,2.1207480430603029],[[670.48779296875,236.173583984375,134.28639221191407,0.9994081258773804,0,-0.03439970314502716,0,1,0,0.03439970314502716,0,0.9994081258773804],5,2.129875898361206],[[670.4503784179688,236.5703887939453,134.08993530273438,0.9999333620071411,0,-0.011542749591171742,0,1,0,0.011542749591171742,0,0.9999333620071411],5,2.142103910446167],[[670.4235229492188,236.81790161132813,133.95933532714845,0.9999946355819702,0,0.0032777455635368826,0,1,0,-0.0032777455635368826,0,0.9999946355819702],5,2.151447296142578],[[670.3931884765625,237.05178833007813,133.8295135498047,0.9998286366462708,0,0.018513239920139314,0,1,0,-0.018513239920139314,0,0.9998286366462708],5,2.161736011505127],[[670.34375,237.3770751953125,133.6357421875,0.99912428855896,0,0.04184124618768692,0,1,0,-0.04184124618768692,0,0.99912428855896],5,2.172544479370117],[[670.308837890625,237.57688903808595,133.507080078125,0.9983624815940857,0,0.05720436945557594,0,1,0,-0.05720436945557594,0,0.9983624815940857],5,2.182469606399536],[[670.2504272460938,237.85107421875,133.3157958984375,0.9967049360275269,0,0.08111286908388138,0,1,0,-0.08111286908388138,0,0.9967049360275269],5,2.1951546669006349],[[670.166748046875,238.16897583007813,133.06259155273438,0.99358069896698,0,0.11312568932771683,0,1,0,-0.11312568932771683,0,0.99358069896698],5,2.2121737003326418],[[670.0969848632813,238.3716278076172,132.87515258789063,0.990484893321991,0,0.13762149214744569,0,1,0,-0.13762149214744569,0,0.990484893321991],5,2.2231907844543459],[[670.0187377929688,238.5436248779297,132.69113159179688,0.9865095019340515,0,0.16370384395122529,0,1,0,-0.16370384395122529,0,0.9865095019340515],5,2.236217737197876],[[669.9349975585938,238.68496704101563,132.50950622558595,0.9817108511924744,0,0.19037790596485139,0,1,0,-0.19037790596485139,0,0.9817108511924744],5,2.2599494457244875],[[669.781005859375,238.8524169921875,132.21392822265626,0.971420168876648,0,0.23736655712127686,0,1,0,-0.23736655712127686,0,0.971420168876648],5,2.267591953277588],[[669.713623046875,238.8955535888672,132.09893798828126,0.9664798974990845,0,0.2567422091960907,0,1,0,-0.2567422091960907,0,0.9664798974990845],5,2.277247428894043],[[669.6434936523438,238.92506408691407,131.9855499267578,0.961141049861908,0,0.27605772018432619,0,1,0,-0.27605772018432619,0,0.961141049861908],5,2.2874605655670168],[[669.5718994140625,238.94094848632813,131.87306213378907,0.9555276036262512,0,0.29490160942077639,0,1,0,-0.29490160942077639,0,0.9555276036262512],5,2.296354055404663],[[669.4263916015625,238.9318389892578,131.64959716796876,0.943687915802002,0,0.33083704113960268,0,1,0,-0.33083704113960268,0,0.943687915802002],5,2.3103532791137697],[[669.3521728515625,238.9068603515625,131.53883361816407,0.9376218318939209,0,0.34765681624412539,0,1,0,-0.34765681624412539,0,0.9376218318939209],5,2.321882486343384],[[669.2392578125,238.8438262939453,131.37374877929688,0.9285107254981995,0,0.37130552530288699,0,1,0,-0.37130552530288699,0,0.9285107254981995],5,2.3317511081695558],[[669.1253662109375,238.75013732910157,131.20933532714845,0.9195228815078735,0,0.393036425113678,0,1,0,-0.393036425113678,0,0.9195228815078735],5,2.342186689376831],[[669.0484619140625,238.670654296875,131.1003875732422,0.9136213660240173,0,0.4065660834312439,0,1,0,-0.4065660834312439,0,0.9136213660240173],5,2.351867198944092],[[668.9322509765625,238.52586364746095,130.9375762939453,0.9049501419067383,0,0.42551758885383608,0,1,0,-0.42551758885383608,0,0.9049501419067383],5,2.36403489112854],[[668.854736328125,238.41232299804688,130.82911682128907,0.8994204998016357,0,0.437084436416626,0,1,0,-0.437084436416626,0,0.8994204998016357],5,2.375495672225952],[[668.660400390625,238.06883239746095,130.55825805664063,0.886285126209259,0,0.4631400406360626,0,1,0,-0.4631400406360626,0,0.886285126209259],5,2.3950791358947756],[[668.5826416015625,237.9075927734375,130.44992065429688,0.8814539909362793,0,0.4722699224948883,0,1,0,-0.4722699224948883,0,0.8814539909362793],5,2.403456211090088],[[668.4660034179688,237.6401824951172,130.28741455078126,0.8748391270637512,0,0.4844135344028473,0,1,0,-0.4844135344028473,0,0.8748391270637512],5,2.4129273891448976],[[668.3881225585938,237.44488525390626,130.17918395996095,0.870741069316864,0,0.4917418360710144,0,1,0,-0.4917418360710144,0,0.870741069316864],5,2.4234182834625246],[[668.2713012695313,237.12637329101563,130.01690673828126,0.8650144934654236,0,0.5017468333244324,0,1,0,-0.5017468333244324,0,0.8650144934654236],5,2.4405431747436525],[[668.0765991210938,236.5274200439453,129.74644470214845,0.8563352823257446,0,0.5164202451705933,0,1,0,-0.5164202451705933,0,0.8563352823257446],5,2.4620606899261476],[[667.9451904296875,236.4529571533203,129.56231689453126,0.8505345582962036,0,0.5259191989898682,0,1,0,-0.5259191989898682,0,0.8505345582962036],7,2.473525047302246],[[667.879150390625,236.45166015625,129.4630126953125,0.8488127589225769,0,0.5286935567855835,0,1,0,-0.5286935567855835,0,0.8488127589225769],7,2.480952262878418],[[667.81201171875,236.45147705078126,129.3602294921875,0.8477449417114258,0,0.5304040908813477,0,1,0,-0.5304040908813477,0,0.8477449417114258],7,2.4914441108703615],[[667.7139892578125,236.4514617919922,129.19517517089845,0.8482826948165894,0,0.5295436978340149,0,1,0,-0.5295436978340149,0,0.8482826948165894],7,2.503366470336914],[[667.6243896484375,236.38307189941407,129.01809692382813,0.8520926833152771,0,0.5233909487724304,0,1,0,-0.5233909487724304,0,0.8520926833152771],8,2.515123128890991],[[667.5423583984375,236.276611328125,128.8358917236328,0.8581942319869995,0,0.513325035572052,0,1,0,-0.513325035572052,0,0.8581942319869995],8,2.525634765625],[[667.4930419921875,236.18861389160157,128.71337890625,0.863243818283081,0,0.5047872066497803,0,1,0,-0.5047872066497803,0,0.863243818283081],8,2.5356497764587404],[[667.4384765625,236.0310516357422,128.5321044921875,0.8740821480751038,0,0.48577815294265749,0,1,0,-0.48577815294265749,0,0.8740821480751038],8,2.5463855266571047],[[667.3984375,235.8428497314453,128.36178588867188,0.886832594871521,0,0.4620908498764038,0,1,0,-0.4620908498764038,0,0.886832594871521],8,2.5582809448242189],[[667.3795776367188,235.70034790039063,128.25914001464845,0.895840048789978,0,0.4443766176700592,0,1,0,-0.4443766176700592,0,0.895840048789978],8,2.5723013877868654],[[667.3350219726563,236.78408813476563,128.00637817382813,0.9170928597450256,0,0.3986737132072449,0,1,0,-0.3986737132072449,0,0.9170928597450256],3,2.592935800552368],[[667.3142700195313,237.5924835205078,127.78411865234375,0.9373345375061035,0,0.3484307825565338,0,1,0,-0.3484307825565338,0,0.9373345375061035],5,2.620353937149048],[[667.3333129882813,238.52633666992188,127.47632598876953,0.9638863801956177,0,0.2663138210773468,0,1,0,-0.2663138210773468,0,0.9638863801956177],5,2.6275386810302736],[[667.373291015625,239.0457763671875,127.28605651855469,0.977540135383606,0,0.21074937283992768,0,1,0,-0.21074937283992768,0,0.977540135383606],5,2.638441801071167],[[667.4122924804688,239.3750457763672,127.1603012084961,0.9849311113357544,0,0.17294709384441377,0,1,0,-0.17294709384441377,0,0.9849311113357544],5,2.6475918292999269],[[667.4603881835938,239.690673828125,127.03653717041016,0.9908420443534851,0,0.13502627611160279,0,1,0,-0.13502627611160279,0,0.9908420443534851],5,2.657639741897583],[[667.5430908203125,240.13858032226563,126.85455322265625,0.9969468116760254,0,0.07808385044336319,0,1,0,-0.07808385044336319,0,0.9969468116760254],5,2.6721737384796144],[[667.6624145507813,240.68809509277345,126.61610412597656,0.999991238117218,0,0.004189264960587025,0,1,0,-0.004189264960587025,0,0.999991238117218],5,2.6838417053222658],[[667.7278442382813,240.94241333007813,126.49996948242188,0.9994928240776062,0,-0.03184397146105766,0,1,0,0.03184397146105766,0,0.9994928240776062],5,2.6945228576660158],[[667.9781494140625,241.72525024414063,126.1061782836914,0.9876257181167603,0,-0.15682916343212129,0,1,0,0.15682916343212129,0,0.9876257181167603],5,2.722795009613037],[[668.0513305664063,241.9182586669922,125.99471282958985,0.9821235537528992,0,-0.188237264752388,0,1,0,0.188237264752388,0,0.9821235537528992],5,2.7364258766174318],[[668.1641845703125,242.18222045898438,125.82962036132813,0.9730535745620728,0,-0.2305792272090912,0,1,0,0.2305792272090912,0,0.9730535745620728],5,2.7453725337982179],[[668.2777099609375,242.41554260253907,125.66494750976563,0.9633021950721741,0,-0.26841917634010317,0,1,0,0.26841917634010317,0,0.9633021950721741],5,2.7555558681488039],[[668.3533935546875,242.55404663085938,125.55517578125,0.9566861391067505,0,-0.29112130403518679,0,1,0,0.29112130403518679,0,0.9566861391067505],5,2.7651021480560304],[[668.4669189453125,242.73626708984376,125.39053344726563,0.9467756748199463,0,-0.3218940794467926,0,1,0,0.3218940794467926,0,0.9467756748199463],5,2.777820110321045],[[668.6182861328125,242.93153381347657,125.1710205078125,0.9337048530578613,0,-0.3580436408519745,0,1,0,0.3580436408519745,0,0.9337048530578613],5,2.804198980331421],[[668.8079833984375,243.09898376464845,124.89690399169922,0.9179836511611939,0,-0.39661815762519839,0,1,0,0.39661815762519839,0,0.9179836511611939],5,2.824918508529663],[[668.9571533203125,243.171630859375,124.67584991455078,0.9069914221763611,0,-0.4211491048336029,0,1,0,0.4211491048336029,0,0.9069914221763611],5,2.8321571350097658],[[669.0665283203125,243.1903533935547,124.50843048095703,0.9001626968383789,0,-0.43555378913879397,0,1,0,0.43555378913879397,0,0.9001626968383789],5,2.8417205810546877],[[669.1385498046875,243.185791015625,124.396240234375,0.8962609767913818,0,-0.44352707266807558,0,1,0,0.44352707266807558,0,0.8962609767913818],5,2.8512206077575685],[[669.2098388671875,243.16761779785157,124.2835464477539,0.8928447365760803,0,-0.4503646194934845,0,1,0,0.4503646194934845,0,0.8928447365760803],5,2.86163592338562],[[669.3154296875,243.11480712890626,124.11371612548828,0.8884583711624146,0,-0.45895716547966006,0,1,0,0.45895716547966006,0,0.8884583711624146],5,2.872917413711548],[[669.4188232421875,243.03134155273438,123.94254302978516,0.8850117921829224,0,-0.46556857228279116,0,1,0,0.46556857228279116,0,0.8850117921829224],5,2.883807420730591],[[669.5543823242188,242.8723602294922,123.71293640136719,0.8816035389900208,0,-0.4719907343387604,0,1,0,0.4719907343387604,0,0.8816035389900208],5,2.905024766921997],[[669.6519165039063,242.7173614501953,123.53834533691406,0.8803406953811646,0,-0.4743419289588928,0,1,0,0.4743419289588928,0,0.8803406953811646],5,2.9160666465759279],[[669.7470703125,242.53170776367188,123.36244201660156,0.8800013065338135,0,-0.4749712646007538,0,1,0,0.4749712646007538,0,0.8800013065338135],5,2.926445484161377],[[669.80810546875,242.3909149169922,123.24391174316406,0.8803878426551819,0,-0.4742543697357178,0,1,0,0.4742543697357178,0,0.8803878426551819],5,2.937559127807617],[[669.8966674804688,242.15415954589845,123.0645751953125,0.8818177580833435,0,-0.4715903103351593,0,1,0,0.4715903103351593,0,0.8818177580833435],5,2.9487130641937258],[[669.9823608398438,241.88674926757813,122.88385772705078,0.8839359283447266,0,-0.4676080048084259,0,1,0,0.4676080048084259,0,0.8839359283447266],5,2.96157169342041],[[670.0888671875,241.48251342773438,122.63945770263672,0.8882799744606018,0,-0.45930245518684389,0,1,0,0.45930245518684389,0,0.8882799744606018],5,2.9754393100738527],[[670.1653442382813,241.42218017578126,122.45468139648438,0.8921023011207581,0,-0.4518335163593292,0,1,0,0.4518335163593292,0,0.8921023011207581],7,2.9915075302124025],[[670.2567138671875,241.3152618408203,122.2044906616211,0.8988174796104431,0,-0.43832314014434817,0,1,0,0.43832314014434817,0,0.8988174796104431],7,3.006315231323242],[[670.296875,241.23910522460938,122.0785140991211,0.9028831720352173,0,-0.42988601326942446,0,1,0,0.42988601326942446,0,0.9028831720352173],7,3.0162343978881838],[[670.34619140625,241.0993194580078,121.88835144042969,0.9105058312416077,0,-0.4134962260723114,0,1,0,0.4134962260723114,0,0.9105058312416077],8,3.028780698776245],[[670.3883666992188,240.9288787841797,121.6998519897461,0.9187542796134949,0,-0.3948298394680023,0,1,0,0.3948298394680023,0,0.9187542796134949],8,3.0397017002105715],[[670.4201049804688,240.727783203125,121.51425170898438,0.9276900887489319,0,-0.37335115671157839,0,1,0,0.37335115671157839,0,0.9276900887489319],8,3.050985097885132],[[670.44482421875,240.49603271484376,121.33382415771485,0.9366440773010254,0,-0.35028260946273806,0,1,0,0.35028260946273806,0,0.9366440773010254],8,3.063709020614624],[[670.463623046875,240.23362731933595,121.16036987304688,0.9452126622200012,0,-0.3264552652835846,0,1,0,0.3264552652835846,0,0.9452126622200012],8,3.075540065765381],[[670.4815673828125,240.89273071289063,120.98795318603516,0.9532020688056946,0,-0.30233389139175417,0,1,0,0.30233389139175417,0,0.9532020688056946],3,3.091829538345337],[[670.4911499023438,241.72837829589845,120.