[[[776,222.69961547851563,47,1,0,0,0,1,0,0,0,1],8,0.005887508392333984],[[776,222.69961547851563,47,1,0,0,0,1,0,0,0,1],8,0.017657041549682618],[[776,222.69961547851563,47,1,0,0,0,1,0,0,0,1],8,0.04041290283203125],[[776,222.69961547851563,47,1,0,0,0,1,0,0,0,1],8,0.04878878593444824],[[776,222.69961547851563,47,1,0,0,0,1,0,0,0,1],8,0.05832314491271973],[[776,222.69961547851563,47,1,0,0,0,1,0,0,0,1],8,0.06909418106079102],[[776,222.69961547851563,47,1,0,0,0,1,0,0,0,1],8,0.07812261581420899],[[776,222.69961547851563,47,1,0,0,0,1,0,0,0,1],8,0.08792400360107422],[[776,222.69961547851563,47,1,0,0,0,1,0,0,0,1],8,0.0986475944519043],[[775.8990478515625,222.69961547851563,47.00365447998047,0.9949464797973633,0,0.10040659457445145,0,1,0,-0.10040659457445145,0,0.9949464797973633],8,0.11461424827575684],[[775.7083740234375,222.69961547851563,47.01055908203125,0.9706223607063294,0,0.24060815572738648,0,1,0,-0.24060815572738648,0,0.9706223607063294],8,0.13467717170715333],[[775.3757934570313,222.69961547851563,47.02259826660156,0.889513373374939,0,0.4569091498851776,0,1,0,-0.4569091498851776,0,0.889513373374939],8,0.14334988594055177],[[775.1758422851563,222.69961547851563,47.02983093261719,0.8272475600242615,0,0.5618375539779663,0,1,0,-0.5618375539779663,0,0.8272475600242615],8,0.15810871124267579],[[774.9092407226563,222.69961547851563,47.03947448730469,0.7396600842475891,0,0.6729806661605835,0,1,0,-0.6729806661605835,0,0.7396600842475891],8,0.1724684238433838],[[774.7092895507813,222.69961547851563,47.04670715332031,0.6740752458572388,0,0.7386626601219177,0,1,0,-0.7386626601219177,0,0.6740752458572388],8,0.1938486099243164],[[774.3760375976563,222.69961547851563,47.05620574951172,0.569677472114563,0,0.8218683004379273,0,1,0,-0.8218683004379273,0,0.569677472114563],8,0.21133923530578614],[[774.1760864257813,222.69961547851563,47.059715270996097,0.5126144886016846,0,0.8586188554763794,0,1,0,-0.8586188554763794,0,0.5126144886016846],8,0.21833205223083497],[[774.1094360351563,222.69961547851563,47.05994415283203,0.4952649772167206,0,0.8687419891357422,0,1,0,-0.8687419891357422,0,0.4952649772167206],8,0.22583389282226563],[[773.9094848632813,222.69961547851563,47.05716323852539,0.44780516624450686,0,0.8941311836242676,0,1,0,-0.8941311836242676,0,0.44780516624450686],8,0.23490166664123536],[[773.7761840820313,222.69961547851563,47.054805755615237,0.41894757747650149,0,0.9080104231834412,0,1,0,-0.9080104231834412,0,0.41894757747650149],8,0.24628329277038575],[[773.576416015625,222.69961547851563,47.0452766418457,0.38114258646965029,0,0.9245162606239319,0,1,0,-0.9245162606239319,0,0.38114258646965029],8,0.2560572624206543],[[773.4436645507813,222.69961547851563,47.0335807800293,0.3601283133029938,0,0.9329027533531189,0,1,0,-0.9329027533531189,0,0.3601283133029938],8,0.2653656005859375],[[773.311279296875,222.69961547851563,47.01808547973633,0.3425275981426239,0,0.939507782459259,0,1,0,-0.939507782459259,0,0.3425275981426239],8,0.27633094787597659],[[773.0474243164063,222.69961547851563,46.97962188720703,0.3144950568675995,0,0.9492591023445129,0,1,0,-0.9492591023445129,0,0.3144950568675995],8,0.2888619899749756],[[772.9163208007813,222.69961547851563,46.95542526245117,0.30410251021385195,0,0.9526393413543701,0,1,0,-0.9526393413543701,0,0.30410251021385195],8,0.2980320453643799],[[772.720703125,222.69961547851563,46.91398239135742,0.2929171621799469,0,0.9561378359794617,0,1,0,-0.9561378359794617,0,0.2929171621799469],8,0.3106851577758789],[[772.5908203125,222.69961547851563,46.883907318115237,0.287555068731308,0,0.9577640891075134,0,1,0,-0.9577640891075134,0,0.287555068731308],8,0.3220200538635254],[[772.3975830078125,222.69961547851563,46.83265686035156,0.2831890881061554,0,0.9590640664100647,0,1,0,-0.9590640664100647,0,0.2831890881061554],8,0.3319876194000244],[[772.2051391601563,222.69961547851563,46.77824401855469,0.28135690093040469,0,0.9596031904220581,0,1,0,-0.9596031904220581,0,0.28135690093040469],8,0.3457202911376953],[[772.0138549804688,222.69961547851563,46.719810485839847,0.28178849816322329,0,0.9594765305519104,0,1,0,-0.9594765305519104,0,0.28178849816322329],8,0.35718727111816409],[[771.7598876953125,222.69961547851563,46.6385383605957,0.28444889187812807,0,0.9586911797523499,0,1,0,-0.9586911797523499,0,0.28444889187812807],8,0.3752593994140625],[[771.6338500976563,222.69961547851563,46.595069885253909,0.2869047522544861,0,0.9579591155052185,0,1,0,-0.9579591155052185,0,0.2869047522544861],8,0.38521385192871096],[[771.445556640625,222.69961547851563,46.52756881713867,0.2917141020298004,0,0.956505537033081,0,1,0,-0.956505537033081,0,0.2917141020298004],8,0.39518070220947268],[[771.3203735351563,222.69961547851563,46.48167419433594,0.29522815346717837,0,0.955426812171936,0,1,0,-0.955426812171936,0,0.29522815346717837],8,0.4046595096588135],[[771.1331176757813,222.69961547851563,46.41144561767578,0.3008379638195038,0,0.9536752700805664,0,1,0,-0.9536752700805664,0,0.3008379638195038],8,0.4157557487487793],[[771.0088500976563,222.69961547851563,46.363155364990237,0.3049364984035492,0,0.952372670173645,0,1,0,-0.952372670173645,0,0.3049364984035492],8,0.42647671699523928],[[770.7605590820313,223.56251525878907,46.26615524291992,0.31325170397758486,0,0.949670135974884,0,1,0,-0.949670135974884,0,0.31325170397758486],3,0.44323205947875979],[[770.5762329101563,224.17391967773438,46.18864822387695,0.3206440508365631,0,0.9471997618675232,0,1,0,-0.9471997618675232,0,0.3206440508365631],5,0.46262073516845705],[[770.332275390625,224.94143676757813,46.08096694946289,0.33178481459617617,0,0.9433550834655762,0,1,0,-0.9433550834655762,0,0.33178481459617617],5,0.4705381393432617],[[770.212158203125,225.3047637939453,46.023101806640628,0.3385176658630371,0,0.9409600496292114,0,1,0,-0.9409600496292114,0,0.3385176658630371],5,0.4795558452606201],[[770.0931396484375,225.6544647216797,45.9630241394043,0.34600046277046206,0,0.9382343292236328,0,1,0,-0.9382343292236328,0,0.34600046277046206],5,0.48900723457336428],[[769.915771484375,226.15347290039063,45.87064743041992,0.3578212857246399,0,0.9337900876998901,0,1,0,-0.9337900876998901,0,0.3578212857246399],5,0.4984414577484131],[[769.7979736328125,226.46910095214845,45.80817794799805,0.36561957001686098,0,0.930764377117157,0,1,0,-0.930764377117157,0,0.36561957001686098],5,0.5084633827209473],[[769.6805419921875,226.7711181640625,45.745052337646487,0.373211532831192,0,0.9277462959289551,0,1,0,-0.9277462959289551,0,0.373211532831192],5,0.5172288417816162],[[769.5045776367188,227.19857788085938,45.650108337402347,0.38394132256507876,0,0.9233574867248535,0,1,0,-0.9233574867248535,0,0.38394132256507876],5,0.5277597904205322],[[769.3872680664063,227.46652221679688,45.5867919921875,0.39051511883735659,0,0.9205964803695679,0,1,0,-0.9205964803695679,0,0.39051511883735659],5,0.5371077060699463],[[769.2699584960938,227.72084045410157,45.523475646972659,0.3965824544429779,0,0.9179990887641907,0,1,0,-0.9179990887641907,0,0.3965824544429779],5,0.5465097427368164],[[769.093994140625,228.0767822265625,45.42850112915039,0.4049150049686432,0,0.9143543243408203,0,1,0,-0.9143543243408203,0,0.4049150049686432],5,0.5594418048858643],[[768.918212890625,228.40206909179688,45.33302688598633,0.41260606050491335,0,0.9109095931053162,0,1,0,-0.9109095931053162,0,0.41260606050491335],5,0.5706422328948975],[[768.8011474609375,228.6018829345703,45.26914978027344,0.41736793518066409,0,0.9087375998497009,0,1,0,-0.9087375998497009,0,0.41736793518066409],5,0.5796060562133789],[[768.6255493164063,228.87606811523438,45.17325973510742,0.4239444136619568,0,0.9056882262229919,0,1,0,-0.9056882262229919,0,0.4239444136619568],5,0.5899510383605957],[[768.5084838867188,229.0418243408203,45.10932540893555,0.42794501781463625,0,0.9038047790527344,0,1,0,-0.9038047790527344,0,0.42794501781463625],5,0.5998468399047852],[[768.3330688476563,229.26492309570313,45.013179779052737,0.4335131049156189,0,0.9011472463607788,0,1,0,-0.9011472463607788,0,0.4335131049156189],5,0.6106369495391846],[[768.2161254882813,229.39662170410157,44.94904708862305,0.43692076206207278,0,0.8995000123977661,0,1,0,-0.8995000123977661,0,0.43692076206207278],5,0.6217446327209473],[[768.0407104492188,229.56861877441407,44.852848052978519,0.4415890872478485,0,0.8972173929214478,0,1,0,-0.8972173929214478,0,0.4415890872478485],5,0.6335065364837647],[[767.865478515625,229.7099609375,44.75639343261719,0.4458844065666199,0,0.8950905799865723,0,1,0,-0.8950905799865723,0,0.4458844065666199],5,0.6440646648406982],[[767.748779296875,229.7871551513672,44.6919059753418,0.44856569170951846,0,0.8937498331069946,0,1,0,-0.8937498331069946,0,0.44856569170951846],5,0.6551642417907715],[[767.5739135742188,229.87741088867188,44.594852447509769,0.45239153504371645,0,0.891819417476654,0,1,0,-0.891819417476654,0,0.45239153504371645],5,0.6657459735870361],[[767.45751953125,229.92054748535157,44.529808044433597,0.4548684358596802,0,0.890558660030365,0,1,0,-0.890558660030365,0,0.4548684358596802],5,0.6762096881866455],[[767.22509765625,229.9659423828125,44.399166107177737,0.45967209339141848,0,0.8880887031555176,0,1,0,-0.8880887031555176,0,0.45967209339141848],5,0.6919558048248291],[[767.0513305664063,229.96421813964845,44.30014419555664,0.4633190333843231,0,0.8861915469169617,0,1,0,-0.8861915469169617,0,0.4633190333843231],5,0.7098195552825928],[[766.762939453125,229.8932342529297,44.132957458496097,0.4697592854499817,0,0.8827945590019226,0,1,0,-0.8827945590019226,0,0.4697592854499817],5,0.7222211360931397],[[766.590576171875,229.8097686767578,44.03152084350586,0.47366082668304446,0,0.880707323551178,0,1,0,-0.880707323551178,0,0.47366082668304446],5,0.7350363731384277],[[766.4182739257813,229.69564819335938,43.92986297607422,0.47730767726898196,0,0.8787362575531006,0,1,0,-0.8787362575531006,0,0.47730767726898196],5,0.7475929260253906],[[766.2459716796875,229.5508575439453,43.82819366455078,0.4806022644042969,0,0.8769387006759644,0,1,0,-0.8769387006759644,0,0.4806022644042969],5,0.7593629360198975],[[766.1885375976563,229.49578857421876,43.79430389404297,0.4816153943538666,0,0.8763827085494995,0,1,0,-0.8763827085494995,0,0.4816153943538666],5,0.7672832012176514],[[766.0736694335938,229.37542724609376,43.726524353027347,0.48351648449897768,0,0.8753352761268616,0,1,0,-0.8753352761268616,0,0.48351648449897768],5,0.7766237258911133],[[765.9588012695313,229.24143981933595,43.65874481201172,0.48527756333351138,0,0.8743601441383362,0,1,0,-0.8743601441383362,0,0.48527756333351138],5,0.7845993041992188],[[765.8439331054688,229.0938262939453,43.590965270996097,0.48691147565841677,0,0.8734513521194458,0,1,0,-0.8734513521194458,0,0.48691147565841677],5,0.7938542366027832],[[765.671630859375,228.84686279296876,43.489295959472659,0.4891636073589325,0,0.8721920251846314,0,1,0,-0.8721920251846314,0,0.4891636073589325],5,0.8029067516326904],[[765.5567626953125,228.66517639160157,43.42151641845703,0.49053406715393069,0,0.8714219927787781,0,1,0,-0.8714219927787781,0,0.49053406715393069],5,0.8126785755157471],[[765.3844604492188,228.3671112060547,43.319847106933597,0.49240973591804507,0,0.8703635334968567,0,1,0,-0.8703635334968567,0,0.49240973591804507],5,0.8240146636962891],[[765.212158203125,228.03839111328126,43.218177795410159,0.49409687519073489,0,0.8694068789482117,0,1,0,-0.8694068789482117,0,0.49409687519073489],5,0.8351562023162842],[[765.0972900390625,227.80221557617188,43.150550842285159,0.49506184458732607,0,0.868857741355896,0,1,0,-0.868857741355896,0,0.49506184458732607],5,0.8455097675323486],[[764.9246215820313,227.4224090576172,43.04966354370117,0.4961354434490204,0,0.8682451248168945,0,1,0,-0.8682451248168945,0,0.4961354434490204],5,0.8579814434051514],[[764.6354370117188,226.72125244140626,42.88393783569336,0.49657681584358218,0,0.8679927587509155,0,1,0,-0.8679927587509155,0,0.49657681584358218],5,0.8768172264099121],[[764.5191650390625,226.4169464111328,42.81867218017578,0.4962627589702606,0,0.8681724071502686,0,1,0,-0.8681724071502686,0,0.4962627589702606],5,0.8865458965301514],[[764.4024047851563,226.09902954101563,42.75428009033203,0.4955352544784546,0,0.868587851524353,0,1,0,-0.868587851524353,0,0.4955352544784546],5,0.8960514068603516],[[764.2847290039063,225.76747131347657,42.69163131713867,0.4941015839576721,0,0.8694041967391968,0,1,0,-0.8694041967391968,0,0.4941015839576721],5,0.9056627750396729],[[764.1068725585938,225.24459838867188,42.60017776489258,0.49078264832496645,0,0.8712820410728455,0,1,0,-0.8712820410728455,0,0.49078264832496645],5,0.9163143634796143],[[763.9876098632813,224.8789825439453,42.54059982299805,0.4880159795284271,0,0.8728346824645996,0,1,0,-0.8728346824645996,0,0.4880159795284271],5,0.9262869358062744],[[763.8073120117188,224.3050079345703,42.45405960083008,0.4828217029571533,0,0.8757186532020569,0,1,0,-0.8757186532020569,0,0.4828217029571533],5,0.9362690448760986],[[763.6854858398438,223.90533447265626,42.40004348754883,0.4781072437763214,0,0.8783014416694641,0,1,0,-0.8783014416694641,0,0.4781072437763214],5,0.9466969966888428],[[763.5007934570313,223.2802734375,42.32347106933594,0.4692414402961731,0,0.8830699324607849,0,1,0,-0.8830699324607849,0,0.4692414402961731],7,0.95851731300354],[[763.3766479492188,222.84654235839845,42.27471923828125,0.46258991956710818,0,0.8865723609924316,0,1,0,-0.8865723609924316,0,0.46258991956710818],7,0.9678282737731934],[[763.1881103515625,222.65834045410157,42.20804977416992,0.45051199197769167,0,0.8927703499794006,0,1,0,-0.8927703499794006,0,0.45051199197769167],7,0.9790811538696289],[[762.9981689453125,222.6931610107422,42.14540100097656,0.4372168183326721,0,0.8993561267852783,0,1,0,-0.8993561267852783,0,0.4372168183326721],7,0.9919209480285645],[[762.8072509765625,222.75387573242188,42.085845947265628,0.4234867990016937,0,0.9059022665023804,0,1,0,-0.9059022665023804,0,0.4234867990016937],8,1.003274917602539],[[762.6148681640625,222.80206298828126,42.031211853027347,0.40884968638420107,0,0.9126017093658447,0,1,0,-0.9126017093658447,0,0.40884968638420107],8,1.0141181945800782],[[762.4860229492188,222.82553100585938,41.996768951416019,0.3988725543022156,0,0.9170063734054565,0,1,0,-0.9170063734054565,0,0.3988725543022156],8,1.0249881744384766],[[762.29150390625,222.85040283203126,41.9501953125,0.3828171491622925,0,0.9238241314888,0,1,0,-0.9238241314888,0,0.3828171491622925],8,1.035386085510254],[[762.1613159179688,222.86184692382813,41.921180725097659,0.3718635141849518,0,0.9282873868942261,0,1,0,-0.9282873868942261,0,0.3718635141849518],8,1.0463602542877198],[[761.9654541015625,222.8737030029297,41.88085174560547,0.3551100790500641,0,0.9348244667053223,0,1,0,-0.9348244667053223,0,0.3551100790500641],8,1.0580370426177979],[[761.7685546875,222.88125610351563,41.84588623046875,0.3374428451061249,0,0.9413460493087769,0,1,0,-0.9413460493087769,0,0.3374428451061249],8,1.0702581405639649],[[761.5051879882813,222.88722229003907,41.803863525390628,0.31363269686698916,0,0.949544370174408,0,1,0,-0.949544370174408,0,0.31363269686698916],8,1.0860519409179688],[[761.3731689453125,222.88909912109376,41.78536605834961,0.3017755448818207,0,0.9533789753913879,0,1,0,-0.9533789753913879,0,0.3017755448818207],8,1.0962309837341309],[[761.174560546875,222.8910369873047,41.76176071166992,0.28358545899391177,0,0.958946943283081,0,1,0,-0.958946943283081,0,0.28358545899391177],8,1.1058051586151124],[[761.0419921875,222.89190673828126,41.747406005859378,0.27165132761001589,0,0.9623957276344299,0,1,0,-0.9623957276344299,0,0.27165132761001589],8,1.1162340641021729],[[760.8429565429688,222.89280700683595,41.72745895385742,0.25429657101631167,0,0.9671263098716736,0,1,0,-0.9671263098716736,0,0.25429657101631167],8,1.126795768737793],[[760.6439208984375,222.8731231689453,41.70780944824219,0.23710811138153077,0,0.9714832901954651,0,1,0,-0.9714832901954651,0,0.23710811138153077],8,1.1388189792633057],[[760.5110473632813,222.8678436279297,41.69678497314453,0.22615422308444978,0,0.9740915298461914,0,1,0,-0.9740915298461914,0,0.22615422308444978],8,1.1490507125854493],[[760.3115844726563,222.8726806640625,41.68234634399414,0.21042484045028687,0,0.9776100516319275,0,1,0,-0.9776100516319275,0,0.21042484045028687],8,1.1599013805389405],[[760.1785278320313,222.87728881835938,41.67433166503906,0.20015665888786317,0,0.979763925075531,0,1,0,-0.979763925075531,0,0.20015665888786317],8,1.1698634624481202],[[759.978759765625,222.883056640625,41.6638298034668,0.18516814708709718,0,0.9827068448066711,0,1,0,-0.9827068448066711,0,0.18516814708709718],8,1.180729627609253],[[759.8455810546875,222.8859100341797,41.65751647949219,0.17562849819660188,0,0.9844565391540527,0,1,0,-0.9844565391540527,0,0.17562849819660188],8,1.191706657409668],[[759.6458129882813,222.88894653320313,41.64944076538086,0.1618301421403885,0,0.9868186116218567,0,1,0,-0.9868186116218567,0,0.1618301421403885],8,1.2020609378814698],[[759.4458618164063,222.8909149169922,41.64220428466797,0.148844912648201,0,0.988860547542572,0,1,0,-0.988860547542572,0,0.148844912648201],8,1.214263916015625],[[759.2459106445313,222.8921661376953,41.635677337646487,0.13678275048732758,0,0.9906010627746582,0,1,0,-0.9906010627746582,0,0.13678275048732758],8,1.2276225090026856],[[759.1126098632813,222.89273071289063,41.632102966308597,0.12913858890533448,0,0.9916265606880188,0,1,0,-0.9916265606880188,0,0.12913858890533448],8,1.238039255142212],[[758.9126586914063,222.89332580566407,41.62763977050781,0.11817190051078797,0,0.992993175983429,0,1,0,-0.992993175983429,0,0.11817190051078797],8,1.2488350868225098],[[758.7793579101563,222.89358520507813,41.62546157836914,0.11112462729215622,0,0.9938064813613892,0,1,0,-0.9938064813613892,0,0.11112462729215622],8,1.2586719989776612],[[758.5127563476563,222.8939208984375,41.622352600097659,0.0975993424654007,0,0.9952257871627808,0,1,0,-0.9952257871627808,0,0.0975993424654007],8,1.2735908031463624],[[758.3128051757813,222.89407348632813,41.62043380737305,0.08832646161317826,0,0.9960916042327881,0,1,0,-0.9960916042327881,0,0.08832646161317826],8,1.2874531745910645],[[758.1128540039063,222.89418029785157,41.618865966796878,0.0798906534910202,0,0.9968036413192749,0,1,0,-0.9968036413192749,0,0.0798906534910202],8,1.2999391555786133],[[757.8462524414063,223.757080078125,41.61683654785156,0.0688743144273758,0,0.9976253509521484,0,1,0,-0.9976253509521484,0,0.0688743144273758],3,1.316627025604248],[[757.6463012695313,224.3684844970703,41.615333557128909,0.061948012560606,0,0.9980793595314026,0,1,0,-0.9980793595314026,0,0.061948012560606],5,1.335756778717041],[[757.3796997070313,225.13600158691407,41.61333465576172,0.05423763766884804,0,0.9985280632972717,0,1,0,-0.9985280632972717,0,0.05423763766884804],5,1.3436188697814942],[[757.3130493164063,225.31936645507813,41.61283493041992,0.05250668525695801,0,0.9986205697059631,0,1,0,-0.9986205697059631,0,0.05250668525695801],5,1.3516128063201905],[[757.1797485351563,225.67588806152345,41.61183547973633,0.0492948479950428,0,0.9987842440605164,0,1,0,-0.9987842440605164,0,0.0492948479950428],5,1.3603475093841553],[[756.9131469726563,226.34803771972657,41.60983657836914,0.04349721595644951,0,0.9990535378456116,0,1,0,-0.9990535378456116,0,0.04349721595644951],5,1.375899314880371],[[756.7798461914063,226.66366577148438,41.60883712768555,0.04090118035674095,0,0.9991632103919983,0,1,0,-0.9991632103919983,0,0.04090118035674095],5,1.3845722675323487],[[756.5798950195313,227.111572265625,41.607337951660159,0.03738461434841156,0,0.9993009567260742,0,1,0,-0.9993009567260742,0,0.03738461434841156],5,1.3938109874725342],[[756.5132446289063,227.25405883789063,41.60683822631836,0.0363023579120636,0,0.999340832233429,0,1,0,-0.999340832233429,0,0.0363023579120636],5,1.4011459350585938],[[756.3132934570313,227.6610870361328,41.60533905029297,0.03328610584139824,0,0.9994458556175232,0,1,0,-0.9994458556175232,0,0.03328610584139824],5,1.410609245300293],[[756.1799926757813,227.9154052734375,41.604339599609378,0.03145268186926842,0,0.9995052218437195,0,1,0,-0.9995052218437195,0,0.03145268186926842],5,1.4196667671203614],[[756.0466918945313,228.15611267089845,41.60334014892578,0.02976101264357567,0,0.9995570182800293,0,1,0,-0.9995570182800293,0,0.02976101264357567],5,1.4335036277770997],[[755.7800903320313,228.5966339111328,41.60173797607422,0.02652004547417164,0,0.9996482729911804,0,1,0,-0.9996482729911804,0,0.02652004547417164],5,1.4539475440979005],[[755.5134887695313,228.98265075683595,41.6005973815918,0.023452939465641977,0,0.9997249245643616,0,1,0,-0.9997249245643616,0,0.023452939465641977],5,1.462768793106079],[[755.3801879882813,229.15521240234376,41.600406646728519,0.021931525319814683,0,0.9997594952583313,0,1,0,-0.9997594952583313,0,0.021931525319814683],5,1.4719769954681397],[[755.1802368164063,229.38853454589845,41.60057067871094,0.019627239555120469,0,0.9998073577880859,0,1,0,-0.9998073577880859,0,0.019627239555120469],5,1.482682704925537],[[755.0469360351563,229.52703857421876,41.60090637207031,0.018105236813426019,0,0.9998360872268677,0,1,0,-0.9998360872268677,0,0.018105236813426019],5,1.493544340133667],[[754.8469848632813,229.70925903320313,41.60177993774414,0.015824709087610246,0,0.9998747706413269,0,1,0,-0.9998747706413269,0,0.015824709087610246],5,1.5036516189575196],[[754.6470336914063,229.86082458496095,41.60328674316406,0.013466565869748593,0,0.9999093413352966,0,1,0,-0.9999093413352966,0,0.013466565869748593],5,1.5141792297363282],[[754.5137329101563,229.94482421875,41.6047248840332,0.011830703355371952,0,0.9999300241470337,0,1,0,-0.9999300241470337,0,0.011830703355371952],5,1.5231926441192628],[[754.3804321289063,230.0152130126953,41.6064453125,0.010162868537008763,0,0.9999483823776245,0,1,0,-0.9999483823776245,0,0.010162868537008763],5,1.5341901779174805],[[754.2471313476563,230.0719757080078,41.608402252197269,0.008480400778353215,0,0.9999640583992004,0,1,0,-0.9999640583992004,0,0.008480400778353215],5,1.5437490940093995],[[754.0471801757813,230.13157653808595,41.61143493652344,0.006052721291780472,0,0.999981701374054,0,1,0,-0.999981701374054,0,0.006052721291780472],5,1.5533361434936524],[[753.8472290039063,230.16050720214845,41.614479064941409,0.003824531566351652,0,0.9999926686286926,0,1,0,-0.9999926686286926,0,0.003824531566351652],5,1.5654323101043702],[[753.7139282226563,230.1627655029297,41.61650848388672,0.0024705915711820127,0,0.9999969601631165,0,1,0,-0.9999969601631165,0,0.0024705915711820127],5,1.5754618644714356],[[753.5139770507813,230.14060974121095,41.61955261230469,0.000617084326222539,0,0.9999998211860657,0,1,0,-0.9999998211860657,0,0.000617084326222539],5,1.5906171798706055],[[753.2473754882813,230.06338500976563,41.62400817871094,-0.0017487582517787815,0,0.9999984502792358,0,1,0,-0.9999984502792358,0,-0.0017487582517787815],5,1.6098260879516602],[[753.0474243164063,229.96969604492188,41.62796401977539,-0.0035787716042250396,0,0.999993622303009,0,1,0,-0.999993622303009,0,-0.0035787716042250396],5,1.6184606552124024],[[752.8474731445313,229.84535217285157,41.632328033447269,-0.005435366183519363,0,0.9999852180480957,0,1,0,-0.9999852180480957,0,-0.005435366183519363],5,1.6272070407867432],[[752.7141723632813,229.74542236328126,41.63545608520508,-0.006671526003628969,0,0.9999777674674988,0,1,0,-0.9999777674674988,0,-0.006671526003628969],5,1.6372849941253663],[[752.5808715820313,229.6318817138672,41.63881301879883,-0.007924267090857029,0,0.9999685883522034,0,1,0,-0.9999685883522034,0,-0.007924267090857029],5,1.6471788883209229],[[752.3809204101563,229.43600463867188,41.6447868347168,-0.010069023817777634,0,0.9999492764472961,0,1,0,-0.9999492764472961,0,-0.010069023817777634],5,1.6559505462646485],[[752.2476196289063,229.28839111328126,41.648902893066409,-0.011499977670609951,0,0.9999338984489441,0,1,0,-0.9999338984489441,0,-0.011499977670609951],5,1.6648893356323243],[[752.1143188476563,229.1271514892578,41.65302276611328,-0.012852743268013,0,0.9999173879623413,0,1,0,-0.9999173879623413,0,-0.012852743268013],5,1.6762878894805909],[[751.9143676757813,228.8597412109375,41.65921401977539,-0.014734330587089062,0,0.999891459941864,0,1,0,-0.999891459941864,0,-0.014734330587089062],5,1.6872155666351319],[[751.7810668945313,228.66444396972657,41.66351318359375,-0.015946386381983758,0,0.9998728632926941,0,1,0,-0.9998728632926941,0,-0.015946386381983758],5,1.6968755722045899],[[751.5811157226563,228.34593200683595,41.67003631591797,-0.01767086051404476,0,0.9998438358306885,0,1,0,-0.9998438358306885,0,-0.01767086051404476],5,1.7063498497009278],[[751.4478149414063,228.1165771484375,41.67439270019531,-0.018732428550720216,0,0.9998245239257813,0,1,0,-0.9998245239257813,0,-0.018732428550720216],5,1.7160670757293702],[[751.3145141601563,227.8735809326172,41.678749084472659,-0.019715286791324617,0,0.9998056292533875,0,1,0,-0.9998056292533875,0,-0.019715286791324617],5,1.7266695499420167],[[751.0479125976563,227.3467254638672,41.68785858154297,-0.021668529137969018,0,0.9997652173042297,0,1,0,-0.9997652173042297,0,-0.021668529137969018],5,1.7385902404785157],[[750.9146118164063,227.0628662109375,41.69261932373047,-0.022640597075223924,0,0.999743640422821,0,1,0,-0.999743640422821,0,-0.022640597075223924],5,1.7509996891021729],[[750.7147827148438,226.61151123046876,41.700130462646487,-0.02414083480834961,0,0.9997085928916931,0,1,0,-0.9997085928916931,0,-0.02414083480834961],5,1.7629857063293458],[[750.5150146484375,226.1295166015625,41.70799255371094,-0.02567768469452858,0,0.9996702671051025,0,1,0,-0.9996702671051025,0,-0.02567768469452858],5,1.7738828659057618],[[750.3818359375,225.79115295410157,41.71345138549805,-0.02671699784696102,0,0.9996430277824402,0,1,0,-0.9996430277824402,0,-0.02671699784696102],5,1.7845208644866944],[[750.1820678710938,225.258056640625,41.722572326660159,-0.028548257425427438,0,0.9995924234390259,0,1,0,-0.9995924234390259,0,-0.028548257425427438],5,1.7958314418792725],[[749.9822998046875,224.69430541992188,41.732173919677737,-0.030502798035740854,0,0.9995346665382385,0,1,0,-0.9995346665382385,0,-0.030502798035740854],5,1.8064601421356202],[[749.7825317382813,224.0998992919922,41.742130279541019,-0.03246717527508736,0,0.9994727969169617,0,1,0,-0.9994727969169617,0,-0.03246717527508736],5,1.8222784996032715],[[749.5161743164063,223.25967407226563,41.7554931640625,-0.03490301966667175,0,0.999390721321106,0,1,0,-0.999390721321106,0,-0.03490301966667175],5,1.837151288986206],[[749.31640625,222.7028045654297,41.76580047607422,-0.03663403168320656,0,0.9993287324905396,0,1,0,-0.9993287324905396,0,-0.03663403168320656],7,1.8511524200439454],[[749.050048828125,222.6546630859375,41.77962875366211,-0.03874428942799568,0,0.9992491602897644,0,1,0,-0.9992491602897644,0,-0.03874428942799568],7,1.8662219047546387],[[748.78369140625,222.742431640625,41.7934684753418,-0.04059041664004326,0,0.9991758465766907,0,1,0,-0.9991758465766907,0,-0.04059041664004326],7,1.883298397064209],[[748.6505126953125,222.77928161621095,41.800559997558597,-0.04147008806467056,0,0.9991397261619568,0,1,0,-0.9991397261619568,0,-0.04147008806467056],8,1.8932929039001465],[[748.4507446289063,222.82008361816407,41.81155776977539,-0.04283135384321213,0,0.9990823268890381,0,1,0,-0.9990823268890381,0,-0.04283135384321213],8,1.9015798568725587],[[748.3175659179688,222.83924865722657,41.81893539428711,-0.04370390623807907,0,0.9990445375442505,0,1,0,-0.9990445375442505,0,-0.04370390623807907],8,1.9109954833984376],[[748.1844482421875,222.85357666015626,41.82648849487305,-0.04458308964967728,0,0.9990056753158569,0,1,0,-0.9990056753158569,0,-0.04458308964967728],8,1.9204838275909424],[[747.98486328125,222.86846923828126,41.83789825439453,-0.04586215317249298,0,0.99894779920578,0,1,0,-0.99894779920578,0,-0.04586215317249298],8,1.9309744834899903],[[747.851806640625,222.875244140625,41.84568405151367,-0.04671794921159744,0,0.9989081025123596,0,1,0,-0.9989081025123596,0,-0.04671794921159744],8,1.940051794052124],[[747.71875,222.8712921142578,41.85352325439453,-0.04758027195930481,0,0.998867392539978,0,1,0,-0.998867392539978,0,-0.04758027195930481],8,1.9497623443603516],[[747.5191650390625,222.8397979736328,41.86528778076172,-0.048877354711294177,0,0.9988048076629639,0,1,0,-0.9988048076629639,0,-0.048877354711294177],8,1.9602253437042237],[[747.3861083984375,222.80178833007813,41.873130798339847,-0.04974273219704628,0,0.9987620711326599,0,1,0,-0.9987620711326599,0,-0.04974273219704628],8,1.9705698490142823],[[747.1865234375,222.71920776367188,41.88489532470703,-0.051040977239608768,0,0.9986965656280518,0,1,0,-0.9986965656280518,0,-0.051040977239608768],8,1.982299566268921],[[746.9869384765625,223.37831115722657,41.89665985107422,-0.052338626235723498,0,0.9986293911933899,0,1,0,-0.9986293911933899,0,-0.052338626235723498],3,1.9978663921356202],[[746.787353515625,224.01016235351563,41.90899658203125,-0.053449518978595737,0,0.9985705614089966,0,1,0,-0.9985705614089966,0,-0.053449518978595737],5,2.0162901878356935],[[746.521240234375,224.804931640625,41.92560958862305,-0.05470436066389084,0,0.9985026121139526,0,1,0,-0.9985026121139526,0,-0.05470436066389084],5,2.0235328674316408],[[746.38818359375,225.18186950683595,41.93391799926758,-0.05525772273540497,0,0.9984721541404724,0,1,0,-0.9984721541404724,0,-0.05525772273540497],5,2.030918836593628],[[746.255126953125,225.54519653320313,41.94222640991211,-0.055761754512786868,0,0.9984440803527832,0,1,0,-0.9984440803527832,0,-0.055761754512786868],5,2.042449951171875],[[746.1220703125,225.8948974609375,41.95053482055664,-0.056226443499326709,0,0.9984180331230164,0,1,0,-0.9984180331230164,0,-0.056226443499326709],5,2.051116943359375],[[745.9224853515625,226.39390563964845,41.96299743652344,-0.0568656288087368,0,0.9983818531036377,0,1,0,-0.9983818531036377,0,-0.0568656288087368],5,2.060821533203125],[[745.722900390625,226.86224365234376,41.975460052490237,-0.05744209885597229,0,0.9983488321304321,0,1,0,-0.9983488321304321,0,-0.05744209885597229],5,2.073164701461792],[[745.58984375,227.15744018554688,41.983768463134769,-0.05779087916016579,0,0.998328685760498,0,1,0,-0.998328685760498,0,-0.05779087916016579],5,2.0831830501556398],[[745.456787109375,227.4390106201172,41.9920768737793,-0.058112263679504397,0,0.9983100295066834,0,1,0,-0.9983100295066834,0,-0.058112263679504397],5,2.0934486389160158],[[745.2572021484375,227.8358154296875,42.004539489746097,-0.05855422839522362,0,0.9982842206954956,0,1,0,-0.9982842206954956,0,-0.05855422839522362],5,2.1036131381988527],[[745.1241455078125,228.0833282470703,42.012847900390628,-0.05882314592599869,0,0.9982684254646301,0,1,0,-0.9982684254646301,0,-0.05882314592599869],5,2.1133053302764894],[[744.9910888671875,228.3172149658203,42.021156311035159,-0.05907132476568222,0,0.9982537627220154,0,1,0,-0.9982537627220154,0,-0.05907132476568222],5,2.1224944591522219],[[744.79150390625,228.6425018310547,42.03361892700195,-0.05941285938024521,0,0.9982334971427918,0,1,0,-0.9982334971427918,0,-0.05941285938024521],5,2.1341681480407717],[[744.5919189453125,228.93711853027345,42.04608154296875,-0.059720948338508609,0,0.9982151389122009,0,1,0,-0.9982151389122009,0,-0.059720948338508609],5,2.144723653793335],[[744.4588623046875,229.1165008544922,42.05438995361328,-0.05990735813975334,0,0.9982039332389832,0,1,0,-0.9982039332389832,0,-0.05990735813975334],5,2.1551010608673097],[[744.25927734375,229.3600311279297,42.06685256958008,-0.06016220897436142,0,0.9981886148452759,0,1,0,-0.9981886148452759,0,-0.06016220897436142],5,2.1654481887817385],[[744.126220703125,229.50535583496095,42.07516098022461,-0.06031695008277893,0,0.9981792569160461,0,1,0,-0.9981792569160461,0,-0.06031695008277893],5,2.1762337684631349],[[743.9266357421875,229.6977996826172,42.08706283569336,-0.06031051278114319,0,0.9981796741485596,0,1,0,-0.9981796741485596,0,-0.06031051278114319],5,2.187232732772827],[[743.72705078125,229.8595733642578,42.09884262084961,-0.060192156583070758,0,0.9981868267059326,0,1,0,-0.9981868267059326,0,-0.060192156583070758],5,2.197968006134033],[[743.593994140625,229.9503936767578,42.106693267822269,-0.0601036362349987,0,0.9981921315193176,0,1,0,-0.9981921315193176,0,-0.0601036362349987],5,2.2097856998443605],[[743.3944091796875,230.0610809326172,42.11817932128906,-0.059866368770599368,0,0.998206377029419,0,1,0,-0.998206377029419,0,-0.059866368770599368],5,2.2194032669067385],[[743.2613525390625,230.1178436279297,42.125797271728519,-0.05968540161848068,0,0.9982172250747681,0,1,0,-0.9982172250747681,0,-0.05968540161848068],5,2.2298121452331545],[[743.061767578125,230.1774444580078,42.1372184753418,-0.059422172605991366,0,0.9982329607009888,0,1,0,-0.9982329607009888,0,-0.059422172605991366],5,2.2417938709259035],[[742.8619995117188,230.2063751220703,42.14835739135742,-0.05907079577445984,0,0.9982538223266602,0,1,0,-0.9982538223266602,0,-0.05907079577445984],5,2.25191593170166],[[742.6622314453125,230.20465087890626,42.1594352722168,-0.05869796499609947,0,0.9982758164405823,0,1,0,-0.9982758164405823,0,-0.05869796499609947],5,2.2639787197113039],[[742.529052734375,230.1864776611328,42.16646957397461,-0.058338869363069537,0,0.998296856880188,0,1,0,-0.998296856880188,0,-0.058338869363069537],5,2.276073932647705],[[742.2626953125,230.1092529296875,42.179927825927737,-0.05734588950872421,0,0.9983543753623962,0,1,0,-0.9983543753623962,0,-0.05734588950872421],5,2.2890405654907228],[[742.1295166015625,230.05020141601563,42.1862678527832,-0.05671827495098114,0,0.9983901977539063,0,1,0,-0.9983901977539063,0,-0.05671827495098114],5,2.300210952758789],[[741.8631591796875,229.89122009277345,42.198326110839847,-0.055228352546691897,0,0.9984737634658814,0,1,0,-0.9984737634658814,0,-0.055228352546691897],5,2.3167126178741457],[[741.5968017578125,229.67774963378907,42.20950698852539,-0.05347921699285507,0,0.9985689520835877,0,1,0,-0.9985689520835877,0,-0.05347921699285507],5,2.3413784503936769],[[741.3304443359375,229.40977478027345,42.22055435180664,-0.0518094040453434,0,0.9986569881439209,0,1,0,-0.9986569881439209,0,-0.0518094040453434],5,2.349745988845825],[[741.197265625,229.25534057617188,42.226078033447269,-0.051059775054454806,0,0.9986956119537354,0,1,0,-0.9986956119537354,0,-0.051059775054454806],5,2.358614683151245],[[740.9974975585938,228.99815368652345,42.2343635559082,-0.05004379153251648,0,0.9987470507621765,0,1,0,-0.9987470507621765,0,-0.05004379153251648],5,2.370504140853882],[[740.5979614257813,228.3917999267578,42.25029754638672,-0.04798928648233414,0,0.9988478422164917,0,1,0,-0.9988478422164917,0,-0.04798928648233414],5,2.395081043243408],[[740.3980102539063,228.0426483154297,42.257381439208987,-0.0467534139752388,0,0.9989064335823059,0,1,0,-0.9989064335823059,0,-0.0467534139752388],5,2.4108614921569826],[[740.1314086914063,227.5294189453125,42.265777587890628,-0.04476486146450043,0,0.9989975690841675,0,1,0,-0.9989975690841675,0,-0.04476486146450043],5,2.4236772060394289],[[739.9981079101563,227.2523651123047,42.26904296875,-0.043479591608047488,0,0.9990543127059937,0,1,0,-0.9990543127059937,0,-0.043479591608047488],5,2.433359146118164],[[739.8648071289063,226.96168518066407,42.271183013916019,-0.04178377613425255,0,0.999126672744751,0,1,0,-0.999126672744751,0,-0.04178377613425255],5,2.4429399967193605],[[739.6648559570313,226.5001220703125,42.27336120605469,-0.03879836946725845,0,0.9992470741271973,0,1,0,-0.9992470741271973,0,-0.03879836946725845],5,2.452090263366699],[[739.5315551757813,226.17538452148438,42.274356842041019,-0.03669304400682449,0,0.9993265867233276,0,1,0,-0.9993265867233276,0,-0.03669304400682449],5,2.462615489959717],[[739.3982543945313,225.83702087402345,42.27506637573242,-0.03456950932741165,0,0.9994022846221924,0,1,0,-0.9994022846221924,0,-0.03456950932741165],5,2.4711992740631105],[[739.2649536132813,225.4850311279297,42.275535583496097,-0.03245614841580391,0,0.9994731545448303,0,1,0,-0.9994731545448303,0,-0.03245614841580391],5,2.4802629947662355],[[739.1316528320313,225.11941528320313,42.275943756103519,-0.030425043776631357,0,0.9995370507240295,0,1,0,-0.9995370507240295,0,-0.030425043776631357],5,2.4894001483917238],[[738.9317016601563,224.54544067382813,42.27654266357422,-0.02757962793111801,0,0.9996196031570435,0,1,0,-0.9996196031570435,0,-0.02757962793111801],5,2.5004265308380129],[[738.7984008789063,224.14576721191407,42.276939392089847,-0.025837084278464319,0,0.999666154384613,0,1,0,-0.999666154384613,0,-0.025837084278464319],5,2.510420322418213],[[738.5984497070313,223.5207061767578,42.27753448486328,-0.02344580553472042,0,0.9997251033782959,0,1,0,-0.9997251033782959,0,-0.02344580553472042],5,2.5201447010040285],[[738.4651489257813,223.08697509765626,42.277931213378909,-0.02199186198413372,0,0.9997581243515015,0,1,0,-0.9997581243515015,0,-0.02199186198413372],5,2.5302352905273439],[[738.2651977539063,222.68968200683595,42.278526306152347,-0.020001020282506944,0,0.9997999668121338,0,1,0,-0.9997999668121338,0,-0.020001020282506944],7,2.5421338081359865],[[738.1318969726563,222.67056274414063,42.27892303466797,-0.018791496753692628,0,0.9998234510421753,0,1,0,-0.9998234510421753,0,-0.018791496753692628],7,2.5507242679595949],[[737.9319458007813,222.7199249267578,42.279518127441409,-0.017135752364993097,0,0.9998531937599182,0,1,0,-0.9998531937599182,0,-0.017135752364993097],7,2.5629520416259767],[[737.7319946289063,222.77560424804688,42.280113220214847,-0.015645073726773263,0,0.9998776316642761,0,1,0,-0.9998776316642761,0,-0.015645073726773263],7,2.57653546333313],[[737.5320434570313,222.81703186035157,42.28070831298828,-0.014309454709291458,0,0.9998975992202759,0,1,0,-0.9998975992202759,0,-0.014309454709291458],8,2.5882081985473635],[[737.3320922851563,222.84481811523438,42.28130340576172,-0.01311431173235178,0,0.9999139904975891,0,1,0,-0.9999139904975891,0,-0.01311431173235178],8,2.59806489944458],[[737.1987915039063,222.85769653320313,42.281700134277347,-0.012392623350024224,0,0.9999232292175293,0,1,0,-0.9999232292175293,0,-0.012392623350024224],8,2.6088993549346926],[[737.0654907226563,222.8672637939453,42.28209686279297,-0.011727971024811268,0,0.9999312162399292,0,1,0,-0.9999312162399292,0,-0.011727971024811268],8,2.618274688720703],[[736.8655395507813,222.8771514892578,42.282691955566409,-0.01081415731459856,0,0.9999415278434753,0,1,0,-0.9999415278434753,0,-0.01081415731459856],8,2.629060745239258],[[736.6655883789063,222.88343811035157,42.283287048339847,-0.009990103542804718,0,0.999950110912323,0,1,0,-0.999950110912323,0,-0.009990103542804718],8,2.6401431560516359],[[736.4656372070313,222.88743591308595,42.28388214111328,-0.009251450188457966,0,0.9999572038650513,0,1,0,-0.9999572038650513,0,-0.009251450188457966],8,2.653167247772217],[[736.2656860351563,222.8899688720703,42.28476333618164,-0.008699745871126652,0,0.9999621510505676,0,1,0,-0.9999621510505676,0,-0.008699745871126652],8,2.6658570766448976],[[736.0657348632813,222.89157104492188,42.286842346191409,-0.008700535632669926,0,0.9999621510505676,0,1,0,-0.9999621510505676,0,-0.008700535632669926],8,2.6767818927764894],[[735.9324340820313,222.89230346679688,42.28873825073242,-0.00897819921374321,0,0.9999597072601318,0,1,0,-0.9999597072601318,0,-0.00897819921374321],8,2.6886188983917238],[[735.7324829101563,222.89305114746095,42.29289627075195,-0.009984861128032208,0,0.9999501705169678,0,1,0,-0.9999501705169678,0,-0.009984861128032208],8,2.698535919189453],[[735.5991821289063,222.8933868408203,42.296363830566409,-0.010966585949063301,0,0.9999398589134216,0,1,0,-0.9999398589134216,0,-0.010966585949063301],8,2.7086994647979738],[[735.3992309570313,222.87342834472657,42.301822662353519,-0.012636594474315644,0,0.999920129776001,0,1,0,-0.999920129776001,0,-0.012636594474315644],8,2.7195730209350588],[[735.1992797851563,222.8227996826172,42.307308197021487,-0.014366721734404564,0,0.999896764755249,0,1,0,-0.999896764755249,0,-0.014366721734404564],8,2.7308714389801027],[[735.0659790039063,222.7720184326172,42.310970306396487,-0.015527606010437012,0,0.9998794198036194,0,1,0,-0.9998794198036194,0,-0.015527606010437012],8,2.7425296306610109],[[734.8660278320313,222.67030334472657,42.31646