[[[776,222.69961547851563,47,1,-6.302796862200921e-8,4.2656712038492697e-13,6.302796862200921e-8,1,-5.3100073671430439e-8,-4.2322032380373577e-13,5.3100073671430439e-8,1],8,0.016774415969848634],[[776,222.69961547851563,47,1,-8.105379123435341e-8,4.2791841576260427e-13,8.105379123435341e-8,1,-6.828653908996785e-8,-4.2238353656701146e-13,6.828653908996785e-8,1],8,0.036093950271606448],[[776,222.69961547851563,47,1,-5.285840032343003e-8,4.265721890300833e-13,5.285840032343003e-8,1,-4.4532360021776188e-8,-4.2421827769340006e-13,4.4532360021776188e-8,1],8,0.04476356506347656],[[776,222.69961547851563,47,1,-3.876973764249669e-8,4.261554759250885e-13,3.876973764249669e-8,1,-3.2662882176737187e-8,-4.2488912778762546e-13,3.2662882176737187e-8,1],8,0.05563807487487793],[[776,222.69961547851563,47,1,-1.7648032368811074e-8,4.258450417380516e-13,1.7648032368811074e-8,1,-1.4868168918269476e-8,-4.255826377072558e-13,1.4868168918269476e-8,1],8,0.06708741188049317],[[776,222.69961547851563,47,1,3.460135955535293e-9,4.2591055465432406e-13,-3.460135955535293e-9,1,2.9151423497353336e-9,-4.259004444690656e-13,-2.9151423497353336e-9,1],8,0.07668137550354004],[[776,222.69961547851563,47,1,1.7524731887874624e-8,4.26162550344264e-13,-1.7524731887874624e-8,1,1.4764352407325987e-8,-4.259038054958003e-13,-1.4764352407325987e-8,1],8,0.0897986888885498],[[776,222.69961547851563,47,1,3.8610359354152027e-8,4.2685248239672515e-13,-3.8610359354152027e-8,1,3.2528678417520499e-8,-4.255965426001179e-13,-3.2528678417520499e-8,1],8,0.09920716285705567],[[776,222.69961547851563,47,1,5.968247052123843e-8,4.279160576228791e-13,-5.968247052123843e-8,1,5.028162419762339e-8,-4.249151215347108e-13,-5.028162419762339e-8,1],8,0.11182498931884766],[[776,222.69961547851563,47,1,7.372304366981553e-8,4.288323168788466e-13,-7.372304366981553e-8,1,6.211060110672406e-8,-4.2425335163367996e-13,-6.211060110672406e-8,1],8,0.12391114234924317],[[776,222.69961547851563,47,1,8.118411187751917e-8,4.295078290424137e-13,-8.118411187751917e-8,1,6.839643873490786e-8,-4.239551147210835e-13,-6.839643873490786e-8,1],8,0.13508844375610352],[[776,222.69961547851563,47,1,5.49041132558159e-8,4.2823126229947497e-13,-5.49041132558159e-8,1,4.625591998319578e-8,-4.256916271306449e-13,-4.625591998319578e-8,1],8,0.15038633346557618],[[776,222.69961547851563,47,1,3.520885272223495e-8,4.2765132255741247e-13,-3.520885272223495e-8,1,2.966294587736229e-8,-4.266069377097115e-13,-2.966294587736229e-8,1],8,0.16122698783874513],[[776,222.69961547851563,47,1,2.208569149786399e-8,4.2744589335078078e-13,-2.208569149786399e-8,1,1.860687071086886e-8,-4.2703495362235446e-13,-1.860687071086886e-8,1],8,0.17232227325439454],[[776,222.69961547851563,47,1,2.4114659158414044e-9,4.2740949126283958e-13,-2.4114659158414044e-9,1,2.031612211794709e-9,-4.2740461235306339e-13,-2.031612211794709e-9,1],8,0.18619799613952638],[[776,222.69961547851563,47,1,-1.725015152942433e-8,4.27698783507513e-13,1.725015152942433e-8,1,-1.453302633791509e-8,-4.2744808886018006e-13,1.453302633791509e-8,1],8,0.1970820426940918],[[776,222.69961547851563,47,1,-4.9991516704039898e-8,4.2890297975543836e-13,4.9991516704039898e-8,1,-4.21171755249361e-8,-4.267974862415258e-13,4.21171755249361e-8,1],8,0.21576476097106934],[[776,222.69961547851563,47,1,-6.307826794227367e-8,4.296368762059938e-13,6.307826794227367e-8,1,-5.3142585443310966e-8,-4.262847128240488e-13,5.3142585443310966e-8,1],8,0.23647522926330567],[[776,222.69961547851563,47,1,-8.22023693558549e-8,4.310855329387603e-13,8.22023693558549e-8,1,-6.92543835612014e-8,-4.25392658381582e-13,6.92543835612014e-8,1],8,0.24562406539916993],[[776,222.69961547851563,47,1,-6.814162389900958e-8,4.3031675228330515e-13,6.814162389900958e-8,1,-5.740839625900662e-8,-4.264048424247602e-13,5.740839625900662e-8,1],8,0.25550198554992678],[[776,222.69961547851563,47,1,-4.7061767816103386e-8,4.2948254002674049e-13,4.7061767816103386e-8,1,-3.9648895722166347e-8,-4.276166009828386e-13,3.9648895722166347e-8,1],8,0.26941871643066409],[[775.8653564453125,222.69961547851563,46.910606384277347,0.9958943724632263,-1.9626208214162945e-8,0.09052268415689469,2.098300555530841e-8,1,-1.4036812601148086e-8,-0.09052268415689469,1.5878621084652879e-8,0.9958943724632263],8,0.2858700752258301],[[775.697998046875,222.69961547851563,46.80763244628906,0.983525812625885,-2.108375002363161e-10,0.18076787889003755,-1.6818466064272287e-10,1,2.081406602627567e-9,-0.18076787889003755,-2.0775194897737494e-9,0.983525812625885],8,0.3075675964355469],[[775.4044799804688,222.69961547851563,46.65028381347656,0.9449933767318726,3.001902371124743e-8,0.32708939909935,-3.8859948148228798e-8,1,2.049400826820147e-8,-0.32708939909935,-3.207738075161615e-8,0.9449933767318726],8,0.3150291442871094],[[775.2838134765625,222.69961547851563,46.59373092651367,0.9247804880142212,4.1475303191873539e-8,0.38050106167793276,-5.512094602977413e-8,1,2.4965695288869939e-8,-0.38050106167793276,-4.4061366111236569e-8,0.9247804880142212],8,0.3270070552825928],[[775.037841796875,222.69961547851563,46.49079513549805,0.8785685300827026,6.354041914846676e-8,0.4776163697242737,-8.828686048900636e-8,1,2.936590348667778e-8,-0.4776163697242737,-6.796720697366254e-8,0.8785685300827026],8,0.341235876083374],[[774.723388671875,222.69961547851563,46.38022232055664,-0.9956919550895691,-5.735309827059609e-8,0.09272302687168122,-5.758566246072405e-8,1,1.673385180422926e-10,-0.09272302687168122,-5.172899442129619e-9,-0.9956919550895691],8,0.3643505573272705],[[774.274658203125,222.69961547851563,46.25200271606445,-0.971915066242218,-1.0388014892726006e-8,0.23533201217651368,-1.7237255178770284e-8,1,-2.7047457606954596e-8,-0.23533201217651368,-3.03443101756784e-8,-0.971915066242218],8,0.3962395191192627],[[774.017822265625,222.69961547851563,46.179996490478519,-0.9731476902961731,1.5098390093726267e-8,0.23018154501914979,5.7592703939235438e-9,1,-4.1244696546982598e-8,-0.23018154501914979,-3.881150334450467e-8,-0.9731476902961731],8,0.4072237014770508],[[773.823486328125,222.69961547851563,46.13285446166992,-0.9817076921463013,3.278235283232789e-8,0.19039447605609895,2.346223837434991e-8,1,-5.1205748974325618e-8,-0.19039447605609895,-4.58019968618828e-8,-0.9817076921463013],8,0.4210984706878662],[[773.69287109375,222.69961547851563,46.10613250732422,-0.9846179485321045,4.489724503287107e-8,0.17472121119499207,3.53679325826306e-8,1,-5.76538106145108e-8,-0.17472121119499207,-5.058744889652189e-8,-0.9846179485321045],8,0.4309043884277344],[[773.5617065429688,222.69961547851563,46.08211898803711,-0.9875233173370361,5.6850645080430698e-8,0.15747283399105073,4.738095071843418e-8,1,-6.388943774027212e-8,-0.15747283399105073,-5.563109795048149e-8,-0.9875233173370361],8,0.4398655891418457],[[773.3643798828125,222.69961547851563,46.04986572265625,-0.9919869303703308,7.433132509504503e-8,0.12634068727493287,6.567687904635022e-8,1,-7.266638846203932e-8,-0.12634068727493287,-6.378644457072369e-8,-0.9919869303703308],8,0.45151662826538088],[[773.1661376953125,222.69961547851563,46.02337646484375,-0.9934583306312561,9.27915664306056e-8,0.11419537663459778,8.406734508525915e-8,1,-8.121315175912969e-8,-0.11419537663459778,-7.108177868531129e-8,-0.9934583306312561],8,0.4614691734313965],[[773.0337524414063,222.69961547851563,46.00767517089844,-0.9946008324623108,9.022842561989819e-8,0.10377456247806549,8.28499508997993e-8,1,-7.541153479451168e-8,-0.10377456247806549,-6.640665617396735e-8,-0.9946008324623108],8,0.47254180908203127],[[772.8348999023438,222.69961547851563,45.9864501953125,-0.9964113235473633,6.426964205274999e-8,0.0846434012055397,6.024541931992644e-8,1,-5.009748704765116e-8,-0.0846434012055397,-4.4818325051210198e-8,-0.9964113235473633],8,0.484860897064209],[[772.6356811523438,222.69961547851563,45.968772888183597,-0.996978759765625,3.9304456578292959e-8,0.07767439633607865,3.747907229012526e-8,1,-2.4958236366501297e-8,-0.07767439633607865,-2.197166715234289e-8,-0.996978759765625],8,0.4960048198699951],[[772.3698120117188,222.69961547851563,45.94774627685547,-0.9977380633354187,6.229604831986535e-9,0.06722135096788407,6.7972676376371059e-9,1,8.215966573743572e-9,-0.06722135096788407,8.654303940147657e-9,-0.9977380633354187],8,0.5101990699768066],[[772.17041015625,223.35189819335938,45.93218231201172,-0.998286783695221,-1.8308494276197963e-8,0.058510374277830127,-1.6413004289006495e-8,1,3.287636474169631e-8,-0.058510374277830127,3.185970953722972e-8,-0.998286783695221],3,0.5283901691436768],[[771.904296875,224.17391967773438,45.91582489013672,-0.9901997447013855,-5.171220252009334e-8,0.1396583616733551,-4.2431299362988287e-8,1,6.943187003116691e-8,-0.1396583616733551,6.282553499659116e-8,-0.9901997447013855],5,0.5471105575561523],[[771.637939453125,224.94143676757813,45.902587890625,-0.9868106842041016,-8.188744260451131e-8,0.16187845170497895,-6.481042902350964e-8,1,1.1077334960418739e-7,-0.16187845170497895,9.882091944746208e-8,-0.9868106842041016],5,0.5563356876373291],[[771.5046997070313,225.3047637939453,45.897552490234378,-0.9956477284431458,-7.702382021079757e-8,0.0931968167424202,-6.629305460137403e-8,1,1.1823684076261998e-7,-0.0931968167424202,1.1154394030654658e-7,-0.9956477284431458],5,0.5677735805511475],[[771.3047485351563,225.82420349121095,45.891788482666019,-0.9942082166671753,-6.445602451776722e-8,0.10747117549180985,-5.308659467573307e-8,1,1.0865142741067757e-7,-0.10747117549180985,1.0231686076167534e-7,-0.9942082166671753],5,0.5898592472076416],[[771.0381469726563,226.46910095214845,45.888912200927737,-0.9925782680511475,-4.742998527262898e-8,0.12160737812519074,-3.606752585483264e-8,1,9.563680691826448e-8,-0.12160737812519074,9.05409365259402e-8,-0.9925782680511475],5,0.5973904132843018],[[770.8381958007813,226.91700744628907,45.89043426513672,-0.9969478845596314,-3.010355342780713e-8,0.07806973159313202,-2.3467530141374483e-8,1,8.591869260499152e-8,-0.07806973159313202,8.382435368048391e-8,-0.9969478845596314],5,0.6082441806793213],[[770.7048950195313,227.19857788085938,45.8929443359375,-0.9996718168258667,-1.7053702450198217e-8,0.02561640553176403,-1.5020768628914994e-8,1,7.955303971129979e-8,-0.02561640553176403,7.91421541634918e-8,-0.9996718168258667],5,0.6191539764404297],[[770.5050659179688,227.5953826904297,45.900352478027347,-0.9988260269165039,-6.041391387157091e-9,0.048441480845212939,-2.673419929877241e-9,1,6.959139398077241e-8,-0.048441480845212939,6.938019225799508e-8,-0.9988260269165039],5,0.6300737857818604],[[770.3718872070313,227.8428955078125,45.90681838989258,-0.9999891519546509,5.288449678175766e-9,0.004663774278014898,5.581944684251994e-9,1,6.291770660027396e-8,-0.004663774278014898,6.294305876508588e-8,-0.9999891519546509],5,0.6392841339111328],[[770.1723022460938,228.18861389160157,45.91874694824219,-0.9998834133148193,1.6994491147670489e-8,0.015269516035914421,1.779877223384574e-8,1,5.253639656643827e-8,-0.015269516035914421,5.280205073177058e-8,-0.9998834133148193],5,0.6554486751556397],[[769.9065551757813,228.6018829345703,45.94038772583008,-0.9996652007102966,3.2785500536647308e-8,0.025874171406030656,3.3776000663010566e-8,1,3.784433033615642e-8,-0.025874171406030656,3.870558629159859e-8,-0.9996652007102966],5,0.6656577587127686],[[769.7076416015625,228.87606811523438,45.9609489440918,-0.9998395442962647,4.627559491154898e-8,-0.017914187163114549,4.581138313142219e-8,1,2.6323494495272827e-8,0.017914187163114549,2.5498595235262657e-8,-0.9998395442962647],5,0.6797182559967041],[[769.5089721679688,229.11959838867188,45.98402404785156,-0.9992445707321167,5.839717687194934e-8,-0.0388631708920002,5.788800550021733e-8,1,1.4226926303706478e-8,0.0388631708920002,1.1966466928470254e-8,-0.9992445707321167],5,0.691694974899292],[[769.310791015625,229.3324737548828,46.01089096069336,-0.9987821578979492,6.988313572264815e-8,-0.0493382103741169,6.990306644638622e-8,1,1.3215410987754695e-9,0.0493382103741169,-2.1289605633967314e-9,-0.9987821578979492],5,0.7043871879577637],[[769.1129760742188,229.5146942138672,46.04020309448242,-0.9971465468406677,8.09191718076363e-8,-0.07549012452363968,8.208346002902545e-8,1,-1.232041846321863e-8,0.07549012452363968,-1.8481753016885706e-8,-0.9971465468406677],5,0.7166397571563721],[[768.9158935546875,229.666259765625,46.07412338256836,-0.9959944486618042,9.149824364840242e-8,-0.08941484242677689,9.428790548327015e-8,1,-2.6975252254146654e-8,0.08941484242677689,-3.529794057044455e-8,-0.9959944486618042],5,0.7325186729431152],[[768.7193603515625,229.7871551513672,46.1112174987793,-0.993510901927948,1.0114996484844596e-7,-0.11373698711395264,1.0669339189917082e-7,1,-4.265173103590314e-8,0.11373698711395264,-5.4509943225866667e-8,-0.993510901927948],5,0.7429428100585938],[[768.5237426757813,229.87741088867188,46.15273666381836,-0.9922639727592468,1.1077249695290448e-7,-0.12414614111185074,1.1910153574490323e-7,1,-5.966887783870334e-8,0.12414614111185074,-7.39932772830798e-8,-0.9922639727592468],5,0.7550668716430664],[[768.3286743164063,229.93701171875,46.19680404663086,-0.9901900291442871,1.1940809940824693e-7,-0.1397273987531662,1.316141435836471e-7,1,-7.811581070882312e-8,0.1397273987531662,-9.573959403041954e-8,-0.9901900291442871],5,0.7657344341278076],[[768.1990356445313,229.95970153808595,46.22796630859375,-0.9849862456321716,1.2222302814279829e-7,-0.1726328283548355,1.400809281904003e-7,1,-9.126168265538581e-8,0.1726328283548355,-1.1407406930175057e-7,-0.9849862456321716],5,0.7753057479858398],[[768.0047607421875,229.96820068359376,46.275447845458987,-0.9901900887489319,9.56975867438814e-8,-0.13972681760787965,1.0826186525036974e-7,1,-8.231947390413552e-8,0.13972681760787965,-9.663901323619939e-8,-0.9901900887489319],5,0.7907865047454834],[[767.7457275390625,229.93185424804688,46.338863372802737,-0.9942949414253235,5.954578341516026e-8,-0.10666583478450775,6.702440202843718e-8,1,-6.652775397242294e-8,0.10666583478450775,-7.329742146566787e-8,-0.9942949414253235],5,0.8136436939239502],[[767.4219360351563,229.8097686767578,46.41813278198242,-0.9970337748527527,1.4062518260971047e-8,-0.07696500420570374,1.7260001428098805e-8,1,-4.0879445606378798e-8,0.07696500420570374,-4.208660442373002e-8,-0.9970337748527527],5,0.8245031833648682],[[767.2278442382813,229.69564819335938,46.466243743896487,-0.989696741104126,-1.5756063120875298e-8,-0.14317959547042848,-1.2518766467906062e-8,1,-2.351089989360844e-8,0.14317959547042848,-2.1476228795336284e-8,-0.989696741104126],5,0.8464484214782715],[[766.9690551757813,229.49578857421876,46.53055953979492,-0.9942960143089294,-5.015685999865127e-8,-0.10665545612573624,-5.088944377007465e-8,1,4.1470893386019728e-9,0.10665545612573624,9.551071045166282e-9,-0.9942960143089294],5,0.8548979759216309],[[766.8395385742188,229.37542724609376,46.56238555908203,-0.9855855107307434,-6.598458668349849e-8,-0.16917793452739716,-7.022632075859292e-8,1,1.908911961834292e-8,0.16917793452739716,3.069470366767746e-8,-0.9855855107307434],5,0.863433837890625],[[766.7099609375,229.24143981933595,46.593772888183597,-0.9883902668952942,-8.264073869668209e-8,-0.1519363671541214,-8.907800008728373e-8,1,3.556155192541155e-8,0.1519363671541214,4.868287817316741e-8,-0.9883902668952942],5,0.8729450702667236],[[766.384765625,228.84686279296876,46.66694641113281,-0.9996522665023804,-1.1468743821296812e-7,-0.026369968429207803,-1.167254737310941e-7,1,7.574696070378195e-8,0.026369968429207803,7.8798670699598e-8,-0.9996522665023804],5,0.8920621871948242],[[766.2540893554688,228.66517639160157,46.69340133666992,-0.9934988617897034,-9.303695236440035e-8,-0.11384201794862747,-1.0277479844944537e-7,1,7.966912107804092e-8,0.11384201794862747,9.085127317121078e-8,-0.9934988617897034],5,0.9002342224121094],[[766.123046875,228.46987915039063,46.7179069519043,-0.9948166012763977,-7.995217998768567e-8,-0.10168531537055969,-8.884372704187627e-8,1,8.291300446217065e-8,0.10168531537055969,9.15173359317123e-8,-0.9948166012763977],5,0.9089906215667725],[[765.9259643554688,228.1513671875,46.75198745727539,-0.9983148574829102,-6.283562470343895e-8,-0.05802948400378227,-6.795743701104584e-8,1,8.628884984318575e-8,0.05802948400378227,9.008697077206307e-8,-0.9983148574829102],5,0.920062780380249],[[765.6626586914063,227.67901611328126,46.79438400268555,-0.999973475933075,-3.956913730007727e-8,-0.007282732520252466,-4.021230282091892e-8,1,8.816711982717607e-8,0.007282732520252466,8.84576394355463e-8,-0.999973475933075],5,0.9364349842071533],[[765.4647827148438,227.2889862060547,46.823062896728519,-0.9996455907821655,-1.7146238207033094e-8,-0.026621485128998758,-1.9506479986830528e-8,1,8.839959519946206e-8,0.026621485128998758,8.888755331781795e-8,-0.9996455907821655],5,0.9505741596221924],[[765.2664794921875,226.86830139160157,46.84886932373047,-0.9998072385787964,2.842439839056965e-9,-0.019634965807199479,1.1257307308554232e-9,1,8.744228097157247e-8,0.019634965807199479,8.740331480794339e-8,-0.9998072385787964],5,0.9616429805755615],[[765.0018310546875,226.2596893310547,46.880985260009769,-0.9995677471160889,2.5981524487406206e-8,0.029398661106824876,2.8452971534420614e-8,1,8.364838066654556e-8,-0.029398661106824876,8.444870758239631e-8,-0.9995677471160889],5,0.9773519039154053],[[764.802978515625,225.76747131347657,46.90231704711914,-0.9998235106468201,4.740475390008214e-8,0.01878792606294155,4.890579319294375e-8,1,7.943442881241936e-8,-0.01878792606294155,8.033924103756363e-8,-0.9998235106468201],5,0.9918787479400635],[[764.603759765625,225.6722869873047,46.91941452026367,-0.9998127818107605,6.597753809955975e-8,-0.019348004832863809,6.44849862396768e-8,1,7.776635158052159e-8,0.019348004832863809,7.650414346471735e-8,-0.9998127818107605],7,1.0057342052459717],[[764.470703125,225.66773986816407,46.927852630615237,-0.9992631673812866,7.632645093735846e-8,-0.0383816696703434,7.339758667512797e-8,1,7.771800625278047e-8,0.0383816696703434,7.48436193021007e-8,-0.9992631673812866],7,1.0142309665679932],[[764.2709350585938,225.6670379638672,46.937347412109378,-0.9995043277740479,8.865717404660245e-8,-0.03148221597075462,8.624530778433837e-8,1,7.796856493769156e-8,0.03148221597075462,7.521472156213349e-8,-0.9995043277740479],7,1.024425983428955],[[764.071044921875,225.6669921875,46.944576263427737,-0.9998418092727661,1.0030636587998743e-7,-0.01778794452548027,9.893120989090676e-8,1,7.81881439593235e-8,0.01778794452548027,7.641598642749159e-8,-0.9998418092727661],7,1.0358567237854005],[[763.937744140625,225.6272735595703,46.947574615478519,-0.9998918175697327,1.0850547482732509e-7,-0.014710625633597374,1.0736481925732733e-7,1,7.83293501172011e-8,0.014710625633597374,7.674146473846122e-8,-0.9998918175697327],8,1.0466334819793702],[[763.804443359375,225.5665283203125,46.949745178222659,-0.9998909831047058,8.705416121301823e-8,-0.014764439314603806,8.618687274974946e-8,1,5.937801716981994e-8,0.014764439314603806,5.809904379816544e-8,-0.9998909831047058],8,1.0571835041046143],[[763.6044921875,225.44984436035157,46.952735900878909,-0.9999363422393799,5.468337249681099e-8,-0.011285250075161457,5.4336084076567207e-8,1,3.1080254814241928e-8,0.011285250075161457,3.0465081124475549e-8,-0.9999363422393799],8,1.0671534538269044],[[763.47119140625,225.3550262451172,46.95436477661133,-0.9999362230300903,3.324939612525668e-8,-0.011294824071228505,3.311342311462795e-8,1,1.2225494394613179e-8,0.011294824071228505,1.1850704417781799e-8,-0.9999362230300903],8,1.0774989128112794],[[763.271240234375,225.187255859375,46.95664596557617,-0.9999362230300903,1.1151215506544077e-9,-0.011295958422124386,1.2964079809663077e-9,1,-1.6041463268834378e-8,0.011295958422124386,-1.60550843730789e-8,-0.9999362230300903],8,1.0894460678100587],[[763.0712890625,224.98883056640626,46.95890426635742,-0.9999695420265198,-3.094248413049172e-8,-0.007801227271556854,-3.059876263478145e-8,1,-4.4178985803000617e-8,0.007801227271556854,-4.393893604515142e-8,-0.9999695420265198],8,1.1013197898864747],[[762.871337890625,224.75975036621095,46.96059799194336,-0.9999816417694092,-6.295902466035841e-8,-0.006059352774173021,-6.252242457094326e-8,1,-7.22429049915263e-8,0.006059352774173021,-7.186273620618522e-8,-0.9999816417694092],8,1.1136255264282227],[[762.67138671875,224.61245727539063,46.96188735961914,-0.9999996423721314,-5.8476512521110638e-8,-0.0008218042785301805,-5.842544226197788e-8,1,-6.216991721430532e-8,0.0008218042785301805,-6.212188452536793e-8,-0.9999996423721314],8,1.126924753189087],[[762.471435546875,224.6129608154297,46.962249755859378,-0.9999902248382568,-5.4047717412686327e-8,0.004415587987750769,-5.4278409322705559e-8,1,-5.212497455886478e-8,-0.004415587987750769,-5.236413613829427e-8,-0.9999902248382568],8,1.1390106678009034],[[762.271484375,224.63681030273438,46.96157455444336,-0.9999687075614929,-4.9764345533276358e-8,0.007910974323749543,-5.0098972081968898e-8,1,-4.210101423041124e-8,-0.007910974323749543,-4.249602980621603e-8,-0.9999687075614929],8,1.1496267318725587],[[762.071533203125,224.6578369140625,46.96013641357422,-0.9999533891677856,-4.559285216032549e-8,0.009653031826019287,-4.590476621046946e-8,1,-3.2090770929471549e-8,-0.009653031826019287,-3.253239455602852e-8,-0.9999533891677856],8,1.1613471508026124],[[761.938232421875,224.66835021972657,46.95891571044922,-0.9998891353607178,-4.2691699064789648e-8,0.014890449121594429,-4.307522161184352e-8,1,-2.5435566541887057e-8,-0.014890449121594429,-2.607415616751041e-8,-0.9998891353607178],8,1.172745704650879],[[761.73828125,224.67959594726563,46.956146240234378,-0.9998616576194763,-3.8553196191060127e-8,0.016632596030831338,-3.881579502262866e-8,1,-1.546549910358408e-8,-0.016632596030831338,-1.6108966605088427e-8,-0.9998616576194763],8,1.1845884323120118],[[761.538330078125,224.68687438964845,46.95289611816406,-0.9997608065605164,-3.4377897861759268e-8,0.02187015302479267,-3.450696794971009e-8,1,-5.524255719535631e-9,-0.02187015302479267,-6.277606878768438e-9,-0.9997608065605164],8,1.1960525512695313],[[761.33837890625,224.6915283203125,46.948726654052737,-0.9996782541275024,-3.0267976569575697e-8,0.025365585461258889,-3.016619132267806e-8,1,4.3954981876481728e-9,-0.025365585461258889,3.628900957508563e-9,-0.9996782541275024],8,1.2087070941925049],[[761.205078125,224.6936492919922,46.945472717285159,-0.999531626701355,-2.756285688576554e-8,0.030603013932704927,-2.7239289934755108e-8,1,1.0989891663371054e-8,-0.030603013932704927,1.0151139484548822e-8,-0.999531626701355],8,1.2199087142944337],[[760.9384765625,224.6963653564453,46.93753433227539,-0.9993575215339661,-2.2171722235952985e-8,0.035840317606925967,-2.1320255783052745e-8,1,2.4139390930599803e-8,-0.035840317606925967,2.335975857192807e-8,-0.9993575215339661],8,1.2350702285766602],[[760.738525390625,224.6973114013672,46.930572509765628,-0.9992935061454773,-1.813250882776174e-8,0.03758269548416138,-1.686712458592865e-8,1,3.398639236706913e-8,-0.03758269548416138,3.332846887360574e-8,-0.9992935061454773],8,1.2475712299346924],[[760.5386962890625,224.6969451904297,46.92313003540039,-0.9992935061454773,-1.4055214769825853e-8,0.03758269548416138,-1.2416847106067053e-8,1,4.382708240768807e-8,-0.03758269548416138,4.332946090812584e-8,-0.9992935061454773],8,1.2570559978485108],[[760.405517578125,224.69622802734376,46.918121337890628,-0.9992935061454773,-1.1338460836896047e-8,0.037582457065582278,-9.451581739483572e-9,1,5.038403827484217e-8,-0.037582457065582278,4.999322911203308e-8,-0.9992935061454773],8,1.2674827575683594],[[760.2723388671875,224.6954803466797,46.913108825683597,-0.9992935061454773,-8.622878411301827e-9,0.037582457065582278,-6.4875846916834238e-9,1,5.69381910509037e-8,-0.037582457065582278,5.665414803956992e-8,-0.9992935061454773],8,1.276604175567627],[[760.0725708007813,224.6943359375,46.90559005737305,-0.9992935061454773,-4.55168169821718e-9,0.037582457065582278,-2.0439638870328737e-9,1,6.67641728568924e-8,-0.037582457065582278,6.664019025492962e-8,-0.9992935061454773],8,1.2890782356262208],[[759.872802734375,224.6931915283203,46.8980712890625,-0.9992935061454773,-4.831104960523192e-10,0.03758269548416138,2.3968105278271425e-9,1,7.658385214881491e-8,-0.03758269548416138,7.661982692752645e-8,-0.9992935061454773],8,1.300828456878662],[[759.6730346679688,224.69204711914063,46.89055252075195,-0.9992935061454773,3.5828688904615548e-9,0.03758269548416138,6.834738996985834e-9,1,8.639724313752595e-8,-0.03758269548416138,8.659307582092879e-8,-0.9992935061454773],8,1.3145673274993897],[[759.4732666015625,224.69090270996095,46.883033752441409,-0.9992935061454773,7.646242750070087e-9,0.03758269548416138,1.1269823296800041e-8,1,9.62043458230255e-8,-0.03758269548416138,9.655992982970929e-8,-0.9992935061454773],8,1.326016902923584],[[759.340087890625,224.6901397705078,46.878021240234378,-0.9992935061454773,1.0353734758439259e-8,0.037582457065582278,1.422496520575578e-8,1,1.0273892314671684e-7,-0.037582457065582278,1.0320094645521749e-7,-0.9992935061454773],8,1.3365542888641358],[[759.1403198242188,224.68899536132813,46.87050247192383,-0.9992935061454773,1.441274299907036e-8,0.03758269548416138,1.8655311961879307e-8,1,1.1253554532686394e-7,-0.03758269548416138,1.131571565338163e-7,-0.9992935061454773],8,1.3465003967285157],[[758.9405517578125,224.68785095214845,46.86298370361328,-0.9992935061454773,1.8469203055815343e-8,0.037582457065582278,2.3082817435238213e-8,1,1.2232590052008164e-7,-0.037582457065582278,1.23106985938648e-7,-0.9992935061454773],8,1.3579905033111573],[[758.7407836914063,225.34695434570313,46.855464935302737,-0.9992935061454773,2.252303410443801e-8,0.037582457065582278,2.7507484290367757e-8,1,1.321099745155152e-7,-0.037582457065582278,1.3305043466971257e-7,-0.9992935061454773],3,1.3757848739624024],[[758.274658203125,226.77357482910157,46.837921142578128,-0.9755086898803711,3.110546842322037e-8,0.2199607789516449,6.468467006470746e-8,1,1.4545770454787999e-7,-0.2199607789516449,1.5612334891557112e-7,-0.9755086898803711],5,1.4077699184417725],[[758.008056640625,227.5138397216797,46.82869338989258,-0.9864723086357117,6.39671995372737e-8,0.16392792761325837,9.004415346680617e-8,1,1.516450822691695e-7,-0.16392792761325837,1.6435441807516327e-7,-0.9864723086357117],5,1.424051284790039],[[757.80810546875,228.0332794189453,46.8221549987793,-0.9912741780281067,7.290211101462774e-8,0.13181595504283906,9.038053150334236e-8,1,1.2661425330406929e-7,-0.13181595504283906,1.3742304361130665e-7,-0.9912741780281067],5,1.4305446147918702],[[757.6748046875,228.362548828125,46.81783676147461,-0.9951067566871643,7.449526862046696e-8,0.09880561381578446,8.483917213197856e-8,1,1.0048781717841848e-7,-0.09880561381578446,1.0837869268698341e-7,-0.9951067566871643],5,1.4400606155395508],[[757.54150390625,228.6781768798828,46.81352615356445,-0.9951056838035584,7.112789290886212e-8,0.09881626814603806,7.893545728165918e-8,1,7.510131894150618e-8,-0.09881626814603806,8.253385885836906e-8,-0.9951056838035584],5,1.447401762008667],[[757.341552734375,229.12608337402345,46.80706024169922,-0.9912614822387695,6.313233313903766e-8,0.13191166520118714,6.880214442617216e-8,1,3.842404794340837e-8,-0.13191166520118714,4.716408597005284e-8,-0.9912614822387695],5,1.4564709663391114],[[757.208251953125,229.40765380859376,46.80274963378906,-0.9951052069664002,6.025209842164259e-8,0.09882133454084397,6.19962179371214e-8,1,1.4578414919697025e-8,-0.09882133454084397,2.0633605046782578e-8,-0.9951052069664002],5,1.465559720993042],[[757.074951171875,229.67559814453126,46.798439025878909,-0.9951052069664002,5.5436810697528929e-8,0.09882143884897232,5.4836604590491336e-8,1,-8.789813321641305e-9,-0.09882143884897232,-3.327756958881878e-9,-0.9951052069664002],5,1.4765620231628419],[[756.941650390625,229.92991638183595,46.79412841796875,-0.9951051473617554,5.022825178002677e-8,0.09882162511348725,4.732214620162267e-8,1,-3.1751554274705998e-8,-0.09882162511348725,-2.6919686035853375e-8,-0.9951051473617554],5,1.4864540100097657],[[756.74169921875,230.28585815429688,46.787662506103519,-0.9912611842155457,4.3139355199173227e-8,0.13191379606723786,3.482180233049803e-8,1,-6.535974250709842e-8,-0.13191379606723786,-6.019510578880727e-8,-0.9912611842155457],5,1.4963939189910889],[[756.541748046875,230.61114501953126,46.78119659423828,-0.9912611842155457,3.429399697552071e-8,0.13191388547420503,2.150357403252201e-8,1,-9.838494463565439e-8,-0.13191388547420503,-9.46885592156832e-8,-0.9912611842155457],5,1.5079829692840577],[[756.341796875,230.90576171875,46.77473068237305,-0.991489589214325,2.4399911424666244e-8,0.13018593192100526,7.399183932221831e-9,1,-1.3107174368087727e-7,-0.13018593192100526,-1.2899299406399224e-7,-0.991489589214325],5,1.51945161819458],[[756.141845703125,231.1697235107422,46.76854705810547,-0.991489589214325,1.2079219402494346e-8,0.1301860362291336,-6.965295895611234e-9,1,-1.4583159213543696e-7,-0.1301860362291336,-1.4549728177826183e-7,-0.991489589214325],5,1.5323989391326905],[[756.008544921875,231.32867431640626,46.76446533203125,-0.9952758550643921,-4.246342832914252e-9,0.09708729386329651,-1.7152521181174053e-8,1,-1.320991316333675e-7,-0.09708729386329651,-1.3314036095835036e-7,-0.9952758550643921],5,1.5438930988311768],[[755.80859375,231.5415496826172,46.75834274291992,-0.9917150139808655,-1.7145495689874225e-8,0.1284576952457428,-3.168602447090052e-8,1,-1.1114949671764407e-7,-0.1284576952457428,-1.1429894186676393e-7,-0.9917150139808655],5,1.5545799732208253],[[755.67529296875,231.66644287109376,46.754432678222659,-0.99544358253479,-3.187838615303917e-8,0.0953521579504013,-4.1334534017778427e-8,1,-9.719559557197499e-8,-0.0953521579504013,-1.0069407352375492e-7,-0.99544358253479],5,1.5653321743011475],[[755.40869140625,231.87533569335938,46.746726989746097,-0.9868857264518738,-4.726553015643731e-8,0.16142062842845918,-5.904128030920219e-8,1,-6.815402997517595e-8,-0.16142062842845918,-7.679071956090411e-8,-0.9868857264518738],5,1.5784072875976563],[[755.275390625,231.95933532714845,46.742881774902347,-0.99544358253479,-6.266930085985223e-8,0.0953521654009819,-6.808867425434073e-8,1,-5.3581732828433817e-8,-0.0953521654009819,-5.982999340403694e-8,-0.99544358253479],5,1.5901308059692383],[[755.075439453125,232.059814453125,46.73711395263672,-0.9917150139808655,-7.628364073752891e-8,0.12845756113529206,-8.092570169537794e-8,1,-3.091754408046654e-8,-0.12845756113529206,-4.105691076006224e-8,-0.9917150139808655],5,1.6005959510803223],[[754.808837890625,232.14608764648438,46.72942352294922,-0.9868857264518738,-9.572470816010537e-8,0.16142050921916963,-9.685387425406589e-8,1,8.73507821630426e-10,-0.16142050921916963,-1.4772148837494115e-8,-0.9868857264518738],5,1.617302656173706],[[754.4755859375,232.17727661132813,46.719810485839847,-0.9809611439704895,-1.2125400417062338e-7,0.194204181432724,-1.1499414398485897e-7,1,4.3506911850954569e-8,-0.194204181432724,2.0346247353586479e-8,-0.9809611439704895],5,1.6380789279937745],[[754.275634765625,232.15512084960938,46.71404266357422,-0.9919373989105225,-1.3418417665889138e-7,0.12672893702983857,-1.26277654999285e-7,1,7.042307714755225e-8,-0.12672893702983857,5.385224710607872e-8,-0.9919373989105225],5,1.6641385555267335],[[753.80908203125,231.9842071533203,46.701316833496097,-0.9663036465644836,-9.873335926613436e-8,0.2574049234390259,-8.071300783285551e-8,1,8.057376987835596e-8,-0.2574049234390259,5.7082797155771917e-8,-0.9663036465644836],5,1.684910774230957],[[753.54248046875,231.8115997314453,46.69408416748047,-0.9871655702590942,-4.948829612771988e-8,0.15970022976398469,-3.830503203516855e-8,1,7.310502070367875e-8,-0.15970022976398469,6.604943791899132e-8,-0.9871655702590942],5,1.696293592453003],[[753.4091796875,231.70486450195313,46.690467834472659,-0.9956082701683044,-2.3478326838244358e-8,0.09361714869737625,-1.7127076645806484e-8,1,6.864625845537376e-8,-0.09361714869737625,6.674139996221129e-8,-0.9956082701683044],5,1.7066991329193116],[[753.27587890625,231.58450317382813,46.686851501464847,-0.9956082701683044,-2.0029480296557269e-9,0.09361711889505387,3.93227539419172e-9,1,6.321444345758209e-8,-0.09361711889505387,6.330495239126322e-8,-0.9956082701683044],5,1.7144889831542969],[[753.075927734375,231.37841796875,46.681427001953128,-0.9921567440032959,2.8280018327109248e-8,0.12500020861625672,3.514915292157639e-8,1,5.274751657680099e-8,-0.12500020861625672,5.672745473361829e-8,-0.9921567440032959],5,1.7249391078948975],[[752.942626953125,231.22398376464845,46.677982330322269,-0.9957699179649353,5.1613390894544867e-8,0.09188187122344971,5.5971156598388919e-8,1,4.4851084624042417e-8,-0.09188187122344971,4.9804096846628457e-8,-0.9957699179649353],5,1.7343199253082276],[[752.74267578125,230.966796875,46.67289733886719,-0.9921567440032959,8.228702341739336e-8,0.12500004470348359,8.678357232838607e-8,1,3.052705821460222e-8,-0.12500004470348359,4.113557494633824e-8,-0.9921567440032959],5,1.7446844577789307],[[752.609375,230.77830505371095,46.66950988769531,-0.9959285259246826,1.051759994652457e-7,0.09014636278152466,1.074164401870803e-7,1,2.000196097640128e-8,-0.09014636278152466,2.9603723916693526e-8,-0.9959285259246826],5,1.7558364868164063],[[752.47607421875,230.57618713378907,46.66630172729492,-0.9959285259246826,1.2669566729073268e-7,0.09014635533094406,1.2796874671039405e-7,1,8.342731838695272e-9,-0.09014635533094406,1.984468234184078e-8,-0.9959285259246826],5,1.765470266342163],[[752.276123046875,230.24746704101563,46.661563873291019,-0.9923730492591858,1.5856370794153919e-7,0.12327078729867935,1.5830897837076919e-7,1,-1.1861152060532732e-8,-0.12327078729867935,7.744185737124099e-9,-0.9923730492591858],5,1.7764065265655518],[[752.076171875,229.88809204101563,46.656837463378909,-0.9923730492591858,1.362375741109645e-7,0.1232708990573883,1.3419609956599744e-7,1,-2.4863748393499919e-8,-0.1232708990573883,-8.131639361863563e-9,-0.9923730492591858],5,1.7884392738342286],[[751.876220703125,229.49806213378907,46.6521110534668,-0.9923730492591858,1.1372571151468947e-7,0.12327100336551666,1.1013332823495148e-7,1,-3.595624775698525e-8,-0.12327100336551666,-2.2105766106506054e-8,-0.9923730492591858],5,1.7997772693634034],[[751.742919921875,229.22100830078126,46.64896011352539,-0.9959285259246826,9.766920783249589e-8,0.09014643728733063,9.421174951285139e-8,1,-4.260889596707784e-8,-0.09014643728733063,-3.394256253841377e-8,-0.9959285259246826],5,1.811889410018921],[[751.54296875,228.77987670898438,46.64423370361328,-0.9923730492591858,7.592889517127333e-8,0.12327086925506592,7.020891956699416e-8,1,-5.074561926221577e-8,-0.12327086925506592,-4.1703870579112848e-8,-0.9923730492591858],5,1.8230845928192139],[[751.343017578125,228.30810546875,46.63950729370117,-0.9923730492591858,5.29093853174345e-8,0.12327098846435547,4.6209763127080808e-8,1,-5.7207817150128906e-8,-0.12327098846435547,-5.107517253577498e-8,-0.9923730492591858],5,1.836695671081543],[[751.1809692382813,228.21678161621095,46.63567352294922,-0.9981402158737183,2.964348588818666e-8,0.06096024811267853,2.6004599362750015e-8,1,-6.048613698794725e-8,-0.06096024811267853,-5.8788394596831498e-8,-0.9981402158737183],7,1.8480234146118165],[[751.0270385742188,228.21197509765626,46.63203430175781,-0.9996205568313599,9.37517086185835e-9,0.027544988319277765,7.643904176291017e-9,1,-6.295762489116896e-8,-0.027544988319277765,-6.272318842093228e-8,-0.9996205568313599],7,1.8610484600067139],[[750.87353515625,228.2117156982422,46.62883758544922,-0.9997665286064148,-8.913773719143592e-9,0.02160748466849327,-1.032852914306659e-8,1,-6.536365759757246e-8,-0.02160748466849327,-6.557156950748322e-8,-0.9997665286064148],7,1.8752357959747315],[[750.6689453125,228.21170043945313,46.62471008300781,-0.9998248219490051,-3.2870062227630117e-8,0.01871807873249054,-3.416052507532186e-8,1,-6.862227763804185e-8,-0.01871807873249054,-6.92496726628633e-8,-0.9998248219490051],8,1.8885045051574708],[[750.4132080078125,228.21170043945313,46.61994934082031,-0.9998300671577454,-6.254555984241961e-8,0.018436146900057794,-6.389678475215988e-8,1,-7.270330826258942e-8,-0.018436146900057794,-7.386896072603122e-8,-0.9998300671577454],8,1.9077861309051514],[[750.3109130859375,228.17198181152345,46.618064880371097,-0.9998307228088379,-7.440088012344859e-8,0.01839868351817131,-7.578137939390217e-8,1,-7.433537518863887e-8,-0.01839868351817131,-7.571707527631588e-8,-0.9998307228088379],8,1.915036678314209],[[750.2086181640625,228.11123657226563,46.616180419921878,-0.9998307228088379,-8.624834890724742e-8,0.018397647887468339,-8.766080128452814e-8,1,-7.596683815336292e-8,-0.018397647887468339,-7.756673170433715e-8,-0.9998307228088379],8,1.9239654541015626],[[750.1063232421875,228.03684997558595,46.614295959472659,-0.9998307824134827,-9.809068757249406e-8,0.018397148698568345,-9.953511437288398e-8,1,-7.759763320791535e-8,-0.018397148698568345,-7.941566337876793e-8,-0.9998307824134827],8,1.932849407196045],[[750.0040283203125,227.9488525390625,46.61241149902344,-0.9998307824134827,-8.115575411693499e-8,0.018396982923150064,-8.226778902553633e-8,1,-5.968986016569034e-8,-0.018396982923150064,-6.119324069686627e-8,-0.9998307824134827],8,1.9427645206451417],[[749.7994384765625,227.92198181152345,46.608642578125,-0.9998612999916077,-4.74140620099206e-8,0.01665492169559002,-4.781770002182384e-8,1,-2.383719888143787e-8,-0.01665492169559002,-2.463029247223858e-8,-0.9998612999916077],8,1.9576685428619385],[[749.6971435546875,227.92372131347657,46.60689163208008,-0.9998612999916077,-3.05008178713706e-8,0.016654925420880319,-3.0603697354081308e-8,1,-5.9223577153488808e-9,-0.016654925420880319,-6.4312386527376479e-9,-0.9998612999916077],8,1.966904878616333],[[749.543701171875,227.9499053955078,46.60432434082031,-0.9999347925186157,-5.1777648835127369e-9,0.011417392641305924,-4.937518394143581e-9,1,2.1070363231956436e-8,-0.011417392641305924,2.1012615647464373e-8,-0.9999347925186157],8,1.9798731803894044],[[749.44140625,227.98568725585938,46.60301971435547,-0.9999347925186157,1.1717422587764759e-8,0.011417392641305924,1.2164131923952937e-8,1,3.905589807118304e-8,-0.011417392641305924,3.9192233458607009e-8,-0.9999347925186157],8,1.9910435676574708],[[749.2879638671875,228.0608367919922,46.60124588012695,-0.9999347925186157,3.704667150827845e-8,0.011417392641305924,3.780290924737528e-8,1,6.601978697062805e-8,-0.011417392641305924,6.644709316105946e-8,-0.9999347925186157],8,2.0016705989837648],[[749.134521484375,228.15394592285157,46.59949493408203,-0.9999686479568481,6.25917309093893e-8,0.007922103628516198,6.333091562282789e-8,1,9.305578885232535e-8,-0.007922103628516198,9.355458274740158e-8,-0.9999686479568481],8,2.0132896900177],[[748.9812622070313,228.25955200195313,46.598175048828128,-0.9999902248382568,5.47384892968239e-8,0.004426716826856136,5.5070795923484187e-8,1,7.494684695075193e-8,-0.004426716826856136,7.518989519894603e-8,-0.9999902248382568],8,2.0252394676208498],[[748.8280029296875,228.37335205078126,46.597389221191409,-0.9999902248382568,4.6563854994019496e-8,0.004426716826856136,4.681597332023557e-8,1,5.684950821205348e-8,-0.004426716826856136,5.7056194435745058e-8,-0.9999902248382568],8,2.0359244346618654],[[748.725830078125,228.453125,46.59693145751953,-0.9999964237213135,4.121633878639841e-8,0.002684603678062558,4.133670827854985e-8,1,4.478149762121575e-8,-0.002684603678062558,4.4892306760857539e-8,-0.9999964237213135],8,2.0479044914245607],[[748.521484375,228.61424255371095,46.59633255004883,-0.9999995827674866,3.0407775852836497e-8,0.0009424823801964521,3.042724472379632e-8,1,2.0641881093297344e-8,-0.0009424823801964521,2.0670549716328425e-8,-0.9999995827674866],8,2.061011791229248],[[748.4193115234375,228.69683837890626,46.596187591552737,-0.9999995827674866,2.496790685313499e-8,0.0009424823801964521,2.4976005263965818e-8,1,8.57980353430321e-9,-0.0009424823801964521,8.603339374246844e-9,-0.9999995827674866],8,2.0719845294952394],[[748.2149658203125,228.86337280273438,46.595985412597659,-0.9999907612800598,1.4139861725936953e-8,-0.004295385908335447,1.4206938736549546e-8,1,-1.558563411663272e-8,0.004295385908335447,-1.5646515194589484e-8,-0.99999076128005