[[[776,222.69961547851563,47,1,-1.1733090943266689e-8,-4.5186264296525218e-15,1.1733090943266689e-8,1,2.8204327762182403e-8,4.187702515621528e-15,-2.8204327762182403e-8,1],8,0.006798744201660156],[[776,222.69961547851563,47,1,-4.210868986831429e-9,-4.478529160478924e-15,4.210868986831429e-9,1,1.0122167992676623e-8,4.435906039056614e-15,-1.0122167992676623e-8,1],8,0.0163881778717041],[[776,222.69961547851563,47,1,3.3081382078137269e-9,-4.574444206810685e-15,-3.3081382078137269e-9,1,-7.952268177291444e-9,4.548137057534861e-15,7.952268177291444e-9,1],8,0.02556300163269043],[[776,222.69961547851563,47,1,1.0823931972936407e-8,-4.8061259290931028e-15,-1.0823931972936407e-8,1,-2.6018982524078639e-8,4.524498062042888e-15,2.6018982524078639e-8,1],8,0.0359807014465332],[[776,222.69961547851563,47,1,2.2091601437068676e-8,-5.407780631307884e-15,-2.2091601437068676e-8,1,-5.3104582065088837e-8,4.234615435405207e-15,5.3104582065088837e-8,1],8,0.04673027992248535],[[776,222.69961547851563,47,1,3.335205178700562e-8,-6.313855163117598e-15,-3.335205178700562e-8,1,-8.017283192884861e-8,3.6399267321486458e-15,8.017283192884861e-8,1],8,0.09004998207092285],[[776,222.69961547851563,47,1,2.1982339504234006e-8,-6.005413197572628e-15,-2.1982339504234006e-8,1,-5.284187665210993e-8,4.843825247993023e-15,5.284187665210993e-8,1],8,0.09689712524414063],[[776,222.69961547851563,47,1,1.552485606737264e-8,-5.791464533557453e-15,-1.552485606737264e-8,1,-3.731913622573302e-8,5.212090185987249e-15,3.731913622573302e-8,1],8,0.10630059242248535],[[776,222.69961547851563,47,1,1.2297149076800907e-8,-5.721984114960077e-15,-1.2297149076800907e-8,1,-2.9560252912119723e-8,5.358476961030579e-15,2.9560252912119723e-8,1],8,0.11420965194702149],[[776,222.69961547851563,47,1,2.6181645740308569e-9,-5.663587122477524e-15,-2.6181645740308569e-9,1,-6.293547016866796e-9,5.647109790554586e-15,6.293547016866796e-9,1],8,0.12572383880615235],[[776,222.69961547851563,47,1,-7.054616446566797e-9,-5.830067636612094e-15,7.054616446566797e-9,1,1.6958249915433045e-8,5.710433550174844e-15,-1.6958249915433045e-8,1],8,0.1379859447479248],[[775.89892578125,222.69961547851563,47.00072479248047,0.9951273202896118,-1.7447119304847548e-8,0.09859852492809296,1.3405681009714954e-8,1,4.165134370737178e-8,-0.09859852492809296,-4.0126607814272577e-8,0.9951273202896118],8,0.1515483856201172],[[775.7081298828125,222.69961547851563,47.00209045410156,0.9716692566871643,-2.999223980282295e-8,0.23634472489356996,1.4273044968149407e-8,1,6.822051545896102e-8,-0.23634472489356996,-6.291442389283475e-8,0.9716692566871643],8,0.17050838470458985],[[775.4419555664063,222.69961547851563,47.00399398803711,0.9126383662223816,-5.0481077096264929e-8,0.4087679088115692,8.427206488192951e-9,1,1.0468063749158319e-7,-0.4087679088115692,-9.20907936574622e-8,0.9126383662223816],8,0.17910218238830567],[[775.2420043945313,222.69961547851563,47.00542449951172,0.855661928653717,-4.897760774724702e-8,0.5175351500511169,-1.2234651070031078e-9,1,9.665909317391197e-8,-0.5175351500511169,-8.334069434567937e-8,0.855661928653717],8,0.19231700897216798],[[775.0420532226563,222.69961547851563,47.00685501098633,0.7940589785575867,-3.655438973737546e-8,0.6078407168388367,-7.833455661909739e-9,1,7.037142069066249e-8,-0.6078407168388367,-6.064055213528263e-8,0.7940589785575867],8,0.20367956161499024],[[774.7754516601563,222.69961547851563,47.00876235961914,0.7092364430427551,-1.76386514283422e-8,0.70497065782547,-1.016459005853676e-8,1,3.52465008290892e-8,-0.70497065782547,-3.2163839591703439e-8,0.7092364430427551],8,0.21916484832763673],[[774.6421508789063,222.69961547851563,47.00971603393555,0.667564332485199,-7.347880526253903e-9,0.7445521354675293,-9.013908730537424e-9,1,1.7950716468817519e-8,-0.7445521354675293,-1.8694581882527929e-8,0.667564332485199],8,0.23455166816711427],[[774.3755493164063,222.69961547851563,47.01162338256836,0.587661623954773,1.4533051206910841e-8,0.8091068267822266,-3.0403859430094828e-9,1,-1.5753585103084334e-8,-0.8091068267822266,6.797781004763692e-9,0.587661623954773],8,0.2443854808807373],[[774.2422485351563,222.69961547851563,47.012577056884769,0.5499398112297058,2.6018069476663187e-8,0.8352043032646179,1.4355296951151786e-9,1,-3.2096966862127377e-8,-0.8352043032646179,1.8850361271915973e-8,0.5499398112297058],8,0.2540132999420166],[[774.1089477539063,222.69961547851563,47.01353073120117,0.5144801735877991,3.779687673954868e-8,0.857502281665802,6.688384512898438e-9,1,-4.809074027889437e-8,-0.857502281665802,3.047703955871839e-8,0.5144801735877991],8,0.263538122177124],[[773.8423461914063,222.69961547851563,47.015438079833987,-0.991544783115387,2.4789709840433717e-8,-0.12976515293121339,2.7549045711339205e-8,1,-1.9469025502871774e-8,0.12976515293121339,-2.287931621935968e-8,-0.991544783115387],8,0.280179500579834],[[773.4424438476563,222.69961547851563,47.0182991027832,-0.9990864992141724,5.831391902688665e-8,-0.04273434355854988,5.752607634690321e-8,1,1.966557938715141e-8,0.04273434355854988,1.7189275780538084e-8,-0.9990864992141724],8,0.30922961235046389],[[773.2424926757813,222.69961547851563,47.01972961425781,-0.9999793767929077,7.318885053564373e-8,-0.006423058453947306,7.294552517578268e-8,1,3.811725690638923e-8,0.006423058453947306,3.7647936323992329e-8,-0.9999793767929077],8,0.31644511222839358],[[773.0425415039063,222.69961547851563,47.02116012573242,-0.9999754428863525,8.872496692902132e-8,-0.007005277089774609,8.833065123781125e-8,1,5.659797963630808e-8,0.007005277089774609,5.597781083110931e-8,-0.9999754428863525],8,0.32706475257873537],[[772.9758911132813,222.69961547851563,47.021636962890628,-0.9999745488166809,9.390013389065644e-8,-0.007134432904422283,9.3454765703882e-8,1,6.275848107861748e-8,0.007134432904422283,6.209013037050681e-8,-0.9999745488166809],8,0.3352336883544922],[[772.8425903320313,222.69961547851563,47.02259063720703,-0.9999745488166809,9.00399754755199e-8,-0.007135509978979826,8.958461705788068e-8,1,6.413459630039142e-8,0.007135509978979826,6.349372938529996e-8,-0.9999745488166809],8,0.3475484848022461],[[772.5759887695313,222.69961547851563,47.024497985839847,-0.9999744892120361,5.3952106782162448e-8,-0.0071430932730436329,5.363195043628366e-8,1,4.5011528726490727e-8,0.0071430932730436329,4.462728142584638e-8,-0.9999744892120361],8,0.35762572288513186],[[772.4426879882813,222.69961547851563,47.02545166015625,-0.9999744296073914,3.5919590857247388e-8,-0.007148753385990858,3.5667031994535139e-8,1,3.54562672555403e-8,0.007148753385990858,3.520038660553837e-8,-0.9999744296073914],8,0.3660621643066406],[[772.3093872070313,222.69961547851563,47.026405334472659,-0.9999744296073914,1.789452319655993e-8,-0.007149047218263149,1.7709780308905466e-8,1,2.5905105616175207e-8,0.007149047218263149,2.5777834977702697e-8,-0.9999744296073914],8,0.37508249282836916],[[772.1094360351563,222.69961547851563,47.027835845947269,-0.9999744296073914,-9.128652500578483e-9,-0.007149210199713707,-9.211718499102517e-9,1,1.1586019255105385e-8,0.007149210199713707,1.165157925697713e-8,-0.9999744296073914],8,0.3883981704711914],[[771.9761352539063,222.69961547851563,47.02878952026367,-0.9999744296073914,-2.7134484881230493e-8,-0.00714919762685895,-2.714979885354296e-8,1,2.0450630078272526e-9,0.00714919762685895,2.2391100085172867e-9,-0.9999744296073914],8,0.39775872230529787],[[771.7761840820313,222.69961547851563,47.03022003173828,-0.9999744296073914,-5.4128808102404949e-8,-0.007149192970246077,-5.404254821428367e-8,1,-1.2258727366543099e-8,0.007149192970246077,-1.187205356245613e-8,-0.9999744296073914],8,0.40747737884521487],[[771.6428833007813,222.69961547851563,47.03117370605469,-0.9999744296073914,-7.211540520302151e-8,-0.007149192504584789,-7.196146611931909e-8,1,-2.1789494653035036e-8,0.007149192504584789,-2.1274471961874043e-8,-0.9999744296073914],8,0.41820502281188967],[[771.4429321289063,222.69961547851563,47.0326042175293,-0.9999744296073914,-9.908089992904934e-8,-0.007149192504584789,-9.882549534268037e-8,1,-3.607800991289878e-8,0.007149192504584789,-3.537056514346659e-8,-0.9999744296073914],8,0.428966760635376],[[771.2429809570313,222.69961547851563,47.034034729003909,-0.9999744296073914,-9.227956354607159e-8,-0.007149192504584789,-9.202121731277657e-8,1,-3.646541557600358e-8,0.007149192504584789,-3.580660745683417e-8,-0.9999744296073914],8,0.4400746822357178],[[771.0430297851563,222.69961547851563,47.035465240478519,-0.999998152256012,-6.842446254040624e-8,-0.0019126269035041333,-6.836714305791247e-8,1,-3.003260573564148e-8,0.0019126269035041333,-2.990178771256069e-8,-0.999998152256012],8,0.4623291492462158],[[770.6431274414063,222.69961547851563,47.03643798828125,-1,-2.1084783696778687e-8,-0.00016025162767618895,-2.10820161328229e-8,1,-1.7262181017940749e-8,0.00016025162767618895,-1.7258802387232209e-8,-1],8,0.4861431121826172],[[770.3765258789063,222.69961547851563,47.03654479980469,-1,1.0406307815458149e-8,-0.00016144372057169676,1.0407721795502312e-8,1,-8.757619518462434e-9,0.00016144372057169676,-8.759299063854087e-9,-1],8,0.5020837783813477],[[770.1099243164063,222.69961547851563,47.036590576171878,-1,4.187051061421698e-8,-0.00016144372057169676,4.187055324678113e-8,1,-2.6032198618963778e-10,0.00016144372057169676,-2.670817178529461e-10,-1],8,0.5091023445129395],[[769.9766235351563,222.6894073486328,47.03661346435547,-1,5.759252985626517e-8,-0.00016144372057169676,5.759188681508931e-8,1,3.9856042910457749e-9,0.00016144372057169676,3.976306395259144e-9,-1],8,0.5203399658203125],[[769.7766723632813,223.3485107421875,47.03664779663086,-1,8.116296612570295e-8,-0.00016263581346720457,8.11612821394192e-8,1,1.0351120849350082e-8,0.00016263581346720457,1.0337920741676499e-8,-1],3,0.5341489315032959],[[769.5767211914063,223.98036193847657,47.03668212890625,-0.9980522990226746,1.0460174593163174e-7,0.06238270178437233,1.0544395934175555e-7,1,1.0208564660274533e-8,-0.06238270178437233,1.6766559696179685e-8,-0.9980522990226746],5,0.5543031692504883],[[769.3101196289063,224.77513122558595,47.03672790527344,-0.9922064542770386,1.3683602162473108e-7,0.12460470199584961,1.3815937904837484e-7,1,1.9791657202006265e-9,-0.12460470199584961,1.9179049459694398e-8,-0.9922064542770386],5,0.561774730682373],[[769.1101684570313,225.33543395996095,47.03676223754883,-0.9951105713844299,1.6289902760036058e-7,0.09876709431409836,1.6300269578550798e-7,1,-7.0197572199504069e-9,-0.09876709431409836,9.113867882604154e-9,-0.9951105713844299],5,0.5760250091552734],[[768.9102172851563,225.86509704589845,47.03679656982422,-0.9950425028800964,1.3554814870531119e-7,0.09945032000541687,1.347645195437508e-7,1,-1.4597434372376484e-8,-0.09945032000541687,-1.1226928275931414e-9,-0.9950425028800964],5,0.5868890285491943],[[768.7769165039063,226.201171875,47.03681945800781,-0.9977936148643494,1.1709202141219066e-7,0.0663919523358345,1.1610933370320709e-7,1,-1.865995358230066e-8,-0.0663919523358345,-1.0910056857937889e-8,-0.9977936148643494],5,0.5959537029266357],[[768.5103149414063,226.8324432373047,47.036865234375,-0.991156816482544,8.121622130374817e-8,0.132695734500885,7.892921871643921e-8,1,-2.2494953455520773e-8,-0.132695734500885,-1.1822455014964817e-8,-0.991156816482544],5,0.610123872756958],[[768.1104125976563,227.67715454101563,47.03693389892578,-0.9801200032234192,2.7254616341565453e-8,0.19840548932552339,2.3975827545541507e-8,1,-1.8928044909216625e-8,-0.19840548932552339,-1.379481950891659e-8,-0.9801200032234192],5,0.6385383605957031],[[767.8438110351563,228.17218017578126,47.03697967529297,-0.991836428642273,-1.0797659655281678e-8,0.1275167316198349,-1.255401649302712e-8,1,-1.2969840312848646e-8,-0.1275167316198349,-1.4464807129854762e-8,-0.991836428642273],5,0.6529104709625244],[[767.3772583007813,228.90731811523438,47.0392951965332,-0.9745564460754395,-7.505796872919746e-8,0.22414225339889527,-7.464844742344212e-8,1,1.0300823305442464e-8,-0.22414225339889527,-6.693137155622253e-9,-0.9745564460754395],5,0.6803247928619385],[[767.2439575195313,229.08670043945313,47.04018783569336,-0.9983340501785278,-9.391023780835894e-8,0.057699043303728107,-9.303824555217943e-8,1,1.779909553079051e-8,-0.057699043303728107,1.2401224047664528e-8,-0.9983340501785278],5,0.6899666786193848],[[767.1106567382813,229.25245666503907,47.04130554199219,-0.9983340501785278,-1.1272570077380806e-7,0.057698965072631839,-1.1138514111053155e-7,1,2.644977215027211e-8,-0.057698965072631839,1.9978900311912186e-8,-0.9983340501785278],5,0.6981863975524902],[[766.9773559570313,229.40460205078126,47.042484283447269,-0.9983340501785278,-1.3156737566077937e-7,0.05769887939095497,-1.296898659575163e-7,1,3.6284369286931908e-8,-0.05769887939095497,2.87409598342947e-8,-0.9983340501785278],5,0.7073824405670166],[[766.7774047851563,229.6072540283203,47.04426193237305,-0.9958580732345581,-1.4349326704632404e-7,0.09092137217521668,-1.3965042455765798e-7,1,4.86273421529404e-8,-0.09092137217521668,3.572872486756751e-8,-0.9958580732345581],5,0.7193951606750488],[[766.6441040039063,229.72532653808595,47.04545211791992,-0.9983340501785278,-1.2604743915289874e-7,0.057698845863342288,-1.2328425214036543e-7,1,5.144928749700739e-8,-0.057698845863342288,4.4250217712260567e-8,-0.9983340501785278],5,0.7284436225891113],[[766.5108032226563,229.82977294921876,47.0466423034668,-0.9983340501785278,-1.099385400493702e-7,0.05769876763224602,-1.0702915886895426e-7,1,5.351400389486116e-8,-0.05769876763224602,4.7249400836335556e-8,-0.9983340501785278],5,0.7381815910339356],[[766.3775024414063,229.92059326171876,47.04783248901367,-0.9983340501785278,-9.389148658556224e-8,0.05769868567585945,-9.087893459991392e-8,1,5.4835830098909358e-8,-0.05769868567585945,4.950088339228387e-8,-0.9983340501785278],5,0.7480044364929199],[[766.1775512695313,230.03128051757813,47.049617767333987,-0.9958580732345581,-7.156747017234011e-8,0.09092117100954056,-6.683924169692546e-8,1,5.5048484881581319e-8,-0.09092117100954056,4.8743373781690028e-8,-0.9958580732345581],5,0.7581808567047119],[[766.0442504882813,230.08804321289063,47.05080795288086,-0.9983339905738831,-5.3975778513404296e-8,0.05769910290837288,-5.0913065763324997e-8,1,5.45508278548823e-8,-0.05769910290837288,5.1522309973961458e-8,-0.9983339905738831],5,0.7736325263977051],[[765.7109985351563,230.1703338623047,47.05378341674805,-0.9749472737312317,-2.202962257058516e-8,0.2224360853433609,-1.2192670872934741e-8,1,4.559696620276554e-8,-0.2224360853433609,4.1742548972933949e-8,-0.9749472737312317],5,0.788679838180542],[[765.0444946289063,230.07945251464845,47.05973434448242,-0.8485937118530273,4.743588633004947e-8,0.5290451645851135,5.385455992268362e-8,1,-3.279958527002691e-9,-0.5290451645851135,2.5708141393465668e-8,-0.8485937118530273],5,0.838984489440918],[[764.7112426757813,229.90628051757813,47.06270980834961,-0.7491250038146973,8.541040585896553e-8,0.6624286770820618,7.75565496269337e-8,1,-4.1228375380342189e-8,-0.6624286770820618,2.0490475094447903e-8,-0.7491250038146973],5,0.8548943996429443],[[764.5112915039063,229.76148986816407,47.06449508666992,-0.686700701713562,1.092314008133144e-7,0.7269402146339417,8.85057858113214e-8,1,-6.665528928806452e-8,-0.7269402146339417,1.856618148110556e-8,-0.686700701713562],5,0.8771400451660156],[[764.1113891601563,229.37997436523438,47.06490707397461,-0.5651329755783081,1.587584392837016e-7,0.8249998092651367,1.0417709717103208e-7,1,-1.2107219049539709e-7,-0.8249998092651367,1.752420253353648e-8,-0.5651329755783081],5,0.8847322463989258],[[763.9114379882813,229.14321899414063,47.061824798583987,-0.5084402561187744,1.31975909312132e-7,0.8610972762107849,7.809627078358972e-8,1,-1.0715238119018977e-7,-0.8610972762107849,1.2767904067345626e-8,-0.5084402561187744],5,0.9009935855865479],[[763.6451416015625,228.7798614501953,47.04805374145508,-0.43702641129493716,9.572772796673235e-8,0.8994486927986145,4.638043549221038e-8,1,-8.389389449803275e-8,-0.8994486927986145,5.05297359509882e-9,-0.43702641129493716],5,0.918046236038208],[[763.3150024414063,228.2490234375,47.00413131713867,-0.34493231773376467,4.970791778191597e-8,0.9386275410652161,1.069754240745624e-8,1,-4.902688743868566e-8,-0.9386275410652161,-6.8699508304348459e-9,-0.34493231773376467],5,0.9352664947509766],[[763.054443359375,227.76304626464845,46.94804763793945,-0.270480751991272,1.2442247232513637e-8,0.9627254009246826,-1.4311345886142135e-8,1,-1.6944801117801945e-8,-0.9627254009246826,-1.8361138387490429e-8,-0.270480751991272],5,0.9532365798950195],[[762.7990112304688,227.22256469726563,46.87179183959961,-0.1951008290052414,-2.5099229361558174e-8,0.9807831645011902,-3.5956823296601217e-8,1,1.84383495138718e-8,-0.9807831645011902,-3.1668509592464036e-8,-0.1951008290052414],5,0.9852297306060791],[[762.4886474609375,226.47032165527345,46.750694274902347,-0.09924857318401337,-7.22284596577083e-8,0.9950626492500305,-5.7910533257654609e-8,1,6.681079156578562e-8,-0.9950626492500305,-5.099373368011584e-8,-0.09924857318401337],5,0.9934005737304688],[[762.3094482421875,225.9781036376953,46.66268539428711,-0.03984704613685608,-1.0051320487036719e-7,0.9992057681083679,-6.805402819054507e-8,1,9.787919452719507e-8,-0.9992057681083679,-6.409978681176654e-8,-0.03984704613685608],5,1.0019075870513917],[[762.13720703125,225.45523071289063,46.56117630004883,0.01902891881763935,-1.2872625632098789e-7,0.9998189210891724,-7.592844042392244e-8,1,1.301946639387097e-7,-0.9998189210891724,-7.839215498961494e-8,0.01902891881763935],5,1.0147745609283448],[[762.0216064453125,225.08961486816407,46.49995803833008,0.02911955863237381,-1.1733272486935675e-7,0.9995759129524231,-6.706878252771276e-8,1,1.1933634880278988e-7,-0.9995759129524231,-7.051536243807277e-8,0.02911955863237381],5,1.0260090827941895],[[761.8444213867188,224.51564025878907,46.426361083984378,0.02166718989610672,-1.0025234331578759e-7,0.9997652173042297,-5.6513499657739888e-8,1,1.0150066032110772e-7,-0.9997652173042297,-5.869946662073744e-8,0.02166718989610672],5,1.045727252960205],[[761.6000366210938,223.70266723632813,46.362022399902347,0.0076054916717112068,-7.74712987094972e-8,0.9999710917472839,-4.256124341850409e-8,1,7.779724597867244e-8,-0.9999710917472839,-4.3151700879207058e-8,0.0076054916717112068],5,1.0567262172698975],[[761.4027099609375,223.0571746826172,46.35514450073242,0.0031561676878482105,-6.038436595190433e-8,0.9999949932098389,-3.142867655014925e-8,1,6.048386325119282e-8,-0.9999949932098389,-3.161941819485037e-8,0.0031561676878482105],7,1.0663409233093262],[[761.269775390625,222.60980224609376,46.34737777709961,0.004898134618997574,-4.89981069051737e-8,0.9999880194664002,-2.370457075073773e-8,1,4.911480644409494e-8,-0.9999880194664002,-2.3944858540403403e-8,0.004898134618997574],7,1.0752384662628174],[[761.004638671875,222.4307098388672,46.31931686401367,0.01635591685771942,-2.625216488638671e-8,0.999866247177124,-8.069692469803158e-9,1,2.6387683149664555e-8,-0.999866247177124,-8.500207648864944e-9,0.01635591685771942],7,1.1006386280059815],[[760.74169921875,222.51841735839845,46.27533721923828,0.03505663946270943,-3.556712036001386e-9,0.9993852972984314,7.303478266607044e-9,1,3.3027063306434458e-9,-0.9993852972984314,7.183207806349401e-9,0.03505663946270943],8,1.1091904640197755],[[760.6115112304688,222.56106567382813,46.24690246582031,0.04668480157852173,7.766124632269112e-9,0.9989096522331238,1.4770240142070179e-8,1,-8.464900780325025e-9,-0.9989096522331238,1.514932002066871e-8,0.04668480157852173],8,1.1193428039550782],[[760.0950927734375,222.65699768066407,46.11429214477539,0.10045448690652847,5.283092363583819e-8,0.9949416518211365,4.2529308075245356e-8,1,-5.739349973055141e-8,-0.9949416518211365,4.807961673236605e-8,0.10045448690652847],8,1.1491520404815674],[[759.9103393554688,222.67254638671876,46.14084243774414,0.07176947593688965,6.967390220324887e-8,0.9974212646484375,5.5465129378262648e-8,1,-7.384503675211818e-8,-0.9974212646484375,6.0621921704751e-8,0.07176947593688965],8,1.1632239818572999],[[759.7260131835938,222.6824493408203,46.21428298950195,0.027184823527932168,8.659203132310722e-8,0.9996304512023926,7.026795856290846e-8,1,-8.853497490690643e-8,-0.9996304512023926,7.26487954239019e-8,0.027184823527932168],8,1.1832642555236817],[[759.4150390625,222.6915740966797,46.334163665771487,-0.04083353281021118,6.052729872862983e-8,0.999165952205658,5.137853520409408e-8,1,-5.847810413683874e-8,-0.999165952205658,4.89478146903366e-8,-0.04083353281021118],8,1.1961212158203126],[[759.1629028320313,222.6952362060547,46.42094421386719,-0.08331669121980667,2.8718336153588099e-8,0.9965231418609619,2.4791015462710676e-8,1,-2.6745828662910754e-8,-0.9965231418609619,2.247645269903842e-8,-0.08331669121980667],8,1.2108924388885499],[[758.7828979492188,222.69786071777345,46.54592514038086,-0.1325601041316986,-1.9042506238520219e-8,0.9911749958992004,-1.8086325326294174e-8,1,1.6793178403418098e-8,-0.9911749958992004,-1.570060526034922e-8,-0.1325601041316986],8,1.237436294555664],[[758.5919189453125,222.69850158691407,46.60527038574219,-0.1514880359172821,-4.2919261034057857e-8,0.9884591102600098,-4.034428968680004e-8,1,3.723733499327864e-8,-0.9884591102600098,-3.423766514742965e-8,-0.1514880359172821],8,1.2502853870391846],[[758.4005737304688,222.69891357421876,46.66341781616211,-0.16686108708381654,-6.678423858375027e-8,0.9859803915023804,-6.290729714919508e-8,1,5.708780648205902e-8,-0.9859803915023804,-5.2499625979862688e-8,-0.16686108708381654],8,1.2793216705322266],[[757.952880859375,222.6993865966797,46.795143127441409,-0.1952829509973526,-6.512333072805632e-8,0.9807469248771668,-6.207416447523429e-8,1,5.404177372270169e-8,-0.9807469248771668,-5.032560679296694e-8,-0.1952829509973526],8,1.30570387840271],[[757.5648193359375,222.69952392578126,46.8919677734375,-0.2070797085762024,-2.6902354122171347e-8,0.9783240556716919,-2.5515896950878415e-8,1,2.20975131526302e-8,-0.9783240556716919,-2.0386869081789883e-8,-0.2070797085762024],8,1.317086935043335],[[757.3681640625,222.69956970214845,46.92814254760742,-0.20631271600723267,-7.81141551442488e-9,0.9784861207008362,-6.985902523126697e-9,1,6.51019460562452e-9,-0.9784861207008362,-5.492472698875872e-9,-0.20631271600723267],8,1.3292150497436524],[[757.1704711914063,222.69956970214845,46.95872497558594,-0.20187649130821229,1.1267982102936003e-8,0.9794110059738159,1.1506174679709602e-8,1,-9.133199085908928e-9,-0.9794110059738159,9.42549505111856e-9,-0.20187649130821229],8,1.3478617668151856],[[756.9061279296875,222.69956970214845,46.99367904663086,-0.1930173933506012,3.6689964844072168e-8,0.981195330619812,3.593471120666436e-8,1,-3.032417694726064e-8,-0.981195330619812,2.9405878620991645e-8,-0.1930173933506012],8,1.3555588722229005],[[756.83984375,222.69956970214845,47.0006217956543,-0.19021360576152802,4.304237322116933e-8,0.9817427396774292,4.198073000338809e-8,1,-3.570901441207752e-8,-0.9817427396774292,3.4421937300521679e-8,-0.19021360576152802],8,1.3637757301330567],[[756.6405029296875,222.69956970214845,47.01571273803711,-0.17952613532543183,6.209199909790186e-8,0.9837532043457031,5.98844493993056e-8,1,-5.2189083277198736e-8,-0.9837532043457031,4.9542212110509357e-8,-0.17952613532543183],8,1.3767619132995606],[[756.440673828125,222.69956970214845,47.0233154296875,-0.16602984070777894,8.112942140314772e-8,0.9861207008361816,7.736850449191479e-8,1,-6.924501150251672e-8,-0.9861207008361816,6.47979518930697e-8,-0.16602984070777894],8,1.3880245685577393],[[756.307373046875,222.69956970214845,47.02553939819336,-0.15617208182811738,9.381340504432956e-8,0.9877298474311829,8.878827628677755e-8,1,-8.094030334859781e-8,-0.9877298474311829,7.505821741915497e-8,-0.15617208182811738],8,1.3980519771575928],[[756.107421875,222.69956970214845,47.02477264404297,-0.14037375152111054,7.071055563301343e-8,0.9900985956192017,6.595444546064755e-8,1,-6.206683167420124e-8,-0.9900985956192017,5.6588849162153568e-8,-0.14037375152111054],8,1.4086341857910157],[[755.97412109375,222.69956970214845,47.0206298828125,-0.12902036309242249,5.5320384717560958e-8,0.9916419386863709,5.0914824356596e-8,1,-4.9162235171706928e-8,-0.9916419386863709,4.4146347022433477e-8,-0.12902036309242249],8,1.41965913772583],[[755.7743530273438,222.69956970214845,47.010929107666019,-0.11130880564451218,3.225581224342022e-8,0.9937858581542969,2.8705160914910267e-8,1,-2.9242389842920603e-8,-0.9937858581542969,2.5271846837426893e-8,-0.11130880564451218],8,1.4301059246063233],[[755.5747680664063,222.69956970214845,46.99892807006836,-0.09381365776062012,9.2197067758093e-9,0.9955897927284241,6.9762720045218888e-9,1,-8.603177725774458e-9,-0.9955897927284241,6.1384084482085658e-9,-0.09381365776062012],8,1.4455654621124268],[[755.3753051757813,222.69956970214845,46.98453903198242,-0.07680278271436691,-1.3784261732041614e-8,0.9970462918281555,-1.4270365333857172e-8,1,1.2725847042815986e-8,-0.9970462918281555,-1.3250835095846014e-8,-0.07680278271436691],8,1.4553828239440919],[[755.1759033203125,222.69956970214845,46.96969223022461,-0.06103188171982765,-3.6753167620418029e-8,0.9981358051300049,-3.5067802883759217e-8,1,3.467755860242505e-8,-0.9981358051300049,-3.2885996148479538e-8,-0.06103188171982765],8,1.4671928882598878],[[755.04296875,222.69956970214845,46.959781646728519,-0.05142074450850487,-5.2045493248442656e-8,0.9986770749092102,-4.8718135303715829e-8,1,4.960599753189854e-8,-0.9986770749092102,-4.610290815776352e-8,-0.05142074450850487],8,1.4760572910308838],[[754.8435668945313,222.69956970214845,46.944915771484378,-0.038247209042310718,-7.495324894080113e-8,0.9992682933807373,-6.891876580539247e-8,1,7.237024846062923e-8,-0.9992682933807373,-6.610037672771796e-8,-0.038247209042310718],8,1.4872043132781983],[[754.7106323242188,222.69956970214845,46.93500518798828,-0.030239233747124673,-7.69930963429033e-8,0.9995427131652832,-7.01687241644322e-8,1,7.490550046895805e-8,-0.9995427131652832,-6.787155371057452e-8,-0.030239233747124673],8,1.4983139038085938],[[754.51123046875,222.69956970214845,46.92013931274414,-0.019273560494184495,-6.024751542099693e-8,0.9998142719268799,-5.41269216114415e-8,1,5.921529577790352e-8,-0.9998142719268799,-5.297557947869791e-8,-0.019273560494184495],8,1.5090923309326172],[[754.3118286132813,222.6791534423828,46.9052734375,-0.00871266983449459,-4.352899196646831e-8,0.9999620318412781,-3.8338878738386487e-8,1,4.319659652196606e-8,-0.9999620318412781,-3.7961065402214447e-8,-0.00871266983449459],8,1.5222969055175782],[[754.1124267578125,222.62808227539063,46.89040756225586,0.0017684713238850237,-2.683845146123076e-8,0.9999984502792358,-2.2782222330874903e-8,1,2.6878783643269345e-8,-0.9999984502792358,-2.2829720336403626e-8,0.0017684713238850237],8,1.5336863994598389],[[753.9130249023438,223.2871856689453,46.87554168701172,0.012235569767653942,-1.0177068965333547e-8,0.9999251365661621,-7.456206319034209e-9,1,1.0269068262402925e-8,-0.9999251365661621,-7.581296479486355e-9,0.012235569767653942],3,1.5511245727539063],[[753.6471557617188,224.12283325195313,46.85572052001953,0.022273754701018335,1.199509025440193e-8,0.9997519254684448,1.2635297252927558e-8,1,-1.227957291405346e-8,-0.9997519254684448,1.290567475109583e-8,0.022273754701018335],5,1.5743308067321778],[[753.3148193359375,225.0907440185547,46.8309440612793,0.03160709887742996,3.965186579080182e-8,0.9995003938674927,3.741185850003603e-8,1,-4.085476135173849e-8,-0.9995003938674927,3.8684465408778126e-8,0.03160709887742996],5,1.5823068618774415],[[753.1220703125,225.63063049316407,46.80276870727539,0.08532963693141937,5.616768206095912e-8,0.9963527917861939,4.949679421883957e-8,1,-6.061229385068146e-8,-0.9963527917861939,5.4488292988708056e-8,0.08532963693141937],5,1.5954585075378419],[[752.9393920898438,226.1398468017578,46.75464630126953,0.1584315150976181,7.248316791219622e-8,0.987369954586029,5.874699837704611e-8,1,-8.283677033205095e-8,-0.987369954586029,7.112897293382048e-8,0.1584315150976181],5,1.6203982830047608],[[752.6572875976563,226.92042541503907,46.6301155090332,0.274596244096756,9.900475106405793e-8,0.9615595936775208,6.990758549818566e-8,1,-1.2292645124034608e-7,-0.9615595936775208,1.0097545555254328e-7,0.274596244096756],5,1.6300160884857178],[[752.50146484375,227.34788513183595,46.52880859375,0.33442842960357668,1.1442607927847348e-7,0.9424211382865906,7.491743048149147e-8,1,-1.4800239966916707e-7,-0.9424211382865906,1.2009998329176597e-7,0.33442842960357668],5,1.6523113250732422],[[752.2637329101563,227.99220275878907,46.31548309326172,0.41744181513786318,8.020204944614307e-8,0.908703625202179,4.434895828353547e-8,1,-1.0863295329954781e-7,-0.908703625202179,8.5647997138949e-8,0.41744181513786318],5,1.6614398956298829],[[752.1744995117188,228.22608947753907,46.217342376708987,0.44519302248954775,6.688157583312204e-8,0.8954346179962158,3.396512937570151e-8,1,-9.157856339925275e-8,-0.8954346179962158,7.118369182990136e-8,0.44519302248954775],5,1.6731483936309815],[[752.0404663085938,228.55137634277345,46.06906509399414,0.48078787326812746,4.726948787947549e-8,0.8768369555473328,2.013639388565025e-8,1,-6.495029936104402e-8,-0.8768369555473328,4.888365268129746e-8,0.48078787326812746],5,1.6833791732788087],[[751.9500122070313,228.75119018554688,45.97113037109375,0.5011994242668152,3.442680807097531e-8,0.8653318285942078,1.187495612953171e-8,1,-4.6662481878456677e-8,-0.8653318285942078,3.366298528817424e-8,0.5011994242668152],5,1.692626714706421],[[751.81298828125,229.02537536621095,45.825435638427737,0.5277277827262878,1.548110262206137e-8,0.8494135141372681,6.473941938089922e-10,1,-1.86278459324285e-8,-0.8494135141372681,1.0380333037574019e-8,0.5277277827262878],5,1.7035470008850098],[[751.7210083007813,229.19113159179688,45.72892761230469,0.5431426167488098,3.0492399716308684e-9,0.8396404385566711,-6.1970699682945e-9,1,3.7713440703690539e-10,-0.8396404385566711,-5.408151704244801e-9,0.5431426167488098],5,1.714327096939087],[[751.58154296875,229.4142303466797,45.58557891845703,0.5630987882614136,-1.5329597147228925e-8,0.8263896107673645,-1.56907713488863e-8,1,2.9241720156392149e-8,-0.8263896107673645,-2.9432669634843479e-8,0.5630987882614136],5,1.7254817485809327],[[751.3945922851563,229.66400146484376,45.39539337158203,0.5856324434280396,-3.938112413948147e-8,0.8105767369270325,-2.7201290109246658e-8,1,6.823670162248163e-8,-0.8105767369270325,-6.201035773756303e-8,0.5856324434280396],5,1.742812156677246],[[751.2069702148438,229.85926818847657,45.205875396728519,0.6043950319290161,-6.29668193141697e-8,0.796684741973877,-3.771960166432109e-8,1,1.0765155877834332e-7,-0.796684741973877,-9.511470011602796e-8,0.6043950319290161],5,1.757617473602295],[[751.017578125,230.0000457763672,45.01814270019531,0.6193814873695374,-8.614953372898526e-8,0.7850901484489441,-4.763978367350319e-8,1,1.4731649855548313e-7,-0.7850901484489441,-1.2864664711287333e-7,0.6193814873695374],5,1.78334379196167],[[750.8268432617188,230.08631896972657,44.831825256347659,0.6312270164489746,-6.976337374453579e-8,0.7755981087684631,-3.625903488568838e-8,1,1.1945756739351055e-7,-0.7755981087684631,-1.0352728452289739e-7,0.6312270164489746],5,1.7920215129852296],[[750.6333618164063,230.1180877685547,44.64828872680664,0.6398971676826477,-5.3574684244495077e-8,0.7684605717658997,-2.5831152328237296e-8,1,9.122649657911097e-8,-0.7684605717658997,-7.822579561889143e-8,0.6398971676826477],5,1.806096076965332],[[750.3892211914063,230.08116149902345,44.42129135131836,0.6475344896316528,-3.3544502286986247e-8,0.762036144733429,-1.3658116415626865e-8,1,5.56254491357322e-8,-0.762036144733429,-4.642737749804837e-8,0.6475344896316528],5,1.8287138938903809],[[750.2394409179688,230.01812744140626,44.28882598876953,0.6497728228569031,-2.1605268685220836e-8,0.7601284980773926,-6.706406985301783e-9,1,3.415594918010356e-8,-0.7601284980773926,-2.7291337190149535e-8,0.6497728228569031],5,1.841602087020874],[[750.1386108398438,229.95907592773438,44.20155715942383,0.6504018902778626,-1.3662490694343888e-8,0.7595902681350708,-2.1489079404801716e-9,1,1.9826668307132423e-8,-0.7595902681350708,-1.4527591574164945e-8,0.6504018902778626],5,1.851548671722412],[[749.98583984375,229.84495544433595,44.07246017456055,0.6502645015716553,-1.75864656171143e-9,0.7597079277038574,4.647346507624661e-9,1,-1.6629518873045868e-9,-0.7597079277038574,4.61198457202272e-9,0.6502645015716553],5,1.8608124256134034],[[749.8834838867188,229.7518310546875,43.98703384399414,0.6497603058815002,6.176487321596369e-9,0.7601391673088074,9.183702687209916e-9,1,-1.5975619049868329e-8,-0.7601391673088074,1.736121468809415e-8,0.6497603058815002],5,1.8712716102600098],[[749.7291870117188,229.5866241455078,43.85976028442383,0.6485598683357239,1.808467153807669e-8,0.7611636519432068,1.6024797488967125e-8,1,-3.7413389719631598e-8,-0.7611636519432068,3.6462314056961989e-8,0.6485598683357239],5,1.8817355632781983],[[749.5733642578125,229.3907470703125,43.73440933227539,0.646592915058136,3.0007129225850807e-8,0.7628352046012878,2.2956253786787785e-8,1,-5.879445552636753e-8,-0.7628352046012878,5.5527916487108089e-8,0.646592915058136],5,1.8976833820343018],[[749.4159545898438,229.16421508789063,43.61101531982422,0.6438415050506592,4.195487690594746e-8,0.7651588916778565,3.002737614110629e-8,1,-8.009806862219193e-8,-0.7651588916778565,7.454617190205681e-8,0.6438415050506592],5,1.90938138961792],[[749.2548828125,228.9070281982422,43.49251174926758,0.6392897963523865,5.394439384076577e-8,0.7689658999443054,3.741153165037758e-8,1,-1.0125442884145741e-7,-0.7689658999443054,9.349911778144815e-8,0.6392897963523865],5,1.9218735694885255],[[749.0886840820313,228.6191864013672,43.381317138671878,0.6319353580474854,6.600656377031555e-8,0.7750210762023926,4.536367370633343e-8,1,-1.2215599554110668e-7,-0.7750210762023926,1.1235250241270478e-7,0.6319353580474854],5,1.9329171180725098],[[748.9758911132813,228.41024780273438,43.31032180786133,0.6258315443992615,7.410480407088471e-8,0.7799582481384277,5.0998544054436937e-8,1,-1.3593201231287822e-7,-0.7799582481384277,1.2484727562878107e-7,0.6258315443992615],5,1.9435064792633057],[[748.7459716796875,227.95152282714845,43.19363784790039,0.5522874593734741,8.148012398123683e-8,0.8336537480354309,6.699112020669418e-8,1,-1.421195321427149e-7,-0.8336537480354309,1.3433823653485889e-7,0.5522874593734741],5,1.962501049041748],[[748.4674072265625,227.3014678955078,43.10160827636719,0.4127071499824524,5.430637983749875e-8,0.9108637571334839,6.18069151414602e-8,1,-8.76251107229109e-8,-0.9108637571334839,9.246119248018658e-8,0.4127071499824524],5,1.9865846633911133],[[748.2597045898438,226.72010803222657,43.06999969482422,0.2884429395198822,3.075221499670988e-8,0.9574970602989197,5.063481722800134e-8,1,-4.737086811701374e-8,-0.9574970602989197,6.214648351487995e-8,0.2884429395198822],5,2.004579782485962],[[748.067626953125,226.08425903320313,43.07489776611328,0.15871229767799378,6.035782540436685e-9,0.9873248934745789,3.32728546936778e-8,1,-1.14618741164918e-8,-0.9873248934745789,3.4670257775815119e-8,0.15871229767799378],5,2.012897491455078],[[747.9780883789063,225.7458953857422,43.09073257446289,0.0926252156496048,-6.629794491175289e-9,0.995701014995575,2.248473940369422e-8,1,4.566773181835515e-9,-0.995701014995575,2.1965080421182394e-8,0.0926252156496048],5,2.022993326187134],[[747.8528442382813,225.21279907226563,43.13075256347656,-0.007188695482909679,-2.5880378728970755e-8,0.9999741315841675,3.9561931508558249e-9,1,2.5909487888498007e-8,-0.9999741315841675,4.142346465840774e-9,-0.007188695482909679],5,2.0328171253204347],[[747.7758178710938,224.8403778076172,43.168006896972659,-0.07375392317771912,-3.882072618921484e-8,0.9972764849662781,-9.797036959469097e-9,1,3.820220229044935e-8,-0.9972764849662781,-6.952792563907906e-9,-0.07375392317771912],5,2.043635129928589],[[747.638671875,224.0546417236328,43.267127990722659,-0.20560887455940247,-6.479182701468744e-8,0.978634238243103,-4.012409959841534e-8,1,5.7776393447284138e-8,-0.978634238243103,-2.7387480727725234e-8,-0.20560887455940247],5,2.056483030319214],[[747.5787353515625,223.64134216308595,43.32882308959961,-0.27031320333480837,-7.77607525037638e-8,0.9627724289894104,-5.644289657880108e-8,1,6.492031445759494e-8,-0.9627724289894104,-3.679284432678287e-8,-0.27031320333480837],5,2.067880392074585],[[747.5393676757813,223.52291870117188,43.48347854614258,-0.3816467523574829,-9.7113812103089e-8,0.9243082404136658,-8.319396016531755e-8,1,7.071569996242033e-8,-0.9243082404136658,-4.990845070551586e-8,-0.3816467523574829],7,2.079317569732666],[[747.5374145507813,223.4433135986328,43.680301666259769,-0.48968154191970827,-1.0066334965586066e-7,0.8719013929367065,-9.605825823655323e-8,1,6.150396814064152e-8,-0.8719013929367065,-5.363597210816806e-8,-0.48968154191970827],7,2.0923244953155519],[[747.5430908203125,223.33071899414063,43.880035400390628,-0.5849299430847168,-7.324436523958866e-8,0.8110837936401367,-7.65038663530504e-8,1,3.513195778737099e-8,-0.8110837936401367,-4.150131616142971e-8,-0.5849299430847168],7,2.104475498199463],[[747.5518798828125,223.18746948242188,44.07982635498047,-0.6657740473747253,-4.628944694218262e-8,0.7461534142494202,-5.36074260537589e-8,1,1.4204873721723743e-8,-0.7461534142494202,-3.054212882602769e-8,-0.6657740473747253],8,2.1165034770965578],[[747.5634155273438,223.01356506347657,44.27948760986328,-0.7332097291946411,-1.975348773441965e-8,0.6800025701522827,-2.841364121763945e-8,1,-1.5877438253042442e-9,-0.6800025701522827,-2.0485497742583904e-8,-0.7332097291946411],8,2.1275551319122316],[[747.57177734375,222.88059997558595,44.41255569458008,-0.7711374163627625,-2.2630124441036516e-9,0.6366687417030335,-1.076930455923275e-8,1,-9.489395047523886e-9,-0.6366687417030335,-1.417410722126533e-8,-0.7711374163627625],8,2.1427218914031984],[[747.5888671875,222.61550903320313,44.678672790527347,-0.8333392143249512,3.23389883760683e-8,0.552761971950531,2.569821333509026e-8,1,-1.976196273290043e-8,-0.552761971950531,-2.2634232266227629e-9,-0.8333392143249512],8,2.1531550884246828],[[747.597412109375,222.59754943847657,44.811729431152347,-0.8583166003227234,4.949062315517949e-8,0.5131205320358276,4.4227203233049298e-8,1,-2.2469732741114968e-8,-0.5131205320358276,3.407740978289553e-9,-0.8583166003227234],8,2.1632797718048097],[[747.6102294921875,222.61732482910157,45.011314392089847,-0.8891432881355286,7.50879252109371e-8,0.45762890577316286,7.209363417359782e-8,1,-2.4007132282122258e-8,-0.45762890577316286,1.1646348774263516e-8,-0.8891432881355286],8,2.1789538860321047],[[747.6257934570313,222.6508331298828,45.277530670166019,-0.9207687377929688,1.09057950226088e-7,0.3901088833808899,1.0909275260928553e-7,1,-2.206756910538843e-8,-0.3901088833808899,2.2238923591544336e-8,-0.9207687377929688],8,2.191483974456787],[[747.6312866210938,222.66845703125,45.47743225097656,-0.9379558563232422,9.887889262927274e-8,0.3467547595500946,1.0032128017201103e-7,1,-1.3790629083132444e-8,-0.3467547595500946,2.1851878528877934e-8,-0.9379558563232422],8,2.2051050662994386],[[747.6246948242188,222.68016052246095,45.67725372314453,-0.9498071670532227,7.100192078723922e-8,0.3128359615802765,7.29233491369996e-8,1,-5.558186355614225e-9,-0.3128359615802765,1.7533841045747068e-8,-0.9498071670532227],8,2.2221643924713136],[[747.602294921875,222.68955993652345,45.94293212890625,-0.9600917100906372,3.3965967816129708e-8,0.27968543767929079,3.5959430988441457e-8,1,1.9964645492365209e-9,-0.27968543767929079,1.197412213826965e-8,-0.9600917100906372],8,2.233175277709961],[[747.55517578125,222.69369506835938,46.136775970458987,-0.962734043598175,6.251475337393231e-9,0.27044999599456789,8.153640429497955e-9,1,5.909823741490072e-9,-0.27044999599456789,7.894740861047467e-9,-0.962734043598175],8,2.2443923950195314],[[747.44384765625,222.69631958007813,46.28020477294922,-0.9475387334823608,-2.1480365930415247e-8,0.31964096426963808,-1.9155658392833176e-8,1,1.0416803419843746e-8,-0.31964096426963808,3.747391286168522e-9,-0.9475387334823608],8,2.2611355781555177],[[747.2296142578125,222.69837951660157,46.3123779296875,-0.8744696974754334,-5.885608445055368e-8,0.4850801825523