[[[774.40478515625,222.69961547851563,47.123512268066409,-0.997751772403717,-9.985436832948835e-8,0.06701786071062088,-9.873468798105023e-8,1,2.0019390589709475e-8,-0.06701786071062088,1.3357394301749537e-8,-0.997751772403717],8,0.003027677536010742],[[774.40478515625,222.69961547851563,47.123512268066409,-0.997751772403717,-9.723141403128466e-8,0.06701786071062088,-9.614114304667965e-8,1,1.949352501640078e-8,-0.06701786071062088,1.300652474611752e-8,-0.997751772403717],8,0.01969456672668457],[[774.40478515625,222.69961547851563,47.123512268066409,-0.997751772403717,-6.908235405944652e-8,0.06701786071062088,-6.830772036892086e-8,1,1.3850034896734087e-8,-0.06701786071062088,9.24105947319731e-9,-0.997751772403717],8,0.03562045097351074],[[774.40478515625,222.69961547851563,47.123512268066409,-0.997751772403717,-2.22073310851556e-8,0.06701786071062088,-2.1958316054337957e-8,1,4.4522554532022699e-9,-0.06701786071062088,2.9706463955392339e-9,-0.997751772403717],8,0.0526120662689209],[[774.40478515625,222.69961547851563,47.123512268066409,-0.997751772403717,5.893647347932074e-9,0.06701786071062088,5.8275611003466569e-9,1,-1.181594266874697e-9,-0.06701786071062088,-7.883870778435664e-10,-0.997751772403717],8,0.06876397132873535],[[774.40478515625,222.69961547851563,47.123512268066409,-0.997751772403717,4.333360337227532e-8,0.06701786071062088,4.2847698722425778e-8,1,-8.687777608429315e-9,-0.06701786071062088,-5.796684465764201e-9,-0.997751772403717],8,0.08610033988952637],[[774.40478515625,222.69961547851563,47.123512268066409,-0.997751772403717,9.008856949321853e-8,0.06701786071062088,8.90783908857884e-8,1,-1.8061488304965679e-8,-0.06701786071062088,-1.205103838941568e-8,-0.997751772403717],8,0.10536694526672363],[[774.40478515625,222.69961547851563,47.123512268066409,-0.997751772403717,1.0920992821183973e-7,0.06701786071062088,1.0798535043932134e-7,1,-2.1895051105502718e-8,-0.06701786071062088,-1.460887855131432e-8,-0.997751772403717],8,0.12445950508117676],[[774.40478515625,222.69961547851563,47.123512268066409,-0.997751772403717,8.249841698670935e-8,0.06701786071062088,8.157334718816856e-8,1,-1.6539768665779776e-8,-0.06701786071062088,-1.1035712788043384e-8,-0.997751772403717],8,0.13576889038085938],[[774.40478515625,222.69961547851563,47.123512268066409,-0.9975118637084961,3.805526915812152e-8,0.07049861550331116,3.762235678550496e-8,1,-7.468526241893869e-9,-0.07049861550331116,-4.797619634899775e-9,-0.9975118637084961],8,0.1549394130706787],[[774.40478515625,222.69961547851563,47.123512268066409,-0.997259259223938,2.521105324504447e-9,0.07398659735918045,2.52093323993563e-9,1,-9.570980119555372e-11,-0.07398659735918045,9.106779219614225e-11,-0.997259259223938],8,0.17786669731140138],[[774.40478515625,222.69961547851563,47.123512268066409,-0.9965748190879822,-3.300012352269732e-8,0.0826958492398262,-3.248480950901467e-8,1,7.576913318985135e-9,-0.0826958492398262,4.8646016104214599e-9,-0.9965748190879822],8,0.1866464614868164],[[774.40478515625,222.69961547851563,47.123512268066409,-0.9953221678733826,-6.855484713241822e-8,0.09661150723695755,-6.735011481850961e-8,1,1.5730897473531514e-8,-0.09661150723695755,9.15051590055782e-9,-0.9953221678733826],8,0.20360851287841798],[[774.40478515625,222.69961547851563,47.123512268066409,-0.993482768535614,-1.0416388107614694e-7,0.11398262530565262,-1.0203800115959894e-7,1,2.448516411845958e-8,-0.11398262530565262,1.269502902800923e-8,-0.993482768535614],8,0.21957135200500489],[[774.2442016601563,222.69961547851563,47.1050910949707,-0.9915682077407837,-8.74411369977679e-8,0.12958581745624543,-8.542714624582004e-8,1,2.110023089585411e-8,-0.12958581745624543,9.852170634871982e-9,-0.9915682077407837],8,0.24079465866088868],[[773.9832763671875,222.69961547851563,47.07154846191406,-0.989909291267395,-5.322128870943743e-8,0.14170260727405549,-5.1890854280145507e-8,1,1.3084105354721487e-8,-0.14170260727405549,5.5990083680512729e-9,-0.989909291267395],8,0.2624037265777588],[[773.7193603515625,222.69961547851563,47.03425598144531,-0.9888963103294373,-1.8954604996679337e-8,0.14860719442367555,-1.8439921589674669e-8,1,4.841193668170263e-9,-0.14860719442367555,2.0471337958127835e-9,-0.9888963103294373],8,0.2694540023803711],[[773.4556274414063,222.69961547851563,46.994903564453128,-0.9881036877632141,1.5310078538277595e-8,0.15378902852535249,1.4938803971631388e-8,1,-3.569764928101904e-9,-0.15378902852535249,-1.229873758390454e-9,-0.9881036877632141],8,0.28832221031188967],[[773.192138671875,222.69961547851563,46.954097747802737,-0.9872846603393555,4.956218546681157e-8,0.1589624136686325,4.8244540806763328e-8,1,-1.2148104744369448e-8,-0.1589624136686325,-4.32456870314013e-9,-0.9872846603393555],8,0.3037128448486328],[[772.9288330078125,222.69961547851563,46.91191864013672,-0.986149787902832,8.380781224559542e-8,0.165857195854187,8.14611240684826e-8,1,-2.095143258884491e-8,-0.165857195854187,-7.150337655303929e-9,-0.986149787902832],8,0.32075047492980959],[[772.6658325195313,222.69961547851563,46.86796569824219,-0.9843577742576599,1.180655146981735e-7,0.17618101835250855,1.145553341075356e-7,1,-3.0094501113353547e-8,-0.17618101835250855,-9.44128153435031e-9,-0.9843577742576599],8,0.33713722229003909],[[772.4033203125,222.69961547851563,46.8213996887207,-0.9837362766265869,8.063008039016495e-8,0.17961882054805757,7.815333447069861e-8,1,-2.0865343230980217e-8,-0.17961882054805757,-6.4881859884735608e-9,-0.9837362766265869],8,0.3532407283782959],[[772.2064819335938,222.69961547851563,46.785614013671878,-0.9834199547767639,5.256157464827993e-8,0.18134288489818574,5.0884423785646507e-8,1,-1.3900844919589872e-8,-0.18134288489818574,-4.442840761953448e-9,-0.9834199547767639],8,0.36891698837280276],[[771.8787231445313,222.69961547851563,46.72524642944336,-0.9827808141708374,5.817156978338289e-9,0.18477505445480348,5.5158282386003069e-9,1,-2.144804112091947e-9,-0.18477505445480348,-1.0886849199920335e-9,-0.9827808141708374],8,0.3872561454772949],[[771.6166381835938,222.69961547851563,46.67610549926758,-0.9821288585662842,-3.155080818828537e-8,0.1882096529006958,-3.071109944130512e-8,1,7.377694011267977e-9,-0.1882096529006958,1.4657212110691376e-9,-0.9821288585662842],8,0.4028801918029785],[[771.3546752929688,222.69961547851563,46.62605285644531,-0.9814655184745789,-6.889554526878783e-8,0.19163867831230164,-6.687362485990889e-8,1,1.701841689794037e-8,-0.19163867831230164,3.8874166108371359e-9,-0.9814655184745789],8,0.42020606994628909],[[771.0927124023438,223.56251525878907,46.57588195800781,-0.9801027774810791,-1.062289172182318e-7,0.19849058985710145,-1.029370650940109e-7,1,2.69030824284755e-8,-0.19849058985710145,5.93574744911507e-9,-0.9801027774810791],3,0.4382481575012207],[[770.8312377929688,224.37091064453126,46.52336120605469,-0.9561845660209656,-1.4380607638031507e-7,0.2927645444869995,-1.3525882991416439e-7,1,4.94379328586092e-8,-0.2927645444869995,7.672798396640701e-9,-0.9561845660209656],5,0.4584848880767822],[[770.5701293945313,225.1248016357422,46.46926498413086,-0.9448809623718262,-1.2972728313798144e-7,0.32741400599479678,-1.1705736824296764e-7,1,5.840311345650662e-8,-0.32741400599479678,1.6857770290812369e-8,-0.9448809623718262],5,0.46951866149902346],[[770.3091430664063,225.82420349121095,46.41496658325195,-0.9434927701950073,-9.751840224225816e-8,0.33139312267303469,-8.259588923920092e-8,1,5.911341460773656e-8,-0.33139312267303469,2.8401366591879197e-8,-0.9434927701950073],5,0.48747706413269045],[[770.0481567382813,226.46910095214845,46.360660552978519,-0.9433311820030212,-6.464470203582096e-8,0.3318527936935425,-4.8559915200030449e-8,1,5.676196224158048e-8,-0.3318527936935425,3.743058485383699e-8,-0.9433311820030212],5,0.5028109550476074],[[769.7871704101563,227.0594940185547,46.30635452270508,-0.9433125257492065,-3.1111802911709677e-8,0.33190587162971499,-1.4923138280664717e-8,1,5.132364577775661e-8,-0.33190587162971499,4.346116000419897e-8,-0.9433125257492065],5,0.5199377536773682],[[769.5914306640625,227.46652221679688,46.265625,-0.9533184766769409,-4.056452507228414e-9,0.30196672677993777,1.0177418019452489e-8,1,4.556386912213384e-8,-0.30196672677993777,4.651011664691396e-8,-0.9533184766769409],5,0.5366837978363037],[[769.2651977539063,228.0767822265625,46.19725036621094,-0.931097149848938,3.6442241224676766e-8,0.3647713363170624,5.111872170004972e-8,1,3.0578760856769807e-8,-0.3647713363170624,4.711844070470761e-8,-0.931097149848938],5,0.5533549785614014],[[769.0694580078125,228.40206909179688,46.15618133544922,-0.9533182978630066,6.631905336007549e-8,0.30196720361709597,7.58705809289495e-8,1,1.9902040904185016e-8,-0.30196720361709597,4.188340696487103e-8,-0.9533182978630066],5,0.5692002773284912],[[768.8084716796875,228.7880859375,46.101417541503909,-0.9427300095558167,1.0148962559242136e-7,0.3335568606853485,1.083624567854713e-7,1,1.999398868690605e-9,-0.3335568606853485,3.802993475687799e-8,-0.9427300095558167],5,0.5860469341278076],[[768.4822387695313,229.1939697265625,46.032962799072269,-0.931097149848938,1.47571682873604e-7,0.3647712767124176,1.4815925908351347e-7,1,-2.637549201267575e-8,-0.3647712767124176,2.948609356678844e-8,-0.931097149848938],5,0.6026716232299805],[[768.2864990234375,229.39662170410157,45.99188995361328,-0.9533185958862305,1.427054741043321e-7,0.30196624994277956,1.379407876811456e-7,1,-3.7103344396882679e-8,-0.30196624994277956,6.2821547963665129e-9,-0.9533185958862305],5,0.6187336444854736],[[767.9602661132813,229.666259765625,45.92343521118164,-0.931097149848938,1.0175212850072057e-7,0.3647712767124176,9.190270588987915e-8,1,-4.436144251940277e-8,-0.3647712767124176,-7.781348010382772e-9,-0.931097149848938],5,0.636422872543335],[[767.6992797851563,229.82064819335938,45.86867141723633,-0.942732036113739,6.786418538240469e-8,0.3335510790348053,5.54630084081964e-8,1,-4.670179620802628e-8,-0.3335510790348053,-2.5527532088176487e-8,-0.942732036113739],5,0.6531767845153809],[[767.4382934570313,229.92054748535157,45.81392288208008,-0.9427303075790405,3.337003917636139e-8,0.33355602622032168,1.9298305176107534e-8,1,-4.5500431866685179e-8,-0.33355602622032168,-3.645756763148711e-8,-0.9427303075790405],5,0.6707417964935303],[[767.1773071289063,229.9659423828125,45.759159088134769,-0.9450396299362183,-2.3347974664744699e-9,0.32695579528808596,-1.6661976687259995e-8,1,-4.1019099228378766e-8,-0.32695579528808596,-4.421240262786341e-8,-0.9450396299362183],5,0.6946253776550293],[[766.916015625,229.9568328857422,45.70595932006836,-0.9478580951690674,-3.916594337738388e-8,0.3186926245689392,-5.250547374657799e-8,1,-3.32665202051885e-8,-0.3186926245689392,-4.826505062283104e-8,-0.9478580951690674],5,0.7028355598449707],[[766.654296875,229.8932342529297,45.654972076416019,-0.9522172808647156,-7.732639062396629e-8,0.3054213523864746,-8.836372700216089e-8,1,-2.2313711767196766e-8,-0.3054213523864746,-4.823567323342104e-8,-0.9522172808647156],5,0.7199945449829102],[[766.3919067382813,229.77513122558595,45.607444763183597,-0.958408772945404,-1.1690121226592965e-7,0.2853989899158478,-1.2442453112271324e-7,1,-8.228326464632119e-9,-0.2853989899158478,-4.3396735094347608e-8,-0.958408772945404],5,0.7354874610900879],[[766.1286010742188,229.60252380371095,45.565155029296878,-0.9682314991950989,-1.5810911691005459e-7,0.2500554025173187,-1.6105623501516676e-7,1,8.675641538502532e-9,-0.2500554025173187,-3.187295405382429e-8,-0.9682314991950989],5,0.7535731792449951],[[765.8640747070313,229.37542724609376,45.53192901611328,-0.9759967923164368,-1.276107610692634e-7,0.21778494119644166,-1.2643836555525923e-7,1,1.9318740385187995e-8,-0.21778494119644166,-8.681343643957007e-9,-0.9759967923164368],5,0.769864559173584],[[765.5985107421875,229.0938262939453,45.507625579833987,-0.9830080270767212,-9.590809213477769e-8,0.18356256186962129,-9.24437770777331e-8,1,2.7429969406966849e-8,-0.18356256186962129,9.994663763279732e-9,-0.9830080270767212],5,0.7862949371337891],[[765.332275390625,228.75772094726563,45.49254608154297,-0.9888198375701904,-6.319969259038771e-8,0.14911521971225739,-5.891068255436949e-8,1,3.318000096896867e-8,-0.14911521971225739,2.402456367178729e-8,-0.9888198375701904],5,0.803272008895874],[[765.065673828125,228.3671112060547,45.48677444458008,-0.993425190448761,-2.971104962057325e-8,0.11448323726654053,-2.56796042208407e-8,1,3.6689080218366146e-8,-0.11448323726654053,3.350796973222714e-8,-0.993425190448761],5,0.8198733329772949],[[764.799072265625,227.92201232910157,45.490318298339847,-0.996817946434021,4.352343818680993e-9,0.07971151173114777,7.407257918146115e-9,1,3.802893644433425e-8,-0.07971151173114777,3.8498370713568877e-8,-0.996817946434021],5,0.8358945846557617],[[764.53271484375,227.4224090576172,45.503173828125,-0.9989136457443237,3.873119069908171e-8,0.04659920930862427,4.0507085685703717e-8,1,3.716570162737298e-8,-0.04659920930862427,3.9012924446524269e-8,-0.9989136457443237],5,0.8533918857574463],[[764.2669677734375,226.86830139160157,45.524925231933597,-0.9999507069587708,7.343614072397031e-8,0.009929201565682888,7.37792902327783e-8,1,3.419294714035459e-8,-0.009929201565682888,3.4923829161925826e-8,-0.9999507069587708],5,0.8690664768218994],[[764.0021362304688,226.2596893310547,45.5562744140625,-0.9994308352470398,1.0833835517587431e-7,-0.03373518958687782,1.0741189981899879e-7,1,2.927503217620142e-8,0.03373518958687782,2.5634808054064707e-8,-0.9994308352470398],5,0.8861405849456787],[[763.7389526367188,225.59658813476563,45.598880767822269,-0.9968687295913696,1.4291549632616808e-7,-0.07907389104366303,1.4159088834730938e-7,1,2.2358369378139288e-8,0.07907389104366303,1.1092217810926286e-8,-0.9968687295913696],5,0.9031729698181152],[[763.4779663085938,224.8789825439453,45.6533203125,-0.9924662113189697,1.4201449971551484e-7,-0.12251881510019303,1.419070656538679e-7,1,9.602945105768868e-9,0.12251881510019303,-7.855686767754833e-9,-0.9924662113189697],5,0.9191567897796631],[[763.2841186523438,224.3050079345703,45.702335357666019,-0.9638403058052063,1.141097101253763e-7,-0.26648059487342837,1.174731352193703e-7,1,3.3187206316398489e-9,0.26648059487342837,-2.8105594296334858e-8,-0.9638403058052063],7,0.9361841678619385],[[762.96533203125,223.54791259765626,45.79949951171875,-0.930880606174469,7.048259931252687e-8,-0.36532357335090639,7.721646255731685e-8,1,-3.823211969233853e-9,0.36532357335090639,-3.176795004833366e-8,-0.930880606174469],7,0.952843189239502],[[762.716064453125,223.58200073242188,45.89404296875,-0.9144392609596252,3.7032503286127397e-8,-0.404723197221756,4.529632136041073e-8,1,-1.0842547304434902e-8,0.404723197221756,-2.8247322703123247e-8,-0.9144392609596252],8,0.9704127311706543],[[762.471435546875,223.66842651367188,45.999996185302737,-0.9026427268981934,4.163273281676538e-9,-0.43039068579673769,1.3609284366111752e-8,1,-1.8869013018729676e-8,0.43039068579673769,-2.2889286910299235e-8,-0.9026427268981934],8,0.9875116348266602],[[762.230224609375,223.72621154785157,46.11363220214844,-0.8966150879859924,-2.8187640666033077e-8,-0.4428108036518097,-1.793894988111333e-8,1,-2.7332909269262019e-8,0.4428108036518097,-1.656353809664779e-8,-0.8966150879859924],8,1.003023386001587],[[761.9909057617188,223.75936889648438,46.23119354248047,-0.8950720429420471,-6.025263843412177e-8,-0.4459215998649597,-4.943107256849544e-8,1,-3.589929065128672e-8,0.4459215998649597,-1.0090066560053402e-8,-0.8950720429420471],8,1.019657850265503],[[761.7521362304688,223.77769470214845,46.3499755859375,-0.8996956944465637,-9.212394758151277e-8,-0.4365176856517792,-8.098432147107815e-8,1,-4.4128125153974909e-8,0.4365176856517792,-4.350795723695455e-9,-0.8996956944465637],8,1.03743577003479],[[761.5123901367188,223.78770446777345,46.46674728393555,-0.9165052175521851,-1.0642170877872559e-7,-0.4000227451324463,-9.675662937524976e-8,1,-4.435685596604344e-8,0.4000227451324463,-1.9484360791466317e-9,-0.9165052175521851],8,1.0530495643615723],[[761.2686767578125,223.7931671142578,46.574859619140628,-0.9404253363609314,-6.841214172936816e-8,-0.3400002121925354,-6.314061806733662e-8,1,-2.6567933630872177e-8,0.3400002121925354,-3.5173359780316106e-9,-0.9404253363609314],8,1.070281982421875],[[761.0188598632813,223.796142578125,46.66790771484375,-0.966497540473938,-3.0215193902449758e-8,-0.2566758990287781,-2.8131035278988749e-8,1,-1.1791600584842854e-8,0.2566758990287781,-4.1759937730034839e-9,-0.966497540473938],8,1.0864133834838868],[[760.7681274414063,224.65904235839845,46.75889587402344,-0.987775444984436,7.971980409138269e-9,-0.15588343143463136,8.181872956924963e-9,1,-7.04839575593752e-10,0.15588343143463136,-1.9716417387627418e-9,-0.987775444984436],3,1.1058988571166993],[[760.5112915039063,225.46743774414063,46.825843811035159,-0.9991866946220398,4.552657628664747e-8,0.040323130786418918,4.5664286574265137e-8,1,2.4941351206564379e-9,-0.040323130786418918,4.333433611947157e-9,-0.9991866946220398],5,1.1294028759002686],[[760.2472534179688,226.22132873535157,46.854820251464847,-0.9879506826400757,8.264350981335156e-8,0.1547691822052002,8.314448507462657e-8,1,-3.23617022068845e-9,-0.1547691822052002,9.671027534352561e-9,-0.9879506826400757],5,1.1363232135772706],[[759.9808349609375,226.9207305908203,46.85334014892578,-0.9787006378173828,1.2082733746865416e-7,0.2052927315235138,1.2020092299280805e-7,1,-1.5522342522444889e-8,-0.2052927315235138,9.484649510227428e-9,-0.9787006378173828],5,1.152925968170166],[[759.71484375,227.5656280517578,46.8355712890625,-0.9748586416244507,1.6042001504956716e-7,0.22282429039478303,1.5698829258781189e-7,1,-3.3114059050376457e-8,-0.22282429039478303,2.6992788004776004e-9,-0.9748586416244507],5,1.1705336570739747],[[759.44921875,228.15602111816407,46.811920166015628,-0.9732634425163269,1.2789524816980703e-7,0.22969169914722444,1.2275800997940679e-7,1,-3.665503101046852e-8,-0.22969169914722444,-7.478502261903941e-9,-0.9732634425163269],5,1.1878554821014405],[[759.183837890625,228.69190979003907,46.785980224609378,-0.9695314764976502,9.52334602288829e-8,0.24496674537658692,8.906872750458206e-8,1,-3.6243790191292649e-8,-0.24496674537658692,-1.3320618386103434e-8,-0.9695314764976502],5,1.2038445472717286],[[758.9188842773438,229.17330932617188,46.75621032714844,-0.9627808332443237,6.245378614266883e-8,0.2702832818031311,5.599742536332997e-8,1,-3.1598460736859127e-8,-0.2702832818031311,-1.528722393118187e-8,-0.9627808332443237],5,1.2204811573028565],[[758.6546630859375,229.60020446777345,46.71991729736328,-0.9538090229034424,2.9376698407190817e-8,0.3004136383533478,2.368964402421625e-8,1,-2.257321263243739e-8,-0.3004136383533478,-1.441384167577553e-8,-0.9538090229034424],5,1.236858606338501],[[758.3917846679688,229.97259521484376,46.6755485534668,-0.9456120133399963,-4.323843505460445e-9,0.32529664039611819,-7.776622013011547e-9,1,-9.314033988516713e-9,-0.32529664039611819,-1.1337172090009063e-8,-0.9456120133399963],5,1.2540030479431153],[[758.130126953125,230.29049682617188,46.62411117553711,-0.9403842687606812,-3.886360389060428e-8,0.3401138186454773,-3.845472562602481e-8,1,7.942586144338293e-9,-0.3401138186454773,-5.609900100012055e-9,-0.9403842687606812],5,1.2716472148895264],[[757.869384765625,230.55389404296876,46.56816101074219,-0.9373764991760254,-7.428869253089943e-8,0.34831786155700686,-6.841801081236554e-8,1,2.9155147629467139e-8,-0.34831786155700686,3.4981344487761136e-9,-0.9373764991760254],5,1.2864844799041749],[[757.6092529296875,230.76278686523438,46.50965881347656,-0.9342991709709168,-1.1066281757621255e-7,0.35648995637893679,-9.762535313484477e-8,1,5.456403684434008e-8,-0.35648995637893679,1.6176674222379007e-8,-0.9342991709709168],5,1.3056185245513917],[[757.349609375,230.91717529296876,46.44888687133789,-0.929871141910553,-1.4819974580859708e-7,0.36788538098335268,-1.2592052200943727e-7,1,8.456407130097432e-8,-0.36788538098335268,3.230937295484182e-8,-0.929871141910553],5,1.3219335079193116],[[757.0906982421875,231.01707458496095,46.385074615478519,-0.9266203045845032,-1.1766693575054887e-7,0.37599846720695498,-9.580285365018426e-8,1,7.684622715942169e-8,-0.37599846720695498,3.518554336778834e-8,-0.9266203045845032],5,1.3476533889770508],[[756.8323364257813,231.06246948242188,46.318870544433597,-0.9266203045845032,-8.675104368194298e-8,0.37599843740463259,-6.649450057238937e-8,1,6.685105091719379e-8,-0.37599843740463259,3.694371031315313e-8,-0.9266203045845032],5,1.3527357578277588],[[756.5740356445313,231.05335998535157,46.2523307800293,-0.9266203045845032,-5.565070892998847e-8,0.3759984076023102,-3.793817526798193e-8,1,5.451200024708669e-8,-0.3759984076023102,3.6247232770847407e-8,-0.9266203045845032],5,1.3708324432373047],[[756.3157348632813,230.98976135253907,46.185787200927737,-0.9259615540504456,-2.4340613080653385e-8,0.37761786580085757,-1.0108378134532359e-8,1,3.967144124317201e-8,-0.37761786580085757,3.2917125025733188e-8,-0.9259615540504456],5,1.388242483139038],[[756.0576782226563,230.8716583251953,46.11885452270508,-0.927275538444519,7.516097078053008e-9,0.37437957525253298,1.7116891015689363e-8,1,2.231953288855948e-8,-0.37437957525253298,2.710457103205499e-8,-0.927275538444519],5,1.4022700786590577],[[755.7993774414063,230.6990509033203,46.05262756347656,-0.9324174523353577,4.009616461075893e-8,0.3613830804824829,4.3980040942415147e-8,1,2.5225106448090175e-9,-0.3613830804824829,1.824567519292941e-8,-0.9324174523353577],5,1.4204232692718506],[[755.540283203125,230.47195434570313,45.98961639404297,-0.94156813621521,7.330152840268056e-8,0.33682259917259219,7.080997477260098e-8,1,-1.9681301921536943e-8,-0.33682259917259219,5.319113594026703e-9,-0.94156813621521],5,1.4366939067840577],[[755.2797241210938,230.1903533935547,45.93294143676758,-0.954855740070343,1.0678714801315437e-7,0.297069787979126,9.807428114072536e-8,1,-4.423322863544854e-8,-0.297069787979126,-1.3101447038366132e-8,-0.954855740070343],5,1.4534480571746827],[[755.01708984375,229.854248046875,45.886619567871097,-0.9708031415939331,1.397226156996112e-7,0.23987756669521333,1.26359637420137e-7,1,-7.108744881634266e-8,-0.23987756669521333,-3.8701077897940198e-8,-0.9708031415939331],5,1.4693193435668946],[[754.7523193359375,229.46363830566407,45.855281829833987,-0.9970785975456238,9.434419467879707e-8,0.0763821229338646,9.127879252446292e-8,1,-4.3623611389875808e-8,-0.0763821229338646,-3.6524099300550009e-8,-0.9970785975456238],7,1.4871065616607667],[[754.4861450195313,229.01853942871095,45.84088897705078,-0.9999263882637024,5.5493234896175639e-8,-0.012134981341660023,5.5683681665641419e-8,1,-1.535629401416827e-8,0.012134981341660023,-1.603088328749891e-8,-0.9999263882637024],7,1.5032577514648438],[[754.2195434570313,228.6792755126953,45.842124938964847,-0.9987578392028809,1.9670368445190435e-8,-0.049827706068754199,1.911494962314464e-8,1,1.1623332518695407e-8,0.049827706068754199,1.0656440174727777e-8,-0.9987578392028809],8,1.5208687782287598],[[753.9531860351563,228.68780517578126,45.85396194458008,-0.997843325138092,-1.5310730461237655e-8,-0.06564022600650788,-1.7843854394072879e-8,1,3.800476733317737e-8,0.06564022600650788,3.9094079085089109e-8,-0.997843325138092],8,1.5368804931640626],[[753.6870727539063,228.7314453125,45.870826721191409,-0.9976069331169128,-5.029107086329532e-8,-0.06914069503545761,-5.486356258188607e-8,1,6.423424281365442e-8,0.06914069503545761,6.787382744732895e-8,-0.9976069331169128],8,1.55352783203125],[[753.4209594726563,228.76138305664063,45.88911437988281,-0.9981725811958313,-6.202915159292388e-8,-0.06042773276567459,-6.616253500624225e-8,1,6.6401184994902e-8,0.06042773276567459,7.027789195035439e-8,-0.9981725811958313],8,1.5706453323364258],[[753.1548461914063,228.77865600585938,45.90556716918945,-0.9990758299827576,-5.04550889957045e-8,-0.04298260435461998,-5.239348510599484e-8,1,4.39706973054399e-8,0.04298260435461998,4.6182066171240879e-8,-0.9990758299827576],8,1.5862913131713868],[[752.8884887695313,228.78819274902345,45.91771697998047,-0.9998592138290405,-3.886701094302225e-8,-0.016779983416199685,-3.922837876757512e-8,1,2.120647124570496e-8,0.016779983416199685,2.1861737309336605e-8,-0.9998592138290405],8,1.603515863418579],[[752.6218872070313,228.7934112548828,45.92323684692383,-0.9997659921646118,-2.6907599703918096e-8,0.021632323041558267,-2.6957749810208044e-8,1,-2.026701473312187e-9,-0.021632323041558267,-2.6093858185305409e-9,-0.9997659921646118],8,1.6203336715698243],[[752.3552856445313,228.79627990722657,45.91899490356445,-0.9977524876594544,-1.4001927617357524e-8,0.06700703501701355,-1.576431607475115e-8,1,-2.5772779466137764e-8,-0.06700703501701355,-2.6771175498652157e-8,-0.9977524876594544],8,1.636502981185913],[[752.089111328125,228.79783630371095,45.90293502807617,-0.9942566752433777,-1.669964583284056e-10,0.10702188313007355,-5.542276415582137e-9,1,-4.992856617036523e-8,-0.10702188313007355,-5.0234952198024987e-8,-0.9942566752433777],8,1.653146505355835],[[751.8238525390625,228.79869079589845,45.875999450683597,-0.9917945861816406,1.3623785655170196e-8,0.1278417557477951,4.162815869790393e-9,1,-7.427251347280617e-8,-0.1278417557477951,-7.313089156468777e-8,-0.9917945861816406],8,1.670743703842163],[[751.6254272460938,228.79905700683595,45.851253509521487,-0.9917945861816406,2.3169862473082504e-8,0.1278417557477951,1.1436189772950911e-8,1,-9.251680666011453e-8,-0.1278417557477951,-9.029565006812845e-8,-0.9917945861816406],8,1.685525894165039],[[751.294921875,228.7993927001953,45.808685302734378,-0.9913418889045715,3.938172810080687e-8,0.13130609691143037,2.3441902641252456e-8,1,-1.229401220825821e-7,-0.13130609691143037,-1.1879762951139128e-7,-0.9913418889045715],8,1.7038180828094483],[[750.9644165039063,229.8695068359375,45.766075134277347,-0.9932829737663269,5.33894990439876e-8,0.11571075767278671,3.5910915130443757e-8,1,-1.5313872836486554e-7,-0.11571075767278671,-1.4795480751672586e-7,-0.9932829737663269],3,1.7267913818359376],[[750.7658081054688,230.47068786621095,45.74247360229492,-0.9867713451385498,5.438252870249016e-8,0.1621180772781372,2.9412149160634727e-8,1,-1.5642586959074834e-7,-0.1621180772781372,-1.495883310553836e-7,-0.9867713451385498],5,1.7478742599487305],[[750.50048828125,231.22457885742188,45.715145111083987,-0.978472888469696,2.776292795658719e-8,0.20637530088424684,3.8773761978916358e-9,1,-1.1614287132033496e-7,-0.20637530088424684,-1.1284245715614816e-7,-0.978472888469696],5,1.7535128593444825],[[750.23486328125,231.92398071289063,45.69240188598633,-0.9801899790763855,-6.2549725399208e-9,0.19805948436260224,-2.154592593228699e-8,1,-7.504880983333351e-8,-0.19805948436260224,-7.782946909173916e-8,-0.9801899790763855],5,1.7711412906646729],[[749.9688110351563,232.56887817382813,45.67390823364258,-0.9827073216438294,-3.93353012384523e-8,0.18516561388969422,-4.615943538510692e-8,1,-3.2543375994009696e-8,-0.18516561388969422,-4.0527755373886978e-8,-0.9827073216438294],5,1.7875287532806397],[[749.7025146484375,233.15927124023438,45.659202575683597,-0.9842698574066162,-7.07916711917278e-8,0.17667143046855927,-6.97592312803863e-8,1,1.2054923281823449e-8,-0.17667143046855927,-4.5916517810162818e-10,-0.9842698574066162],5,1.8039228916168213],[[749.4361572265625,233.69515991210938,45.64702606201172,-0.9848804473876953,-1.0105001280180659e-7,0.17323525249958039,-9.214549834268837e-8,1,5.944353631548438e-8,-0.17323525249958039,4.2581930870255749e-8,-0.9848804473876953],5,1.820976972579956],[[749.1697998046875,234.1765594482422,45.635990142822269,-0.9851820468902588,-1.1595832916100335e-7,0.17151197791099549,-1.0073012646216739e-7,1,9.749069107556352e-8,-0.17151197791099549,7.876965213426956e-8,-0.9851820468902588],5,1.8377456665039063],[[748.9034423828125,234.60345458984376,45.625492095947269,-0.9857744574546814,-8.496896697351986e-8,0.168073371052742,-6.914410022318407e-8,1,1.0000678685173625e-7,-0.168073371052742,8.696285647147306e-8,-0.9857744574546814],5,1.853153944015503],[[748.6368408203125,234.97584533691407,45.61586380004883,-0.9869250059127808,-5.358588595072433e-8,0.16118021309375764,-3.786370328384692e-8,1,1.0061563671115437e-7,-0.16118021309375764,9.319720817302368e-8,-0.9869250059127808],5,1.870176076889038],[[748.3702392578125,235.2937469482422,45.60795974731445,-0.9885608553886414,-2.1713614017926376e-8,0.15082253515720368,-6.790068951545436e-9,1,9.946271717353739e-8,-0.15082253515720368,9.730084826742314e-8,-0.9885608553886414],5,1.886455774307251],[[748.1036376953125,235.55714416503907,45.60270690917969,-0.9908096194267273,1.0890694568388426e-8,0.13526399433612824,2.419398548170193e-8,1,9.670672795891733e-8,-0.13526399433612824,9.909052778311889e-8,-0.9908096194267273],5,1.9035866260528565],[[747.8370361328125,235.7660369873047,45.601436614990237,-0.9943886399269104,4.5135273296637027e-8,0.10578863322734833,5.5255934938713838e-8,1,9.273772860751706e-8,-0.10578863322734833,9.806279877011548e-8,-0.9943886399269104],5,1.923377275466919],[[747.5704345703125,235.92042541503907,45.6075325012207,-0.99527508020401,7.759317099953478e-8,0.09709537774324417,8.643215210213384e-8,1,8.682802388193523e-8,-0.09709537774324417,9.480993412580574e-8,-0.99527508020401],5,1.946549892425537],[[747.3038330078125,236.02032470703126,45.61676788330078,-0.9975993037223816,1.1216653206247429e-7,0.06925062835216522,1.1795248866519614e-7,1,7.946196944885742e-8,-0.06925062835216522,8.743948853862094e-8,-0.9975993037223816],5,1.9543781280517579],[[747.0376586914063,236.0657196044922,45.63270950317383,-0.9987461566925049,1.461795733348481e-7,0.0500607043504715,1.4988225416345814e-7,1,7.021002090823458e-8,-0.0500607043504715,7.762520226606284e-8,-0.9987461566925049],5,1.9708251953125],[[746.7717895507813,236.05661010742188,45.65409469604492,-0.9996252655982971,1.3140416399437528e-7,0.027373315766453744,1.3261049502943934e-7,1,4.225396565971096e-8,-0.027373315766453744,4.5868119968872637e-8,-0.9996252655982971],5,1.9865543842315674],[[746.506591796875,235.99301147460938,45.68137741088867,-0.9999957084655762,9.952486124120696e-8,0.0029218478593975307,9.955579827192196e-8,1,1.0444669129583417e-8,-0.0029218478593975307,1.073551114672e-8,-0.9999957084655762],5,2.004135847091675],[[746.2421264648438,235.87490844726563,45.71506881713867,-0.9998042583465576,6.621745995971651e-8,-0.019783664494752885,6.658750351107301e-8,1,-1.804554550233206e-8,0.019783664494752885,-1.935935856067772e-8,-0.9998042583465576],5,2.021923065185547],[[745.9783935546875,235.70230102539063,45.75482177734375,-0.9992396831512451,3.176960561290798e-8,-0.03898732736706734,3.349279964481866e-8,1,-4.354567906261764e-8,0.03898732736706734,-4.481836413106066e-8,-0.9992396831512451],5,2.0379652976989748],[[745.715576171875,235.47520446777345,45.79977035522461,-0.9986885190010071,-3.3970863899668304e-9,-0.051198072731494907,-8.02138997585411e-12,1,-6.619536918606173e-8,0.051198072731494907,-6.610815006524717e-8,-0.9986885190010071],5,2.053816795349121],[[745.4533081054688,235.193603515625,45.848201751708987,-0.9986885190010071,-3.861775255131761e-8,-0.051198072731494907,-3.4266207649125138e-8,1,-8.587206679067094e-8,0.051198072731494907,-8.400508022532449e-8,-0.9986885190010071],5,2.0717408657073976],[[745.1911010742188,234.8574981689453,45.89710998535156,-0.9985976219177246,-7.466199036798571e-8,-0.052940960973501208,-6.931404072929581e-8,1,-1.0285334894888365e-7,0.052940960973501208,-9.903956055268282e-8,-0.9985976219177246],5,2.088759422302246],[[744.9290771484375,234.46688842773438,45.94641876220703,-0.9885985255241394,-6.242506600528941e-8,-0.15057538449764253,-5.263443725311845e-8,1,-6.900688021005408e-8,0.15057538449764253,-6.02946457206599e-8,-0.9885985255241394],7,2.1047635078430177],[[744.6671142578125,234.02178955078126,45.99579620361328,-0.9840846061706543,-3.976859375143249e-8,-0.17770050466060639,-3.372942103396781e-8,1,-3.700601070022458e-8,0.17770050466060639,-3.042331186975389e-8,-0.9840846061706543],7,2.1222550868988039],[[744.33935546875,233.67140197753907,46.05600357055664,-0.9872678518295288,-8.717550237236083e-9,-0.1590665578842163,-9.21008247445343e-9,1,2.3591926190391634e-9,0.1590665578842163,3.794171199444918e-9,-0.9872678518295288],8,2.143657922744751],[[744.1420288085938,233.68951416015626,46.08865737915039,-0.9938342571258545,9.377739473848124e-9,-0.11087587475776673,6.623413373318954e-9,1,2.5209850207374985e-8,0.11087587475776673,2.432003576302577e-8,-0.9938342571258545],8,2.154003381729126],[[743.8773193359375,233.73239135742188,46.120174407958987,-0.9976064562797546,3.2691644946680756e-8,-0.06914746761322022,2.897558992742688e-8,1,5.47440031084534e-8,0.06914746761322022,5.260938351625555e-8,-0.9976064562797546],8,2.171525478363037],[[743.6114501953125,233.76190185546876,46.14028549194336,-0.9994129538536072,5.515406797940159e-8,-0.0342593789100647,5.23256709072939e-8,1,8.345485014160659e-8,0.0342593789100647,8.161321574107206e-8,-0.9994129538536072],8,2.1868247985839845],[[743.344970703125,233.7789306640625,46.15082550048828,-0.9998588562011719,5.694836957559346e-8,-0.016802513971924783,5.557638615982796e-8,1,8.212035851329347e-8,0.016802513971924783,8.117493877080051e-8,-0.9998588562011719],8,2.2030863761901857],[[743.078369140625,233.78836059570313,46.1560173034668,-0.9998588562011719,3.91110894781832e-8,-0.016802504658699037,3.8256359857768987e-8,1,5.119060730862657e-8,0.016802504658699037,5.0540577944957479e-8,-0.9998588562011719],8,2.219190835952759],[[742.811767578125,233.79351806640626,46.16051483154297,-0.999911367893219,2.111255703596271e-8,-0.01331578940153122,2.0843458514718806e-8,1,2.034780877124831e-8,0.01331578940153122,2.0068458894684228e-8,-0.999911367893219],8,2.2366600036621095],[[742.545166015625,233.79632568359376,46.16420364379883,-0.9999895095825195,3.1296325531116055e-9,-0.0045817019417881969,3.176928498049847e-9,1,-1.0315505782898527e-8,0.0045817019417881969,-1.0329952893073369e-8,-0.9999895095825195],8,2.2534098625183107],[[742.278564453125,233.79786682128907,46.165771484375,-0.9998928904533386,-1.4464055730911696e-8,0.01463555358350277,-1.5059985258858434e-8,1,-4.060776248593356e-8,-0.01463555358350277,-4.0823824321023497e-8,-0.9998928904533386],8,2.270524740219116],[[742.011962890625,233.79872131347657,46.162628173828128,-0.9991662502288818,-3.1165942715460918e-8,0.04082716256380081,-3.406802306926693e-8,1,-7.038634919354081e-8,-0.04082716256380081,-7.17185670850995e-8,-0.9991662502288818],8,2.2866690158843996],[[741.7455444335938,233.79917907714845,46.15278625488281,-0.9977532625198364,-4.7037122641313547e-8,0.06699573248624802,-5.383296297623019e-8,1,-9.963161318182756e-8,-0.06699573248624802,-1.0301434372195217e-7,-0.9977532625198364],8,2.303670883178711],[[741.4794311523438,233.79942321777345,46.13596725463867,-0.995818018913269,-3.322813668660274e-8,0.09135915338993073,-3.96035382266291e-8,1,-6.797107943157244e-8,-0.09135915338993073,-7.130497436946826e-8,-0.995818018913269],8,2.320821762084961],[[741.2137451171875,233.799560546875,46.11257553100586,-0.992018461227417,-1.9448991750437018e-8,0.1260925680398941,-2.428982526225809e-8,1,-3.685359217797668e-8,-0.1260925680398941,-3.9622211289724876e-8,-0.992018461227417],8,2.3373920917510988],[[740.9490356445313,233.79962158203126,46.0803337097168,-0.9881061911582947,-7.07566627511369e-9,0.15377303957939149,-8.126099793059894e-9,1,-6.202539815092223e-9,-0.15377303957939149,-7.3783432696927779e-9,-0.9881061911582947],8,2.3546512126922609],[[740.6853637695313,233.79965209960938,46.040443420410159,-0.9831064939498901,4.395007913160498e-9,0.18303456902503968,8.9257126134612e-9,1,2.3929457526605803e-8,-0.18303456902503968,2.51589185040757e-8,-0.9831064939498901],8,2.3698675632476808],[[740.4219360351563,234.6727752685547,45.999595642089847,-0.9797601103782654,1.5193910130051337e-8,0.20017513632774354,2.64861146348494e-8,1,5.3733586469206787e-8,-0.20017513632774354,5.7947886489273517e-8,-0.9797601103782654],3,2.39007306098938],[[740.1603393554688,235.4947967529297,45.948055267333987,-0.9572117328643799,2.558657463680447e-8,0.2893885374069214,5.0688136354892779e-8,1,7.924538181214302e-8,-0.2893885374069214,9.05231729575462e-8,-0.9572117328643799],5,2.4142343997955324],[[739.8991088867188,236.26231384277345,45.89471435546875,-0.9460305571556091,4.204396120144338e-8,0.32407745718955996,7.895855702599875e-8,1,1.0075753209548566e-7,-0.32407745718955996,1.2090839618394967e-7,-0.9460305571556091],5,2.4199776649475099],[[739.7031860351563,236.8022003173828,45.85468292236328,-0.955044686794281,6.211510594766878e-8,0.29646196961402895,1.0097403446707176e-7,1,1.1576394598478146e-7,-0.29646196961402895,1.4049469143628813e-7,-0.955044686794281],5,2.4357497692108156],[[739.3766479492188,237.6338653564453,45.7879638671875,-0.9330477714538574,5.4693131801286657e-8,0.35975247621536257,9.212823925963676e-8,1,8.691230846125109e-8,-0.35975247621536257,1.1423669832311134e-7,-0.9330477714538574],5,2.452913522720337],[[739.1154174804688,238.23788452148438,45.734588623046878,-0.9444779753684998,5.3737050365043618e-8,0.3285748064517975,7.629811449305635e-8,1,5.577065920192581e-8,-0.3285748064517975,7.774379895408856e-8,-0.9444779753684998],5,2.4700303077697756],[[738.8541870117188,238.7873992919922,45.68121337890625,-0.9444757699966431,4.7433914573957739e-8,0.3285810053348541,5.976579586786102e-8,1,2.743138338701101e-8,-0.3285810053348541,4.554618371344077e-8,-0.9444757699966431],5,2.4867007732391359],[[738.6582641601563,239.1637725830078,45.64118194580078,-0.9548965692520142,4.285274712856335e-8,0.2969386577606201,4.723178648191606e-8,1,7.573031979291045e-9,-0.2969386577606201,2.125640641281734e-8,-0.9548965692520142],5,2.502078056335449],[[738.3317260742188,239.7229461669922,45.574462890625,-0.9304701089859009,3.063294329308519e-8,0.36636781692504885,2.4281574084739078e-8,1,-2.1944241979099389e-8,-0.36636781692504885,-1.1522474530067939e-8,-0.9304701089859009],5,2.5206642150878908],[[738.0707397460938,240.1089630126953,45.51952362060547,-0.9367707967758179,2.0008302570317939e-8,0.349943608045578,5.135807334966103e-9,1,-4.342765080878053e-8,-0.349943608045578,-3.888451161060402e-8,-0.9367707967758179],5,2.537734031677246],[[737.8756713867188,240.36270141601563,45.47563552856445,-0.944514811038971,1.0149813434168209e-8,0.32846876978874209,-9.615412466246198e-9,1,-5.854959539419724e-8,-0.32846876978874209,-5.84593244923326e-8,-0.944514811038971],5,2.552607297897339],[[737.5514526367188,240.71749877929688,45.3985481262207,-0.9078189730644226,4.072606973881676e-10,0.41936221718788149,-3.659884129092461e-8,1,-8.019888753096893e-8,-0.41936221718788149,-8.815424479280409e-8,-0.9078189730644226],5,2.570608615875244],[[737.2938842773438,240.9400177001953,45.3296012878418,-0.9122177958488464,-1.4710541229590035e-8,0.40970563888549807,-5.916944445516492e-8,1,-9.583680338209888e-8,-0.40970563888549807,-1.1166608970825109e-7,-0.9122177958488464],5,2.5870208740234377],[[737.0380249023438,241.1080322265625,45.2545166015625,-0.9011698961257935,-2.7231468635591228e-8,0.4334661066532135,-8.294556863575053e-8,1,-1.0962005347892046e-7,-0.4334661066532135,-1.3474038951244439e-7,-0.9011698961257935],5,2.603749990463257],[[736.7841186523438,241.2215576171875,45.17287826538086,-0.8887040615081787,-4.020836641416281e-8,0.45848125219345095,-1.0794935434432773e-7,1,-1.2154622197613208e-7,-0.45848125219345095,-1.5751137993902376e-7,-0.8887040615081787],5,2.620973587036133],[[736.5326538085938,241.28057861328126,45.08424758911133,-0.8763932585716248,-4.1516297955013218e-8,0.48159611225128176,-9.910206699714763e-8,1,-9.413714963102393e-8,-0.48159611225128176,-1.3022832945353003e-7,-0.8763932585716248],5,2.6366865634918215],[[736.2836303710938,241.28509521484376,44.98899841308594,-0.8661031723022461,-3.893234534757539e-8,0.4998652935028076,-7.79315385557311e-8,1,-5.714420936442366e-8,-0.4998652935028076,-8.84480542140409e-8,-0.8661031723022461],5,2.6542694568634035],[[736.0352172851563,241.23512268066407,44.917720794677737,-0.8688309788703919,-3.500431589031905e-8,0.49510884284973147,-5.4649973435516588e-8,1,-2.5201073228231509e-8,-0.49510884284973147,-4.8953157971709518e-8,-0.8688309788703919],5,2.6723885536193849],[[735.787