[[[776,222.69961547851563,47,1,0,0,0,1,0,0,0,1],8,0.007875204086303711],[[776,222.69961547851563,47,1,0,0,0,1,0,0,0,1],8,0.01923203468322754],[[776,222.69961547851563,47,1,0,0,0,1,0,0,0,1],8,0.02961277961730957],[[776,222.69961547851563,47,1,0,0,0,1,0,0,0,1],8,0.040192604064941409],[[776,222.69961547851563,47,1,0,0,0,1,0,0,0,1],8,0.052513837814331058],[[776,222.69961547851563,47,1,0,0,0,1,0,0,0,1],8,0.08225274085998535],[[776,222.69961547851563,47,1,0,0,0,1,0,0,0,1],8,0.09401559829711914],[[776,222.69961547851563,47,1,0,0,0,1,0,0,0,1],8,0.1040353775024414],[[776,222.69961547851563,47,1,0,0,0,1,0,0,0,1],8,0.11159157752990723],[[776,222.69961547851563,47,1,0,0,0,1,0,0,0,1],8,0.12164306640625],[[776,222.69961547851563,47,1,0,0,0,1,0,0,0,1],8,0.1294996738433838],[[776,222.69961547851563,47,1,0,0,0,1,0,0,0,1],8,0.139143705368042],[[776,222.69961547851563,47,1,0,0,0,1,0,0,0,1],8,0.150482177734375],[[776,222.69961547851563,47,1,0,0,0,1,0,0,0,1],8,0.16035771369934083],[[776,222.69961547851563,47,1,0,0,0,1,0,0,0,1],8,0.18285226821899415],[[776,222.69961547851563,47,1,0,0,0,1,0,0,0,1],8,0.19141268730163575],[[776,222.69961547851563,47,1,0,0,0,1,0,0,0,1],8,0.20386433601379395],[[776,222.69961547851563,47,1,0,0,0,1,0,0,0,1],8,0.2141132354736328],[[776,222.69961547851563,47,1,0,0,0,1,0,0,0,1],8,0.232346773147583],[[776,222.69961547851563,47,1,0,0,0,1,0,0,0,1],8,0.24532818794250489],[[776,222.69961547851563,47,1,0,0,0,1,0,0,0,1],8,0.2592451572418213],[[776,222.69961547851563,47,1,0,0,0,1,0,0,0,1],8,0.2698066234588623],[[776,222.69961547851563,47,1,0,0,0,1,0,0,0,1],8,0.27842092514038088],[[776,222.69961547851563,47,1,0,0,0,1,0,0,0,1],8,0.29391002655029299],[[776,222.69961547851563,47,1,0,0,0,1,0,0,0,1],8,0.31626152992248537],[[776,222.69961547851563,47,1,0,0,0,1,0,0,0,1],8,0.3236885070800781],[[776,222.69961547851563,47,1,0,0,0,1,0,0,0,1],8,0.33631396293640139],[[776,222.69961547851563,47,1,0,0,0,1,0,0,0,1],8,0.34815430641174319],[[775.8992919921875,222.69961547851563,46.991539001464847,0.9956726431846619,0,0.09292978048324585,0,1,0,-0.09292978048324585,0,0.9956726431846619],8,0.3649163246154785],[[775.6436767578125,222.69961547851563,46.96328353881836,0.9643628001213074,0,0.26458337903022768,0,1,0,-0.26458337903022768,0,0.9643628001213074],8,0.38709402084350588],[[775.379638671875,222.69961547851563,46.92720031738281,0.9088583588600159,0,0.41710489988327029,0,1,0,-0.41710489988327029,0,0.9088583588600159],8,0.3948531150817871],[[775.2479858398438,222.69961547851563,46.90642547607422,0.8767326474189758,0,0.48097798228263857,0,1,0,-0.48097798228263857,0,0.8767326474189758],8,0.4049255847930908],[[775.0510864257813,222.69961547851563,46.87141418457031,0.8272625803947449,0,0.5618155002593994,0,1,0,-0.5618155002593994,0,0.8272625803947449],8,0.41640162467956545],[[774.8545532226563,222.69961547851563,46.83427429199219,0.7774830460548401,0,0.628903865814209,0,1,0,-0.628903865814209,0,0.7774830460548401],8,0.4250788688659668],[[774.6583862304688,222.69961547851563,46.79539489746094,0.7290361523628235,0,0.6844751834869385,0,1,0,-0.6844751834869385,0,0.7290361523628235],8,0.4386465549468994],[[774.4624633789063,222.69961547851563,46.75508117675781,0.6829482316970825,0,0.7304667830467224,0,1,0,-0.7304667830467224,0,0.6829482316970825],8,0.4500432014465332],[[774.332275390625,222.69961547851563,46.72634506225586,0.654334545135498,0,0.7562052011489868,0,1,0,-0.7562052011489868,0,0.654334545135498],8,0.45998716354370119],[[774.137451171875,222.69961547851563,46.681053161621097,0.6146776080131531,0,0.7887784838676453,0,1,0,-0.7887784838676453,0,0.6146776080131531],8,0.4736180305480957],[[773.8135986328125,222.69961547851563,46.60190963745117,0.5550827980041504,0,0.8317950963973999,0,1,0,-0.8317950963973999,0,0.5550827980041504],8,0.49356985092163088],[[773.492919921875,222.69961547851563,46.51094436645508,0.5073546767234802,0,0.8617373108863831,0,1,0,-0.8617373108863831,0,0.5073546767234802],8,0.5169539451599121],[[773.3651123046875,222.69961547851563,46.472957611083987,0.49148282408714297,0,0.870887279510498,0,1,0,-0.870887279510498,0,0.49148282408714297],8,0.52396559715271],[[773.1744995117188,222.69961547851563,46.41252136230469,0.47165054082870486,0,0.8817855715751648,0,1,0,-0.8817855715751648,0,0.47165054082870486],8,0.5353589057922363],[[773.0481567382813,222.69961547851563,46.36996078491211,0.46067968010902407,0,0.8875664472579956,0,1,0,-0.8875664472579956,0,0.46067968010902407],8,0.5448904037475586],[[772.8593139648438,222.69961547851563,46.30415725708008,0.44680362939834597,0,0.8946320414543152,0,1,0,-0.8946320414543152,0,0.44680362939834597],8,0.5564630031585693],[[772.6082153320313,222.69961547851563,46.2144775390625,0.431432843208313,0,0.9021450877189636,0,1,0,-0.9021450877189636,0,0.431432843208313],8,0.5703268051147461],[[772.5455932617188,222.69961547851563,46.19158172607422,0.4281355142593384,0,0.9037145376205444,0,1,0,-0.9037145376205444,0,0.4281355142593384],8,0.5788838863372803],[[772.2954711914063,222.69961547851563,46.099143981933597,0.4167117774486542,0,0.9090386629104614,0,1,0,-0.9090386629104614,0,0.4167117774486542],8,0.5919151306152344],[[772.1707763671875,222.69961547851563,46.05204391479492,0.41201096773147585,0,0.9111788868904114,0,1,0,-0.9111788868904114,0,0.41201096773147585],8,0.6026194095611572],[[771.9839477539063,222.69961547851563,45.98074722290039,0.4060634672641754,0,0.913844883441925,0,1,0,-0.913844883441925,0,0.4060634672641754],8,0.6154658794403076],[[771.7971801757813,222.69961547851563,45.90935134887695,0.4008847773075104,0,0.9161284565925598,0,1,0,-0.9161284565925598,0,0.4008847773075104],8,0.6261098384857178],[[771.6104125976563,222.69961547851563,45.83795166015625,0.39627978205680849,0,0.9181298017501831,0,1,0,-0.9181298017501831,0,0.39627978205680849],8,0.6390442848205566],[[771.4859008789063,222.69961547851563,45.79035186767578,0.3935002386569977,0,0.919324517250061,0,1,0,-0.919324517250061,0,0.3935002386569977],8,0.6493237018585205],[[771.2991333007813,222.69961547851563,45.71895217895508,0.3896990716457367,0,0.9209422469139099,0,1,0,-0.9209422469139099,0,0.3896990716457367],8,0.6611142158508301],[[770.9878540039063,222.69961547851563,45.59947204589844,0.38427674770355227,0,0.9232179522514343,0,1,0,-0.9232179522514343,0,0.38427674770355227],8,0.6815822124481201],[[770.8633422851563,222.69961547851563,45.55165100097656,0.382396936416626,0,0.9239981770515442,0,1,0,-0.9239981770515442,0,0.382396936416626],8,0.6916155815124512],[[770.6767578125,222.69961547851563,45.47966003417969,0.37998953461647036,0,0.9249907732009888,0,1,0,-0.9249907732009888,0,0.37998953461647036],8,0.7040119171142578],[[770.427978515625,222.69961547851563,45.38359069824219,0.37722688913345339,0,0.9261208772659302,0,1,0,-0.9261208772659302,0,0.37722688913345339],8,0.7176401615142822],[[770.2415771484375,222.69961547851563,45.31127166748047,0.3755202889442444,0,0.9268141984939575,0,1,0,-0.9268141984939575,0,0.3755202889442444],8,0.7334048748016357],[[769.930908203125,223.7697296142578,45.190670013427737,0.3728150725364685,0,0.9279056787490845,0,1,0,-0.9279056787490845,0,0.3728150725364685],3,0.7578110694885254],[[769.6205444335938,224.75466918945313,45.069087982177737,0.37116652727127077,0,0.9285663366317749,0,1,0,-0.9285663366317749,0,0.37116652727127077],5,0.7816174030303955],[[769.3726806640625,225.4813232421875,44.970603942871097,0.3707217276096344,0,0.9287440180778503,0,1,0,-0.9287440180778503,0,0.3707217276096344],5,0.7884941101074219],[[769.3108520507813,225.6544647216797,44.9456672668457,0.37076398730278017,0,0.9287270903587341,0,1,0,-0.9287270903587341,0,0.37076398730278017],5,0.795098066329956],[[769.1255493164063,226.15347290039063,44.87045669555664,0.3711712658405304,0,0.9285644292831421,0,1,0,-0.9285644292831421,0,0.3711712658405304],5,0.8040919303894043],[[769.0020141601563,226.46910095214845,44.82025909423828,0.37151244282722475,0,0.9284279942512512,0,1,0,-0.9284279942512512,0,0.37151244282722475],5,0.8159120082855225],[[768.8786010742188,226.7711181640625,44.7698974609375,0.37190932035446169,0,0.92826908826828,0,1,0,-0.92826908826828,0,0.37190932035446169],5,0.8251066207885742],[[768.6318969726563,227.33425903320313,44.668704986572269,0.3728843033313751,0,0.9278778433799744,0,1,0,-0.9278778433799744,0,0.3728843033313751],5,0.8400712013244629],[[768.4469604492188,227.72084045410157,44.59275817871094,0.3736000061035156,0,0.9275898933410645,0,1,0,-0.9275898933410645,0,0.3736000061035156],5,0.85103440284729],[[768.3237915039063,227.9615478515625,44.541648864746097,0.3742111623287201,0,0.9273435473442078,0,1,0,-0.9273435473442078,0,0.3742111623287201],5,0.8616917133331299],[[768.1392211914063,228.2970428466797,44.46449661254883,0.3753240704536438,0,0.9268936514854431,0,1,0,-0.9268936514854431,0,0.3753240704536438],5,0.8723795413970947],[[768.0164794921875,228.50367736816407,44.41236877441406,0.3763025403022766,0,0.9264968633651733,0,1,0,-0.9264968633651733,0,0.3763025403022766],5,0.882516622543335],[[767.832763671875,228.7880859375,44.33335494995117,0.37810540199279787,0,0.9257625341415405,0,1,0,-0.9257625341415405,0,0.37810540199279787],5,0.8929979801177979],[[767.6492919921875,229.0418243408203,44.25366973876953,0.38012322783470156,0,0.9249358773231506,0,1,0,-0.9249358773231506,0,0.38012322783470156],5,0.9068107604980469],[[767.466552734375,229.26492309570313,44.17230987548828,0.38268715143203738,0,0.923878014087677,0,1,0,-0.923878014087677,0,0.38268715143203738],5,0.9172544479370117],[[767.344970703125,229.39662170410157,44.11752700805664,0.3845711350440979,0,0.9230953454971314,0,1,0,-0.9230953454971314,0,0.3845711350440979],5,0.9264612197875977],[[767.2238159179688,229.5146942138672,44.06184768676758,0.38672107458114626,0,0.9221967458724976,0,1,0,-0.9221967458724976,0,0.38672107458114626],5,0.9372446537017822],[[767.0422973632813,229.666259765625,43.97793960571289,0.39003950357437136,0,0.920798122882843,0,1,0,-0.920798122882843,0,0.39003950357437136],5,0.948941707611084],[[766.9214477539063,229.75025939941407,43.921661376953128,0.39224937558174136,0,0.9198589324951172,0,1,0,-0.9198589324951172,0,0.39224937558174136],5,0.9581277370452881],[[766.6810302734375,229.87741088867188,43.8063850402832,0.3974894881248474,0,0.9176067113876343,0,1,0,-0.9176067113876343,0,0.3974894881248474],5,0.9717972278594971],[[766.5010986328125,229.93701171875,43.71908950805664,0.40152305364608767,0,0.9158489108085632,0,1,0,-0.9158489108085632,0,0.40152305364608767],5,0.986243486404419],[[766.2615966796875,229.96878051757813,43.6018180847168,0.40677186846733096,0,0.9135297536849976,0,1,0,-0.9135297536849976,0,0.40677186846733096],5,1.0025556087493897],[[766.141845703125,229.96421813964845,43.54311752319336,0.4091860055923462,0,0.9124509692192078,0,1,0,-0.9124509692192078,0,0.4091860055923462],5,1.0140235424041749],[[765.90234375,229.91424560546876,43.425716400146487,0.4135303497314453,0,0.9104903340339661,0,1,0,-0.9104903340339661,0,0.4135303497314453],5,1.04233717918396],[[765.5430908203125,229.73709106445313,43.24961471557617,0.4191194772720337,0,0.9079310894012451,0,1,0,-0.9079310894012451,0,0.4191194772720337],5,1.0556144714355469],[[765.3634643554688,229.60252380371095,43.161563873291019,0.4214586913585663,0,0.9068475961685181,0,1,0,-0.9068475961685181,0,0.4214586913585663],5,1.0686781406402588],[[765.1840209960938,229.43731689453126,43.07325744628906,0.4235756993293762,0,0.9058607220649719,0,1,0,-0.9058607220649719,0,0.4235756993293762],5,1.0923097133636475],[[764.8251342773438,229.01490783691407,42.896522521972659,0.42735084891319277,0,0.9040858745574951,0,1,0,-0.9040858745574951,0,0.42735084891319277],5,1.0996410846710206],[[764.7653198242188,228.93258666992188,42.8670654296875,0.42791029810905459,0,0.9038212299346924,0,1,0,-0.9038212299346924,0,0.42791029810905459],5,1.107205867767334],[[764.5858764648438,228.66517639160157,42.77869415283203,0.4294116497039795,0,0.9031088948249817,0,1,0,-0.9031088948249817,0,0.4294116497039795],5,1.1185240745544434],[[764.4662475585938,228.46987915039063,42.71977996826172,0.4303051829338074,0,0.902683436870575,0,1,0,-0.902683436870575,0,0.4303051829338074],5,1.1268174648284913],[[764.2868041992188,228.1513671875,42.63140869140625,0.43152013421058657,0,0.9021033048629761,0,1,0,-0.9021033048629761,0,0.43152013421058657],5,1.1381335258483887],[[764.1671752929688,227.92201232910157,42.57249450683594,0.43225616216659548,0,0.9017508625984192,0,1,0,-0.9017508625984192,0,0.43225616216659548],5,1.1482634544372559],[[763.9877319335938,227.5524139404297,42.48412322998047,0.43326249718666079,0,0.9012677669525147,0,1,0,-0.9012677669525147,0,0.43326249718666079],5,1.1602108478546143],[[763.8081665039063,227.15216064453126,42.39601135253906,0.43406927585601809,0,0.9008795022964478,0,1,0,-0.9008795022964478,0,0.43406927585601809],5,1.1727406978607178],[[763.4486694335938,226.2596893310547,42.22046661376953,0.43512675166130068,0,0.9003692269325256,0,1,0,-0.9003692269325256,0,0.43512675166130068],5,1.1959843635559083],[[763.3282470703125,225.93495178222657,42.1632194519043,0.43494948744773867,0,0.9004548788070679,0,1,0,-0.9004548788070679,0,0.43494948744773867],5,1.2056450843811036],[[763.2073364257813,225.59658813476563,42.10712814331055,0.4342171251773834,0,0.9008082151412964,0,1,0,-0.9008082151412964,0,0.4342171251773834],5,1.2162981033325196],[[762.903076171875,224.69107055664063,41.970951080322269,0.4303481876850128,0,0.902662992477417,0,1,0,-0.902662992477417,0,0.4303481876850128],5,1.2558681964874268],[[762.47119140625,223.2802734375,41.79401779174805,0.41915959119796755,0,0.90791255235672,0,1,0,-0.90791255235672,0,0.41915959119796755],5,1.2630834579467774],[[762.2791137695313,222.6245574951172,41.73940658569336,0.4068646728992462,0,0.9134884476661682,0,1,0,-0.9134884476661682,0,0.4068646728992462],7,1.2778706550598145],[[762.0843505859375,222.22386169433595,41.694053649902347,0.39017924666404726,0,0.920738935470581,0,1,0,-0.920738935470581,0,0.39017924666404726],7,1.2878389358520508],[[761.9531860351563,222.20806884765626,41.670589447021487,0.3768511116504669,0,0.9262738227844238,0,1,0,-0.9262738227844238,0,0.3768511116504669],7,1.2989189624786378],[[761.8212280273438,222.2415771484375,41.65169143676758,0.3620283603668213,0,0.9321670532226563,0,1,0,-0.9321670532226563,0,0.3620283603668213],7,1.3117399215698243],[[761.5562744140625,222.32289123535157,41.62211227416992,0.329837441444397,0,0.9440377354621887,0,1,0,-0.9440377354621887,0,0.329837441444397],8,1.3223237991333008],[[761.3568725585938,222.36720275878907,41.60758972167969,0.3044586479663849,0,0.9525255560874939,0,1,0,-0.9525255560874939,0,0.3044586479663849],8,1.3356339931488038],[[761.2236938476563,222.38833618164063,41.6004524230957,0.2876162827014923,0,0.9577457308769226,0,1,0,-0.9577457308769226,0,0.2876162827014923],8,1.3444745540618897],[[761.0237426757813,222.4105682373047,41.594825744628909,0.2619614005088806,0,0.9650783538818359,0,1,0,-0.9650783538818359,0,0.2619614005088806],8,1.3544321060180665],[[760.8237915039063,223.06967163085938,41.58998489379883,0.23603758215904237,0,0.9717439413070679,0,1,0,-0.9717439413070679,0,0.23603758215904237],3,1.369314193725586],[[760.6238403320313,223.70152282714845,41.589351654052737,0.21164704859256745,0,0.9773461818695068,0,1,0,-0.9773461818695068,0,0.21164704859256745],5,1.3972485065460206],[[760.2239379882813,224.87322998046876,41.59251022338867,0.1670449823141098,0,0.9859492778778076,0,1,0,-0.9859492778778076,0,0.1670449823141098],5,1.4109046459197999],[[760.0239868164063,225.41311645507813,41.596519470214847,0.14704346656799317,0,0.9891300201416016,0,1,0,-0.9891300201416016,0,0.14704346656799317],5,1.41941499710083],[[759.8906860351563,225.75599670410157,41.599693298339847,0.13493652641773225,0,0.9908542633056641,0,1,0,-0.9908542633056641,0,0.13493652641773225],5,1.4254727363586426],[[759.7573852539063,226.08526611328126,41.60293960571289,0.12374686449766159,0,0.992313802242279,0,1,0,-0.992313802242279,0,0.12374686449766159],5,1.434389591217041],[[759.6240844726563,226.40089416503907,41.606197357177737,0.11336126178503037,0,0.9935538172721863,0,1,0,-0.9935538172721863,0,0.11336126178503037],5,1.444765329360962],[[759.4241333007813,226.8488006591797,41.61165237426758,0.09880343824625015,0,0.9951069951057434,0,1,0,-0.9951069951057434,0,0.09880343824625015],5,1.4560723304748536],[[759.2908325195313,227.13037109375,41.615543365478519,0.08979422599077225,0,0.9959603548049927,0,1,0,-0.9959603548049927,0,0.08979422599077225],5,1.466933012008667],[[759.0242309570313,227.6526336669922,41.624637603759769,0.07283899188041687,0,0.9973437190055847,0,1,0,-0.9973437190055847,0,0.07283899188041687],5,1.481816291809082],[[758.55810546875,228.4354705810547,41.64316940307617,0.045933280140161517,0,0.9989445209503174,0,1,0,-0.9989445209503174,0,0.045933280140161517],5,1.5112614631652833],[[758.2918090820313,228.807861328125,41.6578483581543,0.03173649683594704,0,0.9994962811470032,0,1,0,-0.9994962811470032,0,0.03173649683594704],5,1.5276191234588624],[[758.0263061523438,229.12576293945313,41.68191146850586,0.01566050760447979,0,0.999877393245697,0,1,0,-0.999877393245697,0,0.01566050760447979],5,1.5445210933685303],[[757.8272705078125,229.3284149169922,41.701629638671878,0.0037744673900306226,0,0.999992847442627,0,1,0,-0.999992847442627,0,0.0037744673900306226],5,1.5569725036621094],[[757.6283569335938,229.5004119873047,41.722347259521487,-0.007399037946015596,0,0.9999726414680481,0,1,0,-0.9999726414680481,0,-0.007399037946015596],5,1.579463005065918],[[757.2969360351563,229.7189483642578,41.758731842041019,-0.02482651174068451,0,0.9996917843818665,0,1,0,-0.9996917843818665,0,-0.02482651174068451],5,1.5872654914855958],[[757.230712890625,229.75244140625,41.76634216308594,-0.02810988761484623,0,0.9996048212051392,0,1,0,-0.9996048212051392,0,-0.02810988761484623],5,1.596487283706665],[[757.0322265625,229.8324737548828,41.790435791015628,-0.037680692970752719,0,0.9992898106575012,0,1,0,-0.9992898106575012,0,-0.037680692970752719],5,1.6055831909179688],[[756.89990234375,229.86880493164063,41.80702590942383,-0.04375801235437393,0,0.9990421533584595,0,1,0,-0.9990421533584595,0,-0.04375801235437393],5,1.6159863471984864],[[756.7677001953125,229.89149475097657,41.824073791503909,-0.04959980025887489,0,0.9987691640853882,0,1,0,-0.9987691640853882,0,-0.04959980025887489],5,1.6247406005859376],[[756.569580078125,229.89999389648438,41.85123062133789,-0.0583740770816803,0,0.9982947707176209,0,1,0,-0.9982947707176209,0,-0.0583740770816803],5,1.6368649005889893],[[756.3714599609375,229.87783813476563,41.87872314453125,-0.06663097441196442,0,0.9977777004241943,0,1,0,-0.9977777004241943,0,-0.06663097441196442],5,1.6480069160461426],[[756.17333984375,229.8250274658203,41.90623474121094,-0.07411159574985504,0,0.997249960899353,0,1,0,-0.997249960899353,0,-0.07411159574985504],5,1.6572341918945313],[[756.041259765625,229.77279663085938,41.924747467041019,-0.07870373874902725,0,0.9968980550765991,0,1,0,-0.9968980550765991,0,-0.07870373874902725],5,1.6692137718200684],[[755.9091796875,229.70692443847657,41.94330596923828,-0.08297321200370789,0,0.9965517520904541,0,1,0,-0.9965517520904541,0,-0.08297321200370789],5,1.6781911849975587],[[755.512939453125,229.42758178710938,41.99901580810547,-0.09455592930316925,0,0.9955195784568787,0,1,0,-0.9955195784568787,0,-0.09455592930316925],5,1.702446460723877],[[755.380859375,229.30722045898438,42.01758575439453,-0.09790685027837753,0,0.9951955676078796,0,1,0,-0.9951955676078796,0,-0.09790685027837753],5,1.710954189300537],[[755.2489013671875,229.17323303222657,42.03632736206055,-0.10095864534378052,0,0.9948906302452087,0,1,0,-0.9948906302452087,0,-0.10095864534378052],5,1.7239389419555665],[[754.9190063476563,228.77865600585938,42.08332061767578,-0.10785873234272003,0,0.9941662549972534,0,1,0,-0.9941662549972534,0,-0.10785873234272003],5,1.7399461269378663],[[754.6550903320313,228.40167236328126,42.12091827392578,-0.11258172988891602,0,0.9936424493789673,0,1,0,-0.9936424493789673,0,-0.11258172988891602],5,1.763786792755127],[[754.3911743164063,227.97018432617188,42.15851593017578,-0.1166045069694519,0,0.9931784272193909,0,1,0,-0.9931784272193909,0,-0.1166045069694519],5,1.7728254795074463],[[754.1930541992188,227.61080932617188,42.186153411865237,-0.11900397390127182,0,0.9928937554359436,0,1,0,-0.9928937554359436,0,-0.11900397390127182],5,1.7837131023406983],[[754.0609741210938,227.3542022705078,42.20415496826172,-0.12023985385894776,0,0.9927448630332947,0,1,0,-0.9927448630332947,0,-0.12023985385894776],5,1.7932360172271729],[[753.8775634765625,226.9437255859375,42.229068756103519,-0.1208987906575203,0,0.9926648139953613,0,1,0,-0.9926648139953613,0,-0.1208987906575203],5,1.8100132942199708],[[753.66748046875,226.34873962402345,42.25761032104492,-0.121042899787426,0,0.9926472902297974,0,1,0,-0.9926472902297974,0,-0.121042899787426],5,1.837327480316162],[[753.4601440429688,225.52838134765626,42.2857666015625,-0.12106046825647354,0,0.9926451444625855,0,1,0,-0.9926451444625855,0,-0.12106046825647354],5,1.8451411724090577],[[753.3944702148438,225.1763916015625,42.29469299316406,-0.1210613027215004,0,0.9926450252532959,0,1,0,-0.9926450252532959,0,-0.1210613027215004],5,1.8542850017547608],[[753.3143920898438,224.62286376953126,42.305572509765628,-0.12106164544820786,0,0.9926449656486511,0,1,0,-0.9926449656486511,0,-0.12106164544820786],5,1.865394115447998],[[753.2732543945313,224.23680114746095,42.3111572265625,-0.12106170505285263,0,0.9926449656486511,0,1,0,-0.9926449656486511,0,-0.12106170505285263],5,1.8739023208618165],[[753.2300415039063,223.63218688964845,42.31702423095703,-0.12106173485517502,0,0.9926449656486511,0,1,0,-0.9926449656486511,0,-0.12106173485517502],5,1.8877317905426026],[[753.157470703125,222.77833557128907,42.32398986816406,-0.11363979429006577,0,0.9935219883918762,0,1,0,-0.9935219883918762,0,-0.11363979429006577],5,1.9031410217285157],[[753.015625,222.21505737304688,42.32832336425781,-0.10497456789016724,0,0.9944748878479004,0,1,0,-0.9944748878479004,0,-0.10497456789016724],7,1.926462173461914],[[752.6865844726563,222.20516967773438,42.32958984375,-0.08834068477153778,0,0.996090292930603,0,1,0,-0.996090292930603,0,-0.08834068477153778],7,1.9349167346954346],[[752.5532836914063,222.25682067871095,42.32878875732422,-0.08172143250703812,0,0.9966552257537842,0,1,0,-0.9966552257537842,0,-0.08172143250703812],7,1.9430243968963624],[[752.4866333007813,222.2806854248047,42.328243255615237,-0.07854990661144257,0,0.9969101548194885,0,1,0,-0.9969101548194885,0,-0.07854990661144257],7,1.9493420124053956],[[752.2866821289063,222.3390350341797,42.32651901245117,-0.06953844428062439,0,0.9975792765617371,0,1,0,-0.9975792765617371,0,-0.06953844428062439],8,1.9616572856903077],[[752.1533813476563,222.36724853515626,42.32518005371094,-0.06394124031066895,0,0.9979536533355713,0,1,0,-0.9979536533355713,0,-0.06394124031066895],8,1.9706690311431885],[[751.8867797851563,222.4044189453125,42.32199478149414,-0.053518254309892657,0,0.9985668659210205,0,1,0,-0.9985668659210205,0,-0.053518254309892657],8,1.9883451461791993],[[751.6201782226563,223.2775421142578,42.31874465942383,-0.04327253997325897,0,0.9990633130073547,0,1,0,-0.9990633130073547,0,-0.04327253997325897],3,2.003056049346924],[[751.4202270507813,223.899169921875,42.315452575683597,-0.03660023957490921,0,0.9993299841880798,0,1,0,-0.9993299841880798,0,-0.03660023957490921],5,2.022915840148926],[[751.2202758789063,224.49014282226563,42.31196594238281,-0.030828746035695077,0,0.9995246529579163,0,1,0,-0.9995246529579163,0,-0.030828746035695077],5,2.029439926147461],[[751.0203247070313,225.05044555664063,42.308475494384769,-0.0257136058062315,0,0.9996693730354309,0,1,0,-0.9996693730354309,0,-0.0257136058062315],5,2.0397887229919435],[[750.8203735351563,225.58010864257813,42.30498504638672,-0.021149639040231706,0,0.999776303768158,0,1,0,-0.999776303768158,0,-0.021149639040231706],5,2.0512378215789797],[[750.6870727539063,225.9161834716797,42.30265808105469,-0.01839558221399784,0,0.9998307824134827,0,1,0,-0.9998307824134827,0,-0.01839558221399784],5,2.0588324069976808],[[750.5537719726563,226.23863220214845,42.300331115722659,-0.015859613195061685,0,0.9998742341995239,0,1,0,-0.9998742341995239,0,-0.015859613195061685],5,2.0693979263305666],[[750.4204711914063,226.54745483398438,42.298004150390628,-0.013511046767234803,0,0.9999087452888489,0,1,0,-0.9999087452888489,0,-0.013511046767234803],5,2.0774776935577394],[[750.2205200195313,226.98513793945313,42.29451370239258,-0.010273895226418972,0,0.9999472498893738,0,1,0,-0.9999472498893738,0,-0.010273895226418972],5,2.0887255668640138],[[750.0872192382813,227.25990295410157,42.29218673706055,-0.008302615024149418,0,0.9999655485153198,0,1,0,-0.9999655485153198,0,-0.008302615024149418],5,2.0987308025360109],[[749.8872680664063,227.646484375,42.2886962890625,-0.0056021688506007198,0,0.9999843239784241,0,1,0,-0.9999843239784241,0,-0.0056021688506007198],5,2.1090214252471926],[[749.7539672851563,227.88719177246095,42.28619384765625,-0.0038986296858638527,0,0.9999923706054688,0,1,0,-0.9999923706054688,0,-0.0038986296858638527],5,2.1196770668029787],[[749.6206665039063,228.1142578125,42.28364181518555,-0.0022889450192451479,0,0.9999973773956299,0,1,0,-0.9999973773956299,0,-0.0022889450192451479],5,2.1287319660186769],[[749.3540649414063,228.52752685546876,42.27851486206055,0.0006752940244041383,0,0.9999997615814209,0,1,0,-0.9999997615814209,0,0.0006752940244041383],5,2.143833875656128],[[749.1541137695313,228.8017120361328,42.2746696472168,0.0026497826911509039,0,0.9999964833259583,0,1,0,-0.9999964833259583,0,0.0026497826911509039],5,2.1554253101348879],[[749.0208129882813,228.96746826171876,42.2721061706543,0.003834344679489732,0,0.9999926686286926,0,1,0,-0.9999926686286926,0,0.003834344679489732],5,2.166064500808716],[[748.8875122070313,229.11961364746095,42.2695426940918,0.0049232905730605129,0,0.9999879002571106,0,1,0,-0.9999879002571106,0,0.0049232905730605129],5,2.174779176712036],[[748.6209106445313,229.3830108642578,42.2644157409668,0.006902400869876146,0,0.9999761581420898,0,1,0,-0.9999761581420898,0,0.006902400869876146],5,2.1890175342559816],[[748.2876586914063,229.63560485839845,42.25800704956055,0.009049171581864357,0,0.9999590516090393,0,1,0,-0.9999590516090393,0,0.009049171581864357],5,2.209630250930786],[[748.1543579101563,229.71279907226563,42.25544357299805,0.009797375649213791,0,0.9999520182609558,0,1,0,-0.9999520182609558,0,0.009797375649213791],5,2.221773862838745],[[747.4878540039063,229.89442443847657,42.24262619018555,0.013007146306335926,0,0.9999154210090637,0,1,0,-0.9999154210090637,0,0.013007146306335926],5,2.2699766159057619],[[747.2212524414063,229.87168884277345,42.23829650878906,0.013645952567458153,0,0.9999068975448608,0,1,0,-0.9999068975448608,0,0.013645952567458153],5,2.2878715991973879],[[746.9546508789063,229.79446411132813,42.234893798828128,0.01365985069423914,0,0.9999067187309265,0,1,0,-0.9999067187309265,0,0.01365985069423914],5,2.2928407192230226],[[746.8880004882813,229.7666473388672,42.234222412109378,0.013575077056884766,0,0.9999078512191773,0,1,0,-0.9999078512191773,0,0.013575077056884766],5,2.301827907562256],[[746.6880493164063,229.66273498535157,42.232425689697269,0.013177367858588696,0,0.9999131560325623,0,1,0,-0.9999131560325623,0,0.013177367858588696],5,2.307729959487915],[[746.5547485351563,229.57643127441407,42.231605529785159,0.012758069671690464,0,0.9999186396598816,0,1,0,-0.9999186396598816,0,0.012758069671690464],5,2.3170695304870607],[[746.4214477539063,229.47650146484376,42.23123550415039,0.012156411074101925,0,0.9999260902404785,0,1,0,-0.9999260902404785,0,0.012156411074101925],5,2.3275277614593508],[[745.9548950195313,229.01947021484376,42.23188400268555,0.009113214910030365,0,0.9999584555625916,0,1,0,-0.9999584555625916,0,0.009113214910030365],5,2.354185104370117],[[745.6882934570313,228.68336486816407,42.23473358154297,0.006580640561878681,0,0.9999783635139465,0,1,0,-0.9999783635139465,0,0.006580640561878681],5,2.371843099594116],[[745.4883422851563,228.39552307128907,42.23801803588867,0.004311318974941969,0,0.999990701675415,0,1,0,-0.999990701675415,0,0.004311318974941969],5,2.3861083984375],[[745.3550415039063,228.18658447265626,42.24068069458008,0.00268718134611845,0,0.9999963641166687,0,1,0,-0.9999963641166687,0,0.00268718134611845],5,2.393289804458618],[[745.2217407226563,227.9640350341797,42.243629455566409,0.0010193897178396583,0,0.999999463558197,0,1,0,-0.999999463558197,0,0.0010193897178396583],5,2.4020047187805177],[[745.0884399414063,227.7278594970703,42.24681854248047,-0.0006670645670965314,0,0.9999997615814209,0,1,0,-0.9999997615814209,0,-0.0006670645670965314],5,2.4084606170654299],[[744.9551391601563,227.47805786132813,42.25006866455078,-0.0022999958600848915,0,0.9999973773956299,0,1,0,-0.9999973773956299,0,-0.0022999958600848915],5,2.419114112854004],[[744.7551879882813,227.0778045654297,42.2552375793457,-0.004704023711383343,0,0.9999889135360718,0,1,0,-0.9999889135360718,0,-0.004704023711383343],5,2.4316749572753908],[[744.6218872070313,226.7939453125,42.2588996887207,-0.006275211460888386,0,0.9999803304672241,0,1,0,-0.9999803304672241,0,-0.006275211460888386],5,2.441361427307129],[[744.2219848632813,225.860595703125,42.271324157714847,-0.011229787021875382,0,0.9999369382858276,0,1,0,-0.9999369382858276,0,-0.011229787021875382],5,2.4636595249176027],[[743.6892700195313,224.42538452148438,42.29325866699219,-0.01915052905678749,0,0.9998165965080261,0,1,0,-0.9998165965080261,0,-0.01915052905678749],5,2.4991469383239748],[[743.489501953125,223.8309783935547,42.302772521972659,-0.022155599668622018,0,0.9997545480728149,0,1,0,-0.9997545480728149,0,-0.022155599668622018],5,2.5100929737091066],[[743.4229125976563,223.62603759765626,42.30602264404297,-0.023108113557100297,0,0.9997329711914063,0,1,0,-0.9997329711914063,0,-0.023108113557100297],5,2.5160202980041506],[[743.2897338867188,223.20591735839845,42.31253433227539,-0.024912478402256967,0,0.9996896386146545,0,1,0,-0.9996896386146545,0,-0.024912478402256967],5,2.5234007835388185],[[743.1565551757813,222.77218627929688,42.31904983520508,-0.02659512124955654,0,0.9996463060379028,0,1,0,-0.9996463060379028,0,-0.02659512124955654],7,2.5324699878692629],[[742.956787109375,222.209228515625,42.32882308959961,-0.028921455144882203,0,0.9995816946029663,0,1,0,-0.9995816946029663,0,-0.028921455144882203],7,2.546431303024292],[[742.7570190429688,222.1564178466797,42.33859634399414,-0.031023571267724038,0,0.999518632888794,0,1,0,-0.999518632888794,0,-0.031023571267724038],7,2.5668044090270998],[[742.4906616210938,222.25436401367188,42.351627349853519,-0.03351420909166336,0,0.9994382262229919,0,1,0,-0.9994382262229919,0,-0.03351420909166336],8,2.575338125228882],[[742.2908935546875,222.90664672851563,42.36140060424805,-0.035329677164554599,0,0.9993757009506226,0,1,0,-0.9993757009506226,0,-0.035329677164554599],3,2.5939865112304689],[[742.0245361328125,223.72866821289063,42.37443161010742,-0.03732598200440407,0,0.9993031620979309,0,1,0,-0.9993031620979309,0,-0.03732598200440407],5,2.600003957748413],[[741.9579467773438,223.9256591796875,42.377689361572269,-0.037760231643915179,0,0.9992868304252625,0,1,0,-0.9992868304252625,0,-0.037760231643915179],5,2.6071314811706545],[[741.8247680664063,224.30941772460938,42.38420486450195,-0.03856024146080017,0,0.9992562532424927,0,1,0,-0.9992562532424927,0,-0.03856024146080017],5,2.61678409576416],[[741.625,224.85951232910157,42.393978118896487,-0.03964633867144585,0,0.9992137551307678,0,1,0,-0.9992137551307678,0,-0.03964633867144585],5,2.6266348361968996],[[741.4918212890625,225.20921325683595,42.40032196044922,-0.04024156928062439,0,0.9991899728775024,0,1,0,-0.9991899728775024,0,-0.04024156928062439],5,2.636449098587036],[[741.2920532226563,225.70822143554688,42.4091911315918,-0.040774449706077579,0,0.9991683959960938,0,1,0,-0.9991683959960938,0,-0.040774449706077579],5,2.646603584289551],[[741.1588745117188,226.0238494873047,42.41432571411133,-0.04076334089040756,0,0.9991688132286072,0,1,0,-0.9991688132286072,0,-0.04076334089040756],5,2.6557536125183107],[[741.0255737304688,226.32586669921876,42.41907501220703,-0.040516797453165057,0,0.9991788864135742,0,1,0,-0.9991788864135742,0,-0.040516797453165057],5,2.664735794067383],[[740.8922729492188,226.61424255371095,42.423744201660159,-0.040185000747442248,0,0.9991922378540039,0,1,0,-0.9991922378540039,0,-0.040185000747442248],5,2.673379898071289],[[740.7589721679688,226.88900756835938,42.428401947021487,-0.03983810916543007,0,0.9992061257362366,0,1,0,-0.9992061257362366,0,-0.03983810916543007],5,2.6830084323883058],[[740.6256713867188,227.15013122558595,42.43305587768555,-0.039501216262578967,0,0.999219536781311,0,1,0,-0.999219536781311,0,-0.039501216262578967],5,2.6919562816619875],[[740.2257690429688,227.85179138183595,42.447017669677737,-0.03856635466217995,0,0.9992560148239136,0,1,0,-0.9992560148239136,0,-0.03856635466217995],5,2.7144076824188234],[[740.0924682617188,228.0584259033203,42.451499938964847,-0.038231685757637027,0,0.9992688894271851,0,1,0,-0.9992688894271851,0,-0.038231685757637027],5,2.7247307300567629],[[739.8925170898438,228.34283447265626,42.45785903930664,-0.0376148484647274,0,0.9992923140525818,0,1,0,-0.9992923140525818,0,-0.0376148484647274],5,2.7360575199127199],[[739.6925659179688,228.59657287597657,42.464149475097659,-0.03698623552918434,0,0.9993157982826233,0,1,0,-0.9993157982826233,0,-0.03698623552918434],5,2.7664265632629396],[[739.2926635742188,229.01211547851563,42.476715087890628,-0.035845138132572177,0,0.9993573427200317,0,1,0,-0.9993573427200317,0,-0.035845138132572177],5,2.7763781547546388],[[739.0927124023438,229.17388916015626,42.48299789428711,-0.03536031395196915,0,0.9993746280670166,0,1,0,-0.9993746280670166,0,-0.03536031395196915],5,2.795126438140869],[[738.8261108398438,229.34190368652345,42.49137496948242,-0.03480714187026024,0,0.9993940591812134,0,1,0,-0.9993940591812134,0,-0.03480714187026024],5,2.8012335300445558],[[738.7594604492188,229.37539672851563,42.49346923828125,-0.03468230366706848,0,0.999398410320282,0,1,0,-0.999398410320282,0,-0.03468230366706848],5,2.807281970977783],[[738.6261596679688,229.43215942382813,42.497657775878909,-0.034450408071279529,0,0.9994063973426819,0,1,0,-0.9994063973426819,0,-0.034450408071279529],5,2.8143508434295656],[[738.4262084960938,229.49176025390626,42.50394058227539,-0.03413364291191101,0,0.9994173049926758,0,1,0,-0.9994173049926758,0,-0.03413364291191101],5,2.829503059387207],[[738.2412109375,229.52069091796876,42.50975799560547,-0.034017860889434817,0,0.999421238899231,0,1,0,-0.999421238899231,0,-0.034017860889434817],5,2.856487989425659],[[737.938232421875,229.48660278320313,42.519287109375,-0.03399034962058067,0,0.9994221329689026,0,1,0,-0.9994221329689026,0,-0.03399034962058067],5,2.872588634490967],[[737.7858276367188,229.395751953125,42.524078369140628,-0.033989351242780688,0,0.9994221925735474,0,1,0,-0.9994221925735474,0,-0.033989351242780688],5,2.88370943069458],[[737.6975708007813,229.29183959960938,42.526851654052737,-0.03398924693465233,0,0.9994221925735474,0,1,0,-0.9994221925735474,0,-0.03398924693465233],5,2.9034616947174074],[[737.6146240234375,229.10560607910157,42.52946090698242,-0.03398922085762024,0,0.9994221925735474,0,1,0,-0.9994221925735474,0,-0.03398922085762024],5,2.9098997116088869],[[737.5880737304688,228.9920654296875,42.530296325683597,-0.03398922085762024,0,0.9994221925735474,0,1,0,-0.9994221925735474,0,-0.03398922085762024],5,2.9185822010040285],[[737.5714111328125,228.86488342285157,42.530818939208987,-0.03398922085762024,0,0.9994221925735474,0,1,0,-0.9994221925735474,0,-0.03398922085762024],5,2.9281222820281984],[[737.5639038085938,228.64857482910157,42.53105545043945,-0.03398922085762024,0,0.9994221925735474,0,1,0,-0.9994221925735474,0,-0.03398922085762024],5,2.937750816345215],[[737.5635986328125,228.5696563720703,42.531063079833987,-0.03398922085762024,0,0.9994221925735474,0,1,0,-0.9994221925735474,0,-0.03398922085762024],5,2.946338176727295],[[737.5634155273438,228.31246948242188,42.53106689453125,-0.03398922085762024,0,0.9994221925735474,0,1,0,-0.9994221925735474,0,-0.03398922085762024],5,2.9550445079803469],[[737.5634155273438,228.1239776611328,42.53106689453125,-0.03398922085762024,0,0.9994221925735474,0,1,0,-0.9994221925735474,0,-0.03398922085762024],5,2.964694023132324],[[737.5634155273438,227.92185974121095,42.53106689453125,-0.03398922085762024,0,0.9994221925735474,0,1,0,-0.9994221925735474,0,-0.03398922085762024],5,2.9725117683410646],[[737.5634155273438,227.5931396484375,42.53106689453125,-0.03398922085762024,0,0.9994221925735474,0,1,0,-0.9994221925735474,0,-0.03398922085762024],5,2.985651731491089],[[737.5634155273438,226.97715759277345,42.53106689453125,-0.03398922085762024,0,0.9994221925735474,0,1,0,-0.9994221925735474,0,-0.03398922085762024],5,3.005178689956665],[[737.5634155273438,226.7069091796875,42.53106689453125,-0.03398922085762024,0,0.9994221925735474,0,1,0,-0.9994221925735474,0,-0.03398922085762024],5,3.0170609951019289],[[737.5634155273438,226.12554931640626,42.53106689453125,-0.03398922085762024,0,0.9994221925735474,0,1,0,-0.9994221925735474,0,-0.03398922085762024],5,3.031200408935547],[[737.5112915039063,225.15133666992188,42.531883239746097,-0.031155172735452653,0,0.9995145797729492,0,1,0,-0.9995145797729492,0,-0.031155172735452653],5,3.0565073490142824],[[737.4517211914063,224.6182403564453,42.53282165527344,-0.02953329309821129,0,0.9995638132095337,0,1,0,-0.9995638132095337,0,-0.02953329309821129],5,3.074937582015991],[[737.3698120117188,224.0544891357422,42.53411102294922,-0.028076237067580224,0,0.9996057748794556,0,1,0,-0.9996057748794556,0,-0.028076237067580224],5,3.0822641849517824],[[737.3027954101563,223.66162109375,42.53516387939453,-0.027195511385798456,0,0.9996301531791687,0,1,0,-0.9996301531791687,0,-0.027195511385798456],5,3.0901877880096437],[[737.225830078125,223.25514221191407,42.536373138427737,-0.026384158059954644,0,0.9996518492698669,0,1,0,-0.9996518492698669,0,-0.026384158059954644],5,3.1002814769744875],[[737.047119140625,222.61985778808595,42.5391845703125,-0.02526848576962948,0,0.9996806979179382,0,1,0,-0.9996806979179382,0,-0.02526848576962948],7,3.111649751663208],[[736.914794921875,222.28541564941407,42.54109191894531,-0.02452702634036541,0,0.9996991753578186,0,1,0,-0.9996991753578186,0,-0.02452702634036541],7,3.1212170124053957],[[736.7816162109375,222.2132110595703,42.54296112060547,-0.02380470372736454,0,0.9997166395187378,0,1,0,-0.9997166395187378,0,-0.02380470372736454],7,3.1297643184661867],[[736.5816650390625,222.24818420410157,42.545753479003909,-0.022787021473050119,0,0.9997403621673584,0,1,0,-0.9997403621673584,0,-0.022787021473050119],7,3.14099383354187],[[736.3817138671875,222.30902099609376,42.54826354980469,-0.021751614287495614,0,0.9997634291648865,0,1,0,-0.9997634291648865,0,-0.021751614287495614],8,3.1545469760894777],[[736.1151123046875,223.1719207763672,42.551544189453128,-0.02035904861986637,0,0.999792754650116,0,1,0,-0.999792754650116,0,-0.02035904861986637],3,3.171355962753296],[[735.8485107421875,223.98031616210938,42.554412841796878,-0.019018860533833505,0,0.9998190999031067,0,1,0,-0.9998190999031067,0,-0.019018860533833505],5,3.197007417678833],[[735.3819580078125,225.2638702392578,42.55929946899414,-0.016962751746177675,0,0.9998561143875122,0,1,0,-0.9998561143875122,0,-0.016962751746177675],5,3.213392972946167],[[735.3153076171875,225.43360900878907,42.55999755859375,-0.016706090420484544,0,0.9998604655265808,0,1,0,-0.9998604655265808,0,-0.016706090420484544],5,3.220266103744507],[[734.9820556640625,226.23121643066407,42.5634880065918,-0.015604306943714619,0,0.9998782277107239,0,1,0,-0.9998782277107239,0,-0.015604306943714619],5,3.239032745361328],[[734.8487548828125,226.5264129638672,42.564884185791019,-0.015225693583488465,0,0.9998840689659119,0,1,0,-0.9998840689659119,0,-0.015225693583488465],5,3.247833013534546],[[734.5821533203125