[[[663.528076171875,222.69961547851563,159.64199829101563,0.9999954104423523,1.8609608076758378e-8,-0.003020061645656824,-1.8613828700608793e-8,1,-1.3689827049745418e-9,0.003020061645656824,1.4251912983098692e-9,0.9999954104423523],8,0.008104562759399414],[[663.528076171875,222.69961547851563,159.64199829101563,0.9999954104423523,3.3695702228442317e-8,-0.003020061645656824,-3.3703340562851739e-8,1,-2.4787671915049715e-9,0.003020061645656824,2.5805420023061744e-9,0.9999954104423523],8,0.019866466522216798],[[663.528076171875,222.69961547851563,159.64199829101563,0.9999954104423523,5.631275712403294e-8,-0.003020061645656824,-5.632552202428087e-8,1,-4.142554299590984e-9,0.003020061645656824,4.312641799231187e-9,0.9999954104423523],8,0.033745527267456058],[[663.528076171875,222.69961547851563,159.64199829101563,0.9999954104423523,8.644627769172075e-8,-0.003020061645656824,-8.646588156580037e-8,1,-6.359277548995124e-9,0.003020061645656824,6.620380688104888e-9,0.9999954104423523],8,0.055806875228881839],[[663.528076171875,222.69961547851563,159.64199829101563,0.9999954104423523,1.1655406240151933e-7,-0.003020061645656824,-1.1658048748586225e-7,1,-8.574105869740834e-9,0.003020061645656824,8.926146932708435e-9,0.9999954104423523],8,0.06352710723876953],[[663.528076171875,222.69961547851563,159.64199829101563,0.9999954104423523,1.1338494942947364e-7,-0.003020061645656824,-1.1341065686565344e-7,1,-8.340975021781105e-9,0.003020061645656824,8.683444185919598e-9,0.9999954104423523],8,0.07307600975036621],[[663.528076171875,222.69961547851563,159.64199829101563,0.9999954104423523,8.132254691872731e-8,-0.003020061645656824,-8.134098550272029e-8,1,-5.982357276224093e-9,0.003020061645656824,6.227984794549002e-9,0.9999954104423523],8,0.08306360244750977],[[663.528076171875,222.69961547851563,159.64199829101563,0.9999954104423523,4.928068975118549e-8,-0.003020061645656824,-4.929186303570532e-8,1,-3.62525165442662e-9,0.003020061645656824,3.774099699427325e-9,0.9999954104423523],8,0.09470915794372559],[[663.528076171875,222.69961547851563,159.64199829101563,0.9999954104423523,2.793086473218409e-8,-0.003020061645656824,-2.7937195667959714e-8,1,-2.054687531227728e-9,0.003020061645656824,2.1390502702445248e-9,0.9999954104423523],8,0.10640859603881836],[[663.528076171875,222.69961547851563,159.64199829101563,0.9999954104423523,-4.0767695885790548e-9,-0.003020061645656824,4.077694182313962e-9,1,2.9989996597201698e-10,0.003020061645656824,-3.122134772937102e-10,0.9999954104423523],8,0.11846017837524414],[[663.528076171875,222.69961547851563,159.64199829101563,0.9999954104423523,-2.5403794623457544e-8,-0.003020061645656824,2.540955357233088e-8,1,1.8687862368693688e-9,0.003020061645656824,-1.9455161925918675e-9,0.9999954104423523],8,0.1269984245300293],[[663.528076171875,222.69961547851563,159.64199829101563,0.9999954104423523,-8.933020012591442e-8,-0.003020061645656824,8.935045059388358e-8,1,6.571422961343387e-9,0.003020061645656824,-6.84123691030436e-9,0.9999954104423523],8,0.14882493019104005],[[663.528076171875,222.69961547851563,159.64199829101563,0.9999954104423523,-1.0338410305621437e-7,-0.003020061645656824,1.034075438610671e-7,1,7.605274632282999e-9,0.003020061645656824,-7.91753684836749e-9,0.9999954104423523],8,0.16379165649414063],[[663.528076171875,222.69961547851563,159.64199829101563,0.9999954104423523,-8.16833249928095e-8,-0.003020061645656824,8.170184884193077e-8,1,6.008894715137103e-9,0.003020061645656824,-6.255612028382984e-9,0.9999954104423523],8,0.17506194114685059],[[663.528076171875,222.69961547851563,159.64199829101563,0.9999954104423523,-6.722387269064711e-8,-0.003020061645656824,6.723911383232917e-8,1,4.945210463347394e-9,0.003020061645656824,-5.14825382325057e-9,0.9999954104423523],8,0.1858360767364502],[[663.528076171875,222.69961547851563,159.64199829101563,0.9999954104423523,-4.554627253128274e-8,-0.003020061645656824,4.555660026994701e-8,1,3.350536070811927e-9,0.003020061645656824,-3.48810469397165e-9,0.9999954104423523],8,0.19460487365722657],[[663.528076171875,222.69961547851563,159.64199829101563,0.9999954104423523,-3.110225677005474e-8,-0.003020061645656824,3.1109308906707159e-8,1,2.287988243310224e-9,0.003020061645656824,-2.3819297645388817e-9,0.9999954104423523],8,0.206223726272583],[[663.528076171875,222.69961547851563,159.64199829101563,0.9999954104423523,-9.447806093021427e-9,-0.003020061645656824,9.449948379369744e-9,1,6.950179320952543e-10,0.003020061645656824,-7.235542165417996e-10,0.9999954104423523],8,0.21759033203125],[[663.528076171875,222.69961547851563,159.64199829101563,0.9999954104423523,1.2192766796204069e-8,-0.003020061645656824,-1.2195531695624595e-8,1,-8.969309739370601e-10,0.003020061645656824,9.337581818869012e-10,0.9999954104423523],8,0.23778104782104493],[[663.5344848632813,222.69961547851563,159.48048400878907,0.999979555606842,4.1023064056844308e-8,-0.006396475248038769,-4.104235529212019e-8,1,-2.884189997942599e-9,0.006396475248038769,3.1466573791050225e-9,0.999979555606842],8,0.25383543968200686],[[663.544921875,222.69961547851563,159.2175750732422,0.9999417066574097,6.982258327070667e-8,-0.010798892006278038,-6.987651346435087e-8,1,-4.6169454925859558e-9,0.010798892006278038,5.371265210385445e-9,0.9999417066574097],8,0.2719230651855469],[[663.555419921875,222.69961547851563,158.95118713378907,0.9998900890350342,9.859142124923892e-8,-0.01482738833874464,-9.869339123724785e-8,1,-6.145275843749687e-9,0.01482738833874464,7.60796581289469e-9,0.9998900890350342],8,0.2787771224975586],[[663.5606689453125,222.69961547851563,158.8179473876953,0.9998618364334106,1.1296462787413475e-7,-0.01662367582321167,-1.1309415270943646e-7,1,-6.851262668305935e-9,0.01662367582321167,8.730356881869739e-9,0.9998618364334106],8,0.2892036437988281],[[663.56591796875,222.69961547851563,158.68470764160157,0.9998332262039185,1.0973627695420874e-7,-0.01826361007988453,-1.0987304221998784e-7,1,-6.485041836867822e-9,0.01826361007988453,8.490638414571095e-9,0.9998332262039185],8,0.29625868797302248],[[663.576416015625,222.69961547851563,158.41822814941407,0.9997745156288147,6.811315955701503e-8,-0.02123398333787918,-6.820983600164254e-8,1,-3.828561023766497e-9,0.02123398333787918,5.276064030113048e-9,0.9997745156288147],8,0.31415534019470217],[[663.5842895507813,222.69961547851563,158.21836853027345,0.9997308254241943,3.692250416520437e-8,-0.023201998323202134,-3.697887862585958e-8,1,-2.000708487770453e-9,0.023201998323202134,2.8581539357475096e-9,0.9997308254241943],8,0.3338325023651123],[[663.5947875976563,222.69961547851563,157.95188903808595,0.9996746182441711,-4.630211769551806e-9,-0.025507694110274316,4.638231576592489e-9,1,2.552383304710304e-10,0.025507694110274316,-3.7346589709663649e-10,0.9996746182441711],8,0.3428483009338379],[[663.60302734375,222.69961547851563,157.7520751953125,0.9996318817138672,-3.5768952244552568e-8,-0.027132229879498483,3.583181751309894e-8,1,1.8307820814911225e-9,0.027132229879498483,-2.8023050546721608e-9,0.9996318817138672],8,0.36293911933898928],[[663.614013671875,222.69961547851563,157.48565673828126,0.9995761513710022,-7.725323314389243e-8,-0.02911289967596531,7.739652829741317e-8,1,3.7952769815774449e-9,0.02911289967596531,-6.0469056428757998e-9,0.9995761513710022],8,0.3703947067260742],[[663.6167602539063,222.69961547851563,157.41905212402345,0.9995627999305725,-8.761826819636554e-8,-0.029566090553998948,8.778276594512136e-8,1,4.265519493173997e-9,0.029566090553998948,-6.859047996243817e-9,0.9995627999305725],8,0.3771829605102539],[[663.625,222.69961547851563,157.21923828125,0.9995250105857849,-1.012160026903075e-7,-0.03081745281815529,1.0141222617221502e-7,1,4.804231235056022e-9,0.03081745281815529,-7.927216216785382e-9,0.9995250105857849],8,0.38892054557800295],[[663.6304931640625,222.69961547851563,157.08602905273438,0.9995014071464539,-8.697052322759191e-8,-0.031574197113513949,8.714225430139777e-8,1,4.062924219283559e-9,0.031574197113513949,-6.812345354489935e-9,0.9995014071464539],8,0.39630675315856936],[[663.635986328125,222.69961547851563,156.95281982421876,0.9994791150093079,-7.273151680919909e-8,-0.032271433621644977,7.287747649797893e-8,1,3.3466538429394179e-9,0.032271433621644977,-5.696771498975295e-9,0.9994791150093079],8,0.4123408794403076],[[663.64697265625,222.69961547851563,156.6864013671875,0.9994373917579651,-4.427279520768934e-8,-0.03354019299149513,4.4364064422097729e-8,1,1.9769816894665839e-9,0.03354019299149513,-3.4638485413296395e-9,0.9994373917579651],8,0.42203593254089358],[[663.6524658203125,222.69961547851563,156.55319213867188,0.9994180798530579,-3.005302673386723e-8,-0.03410964831709862,3.011557936360987e-8,1,1.3201557624853422e-9,0.03410964831709862,-2.3466193432852835e-9,0.9994180798530579],8,0.4306941032409668],[[663.657958984375,222.69961547851563,156.41998291015626,0.9994001984596252,-1.5839612288459649e-8,-0.034630186855793,1.5872670289240888e-8,1,6.797195029051295e-10,0.034630186855793,-1.228985357926149e-9,0.9994001984596252],8,0.43991827964782717],[[663.6659545898438,222.69961547851563,156.22012329101563,0.9993790984153748,5.468689501242352e-9,-0.03523403778672218,-5.4810773697511198e-9,1,-2.5499657940741829e-10,0.03523403778672218,4.479587256689399e-10,0.9993790984153748],8,0.45064282417297366],[[663.673828125,222.69961547851563,156.020263671875,0.9993618130683899,2.676292432113314e-8,-0.03572140634059906,-2.6821757259654079e-8,1,-1.167771768173509e-9,0.03572140634059906,2.125137399389132e-9,0.9993618130683899],8,0.46140313148498537],[[663.678955078125,222.69961547851563,155.88702392578126,0.9993537664413452,4.095132055681461e-8,-0.035945065319538119,-4.104143513927738e-8,1,-1.7691411668963042e-9,0.035945065319538119,3.24323501388335e-9,0.9993537664413452],8,0.4722883701324463],[[663.6840209960938,222.69961547851563,155.7537841796875,0.9993478059768677,5.5133554610620197e-8,-0.036110807210206988,-5.5255082287430926e-8,1,-2.367403384440081e-9,0.036110807210206988,4.3611647626562448e-9,0.9993478059768677],8,0.4825758934020996],[[663.6915283203125,222.69961547851563,155.55392456054688,0.9993404746055603,7.639540200443662e-8,-0.03631352633237839,-7.656426248559001e-8,1,-3.2594424936860379e-9,0.03631352633237839,6.0376112998028479e-9,0.9993404746055603],8,0.492769718170166],[[663.6990356445313,222.69961547851563,155.35406494140626,0.9993340969085693,9.764347908003401e-8,-0.03648769110441208,-9.785991039734654e-8,1,-4.145515042353054e-9,0.03648769110441208,7.71343700023408e-9,0.9993340969085693],8,0.5053362846374512],[[663.7063598632813,222.69961547851563,155.15420532226563,0.9993324875831604,1.1887786399711331e-7,-0.03653249889612198,-1.1914149666836238e-7,1,-5.0392992001491169e-9,0.03653249889612198,9.38847133369336e-9,0.9993324875831604],8,0.5156855583190918],[[663.7136840820313,222.69961547851563,154.954345703125,0.9993330836296082,8.792310524086133e-8,-0.03651513159275055,-8.811798579699826e-8,1,-3.727539610309805e-9,0.03651513159275055,6.942693975275915e-9,0.9993330836296082],8,0.5286962985992432],[[663.7185668945313,222.69961547851563,154.82110595703126,0.9993337988853455,6.729761992119166e-8,-0.0364958681166172,-6.744669178715412e-8,1,-2.853469016628196e-9,0.0364958681166172,5.313093520697976e-9,0.9993337988853455],8,0.537710428237915],[[663.7258911132813,222.69961547851563,154.62124633789063,0.9993349313735962,3.637588363858413e-8,-0.03646579012274742,-3.645634905069528e-8,1,-1.5417020993169218e-9,0.03646579012274742,2.8700863907715758e-9,0.9993349313735962],8,0.5498621463775635],[[663.7356567382813,223.56251525878907,154.35476684570313,0.9993363618850708,-4.822324317643734e-9,-0.03642558678984642,4.833135669457533e-9,1,2.0874575679119545e-10,0.03642558678984642,-3.846570284515849e-10,0.9993363618850708],3,0.5683565139770508],[[663.7423095703125,224.17391967773438,154.1548614501953,0.9993452429771423,-3.569801165781428e-8,-0.036181263625621799,3.577679308364168e-8,1,1.5299922440092928e-9,0.036181263625621799,-2.823440148347345e-9,0.9993452429771423],5,0.5924530029296875],[[663.7532958984375,225.1248016357422,153.82168579101563,0.9993653893470764,-8.711425181218147e-8,-0.035620417445898059,8.730411593660392e-8,1,3.774766721420519e-9,0.035620417445898059,-6.8821801590956969e-9,0.9993653893470764],5,0.6003580093383789],[[663.7571411132813,225.4813232421875,153.68841552734376,0.9993795156478882,-1.076657056842123e-7,-0.03522169589996338,1.0789840843017373e-7,1,4.70590633128154e-9,0.03522169589996338,-8.503350912292263e-9,0.9993795156478882],5,0.6086230278015137],[[663.7608032226563,225.82420349121095,153.55514526367188,0.9993963241577148,-1.2820871120311495e-7,-0.034741830080747607,1.2848299490997307e-7,1,5.662467827960427e-9,0.034741830080747607,-1.0122784388499895e-8,0.9993963241577148],5,0.6163439750671387],[[663.7642822265625,226.15347290039063,153.42184448242188,0.9994152784347534,-1.4874332521230827e-7,-0.03419214487075806,1.4905776879459155e-7,1,6.647603800757906e-9,0.03419214487075806,-1.1740321603781468e-8,0.9994152784347534],5,0.6263763904571533],[[663.7677001953125,226.46910095214845,153.28854370117188,0.9994344115257263,-1.5118997964691517e-7,-0.0336281955242157,1.5150565957355867e-7,1,6.83928291778102e-9,0.0336281955242157,-1.1930276322402733e-8,0.9994344115257263],5,0.63558030128479],[[663.7788696289063,227.46652221679688,152.82199096679688,0.9995059370994568,-9.651168397795118e-8,-0.03143090009689331,9.670335288092247e-8,1,4.577952239515071e-9,0.03143090009689331,-7.61516361080794e-9,0.9995059370994568],5,0.6618471145629883],[[663.7811889648438,227.72084045410157,152.68869018554688,0.9995331168174744,-8.09034190751845e-8,-0.030554113909602166,8.106077586944594e-8,1,3.911282409063688e-9,0.030554113909602166,-6.386196460539395e-9,0.9995331168174744],5,0.6723809242248535],[[663.782958984375,227.9615478515625,152.55535888671876,0.9995662569999695,-6.530122931280857e-8,-0.029450317844748498,6.542485664340347e-8,1,3.2341425093562749e-9,0.029450317844748498,-5.159522586950516e-9,0.9995662569999695],5,0.681567907333374],[[663.7845458984375,228.18861389160157,152.42202758789063,0.999599814414978,-4.970501166212671e-8,-0.028287721797823907,4.979644430136432e-8,1,2.5277879789342707e-9,0.028287721797823907,-3.9354044467643238e-9,0.999599814414978],5,0.6892275810241699],[[663.786865234375,228.6018829345703,152.15536499023438,0.9996691346168518,-1.8530275980310763e-8,-0.02572222426533699,1.8562607451144687e-8,1,1.0181769871664415e-9,0.02572222426533699,-1.4953116522775645e-9,0.9996691346168518],5,0.7028241157531738],[[663.7876586914063,228.7880859375,152.02203369140626,0.9997031688690186,-2.951648259141848e-9,-0.024363327771425248,2.9575830673422844e-9,1,2.0756490970441633e-10,0.024363327771425248,-2.795598474936156e-10,0.9997031688690186],5,0.71321702003479],[[663.7879638671875,228.9606475830078,151.88870239257813,0.9997376799583435,1.2621234724008446e-8,-0.022903120145201684,-1.2639296720351468e-8,1,-6.43861464144635e-10,0.022903120145201684,9.331718731075967e-10,0.9997376799583435],5,0.7222414016723633],[[663.7877807617188,229.11959838867188,151.75537109375,0.9997727274894714,2.8188468448320238e-8,-0.021318253129720689,-2.8227740145325698e-8,1,-1.5412650045121268e-9,0.021318253129720689,2.142680921579654e-9,0.9997727274894714],5,0.730494499206543],[[663.787109375,229.26492309570313,151.62203979492188,0.9998077750205994,4.375015905111468e-8,-0.019606128334999086,-4.380740392662119e-8,1,-2.490328832038813e-9,0.019606128334999086,3.348743726760972e-9,0.9998077750205994],5,0.7411272525787354],[[663.7848510742188,229.45736694335938,151.4220428466797,0.999862015247345,6.708263811106008e-8,-0.016611015424132348,-6.715894329545336e-8,1,-4.035633160981433e-9,0.016611015424132348,5.15065456951902e-9,0.999862015247345],5,0.7535080909729004],[[663.781494140625,229.619140625,151.22207641601563,0.9999117255210877,9.040355308798098e-8,-0.013287845067679882,-9.048783056186949e-8,1,-5.741077391263616e-9,0.013287845067679882,6.942958652444986e-9,0.9999117255210877],5,0.7641956806182861],[[663.77734375,229.75025939941407,151.02212524414063,0.9999514818191528,1.1371327701681366e-7,-0.009849577210843563,-1.1379370334907435e-7,1,-7.60461915660926e-9,0.009849577210843563,8.725070443915684e-9,0.9999514818191528],5,0.7750649452209473],[[663.7738037109375,229.82064819335938,150.8888397216797,0.9999725222587586,1.2924702730288119e-7,-0.007413915358483791,-1.2931693049722527e-7,1,-8.948795482410788e-9,0.007413915358483791,9.90729365213383e-9,0.9999725222587586],5,0.788057804107666],[[663.762451171875,229.95005798339845,150.48902893066407,1,1.5799727748344595e-7,-0.00019818110740743577,-1.579996649070381e-7,1,-1.2036926122505065e-8,0.00019818110740743577,1.2068238852691593e-8,1],5,0.8222072124481201],[[663.75244140625,229.96421813964845,150.15585327148438,0.999987006187439,1.0770244784907845e-7,0.005100106820464134,-1.0765911184762445e-7,1,-8.771336545976283e-9,-0.005100106820464134,8.222149183723105e-9,0.999987006187439],5,0.8371658325195313],[[663.7455444335938,229.93185424804688,149.9559783935547,0.9999668002128601,7.754412223448526e-8,0.008145485073328019,-7.749324026917748e-8,1,-6.56223297923475e-9,-0.008145485073328019,5.930795410336032e-9,0.9999668002128601],5,0.8435192108154297],[[663.7406616210938,229.8932342529297,149.82273864746095,0.9999487996101379,5.744628950310471e-8,0.010121077299118042,-5.739871511423189e-8,1,-4.991053792480216e-9,-0.010121077299118042,4.409861364962353e-9,0.9999487996101379],5,0.850985050201416],[[663.7332153320313,229.8097686767578,149.6228790283203,0.9999166131019592,2.7311234163107657e-8,0.012914540246129036,-2.7281345182927909e-8,1,-2.4905335571645539e-9,-0.012914540246129036,2.1379999992632294e-9,0.9999166131019592],5,0.8607406616210938],[[663.730712890625,229.77513122558595,149.55625915527345,0.999904990196228,1.726937171042664e-8,0.013785840943455696,-1.724866294239291e-8,1,-1.6210920383841199e-9,-0.013785840943455696,1.3831505940586908e-9,0.999904990196228],5,0.8671910762786865],[[663.7232055664063,229.65078735351563,149.3563995361328,0.9998683333396912,-1.2846514962916445e-8,0.016225509345531465,1.2830632556415367e-8,1,1.0829477314899805e-9,-0.016225509345531465,-8.746215973687299e-10,0.9998683333396912],5,0.8799505233764648],[[663.7182006835938,229.5508575439453,149.22315979003907,0.9998431205749512,-3.291556183171451e-8,0.01771203801035881,3.2868342714209578e-8,1,2.957080358356734e-9,-0.01771203801035881,-2.3744510802004017e-9,0.9998431205749512],5,0.8872509002685547],[[663.7131958007813,229.43731689453126,149.0899200439453,0.9998178482055664,-5.297789229530281e-8,0.01908448152244091,5.2894382207568927e-8,1,4.880669202123045e-9,-0.01908448152244091,-3.870318288079488e-9,0.9998178482055664],5,0.8962993621826172],[[663.7081909179688,229.3101348876953,148.95668029785157,0.999792754650116,-7.303338378505942e-8,0.020356837660074235,7.29090885442929e-8,1,6.848088762723137e-9,-0.020356837660074235,-5.362471355851994e-9,0.999792754650116],5,0.9053072929382324],[[663.7031860351563,229.16934204101563,148.8234405517578,0.9997680187225342,-9.308193682500132e-8,0.021538376808166505,9.291277791589892e-8,1,8.854375899147726e-9,-0.021538376808166505,-6.85113121789982e-9,0.9997680187225342],5,0.9158987998962402],[[663.690673828125,228.75772094726563,148.49034118652345,0.9997066259384155,-1.4317237173600007e-7,0.024220652878284456,1.4287462590800716e-7,1,1.4023318506417582e-8,-0.024220652878284456,-1.0558688146034001e-8,0.9997066259384155],5,0.9333765506744385],[[663.6856689453125,228.56922912597657,148.3571014404297,0.9996832013130188,-1.457263749671256e-7,0.02516864240169525,1.4540970028065204e-7,1,1.4412590232382172e-8,-0.02516864240169525,-1.0748260059756376e-8,0.9996832013130188],5,0.9428725242614746],[[663.6806640625,228.3671112060547,148.22386169433595,0.9996612668037415,-1.30813035070787e-7,0.026025600731372834,1.3051756297954854e-7,1,1.3051709935041345e-8,-0.026025600731372834,-9.650490184753835e-9,0.9996612668037415],5,0.9527192115783691],[[663.6731567382813,228.03839111328126,148.0240020751953,0.9996301531791687,-1.0845340625564859e-7,0.027193758636713029,1.0819554319141389e-7,1,1.0953654872025709e-8,-0.027193758636713029,-8.007360996487023e-9,0.9996301531791687],5,0.9625225067138672],[[663.6681518554688,227.80221557617188,147.89076232910157,0.9996106624603272,-9.355397878607619e-8,0.02790231443941593,9.332462980182754e-8,1,9.521830435232914e-9,-0.02790231443941593,-6.914150141312803e-9,0.9996106624603272],5,0.9724655151367188],[[663.66064453125,227.4224090576172,147.69090270996095,0.9995831251144409,-7.121545309018984e-8,0.02887175977230072,7.103339783043339e-8,1,7.331317775083335e-9,-0.02887175977230072,-5.277402514991536e-9,0.9995831251144409],5,0.9830996990203857],[[663.6556396484375,227.15216064453126,147.5576629638672,0.9995659589767456,-5.633023647533264e-8,0.029460586607456209,5.6182400953730396e-8,1,5.845873118914824e-9,-0.029460586607456209,-4.188168922780733e-9,0.9995659589767456],5,0.9922418594360352],[[663.650634765625,226.86830139160157,147.42442321777345,0.9995498061180115,-4.1450785914776137e-8,0.030003758147358896,4.133909925485568e-8,1,4.34266755888757e-9,-0.030003758147358896,-3.1003839495724607e-9,0.9995498061180115],5,1.00435209274292],[[663.6431274414063,226.4169464111328,147.2245635986328,0.999527096748352,-1.914249558865322e-8,0.03075108863413334,1.908819946550011e-8,1,2.0592207938818776e-9,-0.03075108863413334,-1.4712639995195787e-9,0.999527096748352],5,1.0138792991638184],[[663.6356201171875,225.93495178222657,147.0247039794922,0.9995061159133911,3.1526339316911846e-9,0.03142523765563965,-3.1462070726462345e-9,1,-2.539552734770467e-10,-0.03142523765563965,1.5495954519550993e-10,0.9995061159133911],5,1.0251049995422364],[[663.6281127929688,225.42230224609376,146.82484436035157,0.9994869232177734,2.5434500727783417e-8,0.03202958032488823,-2.5364487399315295e-8,1,-2.5922199942129966e-9,-0.03202958032488823,1.7784761441319575e-9,0.9994869232177734],5,1.038294792175293],[[663.6231079101563,225.06349182128907,146.6916046142578,0.9994751811027527,4.028166600278382e-8,0.03239466995000839,-4.0167893899933918e-8,1,-4.162814537522763e-9,-0.03239466995000839,2.8594042689178424e-9,0.9994751811027527],5,1.0475213527679444],[[663.6156005859375,224.49974060058595,146.4917449951172,0.9994588494300842,6.254121842630411e-8,0.03289356455206871,-6.236005134496736e-8,1,-6.5335816756828539e-9,-0.03289356455206871,4.478801773899477e-9,0.9994588494300842],5,1.0582172870635987],[[663.610595703125,224.10687255859376,146.35850524902345,0.999448835849762,7.737342855307361e-8,0.03319643810391426,-7.714630356758789e-8,1,-8.122589711945239e-9,-0.03319643810391426,5.557129867383992e-9,0.999448835849762],5,1.067312240600586],[[663.6055908203125,223.7003936767578,146.2252655029297,0.999439537525177,9.219961327744386e-8,0.03347579017281532,-9.192584116135549e-8,1,-9.717228799388522e-9,-0.03347579017281532,6.634492510926293e-9,0.999439537525177],5,1.0783891677856446],[[663.5980834960938,223.0651092529297,145.94813537597657,0.9994266033172607,1.144275501019365e-7,0.03386011719703674,-1.1408263134171648e-7,1,-1.2118607450872787e-8,-0.03386011719703674,8.248806970811984e-9,0.9994266033172607],7,1.0883374214172364],[[663.5930786132813,222.6245574951172,145.6990203857422,0.9994186162948608,1.1183175985252092e-7,0.03409399464726448,-1.1149167278290406e-7,1,-1.187605302988004e-8,-0.03409399464726448,8.067951640100546e-9,0.9994186162948608],7,1.0981392860412598],[[663.5855712890625,222.43919372558595,145.228759765625,0.9994076490402222,8.183789645954676e-8,0.03441431745886803,-8.158588826745472e-8,1,-8.726996014729594e-9,-0.03441431745886803,5.914103429205397e-9,0.9994076490402222],7,1.1084063053131104],[[663.58056640625,222.46005249023438,144.85089111328126,0.9994009137153626,6.185228329513848e-8,0.03460893779993057,-6.166020227738045e-8,1,-6.61753096764528e-9,-0.03460893779993057,4.4795727127677768e-9,0.9994009137153626],7,1.1195924282073975],[[663.5755615234375,222.50401306152345,144.4215087890625,0.9993947148323059,4.187494084817445e-8,0.03478848189115524,-4.174362544517862e-8,1,-4.501014227997757e-9,-0.03478848189115524,3.046092267311451e-9,0.9993947148323059],8,1.1300668716430665],[[663.5680541992188,222.56719970703126,143.68087768554688,0.9993860721588135,1.1924461418288957e-8,0.035035524517297748,-1.1885687101198528e-8,1,-1.3149997757366805e-9,-0.035035524517297748,8.977711907220964e-10,0.9993860721588135],8,1.139573097229004],[[663.5530395507813,222.6445770263672,142.0402374267578,0.9993706941604614,-4.7920426737846358e-8,0.03547205775976181,4.7769937339126048e-8,1,5.090030619214758e-9,-0.03547205775976181,-3.3923295283955214e-9,0.9993706941604614],8,1.162745714187622],[[663.5480346679688,222.65890502929688,141.4903564453125,0.9993662238121033,-6.785208483961469e-8,0.035597722977399829,6.763747961713307e-8,1,7.232813459268073e-9,-0.035597722977399829,-4.820488896939423e-9,0.9993662238121033],8,1.1775617599487305],[[663.5380249023438,222.6774139404297,140.39056396484376,0.9993584156036377,-1.0769036151714318e-7,0.03581618517637253,1.0734640909504378e-7,1,1.1526303467235266e-8,-0.03581618517637253,-7.674168855942299e-9,0.9993584156036377],8,1.1856458187103272],[[663.5330200195313,222.6832275390625,139.84066772460938,0.999354898929596,-1.091521824037045e-7,0.035912834107875827,1.0880224010634265e-7,1,1.1698440438578928e-8,-0.035912834107875827,-7.783497402158446e-9,0.999354898929596],8,1.194969892501831],[[663.5280151367188,222.68753051757813,139.290771484375,0.9993517398834229,-9.217248475579254e-8,0.03600092977285385,9.187596106130514e-8,1,9.890939622891893e-9,-0.03600092977285385,-6.5769074630850359e-9,0.9993517398834229],8,1.2033777236938477],[[663.5230102539063,222.69070434570313,138.74087524414063,0.9993488192558289,-7.519994227322968e-8,0.03608217090368271,7.495717824212989e-8,1,8.08088262971296e-9,-0.03608217090368271,-5.371002309573214e-9,0.9993488192558289],8,1.214186668395996],[[663.5155029296875,222.69398498535157,137.91603088378907,0.9993447661399841,-4.97545507016639e-8,0.03619393706321716,4.9592976836265737e-8,1,5.361877608578425e-9,-0.03619393706321716,-3.5633991313233084e-9,0.9993447661399841],8,1.2248706817626954],[[663.510498046875,222.69546508789063,137.3661346435547,0.9993423223495483,-3.279990679061484e-8,0.03626195341348648,3.269278536777165e-8,1,3.5469895909301387e-9,-0.03626195341348648,-2.3591524289656719e-9,0.9993423223495483],8,1.233696460723877],[[663.5054931640625,222.69656372070313,136.8162384033203,0.9993400573730469,-1.5852425150342243e-8,0.036324724555015567,1.5799988872799987e-8,1,1.7306227562130517e-9,-0.036324724555015567,-1.1555503220961328e-9,0.9993400573730469],8,1.2437794208526612],[[663.4954833984375,222.69798278808595,135.71644592285157,0.9993358850479126,1.8021035330662018e-8,0.03643903136253357,-1.7963527554343274e-8,1,-1.9055967914738405e-9,-0.03643903136253357,1.249757741739188e-9,0.9993358850479126],8,1.2575910091400147],[[663.490478515625,222.69842529296876,135.1665496826172,0.9993339776992798,3.4947014171393678e-8,0.03649041801691055,-3.483428301365166e-8,1,-3.7250755813289517e-9,-0.03649041801691055,2.4514770213812655e-9,0.9993339776992798],8,1.2744982242584229],[[663.48046875,222.698974609375,134.06675720214845,0.9993306398391724,6.877744596067714e-8,0.036582570523023608,-6.855386658344287e-8,1,-7.3658963373191e-9,-0.036582570523023608,4.853089485834516e-9,0.9993306398391724],8,1.2839581966400147],[[663.4754638671875,222.6991424560547,133.51686096191407,0.999329149723053,8.568190423829947e-8,0.036623742431402209,-8.540273910284668e-8,1,-9.186925886695008e-9,-0.036623742431402209,6.052994550032054e-9,0.999329149723053],8,1.2926831245422364],[[663.4697875976563,222.96060180664063,133.54742431640626,0.9994592070579529,0.003647911362349987,0.03268040716648102,0.007131617516279221,0.9461276531219482,-0.3237153887748718,-0.03210071846842766,0.3237733840942383,0.9455899596214294],3,1.3037896156311036],[[663.4635620117188,224.09222412109376,134.09022521972657,0.9997061491012573,0.0012575730215758086,0.02420884743332863,0.005723420064896345,0.9581757187843323,-0.28612327575683596,-0.023556150496006013,0.28617775440216067,0.9578869342803955],5,1.3141205310821534],[[663.4595947265625,224.9319305419922,134.22067260742188,0.9996938109397888,0.0006517036817967892,0.024735113605856897,0.004151902627199888,0.981061577796936,-0.19365154206752778,-0.02439287304878235,0.19369494915008546,0.9807584881782532],5,1.3239712715148926],[[663.4537963867188,226.1863555908203,134.40420532226563,0.9996637105941773,0.00011301658378215507,0.025931615382432939,0.0019155510235577822,0.9969366788864136,-0.07818938791751862,-0.025861015543341638,0.07821276783943176,0.9966012239456177],5,1.3347783088684083],[[663.4498291015625,227.02040100097657,134.52296447753907,0.9996442198753357,-0.00004219384572934359,0.026672782376408578,0.0009228830458596349,0.99945467710495,-0.03300682455301285,-0.026656845584511758,0.03301969915628433,0.9990991353988648],5,1.3443779945373536],[[663.4420166015625,228.68722534179688,134.74615478515626,0.9996098279953003,-0.00009001356374938041,0.027932140976190568,0.00004023409201181494,0.9999983906745911,0.0017827138071879745,-0.02793225832283497,-0.0017808943521231413,0.9996082186698914],5,1.3603041172027588],[[663.4381103515625,229.52056884765626,134.84681701660157,0.9995943903923035,-0.00006625419337069616,0.028478410094976426,-0.00007347110658884048,0.9999879598617554,0.004905284848064184,-0.028478393331170083,-0.004905387293547392,0.9995823502540588],5,1.3698079586029053],[[663.4320678710938,230.7705841064453,134.980712890625,0.9995732307434082,-0.000029858521884307266,0.029211487621068956,-0.00008811814768705517,0.9999918341636658,0.004037412349134684,-0.029211370274424554,-0.004038263577967882,0.9995651245117188],5,1.3799903392791749],[[663.4280395507813,231.6039276123047,135.0578155517578,0.9995620846748352,-0.000013762454727839213,0.02959095872938633,-0.00006388253677869216,0.999996542930603,0.0026229959912598135,-0.029590893536806108,-0.0026237377896904947,0.9995586276054382],5,1.3881454467773438],[[663.4240112304688,232.43727111816407,135.1249237060547,0.999552845954895,-0.0000044194543988851368,0.029902156442403795,-0.00003868370549753308,0.9999989867210388,0.0014408946735784412,-0.029902132228016855,-0.0014414071338251234,0.9995517730712891],5,1.3978455066680909],[[663.4179077148438,233.68728637695313,135.20675659179688,0.9995406866073608,0.0000011020867987099337,0.030306166037917138,-0.000013110677173244767,0.9999999403953552,0.00039604376070201397,-0.030306164175271989,-0.0003962591872550547,0.9995405673980713],5,1.4090111255645753],[[663.4116821289063,234.9373016357422,135.26605224609376,0.9995297789573669,0.0000017600543742446462,0.03066236339509487,-0.0000018971867348227534,1,0.000004443242687557358,-0.03066236339509487,-0.000004499325314100133,0.9995297789573669],5,1.421144723892212],[[663.4033813476563,236.60398864746095,135.31024169921876,0.9995168447494507,8.470996135656606e-7,0.03108142875134945,0.0000014379756976268255,1,-0.00007349664520006627,-0.03108142875134945,0.00007350582745857537,0.9995168447494507],5,1.4391882419586182],[[663.3992309570313,237.42709350585938,135.3174285888672,0.9995110630989075,4.50432025900227e-7,0.03126797452569008,0.000001301922793572885,1,-0.00005602275996352546,-0.03126797452569008,0.000056036074965959418,0.9995110630989075],5,1.447871446609497],[[663.3950805664063,238.23658752441407,135.314697265625,0.9995056986808777,1.935663505037155e-7,0.03143822401762009,9.105389153774013e-7,1,-0.00003510551687213592,-0.03143822401762009,0.0000351167909684591,0.9995056986808777],5,1.4575958251953126],[[663.388671875,239.42527770996095,135.2919464111328,0.9994983673095703,1.441852059969051e-8,0.03167133033275604,3.853181169688469e-7,1,-0.000012615299965546,-0.03167133033275604,0.000012621175301319454,0.9994983077049255],5,1.4663331508636475],[[663.3843994140625,240.20071411132813,135.26437377929688,0.9994938373565674,-2.299313450748741e-8,0.03181294724345207,1.7107467442656344e-7,1,-0.0000046520349314960189,-0.03181294724345207,0.000004655122666008538,0.9994938373565674],5,1.4769914150238038],[[663.380126953125,241.3383026123047,135.23403930664063,0.9994913339614868,-2.7798700230619035e-8,0.03189103677868843,1.8825533132371676e-8,1,2.8166982701804957e-7,-0.03189103677868843,-2.80926172990803e-7,0.9994913339614868],5,1.4924933910369874],[[663.36767578125,240.794921875,135.2300567626953,0.9994966387748718,-0.000009256134944735095,0.03172467648983002,-0.00004340159648563713,0.9999986290931702,0.0016591461608186365,-0.03172464668750763,-0.001659687957726419,0.999495267868042],5,1.520352840423584],[[663.367431640625,239.76223754882813,135.23046875,0.9994972944259644,-0.000002930511527665658,0.031703438609838489,-0.000007300452580238925,0.9999999403953552,0.00032259259023703635,-0.031703438609838489,-0.0003226618573535234,0.9994972944259644],5,1.5275945663452149],[[663.367431640625,239.5454864501953,135.23049926757813,0.9994973540306091,-0.0000020412035155459309,0.03170280158519745,-0.000004129664375795983,1,0.0001945819240063429,-0.03170280158519745,-0.00019461504416540265,0.9994972944259644],5,1.5366220474243165],[[663.367431640625,239.10174560546876,135.2305450439453,0.9994973540306091,-8.229955028582481e-7,0.03170221298933029,-4.682820247126074e-7,1,0.00004072404044563882,-0.03170221298933029,-0.00004071841613040306,0.9994973540306091],5,1.5443756580352784],[[663.367431640625,238.64439392089845,135.23056030273438,0.9994973540306091,-1.8878918695008907e-7,0.031702011823654178,9.01842156508792e-7,1,-0.00002247805787192192,-0.031702011823654178,0.00002249535100418143,0.9994973540306091],5,1.552060604095459],[[663.367431640625,238.17340087890626,135.23057556152345,0.9994973540306091,7.732271001259505e-8,0.0317019447684288,0.0000011266469073234476,1,-0.000037959918699925768,-0.0317019447684288,0.000037976555177010599,0.9994973540306091],5,1.5620744228363038],[[663.367431640625,237.44139099121095,135.23057556152345,0.9994973540306091,1.452543045843413e-7,0.03170191869139671,7.420505312438763e-7,1,-0.00002797723027470056,-0.03170191869139671,0.000027986692657577806,0.9994973540306091],5,1.5719077587127686],[[663.367431640625,236.93634033203126,135.23056030273438,0.9994973540306091,1.1213423789513399e-7,0.031701914966106418,4.417613297391654e-7,1,-0.000017464986740378664,-0.031701914966106418,0.00001747021269693505,0.9994973540306091],5,1.581346035003662],[[663.367431640625,236.4176788330078,135.23056030273438,0.9994973540306091,7.089765574619378e-8,0.031701914966106418,2.2156636703130062e-7,1,-0.000009221924301527907,-0.031701914966106418,0.000009224313544109464,0.9994973540306091],5,1.5910546779632569],[[663.367431640625,235.61412048339845,135.23056030273438,0.9994973540306091,2.5856298435655846e-8,0.031701914966106418,4.644160966904565e-8,1,-0.000002279816953887348,-0.031701914966106418,0.0000022801434624852847,0.9994973540306091],5,1.6018540859222413],[[663.366943359375,234.7799072265625,135.21566772460938,0.9994969367980957,4.877655168655792e-9,0.031715426594018939,-9.903996733839904e-9,1,1.5832543454052939e-7,-0.031715426594018939,-1.585598994324755e-7,0.9994969367980957],5,1.617771863937378],[[663.365234375,233.6199493408203,135.1610870361328,0.9994961023330689,-2.095309481475738e-9,0.031741198152303699,-1.4787895352696978e-8,1,5.316671831678832e-7,-0.031741198152303699,-5.318686930877448e-7,0.9994961023330689],5,1.6417899131774903],[[663.3539428710938,230.14903259277345,134.80624389648438,0.9994940161705017,-1.9580181920275665e-9,0.03180698677897453,4.356938365646101e-9,1,-7.53518705209899e-8,-0.03180698677897453,7.545232705297167e-8,0.9994940161705017],5,1.6743123531341553],[[663.3524169921875,229.8130645751953,134.75909423828126,0.9994938969612122,-1.6209510400599925e-9,0.03181196004152298,4.7664765467914098e-9,1,-9.880286455654641e-8,-0.03181196004152298,9.890449348404218e-8,0.9994938969612122],5,1.6796860694885255],[[663.3491821289063,229.13088989257813,134.65736389160157,0.9994935989379883,-9.46426270687084e-10,0.031820349395275119,4.417016530311457e-9,1,-1.0899795910290777e-7,-0.031820349395275119,1.0908331660175463e-7,0.9994935989379883],5,1.692307710647583],[[663.3436889648438,228.08209228515626,134.48614501953126,0.9994932413101196,6.492502369059849e-11,0.03183082863688469,3.89306098469433e-9,1,-1.2428245099727065e-7,-0.03183082863688469,1.2434338714228944e-7,0.9994932413101196],5,1.710951566696167],[[663.33544921875,226.63600158691407,134.22743225097657,0.999492883682251,1.4125509650853019e-9,0.031842779368162158,3.1950173617900647e-9,1,-1.4464654896073626e-7,-0.031842779368162158,1.4467494224845724e-7,0.999492883682251],5,1.7177531719207764],[[663.3290405273438,225.5156707763672,134.02769470214845,0.9994926452636719,2.422623879283492e-9,0.03185058385133743,2.6719020329579736e-9,1,-1.5990822532785388e-7,-0.03185058385133743,1.5991220436717413e-7,0.9994926452636719],5,1.7275700569152833],[[663.326904296875,225.1354217529297,133.96107482910157,0.9994925856590271,2.7591895435108428e-9,0.03185295686125755,2.4976019030731324e-9,1,-1.649932812597399e-7,-0.03185295686125755,1.6498911747930834e-7,0.9994925856590271],5,1.7343025207519532],[[663.3226318359375,224.36468505859376,133.8278045654297,0.9994924068450928,3.4321301356499136e-9,0.03185739740729332,2.149107114490789e-9,1,-1.7516013883778215e-7,-0.03185739740729332,1.7513968941784697e-7,0.9994924068450928],5,1.7449164390563965],[[663.318359375,225.14141845703126,133.6945343017578,0.9994922876358032,4.104815598537925e-9,0.031861770898103717,1.8008063928931506e-9,1,-1.8532264789428155e-7,-0.031861770898103717,1.8528594125655219e-7,0.9994922876358032],3,1.75337553024292],[[663.31591796875,225.9749298095703,133.6399383544922,0.9996980428695679,0.0064756362698972229,-0.023704273626208307,-0.006479403469711542,0.9999790191650391,-0.00008211532258428633,0.02370324358344078,0.00023568006872665137,0.9997190237045288],5,1.7622909545898438],[[663.3059692382813,227.22494506835938,133.708740234375,0.9999157190322876,0.0008321609348058701,0.012956314720213414,-0.000848857220262289,0.9999988079071045,0.001283208024688065,-0.012955231592059136,-0.0012940976303070784,0.9999152421951294],5,1.7710659503936768],[[663.3001098632813,228.05828857421876,133.73031616210938,0.9997948408126831,-0.00044152644113637507,0.02025054395198822,0.0004179562092758715,0.9999992251396179,0.0011681485921144486,-0.020251045003533365,-0.0011594451498240233,0.9997942447662354],5,1.7803614139556885],[[663.2946166992188,228.89163208007813,133.7420196533203,0.9997281432151794,-0.0007561093661934137,0.02330291084945202,0.0007371800020337105,0.9999994039535523,0.000820896471850574,-0.02330351620912552,-0.0008034948841668665,0.9997280836105347],5,1.7898662090301514],[[663.2892456054688,229.7249755859375,133.74378967285157,0.9996935725212097,-0.0006606558454222977,0.024744389578700067,0.0006488811923190951,0.9999997019767761,0.00048387638526037335,-0.024744700640439988,-0.00046767195453867316,0.9996936917304993],5,1.7974779605865479],[[663.2840576171875,230.55831909179688,133.73561096191407,0.9996731281280518,-0.0004514679021667689,0.02556157112121582,0.00044547999277710915,0.9999998807907105,0.00023994849470909685,-0.025561675429344178,-0.00022848290973342955,0.9996732473373413],5,1.8075337409973145],[[663.2738037109375,232.22500610351563,133.6893768310547,0.9996462464332581,-0.0001249448541784659,0.026596559211611749,0.00012451072689145803,1,0.00001797909862943925,-0.026596562936902047,-0.00001466118101234315,0.9996462464332581],5,1.8202476501464844],[[663.27001953125,233.058349609375,133.66612243652345,0.9996405839920044,-0.000045751206926070157,0.026808204129338266,0.00004609779716702178,1,-0.000012310471902310383,-0.026808204129338266,0.00001354184678348247,0.9996405839920044],5,1.8347737789154053],[[663.26708984375,234.72503662109376,133.64846801757813,0.999638020992279,0.000008485084435960744,0.02690463699400425,-0.000008042784429562744,1,-0.00001654774860071484,-0.02690463699400425,0.000016325369870173746,0.999638020992279],5,1.8589742183685303],