[[[776,222.69961547851563,47,1,2.8567224141795579e-9,-2.0603360699120427e-15,-2.8567224141795579e-9,1,-5.966155214309765e-8,1.8898994883973214e-15,5.966155214309765e-8,1],8,0.007093191146850586],[[776,222.69961547851563,47,1,1.797145876558659e-9,-2.0209549670953485e-15,-1.797145876558659e-9,1,-3.753268629225204e-8,1.9535031924066468e-15,3.753268629225204e-8,1],8,0.03166317939758301],[[776,222.69961547851563,47,1,-6.72559230530112e-10,-2.01987161195581e-15,6.72559230530112e-10,1,1.404621574607745e-8,2.0104248652533199e-15,-1.404621574607745e-8,1],8,0.05046868324279785],[[776,222.69961547851563,47,1,-1.729873910782942e-9,-2.0583230961128929e-15,1.729873910782942e-9,1,3.612785448581235e-8,1.9958264641656288e-15,-3.612785448581235e-8,1],8,0.07124638557434082],[[776,222.69961547851563,47,-0.998976469039917,-7.1834467263443e-9,-0.04523339122533798,-7.136854662803671e-9,1,-1.1915323172573267e-9,0.04523339122533798,-8.67488580968967e-10,-0.998976469039917],8,0.08353853225708008],[[776,222.69961547851563,47,-0.9959191679954529,-1.3185845304519717e-8,0.09024962037801743,-1.5996979740862117e-8,1,-3.042508467387961e-8,-0.09024962037801743,-3.174464779931441e-8,-0.9959191679954529],8,0.10728883743286133],[[776,222.69961547851563,47,-0.9907314777374268,-1.8251171240990517e-8,0.13583505153656007,-2.6495364124912159e-8,1,-5.8884797482505749e-8,-0.13583505153656007,-6.193802448706265e-8,-0.9907314777374268],8,0.1149284839630127],[[776,222.69961547851563,47,-0.9903171062469482,-2.1378800951765699e-8,0.13882364332675935,-3.183086505487154e-8,1,-7.307003357936992e-8,-0.13882364332675935,-7.678137592392886e-8,-0.9903171062469482],8,0.12419581413269043],[[776,222.69961547851563,47,-0.9902939200401306,-2.6355658988563847e-8,0.13898923993110658,-3.985297425401768e-8,1,-9.432742587023313e-8,-0.13898923993110658,-9.895100561152504e-8,-0.9902939200401306],8,0.13483691215515138],[[776,222.69961547851563,47,-0.9902802109718323,-2.9675291557396123e-8,0.13908684253692628,-4.520408225516803e-8,1,-1.084891678715394e-7,-0.13908684253692628,-1.1372196695447201e-7,-0.9902802109718323],8,0.14655160903930665],[[776,222.69961547851563,47,-0.9902786016464233,-2.1769942293303758e-8,0.13909810781478883,-3.340710819088599e-8,1,-8.13267888588598e-8,-0.13909810781478883,-8.518304639437702e-8,-0.9902786016464233],8,0.15671777725219727],[[776,222.69961547851563,47,-0.9902777671813965,-1.12394973328378e-8,0.13910415768623353,-1.7690238607315224e-8,1,-4.51370532061901e-8,-0.13910415768623353,-4.7159005589492156e-8,-0.9902777671813965],8,0.17148184776306153],[[776,222.69961547851563,47,-0.990519106388092,-6.060283386233323e-9,0.13737507164478303,-9.868477590657676e-9,1,-2.704007151521637e-8,-0.13737507164478303,-2.8139389485204448e-8,-0.990519106388092],8,0.18341875076293946],[[776,222.69961547851563,47,-0.9905190467834473,-8.010015983828112e-10,0.13737526535987855,-2.0500598996164855e-9,1,-8.950824081921383e-9,-0.13737526535987855,-9.147589352664909e-9,-0.9905190467834473],8,0.19374799728393556],[[776,222.69961547851563,47,-0.9914554357528687,9.64686197590936e-9,0.1304456740617752,1.3323552039423703e-8,1,2.7312873740470424e-8,-0.1304456740617752,2.8817497721433939e-8,-0.9914554357528687],8,0.20698118209838868],[[776,222.69961547851563,47,-0.9909946918487549,1.742430377760229e-8,0.13390125334262849,2.4939815546076717e-8,1,5.444997697168219e-8,-0.13390125334262849,5.729911123353304e-8,-0.9909946918487549],8,0.23573613166809083],[[776,222.69961547851563,47,-0.9848167300224304,3.0849562904222697e-8,0.1735973060131073,5.030915772863409e-8,1,1.0769601033189247e-7,-0.1735973060131073,1.147943606838453e-7,-0.9848167300224304],8,0.2457120418548584],[[776,222.69961547851563,47,-0.9816343784332275,2.29134915485929e-8,0.19077198207378388,3.9632162440739197e-8,1,8.382154703667766e-8,-0.19077198207378388,8.984281407720118e-8,-0.9816343784332275],8,0.25507307052612307],[[776,222.69961547851563,47,-0.9792272448539734,1.7863982293420123e-8,0.20276576280593873,3.2323903553788116e-8,1,6.800194540801385e-8,-0.20276576280593873,7.31435392253843e-8,-0.9792272448539734],8,0.2663915157318115],[[776,222.69961547851563,47,-0.9762977361679077,1.0919977810885939e-8,0.21643176674842835,2.1036974828803069e-8,1,4.444067513986738e-8,-0.21643176674842835,4.794040009414857e-8,-0.9762977361679077],8,0.2778584957122803],[[775.9013671875,222.69961547851563,46.97813415527344,-0.9747616648674011,4.668536668361867e-9,0.22324815392494203,9.593032146426595e-9,1,2.0973894621079127e-8,-0.22324815392494203,2.2586174708294494e-8,-0.9747616648674011],8,0.2972292900085449],[[775.5857543945313,222.69961547851563,46.906070709228519,-0.9707154035568237,-5.578419060014994e-9,0.2402324676513672,-1.014326311832292e-8,1,-1.7765305670991439e-8,-0.2402324676513672,-1.9681795748738297e-8,-0.9707154035568237],8,0.3229978084564209],[[775.2621459960938,222.69961547851563,46.82668685913086,-0.9650090932846069,-1.4971384132422828e-8,0.26221638917922976,-3.0732270062117098e-8,1,-5.600540831096623e-8,-0.26221638917922976,-6.210423464381165e-8,-0.9650090932846069],8,0.33145618438720705],[[775.0689697265625,222.69961547851563,46.775081634521487,-0.9562897682189941,-1.8911601173954297e-8,0.29242080450057986,-4.3789626147372476e-8,1,-7.853056160911365e-8,-0.29242080450057986,-8.790296845972989e-8,-0.9562897682189941],8,0.3485679626464844],[[774.8773803710938,222.69961547851563,46.7177848815918,-0.945495069026947,-2.172648372322783e-8,0.3256363570690155,-5.76167415999862e-8,1,-1.005718743840589e-7,-0.3256363570690155,-1.1385232312477456e-7,-0.945495069026947],8,0.3577229976654053],[[774.6879272460938,222.69961547851563,46.65398025512695,-0.9396611452102661,-1.5977398959421408e-8,0.3421066403388977,-4.489778149263657e-8,1,-7.661734002795129e-8,-0.3421066403388977,-8.73541594614835e-8,-0.9396611452102661],8,0.36867761611938479],[[774.5624389648438,222.69961547851563,46.60899353027344,-0.9335446357727051,-1.1946746703017653e-8,0.3584611415863037,-3.6145610948778997e-8,1,-6.080657755092034e-8,-0.3584611415863037,-6.972245358838336e-8,-0.9335446357727051],8,0.3795170783996582],[[774.3754272460938,222.69961547851563,46.53801727294922,-0.9335450530052185,-8.194336764688615e-9,0.35846003890037539,-2.3024398387860857e-8,1,-3.710309215421148e-8,-0.35846003890037539,-4.2890736295930768e-8,-0.9335450530052185],8,0.3901941776275635],[[774.1886596679688,222.69961547851563,46.46636199951172,-0.9197703003883362,-2.8656936823523439e-9,0.39245718717575076,-9.051632332557347e-9,1,-1.3911654939136043e-8,-0.39245718717575076,-1.6347904363556155e-8,-0.9197703003883362],8,0.40208935737609866],[[773.7588500976563,222.69961547851563,46.284576416015628,-0.9120615720748901,6.189733614547777e-9,0.41005322337150576,2.4549040134047574e-8,1,3.9508289972900459e-8,-0.41005322337150576,4.610040704733365e-8,-0.9120615720748901],8,0.431652307510376],[[773.576171875,222.69961547851563,46.20323181152344,-0.9106245636940002,9.77084635422898e-9,0.4132346510887146,3.901369183267889e-8,1,6.232772875591763e-8,-0.4132346510887146,7.287897574315139e-8,-0.9106245636940002],8,0.44431352615356448],[[773.333251953125,222.69961547851563,46.093196868896487,-0.9084474444389343,1.4374665013860977e-8,0.4179990887641907,5.8444463491014179e-8,1,9.262952715971551e-8,-0.4179990887641907,1.0857878862680082e-7,-0.9084474444389343],8,0.4580037593841553],[[773.1514892578125,222.69961547851563,46.00978088378906,-0.9040180444717407,1.2415163119783302e-8,0.42749425768852236,5.372953637561295e-8,1,8.457963218688747e-8,-0.42749425768852236,9.943058643102631e-8,-0.9040180444717407],8,0.4794292449951172],[[772.8499755859375,222.69961547851563,45.86766815185547,-0.897186815738678,5.687443405122394e-9,0.44165128469467165,2.9016451463803606e-8,1,4.6067416548112308e-8,-0.44165128469467165,5.4146230610285787e-8,-0.897186815738678],8,0.49461889266967776],[[772.6104736328125,222.69961547851563,45.750457763671878,-0.8932921290397644,1.0872889255608698e-9,0.4494765102863312,8.996702050012573e-9,1,1.546108308048133e-8,-0.4494765102863312,1.785507031115685e-8,-0.8932921290397644],8,0.5080738067626953],[[772.3125610351563,222.69961547851563,45.600955963134769,-0.8909218311309815,-4.1597569833129459e-9,0.45415663719177248,-1.620409051383831e-8,1,-2.262836140687341e-8,-0.45415663719177248,-2.751929528699293e-8,-0.8909218311309815],8,0.5308113098144531],[[772.1343383789063,222.69961547851563,45.51030349731445,-0.8901295065879822,-7.201196972062007e-9,0.4557075798511505,-3.1351387264066946e-8,1,-4.543614906538096e-8,-0.4557075798511505,-5.4731124521367749e-8,-0.8901295065879822],8,0.5451633930206299],[[771.956298828125,222.69961547851563,45.41923141479492,-0.8901301622390747,-1.0288668583768868e-8,0.45570629835128786,-4.6488942473388309e-8,1,-6.822934039973916e-8,-0.45570629835128786,-8.191830147552537e-8,-0.8901301622390747],8,0.5563473701477051],[[771.7783203125,222.69961547851563,45.328094482421878,-0.8901304006576538,-1.3374123142284589e-8,0.4557058811187744,-6.161678101079815e-8,1,-9.100792652816381e-8,-0.4557058811187744,-1.0908805592180215e-7,-0.8901304006576538],8,0.5686140060424805],[[771.600341796875,222.69961547851563,45.23695373535156,-0.8901298642158508,-1.2100713320251089e-8,0.45570695400238039,-5.633533106674804e-8,1,-8.348577296146687e-8,-0.45570695400238039,-9.998557715107381e-8,-0.8901298642158508],8,0.5807814598083496],[[771.481689453125,222.69961547851563,45.17619323730469,-0.8932913541793823,-1.0498502511779862e-8,0.4494781494140625,-4.612358139866046e-8,1,-6.830875776131507e-8,-0.4494781494140625,-8.175116050779252e-8,-0.8932913541793823],8,0.5913445949554443],[[771.3031616210938,222.69961547851563,45.0860595703125,-0.8956375122070313,-7.478663910376327e-9,0.4447847604751587,-3.093374090212819e-8,1,-4.5475378129822278e-8,-0.4447847604751587,-5.448831075227645e-8,-0.8956375122070313],8,0.6044816970825195],[[771.1241455078125,222.69961547851563,44.996910095214847,-0.9010067582130432,-4.697620958893367e-9,0.43380501866340639,-1.6033659733238893e-8,1,-2.247280228573345e-8,-0.43380501866340639,-2.7203629571204148e-8,-0.9010067582130432],8,0.6181380748748779],[[770.8840942382813,222.69961547851563,44.88078689575195,-0.9032681584358215,-2.483211691828302e-10,0.42907655239105227,3.657363745190878e-9,1,8.278012941786983e-9,-0.42907655239105227,9.046554616531921e-9,-0.9032681584358215],8,0.6300773620605469],[[770.643310546875,222.69961547851563,44.76617431640625,-0.9099043607711792,4.481878868034528e-9,0.4148181080818176,2.284593847434735e-8,1,3.93081691640873e-8,-0.4148181080818176,4.5243584878562618e-8,-0.9099043607711792],8,0.6676199436187744],[[770.2189331054688,222.69961547851563,44.572017669677737,-0.9149110317230225,1.3054427761005627e-8,0.40365561842918398,5.572045580493068e-8,1,9.395343880669316e-8,-0.40365561842918398,1.0845090514521871e-7,-0.9149110317230225],8,0.6775829792022705],[[770.0971069335938,222.69961547851563,44.5178108215332,-0.9163162112236023,1.3473860249746395e-8,0.4004555642604828,5.576728412393095e-8,1,9.395950684165655e-8,-0.4004555642604828,1.0842893516382901e-7,-0.9163162112236023],8,0.6895461082458496],[[769.8532104492188,223.56251525878907,44.40974807739258,-0.9197775721549988,1.0005698491966087e-8,0.39244014024734499,3.7577539302446897e-8,1,6.257585738467242e-8,-0.39244014024734499,7.230280374415088e-8,-0.9197775721549988],3,0.7045714855194092],[[769.608154296875,224.37091064453126,44.304595947265628,-0.8855581879615784,7.326667272877785e-9,0.46452850103378298,2.343869098808682e-8,1,2.8910294602724208e-8,-0.46452850103378298,3.6489687715857147e-8,-0.8855581879615784],5,0.734297513961792],[[769.2384643554688,225.4813232421875,44.151668548583987,-0.8456202745437622,1.0974286368536923e-8,0.5337849259376526,9.495811914561614e-10,1,-1.905505619959058e-8,-0.5337849259376526,-1.5606469006002045e-8,-0.8456202745437622],5,0.7434039115905762],[[769.1143188476563,225.82420349121095,44.10293197631836,-0.9098604917526245,8.930820527552897e-9,0.4149143099784851,-6.042665035010941e-9,1,-3.4775379020857147e-8,-0.4149143099784851,-3.414793425804419e-8,-0.9098604917526245],5,0.7537226676940918],[[768.9273681640625,226.31298828125,44.031864166259769,-0.8985893726348877,9.775544818069193e-9,0.43879058957099917,-1.7299766952305619e-8,1,-5.770618471956368e-8,-0.43879058957099917,-5.944513858935352e-8,-0.8985893726348877],5,0.7649445533752441],[[768.6774291992188,226.91700744628907,43.939056396484378,-0.8891130685806274,1.0235372549516342e-8,0.4576875567436218,-3.3477622451982828e-8,1,-8.739753809550166e-8,-0.4576875567436218,-9.30285821709731e-8,-0.8891130685806274],5,0.7817988395690918],[[768.552001953125,227.19857788085938,43.8939208984375,-0.9210442900657654,1.7155685760883444e-9,0.3894578516483307,-4.141446297012408e-8,1,-1.0234772673811676e-7,-0.3894578516483307,-1.1039597325179784e-7,-0.9210442900657654],5,0.791614294052124],[[768.3630981445313,227.5953826904297,43.82809066772461,-0.9082915186882019,2.7737296903751486e-9,0.41833773255348208,-5.425514970625045e-8,1,-1.244287091139995e-7,-0.41833773255348208,-1.3571451518146206e-7,-0.9082915186882019],5,0.8042120933532715],[[768.1740112304688,227.9615478515625,43.762882232666019,-0.9090202450752258,-6.108078487443436e-10,0.4167519211769104,-6.781295525115638e-8,1,-1.46448130067256e-7,-0.4167519211769104,-1.6138550051891799e-7,-0.9090202450752258],5,0.8149478435516357],[[768.0479125976563,228.18861389160157,43.719627380371097,-0.922398030757904,-9.760666941360796e-9,0.38624075055122378,-6.436478372506827e-8,1,-1.284413428948028e-7,-0.38624075055122378,-1.4333434705804394e-7,-0.922398030757904],5,0.8304433822631836],[[767.7957153320313,228.6018829345703,43.63322830200195,-0.8946338295936585,-7.394366452473378e-9,0.4468000531196594,-5.564084659681612e-8,1,-9.486081609111352e-8,-0.4468000531196594,-1.0972603092795907e-7,-0.8946338295936585],5,0.8390474319458008],[[767.6696166992188,228.7880859375,43.590030670166019,-0.9223979115486145,-1.698405860395269e-8,0.38624095916748049,-5.1454630778380309e-8,1,-7.890821507317014e-8,-0.38624095916748049,-9.265866651730903e-8,-0.9223979115486145],5,0.84881591796875],[[767.48046875,229.0418243408203,43.52523422241211,-0.9090203046798706,-1.6944671443752669e-8,0.41675177216529848,-4.4387171271864648e-8,1,-5.615853382323621e-8,-0.41675177216529848,-6.954768139166845e-8,-0.9090203046798706],5,0.8621156215667725],[[767.2913208007813,229.26492309570313,43.4604377746582,-0.9090203642845154,-1.9083149283005697e-8,0.4167516529560089,-3.6839146844158679e-8,1,-3.456347741348509e-8,-0.4167516529560089,-4.6771681638801968e-8,-0.9090203642845154],5,0.872514009475708],[[767.1652221679688,229.39662170410157,43.417240142822269,-0.9223979115486145,-2.13330668685785e-8,0.38624095916748049,-3.1771573816286039e-8,1,-2.0642461961983828e-8,-0.38624095916748049,-3.1312048065501588e-8,-0.9223979115486145],5,0.8841848373413086],[[766.9130249023438,229.619140625,43.33084487915039,-0.8954113721847534,-2.0596704786157717e-8,0.44523975253105166,-2.018055056396406e-8,1,5.67516433847004e-9,-0.44523975253105166,-3.903577017183579e-9,-0.8954113721847534],5,0.8976008892059326],[[766.7868041992188,229.7099609375,43.287811279296878,-0.9230700731277466,-2.049566028006211e-8,0.3846319019794464,-1.4487907762372743e-8,1,1.8517201993972777e-8,-0.3846319019794464,1.152016260164146e-8,-0.9230700731277466],5,0.9082143306732178],[[766.4081420898438,229.9006805419922,43.158878326416019,-0.8637786507606506,-2.184154723749998e-8,0.5038714408874512,6.2560681080015e-9,1,5.407213521380072e-8,-0.5038714408874512,4.985860968531597e-8,-0.8637786507606506],5,0.9313032627105713],[[766.2819213867188,229.93701171875,43.115901947021487,-0.9223973751068115,-1.358834733622416e-8,0.3862422704696655,1.287039985697902e-8,1,6.5917099334456e-8,-0.3862422704696655,6.577285205366934e-8,-0.9223973751068115],5,0.9420015811920166],[[766.0296630859375,229.96878051757813,43.02957534790039,-0.8946336507797241,-1.4981733187369174e-8,0.44680047035217287,2.755136385701462e-8,1,8.869756129570306e-8,-0.44680047035217287,9.166178216446497e-8,-0.8946336507797241],5,0.9552240371704102],[[765.903564453125,229.96421813964845,42.98637771606445,-0.9223979115486145,-6.522685502829972e-9,0.3862409293651581,3.487651767386524e-8,1,1.001776652742592e-7,-0.3862409293651581,1.0587440613107901e-7,-0.9223979115486145],5,0.9662232398986816],[[765.7144165039063,229.93185424804688,42.92158126831055,-0.9090203046798706,-6.426642773504909e-9,0.41675177216529848,4.661934838168236e-8,1,1.171070636019067e-7,-0.41675177216529848,1.258813995264063e-7,-0.9090203046798706],5,0.9789316654205322],[[765.5252685546875,229.8688201904297,42.85678482055664,-0.9090203642845154,-2.2503443553034687e-9,0.4167516529560089,5.895540056144455e-8,1,1.3399348119946809e-7,-0.4167516529560089,1.4637257095273527e-7,-0.9090203642845154],5,0.9928750991821289],[[765.2730712890625,229.73709106445313,42.770389556884769,-0.8946338295936585,2.8332627910465649e-10,0.4468000531196594,7.029737503216893e-8,1,1.401232623265969e-7,-0.4468000531196594,1.567678822311791e-7,-0.8946338295936585],5,1.025296926498413],[[764.7686767578125,229.3101348876953,42.597599029541019,-0.8273341655731201,1.0706114217384766e-8,0.5617100596427918,5.375376943561605e-8,1,6.011324416022035e-8,-0.5617100596427918,7.992777284471231e-8,-0.8273341655731201],5,1.0409297943115235],[[764.5164794921875,229.01490783691407,42.51120376586914,-0.8961864113807678,3.138063675578451e-8,0.443677693605423,4.626567573495777e-8,1,2.2723778414501795e-8,-0.443677693605423,4.0891791286412629e-8,-0.8961864113807678],5,1.0655841827392579],[[764.2007446289063,228.56922912597657,42.4041862487793,-0.8890411257743836,4.162784605910019e-8,0.4578273594379425,3.5390904429277728e-8,1,-2.2200239868652717e-8,-0.4578273594379425,-3.5340026460772835e-9,-0.8890411257743836],5,1.0769660472869874],[[764.0104370117188,228.2609405517578,42.342742919921878,-0.9230175614356995,4.5815362170742449e-8,0.3847578167915344,2.9262723799661218e-8,1,-4.887581894763571e-8,-0.3847578167915344,-3.385417812751257e-8,-0.9230175614356995],5,1.0909652709960938],[[763.8192749023438,227.92201232910157,42.2840576171875,-0.9256819486618042,4.952649490519434e-8,0.3783026933670044,2.2668096733013955e-8,1,-7.545028779532004e-8,-0.3783026933670044,-6.126757057245413e-8,-0.9256819486618042],5,1.1032662391662598],[[763.7286376953125,227.86199951171876,42.25668716430664,-0.9545194506645203,4.8375099481745568e-8,0.29814857244491579,2.176708946421968e-8,1,-9.25645551319576e-8,-0.29814857244491579,-8.186484024008678e-8,-0.9545194506645203],7,1.114483118057251],[[763.6328735351563,227.85269165039063,42.229339599609378,-0.9605448246002197,5.528365321083584e-8,0.27812519669532778,2.351199057670783e-8,1,-1.1757054352301566e-7,-0.27812519669532778,-1.0639249836685849e-7,-0.9605448246002197],7,1.1247622966766358],[[763.53369140625,227.85220336914063,42.20173645019531,-0.9653403759002686,4.677699294575177e-8,0.26099416613578799,1.976364671918418e-8,1,-1.0612630774176069e-7,-0.26099416613578799,-9.728981353873678e-8,-0.9653403759002686],7,1.1353843212127686],[[763.4620361328125,227.85218811035157,42.182376861572269,-0.9667256474494934,3.6630435573670186e-8,0.255815327167511,1.501920543489632e-8,1,-8.643337423563935e-8,-0.255815327167511,-7.971522109073703e-8,-0.9667256474494934],7,1.1462676525115967],[[763.3475952148438,227.85218811035157,42.15204620361328,-0.9676694273948669,2.1941547245774019e-8,0.2522217929363251,7.836426618723636e-9,1,-5.692797344636347e-8,-0.2522217929363251,-5.3110944975287569e-8,-0.9676694273948669],8,1.1575689315795899],[[763.224853515625,227.85218811035157,42.11997985839844,-0.9702897071838379,7.002764590424704e-9,0.24194593727588654,3.556509253765938e-10,1,-2.751722227856135e-8,-0.24194593727588654,-2.6613630410565748e-8,-0.9702897071838379],8,1.1697773933410645],[[763.0924072265625,227.85218811035157,42.086700439453128,-0.971963107585907,-7.548090152909026e-9,0.23513343930244447,-7.325113848821729e-9,1,1.8217306552159585e-9,-0.23513343930244447,4.827562655185247e-11,-0.971963107585907],8,1.1811532974243165],[[762.9514770507813,227.85218811035157,42.05241012573242,-0.9781566262245178,-2.189847947420276e-8,0.20786915719509126,-1.5817535725659583e-8,1,3.0915849436041756e-8,-0.20786915719509126,2.6952566400950674e-8,-0.9781566262245178],8,1.193345069885254],[[762.8526000976563,227.81246948242188,42.030670166015628,-0.9816386699676514,-3.098898204711986e-8,0.19074973464012147,-2.1813923112290469e-8,1,5.019975901632279e-8,-0.19074973464012147,4.5117026559182707e-8,-0.9816386699676514],8,1.2045025825500489],[[762.69775390625,227.7987823486328,41.99995803833008,-0.9887715578079224,-4.340995474194642e-8,0.1494348645210266,-3.200764098210129e-8,1,7.870793439224144e-8,-0.1494348645210266,7.304111449002449e-8,-0.9887715578079224],8,1.2151374816894532],[[762.4812622070313,227.79803466796876,41.96587371826172,-0.9916868209838867,-5.215450116224929e-8,0.12867504358291627,-3.968497352957456e-8,1,9.947100210183635e-8,-0.12867504358291627,9.353761498687163e-8,-0.9916868209838867],8,1.2322146892547608],[[762.367919921875,227.7980194091797,41.95054244995117,-0.9966504573822022,-3.9599306944637649e-8,0.08177907764911652,-3.2776590330740876e-8,1,8.477110213789274e-8,-0.08177907764911652,8.18067178443016e-8,-0.9966504573822022],8,1.2432219982147217],[[762.1921997070313,227.803955078125,41.93447494506836,-0.9982502460479736,-2.5607210574207785e-8,0.059130679816007617,-2.1921881199205019e-8,1,6.297386079268108e-8,-0.059130679816007617,6.156741250151754e-8,-0.9982502460479736],8,1.2547237873077393],[[762.0108032226563,227.832275390625,41.92287826538086,-0.9999280571937561,-1.0558933283277839e-8,0.011996414512395859,-1.005909133766636e-8,1,4.1726291755139758e-8,-0.011996414512395859,4.160261823926703e-8,-0.9999280571937561],8,1.266746997833252],[[761.7621459960938,227.89505004882813,41.91816329956055,-0.9999224543571472,6.605108016088934e-9,-0.012455488555133343,6.433568344732521e-9,1,1.3812285537539993e-8,0.012455488555133343,1.373108027280523e-8,-0.9999224543571472],8,1.284489631652832],[[761.5707397460938,227.95034790039063,41.919647216796878,-0.9955338835716248,1.980751029861949e-8,-0.0944049283862114,2.0467579631144873e-8,1,-6.0236136079083739e-9,0.0944049283862114,-7.928951717417477e-9,-0.9955338835716248],8,1.296593189239502],[[761.3767700195313,228.00534057617188,41.93499755859375,-0.9925065040588379,3.166914552821254e-8,-0.12219177931547165,3.504115042574085e-8,1,-2.544707733420637e-8,0.12219177931547165,-2.953813016404183e-8,-0.9925065040588379],8,1.3069193363189698],[[761.180908203125,228.03855895996095,41.95791244506836,-0.9844393730163574,4.210743398402883e-8,-0.17572465538978578,5.063451169462496e-8,1,-4.4041467361921607e-8,0.17572465538978578,-5.2253884774700057e-8,-0.9844393730163574],8,1.3208482265472413],[[760.9848022460938,228.0795440673828,41.990806579589847,-0.979846715927124,5.28922079467975e-8,-0.19975101947784425,6.666773089136768e-8,1,-6.223721982223651e-8,0.19975101947784425,-7.429987647356029e-8,-0.979846715927124],8,1.3311469554901124],[[760.8541870117188,228.1064910888672,42.016483306884769,-0.9750601649284363,5.923809709429406e-8,-0.22194069623947144,7.762328380067629e-8,1,-7.411562563675034e-8,0.22194069623947144,-8.949496077548247e-8,-0.9750601649284363],8,1.341374397277832],[[760.6589965820313,228.13821411132813,42.05987548828125,-0.9671598672866821,5.0303285092923036e-8,-0.2541688084602356,6.966240562178428e-8,1,-6.716558687003271e-8,0.2541688084602356,-8.266587059324593e-8,-0.9671598672866821],8,1.35359525680542],[[760.465576171875,228.1573944091797,42.109336853027347,-0.9644423723220825,3.450992736020453e-8,-0.2642931640148163,4.902852168697791e-8,1,-4.8337451374891319e-8,0.2642931640148163,-5.957658899546914e-8,-0.9644423723220825],8,1.3655686378479005],[[760.2099609375,228.15716552734376,42.17888259887695,-0.9625706672668457,1.4208627163725396e-8,-0.27103081345558169,2.136249932505052e-8,1,-2.3444890473456327e-8,0.27103081345558169,-2.8357259651556889e-8,-0.9625706672668457],8,1.3817083835601807],[[760.083740234375,228.13768005371095,42.21416473388672,-0.9625706672668457,4.273071674276707e-9,-0.27103081345558169,7.538350388358595e-9,1,-1.1006584976769318e-8,0.27103081345558169,-1.2637740631760153e-8,-0.9625706672668457],8,1.3912646770477296],[[759.9586791992188,228.10842895507813,42.24933624267578,-0.9625706672668457,-5.658239654593444e-9,-0.27103081345558169,-6.2798921618423268e-9,1,1.4264071035441362e-9,0.27103081345558169,3.07506198282681e-9,-0.9625706672668457],8,1.4014956951141358],[[759.646484375,229.19216918945313,42.33720779418945,-0.9616201519966126,-3.0457201205535969e-8,-0.27438414096832278,-4.090771099640733e-8,1,3.236513634874427e-8,0.27438414096832278,4.234739847674973e-8,-0.9616201519966126],3,1.4201347827911378],[[759.326904296875,230.19415283203126,42.42824172973633,-0.9877665638923645,-5.641869904593477e-8,-0.1559397578239441,-6.846910594049405e-8,1,7.190465822759507e-8,0.1559397578239441,8.170206911017886e-8,-0.9877665638923645],5,1.4522819519042969],[[759.0064697265625,231.11097717285157,42.52019119262695,-0.9932738542556763,-7.664242218652362e-8,-0.11578879505395889,-9.106950216164478e-8,1,1.193080407801972e-7,0.11578879505395889,1.2905037749533222e-7,-0.9932738542556763],5,1.4592225551605225],[[758.8782958984375,231.453857421875,42.557003021240237,-0.9773571491241455,-5.2871872213700047e-8,-0.21159644424915315,-7.831470583141709e-8,1,1.1186183002109829e-7,0.21159644424915315,1.259000725895021e-7,-0.9773571491241455],5,1.470151424407959],[[758.68603515625,231.94264221191407,42.612220764160159,-0.983247697353363,-4.055966940086364e-8,-0.18227441608905793,-5.976934147611246e-8,1,9.989555138645301e-8,0.18227441608905793,1.0911649184208727e-7,-0.983247697353363],5,1.4803881645202637],[[758.5579833984375,232.25146484375,42.64936065673828,-0.9766409397125244,-2.672528509606309e-8,-0.21487784385681153,-4.754459226319341e-8,1,9.172052983785761e-8,0.21487784385681153,9.979429904660719e-8,-0.9766409397125244],5,1.4894678592681885],[[758.429931640625,232.54666137695313,42.68659973144531,-0.9762671589851379,-1.6652903056524339e-8,-0.21656976640224458,-3.5518173291393398e-8,1,8.321716649106748e-8,0.21656976640224458,8.893434966239511e-8,-0.9762671589851379],5,1.501281499862671],[[758.110107421875,233.22503662109376,42.78022766113281,-0.9925863742828369,-2.4358989825223889e-10,-0.12154148519039154,-7.471822272009377e-9,1,5.901555866216768e-8,0.12154148519039154,5.9486175985057346e-8,-0.9925863742828369],5,1.5184216499328614],[[757.9183349609375,233.59120178222657,42.83699035644531,-0.9812960624694824,1.7645072958316633e-8,-0.19250451028347016,9.367642661572973e-9,1,4.390879837501416e-8,0.19250451028347016,4.128422048665925e-8,-0.9812960624694824],5,1.5345110893249512],[[757.726806640625,233.92669677734376,42.89468765258789,-0.9795763492584229,3.1005853884380488e-8,-0.20107251405715943,2.5931859326533414e-8,1,2.7868644281170419e-8,0.20107251405715943,2.208528115943409e-8,-0.9795763492584229],5,1.5445623397827149],[[757.5994262695313,234.13333129882813,42.93409729003906,-0.971096396446228,3.993431008098014e-8,-0.2386876940727234,3.7004923569838868e-8,1,1.675395644440414e-8,0.2386876940727234,7.437086058104114e-9,-0.971096396446228],5,1.5556700229644776],[[757.4087524414063,234.41773986816407,42.994422912597659,-0.9774149060249329,5.163647998074339e-8,-0.2113294005393982,5.3087191531631109e-8,1,-1.191180487580823e-9,0.2113294005393982,-1.2383162051321506e-8,-0.9774149060249329],5,1.5669193267822266],[[757.2184448242188,234.67147827148438,43.05577850341797,-0.975146472454071,6.275642050468378e-8,-0.22156120836734773,6.898751081507726e-8,1,-2.0384913312909704e-8,0.22156120836734773,-3.5163232325885477e-8,-0.975146472454071],5,1.5789477825164796],[[757.0286865234375,234.8945770263672,43.11894226074219,-0.9739713668823242,7.311066951842804e-8,-0.226671040058136,8.462090761440777e-8,1,-4.106247075696956e-8,0.226671040058136,-5.917478063111048e-8,-0.9739713668823242],5,1.5902295112609864],[[756.8392944335938,235.08702087402345,43.18327713012695,-0.9719546437263489,8.236898452196329e-8,-0.23516836762428285,1.0006951356444915e-7,1,-6.33335446309502e-8,0.23516836762428285,-8.509051241389898e-8,-0.9719546437263489],5,1.601485013961792],[[756.6504516601563,235.24879455566407,43.2491455078125,-0.9711257815361023,9.102971887386957e-8,-0.23856794834136964,1.152208639609853e-7,1,-8.745615787120187e-8,0.23856794834136964,-1.1241893815849835e-7,-0.9711257815361023],5,1.6162757873535157],[[756.3990478515625,235.41680908203126,43.338138580322269,-0.9774396419525147,8.330888334739939e-8,-0.2112150490283966,1.0667676519915403e-7,1,-9.924109889425381e-8,0.2112150490283966,-1.1953392231589533e-7,-0.9774396419525147],5,1.6329360008239747],[[756.1480712890625,235.53033447265626,43.42839813232422,-0.9763211011886597,4.869176351007809e-8,-0.21632643043994904,6.939076513390319e-8,1,-8.808866169829344e-8,0.21632643043994904,-1.0101387459826583e-7,-0.9763211011886597],5,1.6514437198638917],[[755.8975830078125,235.58935546875,43.51996994018555,-0.9747861623764038,1.5442170209212237e-8,-0.22314110398292542,3.2837188967960176e-8,1,-7.424480230611153e-8,0.22314110398292542,-7.970012916302949e-8,-0.9747861623764038],5,1.6770758628845215],[[755.5853271484375,235.58648681640626,43.636600494384769,-0.9806665182113648,-2.1489906742999666e-8,-0.19568650424480439,-1.1518232589935451e-8,1,-5.209537334849301e-8,0.19568650424480439,-4.883422377588431e-8,-0.9806665182113648],5,1.6865696907043458],[[755.4606323242188,235.56150817871095,43.683841705322269,-0.9557334780693054,-4.0765062436776137e-8,-0.2942337989807129,-2.9500885290190128e-8,1,-4.272139619843074e-8,0.2942337989807129,-3.215011190604855e-8,-0.9557334780693054],5,1.6962718963623047],[[755.3360595703125,235.52288818359376,43.73139190673828,-0.9546977281570435,-5.4900571200278139e-8,-0.29757729172706606,-4.7367930022801377e-8,1,-3.252437963396915e-8,0.29757729172706606,-1.695532958478907e-8,-0.9546977281570435],5,1.705488920211792],[[755.1494750976563,235.43942260742188,43.80335235595703,-0.9626743793487549,-7.505309440603014e-8,-0.2706621587276459,-7.368910104332827e-8,1,-1.520153425360604e-8,0.2706621587276459,5.3107216402281669e-9,-0.9626743793487549],5,1.7156074047088624],[[755.0252685546875,235.3667449951172,43.85189437866211,-0.9509859085083008,-8.77688322020731e-8,-0.3092341423034668,-9.136177681057234e-8,1,-2.862127201908038e-9,0.3092341423034668,2.55303369556259e-8,-0.9509859085083008],5,1.7262704372406006],[[754.8395385742188,235.232177734375,43.925994873046878,-0.956278920173645,-1.0729235100370716e-7,-0.2924562096595764,-1.1758167062225766e-7,1,1.760441747933328e-8,0.2924562096595764,5.1222222907654216e-8,-0.956278920173645],5,1.7367339134216309],[[754.6548461914063,235.0669708251953,44.002708435058597,-0.9536858201026917,-1.2492037626543607e-7,-0.3008045256137848,-1.4369993550644723e-7,1,4.0305945248064748e-8,0.3008045256137848,8.166479403826088e-8,-0.9536858201026917],5,1.7481236457824708],[[754.5322265625,234.93978881835938,44.05500030517578,-0.939599335193634,-1.0498099101141634e-7,-0.34227627515792849,-1.2816151695460577e-7,1,4.5108258461823428e-8,0.34227627515792849,8.625033842690755e-8,-0.939599335193634],5,1.759279489517212],[[754.34912109375,234.72348022460938,44.135406494140628,-0.9449066519737244,-8.255672412360582e-8,-0.3273399770259857,-1.050251725587259e-7,1,5.096310218277722e-8,0.3273399770259857,8.253431360571995e-8,-0.9449066519737244],5,1.7707390785217286],[[754.1673583984375,234.4765167236328,44.218780517578128,-0.9396463632583618,-5.8146508052914217e-8,-0.34214726090431216,-8.212599311718805e-8,1,5.5598505355192177e-8,0.34214726090431216,8.034211873564345e-8,-0.9396463632583618],5,1.7834386825561524],[[753.8668212890625,233.99676513671876,44.362911224365237,-0.9583721160888672,-2.551960776031592e-8,-0.28552204370498659,-4.419173649239383e-8,1,5.895349985962639e-8,0.28552204370498659,6.911710670465254e-8,-0.9583721160888672],5,1.8036727905273438],[[753.6871337890625,233.6680450439453,44.45076370239258,-0.9316390156745911,1.7313476208258294e-9,-0.3633851110935211,-2.1582845732837087e-8,1,6.009814512708545e-8,0.3633851110935211,6.383265827025753e-8,-0.9316390156745911],5,1.8190174102783204],[[753.5087280273438,233.3086700439453,44.54112243652344,-0.9303624033927918,2.2845870972787453e-8,-0.36664125323295596,9.67097291137975e-10,1,5.98572000853892e-8,0.36664125323295596,5.533431135518185e-8,-0.9303624033927918],5,1.8289971351623536],[[753.39013671875,233.05206298828126,44.60200881958008,-0.9169386625289917,3.8279694081211349e-8,-0.39902815222740176,1.6002257297031975e-8,1,5.9160250032164188e-8,0.39902815222740176,4.786097207443163e-8,-0.9169386625289917],5,1.8385512828826905],[[753.2124633789063,232.64158630371095,44.69376754760742,-0.9297216534614563,5.660563218157222e-8,-0.36826300621032717,3.8499639032352209e-8,1,5.651309820109418e-8,0.36826300621032717,3.8363456411616428e-8,-0.9297216534614563],5,1.849219799041748],[[753.0348510742188,232.20045471191407,44.78560256958008,-0.9297217726707459,7.599936679980601e-8,-0.36826270818710329,6.099836014072935e-8,1,5.237527744839099e-8,0.36826270818710329,2.623101380549997e-8,-0.9297217726707459],5,1.8603715896606446],[[752.9164428710938,231.88934326171876,44.84682846069336,-0.9176334142684937,8.927418093662709e-8,-0.39742782711982729,7.606816865290966e-8,1,4.899375838363085e-8,0.39742782711982729,1.4726706965006997e-8,-0.9176334142684937],5,1.871629238128662],[[752.7386474609375,231.39712524414063,44.93841552734375,-0.9316389560699463,1.0715174170172759e-7,-0.36338526010513308,9.857042471139721e-8,1,4.2158273316772468e-8,0.36338526010513308,3.457250263849687e-9,-0.9316389560699463],5,1.8833582401275635],[[752.560546875,230.87425231933595,45.02943801879883,-0.9335322976112366,1.2507096869285307e-7,-0.3584933578968048,1.2107878433198494e-7,1,3.358503519734768e-8,0.3584933578968048,-1.2053225972863402e-8,-0.9335322976112366],5,1.8946032524108887],[[752.4415893554688,230.50863647460938,45.0895881652832,-0.9270786046981812,1.3630943840325927e-7,-0.3748669922351837,1.3613519911359618e-7,1,2.69466209346092e-8,0.3748669922351837,-2.6050956947187843e-8,-0.9270786046981812],5,1.9059231281280518],[[752.2018432617188,229.7365264892578,45.20637130737305,-0.9537299871444702,1.6092434407255497e-7,-0.30066442489624026,1.655907198028217e-7,1,9.962933589235945e-9,0.30066442489624026,-4.028528621802252e-8,-0.9537299871444702],5,1.9183225631713868],[[752.0209350585938,229.12168884277345,45.291744232177737,-0.9547369480133057,1.278605452625925e-7,-0.2974514663219452,1.3529778186693876e-7,1,-4.414987486711652e-9,0.2974514663219452,-4.4459678605335287e-8,-0.9547369480133057],5,1.9313805103302003],[[751.7147827148438,228.02882385253907,45.42351150512695,-0.9887996912002564,7.958880843261795e-8,-0.14924855530261994,8.29463289164778e-8,1,-1.6271464176043083e-8,0.14924855530261994,-2.8468837953710137e-8,-0.9887996912002564],5,1.9524235725402833],[[751.5896606445313,227.56784057617188,45.46916580200195,-0.9766391515731812,5.647422085530707e-8,-0.21488593518733979,6.20726865463439e-8,1,-1.9305108622802437e-8,0.21488593518733979,-3.219267341592058e-8,-0.9766391515731812],5,1.9627809524536133],[[751.3982543945313,226.85079956054688,45.52689743041992,-0.9887593984603882,2.738334003993259e-8,-0.1495153307914734,3.0738341649794168e-8,1,-2.012827415853735e-8,0.1495153307914734,-2.4497873951645489e-8,-0.9887593984603882],5,1.972869873046875],[[751.2694091796875,226.3557586669922,45.56107711791992,-0.9939531087875366,7.915300415106686e-9,-0.10980522632598877,9.95827065253252e-9,1,-1.8057004780303033e-8,0.10980522632598877,-1.904128765772839e-8,-0.9939531087875366],5,1.9842705726623536],[[751.0783081054688,225.58763122558595,45.598201751708987,-0.9945591688156128,-2.1103618408346848e-8,-0.10417318344116211,-1.9921616356555206e-8,1,-1.2386982106704636e-8,0.10417318344116211,-1.024429074902855e-8,-0.9945591688156128],7,1.9957685470581055],[[750.898193359375,225.35061645507813,45.62534713745117,-0.9952372312545776,-4.95895307039973e-8,-0.0974825769662857,-4.923129282019545e-8,1,-6.08022476811243e-9,0.0974825769662857,-1.2520727787901365e-9,-0.9952372312545776],7,2.0059046745300295],[[750.7904663085938,225.3444061279297,45.63792037963867,-0.999423086643219,-6.83940868384525e-8,-0.03396369889378548,-6.841001010116088e-8,1,-6.932237561763088e-10,0.03396369889378548,1.630633184035446e-9,-0.999423086643219],7,2.017247438430786],[[750.6495361328125,225.34999084472657,45.64518356323242,-0.9999947547912598,-9.686832669331125e-8,-0.0032440724316984417,-9.689545521496257e-8,1,8.204437129677445e-9,0.0032440724316984417,8.51872972162937e-9,-0.9999947547912598],7,2.0294294357299806],[[750.5103149414063,225.29293823242188,45.64667892456055,-0.9993947148323059,-9.892551844359332e-8,0.03478797525167465,-9.846006321367895e-8,1,1.5092862071242054e-8,-0.03478797525167465,1.1658499943223433e-8,-0.9993947148323059],8,2.0447089672088625],[[750.410888671875,225.94522094726563,45.64714813232422,-0.9993974566459656,-7.320213057937508e-8,0.034709203988313678,-7.270863022768026e-8,1,1.5480317472338357e-8,-0.034709203988313678,1.2947330318979766e-8,-0.9993974566459656],3,2.070659637451172],[[750.1600952148438,227.15782165527345,45.644256591796878,-0.9806955456733704,-2.1837202268670809e-8,0.19554077088832856,-1.840416530285438e-8,1,1.9373549875467689e-8,-0.19554077088832856,1.5400789976638408e-8,-0.9806955456733704],5,2.09203839302063],[[749.883056640625,228.07464599609376,45.635902404785159,-0.9818479418754578,2.3477801036619895e-8,0.18966978788375855,2.7354726483963533e-8,1,1.7822458175942303e-8,-0.18966978788375855,2.2687309808588908e-8,-0.9818479418754578],5,2.1093194484710695],[[749.68896484375,228.5838623046875,45.63031768798828,-0.9943248629570007,5.306137751404094e-8,0.10638634115457535,5.500017152826331e-8,1,1.5290121169186933e-8,-0.10638634115457535,2.1054615828575153e-8,-0.9943248629570007],5,2.1155378818511965],[[749.555908203125,228.90631103515626,45.62874221801758,-0.9973107576370239,7.238287480504369e-8,0.0732889324426651,7.35057241740833e-8,1,1.2623587508642231e-8,-0.0732889324426651,1.7976795163576754e-8,-0.9973107576370239],5,2.125088691711426],[[749.35595703125,229.36444091796876,45.627288818359378,-0.9964757561683655,1.0038547770818696e-7,0.08388140797615051,1.0131534367019413e-7,1,6.8287637766673019e-9,-0.08388140797615051,1.5303172062886007e-8,-0.9964757561683655],5,2.135904550552368],[[749.22265625,229.65281677246095,45.628631591796878,-0.9992609024047852,1.1986840320332704e-7,0.03844008594751358,1.2004052507563757e-7,1,2.1693442597836567e-9,-0.03844008594751358,6.782108652458874e-9,-0.9992609024047852],5,2.1463546752929689],[[749.022705078125,230.05984497070313,45.63368225097656,-0.9982279539108276,1.4830159500434093e-7,0.059505920857191089,1.4814692406162067e-7,1,-7.010782621108547e-9,-0.059505920857191089,1.8172602311850028e-9,-0.9982279539108276],5,2.157252073287964],[[748.8894653320313,230.3141632080078,45.63862228393555,-0.9999754428863525,1.494937293955445e-7,0.007006795611232519,1.4940495418613865e-7,1,-1.319228992713306e-8,-0.007006795611232519,-1.2145116023987157e-8,-0.9999754428863525],5,2.1678147315979006],[[748.6898193359375,230.67010498046876,45.64974594116211,-0.9993844628334045,1.253117147825833e-7,0.03508204221725464,1.2464739995721175e-7,1,-2.112289543276802e-8,-0.03508204221725464,-1.673700822379942e-8,-0.9993844628334045],5,2.1789181232452394],[[748.490234375,230.99539184570313,45.66246795654297,-0.9995009899139404,1.0088591295698279e-7,0.03158833459019661,1.0007828166180843e-7,1,-2.7148507442120718e-8,-0.03158833459019661,-2.397365328477008e-8,-0.9995009899139404],5,2.1896793842315676],[[748.357177734375,231.19520568847657,45.671443939208987,-0.9999985098838806,8.377246984991871e-8,-0.001723095658235252,8.382491500924516e-8,1,-3.0365207237537109e-8,0.001723095658235252,-3.0509600179584598e-8,-0.9999985098838806],5,2.200356960296631],[[748.1575927734375,231.46939086914063,45.685081481933597,-0.9995009899139404,6.052891166064e-8,0.0315881371498107