[[[776,222.69961547851563,47,1,1.8564321635494708e-8,-1.863232434822209e-14,-1.8564321635494708e-8,1,-5.169870931354126e-8,1.767257333854487e-14,5.169870931354126e-8,1],8,0.017244815826416017],[[776,222.69961547851563,47,1,-2.638301799251508e-10,-1.8404601234418666e-14,2.638301799251508e-10,1,7.347600861074e-10,1.8404406416840797e-14,-7.347600861074e-10,1],8,0.038108110427856448],[[776,222.69961547851563,47,1,-9.668856826294814e-9,-1.866050174624545e-14,9.668856826294814e-9,1,2.69263011887233e-8,1.8400156005511475e-14,-2.69263011887233e-8,1],8,0.04398059844970703],[[776,222.69961547851563,47,1,-1.2802526150323957e-8,-1.8800460388252068e-14,1.2802526150323957e-8,1,3.5653084040632169e-8,1.834401127363567e-14,-3.5653084040632169e-8,1],8,0.05070137977600098],[[776,222.69961547851563,47,1,-2.219951511506224e-8,-1.9384061006712598e-14,2.219951511506224e-8,1,6.182225575912526e-8,1.8011637239198978e-14,-6.182225575912526e-8,1],8,0.05966806411743164],[[776,222.69961547851563,47,1,-2.846083013707812e-8,-1.9909390840599715e-14,2.846083013707812e-8,1,7.925904554895169e-8,1.7653611658987636e-14,-7.925904554895169e-8,1],8,0.06799626350402832],[[776,222.69961547851563,47,1,-3.471946996569386e-8,-2.0543567796340799e-14,3.471946996569386e-8,1,9.668838885090736e-8,1.7186596655387188e-14,-9.668838885090736e-8,1],8,0.07775378227233887],[[775.9031982421875,222.69961547851563,47.02887725830078,0.993226945400238,-3.205991916388484e-8,0.11619054526090622,2.1388258275578665e-8,1,9.309297155368768e-8,-0.11619054526090622,-8.997733402793529e-8,0.993226945400238],8,0.09339046478271485],[[775.7378540039063,222.69961547851563,46.98171615600586,0.9731632471084595,-2.14126192332742e-8,0.2301158905029297,5.378555378854344e-9,1,7.030546811392924e-8,-0.2301158905029297,-6.71810056473987e-8,0.9731632471084595],8,0.11458444595336914],[[775.4452514648438,222.69961547851563,46.82617950439453,0.9278243780136108,1.0570889302785602e-10,0.3730173408985138,-1.1411513511916383e-8,1,2.8101030835614439e-8,-0.3730173408985138,-3.03295131232062e-8,0.9278243780136108],8,0.13010597229003907],[[775.269287109375,222.69961547851563,46.731101989746097,0.8970762491226196,1.4890654043142604e-8,0.44187578558921816,-1.7342339120318685e-8,1,1.5088981175637173e-9,-0.44187578558921816,-9.016756230550982e-9,0.8970762491226196],8,0.13572096824645997],[[775.1519775390625,222.69961547851563,46.667701721191409,0.876542329788208,2.5395925362659e-8,0.48132479190826418,-1.99277927492858e-8,1,-1.6471977559717744e-8,-0.48132479190826418,4.8466444191319628e-9,0.876542329788208],8,0.14513325691223145],[[774.9760131835938,222.69961547851563,46.572601318359378,0.8459341526031494,4.199203473831403e-8,0.5332873463630676,-2.212064487139287e-8,1,-4.365268679862311e-8,-0.5332873463630676,2.513063712683561e-8,0.8459341526031494],8,0.15639042854309083],[[774.800048828125,222.69961547851563,46.477500915527347,0.8158553242683411,5.947650905113733e-8,0.5782560706138611,-2.2614031536249969e-8,1,-7.094907061855338e-8,-0.5782560706138611,4.480747861634882e-8,0.8158553242683411],8,0.1681351661682129],[[774.6240844726563,222.69961547851563,46.38240051269531,-0.3415122628211975,7.486144681934093e-8,0.9398773312568665,4.093358096923794e-9,1,-7.816287705963987e-8,-0.9398773312568665,-2.284632572013834e-8,-0.3415122628211975],8,0.18213558197021485],[[774.5067749023438,222.69961547851563,46.319000244140628,-0.3035598397254944,8.515947769183185e-8,0.9528123736381531,2.0243573928269144e-8,1,-8.29274924285528e-8,-0.9528123736381531,-5.885130605065569e-9,-0.3035598397254944],8,0.19999265670776368],[[774.2721557617188,222.69961547851563,46.19219970703125,-0.30225688219070437,1.0341387479684272e-7,0.9532265067100525,5.022065963089517e-8,1,-9.256386590550392e-8,-0.9532265067100525,1.9893597880127346e-8,-0.30225688219070437],8,0.20773673057556153],[[774.0955200195313,222.69961547851563,46.098350524902347,-0.3000362813472748,1.1699323465563794e-7,0.9539278149604797,7.220837261456836e-8,1,-9.993219407533616e-8,-0.9539278149604797,3.889829258696409e-8,-0.3000362813472748],8,0.2181713581085205],[[773.9774169921875,222.69961547851563,46.03642272949219,-0.3059878647327423,9.404097056631145e-8,0.9520354270935059,6.320188106201386e-8,1,-7.846552563250953e-8,-0.9520354270935059,3.616093025016198e-8,-0.3059878647327423],8,0.22763323783874513],[[773.7996826171875,222.69961547851563,45.94477081298828,-0.3241415023803711,5.99511480459114e-8,0.9460086226463318,4.907169781631637e-8,1,-4.655874619174938e-8,-0.9460086226463318,3.133062520532803e-8,-0.3241415023803711],8,0.23763799667358399],[[773.6802368164063,222.69961547851563,45.885528564453128,-0.3323432207107544,3.7058295987435488e-8,0.9431585073471069,3.947015159155853e-8,1,-2.5383494417496878e-8,-0.9431585073471069,2.8790578809889668e-8,-0.3323432207107544],8,0.24768972396850587],[[773.5000610351563,222.69961547851563,45.79875183105469,-0.3405624330043793,2.583152136637068e-9,0.940221905708313,2.4798573861062324e-8,1,6.2350293816848538e-9,-0.940221905708313,2.543957933198726e-8,-0.3405624330043793],8,0.2592806816101074],[[773.37939453125,222.69961547851563,45.74192428588867,-0.3585602045059204,-2.0066240224991817e-8,0.9335066080093384,1.4619820021266606e-8,1,2.711102986552305e-8,-0.9335066080093384,2.3368635027054553e-8,-0.3585602045059204],8,0.2687337398529053],[[773.197021484375,222.69961547851563,45.659908294677737,-0.3666987121105194,-5.454920781744477e-8,0.9303397536277771,-9.128796607527079e-10,1,5.827382665302139e-8,-0.9303397536277771,2.0519648202821373e-8,-0.3666987121105194],8,0.27991628646850588],[[773.0748901367188,222.69961547851563,45.60646057128906,-0.37480857968330386,-7.748079866587432e-8,0.9271022081375122,-1.1443397340826778e-8,1,7.894675491115777e-8,-0.9271022081375122,1.89807209949322e-8,-0.37480857968330386],8,0.2902653217315674],[[772.9594116210938,222.69961547851563,45.460487365722659,-0.3957628607749939,-1.1168059188548796e-7,0.9183527231216431,-2.793039044490797e-8,1,1.095731221312235e-7,-0.9183527231216431,1.7715024114295376e-8,-0.3957628607749939],8,0.30307841300964358],[[772.8785400390625,222.69961547851563,45.278968811035159,-0.4069630801677704,-9.102631537416528e-8,0.9134446382522583,-2.757695405364302e-8,1,8.73654713018368e-8,-0.9134446382522583,1.0364498592707605e-8,-0.4069630801677704],8,0.32272911071777346],[[772.7703857421875,222.69961547851563,45.03531265258789,-0.43075403571128847,-6.350482095740517e-8,0.9024693965911865,-2.6331058222694993e-8,1,5.779986977927365e-8,-0.9024693965911865,1.1345525630090947e-9,-0.43075403571128847],8,0.3312375545501709],[[772.7137451171875,222.69961547851563,44.91460418701172,-0.4433230459690094,-4.988212864986963e-8,0.8963618874549866,-2.5502130185373063e-8,1,4.303668532656957e-8,-0.8963618874549866,-3.779982549190208e-9,-0.4433230459690094],8,0.35054469108581545],[[772.5961303710938,222.69961547851563,44.67527389526367,-0.47896698117256167,-2.2809855337868613e-8,0.8778329491615295,-2.266152954177869e-8,1,1.361959700574289e-8,-0.8778329491615295,-1.3369700013754482e-8,-0.47896698117256167],8,0.3573429584503174],[[772.5335083007813,222.69961547851563,44.557586669921878,-0.4942246079444885,-9.45665412643848e-9,0.8693342804908752,-2.0985648774285438e-8,1,-1.0524938698353026e-9,-0.8693342804908752,-1.8763710585290029e-8,-0.4942246079444885],8,0.36479949951171877],[[772.46826171875,222.69961547851563,44.44129180908203,-0.5108368396759033,3.7619711790171099e-9,0.8596776723861694,-1.9029002373827099e-8,1,-1.5683420784284864e-8,-0.8596776723861694,-2.437047719183738e-8,-0.5108368396759033],8,0.3732430934906006],[[772.4008178710938,222.69961547851563,44.3262825012207,-0.5287434458732605,1.6821948278789024e-8,0.8487817049026489,-1.6767089050517826e-8,1,-3.0263890948845076e-8,-0.8487817049026489,-3.023343353447672e-8,-0.5287434458732605],8,0.38166046142578127],[[772.3310546875,222.69961547851563,44.212684631347659,-0.5464187264442444,2.9750333752076587e-8,0.8375121355056763,-1.4201146925074682e-8,1,-4.478753723446971e-8,-0.8375121355056763,-3.6366380129493339e-8,-0.5464187264442444],8,0.3920106887817383],[[772.2225341796875,222.69961547851563,44.04468536376953,-0.5652961730957031,4.925469809791139e-8,0.8248880505561829,-9.860837479891416e-9,1,-6.64684023377049e-8,-0.8248880505561829,-4.570842193629687e-8,-0.5652961730957031],8,0.4028351306915283],[[772.1102905273438,222.69961547851563,43.87920379638672,-0.6021611094474793,6.745369063310136e-8,0.798374593257904,-4.544155718377851e-9,1,-8.791613481662353e-8,-0.798374593257904,-5.6567614592495377e-8,-0.6021611094474793],8,0.41556549072265627],[[772.0313110351563,222.69961547851563,43.771820068359378,-0.6201335787773132,7.969453719169906e-8,0.7844962477684021,-6.780191408317648e-10,1,-1.0212286127853076e-7,-0.7844962477684021,-6.386171946815011e-8,-0.6201335787773132],8,0.42383241653442385],[[771.9081420898438,222.69961547851563,43.61425018310547,-0.6377875804901123,9.852698212853284e-8,0.7702123522758484,5.60023094564599e-9,1,-1.2328447951404088e-7,-0.7702123522758484,-7.431593473938847e-8,-0.6377875804901123],8,0.43520307540893557],[[771.82373046875,222.69961547851563,43.51103210449219,-0.6524655222892761,8.13778342489968e-8,0.7578184008598328,6.8366037275779949e-9,1,-1.0149817342153256e-7,-0.7578184008598328,-6.104315986021902e-8,-0.6524655222892761],8,0.4446702003479004],[[771.7373046875,222.69961547851563,43.409488677978519,-0.6823742389678955,6.316393807992427e-8,0.7310029864311218,7.196855555946513e-9,1,-7.968912285605256e-8,-0.7310029864311218,-4.9116884781597039e-8,-0.6823742389678955],8,0.45331501960754397],[[771.6021118164063,222.69961547851563,43.2621955871582,-0.6937829852104187,3.885148913695957e-8,0.7201840877532959,7.222821007957236e-9,1,-4.69885641507517e-8,-0.7201840877532959,-2.7398106894338526e-8,-0.6937829852104187],8,0.4649357795715332],[[771.5100708007813,222.69961547851563,43.165748596191409,-0.7037814259529114,2.2784849562640376e-8,0.7104165554046631,6.935573892974389e-9,1,-2.520172159847789e-8,-0.7104165554046631,-1.280935713054987e-8,-0.7037814259529114],8,0.47470974922180178],[[771.3697509765625,222.69961547851563,43.02322769165039,-0.7221527099609375,-1.065856514159691e-9,0.691733717918396,5.649317902367557e-9,1,7.438594629149975e-9,-0.691733717918396,9.27962506835911e-9,-0.7221527099609375],8,0.4849224090576172],[[771.2260131835938,222.69961547851563,42.884151458740237,-0.7281686067581177,-2.447695734986155e-8,0.6853980422019959,4.0789491784209989e-9,1,4.004551712455395e-8,-0.6853980422019959,3.1955593726706869e-8,-0.7281686067581177],8,0.49638915061950686],[[771.1292114257813,222.69961547851563,42.79251480102539,-0.7353115677833557,-3.979383578212037e-8,0.6777292490005493,2.8049600420132494e-9,1,6.175969957666894e-8,-0.6777292490005493,4.731362324150723e-8,-0.7353115677833557],8,0.5044608116149902],[[771.0314331054688,222.69961547851563,42.70185089111328,-0.7353115677833557,-5.544026393522472e-8,0.6777292490005493,1.5315146928429613e-9,1,8.346460589336857e-8,-0.6777292490005493,6.241044303578747e-8,-0.7353115677833557],8,0.5128223896026611],[[770.9334106445313,222.69961547851563,42.611446380615237,-0.7435446381568909,-7.03126303847057e-8,0.6686863303184509,-6.609897091475192e-12,1,1.051430515985885e-7,-0.6686863303184509,7.817413205657431e-8,-0.7435446381568909],8,0.5250420570373535],[[770.7354125976563,222.69961547851563,42.43276596069336,-0.7596732974052429,-6.209550207358916e-8,0.6503049731254578,-2.468668158783771e-9,1,9.260289601797922e-8,-0.6503049731254578,6.874255831235132e-8,-0.7596732974052429],8,0.5413599014282227],[[770.5841064453125,222.69961547851563,42.301998138427737,-0.7641987800598145,-4.752075000169498e-8,0.6449808478355408,-3.73315200974389e-9,1,6.925458961859477e-8,-0.6449808478355408,5.05164585717921e-8,-0.7641987800598145],8,0.5500094890594482],[[770.4823608398438,222.69961547851563,42.21578598022461,-0.7686848044395447,-3.777653390102387e-8,0.6396278142929077,-4.467016534448476e-9,1,5.369185984704927e-8,-0.6396278142929077,3.841488904754442e-8,-0.7686848044395447],8,0.5584883689880371],[[770.3800659179688,222.69961547851563,42.130287170410159,-0.7709136009216309,-2.825593270472382e-8,0.6369397044181824,-5.146242987308369e-9,1,3.813331872493109e-8,-0.6369397044181824,2.611964688981061e-8,-0.7709136009216309],8,0.5700278282165527],[[770.27734375,222.69961547851563,42.04523849487305,-0.7742382884025574,-1.8736555418286117e-8,0.6328942179679871,-5.743734377006149e-9,1,2.2578081626534187e-8,-0.6328942179679871,1.3845638413556572e-8,-0.7742382884025574],8,0.5774955749511719],[[770.1226806640625,222.69961547851563,41.918487548828128,-0.776444137096405,-4.622271454479687e-9,0.6301860809326172,-6.558035003934037e-9,1,-7.452982120348395e-10,-0.6301860809326172,-4.711464995921233e-9,-0.776444137096405],8,0.5885410308837891],[[770.0194091796875,222.6894073486328,41.8340950012207,-0.776444137096405,4.749923565583458e-9,0.6301860809326172,-7.100614762833857e-9,1,-1.6285911286217926e-8,-0.6301860809326172,-1.7119807793619658e-8,-0.776444137096405],8,0.597771406173706],[[769.864501953125,223.3485107421875,41.70751190185547,-0.7786380052566528,1.874095545417731e-8,0.6274734139442444,-7.832758441850274e-9,1,-3.9587078504155218e-8,-0.6274734139442444,-3.573885010155209e-8,-0.7786380052566528],3,0.6133584976196289],[[769.7608032226563,223.7731475830078,41.623661041259769,-0.7556301355361939,2.8242000738032403e-8,0.6549986004829407,-1.0113089921048868e-8,1,-5.478447917539597e-8,-0.6549986004829407,-4.8020861953546049e-8,-0.7556301355361939],5,0.6314997673034668],[[769.490966796875,224.77513122558595,41.44997024536133,-0.6962588429450989,5.193438568085185e-8,0.7177907824516296,-2.0174944381778915e-8,1,-9.192284267101059e-8,-0.7177907824516296,-7.848348815286954e-8,-0.6962588429450989],5,0.6409118175506592],[[769.3781127929688,225.15206909179688,41.39717102050781,-0.7471811771392822,5.297557237327055e-8,0.6646203994750977,-2.4199509951472465e-8,1,-1.0691364593640174e-7,-0.6646203994750977,-9.596735139894008e-8,-0.7471811771392822],5,0.6565284729003906],[[769.1441040039063,225.86509704589845,41.32017517089844,-0.7113313674926758,7.214930519694463e-8,0.7028567790985107,-3.3765367390969916e-8,1,-1.3682399924164202e-7,-0.7028567790985107,-1.2105941493700812e-7,-0.7113313674926758],5,0.6634109020233154],[[769.0838623046875,226.0348358154297,41.306884765625,-0.7642137408256531,6.564317800439312e-8,0.6449630856513977,-3.6011648774092467e-8,1,-1.444482222723309e-7,-0.6449630856513977,-1.3361550088575314e-7,-0.7642137408256531],5,0.6709408760070801],[[768.8989868164063,226.52362060546876,41.28131103515625,-0.7294302582740784,7.300791082798242e-8,0.6840551495552063,-4.049925550475564e-8,1,-1.4991377383921645e-7,-0.6840551495552063,-1.3705536616726023e-7,-0.7294302582740784],5,0.6803460121154785],[[768.7722778320313,226.8324432373047,41.276180267333987,-0.7481921911239624,5.6427431616157267e-8,0.6634820699691773,-4.034233924699038e-8,1,-1.3054045666649473e-7,-0.6634820699691773,-1.2443575769793825e-7,-0.7481921911239624],5,0.6891849040985107],[[768.642822265625,227.1276397705078,41.28059005737305,-0.7482100129127502,4.409691811702032e-8,0.6634619235992432,-3.99391595351517e-8,1,-1.1150571310736268e-7,-0.6634619235992432,-1.0992780374863287e-7,-0.7482100129127502],5,0.699030876159668],[[768.4448852539063,227.54489135742188,41.300453186035159,-0.7306094169616699,2.8896934622935079e-8,0.6827956438064575,-3.851804564192207e-8,1,-8.353683256245859e-8,-0.6827956438064575,-8.733275080885505e-8,-0.7306094169616699],5,0.7105793952941895],[[768.3124389648438,227.80601501464845,41.315277099609378,-0.7482316493988037,1.51903467582315e-8,0.66343754529953,-3.7514865880439177e-8,1,-6.520607342963558e-8,-0.66343754529953,-7.367801657665041e-8,-0.7482316493988037],5,0.7193026542663574],[[768.1799926757813,228.05352783203126,41.33020782470703,-0.7482327222824097,4.097184813645072e-9,0.6634363532066345,-3.6279512727332988e-8,1,-4.7092239441326458e-8,-0.6634363532066345,-5.930510127427624e-8,-0.7482327222824097],5,0.7287251949310303],[[767.9813232421875,228.3992462158203,41.35262680053711,-0.7306190133094788,-1.0722850163347175e-8,0.6827853918075562,-3.364483447398925e-8,1,-2.029731049901784e-8,-0.6827853918075562,-3.78018008007075e-8,-0.7306190133094788],5,0.7399003505706787],[[767.848876953125,228.61270141601563,41.36757278442383,-0.7482332587242127,-2.2097831120504453e-8,0.6634357571601868,-3.18323465364756e-8,1,-2.592849046578749e-9,-0.6634357571601868,-2.305877444541693e-8,-0.7482332587242127],5,0.7478196620941162],[[767.7164306640625,228.81251525878907,41.38251876831055,-0.7482332587242127,-3.2248017589608938e-8,0.663435697555542,-2.9790649946903615e-8,1,1.500923119124309e-8,-0.663435697555542,-8.53377457588067e-9,-0.7482332587242127],5,0.7574748992919922],[[767.5177612304688,229.08670043945313,41.404937744140628,-0.7306193709373474,-4.7116081702824889e-8,0.6827850341796875,-2.5954399518468564e-8,1,4.1233032987975096e-8,-0.6827850341796875,1.2404376192876044e-8,-0.7306193709373474],5,0.7674157619476318],[[767.319091796875,229.33023071289063,41.4273567199707,-0.7306193709373474,-6.17862170315675e-8,0.6827850341796875,-2.1596807897594773e-8,1,6.738163449426793e-8,-0.6827850341796875,3.4484351374430847e-8,-0.7306193709373474],5,0.782052755355835],[[767.1275634765625,229.54310607910157,41.46281433105469,-0.763286292552948,-7.580533178952465e-8,0.6460603475570679,-2.0907584996621155e-8,1,9.26335346207452e-8,-0.6460603475570679,5.71983491681749e-8,-0.763286292552948],5,0.800797700881958],[[766.9468383789063,229.72532653808595,41.517822265625,-0.7782724499702454,-9.123491651052973e-8,0.627926766872406,-2.2519225595374338e-8,1,1.1738442395881066e-7,-0.627926766872406,7.721664019300079e-8,-0.7782724499702454],5,0.8074803352355957],[[766.8323364257813,229.82977294921876,41.56535720825195,-0.7813202142715454,-1.0223153168453791e-7,0.624130368232727,-2.3954184413810254e-8,1,1.338112269877456e-7,-0.624130368232727,8.959887765058738e-8,-0.7813202142715454],5,0.8162522315979004],[[766.72265625,229.92059326171876,41.621585845947269,-0.7817113399505615,-1.1359443163883043e-7,0.6236404180526733,-2.5474127696156758e-8,1,1.502164082012314e-7,-0.6236404180526733,1.0153917884281327e-7,-0.7817113399505615],5,0.8242120742797852],[[766.6177978515625,229.99778747558595,41.68650436401367,-0.7818441987037659,-1.12267265706123e-7,0.6234738826751709,-2.442103941291407e-8,1,1.4944302506592067e-7,-0.6234738826751709,1.0161527796981318e-7,-0.7818441987037659],5,0.8328120708465576],[[766.469482421875,230.08804321289063,41.800174713134769,-0.7818844318389893,-9.121222177554955e-8,0.6234233379364014,-1.8951794800159406e-8,1,1.2253970282927185e-7,-0.6234233379364014,8.399689477300854e-8,-0.7818844318389893],5,0.8436925411224365],[[766.3319702148438,230.14764404296876,41.93340301513672,-0.7819067239761353,-7.017775516260372e-8,0.6233955025672913,-1.3490321748577117e-8,1,9.565289360580209e-8,-0.6233955025672913,6.638182981077989e-8,-0.7819067239761353],5,0.8610274791717529],[[766.2045288085938,230.17657470703126,42.08467483520508,-0.7819110751152039,-4.915985840625581e-8,0.6233899593353272,-8.033005371999025e-9,1,6.878320846226416e-8,-0.6233899593353272,4.877465542563186e-8,-0.7819110751152039],5,0.8780517578125],[[766.0380859375,230.16746520996095,42.29290008544922,-0.7809233665466309,-2.1244023429289883e-8,0.6246268153190613,-8.317158628479149e-10,1,3.2970913110830227e-8,-0.6246268153190613,2.5228246158803814e-8,-0.7809233665466309],5,0.885270357131958],[[765.954833984375,230.14248657226563,42.39704132080078,-0.7798001170158386,-7.302108251394657e-9,0.6260285973548889,2.7344564390574534e-9,1,1.507029878666799e-8,-0.6260285973548889,1.3463667514201916e-8,-0.7798001170158386],5,0.8949832916259766],[[765.8713989257813,230.10386657714845,42.50104904174805,-0.7787072658538818,6.655771489505469e-9,0.6273874044418335,6.268345842386225e-9,1,-2.8284994346705618e-9,-0.6273874044418335,1.7301081678411379e-9,-0.7787072658538818],5,0.9018700122833252],[[765.7877807617188,230.0516357421875,42.60491180419922,-0.7786688804626465,2.0631624408906647e-8,0.6274350881576538,9.800370293078231e-9,1,-2.0719882698472248e-8,-0.6274350881576538,-9.984832516352072e-9,-0.7786688804626465],5,0.9103829860687256],[[765.662353515625,229.94772338867188,42.76064682006836,-0.7755571007728577,4.163446121197012e-8,0.6312774419784546,1.4966445860409295e-8,1,-4.7565659855308698e-8,-0.6312774419784546,-2.7441904748570779e-8,-0.7755571007728577],5,0.9214987754821777],[[765.5783081054688,229.86141967773438,42.864139556884769,-0.7732861042022705,5.569598116039742e-8,0.6340572834014893,1.8347662944506739e-8,1,-6.54640999186995e-8,-0.6340572834014893,-3.898900757803858e-8,-0.7732861042022705],5,0.931288480758667],[[765.493896484375,229.76148986816407,42.967315673828128,-0.766749382019043,7.005832713957716e-8,0.6419466137886047,2.155922729230042e-8,1,-8.338357559978249e-8,-0.6419466137886047,-5.009443171388739e-8,-0.766749382019043],5,0.9406654834747315],[[765.3657836914063,229.5860595703125,43.120872497558597,-0.7624073028564453,9.133146505746481e-8,0.6470974683761597,2.6194244995281225e-8,1,-1.1027825763676447e-7,-0.6470974683761597,-6.712672018238664e-8,-0.7624073028564453],5,0.950322151184082],[[765.2796020507813,229.4520721435547,43.222633361816409,-0.7565935850143433,1.0588368581920804e-7,0.6538854241371155,2.9131866696729959e-8,1,-1.282223252019321e-7,-0.6538854241371155,-7.796328560516486e-8,-0.7565935850143433],5,0.9616732597351074],[[765.1925659179688,229.30445861816407,43.32368469238281,-0.75640869140625,1.1983597403286695e-7,0.6540992856025696,3.203115994665495e-8,1,-1.461663856616724e-7,-0.6540992856025696,-8.960995501183788e-8,-0.75640869140625],5,0.9689309597015381],[[765.061767578125,229.0574951171875,43.47496795654297,-0.7454961538314819,1.1418516265848666e-7,0.6665099263191223,2.917566277460537e-8,1,-1.3868483961232415e-7,-0.6665099263191223,-8.394314932047564e-8,-0.7454961538314819],5,0.9793350696563721],[[764.9732055664063,228.8758087158203,43.57466125488281,-0.732512891292572,1.0171945064030297e-7,0.6807531714439392,2.535203158515742e-8,1,-1.2214231048801595e-7,-0.6807531714439392,-7.22123374430339e-8,-0.732512891292572],5,0.9920315742492676],[[764.8828735351563,228.68051147460938,43.6727294921875,-0.7251907587051392,8.841235654699631e-8,0.6885480284690857,2.1674198436016924e-8,1,-1.0557641871855594e-7,-0.6885480284690857,-6.163931942637646e-8,-0.7251907587051392],5,0.999053955078125],[[764.7454223632813,228.36199951171876,43.817989349365237,-0.7169445753097534,6.803330165894295e-8,0.6971302032470703,1.6439249961308634e-8,1,-8.068403190009121e-8,-0.6971302032470703,-4.638567929760029e-8,-0.7169445753097534],5,1.0113909244537354],[[764.6526489257813,228.1326446533203,43.91377258300781,-0.708066999912262,5.4547552252870449e-8,0.7061452865600586,1.315192310613611e-8,1,-6.405921482155463e-8,-0.7061452865600586,-3.607104304137465e-8,-0.708066999912262],5,1.018543004989624],[[764.5587768554688,227.8896484375,44.00844192504883,-0.6981726884841919,4.0984385663023207e-8,0.715929388999939,1.0097970459810313e-8,1,-4.739888836979844e-8,-0.715929388999939,-2.5863174712981164e-8,-0.6981726884841919],5,1.0290403366088868],[[764.3203735351563,227.22256469726563,44.24140548706055,-0.6654739379882813,7.136144120067911e-9,0.7464210987091065,4.62649918375746e-9,1,-5.4357109924296768e-9,-0.7464210987091065,-1.6400732161248045e-10,-0.6654739379882813],5,1.0465383529663087],[[764.2711791992188,227.0789337158203,44.28636169433594,-0.6610708236694336,1.3294658429696683e-10,0.750323474407196,3.5482219384874726e-9,1,2.9489670705373784e-9,-0.750323474407196,4.611790505038016e-9,-0.6610708236694336],5,1.0521438121795655],[[764.1215209960938,226.62757873535157,44.41896438598633,-0.6273541450500488,-2.1065266864184197e-8,0.7787340879440308,1.4427484762435939e-9,1,2.8212943092853494e-8,-0.7787340879440308,1.8823023140157603e-8,-0.6273541450500488],5,1.0638623237609864],[[764.0701904296875,226.47032165527345,44.46150207519531,-0.6248921155929565,-2.8120235029405195e-8,0.7807111144065857,7.632391385570259e-10,1,3.662965397666085e-8,-0.7807111144065857,2.348545180552719e-8,-0.6248921155929565],5,1.0696735382080079],[[763.914306640625,225.9781036376953,44.58687210083008,-0.5818986892700195,-5.0352355174254629e-8,0.8132612705230713,4.051318655551306e-11,1,6.194310486762333e-8,-0.8132612705230713,3.607755871826157e-8,-0.5818986892700195],5,1.0807805061340333],[[763.8067016601563,225.6329345703125,44.66557312011719,-0.5516997575759888,-6.564828680666324e-8,0.8340427875518799,1.6058585017297845e-10,1,7.881715191615513e-8,-0.8340427875518799,4.361734085023272e-8,-0.5516997575759888],5,1.091050148010254],[[763.6961059570313,225.2741241455078,44.74003601074219,-0.5176326036453247,-8.135748430504464e-8,0.8556029796600342,9.571716752532212e-10,1,9.56669694573975e-8,-0.8556029796600342,5.0339298951485037e-8,-0.5176326036453247],5,1.1019330024719239],[[763.593994140625,224.7103729248047,44.80807113647461,-0.4368312954902649,-1.0654431292778099e-7,0.8995434641838074,4.682668919286925e-9,1,1.20716620699568e-7,-0.8995434641838074,5.6945065551872179e-8,-0.4368312954902649],7,1.1145813465118409],[[763.57421875,224.1802215576172,44.82124710083008,-0.3912496566772461,-7.436445059738617e-8,0.9202845692634583,7.62982388380351e-9,1,8.404966678199344e-8,-0.9202845692634583,3.9906012716528497e-8,-0.3912496566772461],7,1.1342518329620362],[[763.5737915039063,224.21238708496095,44.82149887084961,-0.2425222545862198,-5.338324271519923e-8,0.9701458215713501,5.979476913609005e-9,1,5.652077916806775e-8,-0.9701458215713501,1.9508510362697963e-8,-0.2425222545862198],7,1.1407701969146729],[[763.5737915039063,224.26736450195313,44.821510314941409,-0.2452959418296814,-3.5838290557421718e-8,0.9694482684135437,4.823109911455958e-9,1,3.818809446443083e-8,-0.9694482684135437,1.4043139984210029e-8,-0.2452959418296814],8,1.1487934589385987],[[763.5737915039063,224.3189239501953,44.821510314941409,-0.2022397220134735,-1.896504997489501e-8,0.9793360233306885,2.7933897417398158e-9,1,1.994206577649038e-8,-0.9793360233306885,6.7687451199560659e-9,-0.2022397220134735],8,1.1559453010559083],[[763.5737915039063,224.36134338378907,44.821510314941409,-0.12166574597358704,-2.0080395124466578e-9,0.9925711154937744,-7.31228633199521e-10,1,1.9334374101731557e-9,-0.9925711154937744,-4.905633121943254e-10,-0.12166574597358704],8,1.1654369831085206],[[763.5737915039063,224.3943634033203,44.821510314941409,-0.12180745601654053,1.5429563404723014e-8,0.9925537705421448,-4.254172125683908e-9,1,-1.6067394525975943e-8,-0.9925537705421448,-6.17962303550712e-9,-0.12180745601654053],8,1.1724371910095215],[[763.5737915039063,224.42950439453126,44.821510314941409,-0.05923661217093468,4.192966684968269e-8,0.9982439875602722,-1.1219759343816805e-8,1,-4.266921393991652e-8,-0.9982439875602722,-1.3727637693250472e-8,-0.05923661217093468],8,1.1842365264892579],[[763.5737915039063,224.44570922851563,44.821510314941409,-0.03308957442641258,5.969366156932665e-8,0.9994524121284485,-1.6323026486020354e-8,1,-6.026678533999075e-8,-0.9994524121284485,-1.830828999516143e-8,-0.03308957442641258],8,1.19273042678833],[[763.5737915039063,224.45774841308595,44.821510314941409,-0.006898108869791031,7.756440822959121e-8,0.9999762177467346,-2.1882975431708475e-8,1,-7.771721044491642e-8,-0.9999762177467346,-2.2418557676928687e-8,-0.006898108869791031],8,1.2029595375061036],[[763.5737915039063,224.47019958496095,44.821510314941409,0.01580778695642948,1.041569817061827e-7,0.9998750686645508,-3.0810170414952157e-8,1,-1.0368289338202885e-7,-0.9998750686645508,-2.9167321002887549e-8,0.01580778695642948],8,1.213834524154663],[[763.5737915039063,224.47584533691407,44.821510314941409,0.061184536665678027,1.0528006555432512e-7,0.9981264472007752,-3.198288922590109e-8,1,-1.0351714507805809e-7,-0.9981264472007752,-2.5589320884478185e-8,0.061184536665678027],8,1.2235643863677979],[[763.5785522460938,224.48167419433595,44.74440002441406,0.08209067583084107,7.943106794527921e-8,0.9966248869895935,-2.4867736314604373e-8,1,-7.765174103724348e-8,-0.9966248869895935,-1.840932029040232e-8,0.08209067583084107],8,1.2370786666870118],[[763.5924072265625,224.48536682128907,44.56794738769531,0.11858511716127396,5.37074740236676e-8,0.9929438829421997,-1.68139582257254e-8,1,-5.20810807813632e-8,-0.9929438829421997,-1.0519275228659808e-8,0.11858511716127396],8,1.257979393005371],[[763.6224365234375,224.48828125,44.30426788330078,0.14455804228782655,1.8863826056758627e-8,0.9894963502883911,-5.194745522629773e-9,1,-1.830515650169673e-8,-0.9894963502883911,-2.494024098353975e-9,0.14455804228782655],8,1.2644121646881104],[[763.6314086914063,224.48876953125,44.23822784423828,0.14455804228782655,1.0093308411285307e-8,0.9894963502883911,-2.2914932173989657e-9,1,-9.86568071681404e-9,-0.9894963502883911,-8.412606722352223e-10,0.14455804228782655],8,1.2705962657928467],[[763.659912109375,224.4898681640625,44.040287017822269,0.1531933695077896,-1.6200049302028675e-8,0.9881962537765503,6.63521193544625e-9,1,1.536494309561931e-8,-0.9881962537765503,4.203084102982757e-9,0.1531933695077896],8,1.2819504737854005],[[763.6800537109375,224.4903564453125,43.90848159790039,0.1531933695077896,-3.372423407199676e-8,0.9881962537765503,1.2583170949653777e-8,1,3.217637711827592e-8,-0.9881962537765503,7.505434496124508e-9,0.1531933695077896],8,1.289240837097168],[[763.700439453125,224.49072265625,43.77671813964844,0.1531933695077896,-5.1240935050600459e-8,0.9881962537765503,1.852859021767017e-8,1,4.898063465930136e-8,-0.9881962537765503,1.0806374461935775e-8,0.1531933695077896],8,1.299560785293579],[[763.7310180664063,224.49110412597657,43.579078674316409,0.15664556622505189,-7.753940423071981e-8,0.9876548647880554,2.7529935664460937e-8,1,7.414225677848663e-8,-0.9876548647880554,1.5576018697061046e-8,0.15664556622505189],8,1.311615228652954],[[763.7518310546875,224.49127197265626,43.44737243652344,0.15319420397281648,-9.498251785089451e-8,0.988196074962616,3.346902133216645e-8,1,9.092856601000676e-8,-0.988196074962616,1.9144225760214796e-8,0.15319420397281648],8,1.3200628757476807],[[763.7723999023438,224.49139404296876,43.31562805175781,0.14282988011837007,-1.1226720175727678e-7,0.9897472262382507,3.922940194911462e-8,1,1.0776899728170975e-7,-0.9897472262382507,2.3434560958435214e-8,0.14282988011837007],8,1.3297336101531983],[[763.8013916015625,224.4915313720703,43.117740631103519,0.13071805238723756,-8.645147175911916e-8,0.9914195537567139,2.9786530575393045e-8,1,8.32723472399266e-8,-0.9914195537567139,1.8645749833012816e-8,0.13071805238723756],8,1.3413035869598389],[[763.8204345703125,224.48138427734376,42.985774993896487,0.09079328924417496,-6.862805435048358e-8,0.9958697557449341,2.4155292877026114e-8,1,6.671044161521422e-8,-0.9958697557449341,1.799866566898345e-8,0.09079328924417496],8,1.3491661548614503],[[763.8489990234375,225.14048767089845,42.78782653808594,0.06641581654548645,-4.2673899969258858e-8,0.9977920055389404,1.632258950223786e-8,1,4.168185085973164e-8,-0.9977920055389404,1.3518215880026219e-8,0.06641581654548645],3,1.3634841442108155],[[763.8663330078125,225.7723388671875,42.58869171142578,0.10093221813440323,-1.680806249737543e-8,0.9948933124542236,1.0698189001345782e-8,1,1.5809002107403104e-8,-0.9948933124542236,9.04791885858458e-9,0.10093221813440323],5,1.381636619567871],[[763.8779296875,226.56710815429688,42.322303771972659,0.10577065497636795,1.811135952323184e-8,0.9943905472755432,3.991374786238566e-9,1,-1.8638079524180286e-8,-0.9943905472755432,5.940347325150697e-9,0.10577065497636795],5,1.3874471187591553],[[763.8781127929688,226.7572784423828,42.25566482543945,-0.01594756357371807,2.7319982720541703e-8,0.9998728036880493,2.7586859463468729e-9,1,-2.7279456915607626e-8,-0.9998728036880493,2.3232942236717237e-9,-0.01594756357371807],5,1.394516944885254],[[763.8734130859375,227.12741088867188,42.12246322631836,-0.012291066348552704,4.4568349011342437e-8,0.9999244809150696,2.719983405174986e-10,1,-4.4568373880338189e-8,-0.9999244809150696,-2.7581503747597937e-10,-0.012291066348552704],5,1.4032490253448487],[[763.8590698242188,227.65707397460938,41.923004150390628,-0.036367639899253848,7.056613782197019e-8,0.9993385076522827,-3.0127429440085509e-9,1,-7.072248564554684e-8,-0.9993385076522827,-5.5827600320412788e-9,-0.036367639899253848],5,1.4148814678192139],[[763.843017578125,227.99314880371095,41.790687561035159,-0.09386549144983292,8.756406799648176e-8,0.9955849051475525,-4.893640159764345e-9,1,-8.841377052704047e-8,-0.9955849051475525,-1.3171035817549637e-8,-0.09386549144983292],5,1.4248552322387696],[[763.812255859375,228.47171020507813,41.59309387207031,-0.08502219617366791,1.1429596469270109e-7,0.9963790774345398,-8.1434938792313e-9,1,-1.1540622324446304e-7,-0.9963790774345398,-1.792609793938027e-8,-0.08502219617366791],5,1.4352660179138184],[[763.7886352539063,228.7737274169922,41.461883544921878,-0.13894066214561463,1.3117342234636454e-7,0.990300714969635,-1.005280925170382e-8,1,-1.3386859620823089e-7,-0.990300714969635,-2.855509784183141e-8,-0.13894066214561463],5,1.4457588195800782],[[763.7621459960938,229.06210327148438,41.33121109008789,-0.17860214412212373,1.4829291217210994e-7,0.9839213490486145,-1.156988815864679e-8,1,-1.5281639775821532e-7,-0.9839213490486145,-3.867719300387762e-8,-0.17860214412212373],5,1.4533805847167969],[[763.7149658203125,229.46913146972657,41.13687515258789,-0.16643254458904267,1.2559948459056614e-7,0.9860528707504273,-1.4033965101134527e-8,1,-1.2974476248928114e-7,-0.9860528707504273,-3.5431980904832019e-8,-0.16643254458904267],5,1.4653315544128419],[[763.6805419921875,229.72344970703126,41.0080680847168,-0.19918549060821534,1.0951890061505765e-7,0.9799618124961853,-1.5599356473217086e-8,1,-1.1492903695398127e-7,-0.9799618124961853,-3.817897109570367e-8,-0.19918549060821534],5,1.4742634296417237],[[763.6454467773438,229.9641571044922,40.87943649291992,-0.23838283121585847,9.346683782496257e-8,0.9711712598800659,-1.7504579119531628e-8,1,-1.0053800991727258e-7,-0.9711712598800659,-4.096647998608205e-8,-0.23838283121585847],5,1.483344554901123],[[763.6065063476563,230.19122314453126,40.751953125,-0.2586849629878998,7.849397576364936e-8,0.965961754322052,-1.9470299150725624e-8,1,-8.647407412354369e-8,-0.965961754322052,-4.1177106169243419e-8,-0.2586849629878998],5,1.4921293258666993],[[763.54296875,230.50628662109376,40.56232833862305,-0.2653023600578308,5.7533110719987238e-8,0.9641652703285217,-2.2484094586161519e-8,1,-6.585820244708884e-8,-0.9641652703285217,-3.915071999927022e-8,-0.2653023600578308],5,1.5036773681640626],[[763.4724731445313,230.7906951904297,40.37521743774414,-0.28712505102157595,3.640693790885052e-8,0.9578931331634522,-2.5462108865781375e-8,1,-4.563948152735975e-8,-0.9578931331634522,-3.7494217508537989e-8,-0.28712505102157595],5,1.5144572257995606],[[763.4224243164063,230.9632568359375,40.25164031982422,-0.3403110206127167,2.097299756087523e-8,0.940312922000885,-2.77041962704061e-8,1,-3.2330770949329238e-8,-0.940312922000885,-3.705313034174651e-8,-0.3403110206127167],5,1.5216283798217774],[[763.36962890625,231.12220764160157,40.129215240478519,-0.3632022440433502,6.8538357211878068e-9,0.9317103028297424,-3.0061006128789816e-8,1,-1.907466362638388e-8,-0.9317103028297424,-3.493611089311344e-8,-0.3632022440433502],5,1.530050277709961],[[763.2574462890625,231.39923095703126,39.887306213378909,-0.34990838170051577,-1.92193780890193e-8,0.9367839097976685,-3.4652991587336149e-8,1,7.57272289320099e-9,-0.9367839097976685,-2.981260394108176e-8,-0.34990838170051577],5,1.547365665435791],[[763.1962890625,231.51730346679688,39.76889419555664,-0.43838509917259219,-3.527821590409985e-8,0.898787260055542,-3.748857935192973e-8,1,2.0965783775750425e-8,-0.898787260055542,-2.450317104774058e-8,-0.43838509917259219],5,1.554353952407837],[[763.131103515625,231.6217498779297,39.65260314941406,-0.43838509917259219,-4.8684224651651678e-8,0.898787260055542,-4.0120443856039859e-8,1,3.4597753995058159e-8,-0.898787260055542,-2.089260497939449e-8,-0.43838509917259219],5,1.5621516704559327],[[763.0650024414063,231.7125701904297,39.536834716796878,-0.49703457951545718,-6.354358106364089e-8,0.8677307367324829,-4.345525539406481e-8,1,4.833851363628128e-8,-0.8677307367324829,-1.3681548338695393e-8,-0.49703457951545718],5,1.57181978225708],[[762.9935302734375,231.78976440429688,39.42436981201172,-0.5607448816299439,-7.820771230626633e-8,0.8279886245727539,-4.762225103149831e-8,1,6.220348325314262e-8,-0.8279886245727539,-4.550401389025183e-9,-0.5607448816299439],5,1.582270622253418],[[762.8746337890625,231.88002014160157,39.26374816894531,-0.566409170627594,-9.962084135395344e-8,0.8241241574287415,-5.397435742793277e-8,1,8.378503224548695e-8,-0.8241241574287415,2.9750397700922805e-9,-0.566409170627594],5,1.5924584865570069],[[762.789794921875,231.92315673828126,39.16094207763672,-0.624026358127594,-1.1375384190159821e-7,0.7814033031463623,-5.876601960608241e-8,1,9.864598382591794e-8,-0.7814033031463623,1.5637732886375489e-8,-0.624026358127594],5,1.6017580032348633],[[762.7009887695313,231.95266723632813,39.0615119934082,-0.6535882353782654,-1.2805672611193587e-7,0.7568503618240356,-6.392725993009663e-8,1,1.139916463444024e-7,-0.7568503618240356,2.6120233087567614e-8,-0.6535882353782654],5,1.6115198135375977],[[762.561767578125,231.9713897705078,38.91802215576172,-0.6756743788719177,-1.5066775915784093e-7,0.7372002005577087,-7.232934251533152e-8,1,1.3808552523641993e-7,-0.7372002005577087,3.997964626023531e-8,-0.6756743788719177],5,1.6250872611999512],[[762.4144897460938,231.95944213867188,38.782752990722659,-0.693501353263855,-1.3869149029233086e-7,0.7204553484916687,-6.247437767115116e-8,1,1.32368256799964e-7,-0.7204553484916687,4.678756582165988e-8,-0.693501353263855],5,1.6508128643035889],[[762.1612548828125,231.87142944335938,38.56602478027344,-0.6895340085029602,-9.129324496370828e-8,0.7242533564567566,-2.983093239095069e-8,1,9.765064135081048e-8,-0.7242533564567566,4.5728285158475049e-8,-0.6895340085029602],5,1.6593701839447022],[[762.0027465820313,231.77774047851563,38.44414520263672,-0.7467712759971619,-5.8544426195794588e-8,0.6650809645652771,-1.0091806501577594e-8,1,7.669465418302934e-8,-0.6650809645652771,5.0561496323098257e-8,-0.7467712759971619],5,1.6692652702331544],[[761.895263671875,231.69825744628907,38.36532211303711,-0.7773747444152832,-3.689005723117589e-8,0.6290377378463745,3.1612854556328786e-9,1,6.255199025417824e-8,-0.6290377378463745,5.061490782054534e-8,-0.7773747444152832],5,1.6785578727722169],[[761.78662109375,231.60513305664063,38.2880744934082,-0.7935896515846252,-1.6228007382323996e-8,0.6084533333778381,1.6526024992913336e-8,1,4.8225373916466199e-8,-0.6084533333778381,4.832647348962382e-8,-0.7935896515846252],5,1.6876964569091797],[[761.6207275390625,231.43992614746095,38.17633056640625,-0.7805811762809753,1.2126482928920268e-8,0.6250544190406799,3.5988691138300058e-8,1,2.5542757242646986e-8,-0.6250544190406799,4.243308282525504e-8,-0.7805811762809753],5,1.6978487968444825],[[761.5091552734375,231.312744140625,38.103397369384769,-0.8082270622253418,3.3815446442986288e-8,0.5888709425926209,4.9112507838344757e-8,1,9.98285276665456e-9,-0.5888709425926209,3.6989341367643649e-8,-0.8082270622253418],5,1.7056691646575928],[[761.3966674804688,231.1719512939453,38.031822204589847,-0.8143553137779236,5.420458393246008e-8,0.5803666114807129,6.216632897348973e-8,1,-6.166968713472443e-9,-0.5803666114807129,3.105716217532972e-8,-0.8143553137779236],5,1.7157092094421387],[[761.2266845703125,230.93519592285157,37.926448822021487,-0.8008893728256226,8.413441321408755e-8,0.5988122820854187,8.113622129712894e-8,1,-3.198544362703615e-8,-0.5988122820854187,2.2968563939684828e-8,-0.8008893728256226],5,1.7248823642730713],[[761.1126708984375,230.7603302001953,37.85733413696289,-0.8312283754348755,1.0594402510832879e-7,0.5559310913085938,9.413800228230684e-8,1,-4.981524526215253e-8,-0.5559310913085938,1.0926399340860371e-8,-0.8312283754348755],5,1.735884904861