[[[776,222.69961547851563,47,1,2.925400899300712e-8,3.6758671871335929e-14,-2.925400899300712e-8,1,6.290404996889265e-8,-3.4918475852767017e-14,-6.290404996889265e-8,1],8,0.016232013702392579],[[776,222.69961547851563,47,1,1.1231038321568576e-8,3.623794989668187e-14,-1.1231038321568576e-8,1,2.4149770183612419e-8,-3.596672317070747e-14,-2.4149770183612419e-8,1],8,0.03298354148864746],[[776,222.69961547851563,47,1,-6.776532668339996e-9,3.641839840763314e-14,6.776532668339996e-9,1,-1.4571406303787171e-8,-3.631965469477402e-14,1.4571406303787171e-8,1],8,0.04107379913330078],[[776,222.69961547851563,47,1,-1.5774547890146097e-8,3.6769913692611888e-14,1.5774547890146097e-8,1,-3.3919587139052967e-8,-3.623484975609492e-14,3.3919587139052967e-8,1],8,0.050050973892211917],[[776,222.69961547851563,47,1,-2.9264359824310305e-8,3.762299445510958e-14,2.9264359824310305e-8,1,-6.292636101079552e-8,-3.57814940058019e-14,6.292636101079552e-8,1],8,0.06178712844848633],[[776,222.69961547851563,47,1,-4.274552622973715e-8,3.8866330401461649e-14,4.274552622973715e-8,1,-9.191455063728427e-8,-3.4937395180676889e-14,9.191455063728427e-8,1],8,0.0729827880859375],[[776,222.69961547851563,47,1,-4.411593934605662e-8,3.9118207506788977e-14,4.411593934605662e-8,1,-9.486131347102855e-8,-3.493331248187112e-14,9.486131347102855e-8,1],8,0.08310174942016602],[[776,222.69961547851563,47,1,-3.4755768041350169e-8,3.844910230043491e-14,3.4755768041350169e-8,1,-7.473439467275966e-8,-3.5851652050757079e-14,7.473439467275966e-8,1],8,0.09580588340759278],[[776,222.69961547851563,47,1,-2.5401595493690367e-8,3.7945835980757878e-14,2.5401595493690367e-8,1,-5.462037933057218e-8,-3.655838923689175e-14,5.462037933057218e-8,1],8,0.10718226432800293],[[776,222.69961547851563,47,1,-1.605341992672038e-8,3.7626287719208509e-14,1.605341992672038e-8,1,-3.45192496808977e-8,-3.707213843632401e-14,3.45192496808977e-8,1],8,0.11934018135070801],[[776,222.69961547851563,47,1,-6.711236011369692e-9,3.749372028669963e-14,6.711236011369692e-9,1,-1.4430996841952038e-8,-3.7396870539510576e-14,1.4430996841952038e-8,1],8,0.132080078125],[[776,222.69961547851563,47,1,-4.864399438808675e-10,3.7509424277541728e-14,4.864399438808675e-10,1,-1.045979303171407e-9,-3.750891605777337e-14,1.045979303171407e-9,1],8,0.14360594749450684],[[776,222.69961547851563,47,1,8.845766785725573e-9,3.7688968157305327e-14,-8.845766785725573e-9,1,1.9020825803295339e-8,-3.752071353266273e-14,-1.9020825803295339e-8,1],8,0.1532149314880371],[[776,222.69961547851563,47,1,1.817199191123109e-8,3.805541155094648e-14,-1.817199191123109e-8,1,3.9074770086244828e-8,-3.73453438312632e-14,-3.9074770086244828e-8,1],8,0.16693329811096192],[[776,222.69961547851563,47,1,2.7492241372328864e-8,3.860840548089092e-14,-2.7492241372328864e-8,1,5.911586953288861e-8,-3.6983179648071576e-14,-5.911586953288861e-8,1],8,0.1890251636505127],[[776,222.69961547851563,47,1,4.301271872009238e-8,3.994364789015187e-14,-4.301271872009238e-8,1,9.248917365312082e-8,-3.596543906875943e-14,-9.248917365312082e-8,1],8,0.2049570083618164],[[776,222.69961547851563,47,1,5.231704847119545e-8,4.0992362770279209e-14,-5.231704847119545e-8,1,1.1249604625618304e-7,-3.510690002594963e-14,-1.1249604625618304e-7,1],8,0.21206188201904298],[[776,222.69961547851563,47,1,3.867041442617847e-8,3.981015549766459e-14,-3.867041442617847e-8,1,8.315203103848035e-8,-3.659463208263887e-14,-8.315203103848035e-8,1],8,0.22200751304626466],[[775.91943359375,222.69961547851563,46.93912124633789,0.9983281493186951,2.555929867753548e-8,0.057800330221652988,-2.8626027770428665e-8,1,5.22292928906154e-8,-0.057800330221652988,-5.379656542459088e-8,0.9983281493186951],8,0.24000811576843263],[[775.7662963867188,222.69961547851563,46.82526779174805,0.9901782274246216,1.3980350210829329e-8,0.13981086015701295,-1.7259521811752167e-8,1,2.2241859909399865e-8,-0.13981086015701295,-2.4436474177491619e-8,0.9901782274246216],8,0.25660085678100588],[[775.3900146484375,222.69961547851563,46.55000305175781,-0.9403766393661499,-3.919023683351952e-8,0.3401348888874054,-6.946892838755048e-9,1,9.60135011496277e-8,-0.3401348888874054,8.792596872808645e-8,-0.9403766393661499],8,0.27788877487182619],[[775.2265625,222.69961547851563,46.43476867675781,-0.8397680521011353,-4.823311883228598e-8,0.5429453253746033,3.41707884210507e-9,1,9.412120505203348e-8,-0.5429453253746033,8.089526915000533e-8,-0.8397680521011353],8,0.2961111068725586],[[775.0626831054688,222.69961547851563,46.32014465332031,-0.8223749995231628,-3.0754161883805867e-8,0.5689457654953003,1.4163913597542433e-8,1,7.452768358007234e-8,-0.5689457654953003,6.934820362403116e-8,-0.8223749995231628],8,0.30278611183166506],[[774.8988037109375,222.69961547851563,46.2055549621582,-0.8201521635055542,-1.0760711433022152e-8,0.572145402431488,2.517778341371013e-8,1,5.489919985279812e-8,-0.572145402431488,5.9431052079617078e-8,-0.8201521635055542],8,0.313856840133667],[[774.78955078125,222.69961547851563,46.1291618347168,-0.815668523311615,2.309893609719893e-9,0.5785195231437683,3.2449129605538477e-8,1,4.1758042357287198e-8,-0.5785195231437683,5.283317605631055e-8,-0.815668523311615],8,0.3225715160369873],[[774.6263427734375,222.69961547851563,46.013648986816409,-0.810530424118042,2.2142137012792774e-8,0.5856965184211731,4.318468072028736e-8,1,2.1957376361569915e-8,-0.5856965184211731,4.309023893256381e-8,-0.810530424118042],8,0.33601832389831545],[[774.4640502929688,222.69961547851563,45.89677810668945,-0.8022363185882568,4.1823799534768116e-8,0.597006618976593,5.363671107261325e-8,1,2.0192680860731117e-9,-0.597006618976593,3.364139899986185e-8,-0.8022363185882568],8,0.34688258171081545],[[774.3567504882813,222.69961547851563,45.81757736206055,-0.7698590755462647,5.352247356427142e-8,0.6382138729095459,5.989559781482967e-8,1,-1.16125704607839e-8,-0.6382138729095459,2.9286157499086586e-8,-0.7698590755462647],8,0.3552546501159668],[[774.2014770507813,222.69961547851563,45.691558837890628,-0.7436038851737976,7.256997491822404e-8,0.6686204075813294,6.845048261538978e-8,1,-3.2409914751951877e-8,-0.6686204075813294,2.1667252880774869e-8,-0.7436038851737976],8,0.3677356243133545],[[774.101318359375,222.69961547851563,45.60353088378906,-0.6734617352485657,8.356102654261122e-8,0.7392220497131348,7.274505264831532e-8,1,-4.676539688830417e-8,-0.7392220497131348,2.2280039146949094e-8,-0.6734617352485657],8,0.3788902759552002],[[773.9188232421875,222.69961547851563,45.40935134887695,-0.6324669122695923,1.0922366300292197e-7,0.7745873928070068,7.976321114711027e-8,1,-7.588048589468599e-8,-0.7745873928070068,1.379167979820295e-8,-0.6324669122695923],8,0.3957700729370117],[[773.74853515625,222.69961547851563,45.20424270629883,-0.5362368226051331,9.904109532499206e-8,0.8440675735473633,6.243862316068771e-8,1,-7.767056331431377e-8,-0.8440675735473633,1.1052598836158723e-8,-0.5362368226051331],8,0.4119408130645752],[[773.6820068359375,222.69961547851563,45.122962951660159,-0.4420781433582306,5.452568530017743e-8,0.8969765305519104,2.752646288683991e-8,1,-4.7221789145623919e-8,-0.8969765305519104,3.814871085694449e-9,-0.4420781433582306],8,0.4389035701751709],[[773.4131469726563,222.69961547851563,45.247222900390628,-0.318001389503479,-1.0756830093328063e-8,0.9480902552604675,-1.826516715652815e-8,1,5.2194200073074629e-9,-0.9480902552604675,-1.565724438989946e-8,-0.318001389503479],8,0.45914220809936526],[[773.1636962890625,222.69961547851563,45.339412689208987,-0.2312069684267044,-5.2262556948790009e-8,0.9729045629501343,-4.5269970883055069e-8,1,4.2959836576983437e-8,-0.9729045629501343,-3.411074800396818e-8,-0.2312069684267044],8,0.4728584289550781],[[772.9703369140625,222.69961547851563,45.38984298706055,-0.2061266154050827,-8.354545144584336e-8,0.9785253405570984,-6.47945483933654e-8,1,7.172994997972637e-8,-0.9785253405570984,-4.861765390273831e-8,-0.2061266154050827],8,0.4880390167236328],[[772.77490234375,222.69961547851563,45.43234634399414,-0.16342109441757203,-8.219626579375472e-8,0.9865564107894898,-6.075138969663385e-8,1,7.325299122840079e-8,-0.9865564107894898,-4.7963585103616427e-8,-0.16342109441757203],8,0.49472522735595705],[[772.6436767578125,222.69961547851563,45.4556770324707,-0.1444789171218872,-7.138759627878244e-8,0.9895078539848328,-5.078971909711072e-8,1,6.472869529261516e-8,-0.9895078539848328,-4.090489369446004e-8,-0.1444789171218872],8,0.5032520294189453],[[772.4459228515625,222.69961547851563,45.485530853271487,-0.12891070544719697,-5.593220464561455e-8,0.9916561841964722,-3.6058526831084239e-8,1,5.171537864612219e-8,-0.9916561841964722,-2.9090996278569038e-8,-0.12891070544719697],8,0.514045000076294],[[772.3798828125,222.69961547851563,45.49454879760742,-0.116780124604702,-5.063994024112617e-8,0.9931578040122986,-3.1203644113020348e-8,1,4.73197445671758e-8,-0.9931578040122986,-2.546413924164881e-8,-0.116780124604702],8,0.5212409496307373],[[772.1813354492188,222.69961547851563,45.51860427856445,-0.10115277022123337,-3.5442145218667068e-8,0.9948709011077881,-1.685427442055243e-8,1,3.391122049833939e-8,-0.9948709011077881,-1.3337612791985976e-8,-0.10115277022123337],8,0.5327737331390381],[[772.0487670898438,222.69961547851563,45.53266525268555,-0.09767752885818482,-2.5539787174011509e-8,0.9952180981636047,-7.324404194264389e-9,1,2.4943634713281427e-8,-0.9952180981636047,-4.852947377287364e-9,-0.09767752885818482],8,0.5414893627166748],[[771.8497314453125,222.69961547851563,45.55241775512695,-0.09767737984657288,-1.0764346747293985e-8,0.9952181577682495,6.9627601462229908e-9,1,1.1499439622753016e-8,-0.9952181577682495,8.052700728455875e-9,-0.09767737984657288],8,0.5526413917541504],[[771.6506958007813,222.69961547851563,45.571964263916019,-0.09767761081457138,4.0016279179155848e-9,0.9952180981636047,2.124077269627378e-8,1,-1.9361381387028588e-9,-0.9952180981636047,2.0950084334003806e-8,-0.09767761081457138],8,0.5629434585571289],[[771.5180053710938,222.69961547851563,45.58498764038086,-0.09767761081457138,1.3840350199245677e-8,0.9952180981636047,3.0754364388485558e-8,1,-1.0888404844422439e-8,-0.9952180981636047,2.9543745228011177e-8,-0.09767761081457138],8,0.5734837055206299],[[771.3853149414063,222.69961547851563,45.5980110168457,-0.09767761081457138,2.367486828802612e-8,0.9952180981636047,4.0263888223535108e-8,1,-1.9836845055465348e-8,-0.9952180981636047,3.8133734392431509e-8,-0.09767761081457138],8,0.5799918174743652],[[771.186279296875,222.69961547851563,45.61754608154297,-0.09767713397741318,3.841874374188592e-8,0.9952181577682495,5.4520548076197886e-8,1,-3.3252341324896409e-8,-0.9952181577682495,5.101184541445036e-8,-0.09767713397741318],8,0.5922901630401611],[[771.0535888671875,222.69961547851563,45.63056945800781,-0.09767784923315048,4.8242792871633358e-8,0.9952180981636047,6.401991470283974e-8,1,-4.219122118342966e-8,-0.9952180981636047,5.959262949772892e-8,-0.09767784923315048],8,0.6031863689422607],[[770.8545532226563,223.3587188720703,45.65010452270508,-0.09767796844244003,6.297095467289182e-8,0.9952180981636047,7.826135828281622e-8,1,-5.559238047680992e-8,-0.9952180981636047,7.245697020152875e-8,-0.09767796844244003],3,0.6190891265869141],[[770.655517578125,223.99057006835938,45.669639587402347,-0.09441796690225601,7.743620500377802e-8,0.9955326318740845,9.24609722119385e-8,1,-6.901453986074557e-8,-0.9955326318740845,8.553170260938714e-8,-0.09441796690225601],5,0.6384201049804688],[[770.39013671875,224.78533935546876,45.69489288330078,-0.09431521594524384,9.702806380573748e-8,0.9955424070358276,1.1136697963820552e-7,1,-8.691188213560963e-8,-0.9955424070358276,1.0267343242276184e-7,-0.09431521594524384],5,0.6511678695678711],[[770.1911010742188,225.34564208984376,45.7137336730957,-0.0942121371626854,1.1171314895364049e-7,0.995552122592926,1.2552911243801646e-7,1,-1.0033304675971522e-7,-0.995552122592926,1.1551819056876411e-7,-0.0942121371626854],5,0.6569223403930664],[[770.0584106445313,225.70216369628907,45.72629165649414,-0.09420223534107208,1.2150451311754296e-7,0.9955530762672424,1.3496487838438043e-7,1,-1.0927647053904366e-7,-0.9955530762672424,1.2407060978603114e-7,-0.09420223534107208],5,0.6648595333099365],[[769.9257202148438,226.0450439453125,45.73884963989258,-0.09420053660869599,1.0612111367436228e-7,0.9955532550811768,1.1703691171760511e-7,1,-9.552093160891673e-8,-0.9955532550811768,1.0751835333167037e-7,-0.09420053660869599],5,0.6738705635070801],[[769.7930297851563,226.3743133544922,45.751407623291019,-0.09420087933540344,9.07445851794364e-8,0.995553195476532,9.911655496352978e-8,1,-8.17713399214881e-8,-0.995553195476532,9.09728683495814e-8,-0.09420087933540344],5,0.6824493408203125],[[769.6603393554688,226.68994140625,45.76396560668945,-0.09420070052146912,7.537460078310687e-8,0.9955532550811768,8.120384364929123e-8,1,-6.80276457387663e-8,-0.9955532550811768,7.44344959002774e-8,-0.09420070052146912],5,0.6918010711669922],[[769.5276489257813,226.99195861816407,45.77652359008789,-0.09419967234134674,6.001111785280955e-8,0.9955533146858215,6.329879198574418e-8,1,-5.428980287547347e-8,-0.9955533146858215,5.790324308918571e-8,-0.09419967234134674],5,0.7016327381134033],[[769.3949584960938,227.28033447265626,45.78908157348633,-0.09420040249824524,4.465432112965573e-8,0.9955532550811768,4.54013857620339e-8,1,-4.055784330603274e-8,-0.9955532550811768,4.1378932280622396e-8,-0.09420040249824524],5,0.7096953392028809],[[769.1959228515625,227.68736267089845,45.807918548583987,-0.09420040249824524,2.1631365143548466e-8,0.9955532550811768,1.8569608073448763e-8,1,-1.9970904929778045e-8,-0.9955532550811768,1.6605767427790853e-8,-0.09420040249824524],5,0.7207376956939697],[[768.9968872070313,228.06373596191407,45.82675552368164,-0.09420040249824524,-1.3768419737658633e-9,0.9955532550811768,-8.244975369109398e-9,1,6.028426646764729e-10,-0.9955532550811768,-8.15152390032381e-9,-0.09420040249824524],5,0.7317636013031006],[[768.8641967773438,228.29762268066407,45.83931350708008,-0.09419970959424973,-1.670745142234864e-8,0.9955533146858215,-2.6111807827078338e-8,1,1.4311364537888949e-8,-0.9955533146858215,-2.4647571095215427e-8,-0.09419970959424973],5,0.7443399429321289],[[768.5988159179688,228.72451782226563,45.86442947387695,-0.09420021623373032,-4.734905090231223e-8,0.9955532550811768,-6.182259681963842e-8,1,4.1710826792495939e-8,-0.9955532550811768,-5.76185179568256e-8,-0.09420021623373032],5,0.7560031414031982],[[768.4661254882813,228.9175262451172,45.87698745727539,-0.09252335131168366,-6.255933016063864e-8,0.9957104921340942,-7.964580106545327e-8,1,5.5427992862178146e-8,-0.9957104921340942,-7.417577307933243e-8,-0.09252335131168366],5,0.7663254737854004],[[768.2005004882813,229.26266479492188,45.90170669555664,-0.0909290462732315,-9.302772951969018e-8,0.9958573579788208,-1.152290423078739e-7,1,8.289346453693725e-8,-0.9958573579788208,-1.0721426946247448e-7,-0.0909290462732315],5,0.783038854598999],[[768.0012817382813,229.4857635498047,45.919918060302737,-0.09078431129455567,-9.209652063191243e-8,0.9958705902099609,-1.1293708723769669e-7,1,8.218297153916865e-8,-0.9958705902099609,-1.0500980351935141e-7,-0.09078431129455567],5,0.7936017513275147],[[767.8684692382813,229.61746215820313,45.9320182800293,-0.08905429393053055,-8.335435808248804e-8,0.9960267543792725,-1.017775801415155e-7,1,7.458697837137152e-8,-0.9960267543792725,-9.473090045730714e-8,-0.08905429393053055],5,0.8035221099853516],[[767.6692504882813,229.78945922851563,45.94988250732422,-0.0890292376279831,-7.052634742876762e-8,0.9960290193557739,-8.504264314979082e-8,1,6.320605194787277e-8,-0.9960290193557739,-7.907775767534986e-8,-0.0890292376279831],5,0.8133053779602051],[[767.6028442382813,229.83998107910157,45.95581817626953,-0.0889873132109642,-6.62507275706048e-8,0.9960327744483948,-7.94660621750154e-8,1,5.9414972497506827e-8,-0.9960327744483948,-7.386362455008566e-8,-0.0889873132109642],5,0.8207054138183594],[[767.4036254882813,229.97109985351563,45.97361373901367,-0.08898754417896271,-5.344011100305579e-8,0.99603271484375,-6.274291308727698e-8,1,4.804739006658565e-8,-0.99603271484375,-5.821837945063635e-8,-0.08898754417896271],5,0.8296053409576416],[[767.2708129882813,230.04148864746095,45.985477447509769,-0.08898309618234635,-4.490420479896784e-8,0.9960331320762634,-5.159997940040739e-8,1,4.0473231877058427e-8,-0.9960331320762634,-4.779385420761173e-8,-0.08898309618234635],5,0.8402857780456543],[[767.1380004882813,230.09825134277345,45.99734115600586,-0.08898290246725083,-3.6372235001636e-8,0.9960331320762634,-4.046177437544429e-8,1,3.2902349289543056e-8,-0.9960331320762634,-3.7373521166728099e-8,-0.08898290246725083],5,0.8510608673095703],[[767.0051879882813,230.14138793945313,46.00920486450195,-0.08898194879293442,-2.7843894301327056e-8,0.996033251285553,-2.9328329986810787e-8,1,2.533469967147539e-8,-0.996033251285553,-2.6957660992366074e-8,-0.08898194879293442],5,0.8664188385009766],[[766.7395629882813,230.18678283691407,46.03293228149414,-0.08898235112428665,-1.0798231642183964e-8,0.9960331916809082,-7.075692476377071e-9,1,1.0209117107251587e-8,-0.9960331916809082,-6.13919359793158e-9,-0.08898235112428665],5,0.8730535507202148],[[766.6067504882813,230.1890411376953,46.044795989990237,-0.08898257464170456,-2.280858613090686e-9,0.9960331916809082,4.0434993131555078e-9,1,2.651176389534271e-9,-0.9960331916809082,4.2633678809522738e-9,-0.08898257464170456],5,0.8811659812927246],[[766.4739379882813,230.17767333984376,46.05665969848633,-0.0889819785952568,6.232874660838661e-9,0.996033251285553,1.515793712769664e-8,1,-4.903542905054792e-9,-0.996033251285553,1.4661481806399479e-8,-0.0889819785952568],5,0.8899726867675781],[[766.3411254882813,230.15269470214845,46.06852340698242,-0.08898221701383591,1.4742976617299064e-8,0.9960331916809082,2.6267628072673689e-8,1,-1.24550316726868e-8,-0.9960331916809082,2.5055154395658975e-8,-0.08898221701383591],5,0.9034185409545898],[[766.1419067382813,230.08966064453126,46.08631896972656,-0.08898244053125382,2.750131500306452e-8,0.9960331916809082,4.292326849508754e-8,1,-2.377621299842758e-8,-0.9960331916809082,4.06373352745959e-8,-0.08898244053125382],5,0.921316385269165],[[765.8762817382813,229.9579315185547,46.11004638671875,-0.0889819785952568,4.449968571407226e-8,0.996033251285553,6.511418604304709e-8,1,-3.885984511953211e-8,-0.996033251285553,6.139806885130383e-8,-0.0889819785952568],5,0.9279971122741699],[[765.7434692382813,229.8716278076172,46.121910095214847,-0.088981993496418,5.299343541764756e-8,0.996033251285553,7.620253938966926e-8,1,-4.639682771312437e-8,-0.996033251285553,7.177177963058057e-8,-0.088981993496418],5,0.9368758201599121],[[765.6106567382813,229.77169799804688,46.13377380371094,-0.0889820083975792,6.148355424784313e-8,0.996033251285553,8.72861534162439e-8,1,-5.393059154812363e-8,-0.996033251285553,8.214105662318616e-8,-0.0889820083975792],5,0.9457566738128662],[[765.4114379882813,229.5962677001953,46.15156936645508,-0.08735185116529465,7.406850244251473e-8,0.9961774945259094,1.0388968973984447e-7,1,-6.524293638676682e-8,-0.9961774945259094,9.779348175698033e-8,-0.08735185116529465],5,0.9600708484649658],[[765.1458129882813,229.31466674804688,46.17490005493164,-0.08571948111057282,9.084562435646149e-8,0.9963192939758301,1.2599102205967939e-7,1,-8.034145082547184e-8,-0.9963192939758301,1.1864045745824115e-7,-0.08571948111057282],5,0.9784588813781738],[[764.8801879882813,228.9785614013672,46.19777297973633,-0.0776686742901802,9.60634238822422e-8,0.9969792366027832,1.333458783392416e-7,1,-8.596631317914216e-8,-0.9969792366027832,1.2626618683952985e-7,-0.0776686742901802],5,0.9905364513397217],[[764.6143188476563,228.58795166015626,46.21859359741211,-0.07237755507230759,6.959530907124645e-8,0.9973772764205933,9.687453683682179e-8,1,-6.274833452835083e-8,-0.9973772764205933,9.207889206663822e-8,-0.07237755507230759],5,1.010711431503296],[[764.4149169921875,228.2592315673828,46.23311233520508,-0.06034119799733162,4.9131436696825406e-8,0.9981778264045715,6.97727386977931e-8,1,-4.500326866718751e-8,-0.9981778264045715,6.69300490585556e-8,-0.06034119799733162],5,1.0202114582061768],[[764.21533203125,227.8998565673828,46.24545669555664,-0.0499674454331398,2.9114435307064924e-8,0.9987508654594421,4.2874329864162067e-8,1,-2.7005848224348484e-8,-0.9987508654594421,4.1471363232403749e-8,-0.0499674454331398],5,1.031057596206665],[[764.0821533203125,227.64324951171876,46.25236129760742,-0.0425010621547699,1.5953807164237334e-8,0.9990963935852051,2.503250584595662e-8,1,-1.4903365652685353e-8,-0.9990963935852051,2.4376477725240876e-8,-0.0425010621547699],5,1.0433504581451417],[[763.948974609375,227.3730010986328,46.25824737548828,-0.030397193506360055,2.8190962897411966e-9,0.9995378851890564,7.3462431693371858e-9,1,-2.5969910666390207e-9,-0.9995378851890564,7.2639072534741448e-9,-0.030397193506360055],5,1.0504555702209473],[[763.815673828125,227.08914184570313,46.26266860961914,-0.030040627345442773,-1.0002718653367993e-8,0.9995486736297607,-1.0332658284539776e-8,1,9.696695890681895e-9,-0.9995486736297607,-1.0036700359705719e-8,-0.030040627345442773],5,1.0571904182434083],[[763.682373046875,226.79164123535157,46.26669692993164,-0.01971888355910778,-2.2705618718532606e-8,0.9998055696487427,-2.7878465758135463e-8,1,2.2160195456422117e-8,-0.9998055696487427,-2.7436071192710189e-8,-0.01971888355910778],5,1.0663726329803467],[[763.482421875,226.3198699951172,46.27094650268555,-0.014623157680034638,-4.175756274094056e-8,0.999893069267273,-5.408655212590929e-8,1,4.0971027459590917e-8,-0.999893069267273,-5.348164222596097e-8,-0.014623157680034638],5,1.0767712593078614],[[763.34912109375,225.98831176757813,46.273014068603519,-0.010801185853779316,-5.4336943833277476e-8,0.9999416470527649,-7.15002030915457e-8,1,5.3567781321817168e-8,-0.9999416470527649,-7.091743725595734e-8,-0.010801185853779316],5,1.086301326751709],[[763.2158203125,225.6431427001953,46.27456283569336,-0.007260806858539581,-6.686278908318855e-8,0.9999736547470093,-8.886050295586756e-8,1,6.621933579253892e-8,-0.9999736547470093,-8.837735521183277e-8,-0.007260806858539581],5,1.0974788665771485],[[763.015869140625,225.09982299804688,46.27611541748047,-0.005506613757461309,-8.586942357169392e-8,0.999984860420227,-1.1484605266787185e-7,1,8.523830530293708e-8,-0.999984860420227,-1.1437493441235347e-7,-0.005506613757461309],5,1.1100451946258546],[[762.882568359375,224.7205810546875,46.276885986328128,-0.0053225415758788589,-8.795384331961032e-8,0.9999858140945435,-1.1782626074818836e-7,1,8.732794753996132e-8,-0.9999858140945435,-1.1735978944216186e-7,-0.0053225415758788589],5,1.1183850765228272],[[762.6826171875,224.1261749267578,46.277950286865237,-0.0052838935516774658,-7.511453503639132e-8,0.9999860525131226,-1.0080793089173312e-7,1,7.458292117235033e-8,-0.9999860525131226,-1.0041243569958169e-7,-0.0052838935516774658],5,1.1304097175598145],[[762.54931640625,223.71287536621095,46.27865219116211,-0.005260820966213942,-6.656193818344036e-8,0.9999861717224121,-8.94674556661812e-8,1,6.609218416997465e-8,-0.9999861717224121,-8.911851523407677e-8,-0.005260820966213942],5,1.1368322372436524],[[762.416015625,223.60543823242188,46.279354095458987,-0.0052580502815544609,-5.801537739102969e-8,0.9999861717224121,-7.81316344955485e-8,1,5.760535515264564e-8,-0.9999861717224121,-7.782766431319033e-8,-0.0052580502815544609],7,1.1473674774169922],[[762.2933349609375,223.49710083007813,46.279998779296878,-0.005257009994238615,-4.520282104181206e-8,0.9999861717224121,-6.113689465792049e-8,1,4.488204297103948e-8,-0.9999861717224121,-6.090009918580108e-8,-0.005257009994238615],7,1.1595616340637208],[[762.2695922851563,223.30496215820313,46.28012466430664,-0.00525702815502882,-2.8132348006693065e-8,0.9999861717224121,-3.84941429842911e-8,1,2.7930369128625899e-8,-0.9999861717224121,-3.8346779973608139e-8,-0.00525702815502882],7,1.1811020374298096],[[762.1376342773438,223.05831909179688,46.280818939208987,-0.005256448406726122,-1.1076441097657153e-8,0.9999861717224121,-1.5870750047497496e-8,1,1.0993169041739748e-8,-0.9999861717224121,-1.581274489126372e-8,-0.005256448406726122],8,1.198350191116333],[[761.9284057617188,223.9314422607422,46.281917572021487,-0.00525645399466157,5.9648748162999258e-9,0.9999861717224121,6.7333156827942279e-9,1,-5.9295635068679079e-9,-0.9999861717224121,6.702054466956042e-9,-0.00525645399466157],3,1.2152135372161866],[[761.6943359375,224.7534637451172,46.283145904541019,-0.0020848633721470834,2.2968539070689077e-8,0.9999978542327881,2.9264533907280567e-8,1,-2.29075762803177e-8,-0.9999978542327881,2.9216710828450233e-8,-0.0020848633721470834],5,1.2233006954193116],[[761.497314453125,225.33421325683595,46.28363800048828,0.001395773608237505,3.5618406002413397e-8,0.9999990463256836,4.610895132373116e-8,1,-3.568279893784165e-8,-0.9999990463256836,4.615871063151644e-8,0.001395773608237505],5,1.2455930709838868],[[761.2307739257813,226.0608673095703,46.283321380615237,0.006346705369651318,5.2364480751521117e-8,0.9999798536300659,6.847310629609638e-8,1,-5.280012516095667e-8,-0.9999798536300659,6.880683400822818e-8,0.006346705369651318],5,1.2540268898010255],[[761.0308227539063,226.57008361816407,46.282127380371097,0.010056714527308941,6.482535752638796e-8,0.9999494552612305,8.518586014361063e-8,1,-6.568537003204256e-8,-0.9999494552612305,8.584213162521337e-8,0.010056714527308941],5,1.2642717361450196],[[760.8975219726563,226.8925323486328,46.280860900878909,0.012029941193759442,7.313268213238189e-8,0.9999276399612427,9.630046804431913e-8,1,-7.429654402812958e-8,-0.9999276399612427,9.71872822219666e-8,0.012029941193759442],5,1.273667335510254],[[760.6309204101563,227.49655151367188,46.27769470214844,0.012108538299798966,9.008933687937315e-8,0.9999266862869263,1.1849611070147148e-7,1,-9.153085755997381e-8,-0.9999266862869263,1.1959572532305175e-7,0.012108538299798966],5,1.2881996631622315],[[760.5642700195313,227.6390380859375,46.27688217163086,0.012204254046082497,9.431850855889934e-8,0.9999255537986755,1.2404017013523117e-7,1,-9.583946081193062e-8,-0.9999255537986755,1.252005716878557e-7,0.012204254046082497],5,1.2937560081481934],[[760.4309692382813,227.91380310058595,46.2752571105957,0.012204434722661972,1.0279769213639156e-7,0.9999254941940308,1.351241536440284e-7,1,-1.0445458542562847e-7,-0.9999254941940308,1.3638890550282668e-7,0.012204434722661972],5,1.3025405406951905],[[760.2976684570313,228.1749267578125,46.27363204956055,0.01220772322267294,8.989591293584454e-8,0.9999254941940308,1.1812937117383626e-7,1,-9.134480905004239e-8,-0.9999254941940308,1.1923567910798739e-7,0.01220772322267294],5,1.3120408058166505],[[760.1643676757813,228.4224395751953,46.27200698852539,0.012208581902086735,7.700015913769676e-8,0.9999254941940308,1.0114173676356586e-7,1,-7.82407809651886e-8,-0.9999254941940308,1.0208940892653118e-7,0.012208581902086735],5,1.3189289569854737],[[760.0310668945313,228.6563262939453,46.270381927490237,0.012209344655275345,6.410998310002469e-8,0.999925434589386,8.41613356783455e-8,1,-6.514239458965676e-8,-0.999925434589386,8.49504075972618e-8,0.012209344655275345],5,1.3291778564453126],[[759.8311157226563,228.9816131591797,46.2679443359375,0.012209168635308743,4.4785206654296419e-8,0.9999254941940308,5.870431252219532e-8,1,-4.550533105884824e-8,-0.9999254941940308,5.92555196021749e-8,0.012209168635308743],5,1.3403432369232178],[[759.6978149414063,229.18142700195313,46.266319274902347,0.012209407985210419,3.190887909454432e-8,0.999925434589386,4.1742023171309486e-8,1,-3.242094237521087e-8,-0.999925434589386,4.213475079950513e-8,0.012209407985210419],5,1.3481788635253907],[[759.5645141601563,229.3676300048828,46.26469421386719,0.012209529057145119,1.9038067122778558e-8,0.999925434589386,2.4786981356328398e-8,1,-1.934214566290393e-8,-0.999925434589386,2.5021291705229488e-8,0.012209529057145119],5,1.3574111461639405],[[759.4312133789063,229.54019165039063,46.26306915283203,0.012209645472466946,6.172756972233628e-9,0.999925434589386,7.839183524538385e-9,1,-6.268937813302955e-9,-0.999925434589386,7.915141431169559e-9,0.012209645472466946],5,1.3664748668670655],[[759.2312622070313,229.7735137939453,46.2606315612793,0.012209747917950154,-1.3114894947818812e-8,0.999925434589386,-1.756893475146626e-8,1,1.333040078321801e-8,-0.999925434589386,-1.7730386048242509e-8,0.012209747917950154],5,1.3799185752868653],[[758.9646606445313,230.0369110107422,46.257381439208987,0.00903771910816431,-3.8873839258712908e-8,0.9999591708183289,-5.150208792770172e-8,1,3.934090742063745e-8,-0.9999591708183289,-5.185553675346455e-8,0.00903771910816431],5,1.3933770656585694],[[758.8980102539063,230.09423828125,46.2567138671875,0.008776245638728142,-4.531112907102397e-8,0.9999614953994751,-5.998226271231033e-8,1,4.583931456636492e-8,-0.9999614953994751,-6.038224853455177e-8,0.008776245638728142],5,1.40971040725708],[[758.5647583007813,230.32980346679688,46.253753662109378,0.005731456447392702,-7.760663578437743e-8,0.999983549118042,-1.0244946935245025e-7,1,7.819510017270659e-8,-0.999983549118042,-1.0289596019674718e-7,0.005731456447392702],5,1.4170715808868409],[[758.4981079101563,230.36669921875,46.253318786621097,0.0018439185805618764,-8.442961529908644e-8,0.9999982714653015,-1.1095981733433291e-7,1,8.463436529382307e-8,-0.9999982714653015,-1.111156890942766e-7,0.0018439185805618764],5,1.4239039421081544],[[758.3648071289063,230.43028259277345,46.25292205810547,0.00015101041935849935,-8.688131458711723e-8,1,-1.1407670541530024e-7,1,8.689853814303206e-8,-1,-1.1408982913962973e-7,0.00015101041935849935],5,1.43318510055542],[[758.1648559570313,230.50009155273438,46.252830505371097,-0.0032051336020231249,-7.480821295757778e-8,0.9999948740005493,-9.782053922435807e-8,1,7.449506256307359e-8,-0.9999948740005493,-9.758127106351822e-8,-0.0032051336020231249],5,1.4438035488128663],[[758.0315551757813,230.52960205078126,46.253173828125,-0.006778089329600334,-6.68563444605752e-8,0.9999770522117615,-8.695866426933208e-8,1,6.626845561186201e-8,-0.9999770522117615,-8.650749805383384e-8,-0.006778089329600334],5,1.4538147449493409],[[757.8982543945313,230.5454864501953,46.253971099853519,-0.008582912385463715,-5.8708685912733929e-8,0.9999631643295288,-7.609109786699264e-8,1,5.8057739948935708e-8,-0.9999631643295288,-7.558999470802519e-8,-0.008582912385463715],5,1.4632220268249512],[[757.6983032226563,230.54376220703126,46.25563430786133,-0.010301672853529454,-4.6383064500332696e-8,0.9999469518661499,-5.978099437697893e-8,1,4.576964940383732e-8,-0.9999469518661499,-5.930631985506807e-8,-0.010301672853529454],5,1.473496913909912],[[757.5650024414063,230.5255889892578,46.2569694519043,-0.013808298856019974,-3.82927396458399e-8,0.9999046325683594,-4.8882878189715487e-8,1,3.7621337156679149e-8,-0.9999046325683594,-4.835873212982733e-8,-0.013808298856019974],5,1.4839375019073487],[[757.4317016601563,230.49378967285157,46.258705139160159,-0.013900441117584706,-2.999647463752808e-8,0.9999033808708191,-3.7992759160943027e-8,1,2.9471205920117428e-8,-0.9999033808708191,-3.757942579341034e-8,-0.013900441117584706],5,1.4913537502288819],[[757.2317504882813,230.42054748535157,46.26148223876953,-0.013953473418951035,-1.754899692230083e-8,0.9999026656150818,-2.1669102068244684e-8,1,1.724831655280923e-8,-0.9999026656150818,-2.1426318497219655e-8,-0.013953473418951035],5,1.5015134811401368],[[757.0984497070313,230.35467529296876,46.263343811035159,-0.017352715134620668,-9.328485539583653e-9,0.9998494386672974,-1.0762887470150418e-8,1,9.143096946218066e-9,-0.9998494386672974,-1.0602609457066592e-8,-0.017352715134620668],5,1.5108544826507569],[[756.9133911132813,230.23033142089845,46.26593017578125,-0.01739553175866604,3.107345714070675e-9,0.9998486638069153,5.586747953145732e-9,1,-3.0106168669163937e-9,-0.9998486638069153,5.53353096677256e-9,-0.01739553175866604],5,1.5244450569152833],[[756.8024291992188,230.13040161132813,46.26748275756836,-0.019215742126107217,1.140450134329285e-8,0.9998153448104858,1.6495071974986787e-8,1,-1.1089583473733456e-8,-0.9998153448104858,1.627893198019592e-8,-0.019215742126107217],5,1.5453712940216065],[[756.5684814453125,229.82098388671876,46.27075958251953,-0.01922321319580078,3.2106740377457757e-8,0.9998152256011963,4.374583539856758e-8,1,-3.127158265670005e-8,-0.9998152256011963,4.313661250421319e-8,-0.01922321319580078],5,1.559619665145874],[[756.4578857421875,229.59445190429688,46.27230453491211,-0.019229721277952195,4.45176269181502e-8,0.9998151063919067,6.008245634347986e-8,1,-4.337027803558158e-8,-0.9998151063919067,5.9237347471707838e-8,-0.019229721277952195],5,1.565108299255371],[[756.4259643554688,229.5121307373047,46.27275085449219,-0.019230155274271966,4.865275116117118e-8,0.9998151063919067,6.552567555218048e-8,1,-4.740144632364718e-8,-0.9998151063919067,6.460201973368385e-8,-0.019230155274271966],5,1.5709962844848633],[[756.36962890625,229.33726501464845,46.27354049682617,-0.01923011615872383,5.69202924793899e-8,0.9998151063919067,7.640861809932176e-8,1,-5.546120007693389e-8,-0.9998151063919067,7.532796786335894e-8,-0.01923011615872383],5,1.5787136554718018],[[756.3037109375,229.04942321777345,46.27446365356445,-0.01923021674156189,6.931498575113437e-8,0.9998151063919067,9.272432066609326e-8,1,-6.754437009703907e-8,-0.9998151063919067,9.140828183262784e-8,-0.01923021674156189],5,1.5884852409362794],[[756.2866821289063,228.9466552734375,46.27470016479492,-0.01923021487891674,7.344478802906451e-8,0.9998151063919067,9.816056234512871e-8,1,-7.157036918670201e-8,-0.9998151063919067,9.676610090991744e-8,-0.01923021487891674],5,1.5960724353790284],[[756.2505493164063,228.61793518066407,46.275203704833987,-0.019230211153626443,8.58288871086188e-8,0.9998151063919067,1.144623240634246e-7,1,-8.364321502085659e-8,-0.9998151063919067,1.128326800881041e-7,-0.019230211153626443],5,1.606689214706421],[[756.2388916015625,228.3817596435547,46.275367736816409,-0.019230211153626443,9.408054069126593e-8,0.9998151063919067,1.2532436244327983e-7,1,-9.168748249521741e-8,-0.9998151063919067,1.2353801537301479e-7,-0.019230211153626443],5,1.6166062355041505],[[756.2355346679688,227.8685302734375,46.275413513183597,-0.019230211153626443,8.937378481732594e-8,0.9998151063919067,1.1887141937449997e-7,1,-8.710397025879502e-8,-0.9998151063919067,1.171744159478294e-7,-0.019230211153626443],5,1.6312973499298096],[[756.2354736328125,227.44784545898438,46.275413513183597,-0.020976511761546136,7.01563749316847e-8,0.9997799396514893,9.288678626262481e-8,1,-6.822294551511732e-8,-0.9997799396514893,9.1435268245732e-8,-0.020976511761546136],5,1.6443469524383546],[[756.2354736328125,226.99649047851563,46.275413513183597,-0.022722870111465455,5.090650390116025e-8,0.999741792678833,6.688589593295547e-8,1,-4.9399417889617328e-8,-0.999741792678833,6.57461285413774e-8,-0.022722870111465455],5,1.655073642730713],[[756.2354736328125,226.51449584960938,46.275413513183597,-0.024469157680869104,3.162423212188514e-8,0.9997006058692932,4.086885496690229e-8,1,-3.0633376724154007e-8,-0.9997006058692932,4.01070465727571e-8,-0.024469157680869104],5,1.6670894622802735],[[756.2354736328125,226.17613220214845,46.275413513183597,-0.026215489953756334,1.8769792831108135e-8,0.9996563196182251,2.351160865998736e-8,1,-1.815966577112249e-8,-0.9996563196182251,2.302746437976566e-8,-0.026215489953756334],5,1.6786518096923829],[[756.2354736328125,225.8241424560547,46.275413513183597,-0.02970742993056774,5.931187985197539e-9,0.9995586276054382,6.118328510495985e-9,1,-5.751966902778349e-9,-0.9995586276054382,5.944752246023199e-9,-0.02970742993056774],5,1.687462329864502],[[756.2354736328125,225.45852661132813,46.275413513183597,-0.03145338594913483,-6.9718470996349428e-9,0.9995052218437195,-1.1289155388283234e-8,1,6.6200405157701429e-9,-0.9995052218437195,-1.1075346861844082e-8,-0.03145338594913483],5,1.6978518962860108],[[756.2354736328125,225.07928466796876,46.275413513183597,-0.03145338594913483,-1.9879742296780024e-8,0.9995052218437195,-2.8689200348708256e-8,1,1.8986762384543e-8,-0.9995052218437195,-2.8077808522652959e-8,-0.03145338594913483],5,1.7045142650604249],[[756.2354736328125,224.48487854003907,46.275413513183597,-0.03145338594913483,-3.9231249360227596e-8,0.9995052218437195,-5.477532738495938e-8,1,3.7526945106947099e-8,-0.9995052218437195,-5.356787724508649e-8,-0.03145338594913483],5,1.714571237564087],[[756.2354736328125,224.0715789794922,46.275413513183597,-0.03145338594913483,-5.2125365357369449e-8,0.9995052218437195,-7.215679431737954e-8,1,4.988046953258163e-8,-0.9995052218437195,-7.055218276263986e-8,-0.03145338594913483],5,1.7219383716583253],[[756.2354736328125,223.6446533203125,46.275413513183597,-0.03145338594913483,-6.501397820102284e-8,0.9995052218437195,-8.953082897278364e-8,1,6.222871462568946e-8,-0.9995052218437195,-8.752923008614744e-8,-0.03145338594913483],5,1.731475830078125],[[756.2354736328125,223.2041015625,46.275413513183597,-0.03145338594913483,-6.725075252234092e-8,0.9995052218437195,-9.229980690861339e-8,1,6.437946353798907e-8,-0.9995052218437195,-9.022918590062545e-8,-0.03145338594913483],7,1.7397949695587159],[[756.2354736328125,222.51773071289063,46.275413513183597,-0.03145374357700348,-5.4639784252685789e-8,0.9995052218437195,-7.456161199570488e-8,1,5.232043065461767e-8,-0.9995052218437195,-7.287904679742496e-8,-0.03145374357700348],7,1.7560875415802003],[[756.2354736328125,222.36050415039063,46.275413513183597,-0.03145374357700348,-3.783768320886338e-8,0.9995052218437195,-5.092836730113959e-8,1,3.625373423687961e-8,-0.9995052218437195,-4.976285339353126e-8,-0.03145374357700348],7,1.7758986949920655],[[755.9812622070313,222.53009033203126,46.283409118652347,-0.033199962228536609,-1.274834282583015e-8,0.9994487166404724,-1.5474343584287454e-8,1,1.2241343938512728e-8,-0.9994487166404724,-1.505940083745827e-8,-0.033199962228536609],8,1.794285774230957],[[755.8522338867188,222.96835327148438,46.28746795654297,-0.033199962228536609,-4.363441163945936e-9,0.9994487166404724,-3.6664344893466706e-9,1,4.244055329394314e-9,-0.9994487166404724,-3.5235108164499708e-9,-0.033199962228536609],3,1.811110258102417],[[755.6535034179688,223.60020446777345,46.294002532958987,-0.033199962228536609,8.207191370956935e-9,0.9994487166404724,1.403596883164937e-8,1,-7.745467378583726e-9,-0.9994487166404724,1.3771082052471684e-8,-0.033199962228536609],5,1.816223382949829],[[755.5203247070313,224.00439453125,46.298423767089847,-0.033199962228536609,1.6583134865300054e-8,0.9994487166404724,2.5831267791431857e-8,1,-1.5734212155393835e-8,-0.9994487166404724,2.5294651706531114e-8,-0.033199962228536609],5,1.8237664699554444],[[755.3870239257813,224.3949737548828,46.30284881591797,-0.033199962228536609,2.495549900061178e-8,0.9994487166404724,3.762152545050412e-8,1,-2.3719541886180197e-8,-0.9994487166404724,3.6813297299431727e-8,-0.033199962228536609],5,1.8305442333221436],[[755.2537231445313,224.77191162109376,46.307273864746097,-0.033199962228536609,3.3324283776892119e-8,0.9994487166404724,4.940674358522301e-8,1,-3.170145745912123e-8,-0.9994487166404724,4.832702060753036e-8,-0.033199962228536609],5,1.8408396244049073],[[755.1204223632813,225.13523864746095,46.31169891357422,-0.033199962228536609,4.168949274685474e-8,0.9994487166404724,6.118693107737272e-8,1,-3.9679964203287457e-8,-0.9994487166404724,5.983582695989753e-8,-0.033199962228536609],5,1.850043535232544],[[754.9871215820313,225.4849395751953,46.316123962402347,-0.029833313077688218,4.984189416745721e-8,0.9995548725128174,7.293979820133245e-8,1,-4.768708095070906e-8,-0.9995548725128174,7.148467062734199e-8,-0.029833313077688218],5,1.8595082759857178],[[754.7871704101563,225.98394775390626,46.32219696044922,-0.028157643973827363,6.224416893019225e-8,0.9996035099029541,9.053994176611013e-8,1,-5.971845951080468e-8,-0.9996035099029541,8.882251023578647e-8,-0.028157643973827363],5,1.869521141052246],[[754.5872192382813,226.45228576660157,46.327857971191409,-0.026394860818982126,7.460003104142743e-8,0.9996516108512878,1.081073079944872e-7,1,-7.177155936233248e-8,-0.9996516108512878,1.0617524281997248e-7,-0.02639486