[[[776,222.69961547851563,47,1,0,0,0,1,0,0,0,1],8,0.015217304229736328],[[776,222.69961547851563,47,1,0,0,0,1,0,0,0,1],8,0.03431129455566406],[[776,222.69961547851563,47,1,0,0,0,1,0,0,0,1],8,0.04506659507751465],[[776,222.69961547851563,47,1,0,0,0,1,0,0,0,1],8,0.0589599609375],[[776,222.69961547851563,47,1,0,0,0,1,0,0,0,1],8,0.0711812973022461],[[776,222.69961547851563,47,1,0,0,0,1,0,0,0,1],8,0.07811641693115235],[[776,222.69961547851563,47,1,0,0,0,1,0,0,0,1],8,0.08571648597717285],[[776,222.69961547851563,47,1,0,0,0,1,0,0,0,1],8,0.09401154518127442],[[776,222.69961547851563,47,1,0,0,0,1,0,0,0,1],8,0.10552430152893067],[[776,222.69961547851563,47,1,0,0,0,1,0,0,0,1],8,0.11644244194030762],[[776,222.69961547851563,47,1,0,0,0,1,0,0,0,1],8,0.12743854522705079],[[776,222.69961547851563,47,-0.01017451286315918,0,0.999948263168335,0,1,0,-0.999948263168335,0,-0.01017451286315918],8,0.14480185508728028],[[776,222.69961547851563,47,0.0318392775952816,0,0.9994930028915405,0,1,0,-0.9994930028915405,0,0.0318392775952816],8,0.16582274436950684],[[776,222.69961547851563,47,0.03872719407081604,0,0.9992498159408569,0,1,0,-0.9992498159408569,0,0.03872719407081604],8,0.17493271827697755],[[776,222.69961547851563,47,0.02941535972058773,0,0.9995672702789307,0,1,0,-0.9995672702789307,0,0.02941535972058773],8,0.18564176559448243],[[776,222.69961547851563,47,-0.0053536128252744679,0,0.9999856948852539,0,1,0,-0.9999856948852539,0,-0.0053536128252744679],8,0.19482207298278809],[[776,222.69961547851563,47,-0.02970830351114273,0,0.9995586276054382,0,1,0,-0.9995586276054382,0,-0.02970830351114273],8,0.20568180084228517],[[776,222.69961547851563,47,-0.06110461428761482,0,0.9981313943862915,0,1,0,-0.9981313943862915,0,-0.06110461428761482],8,0.21628594398498536],[[776,222.69961547851563,47,-0.149654820561409,0,0.9887382984161377,0,1,0,-0.9887382984161377,0,-0.149654820561409],8,0.22786211967468263],[[776,222.69961547851563,47,-0.20636636018753053,0,0.9784747958183289,0,1,0,-0.9784747958183289,0,-0.20636636018753053],8,0.24278593063354493],[[776,222.69961547851563,47,-0.3498159646987915,0,0.9368184208869934,0,1,0,-0.9368184208869934,0,-0.3498159646987915],8,0.25481510162353518],[[776,222.69961547851563,47,-0.42648017406463625,0,0.9044969081878662,0,1,0,-0.9044969081878662,0,-0.42648017406463625],8,0.2686605453491211],[[775.931396484375,222.69961547851563,46.85365295410156,-0.586713433265686,0,0.8097946047782898,0,1,0,-0.8097946047782898,0,-0.586713433265686],8,0.2832508087158203],[[775.8228149414063,222.69961547851563,46.69036865234375,-0.7144153714179993,0,0.6997218728065491,0,1,0,-0.6997218728065491,0,-0.7144153714179993],8,0.30408692359924319],[[775.6392822265625,222.69961547851563,46.49795150756836,-0.8516373634338379,0,0.5241314768791199,0,1,0,-0.5241314768791199,0,-0.8516373634338379],8,0.31530237197875979],[[775.4755859375,222.69961547851563,46.3843879699707,-0.8768758773803711,0,0.48071688413619997,0,1,0,-0.48071688413619997,0,-0.8768758773803711],8,0.33510899543762209],[[775.2437133789063,222.69961547851563,46.25294494628906,-0.9177626967430115,0,0.3971292972564697,0,1,0,-0.3971292972564697,0,-0.9177626967430115],8,0.3436896800994873],[[775.1229248046875,222.69961547851563,46.19689178466797,-0.9320651292800903,0,0.3622906804084778,0,1,0,-0.3622906804084778,0,-0.9320651292800903],8,0.35342979431152346],[[774.937255859375,222.69961547851563,46.12260818481445,-0.9524467587471008,0,0.3047049939632416,0,1,0,-0.3047049939632416,0,-0.9524467587471008],8,0.3626444339752197],[[774.8109741210938,222.69961547851563,46.07991027832031,-0.9600952863693237,0,0.2796730399131775,0,1,0,-0.2796730399131775,0,-0.9600952863693237],8,0.37330031394958498],[[774.619384765625,222.69961547851563,46.022705078125,-0.9666454195976257,0,0.25611844658851626,0,1,0,-0.25611844658851626,0,-0.9666454195976257],8,0.38576555252075198],[[774.4263305664063,222.69961547851563,45.970523834228519,-0.9790898561477661,0,0.2034282386302948,0,1,0,-0.2034282386302948,0,-0.9790898561477661],8,0.39551782608032229],[[774.2310180664063,222.69961547851563,45.927791595458987,-0.9846981763839722,0,0.17426839470863343,0,1,0,-0.17426839470863343,0,-0.9846981763839722],8,0.40706300735473635],[[773.9686889648438,222.69961547851563,45.88006591796875,-0.9961459636688232,0,0.08771072328090668,0,1,0,-0.08771072328090668,0,-0.9961459636688232],8,0.4251551628112793],[[773.8363037109375,222.69961547851563,45.86537551879883,-0.9981018900871277,0,0.061584293842315677,0,1,0,-0.061584293842315677,0,-0.9981018900871277],8,0.435438871383667],[[773.7033081054688,222.69961547851563,45.85584259033203,-0.9991732239723206,0,0.04065508767962456,0,1,0,-0.04065508767962456,0,-0.9991732239723206],8,0.4444544315338135],[[773.5035400390625,222.69961547851563,45.84671401977539,-0.9997308254241943,0,0.02320076897740364,0,1,0,-0.02320076897740364,0,-0.9997308254241943],8,0.45470476150512698],[[773.3702392578125,222.69961547851563,45.84297180175781,-0.9999397993087769,0,0.010972949676215649,0,1,0,-0.010972949676215649,0,-0.9999397993087769],8,0.4646918773651123],[[773.1702880859375,222.69961547851563,45.84021759033203,-0.9999974966049194,0,0.002241087146103382,0,1,0,-0.002241087146103382,0,-0.9999974966049194],8,0.4751927852630615],[[772.9703369140625,222.69961547851563,45.83940505981445,-0.9999501705169678,0,-0.009983244352042675,0,1,0,0.009983244352042675,0,-0.9999501705169678],8,0.48827171325683596],[[772.8370361328125,222.69961547851563,45.84029769897461,-0.9999091625213623,0,-0.013477979227900505,0,1,0,0.013477979227900505,0,-0.9999091625213623],8,0.4980125427246094],[[772.6370849609375,222.69961547851563,45.842796325683597,-0.9997533559799194,0,-0.022207926958799363,0,1,0,0.022207926958799363,0,-0.9997533559799194],8,0.5097413063049316],[[772.4371337890625,222.69961547851563,45.84689712524414,-0.9996232390403748,0,-0.027447223663330079,0,1,0,0.027447223663330079,0,-0.9996232390403748],8,0.5213217735290527],[[772.2371826171875,222.69961547851563,45.852169036865237,-0.9991421699523926,0,-0.04141158610582352,0,1,0,0.04141158610582352,0,-0.9991421699523926],8,0.5329482555389404],[[772.1039428710938,222.69961547851563,45.857200622558597,-0.9988284707069397,0,-0.048390429466962817,0,1,0,0.048390429466962817,0,-0.9988284707069397],8,0.5438458919525147],[[771.9041748046875,222.69961547851563,45.866539001464847,-0.9984663128852844,0,-0.05536310374736786,0,1,0,0.05536310374736786,0,-0.9984663128852844],8,0.5556342601776123],[[771.7044067382813,222.69961547851563,45.8773307800293,-0.9978311657905579,0,-0.06582538783550263,0,1,0,0.06582538783550263,0,-0.9978311657905579],8,0.5676271915435791],[[771.4382934570313,222.69961547851563,45.89445877075195,-0.9975948929786682,0,-0.06931404769420624,0,1,0,0.06931404769420624,0,-0.9975948929786682],8,0.5830967426300049],[[771.2387084960938,222.69961547851563,45.908180236816409,-0.9975951910018921,0,-0.0693092942237854,0,1,0,0.0693092942237854,0,-0.9975951910018921],8,0.5970728397369385],[[770.9725952148438,222.69961547851563,45.92665481567383,-0.9975955486297607,0,-0.06930430233478546,0,1,0,0.06930430233478546,0,-0.9975955486297607],8,0.6121542453765869],[[770.7730102539063,222.69961547851563,45.940513610839847,-0.997595489025116,0,-0.06930549442768097,0,1,0,0.06930549442768097,0,-0.997595489025116],8,0.626763105392456],[[770.5734252929688,222.69961547851563,45.95437240600586,-0.998055100440979,0,-0.06233784556388855,0,1,0,0.06233784556388855,0,-0.998055100440979],8,0.636528491973877],[[770.4403686523438,222.69961547851563,45.96292495727539,-0.9984665513038635,0,-0.05535811185836792,0,1,0,0.05535811185836792,0,-0.9984665513038635],8,0.6476025581359863],[[770.1742553710938,223.57273864746095,45.97981643676758,-0.9995740056037903,0,-0.029185086488723756,0,1,0,0.029185086488723756,0,-0.9995740056037903],3,0.6639707088470459],[[769.974365234375,224.19436645507813,45.9869499206543,-0.9968961477279663,0,0.07872816175222397,0,1,0,-0.07872816175222397,0,-0.9968961477279663],5,0.6876518726348877],[[769.64111328125,225.1622772216797,45.983421325683597,-0.9716177582740784,0,0.23655645549297334,0,1,0,-0.23655645549297334,0,-0.9716177582740784],5,0.6964406967163086],[[769.5081176757813,225.52560424804688,45.97519302368164,-0.9831634759902954,0,0.18272817134857179,0,1,0,-0.18272817134857179,0,-0.9831634759902954],5,0.7068905830383301],[[769.3093872070313,226.0450439453125,45.95351791381836,-0.9560226798057556,0,0.29329270124435427,0,1,0,-0.29329270124435427,0,-0.9560226798057556],5,0.7180492877960205],[[769.112548828125,226.53382873535157,45.91874694824219,-0.9422634840011597,0,0.33487242460250857,0,1,0,-0.33487242460250857,0,-0.9422634840011597],5,0.7287507057189941],[[768.9827270507813,226.8426513671875,45.88853454589844,-0.9381347894668579,0,0.34627023339271548,0,1,0,-0.34627023339271548,0,-0.9381347894668579],5,0.7403597831726074],[[768.7904052734375,227.28033447265626,45.83384704589844,-0.890430212020874,0,0.4551198482513428,0,1,0,-0.4551198482513428,0,-0.890430212020874],5,0.7524411678314209],[[768.6024780273438,227.68736267089845,45.765933990478519,-0.8705754280090332,0,0.4920349717140198,0,1,0,-0.4920349717140198,0,-0.8705754280090332],5,0.7633063793182373],[[768.418701171875,228.06373596191407,45.68711471557617,-0.8312015533447266,0,0.5559712052345276,0,1,0,-0.5559712052345276,0,-0.8312015533447266],5,0.7752687931060791],[[768.2994384765625,228.29762268066407,45.627750396728519,-0.8322398662567139,0,0.5544157028198242,0,1,0,-0.5544157028198242,0,-0.8322398662567139],5,0.7868473529815674],[[768.1251220703125,228.62290954589845,45.52975845336914,-0.7914236187934876,0,0.6112681031227112,0,1,0,-0.6112681031227112,0,-0.7914236187934876],5,0.7972006797790527],[[767.9546508789063,228.9175262451172,45.4251823425293,-0.791423499584198,0,0.6112682223320007,0,1,0,-0.6112682223320007,0,-0.791423499584198],5,0.8081526756286621],[[767.8414916992188,229.09690856933595,45.35467529296875,-0.8113458156585693,0,0.5845665335655212,0,1,0,-0.5845665335655212,0,-0.8113458156585693],5,0.8181765079498291],[[767.6717529296875,229.34043884277345,45.24883270263672,-0.7914235591888428,0,0.6112681031227112,0,1,0,-0.6112681031227112,0,-0.7914235591888428],5,0.8310198783874512],[[767.5020141601563,229.55331420898438,45.14298629760742,-0.791423499584198,0,0.6112682223320007,0,1,0,-0.6112682223320007,0,-0.791423499584198],5,0.8420343399047852],[[767.3888549804688,229.67820739746095,45.07242202758789,-0.8082703351974487,0,0.5888115763664246,0,1,0,-0.5888115763664246,0,-0.8082703351974487],5,0.8537633419036865],[[767.2196044921875,229.83998107910157,44.965850830078128,-0.7903537154197693,0,0.6126508116722107,0,1,0,-0.6126508116722107,0,-0.7903537154197693],5,0.8643829822540283],[[767.0501708984375,229.97109985351563,44.85960006713867,-0.8030232787132263,0,0.5959476828575134,0,1,0,-0.5959476828575134,0,-0.8030232787132263],5,0.8775229454040527],[[766.8217163085938,230.09825134277345,44.72213363647461,-0.7924137711524963,0,0.6099839806556702,0,1,0,-0.6099839806556702,0,-0.7924137711524963],5,0.8919250965118408],[[766.6487426757813,230.15785217285157,44.62174987792969,-0.8369808793067932,0,0.5472321510314941,0,1,0,-0.5472321510314941,0,-0.8369808793067932],5,0.9046058654785156],[[766.4720458984375,230.18678283691407,44.528076171875,-0.8644937872886658,0,0.5026435256004334,0,1,0,-0.5026435256004334,0,-0.8644937872886658],5,0.9211866855621338],[[766.0482177734375,230.1350860595703,44.33297348022461,-0.8347834348678589,0,0.5505784153938294,0,1,0,-0.5505784153938294,0,-0.8347834348678589],5,0.955737829208374],[[765.7992553710938,230.03060913085938,44.23773193359375,-0.9115659594535828,0,0.4111538231372833,0,1,0,-0.4111538231372833,0,-0.9115659594535828],5,0.9626123905181885],[[765.6722412109375,229.9579315185547,44.19743728637695,-0.9422977566719055,0,0.33477601408958437,0,1,0,-0.33477601408958437,0,-0.9422977566719055],5,0.9710342884063721],[[765.544189453125,229.8716278076172,44.16044998168945,-0.9474442601203919,0,0.3199208676815033,0,1,0,-0.3199208676815033,0,-0.9474442601203919],5,0.9828109741210938],[[765.3510131835938,229.7166290283203,44.108524322509769,-0.9416666030883789,0,0.33654722571372988,0,1,0,-0.33654722571372988,0,-0.9416666030883789],5,0.9925224781036377],[[765.1571044921875,229.53097534179688,44.059730529785159,-0.9468420147895813,0,0.32169899344444277,0,1,0,-0.32169899344444277,0,-0.9468420147895813],5,1.003880262374878],[[765.0272827148438,229.3901824951172,44.029090881347659,-0.9665783047676086,0,0.2563716173171997,0,1,0,-0.2563716173171997,0,-0.9665783047676086],5,1.0137767791748047],[[764.8312377929688,229.15342712402345,43.98942184448242,-0.9628672003746033,0,0.2699755132198334,0,1,0,-0.2699755132198334,0,-0.9628672003746033],5,1.0254395008087159],[[764.6343994140625,228.88601684570313,43.95412063598633,-0.9717082381248474,0,0.23618438839912415,0,1,0,-0.23618438839912415,0,-0.9717082381248474],5,1.0377280712127686],[[764.5025024414063,228.6907196044922,43.93449020385742,-0.9824450016021729,0,0.18655259907245637,0,1,0,-0.18655259907245637,0,-0.9824450016021729],5,1.0483713150024415],[[764.3040771484375,228.37220764160157,43.90950012207031,-0.9817624092102051,0,0.19011202454566956,0,1,0,-0.19011202454566956,0,-0.9817624092102051],5,1.0613481998443604],[[764.1050415039063,228.02305603027345,43.890098571777347,-0.9843220114707947,0,0.17638076841831208,0,1,0,-0.17638076841831208,0,-0.9843220114707947],5,1.072890043258667],[[763.9057006835938,227.64324951171876,43.874053955078128,-0.9888666272163391,0,0.1488046795129776,0,1,0,-0.1488046795129776,0,-0.9888666272163391],5,1.0860726833343506],[[763.7059936523438,227.23277282714845,43.86308670043945,-0.9910844564437866,0,0.13323506712913514,0,1,0,-0.13323506712913514,0,-0.9910844564437866],5,1.0955090522766114],[[763.57275390625,226.9420928955078,43.85800552368164,-0.9965704083442688,0,0.08274906128644943,0,1,0,-0.08274906128644943,0,-0.9965704083442688],5,1.1074576377868653],[[763.372802734375,226.48052978515626,43.854007720947269,-0.9968430399894714,0,0.07939751446247101,0,1,0,-0.07939751446247101,0,-0.9968430399894714],5,1.117765188217163],[[763.106201171875,225.8174285888672,43.85798645019531,-0.9957863092422485,0,0.09170430153608322,0,1,0,-0.09170430153608322,0,-0.9957863092422485],5,1.1358039379119874],[[762.8397827148438,225.09982299804688,43.86818313598633,-0.9984797835350037,0,0.0551186241209507,0,1,0,-0.0551186241209507,0,-0.9984797835350037],5,1.1505725383758546],[[762.6403198242188,224.52584838867188,43.882389068603519,-0.9999354481697083,0,-0.011363331228494645,0,1,0,0.011363331228494645,0,-0.9999354481697083],5,1.1637389659881592],[[762.44140625,223.92123413085938,43.90327835083008,-0.9995325207710266,0,-0.030574019998311998,0,1,0,0.030574019998311998,0,-0.9995325207710266],5,1.177037000656128],[[762.2430419921875,223.28594970703126,43.92851638793945,-0.9993587136268616,0,-0.03580740466713905,0,1,0,0.03580740466713905,0,-0.9993587136268616],5,1.1883018016815186],[[762.1109008789063,222.84539794921876,43.946346282958987,-0.9944917559623718,0,-0.10481499880552292,0,1,0,0.10481499880552292,0,-0.9944917559623718],7,1.1966865062713624],[[761.9788208007813,222.5020751953125,43.96436309814453,-0.9921594858169556,0,-0.1249784380197525,0,1,0,0.1249784380197525,0,-0.9921594858169556],7,1.2071681022644044],[[761.7807006835938,222.43743896484376,43.99142837524414,-0.9913736581802368,0,-0.13106591999530793,0,1,0,0.13106591999530793,0,-0.9913736581802368],7,1.2175145149230958],[[761.5825805664063,222.49864196777345,44.01849365234375,-0.9920501112937927,0,-0.12584351003170014,0,1,0,0.12584351003170014,0,-0.9920501112937927],7,1.229313850402832],[[761.38427734375,222.56304931640626,44.044158935546878,-0.9930306077003479,0,-0.11785679310560227,0,1,0,0.11785679310560227,0,-0.9930306077003479],8,1.241804838180542],[[761.251953125,222.59671020507813,44.06020736694336,-0.9959236979484558,0,-0.09019938856363297,0,1,0,0.09019938856363297,0,-0.9959236979484558],8,1.2532985210418702],[[761.0528564453125,222.63345336914063,44.07935333251953,-0.9975945949554443,0,-0.06931786984205246,0,1,0,0.06931786984205246,0,-0.9975945949554443],8,1.264618158340454],[[760.8533935546875,222.65745544433595,44.09407043457031,-0.999908983707428,0,-0.013493373990058899,0,1,0,0.013493373990058899,0,-0.999908983707428],8,1.2758386135101319],[[760.6535034179688,222.6725616455078,44.09893035888672,-0.9998061656951904,0,0.019687365740537645,0,1,0,-0.019687365740537645,0,-0.9998061656951904],8,1.2883765697479249],[[760.5202026367188,222.6793670654297,44.09754943847656,-0.9982088208198547,0,0.05982649326324463,0,1,0,-0.05982649326324463,0,-0.9982088208198547],8,1.2987630367279053],[[760.3204956054688,222.68634033203126,44.08729934692383,-0.9901857376098633,0,0.13975772261619569,0,1,0,-0.13975772261619569,0,-0.9901857376098633],8,1.3095049858093262],[[760.1221313476563,222.6907501220703,44.06246566772461,-0.9846992492675781,0,0.17426249384880067,0,1,0,-0.17426249384880067,0,-0.9846992492675781],8,1.322598934173584],[[759.9249877929688,222.6935577392578,44.029083251953128,-0.9765312075614929,0,0.215376079082489,0,1,0,-0.215376079082489,0,-0.9765312075614929],8,1.3341898918151856],[[759.7293701171875,222.6956024169922,43.98764419555664,-0.9765312075614929,0,0.215376079082489,0,1,0,-0.215376079082489,0,-0.9765312075614929],8,1.3480544090270997],[[759.5339965820313,222.69668579101563,43.94465637207031,-0.9750025868415833,0,0.2221934199333191,0,1,0,-0.2221934199333191,0,-0.9750025868415833],8,1.358783483505249],[[759.4039306640625,222.6970672607422,43.91526794433594,-0.9750027060508728,0,0.22219295799732209,0,1,0,-0.22219295799732209,0,-0.9750027060508728],8,1.3694798946380616],[[759.2089233398438,222.69741821289063,43.87086486816406,-0.9769071340560913,0,0.21366426348686219,0,1,0,-0.21366426348686219,0,-0.9769071340560913],8,1.3816688060760499],[[759.0136108398438,222.69798278808595,43.82780838012695,-0.9783762097358704,0,0.2068331390619278,0,1,0,-0.2068331390619278,0,-0.9783762097358704],8,1.3943309783935547],[[758.68798828125,223.78172302246095,43.75643539428711,-0.9815060496330261,0,0.19143106043338777,0,1,0,-0.19143106043338777,0,-0.9815060496330261],3,1.4128479957580567],[[758.4918823242188,224.39312744140626,43.71729278564453,-0.9730924963951111,0,0.2304147183895111,0,1,0,-0.2304147183895111,0,-0.9730924963951111],5,1.4357268810272217],[[758.0977783203125,225.5239715576172,43.648719787597659,-0.9538362622261047,0,0.3003270626068115,0,1,0,-0.3003270626068115,0,-0.9538362622261047],5,1.4495360851287842],[[757.965576171875,225.87367248535157,43.631649017333987,-0.9858916997909546,0,0.16738459467887879,0,1,0,-0.16738459467887879,0,-0.9858916997909546],5,1.4589662551879883],[[757.8330078125,226.20974731445313,43.61741638183594,-0.9875674247741699,0,0.15719585120677949,0,1,0,-0.15719585120677949,0,-0.9875674247741699],5,1.4698286056518555],[[757.6338500976563,226.6883087158203,43.59867858886719,-0.983077347278595,0,0.1831909716129303,0,1,0,-0.1831909716129303,0,-0.983077347278595],5,1.4798054695129395],[[757.5010375976563,226.99032592773438,43.58718490600586,-0.9896571040153503,0,0.1434531807899475,0,1,0,-0.1434531807899475,0,-0.9896571040153503],5,1.4907677173614503],[[757.3016357421875,227.41778564453126,43.57143020629883,-0.9861222505569458,0,0.16602084040641786,0,1,0,-0.16602084040641786,0,-0.9861222505569458],5,1.5018913745880128],[[757.10205078125,227.81459045410157,43.55765914916992,-0.9869786500930786,0,0.16085122525691987,0,1,0,-0.16085122525691987,0,-0.9869786500930786],5,1.5123844146728516],[[756.968994140625,228.06210327148438,43.549251556396487,-0.9924454689025879,0,0.12268675118684769,0,1,0,-0.12268675118684769,0,-0.9924454689025879],5,1.5237338542938233],[[756.7027587890625,228.51625061035157,43.533992767333987,-0.9843062162399292,0,0.17646901309490205,0,1,0,-0.17646901309490205,0,-0.9843062162399292],5,1.5363683700561524],[[756.569580078125,228.72288513183595,43.527687072753909,-0.9944369196891785,0,0.10533381998538971,0,1,0,-0.10533381998538971,0,-0.9944369196891785],5,1.5474917888641358],[[756.3698120117188,229.00729370117188,43.51964569091797,-0.9915467500686646,0,0.12975001335144044,0,1,0,-0.12975001335144044,0,-0.9915467500686646],5,1.5584509372711182],[[756.2365112304688,229.1798553466797,43.51531219482422,-0.995650053024292,0,0.09317183494567871,0,1,0,-0.09317183494567871,0,-0.995650053024292],5,1.5701286792755128],[[755.9699096679688,229.484130859375,43.50801086425781,-0.9880589246749878,0,0.15407657623291017,0,1,0,-0.15407657623291017,0,-0.9880589246749878],5,1.583554983139038],[[755.8366088867188,229.61582946777345,43.50497055053711,-0.9962778687477112,0,0.08619984984397888,0,1,0,-0.08619984984397888,0,-0.9962778687477112],5,1.5940279960632325],[[755.6366577148438,229.78782653808595,43.50094223022461,-0.9938585758209229,0,0.11065760999917984,0,1,0,-0.11065760999917984,0,-0.9938585758209229],5,1.606064796447754],[[755.4367065429688,229.92916870117188,43.49842071533203,-0.994425356388092,0,0.10544276982545853,0,1,0,-0.10544276982545853,0,-0.994425356388092],5,1.6172006130218506],[[755.3034057617188,230.00636291503907,43.497467041015628,-0.9983986020088196,0,0.056570932269096377,0,1,0,-0.056570932269096377,0,-0.9983986020088196],5,1.6281864643096924],[[755.0368041992188,230.11988830566407,43.49949645996094,-0.9934526085853577,0,0.11424508690834046,0,1,0,-0.11424508690834046,0,-0.9934526085853577],5,1.6419053077697755],[[754.8368530273438,230.1692657470703,43.50291061401367,-0.9980804324150086,0,0.06193089857697487,0,1,0,-0.06193089857697487,0,-0.9980804324150086],5,1.6561057567596436],[[754.5703125,230.18740844726563,43.512264251708987,-0.9971074461936951,0,0.07600504159927368,0,1,0,-0.07600504159927368,0,-0.9971074461936951],5,1.6831409931182862],[[754.1708984375,230.11244201660157,43.53434753417969,-0.9943844079971314,0,0.10582850873470307,0,1,0,-0.10582850873470307,0,-0.9943844079971314],5,1.695054292678833],[[753.9716186523438,230.0289764404297,43.55170440673828,-0.9999811053276062,0,-0.006143080536276102,0,1,0,0.006143080536276102,0,-0.9999811053276062],5,1.7082791328430176],[[753.772705078125,229.91485595703126,43.572349548339847,-0.9994768500328064,0,-0.03234193101525307,0,1,0,0.03234193101525307,0,-0.9994768500328064],5,1.7217063903808594],[[753.5743408203125,229.7700653076172,43.597721099853519,-0.998183012008667,0,-0.0602552704513073,0,1,0,0.0602552704513073,0,-0.998183012008667],5,1.735023021697998],[[753.4425659179688,229.65652465820313,43.61799621582031,-0.9942191243171692,0,-0.10737019777297974,0,1,0,0.10737019777297974,0,-0.9942191243171692],5,1.7442927360534669],[[753.2454833984375,229.4606475830078,43.65198516845703,-0.9961097240447998,0,-0.08812177181243897,0,1,0,0.08812177181243897,0,-0.9961097240447998],5,1.7543387413024903],[[753.1144409179688,229.3130340576172,43.676422119140628,-0.9891045093536377,0,-0.14721515774726869,0,1,0,0.14721515774726869,0,-0.9891045093536377],5,1.7643117904663087],[[752.9187622070313,229.06607055664063,43.717918395996097,-0.9917665123939514,0,-0.12805937230587007,0,1,0,0.12805937230587007,0,-0.9917665123939514],5,1.7750511169433594],[[752.723876953125,228.78843688964845,43.76261901855469,-0.9901260733604431,0,-0.14017954468727113,0,1,0,0.14017954468727113,0,-0.9901260733604431],5,1.7866246700286866],[[752.5942993164063,228.58631896972657,43.79395294189453,-0.980034351348877,0,-0.19882816076278687,0,1,0,0.19882816076278687,0,-0.980034351348877],5,1.7973496913909913],[[752.401123046875,228.25759887695313,43.84565353393555,-0.983696460723877,0,-0.17983673512935639,0,1,0,0.17983673512935639,0,-0.983696460723877],5,1.8085815906524659],[[752.2728881835938,228.02142333984376,43.88208770751953,-0.9744887948036194,0,-0.22443616390228272,0,1,0,0.22443616390228272,0,-0.9744887948036194],5,1.82002854347229],[[752.081298828125,227.64161682128907,43.9393310546875,-0.9756789207458496,0,-0.21920454502105714,0,1,0,0.21920454502105714,0,-0.9756789207458496],5,1.8318591117858887],[[751.8911743164063,227.23114013671876,44.00138854980469,-0.9687405824661255,0,-0.24807588756084443,0,1,0,0.24807588756084443,0,-0.9687405824661255],5,1.8437085151672364],[[751.7030029296875,226.79000854492188,44.068973541259769,-0.9651789665222168,0,-0.26159054040908816,0,1,0,0.26159054040908816,0,-0.9651789665222168],5,1.855813980102539],[[751.5159301757813,226.3182373046875,44.13973617553711,-0.9411436915397644,0,-0.33800676465034487,0,1,0,0.33800676465034487,0,-0.9411436915397644],7,1.8677828311920167],[[751.3298950195313,225.8157958984375,44.213138580322269,-0.9234365224838257,0,-0.38375115394592287,0,1,0,0.38375115394592287,0,-0.9234365224838257],7,1.8806540966033936],[[751.1453247070313,225.5082550048828,44.29018020629883,-0.9168626666069031,0,-0.399202823638916,0,1,0,0.399202823638916,0,-0.9168626666069031],7,1.8925244808197022],[[750.9618530273438,225.51153564453126,44.36975860595703,-0.9150969982147217,0,-0.40323376655578616,0,1,0,0.40323376655578616,0,-0.9150969982147217],8,1.9054667949676514],[[750.7787475585938,225.56358337402345,44.45029830932617,-0.91502445936203,0,-0.40339839458465578,0,1,0,0.40339839458465578,0,-0.91502445936203],8,1.916346788406372],[[750.6567993164063,225.59536743164063,44.50408172607422,-0.9150094985961914,0,-0.40343233942985537,0,1,0,0.40343233942985537,0,-0.9150094985961914],8,1.9274981021881104],[[750.473876953125,225.63156127929688,44.58477020263672,-0.9150075912475586,0,-0.4034365713596344,0,1,0,0.4034365713596344,0,-0.9150075912475586],8,1.9396417140960694],[[750.1080322265625,225.6713409423828,44.74615478515625,-0.932380735874176,0,-0.36147770285606387,0,1,0,0.36147770285606387,0,-0.932380735874176],8,1.9630444049835206],[[749.9843139648438,225.67860412597657,44.79579162597656,-0.9403465986251831,0,-0.3402179181575775,0,1,0,0.3402179181575775,0,-0.9403465986251831],8,1.9736230373382569],[[749.7965698242188,225.68624877929688,44.864864349365237,-0.9483846426010132,0,-0.3171222507953644,0,1,0,0.3171222507953644,0,-0.9483846426010132],8,1.985194206237793],[[749.6072387695313,225.69113159179688,44.92921829223633,-0.9673287868499756,0,-0.2535252571105957,0,1,0,0.2535252571105957,0,-0.9673287868499756],8,1.995574951171875],[[749.4788818359375,225.69334411621095,44.96220016479492,-0.9760702252388,-0.00009802992281038314,-0.2174554318189621,0.000569661264307797,0.9999952912330627,-0.003007783554494381,0.2174547016620636,-0.0030596840661019089,-0.9760656356811523],8,2.0063931941986086],[[749.2818603515625,225.6956024169922,44.98320770263672,-0.9821736812591553,-0.00019037137099076062,-0.18797574937343598,-0.00012618489563465118,0.9999999403953552,-0.00035342801129445434,0.18797579407691956,-0.0003234079631511122,-0.9821736216545105],8,2.017575263977051],[[749.0742797851563,225.69708251953126,44.94400405883789,-0.9944266676902771,-0.00007224946602946147,-0.10543080419301987,0.00004227444878779352,0.9999994039535523,-0.0010840119794011117,0.10543082654476166,-0.0010824274504557253,-0.9944260716438294],8,2.0293126106262209],[[748.8588256835938,225.6977996826172,44.90896224975586,-0.9998825788497925,-0.00013817919534631073,-0.015323280356824398,-0.00011693628039211035,0.9999990463256836,-0.0013872034614905716,0.015323457308113575,-0.0013852487318217755,-0.9998816251754761],8,2.044750690460205],[[748.5905151367188,225.69821166992188,44.91121292114258,-0.9995559453964233,-0.000038874852180015299,0.029798779636621476,-0.00004743713725474663,0.9999999403953552,-0.00028662983095273376,-0.02979876659810543,-0.00028791613294743,-0.9995558857917786],8,2.0580501556396486],[[748.4572143554688,225.69847106933595,44.90863037109375,-0.9933101534843445,0.000013037953067396302,0.11547721922397614,0.00001578474802954588,1,0.000022872021872899496,-0.11547721922397614,0.000024541790480725468,-0.9933101534843445],8,2.070026397705078],[[748.25830078125,225.69296264648438,44.88893508911133,-0.9873200058937073,0.000014915781321178656,0.1587427407503128,0.00003452503005973995,1,0.00012077069550286978,-0.1587427407503128,0.00012471992522478104,-0.9873199462890625],8,2.0811331272125246],[[748.0606079101563,225.69358825683595,44.85898971557617,-0.9709752202033997,8.005759468687756e-7,0.23918019235134126,0.000016554455214645715,1,0.00006385725282598287,-0.23918019235134126,0.00006596330786123872,-0.9709752202033997],8,2.0925161838531496],[[747.8657836914063,225.69491577148438,44.81429672241211,-0.9605854153633118,-0.0000018237379890706507,0.2779850959777832,0.000001695610194474284,1,0.000012419789527484682,-0.2779850959777832,0.000012401623280311469,-0.9605854153633118],8,2.105119228363037],[[747.6732177734375,225.68988037109376,44.76034164428711,-0.9376253485679627,-0.0000011275886890871334,0.34764736890792849,-0.000003194433247699635,1,-0.000005372089617594611,-0.34764736890792849,-0.000006147543899714947,-0.9376253485679627],8,2.117213249206543],[[747.4848022460938,225.6914825439453,44.693538665771487,-0.9255751967430115,8.011084240422406e-9,0.378563791513443,-0.0000022335182165988955,1,-0.000005482035703607835,-0.378563791513443,-0.000005919565410295036,-0.9255751967430115],8,2.1310999393463136],[[747.2374877929688,225.6947021484375,44.59394836425781,-0.8858047127723694,3.5961667776973629e-7,0.46405816078186037,-2.252713358075198e-7,1,-0.0000012049417819071096,-0.46405816078186037,-0.0000011718822179318523,-0.8858047127723694],8,2.1476643085479738],[[746.9906616210938,226.5678253173828,44.49317932128906,-0.8716336488723755,-5.9205948588214599e-8,0.4901578724384308,0.000001213593122884049,1,0.0000022788872229284608,-0.4901578724384308,0.0000025812071271502647,-0.8716336488723755],3,2.166123628616333],[[746.7534790039063,227.3898468017578,44.37228775024414,-0.7701902389526367,-2.433863244277745e-7,0.6378142237663269,0.0000011915936966033769,1,0.000001820498937377124,-0.6378142237663269,0.0000021621458472509404,-0.7701902389526367],5,2.193202495574951],[[746.4752197265625,228.34072875976563,44.1893424987793,-0.6818209886550903,6.557572262977374e-9,0.7315190434455872,3.834960295989731e-7,1,3.4847766983148178e-7,-0.7315190434455872,5.181340156923397e-7,-0.6818209886550903],5,2.202946186065674],[[746.2630004882813,229.04013061523438,44.02802276611328,-0.6924554705619812,7.080971187178875e-8,0.7214606404304504,8.486689750952792e-8,1,-1.6692750293145765e-8,-0.7214606404304504,4.966914346482554e-8,-0.6924554705619812],5,2.217341423034668],[[746.106201171875,229.52891540527345,43.903812408447269,-0.7035965323448181,4.113858409482418e-8,0.7105997204780579,-1.2934203041936599e-8,1,-7.0699499588045e-8,-0.7105997204780579,-5.893496179965041e-8,-0.7035965323448181],5,2.228137254714966],[[745.9515380859375,229.98704528808595,43.7769775390625,-0.7035772800445557,6.335874491725235e-9,0.7106187343597412,-7.040546989856012e-8,1,-7.862382744860952e-8,-0.7106187343597412,-1.0534938610362588e-7,-0.7035772800445557],5,2.242682695388794],[[745.7459716796875,230.55018615722657,43.607177734375,-0.6795123815536499,-3.37729275656784e-8,0.7336640357971191,-1.0980112818970156e-7,1,-5.5663484488377438e-8,-0.7336640357971191,-1.1838116620310757e-7,-0.6795123815536499],5,2.2576346397399904],[[745.5404052734375,231.05882263183595,43.437347412109378,-0.6795112490653992,-7.985492800344218e-8,0.7336650490760803,-1.4879086052133062e-7,1,-2.8964358023131355e-8,-0.7336650490760803,-1.2884426325854293e-7,-0.6795112490653992],5,2.274327516555786],[[745.3348388671875,231.51296997070313,43.26751708984375,-0.6782268285751343,-9.15055196060166e-8,0.7348526120185852,-1.3448608626731585e-7,1,3.993194941376288e-10,-0.7348526120185852,-9.855662597146875e-8,-0.6782268285751343],5,2.2918508052825929],[[745.232177734375,231.7196044921875,43.18246841430664,-0.7351970076560974,-9.786765531316633e-8,0.6778534650802612,-1.1905645180831925e-7,1,1.525065052021546e-8,-0.6778534650802612,-6.949059638827748e-8,-0.7351970076560974],5,2.3021366596221926],[[745.0767822265625,232.00401306152345,43.05658721923828,-0.7195268273353577,-9.363283481889084e-8,0.6944646239280701,-9.558747393612066e-8,1,3.5790279184766408e-8,-0.6944646239280701,-4.063005221155436e-8,-0.7195268273353577],5,2.3127429485321047],[[744.9169921875,232.25775146484376,42.945308685302737,-0.7442962527275086,-9.053474059328437e-8,0.667849600315094,-7.29427398482585e-8,1,5.426930371754679e-8,-0.667849600315094,-8.322344591249476e-9,-0.7442962527275086],5,2.327557325363159],[[744.751220703125,232.48085021972657,42.85555648803711,-0.7640904784202576,-8.501442039232643e-8,0.6451090574264526,-5.081930609662777e-8,1,7.159079729035511e-8,-0.6451090574264526,2.1917852421893259e-8,-0.7640904784202576],5,2.3524343967437746],[[744.4625244140625,232.7845458984375,42.7540283203125,-0.7454461455345154,-7.515604494301442e-8,0.6665658950805664,-1.3479223959222964e-8,1,9.767678221805909e-8,-0.6665658950805664,6.382799000448358e-8,-0.7454461455345154],5,2.360654354095459],[[744.2822875976563,232.92588806152345,42.72206497192383,-0.7875548005104065,-6.265447183295692e-8,0.6162446141242981,8.673947782256164e-9,1,1.1275665201537777e-7,-0.6162446141242981,9.414731749757266e-8,-0.7875548005104065],5,2.3707427978515627],[[744.0972290039063,233.0365753173828,42.7119140625,-0.7972071170806885,-5.217113496769343e-8,0.603705883026123,3.0915515480955949e-8,1,1.2724277098641324e-7,-0.603705883026123,1.2010271177587129e-7,-0.7972071170806885],5,2.384612798690796],[[743.9078369140625,233.11660766601563,42.72368240356445,-0.8016904592514038,-4.1532203454153208e-8,0.5977393984794617,5.335139618978246e-8,1,1.410372334476051e-7,-0.5977393984794617,1.449584345891708e-7,-0.8016904592514038],5,2.4079627990722658],[[743.5847778320313,233.18186950683595,42.78620529174805,-0.7716816663742065,-2.5496678546232944e-8,0.6360089778900147,7.454695349906615e-8,1,1.3053777081495355e-7,-0.6360089778900147,1.4814612825375662e-7,-0.7716816663742065],5,2.417210340499878],[[743.3899536132813,233.18014526367188,42.83112335205078,-0.8100886940956116,4.252366903045868e-9,0.5863073468208313,7.449946082260795e-8,1,9.568156400519001e-8,-0.5863073468208313,1.2119014058953327e-7,-0.8100886940956116],5,2.4279284477233888],[[743.2603149414063,233.16197204589845,42.86222457885742,-0.8292264342308044,2.118043518350987e-8,0.5589128136634827,7.458558570760943e-8,1,7.276251068333295e-8,-0.5589128136634827,1.0202344213894321e-7,-0.8292264342308044],5,2.4399375915527345],[[742.9368286132813,233.0569305419922,42.94281005859375,-0.7998153567314148,4.896728000858275e-8,0.6002461314201355,7.324821638121648e-8,1,1.6023040672052958e-8,-0.6002461314201355,5.6782432977797728e-8,-0.7998153567314148],5,2.458589792251587],[[742.8082885742188,232.99105834960938,42.978179931640628,-0.8506379723548889,6.579488598390526e-8,0.5257518291473389,7.334010376780498e-8,1,-6.484059067446424e-9,-0.5257518291473389,3.304310780549713e-8,-0.8506379723548889],5,2.468794822692871],[[742.6249389648438,232.86671447753907,43.043609619140628,-0.86693274974823,8.263841522193616e-8,0.49842509627342226,7.428524639863099e-8,1,-3.659146585732742e-8,-0.49842509627342226,5.303291583658165e-9,-0.86693274974823],5,2.481748342514038],[[742.4555053710938,232.7117156982422,43.12648391723633,-0.8849576115608215,9.803965639321177e-8,0.4656715989112854,7.661990508722738e-8,1,-6.492620485687439e-8,-0.4656715989112854,-2.1777225356345299e-8,-0.8849576115608215],5,2.505366325378418],[[742.2045288085938,232.38526916503907,43.3031005859375,-0.8963529467582703,1.229200279340148e-7,0.44334110617637637,8.199315004731034e-8,1,-1.114834873305881e-7,-0.44334110617637637,-6.35776160606838e-8,-0.8963529467582703],5,2.5137877464294435],[[742.0748291015625,232.457763671875,43.41106414794922,-0.9033471345901489,8.637815085421608e-8,0.42891016602516177,5.43046461132235e-8,1,-8.701637455033051e-8,-0.42891016602516177,-5.531418167947777e-8,-0.9033471345901489],12,2.525482177734375],[[741.9622802734375,232.59420776367188,43.50473403930664,-0.9088252782821655,5.02137673663583e-8,0.4171769618988037,2.639586860198051e-8,1,-6.286189346838e-8,-0.4171769618988037,-4.61187319444889e-8,-0.9088252782821655],12,2.5374178886413576],[[741.8929443359375,232.67665100097657,43.57122802734375,-0.9201859831809998,2.5288329652539688e-8,0.3914814591407776,7.36257943501073e-9,1,-4.729058389330021e-8,-0.3914814591407776,-4.0633821640767567e-8,-0.9201859831809998],8,2.5496087074279787],[[741.7815551757813,233.1768035888672,43.79372787475586,-0.9249110817909241,-2.2399158083885596e-8,0.3801834285259247,-3.105532897507146e-8,1,-1.6634762900480383e-8,-0.3801834285259247,-2.7192399443265459e-8,-0.9249110817909241],8,2.5624938011169435],[[741.7049560546875,233.520751953125,43.97809600830078,-0.9333113431930542,-5.837550531850866e-8,0.3590681254863739,-6.036148647581285e-8,1,5.679829939708725e-9,-0.3590681254863739,-1.6372835531797138e-8,-0.9333113431930542],8,2.5741326808929445],[[741.6563110351563,233.69166564941407,44.10221862792969,-0.9370216131210327,-8.210736268665642e-8,0.34927132725715639,-8.004316498499975e-8,1,2.034288826280317e-8,-0.34927132725715639,-8.89505802348367e-9,-0.9370216131210327],8,2.586054563522339],[[741.5859985351563,233.8744659423828,44.289432525634769,-0.9435576796531677,-9.982340998249129e-8,0.3312082588672638,-9.365858488763479e-8,1,3.45738158102904e-8,-0.3312082588672638,1.6018920634408574e-9,-0.9435576796531677],8,2.598393678665161],[[741.51904296875,233.99244689941407,44.47788619995117,-0.9475383162498474,-8.182460931038804e-8,0.3196421265602112,-7.465921214588889e-8,1,3.467048514949056e-8,-0.3196421265602112,8.987384170211499e-9,-0.9475383162498474],8,2.6102077960968019],[[741.4546508789063,234.06796264648438,44.66722869873047,-0.9576234221458435,-6.35211065969088e-8,0.28802329301834109,-5.568568184344258e-8,1,3.539710391464723e-8,-0.28802329301834109,1.7858322820529794e-8,-0.9576234221458435],8,2.6224756240844728],[[741.3958129882813,234.11585998535157,44.858360290527347,-0.9634484052658081,-4.5184254560126649e-8,0.2678939700126648,-3.6743696085750346e-8,1,3.652041513646509e-8,-0.2678939700126648,2.5342121290350407e-8,-0.9634484052658081],8,2.6343140602111818],[[741.277587890625,234.14639282226563,45.001487731933597,-0.9769091606140137,-2.5760831690035958e-8,0.21365508437156678,-1.7906121030364376e-8,1,3.869872244877115e-8,-0.21365508437156678,3.397940417926293e-8,-0.9769091606140137],8,2.649536609649658],[[741.0570068359375,234.17062377929688,45.14757537841797,-0.9881369471549988,2.615035965547463e-10,0.15357539057731629,6.9676855396494379e-9,1,4.3128810744974547e-8,-0.15357539057731629,4.3687233386435767e-8,-0.9881369471549988],8,2.671604871749878],[[740.8403930664063,234.183837890625,45.303009033203128,-0.9958351254463196,2.6884475090582783e-8,0.09117206931114197,3.149293803517139e-8,1,4.91082268183618e-8,-0.09117206931114197,5.177497541808407e-8,-0.9958351254463196],8,2.6804168224334719],[[740.7365112304688,234.18798828125,45.38656234741211,-0.9979936480522156,4.025180899702718e-8,0.0633145272731781,4.365944406004019e-8,1,5.243722966952191e-8,-0.0633145272731781,5.5096297302270617e-8,-0.9979936480522156],8,2.6902735233306886],[[740.5855712890625,234.19227600097657,45.51767349243164,-0.999940037727356,6.097003080185459e-8,0.010950610041618348,6.161298671258919e-8,1,5.837666350316795e-8,-0.010950610041618348,5.904786348764901e-8,-0.999940037727356],8,2.7001760005950929],[[740.4412231445313,234.19497680664063,45.65602493286133,-0.9999308586120606,8.01711408371375e-8,-0.011759048327803612,7.941560653534907e-8,1,6.471819347098062e-8,0.011759048327803612,6.377986494499055e-8,-0.9999308586120606],8,2.711494207382202],[[740.2683715820313,234.19668579101563,45.72406768798828,-0.9994648098945618,9.935464362342828e-8,-0.03271142765879631,9.70701066194124e-8,1,7.142710956031806e-8,0.03271142765879631,6.821358056186e-8,-0.9994648098945618],8,2.7253530025482179],[[740.0708618164063,234.19776916503907,45.73550033569336,-0.9963794946670532,8.925664474190853e-8,-0.08501677960157395,8.455071309754203e-8,1,5.895358867746836e-8,0.08501677960157395,5.155191828976058e-8,-0.9963794946670532],8,2.7466347217559816],[[739.8052368164063,234.19862365722657,45.75638961791992,-0.9936153888702393,5.171338557374838e-8,-0.11282027512788773,4.