[[[776,222.69961547851563,47,1,-2.2768732677036497e-8,1.0633991280042336e-14,2.2768732677036497e-8,1,-1.9642550697085427e-8,-1.0186755342793223e-14,1.9642550697085427e-8,1],8,0.0071887969970703129],[[776,222.69961547851563,47,1,-6.062672142093106e-9,1.0549375229710473e-14,6.062672142093106e-9,1,-5.230220700980226e-9,-1.0517666551330008e-14,5.230220700980226e-9,1],8,0.020934343338012697],[[776,222.69961547851563,47,1,1.0632681402000799e-8,1.0705149670908222e-14,-1.0632681402000799e-8,1,9.172874015916932e-9,-1.0607617215163679e-14,-9.172874015916932e-9,1],8,0.043491363525390628],[[776,222.69961547851563,47,1,3.287651040295714e-8,1.1286151592286575e-14,-3.287651040295714e-8,1,2.836264556549395e-8,-1.0353686901972206e-14,-2.836264556549395e-8,1],8,0.049655914306640628],[[776,222.69961547851563,47,1,4.954690879799273e-8,1.2001305744818117e-14,-4.954690879799273e-8,1,4.2744215278389677e-8,-9.883462490534612e-15,-4.2744215278389677e-8,1],8,0.06267952919006348],[[776,222.69961547851563,47,1,6.620662418299617e-8,1.2955438384956199e-14,-6.620662418299617e-8,1,5.711656925200259e-8,-9.173943648201153e-15,-5.711656925200259e-8,1],8,0.0754384994506836],[[776,222.69961547851563,47,1,7.730717044296398e-8,1.3724066574480852e-14,-7.730717044296398e-8,1,6.669302621276074e-8,-8.568217682125394e-15,-6.669302621276074e-8,1],8,0.08412051200866699],[[776,222.69961547851563,47,1,9.39490902851503e-8,1.5075477148638988e-14,-9.39490902851503e-8,1,8.105003246328124e-8,-7.46089998050932e-15,-8.105003246328124e-8,1],8,0.09665870666503906],[[776,222.69961547851563,47,1,6.940421570789113e-8,1.354360705210127e-14,-6.940421570789113e-8,1,5.987511997318507e-8,-9.38802106122431e-15,-5.987511997318507e-8,1],8,0.10907602310180664],[[776,222.69961547851563,47,1,4.4875072546801678e-8,1.258614557248048e-14,-4.4875072546801678e-8,1,3.8713778849341909e-8,-1.0848861515904123e-14,-3.8713778849341909e-8,1],8,0.1216433048248291],[[776,222.69961547851563,47,1,2.0361648367384079e-8,1.2158476943345889e-14,-2.0361648367384079e-8,1,1.756599843361073e-8,-1.1800804575873552e-14,-1.756599843361073e-8,1],8,0.13288259506225587],[[776,222.69961547851563,47,1,4.028094302555019e-9,1.216255201885513e-14,-4.028094302555019e-9,1,3.4750058386379125e-9,-1.2148554799401752e-14,-3.4750058386379125e-9,1],8,0.1441817283630371],[[776,222.69961547851563,47,-0.3741641044616699,-4.4576992763722959e-8,0.9273625016212463,1.4742612464146987e-8,1,5.4016791040112369e-8,-0.9273625016212463,3.3882891159464637e-8,-0.3741641044616699],8,0.16289663314819337],[[776,222.69961547851563,47,-0.29583239555358889,-7.984633043633949e-8,0.9552398920059204,3.440933937781665e-8,1,9.42441076290379e-8,-0.9552398920059204,6.074963465607652e-8,-0.29583239555358889],8,0.1855611801147461],[[776,222.69961547851563,47,-0.26865869760513308,-7.700273840782757e-8,0.9632354378700256,3.6825138494123169e-8,1,9.021276525800204e-8,-0.9632354378700256,5.970772321006734e-8,-0.26865869760513308],8,0.1923203468322754],[[775.8441772460938,222.69961547851563,47.04313659667969,-0.2672768831253052,-5.2043713338889577e-8,0.9636197686195374,3.0571175813065568e-8,1,6.248800588082304e-8,-0.9636197686195374,4.616059001705253e-8,-0.2672768831253052],8,0.2072601318359375],[[775.6547241210938,222.69961547851563,47.09559631347656,-0.26693040132522585,-3.327566489019773e-8,0.9637157917022705,2.589878711489746e-8,1,4.170195921915365e-8,-0.9637157917022705,3.609059362474909e-8,-0.26693040132522585],8,0.22703051567077638],[[775.3978881835938,222.69961547851563,47.166717529296878,-0.2668987512588501,-8.24727663939484e-9,0.9637245535850525,1.967536000790915e-8,1,1.4006704240898671e-8,-0.9637245535850525,2.2700000101849583e-8,-0.2668987512588501],8,0.2447495460510254],[[775.1408081054688,222.69961547851563,47.237884521484378,-0.26689091324806216,1.676099969927236e-8,0.9637267589569092,1.34573188148579e-8,1,-1.3665039766408427e-8,-0.9637267589569092,9.322103089459688e-9,-0.26689091324806216],8,0.250713586807251],[[775.0122680664063,222.69961547851563,47.273468017578128,-0.26352232694625857,2.9224556996609864e-8,0.9646533131599426,1.0302008135454344e-8,1,-2.748111427308686e-8,-0.9646533131599426,2.6959787735592046e-9,-0.26352232694625857],8,0.26511049270629885],[[774.7550048828125,222.69961547851563,47.3438720703125,-0.26014792919158938,5.419138915385702e-8,0.9655687808990479,3.898917189104623e-9,1,-5.5073336113764529e-8,-0.9655687808990479,-1.056254106401866e-8,-0.26014792919158938],8,0.2877194881439209],[[774.3687133789063,222.69961547851563,47.44807434082031,-0.2550867795944214,9.167062131609782e-8,0.9669181704521179,-5.911888756315875e-9,1,-9.636665510015519e-8,-0.9669181704521179,-3.029817108313182e-8,-0.2550867795944214],8,0.3107426166534424],[[774.1109008789063,222.69961547851563,47.51629638671875,-0.2517072558403015,1.1669903443589647e-7,0.967803418636322,-1.2541471861027276e-8,1,-1.238431366346049e-7,-0.967803418636322,-4.3309896113896687e-8,-0.2517072558403015],8,0.31885671615600588],[[773.9818725585938,222.69961547851563,47.54997634887695,-0.24832351505756379,9.571521530915561e-8,0.9686771631240845,-1.1453590076371256e-8,1,-1.0174640152627035e-7,-0.9686771631240845,-3.63608556597228e-8,-0.24832351505756379],8,0.32878947257995608],[[773.7881469726563,222.69961547851563,47.59978485107422,-0.2466307282447815,6.409383246364087e-8,0.9691095352172852,-9.764761443875614e-9,1,-6.862187973410983e-8,-0.9691095352172852,-2.6387388274429214e-8,-0.2466307282447815],8,0.341031551361084],[[773.5944213867188,222.69961547851563,47.64918518066406,-0.24662956595420838,3.2429397833766419e-8,0.969109833240509,-8.076975532844699e-9,1,-3.551859606432117e-8,-0.969109833240509,-1.658741233256933e-8,-0.24662956595420838],8,0.35296058654785159],[[773.4005126953125,222.69961547851563,47.69851303100586,-0.24324381351470948,8.429537623477756e-10,0.9699651598930359,-6.274755381951991e-9,1,-2.4426125566634484e-9,-0.9699651598930359,-6.680444641915528e-9,-0.24324381351470948],8,0.3663196563720703],[[773.2066040039063,222.69961547851563,47.74728775024414,-0.23985187709331513,-3.0757597357933267e-8,0.9708095192909241,-4.358159610973189e-9,1,3.0605679768314079e-8,-0.9708095192909241,3.109886792529437e-9,-0.23985187709331513],8,0.3769199848175049],[[773.0772094726563,222.69961547851563,47.77939224243164,-0.23306480050086976,-5.184990925499733e-8,0.9724612236022949,-2.9273270474305947e-9,1,5.2616648815728698e-8,-0.9724612236022949,9.416377011461919e-9,-0.23306480050086976],8,0.38853883743286135],[[772.8828125,222.69961547851563,47.8262825012207,-0.2279670238494873,-8.348865776497405e-8,0.9736688733100891,-6.093778259774751e-10,1,8.560378716993e-8,-0.9736688733100891,1.892150791604763e-8,-0.2279670238494873],8,0.3999979496002197],[[772.7530517578125,222.69961547851563,47.85686492919922,-0.22286167740821839,-1.0463549671158035e-7,0.974850058555603,1.0502556602176583e-9,1,1.0757506174741138e-7,-0.974850058555603,2.4998200842674124e-8,-0.22286167740821839],8,0.4094715118408203],[[772.55810546875,222.69961547851563,47.90165710449219,-0.20921961963176728,-8.511584326242883e-8,0.9778686761856079,2.3868909071467216e-9,1,8.755288405382089e-8,-0.9778686761856079,2.0651848231523219e-8,-0.20921961963176728],8,0.42197728157043459],[[772.4277954101563,222.69961547851563,47.93003463745117,-0.20921961963176728,-7.188377537659108e-8,0.9778686761856079,3.277505822296689e-9,1,7.421190417744583e-8,-0.9778686761856079,1.8731556750140045e-8,-0.20921961963176728],8,0.42925167083740237],[[772.2322387695313,222.69961547851563,47.97195053100586,-0.1818091720342636,-5.254170076796072e-8,0.9833338260650635,4.053224866851224e-9,1,5.418161208581296e-8,-0.9833338260650635,1.3836387147136975e-8,-0.1818091720342636],8,0.4433269500732422],[[772.0357666015625,222.69961547851563,48.00935745239258,-0.17149363458156587,-3.2859041709798478e-8,0.9851852059364319,4.618617488461041e-9,1,3.415713578647228e-8,-0.9851852059364319,1.0407925188360423e-8,-0.17149363458156587],8,0.4533827304840088],[[771.8388061523438,222.69961547851563,48.04410171508789,-0.15943673253059388,-1.3171754353891174e-8,0.9872081279754639,4.938959019540334e-9,1,1.4140083770541878e-8,-0.9872081279754639,7.130229739971128e-9,-0.15943673253059388],8,0.4659154415130615],[[771.6414794921875,222.69961547851563,48.07646942138672,-0.1352500468492508,6.45720676928363e-9,0.9908115267753601,4.769860950659677e-9,1,-5.865982366515254e-9,-0.9908115267753601,3.9326586431798209e-9,-0.1352500468492508],8,0.4775850772857666],[[771.444091796875,223.35189819335938,48.108489990234378,-0.11271651834249497,2.6152923382483096e-8,0.9936271905899048,4.146921472880649e-9,1,-2.585023572976297e-8,-0.9936271905899048,1.2067454813191603e-9,-0.11271651834249497],3,0.4920637607574463],[[771.24560546875,223.97352600097657,48.13282775878906,-0.10457871109247208,4.591500868400544e-8,0.9945166110992432,3.3716252012538918e-9,1,-4.581362489375351e-8,-0.9945166110992432,-1.4379922808060997e-9,-0.10457871109247208],5,0.512753963470459],[[770.98046875,224.75466918945313,48.161006927490237,-0.09959018975496292,7.226645948321675e-8,0.995028555393219,2.2081503292525896e-9,1,-7.240651456186242e-8,-0.995028555393219,-5.013805814968464e-9,-0.09959018975496292],5,0.5209920406341553],[[770.8477783203125,225.1248016357422,48.17436981201172,-0.09898963570594788,8.543334928390323e-8,0.9950884580612183,1.6087219334437464e-9,1,-8.569499243549217e-8,-0.9950884580612183,-6.882095338056615e-9,-0.09898963570594788],5,0.5299246311187744],[[770.6487426757813,225.6544647216797,48.19416427612305,-0.09889186918735504,1.0516834691998156e-7,0.9950981736183167,6.941915375868746e-10,1,-1.0561740992898194e-7,-0.9950981736183167,-9.753914120835816e-9,-0.09889186918735504],5,0.5434010028839111],[[770.44970703125,226.15347290039063,48.21392822265625,-0.09883667528629303,1.2489016398831155e-7,0.995103657245636,-2.2583657166563854e-10,1,-1.255271087075016e-7,-0.995103657245636,-1.2631413248698209e-8,-0.09883667528629303],5,0.5525994300842285],[[770.3170166015625,226.46910095214845,48.22710418701172,-0.09882523119449616,1.380307281806381e-7,0.9951047897338867,-8.397622597300369e-10,1,-1.387931405361087e-7,-0.9951047897338867,-1.4551916116545272e-8,-0.09882523119449616],5,0.5626890659332275],[[770.1179809570313,226.91700744628907,48.24686813354492,-0.09882397204637528,1.577308239575359e-7,0.9951049089431763,-1.760498968828017e-9,1,-1.5868155855969236e-7,-0.9951049089431763,-1.743342359361577e-8,-0.09882397204637528],5,0.5768029689788818],[[769.9189453125,227.33425903320313,48.266632080078128,-0.09719427675008774,1.5988010204637249e-7,0.9952654242515564,-2.357392059337826e-9,1,-1.6087088283711638e-7,-0.9952654242515564,-1.798196080926573e-8,-0.09719427675008774],5,0.5890781879425049],[[769.7199096679688,227.72084045410157,48.28611373901367,-0.09713687747716904,1.268745251081782e-7,0.9952710270881653,-2.281877353738082e-9,1,-1.2770007629114844e-7,-0.9952710270881653,-1.4675473281045015e-8,-0.09713687747716904],5,0.6018133163452148],[[769.5208740234375,228.0767822265625,48.30553436279297,-0.10361117124557495,9.378288723382866e-8,0.9946178793907166,-2.488948158685389e-9,1,-9.45496481108421e-8,-0.9946178793907166,-1.2271952343212434e-8,-0.10361117124557495],5,0.6145257949829102],[[769.3219604492188,228.40206909179688,48.326080322265628,-0.10871414840221405,6.074513692055916e-8,0.9940730333328247,-2.8743643021300615e-9,1,-6.142166597555843e-8,-0.9940730333328247,-9.534732114957479e-9,-0.10871414840221405],5,0.6245214939117432],[[769.1231079101563,228.69668579101563,48.347721099853519,-0.12205970287322998,2.7653211276401636e-8,0.9925227761268616,-3.737976150830491e-9,1,-2.8321231582140173e-8,-0.9925227761268616,-7.166907511901854e-9,-0.12205970287322998],5,0.6374669075012207],[[768.924560546875,228.9606475830078,48.37181091308594,-0.1291682869195938,-5.33431654403671e-9,0.9916226863861084,-4.8225849980099159e-9,1,4.751193660723629e-9,-0.9916226863861084,-4.16848111584045e-9,-0.1291682869195938],5,0.6494863033294678],[[768.7923583984375,229.11959838867188,48.38888931274414,-0.14482279121875764,-2.734542903226611e-8,0.9894576072692871,-5.885706144681535e-9,1,2.6775319739158477e-8,-0.9894576072692871,-1.9459802658161608e-9,-0.14482279121875764],5,0.6596882343292236],[[768.5283813476563,229.39662170410157,48.42707061767578,-0.15293264389038087,-7.122535805592634e-8,0.9882366061210632,-8.379045901563132e-9,1,7.077650110431932e-8,-0.9882366061210632,2.5435573647314415e-9,-0.15293264389038087],5,0.6733746528625488],[[768.3307495117188,229.56861877441407,48.457584381103519,-0.16684837639331819,-1.0405582173689254e-7,0.9859825372695923,-1.0682480677814965e-8,1,1.0372746572784308e-7,-0.9859825372695923,6.774018679323035e-9,-0.16684837639331819],5,0.685920000076294],[[768.19921875,229.666259765625,48.47949981689453,-0.17429417371749879,-1.259067090586541e-7,0.9846936464309692,-1.2388515102657039e-8,1,1.2567102203320247e-7,-0.9846936464309692,9.704836934076866e-9,-0.17429417371749879],5,0.698134183883667],[[767.9365844726563,229.82064819335938,48.52579879760742,-0.18860302865505219,-1.347762150771814e-7,0.9820533990859985,-1.3012880550888895e-8,1,1.3474006266278594e-7,-0.9820533990859985,1.263304127974152e-8,-0.18860302865505219],5,0.7128167152404785],[[767.7401733398438,229.9006805419922,48.56328582763672,-0.2042907327413559,-1.1525663268230346e-7,0.9789102673530579,-1.0605389455520254e-8,1,1.1552647549706308e-7,-0.9789102673530579,1.3219263017560934e-8,-0.2042907327413559],5,0.7266647815704346],[[767.4791259765625,229.95970153808595,48.617530822753909,-0.2175726741552353,-8.93513174560212e-8,0.9760441184043884,-7.071973673333787e-9,1,8.99679122312591e-8,-0.9760441184043884,1.2672001226121666e-8,-0.2175726741552353],5,0.75058913230896],[[767.1537475585938,229.9568328857422,48.69012451171875,-0.2278129607439041,-5.710366224320751e-8,0.9737049341201782,-2.3862245512873416e-9,1,5.808746550428623e-8,-0.9737049341201782,1.0909598557873324e-8,-0.2278129607439041],5,0.7591214179992676],[[767.02392578125,229.93185424804688,48.72039031982422,-0.23753097653388978,-4.415862164819373e-8,0.9713799953460693,-4.057012781277791e-10,1,4.536047271130883e-8,-0.9713799953460693,1.0380427184486507e-8,-0.23753097653388978],5,0.7710475921630859],[[766.7648315429688,229.84100341796876,48.783512115478519,-0.24086275696754456,-1.847752884032161e-8,0.9705591797828674,3.6106890810572169e-9,1,1.9934086381567796e-8,-0.9705591797828674,8.305766741045773e-9,-0.24086275696754456],5,0.7836697101593018],[[766.6354370117188,229.77513122558595,48.81559753417969,-0.2528473734855652,-5.55678125735426e-9,0.9675061702728272,5.7751812221340519e-9,1,7.252688227765702e-9,-0.9675061702728272,7.421346648328608e-9,-0.2528473734855652],5,0.7956054210662842],[[766.3128051757813,229.5508575439453,48.899574279785159,-0.26631003618240359,2.6577890110957015e-8,0.9638874530792236,1.1644889497119948e-8,1,-2.4356308969686326e-8,-0.9638874530792236,4.738033076989723e-9,-0.26631003618240359],5,0.815300464630127],[[766.1199951171875,229.37542724609376,48.95271301269531,-0.28533226251602175,4.587322877114275e-8,0.958428680896759,1.551353712159198e-8,1,-4.324444446979214e-8,-0.958428680896759,2.5295832095650896e-9,-0.28533226251602175],5,0.8275120258331299],[[765.9920654296875,229.24143981933595,48.99032211303711,-0.29615360498428347,5.8697466442936277e-8,0.9551403522491455,1.8234196375033208e-8,1,-5.580053752396452e-8,-0.9551403522491455,8.906868576019633e-10,-0.29615360498428347],5,0.8377349376678467],[[765.8645629882813,229.0938262939453,49.02949142456055,-0.2966669797897339,7.14911863042289e-8,0.9549809694290161,2.098481388657092e-8,1,-6.834238774899859e-8,-0.9549809694290161,-2.348311545219417e-10,-0.2966669797897339],5,0.846876859664917],[[765.6099243164063,228.75772094726563,49.108638763427737,-0.3149987757205963,9.704582737413148e-8,0.9490920901298523,2.6885201620530098e-8,1,-9.332816119922427e-8,-0.9490920901298523,-3.881725163523697e-9,-0.3149987757205963],5,0.8627932071685791],[[765.4199829101563,228.46987915039063,49.17128372192383,-0.32098588347435,1.1619027873166488e-7,0.9470839500427246,3.146036320345047e-8,1,-1.1201957761386439e-7,-0.9470839500427246,-6.161096965939805e-9,-0.32098588347435],5,0.8865327835083008],[[765.1043701171875,227.92201232910157,49.27836608886719,-0.3274395763874054,1.480773050843709e-7,0.9448721408843994,3.9341866653330729e-8,1,-1.4308309914667917e-7,-0.9448721408843994,-9.678032597548736e-9,-0.3274395763874054],5,0.895498514175415],[[764.9153442382813,227.5524139404297,49.34383010864258,-0.33296898007392886,1.6716376194381156e-7,0.9429377913475037,4.418429355723674e-8,1,-1.6167743410733238e-7,-0.9429377913475037,-1.2170536578537395e-8,-0.33296898007392886],5,0.9064381122589111],[[764.6638793945313,227.01193237304688,49.43256378173828,-0.3467312455177307,1.3935650144958346e-7,0.9379644989967346,3.6781219847625837e-8,1,-1.3497664497208462e-7,-0.9379644989967346,-1.2301139662440619e-8,-0.3467312455177307],5,0.925255537033081],[[764.4761962890625,226.57080078125,49.50166320800781,-0.36767080426216128,1.0506053627068468e-7,0.9299560189247131,2.6882254644533533e-8,1,-1.0234539615794347e-7,-0.9299560189247131,-1.2630100520993892e-8,-0.36767080426216128],5,0.9376914501190186],[[764.35205078125,226.2596893310547,49.5501708984375,-0.37826821208000185,8.226469105920842e-8,0.9256960153579712,2.008589383706294e-8,1,-8.066020740216118e-8,-0.9256960153579712,-1.1917762776647578e-8,-0.37826821208000185],5,0.9478151798248291],[[764.1668090820313,225.76747131347657,49.62553024291992,-0.38327279686927798,4.825391997087536e-8,0.9236351847648621,9.786714549875342e-9,1,-4.8182375422811677e-8,-0.9236351847648621,-9.427640002002136e-9,-0.38327279686927798],5,0.958336591720581],[[763.9820556640625,225.24459838867188,49.70213317871094,-0.3838203251361847,1.432877549945033e-8,0.923407793045044,-4.817903853648886e-10,1,-1.5717537493742385e-8,-0.923407793045044,-6.477598901710735e-9,-0.3838203251361847],5,0.9703710079193115],[[763.7973022460938,224.69107055664063,49.778934478759769,-0.38552403450012209,-1.9581028354309639e-8,0.9226977825164795,-1.079776801304888e-8,1,1.6709945427351159e-8,-0.9226977825164795,-3.5209914983624914e-9,-0.38552403450012209],5,0.9835779666900635],[[763.6127319335938,224.10687255859376,49.85600662231445,-0.38410332798957827,-5.3451056913900177e-8,0.9232901334762573,-2.1057212862274356e-8,1,4.9131806179048e-8,-0.9232901334762573,-5.702269212370936e-10,-0.38410332798957827],5,0.9966113567352295],[[763.4281616210938,223.49203491210938,49.93287658691406,-0.38409700989723208,-8.730446410254445e-8,0.9232927560806274,-3.130957182406746e-8,1,8.153269703825572e-8,-0.9232927560806274,2.4085662353456884e-9,-0.38409700989723208],5,1.008319616317749],[[763.3051147460938,223.0651092529297,49.98408508300781,-0.38406631350517275,-1.0986136089741194e-7,0.9233055114746094,-3.8139038593953958e-8,1,1.0312236042864242e-7,-0.9233055114746094,4.391841113005057e-9,-0.38406631350517275],7,1.0192835330963135],[[763.1725463867188,222.2238006591797,50.03923797607422,-0.38083332777023318,-9.375406762046623e-8,0.9246436953544617,-3.0582491206132548e-8,1,8.879877810841208e-8,-0.9246436953544617,5.539627423445381e-9,-0.38083332777023318],7,1.0397403240203858],[[763.1693725585938,222.28396606445313,50.04054641723633,-0.37759748101234438,-5.272157821423207e-8,0.9259698390960693,-1.4333151554524193e-8,1,5.1091745945086589e-8,-0.9259698390960693,6.020049791999327e-9,-0.37759748101234438],8,1.0737762451171876],[[763.1693725585938,223.36770629882813,50.040584564208987,-0.3597363829612732,-1.8658305123153697e-8,0.9330539703369141,-1.4134653447683832e-9,1,1.9452068400482859e-8,-0.9330539703369141,5.67877700419217e-9,-0.3597363829612732],3,1.086090087890625],[[763.1461791992188,224.1761016845703,50.04954147338867,-0.3478696346282959,8.570312459710295e-9,0.9375429153442383,8.555478103744463e-9,1,-5.966789284883589e-9,-0.9375429153442383,5.945463232848169e-9,-0.3478696346282959],5,1.1079113483428956],[[763.0857543945313,224.92999267578126,50.0723991394043,-0.3337191343307495,3.5742207415978558e-8,0.9426725506782532,1.8138200275075179e-8,1,-3.1494650443164576e-8,-0.9426725506782532,6.588016354669435e-9,-0.3337191343307495],5,1.1152870655059815],[[763.04150390625,225.28651428222657,50.088802337646487,-0.32276973128318789,4.92826828235593e-8,0.9464775323867798,2.2786013076370183e-8,1,-4.429903910363464e-8,-0.9464775323867798,7.268059043497033e-9,-0.32276973128318789],5,1.1257250308990479],[[762.9574584960938,225.7957305908203,50.11918640136719,-0.3115251064300537,6.960732434890815e-8,0.9502379298210144,2.9525653033601885e-8,1,-6.357286252978156e-8,-0.9502379298210144,8.251853422791556e-9,-0.3115251064300537],5,1.1347830295562745],[[762.8895263671875,226.11817932128907,50.14309310913086,-0.28661713004112246,8.296225217918618e-8,0.9580451846122742,3.371582479871904e-8,1,-7.650861988395263e-8,-0.9580451846122742,1.0372602332608949e-8,-0.28661713004112246],5,1.1478238105773926],[[762.7695922851563,226.57630920410157,50.18339920043945,-0.2704004645347595,1.0315088871948319e-7,0.9627479314804077,3.966591677340148e-8,1,-9.600145745025657e-8,-0.9627479314804077,1.2229439683153487e-8,-0.2704004645347595],5,1.1593470573425294],[[762.627685546875,227.00376892089845,50.22802734375,-0.25184252858161929,1.2325294562742784e-7,0.9677682518959045,4.524639152236887e-8,1,-1.155834326027616e-7,-0.9677682518959045,1.4679197413158818e-8,-0.25184252858161929],5,1.1708877086639405],[[762.4636840820313,227.40057373046876,50.275325775146487,-0.2156796008348465,1.4293415517840914e-7,0.9764642119407654,5.0236820925420037e-8,1,-1.3528308784316324e-7,-0.9764642119407654,1.9876653212236307e-8,-0.2156796008348465],5,1.1814115047454835],[[762.2134399414063,227.88197326660157,50.33437728881836,-0.19695472717285157,1.6960203197413649e-7,0.9804126024246216,5.627195420743192e-8,1,-1.6168601746358036e-7,-0.9804126024246216,2.3324906450739037e-8,-0.19695472717285157],5,1.1981005668640137],[[761.8869018554688,228.40707397460938,50.39978790283203,-0.14945727586746217,1.149377126807849e-7,0.9887681603431702,3.5785866714377337e-8,1,-1.1083412232437695e-7,-0.9887681603431702,1.8818960612065895e-8,-0.14945727586746217],5,1.2220923900604249],[[761.689208984375,228.68125915527345,50.43018341064453,-0.10667131841182709,8.211365098986789e-8,0.9942943453788757,2.4739305715115735e-8,1,-7.993073580792043e-8,-0.9942943453788757,1.6071835418074444e-8,-0.10667131841182709],5,1.2446153163909913],[[761.35791015625,229.0701141357422,50.46597671508789,-0.08735456317663193,2.8776605986990945e-8,0.9961772561073303,7.036289328965495e-9,1,-2.8270020990817103e-8,-0.9961772561073303,4.539876030662526e-9,-0.08735456317663193],5,1.2545478343963624],[[761.22509765625,229.20181274414063,50.47773361206055,-0.07709282636642456,7.567441784317453e-9,0.9970239400863648,9.974710640792139e-11,1,-7.58231788466901e-9,-0.9970239400863648,-4.850920776178214e-10,-0.07709282636642456],5,1.2647240161895753],[[761.0256958007813,229.37380981445313,50.493343353271487,-0.07337415218353272,-2.4148004484914055e-8,0.9973044991493225,-1.0198997202337523e-8,1,2.3462906284521524e-8,-0.9973044991493225,-8.449934973953077e-9,-0.07337415218353272],5,1.274266242980957],[[760.8927612304688,229.47145080566407,50.503177642822269,-0.07287805527448654,-4.527606378701421e-8,0.9973408579826355,-1.705214813796374e-8,1,4.415073817654047e-8,-0.9973408579826355,-1.3789184016843592e-8,-0.07287805527448654],5,1.284618616104126],[[760.693359375,229.59234619140626,50.51774215698242,-0.07278589904308319,-7.695730630530307e-8,0.9973475933074951,-2.731841952652303e-8,1,7.516828759435157e-8,-0.9973475933074951,-2.1774768654836408e-8,-0.07278589904308319],5,1.2942836284637452],[[760.5604248046875,229.6559295654297,50.52743911743164,-0.07273174077272415,-9.806687728541874e-8,0.9973515272140503,-3.41562440553389e-8,1,9.583645521615836e-8,-0.9973515272140503,-2.7095429899759439e-8,-0.07273174077272415],5,1.3027703762054444],[[760.2280883789063,229.7552490234375,50.55168151855469,-0.0727262869477272,-1.5080458126703889e-7,0.9973519444465637,-5.1235929277027029e-8,1,1.4746889576144896e-7,-0.9973519444465637,-4.037538658963058e-8,-0.0727262869477272],5,1.322113037109375],[[760.0951538085938,229.77113342285157,50.561378479003909,-0.0693625807762146,-1.3680300980922767e-7,0.997591495513916,-4.629853478377299e-8,1,1.3391415620844783e-7,-0.997591495513916,-3.6898391897466357e-8,-0.0693625807762146],5,1.3333466053009034],[[759.9620971679688,229.7733917236328,50.57073211669922,-0.06930806487798691,-1.229448969297664e-7,0.9975953102111816,-4.1356063462671958e-8,1,1.2036804264425883e-7,-0.9975953102111816,-3.2914137193529316e-8,-0.06930806487798691],5,1.3434226512908936],[[759.7625122070313,229.75123596191407,50.5845947265625,-0.06926653534173966,-1.021734661321716e-7,0.9975981712341309,-3.393715530819463e-8,1,1.0006309025811788e-7,-0.9975981712341309,-2.6924620755153229e-8,-0.06926653534173966],5,1.3532583713531495],[[759.5629272460938,229.69842529296876,50.59844207763672,-0.06760910898447037,-8.136969853467235e-8,0.9977118968963623,-2.6565633248765154e-8,1,7.975611282518003e-8,-0.9977118968963623,-2.1112606773954213e-8,-0.06760910898447037],5,1.3647186756134034],[[759.4298706054688,229.6461944580078,50.60750198364258,-0.06753812730312348,-6.753748493792955e-8,0.9977166652679443,-2.165158008438084e-8,1,6.622639148190501e-8,-0.9977166652679443,-1.71293361717062e-8,-0.06753812730312348],5,1.375760555267334],[[759.1637573242188,229.50083923339845,50.625511169433597,-0.06751423329114914,-3.9894906933568566e-8,0.997718334197998,-1.1825367352003014e-8,1,3.918593804996817e-8,-0.997718334197998,-9.152777202814378e-9,-0.06751423329114914],5,1.3884592056274415],[[759.0307006835938,229.40771484375,50.63451385498047,-0.06581515073776245,-2.6066622638154514e-8,0.9978318214416504,-6.94063562178826e-9,1,2.5665469749469595e-8,-0.9978318214416504,-5.236410416387116e-9,-0.06581515073776245],5,1.399914026260376],[[758.7645874023438,229.1806182861328,50.65211868286133,-0.06421706080436707,1.5492717109211185e-9,0.997935950756073,2.7762823151533668e-9,1,-1.3738227222503952e-9,-0.997935950756073,2.682329025560648e-9,-0.06421706080436707],5,1.414041519165039],[[758.6315307617188,229.046630859375,50.66071319580078,-0.06069749593734741,1.5333656122606955e-8,0.9981561899185181,7.584986860820209e-9,1,-1.4900740197276719e-8,-0.9981561899185181,6.666563745483245e-9,-0.06069749593734741],5,1.425551414489746],[[758.4319458007813,228.82009887695313,50.67295837402344,-0.05081883445382118,3.594224295966342e-8,0.9987078905105591,1.4597707043151331e-8,1,-3.524594660575531e-8,-0.9987078905105591,1.2787687353466027e-8,-0.05081883445382118],5,1.4370989799499512],[[758.2987670898438,228.6520538330078,50.68000030517578,-0.05033191293478012,4.971214551119374e-8,0.9987325668334961,1.9260291139744369e-8,1,-4.8804597696516797e-8,-0.9987325668334961,1.677945071776321e-8,-0.05033191293478012],5,1.446462869644165],[[758.0989990234375,228.37442016601563,50.690067291259769,-0.03446498513221741,7.009614932940167e-8,0.9994059205055237,2.5914912882285536e-8,1,-6.924413042952438e-8,-0.9994059205055237,2.3513019087317845e-8,-0.03446498513221741],7,1.4605627059936524],[[757.7658081054688,227.8435821533203,50.702144622802737,-0.013422928750514984,1.0398708383263511e-7,0.9999099373817444,3.6268648528903216e-8,1,-1.0350957779792225e-7,-0.9999099373817444,3.487597766138606e-8,-0.013422928750514984],7,1.4766523838043213],[[757.6325073242188,227.60740661621095,50.704654693603519,0.01280194241553545,1.1678725542196844e-7,0.9999180436134338,4.004579068350722e-8,1,-1.1730953275446154e-7,-0.9999180436134338,4.154429689151584e-8,0.01280194241553545],7,1.4876055717468262],[[757.4325561523438,227.5447235107422,50.70319747924805,0.03201189264655113,8.572013854291072e-8,0.9994874596595764,2.851908398326941e-8,1,-8.667750961421916e-8,-0.9994874596595764,3.127917835854532e-8,0.03201189264655113],8,1.4991114139556885],[[757.2992553710938,227.56459045410157,50.69964599609375,0.07735509425401688,6.40575947841171e-8,0.9970036149024963,2.1773232106170327e-8,1,-6.593944590349565e-8,-0.9970036149024963,2.6808741893091793e-8,0.07735509425401688],8,1.510331392288208],[[757.0333251953125,227.6181182861328,50.680912017822269,0.1069219559431076,2.295105439031886e-8,0.9942674040794373,9.526742950072276e-9,1,-2.4107873031198325e-8,-0.9942674040794373,1.2049790498736002e-8,0.1069219559431076],8,1.5235047340393067],[[756.9109497070313,227.64801025390626,50.67153549194336,0.17263387143611909,-8.087890357444394e-9,0.9849860668182373,2.448341751559724e-9,1,7.78206299401063e-9,-0.9849860668182373,1.0681349138508268e-9,0.17263387143611909],8,1.53814697265625],[[756.88720703125,227.67333984375,50.669715881347659,0.2494419515132904,-4.836891775994445e-8,0.9683897495269775,-3.617190103000212e-9,1,5.087951038262872e-8,-0.9683897495269775,-1.6194334762076325e-8,0.2494419515132904],8,1.5662493705749512],[[756.88671875,227.68992614746095,50.669681549072269,0.37440523505210879,-9.617518514914991e-8,0.9272651672363281,-3.802668846475399e-9,1,1.0525459970267548e-7,-0.9272651672363281,-4.2933951505119697e-8,0.37440523505210879],8,1.5839307308197022],[[756.88671875,227.69662475585938,50.669681549072269,0.44917529821395876,-8.260127515313798e-8,0.8934436440467835,-4.924829433150535e-10,1,9.270029011076986e-8,-0.8934436440467835,-4.2078685424939979e-8,0.44917529821395876],8,1.5902245044708253],[[756.88671875,227.69873046875,50.669681549072269,0.48584720492362978,-6.756908987881616e-8,0.8740437626838684,4.325758085066411e-10,1,7.706584881361778e-8,-0.8740437626838684,-3.7064136648723436e-8,0.48584720492362978],8,1.5993175506591797],[[756.88671875,227.70028686523438,50.669681549072269,0.5204440951347351,-5.281498616227509e-8,0.8538957238197327,7.187404560404786e-10,1,6.141372921319999e-8,-0.8538957238197327,-3.1348683648957379e-8,0.5204440951347351],8,1.6078879833221436],[[756.88671875,227.7017822265625,50.669681549072269,0.5858529806137085,-3.037488838231184e-8,0.8104173541069031,-7.006365487782773e-10,1,3.798704639734751e-8,-0.8104173541069031,-2.2822632672614419e-8,0.5858529806137085],8,1.6198358535766602],[[756.88671875,227.70242309570313,50.669681549072269,0.6151639223098755,-1.631322810169422e-8,0.7883992195129395,-2.218734085346341e-9,1,2.2422794287990656e-8,-0.7883992195129395,-1.5542942932711413e-8,0.6151639223098755],8,1.6305859088897706],[[756.88671875,227.70321655273438,50.669681549072269,0.6436613202095032,1.0660376581483888e-8,0.7653104662895203,-6.3919438630932749e-9,1,-8.55356052653633e-9,-0.7653104662895203,6.137745311995957e-10,0.6436613202095032],8,1.6436729431152344],[[756.88671875,227.70358276367188,50.669681549072269,0.6967740058898926,3.036883811091684e-8,0.7172907590866089,-1.1172683223037439e-8,1,-3.148514693407378e-8,-0.7172907590866089,1.3923969532925185e-8,0.6967740058898926],8,1.6591436862945557],[[756.88671875,227.7038116455078,50.669681549072269,0.7520965337753296,4.892034866088579e-8,0.6590529680252075,-1.777427627303041e-8,1,-5.3944642530723289e-8,-0.6590529680252075,2.885738936697635e-8,0.7520965337753296],8,1.6723377704620362],[[756.88671875,227.7039031982422,50.669681549072269,0.780150294303894,6.078493441918909e-8,0.6255921721458435,-2.2822085554707884e-8,1,-6.870335056419208e-8,-0.6255921721458435,3.932162329078892e-8,0.780150294303894],8,1.6807968616485596],[[756.88671875,227.70401000976563,50.669681549072269,0.8067144751548767,7.875649288280329e-8,0.5909413695335388,-3.134838166829468e-8,1,-9.047817428609051e-8,-0.5909413695335388,5.446500139782984e-8,0.8067144751548767],8,1.692796230316162],[[756.88671875,227.70407104492188,50.669681549072269,0.8422555923461914,9.491144936646379e-8,0.539078414440155,-4.1219845314799389e-8,1,-1.1166056879119424e-7,-0.539078414440155,7.182600825217378e-8,0.8422555923461914],8,1.703566551208496],[[756.88671875,227.70411682128907,50.669681549072269,0.8497070670127869,7.117384370758373e-8,0.5272550582885742,-3.2120752280206946e-8,1,-8.322464850607503e-8,-0.5272550582885742,5.378074519057918e-8,0.8497070670127869],8,1.7183201313018799],[[756.88671875,227.70413208007813,50.669681549072269,0.8450712561607361,4.8930704821259499e-8,0.5346537232398987,-2.3275948279888327e-8,1,-5.4728637621792589e-8,-0.5346537232398987,3.3805026333766366e-8,0.8450712561607361],8,1.7294108867645264],[[756.88671875,227.70413208007813,50.669681549072269,0.8450697064399719,2.6235376537897538e-8,0.5346561670303345,-1.4436897899372525e-8,1,-2.6250873474964466e-8,-0.5346561670303345,1.4465041608957563e-8,0.8450697064399719],8,1.7420315742492676],[[756.88671875,227.70413208007813,50.669681549072269,0.845069944858551,3.5544918119967407e-9,0.5346558094024658,-5.603502106765745e-9,1,2.208634608535931e-9,-0.5346558094024658,-4.8623953752269248e-9,0.845069944858551],8,1.7523181438446046],[[756.88671875,227.70413208007813,50.669681549072269,0.8450729250907898,-1.9111826787820975e-8,0.5346510410308838,3.224394973244671e-9,1,3.064985776290996e-8,-0.5346510410308838,-2.4177438717742917e-8,0.8450729250907898],8,1.764528512954712],[[756.88671875,227.70413208007813,50.669681549072269,0.8450714349746704,-3.421472172249196e-8,0.5346534252166748,9.106462250940695e-9,1,4.960056187996997e-8,-0.5346534252166748,-3.704721507347131e-8,0.8450714349746704],8,1.7750859260559083],[[756.88671875,227.70413208007813,50.669681549072269,0.8450716137886047,-5.685684811851388e-8,0.5346531867980957,1.792485804230637e-8,1,7.801143198093996e-8,-0.5346531867980957,-5.634166200252366e-8,0.8450716137886047],8,1.7858431339263917],[[756.88671875,227.70413208007813,50.669681549072269,0.8450716137886047,-7.194353912609586e-8,0.5346531867980957,2.380064856311037e-8,1,9.694188918274449e-8,-0.5346531867980957,-6.919774619973396e-8,0.8450716137886047],8,1.7963898181915284],[[756.88671875,227.70413208007813,50.669681549072269,0.8450710773468018,-6.896102888731548e-8,0.5346539616584778,2.366437712453262e-8,1,9.157876235121876e-8,-0.5346539616584778,-6.473830893582999e-8,0.8450710773468018],8,1.8079946041107178],[[756.88671875,227.70413208007813,50.669681549072269,0.845072865486145,-4.267172570848743e-8,0.5346511006355286,1.5986964641001579e-8,1,5.45431859677592e-8,-0.5346511006355286,-3.7545518694059868e-8,0.845072865486145],8,1.8281068801879883],[[756.88671875,227.70413208007813,50.669681549072269,0.8431994915008545,-3.229489209388703e-8,0.5376007556915283,1.2970043705706758e-8,1,3.972940376684164e-8,-0.5376007556915283,-2.652710939798908e-8,0.8431994915008545],8,1.840301275253296],[[756.778076171875,227.70413208007813,50.7389030456543,0.8450711369514465,-1.120001424936845e-8,0.534653902053833,6.836732069359641e-9,1,1.0142055195672129e-8,-0.534653902053833,-4.915472917588204e-9,0.8450711369514465],8,1.8542754650115967],[[756.6163940429688,227.70413208007813,50.841312408447269,0.8515468835830689,4.600719805125664e-9,0.5242784023284912,1.9693375818974347e-9,1,-1.1973987135149855e-8,-0.5242784023284912,1.1228893370685e-8,0.8515468835830689],8,1.8773956298828126],[[756.3070678710938,227.70413208007813,50.846641540527347,0.8667344450950623,3.047591334848221e-8,0.4987699091434479,-7.225700482393904e-9,1,-4.8545732767024677e-8,-0.4987699091434479,3.847229379516648e-8,0.8667344450950623],8,1.888918161392212],[[756.1138305664063,227.70413208007813,50.79670333862305,0.9039718508720398,4.300247979927008e-8,0.4275919795036316,-1.44799798817985e-8,1,-6.99568474260559e-8,-0.4275919795036316,5.704749739265935e-8,0.9039718508720398],8,1.9147450923919678],[[755.7362060546875,227.70413208007813,50.665138244628909,0.9545788764953613,6.656753726019815e-8,0.2979584038257599,-3.5345827598121107e-8,1,-1.1017363021892379e-7,-0.2979584038257599,9.463782646434993e-8,0.9545788764953613],8,1.921638011932373],[[755.6755981445313,227.7007293701172,50.63774871826172,0.9615566730499268,6.953472819759554e-8,0.2746066451072693,-3.896762734711956e-8,1,-1.1676755207190581e-7,-0.2746066451072693,1.0157784657849334e-7,0.9615566730499268],8,1.9314355850219727],[[755.4993286132813,227.69818115234376,50.54360580444336,0.9684574604034424,5.162637606304088e-8,0.24917897582054139,-3.1281398804594576e-8,1,-8.560783726352384e-8,-0.24917897582054139,7.5112879471817e-8,0.9684574604034424],8,1.9412877559661866],[[755.3839721679688,227.69871520996095,50.47686004638672,0.9728050827980042,4.00588326954221e-8,0.23162516951560975,-2.570913792965257e-8,1,-6.49707132538424e-8,-0.23162516951560975,5.724895757452941e-8,0.9728050827980042],8,1.949857473373413],[[755.27001953125,227.6995086669922,50.4077033996582,0.9727688431739807,2.9860871109121948e-8,0.23177747428417207,-2.0130547895291785e-8,1,-4.4346418093255127e-8,-0.23177747428417207,3.847300433790224e-8,0.9727688431739807],8,1.95855712890625],[[755.099609375,227.70042419433595,50.30303192138672,0.9727588891983032,1.4556171379354055e-8,0.23181912302970887,-1.1763675367149063e-8,1,-1.3428362422018836e-8,-0.23181912302970887,1.0335513778159111e-8,0.9727588891983032],8,1.9710376262664796],[[754.9293212890625,228.3527069091797,50.19828414916992,0.9747438430786133,-8.31647251064993e-10,0.2233259230852127,-3.1322946458800517e-9,1,1.7395347384763228e-8,-0.2233259230852127,-1.765553037103018e-8,0.9747438430786133],3,1.9848997592926026],[[754.7032470703125,229.1747283935547,50.05689239501953,0.9555978178977966,-2.2134699406706205e-8,0.29467400908470156,4.989676227751261e-9,1,5.893487298180844e-8,-0.29467400908470156,-5.4847706820737588e-8,0.9555978178977966],5,2.0110669136047365],[[754.420654296875,230.1256103515625,49.880226135253909,0.9315370321273804,-4.9665839441104256e-8,0.36364641785621645,9.379626852989987e-9,1,1.1254990539555365e-7,-0.36364641785621645,-1.0143354245428782e-7,0.9315370321273804],5,2.0188848972320558],[[754.3064575195313,230.4821319580078,49.81135177612305,0.9534788727760315,-5.112644174687375e-8,0.30145975947380068,1.110192116016151e-8,1,1.3448226354739746e-7,-0.30145975947380068,-1.2487922163018084e-7,0.9534788727760315],5,2.0300488471984865],[[754.1341552734375,230.99134826660157,49.7098388671875,0.943469226360321,-5.1630451025630467e-8,0.3314601480960846,7.805895485546444e-9,1,1.335479709041465e-7,-0.3314601480960846,-1.2341105559698918e-7,0.943469226360321],5,2.040508985519409],[[754.0188598632813,231.3137969970703,49.64281463623047,0.950064480304718,-4.1427675512295539e-8,0.31205374002456667,3.6220835220035498e-9,1,1.2173052255093354e-7,-0.31205374002456667,-1.1452155490587757e-7,0.950064480304718],5,2.050368070602417],[[753.8453979492188,231.7719268798828,49.543243408203128,0.9398481249809265,-3.366133682902728e-8,0.34159255027770998,-2.0206745166007069e-9,1,1.0410198569843488e-7,-0.34159255027770998,-9.85303074685362e-8,0.9398481249809265],5,2.060852527618408],[[753.7294311523438,232.060302734375,49.47743606567383,0.9483433365821838,-2.3897875678358106e-8,0.317245751619339,-5.7458029445456308e-9,1,9.250516086467542e-8,-0.317245751619339,-8.95494878250247e-8,0.9483433365821838],5,2.0701301097869875],[[753.6133422851563,232.33506774902345,49.411773681640628,0.9483089447021484,-1.685735284695511e-8,0.3173486292362213,-9.319094829152164e-9,1,8.096689896319731e-8,-0.3173486292362213,-7.973903137781235e-8,0.9483089447021484],5,2.0809028148651125],[[753.3811645507813,232.8437042236328,49.280487060546878,0.9303991198539734,-6.879003588977639e-9,0.366548091173172,-1.539373606362915e-8,1,5.784049506019073e-8,-0.366548091173172,-5.9457288870135019e-8,0.9303991198539734],5,2.093590497970581],[[753.20703125,233.18942260742188,49.18202209472656,0.940222978591919,4.798335062616843e-9,0.3405593931674957,-1.9804957673841274e-8,1,4.058834335296524e-8,-0.3405593931674957,-4.4906858676085906e-8,0.940222978591919],5,2.10520601272583],[[753.091064453125,233.4028778076172,49.11623001098633,0.9509372115135193,1.2672036753258454e-8,0.30938389897346499,-2.2794948151272366e-8,1,2.9104709753369208e-8,-0.30938389897346499,-3.4729144005041238e-8,0.9509372115135193],5,2.1161773204803469],[[752.917724609375,233.69749450683595,49.01648712158203,0.9441801905632019,2.1498767210914594e-8,0.3294294476509094,-2.686220490488722e-8,1,1.172935437665501e-8,-0.3294294476509094,-