[[[776,222.69961547851563,47,1,0,0,0,1,0,0,0,1],8,0.005799055099487305],[[775.899169921875,222.69961547851563,46.99427795410156,0.9955131411552429,0,0.09462349116802216,0,1,0,-0.09462349116802216,0,0.9955131411552429],8,0.021720409393310548],[[775.6424560546875,222.69961547851563,46.979713439941409,0.9623028635978699,0,0.2719801068305969,0,1,0,-0.2719801068305969,0,0.9623028635978699],8,0.041074275970458987],[[775.3764038085938,222.69961547851563,46.964622497558597,0.9017517566680908,0,0.43225425481796267,0,1,0,-0.43225425481796267,0,0.9017517566680908],8,0.04848170280456543],[[775.2433471679688,222.69961547851563,46.957069396972659,0.8658589720726013,0,0.500288188457489,0,1,0,-0.500288188457489,0,0.8658589720726013],8,0.05838370323181152],[[775.1101684570313,222.69961547851563,46.94951629638672,0.8285622596740723,0,0.5598968863487244,0,1,0,-0.5598968863487244,0,0.8285622596740723],8,0.06642532348632813],[[774.9769897460938,222.69961547851563,46.94196319580078,0.7904842495918274,0,0.6124823689460754,0,1,0,-0.6124823689460754,0,0.7904842495918274],8,0.07651019096374512],[[774.8438110351563,222.69961547851563,46.934410095214847,0.7522016167640686,0,0.6589329838752747,0,1,0,-0.6589329838752747,0,0.7522016167640686],8,0.08522391319274903],[[774.64404296875,222.69961547851563,46.92308044433594,0.6949701309204102,0,0.7190386056900024,0,1,0,-0.7190386056900024,0,0.6949701309204102],8,0.09492230415344238],[[774.4442749023438,222.69961547851563,46.91175079345703,0.6391791105270386,0,0.7690579295158386,0,1,0,-0.7690579295158386,0,0.6391791105270386],8,0.11031293869018555],[[774.2445068359375,222.69961547851563,46.900421142578128,0.5860942602157593,0,0.8102428913116455,0,1,0,-0.8102428913116455,0,0.5860942602157593],8,0.1230475902557373],[[773.9781494140625,222.69961547851563,46.88531494140625,0.5199385285377502,0,0.8542037010192871,0,1,0,-0.8542037010192871,0,0.5199385285377502],8,0.1355593204498291],[[773.7783813476563,222.69961547851563,46.873985290527347,0.47454941272735598,0,0.8802288770675659,0,1,0,-0.8802288770675659,0,0.47454941272735598],8,0.15255999565124513],[[773.57861328125,222.69961547851563,46.86265563964844,0.43323415517807009,0,0.9012814164161682,0,1,0,-0.9012814164161682,0,0.43323415517807009],8,0.16880011558532716],[[773.3788452148438,222.69961547851563,46.85132598876953,0.39558514952659609,0,0.9184293150901794,0,1,0,-0.9184293150901794,0,0.39558514952659609],8,0.175764799118042],[[773.2456665039063,222.69961547851563,46.843772888183597,0.3725363612174988,0,0.9280176162719727,0,1,0,-0.9280176162719727,0,0.3725363612174988],8,0.18355321884155274],[[773.1124877929688,222.69961547851563,46.836219787597659,0.3511081337928772,0,0.9363349080085754,0,1,0,-0.9363349080085754,0,0.3511081337928772],8,0.1945052146911621],[[772.9127197265625,222.69961547851563,46.82489013671875,0.32134944200515749,0,0.9469606876373291,0,1,0,-0.9469606876373291,0,0.32134944200515749],8,0.20290684700012208],[[772.779541015625,222.69961547851563,46.81733703613281,0.30308637022972109,0,0.95296311378479,0,1,0,-0.95296311378479,0,0.30308637022972109],8,0.21561288833618165],[[772.5797729492188,222.69961547851563,46.806007385253909,0.2778947651386261,0,0.9606115221977234,0,1,0,-0.9606115221977234,0,0.2778947651386261],8,0.2242276668548584],[[772.4465942382813,222.69961547851563,46.79845428466797,0.26249393820762637,0,0.9649336338043213,0,1,0,-0.9649336338043213,0,0.26249393820762637],8,0.23445582389831544],[[772.246826171875,222.69961547851563,46.78712463378906,0.24130317568778993,0,0.9704498052597046,0,1,0,-0.9704498052597046,0,0.24130317568778993],8,0.2467961311340332],[[772.1136474609375,222.69961547851563,46.779571533203128,0.22837306559085847,0,0.9735736846923828,0,1,0,-0.9735736846923828,0,0.22837306559085847],8,0.2561209201812744],[[771.9138793945313,222.69961547851563,46.76824188232422,0.21060846745967866,0,0.9775704741477966,0,1,0,-0.9775704741477966,0,0.21060846745967866],8,0.26783275604248049],[[771.714111328125,222.69961547851563,46.75691223144531,0.19455550611019135,0,0.9808915257453919,0,1,0,-0.9808915257453919,0,0.19455550611019135],8,0.27910900115966799],[[771.5809326171875,222.69961547851563,46.749359130859378,0.18482163548469544,0,0.9827720522880554,0,1,0,-0.9827720522880554,0,0.18482163548469544],8,0.28999853134155276],[[771.3811645507813,222.69961547851563,46.73802947998047,0.1714865267276764,0,0.9851864576339722,0,1,0,-0.9851864576339722,0,0.1714865267276764],8,0.30077242851257326],[[771.2479858398438,222.69961547851563,46.73047637939453,0.16337428987026215,0,0.9865641593933106,0,1,0,-0.9865641593933106,0,0.16337428987026215],8,0.31279611587524416],[[770.9816284179688,222.69961547851563,46.715370178222659,0.14866141974925996,0,0.988888144493103,0,1,0,-0.988888144493103,0,0.14866141974925996],8,0.3243117332458496],[[770.7818603515625,222.69961547851563,46.70404052734375,0.13889649510383607,0,0.9903069138526917,0,1,0,-0.9903069138526917,0,0.13889649510383607],8,0.33570241928100588],[[770.648681640625,222.69961547851563,46.69648742675781,0.13303768634796143,0,0.9911109805107117,0,1,0,-0.9911109805107117,0,0.13303768634796143],8,0.3478415012359619],[[770.38232421875,222.69961547851563,46.68138122558594,0.05304444581270218,0,0.9985921382904053,0,1,0,-0.9985921382904053,0,0.05304444581270218],8,0.3631093502044678],[[770.1825561523438,222.67919921875,46.67005157470703,0.056255169212818149,0,0.9984164237976074,0,1,0,-0.9984164237976074,0,0.056255169212818149],8,0.38599562644958498],[[769.849609375,222.5770263671875,46.65116882324219,0.04084230214357376,0,0.9991655945777893,0,1,0,-0.9991655945777893,0,0.04084230214357376],8,0.3976624011993408],[[769.7164306640625,222.51231384277345,46.64361572265625,0.04092487692832947,0,0.9991621971130371,0,1,0,-0.9991621971130371,0,0.04092487692832947],8,0.40535569190979006],[[769.5166625976563,222.49050903320313,46.63483428955078,0.03045365959405899,0,0.9995361566543579,0,1,0,-0.9995361566543579,0,0.03045365959405899],8,0.416323184967041],[[769.3833618164063,222.4989776611328,46.63038635253906,0.030455049127340318,0,0.9995361566543579,0,1,0,-0.9995361566543579,0,0.030455049127340318],8,0.4250905513763428],[[769.1834106445313,222.51556396484376,46.62423324584961,0.004259096458554268,0,0.9999909400939941,0,1,0,-0.9999909400939941,0,0.004259096458554268],8,0.43833065032958987],[[769.0501098632813,222.52491760253907,46.62276077270508,-0.009714589454233647,0,0.9999527931213379,0,1,0,-0.9999527931213379,0,-0.009714589454233647],8,0.4492316246032715],[[768.6502075195313,222.542236328125,46.625938415527347,-0.06382002681493759,0,0.9979614019393921,0,1,0,-0.9979614019393921,0,-0.06382002681493759],8,0.4696817398071289],[[768.51708984375,222.54541015625,46.63258361816406,-0.07427525520324707,0,0.9972378015518189,0,1,0,-0.9972378015518189,0,-0.07427525520324707],8,0.48069286346435549],[[768.3840942382813,222.54776000976563,46.641868591308597,-0.07427525520324707,0,0.9972378015518189,0,1,0,-0.9972378015518189,0,-0.07427525520324707],8,0.48961591720581057],[[768.1846923828125,222.55018615722657,46.6566276550293,-0.07427525520324707,0,0.9972378015518189,0,1,0,-0.9972378015518189,0,-0.07427525520324707],8,0.49876880645751955],[[768.0517578125,222.55128479003907,46.666526794433597,-0.07427525520324707,0,0.9972378015518189,0,1,0,-0.9972378015518189,0,-0.07427525520324707],8,0.5101344585418701],[[767.8523559570313,222.55242919921876,46.68138122558594,-0.07427525520324707,0,0.9972378015518189,0,1,0,-0.9972378015518189,0,-0.07427525520324707],8,0.5204195976257324],[[767.6529541015625,222.5531463623047,46.69623565673828,-0.07427525520324707,0,0.9972378015518189,0,1,0,-0.9972378015518189,0,-0.07427525520324707],8,0.5354490280151367],[[767.3870849609375,222.5537109375,46.716041564941409,-0.07427525520324707,0,0.9972378015518189,0,1,0,-0.9972378015518189,0,-0.07427525520324707],8,0.5577256679534912],[[767.1212158203125,222.55401611328126,46.73584747314453,-0.07427525520324707,0,0.9972378015518189,0,1,0,-0.9972378015518189,0,-0.07427525520324707],8,0.5663933753967285],[[766.9218139648438,222.55416870117188,46.750701904296878,-0.07427525520324707,0,0.9972378015518189,0,1,0,-0.9972378015518189,0,-0.07427525520324707],8,0.5792551040649414],[[766.7888793945313,222.55422973632813,46.76060485839844,-0.07427525520324707,0,0.9972378015518189,0,1,0,-0.9972378015518189,0,-0.07427525520324707],8,0.5873613357543945],[[766.6559448242188,222.5542755126953,46.7705078125,-0.07427525520324707,0,0.9972378015518189,0,1,0,-0.9972378015518189,0,-0.07427525520324707],8,0.5972936153411865],[[766.45654296875,222.5543212890625,46.785362243652347,-0.07427525520324707,0,0.9972378015518189,0,1,0,-0.9972378015518189,0,-0.07427525520324707],8,0.607957124710083],[[766.3236083984375,222.55435180664063,46.795265197753909,-0.07775833457708359,0,0.9969722628593445,0,1,0,-0.9969722628593445,0,-0.07775833457708359],8,0.6215569972991943],[[766.0577392578125,222.55435180664063,46.81586456298828,-0.065562903881073,0,0.9978484511375427,0,1,0,-0.9978484511375427,0,-0.065562903881073],8,0.6435785293579102],[[765.6585693359375,222.55435180664063,46.84257125854492,-0.06381990760564804,0,0.9979614019393921,0,1,0,-0.9979614019393921,0,-0.06381990760564804],8,0.6562979221343994],[[765.458984375,222.55435180664063,46.855403900146487,-0.06382014602422714,0,0.9979614019393921,0,1,0,-0.9979614019393921,0,-0.06382014602422714],8,0.6704850196838379],[[765.19287109375,222.55435180664063,46.8724250793457,-0.06904900819063187,0,0.997613251209259,0,1,0,-0.997613251209259,0,-0.06904900819063187],8,0.6875698566436768],[[764.9932861328125,222.55435180664063,46.88603591918945,-0.07427572458982468,0,0.9972377419471741,0,1,0,-0.9972377419471741,0,-0.07427572458982468],8,0.7002685070037842],[[764.8603515625,222.55435180664063,46.895751953125,-0.08472231030464173,0,0.9964045882225037,0,1,0,-0.9964045882225037,0,-0.08472231030464173],8,0.7074031829833984],[[764.7274780273438,222.55435180664063,46.90666198730469,-0.09168240427970886,0,0.9957882761955261,0,1,0,-0.9957882761955261,0,-0.09168240427970886],8,0.716806173324585],[[764.5946655273438,222.55435180664063,46.9185905456543,-0.10037576407194138,0,0.9949495792388916,0,1,0,-0.9949495792388916,0,-0.10037576407194138],8,0.7257952690124512],[[764.3956298828125,222.55435180664063,46.938289642333987,-0.11079729348421097,0,0.9938430190086365,0,1,0,-0.9938430190086365,0,-0.11079729348421097],8,0.7364554405212402],[[764.2630615234375,222.55435180664063,46.95268630981445,-0.12120689451694489,0,0.9926272630691528,0,1,0,-0.9926272630691528,0,-0.12120689451694489],8,0.7475917339324951],[[764.1306762695313,222.55435180664063,46.96843719482422,-0.14371399581432343,0,0.989619255065918,0,1,0,-0.989619255065918,0,-0.14371399581432343],8,0.7565257549285889],[[763.9326782226563,222.55435180664063,46.99626159667969,-0.15580296516418458,0,0.9877881407737732,0,1,0,-0.9877881407737732,0,-0.15580296516418458],8,0.7690081596374512],[[763.669189453125,222.55435180664063,47.03728485107422,-0.17303238809108735,0,0.9849161505699158,0,1,0,-0.9849161505699158,0,-0.17303238809108735],8,0.781757116317749],[[763.5377807617188,222.55435180664063,47.05975341796875,-0.1799090951681137,0,0.9836832284927368,0,1,0,-0.9836832284927368,0,-0.1799090951681137],8,0.792896032333374],[[763.4065551757813,222.55435180664063,47.08341979980469,-0.18506117165088654,0,0.9827269911766052,0,1,0,-0.9827269911766052,0,-0.18506117165088654],8,0.803290605545044],[[763.2099609375,222.55435180664063,47.12018585205078,-0.19020865857601167,0,0.9817436933517456,0,1,0,-0.9817436933517456,0,-0.19020865857601167],8,0.8146865367889404],[[763.0136108398438,222.55435180664063,47.15802001953125,-0.191923588514328,0,0.9814098477363586,0,1,0,-0.9814098477363586,0,-0.191923588514328],8,0.8243811130523682],[[762.8173217773438,222.55435180664063,47.196327209472659,-0.19363737106323243,0,0.9810732007026672,0,1,0,-0.9810732007026672,0,-0.19363737106323243],8,0.8383238315582275],[[762.6210327148438,222.55435180664063,47.2349853515625,-0.19363783299922944,0,0.9810730814933777,0,1,0,-0.9810730814933777,0,-0.19363783299922944],8,0.8501508235931397],[[762.4901733398438,222.55435180664063,47.260799407958987,-0.19535112380981446,0,0.9807333946228027,0,1,0,-0.9807333946228027,0,-0.19535112380981446],8,0.8616454601287842],[[762.2286987304688,222.55435180664063,47.31282424926758,-0.1953502893447876,0,0.9807335138320923,0,1,0,-0.9807335138320923,0,-0.1953502893447876],8,0.8737576007843018],[[762.0979614257813,222.55435180664063,47.338871002197269,-0.19535110890865327,0,0.9807333946228027,0,1,0,-0.9807333946228027,0,-0.19535110890865327],8,0.8846163749694824],[[761.90185546875,222.55435180664063,47.3779411315918,-0.19535121321678163,0,0.980733335018158,0,1,0,-0.980733335018158,0,-0.19535121321678163],8,0.8966665267944336],[[761.7057495117188,222.55435180664063,47.41701126098633,-0.19192437827587129,0,0.9814097285270691,0,1,0,-0.9814097285270691,0,-0.19192437827587129],8,0.9067234992980957],[[761.5748901367188,222.55435180664063,47.44272232055664,-0.1867792159318924,0,0.9824019074440002,0,1,0,-0.9824019074440002,0,-0.1867792159318924],8,0.9185338020324707],[[761.37841796875,222.55435180664063,47.480289459228519,-0.18162892758846284,0,0.9833671450614929,0,1,0,-0.9833671450614929,0,-0.18162892758846284],8,0.9303948879241943],[[761.1817626953125,222.55435180664063,47.516822814941409,-0.1661483496427536,0,0.9861007928848267,0,1,0,-0.9861007928848267,0,-0.1661483496427536],8,0.9419229030609131],[[761.0503540039063,222.55435180664063,47.53951644897461,-0.15753047168254853,0,0.9875141382217407,0,1,0,-0.9875141382217407,0,-0.15753047168254853],8,0.9525864124298096],[[760.72119140625,222.55435180664063,47.59245681762695,-0.12294208258390427,0,0.9924138188362122,0,1,0,-0.9924138188362122,0,-0.12294208258390427],8,0.9717304706573486],[[760.5890502929688,222.55435180664063,47.610042572021487,-0.10906306654214859,0,0.9940348267555237,0,1,0,-0.9940348267555237,0,-0.10906306654214859],8,0.9823505878448486],[[760.3903198242188,222.55435180664063,47.632564544677737,-0.09516286849975586,0,0.9954617023468018,0,1,0,-0.9954617023468018,0,-0.09516286849975586],8,0.9924509525299072],[[760.2576293945313,222.55435180664063,47.64576721191406,-0.08298413455486298,0,0.9965508580207825,0,1,0,-0.9965508580207825,0,-0.08298413455486298],8,1.0021321773529053],[[760.0584106445313,222.55435180664063,47.66290283203125,-0.053359996527433398,0,0.9985753297805786,0,1,0,-0.9985753297805786,0,-0.053359996527433398],8,1.0121452808380128],[[759.9253540039063,222.55435180664063,47.67106246948242,-0.03765607625246048,0,0.9992907643318176,0,1,0,-0.9992907643318176,0,-0.03765607625246048],8,1.0222408771514893],[[759.7255859375,222.55435180664063,47.679351806640628,-0.021942496299743654,0,0.9997592568397522,0,1,0,-0.9997592568397522,0,-0.021942496299743654],8,1.0343201160430909],[[759.525634765625,222.55435180664063,47.68437576293945,0.011243017390370369,0,0.9999368190765381,0,1,0,-0.9999368190765381,0,0.011243017390370369],8,1.0468096733093262],[[759.32568359375,222.55435180664063,47.68341827392578,0.02172206901013851,0,0.9997640252113342,0,1,0,-0.9997640252113342,0,0.02172206901013851],8,1.0573322772979737],[[759.1923828125,222.55435180664063,47.680946350097659,0.019975794479250909,0,0.999800443649292,0,1,0,-0.999800443649292,0,0.019975794479250909],8,1.068479299545288],[[758.92578125,223.41725158691407,47.675621032714847,0.019975794479250909,0,0.999800443649292,0,1,0,-0.999800443649292,0,0.019975794479250909],3,1.0860211849212647],[[758.725830078125,224.02865600585938,47.671627044677737,0.019975803792476655,0,0.999800443649292,0,1,0,-0.999800443649292,0,0.019975803792476655],5,1.1058039665222169],[[758.459228515625,224.79617309570313,47.66630172729492,0.019975818693637849,0,0.999800443649292,0,1,0,-0.999800443649292,0,0.019975818693637849],5,1.113145112991333],[[758.325927734375,225.1595001220703,47.663639068603519,0.019975826144218446,0,0.999800443649292,0,1,0,-0.999800443649292,0,0.019975826144218446],5,1.1214072704315186],[[758.192626953125,225.5092010498047,47.66097640991211,0.019975833594799043,0,0.999800443649292,0,1,0,-0.999800443649292,0,0.019975833594799043],5,1.1309115886688233],[[757.99267578125,226.00820922851563,47.656982421875,0.019975844770669938,0,0.999800443649292,0,1,0,-0.999800443649292,0,0.019975844770669938],5,1.1403608322143555],[[757.859375,226.32383728027345,47.654319763183597,0.019975852221250535,0,0.999800443649292,0,1,0,-0.999800443649292,0,0.019975852221250535],5,1.1499567031860352],[[757.72607421875,226.6258544921875,47.65165710449219,0.01997585967183113,0,0.999800443649292,0,1,0,-0.999800443649292,0,0.01997585967183113],5,1.1593596935272217],[[757.5927734375,226.9142303466797,47.64899444580078,0.019975867122411729,0,0.999800443649292,0,1,0,-0.999800443649292,0,0.019975867122411729],5,1.1694035530090333],[[757.392822265625,227.32125854492188,47.64500045776367,0.019975878298282625,0,0.999800443649292,0,1,0,-0.999800443649292,0,0.019975878298282625],5,1.1801509857177735],[[757.19287109375,227.6976318359375,47.64100646972656,0.01997588947415352,0,0.999800443649292,0,1,0,-0.999800443649292,0,0.01997588947415352],5,1.1907594203948975],[[756.992919921875,228.04335021972657,47.63701248168945,0.019975900650024415,0,0.999800443649292,0,1,0,-0.999800443649292,0,0.019975900650024415],5,1.2055330276489258],[[756.726318359375,228.4566192626953,47.63168716430664,0.019975796341896058,0,0.999800443649292,0,1,0,-0.999800443649292,0,0.019975796341896058],5,1.2195258140563965],[[756.5263671875,228.73080444335938,47.62769317626953,0.02652359940111637,0,0.9996482133865356,0,1,0,-0.9996482133865356,0,0.02652359940111637],5,1.2359998226165772],[[756.259765625,229.0487060546875,47.62077713012695,0.026729930192232133,0,0.9996426701545715,0,1,0,-0.9996426701545715,0,0.026729930192232133],5,1.2582156658172608],[[755.9931640625,229.31210327148438,47.61359405517578,0.02059216797351837,0,0.9997879862785339,0,1,0,-0.9997879862785339,0,0.02059216797351837],5,1.2681324481964112],[[755.85986328125,229.42335510253907,47.61069107055664,0.016796164214611055,0,0.9998589158058167,0,1,0,-0.9998589158058167,0,0.016796164214611055],5,1.2790915966033936],[[755.659912109375,229.564697265625,47.60722732543945,0.015009483322501183,0,0.9998873472213745,0,1,0,-0.9998873472213745,0,0.015009483322501183],5,1.2954185009002686],[[755.5149536132813,229.72373962402345,47.60374069213867,0.014211440458893776,0.000060931364714633676,0.9998990297317505,8.267021485153236e-7,1,-0.00006094927084632218,-0.9998990297317505,0.00000169279564943281,0.014211440458893776],12,1.3038692474365235],[[755.5420532226563,229.76068115234376,47.60337829589844,0.014734864234924317,0.0000601180327066686,0.999891459941864,0.0000014861238923913334,1,-0.000060146459873067218,-0.999891459941864,0.0000023722122932667846,0.014734863303601742],12,1.3130345344543458],[[755.6085205078125,229.89515686035157,47.60249328613281,0.011241935193538666,0.000030054679882596248,0.9999368190765381,0.0000013556932572100778,1,-0.000030071822038735264,-0.9999368190765381,0.0000016936729707595078,0.011241935193538666],12,1.3212523460388184],[[755.6404418945313,229.9882354736328,47.60206985473633,0.011243325658142567,0.000011354511116223876,0.9999368190765381,7.409430509142112e-7,1,-0.000011363559679011815,-0.9999368190765381,8.686604360264028e-7,0.011243325658142567],12,1.3303582668304444],[[755.6624145507813,230.08154296875,47.601776123046878,0.011243589222431183,7.945572519929556e-7,0.9999367594718933,2.577496331923612e-7,1,-7.975056632858468e-7,-0.9999367594718933,2.667001410827652e-7,0.011243589222431183],12,1.3387470245361329],[[755.6767578125,230.22152709960938,47.601585388183597,0.00949663296341896,-0.0000034682711884670427,0.999954879283905,-6.878020997191925e-8,1,0.000003469080866125296,-0.999954879283905,-1.0172168884992061e-7,0.00949663296341896],12,1.3503773212432862],[[755.6779174804688,230.31484985351563,47.60157012939453,0.007750394754111767,-0.0000027534158562048107,0.9999699592590332,-1.0031737218696435e-7,1,0.0000027542760108190125,-0.9999699592590332,-1.2166108831479506e-7,0.007750394754111767],12,1.3592231273651124],[[755.6781005859375,230.40817260742188,47.60157012939453,0.00775039242580533,-0.00000148462811466743,0.9999699592590332,-8.088274938700124e-8,1,0.0000014852996628178517,-0.9999699592590332,-9.239197140686884e-8,0.00775039242580533],12,1.3682034015655518],[[755.6781005859375,230.50149536132813,47.60157012939453,0.007750391960144043,-4.998738063477504e-7,0.9999699592590332,-4.84055107108361e-8,1,5.002639795748109e-7,-0.9999699592590332,-5.228130106615936e-8,0.007750391960144043],12,1.3780779838562012],[[755.6781005859375,230.6414794921875,47.60157012939453,0.0077506303787231449,1.3747285265708343e-7,0.9999699592590332,-9.40861344389532e-9,1,-1.3740405790940714e-7,-0.9999699592590332,-8.343362445373259e-9,0.0077506303787231449],12,1.3878288269042969],[[755.6781005859375,230.73480224609376,47.60157012939453,0.0077506303787231449,1.965251641422583e-7,0.9999699592590332,1.9654129435053848e-9,1,-1.965463098940745e-7,-0.9999699592590332,3.488711763921515e-9,0.0077506303787231449],12,1.3971514701843262],[[755.6781005859375,230.828125,47.60157012939453,0.0077506303787231449,1.5718197232672538e-7,0.9999699592590332,6.588793954875882e-9,1,-1.5723776414233726e-7,-0.9999699592590332,7.807288149308534e-9,0.0077506303787231449],12,1.4065501689910889],[[755.6781005859375,230.96810913085938,47.60157012939453,0.0077506303787231449,9.819869717375696e-8,0.9999699592590332,1.3520161878943782e-8,1,-9.830644387420762e-8,-0.9999699592590332,1.4281693161422027e-8,0.0077506303787231449],12,1.4204113483428956],[[755.6781005859375,231.15475463867188,47.60157012939453,0.0077506303787231449,1.9613144885965995e-8,0.9999699592590332,2.2755076045655188e-8,1,-1.9790105554307048e-8,-0.9999699592590332,2.290777878499739e-8,0.0077506303787231449],12,1.4408361911773682],[[755.6781005859375,231.29473876953126,47.60157012939453,0.0077506303787231449,-3.928193592628304e-8,0.9999699592590332,2.9676082036189656e-8,1,3.905310208551782e-8,-0.9999699592590332,2.937250442869299e-8,0.0077506303787231449],12,1.4487724304199219],[[755.6781005859375,231.3880615234375,47.60157012939453,0.0077506303787231449,-7.852434436017575e-8,0.9999699592590332,3.4287623407180948e-8,1,7.826094616802948e-8,-0.9999699592590332,3.368002055026409e-8,0.0077506303787231449],12,1.4565582275390626],[[755.6781005859375,231.62136840820313,47.60157012939453,0.0077506303787231449,-8.800728323876683e-8,0.9999699592590332,2.0181140314434743e-8,1,8.785350047446627e-8,-0.9999699592590332,1.9499612591289407e-8,0.0077506303787231449],12,1.4744892120361329],[[755.6781005859375,231.71469116210938,47.60157012939453,0.0077506303787231449,-9.179761661926023e-8,0.9999699592590332,1.454276610246552e-8,1,9.168765302547399e-8,-0.9999699592590332,1.383169134783202e-8,0.0077506303787231449],12,1.4868226051330567],[[755.6781005859375,231.85467529296876,47.60157012939453,0.0077506303787231449,-9.748008267251862e-8,0.9999699592590332,6.0897216158650739e-9,1,9.743580875465341e-8,-0.9999699592590332,5.334349850727449e-9,0.0077506303787231449],12,1.5058059692382813],[[755.6781005859375,232.04132080078126,47.60157012939453,0.0077506303787231449,-1.0505104341973493e-7,0.9999699592590332,-5.172577477452478e-9,1,1.0509428705063329e-7,-0.9999699592590332,-5.986969142668386e-9,0.0077506303787231449],12,1.512502908706665],[[755.6781005859375,232.08798217773438,47.60157012939453,0.0077506303787231449,-1.0694277108314054e-7,0.9999699592590332,-7.986648675739616e-9,1,1.070078852194456e-7,-0.9999699592590332,-8.815787211347015e-9,0.0077506303787231449],12,1.5198173522949219],[[755.6781005859375,232.18130493164063,47.60157012939453,0.0077506303787231449,-1.1072501138187363e-7,0.9999699592590332,-1.3612986293765062e-8,1,1.1083385231813736e-7,-0.9999699592590332,-1.4471609688371246e-8,0.0077506303787231449],12,1.5276634693145753],[[755.6781005859375,232.3212890625,47.60157012939453,0.0077506303787231449,-1.163953484706326e-7,0.9999699592590332,-2.204798477123404e-8,1,1.165697369742702e-7,-0.9999699592590332,-2.295081102943186e-8,0.0077506303787231449],12,1.5369417667388917],[[755.6781005859375,232.41461181640626,47.60157012939453,0.0077506303787231449,-1.2017355288662657e-7,0.9999699592590332,-2.7668313862250217e-8,1,1.2039161845223135e-7,-0.9999699592590332,-2.860059389320213e-8,0.0077506303787231449],12,1.5467634201049805],[[755.6781005859375,232.55459594726563,47.60157012939453,0.0077506303787231449,-1.258378290458495e-7,0.9999699592590332,-3.6094306210543439e-8,1,1.2612137822998194e-7,-0.9999699592590332,-3.7070741143452327e-8,0.0077506303787231449],12,1.5589053630828858],[[755.6781005859375,232.694580078125,47.60157012939453,0.0077506303787231449,-9.888492513709935e-8,0.9999699592590332,-3.2721313658612419e-8,1,9.914150922440968e-8,-0.9999699592590332,-3.348873889308379e-8,0.0077506303787231449],12,1.5812017917633057],[[755.6781005859375,232.92788696289063,47.60157012939453,0.0077506303787231449,-2.6838360867031953e-8,0.9999699592590332,-1.728172271953099e-8,1,2.6973115296868856e-8,-0.9999699592590332,-1.749026168340606e-8,0.0077506303787231449],12,1.5941176414489747],[[755.6781005859375,233.06787109375,47.60157012939453,0.0077506303787231449,1.635262769639212e-8,0.9999699592590332,-8.025883957429869e-9,1,-1.6290911730720837e-8,-0.9999699592590332,-7.899378040576721e-9,0.0077506303787231449],12,1.605999231338501],[[755.6781005859375,233.20785522460938,47.60157012939453,0.0077506303787231449,5.95159299621173e-8,0.9999699592590332,1.2240222169168647e-9,1,-5.952720272262013e-8,-0.9999699592590332,1.6853588524767816e-9,0.0077506303787231449],12,1.6261088848114014],[[755.6781005859375,233.39450073242188,47.60157012939453,0.0077506303787231449,9.855916260903541e-8,0.9999699592590332,1.099224533618326e-8,1,-9.864732675168853e-8,-0.9999699592590332,1.1756494444625787e-8,0.0077506303787231449],12,1.633981704711914],[[755.6781005859375,233.48782348632813,47.60157012939453,0.0077506303787231449,9.037699300051827e-8,0.9999699592590332,1.2040398900126093e-8,1,-9.04730299566836e-8,-0.9999699592590332,1.2741260491111462e-8,0.0077506303787231449],12,1.6422228813171387],[[755.6781005859375,233.58114624023438,47.60157012939453,0.0077506303787231449,8.219831926226107e-8,0.9999699592590332,1.3088104822145397e-8,1,-8.230222903193862e-8,-0.9999699592590332,1.3725605541026198e-8,0.0077506303787231449],12,1.6516039371490479],[[755.6781005859375,233.67446899414063,47.60157012939453,0.0077506303787231449,7.40231413942638e-8,0.9999699592590332,1.4135363102241172e-8,1,-7.413492397745358e-8,-0.9999699592590332,1.4709530482548417e-8,0.0077506303787231449],12,1.6601881980895997],[[755.6781005859375,233.814453125,47.60157012939453,0.0077506303787231449,6.176691869086426e-8,0.9999699592590332,1.57054103055998e-8,1,-6.189050338889501e-8,-0.9999699592590332,1.618462874830584e-8,0.0077506303787231449],12,1.6726243495941163],[[755.6781005859375,233.95443725585938,47.60157012939453,0.0077506303787231449,4.95185581428359e-8,0.9999699592590332,1.7274452090987326e-8,1,-4.965393785028027e-8,-0.9999699592590332,1.7658782880403124e-8,0.0077506303787231449],12,1.68253755569458],[[755.6781005859375,234.04776000976563,47.60157012939453,0.0077506303787231449,4.135734599231e-8,0.9999699592590332,1.8319921579745825e-8,1,-4.150058430241188e-8,-0.9999699592590332,1.864102650017685e-8,0.0077506303787231449],12,1.6922438144683838],[[755.6781005859375,234.187744140625,47.60157012939453,0.0077506303787231449,2.9122070088760667e-8,0.9999699592590332,1.9887286484276957e-8,1,-2.9277087421064608e-8,-0.9999699592590332,2.0113605003757585e-8,0.0077506303787231449],12,1.7038319110870362],[[755.6781005859375,234.28106689453126,47.60157012939453,0.0077506303787231449,2.0969576297602545e-8,0.9999699592590332,2.0931638644583473e-8,1,-2.1132445127136635e-8,-0.9999699592590332,2.1094798796639226e-8,0.0077506303787231449],12,1.7148852348327637],[[755.6781005859375,234.42105102539063,47.60157012939453,0.0077506303787231449,8.747369051320675e-9,0.9999699592590332,2.249733022097189e-8,1,-8.922005356737373e-9,-0.9999699592590332,2.256580522441709e-8,0.0077506303787231449],12,1.7251965999603272],[[755.6781005859375,234.56103515625,47.60157012939453,0.0077506303787231449,-3.4670024628979947e-9,0.9999699592590332,2.4062018155746047e-8,1,3.2806051208922328e-9,-0.9999699592590332,2.4035868406713236e-8,0.0077506303787231449],12,1.737168550491333],[[755.6781005859375,234.70101928710938,47.60157012939453,0.0077506303787231449,-1.5673542463900959e-8,0.9999699592590332,2.562570422526278e-8,1,1.54753916348227e-8,-0.9999699592590332,2.5504990119884498e-8,0.0077506303787231449],12,1.749570608139038],[[755.6781005859375,234.84100341796876,47.60157012939453,0.0077506303787231449,-2.787225739098176e-8,0.9999699592590332,2.7188388429522093e-8,1,2.7662361290481387e-8,-0.9999699592590332,2.6973170363930877e-8,0.0077506303787231449],12,1.764141321182251],[[755.6532592773438,234.9936065673828,47.601505279541019,0.007268386427313089,-4.4125016529505959e-8,0.9999735951423645,2.9251676636476988e-8,1,4.391356256405743e-8,-0.9999735951423645,2.893172457163473e-8,0.007268386427313089],8,1.7785022258758546],[[755.6085815429688,235.07229614257813,47.60136413574219,0.006906906608492136,-5.630541721757254e-8,0.9999761581420898,3.07917957798054e-8,1,5.609408049167541e-8,-0.9999761581420898,3.0403622730545979e-8,0.006906906608492136],5,1.7921504974365235],[[755.5415649414063,235.1203155517578,47.6010856628418,0.0067259944044053558,-6.847798061926369e-8,0.9999774098396301,3.233686385328838e-8,1,6.826202536558412e-8,-0.9999774098396301,3.187700059470444e-8,0.0067259944044053558],5,1.8045291900634766],[[755.4844970703125,235.13531494140626,47.60081481933594,0.0066575780510902409,-7.658867673399073e-8,0.9999778270721436,3.336857545832572e-8,1,7.636820953393908e-8,-0.9999778270721436,3.285940763930739e-8,0.0066575780510902409],5,1.8146355152130128],[[755.3802490234375,235.1322479248047,47.600181579589847,0.0068000303581357,-8.87482300981901e-8,0.9999768733978272,3.493473599291974e-8,1,8.851271360299507e-8,-0.9999768733978272,3.433203943359331e-8,0.0068000303581357],5,1.825836181640625],[[755.2696533203125,235.31307983398438,47.59921646118164,0.006961123086512089,-9.685027890782294e-8,0.9999758005142212,3.598562159368157e-8,1,9.660212185735873e-8,-0.9999758005142212,3.531228998099323e-8,0.006961123086512089],7,1.8352744579315186],[[755.0731811523438,235.681640625,47.59708023071289,0.007322352845221758,-1.0899690039423149e-7,0.9999731779098511,3.7576761258151239e-8,1,1.0872466305045237e-7,-0.9999731779098511,3.677963533732509e-8,0.007322352845221758],7,1.847916603088379],[[754.9400634765625,235.89125061035157,47.595237731933597,0.007709262426942587,-1.1709035163676163e-7,0.9999702572822571,3.8656704504091979e-8,1,1.1679581035650699e-7,-0.9999702572822571,3.775514656467749e-8,0.007709262426942587],7,1.8565559387207032],[[754.7401123046875,236.12548828125,47.59202575683594,0.008491315878927708,-9.599600758747329e-8,0.9999639391899109,2.987267322396292e-8,1,9.574580417393008e-8,-0.9999639391899109,2.9058590200747859e-8,0.008491315878927708],7,1.8668923377990723],[[754.6068115234375,236.23599243164063,47.58966064453125,0.009095176123082638,-7.086643449838448e-8,0.9999586343765259,2.0533407862899368e-8,1,7.068260288178863e-8,-0.9999586343765259,1.9889688118723826e-8,0.009095176123082638],8,1.8798255920410157],[[754.4068603515625,236.3517303466797,47.585174560546878,0.010340261273086071,-3.319096819609513e-8,0.9999465346336365,6.511220451699273e-9,1,3.31254135232939e-8,-0.9999465346336365,6.1683467222906078e-9,0.010340261273086071],8,1.8884522914886475],[[754.2069091796875,236.4257049560547,47.58020782470703,0.011770565994083882,4.4621568662250869e-9,0.999930739402771,-7.559375347909736e-9,1,-4.373481576891436e-9,-0.999930739402771,-7.507373389614714e-9,0.011770565994083882],8,1.8992125988006592],[[754.0736083984375,236.45938110351563,47.57667541503906,0.012764031998813153,2.9551893376833506e-8,0.999918520450592,-1.6973435990053077e-8,1,-2.9337632767578726e-8,-0.999918520450592,-1.6597585528188575e-8,0.012764031998813153],8,1.9084820747375489],[[753.9403076171875,236.48426818847657,47.5727424621582,0.013859699480235577,5.4631794199622166e-8,0.9999039769172669,-2.6419783694109357e-8,1,-5.4270834937142357e-8,-0.9999039769172669,-2.566506829282389e-8,0.013859699480235577],8,1.9204633235931397],[[753.6737060546875,236.51620483398438,47.56424331665039,0.016239561140537263,8.833173836819697e-8,0.9998681545257568,-3.8513654487815077e-8,1,-8.771785786620967e-8,-0.9998681545257568,-3.708407447788886e-8,0.016239561140537263],8,1.933802604675293],[[753.4737548828125,236.53018188476563,47.557518005371097,0.01802653633058071,7.663122403300804e-8,0.9998375177383423,-3.206522691812097e-8,1,-7.606556096106942e-8,-0.9998375177383423,-3.0688816821111689e-8,0.01802653633058071],8,1.946181058883667],[[753.3404541015625,236.53652954101563,47.552650451660159,0.019270531833171846,6.88344314880851e-8,0.9998143315315247,-2.775762553142158e-8,1,-6.831221810443822e-8,-0.9998143315315247,-2.643605867547194e-8,0.019270531833171846],8,1.9561641216278077],[[753.1406860351563,236.54307556152345,47.54461669921875,0.02133128233253956,5.7144514897800039e-8,0.9997724890708923,-2.1288533602614735e-8,1,-5.670330693874348e-8,-0.9997724890708923,-2.007413435478611e-8,0.02133128233253956],8,1.9669697284698487],[[752.8743286132813,236.54823303222657,47.5333137512207,0.024166405200958253,4.1567719932800176e-8,0.9997079372406006,-1.2626546919136672e-8,1,-4.127463526515385e-8,-0.9997079372406006,-1.1625399309878049e-8,0.024166405200958253],8,1.9851610660552979],[[752.674560546875,236.5504913330078,47.52449417114258,0.026230864226818086,2.989248670814959e-8,0.9996559023857117,-6.09642603066618e-9,1,-2.9742807328148048e-8,-0.9996559023857117,-5.314149120749789e-9,0.026230864226818086],8,1.9946513175964356],[[752.5413818359375,236.551513671875,47.518402099609378,0.027575746178627015,2.2112542907848366e-8,0.999619722366333,-1.7277229646950332e-9,1,-2.2073294303481817e-8,-0.999619722366333,-1.1183783898971456e-9,0.027575746178627015],8,2.0042784214019777],[[752.3416137695313,236.55258178710938,47.509178161621097,0.029491107910871507,1.0447995357765194e-8,0.999565064907074,4.847893197990061e-9,1,-1.0595574195804147e-8,-0.999565064907074,5.158260041326912e-9,0.029491107910871507],8,2.0155086517333986],[[752.2084350585938,236.5530548095703,47.503021240234378,0.030670562759041787,2.6752511317340579e-9,0.9995295405387878,9.24541598834594e-9,1,-2.9602058582156589e-9,-0.9995295405387878,9.331857064864835e-9,0.030670562759041787],8,2.0249509811401369],[[752.0752563476563,236.55340576171876,47.4966926574707,0.03182529658079147,-5.0945643259581178e-9,0.999493420124054,1.3652511121620137e-8,1,4.662430885815638e-9,-0.999493420124054,1.349721223675715e-8,0.03182529658079147],8,2.0350050926208498],[[751.87548828125,236.55377197265626,47.487117767333987,0.033478815108537677,-1.6743756603432304e-8,0.9994394183158875,2.0279681933743633e-8,1,1.607382849044825e-8,-0.9994394183158875,1.973018193268672e-8,0.033478815108537677],8,2.046022415161133],[[751.7423095703125,236.55393981933595,47.48073196411133,0.034498874098062518,-2.4506167761728649e-8,0.9994047284126282,2.470709503654689e-8,1,2.3667888982004116e-8,-0.9994047284126282,2.3875871946188455e-8,0.034498874098062518],8,2.0551671981811525],[[751.5425415039063,236.55410766601563,47.47087097167969,0.03601093217730522,-3.6144157888884368e-8,0.9993513822555542,3.136268134085185e-8,1,3.503748402522433e-8,-0.9993513822555542,3.0080606450155759e-8,0.03601093217730522],8,2.0662381649017336],[[751.4093627929688,236.55418395996095,47.46425247192383,0.03696620836853981,-4.389905328139321e-8,0.9993165135383606,3.580744589726237e-8,1,4.2604508365684526e-8,-0.9993165135383606,3.4208042620775817e-8,0.03696620836853981],8,2.07572865486145],[[751.2095947265625,236.55426025390626,47.45431900024414,0.03828930854797363,-5.5525699593772518e-8,0.9992666840553284,4.248285279118136e-8,1,5.393861357561036e-8,-0.9992666840553284,4.038642487103061e-8,0.03828930854797363],8,2.087414026260376],[[751.0098266601563,236.55430603027345,47.44438552856445,0.039485685527324679,-6.714545719432863e-8,0.9992201328277588,4.916539708688106e-8,1,6.525501561327474e-8,-0.9992201328277588,4.655041507817259e-8,0.039485685527324679],8,2.100226402282715],[[750.8766479492188,236.55433654785157,47.43776321411133,0.04020995274186134,-7.488809927735929e-8,0.9991912245750427,5.362255350860323e-8,1,7.279081160049827e-8,-0.9991912245750427,5.0652271710305288e-8,0.04020995274186134],8,2.1098103523254396],[[750.7434692382813,236.55435180664063,47.4311408996582,0.040877439081668857,-8.262763628863468e-8,0.9991641640663147,5.808039205135174e-8,1,8.032058929074992e-8,-0.9991641640663147,5.4748547029248587e-8,0.040877439081668857],8,2.119323492050171],[[750.543701171875,236.55435180664063,47.421207427978519,0.04179541766643524,-9.42310691698367e-8,0.9991261959075928,6.476834357727057e-8,1,9.16040931997486e-8,-0.9991261959075928,6.088311721441642e-8,0.04179541766643524],8,2.1301393508911135],[[750.3439331054688,237.20663452148438,47.41127395629883,0.04269386827945709,-1.0582744636167263e-7,0.9990882277488709,7.146338987240597e-8,1,1.0287019591714852e-7,-0.9990882277488709,6.700629739953001e-8,0.04269386827945709],3,2.145585298538208],[[750.0775756835938,238.02865600585938,47.39802932739258,0.04370497167110443,-1.212782478887675e-7,0.9990444779396057,8.038246335217991e-8,1,1.1787776799110361e-7,-0.9990444779396057,7.515380673339678e-8,0.04370497167110443],5,2.1651551723480226],[[749.8778076171875,238.60940551757813,47.38866424560547,0.04412766173481941,-1.3285797706430459e-7,0.9990258812904358,8.703747056415523e-8,1,1.2914301805722062e-7,-0.9990258812904358,8.125390849045289e-8,0.04412766173481941],5,2.1724283695220949],[[749.74462890625,238.9795379638672,47.38284683227539,0.04417999088764191,-1.4057373221021408e-7,0.9990236163139343,9.14444697741601e-8,1,1.3666716824900505e-7,-0.9990236163139343,8.531722528459795e-8,0.04417999088764191],5,2.1814796924591066],[[749.5448608398438,239.5092010498047,47.374576568603519,0.04398379474878311,-1.5214115478556779e-7,0.9990322589874268,9.801277656151797e-8,1,1.4797338110383863e-7,-0.9990322589874268,9.140948975527863e-8,0.04398379474878311],5,2.191338062286377],[[749.4116821289063,239.84527587890626,47.36946105957031,0.043669987469911578,-1.4470148812506523e-7,0.9990460276603699,9.274873491449398e-8,1,1.4078545973461588e-7,-0.9990460276603699,8.651215921418043e-8,0.043669987469911578],5,2.2005040645599367],[[749.2785034179688,240.167724609375,47.36444854736328,0.04328670725226402,-1.2212140632072988e-7,0.999062716960907,7.787487277255423e-8,1,1.1886186968013135e-7,-0.999062716960907,7.26567392916877e-8,0.04328670725226402],5,2.209864616394043],[[749.0785522460938,240.6258544921875,47.357242584228519,0.04259182885289192,-8.827018405099807e-8,0.9990925788879395,5.558442239816941e-8,1,8.598075851296017e-8,-0.9990925788879395,5.187190410538278e-8,0.04259182885289192],5,2.220545530319214],[[748.8786010742188,241.05331420898438,47.35038375854492,0.04177980497479439,-5.444180217750727e-8,0.9991268515586853,3.332971942882068e-8,1,5.309565409561401e-8,-0.9991268515586853,3.108229051917988e-8,0.04177980497479439],5,2.2318124771118166],[[748.7453002929688,241.32125854492188,47.34602737426758,0.04117879644036293,-3.190232433780693e-8,0.9991517663002014,1.851769759753097e-8,1,3.116622337984154e-8,-0.9991517663002014,1.721860343195658e-8,0.04117879644036293],5,2.240692615509033],[[748.6119995117188,241.57557678222657,47.34172821044922,0.04057479277253151,-9.373107623389388e-9,0.9991765022277832,3.728720887608006e-9,1,9.229416342293462e-9,-0.9991765022277832,3.3511686758913585e-9,0.04057479277253151],5,2.251105785369873],[[748.4786987304688,241.8162841796875,47.337432861328128,0.039996299892663959,1.3145860400243237e-8,0.9991998076438904,-1.1037170288830112e-8,1,-1.2714588493167867e-8,-0.9991