[[[776,222.69961547851563,47,1,4.404733910945424e-9,-2.853472098974315e-15,-4.404733910945424e-9,1,-3.027107453590361e-10,2.8521386573571e-15,3.027107453590361e-10,1],8,0.006776094436645508],[[776,222.69961547851563,47,1,3.0184182264747508e-8,-2.907442920790991e-15,-3.0184182264747508e-8,1,-2.0743733397665666e-9,2.8448296100552427e-15,2.0743733397665666e-9,1],8,0.016202211380004884],[[776,222.69961547851563,47,1,4.736130421179041e-8,-2.968750106722073e-15,-4.736130421179041e-8,1,-3.254850833300793e-9,2.814596039552421e-15,3.254850833300793e-9,1],8,0.02696847915649414],[[776,222.69961547851563,47,1,6.453108625237292e-8,-3.0502884628400875e-15,-6.453108625237292e-8,1,-4.434824063537235e-9,2.7641044055665925e-15,4.434824063537235e-9,1],8,0.0365445613861084],[[776,222.69961547851563,47,1,9.0271996100455e-8,-3.2104729810777164e-15,-9.0271996100455e-8,1,-6.203838776031034e-9,2.6504399955833538e-15,6.203838776031034e-9,1],8,0.04797983169555664],[[775.992919921875,222.69961547851563,47.10077667236328,0.9815834760665894,1.1618446649208636e-7,0.19103364646434785,-1.125715485272849e-7,1,-2.976486435102288e-8,-0.19103364646434785,7.711745908522971e-9,0.9815834760665894],8,0.06477808952331543],[[775.974853515625,222.69961547851563,47.357303619384769,0.8479433059692383,7.862652040557805e-8,0.5300869345664978,-6.34319832215624e-8,1,-4.685984933416876e-8,-0.5300869345664978,6.110028483163887e-9,0.8479433059692383],8,0.08683919906616211],[[775.9513549804688,222.69961547851563,47.68962097167969,0.5477989912033081,2.647252372867115e-8,0.8366100192070007,-5.975007599801074e-9,1,-2.7730269636094819e-8,-0.8366100192070007,1.0191862465092072e-8,0.5477989912033081],8,0.09566593170166016],[[775.852294921875,222.69961547851563,47.8466682434082,0.3931252658367157,-7.20110104879268e-9,0.9194849133491516,1.8632150045050367e-8,1,-1.3449651115049478e-10,-0.9194849133491516,1.7184854428364816e-8,0.3931252658367157],8,0.10948491096496582],[[775.70458984375,222.69961547851563,47.97943878173828,0.0024368020240217449,-3.5137222909042978e-8,0.9999970197677612,2.724561376510337e-8,1,3.507093282451024e-8,-0.9999970197677612,2.7160071525145214e-8,0.0024368020240217449],8,0.12923479080200196],[[775.5033569335938,222.69961547851563,48.15435028076172,0.05230570212006569,-8.227350178913184e-8,0.9986311197280884,4.1776676340532506e-8,1,8.019812725024167e-8,-0.9986311197280884,3.7524671370192667e-8,0.05230570212006569],8,0.14669322967529298],[[775.3019409179688,222.69961547851563,48.32917404174805,0.07176806777715683,-9.326557659505852e-8,0.9974213242530823,4.2396262500687956e-8,1,9.045613325042723e-8,-0.9974213242530823,3.5795075348232788e-8,0.07176806777715683],8,0.15486359596252442],[[775.2010498046875,222.69961547851563,48.416324615478519,0.07715888321399689,-8.099251402882146e-8,0.9970188140869141,3.49716451353288e-8,1,7.852825234522243e-8,-0.9970188140869141,2.8808234020516467e-8,0.07715888321399689],8,0.17106032371520997],[[774.99853515625,222.69961547851563,48.58985900878906,0.08422049134969711,-5.626996468777179e-8,0.9964471459388733,1.9987258070841564e-8,1,5.47812568640893e-8,-0.9964471459388733,1.530254145620802e-8,0.08422049134969711],8,0.17917466163635255],[[774.9476928710938,222.69961547851563,48.632991790771487,0.08777858316898346,-5.0095923853632487e-8,0.9961400032043457,1.6223230758782848e-8,1,4.886047122454329e-8,-0.9961400032043457,1.1871706284694028e-8,0.08777858316898346],8,0.18641996383666993],[[774.7944946289063,222.69961547851563,48.76163101196289,0.08777809143066406,-3.141875737355804e-8,0.9961400628089905,4.936404618405277e-9,1,3.11055146084982e-8,-0.9961400628089905,2.1869674959873466e-9,0.08777809143066406],8,0.19697213172912599],[[774.5901489257813,222.69961547851563,48.93292236328125,0.09821655601263046,-6.555610720937466e-9,0.9951650500297546,-1.0348374601676369e-8,1,7.608780272505556e-9,-0.9951650500297546,-1.1045648840024569e-8,0.09821655601263046],8,0.21384382247924806],[[774.435791015625,222.69961547851563,49.06007766723633,0.09995604306459427,1.2113019920434454e-8,0.9949918389320374,-2.1834134500409165e-8,1,-9.980550608190697e-9,-0.9949918389320374,-2.0727169314227468e-8,0.09995604306459427],8,0.2254774570465088],[[774.3326416015625,222.69961547851563,49.14452362060547,0.1016944870352745,2.4575451007535777e-8,0.9948156476020813,-2.950768340781451e-8,1,-2.168711610295304e-8,-0.9948156476020813,-2.714924463020907e-8,0.1016944870352745],8,0.23434829711914063],[[774.2293090820313,222.69961547851563,49.228782653808597,0.1034315675497055,3.70437476249208e-8,0.994636595249176,-3.719837238236323e-8,1,-3.337526877089658e-8,-0.994636595249176,-3.354680444545011e-8,0.1034315675497055],8,0.24516081809997559],[[774.0740356445313,222.69961547851563,49.354881286621097,0.10690561681985855,5.578214867796305e-8,0.9942691922187805,-4.878939208197153e-8,1,-5.085774645863239e-8,-0.9942691922187805,-4.307280931925561e-8,0.10690561681985855],8,0.2565286159515381],[[773.9702758789063,222.69961547851563,49.43864059448242,0.10690584778785706,6.818981290734883e-8,0.9942691326141357,-5.6512611479320188e-8,1,-6.250650130823488e-8,-0.9942691326141357,-4.950643628376383e-8,0.10690584778785706],8,0.2664682865142822],[[773.72216796875,222.69961547851563,49.46823501586914,0.11037860065698624,9.316176630136397e-8,0.9938896298408508,-7.203040297554253e-8,1,-8.573503151865225e-8,-0.9938896298408508,-6.21269506950739e-8,0.11037860065698624],8,0.2814648151397705],[[773.5237426757813,222.69961547851563,49.44762420654297,0.11211369931697846,9.643357401500907e-8,0.9936953783035278,-7.237249377567423e-8,1,-8.887997893225475e-8,-0.9936953783035278,-6.195154611532416e-8,0.11211369931697846],8,0.30234789848327639],[[773.2588500976563,222.69961547851563,49.41787338256836,0.1121135801076889,5.9540102625987859e-8,0.9936953783035278,-4.2660072807620966e-8,1,-5.510474210268512e-8,-0.9936953783035278,-3.621312671953092e-8,0.1121135801076889],8,0.3103780746459961],[[773.0601806640625,222.69961547851563,49.39545440673828,0.112113818526268,3.1890699858649899e-8,0.9936953783035278,-2.039241309148565e-8,1,-2.979225754984327e-8,-0.9936953783035278,-1.692372286754562e-8,0.112113818526268],8,0.3231780529022217],[[772.7952880859375,222.69961547851563,49.365562438964847,0.1121128723025322,-4.9476365227008049e-9,0.9936954975128174,9.27556431662424e-9,1,3.9325191991679279e-9,-0.9936954975128174,8.77620021100256e-9,0.1121128723025322],8,0.33596181869506838],[[772.5966186523438,222.69961547851563,49.343143463134769,0.11211393773555756,-3.255573943761192e-8,0.9936953783035278,3.150994487555181e-8,1,2.920717712129317e-8,-0.9936953783035278,2.803675336338074e-8,0.11211393773555756],8,0.35201549530029299],[[772.3317260742188,222.69961547851563,49.31325149536133,0.11384881287813187,-6.938792296296015e-8,0.9934980869293213,6.1192380940156e-8,1,6.282975562044158e-8,-0.9934980869293213,5.364141841823766e-8,0.11384881287813187],8,0.36505675315856936],[[772.1992797851563,222.69961547851563,49.298133850097659,0.11384905129671097,-8.776779480967889e-8,0.9934980869293213,7.602409368701046e-8,1,7.963027570667691e-8,-0.9934980869293213,6.64639614456064e-8,0.11384905129671097],8,0.3779616355895996],[[772.0668334960938,222.69961547851563,49.282962799072269,0.11384963244199753,-7.715302530186818e-8,0.9934979677200317,6.619481496272783e-8,1,7.00723816748905e-8,-0.9934979677200317,5.7786699869666339e-8,0.11384963244199753],8,0.3853020668029785],[[771.8681640625,222.69961547851563,49.26019287109375,0.11384999752044678,-6.123933360413503e-8,0.9934979677200317,5.145875903167507e-8,1,5.574320027790236e-8,-0.9934979677200317,4.4777806351703478e-8,0.11384999752044678],8,0.3971216678619385],[[771.7357177734375,222.69961547851563,49.24501037597656,0.11384905129671097,-5.06358119878314e-8,0.9934980869293213,4.163997147088594e-8,1,4.61955025343741e-8,-0.9934980869293213,3.6109916834448089e-8,0.11384905129671097],8,0.40771985054016116],[[771.5370483398438,222.69961547851563,49.22223663330078,0.11385022848844528,-3.473913068319234e-8,0.993497908115387,2.691963985057555e-8,1,3.188161912248688e-8,-0.993497908115387,2.3114877123475709e-8,0.11385022848844528],8,0.41742491722106936],[[771.4046020507813,222.69961547851563,49.207054138183597,0.11385034769773483,-2.4146974197947203e-8,0.993497908115387,1.711132568971152e-8,1,2.2344128325357816e-8,-0.993497908115387,1.4456179364685795e-8,0.11385034769773483],8,0.427778959274292],[[771.2721557617188,222.69961547851563,49.191871643066409,0.11384880542755127,-1.3559318112754682e-8,0.9934980869293213,7.307215721397142e-9,1,1.2810694727249939e-8,-0.9934980869293213,5.801222613399659e-9,0.11384880542755127],8,0.4367804527282715],[[771.0072631835938,222.69961547851563,49.16150665283203,0.11384987086057663,7.60237028885058e-9,0.9934979677200317,-1.228845913914256e-8,1,-6.2439293735394589e-9,-0.9934979677200317,-1.1497688134909368e-8,0.11384987086057663],8,0.44918131828308108],[[770.8748168945313,222.69961547851563,49.146324157714847,0.11384975165128708,1.817643457968643e-8,0.9934979677200317,-2.2080014261405269e-8,1,-1.5765134975254115e-8,-0.9934979677200317,-2.0141593282119176e-8,0.11384975165128708],8,0.4604182243347168],[[770.6099243164063,222.69961547851563,49.11595916748047,0.11385022848844528,3.931102909859874e-8,0.993497908115387,-4.165059408478555e-8,1,-3.4795341719018327e-8,-0.993497908115387,-3.741832088621777e-8,0.11385022848844528],8,0.47375988960266116],[[770.4774780273438,222.69961547851563,49.10077667236328,0.11385046690702439,4.9871559326675199e-8,0.993497908115387,-5.142961612136787e-8,1,-4.430434685787077e-8,-0.993497908115387,-4.60511451194634e-8,0.11385046690702439],8,0.4846813678741455],[[770.27880859375,222.69961547851563,49.0780029296875,0.11385034769773483,6.570387256488175e-8,0.993497908115387,-6.60903154425796e-8,1,-5.856023221895157e-8,-0.993497908115387,-5.899348565208129e-8,0.11385034769773483],8,0.495241641998291],[[770.0801391601563,222.69961547851563,49.05522918701172,0.11385141313076019,8.152611030709522e-8,0.9934977889060974,-8.074162849425193e-8,1,-7.280696934230946e-8,-0.9934977889060974,-7.192745243855825e-8,0.11385141313076019],8,0.5112254619598389],[[769.8814697265625,222.69961547851563,49.03245544433594,0.11385177075862885,8.39531608676225e-8,0.9934977293014526,-8.235122095356928e-8,1,-7.506542232249558e-8,-0.9934977293014526,-7.326941897645156e-8,0.11385177075862885],8,0.5217680931091309],[[769.6828002929688,222.69961547851563,49.009681701660159,0.11385174840688706,5.961717874924943e-8,0.9934977293014526,-5.7903431383010687e-8,1,-5.337181008258085e-8,-0.9934977293014526,-5.1450452787094039e-8,0.11385174840688706],8,0.5351161956787109],[[769.484130859375,222.69961547851563,48.986907958984378,0.11385170370340347,3.5296782385785266e-8,0.9934977293014526,-3.3471309279775599e-8,1,-3.1692085400436557e-8,-0.9934977293014526,-2.964547363148995e-8,0.11385170370340347],8,0.5570988655090332],[[769.21923828125,222.69961547851563,48.95654296875,0.1138516366481781,2.8938200724581977e-9,0.9934977889060974,-9.195050831856122e-10,1,-2.8073872115896849e-9,-0.9934977889060974,-5.939006508803857e-10,0.1138516366481781],8,0.5640881061553955],[[769.0205688476563,222.69961547851563,48.93376922607422,0.11385156959295273,-2.1390233584384079e-8,0.9934977889060974,2.347609928676775e-8,1,1.883994471540973e-8,-0.9934977889060974,2.1178495401841248e-8,0.11385156959295273],8,0.5746169090270996],[[768.8881225585938,222.69961547851563,48.91858673095703,0.11385153979063034,-3.75709525712864e-8,0.9934977889060974,3.973115170197161e-8,1,3.326379172108318e-8,-0.9934977889060974,3.568567663592148e-8,0.11385153979063034],8,0.5854249000549316],[[768.6892700195313,222.69961547851563,48.896663665771487,0.1135256439447403,-6.182892775541404e-8,0.993535041809082,6.408492225773444e-8,1,5.490862520218798e-8,-0.993535041809082,5.743708086924926e-8,0.1135256439447403],8,0.6036155223846436],[[768.4241333007813,222.69961547851563,48.86807632446289,0.11274449527263642,-6.846068600907529e-8,0.9936240315437317,7.02211124803398e-8,1,6.093214466318386e-8,-0.9936240315437317,6.290361653782384e-8,0.11274449527263642],8,0.6117269992828369],[[768.2914428710938,222.69961547851563,48.85485076904297,0.11196666210889816,-5.893368282272604e-8,0.9937119483947754,6.013317488395842e-8,1,5.253108881220214e-8,-0.9937119483947754,5.3873325356335047e-8,0.11196666210889816],8,0.6219596862792969],[[768.1586303710938,222.69961547851563,48.842796325683597,0.11070399731397629,-4.941122355717198e-8,0.9938534498214722,5.003493086519484e-8,1,4.414348708792204e-8,-0.9938534498214722,4.484052595898902e-8,0.11070399731397629],8,0.6312916278839111],[[768.0256958007813,222.69961547851563,48.832767486572269,0.10863463580608368,-3.98936101930758e-8,0.9940817356109619,3.992320785073389e-8,1,3.576825235995784e-8,-0.9940817356109619,3.580126062274758e-8,0.10863463580608368],8,0.6410880088806152],[[767.8261108398438,222.69961547851563,48.820289611816409,0.10434027761220932,-2.5627105770809068e-8,0.9945416450500488,2.4772541351580913e-8,1,2.3168794882622025e-8,-0.9945416450500488,2.2219886375296484e-8,0.10434027761220932],8,0.6529097557067871],[[767.6263427734375,222.69961547851563,48.810543060302737,0.09898912906646729,-1.137340177592705e-8,0.995088517665863,9.685203750109395e-9,1,1.046607511767661e-8,-0.995088517665863,8.601607426328428e-9,0.09898912906646729],8,0.6643626689910889],[[767.4930419921875,222.69961547851563,48.80732727050781,0.09431438893079758,-1.8786643352086686e-9,0.9955424666404724,-3.2460523158306389e-10,1,1.9178281185361358e-9,-0.9955424666404724,-5.040370898434787e-10,0.09431438893079758],8,0.6766068935394287],[[767.2930908203125,222.69961547851563,48.806739807128909,0.08560863882303238,1.235021329648589e-8,0.9963288307189941,-1.5223557525700927e-8,1,-1.1087649909313768e-8,-0.9963288307189941,-1.4218471733329352e-8,0.08560863882303238],8,0.6890909671783447],[[767.0266723632813,222.69961547851563,48.81694030761719,0.06987489014863968,3.1293001967469539e-8,0.9975557923316956,-3.4751565181068148e-8,1,-2.893546557913851e-8,-0.9975557923316956,-3.26447633369753e-8,0.06987489014863968],8,0.7096984386444092],[[766.6271362304688,223.99057006835938,48.83451843261719,0.04474326968193054,5.963289595456445e-8,0.9989985227584839,-6.326337143036653e-8,1,-5.6859231989392359e-8,-0.9989985227584839,-6.065594959636656e-8,0.04474326968193054],3,0.7274055480957031],[[766.494873046875,224.39476013183595,48.84777069091797,0.03215205296874046,6.905630556275355e-8,0.9994829893112183,-7.22911366324297e-8,1,-6.676651764792041e-8,-0.9994829893112183,-7.010708458210502e-8,0.03215205296874046],5,0.7450952529907227],[[766.2340698242188,225.1622772216797,48.90016555786133,-0.000517324369866401,8.7848150087666e-8,0.9999998807907105,-8.925155725592049e-8,1,-8.78943353654904e-8,-0.9999998807907105,-8.929701778015442e-8,-0.000517324369866401],5,0.7515323162078857],[[766.1057739257813,225.52560424804688,48.93627166748047,-0.01909453235566616,9.720983484839962e-8,0.9998176693916321,-9.718726801111188e-8,1,-9.908364972943673e-8,-0.9998176693916321,-9.906150921779045e-8,-0.01909453235566616],5,0.7602496147155762],[[765.9791259765625,225.87530517578126,48.97780227661133,-0.03888934850692749,1.0654371607188296e-7,0.9992434978485107,-1.0472854938825549e-7,1,-1.1070028449466918e-7,-0.9992434978485107,-1.0895438862235096e-7,-0.03888934850692749],5,0.768326997756958],[[765.791015625,226.3743133544922,49.04571533203125,-0.06967373192310333,1.2048407427300845e-7,0.9975698590278626,-1.1535564681253163e-7,1,-1.288344151362253e-7,-0.9975698590278626,-1.240516951384052e-7,-0.06967373192310333],5,0.780132532119751],[[765.6666259765625,226.68994140625,49.09376907348633,-0.09011753648519516,1.0499918801087915e-7,0.9959311485290527,-9.842266024406854e-8,1,-1.1433400715077369e-7,-0.9959311485290527,-1.0832569330432307e-7,-0.09011753648519516],5,0.7904775142669678],[[765.4816284179688,227.13784790039063,49.16978454589844,-0.12044581025838852,8.18908958422071e-8,0.9927198886871338,-7.381255073823923e-8,1,-9.144704904429091e-8,-0.9927198886871338,-8.428960285300491e-8,-0.12044581025838852],5,0.8001344203948975],[[765.3598022460938,227.41941833496095,49.22396469116211,-0.14064066112041474,6.657195683601458e-8,0.9900606870651245,-5.792683310801294e-8,1,-7.546893243670638e-8,-0.9900606870651245,-6.796508245088262e-8,-0.14064066112041474],5,0.8105869293212891],[[765.178955078125,227.81622314453126,49.30926513671875,-0.17070986330509187,4.373662321199845e-8,0.9853213429450989,-3.492428746199039e-8,1,-5.04389170430386e-8,-0.9853213429450989,-4.3022065909781307e-8,-0.17070986330509187],5,0.8233096599578857],[[765.0592651367188,228.06373596191407,49.368003845214847,-0.19011004269123078,2.861543180188164e-8,0.9817627668380737,-2.0174649506543575e-8,1,-3.3053634496127418e-8,-0.9817627668380737,-2.6090543059353878e-8,-0.19011004269123078],5,0.8321731090545654],[[764.8821411132813,228.40945434570313,49.460845947265628,-0.21907708048820496,6.097053972808908e-9,0.9757075309753418,1.0983578491163826e-9,1,-6.002231600632513e-9,-0.9757075309753418,-2.432699042209663e-10,-0.21907708048820496],5,0.8443605899810791],[[764.7649536132813,228.62290954589845,49.524436950683597,-0.2377343326807022,-8.799432293926657e-9,0.9713302254676819,1.4700518136123719e-8,1,1.2657133119375885e-8,-0.9713302254676819,1.7288098064227598e-8,-0.2377343326807022],5,0.8539624214172363],[[764.5904541015625,228.9175262451172,49.62211990356445,-0.2645956575870514,-3.096428358162484e-8,0.9643594622612,3.4258178516211049e-8,1,4.150822974224866e-8,-0.9643594622612,4.40201013418573e-8,-0.2645956575870514],5,0.8647358417510986],[[764.417724609375,229.18148803710938,49.72294616699219,-0.29037991166114809,-5.290532811841331e-8,0.9569114446640015,5.2826997887223118e-8,1,7.131823309691754e-8,-0.9569114446640015,7.126014622826915e-8,-0.29037991166114809],5,0.878394365310669],[[764.18896484375,229.4857635498047,49.859928131103519,-0.3224182724952698,-8.180158772574942e-8,0.9465972781181336,7.617648378754893e-8,1,1.123627555443818e-7,-0.9465972781181336,1.0833625907480382e-7,-0.3224182724952698],5,0.8912293910980225],[[764.0753173828125,229.61746215820313,49.92961120605469,-0.3372533917427063,-8.541244511661717e-8,0.9414138793945313,7.757144970810259e-8,1,1.1851712855559527e-7,-0.9414138793945313,1.1299714230972313e-7,-0.3372533917427063],5,0.9034759998321533],[[763.9058227539063,229.78945922851563,50.035831451416019,-0.3581989109516144,-7.484309350047624e-8,0.9336453080177307,6.529021590040429e-8,1,1.0521123527951204e-7,-0.9336453080177307,9.86444490536087e-8,-0.3581989109516144],5,0.914989709854126],[[763.7368774414063,229.93080139160157,50.14284896850586,-0.3774559497833252,-6.438679633902211e-8,0.9260275363922119,5.356729815275685e-8,1,9.13645479272418e-8,-0.9260275363922119,8.409088536609488e-8,-0.3774559497833252],5,0.9279646873474121],[[763.5680541992188,230.04148864746095,50.24998474121094,-0.3947601020336151,-5.403922287428031e-8,0.9187842011451721,4.238874851125729e-8,1,7.702854531999037e-8,-0.9187842011451721,6.935390928219931e-8,-0.3947601020336151],5,0.9369645118713379],[[763.4560546875,230.09825134277345,50.322288513183597,-0.4055175483226776,-4.719876045555793e-8,0.9140872359275818,3.518954727610435e-8,1,6.724603451857547e-8,-0.9140872359275818,5.9435762977955167e-8,-0.4055175483226776],5,0.9485139846801758],[[763.2886352539063,230.15785217285157,50.4316291809082,-0.4206788241863251,-3.7022402921138567e-8,0.9072096347808838,2.4730631764668943e-8,1,5.2276842410492466e-8,-0.9072096347808838,4.4427629575238828e-8,-0.4206788241863251],5,0.9601690769195557],[[763.1219482421875,230.18678283691407,50.54206085205078,-0.43483513593673708,-2.694487832854975e-8,0.9005100727081299,1.4642667522934972e-8,1,3.6992393148693739e-8,-0.9005100727081299,2.9271461698954228e-8,-0.43483513593673708],5,0.9738657474517822],[[762.9002075195313,230.17767333984376,50.69026184082031,-0.4520924985408783,-1.3656243247339717e-8,0.8919710516929627,1.7208279246005987e-9,1,1.6182381656904e-8,-0.8919710516929627,8.850862265319393e-9,-0.4520924985408783],5,0.9866509437561035],[[762.7344360351563,230.1350860595703,50.80221176147461,-0.4638056457042694,-3.796014169665796e-9,0.885936975479126,-7.617322772546231e-9,1,2.969248458217777e-10,-0.885936975479126,-6.6107523899461288e-9,-0.4638056457042694],5,1.0020124912261963],[[762.5134887695313,230.03060913085938,50.95168685913086,-0.4776584804058075,9.219719210307176e-9,0.8785455822944641,-1.9666849482291583e-8,1,-2.118701303288617e-8,-0.8785455822944641,-2.7398380453291794e-8,-0.4776584804058075],5,1.0284509658813477],[[762.2373046875,229.8233642578125,51.1385498046875,-0.4924686849117279,2.5297371308852236e-8,0.8703301548957825,-3.421090255528725e-8,1,-4.84243471987611e-8,-0.8703301548957825,-5.362225508065421e-8,-0.4924686849117279],5,1.0379042625427247],[[762.0715942382813,229.6581573486328,51.250667572021487,-0.5000110864639282,3.485125077418161e-8,0.8660190105438232,-4.273315568070757e-8,1,-6.491578119494079e-8,-0.8660190105438232,-6.946633845927863e-8,-0.5000110864639282],5,1.0522468090057374],[[761.9058837890625,229.4622802734375,51.36278533935547,-0.5065792202949524,4.434414080378701e-8,0.8621934056282044,-5.114904411129828e-8,1,-8.148424512910424e-8,-0.8621934056282044,-8.537859486068555e-8,-0.5065792202949524],5,1.068089485168457],[[761.7401123046875,229.23574829101563,51.474666595458987,-0.5123000144958496,5.3782184039619099e-8,0.8588065505027771,-5.948677284095538e-8,1,-9.810970880153036e-8,-0.8588065505027771,-1.0134923655868988e-7,-0.5123000144958496],5,1.0755071640014649],[[761.62939453125,229.0677032470703,51.54893112182617,-0.5155998468399048,6.004677999271735e-8,0.8568295240402222,-6.502546057163272e-8,1,-1.0920946635906148e-7,-0.8568295240402222,-1.1202411798194589e-7,-0.5155998468399048],5,1.085944414138794],[[761.5176391601563,228.88601684570313,51.62166213989258,-0.5180216431617737,6.62930759176561e-8,0.8553675413131714,-7.062600815288534e-8,1,-1.2027446416595922e-7,-0.8553675413131714,-1.227159600603045e-7,-0.5180216431617737],5,1.0951242446899415],[[761.4049682617188,228.6907196044922,51.69293212890625,-0.5195347666740418,7.252599232288049e-8,0.8544492721557617,-7.631907550376127e-8,1,-1.3128503439929774e-7,-0.8544492721557617,-1.3341792737264769e-7,-0.5195347666740418],5,1.1033494472503663],[[761.234375,228.37220764160157,51.797332763671878,-0.5202827453613281,8.186072619764673e-8,0.8539940714836121,-8.506046356160368e-8,1,-1.4767809375371145e-7,-0.8539940714836121,-1.494754968689449e-7,-0.5202827453613281],5,1.1131138801574708],[[761.11962890625,228.14285278320313,51.86527633666992,-0.5198900103569031,7.127550816221628e-8,0.8542332053184509,-7.379956912245689e-8,1,-1.283527240047988e-7,-0.8542332053184509,-1.2977133678759857e-7,-0.5198900103569031],5,1.1222295761108399],[[761.0037231445313,227.8998565673828,51.93115234375,-0.5185521245002747,6.068641056344859e-8,0.8550460338592529,-6.26603053888175e-8,1,-1.0897547753074832e-7,-0.8550460338592529,-1.1008690847802427e-7,-0.5185521245002747],5,1.1323621273040772],[[760.827880859375,227.50982666015626,52.026371002197269,-0.5148517489433289,4.477519510714956e-8,0.8572792410850525,-4.606533465789653e-8,1,-7.989464023694382e-8,-0.8572792410850525,-8.062475131964675e-8,-0.5148517489433289],5,1.1434967517852784],[[760.7094116210938,227.23277282714845,52.087554931640628,-0.5114386081695557,3.4138430748953399e-8,0.859319806098938,-3.499430789588587e-8,1,-6.055471857280281e-8,-0.859319806098938,-6.10413195545334e-8,-0.5114386081695557],5,1.1534578800201417],[[760.5280151367188,226.79164123535157,52.17178726196289,-0.5034331679344177,1.811227612336097e-8,0.8640341758728027,-1.8350391428612057e-8,1,-3.16543875555908e-8,-0.8640341758728027,-3.179123453378452e-8,-0.5034331679344177],5,1.1644001007080079],[[760.3442993164063,226.3198699951172,52.25082015991211,-0.49328646063804629,1.9680381768694134e-9,0.8698669075965881,-1.4118969327014952e-9,1,-3.0631215341969666e-9,-0.8698669075965881,-2.7391591217451607e-9,-0.49328646063804629],5,1.1748216152191163],[[760.2206420898438,225.98831176757813,52.30069351196289,-0.4856759309768677,-8.870554957240984e-9,0.8741389513015747,1.0117262583264619e-8,1,1.576896302424302e-8,-0.8741389513015747,1.6502498922932319e-8,-0.4856759309768677],5,1.1851141452789307],[[760.0318603515625,225.46543884277345,52.3666877746582,-0.47135791182518008,-2.5263183545121138e-8,0.8819420337677002,2.790326369961349e-8,1,4.355797145194629e-8,-0.8819420337677002,4.5140453153180718e-8,-0.47135791182518008],5,1.1969735622406006],[[759.90478515625,225.09982299804688,52.407020568847659,-0.4606277048587799,-3.629455136433535e-8,0.8875934481620789,4.0140765378282597e-8,1,6.172250976987925e-8,-0.8875934481620789,6.405977615031589e-8,-0.4606277048587799],5,1.2077527046203614],[[759.71142578125,224.52584838867188,52.45806884765625,-0.44156479835510256,-5.301489025555384e-8,0.8972293734550476,5.926351676066588e-8,1,8.825342945328885e-8,-0.8972293734550476,9.21425780120444e-8,-0.44156479835510256],5,1.2180917263031006],[[759.3863525390625,223.50111389160157,52.53184509277344,-0.40631335973739626,-7.241639110588949e-8,0.9137337803840637,8.305474352710007e-8,1,1.1618553230619e-7,-0.9137337803840637,1.2309766361795483e-7,-0.40631335973739626],5,1.2404656410217286],[[759.1887817382813,222.84539794921876,52.562313079833987,-0.382022887468338,-6.258654394741825e-8,0.9241528511047363,7.375097510475826e-8,1,9.821005875210176e-8,-0.9241528511047363,1.0567566732788691e-7,-0.382022887468338],7,1.2499771118164063],[[759.056396484375,222.5020751953125,52.577980041503909,-0.36485472321510317,-5.595090968313343e-8,0.9310644865036011,6.730955703915242e-8,1,8.646998139738571e-8,-0.9310644865036011,9.421852098512318e-8,-0.36485472321510317],7,1.2607645988464356],[[758.9236450195313,222.4325408935547,52.58995056152344,-0.34704819321632388,-4.925023944224449e-8,0.9378473162651062,6.064708202302427e-8,1,7.495645348853941e-8,-0.9378473162651062,8.289120501103753e-8,-0.34704819321632388],7,1.2693367004394532],[[758.7240600585938,222.47601318359376,52.6021728515625,-0.31927064061164858,-3.907991796836541e-8,0.9476636052131653,5.021070492716717e-8,1,5.815431691758022e-8,-0.9476636052131653,6.61498233966995e-8,-0.31927064061164858],7,1.2804079055786133],[[758.5241088867188,222.5442657470703,52.6042366027832,-0.28930094838142397,-2.8769347792945156e-8,0.9572381973266602,3.926901825934692e-8,1,4.1922596949461879e-8,-0.9572381973266602,4.9718050121327909e-8,-0.28930094838142397],8,1.292623519897461],[[758.3908081054688,222.5819549560547,52.60150146484375,-0.26876139640808108,-2.1819760220864738e-8,0.9632067680358887,3.164491246820944e-8,1,3.148305438571697e-8,-0.9632067680358887,3.8942026492350126e-8,-0.26876139640808108],8,1.302882194519043],[[758.1244506835938,222.63417053222657,52.58771514892578,-0.2266341894865036,-7.751447483883567e-9,0.9739799499511719,1.5599423974776984e-8,1,1.1588339177137641e-8,-0.9739799499511719,1.7819841602317866e-8,-0.2266341894865036],8,1.3164842128753663],[[757.859375,222.66375732421876,52.55963134765625,-0.18253591656684876,6.523777518196994e-9,0.9831991791725159,-1.489158130141277e-9,1,-6.911724970137811e-9,-0.9831991791725159,-2.7257771595401438e-9,-0.18253591656684876],8,1.3361082077026368],[[757.661865234375,222.67684936523438,52.52849197387695,-0.14836500585079194,1.735280363845959e-8,0.9889326691627502,-1.498230872698514e-8,1,-1.9794727634803168e-8,-0.9889326691627502,-1.77533383549644e-8,-0.14836500585079194],8,1.3457353115081788],[[757.53125,222.6828155517578,52.5020751953125,-0.12493030726909638,2.4625057548632868e-8,0.9921655058860779,-2.4297039047382897e-8,1,-2.7878909847345313e-8,-0.9921655058860779,-2.758960526705323e-8,-0.12493030726909638],8,1.3548502922058106],[[757.4013061523438,222.6872100830078,52.472232818603519,-0.1012682318687439,3.1936167488311187e-8,0.9948591589927673,-3.385440550118801e-8,1,-3.5547287779991169e-8,-0.9948591589927673,-3.728017716753129e-8,-0.1012682318687439],8,1.3642239570617676],[[757.142822265625,222.69288635253907,52.40660095214844,-0.05413362383842468,4.6660616703775307e-8,0.9985337257385254,-5.362604582614949e-8,1,-4.9636369681138606e-8,-0.9985337257385254,-5.6234409129274357e-8,-0.05413362383842468],8,1.3807311058044434],[[756.9498291015625,222.6953582763672,52.3539924621582,-0.02067120000720024,5.7778322570811727e-8,0.9997863173484802,-6.888556924877776e-8,1,-5.9214922742967249e-8,-0.9997863173484802,-7.009489166875938e-8,-0.02067120000720024],8,1.3905882835388184],[[756.8223876953125,222.6964874267578,52.31486892700195,0.0012599639594554902,6.521838002981895e-8,0.9999992251396179,-7.926020373361098e-8,1,-6.511857009172673e-8,-0.9999992251396179,-7.917809341506654e-8,0.0012599639594554902],8,1.4006423950195313],[[756.6322631835938,222.6976318359375,52.25282287597656,0.033400505781173709,7.641369137445509e-8,0.9994420409202576,-9.507773057748637e-8,1,-7.327893314368339e-8,-0.9994420409202576,-9.25771246329532e-8,0.033400505781173709],8,1.4116802215576172],[[756.5059814453125,222.69815063476563,52.209957122802737,0.05387492477893829,7.259021828076584e-8,0.9985476732254028,-9.157172087270738e-8,1,-6.77552023375938e-8,-0.9985476732254028,-8.7788421865298e-8,0.05387492477893829],8,1.4203450679779053],[[756.3802490234375,222.69854736328126,52.16558074951172,0.07357970625162125,5.744474051994075e-8,0.9972893595695496,-7.359279408092334e-8,1,-5.217122733824908e-8,-0.9972893595695496,-6.955456655077796e-8,0.07357970625162125],8,1.4301669597625733],[[756.2556762695313,222.69883728027345,52.11805725097656,0.09329116344451904,4.227684513580243e-8,0.9956388473510742,-5.5247550534431869e-8,1,-3.7285349918647628e-8,-0.9956388473510742,-5.15282181368093e-8,0.09329116344451904],8,1.4405121803283692],[[756.0703735351563,222.69911193847657,52.04277420043945,0.12279511243104935,1.94900948713439e-8,0.9924320578575134,-2.7074523956116537e-8,1,-1.6288753457160966e-8,-0.9924320578575134,-2.4869452275311234e-8,0.12279511243104935],8,1.4509398937225342],[[755.886474609375,222.69931030273438,51.964149475097659,0.15141303837299348,-3.328716191575154e-9,0.9884705543518066,1.839414287552188e-9,1,3.0857765231928626e-9,-0.9884705543518066,1.3509751095597267e-9,0.15141303837299348],8,1.4624712467193604],[[755.7647705078125,222.69940185546876,51.90974807739258,0.16978992521762849,-1.8553789615793904e-8,0.9854802489280701,2.1481916689936044e-8,1,1.5125996455367387e-8,-0.9854802489280701,1.8601758355885069e-8,0.16978992521762849],8,1.4726552963256837],[[755.5845947265625,222.69949340820313,51.82301330566406,0.19746777415275575,-4.140367337868156e-8,0.9803093671798706,5.145627213209991e-8,1,3.187025754414208e-8,-0.9803093671798706,4.41497114422873e-8,0.19746777415275575],8,1.4828236103057862],[[755.46533203125,222.69952392578126,51.763423919677737,0.21539276838302613,-5.664196223165163e-8,0.9765275120735169,7.173845517627342e-8,1,4.21800869787603e-8,-0.9765275120735169,6.096928473198204e-8,0.21539276838302613],8,1.4947545528411866],[[755.287353515625,222.69956970214845,51.67219543457031,0.24108478426933289,-6.758963877473434e-8,0.9705040454864502,8.71811280944712e-8,1,4.798701880304179e-8,-0.9705040454864502,7.304069526981039e-8,0.24108478426933289],8,1.5047130584716797],[[755.16943359375,222.6995849609375,51.609928131103519,0.2574253976345062,-5.900637489730798e-8,0.9662981629371643,7.696087322983658e-8,1,4.0561698000374238e-8,-0.9662981629371643,6.392554041667609e-8,0.2574253976345062],8,1.5145399570465088],[[754.9932861328125,222.6995849609375,51.51518630981445,0.28060778975486758,-4.613523074681325e-8,0.9598225355148315,6.131902807737788e-8,1,3.013956373365545e-8,-0.9598225355148315,5.039798978145882e-8,0.28060778975486758],8,1.5254840850830079],[[754.8175048828125,222.6995849609375,51.41971206665039,0.30191975831985476,-3.32704921390814e-8,0.95333331823349,4.5347036348175609e-8,1,2.053775638444222e-8,-0.95333331823349,3.703008744082581e-8,0.30191975831985476],8,1.537947416305542],[[754.6417236328125,223.3586883544922,51.32414245605469,0.32267600297927859,-2.041380042783203e-8,0.9465094804763794,2.9122080746901703e-8,1,1.163940233084304e-8,-0.9465094804763794,2.3808571114614098e-8,0.32267600297927859],3,1.5554876327514649],[[754.4092407226563,224.1943359375,51.19355392456055,0.34725651144981387,-3.285989258472455e-9,0.9377701878547669,7.1311991867162309e-9,1,8.633615489195279e-10,-0.9377701878547669,6.387618878278545e-9,0.34725651144981387],5,1.5757145881652833],[[754.1781616210938,224.97547912597657,51.06035614013672,0.3691488206386566,1.3823867384132882e-8,0.9293702840805054,-1.5166197186999854e-8,1,-8.850382648972755e-9,-0.9293702840805054,-1.0827904795007726e-8,0.3691488206386566],5,1.5829882621765137],[[754.0632934570313,225.34561157226563,50.99268341064453,0.3792829215526581,2.237177554320624e-8,0.925280749797821,-2.6404674002833418e-8,1,-1.3354792827158235e-8,-0.925280749797821,-1.9366490633387913e-8,0.3792829215526581],5,1.5937209129333497],[[753.94873046875,225.70213317871095,50.924442291259769,0.3888415992259979,3.091493283591262e-8,0.9213046431541443,-3.769122969288219e-8,1,-1.7647815653276667e-8,-0.9213046431541443,-2.786289776679496e-8,0.3888415992259979],5,1.6029794216156006],[[753.7771606445313,226.2113494873047,50.82164001464844,0.4022221863269806,4.372073547642685e-8,0.9155420660972595,-5.4696354112593329e-8,1,-2.372435936592865e-8,-0.9155420660972595,-4.053434921047483e-8,0.4022221863269806],5,1.615241289138794],[[753.6055908203125,226.68991088867188,50.7187614440918,0.4143363833427429,5.651585510690893e-8,0.9101238250732422,-7.176731031677264e-8,1,-2.9424619185647317e-8,-0.9101238250732422,-5.312544715252443e-8,0.4143363833427429],5,1.6238315105438233],[[753.4912109375,226.99192810058595,50.65017318725586,0.42164841294288638,6.50400764357073e-8,0.9067593812942505,-8.317088173726006e-8,1,-3.305309448364824e-8,-0.9067593812942505,-6.147919151544557e-8,0.42164841294288638],5,1.6342108249664307],[[753.31982421875,227.4193878173828,50.54705047607422,0.43170711398124697,7.781776645288119e-8,0.9020138382911682,-1.0030342423306138e-7,1,-3.826556138619708e-8,-0.9020138382911682,-7.395556167466566e-8,0.43170711398124697],5,1.644949197769165],[[753.1488037109375,227.81619262695313,50.44338607788086,0.44096240401268008,9.05852459709422e-8,0.8975255489349365,-1.1746578820748255e-7,1,-4.321575985954951e-8,-0.8975255489349365,-8.637202597583382e-8,0.44096240401268008],5,1.6605029106140137],[[752.9212036132813,228.29759216308595,50.30434036254883,0.4523013234138489,1.075929390026431e-7,0.8918651938438416,-1.4038592155429797e-7,1,-4.944267217865672e-8,-0.8918651938438416,-1.0284232843105201e-7,0.4523013234138489],5,1.6765284538269044],[[752.7509155273438,228.6228790283203,50.19948196411133,0.460040807723999,1.2033719087867213e-7,0.887897789478302,-1.5758935489884608e-7,1,-5.38796847138201e-8,-0.887897789478302,-1.1513638753513078e-7,0.460040807723999],5,1.6899902820587159],[[752.5811157226563,228.91749572753907,50.09379577636719,0.46728450059890749,1.0790827786877344e-7,0.8841069936752319,-1.417590738128638e-7,1,-4.71282959324526e-8,-0.8841069936752319,-1.0330787603152203e-7,0.46728450059890749],5,1.7030282020568848],[[752.4120483398438,229.18145751953126,49.98698425292969,0.4742870330810547,8.291194575349437e-8,0.8803702592849731,-1.0931786675882904e-7,1,-3.528504066707683e-8,-0.8803702592849731,-7.95049572843709e-8,0.4742870330810547],5,1.7135965824127198],[[752.2996826171875,229.3404083251953,49.91519546508789,0.4788161814212799,6.625826642903121e-8,0.8779152035713196,-8.763340986206458e-8,1,-2.7676898994855038e-8,-0.8779152035713196,-6.36825561173282e-8,0.4788161814212799],5,1.722846508026123],[[752.0189208984375,229.6781768798828,49.7353401184082,0.4893595576286316,2.4660391062525379e-8,0.8720821142196655,-3.324054276276911e-8,1,-9.625026109461033e-9,-0.8720821142196655,-2.4278385524212355e-8,0.4893595576286316],5,1.743882417678833],[[751.9066162109375,229.7894287109375,49.663387298583987,0.4930981695652008,8.035561549490922e-9,0.8699736595153809,-1.142132433074039e-8,1,-2.76298872670111e-9,-0.8699736595153809,-8.573826981717048e-9,0.4930981695652008],5,1.7514159679412842],[[751.7943115234375,229.88706970214845,49.591434478759769,0.49647438526153567,-8.581266364160456e-9,0.8680513501167297,1.0424984431267604e-8,1,3.923187552601348e-9,-0.8680513501167297,7.101660148833844e-9,0.49647438526153567],5,1.7630436420440674],[[751.5697021484375,230.0414581298828,49.44752883911133,0.5025448799133301,-4.1791302862748128e-8,0.8645511269569397,5.417767567905685e-8,1,1.6846415817894923e-8,-0.8645511269569397,3.8373286770365669e-8,0.5025448799133301],5,1.78971266746521],[[751.233154296875,230.17086791992188,49.231143951416019,0.5105725526809692,-9.154827296242729e-8,0.8598346710205078,1.199139916252534e-7,1,3.5266644715648e-8,-0.8598346710205078,8.51000265811308e-8,0.5105725526809692],5,1.8098247051239014],[[751.009521484375,230.1890106201172,49.08584213256836,0.5154327750205994,-9.901051356564494e-8,0.8569300174713135,1.3005578125557805e-7,1,3.731401676532187e-8,-0.8569300174713135,9.221584207352862e-8,0.5154327750205994],5,1.8168039321899415],[[750.618896484375,230.08963012695313,48.83064651489258,0.5230274796485901,-6.716524580951955e-8,0.8523157835006714,8.869814394074638e-8,1,2.4373212781370058e-8,-0.8523157835006714,6.285097242653137e-8,0.5230274796485901],5,1.8467037677764893],[[750.50732421875,230.03057861328126,48.75771713256836,0.5248724222183228,-5.80759902391037e-8,0.851180911064148,7.68586758681522e-8,1,2.0835747349678969e-8,-0.851180911064148,5.4484527112208528e-8,0.5248724222183228],5,1.856626272201538],[[750.2283935546875,229.82333374023438,48.57539367675781,0.5287742614746094,-3.5370767648146287e-8,0.8487625122070313,4.7228073896121717e-8,1,1.225051704523139e-8,-0.8487625122070313,3.360765887805428e-8,0.5287742614746094],5,1.8754041194915772],[[750.0052490234375,229.5962371826172,48.429534912109378,0.5313883423805237,-1.722485443167443e-8,0.8471283316612244,2.3506206758838745e-8,1,5.588209006646139e-9,-0.8471283316612244,1.6943264569135864e-8,0.5313883423805237],5,1.8937749862670899],[[749.8937377929688,229.46224975585938,48.35646057128906,0.532581627368927,-8.157935660335625e-9,0.8463786244392395,1.1642635300290749e-8,1,2.3125370507415256e-9,-0.8463786244392395,8.622462743801407e-9,0.532581627368927],5,1.9029510021209717],[[749.7822875976563,229.31463623046876,48.28334045410156,0.5336984992027283,9.049748173062255e-10,0.8456748127937317,-2.217346722899194e-10,1,-9.301865389055308e-10,-0.8456748127937317,3.0892371993829217e-10,0.5336984992027283],5,1.9095160961151124],[[749.6708374023438,229.1533966064453,48.21021270751953,0.5347391366958618,9.963889269215543e-9,0.8450171947479248,-1.2086199596694769e-8,1,-4.143021925528956e-9,-0.8450171947479248,-7.997610573795555e-9,0.5347391366958618],5,1.9171555042266846],[[749.503662109375,228.885986328125,48.100521087646487,0.5361766219139099,2.3544796334817876e-8,0.8441057801246643,-2.9881753960125937e-8,1,-8.9122682567222e-9,-0.8441057801246643,-2.044481206553428e-8,0.5361766219139099],5,1.9290168285369874],[[749.3922729492188,228.69068908691407,48.02724838256836,0.5371050834655762,3.259377123754348e-8,0.8435153365135193,-4.174449941274361e-8,1,-1.2059753196069778e-8,-0.8435153365135193,-2.8734772783423069e-8,0.5371050834655762],5,1.938265085220337],[[749.1139526367188,228.142822265625,47.843955993652347,0.5392917990684509,5.51988783570323e-8,0.8421189785003662,-7.139573199310689e-8,1,-1.982587427562521e-8,-0.8421189785003662,-4.943177245309016e-8,0.5392917990684509],5,1.961012601852417],[[748.8917236328125,227.64321899414063,47.696651458740237,0.5410751700401306,7.326517703631908e-8,0.8409742116928101,-9.511347798252246e-8,1,-2.592426007197446e-8,-0.8409742116928101,-6.596101087552597e-8,0.5410751700401306],5,1.9778456687927247],[[748.614013671875,226.9420623779297,47.51238250732422,0.5431137084960938,9.582586102396817e-8,0.8396591544151306,-1.2474836807996326e-7,1,-3.3434172763691097e-8,-0.8396591544151306,-8.658755490387193e-8,0.5431137084960938],5,1.9957869052886963],[[748.39202