[[[776,222.69961547851563,47,1,5.962363758271749e-8,-8.223466802263421e-14,-5.962363758271749e-8,1,-8.775642612590673e-8,7.700230833821917e-14,8.775642612590673e-8,1],8,0.017598628997802736],[[776,222.69961547851563,47,1,3.9025042752882658e-8,-8.101708865414226e-14,-3.9025042752882658e-8,1,-5.743857656170803e-8,7.877554809637352e-14,5.743857656170803e-8,1],8,0.03576016426086426],[[776,222.69961547851563,47,1,2.8735648527344894e-8,-8.058747354329488e-14,-2.8735648527344894e-8,1,-4.2294225011119127e-8,7.937211678925652e-14,4.2294225011119127e-8,1],8,0.043894052505493167],[[776,222.69961547851563,47,1,2.1879715816908175e-8,-8.038573740031321e-14,-2.1879715816908175e-8,1,-3.2203381294948488e-8,7.968113473720562e-14,3.2203381294948488e-8,1],8,0.05222773551940918],[[776,222.69961547851563,47,1,1.1601309246600522e-8,-8.021217018502544e-14,-1.1601309246600522e-8,1,-1.70751981443118e-8,8.001407289558518e-14,1.70751981443118e-8,1],8,0.06509613990783692],[[776,222.69961547851563,47,1,1.3294902956317856e-9,-8.019379973446539e-14,-1.3294902956317856e-9,1,-1.9567090170369285e-9,8.019119764925142e-14,1.9567090170369285e-9,1],8,0.0760953426361084],[[776,222.69961547851563,47,1,-8.935745476890134e-9,-8.03304905233615e-14,8.935745476890134e-9,1,1.3152091860035853e-8,8.021296978412765e-14,-1.3152091860035853e-8,1],8,0.09045910835266113],[[776,222.69961547851563,47,1,-1.9194400735500495e-8,-8.062199182996138e-14,1.9194400735500495e-8,1,2.8251212924601533e-8,8.007972133712918e-14,-2.8251212924601533e-8,1],8,0.10266399383544922],[[776,222.69961547851563,47,1,-2.9446482585626655e-8,-8.106799194614045e-14,2.9446482585626655e-8,1,4.334065906164142e-8,7.979176401638061e-14,-4.334065906164142e-8,1],8,0.11490201950073242],[[776,222.69961547851563,47,1,-3.969199724451755e-8,-8.166820626882843e-14,3.969199724451755e-8,1,5.842043648840445e-8,7.934938920121579e-14,-5.842043648840445e-8,1],8,0.12701129913330079],[[776,222.69961547851563,47,1,-5.334246466759396e-8,-8.270787483707909e-14,5.334246466759396e-8,1,7.851178196460751e-8,7.851985934278355e-14,-7.851178196460751e-8,1],8,0.1453723907470703],[[776,222.69961547851563,47,1,-6.698126497894919e-8,-8.402046419719866e-14,6.698126497894919e-8,1,9.858596428102828e-8,7.741704955051276e-14,-9.858596428102828e-8,1],8,0.16696834564208985],[[776,222.69961547851563,47,1,-5.069224684461915e-8,-8.282700155078093e-14,5.069224684461915e-8,1,7.461106577011378e-8,7.904479615338314e-14,-7.461106577011378e-8,1],8,0.17647409439086915],[[775.8458862304688,222.69961547851563,46.95147705078125,0.9932183623313904,-2.3018753125825243e-8,0.11626400798559189,1.8655372358011847e-8,1,3.861810071725813e-8,-0.11626400798559189,-3.6187255858521897e-8,0.9932183623313904],8,0.19404220581054688],[[775.6572875976563,222.69961547851563,46.89599609375,0.9732746481895447,4.397883168749672e-10,0.229644313454628,-2.2576776004257228e-9,1,7.653365940996082e-9,-0.229644313454628,-7.967289938903832e-9,0.9732746481895447],8,0.21584463119506837],[[775.3997192382813,222.69961547851563,46.827880859375,0.9288686513900757,3.5685367549831429e-8,0.3704092800617218,-2.2675466837540627e-8,1,-3.9477516367014689e-8,-0.3704092800617218,2.8270225271853634e-8,0.9288686513900757],8,0.22332048416137696],[[775.2047119140625,222.69961547851563,46.78361511230469,0.8863620758056641,6.494800430800751e-8,0.46299275755882265,-3.2526809690125449e-8,1,-7.800872481311672e-8,-0.46299275755882265,5.4084296152723257e-8,0.8863620758056641],8,0.23546838760375977],[[775.0086669921875,222.69961547851563,46.74403762817383,0.8393659591674805,6.886671854999804e-8,0.5435667037963867,-2.6859062529638323e-8,1,-8.521885774825933e-8,-0.5435667037963867,5.6930115732711786e-8,0.8393659591674805],8,0.24860930442810059],[[774.8111572265625,222.69961547851563,46.712799072265628,0.7887784838676453,5.88477355734085e-8,0.6146775484085083,-1.6222047705127808e-8,1,-7.492079845405897e-8,-0.6146775484085083,4.9124583512139e-8,0.7887784838676453],8,0.2599453926086426],[[774.6127319335938,222.69961547851563,46.68748092651367,0.7361395955085754,4.8262108975904997e-8,0.6768297553062439,-7.227805021159384e-9,1,-6.344495773191739e-8,-0.6768297553062439,4.181234913858134e-8,0.7361395955085754],8,0.27104878425598147],[[774.4133911132813,222.69961547851563,46.67192459106445,0.6815038919448853,3.717212848641793e-8,0.7318145036697388,2.906299645388799e-10,1,-5.1065118356063979e-8,-0.7318145036697388,3.501376255599098e-8,0.6815038919448853],8,0.2831578254699707],[[773.947265625,222.69961547851563,46.65156936645508,-0.9577227830886841,-4.442138745730517e-8,-0.28769272565841677,-2.5679247173115983e-8,1,-6.89200163606074e-8,0.28769272565841677,-5.861853935584804e-8,-0.9577227830886841],8,0.31318140029907229],[[773.7473754882813,222.69961547851563,46.65579605102539,-0.9974545240402222,-4.825394483987111e-8,-0.07130547612905503,-4.2950919265649648e-8,1,-7.59037774855642e-8,0.07130547612905503,-7.264792856176428e-8,-0.9974545240402222],8,0.33403778076171877],[[773.4141235351563,222.69961547851563,46.66753387451172,-0.996240496635437,-8.25845134500014e-8,-0.08663073927164078,-7.535248869317002e-8,1,-8.675112894707127e-8,0.08663073927164078,-7.989714134737369e-8,-0.996240496635437],8,0.3460214138031006],[[773.2146606445313,222.69961547851563,46.68202209472656,-0.9957767724990845,-8.861941580562416e-8,-0.09180722385644913,-8.150274766194343e-8,1,-8.126676220854279e-8,0.09180722385644913,-7.344101504713763e-8,-0.9957767724990845],8,0.35849881172180178],[[773.0818481445313,222.69961547851563,46.69377899169922,-0.9942396283149719,-7.414761427071426e-8,-0.10718007385730744,-6.795411877646984e-8,1,-6.143806530189977e-8,0.10718007385730744,-5.380083223371912e-8,-0.9942396283149719],8,0.36884045600891116],[[772.94921875,222.69961547851563,46.707462310791019,-0.9934705495834351,-5.8933018465268108e-8,-0.11408863961696625,-5.4552121042661386e-8,1,-4.152114740918478e-8,0.11408863961696625,-3.502625744999932e-8,-0.9934705495834351],8,0.37711048126220705],[[772.75048828125,222.69961547851563,46.72991943359375,-0.9930670857429504,-3.568791129282545e-8,-0.11754901707172394,-3.456509389820894e-8,1,-1.159050189158961e-8,0.11754901707172394,-7.447052752240779e-9,-0.9930670857429504],8,0.3867630958557129],[[772.6180419921875,222.69961547851563,46.745452880859378,-0.9924382567405701,-2.015697653234838e-8,-0.12274488806724549,-2.135222665344827e-8,1,8.422257558038382e-9,0.12274488806724549,1.097944668515538e-8,-0.9924382567405701],8,0.39827871322631838],[[772.4195556640625,222.69961547851563,46.76978302001953,-0.9920034408569336,3.2231608493304977e-9,-0.1262110471725464,-1.6484430487295754e-9,1,3.8494427201385409e-8,0.1262110471725464,3.839465634314365e-8,-0.9920034408569336],8,0.4083113670349121],[[772.2210693359375,222.69961547851563,46.79487991333008,-0.9917815923690796,2.661688291993869e-8,-0.12794245779514314,1.7990227973996299e-8,1,6.85816630152658e-8,0.12794245779514314,6.571631416818491e-8,-0.9917815923690796],8,0.4248085021972656],[[772.0227661132813,222.69961547851563,46.82039260864258,-0.9917816519737244,4.992863011921145e-8,-0.12794221937656403,3.761632427767836e-8,1,9.864960759387032e-8,0.12794221937656403,9.30261521148168e-8,-0.9917816519737244],8,0.4349477291107178],[[771.7583618164063,222.69961547851563,46.85450744628906,-0.9917816519737244,4.3780588043773608e-8,-0.12794221937656403,3.458746888895803e-8,1,7.407542312876103e-8,0.12794221937656403,6.904144811414881e-8,-0.9917816519737244],8,0.4503347873687744],[[771.6261596679688,222.69961547851563,46.87156677246094,-0.9917815923690796,4.070855652571481e-8,-0.12794245779514314,3.3074016414502697e-8,1,6.179620726243229e-8,0.12794245779514314,5.70567735280747e-8,-0.9917815923690796],8,0.458388090133667],[[771.4278564453125,222.69961547851563,46.89715576171875,-0.992861270904541,3.560304051575258e-8,-0.11927500367164612,3.064434395128046e-8,1,4.340774140132453e-8,0.11927500367164612,3.944276016909498e-8,-0.992861270904541],8,0.47402453422546389],[[771.2293701171875,222.69961547851563,46.92133712768555,-0.9932717680931091,3.0862409516885239e-8,-0.11580661684274674,2.8152065567610408e-8,1,2.5039653905878369e-8,0.11580661684274674,2.1610985001530026e-8,-0.9932717680931091],8,0.48557448387145998],[[770.9647216796875,223.56251525878907,46.9532585144043,-0.9940565228462219,2.457840153624602e-8,-0.10886518657207489,2.4660634423412376e-8,1,5.909757128108595e-10,0.10886518657207489,-2.0972212855241425e-9,-0.9940565228462219],3,0.5042893886566162],[[770.6996459960938,224.37091064453126,46.98271560668945,-0.9999884963035584,1.916897041098764e-8,-0.004802521783858538,1.9292485831101659e-8,1,-2.567256451868616e-8,0.004802521783858538,-2.5764920863480257e-8,-0.9999884963035584],5,0.5242781639099121],[[770.4342651367188,225.1248016357422,47.00898361206055,-0.9988784193992615,1.3922683450573459e-8,0.0473485104739666,1.1470471683594497e-8,1,-5.206238995469903e-8,-0.0473485104739666,-5.1460887107168676e-8,-0.9988784193992615],5,0.5343554019927979],[[770.3014526367188,225.4813232421875,47.02033615112305,-0.9999362826347351,7.931645562564427e-9,0.011287343688309193,7.195990026076515e-9,1,-6.521586470853436e-8,-0.011287343688309193,-6.513048589340542e-8,-0.9999362826347351],5,0.5478692054748535],[[770.0352172851563,226.15347290039063,47.03609085083008,-0.9954326152801514,5.29282173644674e-9,0.09546656906604767,-3.407447657366447e-9,1,-9.097118436329765e-8,-0.09546656906604767,-9.088098096299291e-8,-0.9954326152801514],5,0.55828857421875],[[769.9020385742188,226.46910095214845,47.04170608520508,-0.9975978136062622,-1.9488184399563126e-9,0.06927201896905899,-9.163277248092072e-9,1,-1.0382904491734735e-7,-0.06927201896905899,-1.0421438645380477e-7,-0.9975978136062622],5,0.5689201354980469],[[769.7020874023438,226.91700744628907,47.042781829833987,-0.9893139004707336,-1.3216743255384245e-9,0.14580120146274568,-1.9405900886226847e-8,1,-1.2261115500677989e-7,-0.14580120146274568,-1.241303237975444e-7,-0.9893139004707336],5,0.5802311897277832],[[769.56884765625,227.19857788085938,47.03818130493164,-0.9936209321022034,-1.0913005610291293e-8,0.11277159303426743,-2.634193130290896e-8,1,-1.3532564935303527e-7,-0.11277159303426743,-1.374330196313167e-7,-0.9936209321022034],5,0.5890514850616455],[[769.3690795898438,227.5953826904297,47.02915573120117,-0.9833002686500549,-9.587348692718934e-9,0.18199053406715394,-3.8247616629405459e-8,1,-1.539725360544253e-7,-0.18199053406715394,-1.5836194222629275e-7,-0.9833002686500549],5,0.6016333103179932],[[769.169677734375,227.9615478515625,47.01396179199219,-0.9803173542022705,-1.5026683897190197e-8,0.19742809236049653,-4.329512037770655e-8,1,-1.3886713645661076e-7,-0.19742809236049653,-1.4468153608504509e-7,-0.9803173542022705],5,0.6130139827728272],[[768.9705810546875,228.2970428466797,46.99490737915039,-0.9744171500205994,-1.8596084672140024e-8,0.2247469574213028,-4.390620489402863e-8,1,-1.0761825564031824e-7,-0.2247469574213028,-1.1473286321006526e-7,-0.9744171500205994],5,0.6265361309051514],[[768.8381958007813,228.50367736816407,46.979042053222659,-0.9752252101898193,-2.3239437041411294e-8,0.22121445834636689,-4.363958083786201e-8,1,-8.733145762107597e-8,-0.22121445834636689,-9.482154439410806e-8,-0.9752252101898193],5,0.6369342803955078],[[768.6404418945313,228.7880859375,46.94915008544922,-0.9622642397880554,-2.4320312874692719e-8,0.2721167802810669,-4.158453137392826e-8,1,-5.767742194962011e-8,-0.2721167802810669,-6.681676723019337e-8,-0.9622642397880554],5,0.6495912075042725],[[768.443359375,229.0418243408203,46.91498565673828,-0.9563501477241516,-2.8133408491726187e-8,0.2922232151031494,-3.823167915584236e-8,1,-2.8845969168855846e-8,-0.2922232151031494,-3.875902976346879e-8,-0.9563501477241516],5,0.661595344543457],[[768.1227416992188,229.39662170410157,46.89354705810547,-0.9182255864143372,-3.004609183676621e-8,0.3960578441619873,-2.6001254482821424e-8,1,1.558124473888256e-8,-0.3960578441619873,4.009096610246843e-9,-0.9182255864143372],5,0.6817517280578613],[[767.9356689453125,229.56861877441407,46.90998458862305,-0.9175720810890198,-3.217265032162686e-8,0.3975695073604584,-1.722550813099133e-8,1,4.1167655950857809e-8,-0.3975695073604584,3.092595690645794e-8,-0.9175720810890198],5,0.7049093246459961],[[767.629150390625,229.7871551513672,46.98673629760742,-0.8702284693717957,-3.8499376131539978e-8,0.49264833331108096,1.8432555481950886e-9,1,8.140376195342469e-8,-0.49264833331108096,7.174794802722318e-8,-0.8702284693717957],5,0.7146096229553223],[[767.4448852539063,229.87741088867188,47.05896759033203,-0.864822506904602,-3.9736647750032719e-8,0.5020777583122253,1.4743317677812229e-8,1,1.0453958765310745e-7,-0.5020777583122253,9.781047793921971e-8,-0.864822506904602],5,0.7279155254364014],[[767.2566528320313,229.93701171875,47.12604522705078,-0.8477107286453247,-4.2654910714645669e-8,0.5304587483406067,2.9032632298253703e-8,1,1.268075777716149e-7,-0.5304587483406067,1.228967505539913e-7,-0.8477107286453247],5,0.749298095703125],[[766.9386596679688,229.96820068359376,47.22602844238281,-0.7619914412498474,-5.994228047256911e-8,0.6475870609283447,5.7267904196578459e-8,1,1.599475041302867e-7,-0.6475870609283447,1.589645819422003e-7,-0.7619914412498474],5,0.7581923007965088],[[766.8095092773438,229.9568328857422,47.25831985473633,-0.7832906246185303,-4.202498615768491e-8,0.6216557025909424,5.65910553973481e-8,1,1.3890684158468503e-7,-0.6216557025909424,1.4398457892639272e-7,-0.7832906246185303],5,0.7669355869293213],[[766.6784057617188,229.93185424804688,47.28227233886719,-0.7602622509002686,-3.486966804189251e-8,0.6496162414550781,5.511227740839786e-8,1,1.1817661516033695e-7,-0.6496162414550781,1.2564704832129792e-7,-0.7602622509002686],5,0.7774879932403565],[[766.4803466796875,229.8688201904297,47.30941390991211,-0.720849871635437,-2.4018769195777169e-8,0.6930912733078003,5.113549050861366e-8,1,8.783804616996349e-8,-0.6930912733078003,9.875960671479334e-8,-0.720849871635437],5,0.787060022354126],[[766.1089477539063,229.65078735351563,47.40690231323242,-0.6721194386482239,-9.975098969050578e-9,0.74044269323349,2.5113200408100057e-8,1,3.6267721270633049e-8,-0.74044269323349,4.297112710105466e-8,-0.6721194386482239],5,0.8159105777740479],[[765.9381103515625,229.49578857421876,47.48564529418945,-0.6628932952880859,-1.1315498538166935e-9,0.7487138509750366,1.0919999127168012e-8,1,1.1179630554636333e-8,-0.7487138509750366,1.5586856250138227e-8,-0.6628932952880859],5,0.8354687690734863],[[765.7229614257813,229.24143981933595,47.62299346923828,-0.6149345636367798,1.0478538037261842e-8,0.7885780930519104,-1.0012529472192e-8,1,-2.109567631691789e-8,-0.7885780930519104,-2.0868123229433878e-8,-0.6149345636367798],5,0.8437721729278565],[[765.5645141601563,229.01490783691407,47.74318313598633,-0.5588577389717102,2.146862954077733e-8,0.8292635083198547,-2.7266864321973118e-8,1,-4.4264492515821988e-8,-0.8292635083198547,-4.7348969189897619e-8,-0.5588577389717102],5,0.853137731552124],[[765.399658203125,228.75772094726563,47.856231689453128,-0.5279398560523987,3.279197358097008e-8,0.8492817878723145,-4.538319942071212e-8,1,-6.682302000626805e-8,-0.8492817878723145,-7.382165989611167e-8,-0.5279398560523987],5,0.867924690246582],[[765.17333984375,228.3671112060547,47.99723434448242,-0.46900442242622378,5.075289521982995e-8,0.8831958174705505,-7.136336677149302e-8,1,-9.536122291819993e-8,-0.8831958174705505,-1.0775266190421462e-7,-0.46900442242622378],5,0.8844428062438965],[[764.9385986328125,227.92201232910157,48.12353515625,-0.405617356300354,7.15478307711237e-8,0.9140429496765137,-9.91233051195195e-8,1,-1.2226335854848004e-7,-0.9140429496765137,-1.4019509819718224e-7,-0.405617356300354],5,0.8984770774841309],[[764.7566528320313,227.5524139404297,48.20623779296875,-0.33550795912742617,6.67392541231493e-8,0.9420373439788818,-8.603208812019148e-8,1,-1.0148610130045199e-7,-0.9420373439788818,-1.1509483499594353e-7,-0.33550795912742617],5,0.9132988452911377],[[764.6321411132813,227.2889862060547,48.253570556640628,-0.29721111059188845,6.100449922996632e-8,0.9548118114471436,-7.693111570006295e-8,1,-8.783854354987852e-8,-0.9548118114471436,-9.956132629440617e-8,-0.29721111059188845],5,0.9237329959869385],[[764.441650390625,226.86830139160157,48.3141975402832,-0.2625430226325989,4.8915129724491638e-8,0.9649202823638916,-6.267779895097192e-8,1,-6.77473082077995e-8,-0.9649202823638916,-7.826566417179493e-8,-0.2625430226325989],5,0.9324653148651123],[[764.313232421875,226.57080078125,48.3499755859375,-0.22377340495586396,4.152625621145489e-8,0.9746412038803101,-5.268651293022231e-8,1,-5.470330677326274e-8,-0.9746412038803101,-6.35915924362962e-8,-0.22377340495586396],5,0.9411931037902832],[[764.1185302734375,226.09902954101563,48.39583969116211,-0.1519109159708023,3.047004071277115e-8,0.9883942008018494,-3.6177244311375037e-8,1,-3.638807299921609e-8,-0.9883942008018494,-4.1285122875933669e-8,-0.1519109159708023],5,0.9551055431365967],[[763.9215087890625,225.59658813476563,48.42914581298828,-0.08161062747240067,1.7668551066662986e-8,0.99666428565979,-1.841770291832745e-8,1,-1.9235796955285879e-8,-0.99666428565979,-1.9926112315715728e-8,-0.08161062747240067],5,0.9668638706207275],[[763.7890014648438,225.24459838867188,48.442752838134769,-0.043124761432409289,7.895317288841852e-9,0.9990696907043457,-6.21128570799101e-9,1,-8.170778720284489e-9,-0.9990696907043457,-6.557870246837183e-9,-0.043124761432409289],5,0.9770088195800781],[[763.5892944335938,224.69107055664063,48.452579498291019,0.019121315330266954,-7.547584779388217e-9,0.9998171925544739,1.308880648309696e-8,1,7.298643911468616e-9,-0.9998171925544739,1.2946853367168388e-8,0.019121315330266954],5,0.9910030364990234],[[763.3893432617188,224.10687255859376,48.450626373291019,0.022644786164164544,-2.347482030984338e-8,0.9997435808181763,3.241628476757796e-8,1,2.274659216539021e-8,-0.9997435808181763,3.189288122484868e-8,0.022644786164164544],5,1.0004668235778809],[[763.2560424804688,223.7003936767578,48.44744873046875,0.07668997347354889,-3.5797683040073028e-8,0.9970549941062927,4.580500601036874e-8,1,3.238025669816125e-8,-0.9970549941062927,4.31868691919135e-8,0.07668997347354889],5,1.0102951526641846],[[763.0563354492188,223.0651092529297,48.519832611083987,0.11922889947891236,-5.350954523919427e-8,0.9928668141365051,6.653205986140165e-8,1,4.590445001895205e-8,-0.9928668141365051,6.05843339940293e-8,0.11922889947891236],7,1.0227885246276856],[[762.9236450195313,222.6245574951172,48.632469177246097,0.12046611309051514,-6.415157116634873e-8,0.992717444896698,8.037955723239065e-8,1,5.4868142029818048e-8,-0.992717444896698,7.31844309598273e-8,0.12046611309051514],7,1.0321745872497559],[[762.6588745117188,222.4440460205078,48.926246643066409,0.14829033613204957,-7.550296743374929e-8,0.988943874835968,9.388007526922593e-8,1,6.226992610436355e-8,-0.988943874835968,8.360809999885532e-8,0.14829033613204957],7,1.0466067790985108],[[762.39501953125,222.52645874023438,49.220947265625,0.15701824426651,-5.0230987369559446e-8,0.9875956773757935,6.314116518524315e-8,1,4.0823053382155197e-8,-0.9875956773757935,5.594797869434842e-8,0.15701824426651],8,1.065471887588501],[[762.197265625,223.18556213378907,49.44136047363281,0.15702740848064423,-3.073994747637698e-8,0.9875942468643189,4.0104449539057899e-8,1,2.4749484239805498e-8,-0.9875942468643189,3.572057494238834e-8,0.15702740848064423],3,1.0850677490234376],[[761.93359375,224.02120971679688,49.71042251586914,0.15702947974205018,-4.770492001426874e-9,0.9875938892364502,9.411863288733003e-9,1,3.3339129235088196e-9,-0.9875938892364502,8.771576354149602e-9,0.15702947974205018],5,1.092332363128662],[[761.8017578125,224.41859436035157,49.830055236816409,0.15703077614307404,8.20596124384565e-9,0.9875937104225159,-5.924592816342056e-9,1,-7.367015442127922e-9,-0.9875937104225159,-4.694242328184828e-9,0.15703077614307404],5,1.10044264793396],[[761.669921875,224.80235290527345,49.93975830078125,0.15703085064888,2.117688424618791e-8,0.9875937104225159,-2.1254495052858148e-8,1,-1.8063371243215444e-8,-0.9875937104225159,-1.8154299397110664e-8,0.15703085064888],5,1.1094284057617188],[[761.47216796875,225.35244750976563,50.085693359375,0.15703094005584718,4.062287572992318e-8,0.9875937104225159,-4.4237069118935327e-8,1,-3.40993331349182e-8,-0.9875937104225159,-3.8333599405859789e-8,0.15703094005584718],5,1.120917797088623],[[761.34033203125,225.7021484375,50.170570373535159,0.15703094005584718,5.357994581345338e-8,0.9875937104225159,-5.955060444762239e-8,1,-4.4784268737885216e-8,-0.9875937104225159,-5.177928485977645e-8,0.15703094005584718],5,1.1300265789031983],[[761.20849609375,226.03822326660157,50.24551773071289,0.16035635769367219,6.671201902008761e-8,0.9870591759681702,-7.48882982293253e-8,1,-5.542039005490551e-8,-0.9870591759681702,-6.503217520048566e-8,0.16035635769367219],5,1.1418111324310303],[[760.945068359375,226.66949462890626,50.36561965942383,0.160273939371109,9.259830591190621e-8,0.9870725870132446,-1.0555081075835915e-7,1,-7.667244261710948e-8,-0.9870725870132446,-9.189771077444675e-8,0.160273939371109],5,1.1548850536346436],[[760.7474975585938,227.107177734375,50.42962646484375,0.16028110682964326,1.1199849581089438e-7,0.9870713949203491,-1.285349213731024e-7,1,-9.259388633608978e-8,-0.9870713949203491,-1.1203209027144112e-7,0.16028110682964326],5,1.1757464408874512],[[760.4840698242188,227.64306640625,50.48021697998047,0.1603049635887146,8.819802843618163e-8,0.9870675206184387,-1.0178091258694622e-7,1,-7.282383052142905e-8,-0.9870675206184387,-8.87906139723782e-8,0.1603049635887146],5,1.1856179237365723],[[760.3523559570313,227.8905792236328,50.49061584472656,0.15963666141033173,7.630552545379033e-8,0.9871758222579956,-8.836667575451429e-8,1,-6.300697918959486e-8,-0.9871758222579956,-7.717522265693333e-8,0.15963666141033173],5,1.1960198879241944],[[760.1544189453125,228.23629760742188,50.48759460449219,0.15728545188903809,5.847714135143178e-8,0.9875531792640686,-6.819902864663163e-8,1,-4.8352259085504559e-8,-0.9875531792640686,-5.974506223083154e-8,0.15728545188903809],5,1.2048122882843018],[[759.9557495117188,228.55136108398438,50.468013763427737,0.15324907004833222,4.066205860908667e-8,0.9881876111030579,-4.8022549492543479e-8,1,-3.3700736423725178e-8,-0.9881876111030579,-4.229067940286768e-8,0.15324907004833222],5,1.216717004776001],[[759.8894653320313,228.64956665039063,50.461212158203128,0.15165077149868012,3.472682763572266e-8,0.9884341359138489,-4.130881237074391e-8,1,-2.8795358986144494e-8,-0.9884341359138489,-3.646420410063911e-8,0.15165077149868012],5,1.2252733707427979],[[759.6904296875,228.9237518310547,50.442283630371097,0.14619460701942445,1.6930991719732448e-8,0.9892558455467224,-2.1224831669997003e-8,1,-1.3978219470800468e-8,-0.9892558455467224,-1.8953247860054036e-8,0.14619460701942445],5,1.235807180404663],[[759.4248046875,229.2416534423828,50.4190673828125,0.13833995163440705,-6.772919558528656e-9,0.9903848171234131,5.371247002727841e-9,1,6.088403115001029e-9,-0.9903848171234131,4.477332282704083e-9,0.13833995163440705],5,1.2494490146636963],[[759.2918701171875,229.38015747070313,50.40880584716797,0.13419626653194428,-1.8614317198739628e-8,0.9909547567367554,1.8581571836762124e-8,1,1.626788659336853e-8,-0.9909547567367554,1.6230407240414025e-8,0.13419626653194428],5,1.261946439743042],[[759.1588134765625,229.5050506591797,50.39977264404297,0.1297936588525772,-3.0448411791894617e-8,0.9915410280227661,3.172583973309884e-8,1,2.6555227350399947e-8,-0.9915410280227661,2.8010772368247673e-8,0.1297936588525772],5,1.2693912982940674],[[758.959228515625,229.6668243408203,50.38670349121094,0.12325678020715714,-4.8185487599994306e-8,0.992374837398529,5.13249212019673e-8,1,4.218097870989368e-8,-0.992374837398529,4.573446688027616e-8,0.12325678020715714],5,1.2827816009521485],[[758.7596435546875,229.79794311523438,50.373687744140628,0.11719405651092529,-6.590559564756404e-8,0.9931090474128723,7.080519992541667e-8,1,5.800737312711135e-8,-0.9931090474128723,6.351916681524017e-8,0.11719405651092529],5,1.2934653759002686],[[758.427001953125,229.9483642578125,50.35200119018555,0.10820380598306656,-9.540185885725805e-8,0.9941287040710449,1.030552141401131e-7,1,8.474847845718614e-8,-0.9941287040710449,9.328003613973124e-8,0.10820380598306656],5,1.3145627975463868],[[758.2274169921875,229.99774169921876,50.3389892578125,0.10354449599981308,-1.1307758995826589e-7,0.9946247935295105,1.2231087964664767e-7,1,1.0095562430478822e-7,-0.9946247935295105,1.1120004472786604e-7,0.10354449599981308],5,1.3337695598602296],[[757.9613037109375,230.01588439941407,50.32164001464844,0.09815377742052078,-9.829234670633014e-8,0.9951712489128113,1.0629184288291072e-7,1,8.828570940977443e-8,-0.9951712489128113,9.711301629522495e-8,0.09815377742052078],5,1.343987226486206],[[757.76171875,229.9937286376953,50.3091926574707,0.09440294653177262,-7.763664910953594e-8,0.9955340623855591,8.39886880044105e-8,1,7.002057600402623e-8,-0.9955340623855591,7.700344895056333e-8,0.09440294653177262],5,1.3663487434387208],[[757.49560546875,229.91650390625,50.29276657104492,0.08985664695501328,-5.0123230010967748e-8,0.995954692363739,5.443541439831279e-8,1,4.541556464232599e-8,-0.995954692363739,5.01343144776456e-8,0.08985664695501328],5,1.3720097541809083],[[757.362548828125,229.85745239257813,50.2845573425293,0.08781901001930237,-3.6378143164483848e-8,0.9961364269256592,3.973122275624519e-8,1,3.301654771803442e-8,-0.9961364269256592,3.6678237336218447e-8,0.08781901001930237],5,1.3809401988983155],[[757.2294921875,229.78477478027345,50.27634811401367,0.08595650643110275,-2.2640639585347345e-8,0.9962989091873169,2.5070171716379265e-8,1,2.056179759790666e-8,-0.9962989091873169,2.3209963728731965e-8,0.08595650643110275],5,1.387498140335083],[[757.0299072265625,229.65020751953126,50.264034271240237,0.0834043025970459,-2.048367031548537e-9,0.9965158104896545,3.1481468543148596e-9,1,1.7920418482475498e-9,-0.9965158104896545,2.987714076141401e-9,0.0834043025970459],5,1.4007668495178223],[[756.8968505859375,229.54347229003907,50.25582504272461,0.08185318112373352,1.167062269047392e-8,0.9966443777084351,-1.142549876931298e-8,1,-1.0771554315169852e-8,-0.9966443777084351,-1.0505472936017668e-8,0.08185318112373352],5,1.4095335006713868],[[756.564208984375,229.21702575683595,50.23530197143555,0.0783628448843956,4.593654878704001e-8,0.996924877166748,-4.7735436936591216e-8,1,-4.232602179854439e-8,-0.996924877166748,-4.427185729127814e-8,0.0783628448843956],5,1.428093433380127],[[756.298095703125,228.89454650878907,50.2188835144043,0.07597549259662628,7.331735218940594e-8,0.9971097111701965,-7.66776508953626e-8,1,-6.768736682261079e-8,-0.9971097111701965,-7.131345114430587e-8,0.07597549259662628],5,1.4463529586791993],[[756.0985107421875,228.61691284179688,50.20656967163086,0.07443170994520188,9.383475685353915e-8,0.9972261190414429,-9.833683378701608e-8,1,-8.675603169194801e-8,-0.9972261190414429,-9.16066582590247e-8,0.07443170994520188],5,1.4600601196289063],[[755.89892578125,228.30862426757813,50.19425582885742,0.07306862622499466,1.1433687774342616e-7,0.9973269104957581,-1.1996235116384924e-7,1,-1.058543475096485e-7,-0.9973269104957581,-1.1190704896080206e-7,0.07306862622499466],5,1.4732484817504883],[[755.6993408203125,227.96969604492188,50.181941986083987,0.07185368239879608,9.651827781453903e-8,0.9974151849746704,-1.0129197391961498e-7,1,-8.94713423349458e-8,-0.9974151849746704,-9.460131167315922e-8,0.07185368239879608],5,1.4856717586517335],[[755.499755859375,227.60009765625,50.16962814331055,0.07076801359653473,7.871256002545124e-8,0.997492790222168,-8.266926698752286e-8,1,-7.304535643015697e-8,-0.997492790222168,-7.729272510914598e-8,0.07076801359653473],5,1.496119737625122],[[755.3001708984375,227.19984436035157,50.15731430053711,0.06979718804359436,6.091956095133355e-8,0.9975612163543701,-6.408848918226795e-8,1,-5.658436208477724e-8,-0.9975612163543701,-5.998276009222536e-8,0.06979718804359436],5,1.5099217891693116],[[755.1671142578125,226.91598510742188,50.149105072021487,0.06921103596687317,4.906456041453566e-8,0.9976020455360413,-5.1722320648650569e-8,1,-4.559413824267722e-8,-0.9976020455360413,-4.844267564863003e-8,0.06921103596687317],5,1.519103765487671],[[755.0340576171875,226.6184844970703,50.14089584350586,0.06867122650146485,3.721511276921774e-8,0.9976393580436707,-3.9371460758275137e-8,1,-3.459308572928421e-8,-0.9976393580436707,-3.690296779268465e-8,0.06867122650146485],5,1.526940107345581],[[754.9010009765625,226.307373046875,50.132686614990237,0.06817127764225006,2.5371171830101958e-8,0.9976736307144165,-2.7034566585371068e-8,1,-2.3583053732068039e-8,-0.9976736307144165,-2.5363988243043424e-8,0.06817127764225006],5,1.5346760749816895],[[754.7679443359375,225.98263549804688,50.12447738647461,0.06770718097686768,1.3532711840014145e-8,0.9977052211761475,-1.4710574092191564e-8,1,-1.2565535278952212e-8,-0.9977052211761475,-1.3826039868547469e-8,0.06770718097686768],5,1.5440778732299805],[[754.568359375,225.46998596191407,50.11216354370117,0.06706681102514267,-4.214768534183122e-9,0.9977484941482544,3.753196420319682e-9,1,3.971996953566759e-9,-0.9977484941482544,3.478356935815441e-9,0.06706681102514267],5,1.5538763999938965],[[754.435302734375,225.11117553710938,50.10395431518555,0.06667670607566834,-1.6039654937571869e-8,0.9977746605873108,1.604867883031602e-8,1,1.5002967757027365e-8,-0.9977746605873108,1.5012616927378987e-8,0.06667670607566834],5,1.564467191696167],[[754.2357177734375,224.54742431640626,50.09164047241211,0.066142238676548,-3.376689861056548e-8,0.9978101849555969,3.447305374493226e-8,1,3.155587435799134e-8,-0.9978101849555969,3.2310389030953959e-8,0.066142238676548],5,1.5773155689239503],[[754.0361328125,223.95301818847657,50.07932662963867,0.06566090136766434,-5.148210746597215e-8,0.997842013835907,5.2876547584901348e-8,1,4.8114014106204198e-8,-0.997842013835907,4.960322996794275e-8,0.06566090136766434],5,1.590841293334961],[[753.8365478515625,223.3279571533203,50.067012786865237,0.06522959470748902,-6.91853543344223e-8,0.9978702664375305,7.126098466869735e-8,1,6.467477220439832e-8,-0.9978702664375305,6.68905144607379e-8,0.06522959470748902],5,1.6019906997680665],[[753.636962890625,222.6722412109375,49.97744369506836,0.06484363228082657,-8.687671737561686e-8,0.9978954195976257,8.962792463762526e-8,1,8.123588202124665e-8,-0.9978954195976257,8.417166696972345e-8,0.06484363228082657],7,1.612546682357788],[[753.50390625,222.49667358398438,49.853355407714847,0.0646105706691742,-7.358656262113073e-8,0.9979105591773987,7.597501650025151e-8,1,6.882157066456785e-8,-0.9979105591773987,7.136967639098657e-8,0.0646105706691742],7,1.6224775314331055],[[753.3043212890625,222.4891357421875,49.60209655761719,0.06418303400278092,-5.366245758864352e-8,0.9979381561279297,5.550916526431138e-8,1,5.020322291215962e-8,-0.9979381561279297,5.2172520526028168e-8,0.06418303400278092],7,1.6337330341339112],[[753.1712646484375,222.5260467529297,49.428138732910159,0.0638255774974823,-4.038721002075363e-8,0.9979610443115234,4.187510427300367e-8,1,3.7791561879885197e-8,-0.9979610443115234,3.937765669093096e-8,0.0638255774974823],7,1.6446537971496583],[[752.9051513671875,222.59683227539063,49.07938766479492,0.06306842714548111,-1.3854838165627826e-8,0.998009204864502,1.4640484380379349e-8,1,1.2957281469994087e-8,-0.998009204864502,1.3794142716960778e-8,0.06306842714548111],8,1.659977912902832],[[752.7720947265625,222.62258911132813,48.90497970581055,0.06271392852067948,-5.977082162544889e-10,0.9980315566062927,1.0410030615304323e-9,1,5.334729324957266e-10,-0.9980315566062927,1.0054976851137099e-9,0.06271392852067948],8,1.6690220832824708],[[752.6389770507813,222.6422882080078,48.730743408203128,0.06232454627752304,1.2653389447336849e-8,0.9980559349060059,-1.2546749417197134e-8,1,-1.1894542240042938e-8,-0.9980559349060059,-1.1781035702540521e-8,0.06232454627752304],8,1.676741123199463],[[752.5057983398438,222.6571044921875,48.55655288696289,0.061926018446683887,2.58984282908159e-8,0.9980807304382324,-2.6122354057633858e-8,1,-2.4327466263684984e-8,-0.9980807304382324,-2.4565716572055863e-8,0.061926018446683887],8,1.686781883239746],[[752.2394409179688,222.6763153076172,48.208194732666019,0.06116572022438049,5.2370371150800568e-8,0.9981276392936707,-5.3238697006463556e-8,1,-4.920612184378115e-8,-0.9981276392936707,-5.01292873877901e-8,0.06116572022438049],8,1.7006864547729493],[[752.0396728515625,222.68479919433595,47.94692611694336,0.0606536790728569,7.220852893397023e-8,0.998158872127533,-7.354845621421191e-8,1,-6.787250583784044e-8,-0.998158872127533,-6.929632689889331e-8,0.0606536790728569],8,1.7151637077331544],[[751.7733154296875,222.69149780273438,47.59896469116211,0.05989114195108414,7.237138532900645e-8,0.9982048869132996,-7.378230293397792e-8,1,-6.807467656244626e-8,-0.9982048869132996,-6.957278486652285e-8,0.05989114195108414],8,1.7307448387145997],[[751.64013671875,222.69358825683595,47.42501449584961,0.05951893702149391,5.9322260881344849e-8,0.9982271790504456,-6.0505584542625e-8,1,-5.5819992184069636e-8,-0.9982271790504456,-5.707596884008126e-8,0.05951893702149391],8,1.7422468662261963],[[751.373779296875,222.6962890625,47.07711410522461,0.058839101344347,3.324179331798405e-8,0.9982674717903137,-3.398917414187963e-8,1,-3.129612125007952e-8,-0.9982674717903137,-3.2088848911371318e-8,0.058839101344347],8,1.7532119750976563],[[751.1740112304688,223.34857177734376,46.81618881225586,0.05834082514047623,1.3696942247065636e-8,0.9982967376708984,-1.4130973724491014e-8,1,-1.2894491696613386e-8,-0.9982967376708984,-1.335462940232901e-8,0.05834082514047623],3,1.7709980010986329],[[750.9076538085938,224.17059326171876,46.49312210083008,0.057630497962236407,-1.2342177058144444e-8,0.998337984085083,1.2308438712693715e-8,1,1.1652201870049339e-8,-0.998337984085083,1.1616459794083767e-8,0.057630497962236407],5,1.7972056865692139],[[750.4415283203125,225.47799682617188,46.023338317871097,0.05648721754550934,-5.7853817736486238e-8,0.9984033107757568,5.847372364087278e-8,1,5.4638039870269498e-8,-0.9984033107757568,5.529400937120954e-8,0.05648721754550934],5,1.8129806518554688],[[750.308349609375,225.8208770751953,45.91145706176758,0.05620960146188736,-7.084393871537032e-8,0.9984189867973328,7.164261006664674e-8,1,6.692273757380463e-8,-0.9984189867973328,6.776764394089696e-8,0.05620960146188736],5,1.823929786682129],[[750.1085815429688,226.30966186523438,45.76225662231445,0.05574009567499161,-9.031815295656998e-8,0.9984453320503235,9.137293943695113e-8,1,8.535771911510892e-8,-0.9984453320503235,8.647303673114948e-8,0.05574009567499161],5,1.8347954750061036],[[749.9754028320313,226.6184844970703,45.675201416015628,0.055361177772283557,-1.0329358701710589e-7,0.9984663724899292,1.0450717979892943e-7,1,9.765771835645865e-8,-0.9984663724899292,9.894046115732636e-8,0.055361177772283557],5,1.8410594463348389],[[749.8422241210938,226.91368103027345,45.598079681396487,0.054965659976005557,-1.1626308094037086e-7,0.9984882473945618,1.176281188008943e-7,1,1.0996381405448119e-7,-0.9984882473945618,1.1140605948867233e-7,0.054965659976005557],5,1.8528084754943848],[[749.7090454101563,227.19525146484376,45.5308837890625,0.05458174645900726,-1.0364190217160285e-7,0.9985092878341675,1.0484240675623369e-7,1,9.806560541392173e-8,-0.9985092878341675,9.933352629332149e-8,0.05458174645900726],5,1.8624305725097657],[[749.5758666992188,227.46319580078126,45.4736213684082,0.05421875789761543,-9.102648590442186e-8,0.9985290765762329,9.206988238474878e-8,1,8.61613074221168e-8,-0.9985290765762329,8.726289735250248e-8,0.05421875789761543],5,1.8697025775909424],[[749.3760986328125,227.83956909179688,45.406349182128909,0.05371381714940071,-7.211411201524243e-8,0.99855637550354,7.293458992307933e-8,1,6.829511534078847e-8,-0.99855637550354,6.916091166431215e-8,0.05371381714940071],5,1.8811399936676026],[[749.242919921875,228.07345581054688,45.3739128112793,0.05340534821152687,-5.9513006078759648e-8,0.9985729455947876,6.01926544163689e-8,1,5.6378851809313349e-8,-0.9985729455947876,5.7095821404118399e-8,0.05340534821152687],5,1.8910017013549805],[[749.0431518554688,228.39874267578126,45.34387969970703,0.05287320911884308,-4.062205505306338e-8,0.9986012578010559,4.10956957352937e-8,1,3.8503049637483858e-8,-0.9986012578010559,3.900242973031709e-8,0.05287320911884308],5,1.9003996849060059],[[748.9099731445313,228.5985565185547,45.334957122802737,0.05251443013548851,-2.8035264776349323e-8,0.9986201524734497,2.8377753480413049e-8,1,2.6581700396377529e-8,-0.9986201524734497,2.6942673869712054e-8,0.05251443013548851],5,1.9098670482635499],[[748.7767944335938,228.78475952148438,45.3282470703125,0.05217438191175461,-1.5454205026799174e-8,0.9986379742622376,1.5671055564325799e-8,1,1.4656539093493848e-8,-0.9986379742622376,1.4885015886534348e-8,0.05217438191175461],5,1.9196751117706299],[[748.6436157226563,228.9573211669922,45.32184600830078,0.05185580253601074,-2.8788533779078308e-9,0.9986546039581299,2.975112378678091e-9,1,2.7282471837253299e-9,-0.9986546039581299,2.8296340826017287e-9,0.05185580253601074],5,1.9292619228363038],[[748.44384765625,229.19064331054688,45.312313079833987,0.05141441896557808,1.5973519396084158e-8,0.9986774325370789,-1.604986721304158e-8,1,-1.5168387434982834e-8,-0.9986774325370789,-1.5248767581965695e-8,0.05141441896557808],5,1.9398810863494874],[[748.3106689453125,229.3291473388672,45.305965423583987,0.05114515498280525,2.85346963835309e-8,0.998691201210022,-2.8721373723783473e-8,1,-2.7101206612201169e-8,-0.998691201210022,-2.729768944220723e-8,0.05114515498280525],5,1.950364112854004],[[748.0443115234375,229.56529235839845,45.293270111083987,0.050656966865062717,5.364018207387744e-8,0.9987161159515381,-5.4038000740774808e-8,1,-5.096821809047469e-8,-0.9987161159515381,-5.138672776183739e-8,0.050656966865062717],5,1.9626069068908692],[[747.9111328125,229.66293334960938,45.286922454833987,0.05043809115886688,6.618451919848667e-8,0.9987272024154663,-6.668408047971752e-8,1,-6.290116516538547e-8,-0.9987272024154663,-6.342659020219799e-8,0.05043809115886688],5,1.9748148918151856],[[747.5115966796875,229.87408447265626,45.267879486083987,0.04985705763101578,1.0378415282730202e-7,0.9987563490867615,-1.0457644350481132e-7,1,-9.869302175502526e-8,-0.9987563490867615,-9.952584889560967e-8,0.04985705763101578],5,1.997612476348877],[[747.2452392578125,229.9467315673828,45.255184173583987,0.049534544348716739,1.0341673117864048e-7,0.998772382736206,-1.0419907425784914e-7,1,-9.837604153517532e-8,-0.998772382736206,-9.919814658587711e-8,0.049534544348716739],5,2.0212490558624269],[[746.9122924804688,229.9608917236328,45.239315032958987,0.04919886589050293,7.121762735096127e-8,0.9987890124320984,-7.175239602474903e-8,1,-6.776955530085616e-8,-0.9987890124320984,-6.83313245986028e-8,0.04919886589050293],5,2.0313563346862795],[[746.7791137695313,229.94271850585938,45.232967376708987,0.04908262565732002,5.8347850995232878e-8,0.9987947344779968,-5.878820275029284e-8,1,-5.552929849272914e-8,-0.9987947344779968,-5.59918227338585e-8,0.04908262565732002],5,2.042539596557617],[[746.6459350585938,229.91091918945313,45.226619720458987,0.04897790029644966,4.548368792711699e-8,0.9987998604774475,-4.583191426377198e-8,1,-4.329089264842878e-8,-0.9987998604774475,-4.365661254723818e-8,0.04897790029644966],5,2.0504133701324465],[[746.5127563476563,229.86549377441407,45.220272064208987,0.04888179525732994,3.262513104118625e-8,0.9988045692443848,-3.288310779225867e-8,1,-3.1054870675006899e-8,-0.9988045692443848,-3.132577930387015e-8,0.04888179525732994],5,2.058318614959717],[[746.3795776367188,229.8064422607422,45.213924407958987,0.04879291355609894,1.9772166126585945e-8,0.9988089203834534,-1.994150267137229e-8,1,-1.882158073840401e-8,-0.9988089203834534,-1.8999390505314296e-8,0.04879291355609894],5,2.06685733795166],[[746.1798095703125,229.69232177734376,45.204402923583987,0.04867048189043999,5.031841610048105e-10,0.9988148808479309,-5.421370574687501e-10,1,-4.773638706545569e-10,-0.9988148808479309,-5.1826104519