[[[776,222.69961547851563,47,1,7.265949619750245e-8,2.905192227195194e-14,-7.265949619750245e-8,1,8.347548430265306e-8,-2.2986634432920276e-14,-8.347548430265306e-8,1],8,0.005886554718017578],[[775.8385009765625,222.69961547851563,46.99173355102539,0.9902321696281433,4.588546431705254e-8,0.13942815363407136,-5.254950963262672e-8,1,4.4114123909366756e-8,-0.13942815363407136,-5.101010458474775e-8,0.9902321696281433],8,0.022925853729248048],[[775.57568359375,222.69961547851563,46.97827911376953,0.9485158324241638,2.2700694657373789e-8,0.31672969460487368,-2.7394222001930758e-8,1,1.0365805991341404e-8,-0.31672969460487368,-1.8508695021068889e-8,0.9485158324241638],8,0.042498111724853519],[[775.3093872070313,222.69961547851563,46.96464157104492,0.882713258266449,2.6390021279354416e-9,0.46991202235221865,4.067707504162854e-9,1,-1.3256995501365055e-8,-0.46991202235221865,1.3613590255090458e-8,0.882713258266449],8,0.051924943923950198],[[775.1762084960938,222.69961547851563,46.957820892333987,0.8453270792961121,-6.504560889908362e-9,0.5342491269111633,2.1244787262730825e-8,1,-2.1439873876261119e-8,-0.5342491269111633,2.947371413597466e-8,0.8453270792961121],8,0.06973600387573242],[[774.9098510742188,222.69961547851563,46.94417953491211,0.7669528126716614,-2.3518650138498743e-8,0.6417035460472107,5.705636851871532e-8,1,-3.154243444214444e-8,-0.6417035460472107,6.080482961579037e-8,0.7669528126716614],8,0.08101701736450196],[[774.7100830078125,222.69961547851563,46.9339485168457,0.7077160477638245,-3.5432250911071608e-8,0.7064970135688782,8.442594179314256e-8,1,-3.441959606220735e-8,-0.7064970135688782,8.400597550917155e-8,0.7077160477638245],8,0.08945322036743164],[[774.5103149414063,222.69961547851563,46.9237174987793,0.6506218314170837,-4.682427245938925e-8,0.7594018578529358,1.1173047909096567e-7,1,-3.406630710856007e-8,-0.7594018578529358,1.0701261743406576e-7,0.6506218314170837],8,0.10350894927978516],[[774.310546875,222.69961547851563,46.91348648071289,0.5963405966758728,-3.64853214307459e-8,0.8027315139770508,8.715178978491167e-8,1,-1.9292665243142438e-8,-0.8027315139770508,8.146448493562275e-8,0.5963405966758728],8,0.11626076698303223],[[774.1107788085938,222.69961547851563,46.903255462646487,0.5453807711601257,-2.6516037365809099e-8,0.8381884098052979,6.147003261958162e-8,1,-8.361528358591386e-9,-0.8381884098052979,5.608368525145124e-8,0.5453807711601257],8,0.12922978401184083],[[773.9110107421875,222.69961547851563,46.89302444458008,0.4980248808860779,-1.6834917460073485e-8,0.8671627640724182,3.511146218215799e-8,1,-7.512604982551352e-10,-0.8671627640724182,3.082150001887385e-8,0.4980248808860779],8,0.14312744140625],[[773.7112426757813,222.69961547851563,46.88279342651367,0.45436781644821169,-7.381692590513467e-9,0.8908141851425171,8.37588309821058e-9,1,4.014261367757399e-9,-0.8908141851425171,5.637403877045699e-9,0.45436781644821169],8,0.15313148498535157],[[773.511474609375,222.69961547851563,46.872562408447269,0.41437003016471865,1.8883938857072737e-9,0.9101085066795349,-1.8530654344317555e-8,1,6.3620473333969589e-9,-0.9101085066795349,-1.9501147363598649e-8,0.41437003016471865],8,0.16485142707824708],[[773.2451171875,222.69961547851563,46.85892105102539,0.36606770753860476,1.4019953198385338e-8,0.9305882453918457,-5.444531936404928e-8,1,6.351595693843137e-9,-0.9305882453918457,-5.2991286025871889e-8,0.36606770753860476],8,0.18162298202514649],[[773.0453491210938,222.69961547851563,46.848690032958987,0.3337022364139557,2.2977124203293898e-8,0.9426785111427307,-8.130199091738177e-8,1,4.406096376641244e-9,-0.9426785111427307,-7.81119595671953e-8,0.3337022364139557],8,0.19761419296264649],[[772.8455810546875,222.69961547851563,46.83845901489258,0.3046859800815582,3.1834368030558838e-8,0.9524528384208679,-1.0803957195548719e-7,1,1.1378694653174649e-9,-0.9524528384208679,-1.0324929888838597e-7,0.3046859800815582],8,0.20630478858947755],[[772.6458129882813,222.69961547851563,46.82822799682617,0.2785574495792389,2.975100343860504e-8,0.9604195952415466,-9.883500240448484e-8,1,-2.311252744746639e-9,-0.9604195952415466,-9.427925817817595e-8,0.2785574495792389],8,0.22077012062072755],[[772.5126342773438,222.69961547851563,46.821407318115237,0.26268982887268069,2.477151106461406e-8,0.9648803472518921,-8.072856871876866e-8,1,-3.6946901094125907e-9,-0.9648803472518921,-7.69228449826187e-8,0.26268982887268069],8,0.23048734664916993],[[772.3128662109375,222.69961547851563,46.81117630004883,0.24089990556240083,1.736353105741273e-8,0.9705499410629273,-5.3565326396665117e-8,1,-4.5949684057688959e-9,-0.9705499410629273,-5.0880899493677137e-8,0.24089990556240083],8,0.24090862274169923],[[772.1130981445313,222.69961547851563,46.80094528198242,0.2211938202381134,1.0021571128504548e-8,0.9752298593521118,-2.642829599608376e-8,1,-4.281855314758332e-9,-0.9752298593521118,-2.482654259949868e-8,0.2211938202381134],8,0.25446033477783205],[[771.8467407226563,222.69961547851563,46.78730392456055,-0.9993085861206055,-3.437740403455791e-8,-0.03718069940805435,-3.547346594245937e-8,1,2.8819645336852774e-8,0.03718069940805435,3.011864535551467e-8,-0.9993085861206055],8,0.2725503444671631],[[771.5803833007813,222.69961547851563,46.77366256713867,-0.9998295307159424,-4.3610018707340717e-8,0.018464334309101106,-4.243892348654299e-8,1,6.381657158271992e-8,-0.018464334309101106,6.302208532815712e-8,-0.9998295307159424],8,0.29513072967529299],[[771.3140258789063,222.69961547851563,46.7600212097168,-0.9988775253295898,-5.200812580596903e-8,0.047367796301841739,-4.732516956096333e-8,1,9.998522187970593e-8,-0.047367796301841739,9.763130037754309e-8,-0.9988775253295898],8,0.30243468284606936],[[771.1142578125,222.69961547851563,46.74979019165039,-0.9987114667892456,-4.26870983005756e-8,0.050748273730278018,-3.800955994393007e-8,1,9.31364567691162e-8,-0.050748273730278018,9.108752863085101e-8,-0.9987114667892456],8,0.31384706497192385],[[770.9810791015625,222.69961547851563,46.74296951293945,-0.9986945986747742,-3.145936133819305e-8,0.051079411059617999,-2.7550697723199847e-8,1,7.722545802835157e-8,-0.051079411059617999,7.57173737042649e-8,-0.9986945986747742],8,0.32588696479797366],[[770.7813110351563,222.69961547851563,46.73273849487305,-0.9986926317214966,-1.4578327878211894e-8,0.05111749470233917,-1.1865495253005065e-8,1,5.3373991448779637e-8,-0.05111749470233917,5.269767910931478e-8,-0.9986926317214966],8,0.33739233016967776],[[770.58154296875,222.69961547851563,46.72250747680664,-0.9986915588378906,2.295155621112599e-9,0.051138874143362048,3.810688209426871e-9,1,2.9538124834971314e-8,-0.051138874143362048,2.9694350089926048e-8,-0.9986915588378906],8,0.34829187393188479],[[770.4483642578125,222.69961547851563,46.7156867980957,-0.9986913204193115,1.3538889120923159e-8,0.05114324763417244,1.4255959968068055e-8,1,1.3656031860875828e-8,-0.05114324763417244,1.4367256717662258e-8,-0.9986913204193115],8,0.3570730686187744],[[770.315185546875,222.69961547851563,46.708866119384769,-0.9986913204193115,2.4777953910870566e-8,0.05114390701055527,2.4696772626953135e-8,1,-2.219279870985247e-9,-0.05114390701055527,-9.532860056893356e-10,-0.9986913204193115],8,0.3678457736968994],[[770.048828125,222.69961547851563,46.69522476196289,-0.9986912608146668,4.7241698553079917e-8,0.05114401504397392,4.556501309593841e-8,1,-3.394955427893365e-8,-0.05114401504397392,-3.157474637305313e-8,-0.9986912608146668],8,0.3811914920806885],[[769.9156494140625,222.6894073486328,46.68840408325195,-0.9986912608146668,5.846636952355766e-8,0.05114400386810303,5.599244445875229e-8,1,-4.980452317226991e-8,-0.05114400386810303,-4.68756624627531e-8,-0.9986912608146668],8,0.39065027236938479],[[769.6492919921875,222.62811279296876,46.67476272583008,-0.9986912608146668,8.090131586868665e-8,0.05114400386810303,7.683393477009304e-8,1,-8.14941216731313e-8,-0.05114400386810303,-7.74578765572187e-8,-0.9986912608146668],8,0.40936779975891116],[[769.4495239257813,222.54637145996095,46.66453170776367,-0.9986912608146668,6.121879891907156e-8,0.05114400386810303,5.7937491249049347e-8,1,-6.564079058080097e-8,-0.05114400386810303,-6.25917309093893e-8,-0.9986912608146668],8,0.4194610118865967],[[769.3163452148438,222.474853515625,46.657711029052737,-0.9986912608146668,4.810413400946345e-8,0.05114400386810303,4.5346592258965759e-8,1,-5.5077549632187586e-8,-0.05114400386810303,-5.268626424026479e-8,-0.9986912608146668],8,0.42987918853759768],[[769.1165771484375,222.34201049804688,46.64748001098633,-0.9986912608146668,2.8442647348470019e-8,0.05114400386810303,2.6470338809758688e-8,1,-3.924115787867777e-8,-0.05114400386810303,-3.783600632800699e-8,-0.9986912608146668],8,0.44083070755004885],[[768.9168090820313,222.17852783203126,46.63724899291992,-0.9986912608146668,8.793768380144229e-9,0.05114400386810303,7.60619034423371e-9,1,-2.3414923333575645e-8,-0.05114400386810303,-2.299526968840837e-8,-0.9986912608146668],8,0.4536416530609131],[[768.717041015625,221.98439025878907,46.627017974853519,-0.9986912608146668,-1.0842510000941275e-8,0.05114400386810303,-1.1245862907571791e-8,1,-7.598839779632272e-9,-0.05114400386810303,-8.164053433290519e-9,-0.9986912608146668],8,0.4665493965148926],[[768.5172729492188,221.75958251953126,46.61678695678711,-0.9986912608146668,-3.046619667657069e-8,0.05114400386810303,-3.0085825386549916e-8,1,8.207101664936545e-9,-0.05114400386810303,6.657651319130764e-9,-0.9986912608146668],8,0.47742795944213869],[[768.3175048828125,221.89242553710938,46.6065559387207,-0.9986912608146668,-5.007730052852821e-8,0.05114400386810303,-4.8913708639020118e-8,1,2.4002906329201325e-8,-0.05114400386810303,2.1469851674282837e-8,-0.9986912608146668],8,0.49361157417297366],[[768.1177368164063,222.13497924804688,46.5963249206543,-0.9986912608146668,-6.967582777406278e-8,0.05114400386810303,-6.772952332312343e-8,1,3.978858131858942e-8,-0.05114400386810303,3.6272549408522539e-8,-0.9986912608146668],8,0.5111985206604004],[[767.8513793945313,222.37876892089845,46.58268356323242,-0.9986912608146668,-9.5787648035639e-8,0.05114400386810303,-9.279849422227926e-8,1,6.082040471255823e-8,-0.05114400386810303,5.599471819550672e-8,-0.9986912608146668],8,0.5179469585418701],[[767.7847900390625,222.42276000976563,46.57927322387695,-0.9986912608146668,-1.0231211433620047e-7,0.05114400386810303,-9.906239029078279e-8,1,6.60755503645305e-8,-0.05114400386810303,6.092262339052468e-8,-0.9986912608146668],8,0.5267984867095947],[[767.5850219726563,222.52281188964845,46.56904220581055,-0.9986912608146668,-7.642999122481342e-8,0.05114400386810303,-7.390907086346488e-8,1,5.1181821447698897e-8,-0.05114400386810303,4.733483294216967e-8,-0.9986912608146668],8,0.5374906063079834],[[767.4518432617188,222.56886291503907,46.56222152709961,-0.9986912608146668,-5.918446532859889e-8,0.05114400386810303,-5.714915829457823e-8,1,4.125798014342763e-8,-0.05114400386810303,3.8281147141105978e-8,-0.9986912608146668],8,0.5468742847442627],[[767.2520751953125,222.6166229248047,46.5519905090332,-0.9986912608146668,-3.3330000093201309e-8,0.05114400386810303,-3.202271869895412e-8,1,2.638017271294757e-8,-0.05114400386810303,2.4707878409913066e-8,-0.9986912608146668],8,0.5589022636413574],[[767.118896484375,222.6383514404297,46.545169830322269,-0.9987791180610657,-1.6059679808222428e-8,0.04939884692430496,-1.5263420749533908e-8,1,1.6496207067007164e-8,-0.04939884692430496,1.5722072532753374e-8,-0.9987791180610657],8,0.5686028003692627],[[766.9191284179688,222.66078186035157,46.535221099853519,-0.9987791180610657,9.767155084716706e-9,0.04939884692430496,9.862095140533711e-9,1,1.6781758205297593e-9,-0.04939884692430496,2.163303092217461e-9,-0.9987791180610657],8,0.577984094619751],[[766.7193603515625,222.67501831054688,46.52533721923828,-0.9989456534385681,3.5584935886845417e-8,0.04590855538845062,3.502309908753887e-8,1,-1.3042531499252164e-8,-0.04590855538845062,-1.1420920209559427e-8,-0.9989456534385681],8,0.5899722576141357],[[766.586181640625,222.68148803710938,46.51909637451172,-0.9989456534385681,5.2782599624379148e-8,0.04590855538845062,5.17881417749777e-8,1,-2.2851095238252129e-8,-0.04590855538845062,-2.0449482107665064e-8,-0.9989456534385681],8,0.5988523960113525],[[766.3864135742188,222.68814086914063,46.509891510009769,-0.9989456534385681,7.856531425431968e-8,0.04590855538845062,7.692227654843009e-8,1,-3.755608091182694e-8,-0.04590855538845062,-3.398509207386269e-8,-0.9989456534385681],8,0.6113576889038086],[[766.2532348632813,222.69114685058595,46.5037727355957,-0.9990999102592468,9.562543112906497e-8,0.04241913557052612,9.370353382109897e-8,1,-4.729561453586939e-8,-0.04241913557052612,-4.32782201187365e-8,-0.9990999102592468],8,0.6199741363525391],[[766.053466796875,222.69427490234376,46.495155334472659,-0.9990999102592468,8.889895042329954e-8,0.04241913557052612,8.706152243576071e-8,1,-4.5163350392840587e-8,-0.04241913557052612,-4.14296259521052e-8,-0.9990999102592468],8,0.6308913230895996],[[765.9202880859375,222.69569396972657,46.4894905090332,-0.9990999102592468,7.359211195989701e-8,0.04241913557052612,7.203799157196045e-8,1,-3.8165875793083617e-8,-0.04241913557052612,-3.5075732540690299e-8,-0.9990999102592468],8,0.6410584449768066],[[765.7205200195313,222.6971435546875,46.48101043701172,-0.9990999102592468,5.0644096916130368e-8,0.04241842031478882,4.9514721212062798e-8,1,-2.7675282510131184e-8,-0.04241842031478882,-2.5550036752974848e-8,-0.9990999102592468],8,0.6530585289001465],[[765.5873413085938,222.6977996826172,46.47535705566406,-0.9990999102592468,3.535362580464607e-8,0.04241913929581642,3.4507234403236e-8,1,-2.068527926724073e-8,-0.04241913929581642,-1.9202893497549668e-8,-0.9990999102592468],8,0.6635177135467529],[[765.3875732421875,222.698486328125,46.46687698364258,-0.9990999102592468,1.2430144025188384e-8,0.04241913929581642,1.2008028349441702e-8,1,-1.0205871703306002e-8,-0.04241913929581642,-9.687315838391442e-9,-0.9990999102592468],8,0.6768889427185059],[[765.1878051757813,222.69891357421876,46.458396911621097,-0.9990999102592468,-1.0478646395029046e-8,0.04241913929581642,-1.0476758127708763e-8,1,2.668181509069001e-10,-0.04241913929581642,-1.7783707839669206e-10,-0.9990999102592468],8,0.6840798854827881],[[765.0546264648438,222.69911193847657,46.45274353027344,-0.9990999102592468,-2.5743014830936773e-8,0.04241913929581642,-2.5458607666450918e-8,1,7.244882027634958e-9,-0.04241913929581642,6.158428877967026e-9,-0.9990999102592468],8,0.6956632137298584],[[764.8548583984375,222.69931030273438,46.44426345825195,-0.9990999102592468,-4.862733860022672e-8,0.04241842404007912,-4.7919392898165827e-8,1,1.7706373256487497e-8,-0.04241842404007912,1.5657771967880764e-8,-0.9990999102592468],8,0.7059078216552734],[[764.6550903320313,222.69943237304688,46.43578338623047,-0.9990999102592468,-7.149699854380742e-8,0.04241842404007912,-7.036577898134056e-8,1,2.8161162290984977e-8,-0.04241842404007912,2.515101016342669e-8,-0.9990999102592468],8,0.7185816764831543],[[764.5219116210938,222.69949340820313,46.43013000488281,-0.9991725087165833,-8.669125151072876e-8,0.04067327827215195,-8.533418593970055e-8,1,3.510116286520315e-8,-0.04067327827215195,3.160129580237481e-8,-0.9991725087165833],8,0.7314443588256836],[[764.3221435546875,222.69955444335938,46.421932220458987,-0.9993084669113159,-1.094255637212882e-7,0.03718262165784836,-1.078110187791026e-7,1,4.542715359434624e-8,-0.03718262165784836,4.1387043125951098e-8,-0.9993084669113159],8,0.7435967922210693],[[764.18896484375,222.6995849609375,46.41685104370117,-0.9993719458580017,-9.165520253873183e-8,0.03543640673160553,-9.0351733206262e-8,1,3.838464479599679e-8,-0.03543640673160553,3.515879498650065e-8,-0.9993719458580017],8,0.7511694431304932],[[763.989013671875,222.69961547851563,46.4096794128418,-0.9994322657585144,-6.506103034098487e-8,0.03369151055812836,-6.415839948203939e-8,1,2.7872241403770205e-8,-0.03369151055812836,2.5694824046240684e-8,-0.9994322657585144],8,0.7620224952697754],[[763.7890625,222.69961547851563,46.402870178222659,-0.9995438456535339,-3.8455247874935597e-8,0.03020046278834343,-3.794531622247632e-8,1,1.745807054476245e-8,-0.03020046278834343,1.630414026010385e-8,-0.9995438456535339],8,0.7722716331481934],[[763.65576171875,222.69961547851563,46.398719787597659,-0.9995438456535339,-2.0787602750260704e-8,0.03020046278834343,-2.0479266282791288e-8,1,1.0518997228814442e-8,-0.03020046278834343,9.89571624643304e-9,-0.9995438456535339],8,0.782555341720581],[[763.5224609375,222.69961547851563,46.394676208496097,-0.9995951056480408,-3.1101854425230614e-9,0.028453845530748369,-3.0085882674057986e-9,1,3.6134080172445239e-9,-0.028453845530748369,3.5263389985829009e-9,-0.9995951056480408],8,0.7928221225738525],[[763.322509765625,222.65476989746095,46.388916015625,-0.999688446521759,2.337814386521586e-8,0.024961307644844056,2.3219438816113326e-8,1,-6.647870254283816e-9,-0.024961307644844056,-6.066211533095611e-9,-0.999688446521759],8,0.8053171634674072],[[763.12255859375,222.64732360839845,46.383785247802737,-0.9997304677963257,4.982653223351008e-8,0.0232153981924057,4.9448523498085709e-8,1,-1.6856779083695984e-8,-0.0232153981924057,-1.5704268108152065e-8,-0.9997304677963257],8,0.815535306930542],[[762.922607421875,222.66050720214845,46.37907028198242,-0.9998054504394531,7.621343911523582e-8,0.019723372533917428,7.569627769044019e-8,1,-2.6967525101895263e-8,-0.019723372533917428,-2.5469294229196749e-8,-0.9998054504394531],8,0.8280036449432373],[[762.789306640625,222.66943359375,46.37631607055664,-0.9998054504394531,9.383207100199798e-8,0.019723372533917428,9.318543447989214e-8,1,-3.370442414052377e-8,-0.019723372533917428,-3.185993691090516e-8,-0.9998054504394531],8,0.8381180763244629],[[762.58935546875,222.67990112304688,46.372352600097659,-0.9998384118080139,1.0298484198756342e-7,0.017976315692067148,1.0232813707489186e-7,1,-3.7451453493986267e-8,-0.017976315692067148,-3.560591821383241e-8,-0.9998384118080139],8,0.8484344482421875],[[762.4560546875,222.68495178222657,46.36989212036133,-0.9998384118080139,8.61851887634657e-8,0.017976315692067148,8.563204545453118e-8,1,-3.154048755504846e-8,-0.017976315692067148,-2.9996044759172949e-8,-0.9998384118080139],8,0.8593544960021973],[[762.256103515625,222.69027709960938,46.36628723144531,-0.9998950958251953,6.089383219887168e-8,0.014482990838587284,6.057046419982726e-8,1,-2.2766281304598125e-8,-0.014482990838587284,-2.1886652490366033e-8,-0.9998950958251953],8,0.8702821731567383],[[762.122802734375,222.69271850585938,46.364234924316409,-0.9998950958251953,4.411211662613823e-8,0.014482990838587284,4.3871665411643337e-8,1,-1.691993567476402e-8,-0.014482990838587284,-1.6282767134612187e-8,-0.9998950958251953],8,0.879631757736206],[[761.9228515625,222.67567443847657,46.36132049560547,-0.9999396204948425,1.8895820019793065e-8,0.01098948996514082,1.8806375123858744e-8,1,-8.242618143583514e-9,-0.01098948996514082,-8.0354478626532e-9,-0.9999396204948425],8,0.8902766704559326],[[761.722900390625,222.6279754638672,46.35842514038086,-0.999957263469696,-6.261257734507808e-9,0.00924197118729353,-6.25796348074914e-9,1,3.8534633817199906e-10,-0.00924197118729353,3.274939486264117e-10,-0.999957263469696],8,0.9036588668823242],[[761.456298828125,222.5166778564453,46.35456466674805,-0.9999920129776001,-3.9758393910460657e-8,0.00400117551907897,-3.971187467755044e-8,1,1.1705523661476036e-8,-0.00400117551907897,1.1546536171636035e-8,-0.9999920129776001],8,0.922337532043457],[[761.25634765625,222.39744567871095,46.35166931152344,-0.9999998807907105,-6.482324721446276e-8,0.0005088308826088905,-6.481302250449517e-8,1,2.0101698083863085e-8,-0.0005088308826088905,2.006871646642594e-8,-0.9999998807907105],8,0.9315989017486572],[[761.056396484375,222.24755859375,46.34877395629883,-0.9999992251396179,-8.987742461386006e-8,-0.0012376484228298069,-8.991270306069055e-8,1,2.8448667421798747e-8,0.0012376484228298069,2.85599259797209e-8,-0.9999992251396179],8,0.9447371959686279],[[760.923095703125,222.13059997558595,46.34684371948242,-0.9999887943267822,-1.0649436887888442e-7,-0.004731893539428711,-1.0665622340866321e-7,1,3.3951870648252228e-8,0.004731893539428711,3.4456178354957959e-8,-0.9999887943267822],8,0.9521121978759766],[[760.72314453125,221.9296112060547,46.34394836425781,-0.9999790191650391,-9.663666133974402e-8,-0.0064775669015944,-9.683925128456394e-8,1,3.096232248367414e-8,0.0064775669015944,3.158895722776833e-8,-0.9999790191650391],8,0.9647655487060547],[[760.58984375,221.77859497070313,46.342018127441409,-0.9999790191650391,-7.849104832757803e-8,-0.0064775669015944,-7.865619267022339e-8,1,2.5239117462660944e-8,0.0064775669015944,2.57480881060701e-8,-0.9999790191650391],8,0.9774656295776367],[[760.389892578125,221.52651977539063,46.3391227722168,-0.9999502897262573,-5.11967357397225e-8,-0.00997123308479786,-5.136634939617579e-8,1,1.675418737079326e-8,0.00997123308479786,1.7265540108724055e-8,-0.9999502897262573],8,0.9865479469299316],[[760.18994140625,221.70169067382813,46.34019088745117,-0.9999313354492188,-2.3980035734894046e-8,-0.011718499474227429,-2.407921506630828e-8,1,8.32236057846103e-9,0.011718499474227429,8.603961987319053e-9,-0.9999313354492188],8,0.9983384609222412],[[760.056640625,221.9066162109375,46.34164810180664,-0.9999313354492188,-5.865408603256128e-9,-0.011718499474227429,-5.8975020422735728e-9,1,2.704146240262162e-9,0.011718499474227429,2.773070439943126e-9,-0.9999313354492188],8,1.0102953910827637],[[759.856689453125,222.17160034179688,46.34397506713867,-0.9999313354492188,2.1292024143804157e-8,-0.011718499474227429,2.1360506252676715e-8,1,-5.71867486698352e-9,0.011718499474227429,-5.968595395700049e-9,-0.9999313354492188],8,1.0195379257202149],[[759.65673828125,222.3585662841797,46.34632110595703,-0.999884307384491,4.841107781317078e-8,-0.015212206169962883,4.863029801072116e-8,1,-1.4040868023812436e-8,0.015212206169962883,-1.4779018009392076e-8,-0.999884307384491],8,1.0319349765777588],[[759.5234375,222.44654846191407,46.348228454589847,-0.999884307384491,6.649477768405632e-8,-0.015212206169962883,6.680045316898031e-8,1,-1.9586034127883069e-8,0.015212206169962883,-2.05999501901033e-8,-0.999884307384491],8,1.0412306785583497],[[759.39013671875,222.5123291015625,46.350242614746097,-0.999884307384491,8.457076461354518e-8,-0.01521172933280468,8.496284920056496e-8,1,-2.5128839453714137e-8,0.01521172933280468,-2.6418364384994676e-8,-0.999884307384491],8,1.0505003929138184],[[759.2568359375,222.5612030029297,46.35226821899414,-0.999884307384491,1.0263902794349633e-7,-0.01521172933280468,1.0311749321090247e-7,1,-3.0669276895878286e-8,0.01521172933280468,-3.223432543109084e-8,-0.999884307384491],8,1.0609099864959717],[[759.056884765625,222.61178588867188,46.35531234741211,-0.999884307384491,9.506253917379581e-8,-0.01521172933280468,9.550775104116838e-8,1,-2.854139324881544e-8,0.01521172933280468,-2.9990928851475476e-8,-0.999884307384491],8,1.0718042850494385],[[758.85693359375,222.64393615722657,46.35835647583008,-0.999884307384491,7.016424063976956e-8,-0.01521172933280468,7.049487749100081e-8,1,-2.1199493716039798e-8,0.01521172933280468,-2.226938988769689e-8,-0.999884307384491],8,1.0832338333129883],[[758.656982421875,222.66433715820313,46.36140060424805,-0.999884307384491,4.528189379016112e-8,-0.01521172933280468,4.549802667952463e-8,1,-1.3862297976174887e-8,0.01521172933280468,-1.4552797189537614e-8,-0.999884307384491],8,1.0938529968261719],[[758.523681640625,222.673583984375,46.36343002319336,-0.999884307384491,2.870251414321956e-8,-0.01521172933280468,2.8842352506330827e-8,1,-8.973445986271145e-9,0.01521172933280468,-9.411150081461983e-9,-0.999884307384491],8,1.1033952236175538],[[758.390380859375,222.680419921875,46.36545944213867,-0.999884307384491,1.2130214166461429e-8,-0.01521172933280468,1.2193789977743564e-8,1,-4.0866825479213279e-9,0.01521172933280468,-4.271698106350641e-9,-0.999884307384491],8,1.112579584121704],[[758.1904296875,222.68746948242188,46.36850357055664,-0.999884307384491,-1.2714969521709918e-8,-0.01521172933280468,-1.2765726253860521e-8,1,3.2395490734415945e-9,0.01521172933280468,3.433363149341062e-9,-0.999884307384491],8,1.122422456741333],[[758.05712890625,222.690673828125,46.37053298950195,-0.999884307384491,-2.926958586613182e-8,-0.01521172933280468,-2.9396522549518523e-8,1,8.121094907664883e-9,0.01521172933280468,8.567327292041682e-9,-0.999884307384491],8,1.1350750923156739],[[757.857177734375,222.69395446777345,46.37357711791992,-0.999884307384491,-5.408825742847512e-8,-0.015211490914225579,-5.432940142213738e-8,1,1.5439509226666816e-8,0.015211490914225579,1.626415446764895e-8,-0.999884307384491],8,1.1459412574768067],[[757.723876953125,222.69544982910157,46.375606536865237,-0.999884307384491,-7.062520523959393e-8,-0.015211490914225579,-7.09424483602561e-8,1,2.031584678263698e-8,0.015211490914225579,2.1392636995187787e-8,-0.999884307384491],8,1.154357671737671],[[757.52392578125,222.69699096679688,46.3786506652832,-0.999884307384491,-9.541739132146177e-8,-0.015211490914225579,-9.584872628920493e-8,1,2.762644690790239e-8,0.015211490914225579,2.9081251184948088e-8,-0.999884307384491],8,1.1659698486328126],[[757.390625,222.69769287109376,46.380680084228519,-0.999884307384491,-1.1193669990916533e-7,-0.015211490914225579,-1.1244404163335276e-7,1,3.2497577961976279e-8,0.015211490914225579,3.420425898070789e-8,-0.999884307384491],8,1.1740667819976807],[[757.190673828125,222.6984100341797,46.383724212646487,-0.999884307384491,-8.557961450605944e-8,-0.015211490914225579,-8.59685016507683e-8,1,2.4911347651368488e-8,0.015211490914225579,2.621617412046362e-8,-0.999884307384491],8,1.1863059997558594],[[757.057373046875,222.69874572753907,46.3857536315918,-0.999884307384491,-6.801761287533736e-8,-0.015211490914225579,-6.832756582753064e-8,1,1.985656084002585e-8,0.015211490914225579,2.0893626384577148e-8,-0.999884307384491],8,1.1959311962127686],[[756.857421875,222.69906616210938,46.388797760009769,-0.999884307384491,-4.16886614118539e-8,-0.015211490914225579,-4.1880277024120008e-8,1,1.2278427163892048e-8,0.015211490914225579,1.2914068037161997e-8,-0.999884307384491],8,1.208522081375122],[[756.72412109375,222.69921875,46.39082717895508,-0.999884307384491,-2.4145389687646458e-8,-0.015211490914225579,-2.4258161701595783e-8,1,7.229037812805927e-9,0.015211490914225579,7.597203754983184e-9,-0.999884307384491],8,1.2176413536071778],[[756.524169921875,222.6993865966797,46.39387130737305,-0.999884307384491,2.155467138109657e-9,-0.015211490914225579,2.160904344350456e-9,1,-3.410033366790799e-10,0.015211490914225579,-3.738344633852364e-10,-0.999884307384491],8,1.2300896644592286],[[756.257568359375,222.69952392578126,46.39793014526367,-0.999884307384491,3.719707919458415e-8,-0.015211490914225579,3.736001019660762e-8,1,-1.0426846941413715e-8,0.015211490914225579,-1.0993941756964887e-8,-0.999884307384491],8,1.244610071182251],[[756.19091796875,222.6995391845703,46.39894485473633,-0.999884307384491,4.59528060048342e-8,-0.015211490914225579,4.6155090416277747e-8,1,-1.2946960836757171e-8,0.015211490914225579,-1.3647550645146112e-8,-0.999884307384491],8,1.2504677772521973],[[755.990966796875,222.6995849609375,46.4019889831543,-0.999884307384491,7.220877762392775e-8,-0.015211490914225579,7.252906186749897e-8,1,-2.050407488241035e-8,0.015211490914225579,-2.1604977362699175e-8,-0.999884307384491],8,1.262155294418335],[[755.857666015625,222.69961547851563,46.40401840209961,-0.999884307384491,8.970341269787241e-8,-0.015211490914225579,9.01023327060102e-8,1,-2.5539460324353059e-8,0.015211490914225579,-2.6907095218575706e-8,-0.999884307384491],8,1.270430326461792],[[755.65771484375,222.69961547851563,46.40706253051758,-0.999884307384491,9.926195332354837e-8,-0.015211490914225579,9.970435144168732e-8,1,-2.8324594225637157e-8,0.015211490914225579,-2.98379703167484e-8,-0.999884307384491],8,1.2822930812835694],[[755.5244140625,222.69961547851563,46.40909194946289,-0.999884307384491,8.340978752130468e-8,-0.015211252495646477,8.378196270086846e-8,1,-2.382983055326804e-8,0.015211252495646477,-2.5101503098312606e-8,-0.999884307384491],8,1.2938354015350342],[[755.324462890625,222.69961547851563,46.41213607788086,-0.999884307384491,5.964422911119982e-8,-0.015211014077067376,5.991113738446075e-8,1,-1.709127950277889e-8,0.015211014077067376,-1.8000610779722593e-8,-0.999884307384491],8,1.3029522895812989],[[755.191162109375,222.69961547851563,46.41416549682617,-0.999884307384491,4.380897422606722e-8,-0.015211014077067376,4.4005744825881268e-8,1,-1.2601311105697733e-8,0.015211014077067376,-1.3269224830025906e-8,-0.999884307384491],8,1.3126049041748047],[[754.9912109375,222.69961547851563,46.41720962524414,-0.999884307384491,2.0068762651703765e-8,-0.015211014077067376,2.016038358476635e-8,1,-5.869954744497363e-9,0.015211014077067376,-6.175935318708525e-9,-0.999884307384491],8,1.3259754180908204],[[754.791259765625,222.69961547851563,46.42025375366211,-0.999884307384491,-3.6562453065158708e-9,-0.015211014077067376,-3.6697069827340558e-9,1,8.570882337188834e-10,0.015211014077067376,9.128090505683417e-10,-0.999884307384491],8,1.336805820465088],[[754.657958984375,222.69961547851563,46.42228317260742,-0.9999313354492188,-1.946763994453704e-8,-0.011717546731233597,-1.9532194528437686e-8,1,5.394836133376657e-9,0.011717546731233597,5.623335130877649e-9,-0.9999313354492188],8,1.3476073741912842],[[754.4580078125,222.69961547851563,46.42475891113281,-0.9999313354492188,-4.316732571396642e-8,-0.011717546731233597,-4.33132285593274e-8,1,1.2197822307769002e-8,0.011717546731233597,1.270450944446111e-8,-0.9999313354492188],8,1.3583338260650635],[[754.258056640625,222.69961547851563,46.42710876464844,-0.9999502897262573,-6.687393749871262e-8,-0.009971950203180313,-6.706711985771108e-8,1,1.9037925014231406e-8,0.009971950203180313,1.970576946064284e-8,-0.9999502897262573],8,1.3713264465332032],[[754.05810546875,222.69961547851563,46.42917251586914,-0.9999662041664124,-9.057760053110542e-8,-0.008224175311625004,-9.079379736931515e-8,1,2.5915126045106264e-8,0.008224175311625004,2.666095433312421e-8,-0.9999662041664124],8,1.3848347663879395],[[753.9248046875,222.6894073486328,46.430503845214847,-0.9999662041664124,-1.0634872182890831e-7,-0.008224175311625004,-1.0660314586630193e-7,1,3.049747832051253e-8,0.008224175311625004,3.137316895163167e-8,-0.9999662041664124],8,1.3931500911712647],[[753.724853515625,222.64854431152345,46.4324951171875,-0.9999662041664124,-9.566257119786315e-8,-0.008224175311625004,-9.589190597125708e-8,1,2.7490401066643245e-8,0.008224175311625004,2.8278103414436374e-8,-0.9999662041664124],8,1.401789665222168],[[753.591552734375,222.60427856445313,46.43382263183594,-0.9999790191650391,-7.715059524571189e-8,-0.006476614158600569,-7.729575202120032e-8,1,2.216263972343313e-8,0.006476614158600569,2.2662788978777827e-8,-0.9999790191650391],8,1.4118988513946534],[[753.25830078125,222.43397521972657,46.43714141845703,-0.9999790191650391,-3.078216082030849e-8,-0.006476614158600569,-3.0840144660260196e-8,1,8.853199062741624e-9,0.006476614158600569,9.052752325544589e-9,-0.9999790191650391],8,1.4308297634124756],[[753.191650390625,222.3896942138672,46.43780517578125,-0.9999790191650391,-2.151441513831287e-8,-0.006476614158600569,-2.1554976470383737e-8,1,6.193017210165408e-9,0.006476614158600569,6.332490531946178e-9,-0.9999790191650391],8,1.4381539821624756],[[752.99169921875,222.23643493652345,46.439796447753909,-0.9999790191650391,6.276941633132083e-9,-0.006476614158600569,6.288628728867707e-9,1,-1.784116521186263e-9,0.006476614158600569,-1.8248081934402194e-9,-0.9999790191650391],8,1.4492995738983155],[[752.791748046875,222.05250549316407,46.44178771972656,-0.9999790191650391,3.405049042726205e-8,-0.006476614158600569,3.411439308820263e-8,1,-9.756136343241906e-9,0.006476614158600569,-9.976877990425237e-9,-0.9999790191650391],8,1.460918664932251],[[752.658447265625,221.91285705566407,46.443115234375,-0.9999790191650391,5.255630242118059e-8,-0.006476614158600569,5.265499680717767e-8,1,-1.5067977088278896e-8,0.006476614158600569,-1.540868765914638e-8,-0.9999790191650391],8,1.4700453281402588],[[752.45849609375,221.67784118652345,46.445106506347659,-0.9999790191650391,8.030020381966097e-8,-0.006476614158600569,8.045105204246284e-8,1,-2.3031480722579546e-8,0.006476614158600569,-2.3552049199793147e-8,-0.9999790191650391],8,1.4842638969421387],[[752.258544921875,221.82533264160157,46.446533203125,-0.9999790191650391,1.0802632743889262e-7,-0.006476614158600569,1.0822930818221721e-7,1,-3.09898808836806e-8,0.006476614158600569,-3.1690188251332077e-8,-0.9999790191650391],8,1.4944572448730469],[[752.125244140625,222.00401306152345,46.44740295410156,-0.9999790191650391,9.254770105826538e-8,-0.006476614158600569,9.272160639284266e-8,1,-2.6551230547511296e-8,0.006476614158600569,-2.715119507001873e-8,-0.9999790191650391],8,1.5027523040771485],[[751.92529296875,222.23609924316407,46.44869613647461,-0.9999790191650391,6.93421640107772e-8,-0.006476614158600569,6.947248465394296e-8,1,-1.989680953329298e-8,0.006476614158600569,-2.0346339724142127e-8,-0.9999790191650391],8,1.516336441040039],[[751.725341796875,222.40016174316407,46.449989318847659,-0.9999790191650391,4.61514950700348e-8,-0.006476614158600569,4.6238259443498467e-8,1,-1.3246656216381325e-8,0.006476614158600569,-1.354584622248467e-8,-0.9999790191650391],8,1.5279111862182618],[[751.592041015625,222.47740173339845,46.45085144042969,-0.9999887943267822,3.0722908661573459e-8,-0.004729033447802067,3.076481291941491e-8,1,-8.788540561965874e-9,0.004729033447802067,-8.933930040200267e-9,-0.9999887943267822],8,1.5419776439666749],[[751.39208984375,222.55819702148438,46.45186233520508,-0.9999955296516419,7.572579008296998e-9,-0.0029811998829245569,7.578767835525469e-9,1,-2.064402426782408e-9,0.0029811998829245569,-2.0869870276385429e-9,-0.9999955296516419],8,1.5501353740692139],[[751.192138671875,222.60983276367188,46.45252990722656,-0.9999992251396179,-1.5574830314335487e-8,-0.0012335958890616894,-1.5580635448486647e-8,1,4.695908106810975e-9,0.0012335958890616894,4.715124735099607e-9,-0.9999992251396179],8,1.562361717224121],[[751.058837890625,222.63333129882813,46.4527587890625,-0.9999974370002747,-3.101699874719088e-8,0.00225953571498394,-3.0996165634178399e-8,1,9.254250699086697e-9,-0.00225953571498394,9.184190297162332e-9,-0.9999974370002747],8,1.5718472003936768],[[750.85888671875,222.6575927734375,46.452449798583987,-0.9999919533729553,-5.415932946561952e-8,0.004007373470813036,-5.4095131929443599e-8,1,1.6128495872180794e-8,-0.004007373470813036,1.5911588491235308e-8,-0.9999919533729553],8,1.582028865814209],[[750.7255859375,222.66860961914063,46.45198440551758,-0.9999919533729553,-6.956864240237337e-8,0.004007373470813036,-6.948621233959784e-8,1,2.0708878167852164e-8,-0.004007373470813036,2.0430254821235395e-8,-0.9999919533729553],8,1.5933473110198975],[[750.525634765625,222.6799774169922,46.451194763183597,-0.9999919533729553,-9.267026968018399e-8,0.004007373470813036,-9.256050503836377e-8,1,2.7575779881772179e-8,-0.004007373470813036,2.7204634989175248e-8,-0.9999919533729553],8,1.6042053699493409],[[750.392333984375,222.6851348876953,46.450660705566409,-0.9999919533729553,-1.0806312644717764e-7,0.004007373470813036,-1.0793515059503989e-7,1,3.215127009070784e-8,-0.004007373470813036,3.1718474957642687e-8,-0.9999919533729553],8,1.6122047901153565],[[750.1923828125,222.69044494628907,46.449859619140628,-0.9999834299087524,-9.66385584888485e-8,0.00575496070086956,-9.647462917428129e-8,1,2.8761496295715007e-8,-0.00575496070086956,2.820581279650014e-8,-0.9999834299087524],8,1.6272449493408204],[[749.992431640625,222.69381713867188,46.44877624511719,-0.9999834299087524,-6.789323236944256e-8,0.00575496070086956,-6.777793259971077e-8,1,2.0230737973747638e-8,-0.00575496070086956,1.9840342702082127e-8,-0.9999834299087524],8,1.6355915069580079],[[749.859130859375,222.69534301757813,46.44801330566406,-0.9999834299087524,-4.873992409670791e-8,0.00575496070086956,-4.865701441758574e-8,1,1.4546602145060206e-8,-0.00575496070086956,1.426634277379435e-8,-0.9999834299087524],8,1.6457104682922364],[[749.6591796875,222.69691467285157,46.446861267089847,-0.9999834299087524,-2.002530052891416e-8,0.00575496070086956,-1.9990958222138034e-8,1,6.024952092786862e-9,-0.00575496070086956,5.9098050897432589e-9,-0.9999834299087524],8,1.6576733589172364],[[749.459228515625,222.6979217529297,46.44570541381836,-0.999957263469696,8.650405725063593e-9,0.009248169139027596,8.626810377165839e-9,1,-2.5912627599211648e-9,-0.009248169139027596,-2.511369556756904e-9,-0.999957263469696],8,1.6681408882141114],[[749.25927734375,222.6985626220703,46.44398880004883,-0.999957263469696,3.73282560417465e-8,0.009248169139027596,3.722625052660078e-8,1,-1.1201958471929175e-8,-0.009248169139027596,-1.0857204912895213e-8,-0.999957263469696],8,1.6841974258422852],[[749.1259765625,222.6988525390625,46.44276428222656,-0.9999395608901978,5.64555300286429e-8,0.010994972661137581,5.6272320136940837e-8,1,-1.6972638405832187e-8,-0.010994972661137581,-1.6352899478988548e-8,-0.9999395608901978],8,1.6919686794281006],[[748.926025390625,222.6991424560547,46.44062805175781,-0.9999395608901978,8.510279059237291e-8,0.010994972661137581,8.48261763053415e-8,1,-2.5624036226190584e-8,-0.010994972661137581,-2.468982529535424e-8,-0.9999395608901978],8,1.7023086547851563],[[748.792724609375,222.69927978515626,46.43916320800781,-0.9999188184738159,1.0423376295420894e-7,0.012741981074213982,1.0384182047573631e-7,1,-3.1421784285612378e-8,-0.012741981074213982,-3.009608207094061e-8,-0.9999188184738159],8,1.7124805450439454],[[748.5927734375,222.69943237304688,46.436683654785159,-0.9998950362205505,9.728954353249719e-8,0.01448775827884674,9.687391155921432e-8,1,-2.9390262668016477e-8,-0.01448775827884674,-2.7983691808231016e-8,-0.9998950362205505],8,1.72151780128479],[[748.45947265625,222.69949340820313,46.434814453125,-0.9998950362205505,8.07590794238422e-8,0.01448775827884674,8.041334353947605e-8,1,-2.4446318747095576e-8,-0.01448775827884674,-2.327874426555354e-8,-0.9998950362205505],8,1.7313759326934815],[[748.326171875,222.6995391845703,46.43288803100586,-0.9998682141304016,6.427621457305577e-8,0.016234207898378373,6.396846430334335e-8,1,-1.94757578952931e-8,-0.016234207898378373,-1.8434713311421548e-8,-0.9998682141304016],8,1.742447853088379],[[748.126220703125,222.6995849609375,46.429710388183597,-0.9998682141304016,3.950435001343067e-8,0.016234207898378373,3.931433312232002e-8,1,-1.2023895656909645e-8,-0.016234207898378373,-1.1384074127818167e-8,-0.9998682141304016],8,1.752131700515747],[[747.992919921875,222.69961547851563,46.42755126953125,-0.9998682141304016,2.2998596804768569e-8,0.016234207898378373,2.2887022055328999e-8,1,-7.058641227075668e-9,-0.016234207898378373,-6.686158737778669e-9,-0.9998682141304016],8,1.7618129253387452],[[747.79296875,222.69961547851563,46.42430114746094,-0.9998383522033691,-1.735157906246343e-9,0.01798132061958313,-1.7277361763490263e-9,1,4.2828368629344029e-10,-0.01798132061958313,3.9714745381225216e-10,-0.9998383522033691],8,1.7753915786743165],[[747.65966796875,222.69961547851563,46.42196273803711,-0.9998053908348084,-1.8223976994136139e-8,0.01972837932407856,-1.812007077717226e-8,1,5.4455528974983739e-9,-0.01972837932407856,5.087013477123037e-9,-0.9998053908348084],8,1.7853283882141114],[[747.459716796875,222.69961547851563,46.4180908203125,-0.9998053908348084,-4.294296118700913e-8,0.01972837932407856,-4.26954436250071e-8,1,1.2967436902044938e-8,-0.01972837932407856,1.2122601589226179e-8,-0.9998053908348084],8,1.7959120273590088],[[747.259765625,222.69961547851563,46.414146423339847,-0.9998053908348084,-6.76461056059452e-8,0.01972837932407856,-6.725506551674698e-8,1,2.048449943004016e-8,-0.01972837932407856,1.9153679531314084e-8,-0.9998053908348084],8,1.8074805736541749],[[747.12646484375,222.69961547851563,46.41151428222656,-0.9998053908348084,-8.410606966435808e-8,0.01972837932407856,-8.361940473378127e-8,1,2.5493198663184559e-8,-0.01972837932407856,2.383856134713369e-8,-0.999805390834