[[[583.978759765625,222.69961547851563,126.69155883789063,0.7071342468261719,6.118725082160381e-8,-0.707079291343689,1.2856208542189052e-8,1,9.939240896983392e-8,0.707079291343689,-7.937413926129011e-8,0.7071342468261719],8,0.02192401885986328],[[583.978759765625,222.69961547851563,126.69155883789063,0.7071342468261719,5.086793564146319e-8,-0.707079291343689,1.0687991824909205e-8,1,8.262974660055989e-8,0.707079291343689,-6.598757806841604e-8,0.7071342468261719],8,0.043515682220458987],[[583.978759765625,222.69961547851563,126.69155883789063,0.7071342468261719,2.9009314062022896e-8,-0.707079291343689,6.095225657531955e-9,1,4.7122657775844348e-8,0.707079291343689,-3.7631853189168399e-8,0.7071342468261719],8,0.05132555961608887],[[583.978759765625,222.69961547851563,126.69155883789063,0.7071342468261719,7.1693655456783748e-9,-0.707079291343689,1.5063827962791266e-9,1,1.1645908237767344e-8,0.707079291343689,-9.300352488139652e-9,0.7071342468261719],8,0.06816768646240235],[[583.978759765625,222.69961547851563,126.69155883789063,0.7071342468261719,-1.4651920565711407e-8,-0.707079291343689,-3.078539201339936e-9,1,-2.3800529547202133e-8,0.707079291343689,1.9006940021881748e-8,0.7071342468261719],8,0.08308625221252442],[[583.978759765625,222.69961547851563,126.69155883789063,0.7071342468261719,-3.6454562035714846e-8,-0.707079291343689,-7.659544110083516e-9,1,-5.9216677783524577e-8,0.707079291343689,4.729004743353471e-8,0.7071342468261719],8,0.09890341758728028],[[583.978759765625,222.69961547851563,126.69155883789063,0.7071342468261719,-5.279431647409183e-8,-0.707079291343689,-1.1092730289874453e-8,1,-8.575893417628322e-8,0.707079291343689,6.848652134294753e-8,0.7071342468261719],8,0.11338281631469727],[[583.978759765625,222.69961547851563,126.69155883789063,0.7071342468261719,-6.912360106525739e-8,-0.707079291343689,-1.4523714675362953e-8,1,-1.1228417662323409e-7,0.707079291343689,8.966940612253893e-8,0.7071342468261719],8,0.12623929977416993],[[583.978759765625,222.69961547851563,126.69155883789063,0.9920098185539246,-1.2063720689070579e-8,-0.12616054713726045,-5.558596360977219e-10,1,-9.999269678928613e-8,0.12616054713726045,9.926386468350756e-8,0.9920098185539246],8,0.14196395874023438],[[583.978759765625,222.69961547851563,126.69155883789063,0.9907750487327576,-2.3715751140684916e-8,-0.13551685214042664,1.5763591321160676e-8,1,-5.9753297421139e-8,0.13551685214042664,5.7065840053383e-8,0.9907750487327576],8,0.16174101829528809],[[583.978759765625,222.69961547851563,126.69155883789063,0.9894669055938721,-3.410836413308971e-8,-0.14475907385349275,3.159172123901044e-8,1,-1.9683746188547958e-8,0.14475907385349275,1.490322709685188e-8,0.9894669055938721],8,0.16976571083068849],[[583.978759765625,222.69961547851563,126.69155883789063,0.9893049001693726,-3.902616185769148e-8,-0.14586226642131806,3.949563165406289e-8,1,3.2264191318631676e-10,0.14586226642131806,-6.0801137458099678e-9,0.9893049001693726],8,0.17957448959350587],[[583.978759765625,222.69961547851563,126.69155883789063,0.9890403151512146,-5.1257686095596e-8,-0.147645503282547,5.9328424839577568e-8,1,5.025903959676725e-8,0.147645503282547,-5.846779416174286e-8,0.9890403151512146],8,0.19943952560424806],[[583.978759765625,222.69961547851563,126.69155883789063,0.9900408387184143,-5.900172794781611e-8,-0.1407802850008011,7.101020571553818e-8,1,8.027599562865362e-8,0.1407802850008011,-8.947334606546065e-8,0.9900408387184143],8,0.21359825134277345],[[583.978759765625,222.69961547851563,126.69155883789063,0.9927735924720764,-4.450994595117663e-8,-0.12000242620706558,5.3905935715192757e-8,1,7.505217070047365e-8,0.12000242620706558,-8.097865844547414e-8,0.9927735924720764],8,0.2277212142944336],[[584.0791015625,222.69961547851563,126.70368957519531,0.9963592290878296,-2.852388547580631e-8,-0.08525433391332627,3.368002765569145e-8,1,5.9041216360355978e-8,0.08525433391332627,-6.169762656327294e-8,0.9963592290878296],8,0.24335169792175294],[[584.335205078125,222.69961547851563,126.72665405273438,0.9992706179618836,-6.369879290701874e-9,-0.03818725794553757,7.767949838921595e-9,1,3.6462527219782717e-8,0.03818725794553757,-3.673256898650834e-8,0.9992706179618836],8,0.26793909072875979],[[584.601318359375,222.69961547851563,126.73868560791016,0.9991117119789124,1.571197749683506e-8,0.04214054346084595,-1.6227776455934874e-8,1,1.1897907548075182e-8,-0.04214054346084595,-1.2571185870058344e-8,0.9991117119789124],8,0.2759830951690674],[[584.8010864257813,222.69961547851563,126.73333740234375,0.9976648092269898,3.412041849060188e-8,0.06830030679702759,-3.372266377255073e-8,1,-6.976585531504043e-9,-0.06830030679702759,4.657025431953343e-9,0.9976648092269898],8,0.2888822555541992],[[585.0006713867188,222.69961547851563,126.72083282470703,0.9956966638565064,5.295522953474574e-8,0.09267257899045944,-5.073992426218865e-8,1,-2.6260819296908268e-8,-0.09267257899045944,2.144560973249554e-8,0.9956966638565064],8,0.3106257915496826],[[585.2662963867188,222.69961547851563,126.69713592529297,0.9865134954452515,7.931018330964435e-8,0.16367991268634797,-7.151611924882673e-8,1,-5.3510351705199358e-8,-0.16367991268634797,4.108293083504577e-8,0.9865134954452515],8,0.31878113746643069],[[585.3981323242188,222.69961547851563,126.67777252197266,0.9822165369987488,9.276107704181413e-8,0.18775177001953126,-8.156153796790022e-8,1,-6.73761419989205e-8,-0.18775177001953126,5.0864638723169267e-8,0.9822165369987488],8,0.3280000686645508],[[585.5947875976563,222.69961547851563,126.64151000976563,0.9765865206718445,9.728861272151335e-8,0.21512502431869508,-8.293995534813803e-8,1,-7.572608495820532e-8,-0.21512502431869508,5.611061482113655e-8,0.9765865206718445],8,0.3390505313873291],[[585.7903442382813,222.69961547851563,126.59959411621094,0.9697689414024353,7.09565242118515e-8,0.24402490258216859,-5.8662045887558636e-8,1,-5.764941235497645e-8,-0.24402490258216859,4.159161193229011e-8,0.9697689414024353],8,0.34999847412109377],[[585.9845581054688,222.69961547851563,126.55194091796875,0.9514488577842712,4.56216255884101e-8,0.30780690908432009,-3.5651282814797017e-8,1,-3.80149174361577e-8,-0.30780690908432009,2.5195539876676777e-8,0.9514488577842712],8,0.3623490333557129],[[586.175537109375,222.69961547851563,126.49285888671875,0.9395196437835693,1.859570630813323e-8,0.3424949645996094,-1.3390386577327718e-8,1,-1.7562811649440847e-8,-0.3424949645996094,1.1914466746532071e-8,0.9395196437835693],8,0.3731682300567627],[[586.3012084960938,222.69961547851563,126.44850158691406,0.9147335290908814,7.421033232368757e-10,0.40405771136283877,5.057313456902079e-10,1,-2.981536351143177e-9,-0.40405771136283877,2.931655807003608e-9,0.9147335290908814],8,0.38470005989074709],[[586.4851684570313,222.69961547851563,126.37023162841797,0.9030847549438477,-2.706574697697306e-8,0.42946240305900576,2.071975480077981e-8,1,1.9452349064863485e-8,-0.42946240305900576,-8.668764372998794e-9,0.9030847549438477],8,0.39598822593688967],[[586.666259765625,222.69961547851563,126.28543853759766,0.8834768533706665,-5.52899770411841e-8,0.468474805355072,3.992290587007119e-8,1,4.273231724027937e-8,-0.468474805355072,-1.905013746750228e-8,0.8834768533706665],8,0.4078974723815918],[[586.8436889648438,222.69961547851563,126.19327545166016,0.8751596212387085,-8.346803070935494e-8,0.48383429646492007,5.870446884159719e-8,1,6.632900806380349e-8,-0.48383429646492007,-2.964523204695979e-8,0.8751596212387085],8,0.41965627670288088],[[587.01904296875,222.69961547851563,126.09717559814453,0.8604095578193665,-9.577952653216926e-8,0.5096031427383423,6.565945653846939e-8,1,7.709037674885622e-8,-0.5096031427383423,-3.286903194066326e-8,0.8604095578193665],8,0.4317035675048828],[[587.1917114257813,222.69961547851563,125.99626159667969,0.8522922396659851,-7.502023180450124e-8,0.5230659246444702,5.06577322312296e-8,1,6.088149717697888e-8,-0.5230659246444702,-2.5391495128701537e-8,0.8522922396659851],8,0.44303417205810549],[[587.3056640625,222.69961547851563,125.92703247070313,0.8448984026908875,-6.119924478298344e-8,0.5349267721176148,4.08138518537271e-8,1,4.9942702418093179e-8,-0.5349267721176148,-2.0364087305324575e-8,0.8448984026908875],8,0.45443296432495119],[[587.4185791015625,222.69961547851563,125.85618591308594,0.8448984026908875,-4.7036763817231989e-8,0.5349267721176148,3.097417433650662e-8,1,3.9008575924981417e-8,-0.5349267721176148,-1.6389369861258275e-8,0.8448984026908875],8,0.46515727043151858],[[587.5875854492188,222.69961547851563,125.74927520751953,0.8448984026908875,-2.5804382630667534e-8,0.5349267721176148,1.622253975597232e-8,1,2.2616150729959373e-8,-0.5349267721176148,-1.0430478702971869e-8,0.8448984026908875],8,0.47613072395324709],[[587.756591796875,222.69961547851563,125.64229583740235,0.8448981046676636,-4.5856149988310339e-9,0.534927248954773,1.480365940942363e-9,1,6.234224247947395e-9,-0.534927248954773,-4.4753964978383468e-9,0.8448981046676636],8,0.48705577850341799],[[587.8692626953125,222.69961547851563,125.57097625732422,0.8448981642723084,9.552681312641198e-9,0.5349271893501282,-8.342503576841409e-9,1,-4.6812260734441228e-9,-0.5349271893501282,-5.07472841526635e-10,0.8448981642723084],8,0.4979124069213867],[[588.0382690429688,222.69961547851563,125.46399688720703,0.8448981642723084,3.0748800838864557e-8,0.5349271893501282,-2.3068940535608818e-8,1,-2.1045657661034057e-8,-0.5349271893501282,5.441233685843372e-9,0.8448981642723084],8,0.5090658664703369],[[588.207275390625,222.69961547851563,125.35701751708985,0.8448981642723084,5.1931337452515439e-8,0.5349271893501282,-3.778594503955901e-8,1,-3.739960163784417e-8,-0.5349271893501282,1.1386125819967674e-8,0.8448981642723084],8,0.5195519924163818],[[588.3199462890625,222.69961547851563,125.28569793701172,0.8448981642723084,6.604548730138049e-8,0.5349271893501282,-4.759204230708747e-8,1,-4.8296406873760137e-8,-0.5349271893501282,1.5347270121424118e-8,0.8448981642723084],8,0.5294537544250488],[[588.4889526367188,222.69961547851563,125.17871856689453,0.8448981642723084,8.720540733975213e-8,0.5349271893501282,-6.229333138207949e-8,1,-6.463288571012527e-8,-0.5349271893501282,2.1285810447579935e-8,0.8448981642723084],8,0.5412271022796631],[[588.657958984375,222.69961547851563,125.07173919677735,0.8448981642723084,1.0835177732815282e-7,0.5349271893501282,-7.6985202213109e-8,1,-8.095889825199265e-8,-0.5349271893501282,2.7220545817385756e-8,0.8448981642723084],8,0.5533852577209473],[[588.7706298828125,222.69961547851563,125.00041961669922,0.8448981642723084,1.0548206574867436e-7,0.5349271893501282,-7.478413976969023e-8,1,-7.907073040769319e-8,-0.5349271893501282,2.680264543641897e-8,0.8448981642723084],8,0.5641231536865234],[[588.88330078125,222.69961547851563,124.9291000366211,0.8448981642723084,8.565746156818932e-8,0.5349271893501282,-6.059617163600706e-8,1,-6.441973710025195e-8,-0.5349271893501282,2.2013578515611699e-8,0.8448981642723084],8,0.5738987922668457],[[589.0523071289063,222.69961547851563,124.8221206665039,0.8448981642723084,5.593642526946496e-8,0.5349271893501282,-3.932557390839975e-8,1,-4.245497819965749e-8,-0.5349271893501282,1.4833815065173895e-8,0.8448981642723084],8,0.5845608711242676],[[589.2213134765625,222.69961547851563,124.71514129638672,0.8448981642723084,2.6234435068772656e-8,0.5349271893501282,-1.8068604390464317e-8,1,-2.0504295150658437e-8,-0.5349271893501282,7.658654155306977e-9,0.8448981642723084],8,0.5979585647583008],[[589.3903198242188,222.69961547851563,124.60816192626953,0.8401937484741211,-3.3826288436955567e-9,0.5422863364219666,2.982332825141043e-9,1,1.61702673473485e-9,-0.5422863364219666,2.58662646857033e-10,0.8401937484741211],8,0.6096622943878174],[[589.6705932617188,222.69961547851563,124.42769622802735,0.8401937484741211,-5.2811952144793398e-8,0.5422863364219666,3.803724979434264e-8,1,3.845439522365268e-8,-0.5422863364219666,-1.1682062428519658e-8,0.8401937484741211],8,0.6276466846466065],[[589.8947143554688,222.69961547851563,124.2830810546875,0.8392467498779297,-9.233769304728412e-8,0.5437507629394531,6.600283342095281e-8,1,6.79447751394946e-8,-0.5437507629394531,-2.113334218734053e-8,0.8392467498779297],8,0.6441130638122559],[[590.1188354492188,223.56251525878907,124.13845825195313,0.8382969498634338,-1.3184610736516334e-7,0.5452138781547546,9.38930853067177e-8,1,9.74586527036081e-8,-0.5452138781547546,-3.050747920951835e-8,0.8382969498634338],3,0.6622135639190674],[[590.3424682617188,224.37091064453126,123.99317169189453,0.885676383972168,-1.365963697708139e-7,0.46430307626724245,1.0601944921972972e-7,1,9.196030958946722e-8,-0.46430307626724245,-3.222191580221079e-8,0.885676383972168],5,0.6868720054626465],[[590.67822265625,225.4813232421875,123.77561950683594,0.9404016137123108,-9.747260065751107e-8,0.34006592631340029,8.737217882526238e-8,1,4.5013806015958838e-8,-0.34006592631340029,-1.2618754929860643e-8,0.9404016137123108],5,0.702277660369873],[[590.7918701171875,225.82420349121095,123.70590209960938,0.893939197063446,-8.647393201499654e-8,0.4481882154941559,8.167226184241372e-8,1,3.0040716580970187e-8,-0.4481882154941559,9.749968832295508e-9,0.893939197063446],5,0.7118709087371826],[[590.9066162109375,226.15347290039063,123.63790893554688,0.8986259698867798,-7.482341857212305e-8,0.43871554732322695,7.56538085511238e-8,1,1.5588549118206175e-8,-0.43871554732322695,1.9182225585723246e-8,0.8986259698867798],5,0.7213871479034424],[[591.0798950195313,226.62181091308595,123.5379867553711,0.9162865281105042,-5.826040450074288e-8,0.4005233347415924,6.579004008244738e-8,1,-5.0487094505058398e-9,-0.4005233347415924,3.097651202210727e-8,0.9162865281105042],5,0.7320854663848877],[[591.1959228515625,226.91700744628907,123.47238159179688,0.9076433777809143,-4.590308932961307e-8,0.4197421371936798,5.906259303856132e-8,1,-1.8355750697196528e-8,-0.4197421371936798,4.145153553736236e-8,0.9076433777809143],5,0.7419352531433106],[[591.312744140625,227.19857788085938,123.4080810546875,0.9076442718505859,-3.4200340337520177e-8,0.419740229845047,5.216865162083195e-8,1,-3.132947057338242e-8,-0.419740229845047,5.033329486536786e-8,0.9076442718505859],5,0.7517287731170654],[[591.48828125,227.5953826904297,123.31217193603516,0.9224759340286255,-1.863350007624831e-8,0.38605454564094546,4.1133773720503089e-8,1,-5.002251057817375e-8,-0.38605454564094546,6.202444069458579e-8,0.9224759340286255],5,0.7625088691711426],[[591.60546875,227.8428955078125,123.24857330322266,0.9098308682441711,-4.852164448010399e-9,0.4149792790412903,3.3739951277311778e-8,1,-6.2281380053264e-8,-0.4149792790412903,7.066690699275569e-8,0.9098308682441711],5,0.7715716361999512],[[591.7814331054688,228.18861389160157,123.15357208251953,0.923150360584259,1.0470829536757265e-8,0.3844391107559204,2.2015107958850423e-8,1,-8.010133001334907e-8,-0.3844391107559204,8.240903781597808e-8,0.923150360584259],5,0.7832155227661133],[[591.8987426757813,228.40206909179688,123.09027862548828,0.9098323583602905,2.5260405323024316e-8,0.41497597098350527,1.4157755856558652e-8,1,-9.191277428044487e-8,-0.41497597098350527,8.950034668941953e-8,0.9098323583602905],5,0.7933320999145508],[[592.07470703125,228.69668579101563,122.995361328125,0.919758141040802,4.119466368024405e-8,0.3924856185913086,1.8643520061090159e-9,1,-1.0932736671520616e-7,-0.3924856185913086,1.0128646721341284e-7,0.919758141040802],5,0.803537130355835],[[592.2500610351563,228.9606475830078,122.8991928100586,0.9141824245452881,6.112691153248307e-8,0.405303031206131,-1.0659855220751524e-8,1,-1.26773940678504e-7,-0.405303031206131,1.1157403179140602e-7,0.9141824245452881],5,0.8159036636352539],[[592.3661499023438,229.11959838867188,122.83368682861328,0.8963371515274048,7.848184679914994e-8,0.4433731436729431,-1.8995452322201346e-8,1,-1.3860902470241855e-7,-0.4433731436729431,1.1581834513663125e-7,0.8963371515274048],5,0.8251633644104004],[[592.539306640625,229.3324737548828,122.7336196899414,0.9076988101005554,9.475132145553289e-8,0.4196222722530365,-3.212324273249578e-8,1,-1.5631461280918303e-7,-0.4196222722530365,1.2840696683724674e-7,0.9076988101005554],5,0.8369529247283936],[[592.6542358398438,229.45736694335938,122.66609954833985,0.8852259516716003,1.0384566451193678e-7,0.4651613235473633,-3.7721189727335516e-8,1,-1.514611938091548e-7,-0.4651613235473633,1.1653093423547034e-7,0.8852259516716003],5,0.8477764129638672],[[592.8250122070313,229.619140625,122.56208801269531,0.8971632719039917,8.995360900598826e-8,0.44169899821281435,-4.1644046433475526e-8,1,-1.1906774233239048e-7,-0.44169899821281435,8.842907561756874e-8,0.8971632719039917],5,0.859468936920166],[[592.9949340820313,229.75025939941407,122.45655059814453,0.8932737112045288,7.958289671705643e-8,0.44951310753822329,-4.508380158085856e-8,1,-8.745178092794959e-8,-0.44951310753822329,5.78526169192628e-8,0.8932737112045288],5,0.8707075119018555],[[593.1639404296875,229.85073852539063,122.34955596923828,0.8916969299316406,6.822023124186671e-8,0.45263293385505679,-4.789676921745922e-8,1,-5.6360963895940588e-8,-0.45263293385505679,2.8577243682548216e-8,0.8916969299316406],5,0.8818705081939697],[[593.2763061523438,229.9006805419922,122.27775573730469,0.8744328022003174,6.092031412663346e-8,0.4851466715335846,-4.9785793265755277e-8,1,-3.583655328043278e-8,-0.4851466715335846,7.183245998021448e-9,0.8744328022003174],5,0.8922772407531738],[[593.4444580078125,229.95005798339845,122.16943359375,0.8869014978408814,4.824096677680245e-8,0.46195855736732485,-5.173237482836157e-8,1,-5.107482881072656e-9,-0.46195855736732485,-1.9368378900708195e-8,0.8869014978408814],5,0.9026315212249756],[[593.6118774414063,229.96878051757813,122.0600357055664,0.8860898613929749,3.5073874471436287e-8,0.4635135233402252,-5.30266781595401e-8,1,2.570049417727205e-8,-0.4635135233402252,-4.735153069646003e-8,0.8860898613929749],5,0.9155547618865967],[[593.7233276367188,229.96421813964845,121.98681640625,0.8675621747970581,2.3736001608654079e-8,0.4973287880420685,-5.3949438694189669e-8,1,4.638478756646691e-8,-0.4973287880420685,-6.707229260882741e-8,0.8675621747970581],5,0.9267013072967529],[[593.8900146484375,229.93185424804688,121.87619018554688,0.8836462497711182,1.1467236937789949e-8,0.46815523505210879,-5.421362558877263e-8,1,7.783407340866688e-8,-0.46815523505210879,-9.415818169600243e-8,0.8836462497711182],5,0.9373798370361328],[[594.0564575195313,229.8688201904297,121.76539611816406,0.8828301429748535,-4.144359966318234e-9,0.4696923792362213,-5.380154632916856e-8,1,1.0994853738566235e-7,-0.4696923792362213,-1.22336061281203e-7,0.8828301429748535],5,0.9510195255279541],[[594.2227783203125,229.77513122558595,121.65435791015625,0.8820108771324158,-2.0889640239829533e-8,0.47122907638549807,-5.269043867883738e-8,1,1.429520892770597e-7,-0.47122907638549807,-1.5091455907167984e-7,0.8820108771324158],5,0.9717400074005127],[[594.4442749023438,229.60252380371095,121.50592041015625,0.8964471817016602,-2.764845952185624e-8,0.4431506097316742,-2.862831927075149e-8,1,1.2030274376684248e-7,-0.4431506097316742,-1.205317090580138e-7,0.8964471817016602],5,0.9794001579284668],[[594.6102294921875,229.43731689453126,121.3943099975586,0.8803637027740479,-3.928228409222356e-8,0.47429922223091128,-1.0910768288852069e-8,1,1.0307360298611457e-7,-0.47429922223091128,-9.591722971435957e-8,0.8803637027740479],5,0.9900248050689697],[[594.7207641601563,229.3101348876953,121.3197250366211,0.862312376499176,-4.7057117313897837e-8,0.5063766837120056,8.518881156049929e-10,1,9.147839108436529e-8,-0.5063766837120056,-7.84515705731792e-8,0.862312376499176],5,1.0009419918060303],[[594.8861694335938,229.0938262939453,121.20731353759766,0.8778640627861023,-5.070702258080928e-8,0.47890985012054446,1.7814953068295837e-8,1,7.322445583213266e-8,-0.47890985012054446,-5.574936423613508e-8,0.8778640627861023],5,1.0103204250335694],[[594.9962768554688,228.93258666992188,121.13215637207031,0.8596464395523071,-5.610566589098198e-8,0.5108894109725952,2.9117085631469309e-8,1,6.082581194277737e-8,-0.5108894109725952,-3.741308418625522e-8,0.8596464395523071],5,1.0218658447265626],[[595.1611328125,228.66517639160157,121.01887512207031,0.8744984269142151,-5.97294658177816e-8,0.48502835631370547,4.5435715634312149e-8,1,4.122646402038299e-8,-0.48502835631370547,-1.4014865712397296e-8,0.8744984269142151],5,1.0329573154449463],[[595.3255615234375,228.3671112060547,120.90501403808594,0.8727954030036926,-6.36488550753711e-8,0.4880862236022949,6.138799335531076e-8,1,2.0630983144087624e-8,-0.4880862236022949,1.1956006851221446e-8,0.8727954030036926],5,1.0428714752197266],[[595.3802490234375,228.2609405517578,120.86690521240235,0.8364502191543579,-6.344591696461066e-8,0.5480429530143738,6.687469067401253e-8,1,1.370069035999677e-8,-0.5480429530143738,2.519025521507956e-8,0.8364502191543579],5,1.05283522605896],[[595.598388671875,227.80221557617188,120.71356201171875,0.885339081287384,-6.935749041758754e-8,0.4649459421634674,8.697791287204382e-8,1,-1.6448060691232059e-8,-0.4649459421634674,5.5002139731641367e-8,0.885339081287384],5,1.0646564960479737],[[595.65283203125,227.67901611328126,120.6750717163086,0.8345271944999695,-6.372796690357063e-8,0.550966739654541,9.228816111317428e-8,1,-2.4119447772363857e-8,-0.550966739654541,7.097604282080283e-8,0.8345271944999695],5,1.0738415718078614],[[595.8159790039063,227.2889862060547,120.5594253540039,0.8693603873252869,-6.906728344802105e-8,0.4941786229610443,1.0713564790876262e-7,1,-4.871154501984165e-8,-0.4941786229610443,9.529203737201897e-8,0.8693603873252869],5,1.0842714309692383],[[595.9791259765625,226.86830139160157,120.44373321533203,0.868492841720581,-6.844026501084955e-8,0.49570170044898989,1.2160838025465638e-7,1,-7.499620835460519e-8,-0.49570170044898989,1.2541515559405526e-7,0.868492841720581],5,1.0936367511749268],[[596.0877685546875,226.57080078125,120.36647033691406,0.8514983654022217,-6.28461407359282e-8,0.524357259273529,1.3133387710695389e-7,1,-9.341805196072528e-8,-0.524357259273529,1.4841118911590457e-7,0.8514983654022217],5,1.104283332824707],[[596.250732421875,226.09902954101563,120.25050354003906,0.867628276348114,-4.5103487167352799e-8,0.4972133934497833,1.0268135497426556e-7,1,-8.846454591093789e-8,-0.4972133934497833,1.2780888880570274e-7,0.867628276348114],5,1.1164305210113526],[[596.3592529296875,225.76747131347657,120.17304229736328,0.8505865931510925,-2.6799282792921987e-8,0.5258350372314453,8.375649684921882e-8,1,-8.451864630387718e-8,-0.5258350372314453,1.159325293542679e-7,0.8505865931510925],5,1.1271426677703858],[[596.5762939453125,225.06349182128907,120.0180435180664,0.8828890323638916,-7.0034791299633529e-9,0.4695816934108734,4.6834056632860668e-8,1,-7.314125838320251e-8,-0.4695816934108734,8.656802918949325e-8,0.8828890323638916],5,1.1440706253051758],[[596.7388916015625,224.49974060058595,119.90155792236328,0.8641291856765747,1.5028911448666805e-8,0.5032700300216675,1.9382026650305307e-8,1,-6.314202494195342e-8,-0.5032700300216675,6.431726262690063e-8,0.8641291856765747],5,1.153979778289795],[[596.9009399414063,223.90533447265626,119.7843246459961,0.8623654246330261,3.2694938312261e-8,0.5062863230705261,-7.741847163345028e-9,1,-5.139114733765382e-8,-0.5062863230705261,4.0398358436277707e-8,0.8623654246330261],5,1.1650292873382569],[[597.0625,223.2802734375,119.6664810180664,0.8570146560668945,4.928149976990426e-8,0.5152919888496399,-3.46581110477473e-8,1,-3.799591041797612e-8,-0.5152919888496399,1.4704006012777882e-8,0.8570146560668945],5,1.1781187057495118],[[597.2764282226563,222.5082244873047,119.50728607177735,0.8185075521469116,6.851562517340426e-8,0.574495792388916,-6.745344194314385e-8,1,-2.315852398737661e-8,-0.574495792388916,-1.9796294381535519e-8,0.8185075521469116],7,1.196425199508667],[[597.595458984375,222.5039520263672,119.2659912109375,0.781852662563324,9.425134095408794e-8,0.6234632134437561,-1.160320906024026e-7,1,-5.664062996402208e-9,-0.6234632134437561,-6.791327678001835e-8,0.781852662563324],7,1.2225875854492188],[[597.8041381835938,222.5845489501953,119.0999526977539,0.7722996473312378,5.845938488846514e-8,0.6352584362030029,-7.859191697434653e-8,1,3.5215950155986776e-9,-0.6352584362030029,-5.264590541287362e-8,0.7722996473312378],8,1.2614436149597169],[[598.2163696289063,222.66453552246095,118.7614974975586,0.766658365726471,-1.1404609701060054e-8,0.6420552730560303,-3.9716661071054208e-9,1,2.2505103558501106e-8,-0.6420552730560303,-1.9803755080261e-8,0.766658365726471],8,1.2728297710418702],[[598.3187866210938,222.67367553710938,118.6761245727539,0.7666492462158203,-2.8735348323039035e-8,0.6420661211013794,1.4663387837288156e-8,1,2.7245903311268195e-8,-0.6420661211013794,-1.147318773320194e-8,0.7666492462158203],8,1.280182123184204],[[598.47216796875,222.68313598632813,118.5477523803711,0.7666491866111755,-5.4717148145755348e-8,0.642066240310669,4.260103381170666e-8,1,3.435330953038829e-8,-0.642066240310669,1.015749817590006e-9,0.7666491866111755],8,1.290539026260376],[[598.5232543945313,222.68545532226563,118.50495147705078,0.7666491866111755,-6.337404556688853e-8,0.642066240310669,5.1909601950228537e-8,1,3.67214312291253e-8,-0.642066240310669,5.1769477593666128e-9,0.7666491866111755],8,1.298090934753418],[[598.6254272460938,222.68914794921876,118.41934967041016,0.7666491866111755,-8.06822910703886e-8,0.642066240310669,7.052077677371926e-8,1,4.145616117057216e-8,-0.642066240310669,1.349667755334849e-8,0.7666491866111755],8,1.3079309463500977],[[598.7786865234375,222.69296264648438,118.29094696044922,0.7666491866111755,-1.0663080018957771e-7,0.642066240310669,9.842262471693175e-8,1,4.855445823181981e-8,-0.642066240310669,2.5969606909370669e-8,0.7666491866111755],8,1.3177576065063477],[[598.9319458007813,222.69537353515626,118.16254425048828,0.7666491866111755,-9.734297634622635e-8,0.642066240310669,9.238124221155886e-8,1,4.130255248924186e-8,-0.642066240310669,2.7650305156612377e-8,0.7666491866111755],8,1.3281104564666749],[[599.0341186523438,222.69647216796876,118.07694244384766,0.7666491866111755,-7.941700630453852e-8,0.642066240310669,7.704976923150753e-8,1,3.168966955513497e-8,-0.642066240310669,2.5176193574338869e-8,0.7666491866111755],8,1.3373916149139405],[[599.1362915039063,222.69729614257813,117.99134063720703,0.7666491866111755,-6.149870301896954e-8,0.642066240310669,6.17248474554799e-8,1,2.208089533439761e-8,-0.642066240310669,2.2703138924384804e-8,0.7666491866111755],8,1.3467190265655518],[[599.2384643554688,222.69789123535157,117.9057388305664,0.7666491866111755,-4.358805227866469e-8,0.642066240310669,4.640647688347599e-8,1,1.2476229827029784e-8,-0.642066240310669,2.023114120675018e-8,0.7666491866111755],8,1.3559420108795167],[[599.3406372070313,222.69833374023438,117.82013702392578,0.7666491866111755,-2.568505763633766e-8,0.642066240310669,3.1094650410068428e-8,1,2.875665705559527e-9,-0.642066240310669,1.7760198645078164e-8,0.7666491866111755],8,1.3652925491333008],[[599.493896484375,222.6987762451172,117.69173431396485,0.7666491866111755,1.1550911338531478e-9,0.642066240310669,8.139183549360496e-9,1,-1.1517486520062903e-8,-0.642066240310669,1.4055766328624486e-8,0.7666491866111755],8,1.3756463527679444],[[599.6471557617188,222.6990509033203,117.5633316040039,0.7655242085456848,2.8002640206636898e-8,0.6434071063995361,-1.4776365020452431e-8,1,-2.5941545800378664e-8,-0.6434071063995361,1.0351663526364519e-8,0.7655242085456848],8,1.3865299224853516],[[599.749267578125,222.69918823242188,117.47758483886719,0.76552414894104,4.587505486597365e-8,0.6434071660041809,-3.004523563276962e-8,1,-3.555244987296646e-8,-0.6434071660041809,7.884939812186076e-9,0.76552414894104],8,1.3962185382843018],[[599.90234375,222.6993408203125,117.34890747070313,0.7655242085456848,7.26693585306748e-8,0.6434071063995361,-5.2936314887119809e-8,1,-4.996110547494936e-8,-0.6434071063995361,4.186836211061973e-9,0.7655242085456848],8,1.4069609642028809],[[600.00439453125,222.69940185546876,117.26312255859375,0.76552414894104,9.052268978848588e-8,0.6434071660041809,-6.818888209636498e-8,1,-5.956174931043279e-8,-0.6434071660041809,1.7227431703403795e-9,0.76552414894104],8,1.4186415672302247],[[600.157470703125,222.699462890625,117.13444519042969,0.7655242085456848,1.1728837989721797e-7,0.6434071063995361,-9.105551157517766e-8,1,-7.395501455675913e-8,-0.6434071063995361,-1.971412144641249e-9,0.7655242085456848],8,1.4294190406799317],[[600.310546875,222.6995086669922,117.00576782226563,0.76552414894104,9.013704982407944e-8,0.6434071660041809,-7.119356126850107e-8,1,-5.5387413766538887e-8,-0.6434071660041809,-3.4060416709280618e-9,0.76552414894104],8,1.440136194229126],[[600.41259765625,222.69952392578126,116.91998291015625,0.7655242085456848,7.204582885833588e-8,0.6434071063995361,-5.795932978003293e-8,1,-4.301562839259532e-8,-0.6434071063995361,-4.361939698327433e-9,0.7655242085456848],8,1.4492802619934083],[[600.5146484375,222.69952392578126,116.83419799804688,0.76552414894104,5.396234570298475e-8,0.6434071660041809,-4.473075776445512e-8,1,-3.0649129456605809e-8,-0.6434071660041809,-5.317440265883988e-9,0.76552414894104],8,1.459240198135376],[[600.667724609375,222.69952392578126,116.70552062988281,0.7644017338752747,2.6842259970294436e-8,0.6447402238845825,-2.4930836062253549e-8,1,-1.2074760746827451e-8,-0.6447402238845825,-6.843945410395236e-9,0.7644017338752747],8,1.4708125591278077],[[600.8206176757813,222.69952392578126,116.57662963867188,0.763270378112793,-2.6314123102721967e-10,0.6460792422294617,-5.176175044141473e-9,1,6.522361317706782e-9,-0.6460792422294617,-8.322544431393908e-9,0.763270378112793],8,1.4820826053619385],[[600.9224243164063,222.69952392578126,116.49053192138672,0.7610119581222534,-1.8344769259215356e-8,0.6487378478050232,7.943262936294105e-9,1,1.8959664060957949e-8,-0.6487378478050232,-9.275436418931804e-9,0.7610119581222534],8,1.4941952228546143],[[601.07470703125,222.69952392578126,116.36090087890625,0.7564575672149658,-4.5473598220269199e-8,0.6540427207946777,2.748105565331116e-8,1,3.774271206680169e-8,-0.6540427207946777,-1.0576976627874047e-8,0.7564575672149658],8,1.5055575370788575],[[601.2261962890625,222.69952392578126,116.23030090332031,0.7541681528091431,-7.255733436295486e-8,0.6566813588142395,4.6940620279656289e-8,1,5.6581804130928506e-8,-0.6566813588142395,-1.1847163250422455e-8,0.7541681528091431],8,1.5176432132720948],[[601.3771362304688,222.69952392578126,116.09906768798828,0.7495589852333069,-9.966812086759092e-8,0.6619375348091126,6.625563031548154e-8,1,7.554432102097053e-8,-0.6619375348091126,-1.2767835677607309e-8,0.7495589852333069],8,1.528752088546753],[[601.5272216796875,222.69952392578126,115.96688842773438,0.7472459673881531,-1.0866620669958138e-7,0.6645476222038269,7.320975470292979e-8,1,8.119887695556827e-8,-0.6645476222038269,-1.2024165663149234e-8,0.7472459673881531],8,1.541114330291748],[[601.6767578125,222.69952392578126,115.83409118652344,0.743752658367157,-8.157122977081599e-8,0.6684548854827881,5.57133468248594e-8,1,6.004037089724079e-8,-0.6684548854827881,-7.413329061733975e-9,0.743752658367157],8,1.5536434650421143],[[601.82568359375,222.69952392578126,115.70055389404297,0.7414148449897766,-5.4457512277394929e-8,0.6710469722747803,3.830206551924675e-8,1,3.883452848185698e-8,-0.6710469722747803,-3.0900113578979928e-9,0.7414148449897766],8,1.5659832954406739],[[601.9740600585938,222.69952392578126,115.56645202636719,0.7355278134346008,-2.736071813558283e-8,0.6774945259094238,2.1087636525862764e-8,1,1.7491172954464674e-8,-0.6774945259094238,1.4215140176077057e-9,0.7355278134346008],8,1.578005075454712],[[602.1213989257813,222.69952392578126,115.43120574951172,0.7319680452346802,-2.485731342982689e-10,0.6813389658927918,3.996229125391437e-9,1,-3.928351421933485e-9,-0.6813389658927918,5.598214336544061e-9,0.7319680452346802],8,1.591421127319336],[[602.2191162109375,222.69952392578126,115.34050750732422,0.7271866202354431,1.7850469546942805e-8,0.6864398717880249,-7.291897308192574e-9,1,-1.827967999190605e-8,-0.6864398717880249,8.287289077202331e-9,0.7271866202354431],8,1.6016216278076172],[[602.36474609375,222.69952392578126,115.20343017578125,0.7271866202354431,4.492585503612645e-8,0.6864398121833801,-2.4215049521103539e-8,1,-3.9795178707890957e-8,-0.6864398121833801,1.2316347941521144e-8,0.7271866202354431],8,1.6134033203125],[[602.5101318359375,222.69952392578126,115.06615447998047,0.7271866202354431,7.198389084805967e-8,0.6864398121833801,-4.112735751959917e-8,1,-6.12968875657316e-8,-0.6864398121833801,1.634282398299547e-8,0.7271866202354431],8,1.624330759048462],[[602.6070556640625,222.69952392578126,114.9746322631836,0.7271866202354431,9.001294642985158e-8,0.6864398121833801,-5.239621003738648e-8,1,-7.5623709960837e-8,-0.6864398121833801,1.902570545553317e-8,0.7271866202354431],8,1.634079933166504],[[602.75244140625,222.69952392578126,114.83734893798828,0.7271866202354431,1.1704209867957616e-7,0.6864398121833801,-6.929046492132329e-8,1,-9.710246473559892e-8,-0.6864398121833801,2.3047880048920889e-8,0.7271866202354431],8,1.6452434062957764],[[602.8978271484375,222.69952392578126,114.70006561279297,0.7271866202354431,9.01341081771534e-8,0.6864398121833801,-5.3880874872902498e-8,1,-7.422742243079483e-8,-0.6864398121833801,1.6991210216588116e-8,0.7271866202354431],8,1.6566076278686524],[[603.043212890625,222.69952392578126,114.56278228759766,0.7259832620620728,6.327298507358137e-8,0.6877123713493347,-3.85212253206646e-8,1,-5.1340098394803138e-8,-0.6877123713493347,1.078053024627934e-8,0.7259832620620728],8,1.6702101230621338],[[603.1884155273438,222.69952392578126,114.42528533935547,0.7223740816116333,3.645504165206148e-8,0.6915024518966675,-2.329134041190173e-8,1,-2.838743462518778e-8,-0.6915024518966675,4.400327657805292e-9,0.7223740816116333],8,1.6837337017059327],[[603.3330688476563,222.69952392578126,114.28712463378906,0.7163113951683044,9.635781950123601e-9,0.6977807879447937,-8.271990203922997e-9,1,-5.317517537406502e-9,-0.6977807879447937,-1.963037066232687e-9,0.7163113951683044],8,1.696706771850586],[[603.5720825195313,222.69952392578126,114.05479431152344,0.7027683258056641,-3.512595014854014e-8,0.7114188075065613,1.5995915703115317e-8,1,3.357308742124587e-8,-0.7114188075065613,-1.2214306899238636e-8,0.7027683258056641],8,1.7180795669555665],[[603.713134765625,222.69952392578126,113.91302490234375,0.6990296244621277,-6.199989854849264e-8,0.7150927186012268,3.0421812624581437e-8,1,5.696345084515997e-8,-0.7150927186012268,-1.8064723050770227e-8,0.6990296244621277],8,1.7299463748931885],[[603.8530883789063,222.69952392578126,113.77017211914063,0.6940141320228577,-8.891787217635283e-8,0.7199613451957703,4.46747208115994e-8,1,8.043901544851906e-8,-0.7199613451957703,-2.366174278733979e-8,0.6940141320228577],8,1.7437922954559327],[[604.038330078125,222.69952392578126,113.57838439941406,0.6813302636146545,-1.071885407100126e-7,0.7319761514663696,5.4084235756590718e-8,1,9.609508566654768e-8,-0.7319761514663696,-2.588412151283137e-8,0.6813302636146545],8,1.759608507156372],[[604.175048828125,222.69952392578126,113.43244934082031,0.6592956781387329,-8.120569816583157e-8,0.7518837451934815,4.1545831663825086e-8,1,7.157318293593562e-8,-0.7518837451934815,-1.595025622691537e-8,0.6592956781387329],8,1.7696504592895508],[[604.3077392578125,222.69952392578126,113.28284454345703,0.6433927416801453,-5.483514087245567e-8,0.7655363082885742,2.953182764997564e-8,1,4.6809770282152388e-8,-0.7655363082885742,-7.509378896486396e-9,0.6433927416801453],8,1.7849681377410889],[[604.47998046875,222.69952392578126,113.07927703857422,0.5982193946838379,-1.962061979554619e-8,0.8013323545455933,1.545255656765221e-8,1,1.294918394734168e-8,-0.8013323545455933,4.636180328532191e-9,0.5982193946838379],8,1.8001031875610352],[[604.6412353515625,222.69952392578126,112.86699676513672,0.5349273085594177,1.6318972839712843e-8,0.8448981046676636,4.0244252375032378e-9,1,-2.18626929893162e-8,-0.8448981046676636,1.509518021691747e-8,0.5349273085594177],8,1.815838098526001],[[604.7147827148438,222.69952392578126,112.75586700439453,0.4576393663883209,3.534868753263254e-8,0.8891379237174988,-1.1580186809467819e-10,1,-3.969653405988538e-8,-0.8891379237174988,1.806373184365384e-8,0.4576393663883209],8,1.82725191116333],[[604.8402099609375,222.69952392578126,112.52074432373047,0.41203057765960696,7.169819582486525e-8,0.9111700057983398,-6.575445077316999e-9,1,-7.571463811473223e-8,-0.9111700057983398,2.5205398657135448e-8,0.41203057765960696],8,1.842348575592041],[[605.052490234375,222.69952392578126,112.3772964477539,0.3135111927986145,0.0071784136816859249,0.949557363986969,-0.00015294265176635236,0.9999718070030212,-0.007509037386626005,-0.9495844841003418,0.0022089395206421615,0.3135034441947937],8,1.853309154510498],[[605.2896118164063,222.69952392578126,112.22473907470703,0.21718750894069673,0.00546904606744647,0.9761145710945129,-0.0002855425700545311,0.999984622001648,-0.005539253354072571,-0.9761298298835754,0.0009243343956768513,0.21718573570251466],8,1.8649218082427979],[[605.4525146484375,222.69952392578126,112.11695098876953,0.1700027734041214,0.004229066893458366,0.9854345321655273,-0.0003185917448718101,0.9999909996986389,-0.004236574750393629,-0.9854435324668884,0.0004062781808897853,0.17000257968902589],8,1.8759520053863526],[[605.59375,222.69952392578126,111.92736053466797,0.0704917311668396,0.001732909819111228,0.9975108504295349,-0.0003152824647258967,0.9999984502792358,-0.0017149511259049178,-0.9975123405456543,-0.00019360778969712555,0.07049217075109482],8,1.8874402046203614],[[605.657470703125,222.6990966796875,111.8726806640625,-0.013200097717344761,0.0014694742858409882,0.9999117851257324,-0.0005727268289774656,0.9999987483024597,-0.0014771627029404045,-0.9999127388000488,-0.0005921749980188906,-0.01319923996925354],8,1.8985588550567628],[[605.6943969726563,222.69927978515626,111.80572509765625,-0.049508314579725268,0.0034441454336047174,0.9987677931785584,0.00009673895692685619,0.9999940395355225,-0.0034435789566487076,-0.9987736940383911,-0.00007386600918835029,-0.04950835183262825],8,1.9100666046142579],[[605.6439208984375,222.6994171142578,111.74434661865235,-0.13435234129428864,0.002379488432779908,0.9909307956695557,-0.0010214369976893068,0.9999962449073792,-0.002539745531976223,-0.9909331202507019,-0.0013533940073102713,-0.13434942066669465],8,1.922332525253296],[[605.6276245117188,222.69952392578126,111.72505950927735,-0.20081979036331178,0.0004959056386724114,0.9796280860900879,-0.0006694605690427125,0.9999995827674866,-0.0006434547831304371,-0.9796279668807983,-0.0007850408437661827,-0.20081937313079835],8,1.9380879402160645],[[605.62744140625,222.6995391845703,111.72465515136719,-0.2527388036251068,-0.00010066230606753379,0.9675345420837402,-0.00017710465181153268,1,0.000057776840549195188,-0.9675345420837402,-0.00015675241593271494,-0.2527388036251068],8,1.960498571395874],[[605.6275024414063,222.6995391845703,111.72455596923828,-0.299213171005249,-0.00009303190745413303,0.9541862607002258,0.00005263066850602627,1,0.00011400257790228352,-0.9541862607002258,0.00008433053881162778,-0.299213171005249],8,1.969712734222412],[[605.6275024414063,222.6995391845703,111.72454833984375,-0.32231032848358157,-0.00003753833516384475,0.94663405418396,0.000042811549064936119,1,0.000054231026297202337,-0.94663405418396,0.00005800609142170288,-0.32231032848358157],8,1.9798617362976075],[[605.6275024414063,222.6995391845703,111.72455596923828,-0.34535762667655947,0.000003636353085312294,0.9384711384773254,0.000015782021364429967,1,0.000001933024805111927,-0.9384711384773254,0.000015478555724257604,-0.34535762667655947],8,1.990318775177002],[[605.6275024414063,222.6995391845703,111.72454833984375,-0.39564022421836855,0.000009642135410103947,0.9184055924415588,0.0000010233916327706539,1,-0.00001005791000352474,-0.9184055924415588,-0.000003039425109818694,-0.39564022421836855],8,2.0028443336486818],[[605.6275024414063,222.6995391845703,111.72454833984375,-0.4211502969264984,0.000004520950369624188,0.9069908857345581,-0.000002523597004255862,1,-0.000006156361905595986,-0.9069908857345581,-0.000004