[[[776,222.69961547851563,47,1,0,0,0,1,0,0,0,1],8,0.004433870315551758],[[776,222.69961547851563,47,1,0,0,0,1,0,0,0,1],8,0.01664590835571289],[[776,222.69961547851563,47,1,0,0,0,1,0,0,0,1],8,0.035507917404174808],[[776,222.69961547851563,47,1,0,0,0,1,0,0,0,1],8,0.04302573204040527],[[776,222.69961547851563,47,1,0,0,0,1,0,0,0,1],8,0.04882645606994629],[[776,222.69961547851563,47,1,0,0,0,1,0,0,0,1],8,0.0573573112487793],[[776,222.69961547851563,47,1,0,0,0,1,0,0,0,1],8,0.06652140617370606],[[776,222.69961547851563,47,1,0,0,0,1,0,0,0,1],8,0.07594156265258789],[[776,222.69961547851563,47,1,0,0,0,1,0,0,0,1],8,0.08534049987792969],[[776,222.69961547851563,47,1,0,0,0,1,0,0,0,1],8,0.0938713550567627],[[776,222.69961547851563,47,1,0,0,0,1,0,0,0,1],8,0.1036982536315918],[[776,222.69961547851563,47,1,0,0,0,1,0,0,0,1],8,0.11320853233337403],[[776,222.69961547851563,47,1,0,0,0,1,0,0,0,1],8,0.12287425994873047],[[776,222.69961547851563,47,1,0,0,0,1,0,0,0,1],8,0.1320173740386963],[[776,222.69961547851563,47,1,0,0,0,1,0,0,0,1],8,0.14314651489257813],[[776,222.69961547851563,47,1,0,0,0,1,0,0,0,1],8,0.15244793891906739],[[776,222.69961547851563,47,1,0,0,0,1,0,0,0,1],8,0.16077136993408204],[[776,222.69961547851563,47,1,0,0,0,1,0,0,0,1],8,0.17296242713928224],[[776,222.69961547851563,47,1,0,0,0,1,0,0,0,1],8,0.18059229850769044],[[776,222.69961547851563,47,1,0,0,0,1,0,0,0,1],8,0.19021821022033692],[[776,222.69961547851563,47,1,0,0,0,1,0,0,0,1],8,0.19940423965454102],[[776,222.69961547851563,47,1,0,0,0,1,0,0,0,1],8,0.20900869369506837],[[776,222.69961547851563,47,1,0,0,0,1,0,0,0,1],8,0.21809935569763184],[[776,222.69961547851563,47,1,0,0,0,1,0,0,0,1],8,0.22807049751281739],[[776,222.69961547851563,47,1,0,0,0,1,0,0,0,1],8,0.23577404022216798],[[776,222.69961547851563,47,1,0,0,0,1,0,0,0,1],8,0.24676203727722169],[[776,222.69961547851563,47,1,0,0,0,1,0,0,0,1],8,0.25487709045410159],[[776,222.69961547851563,47,1,0,0,0,1,0,0,0,1],8,0.2700083255767822],[[776,222.69961547851563,47,1,0,0,0,1,0,0,0,1],8,0.2863759994506836],[[776,222.69961547851563,47,1,0,0,0,1,0,0,0,1],8,0.29312682151794436],[[776,222.69961547851563,47,1,0,0,0,1,0,0,0,1],8,0.30240941047668459],[[776,222.69961547851563,47,1,0,0,0,1,0,0,0,1],8,0.3213832378387451],[[776,222.69961547851563,47,1,0,0,0,1,0,0,0,1],8,0.3311889171600342],[[776,222.69961547851563,47,1,0,0,0,1,0,0,0,1],8,0.34052562713623049],[[776,222.69961547851563,47,1,0,0,0,1,0,0,0,1],8,0.3488907814025879],[[776,222.69961547851563,47,1,0,0,0,1,0,0,0,1],8,0.3593440055847168],[[776,222.69961547851563,47,1,0,0,0,1,0,0,0,1],8,0.3723609447479248],[[775.8383178710938,222.69961547851563,47.00169372558594,0.9894250631332398,0,0.14504499733448029,0,1,0,-0.14504499733448029,0,0.9894250631332398],8,0.38658952713012698],[[775.7081298828125,222.69961547851563,47.00271224975586,0.97134929895401,0,0.23765631020069123,0,1,0,-0.23765631020069123,0,0.97134929895401],8,0.40277814865112307],[[775.4419555664063,222.69961547851563,47.004188537597659,0.9124785661697388,0,0.4091244637966156,0,1,0,-0.4091244637966156,0,0.9124785661697388],8,0.4094882011413574],[[775.3086547851563,222.69961547851563,47.00471496582031,0.8755390048027039,0,0.4831475019454956,0,1,0,-0.4831475019454956,0,0.8755390048027039],8,0.41820526123046877],[[775.1753540039063,222.69961547851563,47.0050163269043,0.8364368081092835,0,0.5480633974075317,0,1,0,-0.5480633974075317,0,0.8364368081092835],8,0.42771363258361819],[[775.0420532226563,222.69961547851563,47.00508499145508,0.7960726618766785,0,0.6052010655403137,0,1,0,-0.6052010655403137,0,0.7960726618766785],8,0.43738389015197756],[[774.9087524414063,222.69961547851563,47.004920959472659,0.7552202343940735,0,0.65547114610672,0,1,0,-0.65547114610672,0,0.7552202343940735],8,0.4452626705169678],[[774.7088012695313,222.69961547851563,47.0040168762207,0.6939359307289124,0,0.7200367450714111,0,1,0,-0.7200367450714111,0,0.6939359307289124],8,0.45723986625671389],[[774.5088500976563,222.69961547851563,47.00297927856445,0.6339781880378723,0,0.7733509540557861,0,1,0,-0.7733509540557861,0,0.6339781880378723],8,0.4711005687713623],[[774.3755493164063,222.69961547851563,47.00227737426758,0.5957015156745911,0,0.8032059073448181,0,1,0,-0.8032059073448181,0,0.5957015156745911],8,0.47883033752441409],[[774.1755981445313,222.69961547851563,47.001224517822269,0.5411214828491211,0,0.8409444093704224,0,1,0,-0.8409444093704224,0,0.5411214828491211],8,0.4901585578918457],[[774.0422973632813,222.69961547851563,47.00052261352539,0.5068027377128601,0,0.8620620369911194,0,1,0,-0.8620620369911194,0,0.5068027377128601],8,0.49669718742370608],[[773.9089965820313,222.69961547851563,46.999820709228519,0.4744170606136322,0,0.8803002238273621,0,1,0,-0.8803002238273621,0,0.4744170606136322],8,0.507413387298584],[[773.7756958007813,222.69961547851563,46.99911880493164,0.44381824135780337,0,0.8961168527603149,0,1,0,-0.8961168527603149,0,0.44381824135780337],8,0.5165281295776367],[[773.5757446289063,222.69961547851563,46.99806594848633,0.4007745385169983,0,0.9161767363548279,0,1,0,-0.9161767363548279,0,0.4007745385169983],8,0.5259590148925781],[[773.4424438476563,222.69961547851563,46.99736404418945,0.374111533164978,0,0.9273837208747864,0,1,0,-0.9273837208747864,0,0.374111533164978],8,0.5350284576416016],[[773.3091430664063,222.69961547851563,46.99666213989258,0.34921956062316897,0,0.9370409250259399,0,1,0,-0.9370409250259399,0,0.34921956062316897],8,0.5449318885803223],[[773.1091918945313,222.69961547851563,46.995609283447269,0.3145563304424286,0,0.9492388367652893,0,1,0,-0.9492388367652893,0,0.3145563304424286],8,0.5551316738128662],[[772.9758911132813,222.69961547851563,46.99490737915039,0.29324817657470705,0,0.9560363292694092,0,1,0,-0.9560363292694092,0,0.29324817657470705],8,0.5638325214385986],[[772.8425903320313,222.69961547851563,46.994205474853519,0.27345067262649538,0,0.9618860483169556,0,1,0,-0.9618860483169556,0,0.27345067262649538],8,0.5736353397369385],[[772.7092895507813,222.69961547851563,46.99350357055664,0.2549951374530792,0,0.966942310333252,0,1,0,-0.966942310333252,0,0.2549951374530792],8,0.5823879241943359],[[772.5759887695313,222.69961547851563,46.992977142333987,0.23771263659000398,0,0.9713355302810669,0,1,0,-0.9713355302810669,0,0.23771263659000398],8,0.591214656829834],[[772.3760375976563,222.69961547851563,46.99226760864258,0.21367928385734559,0,0.9769038558006287,0,1,0,-0.9769038558006287,0,0.21367928385734559],8,0.6039350032806397],[[772.2427368164063,222.69961547851563,46.991973876953128,0.19889910519123078,0,0.9800199866294861,0,1,0,-0.9800199866294861,0,0.19889910519123078],8,0.6131856441497803],[[772.0427856445313,222.69961547851563,46.991615295410159,0.17850938439369203,0,0.9839382171630859,0,1,0,-0.9839382171630859,0,0.17850938439369203],8,0.6248650550842285],[[771.9094848632813,222.69961547851563,46.99172592163086,0.16594327986240388,0,0.9861353039741516,0,1,0,-0.9861353039741516,0,0.16594327986240388],8,0.6319143772125244],[[771.7095336914063,222.69961547851563,46.99233627319336,0.14845895767211915,0,0.9889185428619385,0,1,0,-0.9889185428619385,0,0.14845895767211915],8,0.6429557800292969],[[771.6428833007813,222.69961547851563,46.992637634277347,0.14299754798412324,0,0.9897230267524719,0,1,0,-0.9897230267524719,0,0.14299754798412324],8,0.6511330604553223],[[771.4429321289063,222.69961547851563,46.99394226074219,0.127532958984375,0,0.9918343424797058,0,1,0,-0.9918343424797058,0,0.127532958984375],8,0.661212682723999],[[771.2429809570313,222.69961547851563,46.99589920043945,0.11324377357959748,0,0.9935672283172607,0,1,0,-0.9935672283172607,0,0.11324377357959748],8,0.673102617263794],[[771.1096801757813,222.69961547851563,46.99763488769531,0.10437646508216858,0,0.9945378303527832,0,1,0,-0.9945378303527832,0,0.10437646508216858],8,0.6813907623291016],[[770.9763793945313,222.69961547851563,46.99982452392578,0.09597548842430115,0,0.9953836798667908,0,1,0,-0.9953836798667908,0,0.09597548842430115],8,0.6914758682250977],[[770.7764282226563,222.69961547851563,47.00358200073242,0.08411724120378494,0,0.9964558482170105,0,1,0,-0.9964558482170105,0,0.08411724120378494],8,0.7010068893432617],[[770.6431274414063,222.69961547851563,47.00631332397461,0.07675878703594208,0,0.9970496892929077,0,1,0,-0.9970496892929077,0,0.07675878703594208],8,0.710045337677002],[[770.5098266601563,222.69961547851563,47.00944519042969,0.0697818174958229,0,0.9975622892379761,0,1,0,-0.9975622892379761,0,0.0697818174958229],8,0.7219254970550537],[[770.3765258789063,222.6894073486328,47.01268768310547,0.06296406686306,0,0.998015820980072,0,1,0,-0.998015820980072,0,0.06296406686306],8,0.728074312210083],[[770.1765747070313,222.64854431152345,47.017574310302737,0.05282314866781235,0,0.998603880405426,0,1,0,-0.998603880405426,0,0.05282314866781235],8,0.7377641201019287],[[770.0432739257813,222.60427856445313,47.02083206176758,0.04607688635587692,0,0.9989379048347473,0,1,0,-0.9989379048347473,0,0.04607688635587692],8,0.747035026550293],[[769.8433227539063,223.2633819580078,47.025718688964847,0.035960208624601367,0,0.9993532299995422,0,1,0,-0.9993532299995422,0,0.035960208624601367],3,0.7613615989685059],[[769.6433715820313,223.89523315429688,47.031742095947269,0.02796141430735588,0,0.9996089935302734,0,1,0,-0.9996089935302734,0,0.02796141430735588],5,0.7814810276031494],[[769.4434204101563,224.4964141845703,47.03801345825195,0.02147609181702137,0,0.999769389629364,0,1,0,-0.999769389629364,0,0.02147609181702137],5,0.7865736484527588],[[769.3101196289063,224.8801727294922,47.04220199584961,0.01766156032681465,0,0.9998440146446228,0,1,0,-0.9998440146446228,0,0.01766156032681465],5,0.7942507266998291],[[769.1768188476563,225.25030517578126,47.046390533447269,0.014174537733197213,0,0.9998995065689087,0,1,0,-0.9998995065689087,0,0.014174537733197213],5,0.802661657333374],[[768.9768676757813,225.77996826171876,47.05267333984375,0.009396405890583992,0,0.9999558329582214,0,1,0,-0.9999558329582214,0,0.009396405890583992],5,0.8123807907104492],[[768.7102661132813,226.43849182128907,47.06105041503906,0.003709654323756695,0,0.9999931454658508,0,1,0,-0.9999931454658508,0,0.003709654323756695],5,0.829888105392456],[[768.6436157226563,226.5946044921875,47.06314468383789,0.0024148072116076948,0,0.999997079372406,0,1,0,-0.999997079372406,0,0.0024148072116076948],5,0.8359017372131348],[[768.5103149414063,226.89662170410157,47.06733322143555,0.000004904327397525776,0,1,0,1,0,-1,0,0.000004904327397525776],5,0.8446130752563477],[[768.3770141601563,227.18499755859376,47.0715217590332,-0.0022168171126395466,0,0.9999975562095642,0,1,0,-0.9999975562095642,0,-0.0022168171126395466],5,0.8534913063049316],[[768.1770629882813,227.59202575683595,47.07780456542969,-0.0052727945148944859,0,0.9999861121177673,0,1,0,-0.9999861121177673,0,-0.0052727945148944859],5,0.8638706207275391],[[768.0437622070313,227.84634399414063,47.081993103027347,-0.007132352329790592,0,0.9999745488166809,0,1,0,-0.9999745488166809,0,-0.007132352329790592],5,0.8733816146850586],[[767.9104614257813,228.08705139160157,47.086181640625,-0.00884857214987278,0,0.9999608397483826,0,1,0,-0.9999608397483826,0,-0.00884857214987278],5,0.8847274780273438],[[767.7771606445313,228.31411743164063,47.090370178222659,-0.010439405217766762,0,0.9999455213546753,0,1,0,-0.9999455213546753,0,-0.010439405217766762],5,0.8908655643463135],[[767.5772094726563,228.62918090820313,47.09665298461914,-0.012632953003048897,0,0.9999201893806458,0,1,0,-0.9999201893806458,0,-0.012632953003048897],5,0.9054818153381348],[[767.3772583007813,228.91358947753907,47.102935791015628,-0.014613150618970395,0,0.9998932480812073,0,1,0,-0.9998932480812073,0,-0.014613150618970395],5,0.9258701801300049],[[767.1106567382813,229.24510192871095,47.11131286621094,-0.016958756372332574,0,0.999856173992157,0,1,0,-0.999856173992157,0,-0.016958756372332574],5,0.931128978729248],[[766.9773559570313,229.3904266357422,47.11446762084961,-0.017628563567996026,0,0.9998446106910706,0,1,0,-0.9998446106910706,0,-0.017628563567996026],5,0.9394457340240479],[[766.8440551757813,229.52212524414063,47.11662292480469,-0.017757495865225793,0,0.9998423457145691,0,1,0,-0.9998423457145691,0,-0.017757495865225793],5,0.9497244358062744],[[766.6441040039063,229.69412231445313,47.11663055419922,-0.016444731503725053,0,0.9998647570610046,0,1,0,-0.9998647570610046,0,-0.016444731503725053],5,0.9601705074310303],[[766.5108032226563,229.79176330566407,47.115333557128909,-0.014894894324243069,0,0.999889075756073,0,1,0,-0.999889075756073,0,-0.014894894324243069],5,0.967810869216919],[[766.3775024414063,229.87576293945313,47.112884521484378,-0.012849296443164349,0,0.9999174475669861,0,1,0,-0.9999174475669861,0,-0.012849296443164349],5,0.9778034687042236],[[766.1775512695313,229.9762420654297,47.107330322265628,-0.008988850750029087,0,0.9999595880508423,0,1,0,-0.9999595880508423,0,-0.008988850750029087],5,0.9890069961547852],[[766.0442504882813,230.02618408203126,47.10252380371094,-0.006043114233762026,0,0.9999817609786987,0,1,0,-0.9999817609786987,0,-0.006043114233762026],5,0.9980874061584473],[[765.9110717773438,230.06251525878907,47.09589385986328,-0.0024979072622954847,0,0.9999969005584717,0,1,0,-0.9999969005584717,0,-0.0024979072622954847],5,1.0083177089691163],[[765.7778930664063,230.085205078125,47.08876037597656,0.0012274254113435746,0,0.9999992251396179,0,1,0,-0.9999992251396179,0,0.0012274254113435746],5,1.015223503112793],[[765.5783081054688,230.0937042236328,47.075687408447269,0.007510342635214329,0,0.9999718070030212,0,1,0,-0.9999718070030212,0,0.007510342635214329],5,1.025768518447876],[[765.4453735351563,230.08233642578126,47.065948486328128,0.011927081272006035,0,0.999928891658783,0,1,0,-0.999928891658783,0,0.011927081272006035],5,1.0370328426361085],[[765.3124389648438,230.05735778808595,47.05546569824219,0.01643083617091179,0,0.9998649954795837,0,1,0,-0.9998649954795837,0,0.01643083617091179],5,1.048764944076538],[[765.1132202148438,229.99432373046876,47.03775405883789,0.023619581013917924,0,0.9997209906578064,0,1,0,-0.9997209906578064,0,0.023619581013917924],5,1.0695452690124512],[[764.781494140625,229.82115173339845,47.006011962890628,0.035710956901311877,0,0.9993621706962586,0,1,0,-0.9993621706962586,0,0.035710956901311877],5,1.075345754623413],[[764.7152099609375,229.7762908935547,46.99911117553711,0.038125697523355487,0,0.9992729425430298,0,1,0,-0.9992729425430298,0,0.038125697523355487],5,1.0841681957244874],[[764.5827026367188,229.67636108398438,46.98434066772461,0.04305748641490936,0,0.9990726113319397,0,1,0,-0.9990726113319397,0,0.04305748641490936],5,1.0908958911895753],[[764.3841552734375,229.5009307861328,46.96060562133789,0.05067724734544754,0,0.9987151026725769,0,1,0,-0.9987151026725769,0,0.05067724734544754],5,1.1022555828094483],[[764.2518310546875,229.366943359375,46.943904876708987,0.05578932166099548,0,0.9984425902366638,0,1,0,-0.9984425902366638,0,0.05578932166099548],5,1.1095800399780274],[[764.0535888671875,229.14041137695313,46.917388916015628,0.06356984376907349,0,0.9979773759841919,0,1,0,-0.9979773759841919,0,0.06356984376907349],5,1.1217966079711915],[[763.921630859375,228.9723663330078,46.8983268737793,0.06894814223051071,0,0.9976202249526978,0,1,0,-0.9976202249526978,0,0.06894814223051071],5,1.1293926239013672],[[763.789794921875,228.79067993164063,46.878211975097659,0.07447872310876847,0,0.9972226023674011,0,1,0,-0.9972226023674011,0,0.07447872310876847],5,1.140019178390503],[[763.5923461914063,228.49261474609376,46.846519470214847,0.08296770602464676,0,0.9965522289276123,0,1,0,-0.9965522289276123,0,0.08296770602464676],5,1.1510777473449708],[[763.4609375,228.27687072753907,46.82383728027344,0.08886633813381195,0,0.9960435628890991,0,1,0,-0.9960435628890991,0,0.08886633813381195],5,1.1587817668914796],[[763.2642211914063,227.92771911621095,46.78776550292969,0.09808189421892166,0,0.9951783418655396,0,1,0,-0.9951783418655396,0,0.09808189421892166],5,1.171807050704956],[[763.13330078125,227.67791748046876,46.762451171875,0.10435523837804795,0,0.9945400953292847,0,1,0,-0.9945400953292847,0,0.10435523837804795],5,1.1790027618408204],[[763.0027465820313,227.41448974609376,46.73545837402344,0.11094196140766144,0,0.9938268661499023,0,1,0,-0.9938268661499023,0,0.11094196140766144],5,1.1892037391662598],[[762.8075561523438,226.99380493164063,46.691776275634769,0.12165708839893341,0,0.9925721883773804,0,1,0,-0.9925721883773804,0,0.12165708839893341],5,1.1995277404785157],[[762.6785888671875,226.69630432128907,46.65788650512695,0.13024753332138062,0,0.9914814829826355,0,1,0,-0.9914814829826355,0,0.13024753332138062],5,1.2110073566436768],[[762.5508422851563,226.38519287109376,46.619850158691409,0.1403190940618515,0,0.9901063442230225,0,1,0,-0.9901063442230225,0,0.1403190940618515],5,1.2213399410247803],[[762.3613891601563,225.89297485351563,46.556068420410159,0.15793177485466004,0,0.9874500036239624,0,1,0,-0.9874500036239624,0,0.15793177485466004],5,1.229987382888794],[[762.2376708984375,225.5478057861328,46.506568908691409,0.17243333160877229,0,0.98502117395401,0,1,0,-0.98502117395401,0,0.17243333160877229],5,1.2392957210540772],[[762.115234375,225.18899536132813,46.453880310058597,0.18772770464420319,0,0.9822211265563965,0,1,0,-0.9822211265563965,0,0.18772770464420319],5,1.2479548454284669],[[761.9949340820313,224.8165740966797,46.396514892578128,0.2042517513036728,0,0.9789183735847473,0,1,0,-0.9789183735847473,0,0.2042517513036728],5,1.257850170135498],[[761.8785400390625,224.43051147460938,46.33192443847656,0.2244144082069397,0,0.9744938015937805,0,1,0,-0.9744938015937805,0,0.2244144082069397],5,1.2664589881896973],[[761.7123413085938,223.82589721679688,46.22119140625,0.25956106185913088,0,0.9657266736030579,0,1,0,-0.9657266736030579,0,0.25956106185913088],5,1.2777833938598633],[[761.6061401367188,223.40577697753907,46.14065170288086,0.2844754159450531,0,0.9586833119392395,0,1,0,-0.9586833119392395,0,0.2844754159450531],7,1.2879254817962647],[[761.504150390625,222.9720458984375,46.05486297607422,0.3105711340904236,0,0.9505501389503479,0,1,0,-0.9505501389503479,0,0.3105711340904236],7,1.2968871593475342],[[761.40966796875,222.6402130126953,45.960975646972659,0.33934757113456728,0,0.9406610727310181,0,1,0,-0.9406610727310181,0,0.33934757113456728],7,1.3061232566833497],[[761.2764892578125,222.60757446289063,45.811920166015628,0.3851059675216675,0,0.9228723645210266,0,1,0,-0.9228723645210266,0,0.3851059675216675],7,1.3152530193328858],[[761.10791015625,222.7264862060547,45.60536193847656,0.4454091191291809,0,0.8953271508216858,0,1,0,-0.8953271508216858,0,0.4454091191291809],8,1.333644151687622],[[761.0314331054688,222.7798309326172,45.496238708496097,0.4756019115447998,0,0.8796606063842773,0,1,0,-0.8796606063842773,0,0.4756019115447998],8,1.341374397277832],[[760.920166015625,222.83970642089845,45.33005142211914,0.5187264084815979,0,0.8549402952194214,0,1,0,-0.8549402952194214,0,0.5187264084815979],8,1.3512060642242432],[[760.849609375,222.8679962158203,45.21694564819336,0.5460788607597351,0,0.8377337455749512,0,1,0,-0.8377337455749512,0,0.5460788607597351],8,1.3606688976287842],[[760.7814331054688,222.88917541503907,45.10239028930664,0.5721293091773987,0,0.8201634287834168,0,1,0,-0.8201634287834168,0,0.5721293091773987],8,1.3721873760223389],[[760.6819458007813,222.9112091064453,44.92890167236328,0.6087000370025635,0,0.7934004664421082,0,1,0,-0.7934004664421082,0,0.6087000370025635],8,1.3799102306365967],[[760.6494750976563,222.91661071777345,44.87069320678711,0.6201074123382568,0,0.7845169305801392,0,1,0,-0.7845169305801392,0,0.6201074123382568],8,1.3884344100952149],[[760.5545043945313,222.92868041992188,44.69467544555664,0.6524341106414795,0,0.7578454613685608,0,1,0,-0.7578454613685608,0,0.6524341106414795],8,1.3979628086090088],[[760.4937133789063,222.9341583251953,44.57601547241211,0.6725635528564453,0,0.7400393486022949,0,1,0,-0.7400393486022949,0,0.6725635528564453],8,1.4053969383239747],[[760.4345092773438,222.93821716308595,44.456546783447269,0.6914588212966919,0,0.7224158644676209,0,1,0,-0.7224158644676209,0,0.6914588212966919],8,1.4175169467926026],[[760.3477783203125,222.9423828125,44.276309967041019,0.7177075147628784,0,0.6963446736335754,0,1,0,-0.6963446736335754,0,0.7177075147628784],8,1.4261889457702637],[[760.291015625,222.94427490234376,44.15565490722656,0.7336745858192444,0,0.6795009970664978,0,1,0,-0.6795009970664978,0,0.7336745858192444],8,1.4347820281982422],[[760.2349853515625,222.94566345214845,44.034664154052737,0.7483761310577393,0,0.6632745862007141,0,1,0,-0.6632745862007141,0,0.7483761310577393],8,1.4437994956970215],[[760.1795043945313,222.9467010498047,43.91344451904297,0.7619084119796753,0,0.6476847529411316,0,1,0,-0.6476847529411316,0,0.7619084119796753],8,1.4514305591583253],[[760.1240844726563,222.9474639892578,43.792171478271487,0.7742838263511658,0,0.6328384876251221,0,1,0,-0.6328384876251221,0,0.7742838263511658],8,1.4608800411224366],[[760.0409545898438,222.94825744628907,43.61024856567383,0.7909458875656128,0,0.6118861436843872,0,1,0,-0.6118861436843872,0,0.7909458875656128],8,1.4753365516662598],[[759.9578247070313,222.94876098632813,43.428321838378909,0.8055252432823181,0,0.5925614833831787,0,1,0,-0.5925614833831787,0,0.8055252432823181],8,1.4841556549072266],[[759.9024047851563,222.94898986816407,43.307037353515628,0.8141231536865234,0,0.5806922316551209,0,1,0,-0.5806922316551209,0,0.8141231536865234],8,1.4929664134979249],[[759.8472900390625,222.94915771484376,43.18561553955078,0.8219638466835022,0,0.5695397257804871,0,1,0,-0.5695397257804871,0,0.8219638466835022],8,1.5014395713806153],[[759.79296875,222.94927978515626,43.063865661621097,0.8292737603187561,0,0.5588425993919373,0,1,0,-0.5588425993919373,0,0.8292737603187561],8,1.5094945430755616],[[759.7388305664063,222.94937133789063,42.94202423095703,0.8360339403152466,0,0.5486777424812317,0,1,0,-0.5486777424812317,0,0.8360339403152466],8,1.5192375183105469],[[759.6599731445313,222.949462890625,42.75822448730469,0.8457416296005249,0,0.5335926413536072,0,1,0,-0.5335926413536072,0,0.8457416296005249],8,1.530179500579834],[[759.6342163085938,222.94947814941407,42.696746826171878,0.8488381505012512,0,0.5286527872085571,0,1,0,-0.5286527872085571,0,0.8488381505012512],8,1.5380048751831055],[[759.5589599609375,222.94952392578126,42.51144027709961,0.8579217791557312,0,0.5137802958488464,0,1,0,-0.5137802958488464,0,0.8579217791557312],8,1.548506498336792],[[759.5098876953125,222.94955444335938,42.38745880126953,0.8636661171913147,0,0.5040643215179443,0,1,0,-0.5040643215179443,0,0.8636661171913147],8,1.5559301376342774],[[759.4617919921875,222.94956970214845,42.26312255859375,0.8691349029541016,0,0.49457505345344546,0,1,0,-0.49457505345344546,0,0.8691349029541016],8,1.5669188499450684],[[759.41455078125,222.94956970214845,42.138450622558597,0.8743584156036377,0,0.48528069257736208,0,1,0,-0.48528069257736208,0,0.8743584156036377],8,1.5742299556732178],[[759.3674926757813,222.94956970214845,42.013694763183597,0.8792380690574646,0,0.47638267278671267,0,1,0,-0.47638267278671267,0,0.8792380690574646],8,1.583254098892212],[[759.3204956054688,222.94956970214845,41.88892364501953,0.8837348222732544,0,0.4679880142211914,0,1,0,-0.4679880142211914,0,0.8837348222732544],8,1.5918192863464356],[[759.2734985351563,222.94956970214845,41.76415252685547,0.8878588080406189,0,0.46011602878570559,0,1,0,-0.46011602878570559,0,0.8878588080406189],8,1.600484848022461],[[759.2030029296875,222.94956970214845,41.576995849609378,0.8934467434883118,0,0.4491691589355469,0,1,0,-0.4491691589355469,0,0.8934467434883118],8,1.6103980541229249],[[759.156005859375,222.94956970214845,41.45222473144531,0.8967873454093933,0,0.44246184825897219,0,1,0,-0.44246184825897219,0,0.8967873454093933],8,1.6211326122283936],[[759.1090087890625,222.94956970214845,41.32745361328125,0.8998273611068726,0,0.4362460970878601,0,1,0,-0.4362460970878601,0,0.8998273611068726],8,1.6286518573760987],[[759.06201171875,222.94956970214845,41.20268249511719,0.9026075005531311,0,0.430464506149292,0,1,0,-0.430464506149292,0,0.9026075005531311],8,1.637282133102417],[[758.9915161132813,222.94956970214845,41.015525817871097,0.9063804149627686,0,0.422462522983551,0,1,0,-0.422462522983551,0,0.9063804149627686],8,1.6482672691345215],[[758.9445190429688,222.94956970214845,40.89075469970703,0.9086435437202454,0,0.41757264733314516,0,1,0,-0.41757264733314516,0,0.9086435437202454],8,1.6553361415863038],[[758.8975219726563,222.94956970214845,40.76598358154297,0.9107093811035156,0,0.41304776072502139,0,1,0,-0.41304776072502139,0,0.9107093811035156],8,1.6678540706634522],[[758.8270263671875,222.9291534423828,40.578826904296878,0.913642406463623,0,0.406518816947937,0,1,0,-0.406518816947937,0,0.913642406463623],8,1.6779186725616456],[[758.780029296875,222.89849853515626,40.45405578613281,0.9155483841896057,0,0.4022078216075897,0,1,0,-0.4022078216075897,0,0.9155483841896057],8,1.6839957237243653],[[758.733154296875,222.89138793945313,40.3292236328125,0.9172133803367615,0,0.3983963131904602,0,1,0,-0.3983963131904602,0,0.9172133803367615],8,1.6941335201263428],[[758.6626586914063,222.90353393554688,40.14204788208008,0.9193347096443176,0,0.3934763967990875,0,1,0,-0.3934763967990875,0,0.9193347096443176],8,1.7076196670532227],[[758.6151733398438,222.91357421875,40.017459869384769,0.9205041527748108,0,0.39073270559310915,0,1,0,-0.39073270559310915,0,0.9205041527748108],8,1.7157745361328126],[[758.5420532226563,222.9258575439453,39.83127975463867,0.921751081943512,0,0.38778209686279299,0,1,0,-0.38778209686279299,0,0.921751081943512],8,1.7252919673919678],[[758.49072265625,222.931884765625,39.7082405090332,0.9220399856567383,0,0.3870946168899536,0,1,0,-0.3870946168899536,0,0.9220399856567383],8,1.7378230094909669],[[758.4102172851563,222.9382781982422,39.52516555786133,0.9216475486755371,0,0.3880280554294586,0,1,0,-0.3880280554294586,0,0.9216475486755371],8,1.7468056678771973],[[758.3545532226563,222.9412384033203,39.40401077270508,0.9209532141685486,0,0.389673113822937,0,1,0,-0.389673113822937,0,0.9209532141685486],8,1.7561454772949219],[[758.296875,222.94342041015626,39.28382110595703,0.9198611378669739,0,0.3922441601753235,0,1,0,-0.3922441601753235,0,0.9198611378669739],8,1.7646095752716065],[[758.237060546875,222.94503784179688,39.16465759277344,0.9183681011199951,0,0.3957272469997406,0,1,0,-0.3957272469997406,0,0.9183681011199951],8,1.774324893951416],[[758.1439819335938,222.9467010498047,38.987632751464847,0.9154572486877441,0,0.4024152159690857,0,1,0,-0.4024152159690857,0,0.9154572486877441],8,1.7857599258422852],[[758.0776977539063,222.9474639892578,38.871944427490237,0.9127940535545349,0,0.4084200859069824,0,1,0,-0.4084200859069824,0,0.9127940535545349],8,1.7936971187591553],[[758.0083618164063,222.94802856445313,38.758056640625,0.9095091223716736,0,0.41568392515182497,0,1,0,-0.41568392515182497,0,0.9095091223716736],8,1.8025527000427247],[[757.936279296875,222.94845581054688,38.645904541015628,0.9056586027145386,0,0.42400768399238589,0,1,0,-0.42400768399238589,0,0.9056586027145386],8,1.8109943866729737],[[757.861328125,222.94876098632813,38.535648345947269,0.9012330770492554,0,0.4333346486091614,0,1,0,-0.4333346486091614,0,0.9012330770492554],8,1.8212063312530518],[[757.705322265625,222.94915771484376,38.31941604614258,0.8909435868263245,0,0.45411404967308047,0,1,0,-0.45411404967308047,0,0.8909435868263245],8,1.8385241031646729],[[757.6214599609375,222.94927978515626,38.21587371826172,0.884657084941864,0,0.466242253780365,0,1,0,-0.466242253780365,0,0.884657084941864],8,1.8473026752471924],[[757.4904174804688,222.94940185546876,38.06477737426758,0.8738964796066284,0,0.486112117767334,0,1,0,-0.486112117767334,0,0.8738964796066284],8,1.8575546741485596],[[757.4025268554688,222.949462890625,37.96451187133789,0.8666530847549439,0,0.4989112317562103,0,1,0,-0.4989112317562103,0,0.8666530847549439],8,1.8667323589324952],[[757.26708984375,222.9495086669922,37.817386627197269,0.8552597165107727,0,0.518199622631073,0,1,0,-0.518199622631073,0,0.8552597165107727],8,1.877150535583496],[[757.175537109375,222.9495391845703,37.72048568725586,0.8475631475448608,0,0.5306946039199829,0,1,0,-0.5306946039199829,0,0.8475631475448608],8,1.8879380226135255],[[757.0824584960938,222.94956970214845,37.625030517578128,0.8397415280342102,0,0.5429863333702087,0,1,0,-0.5429863333702087,0,0.8397415280342102],8,1.8948602676391602],[[756.9889526367188,222.9495849609375,37.52996826171875,0.8320392370223999,0,0.5547168254852295,0,1,0,-0.5547168254852295,0,0.8320392370223999],8,1.9059932231903077],[[756.8468017578125,222.9495849609375,37.38926315307617,0.8204015493392944,0,0.5717877745628357,0,1,0,-0.5717877745628357,0,0.8204015493392944],8,1.916987657546997],[[756.751220703125,222.9495849609375,37.29634475708008,0.8127344250679016,0,0.5826343297958374,0,1,0,-0.5826343297958374,0,0.8127344250679016],8,1.9250011444091797],[[756.6065063476563,222.9495849609375,37.15830993652344,0.8013875484466553,0,0.5981454849243164,0,1,0,-0.5981454849243164,0,0.8013875484466553],8,1.9359891414642335],[[756.4594116210938,222.9495849609375,37.02280807495117,0.7899072170257568,0,0.6132263541221619,0,1,0,-0.6132263541221619,0,0.7899072170257568],8,1.9473557472229005],[[756.3604125976563,222.9495849609375,36.93345260620117,0.7823448777198792,0,0.622845470905304,0,1,0,-0.622845470905304,0,0.7823448777198792],8,1.957099437713623],[[756.2117309570313,223.6086883544922,36.799591064453128,0.7708689570426941,0,0.6369937658309937,0,1,0,-0.6369937658309937,0,0.7708689570426941],3,1.9708406925201417],[[756.0601806640625,224.24053955078126,36.669090270996097,0.7594544887542725,0,0.6505604386329651,0,1,0,-0.6505604386329651,0,0.7594544887542725],5,1.9901747703552247],[[755.8556518554688,225.03530883789063,36.49791717529297,0.7445254325866699,0,0.6675941348075867,0,1,0,-0.6675941348075867,0,0.7445254325866699],5,1.9961557388305665],[[755.7510375976563,225.41224670410157,36.41533279418945,0.7366780042648315,0,0.6762436628341675,0,1,0,-0.6762436628341675,0,0.7366780042648315],5,2.0076940059661867],[[755.6446533203125,225.77557373046876,36.33497619628906,0.7284069657325745,0,0.6851447224617004,0,1,0,-0.6851447224617004,0,0.7284069657325745],5,2.0160634517669679],[[755.4827270507813,226.29501342773438,36.21755599975586,0.7153282165527344,0,0.698788583278656,0,1,0,-0.698788583278656,0,0.7153282165527344],5,2.0258829593658449],[[755.3734130859375,226.62428283691407,36.14121627807617,0.7063419222831726,0,0.7078707814216614,0,1,0,-0.7078707814216614,0,0.7063419222831726],5,2.0350000858306886],[[755.2627563476563,226.93991088867188,36.06679916381836,0.6970897316932678,0,0.7169839143753052,0,1,0,-0.7169839143753052,0,0.6970897316932678],5,2.045506715774536],[[755.1507568359375,227.24192810058595,35.99447250366211,0.6874783039093018,0,0.7262049317359924,0,1,0,-0.7262049317359924,0,0.6874783039093018],5,2.054668426513672],[[754.9791870117188,227.6693878173828,35.89166259765625,0.6716319918632507,0,0.7408849000930786,0,1,0,-0.7408849000930786,0,0.6716319918632507],5,2.0651636123657228],[[754.8056640625,228.06619262695313,35.79221725463867,0.6551991105079651,0,0.7554562091827393,0,1,0,-0.7554562091827393,0,0.6551991105079651],5,2.0763468742370607],[[754.68896484375,228.31370544433595,35.727638244628909,0.6442543268203735,0,0.7648113369941711,0,1,0,-0.7648113369941711,0,0.6442543268203735],5,2.0858383178710939],[[754.5713500976563,228.54759216308595,35.664859771728519,0.6332405805587769,0,0.7739549875259399,0,1,0,-0.7739549875259399,0,0.6332405805587769],5,2.0956218242645265],[[754.392333984375,228.8728790283203,35.575714111328128,0.6157421469688416,0,0.7879477143287659,0,1,0,-0.7879477143287659,0,0.6157421469688416],5,2.106625556945801],[[754.2119140625,229.16749572753907,35.489383697509769,0.5980830192565918,0,0.8014341592788696,0,1,0,-0.8014341592788696,0,0.5980830192565918],5,2.1175496578216554],[[754.0910034179688,229.3468780517578,35.43321990966797,0.5865455865859985,0,0.8099161982536316,0,1,0,-0.8099161982536316,0,0.5865455865859985],5,2.1265950202941896],[[753.969482421875,229.51263427734376,35.37834930419922,0.5751900672912598,0,0.8180198073387146,0,1,0,-0.8180198073387146,0,0.5751900672912598],5,2.1349523067474367],[[753.84716796875,229.66477966308595,35.32539367675781,0.5637478828430176,0,0.8259469270706177,0,1,0,-0.8259469270706177,0,0.5637478828430176],5,2.14260196685791],[[753.662841796875,229.867431640625,35.24781036376953,0.5467188954353333,0,0.8373162150382996,0,1,0,-0.8373162150382996,0,0.5467188954353333],5,2.1553597450256349],[[753.6012573242188,229.9281768798828,35.222320556640628,0.5411968231201172,0,0.84089595079422,0,1,0,-0.84089595079422,0,0.5411968231201172],5,2.1639609336853029],[[753.416015625,230.08995056152345,35.147056579589847,0.5250222682952881,0,0.8510885238647461,0,1,0,-0.8510885238647461,0,0.5250222682952881],5,2.174560070037842],[[753.292236328125,230.18077087402345,35.0975341796875,0.5147200226783752,0,0.8573583364486694,0,1,0,-0.8573583364486694,0,0.5147200226783752],5,2.1821837425231935],[[753.1058959960938,230.2914581298828,35.02481460571289,0.4997662901878357,0,0.8661602735519409,0,1,0,-0.8661602735519409,0,0.4997662901878357],5,2.1958155632019045],[[752.919189453125,230.37149047851563,34.95320129394531,0.4855533540248871,0,0.8742070198059082,0,1,0,-0.8742070198059082,0,0.4855533540248871],5,2.216309070587158],[[752.669677734375,230.43051147460938,34.859092712402347,0.46781453490257265,0,0.8838266730308533,0,1,0,-0.8838266730308533,0,0.46781453490257265],5,2.223071813583374],[[752.6071166992188,230.43675231933595,34.83609390258789,0.463546484708786,0,0.8860726356506348,0,1,0,-0.8860726356506348,0,0.463546484708786],5,2.2293524742126467],[[752.4818115234375,230.4390106201172,34.790523529052737,0.4553101658821106,0,0.8903328776359558,0,1,0,-0.8903328776359558,0,0.4553101658821106],5,2.239280939102173],[[752.2937622070313,230.41685485839845,34.72236633300781,0.4437142014503479,0,0.8961683511734009,0,1,0,-0.8961683511734009,0,0.4437142014503479],5,2.246044635772705],[[752.2310791015625,230.4026641845703,34.69965362548828,0.4400930106639862,0,0.8979521989822388,0,1,0,-0.8979521989822388,0,0.4400930106639862],5,2.2547826766967775],[[752.0430297851563,230.33963012695313,34.63151550292969,0.4299262762069702,0,0.9028639793395996,0,1,0,-0.9028639793395996,0,0.4299262762069702],5,2.265964984893799],[[751.9176635742188,230.28057861328126,34.586090087890628,0.4237079322338104,0,0.9057988524436951,0,1,0,-0.9057988524436951,0,0.4237079322338104],5,2.2735536098480226],[[751.85498046875,230.24594116210938,34.563377380371097,0.42078837752342226,0,0.9071588516235352,0,1,0,-0.9071588516235352,0,0.42078837752342226],5,2.279971122741699],[[751.6669311523438,230.12159729003907,34.4952392578125,0.4125728905200958,0,0.9109246134757996,0,1,0,-0.9109246134757996,0,0.4125728905200958],5,2.2921528816223146],[[751.5415649414063,230.02166748046876,34.44981384277344,0.4075447618961334,0,0.9131852388381958,0,1,0,-0.9131852388381958,0,0.4075447618961334],5,2.2987899780273439],[[751.4161987304688,229.9081268310547,34.404388427734378,0.4028899669647217,0,0.915248453617096,0,1,0,-0.915248453617096,0,0.4028899669647217],5,2.3072352409362795],[[751.2908325195313,229.78094482421876,34.35896301269531,0.3985646665096283,0,0.9171402454376221,0,1,0,-0.9171402454376221,0,0.3985646665096283],5,2.318264961242676],[[751.102783203125,229.56463623046876,34.29082489013672,0.39258524775505068,0,0.9197156429290772,0,1,0,-0.9197156429290772,0,0.39258524775505068],5,2.3270747661590578],[[750.85205078125,229.22853088378907,34.199974060058597,0.3854290544986725,0,0.9227374792098999,0,1,0,-0.9227374792098999,0,0.3854290544986725],5,2.345339775085449],[[750.7266845703125,229.0400390625,34.15454864501953,0.3822258412837982,0,0.9240689277648926,0,1,0,-0.9240689277648926,0,0.3822258412837982],5,2.3548145294189455],[[750.601318359375,228.83792114257813,34.10912322998047,0.3792964518070221,0,0.9252752065658569,0,1,0,-0.9252752065658569,0,0.3792964518070221],5,2.361011505126953],[[750.4759521484375,228.62217712402345,34.063697814941409,0.3765893876552582,0,0.9263802766799927,0,1,0,-0.9263802766799927,0,0.3765893876552582],5,2.371145248413086],[[750.3505859375,228.392822265625,34.018272399902347,0.374077171087265,0,0.927397608757019,0,1,0,-0.927397608757019,0,0.374077171087265],5,2.3809351921081545],[[750.1625366210938,228.02322387695313,33.95013427734375,0.37060853838920596,0,0.9287891387939453,0,1,0,-0.9287891387939453,0,0.37060853838920596],5,2.3918185234069826],[[750.0371704101563,227.75979614257813,33.90470886230469,0.36849352717399599,0,0.9296303391456604,0,1,0,-0.9296303391456604,0,0.36849352717399599],5,2.3988940715789797],[[749.9118041992188,227.4827423095703,33.859283447265628,0.36653932929039,0,0.9304025769233704,0,1,0,-0.9304025769233704,0,0.36653932929039],5,2.406834125518799],[[749.7237548828125,227.04161071777345,33.79114532470703,0.3638470470905304,0,0.9314587116241455,0,1,0,-0.9314587116241455,0,0.3638470470905304],5,2.4196975231170656],[[749.598388671875,226.73049926757813,33.74571990966797,0.36220696568489077,0,0.9320976734161377,0,1,0,-0.9320976734161377,0,0.36220696568489077],5,2.427753210067749],[[749.4730224609375,226.40576171875,33.700294494628909,0.36069220304489138,0,0.9326848983764648,0,1,0,-0.9326848983764648,0,0.36069220304489138],5,2.4366705417633058],[[749.34765625,226.06739807128907,33.654869079589847,0.35928717255592348,0,0.9332270622253418,0,1,0,-0.9332270622253418,0,0.35928717255592348],5,2.4435911178588869],[[749.2222900390625,225.7154083251953,33.60944366455078,0.35798174142837527,0,0.9337285757064819,0,1,0,-0.9337285757064819,0,0.35798174142837527],5,2.452613592147827],[[748.9088745117188,224.77581787109376,33.495880126953128,0.3550155460834503,0,0.9348604083061218,0,1,0,-0.9348604083061218,0,0.3550155460834503],5,2.473381996154785],[[748.84619140625,224.5776824951172,33.473167419433597,0.3544783890247345,0,0.9350641965866089,0,1,0,-0.9350641965866089,0,0.3544783890247345],5,2.479957103729248],[[748.6581420898438,223.9628448486328,33.405029296875,0.35301339626312258,0,0.9356182813644409,0,1,0,-0.9356182813644409,0,0.35301339626312258],5,2.4899544715881349],[[748.5327758789063,223.53591918945313,33.35960388183594,0.3521330952644348,0,0.9359499216079712,0,1,0,-0.9359499216079712,0,0.3521330952644348],7,2.496877670288086],[[748.4074096679688,223.09536743164063,33.314178466796878,0.35132333636283877,0,0.9362542033195496,0,1,0,-0.9362542033195496,0,0.35132333636283877],7,2.505746603012085],[[748.2820434570313,222.75204467773438,33.26875305175781,0.3505735993385315,0,0.9365351796150208,0,1,0,-0.9365351796150208,0,0.3505735993385315],7,2.514389991760254],[[748.1566772460938,222.68251037597657,33.22332763671875,0.34987762570381167,0,0.9367954134941101,0,1,0,-0.9367954134941101,0,0.34987762570381167],7,2.5253746509552],[[748.0313110351563,222.70428466796876,33.17790222167969,0.34923088550567629,0,0.9370366930961609,0,1,0,-0.9370366930961609,0,0.34923088550567629],7,2.5328454971313478],[[747.8432006835938,222.7725067138672,33.11003494262695,0.3482353687286377,0,0.9374071359634399,0,1,0,-0.9374071359634399,0,0.3482353687286377],8,2.5452537536621095],[[747.7174072265625,222.81411743164063,33.06580352783203,0.347243070602417,0,0.9377751350402832,0,1,0,-0.9377751350402832,0,0.347243070602417],8,2.5539989471435549],[[747.5281372070313,222.861572265625,33.001258850097659,0.34500354528427126,0,0.9386013746261597,0,1,0,-0.9386013746261597,0,0.34500354528427126],8,2.5664117336273195],[[747.4011840820313,222.8841552734375,32.960594177246097,0.3426317572593689,0,0.9394698143005371,0,1,0,-0.9394698143005371,0,0.3426317572593689],8,2.5742902755737306],[[747.2735595703125,222.90110778808595,32.92190170288086,0.33944234251976015,0,0.940626859664917,0,1,0,-0.940626859664917,0,0.33944234251976015],8,2.5876786708831789],[[747.0819091796875,222.9187774658203,32.864627838134769,0.33424973487854006,0,0.9424845576286316,0,1,0,-0.9424845576286316,0,0.33424973487854006],8,2.59583854675