[[[776,222.69961547851563,47,1,4.463530345333311e-8,-1.2665443102936533e-14,-4.463530345333311e-8,1,-5.25603471857039e-9,1.2430838693469615e-14,5.25603471857039e-9,1],8,0.006943225860595703],[[776,222.69961547851563,47,1,1.8360427844754669e-8,-1.2609521140725857e-14,-1.8360427844754669e-8,1,-2.162030110497426e-9,1.2569824941652784e-14,2.162030110497426e-9,1],8,0.02557229995727539],[[776,222.69961547851563,47,1,-7.897607012807839e-9,-1.26348194737615e-14,7.897607012807839e-9,1,9.299920833427677e-10,1.2627474851075859e-14,-9.299920833427677e-10,1],8,0.032881736755371097],[[776,222.69961547851563,47,1,-2.539361432241094e-8,-1.2696732500008107e-14,2.539361432241094e-8,1,2.9902393894332137e-9,1.2620799384418548e-14,-2.9902393894332137e-9,1],8,0.041263580322265628],[[776,222.69961547851563,47,1,-5.1623608499085097e-8,-1.28570588962644e-14,5.1623608499085097e-8,1,6.078960890221197e-9,1.2543240812603208e-14,-6.078960890221197e-9,1],8,0.050757408142089847],[[776,222.69961547851563,47,1,-6.910093475198664e-8,-1.3008847200412371e-14,6.910093475198664e-8,1,8.13700840041065e-9,1.2446572330464864e-14,-8.13700840041065e-9,1],8,0.05963301658630371],[[776,222.69961547851563,47,1,-8.6570786095308e-8,-1.319650480877772e-14,8.6570786095308e-8,1,1.019417705805381e-8,1.2313987110264095e-14,-1.019417705805381e-8,1],8,0.06991100311279297],[[776,222.69961547851563,47,1,-1.0403317673990387e-7,-1.3419985981581295e-14,1.0403317673990387e-7,1,1.2250467307239888e-8,1.2145530891780054e-14,-1.2250467307239888e-8,1],8,0.07979750633239746],[[776,222.69961547851563,47,1,-9.553547641871774e-8,-1.3361068910869127e-14,9.553547641871774e-8,1,1.1249817966074716e-8,1.2286312002778455e-14,-1.1249817966074716e-8,1],8,0.11175799369812012],[[776,222.69961547851563,47,1,-3.530210079816243e-8,-1.2990799469405224e-14,3.530210079816243e-8,1,4.157012956085282e-9,1.2844048470194575e-14,-4.157012956085282e-9,1],8,0.11934113502502442],[[776,222.69961547851563,47,1,-1.810910887911632e-8,-1.296340642389102e-14,1.810910887911632e-8,1,2.132444887337215e-9,1.2924789344792749e-14,-2.132444887337215e-9,1],8,0.12950730323791505],[[776,222.69961547851563,47,1,-9.234630282684009e-10,-1.2970796786355814e-14,9.234630282684009e-10,1,1.0874151579187697e-10,1.297069598943509e-14,-1.0874151579187697e-10,1],8,0.13753414154052735],[[776,222.69961547851563,47,1,2.4841238399631039e-8,-1.3047008575785019e-14,-2.4841238399631039e-8,1,-2.925192754688055e-9,1.2974343313305968e-14,2.925192754688055e-9,1],8,0.14873290061950684],[[776,222.69961547851563,47,1,4.200853354063838e-8,-1.314116984039949e-14,-4.200853354063838e-8,1,-4.946735465694019e-9,1.2933364706350752e-14,4.946735465694019e-9,1],8,0.16856670379638673],[[776,222.69961547851563,47,1,8.489467973049614e-8,-1.3527983529389165e-14,-8.489467973049614e-8,1,-9.996814931412246e-9,1.2679307338217191e-14,9.996814931412246e-9,1],8,0.17571783065795899],[[776,222.69961547851563,47,-0.7497545480728149,-1.6077892794896799e-8,0.6617160439491272,-5.5691117495371148e-8,1,-3.8803317892188718e-8,-0.6617160439491272,-6.594466839260349e-8,-0.7497545480728149],8,0.19541215896606446],[[776,222.69961547851563,47,-0.7022225856781006,2.389637820954249e-8,0.7119574546813965,-3.017484573319962e-8,1,-6.332659552299447e-8,-0.7119574546813965,-6.595256962782514e-8,-0.7022225856781006],8,0.21773672103881837],[[776,222.69961547851563,47,-0.673712432384491,7.575715699204011e-8,0.7389936447143555,4.318520652191182e-9,1,-9.857692617742942e-8,-0.7389936447143555,-6.322113677015295e-8,-0.673712432384491],8,0.23748993873596192],[[776,222.69961547851563,47,-0.6714414358139038,1.0863521282544753e-7,0.7410576343536377,2.70783004907571e-8,1,-1.220602996454545e-7,-0.7410576343536377,-6.188976442444982e-8,-0.6714414358139038],8,0.25789403915405276],[[776,222.69961547851563,47,-0.6765285134315491,8.304841259132445e-8,0.7364164590835571,2.7222858633990655e-8,1,-8.776470394877833e-8,-0.7364164590835571,-3.932796488470558e-8,-0.6765285134315491],8,0.2649345397949219],[[776,222.69961547851563,47,-0.6790872812271118,6.614760650336393e-8,0.7340575456619263,2.7238934663387228e-8,1,-6.491315218681848e-8,-0.7340575456619263,-2.4086752148377856e-8,-0.6790872812271118],8,0.2740941047668457],[[776,222.69961547851563,47,-0.6816467046737671,4.930676666958789e-8,0.7316814661026001,2.717512792571597e-8,1,-4.2071491179740408e-8,-0.7316814661026001,-8.794354577901231e-9,-0.6816467046737671],8,0.2828099727630615],[[776,222.69961547851563,47,-0.6841986775398254,3.2526578763736327e-8,0.7292956709861755,2.7031559213241964e-8,1,-1.923996428843111e-8,-0.7292956709861755,6.550040954067526e-9,-0.6841986775398254],8,0.2916135787963867],[[776,222.69961547851563,47,-0.6892750859260559,7.461197881752924e-9,0.7244997620582581,2.6577275491490583e-8,1,1.4986692775664779e-8,-0.7244997620582581,2.9585182304003866e-8,-0.6892750859260559],8,0.3027932643890381],[[776,222.69961547851563,47,-0.6918026804924011,-9.166742920285742e-9,0.7220866084098816,2.6194886260100249e-8,1,3.7791085816252237e-8,-0.7220866084098816,4.505895034867535e-8,-0.6918026804924011],8,0.3116741180419922],[[776,222.69961547851563,47,-0.6943199038505554,-2.573348290013655e-8,0.7196665406227112,2.573306900899297e-8,1,6.058426293975572e-8,-0.7196665406227112,6.058408530407178e-8,-0.6943199038505554],8,0.3209037780761719],[[776,222.69961547851563,47,-0.6968286037445068,-5.059458274558892e-8,0.717237651348114,2.4921391172938457e-8,1,9.475314044493644e-8,-0.717237651348114,8.390126282620258e-8,-0.6968286037445068],8,0.3303642272949219],[[776,222.69961547851563,47,-0.7005798816680908,-5.6269033876787947e-8,0.7135739326477051,2.1410226480611528e-8,1,9.987557092472344e-8,-0.7135739326477051,8.524860106717824e-8,-0.7005798816680908],8,0.33959460258483889],[[776,222.69961547851563,47,-0.7092539668083191,-4.850833335012794e-8,0.7049530744552612,1.2101525115326695e-8,1,8.098608361706283e-8,-0.7049530744552612,6.59707097838691e-8,-0.7092539668083191],8,0.3528308868408203],[[775.8853759765625,222.69961547851563,46.88605499267578,-0.7178197503089905,-3.875286935794975e-8,0.6962290406227112,7.828813118615497e-12,1,5.5669168830263519e-8,-0.6962290406227112,3.996587594201628e-8,-0.7178197503089905],8,0.3791842460632324],[[775.6968383789063,222.69961547851563,46.70256805419922,-0.73225337266922,-2.89691346466725e-8,0.6810322999954224,-1.1542750755211273e-8,1,3.012620197750948e-8,-0.6810322999954224,1.4199026843186857e-8,-0.73225337266922],8,0.39483642578125],[[775.5022583007813,222.69961547851563,46.52040481567383,-0.7405281662940979,-1.986330921965873e-8,0.6720252633094788,-2.2770455743170716e-8,1,4.4658210462955598e-9,-0.6720252633094788,-1.1995255455587995e-8,-0.7405281662940979],8,0.4032413959503174],[[775.3544921875,222.69961547851563,46.385650634765628,-0.7452068328857422,-1.3254174646704087e-8,0.6668333411216736,-3.105032675421171e-8,1,-1.4823406502273429e-8,-0.6668333411216736,-3.175189888793284e-8,-0.7452068328857422],8,0.42150259017944338],[[775.2056274414063,222.69961547851563,46.25206756591797,-0.7555949091911316,-7.063363227644004e-9,0.6550391912460327,-3.902090739416053e-8,1,-3.422793071194974e-8,-0.6550391912460327,-5.1422674118839498e-8,-0.7555949091911316],8,0.42886829376220705],[[775.105224609375,222.69961547851563,46.16431427001953,-0.7612889409065247,-3.05594372029816e-9,0.6484127640724182,-4.421862698222867e-8,1,-4.7203275954643689e-8,-0.6484127640724182,-6.46072564336464e-8,-0.7612889409065247],8,0.43680572509765627],[[774.9025268554688,222.69961547851563,45.9910774230957,-0.7680423259735107,5.1742761186801548e-9,0.6403990983963013,-5.4335043131459318e-8,1,-7.32447773543754e-8,-0.6403990983963013,-9.10511985807716e-8,-0.7680423259735107],8,0.45218658447265627],[[774.8003540039063,222.69961547851563,45.90541076660156,-0.7791095972061157,8.034009013613286e-9,0.6268877983093262,-5.9161973098298407e-8,1,-8.634347636871098e-8,-0.6268877983093262,-1.0435894637339516e-7,-0.7791095972061157],8,0.46158361434936526],[[774.64501953125,222.69961547851563,45.779476165771487,-0.7845545411109924,1.379481506802449e-8,0.6200597882270813,-6.622673964784554e-8,1,-1.0604348688048049e-7,-0.6200597882270813,-1.2426143314314687e-7,-0.7845545411109924],8,0.4805018901824951],[[774.4883422851563,222.69961547851563,45.65517807006836,-0.7952647805213928,1.1275155031853501e-8,0.6062622666358948,-4.600338954219296e-8,1,-7.894278297726487e-8,-0.6062622666358948,-9.067053241551548e-8,-0.7952647805213928],8,0.48704099655151369],[[774.3826904296875,222.69961547851563,45.573856353759769,-0.8005290627479553,1.0251527626792268e-8,0.5992939472198486,-3.2686571671547429e-8,1,-6.07683077191723e-8,-0.5992939472198486,-6.823565712466007e-8,-0.8005290627479553],8,0.49693918228149416],[[774.2228393554688,222.69961547851563,45.45365905761719,-0.8057332634925842,9.308260828788662e-9,0.5922785997390747,-1.2960771123005088e-8,1,-3.334779563601842e-8,-0.5922785997390747,-3.454581332107409e-8,-0.8057332634925842],8,0.5057647228240967],[[774.1156005859375,222.69961547851563,45.37443161010742,-0.8118965029716492,8.714576615886927e-9,0.5838014483451843,-9.468391348743666e-12,1,-1.4940463088919388e-8,-0.5838014483451843,-1.2135637383892118e-8,-0.8118965029716492],8,0.515751838684082],[[773.9534912109375,222.69961547851563,45.2573127746582,-0.8249445557594299,8.090264458360253e-9,0.5652136206626892,1.8775422105932195e-8,1,1.3089595185533654e-8,-0.5652136206626892,2.1410313522096659e-8,-0.8249445557594299],8,0.5305624008178711],[[773.7890014648438,222.69961547851563,45.14354705810547,-0.8346890211105347,8.11666023281532e-9,0.5507215857505798,3.70562318607881e-8,1,4.14252347979982e-8,-0.5507215857505798,5.4984855779594e-8,-0.8346890211105347],8,0.5415065288543701],[[773.6224975585938,222.69961547851563,45.032814025878909,-0.8404192328453064,8.346877855558433e-9,0.5419368147850037,5.50273213661967e-8,1,6.993276713274099e-8,-0.5419368147850037,8.859417732764996e-8,-0.8404192328453064],8,0.5520994663238525],[[773.4546508789063,222.69961547851563,44.9240608215332,-0.8460520505905151,7.877888563712077e-9,0.5331003069877625,6.21162925540375e-8,1,8.380359872717236e-8,-0.5331003069877625,1.0401642214219464e-7,-0.8460520505905151],8,0.5642189979553223],[[773.342041015625,222.69961547851563,44.852657318115237,-0.8570383191108704,7.724079154058927e-9,0.5152526497840881,5.2969962638371729e-8,1,7.311599148351888e-8,-0.5152526497840881,8.995611722184549e-8,-0.8570383191108704],8,0.5744237899780273],[[773.171142578125,222.69961547851563,44.74888229370117,-0.862391471862793,5.170421424338656e-9,0.5062419772148132,3.942647452959136e-8,1,5.695030225183473e-8,-0.5062419772148132,6.907279015422319e-8,-0.862391471862793],8,0.5857439041137695],[[773.0563354492188,222.69961547851563,44.68103790283203,-0.8676484823226929,3.5644227569520128e-9,0.49717819690704348,3.051565755640695e-8,1,4.608496695368558e-8,-0.49717819690704348,5.515726897442619e-8,-0.8676484823226929],8,0.596991777420044],[[772.883056640625,222.69961547851563,44.581207275390628,-0.879548966884613,1.4200934872476978e-9,0.47580841183662417,1.7558971165954064e-8,1,2.9473797624746113e-8,-0.47580841183662417,3.4278354377192957e-8,-0.879548966884613],8,0.6074905395507813],[[772.7075805664063,222.69961547851563,44.48521423339844,-0.8861111402511597,-1.5911730821827064e-9,0.4634728729724884,4.843796030939984e-9,1,1.2693979201117145e-8,-0.4634728729724884,1.349324385557793e-8,-0.8861111402511597],8,0.6188218593597412],[[772.4732055664063,223.56251525878907,44.35801696777344,-0.9084407687187195,-5.555897963915868e-9,0.41801366209983828,-1.0943439932020738e-8,1,-1.0491447710592184e-8,-0.41801366209983828,-1.410536576429422e-8,-0.9084407687187195],3,0.6393182277679443],[[772.2322998046875,224.37091064453126,44.243865966796878,-0.884730339050293,-1.0100559499903739e-8,0.466103196144104,-2.819026612144171e-8,1,-3.1838926162208739e-8,-0.466103196144104,-4.1308439335807637e-8,-0.884730339050293],5,0.663060188293457],[[771.986572265625,225.1248016357422,44.14034652709961,-0.8856541514396668,-1.7693551512820706e-8,0.4643455147743225,-4.6794134789251987e-8,1,-5.114696932650986e-8,-0.4643455147743225,-6.702717314510665e-8,-0.8856541514396668],5,0.6706156730651856],[[771.8619995117188,225.4813232421875,44.09282302856445,-0.920512855052948,-2.7908106048357696e-8,0.39071232080459597,-5.605964759070048e-8,1,-6.064696833618655e-8,-0.39071232080459597,-7.772950993967243e-8,-0.920512855052948],5,0.6796903610229492],[[771.1700439453125,227.19857788085938,43.85066223144531,-0.7750658988952637,-2.783268726602728e-8,0.6318804025650024,-1.1673558475422397e-7,1,-9.91407347328277e-8,-0.6318804025650024,-1.506035260945282e-7,-0.7750658988952637],5,0.7218363285064697],[[770.9802856445313,227.5953826904297,43.78755569458008,-0.9503793120384216,-8.327668155061474e-8,0.3110935688018799,-1.2020137774015894e-7,1,-9.952061930107448e-8,-0.3110935688018799,-1.31976207740081e-7,-0.9503793120384216],5,0.7342140674591065],[[770.8516845703125,227.8428955078125,43.75297164916992,-0.9654054641723633,-8.277663710032357e-8,0.2607532739639282,-1.0805754158127456e-7,1,-8.261719841584636e-8,-0.2607532739639282,-1.079354490229889e-7,-0.9654054641723633],5,0.7427027225494385],[[770.7213745117188,228.0767822265625,43.72528839111328,-0.9702363014221191,-7.709889615625798e-8,0.24216003715991975,-9.606715423160495e-8,1,-6.652190620570764e-8,-0.24216003715991975,-8.780559568322133e-8,-0.9702363014221191],5,0.7513070106506348],[[770.4591064453125,228.50367736816407,43.677093505859378,-0.9576689004898071,-5.7408772846656578e-8,0.28787189722061159,-7.124133105662622e-8,1,-3.757517674785049e-8,-0.28787189722061159,-5.649295431453538e-8,-0.9576689004898071],5,0.7699134349822998],[[770.1959838867188,228.87606811523438,43.634178161621097,-0.9714299440383911,-4.3295383278518787e-8,0.23732657730579377,-4.721439239574465e-8,1,-1.0829340091333961e-8,-0.23732657730579377,-2.172517632459403e-8,-0.9714299440383911],5,0.7924008369445801],[[769.9310913085938,229.1939697265625,43.60382080078125,-0.9769447445869446,-2.5467199904483097e-8,0.2134922742843628,-2.3121664582959057e-8,1,1.3483448135787058e-8,-0.2134922742843628,8.23628720780789e-9,-0.9769447445869446],5,0.8037002086639404],[[769.6654052734375,229.45736694335938,43.58101272583008,-0.9801766872406006,-5.732599284158368e-9,0.1981254369020462,1.3294289002985238e-9,1,3.5511213525296628e-8,-0.1981254369020462,3.507065571284329e-8,-0.9801766872406006],5,0.8180956840515137],[[769.5324096679688,229.56861877441407,43.57164001464844,-0.9918746948242188,7.479003194532652e-9,0.1272187978029251,1.3453120395467977e-8,1,4.610015125194877e-8,-0.1272187978029251,4.7437062278277156e-8,-0.9918746948242188],5,0.8270010948181152],[[769.3993530273438,229.666259765625,43.563262939453128,-0.9923128485679627,1.859129206138732e-8,0.12375452369451523,2.5742732390199309e-8,1,5.618826648401409e-8,-0.12375452369451523,5.894212051771319e-8,-0.9923128485679627],5,0.8358478546142578],[[769.2662963867188,229.75025939941407,43.55545425415039,-0.9923129081726074,2.9808028045863469e-8,0.12375405430793762,3.8240219879526197e-8,1,6.576138389391417e-8,-0.12375405430793762,6.99882534149765e-8,-0.9923129081726074],5,0.8451383113861084],[[769.0667114257813,229.85073852539063,43.543949127197269,-0.9876400828361511,4.4528064790938518e-8,0.15673895180225373,5.760376353691754e-8,1,7.888097997010846e-8,-0.15673895180225373,8.693476871712846e-8,-0.9876400828361511],5,0.8552045822143555],[[768.8671264648438,229.92054748535157,43.532470703125,-0.9876401424407959,6.225150173122529e-8,0.15673857927322389,7.746457697521692e-8,1,9.095159470007275e-8,-0.15673857927322389,1.0196913535764907e-7,-0.9876401424407959],5,0.8697798252105713],[[768.6823120117188,229.95970153808595,43.52184295654297,-0.9940906167030335,7.96035308781029e-8,0.1085532009601593,9.18314739806192e-8,1,1.0764556890308086e-7,-0.1085532009601593,1.169780574628021e-7,-0.9940906167030335],5,0.9024536609649658],[[768.298583984375,229.91424560546876,43.499778747558597,-0.9894831776618958,6.38477786196745e-8,0.14464779198169709,7.934446699664477e-8,1,1.0136511008340676e-7,-0.14464779198169709,1.1177608172374676e-7,-0.9894831776618958],5,0.9222660064697266],[[768.1661987304688,229.8097686767578,43.492164611816409,-0.9822777509689331,3.5118713270776428e-8,0.1874309927225113,4.9416659209100547e-8,1,7.161128223742708e-8,-0.1874309927225113,7.960438352938582e-8,-0.9822777509689331],5,0.930488109588623],[[768.1148681640625,229.73709106445313,43.48921585083008,-0.9792311191558838,2.19636380194288e-8,0.20274707674980164,3.422766070571015e-8,1,5.698308314094902e-8,-0.20274707674980164,6.273916852705952e-8,-0.9792311191558838],5,0.9505984783172607],[[768.0419311523438,229.5508575439453,43.485023498535159,-0.9731820821762085,-3.59969165586449e-9,0.23003622889518739,3.0628910518970544e-9,1,2.8606113033902149e-8,-0.23003622889518739,2.8543531982450078e-8,-0.9731820821762085],5,0.9575624465942383],[[768.0133056640625,229.37542724609376,43.483375549316409,-0.9690181612968445,-2.193517190107741e-8,0.24698936939239503,-2.0661033772739758e-8,1,7.750355024427336e-9,-0.24698936939239503,2.4071791226987217e-9,-0.9690181612968445],5,0.9696922302246094],[[768.006591796875,229.24143981933595,43.48299026489258,-0.9636297821998596,-3.386629288115728e-8,0.2672407329082489,-3.675626558674594e-8,1,-5.811761738527821e-9,-0.2672407329082489,-1.5423157861960136e-8,-0.9636297821998596],5,0.9791214466094971],[[768.0054931640625,229.0938262939453,43.48292922973633,-0.9488653540611267,-4.492249772169998e-8,0.3156810700893402,-5.3510266440071067e-8,1,-1.853623921022063e-8,-0.3156810700893402,-3.448057483979028e-8,-0.9488653540611267],5,0.9883716106414795],[[768.0053100585938,228.84686279296876,43.48291778564453,-0.9402625560760498,-6.181414136108288e-8,0.3404501676559448,-7.911936705795597e-8,1,-3.694766803619132e-8,-0.3404501676559448,-6.167670818513216e-8,-0.9402625560760498],5,0.999298095703125],[[767.9912109375,228.56922912597657,43.47784423828125,-0.9063743948936462,-7.763514986436349e-8,0.42247533798217776,-1.0806575545529995e-7,1,-4.808063991390554e-8,-0.42247533798217776,-8.92341773806038e-8,-0.9063743948936462],5,1.0146501064300538],[[767.9400634765625,228.1513671875,43.45855712890625,-0.8519567847251892,-1.003626621809417e-7,0.5236121416091919,-1.498198685112584e-7,1,-5.2094623725906788e-8,-0.5236121416091919,-1.2282987427170156e-7,-0.8519567847251892],5,1.0368409156799317],[[767.8526611328125,227.67901611328126,43.42303466796875,-0.8028984665870667,-8.191119604816777e-8,0.5961158275604248,-1.238473430476006e-7,1,-2.939972354454312e-8,-0.5961158275604248,-9.743234841153026e-8,-0.8028984665870667],5,1.0464749336242676],[[767.7645874023438,227.2889862060547,43.38335418701172,-0.8055875897407532,-7.504051779960719e-8,0.5924766659736633,-1.0408759720803573e-7,1,-1.487173850733825e-8,-0.5924766659736633,-7.364995724401524e-8,-0.8055875897407532],5,1.05601167678833],[[767.5343017578125,226.4169464111328,43.26462173461914,-0.7233814001083374,-4.9006445124177847e-8,0.6904486417770386,-6.264776430953134e-8,1,5.341770137334834e-9,-0.6904486417770386,-3.939092607652128e-8,-0.7233814001083374],5,1.082850456237793],[[767.442138671875,226.09902954101563,43.21257400512695,-0.7237153053283691,-4.1586407206750667e-8,0.6900987029075623,-4.839262501832309e-8,1,9.511571086306958e-9,-0.6900987029075623,-2.6512017470281536e-8,-0.7237153053283691],5,1.0958094596862794],[[767.2973022460938,225.59658813476563,43.117576599121097,-0.6736798286437988,-2.7715673311945467e-8,0.7390233278274536,-2.6765489380409236e-8,1,1.3104192397861425e-8,-0.7390233278274536,-1.095228974179463e-8,-0.6736798286437988],5,1.104905605316162],[[767.10009765625,224.8789825439453,42.957115173339847,-0.6217129826545715,-9.32559274247069e-9,0.7832451462745667,2.1370538672016439e-9,1,1.3602672765955504e-8,-0.7832451462745667,1.013079575784559e-8,-0.6217129826545715],5,1.1187942028045655],[[767.0032958984375,224.49974060058595,42.866092681884769,-0.6219073534011841,7.670322155206577e-10,0.7830908298492432,1.656673198624503e-8,1,1.2177310715344447e-8,-0.7830908298492432,2.0546414347677456e-8,-0.6219073534011841],5,1.127640724182129],[[766.9113159179688,224.10687255859376,42.769775390625,-0.5955778956413269,1.0795715432720954e-8,0.8032975792884827,3.0904470094128558e-8,1,9.47382972071864e-9,-0.8032975792884827,3.046789132099548e-8,-0.5955778956413269],5,1.1391446590423585],[[766.7804565429688,223.49203491210938,42.61859893798828,-0.5156676173210144,2.4847347290801737e-8,0.856788694858551,5.1885020724284917e-8,1,2.2270116861733415e-9,-0.856788694858551,4.560289923460914e-8,-0.5156676173210144],5,1.149418592453003],[[766.6587524414063,222.84654235839845,42.45993423461914,-0.5450321435928345,4.213021043142362e-8,0.8384151458740234,7.277986924236757e-8,1,-2.9374984666930006e-9,-0.8384151458740234,5.941871705772428e-8,-0.5450321435928345],7,1.1636457443237305],[[766.5426025390625,222.67031860351563,42.297142028808597,-0.5290343165397644,5.547381931592099e-8,0.848600447177887,9.355237295949337e-8,1,-7.048550187960245e-9,-0.848600447177887,7.565966342326647e-8,-0.5290343165397644],7,1.17390775680542],[[766.4697875976563,222.69586181640626,42.185489654541019,-0.5134636759757996,6.352328796310758e-8,0.8581113219261169,1.0735691802210568e-7,1,-9.788251098541423e-9,-0.8581113219261169,8.709827170605422e-8,-0.5134636759757996],7,1.18422269821167],[[766.3314819335938,222.78988647460938,41.95748519897461,-0.4944152534008026,5.917318190995502e-8,0.8692258596420288,9.968044878405635e-8,1,-1.1377532693757076e-8,-0.8692258596420288,8.101959991790864e-8,-0.4944152534008026],8,1.200528860092163],[[766.231689453125,222.84495544433595,41.784141540527347,-0.4610983729362488,3.8367041099718338e-8,0.887349009513855,6.76740086191785e-8,1,-8.071979529233886e-9,-0.887349009513855,5.632849209291635e-8,-0.4610983729362488],8,1.210998296737671],[[766.1381225585938,222.8824005126953,41.60739517211914,-0.4393061697483063,1.9296903630561247e-8,0.8983374238014221,3.577880391958388e-8,1,-3.984085950037297e-9,-0.8983374238014221,3.039120599623857e-8,-0.4393061697483063],8,1.222100019454956],[[765.9907836914063,222.9179229736328,41.30842971801758,-0.4330296814441681,-1.0364797908835044e-8,0.9013796448707581,-1.7285561426660935e-8,1,3.1946985057373924e-9,-0.9013796448707581,-1.4197454767383988e-8,-0.4330296814441681],8,1.2453107833862305],[[765.9328002929688,222.92617797851563,41.1883544921875,-0.43145516514778139,-2.2110917541340315e-8,0.902134358882904,-3.849038776593261e-8,1,6.101132932201381e-9,-0.902134358882904,-3.209113685898046e-8,-0.43145516514778139],8,1.254598617553711],[[765.846435546875,222.93470764160157,41.007972717285159,-0.43618297576904299,-3.992596120383496e-8,0.8998579978942871,-7.030306647948237e-8,1,1.0291580032628645e-8,-0.8998579978942871,-5.877376807461587e-8,-0.43618297576904299],8,1.264636754989624],[[765.7883911132813,222.9385986328125,40.88791275024414,-0.44714590907096865,-5.239949985025305e-8,0.8944610357284546,-9.153273339279622e-8,1,1.2824495243535239e-8,-0.8944610357284546,-7.613804342554431e-8,-0.44714590907096865],8,1.2745866775512696],[[765.6695556640625,222.94357299804688,40.649166107177737,-0.48424702882766726,-5.779498124525162e-8,0.8749313354492188,-9.783964571852266e-8,1,1.1905417984792166e-8,-0.8749313354492188,-7.983781102893772e-8,-0.48424702882766726],8,1.2894341945648194],[[765.6062622070313,222.94512939453126,40.53183364868164,-0.5085060000419617,-5.050401341577526e-8,0.8610584735870361,-8.27792803193006e-8,1,9.767344266720102e-9,-0.8610584735870361,-6.631104554344347e-8,-0.5085060000419617],8,1.3008708953857422],[[765.4466552734375,224.02886962890626,40.23926544189453,-0.5859217047691345,-3.268683101964598e-8,0.8103676438331604,-4.4823867284549127e-8,1,7.92671706051351e-9,-0.8103676438331604,-3.1679377343607487e-8,-0.5859217047691345],3,1.3209865093231202],[[765.2998657226563,224.83726501464845,40.0172119140625,-0.5576934218406677,-1.5591083979415999e-8,0.8300470113754273,-1.3613512983567944e-8,1,9.63670476750167e-9,-0.8300470113754273,-5.92552851230721e-9,-0.5576934218406677],5,1.3459768295288087],[[765.0916137695313,225.7711181640625,39.75702667236328,-0.5390084981918335,6.517459905097667e-9,0.842300295829773,2.566740953113822e-8,1,8.687510266724985e-9,-0.842300295829773,2.6302309663606139e-8,-0.5390084981918335],5,1.3573715686798096],[[764.9151000976563,226.45689392089845,39.557247161865237,-0.6040264368057251,2.988713276863564e-8,0.7969642877578735,5.7320217905498797e-8,1,5.94229110362221e-9,-0.7969642877578735,4.9271466906475328e-8,-0.6040264368057251],5,1.37082839012146],[[764.775634765625,226.93545532226563,39.41393280029297,-0.676280677318573,5.256612922721615e-8,0.7366440296173096,8.136395024394005e-8,1,3.3377576258430965e-9,-0.7366440296173096,6.219352854941462e-8,-0.676280677318573],5,1.3841831684112549],[[764.6777954101563,227.2374725341797,39.32343292236328,-0.724919319152832,6.986591927216068e-8,0.6888338327407837,9.75784075762931e-8,1,1.2638085022942392e-9,-0.6888338327407837,6.813147024331556e-8,-0.724919319152832],5,1.394418716430664],[[764.5762329101563,227.52584838867188,39.23706817626953,-0.778965413570404,8.90894327199021e-8,0.6270668506622315,1.1402450184050395e-7,1,-4.278393750389853e-10,-0.6270668506622315,7.116771882920148e-8,-0.778965413570404],5,1.4046742916107178],[[764.4155883789063,227.93287658691407,39.11821365356445,-0.7843288779258728,1.1155689350061948e-7,0.6203452944755554,1.389267225704316e-7,1,-4.17937950913938e-9,-0.6203452944755554,8.290452768733303e-8,-0.7843288779258728],5,1.4146678447723389],[[764.30419921875,228.18719482421876,39.04495620727539,-0.829717218875885,1.3317044533778245e-7,0.5581839680671692,1.5584576829041908e-7,1,-6.919823380968637e-9,-0.5581839680671692,8.12491123269865e-8,-0.829717218875885],5,1.4243290424346924],[[764.1322021484375,228.5431365966797,38.94298553466797,-0.8354519009590149,1.2819393191421114e-7,0.5495635271072388,1.4560379213435227e-7,1,-1.1916652553622953e-8,-0.5495635271072388,7.006274671539359e-8,-0.8354519009590149],5,1.4353935718536378],[[764.0148315429688,228.76339721679688,38.879798889160159,-0.8970703482627869,1.2178196584500257e-7,0.4418877363204956,1.2741452337650117e-7,1,-1.693228313115469e-8,-0.4418877363204956,4.111346640911506e-8,-0.8970703482627869],5,1.4478342533111573],[[763.83251953125,229.0682373046875,38.79804992675781,-0.903104305267334,1.0083008561423412e-7,0.42942124605178835,1.0050965215668839e-7,1,-2.3425457129633288e-8,-0.42942124605178835,2.2005348654374758e-8,-0.903104305267334],5,1.459097146987915],[[763.582275390625,229.427001953125,38.70610809326172,-0.9262936115264893,7.248716826779855e-8,0.3768024444580078,6.547817577029491e-8,1,-3.140942084201015e-8,-0.3768024444580078,-4.4220094252978019e-9,-0.9262936115264893],5,1.4726920127868653],[[763.3902587890625,229.6603240966797,38.6507568359375,-0.953057587146759,4.880606141455246e-8,0.30278918147087099,3.956793648285384e-8,1,-3.664445102913305e-8,-0.30278918147087099,-2.294352796639032e-8,-0.953057587146759],5,1.4848885536193848],[[763.2601928710938,229.798828125,38.62149429321289,-0.9838482141494751,2.965036216551198e-8,0.1790047138929367,2.268679466510548e-8,1,-4.0948638257987116e-8,-0.1790047138929367,-3.6226204258582587e-8,-0.9838482141494751],5,1.4983553886413575],[[762.9963989257813,230.03497314453126,38.58437728881836,-0.9886906147003174,-3.1179383519486238e-9,0.14996950328350068,-1.061715959593812e-8,1,-4.9204320617945999e-8,-0.14996950328350068,-5.0240103632859248e-8,-0.9886906147003174],5,1.5098986625671387],[[762.7969360351563,230.1763153076172,38.574440002441409,-0.9978994131088257,-3.177849805524602e-8,0.0647820383310318,-3.5419013499904398e-8,1,-5.504789157839696e-8,-0.0647820383310318,-5.722677443031898e-8,-0.9978994131088257],5,1.522458791732788],[[762.6636352539063,230.25350952148438,38.57686233520508,-0.9971859455108643,-5.592710650148547e-8,-0.07496808469295502,-5.157264837407638e-8,1,-6.00200422695707e-8,0.07496808469295502,-5.5984838098765979e-8,-0.9971859455108643],5,1.5342800617218018],[[762.4649047851563,230.34376525878907,38.59612274169922,-0.995406985282898,-8.186106725815989e-8,-0.09573359787464142,-7.579093619369815e-8,1,-6.704265587131886e-8,0.09573359787464142,-5.947898529257145e-8,-0.995406985282898],5,1.546093463897705],[[762.2682495117188,230.4033660888672,38.63180923461914,-0.9799317121505737,-1.1258740784114707e-7,-0.19933345913887025,-9.962719360601113e-8,1,-7.504792165491381e-8,0.19933345913887025,-5.368280397988201e-8,-0.9799317121505737],5,1.5569767951965333],[[762.0753173828125,230.4322967529297,38.68327713012695,-0.9690136909484863,-1.401732987460491e-7,-0.24700704216957093,-1.2355872058833484e-7,1,-8.276369811710538e-8,0.24700704216957093,-4.9679282909664838e-8,-0.9690136909484863],5,1.569615125656128],[[761.88671875,230.43057250976563,38.749393463134769,-0.9557806253433228,-1.508581704001699e-7,-0.29408061504364016,-1.3317406910573482e-7,1,-8.015818053763724e-8,0.29408061504364016,-3.744971976971101e-8,-0.9557806253433228],5,1.58101224899292],[[761.70166015625,230.39820861816407,38.82514190673828,-0.9025200605392456,-1.3049383085217415e-7,-0.4306478202342987,-1.1860785065209711e-7,1,-5.44478808706117e-8,0.4306478202342987,1.9379065019364818e-9,-0.9025200605392456],5,1.5981667041778565],[[761.4664306640625,230.30735778808595,38.94923782348633,-0.8964686989784241,-9.923499533215363e-8,-0.44310709834098818,-9.968513126068501e-8,1,-2.227542417188033e-8,0.44310709834098818,2.4201966652981356e-8,-0.8964686989784241],5,1.6207926273345948],[[761.243896484375,230.16200256347657,39.095977783203128,-0.8309038281440735,-6.457925394443009e-8,-0.5564160346984863,-8.426324171750821e-8,1,9.768582387437164e-9,0.5564160346984863,5.500217170606447e-8,-0.8309038281440735],5,1.6295719146728516],[[761.0869140625,230.0172119140625,39.219154357910159,-0.7888770699501038,-3.750518473566444e-8,-0.6145510077476502,-7.350118380600179e-8,1,3.332223030838577e-8,0.6145510077476502,7.145737157543408e-8,-0.7888770699501038],5,1.6410272121429444],[[760.940673828125,229.84178161621095,39.35545349121094,-0.7658093571662903,-1.1959158108254542e-8,-0.6430676579475403,-6.315706713166947e-8,1,5.66147519975857e-8,0.6430676579475403,8.397037731810997e-8,-0.7658093571662903],5,1.651550054550171],[[760.800048828125,229.6356964111328,39.49763107299805,-0.7214685082435608,1.6638898259202507e-8,-0.6924472451210022,-5.389392399024473e-8,1,8.018180608360126e-8,0.6924472451210022,9.516734422732043e-8,-0.7214685082435608],5,1.6651337146759034],[[760.71142578125,229.48126220703126,39.597164154052737,-0.6764335036277771,3.8195345553049268e-8,-0.7365037202835083,-4.817060883510749e-8,1,9.610210582877699e-8,0.7365037202835083,1.004845131546972e-7,-0.6764335036277771],5,1.6749045848846436],[[760.5850830078125,229.2240753173828,39.75212860107422,-0.658320426940918,6.423889686857365e-8,-0.752737820148468,-4.012436960465493e-8,1,1.2043182096022066e-7,0.752737820148468,1.0948585327241745e-7,-0.658320426940918],5,1.6877388954162598],[[760.46728515625,228.9362335205078,39.9136848449707,-0.6370282769203186,9.151797542017448e-8,-0.7708404064178467,-3.219395594555863e-8,1,1.4533026160279406e-7,0.7708404064178467,1.1739589211856583e-7,-0.6370282769203186],5,1.6986658573150635],[[760.3921508789063,228.727294921875,40.02381134033203,-0.571564793586731,1.1758265117123301e-7,-0.8205569386482239,-2.7680519210093736e-8,1,1.6257722279533483e-7,0.8205569386482239,1.156368583110634e-7,-0.571564793586731],5,1.708435297012329],[[760.2872924804688,228.38836669921876,40.1940803527832,-0.5816588997840881,1.0354677471013929e-7,-0.8134328126907349,-1.2168548835234106e-8,1,1.3599736803371344e-7,0.8134328126907349,8.900237702391678e-8,-0.5816588997840881],5,1.7194178104400635],[[760.1869506835938,228.01876831054688,40.367103576660159,-0.5673619508743286,9.19347229455525e-8,-0.8234685063362122,3.040923957087216e-9,1,1.0954811102692475e-7,0.8234685063362122,5.964932370261522e-8,-0.5673619508743286],5,1.7313933372497559],[[759.9933471679688,227.18760681152345,40.717124938964847,-0.6169148087501526,6.236400196257819e-8,-0.7870299220085144,3.062174158685593e-8,1,5.5236771601130388e-8,0.7870299220085144,9.9761594540837e-9,-0.6169148087501526],5,1.7563605308532715],[[759.932373046875,226.88330078125,40.835689544677737,-0.4947740435600281,5.258242907757449e-8,-0.8690216541290283,4.069084269531231e-8,1,3.7340445402378467e-8,0.8690216541290283,-1.688614226225127e-8,-0.4947740435600281],5,1.765897274017334],[[759.8736572265625,226.5653839111328,40.95539474487305,-0.4947740435600281,4.149531207531254e-8,-0.8690216541290283,5.047439799454878e-8,1,1.9012059482292899e-8,0.8690216541290283,-3.445667218215931e-8,-0.4947740435600281],5,1.7743234634399415],[[759.7864379882813,226.0629425048828,41.135353088378909,-0.5234466791152954,2.5370789913381487e-8,-0.8520584106445313,6.414006747945678e-8,1,-9.627407315804249e-9,0.8520584106445313,-5.969052097043459e-8,-0.5234466791152954],5,1.785916805267334],[[759.7283325195313,225.71095275878907,41.25535583496094,-0.4947739541530609,1.0802452266034379e-8,-0.8690217137336731,7.322898198935946e-8,1,-2.926203102049385e-8,0.8690217137336731,-7.811566860027597e-8,-0.4947739541530609],5,1.7959117889404297],[[759.6411743164063,225.1574249267578,41.435359954833987,-0.5219581127166748,-6.445261213627873e-9,-0.8529711365699768,8.586982147562594e-8,1,-6.010252207033773e-8,0.8529711365699768,-1.0461547361728663e-7,-0.5219581127166748],5,1.806260585784912],[[759.5831909179688,224.7713623046875,41.555442810058597,-0.49325597286224368,-2.4305272461333517e-8,-0.869884192943573,9.43000983966158e-8,1,-8.141239504766418e-8,0.869884192943573,-1.2218731626489899e-7,-0.49325597286224368],5,1.8169450759887696],[[759.4963989257813,224.166748046875,41.735595703125,-0.526423990726471,-4.226535565976519e-8,-0.8502222299575806,1.0566511576826088e-7,1,-1.1513461117829138e-7,0.8502222299575806,-1.504484430370212e-7,-0.526423990726471],5,1.8278379440307618],[[759.4087524414063,223.53146362304688,41.91538619995117,-0.5485141277313232,-4.5756458177947937e-8,-0.8361412882804871,8.084641933692183e-8,1,-1.077591349485374e-7,0.8361412882804871,-1.267064391186068e-7,-0.5485141277313232],5,1.8384413719177247],[[759.3479614257813,223.09091186523438,42.03402328491211,-0.5090646147727966,-5.1011014079449527e-8,-0.8607283234596252,6.831920273953074e-8,1,-9.96712898881924e-8,0.8607283234596252,-1.0954340012858666e-7,-0.5090646147727966],7,1.8516106605529786],[[759.2523803710938,222.69456481933595,42.209686279296878,-0.5544146299362183,-4.0005321721992007e-8,-0.8322405815124512,5.382053558378175e-8,1,-8.392310490989985e-8,0.8322405815124512,-9.131983347288042e-8,-0.5544146299362183],7,1.8629069328308106],[[759.1460571289063,222.70152282714845,42.37894821166992,-0.5876349210739136,-3.0068761702750638e-8,-0.8091261982917786,4.098129480212265e-8,1,-6.692503262684113e-8,0.8091261982917786,-7.248652877933637e-8,-0.5876349210739136],7,1.8731205463409424],[[759.0306396484375,222.77066040039063,42.54222869873047,-0.6317045092582703,-1.9600314260515007e-8,-0.7752092480659485,2.9280654345598124e-8,1,-4.9144194491645979e-8,0.7752092480659485,-5.374324629769944e-8,-0.6317045092582703],7,1.8874468803405762],[[758.8641357421875,222.84664916992188,42.75047302246094,-0.7400639653205872,-3.2337053035291776e-9,-0.6725364327430725,1.7052251166660427e-8,1,-2.3572644280989153e-8,0.6725364327430725,-2.8913525795815077e-8,-0.7400639653205872],8,1.9032061100006104],[[758.8029174804688,222.89263916015626,42.997894287109378,-0.8505295515060425,1.0169879161026074e-8,-0.5259272456169128,9.624256058771153e-9,1,3.772698153881038e-9,0.5259272456169128,-1.8528673040307809e-9,-0.8505295515060425],8,1.921525478363037],[[758.7501831054688,222.9184112548828,43.258522033691409,-0.9696114659309387,1.8352205088945085e-8,-0.24464993178844453,1.0848740572555471e-8,1,3.201775555794484e-8,0.24464993178844453,2.8390640949282898e-8,-0.9696114659309387],8,1.9441347122192383],[[758.5952758789063,222.9349365234375,43.551876068115237,-0.9976880550384522,2.309414171008939e-8,-0.06795965135097504,1.862298404375906e-8,1,6.642489580599431e-8,0.06795965135097504,6.500571458900595e-8,-0.9976880550384522],8,1.9579451084136963],[[758.5143432617188,222.9387664794922,43.65731430053711,-0.997206449508667,1.7674562258207517e-8,0.07469447702169419,2.3683677241592706e-8,1,7.956349890037018e-8,-0.07469447702169419,8.111027227641898e-8,-0.997206449508667],8,1.965925931930542],[[758.418212890625,222.9415740966797,43.7490119934082,-0.9902058243751526,1.620959366732677e-8,0.1396152526140213,2.9395250678021513e-8,1,9.238069509365232e-8,-0.1396152526140213,9.557992797226689e-8,-0.9902058243751526],8,1.9745142459869385],[[758.31396484375,222.9436492919922,43.83185958862305,-0.9790744185447693,1.3717493807519077e-8,0.20350243151187898,3.5799850195417096e-8,1,1.048303204242984e-7,-0.20350243151187898,1.0992204124704586e-7,-0.9790744185447693],8,1.9840831756591797],[[758.1485595703125,222.94578552246095,43.9441032409668,-0.9649316668510437,1.0480775358701067e-8,0.26250115036964419,3.9749060931626448e-8,1,1.0618754231472849e-7,-0.26250115036964419,1.1289790080581952e-7,-0.9649316668510437],8,2.0011870861053469],[[758.0245361328125,222.94747924804688,44.16233444213867,-0.900495171546936,-1.031048935118406e-8,0.4348660707473755,2.0494233865520074e-8,1,6.614783387703938e-8,-0.4348660707473755,6.847805167353727e-8,-0.900495171546936],8,2.0126729011535646],[[757.94384765625,222.94822692871095,44.34440994262695,-0.875651478767395,-1.4305863160757326e-8,0.48294350504875185,4.147704402157615e-9,1,3.714265872645228e-8,-0.48294350504875185,3.452713315255096e-8,-0.875651478767395],8,2.035935163497925],[[757.52978515625,222.9493408203125,45.10567855834961,-0.7001792788505554,-2.289143274936123e-8,0.7139670848846436,-9.684184476554947e-8,1,-6.290936482855614e-8,-0.7139670848846436,-1.1318972781282355e-7,-0.7001792788505554],8,2.076212167739868],[[757.4459838867188,222.9493865966797,45.20840835571289,-0.5319726467132568,7.45855710526655e-10,0.8467615246772766,-8.432235887312345e-8,1,-5.385582824146695e-8,-0.8467615246772766,-1.0005075523622509e-7,-0.5319726467132568],8,2.085608959197998],[[757.3402099609375,222.9494171142578,45.28758239746094,-0.4812961518764496,6.116083639540193e-9,0.8765580654144287,-7.105414567831758e-8,1,-4.5991445318804838e-8,-0.8765580654144287,-8.441858767582744e-8,-0.4812961518764496],8,2.0944347381591799],[[757.2255859375,222.94944763183595,45.355045318603519,-0.4272797405719757,1.0945440109821903e-8,0.9041194915771484,-5.722900908722295e-8,1,-3.9152165953737497e-8,-0.9041194915771484,-6.84707899267778e-8,-0.4272797405719757],8,2.1035194396972658],[[757.1063842773438,222.94947814941407,45.414485931396487,-0.36707594990730288,1.5202083147869417e-8,0.9301909804344177,-4.295936761877783e-8,1,-3.32957803550471e-8,-0.9301909804344177,-5.218249299332456e-8,-0.36707594990730288],8,2.11360502243042],[[756.9215698242188,222.94947814941407,45.49064254760742,-0.30811676383018496,1.815496020185492e-8,0.9513485431671143,-2.1043597087100353e-8,1,-2.5898861721884715e-8,-0.9513485431671143,-2.799966836164458e-8,-0.30811676383018496],8,2.1229984760284426],[[756.7954711914063,222.94947814941407,45.53390884399414,-0.18776656687259675,2.124384934631962e-8,0.9822136759757996,-5.999068353190751e-9,1,-2.2775363817117978e-8,-0.9822136759757996,-1.0168818675992953e-8,-0.18776656687259675],8,2.132495641708374],[[756.6657104492188,222.94947814941407,45.56360626220703,-0.13529199361801148,2.1549682927002324e-8,0.9908057451248169,9.207199447303083e-9,1,-2.049243441604176e-8,-0.9908057451248169,6.350084014172808e-9,-0.13529199361801148],8,2.1702628135681154],[[756.0718994140625,222.94947814941407,45.64836883544922,0.06423792988061905,1.9122182948194678e-8,0.9979346394538879,7.788614908577074e-8,1,-2.4175360380240819e-8,-0.9979346394538879,7.927825862452664e-8,0.06423792988061905],8,2.1782381534576418],[[755.93896484375,222.94947814941407,45.64898681640625,0.04389892891049385,2.070746774052168e-8,0.9990359544754028,9.319915506011967e-8,1,-2.482274119586