[[[776,222.69961547851563,47,1,0,0,0,1,0,0,0,1],8,0.007834672927856446],[[776,222.69961547851563,47,1,0,0,0,1,0,0,0,1],8,0.021303892135620118],[[776,222.69961547851563,47,1,0,0,0,1,0,0,0,1],8,0.03630375862121582],[[776,222.69961547851563,47,1,0,0,0,1,0,0,0,1],8,0.05335831642150879],[[776,222.69961547851563,47,1,0,0,0,1,0,0,0,1],8,0.07752418518066406],[[776,222.69961547851563,47,1,0,0,0,1,0,0,0,1],8,0.08830046653747559],[[776,222.69961547851563,47,1,0,0,0,1,0,0,0,1],8,0.10133862495422363],[[776,222.69961547851563,47,1,0,0,0,1,0,0,0,1],8,0.10972213745117188],[[776,222.69961547851563,47,1,0,0,0,1,0,0,0,1],8,0.12060546875],[[776,222.69961547851563,47,1,0,0,0,1,0,0,0,1],8,0.1409914493560791],[[776,222.69961547851563,47,1,0,0,0,1,0,0,0,1],8,0.1477067470550537],[[776,222.69961547851563,47,1,0,0,0,1,0,0,0,1],8,0.16079306602478028],[[776,222.69961547851563,47,1,0,0,0,1,0,0,0,1],8,0.17014694213867188],[[776,222.69961547851563,47,1,0,0,0,1,0,0,0,1],8,0.1829521656036377],[[776,222.69961547851563,47,1,0,0,0,1,0,0,0,1],8,0.19385981559753419],[[776,222.69961547851563,47,-0.9991694688796997,0,0.040747396647930148,0,1,0,-0.040747396647930148,0,-0.9991694688796997],8,0.21672773361206056],[[776,222.69961547851563,47,-0.985120952129364,0,0.17186246812343598,0,1,0,-0.17186246812343598,0,-0.985120952129364],8,0.23968982696533204],[[776,222.69961547851563,47,-0.9741548299789429,0,0.22588123381137849,0,1,0,-0.22588123381137849,0,-0.9741548299789429],8,0.2483837604522705],[[776,222.69961547851563,47,-0.9701966047286987,0,0.24231915175914765,0,1,0,-0.24231915175914765,0,-0.9701966047286987],8,0.2573094367980957],[[775.8432006835938,222.69961547851563,46.960792541503909,-0.9684422612190247,0,0.2492379993200302,0,1,0,-0.2492379993200302,0,-0.9684422612190247],8,0.27460336685180666],[[775.65283203125,222.69961547851563,46.91201400756836,-0.9639114737510681,0,0.2662230134010315,0,1,0,-0.2662230134010315,0,-0.9639114737510681],8,0.2937436103820801],[[775.395751953125,222.69961547851563,46.841739654541019,-0.9586144685745239,0,0.28470736742019656,0,1,0,-0.28470736742019656,0,-0.9586144685745239],8,0.30193495750427248],[[775.203857421875,222.69961547851563,46.78551483154297,-0.9524360299110413,0,0.3047386705875397,0,1,0,-0.3047386705875397,0,-0.9524360299110413],8,0.3160426616668701],[[775.0131225585938,222.69961547851563,46.725364685058597,-0.9491897821426392,0,0.3147042691707611,0,1,0,-0.3147042691707611,0,-0.9491897821426392],8,0.3275291919708252],[[774.8231811523438,222.69961547851563,46.662841796875,-0.9435486197471619,0,0.33123403787612917,0,1,0,-0.33123403787612917,0,-0.9435486197471619],8,0.3424410820007324],[[774.6342163085938,222.69961547851563,46.59724044799805,-0.9388279318809509,0,0.34438660740852358,0,1,0,-0.34438660740852358,0,-0.9388279318809509],8,0.3649003505706787],[[774.2584838867188,222.69961547851563,46.460044860839847,-0.9332987070083618,0,0.3591010570526123,0,1,0,-0.3591010570526123,0,-0.9332987070083618],8,0.37375617027282717],[[774.1338500976563,222.69961547851563,46.41267013549805,-0.9301249980926514,0,0.36724311113357546,0,1,0,-0.36724311113357546,0,-0.9301249980926514],8,0.3844327926635742],[[774.0096435546875,222.69961547851563,46.36405563354492,-0.9242382645606995,0,0.38181617856025698,0,1,0,-0.38181617856025698,0,-0.9242382645606995],8,0.3944070339202881],[[773.8245239257813,222.69961547851563,46.288299560546878,-0.920867383480072,0,0.38987600803375246,0,1,0,-0.38987600803375246,0,-0.920867383480072],8,0.4053959846496582],[[773.70166015625,222.69961547851563,46.23662185668945,-0.9174259901046753,0,0.39790648221969607,0,1,0,-0.39790648221969607,0,-0.9174259901046753],8,0.4142789840698242],[[773.5180053710938,222.69961547851563,46.15739440917969,-0.9103358387947083,0,0.41387033462524416,0,1,0,-0.41387033462524416,0,-0.9103358387947083],8,0.426832914352417],[[773.335693359375,222.69961547851563,46.07524490356445,-0.907425582408905,0,0.4202127456665039,0,1,0,-0.4202127456665039,0,-0.907425582408905],8,0.4396383762359619],[[773.154052734375,222.69961547851563,45.99147415161133,-0.902973473072052,0,0.429696261882782,0,1,0,-0.429696261882782,0,-0.902973473072052],8,0.4523777961730957],[[772.9732666015625,222.69961547851563,45.90591049194336,-0.9014649391174316,0,0.4328520596027374,0,1,0,-0.4328520596027374,0,-0.9014649391174316],8,0.46444129943847659],[[772.7327880859375,222.69961547851563,45.790626525878909,-0.9007096290588379,0,0.43442168831825259,0,1,0,-0.43442168831825259,0,-0.9007096290588379],8,0.478900671005249],[[772.5526123046875,222.69961547851563,45.70380401611328,-0.9007098078727722,0,0.43442127108573916,0,1,0,-0.43442127108573916,0,-0.9007098078727722],8,0.4943501949310303],[[772.3724365234375,222.69961547851563,45.616920471191409,-0.9007098078727722,0,0.43442127108573916,0,1,0,-0.43442127108573916,0,-0.9007098078727722],8,0.5039458274841309],[[772.1922607421875,222.69961547851563,45.53003692626953,-0.9044694304466248,0,0.4265384376049042,0,1,0,-0.4265384376049042,0,-0.9044694304466248],8,0.5180244445800781],[[772.0115356445313,222.69961547851563,45.444427490234378,-0.9066921472549439,0,0.42179301381111147,0,1,0,-0.42179301381111147,0,-0.9066921472549439],8,0.5294208526611328],[[771.8907470703125,222.69961547851563,45.38801193237305,-0.9096159338951111,0,0.41545024514198305,0,1,0,-0.41545024514198305,0,-0.9096159338951111],8,0.539513349533081],[[771.708984375,222.69961547851563,45.30465316772461,-0.9167338609695435,0,0.39949852228164675,0,1,0,-0.39949852228164675,0,-0.9167338609695435],8,0.5525856018066406],[[771.5259399414063,222.69961547851563,45.2241325378418,-0.9249057769775391,0,0.3801964521408081,0,1,0,-0.3801964521408081,0,-0.9249057769775391],8,0.5627336502075195],[[771.2796020507813,222.69961547851563,45.12195587158203,-0.9294842481613159,0,0.3688618540763855,0,1,0,-0.3688618540763855,0,-0.9294842481613159],8,0.5791873931884766],[[771.1558227539063,222.69961547851563,45.07237243652344,-0.9400258660316467,0,0.34110310673713686,0,1,0,-0.34110310673713686,0,-0.9400258660316467],8,0.5914530754089356],[[770.9055786132813,222.69961547851563,44.980262756347659,-0.9519020318984985,0,0.30640262365341189,0,1,0,-0.30640262365341189,0,-0.9519020318984985],8,0.6054732799530029],[[770.7156372070313,222.69961547851563,44.91764831542969,-0.9576123952865601,0,0.28805994987487795,0,1,0,-0.28805994987487795,0,-0.9576123952865601],8,0.617112398147583],[[770.5243530273438,222.69961547851563,44.85926818847656,-0.9684100151062012,0,0.2493632733821869,0,1,0,-0.2493632733821869,0,-0.9684100151062012],8,0.6300413608551025],[[770.2019653320313,222.69961547851563,44.77456283569336,-0.981166660785675,0,0.1931631714105606,0,1,0,-0.1931631714105606,0,-0.981166660785675],8,0.6504271030426025],[[770.0715942382813,222.69961547851563,44.746864318847659,-0.9843913316726685,0,0.17599347233772279,0,1,0,-0.17599347233772279,0,-0.9843913316726685],8,0.6612701416015625],[[769.8754272460938,222.67919921875,44.70793151855469,-0.9873144626617432,0,0.1587768793106079,0,1,0,-0.1587768793106079,0,-0.9873144626617432],8,0.6733627319335938],[[769.6791381835938,222.62811279296876,44.66928482055664,-0.9920399785041809,0,0.12592317163944245,0,1,0,-0.12592317163944245,0,-0.9920399785041809],8,0.6853947639465332],[[769.4174194335938,223.50123596191407,44.61777114868164,-0.9948216676712036,0,0.10163559764623642,0,1,0,-0.10163559764623642,0,-0.9948216676712036],3,0.7021801471710205],[[769.1530151367188,224.32325744628907,44.58494567871094,-0.9856855869293213,0,0.16859379410743714,0,1,0,-0.16859379410743714,0,-0.9856855869293213],5,0.7293031215667725],[[768.7542724609375,225.4541015625,44.552947998046878,-0.9720133543014526,0,0.2349255084991455,0,1,0,-0.2349255084991455,0,-0.9720133543014526],5,0.7416279315948486],[[768.5545654296875,225.97354125976563,44.54314422607422,-0.9913381338119507,0,0.13133443892002107,0,1,0,-0.13133443892002107,0,-0.9913381338119507],5,0.7549896240234375],[[768.3546142578125,226.4623260498047,44.536293029785159,-0.9936632513999939,0,0.11239802092313767,0,1,0,-0.11239802092313767,0,-0.9936632513999939],5,0.7683677673339844],[[768.2213134765625,226.77114868164063,44.53391647338867,-0.9978640079498291,0,0.065325066447258,0,1,0,-0.065325066447258,0,-0.9978640079498291],5,0.777597188949585],[[768.0213623046875,227.20883178710938,44.533531188964847,-0.9957982301712036,0,0.09157425910234451,0,1,0,-0.09157425910234451,0,-0.9957982301712036],5,0.7884697914123535],[[767.8880615234375,227.4835968017578,44.534358978271487,-0.9987674355506897,0,0.049634385854005817,0,1,0,-0.049634385854005817,0,-0.9987674355506897],5,0.7986035346984863],[[767.6881103515625,227.87017822265626,44.537384033203128,-0.997373640537262,0,0.07242788374423981,0,1,0,-0.07242788374423981,0,-0.997373640537262],5,0.809777021408081],[[767.5548095703125,228.1108856201172,44.54066848754883,-0.9998341202735901,0,0.01821330189704895,0,1,0,-0.01821330189704895,0,-0.9998341202735901],5,0.8197267055511475],[[767.3550415039063,228.44638061523438,44.549495697021487,-0.998672604560852,0,0.05150767043232918,0,1,0,-0.05150767043232918,0,-0.998672604560852],5,0.8288619518280029],[[767.2218627929688,228.65301513671876,44.555908203125,-0.9999820590019226,0,0.005992411635816097,0,1,0,-0.005992411635816097,0,-0.9999820590019226],5,0.8421921730041504],[[766.9556884765625,229.02540588378907,44.57158660888672,-0.9994152784347534,0,0.0341927669942379,0,1,0,-0.0341927669942379,0,-0.9994152784347534],5,0.8547525405883789],[[766.8229370117188,229.191162109375,44.58345031738281,-0.9988409280776978,0,-0.048132747411727908,0,1,0,0.048132747411727908,0,-0.9988409280776978],5,0.8659789562225342],[[766.6242065429688,229.4142608642578,44.605560302734378,-0.9988471269607544,0,-0.048004016280174258,0,1,0,0.048004016280174258,0,-0.9988471269607544],5,0.8776190280914307],[[766.4262084960938,229.60670471191407,44.633758544921878,-0.9977402091026306,0,-0.06718942523002625,0,1,0,0.06718942523002625,0,-0.9977402091026306],5,0.8919112682342529],[[766.2288818359375,229.7684783935547,44.66625213623047,-0.9942362308502197,0,-0.10721132904291153,0,1,0,0.10721132904291153,0,-0.9942362308502197],5,0.9026925563812256],[[766.0328979492188,229.89959716796876,44.70589065551758,-0.9913179874420166,0,-0.13148614764213563,0,1,0,0.13148614764213563,0,-0.9913179874420166],5,0.9145960807800293],[[765.773193359375,230.02674865722657,44.766136169433597,-0.9855552315711975,0,-0.16935430467128755,0,1,0,0.16935430467128755,0,-0.9855552315711975],5,0.930147647857666],[[765.6451416015625,230.06988525390626,44.80289077758789,-0.9720920324325562,0,-0.23459970951080323,0,1,0,0.23459970951080323,0,-0.9720920324325562],5,0.9401392936706543],[[765.3905029296875,230.1152801513672,44.882076263427737,-0.974556565284729,0,-0.22414164245128632,0,1,0,0.22414164245128632,0,-0.974556565284729],5,0.9567735195159912],[[765.2025756835938,230.11355590820313,44.95039749145508,-0.962397038936615,0,-0.271646648645401,0,1,0,0.271646648645401,0,-0.962397038936615],5,0.977938175201416],[[764.8922119140625,230.04257202148438,45.07181167602539,-0.9688136577606201,0,-0.24779032170772553,0,1,0,0.24779032170772553,0,-0.9688136577606201],5,0.9881517887115479],[[764.769775390625,229.99034118652345,45.12447738647461,-0.9343680739402771,0,-0.35630926489830019,0,1,0,0.35630926489830019,0,-0.9343680739402771],5,0.9962232112884522],[[764.6483154296875,229.92446899414063,45.17955017089844,-0.9292978644371033,0,-0.36933109164237978,0,1,0,0.36933109164237978,0,-0.9292978644371033],5,1.006382942199707],[[764.467529296875,229.8001251220703,45.265052795410159,-0.9356502294540405,0,-0.3529287278652191,0,1,0,0.3529287278652191,0,-0.9356502294540405],5,1.0182945728302003],[[764.2880859375,229.64512634277345,45.3533935546875,-0.929987907409668,0,-0.367590069770813,0,1,0,0.367590069770813,0,-0.929987907409668],5,1.0292842388153077],[[764.1100463867188,229.45947265625,45.444541931152347,-0.9200387597084045,0,-0.39182740449905398,0,1,0,0.39182740449905398,0,-0.9200387597084045],5,1.0446982383728028],[[763.934326171875,229.2431640625,45.53997039794922,-0.9151785373687744,0,-0.40304863452911379,0,1,0,0.40304863452911379,0,-0.9151785373687744],5,1.0546472072601319],[[763.760009765625,228.99620056152345,45.63798522949219,-0.902808427810669,0,-0.43004292249679568,0,1,0,0.43004292249679568,0,-0.902808427810669],5,1.0682651996612549],[[763.5883178710938,228.71856689453126,45.74058532714844,-0.8990187644958496,0,-0.4379100799560547,0,1,0,0.4379100799560547,0,-0.8990187644958496],5,1.0806307792663575],[[763.4179077148438,228.4102783203125,45.8453369140625,-0.8912333250045776,0,-0.45354515314102175,0,1,0,0.45354515314102175,0,-0.8912333250045776],5,1.0964748859405518],[[763.193115234375,227.95155334472657,45.98879623413086,-0.8990744352340698,0,-0.4377957880496979,0,1,0,0.4377957880496979,0,-0.8990744352340698],5,1.1093826293945313],[[763.0262451171875,227.57174682617188,46.098960876464847,-0.880704939365387,0,-0.473665326833725,0,1,0,0.473665326833725,0,-0.880704939365387],5,1.124715805053711],[[762.8602905273438,227.16127014160157,46.210548400878909,-0.8756919503211975,0,-0.4828702211380005,0,1,0,0.4828702211380005,0,-0.8756919503211975],5,1.134568214416504],[[762.585693359375,226.40902709960938,46.39947509765625,-0.9044148325920105,0,-0.4266541600227356,0,1,0,0.4266541600227356,0,-0.9044148325920105],5,1.154533863067627],[[762.4761352539063,226.08428955078126,46.47547149658203,-0.8582244515419006,0,-0.5132745504379273,0,1,0,0.5132745504379273,0,-0.8582244515419006],5,1.1648287773132325],[[762.3486938476563,225.9910430908203,46.56382369995117,-0.8437753319740295,0,-0.5366964936256409,0,1,0,0.5366964936256409,0,-0.8437753319740295],7,1.1768488883972169],[[762.2310791015625,225.98611450195313,46.64503479003906,-0.8379645943641663,0,-0.5457245707511902,0,1,0,0.5457245707511902,0,-0.8379645943641663],7,1.1884739398956299],[[762.1325073242188,225.9858856201172,46.71086120605469,-0.8440611362457275,0,-0.5362469553947449,0,1,0,0.5362469553947449,0,-0.8440611362457275],7,1.1999993324279786],[[761.9739379882813,225.98583984375,46.812686920166019,-0.8556506633758545,0,-0.5175538063049316,0,1,0,0.5175538063049316,0,-0.8556506633758545],7,1.2102701663970948],[[761.8740234375,225.9461212158203,46.87407302856445,-0.8838485479354858,0,-0.4677731692790985,0,1,0,0.4677731692790985,0,-0.8838485479354858],8,1.222923994064331],[[761.6721801757813,225.9319610595703,46.9832763671875,-0.899631142616272,0,-0.43665069341659548,0,1,0,0.43665069341659548,0,-0.899631142616272],8,1.2331466674804688],[[761.5693969726563,225.891845703125,47.03437805175781,-0.9292032122612,0,-0.36956921219825747,0,1,0,0.36956921219825747,0,-0.9292032122612],8,1.2447011470794678],[[761.4093627929688,225.79537963867188,47.10078430175781,-0.9415462613105774,0,-0.3368837535381317,0,1,0,0.3368837535381317,0,-0.9415462613105774],8,1.2563276290893555],[[761.245849609375,225.6682586669922,47.16063690185547,-0.9613364934921265,0,-0.2753763198852539,0,1,0,0.2753763198852539,0,-0.9613364934921265],8,1.2681617736816407],[[761.017822265625,225.64134216308595,47.22831726074219,-0.9682220220565796,0,-0.2500922679901123,0,1,0,0.2500922679901123,0,-0.9682220220565796],8,1.284128189086914],[[760.8447875976563,225.57205200195313,47.273983001708987,-0.9771162867546082,0,-0.21270567178726197,0,1,0,0.21270567178726197,0,-0.9771162867546082],8,1.2974650859832764],[[760.6703491210938,225.4651641845703,47.31333541870117,-0.9836346507072449,0,-0.1801745444536209,0,1,0,0.1801745444536209,0,-0.9836346507072449],8,1.3104488849639893],[[760.494873046875,225.3523712158203,47.34669876098633,-0.9866313934326172,0,-0.162967711687088,0,1,0,0.162967711687088,0,-0.9866313934326172],8,1.3224287033081055],[[760.3187866210938,225.35231018066407,47.37644958496094,-0.9925957918167114,0,-0.1214643344283104,0,1,0,0.1214643344283104,0,-0.9925957918167114],8,1.33670973777771],[[760.0827026367188,225.42416381835938,47.40685272216797,-0.9974725842475891,0,-0.07105258107185364,0,1,0,0.07105258107185364,0,-0.9974725842475891],8,1.3511035442352296],[[759.964111328125,225.47206115722657,47.4168815612793,-0.9990687370300293,0,-0.04314666986465454,0,1,0,0.04314666986465454,0,-0.9990687370300293],8,1.3596575260162354],[[759.7858276367188,225.5517578125,47.4257698059082,-0.9998683333396912,0,0.016228634864091874,0,1,0,-0.016228634864091874,0,-0.9998683333396912],8,1.3722176551818848],[[759.6827392578125,225.5913543701172,47.42597198486328,-0.9990999698638916,0,0.042417388409376147,0,1,0,-0.042417388409376147,0,-0.9990999698638916],8,1.3816449642181397],[[759.5355224609375,225.6126708984375,47.4207649230957,-0.9977647066116333,0,0.06682486087083817,0,1,0,-0.06682486087083817,0,-0.9977647066116333],8,1.3925275802612305],[[759.4380493164063,225.59788513183595,47.41490173339844,-0.9944599866867065,0,0.1051158457994461,0,1,0,-0.1051158457994461,0,-0.9944599866867065],8,1.4051165580749512],[[759.2922973632813,225.5404052734375,47.40066909790039,-0.9928942918777466,0,0.11899953335523606,0,1,0,-0.11899953335523606,0,-0.9928942918777466],8,1.4153239727020264],[[759.0983276367188,225.4137725830078,47.377891540527347,-0.9899374842643738,0,0.14150547981262208,0,1,0,-0.14150547981262208,0,-0.9899374842643738],8,1.4296293258666993],[[758.9529418945313,226.06605529785157,47.36050796508789,-0.9884001612663269,0,0.15187199413776399,0,1,0,-0.15187199413776399,0,-0.9884001612663269],3,1.4455676078796387],[[758.7349243164063,226.88807678222657,47.331336975097659,-0.9658804535865784,0,0.25898823142051699,0,1,0,-0.25898823142051699,0,-0.9658804535865784],5,1.4670536518096924],[[758.4818725585938,227.6555938720703,47.29022216796875,-0.9505172967910767,0,0.3106715977191925,0,1,0,-0.3106715977191925,0,-0.9505172967910767],5,1.4751660823822022],[[758.4164428710938,227.83895874023438,47.278297424316409,-0.9750289916992188,0,0.22207769751548768,0,1,0,-0.22207769751548768,0,-0.9750289916992188],5,1.482179880142212],[[758.2201538085938,228.36862182617188,47.240760803222659,-0.9580876231193543,0,0.286475270986557,0,1,0,-0.286475270986557,0,-0.9580876231193543],5,1.491131067276001],[[758.0892944335938,228.70469665527345,47.215484619140628,-0.966140627861023,0,0.2580161690711975,0,1,0,-0.2580161690711975,0,-0.966140627861023],5,1.5024025440216065],[[757.8930053710938,229.18325805664063,47.17698669433594,-0.9564946889877319,0,0.2917497158050537,0,1,0,-0.2917497158050537,0,-0.9564946889877319],5,1.5124273300170899],[[757.7622680664063,229.4852752685547,47.15106964111328,-0.964301586151123,0,0.2648064196109772,0,1,0,-0.2648064196109772,0,-0.964301586151123],5,1.5243911743164063],[[757.5662841796875,229.91273498535157,47.111270904541019,-0.9539028406143189,0,0.30011555552482607,0,1,0,-0.30011555552482607,0,-0.9539028406143189],5,1.534078598022461],[[757.4356689453125,230.18067932128907,47.08427429199219,-0.9624283909797669,0,0.271535724401474,0,1,0,-0.271535724401474,0,-0.9624283909797669],5,1.544055461883545],[[757.2399291992188,230.5570526123047,47.04305648803711,-0.9512468576431274,0,0.30843061208724978,0,1,0,-0.30843061208724978,0,-0.9512468576431274],5,1.5553512573242188],[[757.0443725585938,230.90277099609376,47.00086212158203,-0.9496170282363892,0,0.31341275572776797,0,1,0,-0.31341275572776797,0,-0.9496170282363892],5,1.5672857761383057],[[756.84912109375,231.21783447265626,46.957645416259769,-0.9462801814079285,0,0.323347806930542,0,1,0,-0.323347806930542,0,-0.9462801814079285],5,1.5786304473876954],[[756.7191772460938,231.4108428955078,46.927696228027347,-0.953417181968689,0,0.30165496468544009,0,1,0,-0.30165496468544009,0,-0.953417181968689],5,1.590388298034668],[[756.5248413085938,231.6748046875,46.880638122558597,-0.9416701197624207,0,0.33653733134269717,0,1,0,-0.33653733134269717,0,-0.9416701197624207],5,1.6013922691345215],[[756.3953857421875,231.83375549316407,46.848655700683597,-0.9523575901985169,0,0.30498355627059939,0,1,0,-0.30498355627059939,0,-0.9523575901985169],5,1.611879587173462],[[756.2012939453125,232.046630859375,46.800498962402347,-0.9416701793670654,0,0.3365371525287628,0,1,0,-0.3365371525287628,0,-0.9416701793670654],5,1.624739646911621],[[756.0072021484375,232.22885131835938,46.7523193359375,-0.9416700601577759,0,0.3365374803543091,0,1,0,-0.3365374803543091,0,-0.9416700601577759],5,1.635122537612915],[[755.6837158203125,232.46441650390626,46.672019958496097,-0.9171727299690247,0,0.39848992228507998,0,1,0,-0.39848992228507998,0,-0.9171727299690247],5,1.6552245616912842],[[755.5543212890625,232.53480529785157,46.63990020751953,-0.9523576498031616,0,0.304983526468277,0,1,0,-0.304983526468277,0,-0.9523576498031616],5,1.6620984077453614],[[755.4249267578125,232.59156799316407,46.60778045654297,-0.9523577094078064,0,0.3049832880496979,0,1,0,-0.3049832880496979,0,-0.9523577094078064],5,1.6712870597839356],[[755.2955322265625,232.63470458984376,46.575660705566409,-0.9523577094078064,0,0.3049832880496979,0,1,0,-0.3049832880496979,0,-0.9523577094078064],5,1.6817913055419922],[[755.1014404296875,232.67385864257813,46.52748107910156,-0.9416701197624207,0,0.33653736114501955,0,1,0,-0.33653736114501955,0,-0.9416701197624207],5,1.6936607360839844],[[754.9720458984375,232.6829376220703,46.495361328125,-0.9523575901985169,0,0.30498358607292178,0,1,0,-0.30498358607292178,0,-0.9523575901985169],5,1.7018859386444092],[[754.7779541015625,232.67098999023438,46.447181701660159,-0.9416701793670654,0,0.3365371823310852,0,1,0,-0.3365371823310852,0,-0.9416701793670654],5,1.7145185470581055],[[754.5838623046875,232.62840270996095,46.39900207519531,-0.9416700601577759,0,0.33653751015663149,0,1,0,-0.33653751015663149,0,-0.9416700601577759],5,1.7259132862091065],[[754.4544677734375,232.58297729492188,46.36688232421875,-0.9523577094078064,0,0.3049832880496979,0,1,0,-0.3049832880496979,0,-0.9523577094078064],5,1.7366728782653809],[[754.2603759765625,232.48928833007813,46.318702697753909,-0.9416701197624207,0,0.33653736114501955,0,1,0,-0.33653736114501955,0,-0.9416701197624207],5,1.7512235641479493],[[754.0015869140625,232.31668090820313,46.25446319580078,-0.9299374222755432,0,0.36771783232688906,0,1,0,-0.36771783232688906,0,-0.9299374222755432],5,1.7755637168884278],[[753.6781005859375,232.0242919921875,46.174163818359378,-0.9164765477180481,0,0.4000883996486664,0,1,0,-0.4000883996486664,0,-0.9164765477180481],5,1.7857234477996827],[[753.4840087890625,231.8079833984375,46.12571334838867,-0.9392960667610169,0,0.34310775995254519,0,1,0,-0.34310775995254519,0,-0.9392960667610169],5,1.8057992458343506],[[753.2256469726563,231.4718780517578,46.05986785888672,-0.9247077703475952,0,0.3806777894496918,0,1,0,-0.3806777894496918,0,-0.9247077703475952],5,1.8134517669677735],[[753.0966186523438,231.28338623046876,46.02617645263672,-0.9463240504264832,0,0.323219358921051,0,1,0,-0.323219358921051,0,-0.9463240504264832],5,1.823068380355835],[[752.9677734375,231.08126831054688,45.991783142089847,-0.9463240504264832,0,0.323219358921051,0,1,0,-0.323219358921051,0,-0.9463240504264832],5,1.8298797607421876],[[752.8389892578125,230.8655242919922,45.95721435546875,-0.9428826570510864,0,0.33312511444091799,0,1,0,-0.33312511444091799,0,-0.9428826570510864],5,1.8413960933685303],[[752.6463012695313,230.51637268066407,45.90367889404297,-0.9267392158508301,0,0.3757052421569824,0,1,0,-0.3757052421569824,0,-0.9267392158508301],5,1.8513813018798829],[[752.5181884765625,230.26657104492188,45.86658477783203,-0.9363097548484802,0,0.3511752486228943,0,1,0,-0.3511752486228943,0,-0.9363097548484802],5,1.8618099689483643],[[752.2627563476563,229.72608947753907,45.790103912353519,-0.9079424142837524,0,0.41909489035606387,0,1,0,-0.41909489035606387,0,-0.9079424142837524],5,1.8744583129882813],[[752.13525390625,229.43540954589845,45.751041412353519,-0.9293878078460693,0,0.36910480260849,0,1,0,-0.36910480260849,0,-0.9293878078460693],5,1.8843698501586915],[[752.0082397460938,229.131103515625,45.71062088012695,-0.928093433380127,0,0.3723473846912384,0,1,0,-0.3723473846912384,0,-0.928093433380127],5,1.8943827152252198],[[751.8179931640625,228.64910888671876,45.64887237548828,-0.9151754975318909,0,0.4030556082725525,0,1,0,-0.4030556082725525,0,-0.9151754975318909],5,1.9058551788330079],[[751.6277465820313,228.13645935058595,45.586936950683597,-0.9151754379272461,0,0.40305569767951968,0,1,0,-0.40305569767951968,0,-0.9151754379272461],5,1.9164695739746094],[[751.5009155273438,227.77764892578126,45.54563903808594,-0.9280933737754822,0,0.37234753370285036,0,1,0,-0.37234753370285036,0,-0.9280933737754822],5,1.9270906448364258],[[751.3740844726563,227.4052276611328,45.50434112548828,-0.9280933737754822,0,0.37234753370285036,0,1,0,-0.37234753370285036,0,-0.9280933737754822],5,1.9358794689178467],[[751.1204223632813,226.61949157714845,45.42174530029297,-0.9004851579666138,0,0.43488678336143496,0,1,0,-0.43488678336143496,0,-0.9004851579666138],5,1.950047492980957],[[750.8670043945313,225.77926635742188,45.338775634765628,-0.9012398719787598,0,0.4333206117153168,0,1,0,-0.4333206117153168,0,-0.9012398719787598],5,1.9666924476623536],[[750.6768798828125,225.1133270263672,45.27676773071289,-0.918662965297699,0,0.39504218101501467,0,1,0,-0.39504218101501467,0,-0.918662965297699],5,1.984407663345337],[[750.3592529296875,223.935302734375,45.17596435546875,-0.8989063501358032,0,0.4381408393383026,0,1,0,-0.4381408393383026,0,-0.8989063501358032],5,1.9986469745635987],[[750.1676635742188,223.1876220703125,45.11865997314453,-0.9286971092224121,0,0.3708392083644867,0,1,0,-0.3708392083644867,0,-0.9286971092224121],5,2.0143344402313234],[[750.0396118164063,222.67213439941407,45.0815544128418,-0.947449803352356,0,0.3199044167995453,0,1,0,-0.3199044167995453,0,-0.947449803352356],5,2.024506092071533],[[749.8465576171875,221.87335205078126,45.0295295715332,-0.9392985701560974,0,0.34310081601142886,0,1,0,-0.34310081601142886,0,-0.9392985701560974],5,2.0338854789733888],[[749.7174682617188,221.3238067626953,44.996177673339847,-0.9555044770240784,0,0.2949766218662262,0,1,0,-0.2949766218662262,0,-0.9555044770240784],5,2.043452024459839],[[749.5245971679688,220.4739227294922,44.94970703125,-0.9660243391990662,0,0.2584511637687683,0,1,0,-0.2584511637687683,0,-0.9660243391990662],7,2.054548740386963],[[749.3958740234375,220.25852966308595,44.920040130615237,-0.9752001166343689,0,0.22132481634616853,0,1,0,-0.22132481634616853,0,-0.9752001166343689],7,2.0650579929351808],[[749.2025146484375,220.26954650878907,44.87706756591797,-0.978935718536377,0,0.20416872203350068,0,1,0,-0.20416872203350068,0,-0.978935718536377],7,2.076657772064209],[[749.0079345703125,220.32859802246095,44.8364372253418,-0.9803916215896606,0,0.1970590204000473,0,1,0,-0.1970590204000473,0,-0.9803916215896606],7,2.089279890060425],[[748.8135375976563,220.38958740234376,44.79723358154297,-0.9834403395652771,0,0.18123219907283784,0,1,0,-0.18123219907283784,0,-0.9834403395652771],8,2.101156711578369],[[748.61865234375,220.4322967529297,44.76073455810547,-0.985299825668335,0,0.17083393037319184,0,1,0,-0.17083393037319184,0,-0.985299825668335],8,2.113365411758423],[[748.4884643554688,220.44839477539063,44.73777389526367,-0.9894387125968933,0,0.14495167136192323,0,1,0,-0.14495167136192323,0,-0.9894387125968933],8,2.129645586013794],[[748.1614990234375,220.44586181640626,44.68877410888672,-0.9938987493515015,0,0.11029604077339173,0,1,0,-0.11029604077339173,0,-0.9938987493515015],8,2.1407105922698976],[[747.898681640625,220.4142608642578,44.65822982788086,-0.9971442222595215,0,0.07552047073841095,0,1,0,-0.07552047073841095,0,-0.9971442222595215],8,2.1606099605560304],[[747.7667846679688,220.3985595703125,44.64702224731445,-0.999173641204834,0,0.040645066648721698,0,1,0,-0.040645066648721698,0,-0.999173641204834],8,2.169074773788452],[[747.568359375,220.37612915039063,44.637447357177737,-0.9997308850288391,0,0.023198135197162629,0,1,0,-0.023198135197162629,0,-0.9997308850288391],8,2.1804463863372804],[[747.4359130859375,220.36158752441407,44.633705139160159,-0.9999920725822449,0,0.003978660795837641,0,1,0,-0.003978660795837641,0,-0.9999920725822449],8,2.190347671508789],[[747.237060546875,220.34043884277345,44.63208770751953,-0.9998840093612671,0,-0.015231381170451641,0,1,0,0.015231381170451641,0,-0.9998840093612671],8,2.2049238681793215],[[746.971923828125,220.31312561035157,44.63533401489258,-0.9986528754234314,0,-0.051888637244701388,0,1,0,0.051888637244701388,0,-0.9986528754234314],8,2.2181789875030519],[[746.7730712890625,220.29371643066407,44.64426803588867,-0.9963816404342651,0,-0.08499167859554291,0,1,0,0.08499167859554291,0,-0.9963816404342651],8,2.2305421829223635],[[746.6406860351563,220.2706756591797,44.65435028076172,-0.9949221014976502,0,-0.10064781457185745,0,1,0,0.10064781457185745,0,-0.9949221014976502],8,2.240617275238037],[[746.4423828125,220.23680114746095,44.67362594604492,-0.9914954304695129,0,-0.13014169037342072,0,1,0,0.13014169037342072,0,-0.9914954304695129],8,2.253019094467163],[[746.24462890625,220.2192840576172,44.69841384887695,-0.9895793795585632,0,-0.14398835599422456,0,1,0,0.14398835599422456,0,-0.9895793795585632],8,2.264263391494751],[[746.0487670898438,220.18209838867188,44.7263069152832,-0.9851685166358948,0,-0.1715896725654602,0,1,0,0.1715896725654602,0,-0.9851685166358948],8,2.2768757343292238],[[745.9189453125,220.14027404785157,44.747920989990237,-0.9829976558685303,0,-0.18361802399158479,0,1,0,0.18361802399158479,0,-0.9829976558685303],8,2.286998987197876],[[745.72314453125,220.11949157714845,44.78387451171875,-0.98033607006073,0,-0.19733531773090363,0,1,0,0.19733531773090363,0,-0.98033607006073],8,2.2974205017089845],[[745.5927124023438,220.1143035888672,44.80961608886719,-0.9748294353485107,0,-0.22295206785202027,0,1,0,0.22295206785202027,0,-0.9748294353485107],8,2.308367967605591],[[745.3330688476563,220.09738159179688,44.86785888671875,-0.9724380373954773,0,-0.2331615835428238,0,1,0,0.2331615835428238,0,-0.9724380373954773],8,2.3203046321868898],[[745.2047119140625,220.0798797607422,44.89824295043945,-0.9673382043838501,0,-0.2534891664981842,0,1,0,0.2534891664981842,0,-0.9673382043838501],8,2.332336902618408],[[745.013671875,220.03013610839845,44.94743728637695,-0.9646303057670593,0,-0.2636064887046814,0,1,0,0.2636064887046814,0,-0.9646303057670593],8,2.3455147743225099],[[744.7572021484375,220.01174926757813,45.01705551147461,-0.9583945870399475,0,-0.2854466736316681,0,1,0,0.2854466736316681,0,-0.9583945870399475],8,2.3572885990142824],[[744.62939453125,220.01210021972657,45.054298400878909,-0.9553513526916504,0,-0.2954722046852112,0,1,0,0.2954722046852112,0,-0.9553513526916504],8,2.3683741092681886],[[744.4384155273438,220.01988220214845,45.11281967163086,-0.9494994878768921,0,-0.31376850605010989,0,1,0,0.31376850605010989,0,-0.9494994878768921],8,2.380716562271118],[[744.2864379882813,219.92274475097657,45.160518646240237,-0.9467229843139648,0,-0.3220491111278534,0,1,0,0.3220491111278534,0,-0.9467229843139648],8,2.3975400924682619],[[744.1953735351563,220.78564453125,45.189937591552737,-0.9367456436157227,0,-0.35001084208488467,0,1,0,0.35001084208488467,0,-0.9367456436157227],3,2.4161314964294435],[[744.046875,221.78762817382813,45.240623474121097,-0.9675557613372803,0,-0.25265753269195559,0,1,0,0.25265753269195559,0,-0.9675557613372803],5,2.4444000720977785],[[743.8870849609375,222.52789306640626,45.29892349243164,-0.9640312790870667,0,-0.26578882336616518,0,1,0,0.26578882336616518,0,-0.9640312790870667],5,2.4520270824432375],[[743.7938232421875,222.87759399414063,45.33472442626953,-0.9450281858444214,0,-0.32698890566825869,0,1,0,0.32698890566825869,0,-0.9450281858444214],5,2.460981607437134],[[743.5811767578125,223.53611755371095,45.420528411865237,-0.9647373557090759,0,-0.26321449875831606,0,1,0,0.26321449875831606,0,-0.9647373557090759],5,2.476208209991455],[[743.4622192382813,223.84494018554688,45.470298767089847,-0.9439570903778076,0,-0.3300682604312897,0,1,0,0.3300682604312897,0,-0.9439570903778076],5,2.484733819961548],[[743.3400268554688,224.14013671875,45.522186279296878,-0.9439592361450195,0,-0.3300620913505554,0,1,0,0.3300620913505554,0,-0.9439592361450195],5,2.495277166366577],[[743.2174682617188,224.4217071533203,45.57442092895508,-0.9439601302146912,0,-0.3300594985485077,0,1,0,0.3300594985485077,0,-0.9439601302146912],5,2.5039916038513185],[[743.033447265625,224.81851196289063,45.65284729003906,-0.9549527764320374,0,-0.29675787687301638,0,1,0,0.29675787687301638,0,-0.9549527764320374],5,2.5127530097961427],[[742.7880859375,225.29991149902345,45.75706100463867,-0.9656818509101868,0,-0.2597277760505676,0,1,0,0.2597277760505676,0,-0.9656818509101868],5,2.5283093452453615],[[742.6036376953125,225.6251983642578,45.83439254760742,-0.9604763984680176,0,-0.27836138010025027,0,1,0,0.27836138010025027,0,-0.9604763984680176],5,2.542174816131592],[[742.4801025390625,225.82501220703126,45.88455581665039,-0.9564563035964966,0,-0.29187560081481936,0,1,0,0.29187560081481936,0,-0.9564563035964966],5,2.5526814460754396],[[742.2310791015625,226.18377685546876,45.97997283935547,-0.9786824584007263,0,-0.20537914335727693,0,1,0,0.20537914335727693,0,-0.9786824584007263],5,2.5667507648468019],[[742.0429077148438,226.41709899902345,46.04751205444336,-0.9741329550743103,0,-0.22597573697566987,0,1,0,0.22597573697566987,0,-0.9741329550743103],5,2.580836534500122],[[741.853759765625,226.6197509765625,46.11240005493164,-0.9790116548538208,0,-0.20380431413650514,0,1,0,0.20380431413650514,0,-0.9790116548538208],5,2.5912418365478517],[[741.726806640625,226.73782348632813,46.153228759765628,-0.9733075499534607,0,-0.2295048087835312,0,1,0,0.2295048087835312,0,-0.9733075499534607],5,2.6006765365600588],[[741.5994262695313,226.84226989746095,46.19274139404297,-0.9744967818260193,0,-0.2244015783071518,0,1,0,0.2244015783071518,0,-0.9744967818260193],5,2.609959840774536],[[741.4718627929688,226.93309020996095,46.231468200683597,-0.9744967818260193,0,-0.2244015783071518,0,1,0,0.2244015783071518,0,-0.9744967818260193],5,2.6205508708953859],[[741.2803344726563,227.0437774658203,46.28926086425781,-0.9814308285713196,0,-0.19181646406650544,0,1,0,0.19181646406650544,0,-0.9814308285713196],5,2.6283531188964845],[[741.1526489257813,227.1005401611328,46.32776641845703,-0.9744967222213745,0,-0.22440169751644135,0,1,0,0.22440169751644135,0,-0.9744967222213745],5,2.642031669616699],[[740.7695922851563,227.18907165527345,46.44328308105469,-0.9959916472434998,0,-0.08944655954837799,0,1,0,0.08944655954837799,0,-0.9959916472434998],5,2.6637141704559328],[[740.641845703125,227.1913299560547,46.4814567565918,-0.9767957329750061,0,-0.21417304873466493,0,1,0,0.21417304873466493,0,-0.9767957329750061],5,2.674724578857422],[[740.4498291015625,227.16917419433595,46.5374755859375,-0.9846326112747192,0,-0.17463837563991548,0,1,0,0.17463837563991548,0,-0.9846326112747192],5,2.6946861743927],[[740.1932983398438,227.09194946289063,46.610286712646487,-0.9934772253036499,0,-0.11403065919876099,0,1,0,0.11403065919876099,0,-0.9934772253036499],5,2.701586961746216],[[740.0642700195313,227.03289794921876,46.643890380859378,-0.9866734147071838,0,-0.16271327435970307,0,1,0,0.16271327435970307,0,-0.9866734147071838],5,2.713125705718994],[[739.8697509765625,226.9187774658203,46.69029235839844,-0.9962651133537293,0,-0.0863473117351532,0,1,0,0.0863473117351532,0,-0.9962651133537293],5,2.723592758178711],[[739.739013671875,226.82565307617188,46.71651077270508,-0.9951226711273193,0,-0.09864535182714462,0,1,0,0.09864535182714462,0,-0.9951226711273193],5,2.731733560562134],[[739.607666015625,226.7189178466797,46.7393913269043,-0.9951226711273193,0,-0.09864512830972672,0,1,0,0.09864512830972672,0,-0.9951226711273193],5,2.740787982940674],[[739.4104614257813,226.53326416015626,46.7724723815918,-0.9994204640388489,0,-0.03403938561677933,0,1,0,0.03403938561677933,0,-0.9994204640388489],5,2.751339912414551],[[739.2784423828125,226.39247131347657,46.79136276245117,-0.998281717300415,0,-0.05859667435288429,0,1,0,0.05859667435288429,0,-0.998281717300415],5,2.7612366676330568],[[739.080078125,226.1557159423828,46.81684494018555,-0.9997984766960144,0,-0.020075784996151925,0,1,0,0.020075784996151925,0,-0.9997984766960144],5,2.7738194465637209],[[738.94775390625,225.98085021972657,46.833011627197269,-0.9985749125480652,0,-0.05336814001202583,0,1,0,0.05336814001202583,0,-0.9985749125480652],5,2.782536029815674],[[738.749267578125,225.69300842285157,46.856990814208987,-0.9997984766960144,0,-0.020075900480151178,0,1,0,0.020075900480151178,0,-0.9997984766960144],5,2.794556140899658],[[738.616943359375,225.48406982421876,46.87295913696289,-0.9985749125480652,0,-0.05336827039718628,0,1,0,0.05336827039718628,0,-0.9985749125480652],5,2.805448055267334],[[738.352294921875,225.0253448486328,46.9048957824707,-0.9998877048492432,0,0.014986374415457249,0,1,0,-0.014986374415457249,0,-0.9998877048492432],5,2.817901372909546],[[738.2198486328125,224.77554321289063,46.920692443847659,-0.998281717300415,0,-0.058596547693014148,0,1,0,0.058596547693014148,0,-0.998281717300415],5,2.829134225845337],[[738.0213623046875,224.3752899169922,46.94542694091797,-0.9994204640388489,0,-0.034039389342069629,0,1,0,0.034039389342069629,0,-0.9994204640388489],5,2.841313362121582],[[737.8230590820313,223.9443817138672,46.971805572509769,-0.9984874725341797,0,-0.05497939884662628,0,1,0,0.05497939884662628,0,-0.9984874725341797],5,2.8510963916778566],[[737.6912231445313,223.64007568359376,46.99165344238281,-0.9951226711273193,0,-0.09864512830972672,0,1,0,0.09864512830972672,0,-0.9951226711273193],5,2.8617231845855715],[[737.4281616210938,222.9906005859375,47.0350456237793,-0.9991636276245117,0,-0.0408911406993866,0,1,0,0.0408911406993866,0,-0.9991636276245117],5,2.8763458728790285],[[737.2311401367188,222.4677276611328,47.069366455078128,-0.9967045783996582,0,-0.0811169221997261,0,1,0,0.0811169221997261,0,-0.9967045783996582],5,2.8885340690612795],[[737.0999145507813,222.10211181640626,47.0931396484375,-0.9934495091438294,0,-0.11427187919616699,0,1,0,0.11427187919616699,0,-0.9934495091438294],5,2.897827625274658],[[736.9688110351563,221.72286987304688,47.11712646484375,-0.9934495091438294,0,-0.1142721101641655,0,1,0,0.1142721101641655,0,-0.9934495091438294],5,2.9080700874328615],[[736.7721557617188,221.1284637451172,47.15315246582031,-0.9967045783996582,0,-0.08111680299043656,0,1,0,0.08111680299043656,0,-0.9967045783996582],5,2.9186415672302248],[[736.5755004882813,220.50340270996095,47.18918991088867,-0.9962659478187561,0,-0.08633775264024735,0,1,0,0.08633775264024735,0,-0.9962659478187561],5,2.9295880794525148],[[736.4444580078125,220.06967163085938,47.213722229003909,-0.9928371906280518,0,-0.11947519332170487,0,1,0,0.11947519332170487,0,-0.9928371906280518],5,2.9382543563842775],[[736.3115844726563,220.4972686767578,47.28825378417969,-0.9864795207977295,0.06815958768129349,-0.1490381807088852,0.06170502305030823,0.9969627261161804,0.047516822814941409,0.1518242359161377,0.03767796978354454,-0.9876890778541565],7,2.951573610305786],[[736.1192016601563,220.97433471679688,47.31866455078125,-0.9849249720573425,0.043487969785928729,-0.1674264371395111,0.03892480954527855,0.9987783432006836,0.03044217638671398,0.16854576766490937,0.023466218262910844,-0.985414445400238],7,2.9626693725585939],[[735.9319458007813,221.31689453125,47.350467681884769,-0.9897505640983582,-0.006590684875845909,-0.14265495538711549,-0.006175687070935965,0.999975323677063,-0.003351671854034066,0.142673522233963,-0.0024363265838474037,-0.9897667765617371],7,2.9758360385894777],[[735.8101806640625,221.47616577148438,47.37117004394531,-0.9919760227203369,-0.023579571396112443,-0.12420766055583954,-0.02185082621872425,0.9996447563171387,-0.015262331813573838,0.12452341616153717,-0.012425827793776989,-0.9921388626098633],7,2.986603260040283],[[735.6262817382813,221.63482666015626,47.39865493774414,-0.9965378046035767,-0.017467962577939035,-0.08128547668457031,-0.016575362533330919,0.9997948408126831,-0.011642953380942345,0.08147217333316803,-0.010255306027829647,-0.9966228604316711],8,2.998544216156006],[[735.4425048828125,221.74545288085938,47.41568374633