[[[776,222.69961547851563,47,1,3.081622423906083e-8,7.037057610955713e-16,-3.081622423906083e-8,1,1.6614041253859569e-9,-6.525075428130548e-16,-1.6614041253859569e-9,1],8,0.007360219955444336],[[776,222.69961547851563,47,1,1.1844414338213483e-9,7.022941277494128e-16,-1.1844414338213483e-9,1,6.3852735598946e-11,-7.022184771193112e-16,-6.3852735598946e-11,1],8,0.01782822608947754],[[775.83837890625,222.69961547851563,46.99660110473633,0.9898415803909302,-3.826490768688018e-8,0.14217454195022584,3.8209442720926748e-8,1,3.1201898842425637e-9,-0.14217454195022584,2.343916172264926e-9,0.9898415803909302],8,0.03455948829650879],[[775.641845703125,222.69961547851563,46.99246597290039,0.9605197310447693,-6.797485951892668e-8,0.2782118022441864,6.659767137762174e-8,1,1.440083607917586e-8,-0.2782118022441864,4.695972499746404e-9,0.9605197310447693],8,0.05542159080505371],[[775.3754272460938,222.69961547851563,46.98686599731445,0.8976752161979675,-1.0823345064636669e-7,0.44065770506858828,1.0103359215918317e-7,1,3.9799825657382829e-8,-0.44065770506858828,8.79391226504822e-9,0.8976752161979675],8,0.06326556205749512],[[775.2421264648438,222.69961547851563,46.98405838012695,0.8602570295333862,-9.368574183099554e-8,0.509860634803772,8.462330924885464e-8,1,4.096796146768611e-8,-0.509860634803772,7.90311549536682e-9,0.8602570295333862],8,0.07420563697814942],[[775.0421752929688,222.69961547851563,46.9798469543457,0.8010227680206299,-7.140696567375926e-8,0.598633885383606,6.081153713921594e-8,1,3.7912219141844619e-8,-0.598633885383606,6.035296706841109e-9,0.8010227680206299],8,0.08560037612915039],[[774.9088745117188,222.69961547851563,46.9770393371582,0.7606698274612427,-5.625426524602517e-8,0.6491389870643616,4.565274380752271e-8,1,3.3163310320105668e-8,-0.6491389870643616,4.408644560527364e-9,0.7606698274612427],8,0.09582018852233887],[[774.6422729492188,222.69961547851563,46.9714241027832,0.679735004901886,-2.5280485260736897e-8,0.7334578037261963,1.732310117574798e-8,1,1.841328511886786e-8,-0.7334578037261963,1.8960895353803409e-10,0.679735004901886],8,0.11127519607543946],[[774.2423706054688,222.69961547851563,46.9630012512207,-0.9809557795524597,6.620734183115928e-8,-0.19423115253448487,6.42367936620758e-8,1,1.6443713946046047e-8,0.19423115253448487,3.6537703973493764e-9,-0.9809557795524597],8,0.14474177360534669],[[773.9091186523438,222.69961547851563,46.95598220825195,-0.9998866319656372,1.0661408822443264e-7,-0.015058035030961037,1.0652607329575403e-7,1,6.647272954296568e-9,0.015058035030961037,5.042446016290114e-9,-0.9998866319656372],8,0.16246366500854493],[[773.5758666992188,222.69961547851563,46.9489631652832,-0.9997560977935791,7.893972053807374e-8,0.02208503521978855,7.886071529128458e-8,1,-4.448187596040043e-9,-0.02208503521978855,-2.705460966367923e-9,-0.9997560977935791],8,0.174513578414917],[[773.4425659179688,222.69961547851563,46.9461555480957,-0.9997777938842773,6.097488380873983e-8,0.02107992209494114,6.080735914792968e-8,1,-8.588084021710074e-9,-0.02107992209494114,-7.304360671867016e-9,-0.9997777938842773],8,0.18264031410217286],[[773.3092651367188,222.69961547851563,46.9433479309082,-0.9997785091400147,4.302035350178812e-8,0.021046511828899385,4.276203213748886e-8,1,-1.2723950781889926e-8,-0.021046511828899385,-1.182114051090366e-8,-0.9997785091400147],8,0.19281601905822755],[[773.1759643554688,222.69961547851563,46.9405403137207,-0.9997787475585938,2.5073699561062314e-8,0.021035410463809968,2.472456550606239e-8,1,-1.6857480744647547e-8,-0.021035410463809968,-1.6333659758061004e-8,-0.9997787475585938],8,0.204176664352417],[[772.9760131835938,222.69961547851563,46.93632888793945,-0.9997406005859375,-1.8032374482501723e-9,0.022775467485189439,-2.3278383665115145e-9,1,-2.300708601410406e-8,-0.022775467485189439,-2.3054134601352417e-8,-0.9997406005859375],8,0.2202746868133545],[[772.7094116210938,222.69961547851563,46.93032455444336,-0.9997406005859375,-3.765011769019111e-8,0.022776231169700624,-3.83707003948075e-8,1,-3.1200325878444349e-8,-0.022776231169700624,-3.206617193995953e-8,-0.9997406005859375],8,0.23075127601623536],[[772.5094604492188,222.69961547851563,46.9257698059082,-0.9996992349624634,-6.445905853524892e-8,0.02452411875128746,-6.539330854593573e-8,1,-3.729342523683954e-8,-0.02452411875128746,-3.8885922037934509e-8,-0.9996992349624634],8,0.243119478225708],[[772.3095092773438,222.69961547851563,46.92093276977539,-0.9996992349624634,-9.130692291137166e-8,0.02452317625284195,-9.239859366516612e-8,1,-4.338264503189748e-8,-0.02452317625284195,-4.563550604075317e-8,-0.9996992349624634],8,0.25687456130981448],[[771.9762573242188,222.69961547851563,46.91276168823242,-0.9996992945671082,-8.503553061700586e-8,0.024522701278328897,-8.588766320372088e-8,1,-3.3695549461754129e-8,-0.024522701278328897,-3.5791615005109637e-8,-0.9996992945671082],8,0.2765378952026367],[[771.6430053710938,222.69961547851563,46.904579162597659,-0.9996992945671082,-4.480266824202772e-8,0.024520793929696084,-4.508123652158247e-8,1,-1.0807697847781128e-8,-0.024520793929696084,-1.1909875752280641e-8,-0.9996992945671082],8,0.2980036735534668],[[771.3097534179688,222.69961547851563,46.89639663696289,-0.9996993541717529,-4.6127186514866029e-9,0.02452031709253788,-4.318406965353461e-9,1,1.2055722642401179e-8,-0.02452031709253788,1.1946209355073734e-8,-0.9996993541717529],8,0.32518601417541506],[[770.9765014648438,222.69961547851563,46.888214111328128,-0.9998463988304138,3.561797612405826e-8,0.017526675015687944,3.624011313263509e-8,1,3.517900637461935e-8,-0.017526675015687944,3.580877105946456e-8,-0.9998463988304138],8,0.34804296493530276],[[770.6432495117188,222.69961547851563,46.88209533691406,-0.9999014735221863,7.584683459072039e-8,0.014038332737982273,7.667448898018847e-8,1,5.841879868739852e-8,-0.014038332737982273,5.948942316535977e-8,-0.9999014735221863],8,0.3569061756134033],[[770.5099487304688,222.69961547851563,46.88010025024414,-0.9999014735221863,9.187650107378431e-8,0.014038332737982273,9.283615298727455e-8,1,6.770776650455446e-8,-0.014038332737982273,6.900435778334213e-8,-0.9999014735221863],8,0.3675823211669922],[[770.3766479492188,222.69961547851563,46.87820816040039,-0.9999014735221863,7.889300235319752e-8,0.014038332737982273,7.969638460281203e-8,1,5.6668191916742219e-8,-0.014038332737982273,5.778141343171228e-8,-0.9999014735221863],8,0.3758556842803955],[[770.1100463867188,222.69961547851563,46.87446212768555,-0.9999014735221863,5.294264582289543e-8,0.014038332737982273,5.343368414401084e-8,1,3.460320030512776e-8,-0.014038332737982273,3.5349909666138049e-8,-0.9999014735221863],8,0.39137887954711916],[[769.7767944335938,223.7697296142578,46.869789123535159,-0.9999014735221863,2.0535862788051419e-8,0.014038332737982273,2.0636845121657644e-8,1,7.048469807813262e-9,-0.014038332737982273,7.3374817333160539e-9,-0.9999014735221863],3,0.4157392978668213],[[769.5768432617188,224.37091064453126,46.86698532104492,-0.9970656633377075,1.4259738945199275e-9,0.07655089348554611,6.940588659354319e-10,1,-9.587759919327255e-9,-0.07655089348554611,-9.506495146638372e-9,-0.9970656633377075],5,0.4355485439300537],[[769.3102416992188,225.1248016357422,46.86324691772461,-0.9903367757797241,-2.3123066128505344e-8,0.13868340849876405,-2.7377611289125526e-8,1,-2.8770477555895014e-8,-0.13868340849876405,-3.22892823589882e-8,-0.9903367757797241],5,0.4439711570739746],[[769.1769409179688,225.4813232421875,46.86137771606445,-0.9966628551483154,-3.8342040653560619e-8,0.08162800222635269,-4.1550951124236238e-8,1,-3.761270406243966e-8,-0.08162800222635269,-4.087890559389962e-8,-0.9966628551483154],5,0.45349836349487307],[[768.9769897460938,225.99053955078126,46.8582878112793,-0.992725670337677,-5.709947714649388e-8,0.12039826065301895,-6.346725456296554e-8,1,-4.9054662554226527e-8,-0.12039826065301895,-5.6339167997521147e-8,-0.992725670337677],5,0.46547412872314455],[[768.7770385742188,226.46910095214845,46.85428237915039,-0.992484986782074,-7.801625656611577e-8,0.12236633896827698,-8.586957989109578e-8,1,-5.890516874273999e-8,-0.12236633896827698,-6.897003856920492e-8,-0.992484986782074],5,0.4755520820617676],[[768.5770874023438,226.91700744628907,46.84980392456055,-0.9924785494804382,-9.969836156642487e-8,0.12241850048303604,-1.0874996547727278e-7,1,-6.725817058850225e-8,-0.12241850048303604,-8.006530549664603e-8,-0.9924785494804382],5,0.4882185459136963],[[768.3771362304688,227.33425903320313,46.845252990722659,-0.9924776554107666,-1.2205703114887e-7,0.12242606282234192,-1.321284912592091e-7,1,-7.414714531250866e-8,-0.12242606282234192,-8.976535070814862e-8,-0.9924776554107666],5,0.5005779266357422],[[768.1105346679688,227.8428955078125,46.83917999267578,-0.9878478646278381,-1.2176305119737663e-7,0.1554240733385086,-1.3324235226264137e-7,1,-6.3440062092468e-8,-0.1554240733385086,-8.337819679127279e-8,-0.9878478646278381],5,0.5165219306945801],[[767.9772338867188,228.0767822265625,46.836143493652347,-0.9960042834281921,-1.1458119075768991e-7,0.08930549770593643,-1.1941823174765887e-7,1,-4.8819874365335639e-8,-0.08930549770593643,-5.9289508413939987e-8,-0.9960042834281921],5,0.5263462066650391],[[767.8439331054688,228.2970428466797,46.833106994628909,-0.9960042834281921,-1.0192218269367004e-7,0.08930570632219315,-1.0548837536816791e-7,1,-3.5212575966170337e-8,-0.08930570632219315,-4.4492587392142016e-8,-0.9960042834281921],5,0.5361096858978272],[[767.7106323242188,228.50367736816407,46.83007049560547,-0.9960042834281921,-8.907242943223537e-8,0.08930567651987076,-9.145356472117783e-8,1,-2.2570864288695703e-8,-0.08930567651987076,-3.064799969365595e-8,-0.9960042834281921],5,0.5467324256896973],[[767.5106811523438,228.7880859375,46.82551574707031,-0.992476761341095,-6.870621405141719e-8,0.12243307381868363,-6.99290296779509e-8,1,-5.6906537260204008e-9,-0.12243307381868363,-1.4209468268688852e-8,-0.992476761341095],5,0.5574586391448975],[[767.3107299804688,229.0418243408203,46.820960998535159,-0.992476761341095,-4.893911409453722e-8,0.12243293970823288,-4.8172807964874667e-8,1,9.219108143554422e-9,-0.12243293970823288,3.251811930837789e-9,-0.992476761341095],5,0.5684199333190918],[[767.1774291992188,229.1939697265625,46.81792449951172,-0.9960042834281921,-3.5183816748940447e-8,0.08930561691522598,-3.3678222877142619e-8,1,1.836572138813608e-8,-0.08930561691522598,1.528468196454469e-8,-0.9960042834281921],5,0.5784368515014648],[[766.9774780273438,229.39662170410157,46.81336975097656,-0.992476761341095,-1.5145957377171727e-8,0.12243302166461945,-1.1530245203061895e-8,1,3.0240663306813079e-8,-0.12243302166461945,2.8601474966194475e-8,-0.992476761341095],5,0.5889012813568115],[[766.7775268554688,229.56861877441407,46.808815002441409,-0.9906684756278992,5.457956309129486e-9,0.13629379868507386,1.1024337887022284e-8,1,4.008625609230876e-8,-0.13629379868507386,4.121474006524295e-8,-0.9906684756278992],5,0.6018252372741699],[[766.5775756835938,229.7099609375,46.8019905090332,-0.9889280796051025,2.645252905608686e-8,0.14839565753936768,3.3949859812310027e-8,1,4.798955188789478e-8,-0.14839565753936768,5.249622603287207e-8,-0.9889280796051025],5,0.6166009902954102],[[766.1780395507813,229.9006805419922,46.782920837402347,-0.9674393534660339,6.424349408007402e-8,0.2531028985977173,8.111984328706967e-8,1,5.62420936489616e-8,-0.2531028985977173,7.494248421835437e-8,-0.9674393534660339],5,0.6405618190765381],[[765.978271484375,229.95005798339845,46.771995544433597,-0.9878663420677185,9.460786998261028e-8,0.15530624985694886,1.0506909120522323e-7,1,5.914992229349991e-8,-0.15530624985694886,7.475010477264732e-8,-0.9878663420677185],5,0.6631107330322266],[[765.6453247070313,229.96421813964845,46.753353118896487,-0.974557101726532,1.2880406075055363e-7,0.22413934767246247,1.457115246239482e-7,1,5.889254595103921e-8,-0.22413934767246247,9.005383816429458e-8,-0.974557101726532],5,0.6714215278625488],[[765.4457397460938,229.93185424804688,46.74159622192383,-0.9873183965682983,1.291609521558712e-7,0.15875265002250672,1.3807564869239287e-7,1,4.512477858042985e-8,-0.15875265002250672,6.647239558787987e-8,-0.9873183965682983],5,0.6852724552154541],[[765.2461547851563,229.8688201904297,46.729713439941409,-0.9873183965682983,1.0880911816002481e-7,0.15875275433063508,1.1442154601581933e-7,1,2.6212898518451767e-8,-0.15875275433063508,4.404520836942538e-8,-0.9873183965682983],5,0.698697566986084],[[765.0465698242188,229.77513122558595,46.71782302856445,-0.9873183965682983,8.793059436129625e-8,0.15875259041786195,9.060948258365898e-8,1,9.63646762386361e-9,-0.15875259041786195,2.389875319863677e-8,-0.9873183965682983],5,0.7084000110626221],[[764.9135131835938,229.69564819335938,46.709896087646487,-0.9918366074562073,7.422682557489679e-8,0.12751519680023194,7.478335817268089e-8,1,-4.230992778353482e-10,-0.12751519680023194,9.11636988121245e-9,-0.9918366074562073],5,0.7190725803375244],[[764.7804565429688,229.60252380371095,46.70179748535156,-0.9920575618743897,5.963246962892299e-8,0.1257844865322113,5.889587129104257e-8,1,-9.57491863573523e-9,-0.1257844865322113,-2.0906831821321249e-9,-0.9920575618743897],5,0.7300002574920654],[[764.5808715820313,229.43731689453126,46.689849853515628,-0.9878668785095215,3.765290657042897e-8,0.15530294179916383,3.476751331277228e-8,1,-2.129536014194855e-8,-0.15530294179916383,-1.5637485972774813e-8,-0.9878668785095215],5,0.7398855686187744],[[764.3811645507813,229.24143981933595,46.678524017333987,-0.9884027242660523,1.5096826899707595e-8,0.15185540914535523,1.0489233481791871e-8,1,-3.1143045475801048e-8,-0.15185540914535523,-2.918902453075134e-8,-0.9884027242660523],5,0.7513608932495117],[[764.181396484375,229.01490783691407,46.66789245605469,-0.9894390106201172,-8.091192604808839e-9,0.14494983851909638,-1.3931598985550409e-8,1,-3.927755543031708e-8,-0.14494983851909638,-4.088213145791997e-8,-0.9894390106201172],5,0.7631165981292725],[[764.0482177734375,228.84686279296876,46.66157913208008,-0.9941025972366333,-2.529969300724133e-8,0.10844390094280243,-3.025117223387497e-8,1,-4.401425357514199e-8,-0.10844390094280243,-4.703523970306378e-8,-0.9941025972366333],5,0.7744457721710205],[[763.8484497070313,228.56922912597657,46.65300750732422,-0.9909024238586426,-4.78320849595093e-8,0.13458237051963807,-5.497924959740885e-8,1,-4.9389736744842597e-8,-0.13458237051963807,-5.6339644061154107e-8,-0.9909024238586426],5,0.7862317562103272],[[763.6485595703125,228.2609405517578,46.64572525024414,-0.9913660883903503,-7.230351428688664e-8,0.13112299144268037,-7.995438977559388e-8,1,-5.308416461957677e-8,-0.13112299144268037,-6.31097023529037e-8,-0.9913660883903503],5,0.7976040840148926],[[763.4486083984375,227.92201232910157,46.63926696777344,-0.9922570586204529,-9.7525870046411e-8,0.12420099973678589,-1.0519575255329983e-7,1,-5.5195691572862418e-8,-0.12420099973678589,-6.783373152075001e-8,-0.9922570586204529],5,0.8098344802856445],[[763.3153076171875,227.67901611328126,46.635746002197269,-0.996155321598053,-1.1681706979516093e-7,0.08760448545217514,-1.2218978895361944e-7,1,-5.596676544428192e-8,-0.08760448545217514,-6.64559678398291e-8,-0.996155321598053],5,0.8217737674713135],[[763.0487060546875,227.15216064453126,46.62994384765625,-0.9894163012504578,-1.4703216777434137e-7,0.14510491490364076,-1.5656588914225723e-7,1,-5.428260152484654e-8,-0.14510491490364076,-7.642656640882706e-8,-0.9894163012504578],5,0.833378791809082],[[762.9154052734375,226.86830139160157,46.62799072265625,-0.9971513748168945,-1.3707574453292183e-7,0.07542624324560166,-1.4059583008929622e-7,1,-4.135928577397863e-8,-0.07542624324560166,-5.184608298236526e-8,-0.9971513748168945],5,0.845466136932373],[[762.7154541015625,226.4169464111328,46.62603759765625,-0.994820773601532,-1.1333232663446324e-7,0.10164458304643631,-1.164024538979902e-7,1,-2.4273349552572655e-8,-0.10164458304643631,-3.597930842147434e-8,-0.994820773601532],5,0.8564202785491943],[[762.4488525390625,225.76747131347657,46.6252555847168,-0.9913468360900879,-8.230486514548829e-8,0.1312686949968338,-8.376257198960957e-8,1,-5.583165041400662e-9,-0.1312686949968338,-1.6530256274904788e-8,-0.9913468360900879],5,0.8744552135467529],[[762.1822509765625,225.06349182128907,46.62554168701172,-0.9920212030410767,-5.1797940159303837e-8,0.1260710507631302,-5.102872790985202e-8,1,9.33092270116731e-9,-0.1260710507631302,2.8232283177942465e-9,-0.9920212030410767],5,0.889549732208252],[[761.9156494140625,224.3050079345703,46.62716293334961,-0.9922406673431397,-2.0529347111164499e-8,0.12433215975761414,-1.8112089605892835e-8,1,2.0572267445118088e-8,-0.12433215975761414,1.8160724479798774e-8,-0.9922406673431397],5,0.9054219722747803],[[761.7156982421875,223.7003936767578,46.628814697265628,-0.9959898591041565,4.17650669604086e-9,0.08946603536605835,6.628432025479469e-9,1,2.710910784742282e-8,-0.08946603536605835,2.7593415552473745e-8,-0.9959898591041565],5,0.9177746772766113],[[761.4490966796875,222.84654235839845,46.63150405883789,-0.9995241761207581,3.5921814856010317e-8,0.03084532544016838,3.703841144897524e-8,1,3.562848149840647e-8,-0.03084532544016838,3.675399184999151e-8,-0.9995241761207581],7,0.9331831932067871],[[761.3157958984375,222.5082244873047,46.63288497924805,-0.9999768137931824,5.18592990772504e-8,-0.006807094905525446,5.1584894578127208e-8,1,4.0486909824721809e-8,0.006807094905525446,4.013482879372532e-8,-0.9999768137931824],7,0.9501032829284668],[[761.0491943359375,222.46005249023438,46.63564682006836,-0.999961793422699,8.087256020417044e-8,-0.008742539212107659,8.043463850526678e-8,1,5.0442753973811708e-8,0.008742539212107659,4.973762202098442e-8,-0.999961793422699],7,0.960031270980835],[[760.9158935546875,222.50401306152345,46.637027740478519,-0.999947726726532,9.537696854522437e-8,-0.0102229667827487,9.48148510815372e-8,1,5.547039094722095e-8,0.0102229667827487,5.449820505987191e-8,-0.999947726726532],8,0.9713964462280273],[[760.7159423828125,222.56719970703126,46.63909912109375,-0.9999468922615051,8.606792079035586e-8,-0.01030516903847456,8.558987474316382e-8,1,4.6830088251681448e-8,0.01030516903847456,4.59455833379252e-8,-0.9999468922615051],8,0.9819889068603516],[[760.5826416015625,222.60003662109376,46.640480041503909,-0.9999464154243469,6.955158227128777e-8,-0.01035343948751688,6.918589434690148e-8,1,3.567910766832938e-8,0.01035343948751688,3.496088396559571e-8,-0.9999464154243469],8,0.9911820888519287],[[760.3826904296875,222.63568115234376,46.64255142211914,-0.9999463558197022,4.478673787389198e-8,-0.010358843952417374,4.459270286361061e-8,1,1.8962358794283319e-8,0.010358843952417374,1.8499411780226184e-8,-0.9999463558197022],8,1.0022389888763428],[[760.1827392578125,222.65890502929688,46.644622802734378,-0.9999462962150574,2.003752896939659e-8,-0.010362125933170319,2.00152214802074e-8,1,2.2564696777749306e-9,0.010362125933170319,2.0489483443242308e-9,-0.9999462962150574],8,1.0144591331481934],[[759.9827880859375,222.67376708984376,46.64669418334961,-0.9999462962150574,-4.695892119599421e-9,-0.010362688452005387,-4.546512499814526e-9,1,-1.4438695572493998e-8,0.010362688452005387,-1.4390805880282187e-8,-0.9999462962150574],8,1.0262451171875],[[759.8494873046875,222.6805419921875,46.648075103759769,-0.9999462962150574,-2.1176042253046036e-8,-0.010362901724874974,-2.0912260367822456e-8,1,-2.5562862049355318e-8,0.010362901724874974,-2.534477872018215e-8,-0.9999462962150574],8,1.0373187065124512],[[759.6495361328125,222.68753051757813,46.650146484375,-0.9999462962150574,-4.588306623531935e-8,-0.010362891480326653,-4.5447777097251676e-8,1,-4.2240202446919287e-8,0.010362891480326653,-4.176696322133466e-8,-0.9999462962150574],8,1.0490093231201172],[[759.4495849609375,223.33981323242188,46.652217864990237,-0.9999462962150574,-7.057425932543993e-8,-0.010362885892391205,-6.996756951593852e-8,1,-5.890685272902374e-8,0.010362885892391205,-5.817862103185689e-8,-0.9999462962150574],3,1.0666067600250245],[[759.0496826171875,224.5524139404297,46.6563606262207,-0.9895398616790772,-1.1837686031412886e-7,0.14425964653491975,-1.3030908974087652e-7,1,-7.326498518978042e-8,-0.14425964653491975,-9.129696820764366e-8,-0.9895398616790772],5,1.0928771495819092],[[758.7164306640625,225.46923828125,46.659812927246097,-0.9883553385734558,-1.1052009085688042e-7,0.15216335654258729,-1.190540146467356e-7,1,-4.697307431911213e-8,-0.15216335654258729,-6.454174439340932e-8,-0.9883553385734558],5,1.1166610717773438],[[758.3831787109375,226.3009033203125,46.663780212402347,-0.9881116151809692,-8.819623786848752e-8,0.15373820066452027,-9.178102544638023e-8,1,-1.6220159437807525e-8,-0.15373820066452027,-3.0137577766709e-8,-0.9881116151809692],5,1.1240296363830567],[[758.1165771484375,226.90492248535157,46.667015075683597,-0.9926713109016419,-7.003365709579157e-8,0.12084583938121796,-6.987857403828457e-8,1,5.5211124561083128e-9,-0.12084583938121796,-2.9638851373192667e-9,-0.9926713109016419],5,1.1421284675598145],[[758.0499267578125,227.0474090576172,46.667823791503909,-0.9997752904891968,-6.480293279764737e-8,0.021198967471718789,-6.458799362007994e-8,1,1.0823933749293247e-8,-0.021198967471718789,9.452302940360369e-9,-0.9997752904891968],5,1.149744987487793],[[757.9166259765625,227.32217407226563,46.66944122314453,-0.9985143542289734,-5.48137180089725e-8,0.05448972433805466,-5.3759563911626176e-8,1,2.0811715017998723e-8,-0.05448972433805466,1.7851451872274994e-8,-0.9985143542289734],5,1.1577374935150147],[[757.7166748046875,227.70875549316407,46.67186737060547,-0.9961451888084412,-3.997005038058887e-8,0.0877198576927185,-3.7089812110480128e-8,1,3.446439578169702e-8,-0.0877198576927185,3.1078030815478999e-8,-0.9961451888084412],5,1.1672759056091309],[[757.5833740234375,227.949462890625,46.673484802246097,-0.9985142946243286,-2.8284727449090498e-8,0.054489996284246448,-2.5975303685754626e-8,1,4.309073275976516e-8,-0.054489996284246448,4.161131883506641e-8,-0.9985142946243286],5,1.1774253845214844],[[757.3834228515625,228.2849578857422,46.67591094970703,-0.9961451292037964,-1.3663912667993828e-8,0.08772026747465134,-8.88892959238774e-9,1,5.482483445007347e-8,-0.08772026747465134,5.3833751678666889e-8,-0.9961451292037964],5,1.1869444847106934],[[757.2501220703125,228.49159240722657,46.677528381347659,-0.9985142946243286,-8.581799160189973e-10,0.05448995158076286,2.537948073921825e-9,1,6.225656790093126e-8,-0.05448995158076286,6.2302362380251e-8,-0.9985142946243286],5,1.200706958770752],[[757.0501708984375,228.7760009765625,46.679954528808597,-0.9962973594665527,1.3780406149521696e-8,0.08597400784492493,2.0072944195703714e-8,1,7.232669219092713e-8,-0.08597400784492493,7.378464772500593e-8,-0.9962973594665527],5,1.2150721549987794],[[756.7835693359375,229.10751342773438,46.68358612060547,-0.9928807020187378,3.381850532946373e-8,0.11911310255527497,4.4126647225084528e-8,1,8.39033873489825e-8,-0.11911310255527497,8.85621105339851e-8,-0.9928807020187378],5,1.2281701564788819],[[756.5836181640625,229.3203887939453,46.68635559082031,-0.9962973594665527,5.4309673203079e-8,0.08597423136234284,6.243878658551694e-8,1,9.186387472936986e-8,-0.08597423136234284,9.689186697414698e-8,-0.9962973594665527],5,1.2392282485961915],[[756.3836669921875,229.5026092529297,46.689125061035159,-0.9962974190711975,7.231285792386189e-8,0.08597380667924881,8.112391469694558e-8,1,9.899167707771994e-8,-0.08597380667924881,1.0559968188772473e-7,-0.9962974190711975],5,1.2508771419525147],[[756.1837158203125,229.6541748046875,46.69189453125,-0.9962973594665527,9.078551954644354e-8,0.0859743282198906,1.002109470960022e-7,1,1.0531487504295001e-7,-0.0859743282198906,1.1354050144518624e-7,-0.9962973594665527],5,1.2622833251953126],[[756.0504150390625,229.73817443847657,46.69374084472656,-0.9986992478370667,1.0738541078580966e-7,0.05098893493413925,1.1310731906633009e-7,1,1.0933313632222053e-7,-0.05098893493413925,1.14958140784438e-7,-0.9986992478370667],5,1.2727909088134766],[[755.9171142578125,229.80856323242188,46.69576644897461,-0.9987870454788208,1.2048454323121406e-7,0.049238212406635287,1.262031474880132e-7,1,1.1303259839223756e-7,-0.049238212406635287,1.1910950803439846e-7,-0.9987870454788208],5,1.283705234527588],[[755.6505126953125,229.90846252441407,46.70032501220703,-0.993493378162384,1.024690519102478e-7,0.11389005184173584,1.1284743095529848e-7,1,8.467924317301368e-8,-0.11389005184173584,9.69804645478689e-8,-0.993493378162384],5,1.298644781112671],[[755.3839111328125,229.953857421875,46.705360412597659,-0.9936914443969727,8.035921439386584e-8,0.11214860528707504,8.626437875136617e-8,1,4.780229545531256e-8,-0.11214860528707504,5.717516060599337e-8,-0.9936914443969727],5,1.3244907855987549],[[755.0506591796875,229.9339599609375,46.71224594116211,-0.9894043207168579,4.954097931886281e-8,0.14518648386001588,5.122157631376467e-8,1,7.837279270006548e-9,-0.14518648386001588,1.5190918745133787e-8,-0.9894043207168579],5,1.3332808017730713],[[754.9173583984375,229.90216064453126,46.715030670166019,-0.999032199382782,3.785418911661509e-8,0.04398496448993683,3.756872501980979e-8,1,-7.316667716139591e-9,-0.04398496448993683,-5.65712721112277e-9,-0.999032199382782],5,1.3429839611053467],[[754.7840576171875,229.8567352294922,46.717987060546878,-0.999032199382782,2.462759773891321e-8,0.04398488253355026,2.3696829387631625e-8,1,-2.1682510009668478e-8,-0.04398488253355026,-2.0619223661810794e-8,-0.999032199382782],5,1.3519222736358643],[[754.6507568359375,229.7976837158203,46.72099685668945,-0.999032199382782,1.1146232381520349e-8,0.043984800577163699,9.60270263306029e-9,1,-3.530362846504431e-8,-0.043984800577163699,-3.4847086993750057e-8,-0.999032199382782],5,1.3626649379730225],[[754.4508056640625,229.68356323242188,46.72551727294922,-0.9970126748085022,-8.059572564889095e-9,0.07723815739154816,-1.2271202720626207e-8,1,-5.405323122431582e-8,-0.07723815739154816,-5.4839560448272098e-8,-0.9970126748085022],5,1.374155044555664],[[754.1842041015625,229.48370361328126,46.7315559387207,-0.9938865303993225,-3.3926454534594089e-8,0.11040637642145157,-4.260321162519176e-8,1,-7.623020792379975e-8,-0.11040637642145157,-8.046784216730885e-8,-0.9938865303993225],5,1.3871912956237794],[[754.0509033203125,229.36334228515626,46.73457717895508,-0.999032199382782,-5.391885338212887e-8,0.043985385447740558,-5.779735801070274e-8,1,-8.690536645872271e-8,-0.043985385447740558,-8.936349615851214e-8,-0.999032199382782],5,1.398801565170288],[[753.8509521484375,229.15725708007813,46.73910903930664,-0.9970126152038574,-7.322996964376216e-8,0.07723873853683472,-8.130967188435534e-8,1,-1.0146199969085501e-7,-0.07723873853683472,-1.0743915623834255e-7,-0.9970126152038574],5,1.4099736213684083],[[753.6510009765625,228.92050170898438,46.7436408996582,-0.997146487236023,-9.642638332252318e-8,0.07549057900905609,-1.0539634587303226e-7,1,-1.1483840012260771e-7,-0.07549057900905609,-1.2246714220509603e-7,-0.997146487236023],5,1.421983242034912],[[753.4510498046875,228.65309143066407,46.74845504760742,-0.9971465468406677,-9.788983845737676e-8,0.07549015432596207,-1.0582521525748234e-7,1,-1.0111795489819997e-7,-0.07549015432596207,-1.0881818468533311e-7,-0.9971465468406677],5,1.4355852603912354],[[753.2510986328125,228.3550262451172,46.75333023071289,-0.997146487236023,-8.858177125148359e-8,0.07549067586660385,-9.452888605210319e-8,1,-7.520637979041567e-8,-0.07549067586660385,-8.21278263174463e-8,-0.997146487236023],5,1.4475042819976807],[[753.0511474609375,228.02630615234376,46.75820541381836,-0.9971465468406677,-7.87283696013219e-8,0.07549025118350983,-8.281376295826704e-8,1,-5.098793209867836e-8,-0.07549025118350983,-5.7094073468988429e-8,-0.9971465468406677],5,1.4598636627197266],[[752.9178466796875,227.79013061523438,46.76145553588867,-0.9991077780723572,-7.345798280766758e-8,0.04223383963108063,-7.502663379455044e-8,1,-3.5556947608483827e-8,-0.04223383963108063,-3.8693883652740627e-8,-0.9991077780723572],5,1.4710032939910889],[[752.7178955078125,227.4103240966797,46.76633071899414,-0.997146487236023,-6.142963826505366e-8,0.07549070566892624,-6.264659191401734e-8,1,-1.3752592842308787e-8,-0.07549070566892624,-1.844258612493377e-8,-0.997146487236023],5,1.4826745986938477],[[752.4761352539063,226.85621643066407,46.7722282409668,-0.9998584389686585,-4.566607003653189e-8,0.016826201230287553,-4.552388332967894e-8,1,8.833346498704487e-9,-0.016826201230287553,8.06610156445231e-9,-0.9998584389686585],5,1.4986047744750977],[[752.3208618164063,226.4048614501953,46.77601623535156,-0.9997986555099487,-3.25391518174456e-8,-0.02006526105105877,-3.303772189156007e-8,1,2.451587555185597e-8,0.02006526105105877,2.517384878331086e-8,-0.9997986555099487],5,1.5230965614318848],[[752.0773315429688,225.41021728515626,46.78195571899414,-0.999727189540863,-6.997654899976169e-9,-0.02335781790316105,-8.298168374665238e-9,1,5.558095139690522e-8,0.02335781790316105,5.575961381509842e-8,-0.999727189540863],5,1.532377004623413],[[752.0159912109375,225.05140686035157,46.783451080322269,-0.9997033476829529,1.5275901654732139e-9,-0.024356205016374589,-7.810523755535925e-11,1,6.592456713860884e-8,0.024356205016374589,6.59069101516252e-8,-0.9997033476829529],5,1.5424253940582276],[[751.9231567382813,224.2929229736328,46.78571319580078,-0.9997029900550842,1.8454290540148578e-8,-0.024371467530727388,1.6348618459005594e-8,1,8.659837646973756e-8,0.024371467530727388,8.617421087819821e-8,-0.9997029900550842],5,1.5584754943847657],[[751.8795776367188,223.6883087158203,46.78677749633789,-0.9997026920318604,3.113945723498546e-8,-0.024382535368204118,2.865870740720311e-8,1,1.0209225820290158e-7,0.024382535368204118,1.0136313477460135e-7,-0.9997026920318604],5,1.5723376274108887],[[751.8724975585938,222.83445739746095,46.78695297241211,-0.9997026920318604,4.1453837695826226e-8,-0.024383675307035447,3.887216948328387e-8,1,1.0635089608967974e-7,0.024383675307035447,1.0537143424471651e-7,-0.9997026920318604],7,1.5878019332885743],[[751.8723754882813,222.4297332763672,46.786956787109378,-0.9997026920318604,3.201200016178518e-8,-0.024383878335356714,3.052211283716133e-8,1,6.147352848984156e-8,0.024383878335356714,6.071100244753325e-8,-0.9997026920318604],7,1.6032421588897706],[[751.8723754882813,222.4526824951172,46.786956787109378,-0.9997026920318604,2.7294108306818999e-8,-0.024384113028645517,2.6349763260213878e-8,1,3.9049215416753216e-8,0.024384113028645517,3.8395089774212468e-8,-0.9997026920318604],7,1.6155598163604737],[[751.7951049804688,222.52171325683595,46.788841247558597,-0.9997026920318604,2.022101774912244e-8,-0.024383872747421266,2.009457134022341e-8,1,5.4307083274807159e-9,0.024383872747421266,4.939110453960893e-9,-0.9997026920318604],8,1.630272388458252],[[751.5632934570313,223.8126678466797,46.79449462890625,-0.9997026920318604,6.088450632546483e-9,-0.024383872747421266,7.596210771509959e-9,1,-6.174170152917213e-8,0.024383872747421266,-6.190857249066539e-8,-0.9997026920318604],3,1.6608777046203614],[[751.3330078125,224.797607421875,46.800113677978519,-0.9951296448707581,-3.5340548265594409e-9,0.09857474267482758,-1.5107861628393949e-8,1,-1.166650420714177e-7,-0.09857474267482758,-1.1758609019807409e-7,-0.9951296448707581],5,1.6791245937347413],[[751.1040649414063,225.52426147460938,46.80569839477539,-0.9943766593933106,-1.9546114060631227e-8,0.10590094327926636,-3.474896459465526e-8,1,-1.4171209272717534e-7,-0.10590094327926636,-1.4459514829923138e-7,-0.9943766593933106],5,1.6877188682556153],[[750.9752197265625,225.8671417236328,46.808841705322269,-0.9991178512573242,-3.606988130400168e-8,0.041993990540504459,-4.146906817936724e-8,1,-1.2769935153755797e-7,-0.041993990540504459,-1.2932815707245028e-7,-0.9991178512573242],5,1.710514783859253],[[750.6426391601563,226.6647491455078,46.816951751708987,-0.9899236559867859,-4.203948478220809e-8,0.14160212874412538,-5.5684363786667748e-8,1,-9.239821707751617e-8,-0.14160212874412538,-9.935220646184462e-8,-0.9899236559867859],5,1.718416690826416],[[750.5093383789063,226.95994567871095,46.8202018737793,-0.9991080164909363,-5.835242689045117e-8,0.04222805052995682,-6.172930255843312e-8,1,-7.866370310694038e-8,-0.04222805052995682,-8.120024830304829e-8,-0.9991080164909363],5,1.7285735607147217],[[750.3093872070313,227.377197265625,46.825077056884769,-0.9971466660499573,-6.555168852173665e-8,0.07548838108778,-7.011844616044982e-8,1,-5.784589163226883e-8,-0.07548838108778,-6.297396737409145e-8,-0.9971466660499573],5,1.7375571727752686],[[750.1760864257813,227.63832092285157,46.82832717895508,-0.999032199382782,-7.370002919060426e-8,0.04398472607135773,-7.570598370421067e-8,1,-4.393997699025931e-8,-0.04398472607135773,-4.7227356247958599e-8,-0.999032199382782],5,1.7490124702453614],[[749.9761352539063,228.00448608398438,46.83292007446289,-0.9970126748085022,-8.142266239019591e-8,0.07723841816186905,-8.342284729678795e-8,1,-2.2669757626658794e-8,-0.07723841816186905,-2.9045484239986764e-8,-0.9970126748085022],5,1.7598621845245362],[[749.8428344726563,228.23155212402345,46.835941314697269,-0.9989535212516785,-8.810730633967978e-8,0.04573654383420944,-8.858032884973e-8,1,-8.315649502321776e-9,-0.04573654383420944,-1.2358306378246198e-8,-0.9989535212516785],5,1.7753703594207764],[[749.5762329101563,228.6448211669922,46.841575622558597,-0.993493378162384,-9.918628052218992e-8,0.11389011889696121,-9.737019723843332e-8,1,2.150875921813622e-8,-0.11389011889696121,1.0279307183225228e-8,-0.993493378162384],5,1.785700798034668],[[749.4429321289063,228.83102416992188,46.84418869018555,-0.9988718032836914,-1.0366782277060338e-7,0.04748757183551788,-1.020375037796839e-7,1,3.67556687308479e-8,-0.04748757183551788,3.186868724469605e-8,-0.9988718032836914],5,1.7962098121643067],[[749.2429809570313,229.0847625732422,46.8480224609375,-0.996735692024231,-1.1286793011322516e-7,0.08073365688323975,-1.0833655039732548e-7,1,6.050792222822565e-8,-0.08073365688323975,5.156400462169586e-8,-0.996735692024231],5,1.8059237003326417],[[749.1096801757813,229.23690795898438,46.85057067871094,-0.9988718032836914,-1.1612550565587299e-7,0.047487545758485797,-1.1260256371770083e-7,1,7.68616601476424e-8,-0.047487545758485797,7.142772773249817e-8,-0.9988718032836914],5,1.816011667251587],[[748.9097290039063,229.43955993652345,46.854393005371097,-0.996735692024231,-1.2613926969606838e-7,0.08073361963033676,-1.1824894841083733e-7,1,1.0251402926542142e-7,-0.08073361963033676,9.263272460202643e-8,-0.996735692024231],5,1.8266808986663819],[[748.7097778320313,229.61155700683595,46.85821533203125,-0.996735692024231,-1.19881278237699e-7,0.08073366433382034,-1.1083022855018499e-7,1,1.1659122378659959e-7,-0.08073366433382034,1.0726290611273726e-7,-0.996735692024231],5,1.8391451835632325],[[748.5764770507813,229.70919799804688,46.86076354980469,-0.9988718032836914,-9.327534655767522e-8,0.04748755320906639,-8.816920171739184e-8,1,1.0962070007281e-7,-0.04748755320906639,1.0531008598491099e-7,-0.9988718032836914],5,1.8537209033966065],[[748.3098754882813,229.86358642578126,46.86585998535156,-0.9934933185577393,-5.434003824689171e-8,0.11389018595218659,-4.420254029469106e-8,1,9.153652058557782e-8,-0.11389018595218659,8.590668443275718e-8,-0.9934933185577393],5,1.8656487464904786],[[748.1099243164063,229.94361877441407,46.86968231201172,-0.996735692024231,-1.7695269249884406e-8,0.08073381334543228,-1.1588496384717928e-8,1,7.610939434243846e-8,-0.08073381334543228,7.492536013842255e-8,-0.996735692024231],5,1.8920128345489503],[[747.6660766601563,230.0071563720703,46.878173828125,-0.9996395111083984,5.831489602314832e-8,0.026848042383790017,5.9169522614865858e-8,1,3.1037579617532177e-8,-0.026848042383790017,3.261497738549224e-8,-0.9996395111083984],5,1.9209513664245606],[[747.4693603515625,229.93617248535157,46.881935119628909,-0.999828040599823,1.0269248207350756e-7,-0.01854507438838482,1.0262507998959336e-7,1,4.586445889742663e-9,0.01854507438838482,2.6824673593495165e-9,-0.999828040599823],5,1.9379143714904786],[[747.381103515625,229.8527069091797,46.88362503051758,-0.9998177289962769,1.2843840124787676e-7,-0.019092092290520669,1.286764330643564e-7,1,-1.12386677741938e-8,0.019092092290520669,-1.3693322031826938e-8,-0.9998177289962769],5,1.9443113803863526],[[747.3346557617188,229.780029296875,46.88451385498047,-0.9998171925544739,1.4559181238382735e-7,-0.01912044920027256,1.4603497788812093e-7,1,-2.1780987680131149e-8,0.01912044920027256,-2.4569260403950467e-8,-0.9998171925544739],5,1.9533939361572266],[[747.2836303710938,229.6454620361328,46.88549041748047,-0.9998491406440735,1.3743773763508217e-7,-0.017371101304888727,1.3795413167372318e-7,1,-2.8529299811452803e-8,0.017371101304888727,-3.0921409432949079e-8,-0.9998491406440735],5,1.9659216403961182],[[747.2549438476563,229.48025512695313,46.88603973388672,-0.9998779892921448,1.1234861574394017e-7,-0.015620184130966664,1.128416116102926e-7,1,-3.0679760953944427e-8,0.015620184130966664,-3.243862423119026e-8,-0.9998779892921448],5,1.975541591644287],[[747.2482299804688,229.3530731201172,46.88616943359375,-0.9999038577079773,9.565221859020312e-8,-0.013867925852537156,9.610639040147362e-8,1,-3.2083278256322959e-8,0.013867925852537156,-3.341298793202441e-8,-0.9999038577079773],5,1.9862329959869385],[[747.2470092773438,229.1367645263672,46.886192321777347,-0.9999038577079773,7.053603212625603e-8,-0.013867895118892193,7.101697008238261e-8,1,-3.41874155651567e-8,0.013867895118892193,-3.516898416933145e-8,-0.9999038577079773],5,1.9972290992736817],[[747.2469482421875,228.97552490234376,46.886192321777347,-0.999946117401123,5.392310242768872e-8,-0.010379845276474953,5.429483707075633e-8,1,-3.553110161647055e-8,0.010379845276474953,-3.609276078009316e-8,-0.999946117401123],5,2.0082921981811525],[[747.2469482421875,228.70811462402345,46.886192321777347,-0.999946117401123,2.8833730070232378e-8,-0.010379843413829804,2.9225020625744947e-8,1,-3.754555777391033e-8,0.010379843413829804,-3.7846884737291478e-8,-0.999946117401123],5,2.0198123455047609],[[747.2469482421875,228.41004943847657,46.886192321777347,-0.9999628067016602,3.8267171653671998e-9,-0.00862730760127306,4.167778566710467e-9,1,-3.951480564978738e-8,0.00862730760127306,-3.954929184146749e-8,-0.9999628067016602],5,2.0320169925689699],[[747.2469482421875,228.08132934570313,46.886192321777347,-0.999976396560669,-2.1161193686225489e-8,-0.006874507293105125,-2.0876814943449064e-8,1,-4.143889498209319e-8,0.006874507293105125,-4.1294399011349017e-8,-0.999976396560669],5,2.046571731567383],[[747.2469482421875,227.72195434570313,46.886192321777347,-0.999976396560669,-4.6202359271774188e-8,-0.006874507293105125,-4.590535240822646e-8,1,-4.3361751522752459e-8,0.006874507293105125,-4.304515144326615e-8,-0.999976396560669],5,2.0562210083007814],[[747.2469482421875,227.46534729003907,46.886192321777347,-0.999976396560669,-6.28875511665683e-8,-0.006874507293105125,-6.258213147702918e-8,1,-4.464297020945196e-8,0.006874507293105125,-4.421169563784133e-8,-0.999976396560669],5,2.066723346710205],[[747.2469482421875,227.05487060546876,46.886192321777347,-0.999976396560669,-8.790195948904511e-8,-0.006874507293105125,-8.758392766594625e-8,1,-4.656377328160488e-8,0.006874507293105125,-4.596057578964974e-8,-0.999976396560669],5,2.079315662384033],[[747.2469482421875,226.61373901367188,46.886192321777347,-0.9999868869781494,-1.1281964873433026e-7,-0.005121923983097076,-1.1257301935074793e-7,1,-4.8439552813306366e-8,0.005121923983097076,-4.786232921105693e-8,-0.9999868869781494],5,2.090226888656616],[[747.2469482421875,226.1419677734375,46.886192321777347,-0.9999943375587463,-1.377179472683565e-7,-0.003369324840605259,-1.3754934968801536e-7,1,-5.027035854254791e-8,0.003369324840605259,-4.980662637876776e-8,-0.9999943375587463],5,2.103410243988037],[[747.2469482421875,225.46524047851563,46.886192321777347,-0.9999986886978149,-1.3719976266202139e-7,-0.0016167155699804426,-1.3713005841964333e-7,1,-4.322200197748316e-8,0.0016167155699804426,-4.300024514236611e-8,-0.9999986886978149],5,2.116232395172119],[[747.209716796875,224.5426788330078,46.88624954223633,-0.9921985268592835,-9.51260901160822e-8,0.12466781586408615,-9.721787108674