[[[776,222.69961547851563,47,1,-1.738920829552626e-8,-1.2386050979350597e-14,1.738920829552626e-8,1,5.889011944759659e-9,1.2283645543060499e-14,-5.889011944759659e-9,1],8,0.004719734191894531],[[776,222.69961547851563,47,1,2.597054571396029e-9,-1.2439512310849499e-14,-2.597054571396029e-9,1,-8.795381645221312e-10,1.2437227862990754e-14,8.795381645221312e-10,1],8,0.014211177825927735],[[776,222.69961547851563,47,1,3.2560436125095296e-8,-1.27731484243776e-14,-3.2560436125095296e-8,1,-1.1026942026148845e-8,1.2414106404629554e-14,1.1026942026148845e-8,1],8,0.02535223960876465],[[776,222.69961547851563,47,1,6.250461126455775e-8,-1.3410273054775129e-14,-6.250461126455775e-8,1,-2.1167846142589043e-8,1.2087185568307284e-14,2.1167846142589043e-8,1],8,0.04870939254760742],[[776,222.69961547851563,47,1,9.576997683780064e-8,-1.455231571909684e-14,-9.576997683780064e-8,1,-3.243350121806543e-8,1.1446160351187649e-14,3.243350121806543e-8,1],8,0.06093955039978027],[[776,222.69961547851563,47,1,7.588740658093229e-8,-1.4066543170879447e-14,-7.588740658093229e-8,1,-2.5700060746203236e-8,1.2116232022134528e-14,2.5700060746203236e-8,1],8,0.07117342948913574],[[775.8989868164063,222.69961547851563,47.00277328491211,0.9950010776519775,5.578980122322719e-8,0.09986404329538346,-5.3605845096171836e-8,1,-2.455266390199995e-8,-0.09986404329538346,1.9076631829761938e-8,0.9950010776519775],8,0.08631539344787598],[[775.641845703125,222.69961547851563,47.00983810424805,0.9580276608467102,2.777987440083507e-8,0.2866757810115814,-2.3496726342386866e-8,1,-1.8380911015469793e-8,-0.2866757810115814,1.0873479006079379e-8,0.9580276608467102],8,0.10777950286865235],[[775.3754272460938,222.69961547851563,47.01715850830078,0.8907390832901001,-2.0769825859190407e-9,0.4545150101184845,3.5880054483072856e-9,1,-2.461951531529394e-9,-0.4545150101184845,3.823758643051178e-9,0.8907390832901001],8,0.1177206039428711],[[775.1754760742188,222.69961547851563,47.02265167236328,0.8298851847648621,-2.572000568079602e-8,0.5579342246055603,2.107671370765729e-8,1,1.4748609444836802e-8,-0.5579342246055603,-4.80231188149105e-10,0.8298851847648621],8,0.12859797477722169],[[775.0421752929688,222.69961547851563,47.02631378173828,0.7876164317131043,-4.203546666303737e-8,0.616165816783905,3.136757342758756e-8,1,2.8125302975468004e-8,-0.616165816783905,-2.824324552008761e-9,0.7876164317131043],8,0.13525772094726563],[[774.9088745117188,222.69961547851563,47.02997589111328,0.7451669573783875,-5.87530664120095e-8,0.6668779253959656,4.062648528702084e-8,1,4.270578912723977e-8,-0.6668779253959656,-4.730037250766372e-9,0.7451669573783875],8,0.14716267585754395],[[774.7089233398438,222.69961547851563,47.03546905517578,-0.09102977812290192,-6.237809202502831e-8,0.9958481788635254,3.225748201884926e-8,1,6.55867893328832e-8,-0.9958481788635254,3.8093904919378477e-8,-0.09102977812290192],8,0.16023588180541993],[[774.5089721679688,222.69961547851563,47.04096221923828,-0.047695644199848178,-8.567050713281788e-8,0.9988619089126587,2.6989056323145634e-8,1,8.70568470645594e-8,-0.9988619089126587,3.111057367277681e-8,-0.047695644199848178],8,0.1798567771911621],[[774.2423706054688,222.69961547851563,47.04828643798828,-0.03189218416810036,-1.1427712820477609e-7,0.9994913339614868,2.202529891803806e-8,1,1.1503808394763837e-7,-0.9994913339614868,2.5682910020918827e-8,-0.03189218416810036],8,0.18634557723999024],[[774.1090698242188,222.69961547851563,47.05194854736328,-0.027848349884152414,-1.1071213634750166e-7,0.9996121525764465,1.7691274223352594e-8,1,1.1124795662453835e-7,-0.9996121525764465,2.078248506620639e-8,-0.027848349884152414],8,0.1969313621520996],[[773.9757690429688,222.69961547851563,47.05561065673828,-0.027596281841397287,-8.938180684481267e-8,0.9996191263198853,1.1305800740046834e-8,1,8.972798326567499e-8,-0.9996191263198853,1.3777653684599045e-8,-0.027596281841397287],8,0.20441770553588868],[[773.7758178710938,222.69961547851563,47.06110382080078,-0.024027884006500245,-5.7441056355855838e-8,0.999711275100708,1.6323544738128249e-9,1,5.749688014589083e-8,-0.999711275100708,3.01341152031398e-9,-0.024027884006500245],8,0.21595287322998048],[[773.6425170898438,222.69961547851563,47.064422607421878,-0.02223658375442028,-3.613108390254638e-8,0.9997527599334717,-4.849330270673136e-9,1,3.603216214287386e-8,-0.9997527599334717,-4.0468992601461199e-9,-0.02223658375442028],8,0.22542357444763184],[[773.4425659179688,222.69961547851563,47.06895446777344,-0.02048524282872677,-4.168047684771636e-9,0.9997901320457459,-1.4622538735409308e-8,1,3.869313314197598e-9,-0.9997901320457459,-1.4540206372259945e-8,-0.02048524282872677],8,0.23621630668640138],[[773.3092651367188,222.69961547851563,47.07175064086914,-0.015243137255311013,1.7200790125571076e-8,0.9998838305473328,-2.1246741255254166e-8,1,-1.752669298582532e-8,-0.9998838305473328,-2.1511434411536358e-8,-0.015243137255311013],8,0.24881935119628907],[[773.0426635742188,222.69961547851563,47.076026916503909,-0.011749343015253544,5.983364559369875e-8,0.9999309778213501,-3.46360060632378e-8,1,-6.024475140975483e-8,-0.9999309778213501,-3.53414542075825e-8,-0.011749343015253544],8,0.26160645484924319],[[772.9093627929688,222.69961547851563,47.07771682739258,-0.010002695955336094,8.116054317497401e-8,0.9999499917030335,-4.136362719009412e-8,1,-8.157837072531038e-8,-0.9999499917030335,-4.2177560999334676e-8,-0.010002695955336094],8,0.27130842208862307],[[772.7094116210938,222.69961547851563,47.079803466796878,-0.008256361819803715,9.623161645322398e-8,0.9999659061431885,-4.4248320563156088e-8,1,-9.660023891910896e-8,-0.9999659061431885,-4.504437711716491e-8,-0.008256361819803715],8,0.28374791145324709],[[772.5094604492188,222.69961547851563,47.08152770996094,-0.004763011820614338,7.762051268400683e-8,0.9999886751174927,-3.255559022363741e-8,1,-7.77764554982241e-8,-0.9999886751174927,-3.292567285484438e-8,-0.004763011820614338],8,0.29642438888549807],[[772.3095092773438,222.69961547851563,47.082618713378909,-0.004763011820614338,5.8864657148660629e-8,0.9999886751174927,-2.0870354333624165e-8,1,-5.896473354027876e-8,-0.9999886751174927,-2.115096719990106e-8,-0.004763011820614338],8,0.3071329593658447],[[772.1762084960938,222.69961547851563,47.08325958251953,-0.003015893744304776,4.6404295517277208e-8,0.9999954700469971,-1.3062470216596012e-8,1,-4.644390472208215e-8,-0.9999954700469971,-1.320247999814228e-8,-0.003015893744304776],8,0.31725478172302248],[[771.9096069335938,222.69961547851563,47.084129333496097,-0.003015893744304776,2.142588151343716e-8,0.9999954700469971,2.543289356893297e-9,1,-2.141830712787396e-8,-0.9999954700469971,2.478682592510495e-9,-0.003015893744304776],8,0.3328678607940674],[[771.7096557617188,222.69961547851563,47.08473587036133,-0.003015893744304776,2.7060842455739477e-9,0.9999954700469971,1.423885453988305e-8,1,-2.6631534755239274e-9,-0.9999954700469971,1.4230758793587484e-8,-0.003015893744304776],8,0.35381078720092776],[[771.4430541992188,222.69961547851563,47.08554458618164,-0.003015893744304776,-2.223497119757667e-8,0.9999954700469971,2.982127966788539e-8,1,2.232500939669535e-8,-0.9999954700469971,2.9888475694406227e-8,-0.003015893744304776],8,0.36275386810302737],[[771.3097534179688,222.69961547851563,47.0859489440918,-0.003015893744304776,-3.469749998430416e-8,0.9999954700469971,3.760749933690022e-8,1,3.481108024061541e-8,-0.9999954700469971,3.771231504856587e-8,-0.003015893744304776],8,0.3757288455963135],[[771.1098022460938,222.69961547851563,47.08655548095703,-0.003015893744304776,-5.3381306486244287e-8,0.9999954700469971,4.928058316977513e-8,1,5.353017229481338e-8,-0.9999954700469971,4.9441801763805418e-8,-0.003015893744304776],8,0.38335180282592776],[[770.9098510742188,222.69961547851563,47.087162017822269,-0.004763011820614338,-7.196666729214485e-8,0.9999886751174927,6.09134858109428e-8,1,7.22576203315839e-8,-0.9999886751174927,6.125696216940924e-8,-0.004763011820614338],8,0.396221399307251],[[770.7098999023438,222.69961547851563,47.088050842285159,-0.006509876810014248,-9.051941418647402e-8,0.99997878074646,7.2506232129399e-8,1,9.099334619122601e-8,-0.99997878074646,7.309705551961088e-8,-0.006509876810014248],8,0.40703725814819338],[[770.5765991210938,222.69961547851563,47.0888557434082,-0.010003303177654744,-8.838112108833229e-8,0.9999499917030335,6.930834217655502e-8,1,8.907888826570343e-8,-0.9999499917030335,7.019595926749389e-8,-0.010003303177654744],8,0.41600584983825686],[[770.4432983398438,222.6894073486328,47.08971405029297,-0.010003303177654744,-7.218697106736727e-8,0.9999499917030335,5.523553880948384e-8,1,7.274314839378349e-8,-0.9999499917030335,5.596044516664733e-8,-0.010003303177654744],8,0.4273960590362549],[[770.2433471679688,222.64854431152345,47.09101867675781,-0.011749734170734883,-4.781087525884686e-8,0.9999309778213501,3.4180402508354749e-8,1,4.8215813563956547e-8,-0.9999309778213501,3.474456633512091e-8,-0.011749734170734883],8,0.43695831298828127],[[770.0433959960938,222.5770263671875,47.092323303222659,-0.01524308044463396,-2.342651228559589e-8,0.9998838305473328,1.3224526362876077e-8,1,2.3630841283761584e-8,-0.9998838305473328,1.35831959013899e-8,-0.01524308044463396],8,0.4502735137939453],[[769.7767944335938,223.43992614746095,47.09406280517578,-0.018735762685537339,8.947138141479627e-9,0.9998244643211365,-1.4581161167370738e-8,1,-9.221945873605364e-9,-0.9998244643211365,-1.4751381449684687e-8,-0.018735762685537339],3,0.4670095443725586],[[769.5768432617188,224.05133056640626,47.09734344482422,-0.022009864449501039,3.3122230291837698e-8,0.9997577667236328,-3.533941850264455e-8,1,-3.390826108784495e-8,-0.9997577667236328,-3.607717147247058e-8,-0.022009864449501039],5,0.4902768135070801],[[769.1102905273438,225.35873413085938,47.107547760009769,-0.0291930940002203,8.927302985739516e-8,0.9995737671852112,-8.332479950468042e-8,1,-9.174463855288195e-8,-0.9995737671852112,-8.596759215606653e-8,-0.0291930940002203],5,0.5086362361907959],[[768.9769897460938,225.7016143798828,47.11137771606445,-0.037427060306072238,1.0464011523936279e-7,0.9992993474006653,-9.690111824056658e-8,1,-1.0834275343540867e-7,-0.9992993474006653,-1.0088817248288251e-7,-0.037427060306072238],5,0.5185718536376953],[[768.777099609375,226.19039916992188,47.118656158447269,-0.040932632982730868,1.0219886803497502e-7,0.9991618990898132,-9.35369826038368e-8,1,-1.0611652356828927e-7,-0.9991618990898132,-9.780222143263018e-8,-0.040932632982730868],5,0.5287346839904785],[[768.6439208984375,226.4992218017578,47.12404251098633,-0.04634777829051018,9.154439339909004e-8,0.9989253878593445,-8.348549584979992e-8,1,-9.551640545168994e-8,-0.9989253878593445,-8.782275529028993e-8,-0.04634777829051018],5,0.5364227294921875],[[768.5107421875,226.79441833496095,47.13006591796875,-0.04988057538866997,8.112140648108834e-8,0.9987552165985107,-7.347063757379147e-8,1,-8.48918375595531e-8,-0.9987552165985107,-7.761363463032467e-8,-0.04988057538866997],5,0.5482730865478516],[[768.3109741210938,227.211669921875,47.13993453979492,-0.05654827132821083,6.543178443507714e-8,0.9983998537063599,-5.857797802377718e-8,1,-6.88544403715241e-8,-0.9983998537063599,-6.237784333507079e-8,-0.05654827132821083],5,0.5592696666717529],[[768.1777954101563,227.47279357910157,47.14730453491211,-0.0602991059422493,5.5099022233662257e-8,0.9981803297996521,-4.868773828548001e-8,1,-5.8140642522630517e-8,-0.9981803297996521,-5.210497278085313e-8,-0.0602991059422493],5,0.5680510997772217],[[767.9782104492188,227.83895874023438,47.15925598144531,-0.06372217833995819,3.979046070412551e-8,0.9979676604270935,-3.390878688946941e-8,1,-4.2036635505837697e-8,-0.9979676604270935,-3.651853930364268e-8,-0.06372217833995819],5,0.5792336463928223],[[767.8451538085938,228.06602478027345,47.16767501831055,-0.07071515917778015,2.9452081662384445e-8,0.9974965453147888,-2.4140032195418827e-8,1,-3.1237348707691129e-8,-0.9974965453147888,-2.6288553556241824e-8,-0.07071515917778015],5,0.5912847518920898],[[767.6455688476563,228.38108825683595,47.18160629272461,-0.07412643730640412,1.425544304822779e-8,0.9972488284111023,-9.545820134349015e-9,1,-1.5004319564582148e-8,-0.9972488284111023,-1.0631775460012705e-8,-0.07412643730640412],5,0.600534200668335],[[767.5126342773438,228.5740966796875,47.1914176940918,-0.0777997076511383,4.155030541852511e-9,0.9969689846038818,1.413443112552315e-10,1,-4.1566323716324408e-9,-0.9969689846038818,-1.824689010998526e-10,-0.0777997076511383],5,0.6099472045898438],[[767.3796997070313,228.75347900390626,47.20168685913086,-0.07961270213127136,-5.899917887575157e-9,0.9968258738517761,9.805933842699233e-9,1,6.7018670613094859e-9,-0.9968258738517761,1.0308362163868879e-8,-0.07961270213127136],5,0.6189327239990234],[[767.2467651367188,228.9192352294922,47.21224594116211,-0.07971371710300446,-1.5948611320482088e-8,0.9968178272247315,1.9465526079898156e-8,1,1.7556146758579417e-8,-0.9968178272247315,2.0803049949336129e-8,-0.07971371710300446],5,0.6281089782714844],[[767.04736328125,229.142333984375,47.22819137573242,-0.07975683361291886,-3.101490264612039e-8,0.9968143701553345,3.394566761016904e-8,1,3.383007296520191e-8,-0.9968143701553345,3.653570601613865e-8,-0.07975683361291886],5,0.636681079864502],[[766.9144287109375,229.27403259277345,47.238826751708987,-0.08146057277917862,-4.098985684208856e-8,0.9966765642166138,4.357698557555523e-8,1,4.4688182043728378e-8,-0.9966765642166138,4.7072486353272328e-8,-0.08146057277917862],5,0.6485955715179443],[[766.7150268554688,229.44602966308595,47.25506591796875,-0.08311477303504944,-5.595653718160065e-8,0.9965400099754334,5.7991364599274678e-8,1,6.098749594229958e-8,-0.9965400099754334,6.285967657504443e-8,-0.08311477303504944],5,0.6597843170166016],[[766.5157470703125,229.58737182617188,47.27165222167969,-0.08810108155012131,-7.065990814680845e-8,0.9961115121841431,7.232858934003161e-8,1,7.733284235200699e-8,-0.9961115121841431,7.886044528504499e-8,-0.08810108155012131],5,0.6699516773223877],[[766.3165283203125,229.69805908203126,47.28915023803711,-0.09158162772655487,-8.538804507907116e-8,0.9957975745201111,8.660091310730422e-8,1,9.371292009063836e-8,-0.9957975745201111,9.481936302790928e-8,-0.09158162772655487],5,0.6836152076721191],[[766.1173095703125,229.77809143066407,47.307403564453128,-0.09997956454753876,-9.954649726751086e-8,0.9949895143508911,1.0075363121586634e-7,1,1.101718183349476e-7,-0.9949895143508911,1.1126373067327222e-7,-0.09997956454753876],5,0.6995890140533447],[[765.8519287109375,229.8371124267578,47.33389663696289,-0.10823030769824982,-1.0657959848003884e-7,0.9941258430480957,1.0755206858448219e-7,1,1.1891853546330822e-7,-0.9941258430480957,1.197908829908556e-7,-0.10823030769824982],5,0.7206182479858398],[[765.5205078125,229.83424377441407,47.3699951171875,-0.11049703508615494,-7.158068626722525e-8,0.9938764572143555,7.145507652239758e-8,1,7.996593609504998e-8,-0.9938764572143555,7.985352112882538e-8,-0.11049703508615494],5,0.7325193881988525],[[765.3216552734375,229.79165649414063,47.392147064208987,-0.11100038141012192,-5.075736453363788e-8,0.9938203692436218,4.97966645696124e-8,1,5.663479640816149e-8,-0.9938203692436218,5.577542339096908e-8,-0.11100038141012192],5,0.7444937229156494],[[765.122802734375,229.71841430664063,47.41436004638672,-0.1110667884349823,-2.9989589478418569e-8,0.9938129186630249,2.8148729569466014e-8,1,3.332214504325748e-8,-0.9938129186630249,3.1675554623689098e-8,-0.1110667884349823],5,0.7577488422393799],[[764.9239501953125,229.614501953125,47.43657302856445,-0.10456773638725281,-9.460608296762985e-9,0.9945177435874939,6.344409886338553e-9,1,1.0179837417467752e-8,-0.9945177435874939,7.3741110995229068e-9,-0.10456773638725281],5,0.7693941593170166],[[764.857666015625,229.57305908203126,47.443687438964847,-0.0956755056977272,-2.614930050270914e-9,0.9954125881195068,-9.887750618275959e-10,1,2.5319435437154427e-9,-0.9954125881195068,-7.41994188313555e-10,-0.0956755056977272],5,0.7773563861846924],[[764.7249755859375,229.4799346923828,47.45680236816406,-0.08223923295736313,1.121597836828414e-8,0.9966126084327698,-1.5857569479749146e-8,1,-1.2562646922731347e-8,-0.9966126084327698,-1.6836995797575584e-8,-0.08223923295736313],5,0.7853593826293945],[[764.5256958007813,229.31472778320313,47.47369384765625,-0.06453926116228104,3.2237121416756057e-8,0.9979151487350464,-3.85494800525521e-8,1,-3.479762611391379e-8,-0.9979151487350464,-4.071492298862722e-8,-0.06453926116228104],7,0.7960517406463623],[[764.3927001953125,229.1875457763672,47.48286819458008,-0.01880640722811222,4.787290563967872e-8,0.9998231530189514,-5.4334869048489057e-8,1,-4.8903398663924239e-8,-0.9998231530189514,-5.524495705344634e-8,-0.01880640722811222],7,0.8051908016204834],[[764.2594604492188,229.0467529296875,47.48701477050781,0.01093293260782957,6.329354107492691e-8,0.9999402165412903,-7.05275411405637e-8,1,-6.25262046582975e-8,-0.9999402165412903,-6.983972866692057e-8,0.01093293260782957],7,0.8149316310882568],[[764.1261596679688,228.89231872558595,47.4868049621582,0.042377229779958728,7.92512011571489e-8,0.9991016983985901,-8.713436727703083e-8,1,-7.562662318605362e-8,-0.9991016983985901,-8.385124772303243e-8,0.042377229779958728],7,0.8245184421539307],[[763.9263305664063,228.8319091796875,47.479713439941409,0.07899356633424759,7.686011116447844e-8,0.9968751072883606,-8.426802367011988e-8,1,-7.042354610575785e-8,-0.9968751072883606,-7.844168692372478e-8,0.07899356633424759],7,0.8334102630615234],[[763.7268676757813,228.85313415527345,47.46537399291992,0.07899622619152069,5.840938044343602e-8,0.9968749284744263,-6.717449707593915e-8,1,-5.3269321398374817e-8,-0.9968749284744263,-6.275649866438471e-8,0.07899622619152069],8,0.8471503257751465],[[763.5625,228.8815155029297,47.38113021850586,0.20726636052131654,4.7380815715314387e-8,0.9782845377922058,-4.824558530458489e-8,1,-3.8210895780821377e-8,-0.9782845377922058,-3.927807767922786e-8,0.20726636052131654],8,0.8597614765167236],[[763.4457397460938,228.90325927734376,47.22309875488281,0.27979832887649538,3.167207651699755e-8,0.9600588083267212,-2.8156845743865234e-8,1,-2.4783728846955456e-8,-0.9600588083267212,-2.0097781217032208e-8,0.27979832887649538],8,0.8796224594116211],[[763.4222412109375,228.92164611816407,46.98296356201172,0.3316079080104828,8.135030427069978e-9,0.9434173107147217,-3.899129907836141e-10,1,-8.485886660025699e-9,-0.9434173107147217,2.4461364045436086e-9,0.3316079080104828],8,0.8894875049591065],[[763.482666015625,228.92990112304688,46.79422378540039,0.34441259503364565,-1.031688778851958e-8,0.9388183951377869,2.0589649096791619e-8,1,3.4357583444943886e-9,-0.9388183951377869,1.8146621982850776e-8,0.34441259503364565],8,0.9081852436065674],[[763.5507202148438,228.93516540527345,46.60627746582031,0.3492947220802307,-2.881722949155119e-8,0.9370129108428955,4.161769950883354e-8,1,1.5240329886978544e-8,-0.9370129108428955,3.3672957755470637e-8,0.3492947220802307],8,0.9145183563232422],[[763.620361328125,228.93850708007813,46.41879653930664,0.34273263812065127,-4.697533029229817e-8,0.9394329786300659,6.254921203208142e-8,1,2.7184137607605409e-8,-0.9394329786300659,4.944389786487591e-8,0.34273263812065127],8,0.9263837337493897],[[763.666259765625,228.94003295898438,46.293617248535159,0.33286580443382265,-5.87107855665181e-8,0.9429742097854614,7.641188659590625e-8,1,3.5288220345819357e-8,-0.9429742097854614,6.030819577063085e-8,0.33286580443382265],8,0.9342782497406006],[[763.7578125,229.8131561279297,46.043190002441409,0.31965702772140505,-8.235936377332109e-8,0.9475333094596863,1.0389042870428966e-7,1,5.187158791386537e-8,-0.9475333094596863,8.185852351516587e-8,0.31965702772140505],3,0.9504826068878174],[[763.8226928710938,230.43478393554688,45.854000091552737,0.34737080335617068,-9.794048594358174e-8,0.9377278685569763,1.276356442758697e-7,1,5.7163269673310427e-8,-0.9377278685569763,9.983064330754132e-8,0.34737080335617068],5,0.969813346862793],[[763.881591796875,231.0257568359375,45.662872314453128,0.3377671241760254,-1.0622449764241537e-7,0.9412297010421753,1.532390143665907e-7,1,5.786621315451157e-8,-0.9412297010421753,1.2468781562802179e-7,0.3377671241760254],5,0.9764196872711182],[[763.9330444335938,231.5860595703125,45.46961975097656,0.32193678617477419,-7.904753829279798e-8,0.9467611908912659,1.2993518794246484e-7,1,3.9309409061161207e-8,-0.9467611908912659,1.1036244274009732e-7,0.32193678617477419],5,0.9863665103912354],[[763.9591674804688,231.9425811767578,45.341697692871097,0.24178309738636018,-5.488112364560038e-8,0.9703302979469299,1.1491437845734254e-7,1,2.792530295891993e-8,-0.9703302979469299,1.0475304179635714e-7,0.24178309738636018],5,0.9997942447662354],[[763.9817504882813,232.7742462158203,45.02933883666992,0.274160772562027,-2.4998486836125268e-8,0.9616838693618774,7.717088834624519e-8,1,3.994303554577527e-9,-0.9616838693618774,7.311891891959022e-8,0.274160772562027],5,1.0229451656341553],[[763.9559936523438,233.37826538085938,44.7880859375,0.20086649060249329,3.5496645622856706e-9,0.9796186089515686,4.771160178052014e-8,1,-1.3406570964491494e-8,-0.9796186089515686,4.943210640817597e-8,0.20086649060249329],5,1.0303912162780762],[[763.9434814453125,233.520751953125,44.72916030883789,0.09753993898630142,1.3720874214584456e-8,0.9952316284179688,4.05551006110727e-8,1,-1.7761308868102789e-8,-0.9952316284179688,4.209415749301115e-8,0.09753993898630142],5,1.037851095199585],[[763.8916625976563,233.9277801513672,44.556331634521487,0.13015307486057282,2.6987214241103176e-8,0.9914939403533936,1.891487499960931e-8,1,-2.970168822002961e-8,-0.9914939403533936,2.2619749628915998e-8,0.13015307486057282],5,1.0478715896606446],[[763.86962890625,234.056640625,44.50009536743164,0.07593946903944016,3.256975134036111e-8,0.9971124529838562,1.1766507768129486e-8,1,-3.3560201728732866e-8,-0.9971124529838562,1.4281075877420335e-8,0.07593946903944016],5,1.0554907321929932],[[763.7892456054688,234.4228057861328,44.33567428588867,0.08572443574666977,4.53096156149968e-8,0.9963188767433167,-9.675728662728034e-9,1,-4.464451208718856e-8,-0.9963188767433167,-5.812985648390168e-9,0.08572443574666977],5,1.0643162727355958],[[763.7239379882813,234.64987182617188,44.23013687133789,0.0574740506708622,5.282271331452648e-8,0.9983469843864441,-2.3965412765392103e-8,1,-5.153050253170477e-8,-0.9983469843864441,-2.0964129987532943e-8,0.0574740506708622],5,1.0722620487213135],[[763.6493530273438,234.8633270263672,44.12813186645508,0.009556738659739495,5.8889391141292438e-8,0.999954342842102,-3.808478865607867e-8,1,-5.852809792372682e-8,-0.999954342842102,-3.752371213749939e-8,0.009556738659739495],5,1.0836701393127442],[[763.4839477539063,235.2493438720703,43.9478645324707,-0.05543277785181999,7.24671664897869e-8,0.998462438583374,-6.158609267004067e-8,1,-7.599790308177035e-8,-0.998462438583374,-6.570417099283077e-8,-0.05543277785181999],5,1.0993123054504395],[[763.3482055664063,235.50308227539063,43.83595657348633,-0.13250122964382173,8.003441820392254e-8,0.9911828637123108,-7.687294356628627e-8,1,-9.10227413442044e-8,-0.9911828637123108,-8.82557671388895e-8,-0.13250122964382173],5,1.1232342720031739],[[763.1015014648438,235.85787963867188,43.69466018676758,-0.19511909782886506,9.575325066180085e-8,0.9807795286178589,-1.0049346599316778e-7,1,-1.1762219287447806e-7,-0.9807795286178589,-1.2151227224421746e-7,-0.19511909782886506],5,1.1341047286987305],[[762.8873901367188,236.0803985595703,43.62306594848633,-0.24341773986816407,8.607938184468367e-8,0.9699215292930603,-9.564208625079118e-8,1,-1.1275175637592838e-7,-0.9699215292930603,-1.2021109796478414e-7,-0.24341773986816407],5,1.1673433780670167],[[762.6022338867188,236.2819061279297,43.5865592956543,-0.3098650574684143,4.68767176187157e-8,0.9507805705070496,-6.467318058867022e-8,1,-7.038077853849245e-8,-0.9507805705070496,-8.329854495059408e-8,-0.3098650574684143],5,1.1746113300323487],[[762.423828125,236.3619384765625,43.5934944152832,-0.34106239676475527,2.612805971580201e-8,0.940040647983551,-4.665537645109907e-8,1,-4.472195413995905e-8,-0.940040647983551,-5.91109277081614e-8,-0.34106239676475527],5,1.1832129955291749],[[762.3028564453125,236.3982696533203,43.6103630065918,-0.36770474910736086,1.2564426832284426e-8,0.9299426078796387,-3.506535506403452e-8,1,-2.7376017897040584e-8,-0.9299426078796387,-4.2675058153918147e-8,-0.36770474910736086],5,1.194279670715332],[[762.180908203125,236.42095947265626,43.63711166381836,-0.39056020975112917,-3.234381651395779e-10,0.9205774068832398,-2.389368347621712e-8,1,-9.785689591979008e-9,-0.9205774068832398,-2.5817884719003815e-8,-0.39056020975112917],5,1.2025907039642335],[[761.9973754882813,236.42945861816407,43.69583511352539,-0.4107969403266907,-1.85963315857407e-8,0.9117268919944763,-7.721864037080195e-9,1,1.6917580225594976e-8,-0.9117268919944763,-9.054092198201858e-11,-0.4107969403266907],5,1.2129602432250977],[[761.8755493164063,236.4180908203125,43.746768951416019,-0.4472947418689728,-3.0353781710346087e-8,0.8943865895271301,2.3500255075248335e-9,1,3.5113380647544548e-8,-0.8943865895271301,1.780786185179295e-8,-0.4472947418689728],5,1.222973108291626],[[761.6961059570313,236.37550354003907,43.83460235595703,-0.4626533091068268,-4.767185401988172e-8,0.8865392804145813,1.695915230470746e-8,1,6.262335006113062e-8,-0.8865392804145813,4.400785513780647e-8,-0.4626533091068268],5,1.232698917388916],[[761.5776977539063,236.330078125,43.895938873291019,-0.47756683826446535,-5.8657121826399819e-8,0.8785954117774963,2.637924900739108e-8,1,8.110101390457203e-8,-0.8785954117774963,6.190784063164756e-8,-0.47756683826446535],5,1.243342399597168],[[761.4603271484375,236.27102661132813,43.959190368652347,-0.503097414970398,-6.851366407545356e-8,0.8642297387123108,3.5286593202954467e-8,1,9.981867066244377e-8,-0.8642297387123108,8.071423707178838e-8,-0.503097414970398],5,1.2531020641326905],[[761.2869873046875,236.1569061279297,44.059017181396487,-0.5149304866790772,-8.495802461538915e-8,0.8572319149971008,4.820502041980035e-8,1,1.2806366100903689e-7,-0.8572319149971008,1.0726676435979243e-7,-0.5149304866790772],5,1.26348876953125],[[761.0582885742188,235.95704650878907,44.19622039794922,-0.5267506241798401,-8.544845542246549e-8,0.8500198721885681,5.1610754780995197e-8,1,1.32508020556088e-7,-0.8500198721885681,1.1366885388497394e-7,-0.5267506241798401],5,1.2788138389587403],[[760.8882446289063,235.77139282226563,44.30144119262695,-0.5500286221504211,-6.758348547464266e-8,0.8351458311080933,4.496838101886169e-8,1,1.1054043369540523e-7,-0.8351458311080933,9.835555658810336e-8,-0.5500286221504211],5,1.294532060623169],[[760.7703247070313,235.5082550048828,44.27154541015625,-0.6290184855461121,0.025771670043468477,0.7769630551338196,-0.010171014815568924,0.9990919828414917,-0.04137394577264786,-0.7773237824440002,-0.03392747789621353,-0.6281852126121521],5,1.3089287281036378],[[760.7042236328125,235.28688049316407,44.1431999206543,-0.6058937907218933,0.01818450726568699,0.7953376770019531,-0.00754996482282877,0.9995622634887695,-0.028605489060282708,-0.7955096960067749,-0.023336660116910936,-0.6054912805557251],5,1.3209660053253174],[[760.6493530273438,235.1222686767578,44.07382583618164,-0.6033822298049927,0.011043612845242024,0.7973756790161133,-0.004784907680004835,0.9998359680175781,-0.017468465492129327,-0.7974377870559692,-0.014355530962347985,-0.6032304167747498],5,1.3297123908996583],[[760.5916137695313,234.94400024414063,44.01325607299805,-0.6116529107093811,0.005509137641638517,0.7911070585250855,-0.0026281753089278938,0.9999560713768005,-0.00899553019553423,-0.7911218404769898,-0.0075813098810613159,-0.6116116046905518],5,1.3387441635131837],[[760.43408203125,234.54649353027345,44.01817321777344,-0.6306474208831787,-0.00298293842934072,0.7760637402534485,0.001016272115521133,0.9999885559082031,0.004669479560106993,-0.7760688066482544,0.003733487334102392,-0.6306371688842773],7,1.3526158332824708],[[760.361083984375,234.3358917236328,44.04871368408203,-0.6615146398544312,0.012178270146250725,0.749833345413208,-0.006530477199703455,0.9997366666793823,-0.021998314186930658,-0.7499037981033325,-0.01944897696375847,-0.6612609028816223],7,1.363692283630371],[[760.3123779296875,234.13815307617188,44.04219055175781,-0.7007086277008057,0.013949781656265259,0.7133111953735352,-0.01555101852864027,0.9992726445198059,-0.03481841832399368,-0.71327805519104,-0.035490281879901889,-0.6999820470809937],7,1.3735084533691407],[[760.1198120117188,233.86053466796876,43.989967346191409,-0.7186766266822815,-0.0036834224592894317,0.6953346729278565,-0.009682930074632168,0.9999420046806336,-0.004710949491709471,-0.6952770352363586,-0.01011852640658617,-0.718670666217804],8,1.3881750106811524],[[759.94921875,233.87322998046876,43.94497299194336,-0.7317975759506226,0.0012176955351606012,0.681520938873291,-0.004376349505037069,0.9999693632125855,-0.00648587616160512,-0.68150794506073,-0.007728922180831432,-0.731769859790802],8,1.4155385494232178],[[759.5852661132813,233.93460083007813,43.88913345336914,-0.7946619987487793,0.0036753658205270769,0.60704106092453,0.0016446128720417619,0.9999910593032837,-0.0039015840739011766,-0.6070499420166016,-0.0021020928397774698,-0.7946609258651733],8,1.4234669208526612],[[759.5322875976563,233.94189453125,43.8512077331543,-0.7551223039627075,0.0036332611925899984,0.6555739045143127,0.0018833876820281149,0.9999925494194031,-0.0033726876135915519,-0.6555812358856201,-0.0013120918301865459,-0.755123496055603],8,1.4327585697174073],[[759.287353515625,233.96331787109376,43.8202018737793,-0.793637752532959,0.002673700451850891,0.6083846688270569,0.0011278020683676005,0.9999951124191284,-0.002923513762652874,-0.6083894968032837,-0.001634073443710804,-0.7936369180679321],8,1.4460628032684327],[[759.1632080078125,233.9705810546875,43.80393600463867,-0.7958146929740906,0.0020529702305793764,0.6055367588996887,0.0006707681459374726,0.9999966025352478,-0.0025087762624025347,-0.605539858341217,-0.0015903462190181018,-0.7958133816719055],8,1.455526351928711],[[758.9739990234375,233.97848510742188,43.796207427978519,-0.8092623353004456,0.0014416108606383205,0.5874456763267517,0.00014199969882611185,0.9999974370002747,-0.002258408349007368,-0.5874474048614502,-0.0017442276002839208,-0.8092604279518127],8,1.4662070274353028],[[758.8462524414063,233.98226928710938,43.79090118408203,-0.8088105916976929,0.00120416353456676,0.5880680084228516,-0.000043461404857225719,0.9999977946281433,-0.002107431413605809,-0.5880692005157471,-0.0017300711479038,-0.8088087439537048],8,1.4759387969970704],[[758.7172241210938,233.98519897460938,43.79827117919922,-0.8189865350723267,0.00098675605840981,0.5738118886947632,-0.00021968061628285795,0.9999979138374329,-0.0020331915002316238,-0.57381272315979,-0.0017912117764353753,-0.8189845681190491],8,1.485464096069336],[[758.5220947265625,233.9883575439453,43.81303787231445,-0.8226467967033386,0.0009119929745793343,0.5685520172119141,-0.0005249562673270702,0.999997079372406,-0.002363624982535839,-0.568552553653717,-0.002242893446236849,-0.8226438760757446],8,1.4968209266662598],[[758.324462890625,233.990478515625,43.8360595703125,-0.8200225234031677,0.0007143943221308291,0.5723307728767395,-0.0007483575027436018,0.9999970197677612,-0.0023204453755170109,-0.5723307132720947,-0.0023311255499720575,-0.820019543170929],8,1.5081007480621338],[[757.9951171875,233.9925079345703,43.88819122314453,-0.8172317147254944,0.00005559896817430854,0.5763092041015625,-0.00015080856974236667,0.9999999403953552,-0.00031032736296765506,-0.5763092041015625,-0.00034052174305543303,-0.8172316551208496],8,1.5281970500946046],[[757.86376953125,233.99298095703126,43.91061782836914,-0.8163501024246216,-0.00003227420529583469,0.577557384967804,-0.0000026830562092072798,1,0.000052088144002482298,-0.577557384967804,0.00004097254350199364,-0.8163501024246216],8,1.5369858741760255],[[757.6666870117188,233.99346923828126,43.94429397583008,-0.8163257241249085,-0.00004604245987138711,0.5775917768478394,0.00005235046410234645,1,0.000153702829265967,-0.5775917768478394,0.00015570878167636693,-0.8163257241249085],8,1.5485813617706299],[[757.5352172851563,233.9936981201172,43.96678161621094,-0.812256932258606,-0.000029323591661523097,0.5832998156547546,0.000039805810956750068,1,0.00010570230369921774,-0.5832998156547546,0.00010907615069299936,-0.812256932258606],8,1.5596349239349366],[[757.337890625,233.99392700195313,43.999420166015628,-0.809187114238739,-0.00000666612231725594,0.5875509977340698,0.000012721843631879893,1,0.000028866388674941846,-0.5875509977340698,0.00003083304181927815,-0.809187114238739],8,1.5693209171295167],[[757.2062377929688,233.99403381347657,44.020511627197269,-0.8071290850639343,4.959122748005029e-7,0.5903750658035278,0.0000020639288322854556,1,0.0000019816975509456826,-0.5903750658035278,0.0000028179777018522147,-0.8071290850639343],8,1.580216407775879],[[757.0745239257813,233.99411010742188,44.04109573364258,-0.8029851317405701,0.0000027705311822501246,0.595999002456665,-0.0000023885029349912658,1,-0.000007866562555136625,-0.595999002456665,-0.000007740278306300752,-0.8029851317405701],8,1.5917551517486573],[[756.8110961914063,234.8672332763672,44.08213806152344,-0.8019407391548157,0.000005522541869140696,0.5974035859107971,-0.00000871905194799183,1,-0.000020948493329342456,-0.5974035859107971,-0.000022008243831805886,-0.8019407391548157],3,1.6083343029022217],[[756.5604858398438,235.6892547607422,44.14444351196289,-0.7981329560279846,0.0000034807590054697359,0.6024813055992127,-0.000005854227765667019,1,-0.00001353272091364488,-0.6024813055992127,-0.000014327973076433409,-0.7981329560279846],5,1.6336205005645753],[[756.2227172851563,236.82009887695313,44.30179977416992,-0.7889293432235718,4.411493250700005e-7,0.6144839525222778,-6.425453307201678e-7,1,-0.0000015428753386004246,-0.6144839525222778,-0.0000016120534382935148,-0.7889293432235718],5,1.6534571647644044],[[756.0226440429688,237.50587463378907,44.449562072753909,-0.7736452221870422,-2.5742677323137287e-8,0.6336190104484558,1.2002412574929623e-7,1,1.871767949523928e-7,-0.6336190104484558,2.2085799855631195e-7,-0.7736452221870422],5,1.6610205173492432],[[755.9755859375,237.66880798339845,44.491943359375,-0.7610023617744446,-6.193705104351466e-8,0.6487491130828857,1.5554530818917557e-7,1,2.779308658773516e-7,-0.6487491130828857,3.1241592068909087e-7,-0.7610023617744446],5,1.6686341762542725],[[755.840576171875,238.13714599609376,44.632659912109378,-0.7492493391036987,-7.416323910547362e-8,0.6622880101203919,1.3514603836028983e-7,1,2.6487163040656016e-7,-0.6622880101203919,2.8796048923140918e-7,-0.7492493391036987],5,1.6794123649597169],[[755.7522583007813,238.43234252929688,44.732025146484378,-0.7483298778533936,-6.107915595521263e-8,0.6633267998695374,9.724978156100406e-8,1,2.0179204796022533e-7,-0.6633267998695374,2.1551539930442233e-7,-0.7483298778533936],5,1.6875715255737305],[[755.6195068359375,238.84959411621095,44.881553649902347,-0.7180363535881043,-5.091707677706836e-8,0.696005642414093,3.5756571037381948e-8,1,1.1004450328755411e-7,-0.696005642414093,1.0390272819904567e-7,-0.7180363535881043],5,1.700866937637329],[[755.4811401367188,239.23617553710938,45.02592849731445,-0.6853105425834656,-3.592506558902642e-8,0.7282509803771973,-2.9948836299809048e-8,1,2.1147672057963974e-8,-0.7282509803771973,-7.317545236418255e-9,-0.6853105425834656],5,1.7133092880249024],[[755.3362426757813,239.5921173095703,45.1636848449707,-0.6688582301139832,-1.6265849112073739e-8,0.7433900237083435,-6.957159115472678e-8,1,-4.0715747218200707e-8,-0.7433900237083435,-7.895188502970996e-8,-0.6688582301139832],5,1.7237000465393067],[[755.2373657226563,239.8123779296875,45.25316619873047,-0.6404513120651245,-3.6506345169051715e-10,0.7679987549781799,-8.784948590800923e-8,1,-7.278430302903871e-8,-0.7679987549781799,-1.1408310029992208e-7,-0.6404513120651245],5,1.7344775199890137],[[755.033203125,240.21202087402345,45.424705505371097,-0.6288402676582336,1.7062408375068118e-8,0.7775344848632813,-8.832223841181985e-8,1,-9.337590967106735e-8,-0.7775344848632813,-1.273921128586153e-7,-0.6288402676582336],5,1.75014066696167],[[754.877685546875,240.47598266601563,45.55051803588867,-0.6013333797454834,3.087964017822742e-8,0.798998236656189,-7.947916458306281e-8,1,-9.84646959523161e-8,-0.798998236656189,-1.227138142212425e-7,-0.6013333797454834],5,1.774350643157959],[[754.6116943359375,240.84780883789063,45.75132751464844,-0.5513283610343933,5.452807982919694e-8,0.8342883586883545,-6.482123637852055e-8,1,-1.0819504581149886e-7,-0.8342883586883545,-1.137306000487115e-7,-0.5513283610343933],5,1.783273458480835],[[754.5013427734375,240.9727020263672,45.82609176635742,-0.5220685601234436,6.478477132532135e-8,0.8529035449028015,-5.917715029113424e-8,1,-1.1218067896834327e-7,-0.8529035449028015,-1.0903840319542724e-7,-0.5220685601234436],5,1.7930593490600587],[[754.3312377929688,241.1344757080078,45.93124771118164,-0.4968290627002716,7.732907647550746e-8,0.8678483963012695,-5.101808397967034e-8,1,-1.1831137669560121e-7,-0.8678483963012695,-1.0305649311703746e-7,-0.4968290627002716],5,1.8025381565093995],[[754.2158813476563,241.2252960205078,45.998043060302737,-0.46817755699157717,8.68786713681402e-8,0.8836343884468079,-4.5728850039949978e-8,1,-1.2254830039637455e-7,-0.8836343884468079,-9.778194964837894e-8,-0.46817755699157717],5,1.8124809265136719],[[754.0985107421875,241.302490234375,46.06129837036133,-0.4142765700817108,9.890072050211529e-8,0.9101510643959045,-4.057486080455419e-8,1,-1.2713266528407986e-7,-0.9101510643959045,-8.959733577285079e-8,-0.4142765700817108],5,1.8232829570770264],[[753.8567504882813,241.416015625,46.1737174987793,-0.38861405849456789,1.138302607728292e-7,0.9214006066322327,-3.0722972610419677e-8,1,-1.3649832908413374e-7,-0.9214006066322327,-8.13533347354678e-8,-0.38861405849456789],5,1.8399195671081544],[[753.6110229492188,241.47503662109376,46.277278900146487,-0.339560866355896,1.3047872471361189e-7,0.9405840635299683,-2.117303132820325e-8,1,-1.4636464129580418e-7,-0.9405840635299683,-6.961472109878741e-8,-0.339560866355896],5,1.8596043586730958],[[753.2974853515625,241.47216796875,46.3905143737793,-0.2759554386138916,1.5062612135352539e-7,0.9611704349517822,-9.631293096390437e-9,1,-1.5947631482049474e-7,-0.9611704349517822,-5.326566920871301e-8,-0.2759554386138916],5,1.8745605945587159],[[753.1229858398438,241.58145141601563,46.45233917236328,-0.2475862354040146,1.0207835998699011e-7,0.9688658714294434,-2.4770934192730466e-9,1,-1.0599161015534264e-7,-0.9688658714294434,-2.86420345219085e-8,-0.2475862354040146],12,1.8883910179138184],[[753.0477294921875,241.67330932617188,46.47899627685547,-0.20290453732013703,6.987455947182753e-8,0.9791985154151917,3.718363172922068e-9,1,-7.058842754759098e-8,-0.9791985154151917,-1.068169641627037e-8,-0.20290453732013703],12,1.8976030349731446],[[752.9461059570313,241.92730712890626,46.504005432128909,-0.18034058809280396,3.66993937461757e-8,0.9836042523384094,1.06948760958403e-8,1,-3.5350268490219608e-8,-0.9836042523384094,4.144437681929958e-9,-0.18034058809280396],8,1.9079053401947022],[[752.754150390625,242.36375427246095,46.54057693481445,-0.13368360698223115,-1.3615244043307939e-8,0.9910240769386292,2.3628086154303675e-8,1,1.692585804846658e-8,-0.9910240769386292,2.5678712489707324e-8,-0.13368360698223115],8,1.9169845581054688],[[752.6224975585938,242.6024169921875,46.560020446777347,-0.10936146974563599,-4.7607692010842587e-8,0.9940020442008972,3.3095638229951876e-8,1,5.153619397901821e-8,-0.9940020442008972,3.8533205071189516e-8,-0.10936146974563599],8,1.9270248413085938],[[752.4238891601563,242.8658447265625,46.583065032958987,-0.08675825595855713,-8.160300524195918e-8,0.9962294101715088,4.10625311531021e-8,1,8.548786212259074e-8,-0.9962294101715088,4.8324476864536339e-8,-0.08675825595855713],8,1.937192678451538],[[752.2247314453125,243.03897094726563,46.60133361816406,-0.06411263346672058,-8.201809720276288e-8,0.9979426860809326,3.419858529696285e-8,1,8.438426846169023e-8,-0.9979426860809326,3.95383246143410