[[[776,222.69961547851563,47,1,-4.036413980834652e-10,2.5509948970922626e-14,4.036413980834652e-10,1,-4.5686271432643368e-10,-2.5509764317740124e-14,4.5686271432643368e-10,1],8,0.009922266006469727],[[776,222.69961547851563,47,1,2.315192659807508e-8,2.6053893200858603e-14,-2.315192659807508e-8,1,2.6209029613255553e-8,-2.544710420843404e-14,-2.6209029613255553e-8,1],8,0.038660287857055667],[[776,222.69961547851563,47,1,5.256807966702581e-8,2.761486650243103e-14,-5.256807966702581e-8,1,5.9509364547238877e-8,-2.4486573928445347e-14,-5.9509364547238877e-8,1],8,0.047145843505859378],[[776,222.69961547851563,47,1,6.43257465071656e-8,2.851271465025701e-14,-6.43257465071656e-8,1,7.281953884330506e-8,-2.382854452490958e-14,-7.281953884330506e-8,1],8,0.05677461624145508],[[776,222.69961547851563,47,1,7.025897730272846e-8,2.914407268034963e-14,-7.025897730272846e-8,1,7.953619984846228e-8,-2.3555942217428836e-14,-7.953619984846228e-8,1],8,0.06895685195922852],[[776,222.69961547851563,47,1,5.2808218242716978e-8,2.8105495090535033e-14,-5.2808218242716978e-8,1,5.978118622351758e-8,-2.494855586227321e-14,-5.978118622351758e-8,1],8,0.08100748062133789],[[776,222.69961547851563,47,1,3.536864312536636e-8,2.7411138137957426e-14,-3.536864312536636e-8,1,4.0038820259269417e-8,-2.5995019328826746e-14,-4.0038820259269417e-8,1],8,0.09461164474487305],[[776,222.69961547851563,47,1,1.7940243068892415e-8,2.706093405998103e-14,-1.7940243068892415e-8,1,2.0309103732074619e-8,-2.6696584531785487e-14,-2.0309103732074619e-8,1],8,0.10615420341491699],[[776,222.69961547851563,47,1,6.327517620974277e-9,2.7018399453501708e-14,-6.327517620974277e-9,1,7.1629826514651999e-9,-2.697307472049413e-14,-7.1629826514651999e-9,1],8,0.11864280700683594],[[776,222.69961547851563,47,1,-3.427795647326093e-8,2.8069418263245578e-14,3.427795647326093e-8,1,-3.880423093960417e-8,-2.673928854485426e-14,3.880423093960417e-8,1],8,0.14322638511657716],[[776,222.69961547851563,47,1,-4.586836865883015e-8,2.871173689967567e-14,4.586836865883015e-8,1,-5.192509888729546e-8,-2.6330015777268138e-14,5.192509888729546e-8,1],8,0.15300893783569337],[[776,222.69961547851563,47,1,-6.903433558136385e-8,3.045113938565311e-14,6.903433558136385e-8,1,-7.815002334154997e-8,-2.505610532965198e-14,7.815002334154997e-8,1],8,0.16764068603515626],[[776,222.69961547851563,47,1,-6.910502037271726e-8,3.057252598325823e-14,6.910502037271726e-8,1,-7.823004466445127e-8,-2.5166436453229539e-14,7.823004466445127e-8,1],8,0.1782059669494629],[[776,222.69961547851563,47,1,-5.1959208491325629e-8,2.9568747895048628e-14,5.1959208491325629e-8,1,-5.8820202042397798e-8,-2.6512497167292816e-14,5.8820202042397798e-8,1],8,0.1913738250732422],[[776,222.69961547851563,47,1,-2.9115222233144779e-8,2.874701073973113e-14,2.9115222233144779e-8,1,-3.295975403716511e-8,-2.7787380008732419e-14,3.295975403716511e-8,1],8,0.20611000061035157],[[776,222.69961547851563,47,1,-1.1995041404588847e-8,2.851814921364659e-14,1.1995041404588847e-8,1,-1.3578915769585365e-8,-2.8355269860087276e-14,1.3578915769585365e-8,1],8,0.23479580879211427],[[776,222.69961547851563,47,1,2.2212407913002609e-8,2.90543109048632e-14,-2.2212407913002609e-8,1,2.5145514115365587e-8,-2.8495767215048348e-14,-2.5145514115365587e-8,1],8,0.24287080764770509],[[776,222.69961547851563,47,1,3.9299692389249688e-8,2.98180805134024e-14,-3.9299692389249688e-8,1,4.448912349630518e-8,-2.8069672373129754e-14,-4.448912349630518e-8,1],8,0.2570338249206543],[[776,222.69961547851563,47,1,5.637602384922502e-8,3.091146452303614e-14,-5.637602384922502e-8,1,6.382033745921945e-8,-2.7313527755181735e-14,-6.382033745921945e-8,1],8,0.26933932304382326],[[776,222.69961547851563,47,1,7.344141295106965e-8,3.2333829353119878e-14,-7.344141295106965e-8,1,8.313916310953573e-8,-2.6227972024046518e-14,-8.313916310953573e-8,1],8,0.2828357219696045],[[776,222.69961547851563,47,1,6.652770423443144e-8,3.196493634019526e-14,-6.652770423443144e-8,1,7.53125064534288e-8,-2.6954570438728413e-14,-7.53125064534288e-8,1],8,0.2948181629180908],[[776,222.69961547851563,47,1,4.763818495234773e-8,3.0944447986002227e-14,-4.763818495234773e-8,1,5.392866597730972e-8,-2.8375383504452776e-14,-5.392866597730972e-8,1],8,0.30828428268432619],[[776,222.69961547851563,47,1,2.876076976576769e-8,3.033296473698398e-14,-2.876076976576769e-8,1,3.255852831784978e-8,-2.939655626126719e-14,-3.255852831784978e-8,1],8,0.32248353958129885],[[776,222.69961547851563,47,1,3.6097029809667448e-9,3.014621430090514e-14,-3.6097029809667448e-9,1,4.086307736628214e-9,-3.013146237509576e-14,-4.086307736628214e-9,1],8,0.33724212646484377],[[776,222.69961547851563,47,1,-1.5239493222907187e-8,3.047571689365064e-14,1.5239493222907187e-8,1,-1.725189591184062e-8,-3.021280464308648e-14,1.725189591184062e-8,1],8,0.34970974922180178],[[776,222.69961547851563,47,1,-3.407660997822859e-8,3.1206719879658259e-14,3.407660997822859e-8,1,-3.85764273858058e-8,-2.989216879123284e-14,3.85764273858058e-8,1],8,0.3624589443206787],[[776,222.69961547851563,47,1,-5.290165461246943e-8,3.233843721235294e-14,5.290165461246943e-8,1,-5.988729157024864e-8,-2.917030020852841e-14,5.988729157024864e-8,1],8,0.3737478256225586],[[776,222.69961547851563,47,1,-7.171463067834338e-8,3.387008962142321e-14,7.171463067834338e-8,1,-8.118450267602384e-8,-2.8047974777152888e-14,8.118450267602384e-8,1],8,0.38603806495666506],[[776,222.69961547851563,47,1,-6.634035543129358e-8,3.3646754138286566e-14,6.634035543129358e-8,1,-7.510055866077892e-8,-2.8664557164513607e-14,7.510055866077892e-8,1],8,0.3978416919708252],[[775.83984375,222.69961547851563,47.021728515625,0.9876994490623474,-4.4311260438689717e-8,0.15636447072029115,5.137071923400072e-8,1,-4.110634321818907e-8,-0.15636447072029115,4.863326807935664e-8,0.9876994490623474],8,0.4173157215118408],[[775.5785522460938,222.69961547851563,47.052772521972659,0.9359090924263,-2.5492816746464088e-8,0.3522416055202484,3.1666193223145459e-8,1,-1.1764262453084484e-8,-0.3522416055202484,2.2164432067484087e-8,0.9359090924263],8,0.44214773178100588],[[775.2470092773438,222.69961547851563,47.08613967895508,0.8323304653167725,-5.642311950992962e-9,0.5542797446250916,-1.0499374702988007e-9,1,1.1756170259502597e-8,-0.5542797446250916,-1.0366977498676988e-8,0.8323304653167725],8,0.45144224166870119],[[775.1141967773438,222.69961547851563,47.09783935546875,0.7859852313995361,1.4911979429044209e-9,0.6182452440261841,-1.549304506909266e-8,1,1.7284577324971907e-8,-0.6182452440261841,-2.3163924112168389e-8,0.7859852313995361],8,0.46049976348876955],[[774.914794921875,222.69961547851563,47.11304473876953,0.7173126339912415,1.1614893047351416e-8,0.6967514157295227,-3.771010170794398e-8,1,2.215286620810275e-8,-0.6967514157295227,-4.216510163246312e-8,0.7173126339912415],8,0.47264528274536135],[[774.78173828125,222.69961547851563,47.12220001220703,0.6725780367851257,1.806950855609557e-8,0.7400261759757996,-5.265359348527454e-8,1,2.3437200624698563e-8,-0.7400261759757996,-5.472838537912139e-8,0.6725780367851257],8,0.48342418670654299],[[774.5821533203125,222.69961547851563,47.134735107421878,0.6079115867614746,2.742415716738833e-8,0.7940047383308411,-7.500064214127633e-8,1,2.288349065793227e-8,-0.7940047383308411,-7.346200447955198e-8,0.6079115867614746],8,0.49511098861694338],[[774.3823852539063,222.69961547851563,47.14534378051758,0.5468608140945435,3.647939195161598e-8,0.8372235298156738,-9.706591441727142e-8,1,1.9830009634347335e-8,-0.8372235298156738,-9.211012041987488e-8,0.5468608140945435],8,0.5059690475463867],[[774.2492065429688,222.69961547851563,47.15164566040039,0.508828341960907,4.238903983377895e-8,0.860867977142334,-1.1154534007573602e-7,1,1.6690592019585894e-8,-0.860867977142334,-1.045184632175733e-7,0.508828341960907],8,0.5178794860839844],[[774.04931640625,222.69961547851563,47.15913391113281,0.45605766773223879,3.7759541271498168e-8,0.8899502158164978,-9.825505742355745e-8,1,7.92227794477185e-9,-0.8899502158164978,-9.105512788210035e-8,0.45605766773223879],8,0.5289227962493897],[[773.849365234375,222.69961547851563,47.165653228759769,0.40775758028030398,2.6637330563517027e-8,0.9130902290344238,-6.710558864142513e-8,1,7.945330504632864e-10,-0.9130902290344238,-6.15974329321034e-8,0.40775758028030398],8,0.5414505004882813],[[773.6494140625,222.69961547851563,47.170326232910159,0.3643070161342621,1.5718153889565657e-8,0.9312788844108582,-3.56678420132539e-8,1,-2.9251268074403926e-9,-0.9312788844108582,-3.215106403331447e-8,0.3643070161342621],8,0.5530636310577393],[[773.449462890625,222.69961547851563,47.173763275146487,0.32542404532432558,4.962678268327636e-9,0.9455682039260864,-4.1546299733852269e-9,1,-3.81850995267996e-9,-0.9455682039260864,-2.685851097083969e-9,0.32542404532432558],8,0.5652060508728027],[[773.24951171875,222.69961547851563,47.176429748535159,0.29063254594802859,-5.657387447399742e-9,0.9568347334861755,2.730535442196924e-8,1,-2.38122321860601e-9,-0.9568347334861755,2.6818772980163886e-8,0.29063254594802859],8,0.575629711151123],[[773.049560546875,222.69961547851563,47.1772575378418,0.25998958945274355,-1.6163445692995994e-8,0.9656113982200623,5.86392268075997e-8,1,9.50546086286863e-10,-0.9656113982200623,5.637557265458781e-8,0.25998958945274355],8,0.5883307456970215],[[772.916259765625,222.69961547851563,47.17634963989258,0.2420191466808319,-2.311291424916817e-8,0.9702714681625366,7.94428842709749e-8,1,4.005290321629218e-9,-0.9702714681625366,7.611181018774005e-8,0.2420191466808319],8,0.6001245975494385],[[772.71630859375,222.69961547851563,47.17326354980469,0.21828888356685639,-3.346756471955814e-8,0.975884199142456,1.1051907478076828e-7,1,9.57335100082446e-9,-0.975884199142456,1.0576406594964283e-7,0.21828888356685639],8,0.612168550491333],[[772.516357421875,222.69961547851563,47.1684455871582,0.19776833057403565,-2.7307288874567349e-8,0.9802488088607788,8.823251818057543e-8,1,1.0056313115569538e-8,-0.9802488088607788,8.450100352774825e-8,0.19776833057403565],8,0.6238217353820801],[[772.18310546875,222.69961547851563,47.15678024291992,0.16941657662391663,-1.7141795538577754e-8,0.9855445027351379,5.121239610161865e-8,1,8.589735145392297e-9,-0.9855445027351379,4.901685457525673e-8,0.16941657662391663],8,0.6431612968444824],[[772.0502319335938,222.69961547851563,47.1465950012207,0.16157539188861848,-1.3105466045715275e-8,0.9868603944778442,3.646911039822953e-8,1,7.308992522325752e-9,-0.9868603944778442,3.4808966375976527e-8,0.16157539188861848],8,0.6533737182617188],[[771.851318359375,222.69961547851563,47.126277923583987,0.15408964455127717,-7.071396357360982e-9,0.9880568981170654,1.441970454152397e-8,1,4.9080872699391879e-9,-0.9880568981170654,1.349120193339104e-8,0.15408964455127717],8,0.666022539138794],[[771.6527709960938,222.69961547851563,47.10259246826172,0.14960145950317384,-1.0543349526770385e-9,0.9887464046478272,-7.580787553251867e-9,1,2.2133399557588975e-9,-0.9887464046478272,-7.826595371795975e-9,0.14960145950317384],8,0.6771337985992432],[[771.45458984375,222.69961547851563,47.07550048828125,0.14747345447540284,4.951568044475607e-9,0.9890660047531128,-2.9550150770774054e-8,1,-6.00268501571577e-10,-0.9890660047531128,-2.913852625852087e-8,0.14747345447540284],8,0.6928858757019043],[[771.1917724609375,222.69961547851563,47.03025436401367,0.1493532657623291,1.2952602546079106e-8,0.9887838959693909,-5.8823310666866749e-8,1,-4.21441814779655e-9,-0.9887838959693909,-5.75341054798173e-8,0.1493532657623291],8,0.7045042514801025],[[770.9947509765625,223.3587188720703,46.9953727722168,0.15161365270614625,1.8954111169477984e-8,0.9884398579597473,-8.077192603650474e-8,1,-6.786436745898072e-9,-0.9884398579597473,-7.880927199721555e-8,0.15161365270614625],3,0.7205321788787842],[[770.8002319335938,223.99057006835938,46.94931411743164,0.1586841493844986,2.496139117624807e-8,0.9873294234275818,-1.0275383033331309e-7,1,-8.767070625026463e-9,-0.9873294234275818,-1.0006068151824366e-7,0.1586841493844986],5,0.7427072525024414],[[770.5440673828125,224.78533935546876,46.87514877319336,0.1738116294145584,3.29981162394688e-8,0.9847789406776428,-1.3212337535151165e-7,1,-1.0188620613860167e-8,-0.9847789406776428,-1.283414121644455e-7,0.1738116294145584],5,0.7504007816314697],[[770.3535766601563,225.34564208984376,46.8140754699707,0.18703480064868928,3.905315892893668e-8,0.9823532700538635,-1.5417195697864373e-7,1,-1.0401183914154899e-8,-0.9823532700538635,-1.4950593651974487e-7,0.18703480064868928],5,0.7590985298156738],[[770.1640625,225.87530517578126,46.75013732910156,0.20066618919372559,4.054323810009919e-8,0.9796596765518189,-1.5851280465994933e-7,1,-8.91644269529479e-9,-0.9796596765518189,-1.5349937143582793e-7,0.20066618919372559],5,0.7708287239074707],[[770.0382690429688,226.2113800048828,46.70589828491211,0.20977693796157838,3.540711901450777e-8,0.9777492880821228,-1.3778662832919509e-7,1,-6.6506422591317008e-9,-0.9777492880821228,-1.3332562787127245e-7,0.20977693796157838],5,0.7826745510101318],[[769.8510131835938,226.68994140625,46.635711669921878,0.2241365760564804,2.7667281798926525e-8,0.9745577573776245,-1.0667815786291612e-7,1,-3.85488219123431e-9,-0.9745577573776245,-1.0310000675417541e-7,0.2241365760564804],5,0.7939703464508057],[[769.7266845703125,226.99195861816407,46.58744430541992,0.23375177383422852,2.248251540493129e-8,0.9722962975502014,-8.592850520017237e-8,1,-2.4648614260769365e-9,-0.9722962975502014,-8.29718018735548e-8,0.23375177383422852],5,0.8040871620178223],[[769.5410766601563,227.41941833496095,46.512962341308597,0.2481071949005127,1.4667616454744348e-8,0.9687325954437256,-5.479806119979003e-8,1,-1.1064197336096982e-9,-0.9687325954437256,-5.28101580243856e-8,0.2481071949005127],5,0.8168702125549316],[[769.3565063476563,227.81622314453126,46.43598175048828,0.26235803961753847,6.806835095574115e-9,0.964970588684082,-2.3673427662629366e-8,1,-6.175538969088734e-10,-0.964970588684082,-2.268214238654309e-8,0.26235803961753847],5,0.8272275924682617],[[769.1724243164063,228.18238830566407,46.357730865478519,0.27595674991607668,-1.0996228372306405e-9,0.9611700773239136,7.431400383950404e-9,1,-9.895472219412227e-10,-0.9611700773239136,7.4159114404892538e-9,0.27595674991607668],5,0.8394694328308106],[[768.9888916015625,228.51788330078126,46.27824020385742,0.2887960374355316,-9.050095783891266e-9,0.9573906660079956,3.8503905841480449e-8,1,-2.161793410948576e-9,-0.9573906660079956,3.748759880295438e-8,0.2887960374355316],5,0.8532605171203613],[[768.8057250976563,228.82272338867188,46.19799041748047,0.3007350265979767,-1.7042571798242535e-8,0.953707754611969,6.953493425498891e-8,1,-4.05681976900496e-9,-0.953707754611969,6.75360354307486e-8,0.3007350265979767],5,0.8666222095489502],[[768.6226806640625,229.09690856933595,46.11735534667969,0.3116556704044342,-2.5074337273167658e-8,0.9501951336860657,1.0051924448362115e-7,1,-6.580811451328827e-9,-0.9501951336860657,9.756384145021002e-8,0.3116556704044342],5,0.8769276142120361],[[768.4397583007813,229.34043884277345,46.03639602661133,0.32158878445625307,-3.3142313782263957e-8,0.9468794465065002,1.314544988417765e-7,1,-9.64428714667065e-9,-0.9468794465065002,1.2757305967170397e-7,0.32158878445625307],5,0.8901052474975586],[[768.3179321289063,229.4857635498047,45.98222351074219,0.32767680287361147,-3.8539599955811357e-8,0.9447898864746094,1.5205085901470739e-7,1,-1.1943329880637066e-8,-0.9447898864746094,1.4756966493223445e-7,0.32767680287361147],5,0.9019253253936768],[[768.1351928710938,229.67820739746095,45.9008903503418,0.33605238795280459,-3.3219471617940147e-8,0.9418432712554932,1.3043067781381979e-7,1,-1.126733906176014e-8,-0.9418432712554932,1.2663167581195013e-7,0.33605238795280459],5,0.9121434688568115],[[767.9524536132813,229.83998107910157,45.81954574584961,0.3435918688774109,-2.7878954256266298e-8,0.9391190409660339,1.088462227016862e-7,1,-1.0136863792808981e-8,-0.9391190409660339,1.0570250452701657e-7,0.3435918688774109],5,0.9244420528411865],[[767.7697143554688,229.97109985351563,45.73820114135742,0.35033342242240908,-2.2520156406358184e-8,0.936625063419342,8.729851685984613e-8,1,-8.609030821560282e-9,-0.936625063419342,8.478200896888666e-8,0.35033342242240908],5,0.9363322257995606],[[767.587158203125,230.0715789794922,45.65660095214844,0.3564539849758148,-1.7144961006465566e-8,0.9343128800392151,6.578608946483655e-8,1,-6.748010150658956e-9,-0.9343128800392151,6.387014650499623e-8,0.3564539849758148],5,0.9496347904205322],[[767.3439331054688,230.15785217285157,45.547359466552737,0.3638904392719269,-9.954997715055925e-9,0.9314417839050293,3.715542362670021e-8,1,-3.8279428515863859e-9,-0.9314417839050293,3.600106524004332e-8,0.3638904392719269],5,0.9762158393859863],[[767.0399780273438,230.1890411376953,45.41025924682617,0.37217140197753909,-9.34282873288339e-10,0.928164005279541,1.4487852029176907e-9,1,4.2566450364489585e-10,-0.928164005279541,1.1862900661796517e-9,0.37217140197753909],5,0.9842164516448975],[[766.9183959960938,230.17767333984376,45.35539627075195,0.37508073449134829,2.6833077981791577e-9,0.9269921183586121,-1.2809693750170937e-8,1,2.288435441144543e-9,-0.9269921183586121,-1.2732833454265347e-8,0.37508073449134829],5,0.9948017597198486],[[766.7360229492188,230.1350860595703,45.273101806640628,0.3789660930633545,8.1179623023786e-9,0.9254105687141419,-3.417383709347632e-8,1,5.222290599959933e-9,-0.9254105687141419,-3.360390010698211e-8,0.3789660930633545],5,1.0056686401367188],[[766.5536499023438,230.0618438720703,45.191062927246097,0.3823261559009552,1.3561125555838771e-8,0.9240274429321289,-5.551238757561805e-8,1,8.292731834558254e-9,-0.9240274429321289,-5.446549522503119e-8,0.3823261559009552],5,1.0188655853271485],[[766.431884765625,229.9959716796875,45.136722564697269,0.38420239090919497,1.7193750423416533e-8,0.9232488870620728,-6.972631183543854e-8,1,1.0392935401171144e-8,-0.9232488870620728,-6.836773280838315e-8,0.38420239090919497],5,1.0285398960113526],[[766.1259765625,229.77169799804688,45.00442123413086,0.3867783844470978,2.6281608000999769e-8,0.9221727252006531,-1.0524281179868922e-7,1,1.5641360207041545e-8,-0.9221727252006531,-1.0310179021644217e-7,0.3867783844470978],5,1.0517492294311524],[[765.9417114257813,229.5962677001953,44.92661666870117,0.38728493452072146,3.173456875060765e-8,0.9219600558280945,-1.2654524539357227e-7,1,1.8736711737687984e-8,-0.9219600558280945,-1.2392611381528696e-7,0.38728493452072146],5,1.0600457191467286],[[765.7553100585938,229.3901824951172,44.85409927368164,0.3854939043521881,3.7182186218842619e-8,0.9227103590965271,-1.4788332691750839e-7,1,2.1486625811917294e-8,-0.9227103590965271,-1.4473644682766463e-7,0.3854939043521881],5,1.073531150817871],[[765.6303100585938,229.23574829101563,44.80778121948242,0.383270800113678,4.0807268675280287e-8,0.9236360192298889,-1.6212979403462669e-7,1,2.3096056622762263e-8,-0.9236360192298889,-1.5860096880260245e-7,0.383270800113678],5,1.0842678546905518],[[765.441650390625,228.9785614013672,44.741390228271487,0.37856653332710268,3.733406828132502e-8,0.9255740642547607,-1.4822822436144635e-7,1,2.0290297442215889e-8,-0.9255740642547607,-1.4487743271729415e-7,0.37856653332710268],5,1.0936064720153809],[[765.315185546875,228.79006958007813,44.69915771484375,0.37466713786125185,3.2065010202586566e-8,0.9271593689918518,-1.27201616351158e-7,1,1.681831029998193e-8,-0.9271593689918518,-1.2423743100953289e-7,0.37466713786125185],5,1.1050503253936768],[[765.0607299804688,228.37220764160157,44.619205474853519,0.36514145135879519,2.1576715525384317e-8,0.9309520721435547,-8.514578553331376e-8,1,1.0219151747037359e-8,-0.9309520721435547,-8.299808484935056e-8,0.36514145135879519],5,1.117964267730713],[[764.867431640625,228.02305603027345,44.567909240722659,0.3550836145877838,1.3762705641795492e-8,0.9348345398902893,-5.359734700505214e-8,1,5.636115130158714e-9,-0.9348345398902893,-5.2105942671687447e-8,0.3550836145877838],5,1.1297500133514405],[[764.6082153320313,227.50982666015626,44.50545120239258,0.33945411443710329,3.4316138819434629e-9,0.9406226277351379,-1.1482528705641926e-8,1,4.956061117056265e-10,-0.9406226277351379,-1.096896173891082e-8,0.33945411443710329],5,1.1495885848999024],[[764.4776611328125,227.23277282714845,44.47844696044922,0.3305877149105072,-1.6937699021113418e-9,0.9437752962112427,9.599101069568406e-9,1,-1.5677188436313828e-9,-0.9437752962112427,9.577663107052104e-9,0.3305877149105072],5,1.1578774452209473],[[764.2160034179688,226.63778686523438,44.42694091796875,0.3124588429927826,-1.1859421000792736e-8,0.9499313235282898,5.1800487455011537e-8,1,-4.554118415711628e-9,-0.9499313235282898,5.0629878955987809e-8,0.3124588429927826],5,1.1727545261383057],[[764.0343627929688,226.15579223632813,44.391319274902347,0.3073614537715912,-1.942620642125803e-8,0.9515928626060486,8.341954327306667e-8,1,-6.529837115465398e-9,-0.9515928626060486,8.138845686289642e-8,0.3073614537715912],5,1.187239646911621],[[763.8746948242188,225.6431427001953,44.3599967956543,0.3063497245311737,-2.697736078971502e-8,0.9519190192222595,1.1499945173909509e-7,1,-8.669528206439736e-9,-0.9519190192222595,1.1212607375910011e-7,0.3063497245311737],5,1.207043170928955],[[763.69580078125,224.9119110107422,44.32492446899414,0.3061283826828003,-3.703507189811717e-8,0.9519902467727661,1.570668217709681e-7,1,-1.1604676330989605e-8,-0.9519902467727661,1.530786022385655e-7,0.3061283826828003],5,1.2146568298339844],[[763.5872192382813,224.3277130126953,44.30363845825195,0.3061051666736603,-3.1788726317927288e-8,0.951997697353363,1.3455995429012547e-7,1,-9.874782769259128e-9,-0.951997697353363,1.311234854028953e-7,0.3061051666736603],5,1.226729393005371],[[763.5006103515625,223.71287536621095,44.286651611328128,0.3061005771160126,-2.6545778908371177e-8,0.9519991874694824,1.1206728345314332e-7,1,-8.149250163569377e-9,-0.9519991874694824,1.0918245152424788e-7,0.3061005771160126],5,1.2395515441894532],[[763.455078125,223.28594970703126,44.277713775634769,0.3060998320579529,-2.3052354691799338e-8,0.9519994258880615,9.708015369369605e-8,1,-6.999861579259914e-9,-0.9519994258880615,9.456290683829138e-8,0.3060998320579529],5,1.2509615421295167],[[763.4415283203125,222.62001037597657,44.27505874633789,0.306099534034729,-1.7815015240785216e-8,0.9519994854927063,7.461144946319109e-8,1,-5.276805215004288e-9,-0.9519994854927063,7.26452924482146e-8,0.306099534034729],7,1.2618305683135987],[[763.4407958984375,222.03797912597657,44.27492141723633,0.30609947443008425,-1.2581032216019139e-8,0.9519995450973511,5.2157151486653677e-8,1,-3.5548792798323349e-9,-0.9519995450973511,5.074172904073748e-8,0.30609947443008425],7,1.2738852500915528],[[763.4407958984375,221.97396850585938,44.27491760253906,0.30609947443008425,-7.3504051734119e-9,0.9519995450973511,2.97172331187312e-8,1,-1.8340597929267233e-9,-0.9519995450973511,2.8852197075934783e-8,0.30609947443008425],7,1.2861428260803223],[[763.3153076171875,222.06378173828126,44.30373001098633,0.25870582461357119,-4.596293068370727e-10,0.9659561514854431,-1.7681042741024556e-10,1,5.231823307916272e-10,-0.9659561514854431,-3.061414455274303e-10,0.25870582461357119],8,1.303079605102539],[[763.1300659179688,222.12625122070313,44.351776123046878,0.2097957730293274,4.564493671921355e-9,0.9777452349662781,-2.2630304741255715e-8,1,1.874194410778074e-10,-0.9777452349662781,-2.216599348514592e-8,0.2097957730293274],8,1.3277955055236817],[[762.8136596679688,222.1906280517578,44.455108642578128,0.12297213077545166,1.2646933278404049e-8,0.9924101233482361,-5.97784506339849e-8,1,-5.336352248974663e-9,-0.9924101233482361,-5.866851893188141e-8,0.12297213077545166],8,1.336010456085205],[[762.4974975585938,223.2607421875,44.560909271240237,0.034498121589422229,2.036795443416395e-8,0.999404788017273,-9.603810013913972e-8,1,-1.706497876341473e-8,-0.999404788017273,-9.539222389776114e-8,0.034498121589422229],3,1.3598177433013917],[[762.3136596679688,223.86192321777345,44.638099670410159,-0.017752384766936303,2.482367200684621e-8,0.9998424053192139,-1.1713652980915868e-7,1,-2.6907365224815295e-8,-0.9998424053192139,-1.1759573936842571e-7,-0.017752384766936303],5,1.3853211402893067],[[761.9693603515625,224.9723358154297,44.84018325805664,-0.12445369362831116,3.329903819349056e-8,0.9922254085540772,-1.571282552959019e-7,1,-5.3268372823822577e-8,-0.9922254085540772,-1.6253609658178903e-7,-0.12445369362831116],5,1.396604061126709],[[761.8029174804688,225.48155212402345,44.950965881347659,-0.1734180748462677,2.7113053135963129e-8,0.9848483204841614,-1.2654741965434369e-7,1,-4.9813422720035308e-8,-0.9848483204841614,-1.332685570787362e-7,-0.1734180748462677],5,1.4056546688079835],[[761.5316162109375,226.2621307373047,45.144676208496097,-0.24804562330245973,1.730038512448573e-8,0.9687483310699463,-7.683889435838864e-8,1,-3.7532903007786447e-8,-0.9687483310699463,-8.374742321848317e-8,-0.24804562330245973],5,1.4329471588134766],[[761.3167724609375,226.8252716064453,45.302711486816409,-0.30007705092430117,9.92245841047179e-9,0.9539149403572083,-3.8472368402153737e-8,1,-2.2504242025433997e-8,-0.9539149403572083,-4.34523741432713e-8,-0.30007705092430117],5,1.443821668624878],[[761.2117309570313,227.08639526367188,45.384796142578128,-0.32411056756973269,6.392761875417818e-9,0.9460192322731018,-1.976853525320621e-8,1,-1.3530331521849348e-8,-0.9460192322731018,-2.308673785478277e-8,-0.32411056756973269],5,1.4543824195861817],[[761.0574951171875,227.4525604248047,45.51213836669922,-0.35883256793022158,1.3039439528128583e-9,0.9334019422531128,7.685172498383963e-9,1,1.5574708189802778e-9,-0.9334019422531128,7.732226414702837e-9,-0.35883256793022158],5,1.4664106369018555],[[760.905029296875,227.78805541992188,45.64155960083008,-0.3912346661090851,-3.5294260847251737e-9,0.9202909469604492,3.439520668280238e-8,1,1.8457232187074625e-8,-0.9202909469604492,3.887470612085053e-8,-0.3912346661090851],5,1.4769752025604249],[[760.8048095703125,227.99468994140626,45.729488372802737,-0.41156715154647829,-6.607700164806829e-9,0.9113794565200806,5.17915772491051e-8,1,3.063862408225759e-8,-0.9113794565200806,5.981162587431754e-8,-0.41156715154647829],5,1.4887256622314454],[[760.6560668945313,228.2790985107422,45.863128662109378,-0.44028329849243166,-1.100740654180754e-8,0.8978589177131653,7.728231565806709e-8,1,5.015656157070225e-8,-0.8978589177131653,9.147171198264914e-8,-0.44028329849243166],5,1.5013172626495362],[[760.50830078125,228.5328369140625,45.99791717529297,-0.4666364789009094,-1.514529124335695e-8,0.8844491839408875,1.0209647882675199e-7,1,7.099021814838125e-8,-0.8844491839408875,1.2342577804247413e-7,-0.4666364789009094],5,1.519542932510376],[[760.2644653320313,228.88763427734376,46.22516632080078,-0.5062814950942993,-1.7219866421669395e-8,0.8623682856559753,1.1302675062552226e-7,1,8.632416381715302e-8,-0.8623682856559753,1.41175007684069e-7,-0.5062814950942993],5,1.5288879871368409],[[760.16748046875,229.00570678710938,46.31669235229492,-0.520352303981781,-1.5491099958353517e-8,0.8539516925811768,1.0006240813709155e-7,1,7.911314270359071e-8,-0.8539516925811768,1.2661516279877106e-7,-0.520352303981781],5,1.5410261154174805],[[760.0226440429688,229.1572723388672,46.45463180541992,-0.5393886566162109,-1.3032514623034786e-8,0.842056930065155,8.108647620019838e-8,1,6.741781533037283e-8,-0.842056930065155,1.0464383137787081e-7,-0.5393886566162109],5,1.5524542331695557],[[759.879150390625,229.27816772460938,46.59391403198242,-0.5568719506263733,-1.0729109156670802e-8,0.8305983543395996,6.257141649257392e-8,1,5.486812781896333e-8,-0.8305983543395996,8.252624184024171e-8,-0.5568719506263733],5,1.5647869110107422],[[759.7364501953125,229.36842346191407,46.73407745361328,-0.5728859901428223,-8.575764098850414e-9,0.8196350336074829,4.448854795668922e-8,1,4.155828747798296e-8,-0.8196350336074829,6.027253363072305e-8,-0.5728859901428223],5,1.5770249366760255],[[759.5481567382813,229.44107055664063,46.922855377197269,-0.5925998091697693,-5.929489343969863e-9,0.8054969906806946,2.0977457992898964e-8,1,2.279428379381443e-8,-0.8054969906806946,3.0405168160996257e-8,-0.5925998091697693],5,1.5953505039215088],[[759.360595703125,229.45921325683595,47.112483978271487,-0.610084593296051,-3.530348902103242e-9,0.7923362851142883,-1.8910093491086856e-9,1,2.9995754768918916e-9,-0.7923362851142883,3.316792951402192e-10,-0.610084593296051],5,1.622004508972168],[[759.126220703125,229.40525817871095,47.34964370727539,-0.6286335587501526,-8.480287028156397e-10,0.7777016758918762,-2.9704811055353276e-8,1,-2.292062895037361e-8,-0.7777016758918762,-3.7510154982101088e-8,-0.6286335587501526],5,1.6301546096801758],[[758.8927001953125,229.26614379882813,47.587528228759769,-0.6441816091537476,1.5199919101149817e-9,0.7648726105690002,-5.683437720449547e-8,1,-4.985360035902886e-8,-0.7648726105690002,-7.558583092759364e-8,-0.6441816091537476],5,1.6510045528411866],[[758.79931640625,229.18666076660157,47.68272018432617,-0.6495248675346375,2.3878650168285277e-9,0.7603403329849243,-6.754275005960153e-8,1,-6.083927672762002e-8,-0.7603403329849243,-9.08720991787959e-8,-0.6495248675346375],5,1.6610183715820313],[[758.7059326171875,229.09353637695313,47.77791213989258,-0.6543144583702087,3.215820054691676e-9,0.7562225461006165,-7.819542702236504e-8,1,-7.191033546405379e-8,-0.7562225461006165,-1.0618511936399955e-7,-0.6543144583702087],5,1.671321153640747],[[758.565673828125,228.92832946777345,47.92050552368164,-0.6607113480567932,4.390068308879336e-9,0.7506400346755981,-9.40807112215225e-8,1,-8.8658019592458e-8,-0.7506400346755981,-1.2919811354095146e-7,-0.6607113480567932],5,1.6831586360931397],[[758.4249877929688,228.73245239257813,48.06265640258789,-0.6662126183509827,5.491259003065352e-9,0.7457618713378906,-1.0988818388568689e-7,1,-1.0552987816936366e-7,-0.7457618713378906,-1.5225575111799118e-7,-0.6662126183509827],5,1.694756269454956],[[758.2947387695313,228.50592041015626,48.194156646728519,-0.6681888103485107,5.861935381545891e-9,0.7439917325973511,-1.1331963634120257e-7,1,-1.0965290186959464e-7,-0.7439917325973511,-1.5757771620883433e-7,-0.6681888103485107],5,1.7100648880004883],[[758.1455078125,228.15618896484376,48.34479904174805,-0.6686204671859741,4.5392298808621948e-9,0.7436038851737976,-8.421067576591668e-8,1,-8.182341559859197e-8,-0.7436038851737976,-1.173281916067026e-7,-0.6686204671859741],5,1.7368793487548829],[[757.998291015625,227.6423797607422,48.4934196472168,-0.668673038482666,2.8924074246816646e-9,0.743556559085846,-4.792932983832543e-8,1,-4.6992333579964909e-8,-0.743556559085846,-6.706067523509773e-8,-0.668673038482666],5,1.7449138164520264],[[757.930908203125,227.29322814941407,48.56142807006836,-0.6686760783195496,1.9054484656777505e-9,0.7435538172721863,-2.6182126688922837e-8,1,-2.6108143202918656e-8,-0.7435538172721863,-3.692571226565633e-8,-0.6686760783195496],5,1.7559361457824708],[[757.8947143554688,227.04342651367188,48.59794998168945,-0.6686765551567078,1.247843384177827e-9,0.7435534000396729,-1.1691837720206877e-8,1,-1.2192669984756322e-8,-0.7435534000396729,-1.6846458450459069e-8,-0.6686765551567078],5,1.7677350044250489],[[757.8535766601563,226.64317321777345,48.63949966430664,-0.6686767935752869,2.619691963356985e-10,0.7435532212257385,1.0031961927836619e-8,1,8.669414519602015e-9,-0.7435532212257385,1.3256333808442378e-8,-0.6686767935752869],5,1.7793810367584229],[[757.828125,226.21226501464845,48.66517639160156,-0.6686767935752869,-7.232712762039739e-10,0.7435531616210938,3.17418340500808e-8,1,2.9518130162387025e-8,-0.7435531616210938,4.333983127935426e-8,-0.6686767935752869],5,1.7916631698608399],[[757.8184204101563,225.75070190429688,48.67498016357422,-0.6686767935752869,-1.7078796155090004e-9,0.7435531616210938,5.3437791081023536e-8,1,5.0353481384490809e-8,-0.7435531616210938,7.340404550859603e-8,-0.6686767935752869],5,1.8038809299468995],[[757.817626953125,225.25848388671876,48.67583465576172,-0.6686767935752869,-2.691856737513376e-9,0.7435531616210938,7.511984279062745e-8,1,7.117547795587598e-8,-0.7435531616210938,1.0344898271341663e-7,-0.6686767935752869],5,1.8169448375701905],[[757.817626953125,224.55450439453126,48.675880432128909,-0.6686767935752869,-4.002843834172154e-9,0.7435531616210938,1.0400761141227122e-7,1,9.891736851841415e-8,-0.7435531616210938,1.434789425047711e-7,-0.6686767935752869],5,1.8306565284729005],[[757.817626953125,223.99075317382813,48.675880432128909,-0.6686767935752869,-3.9606744550724219e-9,0.7435531616210938,1.0033486574911876e-7,1,9.555775193348382e-8,-0.7435531616210938,1.3850156221906219e-7,-0.6686767935752869],5,1.8434326648712159],[[757.817626953125,223.39634704589845,48.675880432128909,-0.6686767935752869,-3.406360082891524e-9,0.7435531616210938,8.400733975122421e-8,1,8.012892749320599e-8,-0.7435531616210938,1.1604427641032089e-7,-0.6686767935752869],5,1.8592283725738526],[[757.817626953125,222.55612182617188,48.675880432128909,-0.6686767935752869,-2.667827514457599e-9,0.7435531616210938,6.225358362144107e-8,1,5.957254600730266e-8,-0.7435531616210938,8.61236344462668e-8,-0.6686767935752869],7,1.8735589981079102],[[757.817626953125,222.00335693359376,48.675880432128909,-0.6686767935752869,-2.1143431450099117e-9,0.7435531616210938,4.595047542466091e-8,1,4.416679288965497e-8,-0.7435531616210938,6.369992888721754e-8,-0.6686767935752869],7,1.8859889507293702],[[757.7403564453125,221.96731567382813,48.677528381347659,-0.6349331140518189,-1.3949918997724354e-9,0.772567093372345,3.111856372584043e-8,1,2.7380401945720224e-8,-0.772567093372345,4.1425902708169818e-8,-0.6349331140518189],7,1.900716781616211],[[757.49755859375,222.07125854492188,48.67646789550781,-0.5649151802062988,2.993150449714932e-10,0.8251489996910095,1.0392484206533937e-8,1,6.752182368785498e-9,-0.8251489996910095,1.2389757664266199e-8,-0.5649151802062988],8,1.9295079708099366],[[757.1024169921875,223.3451690673828,48.67335510253906,-0.4476723372936249,4.395221075981226e-9,0.8941976428031921,-2.4468732817695128e-8,1,-1.7165326937629289e-8,-0.8941976428031921,-2.9564326098352468e-8,-0.4476723372936249],3,1.9497802257537842],[[756.8367309570313,224.12631225585938,48.65843963623047,-0.3778360188007355,7.938335322421608e-9,0.9258725047111511,-4.9372317789675438e-8,1,-2.8722070055664518e-8,-0.9258725047111511,-5.656470491999244e-8,-0.3778360188007355],5,1.9562125205993653],[[756.7036743164063,224.49644470214845,48.649227142333987,-0.34684616327285769,9.881915730147739e-9,0.9379220008850098,-6.207106650890637e-8,1,-3.349002142272184e-8,-0.9379220008850098,-6.983370326452132e-8,-0.34684616327285769],5,1.964418649673462],[[756.5706176757813,224.85296630859376,48.639774322509769,-0.3182857036590576,1.1916270636902482e-8,0.9479948282241821,-7.486482189733579e-8,1,-3.770555778714879e-8,-0.9479948282241821,-8.29726047868462e-8,-0.3182857036590576],5,1.9734373092651368],[[756.4376831054688,225.1958465576172,48.630287170410159,-0.29169562458992007,1.4028225692186425e-8,0.9565111994743347,-8.772902049258846e-8,1,-4.141968901194559e-8,-0.9565111994743347,-9.599573047580634e-8,-0.29169562458992007],5,1.9817328453063965],[[756.23828125,225.68463134765626,48.616050720214847,-0.254753053188324,1.731963195084063e-8,0.9670061469078064,-1.0712093256870503e-7,1,-4.613105630824066e-8,-0.9670061469078064,-1.1533862931401018e-7,-0.254753053188324],5,1.9933693408966065],[[756.1053466796875,225.9934539794922,48.60655975341797,-0.23208582401275636,1.9584922128501604e-8,0.9726952910423279,-1.2007596694729728e-7,1,-4.878490855730888e-8,-0.9726952910423279,-1.2811962335490535e-7,-0.23208582401275636],5,2.0029666423797609],[[755.9059448242188,226.43113708496095,48.592323303222659,-0.20083820819854737,2.3071976329447353e-8,0.9796244502067566,-1.3951057553640568e-7,1,-5.215369114353052e-8,-0.9796244502067566,-1.471424155852219e-7,-0.20083820819854737],5,2.014235734939575],[[755.7730102539063,226.70590209960938,48.58283233642578,-0.18175086379051209,2.544829236228452e-8,0.9833446145057678,-1.5244980033912726e-7,1,-5.4056503273614e-8,-0.9833446145057678,-1.597355065996453e-7,-0.18175086379051209],5,2.0254645347595217],[[755.5071411132813,227.21453857421876,48.56385040283203,-0.14702029526233674,2.441173663214613e-8,0.9891334772109985,-1.4447597607158969e-7,1,-4.615418092157597e-8,-0.9891334772109985,-1.496916297583084e-7,-0.14702029526233674],5,2.0388710498809816],[[755.3077392578125,227.5602569580078,48.54961395263672,-0.1239081397652626,1.9144220431144278e-8,0.9922937154769898,-1.127185385030316e-7,1,-3.336811360554748e-8,-0.9922937154769898,-1.1598447713367932e-7,-0.1239081397652626],5,2.051656723022461],[[755.1748046875,227.77371215820313,48.540122985839847,-0.11002329736948013,1.5577466427885157e-8,0.9939290285110474,-9.132175193826697e-8,1,-2.5781508483646577e-8,-0.9939290285110474,-9.360390862411805e-8,-0.11002329736948013],5,2.0624070167541506],[[754.9754028320313,228.06832885742188,48.52588653564453,-0.09106223285198212,1.0156590235510521e-8,0.9958451986312866,-5.8976649341957457e-8,1,-1.5591918867130518e-8,-0.9958451986312866,-6.015145004312217e-8,-0.09106223285198212],5,2.074354887008667],[[754.7760009765625,228.33229064941407,48.51165008544922,-0.0739908516407013,4.6611829951359599e-9,0.9972589015960693,-2.6406693720559816e-8,1,-6.633220195340073e-9,-0.9972589015960693,-2.6825107468653188e-8,-0.0739908516407013],5,2.085860252380371],[[754.5765991210938,228.56561279296876,48.497413635253909,-0.05868345871567726,-8.986327793003568e-10,0.9982766509056091,6.326952295410138e-9,1,1.2721115272285033e-9,-0.9982766509056091,6.390700413305694e-9,-0.05868345871567726],5,2.0968785285949709],[[754.4436645507813,228.70411682128907,48.48792266845703,-0.04943129047751427,-4.6366208650283628e-9,0.9987775087356567,2.821579592193757e-8,1,6.0387455036448049e-9,-0.9987775087356567,2.8479805180836594e-8,-0.04943129047751427],5,2.110936164855957],[[754.1777954101563,228.9402618408203,48.46894073486328,-0.03270168974995613,-1.2177612696007145e-8,0.9994651675224304,7.210519470390864e-8,1,1.4543352300222523e-8,-0.9994651675224304,7.254222111896525e-8,-0.03270168974995613],5,2.122462034225464],[[753.9783935546875,229.08160400390626,48.45470428466797,-0.0216201264411211,-1.7883794001249954e-8,0.9997662305831909,1.0508624370686448e-7,1,2.0160483060749358e-8,-0.9997662305831909,1.0549755558031393e-7,-0.0216201264411211],5,2.136340379714966],[[753.57958984375,229.27232360839845,48.425601959228519,-0.00212310953065753,-2.3352360045691968e-8,0.9999977350234985,1.361273689326481e-7,1,2.364142659416757e-8,-0.9999977350234985,1.3617724903269846e-7,-0.00212310953065753],5,2.1639626026153566],[[753.313720703125,229.3313446044922,48.404964447021487,0.009195758029818535,-1.8935391921104384e-8,0.9999577403068543,1.1008405920165387e-7,1,1.792384374255107e-8,-0.9999577403068543,1.0991458054832037e-7,0.009195758029818535],5,2.187843084335327],[[753.0479736328125,229.3358612060547,48.38294219970703,0.0194157212972641,-1.4490121102994636e-8,0.9998114705085754,8.397280737426627e-8,1,1.2862153120352105e-8,-0.9998114705085754,8.370725623763065e-8,0.0194157212972641],5,2.1948821544647219],[[752.7823486328125,229.285888671875,48.360313415527347,0.028570249676704408,-1.0019928886606522e-8,0.9995917677879334,5.78134695672361e-8,1,8.371600301870786e-9,-0.9995917677879334,5.755068954726994e-8,0.028570249676704408],5,2.2104318141937258],[[752.6495361328125,229.24046325683595,48.34896469116211,0.03265855833888054,-7.7765838213395e-9,0.9994665384292603,4.472029502267105e-8,1,6.319454293191029e-9,-0.9994665384292603,4.449005430728903e-8,0.03265855833888054],5,2.220212936401367],[[752.5167236328125,229.18141174316407,48.33761215209961,0.03639194369316101,-5.528478119742886e-9,0.9993376135826111,3.162071138262945e-8,1,4.380640739043429e-9,-0.9993376135826111,3.144034721458411e-8,0.03639194369316101],5,2.230465888977051],[[752.3175048828125,229.06729125976563,48.32058334350586,0.041504524648189548,-2.1484132251003986e-9,0.9991382956504822,1.1964059076774447e-8,1,1.6532752944442564e-9,-0.9991382956504822,1.1885131989686215e-8,0.041504524648189548],5,2.2408313751220705],[[752.1846923828125,228.9741668701172,48.30923080444336,0.0446103624999523