[[[776.0277099609375,222.69961547851563,47.142364501953128,-6.872390975526041e-14,1.4311692275725818e-8,1,5.183344864434503e-9,1,-1.4311692275725818e-8,-1,5.183344864434503e-9,-6.879809628891273e-14],8,0.014743566513061524],[[776.0277099609375,222.69961547851563,47.142364501953128,-6.881676489507022e-14,-2.9163953030320046e-8,1,-1.056239273822257e-8,1,2.9163953030320046e-8,-1,-1.056239273822257e-8,-6.912480706106408e-14],8,0.03464531898498535],[[776.0277099609375,222.69961547851563,47.142364501953128,-6.83986355509876e-14,-6.391104534486658e-8,1,-2.3146874639223826e-8,1,6.391104534486658e-8,-1,-2.3146874639223826e-8,-6.987798198149903e-14],8,0.047743797302246097],[[776.0277099609375,222.69961547851563,47.142364501953128,-6.75440131885259e-14,-9.86284618420541e-8,1,-3.572060336409777e-8,1,9.86284618420541e-8,-1,-3.572060336409777e-8,-7.10670807141725e-14],8,0.0606694221496582],[[776.0277099609375,222.69961547851563,47.142364501953128,-6.791462737239934e-14,-9.134105027897022e-8,1,-3.3081295924830559e-8,1,9.134105027897022e-8,-1,-3.3081295924830559e-8,-7.093630560338002e-14],8,0.07371258735656738],[[776.0277099609375,222.69961547851563,47.142364501953128,-6.8469528820541e-14,-7.538574209320359e-8,1,-2.7302707650278536e-8,1,7.538574209320359e-8,-1,-2.7302707650278536e-8,-7.052776467226032e-14],8,0.0827634334564209],[[776.0277099609375,222.69961547851563,47.142364501953128,-6.912589803950015e-14,-5.146554826751526e-8,1,-1.863945442437398e-8,1,5.146554826751526e-8,-1,-1.863945442437398e-8,-7.008518656918816e-14],8,0.09430289268493653],[[776.0277099609375,222.69961547851563,47.142364501953128,-6.94476418104488e-14,-3.5527271791124807e-8,1,-1.2867038101660455e-8,1,3.5527271791124807e-8,-1,-1.2867038101660455e-8,-6.9904768551423e-14],8,0.1044611930847168],[[776.0277099609375,222.69961547851563,47.142364501953128,-6.97573983711279e-14,-1.163262020043021e-8,1,-4.213037918532336e-9,1,1.163262020043021e-8,-1,-4.213037918532336e-9,-6.980640430932425e-14],8,0.11723637580871582],[[776.0277099609375,222.69961547851563,47.142364501953128,-6.986024849971531e-14,1.2246718306130333e-8,1,4.435415590364755e-9,1,-1.2246718306130333e-8,-1,4.435415590364755e-9,-6.991456702855684e-14],8,0.12880516052246095],[[776.0277099609375,222.69961547851563,47.142364501953128,-6.981408859222174e-14,2.8157778331205919e-8,1,1.0197972244441189e-8,1,-2.8157778331205919e-8,-1,1.0197972244441189e-8,-7.010123953760453e-14],8,0.1390995979309082],[[776.0277099609375,222.69961547851563,47.142364501953128,-6.957305689675106e-14,5.201162522894265e-8,1,1.883719136230866e-8,1,-5.201162522894265e-8,-1,1.883719136230866e-8,-7.055280974244474e-14],8,0.1497182846069336],[[776.0277099609375,222.69961547851563,47.142364501953128,-6.929801513438222e-14,6.790569528902779e-8,1,2.459359293993657e-8,1,-6.790569528902779e-8,-1,2.459359293993657e-8,-7.096805917450669e-14],8,0.1610555648803711],[[776.0277099609375,222.69961547851563,47.142364501953128,-6.871421292208024e-14,9.17340727824012e-8,1,3.3223585660380198e-8,1,-9.17340727824012e-8,-1,3.3223585660380198e-8,-7.176194588651846e-14],8,0.17221999168395997],[[776.0277099609375,222.69961547851563,47.142364501953128,-6.856356980647696e-14,9.91620510149005e-8,1,3.591379993395094e-8,1,-9.91620510149005e-8,-1,3.591379993395094e-8,-7.212486223496725e-14],8,0.1857447624206543],[[775.8660888671875,222.69961547851563,47.14642333984375,-0.002310890704393387,6.53822525009673e-8,0.9999973177909851,2.3855546871232037e-8,1,-6.532729912578361e-8,-0.9999973177909851,2.3704519236389389e-8,-0.002310890704393387],8,0.21118474006652833],[[775.4697875976563,222.69961547851563,47.15448760986328,-0.006027816794812679,1.4760191291429692e-8,0.9999818205833435,5.617198706175941e-9,1,-1.4726599495418214e-8,-0.9999818205833435,5.5283275735007468e-9,-0.006027816794812679],8,0.22980070114135743],[[775.2031860351563,222.69961547851563,47.15858840942383,-0.007550036069005728,-1.8955168101797427e-8,0.9999715089797974,-6.65487842610446e-9,1,1.8905462084717329e-8,-0.9999715089797974,-6.511951866627896e-9,-0.007550036069005728],8,0.24028348922729493],[[775.0698852539063,222.69961547851563,47.16071319580078,-0.008163356222212315,-3.5802663944650706e-8,0.9999666810035706,-1.2807764626643348e-8,1,3.5699297740166e-8,-0.9999666810035706,-1.2515911862465146e-8,-0.008163356222212315],8,0.251295804977417],[[774.8699340820313,222.69961547851563,47.16426467895508,-0.009126453660428524,-6.106112238057904e-8,0.999958336353302,-2.2059117199546564e-8,1,6.086233383939543e-8,-0.999958336353302,-2.1502740921164333e-8,-0.009126453660428524],8,0.2627532482147217],[[774.6699829101563,222.69961547851563,47.16816711425781,-0.010164071805775166,-8.630428283140646e-8,0.9999483227729797,-3.134118742309511e-8,1,8.599016609878163e-8,-0.9999483227729797,-3.0465557188108508e-8,-0.010164071805775166],8,0.2764565944671631],[[774.4700317382813,222.69961547851563,47.172420501708987,-0.011274581775069237,-1.1153220214055182e-7,0.9999364614486694,-4.065800851549284e-8,1,1.1108085828936965e-7,-0.9999364614486694,-3.9403033724738637e-8,-0.011274581775069237],8,0.2870368957519531],[[774.2700805664063,222.69961547851563,47.17702102661133,-0.012451793998479844,-8.558247799328456e-8,0.9999224543571472,-3.131814096946073e-8,1,8.519911887105991e-8,-0.9999224543571472,-3.025483152896413e-8,-0.012451793998479844],8,0.29962801933288576],[[774.1367797851563,222.69961547851563,47.18030548095703,-0.013272346928715706,-6.829132814800687e-8,0.999911904335022,-2.507604968116084e-8,1,6.79644998058393e-8,-0.999911904335022,-2.4171793455707303e-8,-0.013272346928715706],8,0.31187915802001955],[[773.8701782226563,222.69961547851563,47.18738555908203,-0.015033416450023651,-3.3729765647194657e-8,0.9998869895935059,-1.255129067345706e-8,1,3.354486821649516e-8,-0.9998869895935059,-1.2045577868491364e-8,-0.015033416450023651],8,0.32509732246398928],[[773.6702270507813,222.69961547851563,47.192752838134769,-0.01627522148191929,-7.826749026662583e-9,0.9998675584793091,-3.1130518163280387e-9,1,7.777113175677642e-9,-0.9998675584793091,-2.986065394949833e-9,-0.01627522148191929],8,0.3384106159210205],[[773.4702758789063,222.69961547851563,47.198402404785159,-0.017499903216958047,1.8060630324612249e-8,0.999846875667572,6.3598792898744709e-9,1,-1.7952080710870179e-8,-0.999846875667572,6.044745592959089e-9,-0.017499903216958047],8,0.3500020503997803],[[773.2703247070313,222.69961547851563,47.20412063598633,-0.01865335926413536,4.393232799770885e-8,0.9998260140419006,1.586433384659358e-8,1,-4.364399686096476e-8,-0.9998260140419006,1.504746727221118e-8,-0.01865335926413536],8,0.362318754196167],[[773.1370239257813,222.69961547851563,47.208106994628909,-0.019421245902776719,6.117138440231429e-8,0.9998114109039307,2.221826100878843e-8,1,-6.075133995864235e-8,-0.9998114109039307,2.1034203712133605e-8,-0.019421245902776719],8,0.3726968765258789],[[772.9370727539063,222.69961547851563,47.2147331237793,-0.020755555480718614,8.701691456280969e-8,0.9997845888137817,3.1789763710321498e-8,1,-8.637570658720506e-8,-0.9997845888137817,2.999014014903878e-8,-0.020755555480718614],8,0.38459324836730959],[[772.7373046875,222.69961547851563,47.222625732421878,-0.022528761997818948,1.1284695489166552e-7,0.9997462034225464,4.144410681305999e-8,1,-1.11941680813743e-7,-0.9997462034225464,3.891168276481949e-8,-0.022528761997818948],8,0.39682626724243166],[[772.5375366210938,222.69961547851563,47.23106002807617,-0.024486368522047998,8.676891383174734e-8,0.9997001886367798,3.2052327014753249e-8,1,-8.600985523798954e-8,-0.9997001886367798,2.993664693917708e-8,-0.024486368522047998],8,0.4084157943725586],[[772.3377685546875,222.69961547851563,47.24069595336914,-0.02679462917149067,6.070622760034894e-8,0.999640941619873,2.262611076275789e-8,1,-6.012155751022874e-8,-0.999640941619873,2.100705209784337e-8,-0.02679462917149067],8,0.41954755783081057],[[772.1380004882813,222.69961547851563,47.25115203857422,-0.029334548860788347,3.465879316877363e-8,0.9995696544647217,1.3140327936866925e-8,1,-3.428808170724551e-8,-0.9995696544647217,1.212884725987351e-8,-0.029334548860788347],8,0.4323101043701172],[[772.0049438476563,222.69961547851563,47.258907318115237,-0.031229034066200258,1.7302282273590209e-8,0.999512255191803,6.778157146669628e-9,1,-1.709894625889774e-8,-0.999512255191803,6.240867378437542e-9,-0.031229034066200258],8,0.44454050064086916],[[771.6723022460938,222.69961547851563,47.27989196777344,-0.03646477311849594,-2.6059538527078986e-8,0.9993349313735962,-9.302296710700375e-9,1,2.573744950495893e-8,-0.9993349313735962,-8.357599945441052e-9,-0.03646477311849594],8,0.46300172805786135],[[771.1405639648438,222.69961547851563,47.31977462768555,-0.04659584164619446,-9.53503018763513e-8,0.9989138245582581,-3.571312845451757e-8,1,9.378808840665443e-8,-0.9989138245582581,-3.1304203673698797e-8,-0.04659584164619446],8,0.4965684413909912],[[771.0076293945313,222.69961547851563,47.3302116394043,-0.048969537019729617,-1.1265574784147248e-7,0.9988002777099609,-4.242832574163913e-8,1,1.1071087868685936e-7,-0.9988002777099609,-3.6955963622631319e-8,-0.048969537019729617],8,0.5031454563140869],[[770.8748168945313,222.69961547851563,47.34178161621094,-0.05150055140256882,-9.536599065995688e-8,0.9986729621887207,-3.6146435178352479e-8,1,9.362867814388665e-8,-0.9986729621887207,-3.1276538692281977e-8,-0.05150055140256882],8,0.5114498138427734],[[770.7420043945313,222.69961547851563,47.35384750366211,-0.054122135043144229,-7.808331758951681e-8,0.9985343217849731,-2.981992608397377e-8,1,7.658164946633406e-8,-0.9985343217849731,-2.5631457845065598e-8,-0.054122135043144229],8,0.5236947536468506],[[770.5427856445313,222.69961547851563,47.37238693237305,-0.0580393448472023,-5.2172758557844648e-8,0.9983143210411072,-2.0227922448157188e-8,1,5.108485723326339e-8,-0.9983143210411072,-1.7228892090770388e-8,-0.0580393448472023],8,0.5341076850891113],[[770.3435668945313,223.35189819335938,47.39098358154297,-0.061945825815200809,-2.6278559772663358e-8,0.9980795383453369,-1.0514638937308974e-8,1,2.567653289986538e-8,-0.9980795383453369,-8.903891846046008e-9,-0.061945825815200809],3,0.5486569404602051],[[770.0779418945313,224.17391967773438,47.41580581665039,-0.09470037370920181,7.95959476107555e-9,0.9955058097839356,3.6813836423732484e-9,1,-7.645326149940957e-9,-0.9955058097839356,2.9408235846517529e-9,-0.09470037370920181],5,0.5707263946533203],[[769.7459106445313,225.1248016357422,47.44683837890625,-0.0932907834649086,5.1042196247408359e-8,0.995638906955719,2.13828226236501e-8,1,-4.926221208734205e-8,-0.995638906955719,1.669386051617039e-8,-0.0932907834649086],5,0.5898196697235107],[[769.4138793945313,225.99053955078126,47.47787094116211,-0.09310897439718247,9.408022805246219e-8,0.9956559538841248,3.905481804622468e-8,1,-9.08384834019671e-8,-0.9956559538841248,3.042728380364679e-8,-0.09310897439718247],5,0.6017956733703613],[[769.2810668945313,226.31298828125,47.49028396606445,-0.09309732168912888,1.1128349086675371e-7,0.9956570267677307,4.611787574049231e-8,1,-1.074567279601979e-7,-0.9956570267677307,3.591365427269011e-8,-0.09309732168912888],5,0.6142714023590088],[[769.0154418945313,226.91700744628907,47.51511001586914,-0.09309784322977066,1.4566874995125546e-7,0.9956569671630859,6.02348677603004e-8,1,-1.4067195763800556e-7,-0.9956569671630859,4.687701249395104e-8,-0.09309784322977066],5,0.6281211376190186],[[768.9490356445313,227.0594940185547,47.52131652832031,-0.09309854358434677,1.5426050481437415e-7,0.9956569075584412,6.376222927428899e-8,1,-1.4897132416535897e-7,-0.9956569075584412,4.96162932961397e-8,-0.09309854358434677],5,0.6356542110443115],[[768.7498168945313,227.46652221679688,47.53993606567383,-0.09309930354356766,1.2912389024677396e-7,0.9956568479537964,5.333033925580821e-8,1,-1.247004632887183e-7,-0.9956568479537964,4.148919074964397e-8,-0.09309930354356766],5,0.6450135707855225],[[768.6170043945313,227.72084045410157,47.55234909057617,-0.09310008585453034,1.1237509767170195e-7,0.9956567287445068,4.6379444285093999e-8,1,-1.085285319391005e-7,-0.9956567287445068,3.6073991793728058e-8,-0.09310008585453034],5,0.6555294990539551],[[768.4177856445313,228.0767822265625,47.57096862792969,-0.09310106933116913,8.726532030323142e-8,0.9956566691398621,3.595864939143212e-8,1,-8.428360587231509e-8,-0.9956566691398621,2.7955573855820149e-8,-0.09310106933116913],5,0.6672453880310059],[[768.2849731445313,228.2970428466797,47.58338165283203,-0.09310184419155121,7.053440498339114e-8,0.9956566095352173,2.9015149394240326e-8,1,-6.812894781660361e-8,-0.9956566095352173,2.254619424491011e-8,-0.09310184419155121],5,0.6776487827301025],[[768.0857543945313,228.6018829345703,47.60200119018555,-0.09147190302610398,4.5411933768946258e-8,0.9958076477050781,1.8653398825563273e-8,1,-4.3889674117281177e-8,-0.9958076477050781,1.4560525229967425e-8,-0.09147190302610398],5,0.6892378330230713],[[767.8865356445313,228.87606811523438,47.620338439941409,-0.08815435320138931,2.0292375779717987e-8,0.9961068034172058,8.386800587345533e-9,1,-1.9629464276249565e-8,-0.9961068034172058,6.623726456211898e-9,-0.08815435320138931],5,0.6987590789794922],[[767.6873168945313,229.11959838867188,47.6380500793457,-0.07657679170370102,-4.842520606729295e-9,0.9970636963844299,-1.5758876426019697e-9,1,4.735749570272674e-9,-0.9970636963844299,-1.2086117662235552e-9,-0.07657679170370102],5,0.7117745876312256],[[767.4879150390625,229.3324737548828,47.653656005859378,-0.06792092323303223,-2.986507041669029e-8,0.997690737247467,-1.132539217962858e-8,1,2.9163185644165425e-8,-0.997690737247467,-9.318447347084203e-9,-0.06792092323303223],5,0.7242324352264404],[[767.3548583984375,229.45736694335938,47.66291046142578,-0.04709021374583244,-4.633501049511324e-8,0.9988906383514404,-1.7496525117621787e-8,1,4.556163801794355e-8,-0.9988906383514404,-1.5331607983171126e-8,-0.04709021374583244],5,0.734968900680542],[[767.1550903320313,229.619140625,47.67296600341797,-0.03523953631520271,-7.113743549780338e-8,0.9993789196014404,-2.6452298129697739e-8,1,7.024890180673538e-8,-0.9993789196014404,-2.396032883211774e-8,-0.03523953631520271],5,0.7477636337280273],[[766.9552001953125,229.75025939941407,47.680240631103519,-0.03433440253138542,-9.609814100031144e-8,0.9994103908538818,-3.533336467853587e-8,1,9.494096531170726e-8,-0.9994103908538818,-3.205278886753149e-8,-0.03433440253138542],5,0.7565512657165527],[[766.8218994140625,229.82064819335938,47.684776306152347,-0.015404115431010723,-1.1210237005343515e-7,0.9998813271522522,-4.0981838367315507e-8,1,1.1148431156016159e-7,-0.9998813271522522,-3.925966041151696e-8,-0.015404115431010723],5,0.7696805000305176],[[766.5552978515625,229.92054748535157,47.68943405151367,-0.012022044509649277,-1.4522333913191688e-7,0.9999277591705322,-5.2089735191884759e-8,1,1.4460756858625246e-7,-0.9999277591705322,-5.034749150922835e-8,-0.012022044509649277],5,0.7843947410583496],[[766.3553466796875,229.95970153808595,47.69180679321289,-0.011315417475998402,-1.3655076713803283e-7,0.9999359846115112,-4.8533056684618717e-8,1,1.3601029991150427e-7,-0.9999359846115112,-4.699093736348914e-8,-0.011315417475998402],5,0.8051764965057373],[[766.0887451171875,229.96421813964845,47.694786071777347,-0.01117944810539484,-1.0267184791246109e-7,0.9999375343322754,-3.590357522398335e-8,1,1.0227685720565205e-7,-0.9999375343322754,-3.4757935196694237e-8,-0.01117944810539484],5,0.8131744861602783],[[765.9554443359375,229.946044921875,47.69627380371094,-0.011144587770104409,-8.574600229849239e-8,0.999937891960144,-2.9591401329298607e-8,1,8.542152585278018e-8,-0.999937891960144,-2.8637575866241606e-8,-0.011144587770104409],5,0.8234858512878418],[[765.7554931640625,229.8932342529297,47.69850540161133,-0.011142725124955178,-6.037269884018315e-8,0.999937891960144,-2.01278975708874e-8,1,6.015215348043057e-8,-0.999937891960144,-1.945639027667312e-8,-0.011142725124955178],5,0.8371477127075195],[[765.5555419921875,229.8097686767578,47.70073699951172,-0.011141563765704632,-3.5015727206655359e-8,0.9999379515647888,-1.0670405892199142e-8,1,3.489900990416572e-8,-0.9999379515647888,-1.0280913897986466e-8,-0.011141563765704632],5,0.8559896945953369],[[765.2222900390625,229.60252380371095,47.7044563293457,-0.011141386814415455,7.2097265935155978e-9,0.9999379515647888,5.0786264083058089e-9,1,-7.1535879442308218e-9,-0.9999379515647888,4.998610414475024e-9,-0.011141386814415455],5,0.8664655685424805],[[765.0889892578125,229.49578857421876,47.7059440612793,-0.011141389608383179,2.408727084457496e-8,0.9999379515647888,1.1373529673619487e-8,1,-2.396204124011092e-8,-0.9999379515647888,1.1105853126025523e-8,-0.011141389608383179],5,0.8783023357391357],[[764.8890380859375,229.3101348876953,47.70817565917969,-0.011141389608383179,4.9390056489073689e-8,0.9999379515647888,2.0810839274076899e-8,1,-4.916124751730422e-8,-0.9999379515647888,2.026182421843714e-8,-0.011141389608383179],5,0.8898043632507324],[[764.7557373046875,229.16934204101563,47.70966339111328,-0.011141389608383179,6.62495693859455e-8,0.9999379515647888,2.7099018140575027e-8,1,-6.59517382928243e-8,-0.9999379515647888,2.6362542371316523e-8,-0.011141389608383179],5,0.8983433246612549],[[764.4891357421875,228.84686279296876,47.71263885498047,-0.009555167518556118,9.990090177325328e-8,0.999954342842102,3.962298933402053e-8,1,-9.952684365543974e-8,-0.999954342842102,3.8670187052503027e-8,-0.009555167518556118],5,0.9130821228027344],[[764.2891845703125,228.56922912597657,47.71458435058594,0.0020095733925700189,1.2466909993236187e-7,0.9999979734420776,4.878292969578979e-8,1,-1.247673964144269e-7,-0.9999979734420776,4.903355943497445e-8,0.0020095733925700189],5,0.9322364330291748],[[764.0225830078125,228.1513671875,47.71431350708008,0.02778775617480278,1.404707319352383e-7,0.9996138215065002,5.4182422104531727e-8,1,-1.420311974698052e-7,-0.9996138215065002,5.810822756302514e-8,0.02778775617480278],5,0.9428179264068604],[[763.8226318359375,227.80221557617188,47.709224700927737,0.04944148659706116,1.1511320252566293e-7,0.9987770318984985,4.497059791219726e-8,1,-1.1748029038471941e-7,-0.9987770318984985,5.072400099948027e-8,0.04944148659706116],5,0.9540445804595947],[[763.5562744140625,227.2889862060547,47.696311950683597,0.10141141712665558,8.0097990462491e-8,0.9948445558547974,3.4790154757047279e-8,1,-8.405947227174693e-8,-0.9948445558547974,4.3135386817994006e-8,0.10141141712665558],5,0.9732246398925781],[[763.2909545898438,226.72125244140626,47.66986846923828,0.1681281477212906,4.475904802347941e-8,0.9857651591300964,2.707904123155913e-8,1,-5.002387837294009e-8,-0.9857651591300964,3.510399793071883e-8,0.1681281477212906],5,0.985619068145752],[[763.0936279296875,226.2596893310547,47.6379280090332,0.20622681081295014,1.9315216093218625e-8,0.9785042405128479,2.2116593001442199e-8,1,-2.4400764075949156e-8,-0.9785042405128479,2.667326981509177e-8,0.20622681081295014],5,0.9983208179473877],[[762.9630126953125,225.93495178222657,47.61115646362305,0.2781742513179779,1.2581458097571386e-9,0.9605306386947632,2.0072009832006189e-8,1,-7.122793910241398e-9,-0.9605306386947632,2.1261158167362738e-8,0.2781742513179779],5,1.00905179977417],[[762.7700805664063,225.42230224609376,47.55885696411133,0.3109693229198456,-2.3457721098907315e-8,0.9504199624061585,1.7869565382966358e-8,1,1.8834656501098835e-8,-0.9504199624061585,1.112659209212552e-8,0.3109693229198456],5,1.0202507972717286],[[762.6431884765625,225.06349182128907,47.51816177368164,0.37571531534194949,-4.0142982271618169e-8,0.9267351627349854,1.7555020548343238e-8,1,3.61994381137265e-8,-0.9267351627349854,2.668171239506023e-9,0.37571531534194949],5,1.0324382781982422],[[762.3951416015625,224.3050079345703,47.420658111572269,0.4017232656478882,-7.212476305085147e-8,0.9157611131668091,1.797630488908908e-8,1,7.087357545287887e-8,-0.9157611131668091,-1.2009563121750944e-8,0.4017232656478882],5,1.0456101894378663],[[762.2119140625,223.7003936767578,47.340476989746097,0.45116910338401797,-9.525512467689623e-8,0.8924384713172913,1.961025120067461e-8,1,9.682189272552933e-8,-0.8924384713172913,-2.6182107148997603e-8,0.45116910338401797],5,1.0572164058685303],[[762.032958984375,223.0651092529297,47.25132751464844,0.47374287247657778,-1.1850039527416811e-7,0.8806632161140442,2.211679017705137e-8,1,1.2266065141375294e-7,-0.8806632161140442,-3.863216946342618e-8,0.47374287247657778],7,1.069831371307373],[[761.9152221679688,222.6245574951172,47.188724517822269,0.5070703029632568,-9.913959786445048e-8,0.8619046807289124,1.8272297452881504e-8,1,1.042740080947624e-7,-0.8619046807289124,-3.712527529842191e-8,0.5070703029632568],7,1.080632209777832],[[761.7421875,222.24351501464845,47.08858871459961,0.5207104682922363,-7.186894634969576e-8,0.8537333607673645,1.210974343024418e-8,1,7.679597047172138e-8,-0.8537333607673645,-2.964997136700731e-8,0.5207104682922363],7,1.0951745510101319],[[761.51416015625,222.3275146484375,46.9503059387207,0.5356240272521973,-3.5811481780001489e-8,0.8444565534591675,3.2710065767105336e-9,1,4.0332984951874099e-8,-0.8444565534591675,-1.884109401828482e-8,0.5356240272521973],8,1.116227626800537],[[761.28857421875,222.45887756347657,46.80805969238281,0.5356447696685791,-3.1636315789285165e-10,0.8444434404373169,-5.5593911696405488e-9,1,3.90105725500689e-9,-0.8444434404373169,-6.784172335017047e-9,0.5356447696685791],8,1.1239850521087647],[[761.1197509765625,222.53762817382813,46.70094299316406,0.5356470942497253,2.628471484911188e-8,0.8444419503211975,-1.217724321378455e-8,1,-2.3402449755849376e-8,-0.8444419503211975,2.2524797582690327e-9,0.5356470942497253],8,1.1356806755065919],[[760.950927734375,222.59503173828126,46.593814849853519,0.5356473326683044,5.286871740395327e-8,0.8444417715072632,-1.8790856870509743e-8,1,-5.068844899369651e-8,-0.8444417715072632,1.1283347589596815e-8,0.5356473326683044],8,1.148740291595459],[[760.7821044921875,222.64413452148438,46.48668670654297,0.5356473326683044,7.943566515677958e-8,0.8444417715072632,-2.5400227698924028e-8,1,-7.795694756396188e-8,-0.8444417715072632,2.030841628197777e-8,0.5356473326683044],8,1.161855697631836],[[760.61328125,222.68130493164063,46.37955856323242,0.5356473326683044,1.0598557764751604e-7,0.8444417715072632,-3.2005356587205827e-8,1,-1.0520795257207283e-7,-0.8444417715072632,2.932770115648964e-8,0.5356473326683044],8,1.1749982833862305],[[760.500732421875,222.70565795898438,46.30813980102539,0.5356473326683044,1.0603489641880515e-7,0.8444417715072632,-3.13324406420179e-8,1,-1.0569320352260547e-7,-0.8444417715072632,3.015586003130011e-8,0.5356473326683044],8,1.1845495700836182],[[760.38818359375,222.72789001464845,46.23672103881836,0.5356473326683044,8.844681076425332e-8,0.8444417715072632,-2.5586917473674476e-8,1,-8.850964405837658e-8,-0.8444417715072632,2.580329372392498e-8,0.5356473326683044],8,1.1935148239135743],[[760.2193603515625,222.7643280029297,46.12959289550781,0.5356473326683044,6.207878300301673e-8,0.8444417715072632,-1.697324236715758e-8,1,-6.274808583839331e-8,-0.8444417715072632,1.927793213951645e-8,0.5356473326683044],8,1.2050302028656006],[[760.050537109375,222.7939453125,46.022464752197269,0.5400675535202026,3.56257281453054e-8,0.8416216969490051,-8.230224501915018e-9,1,-3.704853668295982e-8,-0.8416216969490051,1.3081976391049466e-8,0.5400675535202026],8,1.215383529663086],[[759.938232421875,222.80845642089845,45.95060729980469,0.5400694608688355,1.8067668250409953e-8,0.8416204452514648,-2.404618948403936e-9,1,-1.9924666361248457e-8,-0.8416204452514648,8.73692762581868e-9,0.5400694608688355],8,1.226853370666504],[[759.7699584960938,222.82388305664063,45.84261703491211,0.5400700569152832,-8.255317318628386e-9,0.8416200876235962,6.329139434768649e-9,1,5.747413212020547e-9,-0.8416200876235962,2.2227251150752638e-9,0.5400700569152832],8,1.2389118671417237],[[759.6016845703125,222.83383178710938,45.7346076965332,0.5444718599319458,-3.457295605358013e-8,0.838779091835022,1.519159020801908e-8,1,3.13569579191153e-8,-0.838779091835022,-4.330594549628586e-9,0.5444718599319458],8,1.2510018348693848],[[759.433837890625,222.8401641845703,45.62588119506836,0.544471800327301,-6.086219883627564e-8,0.8387791514396668,2.4048359748007898e-8,1,5.695009264172768e-8,-0.8387791514396668,-1.0836456176832599e-8,0.544471800327301],8,1.261240005493164],[[759.322021484375,222.84304809570313,45.55329132080078,0.5444718599319458,-7.837900284357602e-8,0.838779091835022,2.9949720925515069e-8,1,7.400306145655122e-8,-0.838779091835022,-1.517138592532774e-8,0.5444718599319458],8,1.2726683616638184],[[759.210205078125,222.84518432617188,45.48069763183594,0.544471800327301,-9.588831773044149e-8,0.8387791514396668,3.584855789995345e-8,1,9.104874720833323e-8,-0.8387791514396668,-1.9504451387319933e-8,0.544471800327301],8,1.2831966876983643],[[758.986572265625,222.84791564941407,45.33551025390625,0.5444718599319458,-9.603645878542011e-8,0.838779091835022,3.503716072827956e-8,1,9.175206372447065e-8,-0.838779091835022,-2.0567979319707775e-8,0.5444718599319458],8,1.294149398803711],[[758.874755859375,223.2895965576172,45.262916564941409,0.544471800327301,-7.869019214012951e-8,0.8387791514396668,2.833230894339067e-8,1,7.542396218696013e-8,-0.8387791514396668,-1.7301671206837456e-8,0.544471800327301],3,1.3085579872131348],[[758.651123046875,224.1388702392578,45.11772918701172,0.5444718599319458,-4.401988817903657e-8,0.838779091835022,1.4931202940715594e-8,1,4.2788702359075617e-8,-0.838779091835022,-1.0773264058627774e-8,0.5444718599319458],3,1.3302536010742188],[[758.315673828125,225.31057739257813,44.89994812011719,0.5444718599319458,7.930013978807438e-9,0.838779091835022,-5.148991899517341e-9,1,-6.111898986915776e-9,-0.838779091835022,-9.91109971870685e-10,0.5444718599319458],5,1.3455400466918946],[[758.14794921875,225.8504638671875,44.79105758666992,0.5444718599319458,3.387999214510273e-8,0.838779091835022,-1.5179438150880743e-8,1,-3.0538689799186616e-8,-0.838779091835022,3.8952627789967668e-9,0.5444718599319458],5,1.3671808242797852],[[757.92431640625,226.52261352539063,44.645870208740237,0.5444718599319458,6.845408506706008e-8,0.838779091835022,-2.8543363228550335e-8,1,-6.308338384997114e-8,-0.838779091835022,1.0405551975622984e-8,0.5444718599319458],5,1.3748507499694825],[[757.756591796875,226.99095153808595,44.53697967529297,0.5444718599319458,9.436526227091236e-8,0.838779091835022,-3.8558816584099989e-8,1,-8.747365143335628e-8,-0.838779091835022,1.5284612686627953e-8,0.5444718599319458],5,1.3883731365203858],[[757.5889892578125,227.4286346435547,44.42784881591797,0.544563353061676,1.2025942908167054e-7,0.8387197256088257,-4.857921709344737e-8,1,-1.1184304327116479e-7,-0.8387197256088257,2.016127531589973e-8,0.544563353061676],5,1.4043354988098145],[[757.4217529296875,227.83566284179688,44.31819152832031,0.5448762774467468,1.461349796727518e-7,0.8385164737701416,-5.863037344511213e-8,1,-1.3617942329346989e-7,-0.8385164737701416,2.503840335066343e-8,0.5448762774467468],5,1.4127082824707032],[[757.3104248046875,228.08998107910157,44.244869232177737,0.5451849699020386,1.633739259432332e-7,0.8383157849311829,-6.53513652082438e-8,1,-1.5238332196076954e-7,-0.8383157849311829,2.8292014064845717e-8,0.5451849699020386],5,1.4229578971862794],[[757.1439208984375,228.4459228515625,44.13410186767578,0.5459625124931336,1.3591446190730495e-7,0.8378096222877502,-5.4293316509301806e-8,1,-1.268454496994309e-7,-0.8378096222877502,2.376540386705983e-8,0.5459625124931336],5,1.4330980777740479],[[756.977783203125,228.77120971679688,44.022701263427737,0.5470143556594849,1.0848248166439589e-7,0.8371232151985169,-4.3248700620779348e-8,1,-1.0132895766901129e-7,-0.8371232151985169,1.9223902469889255e-8,0.5470143556594849],5,1.4439754486083985],[[756.8673095703125,228.9710235595703,43.94807434082031,0.5478400588035584,9.021106706086357e-8,0.8365830779075623,-3.58805749556268e-8,1,-8.433621445647077e-8,-0.8365830779075623,1.6185678575197927e-8,0.5478400588035584],5,1.4553546905517579],[[756.5918579101563,229.4109649658203,43.76041030883789,0.5503135323524475,4.45959891237635e-8,0.8349580764770508,-1.740834498775712e-8,1,-4.193736558022465e-8,-0.8349580764770508,8.54346104972592e-9,0.5503135323524475],5,1.4766883850097657],[[756.42822265625,229.63406372070313,43.64541244506836,0.5526211857795715,1.727591758537983e-8,0.8334325551986694,-6.2828124924863008e-9,1,-1.656271031436063e-8,-0.8334325551986694,3.916604374154531e-9,0.5526211857795715],5,1.4883646965026856],[[756.2653198242188,229.82650756835938,43.52943801879883,0.5553295612335205,-9.998913697017997e-9,0.8316303491592407,4.923792040756325e-9,1,8.735354661837392e-9,-0.8316303491592407,-7.562257486881663e-10,0.5553295612335205],5,1.5020909309387208],[[756.0489501953125,230.035400390625,43.37366485595703,0.559208869934082,-4.629007577250377e-8,0.8290268182754517,2.002775012499569e-8,1,4.232719774677207e-8,-0.8290268182754517,-7.066202289962575e-9,0.559208869934082],5,1.5225610733032227],[[755.8335571289063,230.18978881835938,43.2164306640625,0.5633335113525391,-8.249134708648853e-8,0.8262295722961426,3.533839887381873e-8,1,7.574654858899521e-8,-0.8262295722961426,-1.3472936544189907e-8,0.5633335113525391],5,1.5335114002227784],[[755.6731567382813,230.2698211669922,43.09697723388672,0.5667588710784912,-1.0958008545003395e-7,0.8238837122917175,4.6990201951757629e-8,1,1.0067922318057754e-7,-0.8238837122917175,-1.834638219122553e-8,0.5667588710784912],5,1.5524446964263917],[[755.4600830078125,230.32884216308595,42.9366569519043,0.5714592337608337,-1.456103717600854e-7,0.8206304311752319,6.274124331184794e-8,1,1.3374632601426129e-7,-0.8206304311752319,-2.4943201282212614e-8,0.5714592337608337],5,1.5616428852081299],[[755.35400390625,230.33792114257813,42.85588073730469,0.5738466382026672,-1.4642566270595126e-7,0.8189627528190613,6.332973612188653e-8,1,1.344189399787865e-7,-0.8189627528190613,-2.5271166492757403e-8,0.5738466382026672],5,1.5733110904693604],[[755.195556640625,230.3259735107422,42.73378372192383,0.5775737762451172,-1.2193193299481209e-7,0.8163384795188904,5.310706185923664e-8,1,1.1179024284047046e-7,-0.8163384795188904,-2.1213773848671736e-8,0.5775737762451172],5,1.5843684673309327],[[755.038330078125,230.28338623046876,42.61016845703125,0.5816581845283508,-9.749366824962635e-8,0.8134332895278931,4.280435561554441e-8,1,8.92466118784796e-8,-0.8134332895278931,-1.7092537163421185e-8,0.5816581845283508],5,1.5959815979003907],[[754.8818969726563,230.21014404296876,42.48558807373047,0.5858969688415527,-7.311413696697855e-8,0.8103855848312378,3.238114132386727e-8,1,6.681032971300738e-8,-0.8103855848312378,-1.2902757084987116e-8,0.5858969688415527],5,1.6080710887908936],[[754.7262573242188,230.10623168945313,42.359962463378909,0.5902456045150757,-4.879484194475481e-8,0.8072237372398377,2.182434499786723e-8,1,4.448967061421172e-8,-0.8072237372398377,-8.642702553629534e-9,0.5902456045150757],5,1.6194396018981934],[[754.57080078125,229.97166442871095,42.234130859375,0.5943563580513,-2.4535740550390984e-8,0.8042017817497253,1.1114281939228477e-8,1,2.229527140684695e-8,-0.8042017817497253,-4.313210677509005e-9,0.5943563580513],5,1.6315217018127442],[[754.4671630859375,229.86492919921876,42.150238037109378,0.5968664884567261,-8.394913209031074e-9,0.802340567111969,3.894476297006122e-9,1,7.565902571116112e-9,-0.802340567111969,-1.3911375384978442e-9,0.5968664884567261],5,1.6426403522491456],[[754.2598876953125,229.61058044433595,41.982452392578128,0.6014085412025452,2.3815736938104238e-8,0.7989416718482971,-1.070447197548674e-8,1,-2.175124613756907e-8,-0.7989416718482971,4.5291357331223029e-9,0.6014085412025452],5,1.658386468887329],[[754.1044311523438,229.38404846191407,41.85661315917969,0.6044095158576965,4.7915300172007849e-8,0.7966737747192383,-2.176685676147372e-8,1,-4.363040773114335e-8,-0.7966737747192383,9.029548664329923e-9,0.6044095158576965],5,1.669039249420166],[[753.948974609375,229.12686157226563,41.73077392578125,0.6070656180381775,7.196894102889928e-8,0.7946516871452332,-3.2902757851616118e-8,1,-6.543093888922158e-8,-0.7946516871452332,1.3574641855029768e-8,0.6070656180381775],5,1.6822419166564942],[[753.7935180664063,228.83901977539063,41.60493469238281,0.6094304919242859,9.597994932164511e-8,0.792839527130127,-4.4095937568044977e-8,1,-8.716334320979513e-8,-0.792839527130127,1.8158996084594038e-8,0.6094304919242859],5,1.6957776546478272],[[753.5862426757813,228.40753173828126,41.43714904785156,0.6122158169746399,1.279331769410419e-7,0.7906907200813294,-5.9089433790404658e-8,1,-1.160475093797686e-7,-0.7906907200813294,2.4324652514451374e-8,0.6122158169746399],5,1.7106380462646485],[[753.4307861328125,228.04815673828126,41.311309814453128,0.6140455007553101,1.5185497659331305e-7,0.7892706394195557,-7.036964433382309e-8,1,-1.3765216522187985e-7,-0.7892706394195557,2.89840080824888e-8,0.6140455007553101],5,1.7242963314056397],[[753.3267211914063,227.7915496826172,41.22795104980469,0.6149415373802185,1.5059363533964643e-7,0.7885726690292358,-6.989541390112208e-8,1,-1.3646433671965497e-7,-0.7885726690292358,2.8799970408499577e-8,0.6149415373802185],5,1.7355680465698243],[[753.16748046875,227.38107299804688,41.106971740722659,0.6144973635673523,1.2292369433453133e-7,0.7889188528060913,-5.6940155701568077e-8,1,-1.1146155287633519e-7,-0.7889188528060913,2.357166906108432e-8,0.6144973635673523],5,1.7447888851165772],[[753.0596313476563,227.09039306640626,41.028560638427737,0.6131144165992737,1.0447862308637923e-7,0.7899941205978394,-4.8177930977999497e-8,1,-9.486151242299457e-8,-0.7899941205978394,2.010067845503727e-8,0.6131144165992737],5,1.7553699016571046],[[752.8949584960938,226.6288299560547,40.91503143310547,0.6091902852058411,7.679320646047927e-8,0.7930240631103516,-3.492839439900308e-8,1,-7.000438984050561e-8,-0.7930240631103516,1.4946934356885323e-8,0.6091902852058411],5,1.7666974067687989],[[752.7274169921875,226.13661193847657,40.80585479736328,0.60342937707901,4.9064944107612976e-8,0.7974164485931397,-2.1720540033243198e-8,1,-4.509329087909464e-8,-0.7974164485931397,9.890301022608128e-9,0.60342937707901],5,1.7783455848693848],[[752.5543823242188,225.61373901367188,40.70568084716797,0.5943530201911926,2.126452613993024e-8,0.8042042851448059,-8.634999382195474e-9,1,-2.0059939487282464e-8,-0.8042042851448059,4.978382595055564e-9,0.5943530201911926],5,1.7902185916900635],[[752.3777465820313,225.06021118164063,40.61191940307617,0.5827778577804565,-6.643587457944022e-9,0.8126314878463745,4.092378880216074e-9,1,5.240554212804227e-9,-0.8126314878463745,2.715176139478359e-10,0.5827778577804565],5,1.8025054931640626],[[752.2569580078125,224.6741485595703,40.55553436279297,0.5730310082435608,-2.5322922425630169e-8,0.8195337057113648,1.2276593075455367e-8,1,2.2315195025157665e-8,-0.8195337057113648,-2.7262161417240806e-9,0.5730310082435608],5,1.8142304420471192],[[752.072021484375,224.0695343017578,40.47941207885742,0.5554924607276917,-5.3482189343867506e-8,0.8315215706825256,2.39253772349457e-8,1,4.833527356140621e-8,-0.8315215706825256,-6.955409137532342e-9,0.5554924607276917],5,1.8266384601593018],[[751.8826904296875,223.4342498779297,40.415523529052737,0.5336042046546936,-8.18394809698475e-8,0.8457343578338623,3.4538455651045299e-8,1,7.497580867266152e-8,-0.8457343578338623,-1.0797044147636825e-8,0.5336042046546936],5,1.8382537364959717],[[751.68994140625,222.768310546875,40.36237716674805,0.5087133646011353,-1.1042497050084421e-7,0.8609359264373779,4.3973315655421177e-8,1,1.0227841329424337e-7,-0.8609359264373779,-1.4172181650451421e-8,0.5087133646011353],7,1.850954294204712],[[751.4934692382813,222.35968017578126,40.32588577270508,0.4790107309818268,-1.0389361193574587e-7,0.8778090476989746,3.8448668249202458e-8,1,9.737458128711296e-8,-0.8778090476989746,-1.289288231731689e-8,0.4790107309818268],7,1.861577033996582],[[751.2952270507813,222.35414123535157,40.300079345703128,0.4462113380432129,-7.95251509089212e-8,0.8949276208877564,2.661243314605599e-8,1,7.559312820148989e-8,-0.8949276208877564,-9.914312038006301e-9,0.4462113380432129],7,1.874727487564087],[[751.0955810546875,222.4141845703125,40.29017639160156,0.4092363119125366,-5.491657617540113e-8,0.9124284386634827,1.5596594238331819e-8,1,5.319198947972836e-8,-0.9124284386634827,-7.537317436856484e-9,0.4092363119125366],8,1.886589765548706],[[750.8956298828125,222.4627685546875,40.28972625732422,0.370180606842041,-3.006959659046515e-8,0.9289597868919373,5.718855611291929e-9,1,3.0090202329802199e-8,-0.9289597868919373,-5.826221727289749e-9,0.370180606842041],8,1.8982958793640137],[[750.6961059570313,222.4947509765625,40.301856994628909,0.32869967818260195,-5.000668767962679e-9,0.9444345235824585,-2.9097402265421126e-9,1,6.307583344522527e-9,-0.9444345235824585,-4.821359755879939e-9,0.32869967818260195],8,1.911015272140503],[[750.4970092773438,222.51531982421876,40.321022033691409,0.2867673933506012,2.02686436523436e-8,0.9580002427101135,-1.0178898612878129e-8,1,-1.811029548548504e-8,-0.9580002427101135,-4.557945132432906e-9,0.2867673933506012],8,1.9228689670562745],[[750.2988891601563,222.56100463867188,40.34806442260742,0.24472539126873017,4.5707174933795616e-8,0.9695924520492554,-1.6075849984531488e-8,1,-4.308305534550527e-8,-0.9695924520492554,-5.0435051690556069e-9,0.24472539126873017],8,1.9347171783447266],[[750.1009521484375,223.22010803222657,40.376285552978519,0.20231030881404878,7.128448231696894e-8,0.9793214797973633,-2.057963399693108e-8,1,-6.853827727582029e-8,-0.9793214797973633,-6.288076725979863e-9,0.20231030881404878],3,1.9510853290557862],[[749.8384399414063,224.05575561523438,40.42306137084961,0.14967401325702668,1.0554505536219949e-7,0.9887353777885437,-2.4797355280270496e-8,1,-1.0299371666633306e-7,-0.9887353777885437,-9.102539166860879e-9,0.14967401325702668],5,1.9728856086730958],[[749.511474609375,225.02366638183595,40.48750305175781,0.09042248874902725,1.4851352148070874e-7,0.995903491973877,-2.7694705195813186e-8,1,-1.4660987801562443e-7,-0.995903491973877,-1.43244234251938e-8,0.09042248874902725],5,1.988124132156372],[[749.3809204101563,225.38699340820313,40.51469039916992,0.06900923699140549,1.6572005279158476e-7,0.9976159930229187,-2.829979628415913e-8,1,-1.6415846459949535e-7,-0.9976159930229187,-1.690388096164952e-8,0.06900923699140549],5,1.9966096878051758],[[749.2505493164063,225.7366943359375,40.542572021484378,0.049233198165893558,1.469813497578798e-7,0.9987872838973999,-2.2632631768715329e-8,1,-1.4604417231112166e-7,-0.9987872838973999,-1.5414958198789465e-8,0.049233198165893558],5,2.007103204727173],[[748.990234375,226.3952178955078,40.60021209716797,0.012482023797929287,1.0951129780778501e-7,0.9999220967292786,-1.303792185325392e-8,1,-1.0935708161241564e-7,-0.9999220967292786,-1.1671903443755128e-8,0.012482023797929287],5,2.0219688415527345],[[748.795166015625,226.8533477783203,40.64421081542969,-0.012353907339274884,8.143206997601738e-8,0.9999237060546875,-7.233964982589214e-9,1,-8.152765218483182e-8,-0.9999237060546875,-8.240594873143437e-9,-0.012353907339274884],5,2.032930850982666],[[748.535400390625,227.41648864746095,40.70459747314453,-0.04230918362736702,4.404550324466072e-8,0.9991045594215393,-1.058411913668067e-9,1,-4.412979848211762e-8,-0.9991045594215393,-2.9245572630287599e-9,-0.04230918362736702],5,2.050530195236206],[[748.2763061523438,227.9251251220703,40.76757049560547,-0.06952778995037079,6.736748048297159e-9,0.9975799918174744,3.6249094836904307e-9,1,-6.500446847468311e-9,-0.9975799918174744,3.164177586612027e-9,-0.06952778995037079],5,2.0690488815307619],[[748.0177001953125,228.3792724609375,40.83248519897461,-0.09402496367692948,-3.048011265605055e-8,0.9955698251724243,7.042179728244946e-9,1,3.1280833923119647e-8,-0.9955698251724243,9.952162649540242e-9,-0.09402496367692948],5,2.0845587253570558],[[747.7606201171875,228.77891540527345,40.90342712402344,-0.11778591573238373,-6.75935325489263e-8,0.9930390119552612,9.305895609657e-9,1,6.917113637427974e-8,-0.9930390119552612,1.7388503081861019e-8,-0.11778591573238373],5,2.0990641117095949],[[747.569091796875,229.04287719726563,40.9608955383