[[[776,222.69961547851563,47,1,4.5962419648049038e-8,-4.599065337005e-14,-4.5962419648049038e-8,1,-8.814450325189682e-8,4.19393185002552e-14,8.814450325189682e-8,1],8,0.008066415786743164],[[776,222.69961547851563,47,1,3.377715884766985e-8,-4.5207232597134497e-14,-3.377715884766985e-8,1,-6.477619507450072e-8,4.301927534360907e-14,6.477619507450072e-8,1],8,0.02516460418701172],[[776,222.69961547851563,47,1,1.7542291175232095e-8,-4.460259337433006e-14,-1.7542291175232095e-8,1,-3.364174361308869e-8,4.401244180305547e-14,3.364174361308869e-8,1],8,0.05349469184875488],[[776,222.69961547851563,47,1,-2.73178590859402e-9,-4.455634198727819e-14,2.73178590859402e-9,1,5.238924405404077e-9,4.454203051860138e-14,-5.238924405404077e-9,1],8,0.06525182723999024],[[776,222.69961547851563,47,1,-1.89354558699506e-8,-4.5085900209638e-14,1.89354558699506e-8,1,3.631356904065797e-8,4.4398285639320539e-14,-3.631356904065797e-8,1],8,0.0749506950378418],[[776,222.69961547851563,47,1,-3.107912149857839e-8,-4.581274595794049e-14,3.107912149857839e-8,1,5.9602129454106037e-8,4.3960362829326488e-14,-5.9602129454106037e-8,1],8,0.08849310874938965],[[776,222.69961547851563,47,1,-4.321500313153592e-8,-4.6821565586252156e-14,4.321500313153592e-8,1,8.287577202281682e-8,4.3240090056694688e-14,-8.287577202281682e-8,1],8,0.10389423370361328],[[776,222.69961547851563,47,1,-5.0974257703728657e-8,-4.771656092711178e-14,5.0974257703728657e-8,1,9.77561143145067e-8,4.273351692039157e-14,-9.77561143145067e-8,1],8,0.11839795112609863],[[776,222.69961547851563,47,1,-2.9144009872084099e-8,-4.631180082980378e-14,2.9144009872084099e-8,1,5.589102869407725e-8,4.4682912426520507e-14,-5.589102869407725e-8,1],8,0.14056921005249024],[[776,222.69961547851563,47,1,-1.169659746835805e-8,-4.5851695920987037e-14,1.169659746835805e-8,1,2.2431143165135837e-8,4.558932915964091e-14,-2.2431143165135837e-8,1],8,0.15572166442871095],[[776,222.69961547851563,47,1,1.3791777719873722e-9,-4.588977174603201e-14,-1.3791777719873722e-9,1,-2.6450115431231326e-9,4.588612272809524e-14,2.6450115431231326e-9,1],8,0.16916775703430177],[[776,222.69961547851563,47,1,1.0091705249237748e-8,-4.609713218778344e-14,-1.0091705249237748e-8,1,-1.935352145210345e-8,4.5901823330805547e-14,1.935352145210345e-8,1],8,0.17988348007202149],[[775.7744140625,222.69961547851563,46.986087799072269,0.9827856421470642,3.4336942178470056e-8,0.18474934995174409,-2.2522135267877276e-8,1,-6.604899738249515e-8,-0.18474934995174409,6.07510628469754e-8,0.9827856421470642],8,0.20139145851135255],[[775.4432983398438,222.69961547851563,46.96207046508789,0.9177501201629639,5.528722724079671e-8,0.39715835452079775,-1.662759885334708e-8,1,-1.0078409928837573e-7,-0.39715835452079775,8.589082511889501e-8,0.9177501201629639],8,0.23035526275634767],[[775.1109619140625,222.69961547851563,46.93749237060547,0.8254991173744202,3.5578541002223577e-8,0.5644034147262573,1.054001441680441e-9,1,-6.457901235989994e-8,-0.5644034147262573,5.390480239952922e-8,0.8254991173744202],8,0.23729467391967774],[[774.97802734375,222.69961547851563,46.92765808105469,0.7863878607749939,2.6530141639113937e-8,0.6177330613136292,4.996004943080834e-9,1,-4.9307605110016087e-8,-0.6177330613136292,4.186109947568184e-8,0.7863878607749939],8,0.25034165382385256],[[774.7786254882813,222.69961547851563,46.912906646728519,0.7289392352104187,1.1975563651844823e-8,0.6845784187316895,8.107767790477283e-9,1,-2.612649296906966e-8,-0.6845784187316895,2.4595028236262807e-8,0.7289392352104187],8,0.2621135711669922],[[774.5125122070313,222.69961547851563,46.895225524902347,0.6535060405731201,-8.94461127387558e-9,0.7569212913513184,8.141197938016376e-9,1,4.788198726402015e-9,-0.7569212913513184,3.0331290812313229e-9,0.6535060405731201],8,0.2760655879974365],[[774.3129272460938,222.69961547851563,46.88306427001953,0.5994646549224854,-2.556629041805536e-8,0.8004012107849121,5.661931812284138e-9,1,2.7701311466898916e-8,-0.8004012107849121,-1.207413991011208e-8,0.5994646549224854],8,0.29099106788635256],[[774.1131591796875,222.69961547851563,46.87364196777344,0.5481569766998291,-4.2828535384842328e-8,0.8363754749298096,1.4590278984982775e-9,1,5.0251063754558348e-8,-0.8363754749298096,-2.6325174928842899e-8,0.5481569766998291],8,0.30495667457580569],[[773.9132080078125,222.69961547851563,46.86790466308594,0.49902746081352236,-6.06235985856074e-8,0.8665861487388611,-4.206258896743975e-9,1,7.237899524170644e-8,-0.8665861487388611,-3.976419193918446e-8,0.49902746081352236],8,0.31821775436401369],[[773.6466064453125,222.69961547851563,46.86599349975586,0.436209112405777,-8.503450743546637e-8,0.89984530210495,-1.3733849613117855e-8,1,1.0115665105558947e-7,-0.89984530210495,-5.6483791865957758e-8,0.436209112405777],8,0.3335447311401367],[[773.3133544921875,222.69961547851563,46.86722946166992,-0.985114574432373,-2.984027247521226e-8,-0.1718989908695221,-4.2323222260165497e-8,1,6.895298554354668e-8,0.1718989908695221,7.520191047660774e-8,-0.985114574432373],8,0.35251951217651369],[[773.1134033203125,222.69961547851563,46.871299743652347,-0.9984140992164612,-5.3457899440445547e-8,-0.05629654601216316,-5.649861378742571e-8,1,5.242083389589425e-8,0.05629654601216316,5.551837389816683e-8,-0.9984140992164612],8,0.378678560256958],[[772.7135009765625,222.69961547851563,46.880863189697269,-0.9994348883628845,-8.100342085981538e-8,-0.03361397981643677,-8.18054957107961e-8,1,2.248619068723201e-8,0.03361397981643677,2.5223291899578727e-8,-0.9994348883628845],8,0.3869171142578125],[[772.5802001953125,222.69961547851563,46.8844108581543,-0.9995144009590149,-8.973050569238694e-8,-0.031160645186901094,-9.016817870133309e-8,1,1.2640549940101664e-8,0.031160645186901094,1.544410999088086e-8,-0.9995144009590149],8,0.4014878273010254],[[772.3802490234375,222.69961547851563,46.89046096801758,-0.9994028210639954,-1.026647566959582e-7,-0.034554623067379,-1.0265183192359473e-7,1,-2.148239808263952e-9,0.034554623067379,1.4001383386030853e-9,-0.9994028210639954],8,0.41067934036254885],[[772.2469482421875,222.69961547851563,46.89493179321289,-0.999404788017273,-1.1131788824059186e-7,-0.03449760004878044,-1.1097001362259107e-7,1,-1.1998707805105369e-8,0.03449760004878044,-8.163366871372091e-9,-0.999404788017273],8,0.4224708080291748],[[771.9803466796875,222.69961547851563,46.90410614013672,-0.9992783665657044,-1.1173122516083822e-7,-0.037982720881700519,-1.1080734907409351e-7,1,-2.6428699229086307e-8,0.037982720881700519,-2.2200863369903346e-8,-0.9992783665657044],8,0.43643760681152346],[[771.780517578125,222.69961547851563,46.91156768798828,-0.9989888668060303,-7.413826352831166e-8,-0.044958364218473437,-7.308705107789138e-8,1,-2.502569529383436e-8,0.044958364218473437,-2.171451640720079e-8,-0.9989888668060303],8,0.44877099990844729],[[771.51416015625,223.56251525878907,46.92163848876953,-0.9987395405769348,-2.3961701955954596e-8,-0.050193239003419879,-2.2841419422547916e-8,1,-2.2893013706948296e-8,0.050193239003419879,-2.1717672993304406e-8,-0.9987395405769348],3,0.4662001132965088],[[771.3143920898438,224.17391967773438,46.931209564208987,-0.9999855160713196,1.3559017020270403e-8,0.005385737866163254,1.3441811219649935e-8,1,-2.1798408411655147e-8,-0.005385737866163254,-2.1725698573504816e-8,-0.9999855160713196],5,0.49104905128479006],[[770.9150390625,225.3047637939453,46.95376968383789,-0.9919675588607788,8.739112189459775e-8,0.1264924854040146,8.389516636952976e-8,1,-3.296512929296114e-8,-0.1264924854040146,-2.2088231688144334e-8,-0.9919675588607788],5,0.501600980758667],[[770.781982421875,225.6544647216797,46.96208190917969,-0.9999975562095642,1.0782957815536065e-7,0.0022047029342502357,1.0774532910318158e-7,1,-3.833268991115801e-8,-0.0022047029342502357,-3.809504889318305e-8,-0.9999975562095642],5,0.5229244232177734],[[770.515869140625,226.31298828125,46.97915267944336,-0.9976227283477783,1.241606923940708e-7,0.06891258805990219,1.2131501136991575e-7,1,-4.547911913732605e-8,-0.06891258805990219,-3.701087081253718e-8,-0.9976227283477783],5,0.5286085605621338],[[770.3162841796875,226.7711181640625,46.991981506347659,-0.9993610978126526,1.077605418231542e-7,0.03574128448963165,1.061922674239213e-7,1,-4.577684364903689e-8,-0.03574128448963165,-4.195214842184214e-8,-0.9993610978126526],5,0.5402178764343262],[[770.11669921875,227.19857788085938,47.00481033325195,-0.9993607401847839,9.29274932559565e-8,0.03575050085783005,9.137130518865888e-8,1,-4.516289209277602e-8,-0.03575050085783005,-4.1867451727739538e-8,-0.9993607401847839],5,0.550734281539917],[[769.983642578125,227.46652221679688,47.013362884521487,-0.9999970197677612,8.174048105047405e-8,0.0024439196567982437,8.163217302126213e-8,1,-4.4418115408007e-8,-0.0024439196567982437,-4.421848132096784e-8,-0.9999970197677612],5,0.562835693359375],[[769.7840576171875,227.8428955078125,47.02619171142578,-0.9993606805801392,6.875513491877428e-8,0.0357523187994957,6.728490120622155e-8,1,-4.232599337683496e-8,-0.0357523187994957,-3.989334018683621e-8,-0.9993606805801392],5,0.5727152824401856],[[769.6510009765625,228.0767822265625,47.03474426269531,-0.9999970197677612,5.793016200072998e-8,0.002444179030135274,5.7831101685223987e-8,1,-4.059985414528455e-8,-0.002444179030135274,-4.045838508659472e-8,-0.9999970197677612],5,0.5811007022857666],[[769.451416015625,228.40206909179688,47.04757308959961,-0.9993606805801392,4.521187690897932e-8,0.035752713680267337,4.391551655658077e-8,1,-3.7044351586246196e-8,-0.035752713680267337,-3.54505687027995e-8,-0.9993606805801392],5,0.5932846069335938],[[769.2518310546875,228.69668579101563,47.060401916503909,-0.9993606805801392,3.1383226684056356e-8,0.03575274720788002,3.0236968484587126e-8,1,-3.260137759752979e-8,-0.03575274720788002,-3.1499478581054066e-8,-0.9993606805801392],5,0.6074795722961426],[[769.05224609375,228.9606475830078,47.0732307434082,-0.9993606805801392,1.7746382141581308e-8,0.035752784460783008,1.6782786715907606e-8,1,-2.7251731538058267e-8,-0.035752784460783008,-2.6634277006110098e-8,-0.9993606805801392],5,0.6222453117370606],[[768.653076171875,229.39662170410157,47.0988883972168,-0.9908056259155273,-6.972768584745381e-9,0.13529300689697267,-8.739316825767674e-9,1,-1.2463286402919494e-8,-0.13529300689697267,-1.3531062492688762e-8,-0.9908056259155273],5,0.6428821086883545],[[768.4534912109375,229.56861877441407,47.111717224121097,-0.9993606805801392,-2.1475637268508764e-8,0.03575272858142853,-2.1640451208781998e-8,1,-4.222839411482937e-9,-0.03575272858142853,-4.993844893164123e-9,-0.9993606805801392],5,0.6569867134094238],[[768.25390625,229.7099609375,47.12454605102539,-0.9993606805801392,-3.451173213875336e-8,0.035752762109041217,-3.4351035793633858e-8,1,5.1088671071397588e-9,-0.035752762109041217,3.8774561339494088e-9,-0.9993606805801392],5,0.689821720123291],[[767.7882080078125,229.92054748535157,47.15447998046875,-0.9851555228233337,-6.611828240465911e-8,0.17166422307491303,-6.130688490202374e-8,1,3.3329385473734877e-8,-0.17166422307491303,2.2310430836114393e-8,-0.9851555228233337],5,0.7045602798461914],[[767.4927368164063,229.96878051757813,47.1734733581543,-0.9999474883079529,-8.601147527542708e-8,-0.010247505269944668,-8.649874416732928e-8,1,4.710612344638321e-8,0.010247505269944668,4.799004571509613e-8,-0.9999474883079529],5,0.7651956081390381],[[767.0143432617188,229.69564819335938,47.204227447509769,-0.9996118545532227,-1.5435728073498468e-7,-0.02785864844918251,-1.565066156672401e-7,1,7.497119014487908e-8,0.02785864844918251,7.930215417673026e-8,-0.9996118545532227],5,0.7888262271881104],[[766.9418334960938,229.43731689453126,47.20888900756836,-0.9997117519378662,-1.030940097734856e-7,-0.024008750915527345,-1.0429290142610626e-7,1,4.8683453712783378e-8,0.024008750915527345,5.117336243642967e-8,-0.9997117519378662],5,0.7944908142089844],[[766.93017578125,229.3101348876953,47.20963668823242,-0.9997117519378662,-8.248247951314625e-8,-0.0240091010928154,-8.342310309217282e-8,1,3.817607918676913e-8,0.0240091010928154,4.016798982320324e-8,-0.9997117519378662],5,0.8041746616363525],[[766.9268188476563,229.01490783691407,47.2098503112793,-0.9997117519378662,-4.128588315666093e-8,-0.024009041488170625,-4.171025835830733e-8,1,1.7174777156014899e-8,0.024009041488170625,1.817124939407222e-8,-0.9997117519378662],5,0.8188238143920898],[[766.8890991210938,228.56922912597657,47.210777282714847,-0.9950926899909973,1.124026738352768e-8,0.09894713759422302,1.029813656572287e-8,1,-1.0032298547457686e-8,-0.09894713759422302,-8.964095243868542e-9,-0.9950926899909973],5,0.8387296199798584],[[766.836669921875,228.2609405517578,47.2120475769043,-0.9973061680793762,4.312696333386157e-8,0.07335163652896881,4.109125839590888e-8,1,-2.9261810752245766e-8,-0.07335163652896881,-2.616887329054407e-8,-0.9973061680793762],5,0.8669936656951904],[[766.6996459960938,227.67901611328126,47.21535110473633,-0.9899365901947022,9.87859394285806e-8,0.14151164889335633,8.98375986935207e-8,1,-6.962263654486378e-8,-0.14151164889335633,-5.620892551405632e-8,-0.9899365901947022],5,0.8736274242401123],[[766.5453491210938,227.15216064453126,47.21906661987305,-0.9940416812896729,1.0853306520175465e-7,0.10900036245584488,9.978016635159293e-8,1,-8.575585042081002e-8,-0.10900036245584488,-7.436881332978374e-8,-0.9940416812896729],5,0.8902640342712402],[[766.4533081054688,226.86830139160157,47.22127914428711,-0.9990919828414917,9.32647594709124e-8,0.042605649679899219,8.973749032747946e-8,1,-8.470139789551468e-8,-0.042605649679899219,-8.080115776465391e-8,-0.9990919828414917],5,0.9022221565246582],[[766.296630859375,226.4169464111328,47.22504806518555,-0.9973770976066589,8.07255773338511e-8,0.07238054275512696,7.495407317037461e-8,1,-8.245451255106673e-8,-0.07238054275512696,-7.681302349737962e-8,-0.9973770976066589],5,0.9127795696258545],[[766.1797485351563,226.09902954101563,47.22800064086914,-0.9992345571517944,6.83335201756563e-8,0.03911891579627991,6.522238749084863e-8,1,-8.080625235606931e-8,-0.03911891579627991,-7.819296854449931e-8,-0.9992345571517944],5,0.9236981868743897],[[765.9207153320313,225.42230224609376,47.23500442504883,-0.994775116443634,5.377681944196411e-8,0.10209071636199951,4.623951710414076e-8,1,-7.619598108021819e-8,-0.10209071636199951,-7.107723831722979e-8,-0.994775116443634],5,0.936539888381958],[[765.25439453125,223.49203491210938,47.255523681640628,-0.9552133083343506,1.8998598250163924e-8,0.29591816663742068,2.5511894818919247e-9,1,-5.596704966137622e-8,-0.29591816663742068,-5.270552705383125e-8,-0.9552133083343506],5,0.9768948554992676],[[765.054443359375,222.84654235839845,47.26200866699219,-0.9999557137489319,-7.630539755609789e-9,-0.009411320090293885,-7.15282144625462e-9,1,-5.079363063487108e-8,0.009411320090293885,-5.072406139561281e-8,-0.9999557137489319],7,0.9879498481750488],[[764.787841796875,222.439208984375,47.27153015136719,-0.9994346499443054,-1.990229492321305e-8,-0.03362186625599861,-1.8429675563425009e-8,1,-4.4109352614896127e-8,0.03362186625599861,-4.346477311401031e-8,-0.9994346499443054],7,1.0075445175170899],[[764.587890625,222.48121643066407,47.27877426147461,-0.9993533492088318,-2.819888322846964e-8,-0.03595638647675514,-2.6809260589288898e-8,1,-3.912960266916343e-8,0.03595638647675514,-3.814033533444672e-8,-0.9993533492088318],7,1.017488956451416],[[764.387939453125,222.54783630371095,47.28601837158203,-0.9993454217910767,-3.6387852730968009e-8,-0.0361766591668129,-3.5175133916709458e-8,1,-3.4158606609935308e-8,0.0361766591668129,-3.286373129185449e-8,-0.9993454217910767],8,1.0324375629425049],[[764.18798828125,222.60008239746095,47.29326248168945,-0.999405562877655,-4.45055441389286e-8,-0.03447491303086281,-4.352552096520412e-8,1,-2.9177673610547573e-8,0.03447491303086281,-2.7659790902134774e-8,-0.999405562877655],8,1.0425739288330079],[[763.854736328125,222.65231323242188,47.30482482910156,-0.999572217464447,-5.797097202275836e-8,-0.02924681268632412,-5.738686326139941e-8,1,-2.0811121714814364e-8,0.02924681268632412,-1.912383673641216e-8,-0.999572217464447],8,1.0642967224121094],[[763.65478515625,222.66958618164063,47.310874938964847,-0.9996682405471802,-6.606327929148392e-8,-0.025757303461432458,-6.567896804199336e-8,1,-1.5766559613439314e-8,0.025757303461432458,-1.406961658290129e-8,-0.9996682405471802],8,1.0764992237091065],[[763.454833984375,222.6805877685547,47.31616973876953,-0.999823808670044,-7.411753699670953e-8,-0.018770970404148103,-7.393032319669146e-8,1,-1.0667454475310479e-8,0.018770970404148103,-9.277831836129735e-9,-0.999823808670044],8,1.0938780307769776],[[763.2548828125,222.6875762939453,47.32019805908203,-0.9999305605888367,-8.219987535085238e-8,-0.01178612932562828,-8.214059477040792e-8,1,-5.514138923246037e-9,0.01178612932562828,-4.5456363118034918e-9,-0.9999305605888367],8,1.103529691696167],[[763.054931640625,222.6920166015625,47.32283401489258,-0.9999656081199646,-9.032723369273299e-8,-0.00829228200018406,-9.032755343696408e-8,1,-3.354889421824936e-10,0.00829228200018406,4.1354414337391179e-10,-0.9999656081199646],8,1.1162323951721192],[[762.85498046875,222.69482421875,47.32463836669922,-0.999997615814209,-9.846512227795756e-8,0.0021888038609176876,-9.845457782375888e-8,1,4.925309937675593e-9,-0.0021888038609176876,4.709800549562715e-9,-0.999997615814209],8,1.1283180713653565],[[762.455078125,222.69775390625,47.324188232421878,-0.999806821346283,-1.1479374961709255e-7,0.019654085859656335,-1.1450693193637562e-7,1,1.5718804036168877e-8,-0.019654085859656335,1.3465239590004785e-8,-0.999806821346283],8,1.1515660285949708],[[762.32177734375,222.69827270507813,47.32217025756836,-0.999806821346283,-1.202095774033296e-7,0.019654085859656335,-1.198531407453629e-7,1,1.9313560528644304e-8,-0.019654085859656335,1.6954224690834964e-8,-0.999806821346283],8,1.1606764793395997],[[762.121826171875,222.69879150390626,47.318336486816409,-0.9996451139450073,-1.284445119154043e-7,0.026639295741915704,-1.2783031877461327e-7,1,2.4758680439163073e-8,-0.026639295741915704,2.134458476632517e-8,-0.9996451139450073],8,1.1739349365234376],[[761.921875,222.69911193847657,47.31327819824219,-0.9989486932754517,-1.0272373884845365e-7,0.04584196209907532,-1.0180720266816934e-7,1,2.2328141113803214e-8,-0.04584196209907532,1.7637626470445867e-8,-0.9989486932754517],8,1.1862030029296876],[[761.7221069335938,222.69932556152345,47.30485153198242,-0.9986947774887085,-5.961907589835391e-8,0.051076002418994907,-5.889592813446143e-8,1,1.566331775393337e-8,-0.051076002418994907,1.2634705726100038e-8,-0.9986947774887085],8,1.19919753074646],[[761.38916015625,222.6995391845703,47.2880744934082,-0.998210608959198,1.2204157684436723e-8,0.059796292334795,1.2462121112832847e-8,1,3.9411087726648479e-9,-0.059796292334795,4.679244991478981e-9,-0.998210608959198],8,1.2180800437927247],[[761.2560424804688,222.6995849609375,47.28040313720703,-0.9976505041122437,4.091385363835798e-8,0.06850916892290116,4.094200889426247e-8,1,-9.931087063819178e-10,-0.06850916892290116,1.8141276258987205e-9,-0.9976505041122437],8,1.2287788391113282],[[760.9899291992188,222.69964599609376,47.26252365112305,-0.9971473813056946,9.836535497242949e-8,0.07547906786203385,9.779497389672543e-8,1,-1.1252756060287084e-8,-0.07547906786203385,-3.8391831935769009e-9,-0.9971473813056946],8,1.2427263259887696],[[760.8569946289063,222.6996612548828,47.252708435058597,-0.9964501261711121,9.122957322915681e-8,0.0841851532459259,9.05701114106705e-8,1,-1.1652622866620277e-8,-0.0841851532459259,-3.986599050875839e-9,-0.9964501261711121],8,1.253861427307129],[[760.5248413085938,222.6996612548828,47.225032806396487,-0.9961500763893127,7.334244145340563e-8,0.08766411244869232,7.251806977137676e-8,1,-1.2588512454669854e-8,-0.08766411244869232,-6.1828151487475228e-9,-0.9961500763893127],8,1.271977186203003],[[760.3920288085938,222.6996612548828,47.21346664428711,-0.9953463077545166,6.623880466349874e-8,0.09636220335960388,6.529965901336254e-8,1,-1.28995463199999e-8,-0.09636220335960388,-6.54709708669543e-9,-0.9953463077545166],8,1.282715082168579],[[760.1929321289063,222.6996612548828,47.194541931152347,-0.9948278069496155,5.5545665844647377e-8,0.10157572478055954,5.447553874660116e-8,1,-1.3309144897277747e-8,-0.10157572478055954,-7.706915106098222e-9,-0.9948278069496155],8,1.2950623035430909],[[759.993896484375,222.6996612548828,47.174442291259769,-0.9944669604301453,4.485258031650119e-8,0.10504961758852005,4.365698558217446e-8,1,-1.368069746376932e-8,-0.10504961758852005,-9.018852331621474e-9,-0.9944669604301453],8,1.3081343173980713],[[759.728759765625,222.6996612548828,47.146575927734378,-0.9940940141677856,3.060160835843817e-8,0.10852247476577759,2.924138620130634e-8,1,-1.4125380864982162e-8,-0.10852247476577759,-1.0868609123804163e-8,-0.9940940141677856],8,1.3238413333892823],[[759.5299072265625,222.6996612548828,47.12500762939453,-0.993902862071991,1.9916909010930796e-8,0.11025911569595337,1.8437207316424066e-8,1,-1.4439769380203416e-8,-0.11025911569595337,-1.2318857933735217e-8,-0.993902862071991],8,1.3368134498596192],[[759.3310546875,222.6792449951172,47.10331344604492,-0.9937088489532471,9.241610143817525e-9,0.11199448257684708,7.63942153980679e-9,1,-1.4735101139251583e-8,-0.11199448257684708,-1.3786827679496128e-8,-0.9937088489532471],8,1.3516342639923096],[[759.06591796875,222.6043243408203,47.07436752319336,-0.993511438369751,-4.9860044981642208e-9,0.11373210698366165,-6.747530534312318e-9,1,-1.5103424289009128e-8,-0.11373210698366165,-1.5772835482152915e-8,-0.993511438369751],8,1.3653466701507569],[[758.8670654296875,222.51235961914063,47.05265808105469,-0.993511438369751,-1.5666795860624917e-8,0.11373210698366165,-1.7529677265315514e-8,1,-1.537945948371089e-8,-0.11373210698366165,-1.7273356078817416e-8,-0.993511438369751],8,1.3928711414337159],[[758.4693603515625,222.2364959716797,47.009239196777347,-0.993511438369751,-3.700784745319652e-8,0.11373210698366165,-3.907324241936294e-8,1,-1.5931000518776274e-8,-0.11373210698366165,-2.027151424499607e-8,-0.993511438369751],8,1.4054458141326905],[[758.2042236328125,221.9844512939453,46.98029327392578,-0.993511438369751,-5.122002022517336e-8,0.11373210698366165,-5.3420283308014407e-8,1,-1.629830315152958e-8,-0.11373210698366165,-2.2268153543336667e-8,-0.993511438369751],8,1.4334807395935059],[[757.872802734375,221.59275817871095,46.94411087036133,-0.993511438369751,-6.896816984180987e-8,0.11373210698366165,-7.133684931659445e-8,1,-1.6756988685528996e-8,-0.11373210698366165,-2.4761551031815544e-8,-0.993511438369751],8,1.4401648044586182],[[757.7403564453125,221.4122314453125,46.92912673950195,-0.9887926578521729,-7.60595142423881e-8,0.1492951661348343,-7.905457977130937e-8,1,-1.4126901426436689e-8,-0.1492951661348343,-2.577104218914883e-8,-0.9887926578521729],5,1.4552733898162842],[[757.4092407226563,220.9013214111328,46.89124298095703,-0.9653452038764954,-9.498534581098284e-8,0.2609763741493225,-9.840290715601441e-8,1,-2.8447556810196063e-11,-0.2609763741493225,-2.5708295936510696e-8,-0.9653452038764954],5,1.4670069217681885],[[757.2357177734375,220.7428436279297,46.90267562866211,-0.9763847589492798,0.059124018996953967,0.20779111981391908,0.05780015513300896,0.9982506632804871,-0.012442292645573616,-0.20816324651241303,-0.00013810645032208413,-0.9780941009521484],5,1.4970145225524903],[[757.047607421875,220.81729125976563,46.949798583984378,-0.9723317623138428,0.03834839537739754,0.23043517768383027,0.0366239920258522,0.9992599487304688,-0.011757519096136094,-0.2307155281305313,-0.0029927531722933056,-0.973016619682312],5,1.5062549114227296],[[756.9051513671875,220.82110595703126,46.965145111083987,-0.9872500896453857,0.014884982258081437,0.1584792286157608,0.01384661439806223,0.9998748302459717,-0.007654296234250069,-0.15857332944869996,-0.005362303927540779,-0.9873326420783997],5,1.528616189956665],[[756.64990234375,221.3922882080078,46.95416259765625,-0.9967865943908691,-0.007729919161647558,0.0797288715839386,-0.007619827054440975,0.9999695420265198,0.001684985007159412,-0.07973947376012802,0.0010720501886680723,-0.9968151450157166],7,1.5361523628234864],[[756.4523315429688,221.8263702392578,46.94417190551758,-0.9994351863861084,-0.008598710410296917,0.03248610720038414,-0.008485897444188595,0.9999575018882752,0.00360894319601357,-0.0325157567858696,0.0033312311861664058,-0.9994656443595886],7,1.5497369766235352],[[756.1866455078125,222.21287536621095,46.93503189086914,-0.9996768832206726,0.00047678049304522574,0.02541392110288143,0.0004911754513159394,0.9999997019767761,0.0005601816810667515,-0.025413647294044496,0.0005724834045395255,-0.9996768832206726],7,1.5776011943817139],[[755.852294921875,222.4702911376953,46.92687225341797,-0.9999178051948547,0.001572605804540217,0.01272260956466198,0.0015664180973544717,0.9999986290931702,-0.0004963087267242372,-0.01272337231785059,-0.00047633901704102755,-0.9999189376831055],8,1.586205005645752],[[755.7189331054688,222.53025817871095,46.9248046875,-0.9999194145202637,0.0007725918549112976,0.012669476680457592,0.0007688010227866471,0.9999996423721314,-0.00030407559825107455,-0.012669706717133522,-0.0002943107974715531,-0.9999197125434876],8,1.6077146530151368],[[755.3190307617188,222.63157653808595,46.919647216796878,-0.9999197721481323,-0.00012581287592183799,0.012667892500758171,-0.00012551304826047271,1,0.000024462759029120208,-0.01266789622604847,0.000022870810425956735,-0.9999197721481323],8,1.6167473793029786],[[755.185791015625,222.64942932128907,46.91794967651367,-0.9999197721481323,-0.0001035283348755911,0.012666488997638226,-0.00010315413237549365,1,0.000030195909857866355,-0.01266649179160595,0.000028886885047541,-0.9999197721481323],8,1.636488437652588],[[754.785888671875,222.6794891357422,46.912879943847659,-0.9999197721481323,-4.908300184069958e-7,0.01266650389879942,-4.573944067942648e-7,1,0.000002642585059220437,-0.01266650389879942,0.0000026365796657046305,-0.9999197721481323],8,1.651188611984253],[[754.652587890625,222.68478393554688,46.91119384765625,-0.9999197721481323,0.000006566722277057124,0.01266650389879942,0.0000065563199314055968,1,-8.627697525298572e-7,-0.01266650389879942,-7.796548970873118e-7,-0.9999197721481323],8,1.663564682006836],[[754.385986328125,222.6915740966797,46.90782165527344,-0.9999197721481323,0.000004107793301955098,0.01266650389879942,0.000004090514266863465,1,-0.0000013900410067435587,-0.01266650389879942,-0.0000013381169310378028,-0.9999197721481323],8,1.6896088123321534],[[754.052734375,222.69590759277345,46.90360641479492,-0.9998961091041565,-7.754035635798573e-8,0.014413712546229363,-7.900965215412725e-8,1,-1.013676680372555e-7,-0.014413712546229363,-1.0249596016365104e-7,-0.9998961091041565],8,1.6981422901153565],[[753.91943359375,222.6968994140625,46.9017448425293,-0.9998396635055542,-3.8705587712684066e-7,0.017908232286572458,-3.85933304869468e-7,1,6.614088476908364e-8,-0.017908232286572458,5.9218894676860148e-8,-0.9998396635055542],8,1.7211551666259766],[[753.51953125,222.6985626220703,46.89472961425781,-0.999806821346283,-7.658634615381743e-8,0.019655531272292138,-7.538297097653413e-8,1,6.19641085108924e-8,-0.019655531272292138,6.047044820434167e-8,-0.999806821346283],8,1.7305433750152588],[[753.319580078125,222.69898986816407,46.890865325927737,-0.9997709393501282,4.741708181654758e-8,0.021401578560471536,4.7943970571395769e-8,1,2.4106032725512706e-8,-0.021401578560471536,2.5126587033241777e-8,-0.9997709393501282],8,1.7521791458129883],[[753.11962890625,222.6992645263672,46.88665771484375,-0.9997709393501282,8.588084909888494e-8,0.021401578560471536,8.579984012158093e-8,1,-4.703346156986754e-9,-0.021401578560471536,-2.8660169792971148e-9,-0.9997709393501282],8,1.7578585147857667],[[752.85302734375,222.69947814941407,46.88095474243164,-0.9997320771217346,1.1081044704042142e-7,0.023147324100136758,1.0994934029895376e-7,1,-3.8473849883757796e-8,-0.023147324100136758,-3.591851083228903e-8,-0.9997320771217346],8,1.7707445621490479],[[752.786376953125,222.6995086669922,46.87945556640625,-0.9997320771217346,1.0097625846583469e-7,0.023147324100136758,1.0010682416350392e-7,1,-3.871969056490343e-8,-0.023147324100136758,-3.639211243466889e-8,-0.9997320771217346],8,1.7876548767089844],[[752.519775390625,222.69960021972657,46.87331008911133,-0.9997320771217346,6.166051491618419e-8,0.023147324100136758,6.075778458125569e-8,1,-3.970252393514784e-8,-0.023147324100136758,-3.8285506320789867e-8,-0.9997320771217346],8,1.7942001819610596],[[752.386474609375,222.6996307373047,46.8702278137207,-0.9997320771217346,4.201524106406396e-8,0.023147324100136758,4.109587692369132e-8,1,-4.019362620510947e-8,-0.023147324100136758,-3.9231597526168119e-8,-0.9997320771217346],8,1.8044376373291016],[[752.1865234375,222.6996612548828,46.865596771240237,-0.9997320771217346,1.2563069695659124e-8,0.023147324100136758,1.1618765505261308e-8,1,-4.0929887035190407e-8,-0.023147324100136758,-4.064997582986507e-8,-0.9997320771217346],8,1.826035976409912],[[751.919921875,222.6996612548828,46.85941696166992,-0.9997320771217346,-2.6677129838503789e-8,0.023147324100136758,-2.7654662559939426e-8,1,-4.191083391447137e-8,-0.023147324100136758,-4.253973528989263e-8,-0.9997320771217346],8,1.8331608772277833],[[751.78662109375,222.6996612548828,46.856327056884769,-0.9997320771217346,-4.628465433142992e-8,0.023147324100136758,-4.727879243660027e-8,1,-4.240099116259444e-8,-0.023147324100136758,-4.348400750586734e-8,-0.9997320771217346],8,1.842191457748413],[[751.586669921875,222.6996612548828,46.85169219970703,-0.9997320771217346,-7.568023363546672e-8,0.023147324100136758,-7.669926560538443e-8,1,-4.313583801263121e-8,-0.023147324100136758,-4.489966443088633e-8,-0.9997320771217346],8,1.8526604175567628],[[751.453369140625,222.6996612548828,46.848602294921878,-0.9997320771217346,-9.526682021032684e-8,0.023147324100136758,-9.630243624769719e-8,1,-4.3625476564557178e-8,-0.023147324100136758,-4.584293122888994e-8,-0.9997320771217346],8,1.862971544265747],[[751.186767578125,222.6996612548828,46.84242248535156,-0.9997320771217346,-8.388596484110167e-8,0.023147324100136758,-8.456385813815359e-8,1,-2.8307324484444508e-8,-0.023147324100136758,-3.0257165661851107e-8,-0.9997320771217346],8,1.8753299713134766],[[750.98681640625,222.6996612548828,46.83778762817383,-0.9996901750564575,-6.267563179562785e-8,0.024890853092074395,-6.3013558815328e-8,1,-1.279197192616266e-8,-0.024890853092074395,-1.4356469790755e-8,-0.9996901750564575],8,1.8882100582122803],[[750.786865234375,222.6996612548828,46.8328742980957,-0.9995971322059631,-4.148121846014874e-8,0.028383398428559305,-4.1423028562803668e-8,1,2.6380957418581376e-9,-0.028383398428559305,1.4613066312563206e-9,-0.9995971322059631],8,1.9145896434783936],[[750.45361328125,222.6996612548828,46.823551177978519,-0.999491810798645,-6.2763940711363379e-9,0.03187631070613861,-5.3799897870021599e-9,1,2.8207109536992904e-8,-0.03187631070613861,2.8021281295309565e-8,-0.999491810798645],8,1.9236609935760499],[[750.3203125,222.689453125,46.819766998291019,-0.999491810798645,7.796946199789545e-9,0.03187631070613861,9.02644625710991e-9,1,3.842706775003535e-8,-0.03187631070613861,3.8695269211075359e-8,-0.999491810798645],8,1.9445714950561524],[[749.987060546875,222.6043243408203,46.810306549072269,-0.999491810798645,4.295399236298181e-8,0.03187631070613861,4.501560724179399e-8,1,6.395786300572581e-8,-0.03187631070613861,6.536028962500495e-8,-0.999491810798645],8,1.956444501876831],[[749.787109375,222.51235961914063,46.804630279541019,-0.999491810798645,6.403019625622619e-8,0.03187631070613861,6.659065121539243e-8,1,7.926324485652003e-8,-0.03187631070613861,8.134563245221216e-8,-0.999491810798645],8,1.9761605262756348],[[749.453857421875,222.29098510742188,46.795169830322269,-0.999491810798645,6.189471690731807e-8,0.03187631070613861,6.402373742275813e-8,1,6.576946276481977e-8,-0.03187631070613861,6.777688099646184e-8,-0.999491810798645],8,1.9839816093444825],[[749.320556640625,222.1785888671875,46.791385650634769,-0.999491810798645,5.111462897389174e-8,0.03187631070613861,5.2734709043988917e-8,1,4.9983285066446118e-8,-0.03187631070613861,5.163887095704922e-8,-0.999491810798645],8,1.9947154521942139],[[749.12060546875,222.23907470703126,46.7851448059082,-0.9995459914207459,3.504332823922596e-8,0.030129065737128259,3.585160968100354e-8,1,2.628711293084507e-8,-0.030129065737128259,2.735535353792784e-8,-0.9995459914207459],8,2.0080251693725588],[[748.85400390625,222.4159393310547,46.77705001831055,-0.9996451735496521,1.360611801004552e-8,0.026637643575668336,1.3468051562881556e-8,1,-5.3625330842521638e-9,-0.026637643575668336,-5.001873137899793e-9,-0.9996451735496521],8,2.0344014167785646],[[748.520751953125,222.56201171875,46.768028259277347,-0.9998961091041565,-1.334586219314815e-8,0.014413951896131039,-1.3999192916003267e-8,1,-4.522534879924933e-8,-0.014413951896131039,-4.542243203786711e-8,-0.9998961091041565],8,2.0424811840057375],[[748.32080078125,222.61190795898438,46.76468276977539,-0.9999922513961792,-2.994130099409631e-8,0.003933320753276348,-3.021408900849565e-8,1,-6.929386131560023e-8,-0.003933320753276348,-6.941216668110428e-8,-0.9999922513961792],8,2.0671565532684328],[[747.987548828125,222.65850830078126,46.7629280090332,-0.9999305009841919,-4.9255177714258028e-8,-0.01178706530481577,-4.814983256551386e-8,1,-9.406006284962132e-8,0.01178706530481577,-9.34859869516913e-8,-0.9999305009841919],8,2.0850250720977785],[[747.720947265625,222.67726135253907,46.76544952392578,-0.9997521042823792,-3.7235114547229389e-8,-0.022264709696173669,-3.583244989613377e-8,1,-6.33984171827251e-8,0.022264709696173669,-6.258490259369865e-8,-0.9997521042823792],8,2.1037216186523439],[[747.454345703125,222.68746948242188,46.77096176147461,-0.9996681809425354,-2.4467725623367188e-8,-0.02575867809355259,-2.3632740209222903e-8,1,-3.272014836852577e-8,0.02575867809355259,-3.2100544444801929e-8,-0.9996681809425354],8,2.115973711013794],[[747.187744140625,222.6930389404297,46.777687072753909,-0.9995721578598023,-1.1604879723847717e-8,-0.029249710962176324,-1.1550571166196733e-8,1,-2.0257049371252835e-9,0.029249710962176324,-1.6869874386316042e-9,-0.9995721578598023],8,2.1359500885009767],[[746.921142578125,222.69607543945313,46.78534698486328,-0.9995194673538208,1.3559083855696486e-9,-0.03099771775305271,4.676273257508967e-10,1,2.8663587059440944e-8,0.03099771775305271,2.8635318116698728e-8,-0.9995194673538208],8,2.1431384086608888],[[746.654541015625,222.69773864746095,46.793540954589847,-0.9994637370109558,1.4358594313534923e-8,-0.03274443745613098,1.242195146744507e-8,1,5.934759883530205e-8,0.03274443745613098,5.8909026989795169e-8,-0.9994637370109558],8,2.171508550643921],[[746.387939453125,222.69863891601563,46.802207946777347,-0.9994637966156006,2.730005554951731e-8,-0.03274253010749817,2.4366116235796654e-8,1,9.000537914971574e-8,0.03274253010749817,8.915930749253676e-8,-0.9994637966156006],8,2.1780924797058107],[[746.18798828125,222.6990203857422,46.808753967285159,-0.9994051456451416,3.715462426612248e-8,-0.03448771685361862,3.3277405719900346e-8,1,1.1299710678258634e-7,0.03448771685361862,1.1178222791841108e-7,-0.9994051456451416],8,2.1991002559661867],[[745.92138671875,222.69932556152345,46.81787872314453,-0.9994050860404968,2.6636007177671673e-8,-0.03448867052793503,2.4030821776932499e-8,1,7.595192386133931e-8,0.03448867052793503,7.507794919092703e-8,-0.9994050860404968],8,2.205329656600952],[[745.721435546875,222.69947814941407,46.82477951049805,-0.9994050860404968,1.875286237407181e-8,-0.03448867052793503,1.7101067228963985e-8,1,4.818881293999766e-8,0.03448867052793503,4.757034943736471e-8,-0.9994050860404968],8,2.2170608043670656],[[745.588134765625,222.6995391845703,46.82938003540039,-0.9994050860404968,1.3500239148811488e-8,-0.03448867052793503,1.2483698519361042e-8,1,2.968995538310537e-8,0.03448867052793503,2.924174680174474e-8,-0.9994050860404968],8,2.235532760620117],[[745.321533203125,222.69961547851563,46.83858108520508,-0.9994050860404968,3.0017228702661215e-9,-0.03448867052793503,3.2548763684303596e-9,1,-7.284044922784005e-9,0.03448867052793503,-7.3919679266509778e-9,-0.9994050860404968],8,2.2424020767211916],[[745.188232421875,222.69964599609376,46.84318161010742,-0.9994050860404968,-2.2441712932419479e-9,-0.03448867052793503,-1.3565778500534976e-9,1,-2.575919566538687e-8,0.03448867052793503,-2.569708534849724e-8,-0.9994050860404968],8,2.2512338161468508],[[745.054931640625,222.6996612548828,46.847782135009769,-0.9994050860404968,-7.487824582597114e-9,-0.03448867052793503,-5.9660623108470649e-9,1,-4.422645361046307e-8,0.03448867052793503,-4.399437969482278e-8,-0.9994050860404968],8,2.259885549545288],[[744.85498046875,222.6996612548828,46.85468292236328,-0.9994050860404968,-1.5349105098039219e-8,-0.03448867052793503,-1.2876598454170108e-8,1,-7.191253814653465e-8,0.03448867052793503,-7.142566005313711e-8,-0.9994050860404968],8,2.2730627059936525],[[744.655029296875,222.6996612548828,46.8615837097168,-0.9994051456451416,-2.3205281252103306e-8,-0.03448771685361862,-1.9782733673423537e-8,1,-9.958088043049429e-8,0.03448771685361862,-9.883937934773712e-8,-0.9994051456451416],8,2.286691427230835],[[744.455078125,222.6996612548828,46.86848449707031,-0.9994051456451416,-2.2599635940423469e-8,-0.03448771685361862,-1.940008154122097e-8,1,-9.310838322562631e-8,0.03448771685361862,-9.238393516852739e-8,-0.9994051456451416],8,2.310473918914795],[[744.05517578125,222.6996612548828,46.882286071777347,-0.9994051456451416,-1.2938063065348615e-8,-0.03448771685361862,-1.1355811402324889e-8,1,-4.6074589477029806e-8,0.03448771685361862,-4.5655543345901609e-8,-0.9994051456451416],8,2.3332080841064455],[[743.721923828125,222.6996612548828,46.8937873840332,-0.9994050860404968,-4.896272276511127e-9,-0.03448914736509323,-4.660180241700118e-9,1,-6.925782614075615e-9,0.03448914736509323,-6.760936699379272e-9,-0.9994050860404968],8,2.351398468017578],[[743.455322265625,222.6996612548828,46.90298843383789,-0.9994050860404968,1.5310286372027804e-9,-0.03448914736509323,6.911753391847242e-10,1,2.4363155048945374e-8,0.03448914736509323,2.4324823044707956e-8,-0.9994050860404968],8,2.3588690757751467],[[743.25537109375,222.6996612548828,46.909889221191409,-0.9994050860404968,6.347899983438765e-9,-0.03448914736509323,4.701691036501643e-9,1,4.781231410788678e-8,0.03448914736509323,4.762171101901913e-8,-0.9994050860404968],8,2.379743814468384],[[743.055419921875,222.6996612548828,46.91679000854492,-0.9994050860404968,1.1161684021487872e-8,-0.03448914736509323,8.709636567516555e-9,1,7.124643985889634e-8,0.03448914736509323,7.090366693773831e-8,-0.9994050860404968],8,2.3862578868865969],[[742.85546875,222.6996612548828,46.92369079589844,-0.9994050860404968,1.597238252770694e-8,-0.03448914736509323,1.2715013042452484e-8,1,9.466555184189929e-8,0.03448914736509323,9.417070145900652e-8,-0.9994050860404968],8,2.3982841968536379],[[742.72216796875,222.6996612548828,46.92829132080078,-0.9994050860404968,1.9177802457193139e-8,-0.03448914736509323,1.538383820332001e-8,1,1.1026995139218343e-7,0.03448914736509323,1.0967377050974392e-7,-0.9994050860404968],8,2.4091155529022219],[[742.522216796875,222.6996612548828,46.9351921081543,-0.9994050860404968,1.759818957225434e-8,-0.03448914736509323,1.4210477239373631e-8,1,9.847056503531349e-8,0.03448914736509323,9.792187682933218e-8,-0.9994050860404968],8,2.420053720474243],[[742.388916015625,222.689453125,46.93979263305664,-0.9994050860404968,1.4417738114502754e-8,-0.03448914736509323,1.1704202940165942e-8,1,7.887985731258596e-8,0.03448914736509323,7.842926663670369e-8,-0.9994050860404968],8,2.427506446838379],[[742.18896484375,222.64859008789063,46.946693420410159,-0.9994050860404968,9.649610888118332e-9,-0.03448914736509323,7.94679788640451e-9,1,4.950949872295496e-8,0.03448914736509323,4.920596552437928e-8,-0.9994050860404968],8,2.4394192695617677],[[742.0556640625,222.6043243408203,46.9512939453125,-0.9994050860404968,6.472556712822097e-9,-0.03448914736509323,5.443199668775378e-9,1,2.9939716483795567e-8,0.03448914736509323,2.973417423390856e-8,-0.9994050860404968],8,2.4490