[[[776,222.69961547851563,47,1,0,0,0,1,0,0,0,1],8,0.008923768997192383],[[776,222.69961547851563,47,1,0,0,0,1,0,0,0,1],8,0.028514385223388673],[[776,222.69961547851563,47,1,0,0,0,1,0,0,0,1],8,0.03613638877868652],[[776,222.69961547851563,47,1,0,0,0,1,0,0,0,1],8,0.04515242576599121],[[776,222.69961547851563,47,1,0,0,0,1,0,0,0,1],8,0.055008649826049808],[[776,222.69961547851563,47,1,0,0,0,1,0,0,0,1],8,0.06556582450866699],[[776,222.69961547851563,47,1,0,0,0,1,0,0,0,1],8,0.07562780380249024],[[776,222.69961547851563,47,1,0,0,0,1,0,0,0,1],8,0.0851595401763916],[[776,222.69961547851563,47,1,0,0,0,1,0,0,0,1],8,0.09780168533325196],[[776,222.69961547851563,47,1,0,0,0,1,0,0,0,1],8,0.10939931869506836],[[776,222.69961547851563,47,1,0,0,0,1,0,0,0,1],8,0.11996221542358399],[[776,222.69961547851563,47,1,0,0,0,1,0,0,0,1],8,0.13083744049072267],[[776,222.69961547851563,47,1,0,0,0,1,0,0,0,1],8,0.14244389533996583],[[776,222.69961547851563,47,1,0,0,0,1,0,0,0,1],8,0.15288448333740235],[[776,222.69961547851563,47,1,0,0,0,1,0,0,0,1],8,0.16286659240722657],[[776,222.69961547851563,47,1,0,0,0,1,0,0,0,1],8,0.17427492141723634],[[776,222.69961547851563,47,1,0,0,0,1,0,0,0,1],8,0.18928074836730958],[[776,222.69961547851563,47,1,0,0,0,1,0,0,0,1],8,0.2088313102722168],[[776,222.69961547851563,47,1,0,0,0,1,0,0,0,1],8,0.2172412872314453],[[776,222.69961547851563,47,1,0,0,0,1,0,0,0,1],8,0.22816109657287599],[[776,222.69961547851563,47,1,0,0,0,1,0,0,0,1],8,0.2395157814025879],[[776,222.69961547851563,47,1,0,0,0,1,0,0,0,1],8,0.2481706142425537],[[776,222.69961547851563,47,1,0,0,0,1,0,0,0,1],8,0.2564663887023926],[[776,222.69961547851563,47,1,0,0,0,1,0,0,0,1],8,0.26714396476745608],[[776,222.69961547851563,47,1,0,0,0,1,0,0,0,1],8,0.27770352363586428],[[776,222.69961547851563,47,1,0,0,0,1,0,0,0,1],8,0.28856539726257326],[[776,222.69961547851563,47,1,0,0,0,1,0,0,0,1],8,0.3003964424133301],[[776,222.69961547851563,47,1,0,0,0,1,0,0,0,1],8,0.309844970703125],[[776,222.69961547851563,47,1,0,0,0,1,0,0,0,1],8,0.31973743438720705],[[776,222.69961547851563,47,1,0,0,0,1,0,0,0,1],8,0.3301990032196045],[[776,222.69961547851563,47,1,0,0,0,1,0,0,0,1],8,0.34128689765930178],[[776,222.69961547851563,47,1,0,0,0,1,0,0,0,1],8,0.351001501083374],[[776,222.69961547851563,47,1,0,0,0,1,0,0,0,1],8,0.36172056198120119],[[776,222.69961547851563,47,1,0,0,0,1,0,0,0,1],8,0.3716561794281006],[[776,222.69961547851563,47,1,0,0,0,1,0,0,0,1],8,0.38286256790161135],[[776,222.69961547851563,47,1,0,0,0,1,0,0,0,1],8,0.393970251083374],[[776,222.69961547851563,47,1,0,0,0,1,0,0,0,1],8,0.4043419361114502],[[776,222.69961547851563,47,1,0,0,0,1,0,0,0,1],8,0.4151608943939209],[[776,222.69961547851563,47,1,0,0,0,1,0,0,0,1],8,0.42746639251708987],[[776,222.69961547851563,47,1,0,0,0,1,0,0,0,1],8,0.4391331672668457],[[776,222.69961547851563,47,1,0,0,0,1,0,0,0,1],8,0.4542362689971924],[[776,222.69961547851563,47,1,0,0,0,1,0,0,0,1],8,0.4748687744140625],[[776,222.69961547851563,47,1,0,0,0,1,0,0,0,1],8,0.48739027976989748],[[776,222.69961547851563,47,1,0,0,0,1,0,0,0,1],8,0.5006725788116455],[[775.9058837890625,222.69961547851563,46.96343994140625,0.9971786737442017,0,0.07506463676691055,0,1,0,-0.07506463676691055,0,0.9971786737442017],8,0.5142130851745606],[[775.7279663085938,222.69961547851563,46.89438247680664,0.9835690855979919,0,0.18053200840950013,0,1,0,-0.18053200840950013,0,0.9835690855979919],8,0.5327754020690918],[[775.4798583984375,222.69961547851563,46.79806137084961,0.9491179585456848,0,0.3149208724498749,0,1,0,-0.3149208724498749,0,0.9491179585456848],8,0.5403869152069092],[[775.35546875,222.69961547851563,46.74997329711914,0.9273179769515991,0,0.3742744028568268,0,1,0,-0.3742744028568268,0,0.9273179769515991],8,0.5510923862457275],[[775.2310791015625,222.69961547851563,46.701927185058597,0.9040564298629761,0,0.4274131655693054,0,1,0,-0.4274131655693054,0,0.9040564298629761],8,0.5615613460540772],[[775.0444946289063,222.69961547851563,46.62987518310547,0.8671966195106506,0,0.49796584248542788,0,1,0,-0.49796584248542788,0,0.8671966195106506],8,0.5713372230529785],[[774.9201049804688,222.69961547851563,46.58184051513672,0.8420823216438294,0,0.5393489599227905,0,1,0,-0.5393489599227905,0,0.8420823216438294],8,0.5810415744781494],[[774.7957153320313,222.69961547851563,46.53380584716797,0.8171567916870117,0,0.5764154195785523,0,1,0,-0.5764154195785523,0,0.8171567916870117],8,0.5903317928314209],[[774.609130859375,222.69961547851563,46.461753845214847,0.780203104019165,0,0.6255262494087219,0,1,0,-0.6255262494087219,0,0.780203104019165],8,0.6000804901123047],[[774.4847412109375,222.69961547851563,46.413719177246097,0.7562614679336548,0,0.6542695164680481,0,1,0,-0.6542695164680481,0,0.7562614679336548],8,0.6107313632965088],[[774.2981567382813,222.69961547851563,46.34166717529297,0.7217599153518677,0,0.6921434998512268,0,1,0,-0.6921434998512268,0,0.7217599153518677],8,0.6202008724212647],[[774.111572265625,222.69961547851563,46.269615173339847,0.6890688538551331,0,0.7246959209442139,0,1,0,-0.7246959209442139,0,0.6890688538551331],8,0.631183385848999],[[773.9871215820313,222.69961547851563,46.22174072265625,0.6685346364974976,0,0.743681013584137,0,1,0,-0.743681013584137,0,0.6685346364974976],8,0.6425576210021973],[[773.8003540039063,222.69961547851563,46.15000534057617,0.6395736932754517,0,0.7687298059463501,0,1,0,-0.7687298059463501,0,0.6395736932754517],8,0.6525068283081055],[[773.6758422851563,222.69961547851563,46.1021842956543,0.6215184926986694,0,0.7833995223045349,0,1,0,-0.7833995223045349,0,0.6215184926986694],8,0.6643860340118408],[[773.4890747070313,222.69961547851563,46.030452728271487,0.5962594747543335,0,0.8027917742729187,0,1,0,-0.8027917742729187,0,0.5962594747543335],8,0.6769278049468994],[[773.3023071289063,222.69961547851563,45.95872116088867,0.5730019211769104,0,0.8195540308952332,0,1,0,-0.8195540308952332,0,0.5730019211769104],8,0.687293291091919],[[773.1155395507813,222.69961547851563,45.88698959350586,0.5517632365226746,0,0.8340007662773132,0,1,0,-0.8340007662773132,0,0.5517632365226746],8,0.698427677154541],[[772.9910278320313,222.69961547851563,45.839168548583987,0.5387569069862366,0,0.8424612879753113,0,1,0,-0.8424612879753113,0,0.5387569069862366],8,0.7095587253570557],[[772.8042602539063,222.69961547851563,45.767704010009769,0.5206817984580994,0,0.8537508249282837,0,1,0,-0.8537508249282837,0,0.5206817984580994],8,0.7194039821624756],[[772.6797485351563,222.69961547851563,45.72010040283203,0.5095621347427368,0,0.8604338765144348,0,1,0,-0.8604338765144348,0,0.5095621347427368],8,0.7306456565856934],[[772.4927978515625,222.69961547851563,45.648963928222659,0.49409711360931399,0,0.8694067001342773,0,1,0,-0.8694067001342773,0,0.49409711360931399],8,0.7426753044128418],[[772.3058471679688,222.69961547851563,45.577884674072269,0.47998616099357607,0,0.8772760629653931,0,1,0,-0.8772760629653931,0,0.47998616099357607],8,0.7530436515808106],[[772.1812133789063,222.69961547851563,45.53049850463867,0.47138339281082156,0,0.8819283843040466,0,1,0,-0.8819283843040466,0,0.47138339281082156],8,0.7648208141326904],[[771.994140625,222.69961547851563,45.459686279296878,0.459450364112854,0,0.8882034420967102,0,1,0,-0.8882034420967102,0,0.459450364112854],8,0.7762160301208496],[[771.8070068359375,222.69961547851563,45.38893508911133,0.44858986139297488,0,0.8937377333641052,0,1,0,-0.8937377333641052,0,0.44858986139297488],8,0.7864928245544434],[[771.6822509765625,222.69961547851563,45.34177017211914,0.4419824779033661,0,0.8970236778259277,0,1,0,-0.8970236778259277,0,0.4419824779033661],8,0.7971286773681641],[[771.4327392578125,222.69961547851563,45.24781036376953,0.4298270642757416,0,0.9029112458229065,0,1,0,-0.9029112458229065,0,0.4298270642757416],8,0.8120224475860596],[[771.24560546875,222.69961547851563,45.17738342285156,0.42168816924095156,0,0.9067409038543701,0,1,0,-0.9067409038543701,0,0.42168816924095156],8,0.8242678642272949],[[771.0584716796875,222.69961547851563,45.106956481933597,0.4144302308559418,0,0.9100810885429382,0,1,0,-0.9100810885429382,0,0.4144302308559418],8,0.8355066776275635],[[770.9337158203125,222.69961547851563,45.06000518798828,0.4100428819656372,0,0.9120662212371826,0,1,0,-0.9120662212371826,0,0.4100428819656372],8,0.8462784290313721],[[770.74658203125,223.35189819335938,44.98957824707031,0.40356191992759707,0,0.9149523377418518,0,1,0,-0.9149523377418518,0,0.40356191992759707],3,0.861872673034668],[[770.4970703125,224.17391967773438,44.89567565917969,0.39619165658950808,0,0.9181678295135498,0,1,0,-0.9181678295135498,0,0.39619165658950808],5,0.8823602199554443],[[770.24755859375,224.94143676757813,44.80177307128906,0.38999396562576296,0,0.9208174347877502,0,1,0,-0.9208174347877502,0,0.38999396562576296],5,0.8921732902526856],[[770.122802734375,225.3047637939453,44.75466537475586,0.3873235583305359,0,0.9219438433647156,0,1,0,-0.9219438433647156,0,0.3873235583305359],5,0.901177167892456],[[769.9358520507813,225.82420349121095,44.68366241455078,0.38387739658355715,0,0.9233840703964233,0,1,0,-0.9233840703964233,0,0.38387739658355715],5,0.9121718406677246],[[769.8114013671875,226.15347290039063,44.635799407958987,0.3820122480392456,0,0.9241572618484497,0,1,0,-0.9241572618484497,0,0.3820122480392456],5,0.9234511852264404],[[769.6249389648438,226.62181091308595,44.563507080078128,0.3797558546066284,0,0.9250867366790772,0,1,0,-0.9250867366790772,0,0.3797558546066284],5,0.9343996047973633],[[769.4390869140625,227.0594940185547,44.48955154418945,0.37844979763031008,0,0.9256218075752258,0,1,0,-0.9256218075752258,0,0.37844979763031008],5,0.9459691047668457],[[769.2537231445313,227.46652221679688,44.414451599121097,0.377927303314209,0,0.9258352518081665,0,1,0,-0.9258352518081665,0,0.377927303314209],5,0.9574887752532959],[[769.0074462890625,227.9615478515625,44.312225341796878,0.3783893287181854,0,0.9256465435028076,0,1,0,-0.9256465435028076,0,0.3783893287181854],5,0.9755914211273193],[[768.8853149414063,228.18861389160157,44.258731842041019,0.37959200143814089,0,0.9251539707183838,0,1,0,-0.9251539707183838,0,0.37959200143814089],5,0.9844114780426025],[[768.7634887695313,228.40206909179688,44.204566955566409,0.38122475147247317,0,0.9244824051856995,0,1,0,-0.9244824051856995,0,0.38122475147247317],5,0.9941434860229492],[[768.5198364257813,228.7880859375,44.09604263305664,0.38465607166290285,0,0.9230599999427795,0,1,0,-0.9230599999427795,0,0.38465607166290285],5,1.0067100524902344],[[768.3370971679688,229.0418243408203,44.01462936401367,0.38702917098999026,0,0.9220674633979797,0,1,0,-0.9220674633979797,0,0.38702917098999026],5,1.0192506313323975],[[768.1543579101563,229.26492309570313,43.9332160949707,0.3891512155532837,0,0.9211738705635071,0,1,0,-0.9211738705635071,0,0.3891512155532837],5,1.0310347080230713],[[768.0325317382813,229.39662170410157,43.87894058227539,0.3904317021369934,0,0.9206318855285645,0,1,0,-0.9206318855285645,0,0.3904317021369934],5,1.0434234142303467],[[767.9107055664063,229.5146942138672,43.82466506958008,0.39161035418510439,0,0.9201311469078064,0,1,0,-0.9201311469078064,0,0.39161035418510439],5,1.050682544708252],[[767.7888793945313,229.619140625,43.770389556884769,0.3927013874053955,0,0.919666051864624,0,1,0,-0.919666051864624,0,0.3927013874053955],5,1.0612196922302247],[[767.6061401367188,229.75025939941407,43.6889762878418,0.3942042887210846,0,0.9190228581428528,0,1,0,-0.9190228581428528,0,0.3942042887210846],5,1.0699615478515626],[[767.4843139648438,229.82064819335938,43.634700775146487,0.39511895179748537,0,0.9186299443244934,0,1,0,-0.9186299443244934,0,0.39511895179748537],5,1.0792059898376465],[[767.3624877929688,229.87741088867188,43.58042526245117,0.3959629535675049,0,0.9182664752006531,0,1,0,-0.9182664752006531,0,0.3959629535675049],5,1.0884943008422852],[[767.2406616210938,229.92054748535157,43.52614974975586,0.39674508571624758,0,0.9179288148880005,0,1,0,-0.9179288148880005,0,0.39674508571624758],5,1.0998916625976563],[[767.0579223632813,229.95970153808595,43.44473648071289,0.39782315492630007,0,0.9174621105194092,0,1,0,-0.9174621105194092,0,0.39782315492630007],5,1.109956979751587],[[766.8142700195313,229.96421813964845,43.336185455322269,0.3991086781024933,0,0.9169036149978638,0,1,0,-0.9169036149978638,0,0.3991086781024933],5,1.1253471374511719],[[766.6318359375,229.93185424804688,43.25426483154297,0.40015706419944765,0,0.9164465665817261,0,1,0,-0.9164465665817261,0,0.40015706419944765],5,1.1454639434814454],[[766.3893432617188,229.84100341796876,43.1434326171875,0.40212008357048037,0,0.9155869483947754,0,1,0,-0.9155869483947754,0,0.40212008357048037],5,1.1532809734344483],[[766.2683715820313,229.77513122558595,43.08741760253906,0.4032996892929077,0,0.9150679707527161,0,1,0,-0.9150679707527161,0,0.4032996892929077],5,1.1647918224334717],[[766.0875854492188,229.65078735351563,43.00189208984375,0.40561041235923769,0,0.914046049118042,0,1,0,-0.914046049118042,0,0.40561041235923769],5,1.1754624843597413],[[765.908447265625,229.49578857421876,42.913002014160159,0.4092106521129608,0,0.9124399423599243,0,1,0,-0.9124399423599243,0,0.4092106521129608],5,1.1860177516937256],[[765.7409057617188,229.3101348876953,42.813899993896487,0.45805811882019045,0,0.8889222741127014,0,1,0,-0.8889222741127014,0,0.45805811882019045],5,1.2003967761993409],[[765.5905151367188,229.0938262939453,42.700538635253909,0.5252803564071655,0,0.8509292602539063,0,1,0,-0.8509292602539063,0,0.5252803564071655],5,1.2204198837280274],[[765.4171752929688,228.75772094726563,42.52772521972656,0.6108770370483398,0,0.7917255163192749,0,1,0,-0.7917255163192749,0,0.6108770370483398],5,1.228618860244751],[[765.3424682617188,228.56922912597657,42.4324836730957,0.6502406597137451,0,0.7597283124923706,0,1,0,-0.7597283124923706,0,0.6502406597137451],5,1.2378835678100587],[[765.2459716796875,228.2609405517578,42.2792854309082,0.7040480971336365,0,0.710152268409729,0,1,0,-0.710152268409729,0,0.7040480971336365],5,1.248225450515747],[[765.1920166015625,228.03839111328126,42.17039489746094,0.7358836531639099,0,0.6771079897880554,0,1,0,-0.6771079897880554,0,0.7358836531639099],5,1.2584054470062256],[[765.146484375,227.80221557617188,42.05621337890625,0.764391303062439,0,0.6447526216506958,0,1,0,-0.6447526216506958,0,0.764391303062439],5,1.268263578414917],[[765.093994140625,227.4224090576172,41.87517166137695,0.8018282055854797,0,0.5975546836853027,0,1,0,-0.5975546836853027,0,0.8018282055854797],5,1.278486967086792],[[765.0604248046875,227.01193237304688,41.68252182006836,0.8333079218864441,0,0.5528091192245483,0,1,0,-0.5528091192245483,0,0.8333079218864441],5,1.2907545566558838],[[765.0440063476563,226.72125244140626,41.55050277709961,0.8512113690376282,0,0.524823009967804,0,1,0,-0.524823009967804,0,0.8512113690376282],5,1.3000268936157227],[[765.0281982421875,226.4169464111328,41.41815185546875,0.8669036626815796,0,0.49847570061683657,0,1,0,-0.49847570061683657,0,0.8669036626815796],5,1.3111841678619385],[[765.0037841796875,225.93495178222657,41.21965789794922,0.8870132565498352,0,0.46174395084381106,0,1,0,-0.46174395084381106,0,0.8870132565498352],5,1.323042392730713],[[764.97802734375,225.42230224609376,41.02132034301758,0.9035614728927612,0,0.42845848202705386,0,1,0,-0.42845848202705386,0,0.9035614728927612],5,1.3333771228790284],[[764.9506225585938,224.8789825439453,40.82320785522461,0.9170111417770386,0,0.3988616168498993,0,1,0,-0.3988616168498993,0,0.9170111417770386],5,1.3444526195526124],[[764.9297485351563,224.49974060058595,40.691524505615237,0.9242492914199829,0,0.38178950548171999,0,1,0,-0.38178950548171999,0,0.9242492914199829],5,1.3546123504638672],[[764.894775390625,223.90533447265626,40.49460983276367,0.9329234957695007,0,0.36007457971572878,0,1,0,-0.36007457971572878,0,0.9329234957695007],7,1.366997480392456],[[764.8566284179688,223.2802734375,40.298282623291019,0.9396691918373108,0,0.3420845568180084,0,1,0,-0.3420845568180084,0,0.9396691918373108],7,1.3775434494018555],[[764.8267822265625,223.13137817382813,40.168357849121097,0.9429317116737366,0,0.33298614621162417,0,1,0,-0.33298614621162417,0,0.9429317116737366],7,1.388190746307373],[[764.7761840820313,223.16139221191407,39.97487258911133,0.9462093710899353,0,0.32355496287345889,0,1,0,-0.32355496287345889,0,0.9462093710899353],7,1.399240493774414],[[764.6648559570313,223.24525451660157,39.83028793334961,0.9306415319442749,0,0.3659321963787079,0,1,0,-0.3659321963787079,0,0.9306415319442749],8,1.4136221408843995],[[764.4910278320313,223.31466674804688,39.739200592041019,0.9026864171028137,0,0.4302990734577179,0,1,0,-0.4302990734577179,0,0.9026864171028137],8,1.4333868026733399],[[764.2439575195313,223.3748016357422,39.639617919921878,0.8554869890213013,0,0.5178242921829224,0,1,0,-0.5178242921829224,0,0.8554869890213013],8,1.441596269607544],[[764.1176147460938,223.3942413330078,39.597293853759769,0.8291183710098267,0,0.5590730905532837,0,1,0,-0.5590730905532837,0,0.8291183710098267],8,1.451836109161377],[[763.9254760742188,223.41444396972657,39.54191970825195,0.7870965003967285,0,0.6168298721313477,0,1,0,-0.6168298721313477,0,0.7870965003967285],8,1.4617228507995606],[[763.6669311523438,223.4304656982422,39.47698211669922,0.728137731552124,0,0.6854308843612671,0,1,0,-0.6854308843612671,0,0.728137731552124],8,1.478888988494873],[[763.53564453125,223.4355010986328,39.45428466796875,0.6968458294868469,0,0.7172209024429321,0,1,0,-0.7172209024429321,0,0.6968458294868469],8,1.4889366626739503],[[763.4034423828125,223.43922424316407,39.437252044677737,0.6645883917808533,0,0.7472096681594849,0,1,0,-0.7472096681594849,0,0.6645883917808533],8,1.49812650680542],[[763.2044067382813,223.44305419921876,39.41817855834961,0.6150059700012207,0,0.7885224223136902,0,1,0,-0.7885224223136902,0,0.6150059700012207],8,1.5092566013336182],[[763.0048828125,223.4454803466797,39.40483474731445,0.5652811527252197,0,0.8248983025550842,0,1,0,-0.8248983025550842,0,0.5652811527252197],8,1.518509864807129],[[762.8716430664063,223.4465789794922,39.401641845703128,0.5319110155105591,0,0.8468002676963806,0,1,0,-0.8468002676963806,0,0.5319110155105591],8,1.5291967391967774],[[762.6716918945313,223.44772338867188,39.402950286865237,0.481786847114563,0,0.8762884736061096,0,1,0,-0.8762884736061096,0,0.481786847114563],8,1.5414807796478272],[[762.4717407226563,223.4484405517578,39.409297943115237,0.4325769543647766,0,0.9015970230102539,0,1,0,-0.9015970230102539,0,0.4325769543647766],8,1.5562243461608887],[[762.2722778320313,223.44888305664063,39.42308044433594,0.3839821219444275,0,0.9233404994010925,0,1,0,-0.9233404994010925,0,0.3839821219444275],8,1.568800687789917],[[762.0733032226563,223.4491729736328,39.44314193725586,0.3363305628299713,0,0.9417439699172974,0,1,0,-0.9417439699172974,0,0.3363305628299713],8,1.5800731182098389],[[761.8084106445313,223.4494171142578,39.47419738769531,0.276016503572464,0,0.9611529111862183,0,1,0,-0.9611529111862183,0,0.276016503572464],8,1.5949697494506837],[[761.610107421875,223.44952392578126,39.50041198730469,0.23409028351306916,0,0.9722148776054382,0,1,0,-0.9722148776054382,0,0.23409028351306916],8,1.608367919921875],[[761.47802734375,223.44955444335938,39.51877212524414,0.20819957554340363,0,0.9780863523483276,0,1,0,-0.9780863523483276,0,0.20819957554340363],8,1.617185115814209],[[761.2800903320313,223.44960021972657,39.5477180480957,0.1719011515378952,0,0.9851142168045044,0,1,0,-0.9851142168045044,0,0.1719011515378952],8,1.628220796585083],[[761.1482543945313,223.4496307373047,39.56753921508789,0.1494276374578476,0,0.9887726902961731,0,1,0,-0.9887726902961731,0,0.1494276374578476],8,1.6396174430847169],[[760.95068359375,223.4496307373047,39.598567962646487,0.11790594458580017,0,0.9930247664451599,0,1,0,-0.9930247664451599,0,0.11790594458580017],8,1.648740291595459],[[760.819091796875,223.4496307373047,39.61977005004883,0.09838897734880448,0,0.9951480031013489,0,1,0,-0.9951480031013489,0,0.09838897734880448],8,1.659534215927124],[[760.621826171875,223.4496307373047,39.652584075927737,0.07108315825462342,0,0.9974703788757324,0,1,0,-0.9974703788757324,0,0.07108315825462342],8,1.669696569442749],[[760.4248046875,223.4496307373047,39.68672180175781,0.04577898234128952,0,0.9989516139030457,0,1,0,-0.9989516139030457,0,0.04577898234128952],8,1.681471586227417],[[760.2936401367188,223.4496307373047,39.71084213256836,0.029843514785170556,0,0.9995545744895935,0,1,0,-0.9995545744895935,0,0.029843514785170556],8,1.6923489570617676],[[760.0972900390625,223.4496307373047,39.74870681762695,0.007096201181411743,0,0.9999748468399048,0,1,0,-0.9999748468399048,0,0.007096201181411743],8,1.7039642333984376],[[759.9666748046875,223.4496307373047,39.775508880615237,-0.0074716415256261829,0,0.9999721050262451,0,1,0,-0.9999721050262451,0,-0.0074716415256261829],8,1.7142505645751954],[[759.7711181640625,223.4496307373047,39.81747055053711,-0.02845148742198944,0,0.9995951652526856,0,1,0,-0.9995951652526856,0,-0.02845148742198944],8,1.7261061668395997],[[759.575927734375,223.4496307373047,39.86113357543945,-0.0483064241707325,0,0.9988325834274292,0,1,0,-0.9988325834274292,0,-0.0483064241707325],8,1.7372071743011475],[[759.38134765625,223.4496307373047,39.90732192993164,-0.06733934581279755,0,0.9977301359176636,0,1,0,-0.9977301359176636,0,-0.06733934581279755],8,1.7501866817474366],[[759.1871337890625,223.4496307373047,39.955116271972659,-0.08533254265785217,0,0.9963525533676148,0,1,0,-0.9963525533676148,0,-0.08533254265785217],8,1.7620103359222413],[[759.0580444335938,223.4496307373047,39.98832702636719,-0.09684645384550095,0,0.9952993392944336,0,1,0,-0.9952993392944336,0,-0.09684645384550095],8,1.7735521793365479],[[758.7999877929688,224.31253051757813,40.05513000488281,-0.11968409270048142,0,0.9928120374679565,0,1,0,-0.9928120374679565,0,-0.11968409270048142],3,1.790391206741333],[[758.607177734375,224.92393493652345,40.108245849609378,-0.13553644716739655,0,0.9907723665237427,0,1,0,-0.9907723665237427,0,-0.13553644716739655],5,1.8114957809448243],[[758.2869873046875,225.87481689453126,40.200870513916019,-0.16015948355197907,0,0.9870911240577698,0,1,0,-0.9870911240577698,0,-0.16015948355197907],5,1.8196470737457276],[[758.1591796875,226.23133850097657,40.2387580871582,-0.16920624673366548,0,0.9855806827545166,0,1,0,-0.9855806827545166,0,-0.16920624673366548],5,1.8296258449554444],[[757.9676513671875,226.7405548095703,40.29616928100586,-0.18168288469314576,0,0.9833571910858154,0,1,0,-0.9833571910858154,0,-0.18168288469314576],5,1.8413505554199219],[[757.8399658203125,227.06300354003907,40.33467102050781,-0.18934610486030579,0,0.9819104075431824,0,1,0,-0.9819104075431824,0,-0.18934610486030579],5,1.8504090309143067],[[757.7122802734375,227.371826171875,40.373226165771487,-0.19645191729068757,0,0.9805134534835815,0,1,0,-0.9805134534835815,0,-0.19645191729068757],5,1.8602778911590577],[[757.520751953125,227.80950927734376,40.43107604980469,-0.20624086260795594,0,0.9785012602806091,0,1,0,-0.9785012602806091,0,-0.20624086260795594],5,1.8697993755340577],[[757.39306640625,228.0842742919922,40.469642639160159,-0.21219424903392793,0,0.977227509021759,0,1,0,-0.977227509021759,0,-0.21219424903392793],5,1.879286289215088],[[757.2015380859375,228.47085571289063,40.52749252319336,-0.2203378975391388,0,0.9754236340522766,0,1,0,-0.9754236340522766,0,-0.2203378975391388],5,1.8917791843414307],[[757.0738525390625,228.71156311035157,40.56605911254883,-0.22527894377708436,0,0.9742943048477173,0,1,0,-0.9742943048477173,0,-0.22527894377708436],5,1.9024646282196046],[[756.88232421875,229.04705810546876,40.62390899658203,-0.23203375935554505,0,0.9727077484130859,0,1,0,-0.9727077484130859,0,-0.23203375935554505],5,1.9130809307098389],[[756.6907958984375,229.35189819335938,40.681758880615237,-0.23810558021068574,0,0.9712392687797546,0,1,0,-0.9712392687797546,0,-0.23810558021068574],5,1.9244394302368165],[[756.5631103515625,229.53810119628907,40.7203254699707,-0.24177312850952149,0,0.9703328013420105,0,1,0,-0.9703328013420105,0,-0.24177312850952149],5,1.9358372688293458],[[756.3077392578125,229.86961364746095,40.79745864868164,-0.24839475750923158,0,0.9686588644981384,0,1,0,-0.9686588644981384,0,-0.24839475750923158],5,1.9477252960205079],[[756.1162109375,230.08248901367188,40.855308532714847,-0.2527730166912079,0,0.9675256013870239,0,1,0,-0.9675256013870239,0,-0.2527730166912079],5,1.9624850749969483],[[755.7969970703125,230.36915588378907,40.951725006103519,-0.2591281533241272,0,0.9658429622650147,0,1,0,-0.9658429622650147,0,-0.2591281533241272],5,1.9841065406799317],[[755.6053466796875,230.50027465820313,41.009033203125,-0.2621908485889435,0,0.9650160670280457,0,1,0,-0.9650160670280457,0,-0.2621908485889435],5,1.9949836730957032],[[755.4774169921875,230.57066345214845,41.046661376953128,-0.26374998688697817,0,0.9645910859107971,0,1,0,-0.9645910859107971,0,-0.26374998688697817],5,2.0066897869110109],[[755.2852172851563,230.65069580078126,41.102046966552737,-0.26533570885658266,0,0.9641560912132263,0,1,0,-0.9641560912132263,0,-0.26533570885658266],5,2.0188889503479006],[[755.0281982421875,230.709716796875,41.17293930053711,-0.26579996943473818,0,0.9640281796455383,0,1,0,-0.9640281796455383,0,-0.26579996943473818],5,2.039790153503418],[[754.7702026367188,230.7142333984375,41.240299224853519,-0.26442116498947146,0,0.9644073247909546,0,1,0,-0.9644073247909546,0,-0.26442116498947146],5,2.048393726348877],[[754.6407470703125,230.69606018066407,41.272377014160159,-0.2630293369293213,0,0.9647878408432007,0,1,0,-0.9647878408432007,0,-0.2630293369293213],5,2.0583317279815676],[[754.5110473632813,230.6642608642578,41.303375244140628,-0.26116234064102175,0,0.9652948975563049,0,1,0,-0.9652948975563049,0,-0.26116234064102175],5,2.0677762031555177],[[754.316162109375,230.5910186767578,41.34836196899414,-0.2577170729637146,0,0.9662204384803772,0,1,0,-0.9662204384803772,0,-0.2577170729637146],5,2.0785560607910158],[[754.1209716796875,230.4871063232422,41.3919563293457,-0.25381213426589968,0,0.9672535061836243,0,1,0,-0.9672535061836243,0,-0.25381213426589968],5,2.0913374423980715],[[753.9251098632813,230.3525390625,41.432247161865237,-0.24883462488651277,0,0.9685459733009338,0,1,0,-0.9685459733009338,0,-0.24883462488651277],5,2.1025609970092775],[[753.794189453125,230.2458038330078,41.457637786865237,-0.2450316995382309,0,0.9695150852203369,0,1,0,-0.9695150852203369,0,-0.2450316995382309],5,2.114722967147827],[[753.5972900390625,230.06015014648438,41.492698669433597,-0.2383258193731308,0,0.9711852669715881,0,1,0,-0.9711852669715881,0,-0.2383258193731308],5,2.126866579055786],[[753.4000854492188,229.84384155273438,41.526302337646487,-0.2312818467617035,0,0.9728868007659912,0,1,0,-0.9728868007659912,0,-0.2312818467617035],5,2.1391451358795168],[[753.2028198242188,229.5968780517578,41.55913543701172,-0.2244182974100113,0,0.9744929075241089,0,1,0,-0.9744929075241089,0,-0.2244182974100113],5,2.1489720344543459],[[753.0054321289063,229.31924438476563,41.591835021972659,-0.218076691031456,0,0.9759316444396973,0,1,0,-0.9759316444396973,0,-0.218076691031456],5,2.160944700241089],[[752.8080444335938,229.01095581054688,41.623966217041019,-0.21213659644126893,0,0.9772400259971619,0,1,0,-0.9772400259971619,0,-0.21213659644126893],5,2.1746089458465578],[[752.6106567382813,228.67202758789063,41.65569305419922,-0.20658738911151887,0,0.9784281253814697,0,1,0,-0.9784281253814697,0,-0.20658738911151887],5,2.185397148132324],[[752.4789428710938,228.4290313720703,41.676456451416019,-0.20305730402469636,0,0.9791668653488159,0,1,0,-0.9791668653488159,0,-0.20305730402469636],5,2.197378396987915],[[752.21533203125,227.9021759033203,41.716976165771487,-0.19614943861961366,0,0.9805740118026733,0,1,0,-0.9805740118026733,0,-0.19614943861961366],5,2.2102620601654054],[[751.951416015625,227.32081604003907,41.75498962402344,-0.18896499276161195,0,0.9819838404655457,0,1,0,-0.9819838404655457,0,-0.18896499276161195],5,2.227963924407959],[[751.7532958984375,226.8490447998047,41.78207778930664,-0.18350450694561006,0,0.9830188751220703,0,1,0,-0.9830188751220703,0,-0.18350450694561006],5,2.242302894592285],[[751.4886474609375,226.1723175048828,41.814693450927737,-0.17545056343078614,0,0.9844882488250732,0,1,0,-0.9844882488250732,0,-0.17545056343078614],5,2.256915807723999],[[751.2898559570313,225.62899780273438,41.83649444580078,-0.16882456839084626,0,0.98564612865448,0,1,0,-0.98564612865448,0,-0.16882456839084626],5,2.270832061767578],[[751.1571655273438,225.249755859375,41.84931945800781,-0.16402101516723634,0,0.9864568710327148,0,1,0,-0.9864568710327148,0,-0.16402101516723634],5,2.281092882156372],[[751.0242309570313,224.8568878173828,41.85999298095703,-0.15859532356262208,0,0.9873436689376831,0,1,0,-0.9873436689376831,0,-0.15859532356262208],5,2.2907989025115969],[[750.82470703125,224.24205017089845,41.87397003173828,-0.14984290301799775,0,0.9887098073959351,0,1,0,-0.9887098073959351,0,-0.14984290301799775],5,2.301278591156006],[[750.6251220703125,223.5965576171875,41.886192321777347,-0.14088581502437592,0,0.9900258779525757,0,1,0,-0.9900258779525757,0,-0.14088581502437592],7,2.311713457107544],[[750.491943359375,223.25823974609376,41.8925666809082,-0.13464829325675965,0,0.9908934235572815,0,1,0,-0.9908934235572815,0,-0.13464829325675965],7,2.3214921951293947],[[750.2920532226563,223.19410705566407,41.89996337890625,-0.12490169703960419,0,0.9921691417694092,0,1,0,-0.9921691417694092,0,-0.12490169703960419],7,2.3324413299560549],[[750.1587524414063,223.231201171875,41.90394973754883,-0.11840911209583283,0,0.9929649233818054,0,1,0,-0.9929649233818054,0,-0.11840911209583283],7,2.342686176300049],[[749.9588012695313,223.29782104492188,41.90731430053711,-0.10826132446527481,0,0.9941224455833435,0,1,0,-0.9941224455833435,0,-0.10826132446527481],8,2.354947090148926],[[749.8255004882813,223.3346405029297,41.908512115478519,-0.10147793591022492,0,0.994837760925293,0,1,0,-0.994837760925293,0,-0.10147793591022492],8,2.3649179935455324],[[749.6255493164063,223.3754425048828,41.908817291259769,-0.09134634584188461,0,0.9958192110061646,0,1,0,-0.9958192110061646,0,-0.09134634584188461],8,2.375887393951416],[[749.4255981445313,223.4022979736328,41.90656661987305,-0.08098268508911133,0,0.9967154860496521,0,1,0,-0.9967154860496521,0,-0.08098268508911133],8,2.3870136737823488],[[749.2256469726563,223.41957092285157,41.902950286865237,-0.07082195580005646,0,0.9974889755249023,0,1,0,-0.9974889755249023,0,-0.07082195580005646],8,2.4030838012695314],[[749.0256958007813,223.43057250976563,41.89741897583008,-0.06076813116669655,0,0.9981518983840942,0,1,0,-0.9981518983840942,0,-0.06076813116669655],8,2.4163315296173097],[[748.8257446289063,223.43756103515626,41.89065170288086,-0.05102797970175743,0,0.9986972212791443,0,1,0,-0.9986972212791443,0,-0.05102797970175743],8,2.425860643386841],[[748.6257934570313,223.44200134277345,41.88367462158203,-0.04204120859503746,0,0.9991158843040466,0,1,0,-0.9991158843040466,0,-0.04204120859503746],8,2.4360575675964357],[[748.4924926757813,223.4440155029297,41.87901306152344,-0.036572471261024478,0,0.999330997467041,0,1,0,-0.999330997467041,0,-0.036572471261024478],8,2.4470877647399904],[[748.2925415039063,223.4460906982422,41.87202072143555,-0.029081523418426515,0,0.9995770454406738,0,1,0,-0.9995770454406738,0,-0.029081523418426515],8,2.4575068950653078],[[748.1592407226563,223.44703674316407,41.86735916137695,-0.024529485031962396,0,0.9996991157531738,0,1,0,-0.9996991157531738,0,-0.024529485031962396],8,2.46724271774292],[[747.8259887695313,223.44845581054688,41.85570526123047,-0.014287427067756653,0,0.9998979568481445,0,1,0,-0.9998979568481445,0,-0.014287427067756653],8,2.487020254135132],[[747.6926879882813,223.4487762451172,41.85087203979492,-0.010613253340125084,0,0.9999436736106873,0,1,0,-0.9999436736106873,0,-0.010613253340125084],8,2.4979612827301027],[[747.4927368164063,223.4490966796875,41.84354019165039,-0.005633180029690266,0,0.9999841451644898,0,1,0,-0.9999841451644898,0,-0.005633180029690266],8,2.5072433948516847],[[747.3594360351563,223.44924926757813,41.83864974975586,-0.0026185146998614074,0,0.999996542930603,0,1,0,-0.999996542930603,0,-0.0026185146998614074],8,2.518296003341675],[[747.15966796875,223.4494171142578,41.830745697021487,0.0017223337199538947,0,0.9999985098838806,0,1,0,-0.9999985098838806,0,0.0017223337199538947],8,2.529660940170288],[[746.9598999023438,223.44952392578126,41.82243347167969,0.00585083058103919,0,0.9999828934669495,0,1,0,-0.9999828934669495,0,0.00585083058103919],8,2.5411338806152345],[[746.8267211914063,223.44956970214845,41.816673278808597,0.00846264511346817,0,0.99996417760849,0,1,0,-0.99996417760849,0,0.00846264511346817],8,2.5514822006225588],[[746.626953125,223.44961547851563,41.80738067626953,0.01233640592545271,0,0.9999238848686218,0,1,0,-0.9999238848686218,0,0.01233640592545271],8,2.5624585151672365],[[746.4937744140625,223.44964599609376,41.80109786987305,0.014777480624616146,0,0.9998908042907715,0,1,0,-0.9998908042907715,0,0.014777480624616146],8,2.5732269287109377],[[746.2940063476563,223.44964599609376,41.79166793823242,0.018155839294195176,0,0.999835193157196,0,1,0,-0.999835193157196,0,0.018155839294195176],8,2.5841617584228517],[[746.1608276367188,223.44964599609376,41.78520965576172,0.020278586074709894,0,0.9997943639755249,0,1,0,-0.9997943639755249,0,0.020278586074709894],8,2.5949389934539797],[[745.8944702148438,223.44964599609376,41.772178649902347,0.024215463548898698,0,0.9997067451477051,0,1,0,-0.9997067451477051,0,0.024215463548898698],8,2.6070187091827394],[[745.7612915039063,223.44964599609376,41.765655517578128,0.025992561131715776,0,0.9996621608734131,0,1,0,-0.9996621608734131,0,0.025992561131715776],8,2.616647243499756],[[745.5615234375,223.44964599609376,41.7558708190918,0.02840392105281353,0,0.9995965361595154,0,1,0,-0.9995965361595154,0,0.02840392105281353],8,2.6274776458740236],[[745.4283447265625,223.44964599609376,41.74934768676758,0.029864134266972543,0,0.9995539784431458,0,1,0,-0.9995539784431458,0,0.029864134266972543],8,2.638246774673462],[[745.2285766601563,223.44964599609376,41.73956298828125,0.03186094015836716,0,0.9994922876358032,0,1,0,-0.9994922876358032,0,0.03186094015836716],8,2.650205612182617],[[745.02880859375,223.44964599609376,41.72977828979492,0.03365784138441086,0,0.9994333982467651,0,1,0,-0.9994333982467651,0,0.03365784138441086],8,2.66129469871521],[[744.8956298828125,223.44964599609376,41.7232551574707,0.03474438562989235,0,0.9993962049484253,0,1,0,-0.9993962049484253,0,0.03474438562989235],8,2.6728644371032717],[[744.6958618164063,223.44964599609376,41.713470458984378,0.03622955456376076,0,0.9993435144424439,0,1,0,-0.9993435144424439,0,0.03622955456376076],8,2.683163642883301],[[744.49609375,223.44964599609376,41.704254150390628,0.03734730929136276,0,0.999302327632904,0,1,0,-0.999302327632904,0,0.03734730929136276],8,2.6955361366271974],[[744.3629150390625,223.44964599609376,41.698883056640628,0.037701316177845,0,0.9992890357971191,0,1,0,-0.9992890357971191,0,0.037701316177845],8,2.7067835330963136],[[744.1629638671875,223.44964599609376,41.69200897216797,0.03757622092962265,0,0.9992937445640564,0,1,0,-0.9992937445640564,0,0.03757622092962265],8,2.7181384563446047],[[743.9630126953125,223.44964599609376,41.68592071533203,0.036979712545871738,0,0.9993160367012024,0,1,0,-0.9993160367012024,0,0.036979712545871738],8,2.7299387454986574],[[743.7630615234375,223.44964599609376,41.681671142578128,0.035612497478723529,0,0.9993656873703003,0,1,0,-0.9993656873703003,0,0.035612497478723529],8,2.742530107498169],[[743.4964599609375,224.3125457763672,41.6763916015625,0.03353586792945862,0,0.9994375109672546,0,1,0,-0.9994375109672546,0,0.03353586792945862],3,2.7586894035339357],[[743.2965087890625,224.9239501953125,41.67478942871094,0.031184257939457895,0,0.9995136260986328,0,1,0,-0.9995136260986328,0,0.031184257939457895],5,2.7802135944366457],[[742.9632568359375,225.8748321533203,41.673004150390628,0.026872901245951654,0,0.9996388554573059,0,1,0,-0.9996388554573059,0,0.026872901245951654],5,2.791400909423828],[[742.7633056640625,226.4044952392578,41.67195129394531,0.02455180697143078,0,0.9996985793113709,0,1,0,-0.9996985793113709,0,0.02455180697143078],5,2.8031458854675295],[[742.5633544921875,226.90350341796876,41.6708984375,0.022504687309265138,0,0.9997467398643494,0,1,0,-0.9997467398643494,0,0.022504687309265138],5,2.815548896789551],[[742.3634033203125,227.37184143066407,41.66984558105469,0.020680690184235574,0,0.9997861385345459,0,1,0,-0.9997861385345459,0,0.020680690184235574],5,2.8300092220306398],[[742.2301025390625,227.6670379638672,41.66914367675781,0.01958044245839119,0,0.9998083114624023,0,1,0,-0.9998083114624023,0,0.01958044245839119],5,2.8385531902313234],[[742.0968017578125,227.9486083984375,41.66844177246094,0.018567441031336786,0,0.9998276233673096,0,1,0,-0.9998276233673096,0,0.018567441031336786],5,2.8480136394500734],[[741.8968505859375,228.3454132080078,41.6679573059082,0.01695626601576805,0,0.9998562335968018,0,1,0,-0.9998562335968018,0,0.01695626601576805],5,2.8578433990478517],[[741.7635498046875,228.59292602539063,41.66771697998047,0.01590544357895851,0,0.9998735189437866,0,1,0,-0.9998735189437866,0,0.01590544357895851],5,2.868582248687744],[[741.5635986328125,228.9386444091797,41.667362213134769,0.014436658471822739,0,0.9998958110809326,0,1,0,-0.9998958110809326,0,0.014436658471822739],5,2.8786094188690187],[[741.4302978515625,229.152099609375,41.6671257019043,0.013537895865738392,0,0.9999083876609802,0,1,0,-0.9999083876609802,0,0.013537895865738392],5,2.88828444480896],[[741.2303466796875,229.44671630859376,41.666770935058597,0.012304865755140782,0,0.9999243021011353,0,1,0,-0.9999243021011353,0,0.012304865755140782],5,2.899245262145996],[[741.0303955078125,229.71067810058595,41.66641616821289,0.011193851009011269,0,0.9999373555183411,0,1,0,-0.9999373555183411,0,0.011193851009011269],5,2.911334276199341],[[740.8970947265625,229.86962890625,41.66617965698242,0.010521807707846165,0,0.9999446272850037,0,1,0,-0.9999446272850037,0,0.010521807707846165],5,2.9225473403930666],[[740.6971435546875,230.08250427246095,41.665260314941409,0.009821729734539986,0,0.9999517798423767,0,1,0,-0.9999517798423767,0,0.009821729734539986],5,2.934239625930786],[[740.4971923828125,230.2647247314453,41.663368225097659,0.00963258370757103,0,0.9999536275863648,0,1,0,-0.9999536275863648,0,0.00963258370757103],5,2.946995973587036],[[740.2972412109375,230.41629028320313,41.65958023071289,0.010316676460206509,0,0.9999467730522156,0,1,0,-0.9999467730522156,0,0.010316676460206509],5,2.958069324493408],[[740.0972900390625,230.5371856689453,41.654273986816409,0.011755524203181267,0,0.9999309182167053,0,1,0,-0.9999309182167053,0,0.011755524203181267],5,2.9731993675231935],[[739.6976928710938,230.68704223632813,41.63807678222656,0.017149409279227258,0,0.9998529553413391,0,1,0,-0.9998529553413391,0,0.017149409279227258],5,3.000645875930786],[[739.4981079101563,230.71597290039063,41.62545394897461,0.02144625224173069,0,0.9997699856758118,0,1,0,-0.9997699856758118,0,0.02144625224173069],5,3.009791612625122],[[739.2987060546875,230.71424865722657,41.60934829711914,0.027097167447209359,0,0.9996327757835388,0,1,0,-0.9996327757835388,0,0.027097167447209359],5,3.019221305847168],[[739.1658935546875,230.69607543945313,41.5975227355957,0.031206229701638223,0,0.9995129704475403,0,1,0,-0.9995129704475403,0,0.031206229701638223],5,3.02901029586792],[[739.033203125,230.66427612304688,41.5849494934082,0.03544531762599945,0,0.9993715882301331,0,1,0,-0.9993715882301331,0,0.03544531762599945],5,3.038766622543335],[[738.9005126953125,230.6188507080078,41.57167053222656,0.039773087948560718,0,0.9992087483406067,0,1,0,-0.9992087483406067,0,0.039773087948560718],5,3.048079252243042],[[738.7014770507813,230.52516174316407,41.55147171020508,0.046055868268013,0,0.9989388585090637,0,1,0,-0.9989388585090637,0,0.046055868268013],5,3.0584676265716554],[[738.5687866210938,230.4456787109375,41.537986755371097,0.049948811531066897,0,0.9987517595291138,0,1,0,-0.9987517595291138,0,0.0499