[[[776,222.69961547851563,47,1,0,0,0,1,0,0,0,1],8,0.00863504409790039],[[776,222.69961547851563,47,1,0,0,0,1,0,0,0,1],8,0.03160500526428223],[[776,222.69961547851563,47,1,0,0,0,1,0,0,0,1],8,0.03902697563171387],[[776,222.69961547851563,47,1,0,0,0,1,0,0,0,1],8,0.05008649826049805],[[776,222.69961547851563,47,1,0,0,0,1,0,0,0,1],8,0.06166672706604004],[[776,222.69961547851563,47,1,0,0,0,1,0,0,0,1],8,0.07191061973571778],[[776,222.69961547851563,47,1,0,0,0,1,0,0,0,1],8,0.08148598670959473],[[776,222.69961547851563,47,1,0,0,0,1,0,0,0,1],8,0.09300732612609863],[[776,222.69961547851563,47,1,0,0,0,1,0,0,0,1],8,0.10590887069702149],[[776,222.69961547851563,47,1,0,0,0,1,0,0,0,1],8,0.12703752517700196],[[776,222.69961547851563,47,1,0,0,0,1,0,0,0,1],8,0.1376328468322754],[[776,222.69961547851563,47,1,0,0,0,1,0,0,0,1],8,0.1493675708770752],[[776,222.69961547851563,47,1,0,0,0,1,0,0,0,1],8,0.16118574142456056],[[776,222.69961547851563,47,1,0,0,0,1,0,0,0,1],8,0.17214465141296388],[[776,222.69961547851563,47,1,0,0,0,1,0,0,0,1],8,0.18263673782348634],[[776,222.69961547851563,47,1,0,0,0,1,0,0,0,1],8,0.19320011138916017],[[775.83837890625,222.69961547851563,47.004234313964847,0.9892141222953796,0,0.14647674560546876,0,1,0,-0.14647674560546876,0,0.9892141222953796],8,0.21030855178833009],[[775.5753173828125,222.69961547851563,47.01112747192383,0.9431915283203125,0,0.3322494924068451,0,1,0,-0.3322494924068451,0,0.9431915283203125],8,0.23609447479248048],[[775.2421264648438,222.69961547851563,47.01780700683594,0.8495949506759644,0,0.5274356603622437,0,1,0,-0.5274356603622437,0,0.8495949506759644],8,0.2544279098510742],[[774.9755249023438,222.69961547851563,47.02134323120117,0.7633787393569946,0,0.6459511518478394,0,1,0,-0.6459511518478394,0,0.7633787393569946],8,0.2630269527435303],[[774.8422241210938,222.69961547851563,47.02211380004883,0.7206919193267822,0,0.6932554841041565,0,1,0,-0.6932554841041565,0,0.7206919193267822],8,0.27189183235168459],[[774.6422729492188,222.69961547851563,47.02200698852539,0.6591112017631531,0,0.7520454525947571,0,1,0,-0.7520454525947571,0,0.6591112017631531],8,0.2850916385650635],[[774.4423217773438,222.69961547851563,47.02082061767578,0.6004461050033569,0,0.7996652722358704,0,1,0,-0.7996652722358704,0,0.6004461050033569],8,0.29538726806640627],[[774.2423706054688,222.69961547851563,47.01688766479492,0.5460836887359619,0,0.8377306461334229,0,1,0,-0.8377306461334229,0,0.5460836887359619],8,0.3085672855377197],[[774.1090698242188,222.69961547851563,47.013023376464847,0.5126575231552124,0,0.8585931658744812,0,1,0,-0.8585931658744812,0,0.5126575231552124],8,0.3196437358856201],[[773.9093017578125,222.69961547851563,47.00480651855469,0.46680116653442385,0,0.8843622803688049,0,1,0,-0.8843622803688049,0,0.46680116653442385],8,0.32825517654418948],[[773.776123046875,222.69961547851563,46.9990119934082,0.4386383295059204,0,0.8986636996269226,0,1,0,-0.8986636996269226,0,0.4386383295059204],8,0.33920812606811526],[[773.6429443359375,222.69961547851563,46.99232864379883,0.4126410484313965,0,0.9108937382698059,0,1,0,-0.9108937382698059,0,0.4126410484313965],8,0.35004711151123049],[[773.3765869140625,222.69961547851563,46.97761535644531,0.36524122953414919,0,0.9309129118919373,0,1,0,-0.9309129118919373,0,0.36524122953414919],8,0.36279916763305666],[[773.1104736328125,222.69961547851563,46.96152877807617,0.3236820697784424,0,0.946165919303894,0,1,0,-0.946165919303894,0,0.3236820697784424],8,0.3765690326690674],[[772.910888671875,222.69961547851563,46.94846725463867,0.296653687953949,0,0.9549851417541504,0,1,0,-0.9549851417541504,0,0.296653687953949],8,0.3904743194580078],[[772.77783203125,222.69961547851563,46.93928909301758,0.2806253433227539,0,0.9598174095153809,0,1,0,-0.9598174095153809,0,0.2806253433227539],8,0.4016838073730469],[[772.5784301757813,222.69961547851563,46.92449951171875,0.25916072726249697,0,0.9658342003822327,0,1,0,-0.9658342003822327,0,0.25916072726249697],8,0.4119076728820801],[[772.3790283203125,222.69961547851563,46.90922164916992,0.24009473621845246,0,0.9707494378089905,0,1,0,-0.9707494378089905,0,0.24009473621845246],8,0.4241924285888672],[[772.1796264648438,222.69961547851563,46.893585205078128,0.2231581211090088,0,0.9747822880744934,0,1,0,-0.9747822880744934,0,0.2231581211090088],8,0.4373483657836914],[[771.980224609375,222.69961547851563,46.87788391113281,0.20802995562553407,0,0.9781224727630615,0,1,0,-0.9781224727630615,0,0.20802995562553407],8,0.44965100288391116],[[771.8472900390625,222.69961547851563,46.86741638183594,0.1988833248615265,0,0.9800231456756592,0,1,0,-0.9800231456756592,0,0.1988833248615265],8,0.4606359004974365],[[771.6478881835938,222.69961547851563,46.851715087890628,0.1863635778427124,0,0.9824808239936829,0,1,0,-0.9824808239936829,0,0.1863635778427124],8,0.4719374179840088],[[771.514892578125,222.69961547851563,46.84210968017578,0.17844116687774659,0,0.9839505553245544,0,1,0,-0.9839505553245544,0,0.17844116687774659],8,0.48299264907836916],[[771.3153076171875,222.69961547851563,46.82866668701172,0.1670559048652649,0,0.9859474301338196,0,1,0,-0.9859474301338196,0,0.1670559048652649],8,0.49277544021606448],[[771.1822509765625,222.69961547851563,46.8198127746582,0.1599929928779602,0,0.987118124961853,0,1,0,-0.987118124961853,0,0.1599929928779602],8,0.5037477016448975],[[770.982666015625,222.69961547851563,46.806549072265628,0.15025445818901063,0,0.9886473417282105,0,1,0,-0.9886473417282105,0,0.15025445818901063],8,0.5144922733306885],[[770.716552734375,223.56251525878907,46.78886413574219,0.1375219076871872,0,0.9904987215995789,0,1,0,-0.9904987215995789,0,0.1375219076871872],3,0.5316743850708008],[[770.5169677734375,224.17391967773438,46.77560043334961,0.1295080929994583,0,0.9915783405303955,0,1,0,-0.9915783405303955,0,0.1295080929994583],5,0.5573468208312988],[[770.184326171875,225.1248016357422,46.75349426269531,0.11845045536756516,0,0.9929599761962891,0,1,0,-0.9929599761962891,0,0.11845045536756516],5,0.5644166469573975],[[769.9847412109375,225.6544647216797,46.740230560302737,0.1128067597746849,0,0.9936169385910034,0,1,0,-0.9936169385910034,0,0.1128067597746849],5,0.5750401020050049],[[769.8516845703125,225.99053955078126,46.731388092041019,0.10946966707706452,0,0.9939901232719421,0,1,0,-0.9939901232719421,0,0.10946966707706452],5,0.5883142948150635],[[769.5855712890625,226.62181091308595,46.71370315551758,0.10348030924797058,0,0.9946315288543701,0,1,0,-0.9946315288543701,0,0.10348030924797058],5,0.6001143455505371],[[769.385986328125,227.0594940185547,46.700439453125,0.09952236711978913,0,0.9950353503227234,0,1,0,-0.9950353503227234,0,0.09952236711978913],5,0.6140749454498291],[[769.0533447265625,227.72084045410157,46.6783332824707,0.09376947581768036,0,0.9955939650535584,0,1,0,-0.9955939650535584,0,0.09376947581768036],5,0.6432194709777832],[[768.7872314453125,228.18861389160157,46.66025161743164,0.09002423286437988,0,0.9959395527839661,0,1,0,-0.9959395527839661,0,0.09002423286437988],5,0.64919114112854],[[768.6541748046875,228.40206909179688,46.65117645263672,0.08841946721076966,0,0.9960833191871643,0,1,0,-0.9960833191871643,0,0.08841946721076966],5,0.6599178314208984],[[768.5211181640625,228.6018829345703,46.64209747314453,0.08696654438972473,0,0.9962112307548523,0,1,0,-0.9962112307548523,0,0.08696654438972473],5,0.6692814826965332],[[768.321533203125,228.87606811523438,46.62847900390625,0.08498436212539673,0,0.9963822960853577,0,1,0,-0.9963822960853577,0,0.08498436212539673],5,0.6804208755493164],[[768.1219482421875,229.11959838867188,46.61486053466797,0.08320194482803345,0,0.996532678604126,0,1,0,-0.996532678604126,0,0.08320194482803345],5,0.6920781135559082],[[767.9888916015625,229.26492309570313,46.60578155517578,0.0821242406964302,0,0.9966220855712891,0,1,0,-0.9966220855712891,0,0.0821242406964302],5,0.7030470371246338],[[767.789306640625,229.45736694335938,46.5921630859375,0.08065104484558106,0,0.9967424273490906,0,1,0,-0.9967424273490906,0,0.08065104484558106],5,0.7131483554840088],[[767.65625,229.56861877441407,46.58308410644531,0.07975650578737259,0,0.9968143701553345,0,1,0,-0.9968143701553345,0,0.07975650578737259],5,0.7232296466827393],[[767.523193359375,229.666259765625,46.574005126953128,0.07893136143684387,0,0.996880054473877,0,1,0,-0.996880054473877,0,0.07893136143684387],5,0.7323975563049316],[[767.3236083984375,229.7871551513672,46.56010818481445,0.07790502905845642,0,0.9969607591629028,0,1,0,-0.9969607591629028,0,0.07790502905845642],5,0.748492956161499],[[767.0577392578125,229.9006805419922,46.54069900512695,0.07708001881837845,0,0.9970248937606812,0,1,0,-0.9970248937606812,0,0.07708001881837845],5,0.7596662044525147],[[766.8583374023438,229.95005798339845,46.525474548339847,0.07686705887317658,0,0.9970413446426392,0,1,0,-0.9970413446426392,0,0.07686705887317658],5,0.7702970504760742],[[766.658935546875,229.96878051757813,46.509559631347659,0.07703220099210739,0,0.9970285892486572,0,1,0,-0.9970285892486572,0,0.07703220099210739],5,0.7832934856414795],[[766.459716796875,229.9568328857422,46.49266815185547,0.07765381038188935,0,0.9969803690910339,0,1,0,-0.9969803690910339,0,0.07765381038188935],5,0.8094017505645752],[[766.1279907226563,229.8688201904297,46.459590911865237,0.08086362481117249,0,0.9967252016067505,0,1,0,-0.9967252016067505,0,0.08086362481117249],5,0.8176867961883545],[[765.9296264648438,229.77513122558595,46.43430709838867,0.08493149280548096,0,0.9963867664337158,0,1,0,-0.9963867664337158,0,0.08493149280548096],5,0.828359842300415],[[765.797607421875,229.69564819335938,46.415687561035159,0.08842062950134278,0,0.9960831999778748,0,1,0,-0.9960831999778748,0,0.08842062950134278],5,0.8371305465698242],[[765.599853515625,229.5508575439453,46.38580322265625,0.09438470005989075,0,0.9955357909202576,0,1,0,-0.9955357909202576,0,0.09438470005989075],5,0.8496518135070801],[[765.46826171875,229.43731689453126,46.36444091796875,0.09875722974538803,0,0.9951115846633911,0,1,0,-0.9951115846633911,0,0.09875722974538803],5,0.860628604888916],[[765.2710571289063,229.24143981933595,46.33125686645508,0.10552562773227692,0,0.9944165945053101,0,1,0,-0.9944165945053101,0,0.10552562773227692],5,0.871429443359375],[[765.1397094726563,229.0938262939453,46.308502197265628,0.11001408100128174,0,0.9939300417900086,0,1,0,-0.9939300417900086,0,0.11001408100128174],5,0.8831017017364502],[[764.9426879882813,228.84686279296876,46.27412033081055,0.11642216145992279,0,0.9931998252868652,0,1,0,-0.9931998252868652,0,0.11642216145992279],5,0.8927795886993408],[[764.7456665039063,228.56922912597657,46.239707946777347,0.12227848172187805,0,0.9924958348274231,0,1,0,-0.9924958348274231,0,0.12227848172187805],5,0.9057238101959229],[[764.5486450195313,228.2609405517578,46.20529556274414,0.12754380702972413,0,0.9918329119682312,0,1,0,-0.9918329119682312,0,0.12754380702972413],5,0.9161279201507568],[[764.4172973632813,228.03839111328126,46.18235397338867,0.13072583079338075,0,0.9914185404777527,0,1,0,-0.9914185404777527,0,0.13072583079338075],5,0.9256491661071777],[[764.2202758789063,227.67901611328126,46.14794158935547,0.13507315516471864,0,0.9908356070518494,0,1,0,-0.9908356070518494,0,0.13507315516471864],5,0.9390153884887695],[[764.0232543945313,227.2889862060547,46.113529205322269,0.1389826089143753,0,0.9902948141098023,0,1,0,-0.9902948141098023,0,0.1389826089143753],5,0.9525225162506104],[[763.8262329101563,226.86830139160157,46.078834533691409,0.142591193318367,0,0.9897816777229309,0,1,0,-0.9897816777229309,0,0.142591193318367],5,0.96327805519104],[[763.6292114257813,226.4169464111328,46.0440788269043,0.14587481319904328,0,0.9893030524253845,0,1,0,-0.9893030524253845,0,0.14587481319904328],5,0.9758989810943604],[[763.4978637695313,226.09902954101563,46.02124786376953,0.1477414071559906,0,0.9890260100364685,0,1,0,-0.9890260100364685,0,0.1477414071559906],5,0.9869966506958008],[[763.300537109375,225.59658813476563,45.988555908203128,0.14962983131408692,0,0.9887421131134033,0,1,0,-0.9887421131134033,0,0.14962983131408692],5,0.9985172748565674],[[763.037109375,224.8789825439453,45.94697952270508,0.1507929265499115,0,0.9885653853416443,0,1,0,-0.9885653853416443,0,0.1507929265499115],5,1.0115463733673096],[[762.9050903320313,224.49974060058595,45.9282112121582,0.15045705437660218,0,0.9886165261268616,0,1,0,-0.9886165261268616,0,0.15045705437660218],5,1.0228307247161866],[[762.6405029296875,223.7003936767578,45.89464569091797,0.14768289029598237,0,0.9890347719192505,0,1,0,-0.9890347719192505,0,0.14768289029598237],5,1.040343999862671],[[762.4415283203125,223.0651092529297,45.87468338012695,0.14342911541461945,0,0.9896606206893921,0,1,0,-0.9896606206893921,0,0.14342911541461945],5,1.0502607822418213],[[762.3085327148438,222.6245574951172,45.8653450012207,0.13902325928211213,0,0.9902890920639038,0,1,0,-0.9902890920639038,0,0.13902325928211213],7,1.0613348484039307],[[762.1089477539063,222.24139404296876,45.85293960571289,0.1315368264913559,0,0.9913113117218018,0,1,0,-0.9913113117218018,0,0.1315368264913559],7,1.0720207691192628],[[761.9757080078125,222.24929809570313,45.85100173950195,0.12443558871746063,0,0.9922276735305786,0,1,0,-0.9922276735305786,0,0.12443558871746063],7,1.0819647312164307],[[761.7757568359375,222.33538818359376,45.8541259765625,0.11113616824150086,0,0.9938051700592041,0,1,0,-0.9938051700592041,0,0.11113616824150086],7,1.0932879447937012],[[761.5758056640625,222.41748046875,45.860809326171878,0.09673691540956497,0,0.9953100085258484,0,1,0,-0.9953100085258484,0,0.09673691540956497],8,1.108189582824707],[[761.3760375976563,222.47642517089845,45.87122344970703,0.08176686614751816,0,0.9966514706611633,0,1,0,-0.9966514706611633,0,0.08176686614751816],8,1.1172771453857422],[[761.0430908203125,222.5335235595703,45.889801025390628,0.05828040838241577,0,0.9983002543449402,0,1,0,-0.9983002543449402,0,0.05828040838241577],8,1.1397128105163575],[[760.7767333984375,223.39642333984376,45.904693603515628,0.03983157500624657,0,0.9992064237594605,0,1,0,-0.9992064237594605,0,0.03983157500624657],3,1.1555769443511963],[[760.5769653320313,224.00782775878907,45.91558074951172,0.028778640553355218,0,0.9995858073234558,0,1,0,-0.9995858073234558,0,0.028778640553355218],5,1.1777143478393555],[[760.3106079101563,224.7753448486328,45.926841735839847,0.018196050077676774,0,0.999834418296814,0,1,0,-0.999834418296814,0,0.018196050077676774],5,1.18514084815979],[[760.1106567382813,225.3152313232422,45.93177032470703,0.01302320510149002,0,0.9999151825904846,0,1,0,-0.9999151825904846,0,0.01302320510149002],5,1.197641372680664],[[759.9107055664063,225.82444763183595,45.934017181396487,0.009948860853910447,0,0.9999505281448364,0,1,0,-0.9999505281448364,0,0.009948860853910447],5,1.2087321281433106],[[759.7774047851563,226.1468963623047,45.93278503417969,0.00933986995369196,0,0.9999563694000244,0,1,0,-0.9999563694000244,0,0.00933986995369196],5,1.2194554805755616],[[759.5774536132813,226.6050262451172,45.92750930786133,0.010418901219964028,0,0.9999457001686096,0,1,0,-0.9999457001686096,0,0.010418901219964028],5,1.2296433448791505],[[759.4442138671875,226.89340209960938,45.92254638671875,0.011956392787396908,0,0.9999285340309143,0,1,0,-0.9999285340309143,0,0.011956392787396908],5,1.240691900253296],[[759.2444458007813,227.30043029785157,45.911746978759769,0.01574314758181572,0,0.999876081943512,0,1,0,-0.999876081943512,0,0.01574314758181572],5,1.2512943744659424],[[759.0448608398438,227.6768035888672,45.899417877197269,0.0202450193464756,0,0.9997950196266174,0,1,0,-0.9997950196266174,0,0.0202450193464756],5,1.262359619140625],[[758.9118041992188,227.9106903076172,45.89105224609375,0.023189613595604898,0,0.9997310638427734,0,1,0,-0.9997310638427734,0,0.023189613595604898],5,1.2733416557312012],[[758.7122192382813,228.23597717285157,45.87848663330078,0.027308417484164239,0,0.9996270537376404,0,1,0,-0.9996270537376404,0,0.027308417484164239],5,1.2831921577453614],[[758.5791625976563,228.435791015625,45.87010955810547,0.02982920967042446,0,0.9995549917221069,0,1,0,-0.9995549917221069,0,0.02982920967042446],5,1.2940354347229005],[[758.3795776367188,228.70997619628907,45.8575439453125,0.033287469297647479,0,0.9994457960128784,0,1,0,-0.9994457960128784,0,0.033287469297647479],5,1.3064460754394532],[[758.2465209960938,228.875732421875,45.848819732666019,0.03551502153277397,0,0.9993691444396973,0,1,0,-0.9993691444396973,0,0.03551502153277397],5,1.3152668476104737],[[757.9804077148438,229.1663818359375,45.83115005493164,0.03972663730382919,0,0.9992105960845947,0,1,0,-0.9992105960845947,0,0.03972663730382919],5,1.329622745513916],[[757.8473510742188,229.29127502441407,45.82230758666992,0.041638512164354327,0,0.9991327524185181,0,1,0,-0.9991327524185181,0,0.041638512164354327],5,1.3397095203399659],[[757.6477661132813,229.4530487060547,45.809043884277347,0.04423597827553749,0,0.9990211129188538,0,1,0,-0.9990211129188538,0,0.04423597827553749],5,1.3525209426879883],[[757.4481811523438,229.58416748046876,45.795780181884769,0.04656752943992615,0,0.9989151358604431,0,1,0,-0.9989151358604431,0,0.04656752943992615],5,1.3632047176361085],[[757.2485961914063,229.6846466064453,45.78251647949219,0.048654720187187198,0,0.998815655708313,0,1,0,-0.998815655708313,0,0.048654720187187198],5,1.3765037059783936],[[757.0490112304688,229.75445556640626,45.76925277709961,0.050521787256002429,0,0.9987229704856873,0,1,0,-0.9987229704856873,0,0.050521787256002429],5,1.4036998748779297],[[756.7163696289063,229.8026885986328,45.74714660644531,0.05325968563556671,0,0.9985806941986084,0,1,0,-0.9985806941986084,0,0.05325968563556671],5,1.4105474948883057],[[756.5833129882813,229.79812622070313,45.738304138183597,0.054219815880060199,0,0.9985290169715881,0,1,0,-0.9985290169715881,0,0.054219815880060199],5,1.419989824295044],[[756.3837280273438,229.76576232910157,45.725040435791019,0.05550291761755943,0,0.9984585046768189,0,1,0,-0.9984585046768189,0,0.05550291761755943],5,1.429084300994873],[[756.2506713867188,229.72714233398438,45.7161979675293,0.056275639683008197,0,0.9984152913093567,0,1,0,-0.9984152913093567,0,0.056275639683008197],5,1.4392287731170655],[[756.1176147460938,229.67491149902345,45.70735549926758,0.0569867342710495,0,0.9983749389648438,0,1,0,-0.9983749389648438,0,0.0569867342710495],5,1.4488999843597413],[[755.9180297851563,229.5709991455078,45.694091796875,0.0579640232026577,0,0.9983186721801758,0,1,0,-0.9983186721801758,0,0.0579640232026577],5,1.4590873718261719],[[755.7849731445313,229.4846954345703,45.68524932861328,0.05855850875377655,0,0.9982839822769165,0,1,0,-0.9982839822769165,0,0.05855850875377655],5,1.4687082767486573],[[755.5853881835938,229.32969665527345,45.6719856262207,0.05937260389328003,0,0.9982358813285828,0,1,0,-0.9982358813285828,0,0.05937260389328003],5,1.4806873798370362],[[755.3858032226563,229.14404296875,45.658721923828128,0.060105595737695697,0,0.9981920123100281,0,1,0,-0.9981920123100281,0,0.060105595737695697],5,1.491262435913086],[[755.2527465820313,229.0032501220703,45.649879455566409,0.06054888293147087,0,0.9981652498245239,0,1,0,-0.9981652498245239,0,0.06054888293147087],5,1.5010452270507813],[[755.0531616210938,228.76649475097657,45.63661575317383,0.06115483120083809,0,0.9981282949447632,0,1,0,-0.9981282949447632,0,0.06115483120083809],5,1.5127105712890626],[[754.9201049804688,228.5916290283203,45.62777328491211,0.06152273342013359,0,0.9981057047843933,0,1,0,-0.9981057047843933,0,0.06152273342013359],5,1.522087574005127],[[754.7205200195313,228.3037872314453,45.61450958251953,0.0620262436568737,0,0.9980745315551758,0,1,0,-0.9980745315551758,0,0.0620262436568737],5,1.5335140228271485],[[754.5874633789063,228.0948486328125,45.60566711425781,0.062332089990377429,0,0.9980554580688477,0,1,0,-0.9980554580688477,0,0.062332089990377429],5,1.5442900657653809],[[754.3878784179688,227.75592041015626,45.592403411865237,0.06275073438882828,0,0.9980292320251465,0,1,0,-0.9980292320251465,0,0.06275073438882828],5,1.555070400238037],[[754.2548217773438,227.51292419433595,45.583560943603519,0.06300504505634308,0,0.9980131983757019,0,1,0,-0.9980131983757019,0,0.06300504505634308],5,1.5650849342346192],[[753.9887084960938,226.98606872558595,45.56587600708008,0.06346546113491059,0,0.9979840517044067,0,1,0,-0.9979840517044067,0,0.06346546113491059],5,1.5786635875701905],[[753.7891235351563,226.55516052246095,45.5526123046875,0.06377048045396805,0,0.99796462059021,0,1,0,-0.99796462059021,0,0.06377048045396805],5,1.5931410789489747],[[753.5895385742188,226.09359741210938,45.53934860229492,0.06404110789299011,0,0.9979472756385803,0,1,0,-0.9979472756385803,0,0.06404110789299011],5,1.6041805744171143],[[753.4564819335938,225.76885986328126,45.5305061340332,0.06420417875051499,0,0.9979367852210999,0,1,0,-0.9979367852210999,0,0.06420417875051499],5,1.6140551567077637],[[753.3234252929688,225.4304962158203,45.521663665771487,0.06435426324605942,0,0.9979271292686462,0,1,0,-0.9979271292686462,0,0.06435426324605942],5,1.6249308586120606],[[752.9242553710938,224.33364868164063,45.49513626098633,0.06475947797298432,0,0.9979009032249451,0,1,0,-0.9979009032249451,0,0.06475947797298432],5,1.6463720798492432],[[752.7911987304688,223.94078063964845,45.48629379272461,0.06487663835287094,0,0.9978932738304138,0,1,0,-0.9978932738304138,0,0.06487663835287094],5,1.6563973426818848],[[752.5916137695313,223.32594299316407,45.47303009033203,0.06503116339445114,0,0.9978832602500916,0,1,0,-0.9978832602500916,0,0.06503116339445114],5,1.6708309650421143],[[752.3255004882813,222.45846557617188,45.455345153808597,0.06521221250295639,0,0.9978713989257813,0,1,0,-0.9978713989257813,0,0.06521221250295639],7,1.6853418350219727],[[752.0593872070313,222.2936248779297,45.439640045166019,0.06456686556339264,0,0.9979133605957031,0,1,0,-0.9979133605957031,0,0.06456686556339264],7,1.7120189666748047],[[751.7264404296875,222.4151153564453,45.42298889160156,0.062351662665605548,0,0.9980542659759522,0,1,0,-0.9980542659759522,0,0.062351662665605548],8,1.7203235626220704],[[751.5932006835938,222.4564971923828,45.41819763183594,0.06078010052442551,0,0.9981511831283569,0,1,0,-0.9981511831283569,0,0.06078010052442551],8,1.7313694953918458],[[751.3932495117188,222.50209045410157,45.41266632080078,0.05766404792666435,0,0.9983360171318054,0,1,0,-0.9983360171318054,0,0.05766404792666435],8,1.7411117553710938],[[751.2599487304688,222.52346801757813,45.40985107421875,0.05527776479721069,0,0.9984710216522217,0,1,0,-0.9984710216522217,0,0.05527776479721069],8,1.752126693725586],[[750.9933471679688,222.55125427246095,45.407466888427737,0.04933133348822594,0,0.9987824559211731,0,1,0,-0.9987824559211731,0,0.04933133348822594],8,1.7692923545837403],[[750.7933959960938,222.5635223388672,45.40690612792969,0.044602591544389728,0,0.9990047812461853,0,1,0,-0.9990047812461853,0,0.044602591544389728],8,1.7786784172058106],[[750.6600952148438,222.56910705566407,45.407527923583987,0.04129403829574585,0,0.9991470575332642,0,1,0,-0.9991470575332642,0,0.04129403829574585],8,1.7890558242797852],[[750.4601440429688,222.57485961914063,45.40944290161133,0.036181122064590457,0,0.9993452429771423,0,1,0,-0.9993452429771423,0,0.036181122064590457],8,1.7999956607818604],[[750.3268432617188,222.5774688720703,45.41083526611328,0.032925646752119067,0,0.9994577765464783,0,1,0,-0.9994577765464783,0,0.032925646752119067],8,1.8097612857818604],[[750.1935424804688,222.5793914794922,45.4122314453125,0.02988407388329506,0,0.999553382396698,0,1,0,-0.999553382396698,0,0.02988407388329506],8,1.8194262981414796],[[749.9935913085938,222.5813751220703,45.41432571411133,0.025675032287836076,0,0.9996703267097473,0,1,0,-0.9996703267097473,0,0.025675032287836076],8,1.82987380027771],[[749.7936401367188,222.5826416015625,45.416419982910159,0.021869931370019914,0,0.9997608065605164,0,1,0,-0.9997608065605164,0,0.021869931370019914],8,1.8413102626800538],[[749.6603393554688,222.5832061767578,45.417816162109378,0.019566278904676439,0,0.9998085498809815,0,1,0,-0.9998085498809815,0,0.019566278904676439],8,1.8528523445129395],[[749.3937377929688,223.44610595703126,45.42060852050781,0.01503925770521164,0,0.9998869299888611,0,1,0,-0.9998869299888611,0,0.01503925770521164],3,1.8694279193878174],[[749.1271362304688,224.25450134277345,45.42340087890625,0.011290611699223519,0,0.9999362826347351,0,1,0,-0.9999362826347351,0,0.011290611699223519],5,1.8946952819824219],[[748.7938842773438,225.1883544921875,45.42586898803711,0.007888817228376866,0,0.9999688863754273,0,1,0,-0.9999688863754273,0,0.007888817228376866],5,1.9024443626403809],[[748.6605834960938,225.53805541992188,45.426109313964847,0.007026616483926773,0,0.999975323677063,0,1,0,-0.999975323677063,0,0.007026616483926773],5,1.9131689071655274],[[748.5272827148438,225.87413024902345,45.425968170166019,0.006480135954916477,0,0.9999790191650391,0,1,0,-0.9999790191650391,0,0.006480135954916477],5,1.9228801727294922],[[748.3939819335938,226.1965789794922,45.42574691772461,0.006081744097173214,0,0.9999815225601196,0,1,0,-0.9999815225601196,0,0.006081744097173214],5,1.9327752590179444],[[748.1940307617188,226.6547088623047,45.4254035949707,0.005599310155957937,0,0.9999843239784241,0,1,0,-0.9999843239784241,0,0.005599310155957937],5,1.9425292015075684],[[748.0607299804688,226.94308471679688,45.425167083740237,0.005319749936461449,0,0.9999858736991882,0,1,0,-0.9999858736991882,0,0.005319749936461449],5,1.9528632164001465],[[747.8607788085938,227.35011291503907,45.42481231689453,0.004942755214869976,0,0.999987781047821,0,1,0,-0.999987781047821,0,0.004942755214869976],5,1.9633827209472657],[[747.6608276367188,227.7264862060547,45.42445755004883,0.004605303518474102,0,0.99998939037323,0,1,0,-0.99998939037323,0,0.004605303518474102],5,1.975348949432373],[[747.4608764648438,228.07220458984376,45.424102783203128,0.00430342135950923,0,0.9999907612800598,0,1,0,-0.9999907612800598,0,0.00430342135950923],5,1.9885871410369874],[[747.3275756835938,228.28565979003907,45.423866271972659,0.004121145233511925,0,0.9999915361404419,0,1,0,-0.9999915361404419,0,0.004121145233511925],5,1.9983031749725342],[[747.1276245117188,228.5802764892578,45.42351150512695,0.00387210282497108,0,0.9999924898147583,0,1,0,-0.9999924898147583,0,0.00387210282497108],5,2.008730173110962],[[746.9943237304688,228.75965881347657,45.423274993896487,0.0037209177389740946,0,0.999993085861206,0,1,0,-0.999993085861206,0,0.0037209177389740946],5,2.0176775455474855],[[746.8610229492188,228.9254150390625,45.423038482666019,0.0035814745351672174,0,0.9999935626983643,0,1,0,-0.9999935626983643,0,0.0035814745351672174],5,2.029698371887207],[[746.6610717773438,229.1485137939453,45.42268371582031,0.003389630699530244,0,0.9999942779541016,0,1,0,-0.9999942779541016,0,0.003389630699530244],5,2.0437138080596926],[[746.3944702148438,229.39828491210938,45.422210693359378,0.0031609421130269768,0,0.9999949932098389,0,1,0,-0.9999949932098389,0,0.0031609421130269768],5,2.054302453994751],[[746.2611694335938,229.5027313232422,45.421974182128909,0.0030588423833251,0,0.9999953508377075,0,1,0,-0.9999953508377075,0,0.0030588423833251],5,2.0635437965393068],[[746.1278686523438,229.5935516357422,45.42173767089844,0.002965602558106184,0,0.9999955892562866,0,1,0,-0.9999955892562866,0,0.002965602558106184],5,2.0740880966186525],[[745.9279174804688,229.70423889160157,45.421382904052737,0.0028379003051668407,0,0.9999959468841553,0,1,0,-0.9999959468841553,0,0.0028379003051668407],5,2.084383964538574],[[745.6613159179688,229.80413818359376,45.4209098815918,0.0026859543286263944,0,0.9999963641166687,0,1,0,-0.9999963641166687,0,0.0026859543286263944],5,2.098647117614746],[[745.4613647460938,229.84329223632813,45.420555114746097,0.0025857286527752878,0,0.9999966621398926,0,1,0,-0.9999966621398926,0,0.0025857286527752878],5,2.112619638442993],[[745.2614135742188,229.85179138183595,45.42020034790039,0.0024968774523586036,0,0.9999969005584717,0,1,0,-0.9999969005584717,0,0.0024968774523586036],5,2.1353938579559328],[[744.8615112304688,229.77682495117188,45.419490814208987,0.00234177615493536,0,0.9999972581863403,0,1,0,-0.9999972581863403,0,0.00234177615493536],5,2.150557041168213],[[744.6615600585938,229.693359375,45.41913604736328,0.0022763453889638187,0,0.9999974370002747,0,1,0,-0.9999974370002747,0,0.0022763453889638187],5,2.160468339920044],[[744.5282592773438,229.6206817626953,45.41889953613281,0.0022380754817277195,0,0.9999974966049194,0,1,0,-0.9999974966049194,0,0.0022380754817277195],5,2.171152353286743],[[744.3949584960938,229.5343780517578,45.418663024902347,0.0022031492553651335,0,0.9999975562095642,0,1,0,-0.9999975562095642,0,0.0022031492553651335],5,2.181006669998169],[[744.1950073242188,229.37937927246095,45.41830825805664,0.0021553291007876398,0,0.9999976754188538,0,1,0,-0.9999976754188538,0,0.0021553291007876398],5,2.1937849521636965],[[743.9950561523438,229.1937255859375,45.41795349121094,0.0021122728940099479,0,0.9999977946281433,0,1,0,-0.9999977946281433,0,0.0021122728940099479],5,2.204655647277832],[[743.8617553710938,229.0529327392578,45.41771697998047,0.0020862368401139976,0,0.9999977946281433,0,1,0,-0.9999977946281433,0,0.0020862368401139976],5,2.2136194705963136],[[743.7284545898438,228.89849853515626,45.41748046875,0.002062248531728983,0,0.9999978542327881,0,1,0,-0.9999978542327881,0,0.002062248531728983],5,2.2222023010253908],[[743.5285034179688,228.6413116455078,45.4171257019043,0.0020292592234909536,0,0.9999979138374329,0,1,0,-0.9999979138374329,0,0.0020292592234909536],5,2.2338674068450929],[[743.3952026367188,228.45281982421876,45.41688919067383,0.0020091873593628408,0,0.9999979734420776,0,1,0,-0.9999979734420776,0,0.0020091873593628408],5,2.2444629669189455],[[743.1952514648438,228.14453125,45.416534423828128,0.001981696579605341,0,0.9999980330467224,0,1,0,-0.9999980330467224,0,0.001981696579605341],5,2.256162166595459],[[742.9953002929688,227.80560302734376,45.41617965698242,0.0019569445867091419,0,0.9999980926513672,0,1,0,-0.9999980926513672,0,0.0019569445867091419],5,2.2681610584259035],[[742.7953491210938,227.43600463867188,45.41582489013672,0.0019347704946994782,0,0.999998152256012,0,1,0,-0.999998152256012,0,0.0019347704946994782],5,2.279024839401245],[[742.6620483398438,227.17257690429688,45.41558837890625,0.0019213773775845767,0,0.999998152256012,0,1,0,-0.999998152256012,0,0.0019213773775845767],5,2.2911531925201418],[[742.3954467773438,226.60484313964845,45.41511535644531,0.0018971710233017803,0,0.9999982118606567,0,1,0,-0.9999982118606567,0,0.0018971710233017803],5,2.306534767150879],[[742.1288452148438,225.9826202392578,45.414642333984378,0.001876064226962626,0,0.9999982118606567,0,1,0,-0.9999982118606567,0,0.001876064226962626],5,2.333383083343506],[[741.7955932617188,225.12818908691407,45.4166259765625,0.0007782193133607507,0,0.9999997019767761,0,1,0,-0.9999997019767761,0,0.0007782193133607507],5,2.34305477142334],[[741.6622924804688,224.7625732421875,45.41893768310547,-0.0002562158915679902,0,0.9999999403953552,0,1,0,-0.9999999403953552,0,-0.0002562158915679902],5,2.35324764251709],[[741.4623413085938,224.1885986328125,45.42390441894531,-0.0025211682077497246,0,0.9999968409538269,0,1,0,-0.9999968409538269,0,-0.0025211682077497246],5,2.3641223907470705],[[741.2623901367188,223.583984375,45.42998123168945,-0.005235439166426659,0,0.9999862909317017,0,1,0,-0.9999862909317017,0,-0.005235439166426659],5,2.375217914581299],[[741.0625610351563,222.94869995117188,45.43739318847656,-0.008358371444046498,0,0.9999650716781616,0,1,0,-0.9999650716781616,0,-0.008358371444046498],7,2.3863656520843508],[[740.9293823242188,222.50814819335938,45.442848205566409,-0.010551521554589272,0,0.9999443292617798,0,1,0,-0.9999443292617798,0,-0.010551521554589272],7,2.396932601928711],[[740.6630249023438,222.32815551757813,45.454795837402347,-0.015123957768082619,0,0.999885618686676,0,1,0,-0.999885618686676,0,-0.015123957768082619],7,2.4130938053131105],[[740.4632568359375,222.388427734375,45.464439392089847,-0.018532799556851388,0,0.9998282790184021,0,1,0,-0.9998282790184021,0,-0.018532799556851388],8,2.4251537322998049],[[740.2634887695313,222.45187377929688,45.47477340698242,-0.02192048914730549,0,0.9997597336769104,0,1,0,-0.9997597336769104,0,-0.02192048914730549],8,2.4379498958587648],[[740.063720703125,222.4984130859375,45.48552322387695,-0.025202544406056405,0,0.9996823668479919,0,1,0,-0.9996823668479919,0,-0.025202544406056405],8,2.4493319988250734],[[739.9306030273438,222.5205841064453,45.493080139160159,-0.027366777881979944,0,0.9996254444122315,0,1,0,-0.9996254444122315,0,-0.027366777881979944],8,2.460930109024048],[[739.7310180664063,222.54388427734376,45.50486755371094,-0.030582763254642488,0,0.9995322227478027,0,1,0,-0.9995322227478027,0,-0.030582763254642488],8,2.4719934463500978],[[739.5314331054688,222.55882263183595,45.51701736450195,-0.03369273245334625,0,0.9994322657585144,0,1,0,-0.9994322657585144,0,-0.03369273245334625],8,2.485344886779785],[[739.3318481445313,222.56832885742188,45.5297966003418,-0.0367794968187809,0,0.9993234276771545,0,1,0,-0.9993234276771545,0,-0.0367794968187809],8,2.497154712677002],[[739.1322631835938,222.57435607910157,45.54327392578125,-0.03989340364933014,0,0.9992039203643799,0,1,0,-0.9992039203643799,0,-0.03989340364933014],8,2.509246349334717],[[738.9326782226563,222.57818603515626,45.557159423828128,-0.042933836579322818,0,0.9990779161453247,0,1,0,-0.9990779161453247,0,-0.042933836579322818],8,2.521740436553955],[[738.7332763671875,222.5806121826172,45.572242736816409,-0.046181950718164447,0,0.9989330172538757,0,1,0,-0.9989330172538757,0,-0.046181950718164447],8,2.5327553749084474],[[738.600341796875,222.5817108154297,45.582637786865237,-0.04836247116327286,0,0.9988298416137695,0,1,0,-0.9988298416137695,0,-0.04836247116327286],8,2.544002056121826],[[738.4009399414063,222.58285522460938,45.59889602661133,-0.05168891325592995,0,0.9986632466316223,0,1,0,-0.9986632466316223,0,-0.05168891325592995],8,2.556495189666748],[[738.2017211914063,222.58355712890626,45.6158561706543,-0.055056292563676837,0,0.9984832406044006,0,1,0,-0.9984832406044006,0,-0.055056292563676837],8,2.566805362701416],[[738.0689086914063,222.58387756347657,45.62742233276367,-0.05724961310625076,0,0.9983599185943604,0,1,0,-0.9983599185943604,0,-0.05724961310625076],8,2.577864646911621],[[737.8696899414063,222.58419799804688,45.644859313964847,-0.060350045561790469,0,0.9981772899627686,0,1,0,-0.9981772899627686,0,-0.060350045561790469],8,2.5891435146331789],[[737.6704711914063,222.58441162109376,45.66230010986328,-0.06317446380853653,0,0.9980024695396423,0,1,0,-0.9980024695396423,0,-0.06317446380853653],8,2.599966049194336],[[737.5376586914063,222.58450317382813,45.673927307128909,-0.0648873895406723,0,0.9978926181793213,0,1,0,-0.9978926181793213,0,-0.0648873895406723],8,2.611612558364868],[[737.3384399414063,222.5845947265625,45.691368103027347,-0.067230723798275,0,0.997737467288971,0,1,0,-0.997737467288971,0,-0.067230723798275],8,2.6222236156463625],[[737.1392211914063,223.2436981201172,45.70880889892578,-0.06952153146266937,0,0.9975804686546326,0,1,0,-0.9975804686546326,0,-0.06952153146266937],3,2.6395187377929689],[[736.6743774414063,224.67031860351563,45.74950408935547,-0.0738891065120697,0,0.9972664713859558,0,1,0,-0.9972664713859558,0,-0.0738891065120697],5,2.67322039604187],[[736.4087524414063,225.41058349609376,45.77275848388672,-0.07585206627845764,0,0.9971190690994263,0,1,0,-0.9971190690994263,0,-0.07585206627845764],5,2.680175542831421],[[736.2759399414063,225.76028442382813,45.784385681152347,-0.0766865536570549,0,0.9970552325248718,0,1,0,-0.9970552325248718,0,-0.0766865536570549],5,2.6895477771759035],[[736.1431274414063,226.0963592529297,45.79601287841797,-0.07744068652391434,0,0.9969969391822815,0,1,0,-0.9969969391822815,0,-0.07744068652391434],5,2.697265863418579],[[735.9439086914063,226.57492065429688,45.813453674316409,-0.07846852391958237,0,0.9969165921211243,0,1,0,-0.9969165921211243,0,-0.07846852391958237],5,2.710932970046997],[[735.7446899414063,227.0228271484375,45.830894470214847,-0.07939227670431137,0,0.9968434572219849,0,1,0,-0.9968434572219849,0,-0.07939227670431137],5,2.73180890083313],[[735.4790649414063,227.5723419189453,45.854148864746097,-0.08048508316278458,0,0.996755838394165,0,1,0,-0.996755838394165,0,-0.08048508316278458],5,2.7386586666107179],[[735.3462524414063,227.82666015625,45.86577606201172,-0.08097214251756668,0,0.9967163801193237,0,1,0,-0.9967163801193237,0,-0.08097214251756668],5,2.749105215072632],[[735.1470336914063,228.18260192871095,45.883216857910159,-0.0816311240196228,0,0.9966626167297363,0,1,0,-0.9966626167297363,0,-0.0816311240196228],5,2.7600135803222658],[[735.0142211914063,228.40286254882813,45.89484405517578,-0.08202976733446121,0,0.9966298937797546,0,1,0,-0.9966298937797546,0,-0.08202976733446121],5,2.767585039138794],[[734.8150024414063,228.70770263671876,45.91228485107422,-0.0825747400522232,0,0.9965848922729492,0,1,0,-0.9965848922729492,0,-0.0825747400522232],5,2.7791969776153566],[[734.6821899414063,228.89390563964845,45.923912048339847,-0.08290563523769379,0,0.9965574145317078,0,1,0,-0.9965574145317078,0,-0.08290563523769379],5,2.790083169937134],[[734.4829711914063,229.14764404296876,45.94135284423828,-0.08335849642753601,0,0.9965196251869202,0,1,0,-0.9965196251869202,0,-0.08335849642753601],5,2.8009161949157717],[[734.3501586914063,229.29978942871095,45.952980041503909,-0.08363357186317444,0,0.9964965581893921,0,1,0,-0.9964965581893921,0,-0.08363357186317444],5,2.8109018802642824],[[734.2173461914063,229.43829345703126,45.96460723876953,-0.08388732373714447,0,0.9964752197265625,0,1,0,-0.9964752197265625,0,-0.08388732373714447],5,2.821427345275879],[[734.0181274414063,229.62051391601563,45.98204803466797,-0.08423644304275513,0,0.9964457750320435,0,1,0,-0.9964457750320435,0,-0.08423644304275513],5,2.831167221069336],[[733.8189086914063,229.77207946777345,45.999488830566409,-0.08455134183168411,0,0.9964191317558289,0,1,0,-0.9964191317558289,0,-0.08455134183168411],5,2.8417606353759767],[[733.6860961914063,229.8560791015625,46.01111602783203,-0.08474186807870865,0,0.99640291929245,0,1,0,-0.99640291929245,0,-0.08474186807870865],5,2.855557680130005],[[733.4204711914063,229.9832305908203,46.03437042236328,-0.08508634567260742,0,0.9963735938072205,0,1,0,-0.9963735938072205,0,-0.08508634567260742],5,2.8681957721710207],[[733.2212524414063,230.04283142089845,46.05153274536133,-0.08520554006099701,0,0.9963634014129639,0,1,0,-0.9963634014129639,0,-0.08520554006099701],5,2.890340805053711],[[732.888916015625,230.0740203857422,46.0785026550293,-0.08463283628225327,0,0.9964122176170349,0,1,0,-0.9964122176170349,0,-0.08463283628225327],5,2.8992838859558107],[[732.7559814453125,230.06265258789063,46.08851623535156,-0.08408632129430771,0,0.9964584708213806,0,1,0,-0.9964584708213806,0,-0.08408632129430771],5,2.9090471267700197],[[732.6229248046875,230.0376739501953,46.09780502319336,-0.08323446661233902,0,0.9965299963951111,0,1,0,-0.9965299963951111,0,-0.08323446661233902],5,2.9195170402526857],[[732.4898681640625,229.99905395507813,46.10622024536133,-0.08202159404754639,0,0.9966305494308472,0,1,0,-0.9966305494308472,0,-0.08202159404754639],5,2.9284117221832277],[[732.290283203125,229.91558837890626,46.117916107177737,-0.0797763392329216,0,0.9968127608299255,0,1,0,-0.9968127608299255,0,-0.0797763392329216],5,2.940509080886841],[[732.0905151367188,229.8014678955078,46.12887954711914,-0.07729880511760712,0,0.9970079660415649,0,1,0,-0.9970079660415649,0,-0.07729880511760712],5,2.949871778488159],[[731.9573364257813,229.70834350585938,46.13610076904297,-0.07569324970245362,0,0.9971311688423157,0,1,0,-0.9971311688423157,0,-0.07569324970245362],5,2.960606098175049],[[731.757568359375,229.5431365966797,46.14692687988281,-0.07345292717218399,0,0.9972986578941345,0,1,0,-0.9972986578941345,0,-0.07345292717218399],5,2.972085952758789],[[731.5578002929688,229.34725952148438,46.157752990722659,-0.07142128050327301,0,0.9974462389945984,0,1,0,-0.9974462389945984,0,-0.07142128050327301],5,2.9836678504943849],[[731.424621