[[[776,222.69961547851563,47,1,7.224375053738186e-8,-2.7204196229035916e-8,-7.224375053738186e-8,1,-1.8619541464204304e-8,2.7204196229035916e-8,1.8619543240561144e-8,1],8,0.008264541625976563],[[776,222.69961547851563,47,1,7.670067958542859e-8,-2.7204196229035916e-8,-7.670067958542859e-8,1,-1.9768227943472995e-8,2.7204196229035916e-8,1.9768229719829834e-8,1],8,0.04190373420715332],[[776,222.69961547851563,47,1,9.67332951518074e-8,-2.7204198005392756e-8,-9.67332951518074e-8,1,-2.4931249953397129e-8,2.7204194452679077e-8,2.4931251729753968e-8,1],8,0.06150174140930176],[[776,222.69961547851563,47,1,1.0562430929894617e-7,-2.7204198005392756e-8,-1.0562430929894617e-7,1,-2.7222741394439255e-8,2.7204194452679077e-8,2.7222743170796094e-8,1],8,0.06912827491760254],[[776,222.69961547851563,47,1,1.0784587800571899e-7,-2.7204198005392756e-8,-1.0784587800571899e-7,1,-2.779530738905578e-8,2.7204194452679077e-8,2.7795310941769459e-8,1],8,0.07625436782836914],[[776,222.69961547851563,47,1,1.1450772774423968e-7,-2.7204198005392756e-8,-1.1450773484966703e-7,1,-2.951227529024436e-8,2.7204194452679077e-8,2.951227884295804e-8,1],8,0.08835649490356446],[[776,222.69961547851563,47,1,1.1894659479594338e-7,-2.7204198005392756e-8,-1.1894659479594338e-7,1,-3.065630949095066e-8,2.7204194452679077e-8,3.065631304366434e-8,1],8,0.10015130043029785],[[776,222.69961547851563,47,1,1.3225181305642764e-7,-2.7204198005392756e-8,-1.3225181305642764e-7,1,-3.4085477551570878e-8,2.7204194452679077e-8,3.4085481104284557e-8,1],8,0.12301254272460938],[[776,222.69961547851563,47,1,7.315127703577673e-8,-2.7204196229035916e-8,-7.315127703577673e-8,1,-1.8853393513040829e-8,2.7204196229035916e-8,1.8853395289397669e-8,1],8,0.13901925086975099],[[776,222.69961547851563,47,1,2.885901650984124e-8,-2.7204196229035916e-8,-2.885901650984124e-8,1,-7.43786854329187e-9,2.7204196229035916e-8,7.43786943147029e-9,1],8,0.15170764923095704],[[776,222.69961547851563,47,1,-6.53386011961743e-10,-2.7204196229035916e-8,6.53386011961743e-10,1,1.6841732175532088e-10,2.7204196229035916e-8,-1.6841734951089649e-10,1],8,0.16054940223693849],[[776,222.69961547851563,47,1,-4.48983463741115e-8,-2.7204196229035916e-8,4.48983463741115e-8,1,1.157175422150658e-8,2.7204196229035916e-8,-1.1571755109685e-8,1],8,0.17098045349121095],[[776,222.69961547851563,47,1,-8.911494830954325e-8,-2.7204198005392756e-8,8.911494830954325e-8,1,2.296778411903233e-8,2.7204194452679077e-8,-2.296778589538917e-8,1],8,0.1836249828338623],[[776,222.69961547851563,47,1,-8.464090939241942e-8,-2.7204198005392756e-8,8.464090939241942e-8,1,2.1814678063947214e-8,2.7204196229035916e-8,-2.181468161666089e-8,1],8,0.19103074073791505],[[776,222.69961547851563,47,1,-7.793343570483558e-8,-2.7204198005392756e-8,7.793343570483558e-8,1,2.0085943575054445e-8,2.7204196229035916e-8,-2.0085947127768123e-8,1],8,0.20651793479919434],[[776,222.69961547851563,47,1,-7.123026080080308e-8,-2.7204198005392756e-8,7.123026080080308e-8,1,1.835831753282946e-8,2.7204196229035916e-8,-1.83583193091863e-8,1],8,0.22880291938781739],[[776,222.69961547851563,47,1,-6.006784758483264e-8,-2.7204198005392756e-8,6.006784758483264e-8,1,1.548140105001039e-8,2.7204196229035916e-8,-1.548140282636723e-8,1],8,0.23758506774902345],[[776,222.69961547851563,47,1,-5.560622184930253e-8,-2.7204198005392756e-8,5.560622184930253e-8,1,1.4331494213593033e-8,2.7204196229035916e-8,-1.4331495989949872e-8,1],8,0.25133800506591799],[[775.8392333984375,222.69961547851563,47.016319274902347,0.9881802797317505,-4.656169494410278e-8,0.15329615771770478,4.41553247298998e-8,1,1.9102069259702149e-8,-0.15329615771770478,-1.2107447489029255e-8,0.9881802797317505],8,0.26477837562561037],[[775.6428833007813,222.69961547851563,47.02259826660156,0.9556586742401123,-3.950485094605938e-8,0.2944766879081726,3.4629621836756999e-8,1,2.176998847858158e-8,-0.2944766879081726,-1.0607061007306129e-8,0.9556586742401123],8,0.286304235458374],[[775.3099975585938,222.69961547851563,47.01261901855469,0.8709428906440735,-2.7081187070621128e-8,0.49138420820236208,1.9371672266288443e-8,1,2.077715599568819e-8,-0.49138420820236208,-8.57678283949781e-9,0.8709428906440735],8,0.2951996326446533],[[775.177001953125,222.69961547851563,47.0034065246582,0.8325336575508118,-2.1875779410152064e-8,0.553974449634552,1.3799928311186705e-8,1,1.8749735986034467e-8,-0.553974449634552,-7.964979786834192e-9,0.8325336575508118],8,0.30472803115844729],[[774.9780883789063,222.69961547851563,46.9830436706543,0.7764052748680115,-1.3846979562970319e-8,0.6302339434623718,6.167809374346689e-9,1,1.4372853129884789e-8,-0.6302339434623718,-7.271996338431563e-9,0.7764052748680115],8,0.3185300827026367],[[774.7794189453125,222.69961547851563,46.960052490234378,0.7218732237815857,-5.585251816597747e-9,0.6920253038406372,-7.085450004495897e-10,1,8.809983853552695e-9,-0.6920253038406372,-6.850022771232034e-9,0.7218732237815857],8,0.3305318355560303],[[774.6470947265625,222.69961547851563,46.94344711303711,0.6871442794799805,3.617662072685768e-11,0.7265209555625916,-4.906083539424344e-9,1,4.590384516944823e-9,-0.7265209555625916,-6.718629208535276e-9,0.6871442794799805],8,0.3396260738372803],[[774.4487915039063,222.69961547851563,46.917476654052737,0.6376540660858154,8.61495852433336e-9,0.770322859287262,-1.0684868101407119e-8,1,-2.338901294862694e-9,-0.770322859287262,-6.739388158649717e-9,0.6376540660858154],8,0.350435733795166],[[774.3165893554688,222.69961547851563,46.89987564086914,0.6064402461051941,1.4420823646332792e-8,0.7951290607452393,-1.4228067612975792e-8,1,-7.284793657191813e-9,-0.7951290607452393,-6.8953576182195779e-9,0.6064402461051941],8,0.3609931468963623],[[774.1184692382813,222.69961547851563,46.87309646606445,0.5623788833618164,2.324092740479955e-8,0.8268796801567078,-1.9133679529659277e-8,1,-1.50935495213389e-8,-0.8268796801567078,-7.332958240624521e-9,0.5623788833618164],8,0.3727855682373047],[[773.9203491210938,222.69961547851563,46.84596633911133,0.521475613117218,3.2176341591139138e-8,0.853266179561615,-2.360955697611189e-8,1,-2.328058101852548e-8,-0.853266179561615,-8.004982454679066e-9,0.521475613117218],8,0.3847982883453369],[[773.5901489257813,222.69961547851563,46.80063247680664,0.09029749780893326,4.030205147387278e-8,0.9959148168563843,-2.4869764914114968e-8,1,-3.821247673840844e-8,-0.9959148168563843,-2.1317678289278775e-8,0.09029749780893326],8,0.4042983055114746],[[773.3920288085938,222.69961547851563,46.77342987060547,0.1276988536119461,4.970307898588544e-8,0.9918130040168762,-2.6454726409497199e-8,1,-4.6707231859954848e-8,-0.9918130040168762,-2.0273681400340139e-8,0.1276988536119461],8,0.4253807067871094],[[773.1278686523438,222.69961547851563,46.737159729003909,0.1255268007516861,6.097501170643227e-8,0.9920902252197266,-2.8919656003267847e-8,1,-5.7802019171049326e-8,-0.9920902252197266,-2.1435203834130335e-8,0.1255268007516861],8,0.43361449241638186],[[772.9956665039063,222.69961547851563,46.71988296508789,0.12372124940156937,6.657550954969338e-8,0.9923170208930969,-3.0177790932839346e-8,1,-6.332842872325273e-8,-0.9923170208930969,-2.2110862474278293e-8,0.12372124940156937],8,0.4416542053222656],[[772.7971801757813,222.69961547851563,46.69493103027344,0.1238132044672966,7.5028850687886e-8,0.9923055171966553,-3.207496845902824e-8,1,-7.160853954246704e-8,-0.9923055171966553,-2.2962087342648375e-8,0.1238132044672966],8,0.45340728759765627],[[772.5325317382813,222.69961547851563,46.66188430786133,0.1203966960310936,8.620774138989873e-8,0.9927258491516113,-3.456942820889708e-8,1,-8.264688489134642e-8,-0.9927258491516113,-2.436755153212289e-8,0.1203966960310936],8,0.47129106521606448],[[772.4002075195313,222.69961547851563,46.64570999145508,0.11867602914571762,9.179083093613372e-8,0.9929330348968506,-3.580672824909925e-8,1,-8.816449081905376e-8,-0.9929330348968506,-2.5090672650662783e-8,0.11867602914571762],8,0.4806098937988281],[[772.2015991210938,222.69961547851563,46.621891021728519,0.11520735919475556,1.0013627615990117e-7,0.9933414459228516,-3.7632897686989966e-8,1,-9.64428537031381e-8,-0.9933414459228516,-2.6271390396459539e-8,0.11520735919475556],8,0.49101734161376955],[[772.0691528320313,222.69961547851563,46.606407165527347,0.11347255855798722,1.0570965969236568e-7,0.9935411214828491,-3.884008137333694e-8,1,-1.0196092858905104e-7,-0.9935411214828491,-2.701945156502461e-8,0.11347255855798722],8,0.5023665428161621],[[771.8704833984375,222.69961547851563,46.58362579345703,0.11347252875566483,1.1413427358775152e-7,0.9935411214828491,-4.0649901222877818e-8,1,-1.1023361423667666e-7,-0.9935411214828491,-2.7878863662067489e-8,0.11347252875566483],8,0.5117490291595459],[[771.738037109375,222.69961547851563,46.5684928894043,0.10652773082256317,1.1955010847941595e-7,0.9943097233772278,-4.181726254159912e-8,1,-1.1575407654618175e-7,-0.9943097233772278,-2.924829090034109e-8,0.10652773082256317],8,0.5229370594024658],[[771.60546875,222.69961547851563,46.55405044555664,0.10652773082256317,1.251611223551663e-7,0.9943097233772278,-4.2984122927691718e-8,1,-1.2127219406465884e-7,-0.9943097233772278,-2.9820682811987356e-8,0.10652773082256317],8,0.5321266651153565],[[771.34033203125,222.69961547851563,46.525604248046878,0.09957820922136307,1.020985891386772e-7,0.9950297474861145,-3.404892012781602e-8,1,-9.920111665451259e-8,-0.9950297474861145,-2.4001417742169907e-8,0.09957820922136307],8,0.5453293323516846],[[771.1412963867188,222.69961547851563,46.50542449951172,0.09262298792600632,5.92615698735699e-8,0.995701253414154,-1.9251919169960275e-8,1,-5.7726552427084246e-8,-0.995701253414154,-1.3822353928105713e-8,0.09262298792600632],8,0.5566332340240479],[[771.0086059570313,222.69961547851563,46.492820739746097,0.09088382124900818,3.080799260146705e-8,0.9958615303039551,-9.440803694360511e-9,1,-3.007443893920936e-8,-0.9958615303039551,-6.668452900981947e-9,0.09088382124900818],8,0.5695312023162842],[[770.8093872070313,222.69961547851563,46.47454071044922,0.08740383386611939,-1.1836741364845693e-8,0.9961729645729065,5.123077073676541e-9,1,1.1432717883508304e-8,-0.9961729645729065,4.104207196320431e-9,0.08740383386611939],8,0.5832333564758301],[[770.5437622070313,222.69961547851563,46.45109176635742,0.07347528636455536,-6.856406997712839e-8,0.9972970485687256,2.3752413369493298e-8,1,6.699995225289968e-8,-0.9972970485687256,1.8765371478934868e-8,0.07347528636455536],8,0.6064717769622803],[[770.0789184570313,224.17391967773438,46.41026306152344,0.06650533527135849,-1.6768967725511175e-7,0.9977860450744629,5.563600780078559e-8,1,1.6435345173704264e-7,-0.9977860450744629,4.458245328464727e-8,0.06650533527135849],3,0.6251089572906494],[[769.87939453125,224.75466918945313,46.39616394042969,0.06650533527135849,-1.488141236904994e-7,0.9977860450744629,4.91117297940491e-8,1,1.4587088514872449e-7,-0.9977860450744629,3.930180625388857e-8,0.06650533527135849],5,0.6446428298950195],[[769.61328125,225.4813232421875,46.37838363647461,0.06650533527135849,-1.2366555779408373e-7,0.9977860450744629,4.041919510200387e-8,1,1.21245889772581e-7,-0.9977860450744629,3.2266207483644396e-8,0.06650533527135849],5,0.6524355411529541],[[769.480224609375,225.82420349121095,46.3695182800293,0.06650533527135849,-1.1109933950592677e-7,0.9977860450744629,3.6075714859862276e-8,1,1.0894130042515826e-7,-0.9977860450744629,2.875066762442202e-8,0.06650533527135849],5,0.6700139045715332],[[769.2806396484375,226.31298828125,46.35622024536133,0.06650533527135849,-9.22600875696844e-8,0.9977860450744629,2.9563974379698267e-8,1,9.049427518448283e-8,-0.9977860450744629,2.3480168920286816e-8,0.06650533527135849],5,0.6762099266052246],[[769.1475830078125,226.62181091308595,46.347354888916019,0.06650533527135849,-7.970730564466067e-8,0.9977860450744629,2.5225133981621185e-8,1,7.820283087767166e-8,-0.9977860450744629,1.9968380726709257e-8,0.06650533527135849],5,0.6836047172546387],[[769.0145263671875,226.91700744628907,46.3384895324707,0.06650533527135849,-6.715988121186456e-8,0.9977860450744629,2.0888148100084437e-8,1,6.591664458710511e-8,-0.9977860450744629,1.645809355466099e-8,0.06650533527135849],5,0.6919972896575928],[[768.81494140625,227.33425903320313,46.325191497802737,0.06650533527135849,-4.83488165059498e-8,0.9977860450744629,1.43861447199356e-8,1,4.7497216826286606e-8,-0.9977860450744629,1.1195476545822203e-8,0.06650533527135849],5,0.7035799026489258],[[768.7484130859375,227.46652221679688,46.32075881958008,0.06650533527135849,-4.2081143902805709e-8,0.9977860450744629,1.2219737222096683e-8,1,4.1360035396564857e-8,-0.9977860450744629,9.4420204987955e-9,0.06650533527135849],5,0.7129571437835693],[[768.548828125,227.8428955078125,46.30746078491211,0.06650533527135849,-2.3286165884428557e-8,0.9977860450744629,5.7232929506767508e-9,1,2.2956360368198149e-8,-0.9977860450744629,4.183901225474074e-9,0.06650533527135849],5,0.7217843532562256],[[768.415771484375,228.0767822265625,46.2985954284668,0.06650533527135849,-1.076287858836622e-8,0.9977860450744629,1.3946443999657277e-9,1,1.0693802288130883e-8,-0.9977860450744629,6.803617669248752e-10,0.06650533527135849],5,0.7329058647155762],[[768.2161865234375,228.40206909179688,46.28529739379883,0.06650533527135849,8.012011498692573e-9,0.9977860450744629,-5.094859201193458e-9,1,-7.690202252774725e-9,-0.9977860450744629,-4.572139999936553e-9,0.06650533527135849],5,0.7418885231018066],[[768.0831298828125,228.6018829345703,46.276432037353519,0.06650533527135849,2.0521913057791609e-8,0.9977860450744629,-9.418882562783893e-9,1,-1.9939653483902476e-8,-0.9977860450744629,-8.07193689666974e-9,0.06650533527135849],5,0.7524685859680176],[[767.9500732421875,228.7880859375,46.2675666809082,0.06650533527135849,3.302646689462563e-8,0.9977860450744629,-1.374105806917214e-8,1,-3.2183866238710837e-8,-0.9977860450744629,-1.1570238100944153e-8,0.06650533527135849],5,0.7626693248748779],[[767.75048828125,229.0418243408203,46.254268646240237,0.06650533527135849,5.1773266562804568e-8,0.9977860450744629,-2.0220856100650054e-8,1,-5.054036478213675e-8,-0.9977860450744629,-1.6814885483995569e-8,0.06650533527135849],5,0.7722885608673096],[[767.5509033203125,229.26492309570313,46.240970611572269,0.06650533527135849,7.050804384789444e-8,0.9977860450744629,-2.6696501009837449e-8,1,-6.88850931851448e-8,-0.9977860450744629,-2.2056170223549999e-8,0.06650533527135849],5,0.7830367088317871],[[767.351318359375,229.45736694335938,46.2276725769043,0.06487119942903519,8.91921629886383e-8,0.9978936314582825,-3.3144864630685336e-8,1,-8.722574307284958e-8,-0.9978936314582825,-2.7416611203534559e-8,0.06487119942903519],5,0.7956867218017578],[[767.1517333984375,229.619140625,46.214656829833987,0.06481411308050156,1.0789990767534619e-7,0.9978973269462586,-3.958383132385279e-8,1,-1.0555626772656979e-7,-0.9978973269462586,-3.265906656224615e-8,0.06481411308050156],5,0.8240296840667725],[[766.7525634765625,229.85073852539063,46.18874740600586,0.06624683737754822,1.4534063552673616e-7,0.997803270816803,-5.2467907352138357e-8,1,-1.421771287368756e-7,-0.997803270816803,-4.29338662399914e-8,0.06624683737754822],5,0.832256555557251],[[766.68603515625,229.87741088867188,46.184356689453128,0.06647251546382904,1.5157800703491376e-7,0.9977882504463196,-5.46157004066572e-8,1,-1.4827550387508382e-7,-0.9977882504463196,-4.4638657215045899e-8,0.06647251546382904],5,0.8401892185211182],[[766.4864501953125,229.93701171875,46.171077728271487,0.06320061534643173,1.5327529467867863e-7,0.9980008602142334,-5.5035609847209346e-8,1,-1.5009707965418785e-7,-0.9980008602142334,-4.5439357165832919e-8,0.06320061534643173],5,0.8511881828308106],[[766.286865234375,229.9659423828125,46.15834045410156,0.056578248739242557,1.2117199332806195e-7,0.9983981847763062,-4.372311934730533e-8,1,-1.1888865003584215e-7,-0.9983981847763062,-3.69265720223666e-8,0.056578248739242557],5,0.8626985549926758],[[766.15380859375,229.96820068359376,46.1506233215332,0.04445882886648178,9.95203635056896e-8,0.999011218547821,-3.646827906322869e-8,1,-9.799592248782574e-8,-0.999011218547821,-3.207543741723384e-8,0.04445882886648178],5,0.8732056617736816],[[765.9540405273438,229.946044921875,46.141353607177737,0.008202733471989632,6.645585415299138e-8,0.9999663829803467,-2.693237100004353e-8,1,-6.623716330977914e-8,-0.9999663829803467,-2.638813789701544e-8,0.008202733471989632],5,0.886850118637085],[[765.6874389648438,229.8688201904297,46.13837432861328,-0.06771595031023026,2.1704437358494034e-8,0.9977046251296997,-1.7876670810323959e-8,1,-2.296769352483352e-8,-0.9977046251296997,-1.9390917316286506e-8,-0.06771595031023026],5,0.9101161956787109],[[765.3549194335938,229.69564819335938,46.15908432006836,-0.16450615227222444,-3.347863497538128e-8,0.9863760471343994,-1.2012169037234344e-8,1,3.1937677391624678e-8,-0.9863760471343994,-6.594572443674451e-9,-0.16450615227222444],5,0.9188516139984131],[[765.222900390625,229.60252380371095,46.17656326293945,-0.2334018349647522,-5.505507516545549e-8,0.9723803997039795,-1.1073148620255325e-8,1,5.3960963697363698e-8,-0.9723803997039795,1.827274997978634e-9,-0.2334018349647522],5,0.9275968074798584],[[765.092529296875,229.49578857421876,46.20357131958008,-0.3552739918231964,-7.5541727539985e-8,0.9347622394561768,-1.283352535352833e-8,1,7.593621376145166e-8,-0.9347622394561768,1.4981868190488968e-8,-0.3552739918231964],5,0.9388303756713867],[[764.9017944335938,229.3101348876953,46.26163101196289,-0.4152490496635437,-1.061991028450393e-7,0.90970778465271,-1.772866120575145e-8,1,1.086472991573828e-7,-0.90970778465271,2.8987786393486205e-8,-0.4152490496635437],5,0.9513390064239502],[[764.7787475585938,229.16934204101563,46.31206130981445,-0.4807855784893036,-1.2498766466251255e-7,0.876838207244873,-2.2576100988658255e-8,1,1.3016472166782479e-7,-0.876838207244873,4.2785735843153819e-8,-0.4807855784893036],5,0.9606263637542725],[[764.6011962890625,228.93258666992188,46.40333557128906,-0.5889610052108765,-1.3350040717341472e-7,0.8081614375114441,-2.9146113078581949e-8,1,1.4394956338037446e-7,-0.8081614375114441,6.122591145185652e-8,-0.5889610052108765],5,0.9724719524383545],[[764.4228515625,228.66517639160157,46.48402786254883,-0.6033803820610046,-1.1087145423971379e-7,0.7974535226821899,-1.9536878781423185e-8,1,1.242496097120238e-7,-0.7974535226821899,5.939002534205429e-8,-0.6033803820610046],5,0.9875514507293701],[[764.177978515625,228.2609405517578,46.55759811401367,-0.6485022306442261,-7.638612942173495e-8,0.7612127661705017,-8.661900641193654e-10,1,9.960999847180574e-8,-0.7612127661705017,6.393795359826982e-8,-0.6485022306442261],5,1.009781837463379],[[763.92138671875,227.80221557617188,46.59330749511719,-0.7256742715835571,-3.7746570313856867e-8,0.6880384087562561,2.0381799359370235e-8,1,7.635782850456963e-8,-0.6880384087562561,6.943437114159679e-8,-0.7256742715835571],5,1.0174264907836915],[[763.789794921875,227.5524139404297,46.610198974609378,-0.7835413217544556,-1.5901468586321245e-8,0.6213396787643433,3.121764891034218e-8,1,6.49593019375061e-8,-0.6213396787643433,7.029505866285035e-8,-0.7835413217544556],5,1.0333387851715088],[[763.5269775390625,227.01193237304688,46.65433883666992,-0.7769082188606262,1.4750730414903046e-8,0.6296138763427734,5.263410685074632e-8,1,4.1519321314353877e-8,-0.6296138763427734,6.539586649978446e-8,-0.7769082188606262],5,1.0424563884735108],[[763.3964233398438,226.72125244140626,46.68132400512695,-0.8223313093185425,3.541002158158335e-8,0.5690089464187622,6.366130378410162e-8,1,2.9772227350122195e-8,-0.5690089464187622,6.070648339573381e-8,-0.8223313093185425],5,1.052715539932251],[[763.20166015625,226.2596893310547,46.72685623168945,-0.8182547092437744,5.889742737963388e-8,0.5748558640480042,8.00333523898189e-8,1,1.1464155846852009e-8,-0.5748558640480042,5.5388237996112369e-8,-0.8182547092437744],5,1.062312364578247],[[763.0092163085938,225.76747131347657,46.75833511352539,-0.8302704095840454,8.504466819658774e-8,0.557360827922821,9.668967493325909e-8,1,-8.551181984728374e-9,-0.557360827922821,4.679124288031744e-8,-0.8302704095840454],5,1.0764589309692383],[[762.8198852539063,225.24459838867188,46.767677307128909,-0.8347963094711304,1.1125518994958839e-7,0.5505589246749878,1.1321521498075526e-7,1,-3.041190765884494e-8,-0.5505589246749878,3.694389860697811e-8,-0.8347963094711304],5,1.1005995273590088],[[762.5103759765625,224.3050079345703,46.73396682739258,-0.815279483795166,1.550844075381974e-7,0.5790677070617676,1.3983294877562003e-7,1,-7.094417497910399e-8,-0.5790677070617676,2.313341518345169e-8,-0.815279483795166],5,1.108720064163208],[[762.2670288085938,223.49203491210938,46.66251754760742,-0.8425172567367554,1.2287436845781486e-7,0.5386693477630615,1.0191843102802523e-7,1,-6.869952784427369e-8,-0.5386693477630615,-2.9802074141827008e-9,-0.8425172567367554],5,1.1258833408355713],[[762.1460571289063,223.0651092529297,46.60963439941406,-0.8966540098190308,1.0509995718166465e-7,0.44273194670677187,8.572120435701436e-8,1,-6.378056838229895e-8,-0.44273194670677187,-1.9237589299336834e-8,-0.8966540098190308],7,1.1360106468200684],[[761.96435546875,222.5082244873047,46.52653503417969,-0.9093225002288818,7.997508078005922e-8,0.41609203815460207,6.332128776875834e-8,1,-5.382369039352852e-8,-0.41609203815460207,-2.2595608939468549e-8,-0.9093225002288818],7,1.1477632522583008],[[761.7817993164063,222.444091796875,46.44491958618164,-0.9150830507278442,5.53268293401743e-8,0.40326547622680666,4.133594089239523e-8,1,-4.339823789223374e-8,-0.40326547622680666,-2.3043632779717883e-8,-0.9150830507278442],7,1.1576738357543946],[[761.6597900390625,222.48118591308595,46.391231536865237,-0.9186011552810669,3.893762823281577e-8,0.3951859176158905,2.6683270704097596e-8,1,-3.65052130746335e-8,-0.3951859176158905,-2.298887835650021e-8,-0.9186011552810669],7,1.1693456172943116],[[761.4761962890625,222.54779052734376,46.311988830566409,-0.9227740168571472,1.4434438533328376e-8,0.385341614484787,4.622615623617321e-9,1,-2.6389075813426645e-8,-0.385341614484787,-2.256986597615196e-8,-0.9227740168571472],8,1.1820943355560303],[[761.2918090820313,222.60003662109376,46.23456573486328,-0.9248262643814087,-9.924021604490463e-9,0.3803897202014923,-1.7473746893870158e-8,1,-1.6394132273944707e-8,-0.3803897202014923,-2.180855851463548e-8,-0.9248262643814087],8,1.1934683322906495],[[761.10693359375,222.63568115234376,46.158287048339847,-0.9281201958656311,-3.4335812415520198e-8,0.37228071689605715,-3.964196793049268e-8,1,-6.59904753064211e-9,-0.37228071689605715,-2.0882648499309654e-8,-0.9281201958656311],8,1.205538034439087],[[760.9214477539063,222.65890502929688,46.08351135253906,-0.9294158816337586,-5.861428675757452e-8,0.36903396248817446,-6.182999356951768e-8,1,3.112191393483954e-9,-0.36903396248817446,-1.9924849326002915e-8,-0.9294158816337586],8,1.217397928237915],[[760.7975463867188,222.66954040527345,46.034183502197269,-0.9307013154029846,-7.481212804805182e-8,0.3657800853252411,-7.66366596849366e-8,1,9.53111101154036e-9,-0.3657800853252411,-1.9161547015755788e-8,-0.9307013154029846],8,1.2333424091339112],[[760.5494384765625,222.6832275390625,45.936492919921878,-0.9307019710540772,-1.0704847142051222e-7,0.365778386592865,-1.0623102753015701e-7,1,2.236064489125056e-8,-0.365778386592865,-1.8045918537268336e-8,-0.9307019710540772],8,1.2441766262054444],[[760.3632202148438,222.68923950195313,45.86333084106445,-0.9307019710540772,-9.652252686009888e-8,0.365778386592865,-9.463426664524377e-8,1,2.309112012710557e-8,-0.365778386592865,-1.3124218156690404e-8,-0.9307019710540772],8,1.2548861503601075],[[760.2390747070313,222.6919708251953,45.8145637512207,-0.930701732635498,-7.794974976604863e-8,0.3657790422439575,-7.565098059103548e-8,1,2.0616967688624756e-8,-0.3657790422439575,-8.483294067218594e-9,-0.930701732635498],8,1.276444673538208],[[759.9287109375,222.69606018066407,45.69264602661133,-0.9294166564941406,-3.152241134785072e-8,0.36903202533721926,-2.8250170203136805e-8,1,1.4270394643745022e-8,-0.36903202533721926,2.837925672238839e-9,-0.9294166564941406],8,1.284977674484253],[[759.7427978515625,222.6973876953125,45.61896514892578,-0.9274698495864868,-3.7223297777444488e-9,0.3738979399204254,1.4567862194336812e-10,1,1.0316831833279139e-8,-0.3738979399204254,9.62301971441093e-9,-0.9274698495864868],8,1.2976946830749512],[[759.5572509765625,222.69822692871095,45.544376373291019,-0.9221526980400086,2.394021691998205e-8,0.3868260383605957,2.846532787259548e-8,1,5.96951155173997e-9,-0.3868260383605957,1.6515931733351864e-8,-0.9221526980400086],8,1.308600664138794],[[759.4341430664063,222.69859313964845,45.49325180053711,-0.918737530708313,4.231622341421826e-8,0.39486873149871828,4.730897984472904e-8,1,2.908079999031088e-9,-0.39486873149871828,2.1352599688384545e-8,-0.918737530708313],8,1.3188886642456055],[[759.250244140625,222.698974609375,45.414649963378909,-0.9145475029945374,6.985706590967311e-8,0.4044784605503082,7.550969627345694e-8,1,-1.9775245885256256e-9,-0.4044784605503082,2.8733504464639738e-8,-0.9145475029945374],8,1.3304288387298585],[[759.0061645507813,222.69927978515626,45.30718994140625,-0.8952422738075256,1.0547561402063366e-7,0.44557973742485049,1.1274828182195052e-7,1,-1.0185802423734458e-8,-0.44557973742485049,4.1119587734783639e-8,-0.8952422738075256],8,1.3476276397705079],[[758.8263549804688,222.69943237304688,45.21963882446289,-0.8865175247192383,8.26855668378812e-8,0.46269500255584719,8.785620764228952e-8,1,-1.0372930070445819e-8,-0.46269500255584719,3.1454842286393617e-8,-0.8865175247192383],8,1.3623483180999756],[[758.648681640625,222.69952392578126,45.127830505371097,-0.8680883646011353,5.944957948145202e-8,0.49640971422195437,6.299126198427985e-8,1,-9.604161910203857e-9,-0.49640971422195437,2.293221257332334e-8,-0.8680883646011353],8,1.3722479343414307],[[758.5322875976563,222.69955444335938,45.062835693359378,-0.8592851161956787,4.440337875166733e-8,0.5114969611167908,4.643495898903893e-8,1,-8.802611084490764e-9,-0.5114969611167908,1.618738743047743e-8,-0.8592851161956787],8,1.3826673030853272],[[758.3600463867188,222.69960021972657,44.9612922668457,-0.8529691696166992,2.225907458353049e-8,0.5219613313674927,2.163030998758586e-8,1,-7.297643378478824e-9,-0.5219613313674927,5.0655204475447139e-9,-0.8529691696166992],8,1.393646478652954],[[758.1891479492188,222.69961547851563,44.857337951660159,-0.8455933928489685,2.5705410022780486e-10,0.5338274836540222,-3.1350111395767046e-9,1,-5.447450490692063e-9,-0.5338274836540222,-6.2798832800581298e-9,-0.8455933928489685],8,1.4057419300079346],[[758.0197143554688,222.69961547851563,44.751041412353519,-0.8455937504768372,-2.1657967863575324e-8,0.5338268876075745,-2.788445385704108e-8,1,-3.5984579760395265e-9,-0.5338268876075745,-1.7928305950931646e-8,-0.8455937504768372],8,1.4178466796875],[[757.8505249023438,222.69961547851563,44.6442985534668,-0.8455941677093506,-4.355894489549428e-8,0.5338262915611267,-5.261802726863607e-8,1,-1.7506691651902884e-9,-0.5338262915611267,-2.9569241277727089e-8,-0.8455941677093506],8,1.4284372329711915],[[757.7377319335938,222.69961547851563,44.573123931884769,-0.8455945253372192,-5.8151808701722987e-8,0.533825695514679,-6.909827021672754e-8,1,-5.194765728688822e-10,-0.533825695514679,-3.732569808789776e-8,-0.8455945253372192],8,1.4385714530944825],[[757.6249389648438,222.69961547851563,44.501949310302737,-0.8455945253372192,-7.273841617916332e-8,0.533825695514679,-8.557146458088028e-8,1,7.111899957834567e-10,-0.533825695514679,-4.507886686155871e-8,-0.8455945253372192],8,1.4495608806610108],[[757.3993530273438,222.69961547851563,44.35960006713867,-0.843725323677063,-1.0173507547506233e-7,0.5367751717567444,-1.1848795367086496e-7,1,3.2859064358348179e-9,-0.5367751717567444,-6.082898806880621e-8,-0.843725323677063],8,1.4619312286376954],[[757.2305297851563,222.69961547851563,44.252357482910159,-0.8427889347076416,-7.732824514050663e-8,0.5382442474365234,-8.968444831225497e-8,1,3.2386568982190058e-9,-0.5382442474365234,-4.554263455247565e-8,-0.8427889347076416],8,1.4756174087524415],[[757.0618896484375,222.69961547851563,44.14476776123047,-0.8418492674827576,-5.296360683360035e-8,0.53971266746521,-6.089953075161248e-8,1,3.1412565881794309e-9,-0.53971266746521,-3.0223784364125098e-8,-0.8418492674827576],8,1.488196849822998],[[756.9495849609375,222.69961547851563,44.07286071777344,-0.8418505787849426,-3.678223592373797e-8,0.5397106409072876,-4.1719836474385377e-8,1,3.0764022440621376e-9,-0.5397106409072876,-1.9926769567746306e-8,-0.8418505787849426],8,1.4990499019622803],[[756.7811279296875,222.69961547851563,43.96492385864258,-0.8418505787849426,-1.2523033277034301e-8,0.5397106409072876,-1.2965655216135019e-8,1,2.979169133610071e-9,-0.5397106409072876,-4.489686844522112e-9,-0.8418505787849426],8,1.5108015537261963],[[756.5565185546875,222.69961547851563,43.82100296020508,-0.8409073948860169,1.980623665076564e-8,0.5411790609359741,2.534430088019235e-8,1,2.7827624649034989e-9,-0.5411790609359741,1.605584998287668e-8,-0.8409073948860169],8,1.5376553535461426],[[756.2200317382813,222.69961547851563,43.604591369628909,-0.8371059894561768,6.812394559574386e-8,0.5470407009124756,8.274442819811157e-8,1,2.0874320050268126e-9,-0.5470407009124756,4.7011972981181319e-8,-0.8371059894561768],8,1.5610716342926026],[[755.9408569335938,222.69961547851563,43.42247772216797,-0.8322981595993042,7.89692222724625e-8,0.554328203201294,9.547732560122313e-8,1,8.954694763474436e-10,-0.554328203201294,5.367107291931461e-8,-0.8322981595993042],8,1.5829493999481202],[[755.6632690429688,222.69961547851563,43.23798751831055,-0.8303571939468384,4.647145956937493e-8,0.5572314858436585,5.5663516462800547e-8,1,-4.5018297423204958e-10,-0.5572314858436585,3.0643651172113098e-8,-0.8303571939468384],8,1.5912463665008546],[[755.552490234375,222.69961547851563,43.16379165649414,-0.8303576111793518,3.3557206791101638e-8,0.5572308897972107,3.974990292476832e-8,1,-9.88053305839287e-10,-0.5572308897972107,2.1329435995198766e-8,-0.8303576111793518],8,1.6103742122650147],[[755.2203369140625,222.69961547851563,42.94091796875,-0.8293847441673279,-5.189752627643429e-9,0.5586778521537781,-7.952888125828395e-9,1,-2.517106523214352e-9,-0.5586778521537781,-6.530752383326899e-9,-0.8293847441673279],8,1.6260194778442383],[[755.054443359375,222.69961547851563,42.82923889160156,-0.8274288177490234,-2.450316927138374e-8,0.5615705847740173,-3.178387686375572e-8,1,-3.197687226119683e-9,-0.5615705847740173,-2.04947490090035e-8,-0.8274288177490234],8,1.6465070247650147],[[754.8336791992188,222.69961547851563,42.679603576660159,-0.8195024132728577,-4.997685110197381e-8,0.5730757117271423,-6.354434844979551e-8,1,-3.660767022850564e-9,-0.5730757117271423,-3.941573112342667e-8,-0.8195024132728577],8,1.6545238494873047],[[754.6694946289063,222.69961547851563,42.565425872802737,-0.8124323487281799,-6.879841407680942e-8,0.5830554366111755,-8.734935619258977e-8,1,-3.7166818511735757e-9,-0.5830554366111755,-5.394906921196707e-8,-0.8124323487281799],8,1.6660430431365967],[[754.5067138671875,222.74302673339845,42.449214935302737,-0.7958225011825562,-8.655900529674909e-8,0.6055299639701843,-1.1113138498330955e-7,1,-3.1077738160689707e-9,-0.6055299639701843,-6.976662092483821e-8,-0.7958225011825562],8,1.6895349025726319],[[754.2407836914063,222.85812377929688,42.248291015625,-0.7686300873756409,-6.118246886899215e-8,0.6396934986114502,-7.962960069107794e-8,1,-3.6327389013601777e-11,-0.6396934986114502,-5.0966459497203689e-8,-0.7686300873756409],8,1.699338674545288],[[754.0859985351563,222.92941284179688,42.12165451049805,-0.7596184611320496,-3.8972558513705738e-8,0.6503689885139465,-5.007117565014596e-8,1,1.4415976190562674e-9,-0.6503689885139465,-3.1469674866002609e-8,-0.7596184611320496],8,1.7214438915252686],[[753.883056640625,223.0331268310547,41.94871139526367,-0.7269127368927002,-8.75289263291279e-9,0.6867297887802124,-1.0640248682136644e-8,1,1.4829127925608532e-9,-0.6867297887802124,-6.22902751601373e-9,-0.7269127368927002],8,1.7290747165679932],[[753.7850341796875,223.07408142089845,41.858402252197269,-0.7135836482048035,5.676465519854901e-9,0.7005700469017029,9.059334615812986e-9,1,1.1249804421353816e-9,-0.7005700469017029,7.149465908184993e-9,-0.7135836482048035],8,1.7425241470336915],[[753.5940551757813,223.13006591796876,41.672325134277347,-0.6924701929092407,3.405947879286941e-8,0.7214464545249939,4.839465717054736e-8,1,-7.590621464714786e-10,-0.7214464545249939,3.438852758108624e-8,-0.6924701929092407],8,1.7680175304412842],[[753.316162109375,223.17153930664063,41.38459396362305,-0.6861459016799927,7.660882062054952e-8,0.727463960647583,1.0730772004308165e-7,1,-4.096520900276346e-9,-0.727463960647583,7.525169110067509e-8,-0.6861459016799927],8,1.7801241874694825],[[753.2244873046875,223.17889404296876,41.28780746459961,-0.6848720908164978,7.761355647062374e-8,0.7286632657051086,1.0860581767246913e-7,1,-4.4361549988991559e-9,-0.7286632657051086,7.609887120452186e-8,-0.6848720908164978],8,1.8006103038787842],[[752.9961547851563,223.18992614746095,41.04500198364258,-0.6999959945678711,4.921114538092297e-8,0.7141467928886414,6.605589675245938e-8,1,-4.162002742447157e-9,-0.7141467928886414,4.4260222153980069e-8,-0.6999959945678711],8,1.8093035221099854],[[752.8567504882813,223.1934814453125,40.9016227722168,-0.7123642563819885,3.20038360257513e-8,0.7018099427223206,4.0548787438865477e-8,1,-4.443266199416485e-9,-0.7018099427223206,2.529231757364414e-8,-0.7123642563819885],8,1.8326520919799805],[[752.6198120117188,223.19676208496095,40.66716384887695,-0.7584839463233948,3.7219147763778439e-9,0.651691734790802,-1.7963255327657635e-9,1,-7.80184628013103e-9,-0.651691734790802,-7.0882260061466699e-9,-0.7584839463233948],8,1.8399884700775147],[[752.520263671875,223.19752502441407,40.57854461669922,-0.7764010429382324,-8.44042080672125e-9,0.6302391290664673,-1.867757681850435e-8,1,-9.616777596477278e-9,-0.6302391290664673,-1.9237816673012277e-8,-0.7764010429382324],8,1.8527121543884278],[[752.31982421875,224.07064819335938,40.402870178222659,-0.8134580850601196,-3.351030031240043e-8,0.5816234946250916,-5.213374620893774e-8,1,-1.52991006530101e-8,-0.5816234946250916,-4.276738962971649e-8,-0.8134580850601196],3,1.8797571659088135],[[752.0527954101563,225.08966064453126,40.203819274902347,-0.7942582368850708,-6.667122676162762e-8,0.6075803637504578,-9.526754496391732e-8,1,-1.4805952908147902e-8,-0.6075803637504578,-6.964243937090942e-8,-0.7942582368850708],5,1.8984668254852296],[[751.8258056640625,225.8435516357422,40.064231872558597,-0.8237870335578919,-1.0229148017515399e-7,0.5668994188308716,-1.3075762694825244e-7,1,-9.56952916908449e-9,-0.5668994188308716,-8.200967727134412e-8,-0.8237870335578919],5,1.905693769454956],[[751.6488647460938,226.3732147216797,39.971195220947269,-0.8556631207466126,-1.330436418811587e-7,0.5175331830978394,-1.5787202300998616e-7,1,-3.9449266076019288e-9,-0.5175331830978394,-8.50795487394862e-8,-0.8556631207466126],5,1.9173767566680909],[[751.4688110351563,226.87222290039063,39.8841667175293,-0.8688100576400757,-1.1732598181879439e-7,0.4951454699039459,-1.3272924093143957e-7,1,4.058363423098399e-9,-0.4951454699039459,-6.219433146270603e-8,-0.8688100576400757],5,1.9285593032836915],[[751.347412109375,227.18785095214845,39.829158782958987,-0.9072598814964294,-1.09514417090395e-7,0.4205704927444458,-1.1639468766588834e-7,1,9.306845960566079e-9,-0.4205704927444458,-4.0508442822329019e-8,-0.9072598814964294],5,1.9394450187683106],[[751.1615600585938,227.63575744628907,39.755401611328128,-0.9034929871559143,-8.990330258029644e-8,0.42860284447669985,-9.208115159253794e-8,1,1.5652323881454323e-8,-0.42860284447669985,-2.5324480290578323e-8,-0.9034929871559143],5,1.950087308883667],[[751.0363159179688,227.91732788085938,39.70968246459961,-0.9267318844795227,-7.780564459380912e-8,0.3757232427597046,-7.607905416762151e-8,1,1.943120864211778e-8,-0.3757232427597046,-1.0577148046309049e-8,-0.9267318844795227],5,1.9610519409179688],[[750.8466796875,228.3141326904297,39.646034240722659,-0.9337334036827087,-5.759463306276302e-8,0.35796919465065,-5.2348035239901949e-8,1,2.434714119203818e-8,-0.35796919465065,3.994755637393155e-9,-0.9337334036827087],5,1.9767999649047852],[[750.590087890625,228.7955322265625,39.573875427246097,-0.9439084529876709,-2.9612346352791975e-8,0.3302071988582611,-2.106554575220798e-8,1,2.9461499906346945e-8,-0.3302071988582611,2.0852965576523276e-8,-0.9439084529876709],5,1.9894795417785645],[[750.3948364257813,229.12081909179688,39.530879974365237,-0.9637652039527893,-6.432532284605941e-9,0.2667519748210907,2.2797728149726028e-9,1,3.235101786458472e-8,-0.2667519748210907,3.1786917986664778e-8,-0.9637652039527893],5,2.0007400512695314],[[750.263671875,229.3206329345703,39.50706481933594,-0.9855290055274963,1.1611497541252902e-8,0.16950704157352448,1.7729657741938355e-8,1,3.458023556390799e-8,-0.16950704157352448,3.708512608113779e-8,-0.9855290055274963],5,2.010570764541626],[[750.0652465820313,229.59481811523438,39.48292922973633,-0.9849081039428711,3.3964692391919019e-8,0.1730782389640808,4.094693295542129e-8,1,3.6771087508213898e-8,-0.1730782389640808,4.330316372147536e-8,-0.9849081039428711],5,2.0225791931152345],[[749.8659057617188,229.83834838867188,39.46683883666992,-0.989359974861145,5.8068820862899886e-8,0.1454882174730301,6.426326848441022e-8,1,3.787720359582636e-8,-0.1454882174730301,4.682373955233743e-8,-0.989359974861145],5,2.0343687534332277],[[749.7327880859375,229.98367309570313,39.459678649902347,-0.9978539347648621,7.717846983723575e-8,0.06547889858484268,7.988047201479276e-8,1,3.864715125700968e-8,-0.06547889858484268,4.37946994225058e-8,-0.9978539347648621],5,2.047018051147461],[[749.4661865234375,230.2334442138672,39.45796203613281,-0.9959316253662109,1.0746509104819779e-7,0.09011229127645493,1.1135379196502982e-7,1,3.812658633250976e-8,-0.09011229127645493,4.8005816211116328e-8,-0.9959316253662109],5,2.05865740776062],[[749.266357421875,230.385009765625,39.464935302734378,-0.9992892146110535,1.3385256636411214e-7,0.0376964807510376,1.3532583409414657e-7,1,3.6530622082864286e-8,-0.0376964807510376,4.160596489555246e-8,-0.9992892146110535],5,2.072150230407715],[[749.0667114257813,230.5059051513672,39.4765625,-0.9999997615814209,1.5970179845226085e-7,-0.0007195050129666925,1.596773557821507e-7,1,3.40438290891143e-8,0.0007195050129666925,3.392893077602821e-8,-0.9999997615814209],5,2.0863754749298097],[[748.8676147460938,230.59616088867188,39.49516677856445,-0.9997650384902954,1.3360802597617295e-7,-0.021676596254110338,1.3320234870661808e-7,1,2.0158539726367054e-8,0.021676596254110338,1.7266430063500594e-8,-0.9997650384902954],5,2.103062152862549],[[748.6028442382813,230.66880798339845,39.52661895751953,-0.9985024333000183,9.89052608701968e-8,-0.05470726266503334,9.884833929163506e-8,1,3.746386756375841e-9,0.05470726266503334,-1.6669459146356758e-9,-0.9985024333000183],5,2.1132166385650636],[[748.27490234375,230.68296813964845,39.585819244384769,-0.9981038570404053,5.5507392460185659e-8,-0.06155223771929741,5.635670774495338e-8,1,-1.2062215226649187e-8,0.06155223771929741,-1.5508225814642175e-8,-0.9981038570404053],5,2.132606029510498],[[748.144775390625,230.664794921875,39.61460876464844,-0.9843303561210632,3.586659502730072e-8,-0.17633408308029176,3.9628456960372208e-8,1,-1.7812190833410569e-8,0.17633408308029176,-2.4520927510707226e-8,-0.9843303561210632],5,2.1443257331848146],[[747.9505004882813,230.6119842529297,39.662113189697269,-0.986146092414856,1.0196314903510029e-8,-0.1658790111541748,1.4523823033130157e-8,1,-2.4875337345520167e-8,0.1658790111541748,-2.6939915187540465e-8,-0.986146092414856],5,2.1554977893829347],[[747.6929931640625,230.49388122558595,39.73146057128906,-0.9901705980300903,-2.328384418603946e-8,-0.1398647576570511,-1.9157642583422786e-8,1,-3.0847722598537078e-8,0.1398647576570511,-2.7865031171359079e-8,-0.9901705980300903],5,2.1743924617767336],[[747.4361572265625,230.32127380371095,39.803226470947269,-0.9875765442848206,-5.766478494706462e-8,-0.1571386456489563,-5.29946184713026e-8,1,-3.390982428186362e-8,0.157138