[[[776,222.69961547851563,47,1,-5.173118822199285e-8,-7.651569129815336e-14,5.173118822199285e-8,1,2.5686935245516908e-8,7.518687956302797e-14,-2.5686935245516908e-8,1],8,0.04419755935668945],[[776,222.69961547851563,47,1,-6.668685159638699e-8,-7.755233765284822e-14,6.668685159638699e-8,1,3.311311758125157e-8,7.534412953561984e-14,-3.311311758125157e-8,1],8,0.07405567169189453],[[776,222.69961547851563,47,1,8.91049012352596e-9,-7.690460139368749e-14,-8.91049012352596e-9,1,-4.424490995802444e-9,7.686517709219049e-14,4.424490995802444e-9,1],8,0.10582470893859863],[[776,222.69961547851563,47,1,4.6648619189681997e-8,-7.764189275229552e-14,-4.6648619189681997e-8,1,-2.316324199114206e-8,7.656136331466931e-14,2.316324199114206e-8,1],8,0.12484526634216309],[[775.8990478515625,222.69961547851563,46.99546813964844,0.9954429268836975,6.962562792978133e-8,0.09535912424325943,-6.603948321526332e-8,1,-4.0762625275192479e-8,-0.09535912424325943,3.42794024277282e-8,0.9954429268836975],8,0.13917160034179688],[[775.6421508789063,222.69961547851563,46.98393630981445,0.9617164731025696,1.020595590262019e-7,0.2740464508533478,-8.489733716032788e-8,1,-7.448513628105502e-8,-0.2740464508533478,4.836776312799884e-8,0.9617164731025696],8,0.16364645957946778],[[775.3759765625,222.69961547851563,46.971988677978519,0.9002396464347839,7.071588470353163e-8,0.4353947639465332,-4.9090296272424896e-8,1,-6.091678983466409e-8,-0.4353947639465332,3.346605126353097e-8,0.9002396464347839],8,0.1713564395904541],[[774.9764404296875,222.69961547851563,46.954044342041019,0.7813202738761902,1.887669398570324e-8,0.6241303086280823,-5.6813620474827079e-9,1,-2.313255720309826e-8,-0.6241303086280823,1.4528025893412178e-8,0.7813202738761902],8,0.21391034126281739],[[774.5103149414063,222.69961547851563,46.933109283447269,0.6346666812896729,-4.7615593246064239e-8,0.772786021232605,2.9105340360047195e-8,1,3.7712126754740896e-8,-0.772786021232605,-1.4424312855254585e-9,0.6346666812896729],8,0.22564077377319337],[[774.044189453125,222.69961547851563,46.90995407104492,0.5045859813690186,-1.0113772930253617e-7,0.8633614182472229,4.3063021593070519e-8,1,9.19762328521756e-8,-0.8633614182472229,-9.230966213635839e-9,0.5045859813690186],8,0.26477742195129397],[[773.7112426757813,222.69961547851563,46.894805908203128,0.4271891415119171,-6.479508840584458e-8,0.9041622877120972,2.076907001935524e-8,1,6.185036482975193e-8,-0.9041622877120972,-7.643194521733676e-9,0.4271891415119171],8,0.2734098434448242],[[773.5780639648438,222.69961547851563,46.8891716003418,0.4002726078033447,-5.005968617410872e-8,0.9163960814476013,1.3144381583174436e-8,1,4.888535798386329e-8,-0.9163960814476013,-7.522009681792952e-9,0.4002726078033447],8,0.2851243019104004],[[773.3782958984375,222.69961547851563,46.88116455078125,0.36382484436035159,-2.7798458646088876e-8,0.9314674139022827,2.8277986618974184e-9,1,2.873920834645105e-8,-0.9314674139022827,-7.822035463789235e-9,0.36382484436035159],8,0.32750391960144045],[[772.71240234375,222.69961547851563,46.8558464050293,-0.966098427772522,8.080493785200815e-8,-0.25817397236824038,7.243000510470665e-8,1,4.1950087847908438e-8,0.25817397236824038,2.182837377517899e-8,-0.966098427772522],8,0.339646577835083],[[772.44580078125,222.69961547851563,46.84733963012695,-0.9999873638153076,1.0552957263598728e-7,0.005023582838475704,1.0573886299880542e-7,1,4.1396376104785307e-8,-0.005023582838475704,4.1927041394274059e-8,-0.9999873638153076],8,0.368685245513916],[[772.0458984375,222.69961547851563,46.83497619628906,-0.9996493458747864,6.952733855314364e-8,0.026478853076696397,6.991179191118136e-8,1,1.3593526304589432e-8,-0.026478853076696397,1.5439944434092469e-8,-0.9996493458747864],8,0.37786865234375],[[771.845947265625,222.69961547851563,46.82965087890625,-0.9997138381004334,4.3362820889569778e-8,0.023921029642224313,4.3312653019711436e-8,1,-2.615343719369889e-9,-0.023921029642224313,-1.5785122098321836e-9,-0.9997138381004334],8,0.39662909507751467],[[771.579345703125,222.69961547851563,46.82320022583008,-0.9997918605804443,8.44438829972205e-9,0.020401038229465486,7.94961607653022e-9,1,-2.43333957428149e-8,-0.020401038229465486,-2.4166149970028529e-8,-0.9997918605804443],8,0.40715694427490237],[[771.446044921875,222.69961547851563,46.82035827636719,-0.9997919797897339,-9.000844514162054e-9,0.020395604893565179,-9.72049463143776e-9,1,-3.51854332336643e-8,-0.020395604893565179,-3.5376366724904076e-8,-0.9997919797897339],8,0.4196598529815674],[[771.046142578125,222.69961547851563,46.81217956542969,-0.9998570680618286,-6.141482344901306e-8,0.01690554805099964,-6.257162254996729e-8,1,-6.789839801513154e-8,-0.01690554805099964,-6.894649828836919e-8,-0.9998570680618286],8,0.44031476974487307],[[770.84619140625,222.69961547851563,46.80866622924805,-0.999885082244873,-7.443273375429271e-8,0.015160557813942433,-7.553949643579472e-8,1,-7.242994115586043e-8,-0.015160557813942433,-7.356683795478603e-8,-0.999885082244873],8,0.45459628105163576],[[770.246337890625,222.69961547851563,46.79948806762695,-0.9999099969863892,-3.3945980248972776e-8,0.013415513560175896,-3.4148563088365339e-8,1,-1.4871607945110555e-8,-0.013415513560175896,-1.532839100093497e-8,-0.9999099969863892],8,0.49169111251831057],[[770.04638671875,222.69961547851563,46.79673767089844,-0.9999890327453613,-2.0557601843051999e-8,0.004679765552282333,-2.053719150296729e-8,1,4.409555831585976e-9,-0.004679765552282333,4.313398527244772e-9,-0.9999890327453613],8,0.5065913200378418],[[769.77978515625,223.56251525878907,46.79313659667969,-0.9999998211860657,-2.5202331332963014e-9,-0.0005547613836824894,-2.536983512158031e-9,1,3.0193131550504407e-8,0.0005547613836824894,3.019453487240753e-8,-0.9999998211860657],3,0.534233570098877],[[769.446533203125,224.5644989013672,46.79276657104492,-0.9929187297821045,1.8865341289142635e-8,0.11879568547010422,2.6154852506010685e-8,1,5.980268724670168e-8,-0.11879568547010422,6.248629347282986e-8,-0.9929187297821045],5,0.5513579845428467],[[769.11328125,225.4813232421875,46.793968200683597,-0.9872899055480957,4.4597879167440627e-8,0.1589297205209732,5.885608445055368e-8,1,8.500699522073774e-8,-0.1589297205209732,9.328052641421891e-8,-0.9872899055480957],5,0.5588414669036865],[[769.046630859375,225.6544647216797,46.79423904418945,-0.9995741844177246,6.265386787163152e-8,0.029179496690630914,6.531086427230548e-8,1,9.010402379772131e-8,-0.029179496690630914,9.197139405614507e-8,-0.9995741844177246],5,0.5678529739379883],[[768.913330078125,225.99053955078126,46.79478073120117,-0.9980471134185791,7.220054953904764e-8,0.06246569752693176,7.858546524630583e-8,1,9.975795478567307e-8,-0.06246569752693176,1.0447203635521874e-7,-0.9980471134185791],5,0.5766003131866455],[[768.71337890625,226.46910095214845,46.79559326171875,-0.9955734610557556,8.812700968974241e-8,0.09398674964904785,9.920211141434265e-8,1,1.1316463854882386e-7,-0.09398674964904785,1.2198739796076553e-7,-0.9955734610557556],5,0.5874969959259033],[[768.580078125,226.7711181640625,46.79630661010742,-0.9981499314308167,1.0553733886808914e-7,0.06080029159784317,1.1315545123125048e-7,1,1.2185414277610108e-7,-0.06080029159784317,1.2850860287016986e-7,-0.9981499314308167],5,0.5989203453063965],[[768.380126953125,227.19857788085938,46.79745864868164,-0.9955704808235169,8.98758756306961e-8,0.0940183699131012,9.92489930240481e-8,1,9.501859210558905e-8,-0.0940183699131012,1.039289330151405e-7,-0.9955704808235169],5,0.6109216213226318],[[768.18017578125,227.5953826904297,46.798614501953128,-0.995732843875885,7.811851787664637e-8,0.09228269755840302,8.49644692380025e-8,1,7.025577986041753e-8,-0.09228269755840302,7.779674149333005e-8,-0.995732843875885],5,0.6231777667999268],[[767.980224609375,227.9615478515625,46.800052642822269,-0.995892345905304,6.573353061867238e-8,0.09054521471261978,7.031227511333782e-8,1,4.737883685379529e-8,-0.09054521471261978,5.3550660794599028e-8,-0.995892345905304],5,0.6366658210754395],[[767.7802734375,228.2970428466797,46.80183792114258,-0.9958922863006592,5.2656162097264317e-8,0.09054572135210037,5.525948054696528e-8,1,2.6244531881047807e-8,-0.09054572135210037,3.1140235279281117e-8,-0.9958922863006592],5,0.6489393711090088],[[767.580322265625,228.6018829345703,46.80369186401367,-0.995892345905304,3.903933887272615e-8,0.09054528921842575,3.980961338356792e-8,1,6.7010823556756808e-9,-0.09054528921842575,1.0278129458640706e-8,-0.995892345905304],5,0.6608057022094727],[[767.38037109375,228.87606811523438,46.805545806884769,-0.996202290058136,2.4931445352649463e-8,0.08706915378570557,2.4026036271607155e-8,1,-1.1446696035477544e-8,-0.08706915378570557,-9.311298398984036e-9,-0.996202290058136],5,0.672755241394043],[[767.180419921875,229.11959838867188,46.80796813964844,-0.9962022304534912,1.0268174754912707e-8,0.08706968277692795,7.836319149134852e-9,1,-2.8271797347656503e-8,-0.08706968277692795,-2.748212324377164e-8,-0.9962022304534912],5,0.6854488849639893],[[766.913818359375,229.39662170410157,46.81136703491211,-0.9933648109436035,-8.933874973138245e-9,0.11500613391399384,-1.4617158150542764e-8,1,-4.857388802292917e-8,-0.11500613391399384,-4.993265179109585e-8,-0.9933648109436035],5,0.700843095779419],[[766.7138671875,229.56861877441407,46.81476974487305,-0.9970592856407166,-2.6746803882815585e-8,0.07663372159004212,-3.166005413390849e-8,1,-6.289854326269051e-8,-0.07663372159004212,-6.513980110867124e-8,-0.9970592856407166],5,0.71435546875],[[766.513916015625,229.7099609375,46.819210052490237,-0.9971915483474731,-4.3289691831205349e-8,0.07489356398582459,-4.913997386779556e-8,1,-7.62718457281153e-8,-0.07489356398582459,-7.973790872028985e-8,-0.9971915483474731],5,0.7288515567779541],[[766.247314453125,229.85073852539063,46.8257942199707,-0.9941434264183044,-6.305685928964522e-8,0.10806858539581299,-7.346091024373891e-8,1,-9.229160014001536e-8,-0.10806858539581299,-9.968990610786932e-8,-0.9941434264183044],5,0.7542128562927246],[[765.9140625,229.95005798339845,46.83412551879883,-0.9899919629096985,-8.888678593166333e-8,0.14112380146980287,-1.0542090933540749e-7,1,-1.0968430075308788e-7,-0.14112380146980287,-1.2346397681994859e-7,-0.9899919629096985],5,0.7658071517944336],[[765.6474609375,229.96820068359376,46.84079360961914,-0.9941434264183044,-9.680287860192039e-8,0.1080685704946518,-1.0799752914181227e-7,1,-9.773572173799039e-8,-0.1080685704946518,-1.0883446321940937e-7,-0.9941434264183044],5,0.7897813320159912],[[765.314208984375,229.91424560546876,46.84912872314453,-0.9899919629096985,-7.37842995590654e-8,0.14112378656864167,-8.224248659871592e-8,1,-5.410213432810451e-8,-0.14112378656864167,-6.516705042258764e-8,-0.9899919629096985],5,0.7994697093963623],[[765.1142578125,229.84100341796876,46.854129791259769,-0.9971915483474731,-6.452576428728207e-8,0.07489357888698578,-6.695640308862494e-8,1,-2.994378434095779e-8,-0.07489357888698578,-3.487429367510231e-8,-0.9971915483474731],5,0.8164639472961426],[[764.84765625,229.69564819335938,46.86079788208008,-0.9941434264183044,-4.5066766318768717e-8,0.10806860029697418,-4.540241249628707e-8,1,-6.453596546052154e-10,-0.10806860029697418,-5.548155268542132e-9,-0.9941434264183044],5,0.8289375305175781],[[764.71435546875,229.60252380371095,46.864131927490237,-0.9991328716278076,-3.5300633527413086e-8,0.04163569584488869,-3.4773982804381379e-8,1,1.3373276708250615e-8,-0.04163569584488869,1.1913841468924602e-8,-0.9991328716278076],5,0.8403768539428711],[[764.381103515625,229.3101348876953,46.872467041015628,-0.9899919629096985,-1.1963773971501724e-8,0.1411237269639969,-5.74935921093811e-9,1,4.444294887662181e-8,-0.1411237269639969,4.318679103221257e-8,-0.9899919629096985],5,0.8667528629302979],[[763.981201171875,228.84686279296876,46.882469177246097,-0.984741747379303,1.746467503949134e-8,0.17402195930480958,3.129796155576514e-8,1,7.674741198115953e-8,-0.17402195930480958,8.102291815248464e-8,-0.984741747379303],5,0.8902809619903565],[[763.714599609375,228.46987915039063,46.889137268066409,-0.9937601685523987,4.5406487458876657e-8,0.11153779178857804,5.655387624869945e-8,1,9.677886225745169e-8,-0.11153779178857804,1.0248287907188569e-7,-0.9937601685523987],5,0.8984386920928955],[[763.581298828125,228.2609405517578,46.892120361328128,-0.9989011883735657,6.417877784770099e-8,0.046866096556186679,6.925180429107059e-8,1,1.0662144234174775e-7,-0.046866096556186679,1.0974984832046175e-7,-0.9989011883735657],5,0.9081785678863525],[[763.38134765625,227.92201232910157,46.896156311035159,-0.9966444373130798,7.888524322652302e-8,0.0818529948592186,8.903725046138789e-8,1,1.2037722285640485e-7,-0.0818529948592186,1.272612593083977e-7,-0.9966444373130798],5,0.9205536842346191],[[763.048095703125,227.2889862060547,46.90222930908203,-0.9876517057418823,7.477843411152208e-8,0.15666577219963075,9.158441827139541e-8,1,1.000542226847756e-7,-0.15666577219963075,1.1316686254758679e-7,-0.9876517057418823],5,0.9407587051391602],[[762.84814453125,226.86830139160157,46.90441131591797,-0.995891273021698,7.519270184275229e-8,0.09055688977241516,8.204772683484407e-8,1,7.197590434770973e-8,-0.09055688977241516,7.911015842410052e-8,-0.995891273021698],5,0.9538195133209229],[[762.71484375,226.57080078125,46.905662536621097,-0.9981489181518555,7.22064399383271e-8,0.060817327350378039,7.563176751546053e-8,1,5.401959413120494e-8,-0.060817327350378039,5.851932272094018e-8,-0.9981489181518555],5,0.965355396270752],[[762.514892578125,226.09902954101563,46.906951904296878,-0.9954035878181458,6.209407388269028e-8,0.09576928615570069,6.511357497629433e-8,1,2.840380908253337e-8,-0.09576928615570069,3.4509135105054159e-8,-0.9954035878181458],5,0.9775717258453369],[[762.248291015625,225.42230224609376,46.90810012817383,-0.9916611313819885,4.9834778081958578e-8,0.12887269258499146,4.978423362445028e-8,1,-3.6135359149369607e-9,-0.12887269258499146,2.832425183285636e-9,-0.9916611313819885],5,0.9921536445617676],[[762.04833984375,224.8789825439453,46.908912658691409,-0.9954035878181458,4.045108781269846e-8,0.0957690104842186,3.807674175959619e-8,1,-2.661989917385199e-8,-0.0957690104842186,-2.285097089327337e-8,-0.9954035878181458],5,1.009070873260498],[[761.78173828125,224.10687255859376,46.90998077392578,-0.9916611313819885,2.8195794143925924e-8,0.12887288630008698,2.1191381094354257e-8,1,-5.5722544800573817e-8,-0.12887288630008698,-5.252688595192012e-8,-0.9916611313819885],5,1.0189640522003174],[[761.6484375,223.7003936767578,46.91051483154297,-0.9980412721633911,1.7224785153757695e-8,0.0625590905547142,1.2864409981716563e-8,1,-7.010287106368196e-8,-0.0625590905547142,-6.9160769555765e-8,-0.9980412721633911],5,1.0324714183807374],[[761.3818359375,222.84654235839845,46.911582946777347,-0.9992424845695496,6.5276077876319508e-9,0.038915425539016727,2.7306377159419527e-9,1,-9.762294439497055e-8,-0.038915425539016727,-9.744273654632707e-8,-0.9992424845695496],7,1.0453498363494874],[[761.181884765625,222.4603729248047,46.912105560302737,-0.9999979138374329,-1.870568366868497e-9,0.0020316531881690027,-2.1105985847924559e-9,1,-1.1814306333235436e-7,-0.0020316531881690027,-1.1814710632052084e-7,-0.9999979138374329],7,1.0580437183380128],[[760.915283203125,222.4998321533203,46.9127197265625,-0.9999991059303284,-5.7793809737916039e-9,-0.0013430261751636863,-5.6552833527234729e-9,1,-9.24054006645747e-8,0.0013430261751636863,-9.239771969760113e-8,-0.9999991059303284],7,1.0752053260803223],[[760.648681640625,222.59518432617188,46.913330078125,-0.999997615814209,-8.472010648574724e-9,-0.0021788773592561485,-8.365250714348349e-9,1,-4.9006622759861787e-8,0.0021788773592561485,-4.898828009913814e-8,-0.999997615814209],8,1.100937843322754],[[760.382080078125,223.4683074951172,46.9139404296875,-0.9999974966049194,-1.1082265771733546e-8,-0.0022472552955150606,-1.106960745289598e-8,1,-5.645401479625889e-9,0.0022472552955150606,-5.620510723503003e-9,-0.9999974966049194],3,1.1101064682006837],[[760.18212890625,224.08993530273438,46.914398193359378,-0.9981818795204163,-1.3672532439557017e-8,0.060273922979831699,-1.2028460893986903e-8,1,2.7639487143460429e-8,-0.060273922979831699,2.6864231728040978e-8,-0.9981818795204163],5,1.1218459606170655],[[760.048828125,224.48731994628907,46.914703369140628,-0.9983040690422058,-1.4763800848527353e-8,0.058215197175741199,-1.1865189719628689e-8,1,5.013696835476367e-8,-0.058215197175741199,4.936120490128815e-8,-0.9983040690422058],5,1.1351196765899659],[[759.7822265625,225.2412109375,46.915313720703128,-0.9917937517166138,-2.047021929740822e-8,0.127848282456398,-8.320804489869716e-9,1,9.556403313126794e-8,-0.127848282456398,9.371601095153892e-8,-0.9917937517166138],5,1.1477091312408448],[[759.582275390625,225.7708740234375,46.915771484375,-0.9952633380889893,-1.7611798242000988e-8,0.09721570461988449,-4.968200961741331e-9,1,1.3029922740770417e-7,-0.09721570461988449,1.2919905145736267e-7,-0.9952633380889893],5,1.160937786102295],[[759.38232421875,226.26988220214845,46.916229248046878,-0.9945350289344788,-1.456539600042106e-8,0.1044033020734787,8.355592329145622e-10,1,1.4747033105777519e-7,-0.1044033020734787,1.4675164550226328e-7,-0.9945350289344788],5,1.1727259159088135],[[759.182373046875,226.73822021484376,46.91555404663086,-0.9927658438682556,-4.933911945670388e-9,0.12006646394729614,1.0582459353258855e-8,1,1.285939106310252e-7,-0.12006646394729614,1.2893423217974488e-7,-0.9927658438682556],5,1.1864843368530274],[[758.982421875,227.1759033203125,46.91208267211914,-0.9912220239639282,4.91095208943193e-9,0.13220760226249696,1.961546836071193e-8,1,1.0992056331815547e-7,-0.13220760226249696,1.1154899937082519e-7,-0.9912220239639282],5,1.1994397640228272],[[758.7158203125,227.7117919921875,46.903892517089847,-0.9805877804756165,1.2530453119552476e-8,0.19608062505722047,2.9746310303835345e-8,1,8.48549674969945e-8,-0.19608062505722047,8.904041948198938e-8,-0.9805877804756165],5,1.2126545906066895],[[758.5161743164063,228.0779571533203,46.89228057861328,-0.9781439900398254,2.1771038305473668e-8,0.20792879164218903,3.629306277730393e-8,1,6.602645896691684e-8,-0.20792879164218903,7.21297510608565e-8,-0.9781439900398254],5,1.2256817817687989],[[758.2509765625,228.5184783935547,46.86497116088867,-0.9562423229217529,2.885552241593814e-8,0.29257580637931826,4.257424990328218e-8,1,4.0522074584714576e-8,-0.29257580637931826,5.120512014400447e-8,-0.9562423229217529],5,1.2431385517120362],[[757.987548828125,228.9044952392578,46.823665618896487,-0.9365810751914978,3.843233287170733e-8,0.35045093297958376,4.6554845312130058e-8,1,1.47525858196218e-8,-0.35045093297958376,3.01321811946309e-8,-0.9365810751914978],5,1.2700378894805909],[[757.6620483398438,229.3103790283203,46.75196075439453,-0.8769063353538513,4.922746654756338e-8,0.4806613326072693,4.6404061038174407e-8,1,-1.7757724180000879e-8,-0.4806613326072693,6.7327770025826798e-9,-0.8769063353538513],5,1.2801692485809327],[[757.4708862304688,229.51303100585938,46.69410705566406,-0.8877172470092773,5.764608346225941e-8,0.46038901805877688,4.556391530741166e-8,1,-3.735582154718031e-8,-0.46038901805877688,-1.2184280251403834e-8,-0.8877172470092773],5,1.2909164428710938],[[757.2843017578125,229.68502807617188,46.62224578857422,-0.8650224208831787,6.615807990328904e-8,0.5017332434654236,4.337962877798418e-8,1,-5.706962369345092e-8,-0.5017332434654236,-2.7601503305163534e-8,-0.8650224208831787],5,1.3035409450531006],[[757.1013793945313,229.8263702392578,46.541412353515628,-0.8108731508255005,7.632687726299992e-8,0.5852219462394714,3.88143135410246e-8,1,-7.664338852464425e-8,-0.5852219462394714,-3.943307547160657e-8,-0.8108731508255005],5,1.3165183067321778],[[756.9252319335938,229.9370574951172,46.447242736816409,-0.7475326657295227,8.744119384118676e-8,0.6642251014709473,3.185765962143705e-8,1,-9.579065363141126e-8,-0.6642251014709473,-5.044598694325941e-8,-0.7475326657295227],5,1.333160638809204],[[756.628662109375,230.0534210205078,46.3198356628418,-0.659301221370697,1.0733809574503539e-7,0.7518789172172546,1.9773752413243529e-8,1,-1.2542076888166776e-7,-0.7518789172172546,-6.782259731608065e-8,-0.659301221370697],5,1.3638641834259034],[[756.2544555664063,230.08062744140626,46.24678039550781,-0.5301821827888489,1.349021232499581e-7,0.8478837609291077,1.8061443451955484e-9,1,-1.5797510855009023e-7,-0.8478837609291077,-8.222418301784274e-8,-0.5301821827888489],5,1.3840093612670899],[[755.9241943359375,230.0096435546875,46.21441650390625,-0.4840886890888214,1.379223704134347e-7,0.8750189542770386,-1.5714665124733075e-8,1,-1.6631601340577618e-7,-0.8750189542770386,-9.426232594478279e-8,-0.4840886890888214],5,1.400904655456543],[[755.6607055664063,229.89154052734376,46.173831939697269,-0.4489095211029053,9.145336576921182e-8,0.8935772180557251,-2.6358009108662374e-8,1,-1.1558679346990175e-7,-0.8935772180557251,-7.544092994749008e-8,-0.4489095211029053],5,1.4124984741210938],[[755.5305786132813,229.8120574951172,46.1595344543457,-0.46671685576438906,6.754956416443747e-8,0.8844068050384522,-2.765742657118153e-8,1,-9.097369257915489e-8,-0.8844068050384522,-6.691937670666448e-8,-0.46671685576438906],5,1.4348702430725098],[[754.7260131835938,228.96327209472657,46.30514907836914,-0.3603019714355469,-5.667058289304805e-8,0.9328356981277466,6.468913404944487e-9,1,6.324945189817299e-8,-0.9328356981277466,2.8823338382721887e-8,-0.3603019714355469],5,1.4874815940856934],[[754.3489379882813,228.37734985351563,46.43037796020508,-0.22419364750385285,-1.225114374392433e-7,0.9745446443557739,3.0634058845180337e-8,1,1.327588137201019e-7,-0.9745446443557739,5.96179390299767e-8,-0.22419364750385285],5,1.501309871673584],[[754.0892333984375,227.9186248779297,46.48988723754883,-0.16721254587173463,-1.1896313623083188e-7,0.9859208464622498,3.442702123379604e-8,1,1.265007938400231e-7,-0.9859208464622498,5.509483713694863e-8,-0.16721254587173463],5,1.516935110092163],[[753.8262939453125,227.4053955078125,46.53411102294922,-0.13621199131011964,-9.75664917746144e-8,0.9906797409057617,3.276391780104859e-8,1,1.029892189308157e-7,-0.9906797409057617,4.648691387387771e-8,-0.13621199131011964],5,1.5322105884552003],[[753.628173828125,226.98471069335938,46.5615234375,-0.12467660754919052,-8.072458257402104e-8,0.9921974539756775,3.153410688128133e-8,1,8.532187933951718e-8,-0.9921974539756775,4.192570202121715e-8,-0.12467660754919052],5,1.548086404800415],[[753.3635864257813,226.3760986328125,46.594722747802737,-0.10778924077749253,-5.8266785174510008e-8,0.9941737651824951,2.9512358779015814e-8,1,6.180800937727327e-8,-0.9941737651824951,3.600265330305774e-8,-0.10778924077749253],5,1.5651776790618897],[[753.164794921875,225.88388061523438,46.61652374267578,-0.10303006321191788,-4.1050547849863508e-8,0.994678258895874,2.7977112182497877e-8,1,4.4168082524720378e-8,-0.994678258895874,3.237886403439916e-8,-0.10303006321191788],5,1.5950603485107422],[[752.6341552734375,224.42141723632813,46.671199798583987,-0.08212955296039581,4.47049863794291e-9,0.9966216683387756,2.266745191548125e-8,1,-2.6176745215877874e-9,-0.9966216683387756,2.2375884256575774e-8,-0.08212955296039581],5,1.6120173931121827],[[752.3018798828125,223.3966827392578,46.697601318359378,-0.0649869292974472,3.296056405588388e-8,0.9978861212730408,1.8924907863038244e-8,1,-3.1797910082786987e-8,-0.9978861212730408,1.6818454184885924e-8,-0.0649869292974472],5,1.6290056705474854],[[752.0357666015625,222.5155792236328,46.71472930908203,-0.05008719861507416,5.5800231990588148e-8,0.9987448453903198,1.560168705339038e-8,1,-5.508793066155704e-8,-0.9987448453903198,1.2822904515985556e-8,-0.05008719861507416],5,1.6476271152496338],[[751.7694091796875,221.57997131347657,46.7281379699707,-0.03609756380319595,7.869672202787115e-8,0.9993482828140259,1.1966668544971526e-8,1,-7.83157929618028e-8,-0.9993482828140259,9.13186060103044e-9,-0.03609756380319595],5,1.6621301174163819],[[751.5695190429688,220.84251403808595,46.73552322387695,-0.019039425998926164,9.584226035030952e-8,0.999818742275238,8.893780822916142e-9,1,-9.569027525913043e-8,-0.999818742275238,7.070281249355048e-9,-0.019039425998926164],7,1.6729061603546143],[[751.4362182617188,220.4606170654297,46.73855972290039,-0.009869808331131935,1.0731215382975279e-7,0.9999513030052185,6.718983147635527e-9,1,-1.0725106136533214e-7,-0.9999513030052185,5.6601083819884938e-9,-0.009869808331131935],7,1.6849040985107422],[[751.2362670898438,220.40330505371095,46.74093246459961,0.0076463911682367329,1.2449635278244387e-7,0.9999707937240601,3.1462503713441949e-9,1,-1.245240497382838e-7,-0.9999707937240601,4.098318129308609e-9,0.0076463911682367329],7,1.6970179080963135],[[751.0363159179688,220.4859161376953,46.74007797241211,0.016408851370215417,8.953688279689232e-8,0.9998653531074524,-1.031056462430513e-9,1,-8.953201557915236e-8,-0.9998653531074524,4.3819983752690918e-10,0.016408851370215417],7,1.707448959350586],[[750.8363647460938,220.56854248046876,46.73716354370117,0.023400552570819856,5.463526520088635e-8,0.9997261762619019,-4.961694610727818e-9,1,-5.453409102074147e-8,-0.9997261762619019,-3.6842082717924997e-9,0.023400552570819856],8,1.7201297283172608],[[750.6364135742188,220.6286163330078,46.732765197753909,0.035622768104076388,1.9802234518806473e-8,0.9993653297424316,-8.461954692506879e-9,1,-1.9513182181185585e-8,-0.9993653297424316,-7.761470577349883e-9,0.035622768104076388],8,1.7331922054290772],[[750.4364624023438,220.6686248779297,46.72611618041992,0.04260527715086937,-1.499566160134691e-8,0.9990919828414917,-1.1715334480300044e-8,1,1.5508879513959074e-8,-0.9990919828414917,-1.2365457102703204e-8,0.04260527715086937],8,1.7459895610809327],[[750.2366943359375,220.69447326660157,46.7178840637207,0.04434991255402565,-4.9803357882183266e-8,0.9990160465240479,-1.490550616267683e-8,1,5.051411733347777e-8,-0.9990160465240479,-1.7131135621184513e-8,0.04434991255402565],8,1.7563409805297852],[[750.103515625,220.70628356933595,46.71204376220703,0.046093471348285678,-7.298051940551886e-8,0.9989371299743652,-1.6990439277719817e-8,1,7.384215194861099e-8,-0.9989371299743652,-2.0376020870571666e-8,0.046093471348285678],8,1.7693121433258057],[[749.837158203125,220.7214813232422,46.6998291015625,0.04783879220485687,-1.014051065340027e-7,0.9988550543785095,-1.821336148566388e-8,1,1.0239364911512894e-7,-0.9988550543785095,-2.3090896306143806e-8,0.04783879220485687],8,1.7838177680969239],[[749.6373901367188,220.72813415527345,46.690330505371097,0.04958396777510643,-8.23772765556896e-8,0.9987699389457703,-1.27243238168262e-8,1,8.311042876130159e-8,-0.9987699389457703,-1.6829616811264715e-8,0.04958396777510643],8,1.7976024150848389],[[749.4376220703125,220.7323760986328,46.680484771728519,0.04958396777510643,-6.340211911037841e-8,0.9987699389457703,-7.23880511088737e-9,1,6.383957895650383e-8,-0.9987699389457703,-1.0395321048406459e-8,0.04958396777510643],8,1.8090767860412598],[[749.2378540039063,220.73504638671876,46.67057418823242,0.05132899433374405,-4.442088297196278e-8,0.9986817836761475,-1.7904614457719959e-9,1,4.4571539348226e-8,-0.9986817836761475,-4.0759133845824639e-9,0.05132899433374405],8,1.8210301399230958],[[748.9714965820313,221.5979461669922,46.6573600769043,0.05132899433374405,-1.915582537037608e-8,0.9986817836761475,5.4685664885312239e-9,1,1.8900042420000319e-8,-0.9986817836761475,4.491237604042908e-9,0.05132899433374405],3,1.8377635478973389],[[748.7051391601563,222.40634155273438,46.643741607666019,0.05132899433374405,6.087634840667988e-9,0.9986817836761475,1.272139282804119e-8,1,-6.7495080635637809e-9,-0.9986817836761475,1.3051068670222321e-8,0.05132899433374405],5,1.8634312152862549],[[748.4387817382813,223.1602325439453,46.63005447387695,0.05132899433374405,3.130951142793492e-8,0.9986817836761475,1.9968023678984538e-8,1,-3.23771303101239e-8,-0.9986817836761475,2.1603586475293924e-8,0.05132899433374405],5,1.871288776397705],[[748.3056030273438,223.51675415039063,46.62321090698242,0.05132899433374405,4.391236529954767e-8,0.9986817836761475,2.3589016961977906e-8,1,-4.518272689324476e-8,-0.9986817836761475,2.587710490331574e-8,0.05132899433374405],5,1.8819248676300049],[[748.1058349609375,224.02597045898438,46.612945556640628,0.049694307148456576,6.28516048095662e-8,0.9987644553184509,2.9044736393757377e-8,1,-6.43744968442661e-8,-0.9987644553184509,3.220789679403424e-8,0.049694307148456576],5,1.8939051628112794],[[747.9060668945313,224.50453186035157,46.602962493896487,0.04473072290420532,8.190475142555442e-8,0.9989990592002869,3.457593678035664e-8,1,-8.35349709404909e-8,-0.9989990592002869,3.827790706623091e-8,0.04473072290420532],5,1.9054553508758546],[[747.706298828125,224.9524383544922,46.59389114379883,0.041246891021728519,1.0092168167830096e-7,0.999148964881897,4.016817456431454e-8,1,-1.0266586514262599e-7,-0.999148964881897,4.436863676460234e-8,0.041246891021728519],5,1.9175381660461426],[[747.5065307617188,225.36968994140626,46.585575103759769,0.03118109703063965,1.202548105538881e-7,0.9995137453079224,4.590755153799364e-8,1,-1.217454581592392e-7,-0.9995137453079224,4.9681386116162687e-8,0.03118109703063965],5,1.9295618534088135],[[747.3732299804688,225.6308135986328,46.58115768432617,0.022251002490520479,1.3328748593721685e-7,0.999752402305603,4.983385437640209e-8,1,-1.3442961233067764e-7,-0.999752402305603,5.281271242552066e-8,0.022251002490520479],5,1.9427976608276368],[[746.9733276367188,226.3324737548828,46.57208251953125,-0.003032625885680318,1.3949777155630728e-7,0.9999954104423523,5.030457472798844e-8,1,-1.3934585751940177e-7,-0.9999954104423523,4.988175916764703e-8,-0.003032625885680318],5,1.9634034633636475],[[746.7733764648438,226.63731384277345,46.57256317138672,-0.016780689358711244,1.0961115037844138e-7,0.9998592138290405,3.8331734231178419e-8,1,-1.0898326507913225e-7,-0.9998592138290405,3.649752500223258e-8,-0.016780689358711244],5,1.973647117614746],[[746.6400756835938,226.82351684570313,46.57461929321289,-0.03491554781794548,8.987722566189405e-8,0.9993902444839478,3.001427018034519e-8,1,-8.888345348623261e-8,-0.9993902444839478,2.6892553961488376e-8,-0.03491554781794548],5,1.985306739807129],[[746.4401245117188,227.07725524902345,46.58108901977539,-0.04191051051020622,5.948712811232326e-8,0.999121367931366,1.7390309636766689e-8,1,-5.880996312157549e-8,-0.999121367931366,1.491027390443378e-8,-0.04191051051020622],5,1.9970479011535645],[[746.2403564453125,227.30035400390626,46.58937454223633,-0.05243976041674614,2.907206386737471e-8,0.9986240863800049,4.472140879840936e-9,1,-2.8877279234507115e-8,-0.9986240863800049,2.9516702415577358e-9,-0.05243976041674614],5,2.007775068283081],[[746.0405883789063,227.4927978515625,46.599647521972659,-0.056315403431653979,-1.4780009438553066e-9,0.9984130263328552,-8.53105053266745e-9,1,9.991570903977732e-10,-0.9984130263328552,-8.461244149771119e-9,-0.056315403431653979],5,2.02099871635437],[[745.7742309570313,227.70169067382813,46.61466598510742,-0.06462948024272919,-4.2276923295503369e-8,0.9979093074798584,-2.6184176604715504e-8,1,4.06696791799277e-8,-0.9979093074798584,-2.350097361158987e-8,-0.06462948024272919],5,2.0366389751434328],[[745.5746459960938,227.8225860595703,46.62745666503906,-0.07348887622356415,-7.30212192934232e-8,0.9972960352897644,-3.966419015455358e-8,1,7.029642290490301e-8,-0.9972960352897644,-3.4390936320960466e-8,-0.07348887622356415],5,2.0520434379577638],[[745.3751831054688,227.912841796875,46.6419792175293,-0.0772860199213028,-1.0366836278308256e-7,0.9970089793205261,-5.3260492904882997e-8,1,9.985073035068126e-8,-0.9970089793205261,-4.5384123126268608e-8,-0.0772860199213028],5,2.063469648361206],[[744.909912109375,228.00421142578126,46.678138732910159,-0.07903508841991425,-1.2456979447961204e-7,0.996871829032898,-6.082707670884702e-8,1,1.2013812522582158e-7,-0.996871829032898,-5.114167578312845e-8,-0.07903508841991425],5,2.090733051300049],[[744.7769775390625,227.99964904785157,46.68868637084961,-0.07951126992702484,-1.1137994704313314e-7,0.9968339800834656,-5.3732073013179618e-8,1,1.0744782485971882e-7,-0.9968339800834656,-4.501864125927568e-8,-0.07951126992702484],5,2.0999913215637209],[[744.64404296875,227.98147583007813,46.69928741455078,-0.07954789698123932,-9.817100732334439e-8,0.9968310594558716,-4.664396158204909e-8,1,9.47608711499015e-8,-0.9968310594558716,-3.895812383802877e-8,-0.07954789698123932],5,2.119049310684204],[[744.378173828125,227.9042510986328,46.72050094604492,-0.07955807447433472,-7.176578975531811e-8,0.9968302249908447,-3.247956570362476e-8,1,6.940176433545276e-8,-0.9968302249908447,-2.6855140333736928e-8,-0.07955807447433472],5,2.1254570484161379],[[744.2452392578125,227.84519958496095,46.73111343383789,-0.07956600189208985,-5.857151563759544e-8,0.996829628944397,-2.5402131953455865e-8,1,5.673022585028775e-8,-0.996829628944397,-2.0807799927524685e-8,-0.07956600189208985],5,2.1347663402557375],[[744.1123046875,227.77252197265626,46.74172592163086,-0.07956645637750626,-4.538265940823294e-8,0.9968295693397522,-1.832774998433706e-8,1,4.406408748991453e-8,-0.9968295693397522,-1.4763619660129735e-8,-0.07956645637750626],5,2.1440820693969728],[[743.9129028320313,227.63795471191407,46.75764465332031,-0.0795665830373764,-2.5609923071101549e-8,0.9968295693397522,-7.721858708009677e-9,1,2.5075019394193988e-8,-0.9968295693397522,-5.702242678040648e-9,-0.0795665830373764],5,2.155663251876831],[[743.7799682617188,227.53121948242188,46.76825714111328,-0.07956667989492417,-1.2435138252442357e-8,0.9968295693397522,-6.550420206252738e-10,1,1.2422403550260697e-8,-0.9968295693397522,3.354441724390256e-10,-0.07956667989492417],5,2.1661555767059328],[[743.58056640625,227.34556579589845,46.784175872802737,-0.07956555485725403,7.316487415920392e-9,0.996829628944397,9.939497225275318e-9,1,-6.5464003107251759e-9,-0.996829628944397,9.387117749781737e-9,-0.07956555485725403],5,2.1794421672821047],[[743.314697265625,227.0503387451172,46.80540084838867,-0.07956559211015701,3.363231115827148e-8,0.996829628944397,2.4054990888089379e-8,1,-3.18192405757145e-8,-0.996829628944397,2.1447011278041829e-8,-0.07956559211015701],5,2.2017343044281008],[[742.9823608398438,226.6046600341797,46.831932067871097,-0.07956454157829285,6.649544559422793e-8,0.9968296885490418,4.1682369555928747e-8,1,-6.337994307159534e-8,-0.9968296885490418,3.6507426415255398e-8,-0.07956454157829285],5,2.212587356567383],[[742.782958984375,226.29637145996095,46.84783935546875,-0.07956323027610779,8.61964508658275e-8,0.9968298077583313,5.2249738757836897e-8,1,-8.230019687971435e-8,-0.9968298077583313,4.553602650503308e-8,-0.07956323027610779],5,2.2272214889526369],[[742.5835571289063,225.9574432373047,46.863746643066409,-0.07793035358190537,1.058051779523339e-7,0.9969587922096252,6.278769859591194e-8,1,-1.0121993909706362e-7,-0.9969587922096252,5.470863939649462e-8,-0.07793035358190537],5,2.23707914352417],[[742.4506225585938,225.71444702148438,46.87417984008789,-0.07114654034376145,1.1853297365860272e-7,0.9974658489227295,6.974526911562862e-8,1,-1.1385937881414066e-7,-0.9974658489227295,6.14678228316734e-8,-0.07114654034376145],5,2.2475996017456056],[[742.3176879882813,225.4578399658203,46.88387680053711,-0.0676485076546669,1.3141256260951196e-7,0.9977092146873474,7.665513379606637e-8,1,-1.265167810515777e-7,-0.9977092146873474,6.792086537643627e-8,-0.0676485076546669],5,2.2582814693450929],[[742.0515747070313,225.41555786132813,46.902015686035159,-0.06404756754636765,8.361544701074308e-8,0.9979468584060669,4.756497062885501e-8,1,-8.073478596770656e-8,-0.9979468584060669,4.2296445457168377e-8,-0.06404756754636765],7,2.271157741546631],[[741.9185180664063,225.471435546875,46.9106559753418,-0.05692197009921074,5.955608628482878e-8,0.9983786344528198,3.3184576864186968e-8,1,-5.776080769237524e-8,-0.9983786344528198,2.984291214147561e-8,-0.05692197009921074],7,2.2820937633514406],[[741.7189331054688,225.550048828125,46.92232131958008,-0.05168173834681511,2.378549091019977e-8,0.998663604259491,1.1805411759269191e-8,1,-2.3206379040630055e-8,-0.998663604259491,1.0590288646028512e-8,-0.05168173834681511],7,2.2936129570007326],[[741.5191650390625,225.6086883544922,46.93286895751953,-0.04469894617795944,-1.1879305539252983e-8,0.9990004897117615,-9.31836385831275e-9,1,1.147425265912716e-8,-0.9990004897117615,-8.79616290916374e-9,-0.04469894617795944],8,2.3057000637054445],[[741.3193969726563,225.6484375,46.94208526611328,-0.041208382695913318,-4.7415852577614717e-8,0.9991505742073059,-3.0307397480555667e-8,1,4.620618554440625e-8,-0.9991505742073059,-2.837757051565859e-8,-0.041208382695913318],8,2.316528558731079],[[741.1862182617188,225.6675567626953,46.947715759277347,-0.03597260266542435,-7.096542020690322e-8,0.999352753162384,-4.417115917476622e-8,1,6.94213966312418e-8,-0.999352753162384,-4.164530054140414e-8,-0.03597260266542435],8,2.329378843307495],[[740.919677734375,225.6922607421875,46.95753860473633,-0.03422609344124794,-8.540568785520009e-8,0.9994140863418579,-5.1950912904885629e-8,1,8.367663895114674e-8,-0.9994140863418579,-4.9056552597903649e-8,-0.03422609344124794],8,2.340515375137329],[[740.7969970703125,225.704345703125,46.96196746826172,-0.03248029574751854,-7.156378956096887e-8,0.9994723796844482,-4.292300559427531e-8,1,7.020667425194915e-8,-0.9994723796844482,-4.0620022900839106e-8,-0.03248029574751854],8,2.355607748031616],[[740.7732543945313,225.71473693847657,46.962825775146487,-0.03248029574751854,-5.323604668205917e-8,0.9994723796844482,-3.0894788949353827e-8,1,5.226014820891578e-8,-0.9994723796844482,-2.9181062899397149e-8,-0.03248029574751854],8,2.3797292709350588],[[740.7727661132813,225.72158813476563,46.96284103393555,-0.03248029574751854,-3.034838158555431e-8,0.9994723796844482,-1.587396702973365e-8,1,2.984853963994283e-8,-0.9994723796844482,-1.4896103017747464e-8,-0.03248029574751854],8,2.3903703689575197],[[740.7727661132813,225.72317504882813,46.96284103393555,-0.03248029574751854,-2.1200158073497734e-8,0.9994723796844482,-9.870129602518319e-9,1,2.089059591980913e-8,-0.9994723796844482,-9.186389426929509e-9,-0.03248029574751854],8,2.401136636734009],[[740.7727661132813,225.72434997558595,46.96284103393555,-0.03248029574751854,-1.2055840770130999e-8,0.9994723796844482,-3.868856790489872e-9,1,1.193647758412908e-8,-0.9994723796844482,-3.479115440185865e-9,-0.03248029574751854],8,2.4118411540985109],[[740.7727661132813,225.72557067871095,46.96284103393555,-0.03248029574751854,1.6533123758932789e-9,0.9994723796844482,5.128245383900776e-9,1,-1.4875303211425717e-9,-0.9994723796844482,5.077223974581102e-9,-0.03248029574751854],8,2.4230706691741945],[[740.7727661132813,225.72633361816407,46.96284103393555,-0.03248029574751854,1.535368454597119e-8,0.9994723796844482,1.411958283625836e-8,1,-1.4902939327043897e-8,-0.9994723796844482,1.3628080886007865e-8,-0.03248029574751854],8,2.4335672855377199],[[740.7727661132813,225.72682189941407,46.96284103393555,-0.03248029574751854,2.904528173530707e-8,0.9994723796844482,2.310515867520735e-8,1,-2.8309756316957647e-8,-0.9994723796844482,2.2173459512941919e-8,-0.03248029574751854],8,2.445930004119873],[[740.9624633789063,225.72727966308595,46.9566764831543,-0.03248029574751854,5.1845123749671987e-8,0.9994723796844482,3.806832893360479e-8,1,-5.063536789862155e-8,-0.9994723796844482,3.640359125256509e-8,-0.03248029574751854],8,2.468111753463745],[[741.1591796875,225.72743225097657,46.950286865234378,-0.03248029574751854,6.551334053028768e-8,0.9994723796844482,4.703856149035346e-8,1,-6.401929653065963e-8,-0.9994723796844482,4.493437799624189e-8,-0.03248029574751854],8,2.489854335784912],[[741.4921875,225.71250915527345,46.9394645690918,-0.03248029574751854,8.827425546087398e-8,0.9994723796844482,6.197617352654561e-8,1,-8.630679104726369e-8,-0.9994723796844482,5.914020562158839e-8,-0.03248029574751854],8,2.4978721141815187],[[741.558837890625,225.7129364013672,46.93729782104492,-0.03248029574751854,9.282352664286009e-8,0.9994723796844482,6.49617817316539e-8,1,-9.076143214770127e-8,-0.9994723796844482,6.197954860454047e-8,-0.03248029574751854],8,2.5080087184906008],[[741.7587890625,225.71478271484376,46.9307975769043,-0.03248029574751854,1