[[[776,222.69961547851563,47,1,1.1686288559076275e-7,8.402322044240903e-15,-1.1686288559076275e-7,1,3.0650319615688207e-8,-4.820437397769911e-15,-3.0650319615688207e-8,1],8,0.0063555240631103519],[[776,222.69961547851563,47,1,8.677363894094015e-8,7.691896029620935e-15,-8.677363894094015e-8,1,2.2758635864761346e-8,-5.717046336394058e-15,-2.2758635864761346e-8,1],8,0.017937183380126954],[[776,222.69961547851563,47,1,4.668464370638503e-8,7.145595354025696e-15,-4.668464370638503e-8,1,1.2244257163729344e-8,-6.573976863637025e-15,-1.2244257163729344e-8,1],8,0.033692359924316409],[[776,222.69961547851563,47,1,1.6640379740806567e-8,7.016383442537367e-15,-1.6640379740806567e-8,1,4.364367978126893e-9,-6.9437588376397838e-15,-4.364367978126893e-9,1],8,0.061853885650634769],[[776,222.69961547851563,47,1,-4.3390400605858306e-8,7.468213262975913e-15,4.3390400605858306e-8,1,-1.1380264730576073e-8,-6.974418889231547e-15,1.1380264730576073e-8,1],8,0.0700826644897461],[[776,222.69961547851563,47,1,-5.338804953680665e-8,7.635266794899301e-15,5.338804953680665e-8,1,-1.4002408121882582e-8,-6.887705585322283e-15,1.4002408121882582e-8,1],8,0.07876873016357422],[[776,222.69961547851563,47,1,-8.336817813869857e-8,8.293341938214218e-15,8.336817813869857e-8,1,-2.186547831684038e-8,-6.470456308471867e-15,2.186547831684038e-8,1],8,0.08991193771362305],[[776,222.69961547851563,47,1,-1.1332909366501554e-7,9.186428913843682e-15,1.1332909366501554e-7,1,-2.972351254015848e-8,-5.817890267445893e-15,2.972351254015848e-8,1],8,0.102996826171875],[[776,222.69961547851563,47,1,-8.94833576126075e-8,8.649155915400279e-15,8.94833576126075e-8,1,-2.346934557806435e-8,-6.549039790153385e-15,2.346934557806435e-8,1],8,0.11584186553955078],[[776,222.69961547851563,47,1,-5.771281408328832e-8,8.141850095597786e-15,5.771281408328832e-8,1,-1.5136690123540576e-8,-7.268268594677694e-15,1.5136690123540576e-8,1],8,0.13125038146972657],[[776,222.69961547851563,47,1,-2.5969411510118335e-8,7.895272028388481e-15,2.5969411510118335e-8,1,-6.811150754515438e-9,-7.718390373178102e-15,6.811150754515438e-9,1],8,0.14611506462097169],[[776,222.69961547851563,47,1,-1.0107883419152586e-8,7.8708334337943e-15,1.0107883419152586e-8,1,-2.6510484918418344e-9,-7.84403754650791e-15,2.6510484918418344e-9,1],8,0.15668392181396485],[[776,222.69961547851563,47,1,1.3671702880913017e-8,7.957722920556593e-15,-1.3671702880913017e-8,1,3.585773455938579e-9,-7.908700041701304e-15,-3.585773455938579e-9,1],8,0.1678001880645752],[[776,222.69961547851563,47,1,4.535411335382378e-8,8.303824817969437e-15,-4.535411335382378e-8,1,1.1895320284338596e-8,-7.764323275841808e-15,-1.1895320284338596e-8,1],8,0.18421387672424317],[[776,222.69961547851563,47,1,6.909814942446246e-8,8.735732847005035e-15,-6.909814942446246e-8,1,1.812282235391649e-8,-7.483479337784278e-15,-1.812282235391649e-8,1],8,0.19644618034362794],[[776,222.69961547851563,47,1,9.282696566970117e-8,9.315038161390038e-15,-9.282696566970117e-8,1,2.4346332949676254e-8,-7.0550420262500538e-15,-2.4346332949676254e-8,1],8,0.21152567863464356],[[776,222.69961547851563,47,1,1.0698597208147476e-7,9.789529077782952e-15,-1.0698597208147476e-7,1,2.8059908174782323e-8,-6.7875125990904138e-15,-2.8059908174782323e-8,1],8,0.224074125289917],[[776,222.69961547851563,47,1,5.924352564079527e-8,8.920860367956935e-15,-5.924352564079527e-8,1,1.5538187625452339e-8,-8.000323595605801e-15,-1.5538187625452339e-8,1],8,0.2466599941253662],[[776,222.69961547851563,47,1,4.016082755242678e-8,8.744751206794452e-15,-4.016082755242678e-8,1,1.0533243610666432e-8,-8.321727706342604e-15,-1.0533243610666432e-8,1],8,0.2565011978149414],[[776,222.69961547851563,47,1,1.1552063305941829e-8,8.66017157887932e-15,-1.1552063305941829e-8,1,3.0298363817848896e-9,-8.625170483432879e-15,-3.0298363817848896e-9,1],8,0.26940464973449709],[[776,222.69961547851563,47,1,-1.7038365385246835e-8,8.790208076941801e-15,1.7038365385246835e-8,1,-4.468764025489236e-9,-8.714068285313112e-15,4.468764025489236e-9,1],8,0.28087496757507326],[[776,222.69961547851563,47,1,-5.513043177529653e-8,9.29650338643822e-15,5.513043177529653e-8,1,-1.4459425656809799e-8,-8.499348821315936e-15,1.4459425656809799e-8,1],8,0.29722166061401369],[[776,222.69961547851563,47,1,-9.318994642626422e-8,1.018232620751203e-14,9.318994642626422e-8,1,-2.4441551005338625e-8,-7.904619036961432e-15,2.4441551005338625e-8,1],8,0.3272690773010254],[[776,222.69961547851563,47,1,-7.984922234527403e-8,1.0073114861490745e-14,7.984922234527403e-8,1,-2.0942589884498376e-8,-8.400865147571626e-15,2.0942589884498376e-8,1],8,0.3484492301940918],[[776,222.69961547851563,47,1,-3.944024129509671e-8,9.574142998856287e-15,3.944024129509671e-8,1,-1.034425611834422e-8,-9.166163650580622e-15,1.034425611834422e-8,1],8,0.35749101638793948],[[776,222.69961547851563,47,0.07716264575719834,2.9685123692502203e-8,0.9970185160636902,3.133204984351323e-8,1,-3.2198787636161799e-8,-0.9970185160636902,3.372317891603416e-8,0.07716264575719834],8,0.37624049186706545],[[776,222.69961547851563,47,0.09847380965948105,6.05592447300296e-8,0.9951396584510803,1.9219543290205366e-8,1,-6.275688946288938e-8,-0.9951396584510803,2.5306039930228509e-8,0.09847380965948105],8,0.3956780433654785],[[776,222.69961547851563,47,-0.030751222744584085,9.551000346164074e-8,0.999527096748352,1.0713069542589438e-8,1,-9.52256016262254e-8,-0.999527096748352,7.779699551235808e-9,-0.030751222744584085],8,0.40309929847717287],[[776,222.69961547851563,47,-0.023606816306710244,1.0352164281357546e-7,0.999721348285675,8.484458469126821e-9,1,-1.0335015332429976e-7,-0.999721348285675,6.0423266390330358e-9,-0.023606816306710244],8,0.4111027717590332],[[776,222.69961547851563,47,-0.2042093575000763,1.093170354238282e-7,0.9789272546768189,6.085918435871918e-9,1,-1.1040067704470857e-7,-0.9789272546768189,-1.6587181406180208e-8,-0.2042093575000763],8,0.42310380935668948],[[776,222.69961547851563,47,-0.2917443811893463,7.806795565556968e-8,0.9564962983131409,-3.575153784129981e-10,1,-8.172771259751244e-8,-0.9564962983131409,-2.4185561997569495e-8,-0.2917443811893463],8,0.4355447292327881],[[776,222.69961547851563,47,-0.47221046686172488,4.276889242760262e-8,0.8814858198165894,-1.1948552369744903e-8,1,-5.491990862083185e-8,-0.8814858198165894,-3.646623625286338e-8,-0.47221046686172488],8,0.44785070419311526],[[776,222.69961547851563,47,-0.5501739382743836,1.0084863610870798e-8,0.835050106048584,-2.6170306810513467e-8,1,-2.9319298988639276e-8,-0.835050106048584,-3.79842326481139e-8,-0.5501739382743836],8,0.4610142707824707],[[776,222.69961547851563,47,-0.6956048011779785,-2.616244643149912e-8,0.7184246182441711,-4.4794123965630209e-8,1,-6.954886444532349e-9,-0.7184246182441711,-3.7019052712139458e-8,-0.6956048011779785],8,0.47403764724731448],[[776,222.69961547851563,47,-0.8082984089851379,-7.060607742914726e-8,0.5887730717658997,-7.430247705997317e-8,1,1.7914373984240229e-8,-0.5887730717658997,-2.9267136270050288e-8,-0.8082984089851379],8,0.48798227310180666],[[776,222.69961547851563,47,-0.8824734687805176,-1.028005343073346e-7,0.47036212682724,-9.883837037705234e-8,1,3.311978602482668e-8,-0.47036212682724,-1.7262491880387644e-8,-0.8824734687805176],8,0.5012388229370117],[[776,222.69961547851563,47,-0.9045072197914124,-1.0498028757410793e-7,0.42645829916000368,-9.909826559351132e-8,1,3.598285047701211e-8,-0.42645829916000368,-9.714529625171054e-9,-0.9045072197914124],8,0.5114545822143555],[[776,222.69961547851563,47,-0.9224544763565064,-8.088975533837584e-8,0.38610583543777468,-7.442930183287899e-8,1,3.1680738032946468e-8,-0.38610583543777468,4.86453488601768e-10,-0.9224544763565064],8,0.5236833095550537],[[776,222.69961547851563,47,-0.9338845610618591,-5.6439748874481668e-8,0.35757458209991457,-4.963253630307918e-8,1,2.821422206977786e-8,-0.35757458209991457,8.601494627669127e-9,-0.9338845610618591],8,0.5380187034606934],[[776,222.69961547851563,47,-0.9338346719741821,-3.205963139407686e-8,0.35770490765571597,-2.484783578893257e-8,1,2.475744764751653e-8,-0.35770490765571597,1.4231170908374225e-8,-0.9338346719741821],8,0.5514500141143799],[[776,222.69961547851563,47,-0.9338248372077942,-7.694152870385551e-9,0.35773059725761416,-7.835284504542628e-11,1,2.1303698360952695e-8,-0.35773059725761416,1.986589381886006e-8,-0.9338248372077942],8,0.5774128437042236],[[776,222.69961547851563,47,-0.9338229298591614,4.0990812522068157e-8,0.3577355146408081,4.941325926210993e-8,1,1.4402888659503788e-8,-0.3577355146408081,3.112662838589131e-8,-0.9338229298591614],8,0.5859689712524414],[[775.9056396484375,222.69961547851563,46.96385955810547,-0.9338223934173584,6.53099050396122e-8,0.3577370047569275,7.413528635424882e-8,1,1.0955763407594077e-8,-0.3577370047569275,3.675167192795925e-8,-0.9338223934173584],8,0.5990309715270996],[[775.7274780273438,222.69961547851563,46.89559555053711,-0.9338223934173584,8.96134721983799e-8,0.3577370047569275,9.884146834338026e-8,1,7.510842614522062e-9,-0.3577370047569275,4.237304551679699e-8,-0.9338223934173584],8,0.6192479133605957],[[775.4789428710938,222.69961547851563,46.800376892089847,-0.9338223934173584,8.953377061970969e-8,0.3577370047569275,9.687856561413355e-8,1,2.609748861459593e-9,-0.3577370047569275,3.70940895777494e-8,-0.9338223934173584],8,0.6281290054321289],[[775.2921752929688,222.69961547851563,46.72883224487305,-0.9338223934173584,6.513667472063389e-8,0.3577370047569275,6.925598228235686e-8,1,-1.296722507149184e-9,-0.3577370047569275,2.3564519224805737e-8,-0.9338223934173584],8,0.6366169452667236],[[775.1676635742188,222.69961547851563,46.68113327026367,-0.9338223934173584,4.8880625769243127e-8,0.3577370047569275,5.085075827082619e-8,1,-3.899643719051937e-9,-0.3577370047569275,1.4549623728044026e-8,-0.9338223934173584],8,0.6488723754882813],[[774.9808959960938,222.69961547851563,46.60958480834961,-0.9338223934173584,2.4509574814146619e-8,0.3577370047569275,2.3257671344367737e-8,1,-7.80193598615142e-9,-0.3577370047569275,1.0345072576356529e-9,-0.9338223934173584],8,0.6601428985595703],[[774.8563842773438,222.69961547851563,46.561885833740237,-0.9338223934173584,8.27088442179047e-9,0.3577370047569275,4.872102277175827e-9,1,-1.0402072092574599e-8,-0.3577370047569275,-7.970756499275922e-9,-0.9338223934173584],8,0.670684814453125],[[774.5451049804688,222.69961547851563,46.4426383972168,-0.9375206828117371,-3.237950352286134e-8,0.34792956709861758,-4.098686190445733e-8,1,-1.7378596339767684e-8,-0.34792956709861758,-3.055333408497063e-8,-0.9375206828117371],8,0.6902637481689453],[[774.2952270507813,222.69961547851563,46.34946823120117,-0.9287323951721191,-6.404461316833476e-8,0.3707508444786072,-7.776415600346809e-8,1,-2.2056525494917879e-8,-0.3707508444786072,-4.931573371891318e-8,-0.9287323951721191],8,0.7135992050170898],[[774.0471801757813,222.69961547851563,46.251487731933597,-0.9300215244293213,-9.661067679189728e-8,0.36750513315200808,-1.144934955732424e-7,1,-2.6858756996261947e-8,-0.36750513315200808,-6.705617039415302e-8,-0.9300215244293213],8,0.7220871448516846],[[773.7991943359375,222.69961547851563,46.153377532958987,-0.9393298625946045,-6.942575936363937e-8,0.3430151641368866,-8.017796915282816e-8,1,-1.716485087399633e-8,-0.3430151641368866,-4.3625714596373658e-8,-0.9393298625946045],8,0.7368388175964356],[[773.549072265625,222.69961547851563,46.06094741821289,-0.9638309478759766,-4.381958973453948e-8,0.2665143609046936,-4.677978893141699e-8,1,-4.758539340343759e-9,-0.2665143609046936,-1.7053913836662106e-8,-0.9638309478759766],8,0.7561624050140381],[[773.3572387695313,222.69961547851563,46.00472640991211,-0.9713184833526611,-2.2659977005901056e-8,0.23778216540813447,-2.2036960700688725e-8,1,5.278236958616844e-9,-0.23778216540813447,-1.131470819815128e-10,-0.9713184833526611],8,0.7675836086273193],[[773.163330078125,222.69961547851563,45.955928802490237,-0.9779499173164368,-1.0206228084896907e-9,0.20883964002132417,2.3813140348494245e-9,1,1.6038280037378173e-8,-0.20883964002132417,1.6181946449478347e-8,-0.9779499173164368],8,0.7816460132598877],[[772.968017578125,222.69961547851563,45.91299819946289,-0.9872697591781616,2.1418907536485677e-8,0.15905475616455079,2.620818051468632e-8,1,2.8013220187972366e-8,-0.15905475616455079,3.182514163313499e-8,-0.9872697591781616],8,0.7940404415130615],[[772.7709350585938,222.69961547851563,45.87923812866211,-0.993272066116333,4.4392830744754977e-8,0.11580397933721543,4.9474646601765929e-8,1,4.10085689850348e-8,-0.11580397933721543,4.646203066727139e-8,-0.993272066116333],8,0.8066155910491943],[[772.5062866210938,222.69961547851563,45.846553802490237,-0.9969878792762756,7.493024156701722e-8,0.07755787670612335,7.978533034247448e-8,1,5.950090553596965e-8,-0.07755787670612335,6.550965991891644e-8,-0.9969878792762756],8,0.8208808898925781],[[772.3070678710938,222.69961547851563,45.82955551147461,-0.9980838298797607,8.354916047892402e-8,0.06187640130519867,8.763746706108577e-8,1,6.335819335845372e-8,-0.06187640130519867,6.865948165568625e-8,-0.9980838298797607],8,0.8338549137115479],[[772.1074829101563,222.69961547851563,45.816505432128909,-0.9988510012626648,6.415432807216348e-8,0.04792316257953644,6.644509653597197e-8,1,4.620793347953622e-8,-0.04792316257953644,4.933909991677865e-8,-0.9988510012626648],8,0.8455133438110352],[[771.90771484375,222.69961547851563,45.806358337402347,-0.9997636675834656,4.5091738343217e-8,0.021740233525633813,4.5722572394879538e-8,1,2.8519730577158954e-8,-0.021740233525633813,2.950700839221554e-8,-0.9997636675834656],8,0.8612425327301025],[[771.707763671875,222.69961547851563,45.800987243652347,-0.9999818801879883,2.5229983435792748e-8,0.006020590662956238,2.529377596260929e-8,1,1.0519483062410018e-8,-0.006020590662956238,1.0671575623177887e-8,-0.9999818801879883],8,0.8724274635314941],[[771.441162109375,222.69961547851563,45.798709869384769,-0.9999967813491821,-1.806046090457869e-9,0.002528030425310135,-1.8403265578115225e-9,1,-1.3557817091225388e-8,-0.002528030425310135,-1.3562425849045212e-8,-0.9999967813491821],8,0.8868153095245361],[[771.307861328125,222.69961547851563,45.798240661621097,-0.9999967813491821,-1.533393678698758e-8,0.002528030425310135,-1.539867433564268e-8,1,-2.5588747121219059e-8,-0.002528030425310135,-2.5627594268939903e-8,-0.9999967813491821],8,0.8974306583404541],[[771.10791015625,222.69961547851563,45.79771041870117,-0.9999967813491821,-3.561492434300817e-8,0.002528030425310135,-3.5725324920576898e-8,1,-4.362549788083925e-8,-0.002528030425310135,-4.371567285943456e-8,-0.9999967813491821],8,0.9103760719299316],[[770.907958984375,222.69961547851563,45.79720687866211,-0.9999967813491821,-5.588290363789383e-8,0.002528030425310135,-5.603893882266675e-8,1,-6.165068100472127e-8,-0.002528030425310135,-6.17921500634111e-8,-0.9999967813491821],8,0.92093825340271],[[770.774658203125,222.6945343017578,45.796871185302737,-0.9999967813491821,-6.938766716757527e-8,0.002528030425310135,-6.957410647601137e-8,1,-7.366104881612046e-8,-0.002528030425310135,-7.383669498040035e-8,-0.9999967813491821],8,0.932232141494751],[[770.508056640625,222.69442749023438,45.796199798583987,-0.9999997019767761,-7.071020036164555e-8,0.0007801864412613213,-7.076629771063381e-8,1,-7.187747996795224e-8,-0.0007801864412613213,-7.193266782223873e-8,-0.9999997019767761],8,0.9478414058685303],[[770.241455078125,222.69627380371095,45.79592514038086,-0.9999967813491821,-4.5989342112306988e-8,0.002528030425310135,-4.6101511941287757e-8,1,-4.431341338317907e-8,-0.002528030425310135,-4.442981449415129e-8,-0.9999967813491821],8,0.9631612300872803],[[770.04150390625,222.6973114013672,45.79548263549805,-0.9999818801879883,-2.7401343416499914e-8,0.006022021174430847,-2.7544688308012156e-8,1,-2.3720529540582903e-8,-0.006022021174430847,-2.3885974087534124e-8,-0.9999818801879883],8,0.9770107269287109],[[769.841552734375,222.697998046875,45.79441452026367,-0.999936580657959,-8.855142397123928e-9,0.011261544190347195,-8.892174996333324e-9,1,-3.238293855289953e-9,-0.011261544190347195,-3.3382281383609326e-9,-0.999936580657959],8,0.9895508289337158],[[769.6416015625,222.69847106933595,45.7923698425293,-0.999936580657959,9.553727586819605e-9,0.011261544190347195,9.748390539243701e-9,1,1.7230814108870619e-8,-0.011261544190347195,1.7339504054803e-8,-0.999936580657959],8,1.0002868175506592],[[769.50830078125,222.69866943359376,45.79087829589844,-0.999936580657959,2.181975489179422e-8,0.011261544190347195,2.216880012895217e-8,1,3.086959665665745e-8,-0.011261544190347195,3.11172954070571e-8,-0.999936580657959],8,1.0109107494354249],[[769.24169921875,222.69894409179688,45.787872314453128,-0.999936580657959,4.633609762549895e-8,0.011261544190347195,4.69937084801586e-8,1,5.8129682400931418e-8,-0.011261544190347195,5.865521757186798e-8,-0.999936580657959],8,1.0252015590667725],[[769.041748046875,222.69906616210938,45.78561782836914,-0.999936580657959,6.470961722016e-8,0.011261544190347195,6.559847776088645e-8,1,7.855945938217701e-8,-0.011261544190347195,7.929321554911439e-8,-0.999936580657959],8,1.0375950336456299],[[768.841796875,222.6991424560547,45.783363342285159,-0.999936580657959,6.075617875467288e-8,0.011261544190347195,6.157719667498896e-8,1,7.255765410718596e-8,-0.011261544190347195,7.324651107865066e-8,-0.999936580657959],8,1.050400972366333],[[768.5751953125,222.69920349121095,45.780357360839847,-0.999936580657959,4.0618431285111e-8,0.011261544190347195,4.11498426444723e-8,1,4.6956436960954309e-8,-0.011261544190347195,4.741687220644053e-8,-0.999936580657959],8,1.0661933422088624],[[768.44189453125,222.69921875,45.77885437011719,-0.999936580657959,3.0556009278370769e-8,0.011261544190347195,3.0942711504167167e-8,1,3.416403160372283e-8,-0.011261544190347195,3.451032881685023e-8,-0.999936580657959],8,1.077394962310791],[[768.241943359375,222.69921875,45.7765998840332,-0.999936580657959,1.5470432046527095e-8,0.011261544190347195,1.56401860351707e-8,1,1.4985673146838964e-8,-0.011261544190347195,1.5160855681983777e-8,-0.999936580657959],8,1.089742660522461],[[768.0419921875,222.69921875,45.77434539794922,-0.999936580657959,3.9451963917969126e-10,0.011261544190347195,3.474639742595542e-10,1,-4.180394252983888e-9,-0.011261544190347195,-4.176216261697618e-9,-0.999936580657959],8,1.1008424758911133],[[767.842041015625,222.69921875,45.772090911865237,-0.999936580657959,-1.4671735826254917e-8,0.011261544190347195,-1.4935462644416476e-8,1,-2.3334177257083867e-8,-0.011261544190347195,-2.3500895451888938e-8,-0.999936580657959],8,1.1129851341247559],[[767.64208984375,222.69921875,45.76983642578125,-0.999936580657959,-2.972834067804797e-8,0.011261544190347195,-3.020859651314822e-8,1,-4.247568696769122e-8,-0.011261544190347195,-4.281318766174991e-8,-0.999936580657959],8,1.1266393661499024],[[767.442138671875,222.69921875,45.767581939697269,-0.999936580657959,-4.477529813584624e-8,0.011261544190347195,-4.547194976112223e-8,1,-6.160492915796567e-8,-0.011261544190347195,-6.211310221715394e-8,-0.999936580657959],8,1.1497244834899903],[[767.10888671875,222.69921875,45.763824462890628,-0.999936580657959,-6.983215428135736e-8,0.011261544190347195,-7.088915054964673e-8,1,-9.345975371388704e-8,-0.011261544190347195,-9.42521509728067e-8,-0.999936580657959],8,1.1596171855926514],[[766.9755859375,222.69921875,45.76232147216797,-0.999936580657959,-5.8702209315697476e-8,0.011261544190347195,-5.958633053637641e-8,1,-7.817236991058962e-8,-0.011261544190347195,-7.883844688194586e-8,-0.999936580657959],8,1.1679480075836182],[[766.775634765625,222.69921875,45.760066986083987,-0.999936580657959,-4.201620384947091e-8,0.011261544190347195,-4.264114750185399e-8,1,-5.5253540409694327e-8,-0.011261544190347195,-5.5730239978402099e-8,-0.999936580657959],8,1.1813769340515137],[[766.57568359375,222.69921875,45.7578125,-0.999936580657959,-2.5340888498703863e-8,0.011261544190347195,-2.5706821560333993e-8,1,-3.2349397827147189e-8,-0.011261544190347195,-3.2636844338185259e-8,-0.999936580657959],8,1.1916654109954835],[[766.375732421875,222.69921875,45.755558013916019,-0.999936580657959,-8.676251717076866e-9,0.011261544190347195,-8.78334205367537e-9,1,-9.459935945699272e-9,-0.011261544190347195,-9.558250191332718e-9,-0.999936580657959],8,1.2053453922271729],[[766.17578125,222.69921875,45.75330352783203,-0.999915361404419,7.994436224123547e-9,0.013009738177061081,8.169266152435739e-9,1,1.338525379424027e-8,-0.013009738177061081,1.349040079645647e-8,-0.999915361404419],8,1.2198374271392823],[[765.842529296875,222.69921875,45.7490348815918,-0.999915361404419,3.5727342861946457e-8,0.013009976595640183,3.6399498526407117e-8,1,5.142802805835345e-8,-0.013009976595640183,5.189723495391263e-8,-0.999915361404419],8,1.2538566589355469],[[765.109375,222.69921875,45.73950958251953,-0.8699645400047302,4.07753582010173e-8,0.49311432242393496,6.562857635117325e-8,1,3.309409990492895e-8,-0.49311432242393496,6.115308792686847e-8,-0.8699645400047302],8,1.2922625541687012],[[764.8427734375,223.56211853027345,45.736045837402347,-0.7489423751831055,2.382665620359603e-8,0.6626351475715637,3.923310387676793e-8,1,8.385728555992955e-9,-0.6626351475715637,3.227765787983117e-8,-0.7489423751831055],3,1.3125112056732178],[[764.576171875,224.37051391601563,45.732582092285159,-0.6463850140571594,8.452187394425437e-9,0.7630113959312439,8.431729980884484e-9,1,-3.93446697444233e-9,-0.7630113959312439,3.890325839250863e-9,-0.6463850140571594],5,1.327528953552246],[[764.242919921875,225.3043670654297,45.72825241088867,-0.5428285598754883,-9.740060313845334e-9,0.8398435115814209,-3.1585845050585706e-8,1,-8.817878871525409e-9,-0.8398435115814209,-3.1313764026208449e-8,-0.5428285598754883],5,1.3378517627716065],[[763.976318359375,225.99014282226563,45.724788665771487,-0.4703221917152405,-2.380405739188518e-8,0.8824948072433472,-6.364057014707214e-8,1,-6.943401853476416e-9,-0.8824948072433472,-5.942810687997735e-8,-0.4703221917152405],5,1.3648617267608643],[[763.709716796875,226.6214141845703,45.7213249206543,-0.40640175342559817,-3.7580882406018648e-8,0.9136945009231567,-9.531106570648262e-8,1,-1.262677185032146e-9,-0.9136945009231567,-8.759835168348218e-8,-0.40640175342559817],5,1.3718030452728272],[[763.576416015625,226.91661071777345,45.7195930480957,-0.3776085376739502,-4.438667389194961e-8,0.9259653091430664,-1.1095328034116392e-7,1,2.6888322679496925e-9,-0.9259653091430664,-1.0172356468274302e-7,-0.3776085376739502],5,1.3824384212493897],[[763.443115234375,227.19818115234376,45.71786117553711,-0.3510719835758209,-5.114738499401028e-8,0.9363484978675842,-1.264619839957959e-7,1,7.208987629070407e-9,-0.9363484978675842,-1.1588161896725069e-7,-0.3510719835758209],5,1.3910698890686036],[[763.2431640625,227.59498596191407,45.71526336669922,-0.3143215775489807,-6.121516094026447e-8,0.9493165612220764,-1.4947487159133744e-7,1,1.4991819341503289e-8,-0.9493165612220764,-1.3718673130824755e-7,-0.3143215775489807],5,1.4008357524871827],[[763.10986328125,227.84249877929688,45.713531494140628,-0.2917672097682953,-6.788331319285135e-8,0.9564893841743469,-1.6465597241221986e-7,1,2.0744717943443903e-8,-0.9564893841743469,-1.514390532975085e-7,-0.2917672097682953],5,1.410616397857666],[[762.9765625,228.07638549804688,45.71179962158203,-0.27081748843193056,-5.999608276852087e-8,0.9626306891441345,-1.447079966965248e-7,1,2.1614336986885975e-8,-0.9626306891441345,-1.334468180402837e-7,-0.27081748843193056],5,1.4195976257324219],[[762.776611328125,228.40167236328126,45.70920181274414,-0.24178555607795716,-4.82350266395315e-8,0.9703297019004822,-1.1488147322324949e-7,1,2.1083906176500024e-8,-0.9703297019004822,-1.063751184915418e-7,-0.24178555607795716],5,1.4315567016601563],[[762.57666015625,228.6962890625,45.70660400390625,-0.2154107391834259,-3.6550371618204738e-8,0.9765235185623169,-8.52153263508626e-8,1,1.8631473253094556e-8,-0.9765235185623169,-7.920134947880797e-8,-0.2154107391834259],5,1.4418878555297852],[[762.443359375,228.87567138671876,45.704872131347659,-0.1993745118379593,-2.879945171230247e-8,0.9799233675003052,-6.55458478604487e-8,1,1.6053578022479088e-8,-0.9799233675003052,-6.102923322259812e-8,-0.1993745118379593],5,1.4524586200714112],[[762.243408203125,229.11920166015626,45.702274322509769,-0.1773643046617508,-1.722627729350279e-8,0.9841452836990356,-3.621125088670851e-8,1,1.0977740494411137e-8,-0.9841452836990356,-3.369006762454774e-8,-0.1773643046617508],5,1.4646129608154297],[[762.110107421875,229.2645263671875,45.70054244995117,-0.16395540535449983,-9.544119272675289e-9,0.9864677786827087,-1.676790439830711e-8,1,6.888140280381094e-9,-0.9864677786827087,-1.541164706964082e-8,-0.16395540535449983],5,1.4741604328155518],[[761.843505859375,229.51429748535157,45.697078704833987,-0.13960596919059754,5.746910947124206e-9,0.9902071356773377,2.185680259003675e-8,1,-2.722230441065676e-9,-0.9902071356773377,2.126272313773825e-8,-0.13960596919059754],5,1.4890680313110352],[[761.6435546875,229.66586303710938,45.694480895996097,-0.12342797219753266,1.7155034726101804e-8,0.9923535585403442,5.061000152295492e-8,1,-1.0992398102871448e-8,-0.9923535585403442,4.886624438427134e-8,-0.12342797219753266],5,1.503410816192627],[[761.376953125,229.82025146484376,45.691017150878909,-0.10443229228258133,3.2293332452582038e-8,0.9945319890975952,8.869104561881613e-8,1,-2.3157751272151473e-8,-0.9945319890975952,8.578766852451736e-8,-0.10443229228258133],5,1.5350792407989503],[[760.910400390625,229.9593048095703,45.684200286865237,-0.07580319046974182,5.8604726405064869e-8,0.9971228241920471,1.5469333902728978e-7,1,-4.701374578530704e-8,-0.9971228241920471,1.5068445691213129e-7,-0.07580319046974182],5,1.5566976070404053],[[760.5771484375,229.95643615722657,45.67722702026367,-0.05861493572592735,4.41236345238849e-8,0.9982806444168091,1.1471991712141971e-7,1,-3.746374943602859e-8,-0.9982806444168091,1.1232673813310612e-7,-0.05861493572592735],5,1.5691888332366944],[[760.377197265625,229.91384887695313,45.67174530029297,-0.049456171691417697,3.547344107346362e-8,0.9987763166427612,9.090626917895861e-8,1,-3.101551726558682e-8,-0.9987763166427612,8.926112116114382e-8,-0.049456171691417697],5,1.5801539421081544],[[760.17724609375,229.84060668945313,45.66572952270508,-0.041108839213848117,2.6850011991541579e-8,0.9991546869277954,6.720952683281212e-8,1,-2.4107485785407335e-8,-0.9991546869277954,6.616168235495934e-8,-0.041108839213848117],5,1.593945026397705],[[759.977294921875,229.7366943359375,45.65907287597656,-0.03335469961166382,1.8251919087219904e-8,0.9994435906410217,4.361642425010359e-8,1,-1.6806458447149454e-8,-0.9994435906410217,4.303158007701313e-8,-0.03335469961166382],5,1.6159958839416505],[[759.710693359375,229.5504608154297,45.649227142333987,-0.023688150569796563,6.825471743354683e-9,0.9997193813323975,1.230584789624345e-8,1,-6.5358030099105239e-9,-0.9997193813323975,1.2147573613674468e-8,-0.023688150569796563],5,1.6233043670654297],[[759.5109252929688,229.37503051757813,45.64145278930664,-0.01708175800740719,-1.7172652189145766e-9,0.9998540878295898,-1.107345592998854e-8,1,1.5283341259220152e-9,-0.9998540878295898,-1.104573410515286e-8,-0.01708175800740719],5,1.6357624530792237],[[759.3111572265625,229.1689453125,45.633331298828128,-0.011035502888262272,-1.0238227154957258e-8,0.9999390840530396,-3.437260431837785e-8,1,9.859508764975545e-9,-0.9999390840530396,-3.4261706360894098e-8,-0.011035502888262272],5,1.6468007564544678],[[759.177978515625,229.01451110839845,45.62770080566406,-0.0072821155190467838,-1.590734299838914e-8,0.999973475933075,-4.986482338154019e-8,1,1.554463402442252e-8,-0.999973475933075,-4.9750305208817738e-8,-0.0072821155190467838],5,1.6576812267303467],[[758.9782104492188,228.75732421875,45.61916732788086,-0.0020739443134516479,-2.4394633868496386e-8,0.9999978542327881,-7.30484686073396e-8,1,2.4243187013439639e-8,-0.9999978542327881,-7.299803428395535e-8,-0.0020739443134516479],5,1.6696741580963135],[[758.7784423828125,228.469482421875,45.610347747802737,0.0027482635341584684,-3.2863155752238529e-8,0.9999962449073792,-9.617082241675235e-8,1,3.312758423135165e-8,-0.9999962449073792,-9.626150188069005e-8,0.0027482635341584684],5,1.6821184158325196],[[758.5120849609375,228.03799438476563,45.59849548339844,0.008543103002011776,-4.412698473288401e-8,0.9999635219573975,-1.2691849349266705e-7,1,4.521291430137353e-8,-0.9999635219573975,-1.273001259960438e-7,0.008543103002011776],5,1.69561767578125],[[758.37890625,227.80181884765626,45.5923957824707,0.011197454296052456,-4.974769396426382e-8,0.9999372959136963,-1.4226090172542173e-7,1,5.13438749294437e-8,-0.9999372959136963,-1.428269058578735e-7,0.011197454296052456],5,1.7065503597259522],[[758.112548828125,227.28858947753907,45.58008575439453,0.0160379558801651,-4.9025043580286368e-8,0.9998713731765747,-1.3911548535361363e-7,1,5.1262762923443009e-8,-0.9998713731765747,-1.3991973446536577e-7,0.0160379558801651],5,1.721816062927246],[[757.9127807617188,226.86790466308595,45.5705680847168,0.019361356273293496,-3.953505256504286e-8,0.9998125433921814,-1.1147051282023313e-7,1,4.170109235701602e-8,-0.9998125433921814,-1.1225700546901862e-7,0.019361356273293496],5,1.7346129417419434],[[757.7130126953125,226.4165496826172,45.56098175048828,0.02236921340227127,-3.0061588773833139e-8,0.9997497797012329,-8.389559269517122e-8,1,3.194626074787266e-8,-0.9997497797012329,-8.458921030296551e-8,0.02236921340227127],5,1.7486321926116944],[[757.4971313476563,225.77516174316407,45.538211822509769,-0.005447083152830601,0.02797316201031208,0.9995938539505005,-0.003546701045706868,0.9996018409729004,-0.02799271233379841,-0.9999788999557495,-0.003697739215567708,-0.005345701705664396],5,1.7626440525054932],[[757.4498901367188,224.9423828125,45.523799896240237,-0.0005720605258829892,0.050544146448373798,0.9987216591835022,-0.001466685556806624,0.9987207055091858,-0.05054493993520737,-0.9999987483024597,-0.0014937262749299408,-0.000497196102514863],5,1.7856559753417969],[[757.4405517578125,224.405517578125,45.510284423828128,0.0005145308678038418,0.032728973776102069,0.9994641542434692,-0.0008436517673544586,0.9994639158248901,-0.03272853419184685,-0.9999995231628418,-0.0008263597846962512,0.0005418668733909726],5,1.7991943359375],[[757.4481811523438,223.8411407470703,45.476871490478519,-0.0010220515541732312,0.02097034454345703,0.9997795820236206,-0.0009242307278327644,0.9997796416282654,-0.02097129076719284,-0.9999990463256836,-0.0009454608079977334,-0.0010024448856711388],5,1.8110876083374024],[[757.4366455078125,223.24609375,45.45157241821289,0.0031520891934633257,0.008853591047227383,0.9999558329582214,-0.0005688132368959487,0.9999606609344482,-0.00885184109210968,-0.9999948740005493,-0.0005408863653428853,0.003157001221552491],5,1.821794033050537],[[757.4044189453125,222.62033081054688,45.42787170410156,0.008422590792179108,0.0023279073648154737,0.999961793422699,-0.00024251255672425032,0.9999972581863403,-0.0023259471636265518,-0.9999644756317139,-0.00022291281493380666,0.00842313189059496],5,1.8343784809112549],[[757.14111328125,220.31304931640626,45.35986328125,0.025763867422938348,-0.0002845695416908711,0.9996680021286011,0.00001745098052197136,0.9999999403953552,0.00028421430033631623,-0.9996680617332459,0.000010122728781425394,0.025763871148228647],5,1.8777778148651124],[[756.9662475585938,219.554443359375,45.34561538696289,0.030068624764680864,-0.0000031515587579633577,0.9995478391647339,0.000004857081421505427,1,0.000003006872702826513,-0.9995478391647339,0.0000047644725782447498,0.030068624764680864],7,1.887021541595459],[[756.8344116210938,219.36643981933595,45.33619689941406,0.032836295664310458,0.00011635993723757565,0.999460756778717,-0.0000036541937333822718,1,-0.0001163026608992368,-0.999460756778717,1.6672555602781359e-7,0.032836295664310458],7,1.8956880569458008],[[756.7015380859375,219.3638153076172,45.326412200927737,0.035601116716861728,0.0001389079261571169,0.999366044998169,-0.000007630946129211225,1,-0.00013872420822735876,-0.9993661046028137,-0.0000026873724436882186,0.035601116716861728],7,1.9056439399719239],[[756.5685424804688,219.416015625,45.316375732421878,0.03831999748945236,0.00009058445721166208,0.9992654919624329,-0.000006765739271941129,1,-0.0000903915788512677,-0.9992654919624329,-0.0000032969649055303309,0.03831999748945236],7,1.9143574237823487],[[756.369140625,219.50372314453126,45.30122375488281,0.04218849912285805,-0.000010939927051367704,0.99910968542099,-0.0000010501308906896157,1,0.000010994019248755649,-0.99910968542099,-0.000001513017195975408,0.04218849912285805],7,1.9276065826416016],[[756.1697387695313,219.57130432128907,45.28549575805664,0.04593930393457413,-0.00003325439683976583,0.9989442229270935,0.0000014215625014912803,1,0.00003322416887385771,-0.9989442229270935,-1.0623352864058688e-7,0.04593930393457413],8,1.9393985271453858],[[756.0368041992188,219.60394287109376,45.27475357055664,0.0483487993478775,-0.000022935684683034198,0.9988304972648621,0.000001314382529926661,1,0.00002289891563123092,-0.9988304972648621,2.0571030745486497e-7,0.0483487993478775],8,1.9489669799804688],[[755.83740234375,219.63844299316407,45.25855255126953,0.051738105714321139,-0.000006290567853284301,0.998660683631897,5.453488824969099e-7,1,0.000006270751327974722,-0.998660683631897,2.201817324021249e-7,0.051738105714321139],8,1.9613494873046876],[[755.6380004882813,219.66061401367188,45.242347717285159,0.05482017621397972,9.899731594487094e-7,0.9984962344169617,4.05728819430351e-8,1,-9.93691628536908e-7,-0.9984962344169617,9.498621977854782e-8,0.05482017621397972],8,1.9713003635406495],[[755.4385986328125,219.6747283935547,45.22614288330078,0.057588640600442889,0.000001806981117624673,0.998340368270874,-9.141536594370337e-8,1,-0.0000018047118146569119,-0.998340368270874,1.266725035975469e-8,0.057588640600442889],8,1.983738660812378],[[755.3056640625,219.68115234375,45.21533966064453,0.05926181748509407,0.0000011724852129191277,0.9982424974441528,-7.792127121319936e-8,1,-0.0000011699236210915843,-0.9982424974441528,-8.452521349511244e-9,0.05926181748509407],8,1.9955177307128907],[[755.1062622070313,219.68777465820313,45.199134826660159,0.06154835224151611,2.773204244022054e-7,0.9981040954589844,-3.575237528252728e-8,1,-2.7564252036427208e-7,-0.9981040954589844,-1.871925014995668e-8,0.06154835224151611],8,2.005760669708252],[[754.9068603515625,219.6919708251953,45.18292999267578,0.06360537558794022,-7.563924953046808e-8,0.9979751110076904,-4.463258207465515e-9,1,7.607718544022646e-8,-0.9979751110076904,-9.293138703014847e-9,0.06360537558794022],8,2.0175485610961916],[[754.77392578125,219.69387817382813,45.17212677001953,0.06484906375408173,-1.0855360699224548e-7,0.9978950619697571,3.489286415359061e-9,1,1.085558309910084e-7,-0.9978950619697571,-3.5578027191007779e-9,0.06484906375408173],8,2.0264968872070314],[[754.5745239257813,219.69586181640626,45.155921936035159,0.0665489211678505,-1.2086547940270976e-7,0.9977831840515137,1.2205445543145288e-8,1,1.2031995311190259e-7,-0.9977831840515137,4.171224698978904e-9,0.0665489211678505],8,2.0382184982299806],[[754.4415893554688,219.69674682617188,45.145118713378909,0.06758090853691101,-1.2906939161894116e-7,0.9977138042449951,1.801469018403168e-8,1,1.281449044654437e-7,-0.9977138042449951,9.313356308382481e-9,0.06758090853691101],8,2.0501387119293215],[[754.2421875,219.69766235351563,45.12891387939453,0.06899320334196091,-8.91977762762508e-8,0.9976171255111694,1.656211168210575e-8,1,8.826542341466848e-8,-0.9976171255111694,1.043293185176708e-8,0.06899320334196091],8,2.061706066131592],[[754.0427856445313,219.69825744628907,45.112709045410159,0.07026445865631104,-4.9354135001067337e-8,0.9975283741950989,1.5029758770879199e-8,1,4.8417746256745889e-8,-0.9975283741950989,1.159056317590057e-8,0.07026445865631104],8,2.072096347808838],[[753.8433837890625,219.69862365722657,45.09650421142578,0.07140334695577622,-9.538260847818947e-9,0.9974475502967835,1.3430670797731637e-8,1,8.601221068715859e-9,-0.9974475502967835,1.2782233049790648e-8,0.07140334695577622],8,2.0852415561676027],[[753.6439819335938,219.6988525390625,45.080299377441409,0.07242235541343689,3.025007444534822e-8,0.9973740577697754,1.1776697839138706e-8,1,-3.118486091580053e-8,-0.9973740577697754,1.4004253756638719e-8,0.07242235541343689],8,2.0968892574310304],[[753.5110473632813,219.69895935058595,45.069496154785159,0.07303763180971146,5.6760431021984917e-8,0.9973291754722595,1.0648875559127191e-8,1,-5.769228650365221e-8,-0.9973291754722595,1.4834141914832344e-8,0.07303763180971146],8,2.10882568359375],[[753.3116455078125,219.69906616210938,45.05329132080078,0.07387825846672058,9.6503335100806e-8,0.9972672462463379,8.925852945651514e-9,1,-9.742900886067219e-8,-0.9972672462463379,1.6099347632803075e-8,0.07387825846672058],8,2.120844602584839],[[753.1122436523438,219.6991424560547,45.037086486816409,0.07463447749614716,8.449227806295312e-8,0.9972109794616699,4.635431594124384e-9,1,-8.507551996217444e-8,-0.9972109794616699,1.0972070363379771e-8,0.07463447749614716],8,2.1336469650268556],[[752.912841796875,219.69918823242188,45.02088165283203,0.07531185448169708,7.2489740432502e-8,0.997160017490387,3.6576178197300637e-10,1,-7.272381452594345e-8,-0.997160017490387,5.841688466290407e-9,0.07531185448169708],8,2.1449029445648195],[[752.7134399414063,219.69921875,45.004676818847659,0.07591790705919266,6.049563694432436e-8,0.9971140623092651,-3.885872068565277e-9,1,-6.037487310095458e-8,-0.9971140623092651,7.088762910001378e-10,0.07591790705919266],8,2.1551015377044679],[[752.5140380859375,219.69921875,44.98847198486328,0.07645998895168305,4.8509892991432937e-8,0.9970726370811462,-8.121869399246862e-9,1,-4.802949504778553e-8,-0.9970726370811462,-4.4257588704965659e-9,0.07645998895168305],8,2.1690757274627687],[[752.3146362304688,219.69921875,44.972267150878909,0.0769447460770607,3.6532426861413117e-8,0.9970353841781616,-1.2344305133638045e-8,1,-3.568840156731312e-8,-0.9970353841781616,-9.561674119140662e-9,0.0769447460770607],8,2.181969404220581],[[752.115234375,219.69921875,44.95634078979492,0.07726931571960449,2.456311953835666e-8,0.9970102310180664,-1.6551995329905368e-8,1,-2.33539800831295e-8,-0.9970102310180664,-1.4697963734988662e-8,0.07726931571960449],8,2.194652557373047],[[751.849365234375,219.69921875,44.936767578125,0.07693249732255936,8.61602522661542e-9,0.9970362782478333,-2.214063954397716e-8,1,-6.933238427819788e-9,-0.9970362782478333,-2.1541628925092483e-8,0.07693249732255936],8,2.2073380947113039],[[751.6497802734375,219.69921875,44.92285919189453,0.07627654075622559,-3.3359683904166106e-9,0.9970867037773132,-2.63336961126015e-8,1,5.360227373074622e-9,-0.9970867037773132,-2.666583753807572e-8,0.07627654075622559],8,2.219774007797241],[[751.4501953125,219.69921875,44.909645080566409,0.07532243430614472,-1.528124116134677e-8,0.9971592426300049,-3.0538295447968269e-8,1,1.763154777734144e-8,-0.9971592426300049,-3.177959584377277e-8,0.07532243430614472],8,2.2324914932250978],[[751.317138671875,219.6890106201172,44.90092086791992,0.07461804896593094,-2.3241154778474994e-8,0.9972121715545654,-3.334966436341347e-8,1,2.58015724341476e-8,-0.9972121715545654,-3.518195512697275e-8,0.07461804896593094],8,2.2464113235473635],[[751.1175537109375,219.6481475830078,44.887847900390628,0.07353734225034714,-3.5175670376474957e-8,0.9972924590110779,-3.7579077627469817e-8,1,3.804213832836467e-8,-0.9972924590110779,-4.0274848345234207e-8,0.07353734225034714],8,2.2572174072265627],[[750.91796875,219.57662963867188,44.874778747558597,0.0724492222070694,-4.710377154992784e-8,0.9973720908164978,-4.182304280675453e-8,1,5.026591409773573e-8,-0.9973720908164978,-4.5354862976410007e-8,0.0724492222070694],8,2.2692487239837648],[[750.518798828125,219.3416290283203,44.84864044189453,0.07026952505111695,-7.09407217414082e-8,0.9975280165672302,-5.035409955667092e-8,1,7.466364593256003e-8,-0.9975280165672302,-5.5476206739513148e-8,0.07026952505111695],8,2.2932913303375246],[[750.3857421875,219.23605346679688,44.839927673339847,0.06954275071620941,-7.888066022587737e-8,0.9975789785385132,-5.321050977613595e-8,1,8.278148300178145e-8,-0