[[[776,222.69961547851563,47,1,5.6735490971959737e-8,3.887700979286063e-14,-5.6735490971959737e-8,1,9.188535443627188e-8,-3.3663847263162158e-14,-9.188535443627188e-8,1],8,0.009613037109375],[[776,222.69961547851563,47,1,4.184632018677803e-8,3.785995022803808e-14,-4.184632018677803e-8,1,6.777175087790965e-8,-3.502395178349091e-14,-6.777175087790965e-8,1],8,0.022143125534057618],[[776,222.69961547851563,47,1,2.2008938671547186e-8,3.707576034920647e-14,-2.2008938671547186e-8,1,3.564431239055921e-8,-3.6291268926645639e-14,-3.564431239055921e-8,1],8,0.037914276123046878],[[776,222.69961547851563,47,1,2.188505598965662e-9,3.6930839788194838e-14,-2.188505598965662e-9,1,3.5443126211731625e-9,-3.6923084354529778e-14,-3.5443126211731625e-9,1],8,0.05546259880065918],[[776,222.69961547851563,47,1,-2.2563218848858925e-8,3.764327581199864e-14,2.2563218848858925e-8,1,-3.654212932246992e-8,-3.6818767164877727e-14,3.654212932246992e-8,1],8,0.08790373802185059],[[776,222.69961547851563,47,1,-5.7171231304664619e-8,4.030244088221342e-14,5.7171231304664619e-8,1,-9.259126443339483e-8,-3.500888476142515e-14,9.259126443339483e-8,1],8,0.10897135734558106],[[776,222.69961547851563,47,1,-4.811080245303856e-8,3.976186445527573e-14,4.811080245303856e-8,1,-7.791750533669983e-8,-3.601319139819384e-14,7.791750533669983e-8,1],8,0.12036323547363281],[[776,222.69961547851563,47,1,-3.8782317801633329e-8,3.921495899815615e-14,3.8782317801633329e-8,1,-6.280961883931013e-8,-3.6779058260310446e-14,6.280961883931013e-8,1],8,0.13045024871826173],[[776,222.69961547851563,47,1,-2.479706928681935e-8,3.8657353820846857e-14,2.479706928681935e-8,1,-4.01598860833019e-8,-3.766150396102355e-14,4.01598860833019e-8,1],8,0.14245128631591798],[[776,222.69961547851563,47,1,-1.082078160408173e-8,3.8415962983406537e-14,1.082078160408173e-8,1,-1.7524669715385245e-8,-3.822633263530703e-14,1.7524669715385245e-8,1],8,0.1581118106842041],[[776,222.69961547851563,47,1,7.80033548863912e-9,3.858558641329189e-14,-7.80033548863912e-9,1,1.2633058155131494e-8,-3.8487042600208329e-14,-1.2633058155131494e-8,1],8,0.17270183563232423],[[776,222.69961547851563,47,1,2.1755731438588556e-8,3.908070766414813e-14,-2.1755731438588556e-8,1,3.523444647157703e-8,-3.8314156399410148e-14,-3.523444647157703e-8,1],8,0.18579626083374024],[[776,222.69961547851563,47,-0.982670247554779,4.043365642303343e-9,0.1853623390197754,3.618865873633581e-9,1,-2.6284396881237628e-9,-0.1853623390197754,-1.9120880434542188e-9,-0.982670247554779],8,0.20776772499084474],[[776,222.69961547851563,47,-0.9989961981773377,2.74360942853491e-8,0.04479505494236946,2.597895765177327e-8,1,-3.3111152930587198e-8,-0.04479505494236946,-3.1914186848780449e-8,-0.9989961981773377],8,0.2358708381652832],[[776,222.69961547851563,47,-0.999726414680481,6.294364851555656e-8,0.02339041419327259,6.114024131420592e-8,1,-7.781532218587017e-8,-0.02339041419327259,-7.63639320666698e-8,-0.999726414680481],8,0.24399042129516602],[[776,222.69961547851563,47,-0.9996426105499268,7.529862244837205e-8,0.02673279121518135,7.284611314162248e-8,1,-9.271555256873398e-8,-0.02673279121518135,-9.073504259049514e-8,-0.9996426105499268],8,0.256350040435791],[[776,222.69961547851563,47,-0.999173641204834,4.7696065763602749e-8,0.0406457744538784,4.53622881479987e-8,1,-5.833974725533153e-8,-0.0406457744538784,-5.6447749585686327e-8,-0.999173641204834],8,0.2732694149017334],[[776,222.69961547851563,47,-0.9986044764518738,3.108204182922236e-8,0.05281244218349457,2.9140615254164005e-8,1,-3.7530799801288597e-8,-0.05281244218349457,-3.5939436315857168e-8,-0.9986044764518738],8,0.30191588401794436],[[776,222.69961547851563,47,-0.9976509213447571,2.837941215361184e-9,0.06850267946720123,2.675824450903974e-9,1,-2.4583330926475357e-9,-0.06850267946720123,-2.269257226572563e-9,-0.9976509213447571],8,0.30954837799072268],[[776,222.69961547851563,47,-0.9974055886268616,-1.4422472993658176e-8,0.07198669016361237,-1.3115932340213022e-8,1,1.862245646577776e-8,-0.07198669016361237,1.762997037246805e-8,-0.9974055886268616],8,0.32253551483154299],[[775.8992919921875,222.69961547851563,46.99272918701172,-0.9967389106750488,-3.183314234433965e-8,0.08069444447755814,-2.8712980437717307e-8,1,3.9826755227068136e-8,-0.08069444447755814,3.7379898287781546e-8,-0.9967389106750488],8,0.33660244941711428],[[775.5765991210938,222.69961547851563,46.96686935424805,-0.9959962368011475,-6.089584303481388e-8,0.08939485996961594,-5.4376535274514029e-8,1,7.536250024031688e-8,-0.08939485996961594,7.019978198741228e-8,-0.9959962368011475],8,0.3691747188568115],[[775.17822265625,222.69961547851563,46.93146896362305,-0.9944679141044617,-6.038519018147781e-8,0.10504059493541718,-5.28901793472869e-8,1,7.413899538732949e-8,-0.10504059493541718,6.817323594532354e-8,-0.9944679141044617],8,0.38808608055114748],[[774.9130249023438,222.69961547851563,46.904075622558597,-0.9937096238136292,-3.576633744728497e-8,0.11198760569095612,-3.10731032016065e-8,1,4.3653912484842297e-8,-0.11198760569095612,3.989951125049629e-8,-0.9937096238136292],8,0.39438486099243166],[[774.7142333984375,222.69961547851563,46.881954193115237,-0.9933122992515564,-1.7099237581419403e-8,0.11545848101377487,-1.4802444603390086e-8,1,2.075020866243449e-8,-0.11545848101377487,1.8902369447459934e-8,-0.9933122992515564],8,0.40718817710876467],[[774.6480102539063,222.69961547851563,46.874351501464847,-0.9926935434341431,-1.0931989535833964e-8,0.12066274136304856,-9.421278868160244e-9,1,1.3090593498077397e-8,-0.12066274136304856,1.1858150905652565e-8,-0.9926935434341431],8,0.4165928363800049],[[774.38330078125,222.69961547851563,46.842437744140628,-0.9918263554573059,1.403635696561878e-8,0.12759508192539216,1.1877423489181638e-8,1,-1.7681054842455525e-8,-0.12759508192539216,-1.6021035165181276e-8,-0.9918263554573059],8,0.42847204208374026],[[774.2510375976563,222.69961547851563,46.82566452026367,-0.9918263554573059,2.6553788501360033e-8,0.12759508192539216,2.2519946796251135e-8,1,-3.305702023226331e-8,-0.12759508192539216,-2.9913387322721977e-8,-0.9918263554573059],8,0.4408109188079834],[[773.9866333007813,222.69961547851563,46.79167938232422,-0.9916018843650818,5.162483773801796e-8,0.12932796776294709,4.373761797182851e-8,1,-6.382636286161869e-8,-0.12932796776294709,-5.7633844363635947e-8,-0.9916018843650818],8,0.45397353172302248],[[773.788330078125,222.69961547851563,46.76587677001953,-0.9922659397125244,7.007221114463391e-8,0.1241302639245987,5.975958572435047e-8,1,-8.680247276515729e-8,-0.1241302639245987,-7.871316398677664e-8,-0.9922659397125244],8,0.46583056449890139],[[773.58984375,222.69961547851563,46.7408561706543,-0.9935120940208435,6.442957101171487e-8,0.1137266531586647,5.565607352764346e-8,1,-8.032056797446785e-8,-0.1137266531586647,-7.34698772930642e-8,-0.9935120940208435],8,0.4789159297943115],[[773.4573974609375,222.69961547851563,46.72532653808594,-0.9935120940208435,5.337288655482553e-8,0.1137266531586647,4.613833581856852e-8,1,-6.624561166290732e-8,-0.1137266531586647,-6.056865231585107e-8,-0.9935120940208435],8,0.48860955238342287],[[773.2587280273438,222.69961547851563,46.7025260925293,-0.9935120940208435,3.6796713231979086e-8,0.1137266531586647,3.1869351602153986e-8,1,-4.5144449956069369e-8,-0.1137266531586647,-4.1227160352264039e-8,-0.9935120940208435],8,0.5005404949188232],[[773.1262817382813,222.69961547851563,46.68735885620117,-0.9935120940208435,2.5751832666287556e-8,0.1137266531586647,2.2361774654200418e-8,1,-3.1084525176083846e-8,-0.1137266531586647,-2.833971990412465e-8,-0.9935120940208435],8,0.5111165046691895],[[772.9276123046875,222.69961547851563,46.664608001708987,-0.9935120940208435,9.193358074810476e-9,0.1137266531586647,8.108024474040576e-9,1,-1.0005902773002618e-8,-0.1137266531586647,-9.018886970579843e-9,-0.9935120940208435],8,0.5236382484436035],[[772.6627197265625,222.69961547851563,46.63427734375,-0.9935120940208435,-1.2868103027585676e-8,0.1137266531586647,-1.0882770240527862e-8,1,1.8077905394875417e-8,-0.1137266531586647,1.6722957241199766e-8,-0.9935120940208435],8,0.5377557277679443],[[772.5302734375,222.69961547851563,46.619117736816409,-0.9935120940208435,-2.3891766787187408e-8,0.1137266531586647,-2.0372084463815555e-8,1,3.211080823461998e-8,-0.1137266531586647,2.9585626393213716e-8,-0.9935120940208435],8,0.5477542877197266],[[772.3316040039063,222.69961547851563,46.596378326416019,-0.9935120940208435,-4.0418431268562929e-8,0.1137266531586647,-3.459845743236656e-8,1,5.314891282637291e-8,-0.1137266531586647,4.886932103431718e-8,-0.9935120940208435],8,0.5583765506744385],[[772.1991577148438,222.69961547851563,46.58121871948242,-0.9935120940208435,-5.143032666410363e-8,0.1137266531586647,-4.407764109259915e-8,1,6.716682321439294e-8,-0.1137266531586647,6.171824651346469e-8,-0.9935120940208435],8,0.5695011615753174],[[771.9342651367188,222.69961547851563,46.550899505615237,-0.9935120940208435,-7.343999897102549e-8,0.1137266531586647,-6.302386168499652e-8,1,9.518467436464562e-8,-0.1137266531586647,8.73996270911448e-8,-0.9935120940208435],8,0.5841658115386963],[[771.735595703125,222.69961547851563,46.528160095214847,-0.9935120940208435,-5.629128096984459e-8,0.1137266531586647,-4.833282574168152e-8,1,7.27361069152721e-8,-0.1137266531586647,6.676746977518633e-8,-0.9935120940208435],8,0.6105959415435791],[[771.205810546875,224.37091064453126,46.46752166748047,-0.9935120940208435,-1.061505638944027e-8,0.1137266531586647,-9.202730133495152e-9,1,1.2943609739579643e-8,-0.1137266531586647,1.1813036771002317e-8,-0.9935120940208435],3,0.6322281360626221],[[770.94091796875,225.1248016357422,46.43720245361328,-0.9781306982040405,1.3005055699011337e-8,0.2079911082983017,9.506740283882209e-9,1,-1.7819134612295785e-8,-0.2079911082983017,-1.5452124912940236e-8,-0.9781306982040405],5,0.6580100059509277],[[770.6098022460938,225.99053955078126,46.39827346801758,-0.9573816657066345,4.5035452700403769e-8,0.28882572054862978,2.8802173090980433e-8,1,-6.045436862223142e-8,-0.28882572054862978,-4.955909815862469e-8,-0.9573816657066345],5,0.679011344909668],[[770.2792358398438,226.7711181640625,46.35513687133789,-0.9549880623817444,7.552490899342956e-8,0.2966441810131073,4.573115575112752e-8,1,-1.0737510791614113e-7,-0.2966441810131073,-8.897606562641158e-8,-0.9549880623817444],5,0.6862881183624268],[[770.1470947265625,227.0594940185547,46.33732223510742,-0.979406476020813,7.752684894057893e-8,0.2018982470035553,5.2939483907721299e-8,1,-1.271807548164361e-7,-0.2018982470035553,-1.1387326992462477e-7,-0.979406476020813],5,0.6957409381866455],[[770.0150146484375,227.33425903320313,46.31922912597656,-0.9786926507949829,7.789347478137643e-8,0.2053307443857193,5.1853298543846907e-8,1,-1.3220152084159054e-7,-0.2053307443857193,-1.1873757443936484e-7,-0.9786926507949829],5,0.7074956893920898],[[769.81689453125,227.72084045410157,46.29143142700195,-0.9691957831382752,6.575742617087599e-8,0.24629145860671998,3.823865668550752e-8,1,-1.1651511044874496e-7,-0.24629145860671998,-1.0350810697445923e-7,-0.9691957831382752],5,0.7199621200561523],[[769.5531616210938,228.18861389160157,46.25221252441406,-0.9569766521453857,4.815796117441096e-8,0.2901649475097656,2.1546798123495138e-8,1,-9.490525343380796e-8,-0.2901649475097656,-8.456998301653585e-8,-0.9569766521453857],5,0.7324550151824951],[[769.4215087890625,228.40206909179688,46.231239318847659,-0.9725713133811951,3.246974600301655e-8,0.23260487616062165,1.3254740416357436e-8,1,-8.41709208998509e-8,-0.23260487616062165,-7.877910945808253e-8,-0.9725713133811951],5,0.7433469295501709],[[769.2900390625,228.6018829345703,46.209224700927737,-0.9709218740463257,2.2633647844827466e-8,0.23939666152000428,5.2542130646315858e-9,1,-7.323501449718606e-8,-0.23939666152000428,-6.984762990214222e-8,-0.9709218740463257],5,0.7520496845245361],[[769.093017578125,228.87606811523438,46.174686431884769,-0.9585205912590027,1.0416370876953352e-8,0.2850233316421509,-5.83430281864139e-9,1,-5.616617571035931e-8,-0.2850233316421509,-5.549934911641685e-8,-0.9585205912590027],5,0.7653589248657227],[[768.896484375,229.11959838867188,46.137630462646487,-0.9565067291259766,-4.374336448620397e-9,0.2917102575302124,-1.633743096363105e-8,1,-3.857432773202163e-8,-0.2917102575302124,-4.166239975234021e-8,-0.9565067291259766],5,0.7759048938751221],[[768.765625,229.26492309570313,46.111915588378909,-0.9643186926841736,-1.535259208651496e-8,0.26474422216415408,-2.322845560343012e-8,1,-2.6618307558123889e-8,-0.26474422216415408,-3.181813212904672e-8,-0.9643186926841736],5,0.7864398956298828],[[768.5696411132813,229.45736694335938,46.07215881347656,-0.951802670955658,-2.8699979282009737e-8,0.30671101808547976,-3.269235904213019e-8,1,-7.879395802490308e-9,-0.30671101808547976,-1.7526737394746307e-8,-0.951802670955658],5,0.7971208095550537],[[768.439208984375,229.56861877441407,46.04449462890625,-0.9600358605384827,-3.8736825302976288e-8,0.27987706661224368,-3.89066698858187e-8,1,4.948692122752618e-9,-0.27987706661224368,-6.138163755053938e-9,-0.9600358605384827],5,0.8070511817932129],[[768.2438354492188,229.7099609375,46.001678466796878,-0.9490872025489807,-5.293980009923871e-8,0.31501346826553347,-4.7458488694474e-8,1,2.507053586953134e-8,-0.31501346826553347,8.844062371338169e-9,-0.9490872025489807],5,0.81960129737854],[[768.0486450195313,229.82064819335938,45.958072662353519,-0.9474216103553772,-6.73189290978371e-8,0.31998804211616518,-5.545788184235789e-8,1,4.617963611508458e-8,-0.31998804211616518,2.6005725572986195e-8,-0.9474216103553772],5,0.8305139541625977],[[767.8536376953125,229.9006805419922,45.91350555419922,-0.9468610882759094,-8.161726583466589e-8,0.3216426968574524,-6.296725985066587e-8,1,6.838649113660722e-8,-0.3216426968574524,4.449955071095246e-8,-0.9468610882759094],5,0.842238187789917],[[767.6588134765625,229.95005798339845,45.86846923828125,-0.9457327127456665,-9.598416994549552e-8,0.3249455988407135,-6.993186474346658e-8,1,9.185327343175232e-8,-0.3249455988407135,6.414459363668357e-8,-0.9457327127456665],5,0.8559889793395996],[[767.464111328125,229.96878051757813,45.822811126708987,-0.9451635479927063,-1.1030492430563754e-7,0.32659733295440676,-7.637034116214636e-8,1,1.1672618427382986e-7,-0.32659733295440676,8.538299312021991e-8,-0.9451635479927063],5,0.8684208393096924],[[767.2694702148438,229.9568328857422,45.77675247192383,-0.9451631307601929,-1.2454533759864717e-7,0.326598584651947,-8.230022530142378e-8,1,1.43167184774029e-7,-0.326598584651947,1.0843720588127326e-7,-0.9451631307601929],5,0.8839154243469238],[[767.0099487304688,229.8932342529297,45.715248107910159,-0.9331340193748474,-9.18520015602553e-8,0.35952869057655337,-5.3598292026890707e-8,1,1.1636794283731433e-7,-0.35952869057655337,8.931676376278119e-8,-0.9331340193748474],5,0.9091951847076416],[[766.685791015625,229.73709106445313,45.63786315917969,-0.9206381440162659,-4.9878376984224818e-8,0.3904170095920563,-2.013784872190172e-8,1,8.026982811770722e-8,-0.3904170095920563,6.603730895449189e-8,-0.9206381440162659],5,0.9188137054443359],[[766.55615234375,229.65078735351563,45.60688018798828,-0.9549990296363831,-2.5726221153377084e-8,0.2966090142726898,-6.523583451212289e-9,1,6.573031896550674e-8,-0.2966090142726898,6.08374364219344e-8,-0.9549990296363831],5,0.9270424842834473],[[766.426513671875,229.5508575439453,45.575897216796878,-0.9549990892410278,-8.525391059777121e-9,0.2966088056564331,6.807487906712595e-9,1,5.0661125072792859e-8,-0.2966088056564331,5.0400490891888697e-8,-0.9549990892410278],5,0.9375627040863037],[[766.2320556640625,229.37542724609376,45.529422760009769,-0.9468596577644348,1.604371036023622e-8,0.32164695858955386,2.6045228196380778e-8,1,2.679169064379039e-8,-0.32164695858955386,3.3745340743962518e-8,-0.9468596577644348],5,0.94730544090271],[[766.0372924804688,229.16934204101563,45.48405075073242,-0.9490839838981628,4.204494175041873e-8,0.3150232434272766,4.48396910712745e-8,1,1.6242927003418118e-9,-0.3150232434272766,1.566713514478124e-8,-0.9490839838981628],5,0.9595432281494141],[[765.8421630859375,228.93258666992188,45.44002914428711,-0.9501786828041077,6.77973162055423e-8,0.3117057681083679,6.312141920261638e-8,1,-2.5089976318781738e-8,-0.3117057681083679,-4.164650846405493e-9,-0.9501786828041077],5,0.9728598594665527],[[765.6468505859375,228.66517639160157,45.39681625366211,-0.9523308873176575,9.345171037011824e-8,0.3050670623779297,8.099613069134648e-8,1,-5.3485269546627026e-8,-0.3050670623779297,-2.622642192307012e-8,-0.9523308873176575],5,0.9838142395019531],[[765.4512939453125,228.3671112060547,45.3548469543457,-0.9533935189247131,1.1908343111599607e-7,0.30172961950302126,9.83720056524362e-8,1,-8.383729976912946e-8,-0.30172961950302126,-5.0248193161905877e-8,-0.9533935189247131],5,0.996915340423584],[[765.2555541992188,228.03839111328126,45.313682556152347,-0.9539151787757874,1.286254018850741e-7,0.30007630586624148,1.0219536505928773e-7,1,-1.0377257808613649e-7,-0.30007630586624148,-6.832382837274054e-8,-0.9539151787757874],5,1.0086009502410889],[[765.059814453125,227.67901611328126,45.27293395996094,-0.9544376730918884,1.0507585557206767e-7,0.2984102666378021,7.887269504180949e-8,1,-9.985175353222076e-8,-0.2984102666378021,-7.176585370416433e-8,-0.9544376730918884],5,1.0213963985443116],[[764.8638916015625,227.2889862060547,45.23252868652344,-0.9544370174407959,8.163359410673366e-8,0.2984124422073364,5.589867413391403e-8,1,-9.477429330218001e-8,-0.2984124422073364,-7.37752330337571e-8,-0.9544370174407959],5,1.034189224243164],[[764.66796875,226.86830139160157,45.19218826293945,-0.9544371366500855,5.814450787511305e-8,0.2984120845794678,3.32424718862967e-8,1,-8.852409649762194e-8,-0.2984120845794678,-7.457072825900468e-8,-0.9544371366500855],5,1.0457799434661866],[[764.537353515625,226.57080078125,45.1652946472168,-0.9638473987579346,3.992267849639575e-8,0.26645493507385256,1.821516981692639e-8,1,-8.393927686256575e-8,-0.26645493507385256,-7.605112983810614e-8,-0.9638473987579346],5,1.0572028160095215],[[764.276123046875,225.93495178222657,45.111507415771487,-0.9439671635627747,1.3331297843421908e-8,0.33003944158554079,-1.109922642683614e-8,1,-7.213865416133558e-8,-0.33003944158554079,-7.175970040407265e-8,-0.9439671635627747],5,1.0703909397125245],[[764.1455078125,225.59658813476563,45.08461380004883,-0.9624379873275757,-6.958276621560344e-9,0.2715015113353729,-2.5790537705461248e-8,1,-6.579527678240993e-8,-0.2715015113353729,-7.032604543155685e-8,-0.9624379873275757],5,1.0807793140411378],[[763.884521484375,224.8789825439453,45.029659271240237,-0.9398638010025024,-3.3877938676596389e-8,0.34154945611953738,-5.4268134874746468e-8,1,-5.014418391624531e-8,-0.34154945611953738,-6.566395427398675e-8,-0.9398638010025024],5,1.0960991382598878],[[763.6890869140625,224.3050079345703,44.9871940612793,-0.9490811228752136,-6.004606234455423e-8,0.3150317668914795,-7.554520919939023e-8,1,-3.6988254237257937e-8,-0.3150317668914795,-5.8903996347225987e-8,-0.9490811228752136],5,1.1084058284759522],[[763.493896484375,223.7003936767578,44.94364929199219,-0.945160984992981,-8.397214656952201e-8,0.32660484313964846,-9.645994936136049e-8,1,-2.2038960878489889e-8,-0.32660484313964846,-5.2334652167473908e-8,-0.945160984992981],5,1.1218929290771485],[[763.16943359375,222.6245574951172,44.867244720458987,-0.9551351070404053,-1.2089371637102887e-7,0.2961703836917877,-1.2883090505511064e-7,1,-7.283710523608988e-9,-0.2961703836917877,-4.511282725161436e-8,-0.9551351070404053],7,1.1425065994262696],[[763.040283203125,222.45278930664063,44.834144592285159,-0.9642952680587769,-1.0107333281439424e-7,0.26482951641082766,-1.0541847217382383e-7,1,-2.1946082728874218e-9,-0.26482951641082766,-3.003417603508751e-8,-0.9642952680587769],7,1.1529874801635743],[[762.8472290039063,222.45285034179688,44.78202819824219,-0.9622787237167358,-6.892471304809078e-8,0.27206549048423769,-7.025064263643799e-8,1,4.866533398484307e-9,-0.27206549048423769,-1.4429813788296997e-8,-0.9622787237167358],7,1.1624674797058106],[[762.7188110351563,222.49407958984376,44.74617385864258,-0.9575848579406738,-4.7390404489533469e-8,0.288151353597641,-4.674248899050326e-8,1,9.128888756038123e-9,-0.288151353597641,-4.727225277889602e-9,-0.9575848579406738],8,1.1748132705688477],[[762.527099609375,222.55422973632813,44.68925476074219,-0.9555728435516357,-1.544692729282815e-8,0.29475507140159609,-1.1456803505893732e-8,1,1.526391990580578e-8,-0.29475507140159609,1.1208835637432913e-8,-0.9555728435516357],8,1.1843056678771973],[[762.3995971679688,222.58563232421876,44.65022659301758,-0.9555870890617371,5.815592007962778e-9,0.2947089374065399,1.2053936515599162e-8,1,1.935127258434477e-8,-0.2947089374065399,2.204422955287555e-8,-0.9555870890617371],8,1.1931960582733155],[[762.2721557617188,222.60992431640626,44.61096954345703,-0.9524474143981934,2.683718491880427e-8,0.3047030568122864,3.5596038117091669e-8,1,2.3190343867440789e-8,-0.3047030568122864,3.293380501645515e-8,-0.9524474143981934],8,1.2040455341339112],[[762.0814819335938,222.6356658935547,44.550411224365237,-0.9502924084663391,5.8468277330803178e-8,0.31135889887809756,7.092965859101241e-8,1,2.869883886091884e-8,-0.31135889887809756,4.935687059060001e-8,-0.9502924084663391],8,1.2147629261016846],[[761.891357421875,222.6522216796875,44.48841094970703,-0.9491991400718689,9.013723456519074e-8,0.3146759867668152,1.06259619769844e-7,1,3.4080475330711127e-8,-0.3146759867668152,6.578650868505065e-8,-0.9491991400718689],8,1.2260305881500245],[[761.7647705078125,222.65977478027345,44.44658279418945,-0.9486513137817383,8.051902256056565e-8,0.31632372736930849,9.416898905101334e-8,1,2.7865491247780484e-8,-0.31632372736930849,5.622252174930509e-8,-0.9486513137817383],8,1.2368979454040528],[[761.5750732421875,222.66758728027345,44.383399963378909,-0.9469812512397766,6.597523594109589e-8,0.3212888836860657,7.59941727324076e-8,1,1.8643081745040037e-8,-0.3212888836860657,4.207073089901314e-8,-0.9469812512397766],8,1.247136116027832],[[761.3856201171875,222.67254638671876,44.319332122802737,-0.946416974067688,5.166242189602599e-8,0.3229471743106842,5.781488709999394e-8,1,9.458413607887906e-9,-0.3229471743106842,2.7622757414746958e-8,-0.946416974067688],8,1.258657455444336],[[761.1962890625,222.67568969726563,44.254817962646487,-0.9441351890563965,3.723807395772383e-8,0.32955846190452578,3.958350447419434e-8,1,4.069184156296757e-10,-0.32955846190452578,1.3429264811293251e-8,-0.9441351890563965],8,1.2730278968811036],[[761.0703125,222.67710876464845,44.21110916137695,-0.9429787993431091,2.7709434746725493e-8,0.3328527808189392,2.7414758463351064e-8,1,-5.581739959126253e-9,-0.3328527808189392,3.8616163600124768e-9,-0.9429787993431091],8,1.282698631286621],[[760.8816528320313,222.67857360839845,44.14469909667969,-0.9400393962860107,1.3460004666399073e-8,0.3410658538341522,9.09376929314476e-9,1,-1.440045238609855e-8,-0.3410658538341522,-1.043541786316382e-8,-0.9400393962860107],8,1.2934153079986573],[[760.6935424804688,222.67950439453126,44.076805114746097,-0.9382365942001343,-6.909978145230866e-10,0.3459942936897278,-9.261474254174118e-9,1,-2.3117307179632008e-8,-0.3459942936897278,-2.489392159077397e-8,-0.9382365942001343],8,1.305034875869751],[[760.5057983398438,222.6800994873047,44.0078125,-0.9364125728607178,-1.4757151944877478e-8,0.35090094804763796,-2.7650305156612377e-8,1,-3.173243712240037e-8,-0.35090094804763796,-3.941716997246658e-8,-0.9364125728607178],8,1.315577507019043],[[760.380859375,222.6803741455078,43.961204528808597,-0.932051956653595,-2.3733338849751818e-8,0.36232468485832217,-3.997225306306973e-8,1,-3.732253972543731e-8,-0.36232468485832217,-4.92694773868152e-8,-0.932051956653595],8,1.3272366523742676],[[760.1942749023438,222.68064880371095,43.88920211791992,-0.9295004606246948,-3.757020650141385e-8,0.36882102489471438,-5.8503346167526618e-8,1,-4.557407962124671e-8,-0.36882102489471438,-6.393839413476599e-8,-0.9295004606246948],8,1.3388495445251465],[[760.00830078125,222.68081665039063,43.81570816040039,-0.9235883951187134,-5.073279041312162e-8,0.3833855986595154,-7.714989180840348e-8,1,-5.352822896043108e-8,-0.3833855986595154,-7.901621046357832e-8,-0.9235883951187134],8,1.3496344089508057],[[759.8849487304688,222.680908203125,43.765106201171878,-0.9202023148536682,-5.948334802496902e-8,0.3914431631565094,-8.962012287838661e-8,1,-5.871937247547976e-8,-0.3914431631565094,-8.911488436069703e-8,-0.9202023148536682],8,1.360605239868164],[[759.7007446289063,222.68099975585938,43.68720245361328,-0.9167520999908447,-6.261319640543661e-8,0.399456650018692,-9.33651591594753e-8,1,-5.752690768190405e-8,-0.399456650018692,-9.003324663581225e-8,-0.9167520999908447],8,1.3737070560455323],[[759.5172119140625,222.68104553222657,43.607635498046878,-0.9096341133117676,-4.4449542713209669e-8,0.41541042923927309,-6.675780639397999e-8,1,-3.9179653299470377e-8,-0.41541042923927309,-6.337103997111626e-8,-0.9096341133117676],8,1.3856480121612549],[[759.3349609375,222.68109130859376,43.52517318725586,-0.905966579914093,-2.7322991869027647e-8,0.42334914207458498,-4.0008192314644478e-8,1,-2.1077386946899425e-8,-0.42334914207458498,-3.603284426390019e-8,-0.905966579914093],8,1.3961775302886963],[[759.1536254882813,222.68109130859376,43.44083786010742,-0.9007266163825989,-1.0320659882268047e-8,0.43438637256622317,-1.305669794504638e-8,1,-3.3146876354805956e-9,-0.43438637256622317,-8.657279337853652e-9,-0.9007266163825989],8,1.4087421894073487],[[758.9732666015625,222.68109130859376,43.35439682006836,-0.896125853061676,6.320050704999858e-9,0.4438000023365021,1.4062029762840212e-8,1,1.4153441973974168e-8,-0.4438000023365021,1.8923993039265953e-8,-0.896125853061676],8,1.4213438034057618],[[758.7938232421875,222.68109130859376,43.26601791381836,-0.8945649266242981,2.2792518095116067e-8,0.4469379484653473,4.122439278830825e-8,1,3.1515288156924728e-8,-0.4469379484653473,4.6617220306188759e-8,-0.8945649266242981],8,1.4320969581604005],[[758.6744995117188,222.68109130859376,43.20655059814453,-0.8937816619873047,3.3730916726426588e-8,0.4485023617744446,5.934316860134459e-8,1,4.305198686438416e-8,-0.4485023617744446,6.509462480153161e-8,-0.8937816619873047],8,1.4439105987548829],[[758.5552978515625,222.68109130859376,43.146820068359378,-0.8937816619873047,4.474619785810319e-8,0.4485023617744446,7.745419594584746e-8,1,5.45837579579711e-8,-0.4485023617744446,8.352434832659128e-8,-0.8937816619873047],8,1.4542262554168702],[[758.3765869140625,222.68109130859376,43.057132720947269,-0.8937816619873047,5.219066778749948e-8,0.4485023617744446,8.922222605178831e-8,1,6.143672948155654e-8,-0.4485023617744446,9.49274010508816e-8,-0.8937816619873047],8,1.4643826484680176],[[758.1978759765625,222.68109130859376,42.96743392944336,-0.8937816619873047,4.149693921817743e-8,0.4485023617744446,7.022455861260824e-8,1,4.742111414657302e-8,-0.4485023617744446,7.388000256014493e-8,-0.8937816619873047],8,1.4756827354431153],[[758.0787353515625,222.68109130859376,42.90763473510742,-0.8953388929367065,3.4628762080046729e-8,0.4453854560852051,5.7598828817617689e-8,1,3.8038308503018928e-8,-0.4453854560852051,5.97108638089594e-8,-0.8953388929367065],8,1.4872515201568604],[[757.8400268554688,222.68109130859376,42.78874588012695,-0.8984307646751404,2.080381200642023e-8,0.4391151964664459,3.249528290893977e-8,1,1.9108764348629849e-8,-0.4391151964664459,3.143707516528593e-8,-0.8984307646751404],8,1.5032274723052979],[[757.6604614257813,222.68109130859376,42.700679779052737,-0.906700849533081,1.0730738075892532e-8,0.42177435755729678,1.3957711431089593e-8,1,4.56341187060616e-9,-0.42177435755729678,1.0024653995799327e-8,-0.906700849533081],8,1.513857126235962],[[757.4794311523438,222.68109130859376,42.615657806396487,-0.9167466163635254,3.064086206983063e-10,0.39946913719177248,-4.2068677430506799e-9,1,-1.0421431717588803e-8,-0.39946913719177248,-1.1234326358078306e-8,-0.9167466163635254],8,1.5252952575683594],[[757.3575439453125,222.68109130859376,42.56159591674805,-0.9167468547821045,-6.800686680463741e-9,0.39946871995925906,-1.6310112371797915e-8,1,-2.0405996892236545e-8,-0.39946871995925906,-2.522251207892623e-8,-0.9167468547821045],8,1.5358026027679444],[[757.1742553710938,222.68109130859376,42.4815788269043,-0.9249196648597717,-1.7982888067535897e-8,0.38016265630722048,-3.4137492832542196e-8,1,-3.575193829874479e-8,-0.38016265630722048,-4.6045471435718358e-8,-0.9249196648597717],8,1.5465245246887208],[[756.9895629882813,222.68109130859376,42.40480422973633,-0.9320514798164368,-2.951216337976348e-8,0.3623257875442505,-5.1655568711339586e-8,1,-5.142743830788277e-8,-0.3623257875442505,-6.664917151510963e-8,-0.9320514798164368],8,1.558915615081787],[[756.8034057617188,222.68109130859376,42.33162307739258,-0.9351803064346314,-4.073439541230073e-8,0.354172021150589,-6.902493510096974e-8,1,-6.724518897271992e-8,-0.354172021150589,-8.733307055308615e-8,-0.9351803064346314],8,1.5714967250823975],[[756.5548706054688,223.5439910888672,42.2347297668457,-0.9400389790534973,-5.6128783398889939e-8,0.34106701612472536,-9.186997118604268e-8,1,-8.864113709705635e-8,-0.34106701612472536,-1.146599402090942e-7,-0.9400389790534973],3,1.5893874168395997],[[756.3672485351563,224.1553955078125,42.16567611694336,-0.9223532676696777,-6.803948338074406e-8,0.38634759187698367,-1.1480484829462512e-7,1,-9.79717285076731e-8,-0.38634759187698367,-1.3471911586293573e-7,-0.9223532676696777],5,1.6175556182861329],[[755.989501953125,225.28623962402345,42.0339469909668,-0.8747451305389404,-6.433270982597605e-8,0.4845833480358124,-1.0971924524483257e-7,1,-6.530077456545769e-8,-0.4845833480358124,-1.102896476368187e-7,-0.8747451305389404],5,1.6261215209960938],[[755.7362060546875,225.97201538085938,41.950645446777347,-0.9051452279090881,-6.779054473327051e-8,0.42510247230529787,-8.927291617055744e-8,1,-3.061476405719077e-8,-0.42510247230529787,-6.566094157278713e-8,-0.9051452279090881],5,1.6426053047180176],[[755.6091918945313,226.29446411132813,41.91016387939453,-0.9319667816162109,-6.884214798219546e-8,0.36254367232322695,-7.932259649123807e-8,1,-1.4022793592971539e-8,-0.36254367232322695,-4.18266843382753e-8,-0.9319667816162109],5,1.6508734226226807],[[755.4819946289063,226.60328674316407,41.87010192871094,-0.9319602847099304,-6.516449957416626e-8,0.3625604510307312,-6.91756838477886e-8,1,1.918327718897217e-9,-0.3625604510307312,-2.3292562545407237e-8,-0.9319602847099304],5,1.6592051982879639],[[755.2911987304688,227.0409698486328,41.81014633178711,-0.9193639755249023,-5.8537530378544037e-8,0.3934080898761749,-5.3212513506650797e-8,1,2.4442467605467756e-8,-0.3934080898761749,1.537290961195481e-9,-0.9193639755249023],5,1.6711254119873047],[[755.1004028320313,227.447998046875,41.75020217895508,-0.9200496077537537,-5.182612383691776e-8,0.3918019235134125,-3.683845761770499e-8,1,4.57703563938594e-8,-0.3918019235134125,2.7677618419374995e-8,-0.9200496077537537],5,1.683138132095337],[[754.97314453125,227.7023162841797,41.71040344238281,-0.933219850063324,-4.559441890705784e-8,0.35930585861206057,-2.5913015733181056e-8,1,5.959233817520726e-8,-0.35930585861206057,4.6302055523028687e-8,-0.933219850063324],5,1.6929335594177247],[[754.8458251953125,227.94302368164063,41.67082214355469,-0.9332199692726135,-4.001291031840992e-8,0.35930559039115908,-1.4772710166255365e-8,1,7.299280468942016e-8,-0.35930559039115908,6.281042175260154e-8,-0.9332199692726135],5,1.7021825313568116],[[754.6548461914063,228.2785186767578,41.61153793334961,-0.9220917820930481,-3.3261734699863157e-8,0.38697126507759097,2.601654891520866e-9,1,9.215334983991852e-8,-0.38697126507759097,8.598060929898566e-8,-0.9220917820930481],5,1.7128479480743409],[[754.4636840820313,228.58335876464845,41.55280685424805,-0.9234380125999451,-2.3584599162518317e-8,0.3837476372718811,2.043026547937643e-8,1,1.1062135030215359e-7,-0.3837476372718811,1.0999202970651823e-7,-0.9234380125999451],5,1.7251160144805909],[[754.3361206054688,228.76956176757813,41.514060974121097,-0.9393541812896729,-1.1813624745116158e-8,0.3429484963417053,3.2295883301003417e-8,1,1.2290736606246356e-7,-0.3429484963417053,1.2652937186885539e-7,-0.9393541812896729],5,1.7370941638946534],[[754.1442260742188,229.02330017089845,41.457733154296878,-0.9293527603149414,-4.747083170997257e-9,0.3691929876804352,5.07847452979604e-8,1,1.406961303018761e-7,-0.3691929876804352,1.4950570914606943e-7,-0.9293527603149414],5,1.7467875480651856],[[754.0160522460938,229.17544555664063,41.42092514038086,-0.9457686543464661,1.00708197336985e-8,0.3248409330844879,6.309565492301772e-8,1,1.5269957032160165e-7,-0.3248409330844879,1.6491452470290825e-7,-0.9457686543464661],5,1.7577400207519532],[[753.8231201171875,229.3780975341797,41.36815643310547,-0.9374967217445374,1.5313608159317483e-8,0.3479940891265869,6.158564502811714e-8,1,1.2190648135401717e-7,-0.3479940891265869,1.3571836632308988e-7,-0.9374967217445374],5,1.770124912261963],[[753.6296997070313,229.5500946044922,41.317264556884769,-0.939904510974884,2.4518051588984237e-8,0.3414373993873596,5.963279647858144e-8,1,9.234805986579886e-8,-0.3414373993873596,1.0715922371673514e-7,-0.939904510974884],5,1.7800872325897217],[[753.4359130859375,229.69143676757813,41.267799377441409,-0.9422705173492432,3.2585518283667628e-8,0.3348526060581207,5.7253540575175069e-8,1,6.379764272423927e-8,-0.3348526060581207,7.928613143803887e-8,-0.9422705173492432],5,1.793182373046875],[[753.2418212890625,229.8021240234375,41.219696044921878,-0.9474186897277832,4.030525602161106e-8,0.3199966251850128,5.4703082952300977e-8,1,3.600496967237632e-8,-0.3199966251850128,5.1616581231428429e-8,-0.9474186897277832],5,1.8040437698364258],[[753.1119995117188,229.85888671875,41.189308166503909,-0.9633849859237671,4.664471475734899e-8,0.2681218981742859,5.3353016227219999e-8,1,1.7733645663042809e-8,-0.2681218981742859,3.1389440380280578e-8,-0.9633849859237671],5,1.815258502960205],[[752.9163818359375,229.91848754882813,41.14777374267578,-0.9580171704292297,5.1313506332917316e-8,0.28671082854270937,5.075669307075259e-8,1,-9.374332421430154e-9,-0.28671082854270937,5.5717213065520358e-9,-0.9580171704292297],5,1.8272814750671387],[[752.6547241210938,229.95025634765626,41.09660339355469,-0.9589752554893494,5.800511715392531e-8,0.28348976373672488,4.707442258222727e-8,1,-4.5369933587835479e-8,-0.28348976373672488,-3.016352678741896e-8,-0.9589752554893494],5,1.8431830406188965],[[752.3914794921875,229.92752075195313,41.054229736328128,-0.9704366326332092,6.230626325987032e-8,0.2413560152053833,4.386060936667491e-8,1,-8.179751631587351e-8,-0.2413560152053833,-6.879328395825724e-8,-0.9704366326332092],5,1.8708417415618897],[[752.0604248046875,229.82247924804688,41.01572799682617,-0.9803694486618042,6.565908705624679e-8,0.19716931879520417,4.1042433451821128e-8,1,-1.2893656275991817e-7,-0.19716931879520417,-1.1831316726329533e-7,-0.9803694486618042],5,1.8781769275665284],[[751.927490234375,229.75660705566407,41.00766372680664,-0.997750997543335,5.08456459158424e-8,0.06702930480241776,4.0979404758445528e-8,1,-1.4856793484341325e-7,-0.06702930480241776,-1.454869789085933e-7,-0.997750997543335],5,1.889711856842041],[[751.7275390625,229.63226318359376,41.005794525146487,-0.9994789361953735,3.114962865424786e-8,0.032277800142765048,2.7025659932178315e-8,1,-1.282010941849876e-7,-0.032277800142765048,-1.2726196985113348e-7,-0.9994789361953735],5,1.9005579948425294],[[751.5944213867188,229.53233337402345,41.01175308227539,-0.9992889761924744,1.3010520660827752e-8,-0.03770359233021736,1.736181332034903e-8,1,-1.150804607163991e-7,0.03770359233021736,-1.1565323632112268e-7,-0.9992889761924744],5,1.9110572338104249],[[751.3953247070313,229.35690307617188,41.03072738647461,-0.9989270567893982,-1.5652965590362556e-9,-0.04631180316209793,2.8624860259895969e-9,1,-9.554176472192921e-8,0.04631180316209793,-9.557181357422451e-8,-0.9989270567893982],5,1.9234440326690674],[[751.2632446289063,229.22291564941407,41.04864501953125,-0.9863800406455994,-2.139362997866101e-8,-0.16448235511779786,-7.79862041611068e-9,1,-8.329906364679118e-8,0.16448235511779786,-8.088179725973532e-8,-0.9863800406455994],5,1.934495210647583],[[751.0026245117188,228.9140625,41.10430908203125,-0.9896484613418579,-3.679204496620514e-8,-0.14351285994052888,-2.8743778912598829e-8,1,-5.815373782525057e-8,0.14351285994052888,-5.3426653323640497e-8,-0.9896484613418579],5,1.9457497596740723],[[750.8740234375,228.73919677734376,41.139198303222659,-0.9678359031677246,-5.014044646145521e-8,-0.25158223509788515,-3.989056907016675e-8,1,-4.58415634341236e-8,0.25158223509788515,-3.43313537598533e-8,-0.9678359031677246],5,1.9576878547668458],[[750.6837158203125,228.45135498046876,41.200462341308597,-0.9564791321754456,-6.284781051135724e-8,-0.29180067777633669,-5.733608077207464e-8,1,-2.7440128391731379e-8,0.29180067777633669,-9.515203736043532e-9,-0.9564791321754456],5,1.970654010772705],[[750.497802734375,228.13284301757813,41.27378463745117,-0.9398797154426575,-7.381111544191299e-8,-0.34150567650794985,-7.53887405835485e-8,1,-8.652174976475635e-9,0.34150567650794985,1.761367940389391e-8,-0.9398797154426575],5,1.980128526687622],[[750.3768310546875,227.9034881591797,41.329769134521487,-0.9206507205963135,-7.907895849257329e-8,-0.3903873562812805,-8.770665260726673e-8,1,4.273283060740596e-9,0.3903873562812805,3.817376992287791e-8,-0.9206507205963135],5,1.9916093349456788],[[750.1978149414063,227.5338897705078,41.41899871826172,-0.927376925945282,-8.88114115582539e-8,-0.3741283118724823,-1.0588064469629899e-7,1,2.5071228648698708e-8,0.3741283118724823,6.286342824068925e-8,-0.927376925945282],5,2.0029232501983644],[[750.0204467773438,227.13363647460938,41.51137924194336,-0.9158639311790466,-9.49771745695216e-8,-0.4014888107776642,-1.2437585894531367e-7,1,4.715995771675807e-8,0.4014888107776642,9.312761761748334e-8,-0.9158639311790466],5,2.0135884284973146],[[749.7875366210938,226.55227661132813,41.6412239074707,-0.9180065989494324,-9.398176814556791e-8,-0.39656516909599306,-1.3319099423370063e-7,1,7.133363766342882e-8,0.39656516909599306,1.183036530960635e-7,-0.9180065989494324],5,2.029552936553955],[[749.6156005859375,226.08050537109376,41.74329376220703,-0.8920038938522339,-5.8767511745827508e-8,-0.4520277678966522,-1.0362744262693013e-7,1,7.448340255677977e-8,0.4520277678966522,1.1328196336535257e-7,-0.8920038938522339],5,2.0446882247924806],[[749.4464721679688,225.57806396484376,41.850101470947269,-0.8864109516143799,-3.0677835383130517e-8,-0.4628991186618805,-7.432584681055232e-8,1,7.605417806644255e-8,0.4628991186618805,1.018206319258752e-7,-0.8864109516143799],5,2.0560362339019777],[[749.2233276367188,224.86045837402345,41.996055603027347,-0.8951992392539978,1.5928773855478085e-9,-0.44566610455513,-3.560248629241869e-8,1,7.508803889777482e-8,0.44566610455513,8.308558108183206e-8,-0.8951992392539978],5,2.070075750350952],[[749.1126098632813,224.48121643066407,42.070404052734378,-0.863538920879364,2.3248105662787567e-8,-0.5042821764945984,-1.6283474124634269e-8,1,7.398540446956759e-8,0.5042821764945984,7.210073960095542e-8,-0.863538920879364],5,2.081167697906494],[[749.0021362304688,224.08834838867188,42.14509963989258,-0.8635391592979431,3.8901617926967449e-8,-0.5042818188667297,2.981577207350483e-9,1,7.203692575785681e-8,0.5042818188667297,6.07031509503031e-8,-0.8635391592979431],5,2.089970588684082],[[748.8365478515625,223.4735107421875,42.257225036621097,-0.8781903982162476,5.997014085323826e-8,-0.4783112406730652,3.171997065010146e-8,1,6.714031286492173e-8,0.4783112406730652,4.378996365517196e-8,-0.8781903982162476],5,2.1019115447998049],[[748.6712646484375,222.82801818847657,42.36982727050781,-0.8566252589225769,8.093384451512975e-8,-0.5159391164779663,5.633275179661723e-8,1,6.333650759415832e-8,0.5159391164779663,2.519138497802942e-8,-0.8566252589225769],7,2.1136138439178469],[[748.5043334960938,222.43666076660157,42.47993850708008,-0.8528642058372498,9.898592878698764e-8,-0.5221328139305115,7.897897091879713e-8,1,6.057383927782212e-8,0.5221328139305115,1.04237489750858e-8,-0.8528642058372498],7,2.125258