[[[776,222.69961547851563,47,1,1.224284584822044e-8,-1.0934294105997139e-14,-1.224284584822044e-8,1,-6.832881815910241e-9,1.0850640285093357e-14,6.832881815910241e-9,1],8,0.019721269607543947],[[776,222.69961547851563,47,1,4.9730228823818837e-8,-1.1822982439531511e-14,-4.9730228823818837e-8,1,-2.775499297058559e-8,1.0442720229124e-14,2.775499297058559e-8,1],8,0.03554582595825195],[[776,222.69961547851563,47,1,7.969130422225135e-8,-1.3096986060771865e-14,-7.969130422225135e-8,1,-4.447659662787373e-8,9.552587704414559e-15,4.447659662787373e-8,1],8,0.04576396942138672],[[776,222.69961547851563,47,1,8.71775753807924e-8,-1.3493521993930124e-14,-8.71775753807924e-8,1,-4.865476554982706e-8,9.251917266160648e-15,4.865476554982706e-8,1],8,0.058113813400268558],[[776,222.69961547851563,47,1,8.604710188819809e-8,-1.3636691737839782e-14,-8.604710188819809e-8,1,-4.80238355748952e-8,9.504380518287475e-15,4.80238355748952e-8,1],8,0.0706477165222168],[[776,222.69961547851563,47,1,6.191267232225073e-8,-1.2802621782810261e-14,-6.191267232225073e-8,1,-3.45541408819372e-8,1.0663282526391337e-14,3.45541408819372e-8,1],8,0.08208298683166504],[[776,222.69961547851563,47,1,3.779370771894719e-8,-1.2296666133525692e-14,-3.779370771894719e-8,1,-2.1093075730505008e-8,1.149948022818436e-14,2.1093075730505008e-8,1],8,0.09454965591430664],[[775.8519897460938,222.69961547851563,47.06492614746094,0.9833666086196899,4.554901789077803e-9,0.18163178861141206,-3.841163387363622e-9,1,-4.281351717594362e-9,-0.18163178861141206,3.5124607666858766e-9,0.9833666086196899],8,0.11070489883422852],[[775.6111450195313,222.69961547851563,47.17061996459961,0.9127629995346069,-3.218535837845593e-8,0.40848955512046816,2.4264846132382446e-8,1,2.4571754408952985e-8,-0.40848955512046816,-1.251625203479989e-8,0.9127629995346069],8,0.1356673240661621],[[775.3670043945313,222.69961547851563,47.277713775634769,0.8028512597084045,-7.29996187942561e-8,0.5961793661117554,4.320544633173995e-8,1,6.426265741765747e-8,-0.5961793661117554,-2.583515978926698e-8,0.8028512597084045],8,0.14468026161193849],[[775.1838989257813,222.69961547851563,47.35805130004883,0.7092543244361877,-1.0606563449755413e-7,0.7049527168273926,5.1595527850167858e-8,1,9.854743865389537e-8,-0.7049527168273926,-3.3522788100981418e-8,0.7092543244361877],8,0.15652990341186524],[[775.0007934570313,222.69961547851563,47.43838882446289,0.614017128944397,-8.664808603953134e-8,0.7892926931381226,3.278926996586051e-8,1,8.427154796208925e-8,-0.7892926931381226,-2.5863842623152779e-8,0.614017128944397],8,0.1701183319091797],[[774.7539672851563,222.69961547851563,47.53927993774414,0.49154365062713625,-5.9272828423218019e-8,0.8708529472351074,1.357937584600677e-8,1,6.039822864067901e-8,-0.8708529472351074,-1.7862724632777828e-8,0.49154365062713625],8,0.1944260597229004],[[774.5030517578125,222.69961547851563,47.62945556640625,0.38151201605796816,-3.068366183356375e-8,0.924363911151886,3.5625549732465347e-10,1,3.304731777120651e-8,-0.924363911151886,-1.2278638550355936e-8,0.38151201605796816],8,0.20363926887512208],[[774.3113403320313,222.69961547851563,47.68641662597656,0.31154778599739077,-8.714899912831698e-9,0.9502304792404175,-6.32081498253001e-9,1,1.1243730391186091e-8,-0.9502304792404175,-9.509189879963742e-9,0.31154778599739077],8,0.21502232551574708],[[774.1161499023438,222.69961547851563,47.729705810546878,0.2548731863498688,1.3535998988345455e-8,0.9669744968414307,-1.094376056443025e-8,1,-1.111376590756663e-8,-0.9669744968414307,-7.749735964068805e-9,0.2548731863498688],8,0.22655129432678224],[[773.919189453125,222.69961547851563,47.76420593261719,0.20883771777153016,3.5963697797569696e-8,0.9779503345489502,-1.4172671036760676e-8,1,-3.374804435907208e-8,-0.9779503345489502,-6.812303610104209e-9,0.20883771777153016],8,0.24056482315063477],[[773.7210083007813,222.69961547851563,47.791046142578128,0.17161548137664796,5.8501157695900477e-8,0.9851639866828919,-1.648836089884753e-8,1,-5.650987944250119e-8,-0.9851639866828919,-6.545770148136398e-9,0.17161548137664796],8,0.252885103225708],[[773.4550170898438,222.69961547851563,47.80866241455078,0.13625779747962953,8.864354583693057e-8,0.9906734228134155,-1.8995596207105338e-8,1,-8.686540553526356e-8,-0.9906734228134155,-6.982345368555798e-9,0.13625779747962953],8,0.266552209854126],[[773.3217163085938,222.69961547851563,47.809688568115237,0.12431789934635163,1.037346351040469e-7,0.9922424554824829,-2.0288416280322964e-8,1,-1.0200372457802587e-7,-0.9922424554824829,-7.450140504516867e-9,0.12431789934635163],8,0.2789757251739502],[[773.1217651367188,222.69961547851563,47.803646087646487,0.11270562559366226,1.0879002587671494e-7,0.9936284422874451,-1.9434136078189114e-8,1,-1.0728325605668943e-7,-0.9936284422874451,-7.218883268933496e-9,0.11270562559366226],8,0.29282259941101076],[[772.9224243164063,222.69961547851563,47.78807067871094,0.1073218435049057,7.867397755489947e-8,0.9942243099212647,-1.3112384955604739e-8,1,-7.771559751290624e-8,-0.9942243099212647,-4.69607108755099e-9,0.1073218435049057],8,0.3046112060546875],[[772.723876953125,222.69961547851563,47.764137268066409,0.10709859430789948,4.857261259871848e-8,0.9942483901977539,-7.305839488935817e-9,1,-4.8066628011156357e-8,-0.9942483901977539,-2.1159511920387787e-9,0.10709859430789948],8,0.3161611557006836],[[772.52587890625,222.69961547851563,47.73586654663086,0.10979469120502472,1.8492825049065688e-8,0.9939543008804321,-1.6000361036105915e-9,1,-1.8428563564043544e-8,-0.9939543008804321,4.329957781212812e-10,0.10979469120502472],8,0.32877135276794436],[[772.328857421875,222.69961547851563,47.70186233520508,0.11516319215297699,-1.1560764789919631e-8,0.9933465719223023,4.2060266380872239e-9,1,1.1150574685814263e-8,-0.9933465719223023,2.8939064478095135e-9,0.11516319215297699],8,0.3413503170013428],[[772.0670166015625,222.69961547851563,47.65145492553711,0.12468980252742768,-5.158388205472875e-8,0.9921957850456238,1.234354840562446e-8,1,5.0438401899555177e-8,-0.9921957850456238,5.958062043731616e-9,0.12468980252742768],8,0.35571956634521487],[[771.9367065429688,222.69961547851563,47.62321853637695,0.13039222359657288,-7.15724652877725e-8,0.9914624691009522,1.6648684209030763e-8,1,6.999922419481664e-8,-0.9914624691009522,7.379191924172801e-9,0.13039222359657288],8,0.36753225326538088],[[771.7420043945313,222.69961547851563,47.5773811340332,0.14012067019939423,-1.0152278662189929e-7,0.9901344180107117,2.3478131438992024e-8,1,9.921179611183106e-8,-0.9901344180107117,9.344882201389737e-9,0.14012067019939423],8,0.37946224212646487],[[771.54833984375,222.69961547851563,47.52734375,0.15108144283294679,-9.603347450592992e-8,0.9885213375091553,2.268113696857199e-8,1,9.368212516847052e-8,-0.9885213375091553,8.267157625141408e-9,0.15108144283294679],8,0.392528772354126],[[771.3553466796875,222.69961547851563,47.4748420715332,0.16245639324188233,-7.286803338502068e-8,0.9867157340049744,1.765539003883987e-8,1,7.094222098658065e-8,-0.9867157340049744,5.895834043201376e-9,0.16245639324188233],8,0.40506744384765627],[[771.0989379882813,222.69961547851563,47.401607513427737,0.177758127450943,-4.203966952331939e-8,0.9840742349624634,1.0452808396621549e-8,1,4.0831878322933338e-8,-0.9840742349624634,3.028141071226287e-9,0.177758127450943],8,0.41826915740966799],[[770.9707641601563,222.69961547851563,47.36476135253906,0.1848660558462143,-2.6651747475625599e-8,0.9827637076377869,6.6151537581049528e-9,1,2.5874815179349754e-8,-0.9827637076377869,1.7177584910044175e-9,0.1848660558462143],8,0.4292898178100586],[[770.7785034179688,222.69961547851563,47.30947494506836,0.19456155598163606,-3.6019991433988709e-9,0.9808903336524963,5.935255620315161e-10,1,3.554446292852731e-9,-0.9808903336524963,-1.0937492578300123e-10,0.19456155598163606],8,0.440948486328125],[[770.5862426757813,222.69961547851563,47.254188537597659,0.20326761901378632,1.9410135720931977e-8,0.9791232347488403,-5.693804094875077e-9,1,-1.8641953758447017e-8,-0.9791232347488403,-1.785629977213432e-9,0.20326761901378632],8,0.4535958766937256],[[770.3939819335938,222.69961547851563,47.19890213012695,0.2110527902841568,4.238595607830575e-8,0.9774746894836426,-1.2197753029852265e-8,1,-4.07290201565047e-8,-0.9774746894836426,-3.3270213251057614e-9,0.2110527902841568],8,0.4672987461090088],[[769.689697265625,222.69961547851563,46.99502944946289,0.2361432909965515,1.0873515776665954e-7,0.9717182517051697,-3.2405260697032648e-8,1,-1.0402487760075019e-7,-0.9717182517051697,-6.924004924968585e-9,0.2361432909965515],8,0.5091240406036377],[[769.5616455078125,222.69961547851563,46.957950592041019,0.23972363770008088,8.877749735347607e-8,0.9708411693572998,-2.6677874132019498e-8,1,-8.485649516387639e-8,-0.9708411693572998,-5.557872384542861e-9,0.23972363770008088],8,0.5167264938354492],[[769.432861328125,222.69961547851563,46.923370361328128,0.24175313115119935,6.883600889295849e-8,0.9703378081321716,-2.074768623572254e-8,1,-6.577110411853937e-8,-0.9703378081321716,-4.23189439047178e-9,0.24175313115119935],8,0.5274994373321533],[[769.3036499023438,222.69961547851563,46.890541076660159,0.24258314073085786,4.89068732179021e-8,0.9701306223869324,-1.4702683515110948e-8,1,-4.6736229109001218e-8,-0.9701306223869324,-2.926102027345223e-9,0.24258314073085786],8,0.5378916263580322],[[769.1092529296875,222.69961547851563,46.84357833862305,0.24230583012104035,1.9030407472087064e-8,0.9701999425888062,-5.557057924931996e-9,1,-1.8227067855036695e-8,-0.9701999425888062,-9.74932468089662e-10,0.24230583012104035],8,0.5504872798919678],[[768.914306640625,222.69961547851563,46.7987060546875,0.24082565307617188,-1.0830612851009392e-8,0.9705684185028076,3.5729241787407774e-9,1,1.0272496631102968e-8,-0.9705684185028076,9.938864176106677e-10,0.24082565307617188],8,0.5617630481719971],[[768.71875,222.69961547851563,46.75699234008789,0.23796366155147553,-4.0681243262952196e-8,0.9712740778923035,1.2600757770542259e-8,1,3.879720722466118e-8,-0.9712740778923035,3.0064637446258759e-9,0.23796366155147553],8,0.5729224681854248],[[768.5228271484375,222.69961547851563,46.717018127441409,0.23430785536766053,-7.05259992628271e-8,0.9721624255180359,2.1470068389817244e-8,1,6.737083424468438e-8,-0.9721624255180359,5.0868784740032428e-9,0.23430785536766053],8,0.5846648216247559],[[768.3919067382813,222.69961547851563,46.69173812866211,0.23143143951892854,-9.042051374308358e-8,0.9728512167930603,2.7267990532209298e-8,1,8.645704951959488e-8,-0.9728512167930603,6.518817485812178e-9,0.23143143951892854],8,0.5972988605499268],[[768.1297607421875,222.69961547851563,46.64274597167969,0.22516164183616639,-9.510186060879278e-8,0.9743214249610901,2.8140249241914718e-8,1,9.110520693411672e-8,-0.9743214249610901,6.904250060557615e-9,0.22516164183616639],8,0.6096148490905762],[[767.9985961914063,222.69961547851563,46.618858337402347,0.22199974954128266,-7.988982986262272e-8,0.975046694278717,2.3374312263513276e-8,1,7.661247281021133e-8,-0.975046694278717,5.783097112299629e-9,0.22199974954128266],8,0.6220319271087647],[[767.736083984375,222.69961547851563,46.57219314575195,0.21568110585212708,-4.9467448803852679e-8,0.9764638543128967,1.402915916770553e-8,1,4.756103066938522e-8,-0.9764638543128967,3.4409508575805605e-9,0.21568110585212708],8,0.6360485553741455],[[767.5390625,222.69961547851563,46.538150787353519,0.2110118269920349,-2.665262854861794e-8,0.9774835109710693,7.185510852991683e-9,1,2.5715422680150369e-8,-0.9774835109710693,1.5974600531265538e-9,0.2110118269920349],8,0.6606705188751221],[[767.14404296875,222.69961547851563,46.474796295166019,0.20060685276985169,1.897245205384479e-8,0.979671835899353,-6.0840616988855349e-9,1,-1.8120299927204543e-8,-0.979671835899353,-2.325327930208232e-9,0.20060685276985169],8,0.6719446182250977],[[766.94580078125,222.69961547851563,46.44812774658203,0.19407780468463899,4.178438928192918e-8,0.9809861183166504,-1.244600156269371e-8,1,-4.013196175378653e-8,-0.9809861183166504,-4.420631860568847e-9,0.19407780468463899],8,0.6931548118591309],[[766.68115234375,222.69961547851563,46.41596984863281,0.18437975645065309,7.220347697511898e-8,0.9828550815582275,-2.057326398130499e-8,1,-6.960353005069919e-8,-0.9828550815582275,-7.387055855900826e-9,0.18437975645065309],8,0.7029573917388916],[[766.482177734375,222.69961547851563,46.3955192565918,0.17625689506530763,9.502080189349727e-8,0.9843441843986511,-2.6348738302317544e-8,1,-9.181407989444779e-8,-0.9843441843986511,-9.753364338394022e-9,0.17625689506530763],8,0.7245781421661377],[[766.1503295898438,222.69961547851563,46.364253997802737,0.16243606805801392,9.806915812760053e-8,0.9867190718650818,-2.6025917421179657e-8,1,-9.51046885688811e-8,-0.9867190718650818,-1.0231836711227516e-8,0.16243606805801392],8,0.7329294681549072],[[766.0175170898438,222.69961547851563,46.35219192504883,0.15728209912776948,7.829666515135614e-8,0.9875537157058716,-2.0351643925664577e-8,1,-7.604215568335349e-8,-0.9875537157058716,-8.138272278301884e-9,0.15728209912776948],8,0.7441494464874268],[[765.8182983398438,222.69961547851563,46.33454513549805,0.150107741355896,4.863886715611443e-8,0.9886696338653565,-1.211578304349814e-8,1,-4.7356763843708907e-8,-0.9886696338653565,-4.869890268821564e-9,0.150107741355896],8,0.7661364078521729],[[765.4862670898438,222.69961547851563,46.3057746887207,0.13918110728263856,-7.826724268689134e-10,0.9902669191360474,9.911218512570486e-10,1,6.510638139722857e-10,-0.9902669191360474,8.908595527934438e-10,0.13918110728263856],8,0.7761106491088867],[[765.286865234375,222.69961547851563,46.28997039794922,0.13292160630226136,-3.042813290221602e-8,0.991126537322998,8.528658668183198e-9,1,2.9556758818216623e-8,-0.991126537322998,4.524248087278693e-9,0.13292160630226136],8,0.7971136569976807],[[765.02099609375,222.69961547851563,46.270111083984378,0.12494007498025894,-6.994413581651315e-8,0.9921643137931824,1.822921369409869e-8,1,6.820097553372762e-8,-0.9921643137931824,9.565340519657184e-9,0.12494007498025894],8,0.8050453662872315],[[764.887939453125,222.69961547851563,46.261287689208987,0.12091676145792008,-8.969664833102797e-8,0.9926626682281494,2.292478029630729e-8,1,8.756717306823703e-8,-0.9926626682281494,1.2168235308251952e-8,0.12091676145792008],8,0.816277265548706],[[764.6883544921875,222.69961547851563,46.249393463134769,0.11473654210567475,-1.0190221644279518e-7,0.993395984172821,2.5404032655274024e-8,1,9.964551139773903e-8,-0.993395984172821,1.3803282072899492e-8,0.11473654210567475],8,0.8386471271514893],[[764.3554077148438,222.69961547851563,46.230995178222659,0.10466039925813675,-6.419908515908901e-8,0.9945080280303955,1.5195784186516904e-8,1,6.29544345542854e-8,-0.9945080280303955,8.523492134315802e-9,0.10466039925813675],8,0.8470382690429688],[[764.2222290039063,222.69961547851563,46.22456359863281,0.10071290284395218,-4.912407902679661e-8,0.9949155449867249,1.1253156628754369e-8,1,4.823599653036581e-8,-0.9949155449867249,6.3379528292273339e-9,0.10071290284395218],8,0.858151912689209],[[764.0224609375,222.69961547851563,46.21531677246094,0.09508795291185379,-2.6518945261955197e-8,0.9954688549041748,5.492040155985478e-9,1,2.6115049678310244e-8,-0.9954688549041748,2.9839286597166394e-9,0.09508795291185379],8,0.8769028186798096],[[763.756103515625,222.69961547851563,46.20304870605469,0.08828824758529663,3.6061351682548094e-9,0.9960949420928955,-1.9309558396685135e-9,1,-3.449123431309431e-9,-0.9960949420928955,-1.618898348709763e-9,0.08828824758529663],8,0.8878738880157471],[[763.48974609375,222.69961547851563,46.19157791137695,0.0820280909538269,3.3712410640873716e-8,0.9966300129890442,-9.101917441967089e-9,1,-3.3077267147518799e-8,-0.9966300129890442,-6.357979476234732e-9,0.0820280909538269],8,0.9138989448547363],[[763.0902099609375,222.69961547851563,46.1745719909668,0.07383503019809723,7.883362229677005e-8,0.9972704648971558,-1.9476948054375499e-8,1,-7.760737474882262e-8,-0.9972704648971558,-1.369364177605803e-8,0.07383503019809723],8,0.9256429672241211],[[762.8903198242188,222.69961547851563,46.16720199584961,0.06995443999767304,1.0137610217952897e-7,0.9975501894950867,-2.4503382434204469e-8,1,-9.990673532911387e-8,-0.9975501894950867,-1.7454432565955359e-8,0.06995443999767304],8,0.9514296054840088],[[762.4904174804688,222.69961547851563,46.15549087524414,0.06180911511182785,7.734307416740194e-8,0.998088002204895,-1.7936335083845735e-8,1,-7.638048771241302e-8,-0.998088002204895,-1.3181030489306523e-8,0.06180911511182785],8,0.9646914005279541],[[762.2904663085938,222.69961547851563,46.152896881103519,0.056985896080732349,4.807157694131092e-8,0.9983749985694885,-1.0693234742120694e-8,1,-4.75394656973549e-8,-0.9983749985694885,-7.966778348134085e-9,0.056985896080732349],8,0.9837379455566406],[[761.8905639648438,222.69961547851563,46.154151916503909,0.045184794813394549,-1.0421011609196285e-8,0.9989786744117737,3.266126702428096e-9,1,1.0283935480970286e-8,-0.9989786744117737,2.798113518664991e-9,0.045184794813394549],8,0.999577522277832],[[761.7572631835938,222.69961547851563,46.15684509277344,0.04076623544096947,-2.990306313677138e-8,0.9991686940193176,7.711951077737922e-9,1,2.9613293150987375e-8,-0.9991686940193176,6.49831788379629e-9,0.04076623544096947],8,1.0186848640441895],[[761.4906616210938,222.69961547851563,46.16514205932617,0.031235620379447938,-6.884260272954634e-8,0.9995120763778687,1.623252288140975e-8,1,6.836893362560659e-8,-0.9995120763778687,1.4089057032151686e-8,0.031235620379447938],8,1.027928352355957],[[761.2908935546875,222.69961547851563,46.17362976074219,0.023762574419379236,-9.802457867635894e-8,0.999717652797699,2.2280929101725634e-8,1,9.752266549867272e-8,-0.999717652797699,1.9957248298396736e-8,0.023762574419379236],8,1.040781021118164],[[761.0912475585938,222.69961547851563,46.1848258972168,0.015780821442604066,-9.289978208926186e-8,0.9998754858970642,2.038101598600406e-8,1,9.258968702852144e-8,-0.9998754858970642,1.891733525383188e-8,0.015780821442604066],8,1.0624525547027588],[[760.7586059570313,222.69961547851563,46.2064323425293,0.0022141707595437767,-5.581419060263215e-8,0.9999975562095642,1.1215793627172843e-8,1,5.578949213713713e-8,-0.9999975562095642,1.1092238239029939e-8,0.0022141707595437767],8,1.0719242095947266],[[760.5593872070313,222.69961547851563,46.223812103271487,-0.006726828869432211,-3.358742617365351e-8,0.9999773502349854,5.994619911575683e-9,1,3.362850975463516e-8,-0.9999773502349854,6.220697290615362e-9,-0.006726828869432211],8,1.0926284790039063],[[760.2940063476563,222.69961547851563,46.24983215332031,-0.018994539976119996,-3.983503304993974e-9,0.9998195767402649,-5.745145470470447e-10,1,3.973307460825026e-9,-0.9998195767402649,-4.989399449151222e-10,-0.018994539976119996],8,1.1005644798278809],[[760.1615600585938,222.69961547851563,46.26506042480469,-0.025448674336075784,1.0803868910613801e-8,0.9996761083602905,-3.6809557624195578e-9,1,-1.0901074709579462e-8,-0.9996761083602905,-3.957181693436951e-9,-0.025448674336075784],8,1.1124517917633057],[[759.8969116210938,222.69961547851563,46.298030853271487,-0.03865724802017212,4.0346755270093129e-8,0.9992525577545166,-9.51316625474874e-9,1,-4.074496473549516e-8,-0.9992525577545166,-1.1081144002389465e-8,-0.03865724802017212],8,1.1330649852752686],[[759.6325073242188,222.69961547851563,46.33209991455078,-0.05102948099374771,6.984470246607089e-8,0.9986971616744995,-1.4888112964683842e-8,1,-7.069654373026424e-8,-0.9986971616744995,-1.8476324470384499e-8,-0.05102948099374771],8,1.142578363418579],[[759.5003051757813,222.69961547851563,46.3493766784668,-0.056669723242521289,8.457638500658504e-8,0.9983929991722107,-1.7439607091773725e-8,1,-8.570240339622615e-8,-0.9983929991722107,-2.2268311639095374e-8,-0.056669723242521289],8,1.1540961265563965],[[759.2359008789063,222.69961547851563,46.38404083251953,-0.06686960160732269,1.1400538113548464e-7,0.9977617263793945,-2.232859408479726e-8,1,-1.157575866272964e-7,-0.9977617263793945,-3.00192795066323e-8,-0.06686960160732269],8,1.174922227859497],[[758.9714965820313,222.69961547851563,46.41872024536133,-0.07577426731586456,7.576029048550481e-8,0.997124969959259,-1.4086453781203545e-8,1,-7.704919369189156e-8,-0.997124969959259,-1.9884302204786765e-8,-0.07577426731586456],8,1.184326171875],[[758.8392944335938,222.69961547851563,46.43606185913086,-0.07971251010894776,5.66593634232504e-8,0.9968178868293762,-1.0167169328667569e-8,1,-5.7653274154745307e-8,-0.9968178868293762,-1.4730503039572796e-8,-0.07971251010894776],8,1.198056697845459],[[758.5748901367188,222.69961547851563,46.47074508666992,-0.08673857897520066,1.849918440655074e-8,0.9962310791015625,-2.6538462538638898e-9,1,-1.8800230705551259e-8,-0.9962310791015625,-4.274549603167088e-9,-0.08673857897520066],8,1.210339069366455],[[758.3765869140625,222.69961547851563,46.49675750732422,-0.0913691446185112,-1.0085325463649042e-8,0.9958170652389526,2.7473168184855014e-9,1,1.0379762827028572e-8,-0.9958170652389526,3.6842151551752524e-9,-0.0913691446185112],8,1.222705602645874],[[758.1782836914063,222.69961547851563,46.522769927978519,-0.09547228366136551,-3.864037623202421e-8,0.9954320788383484,7.987192240932473e-9,1,3.958374961143818e-8,-0.9954320788383484,1.17298588619974e-8,-0.09547228366136551],8,1.2350068092346192],[[757.97998046875,222.69961547851563,46.54878234863281,-0.09913185238838196,-6.716690847952123e-8,0.9950743317604065,1.3095986517441816e-8,1,6.880404157527664e-8,-0.9950743317604065,1.9852151922350459e-8,-0.09913185238838196],8,1.2521770000457764],[[757.715576171875,222.69961547851563,46.583465576171878,-0.10345081984996796,-1.0515933013266476e-7,0.9946345686912537,1.9742182999493708e-8,1,1.0777996095612252e-7,-0.9946345686912537,3.078618249219289e-8,-0.10345081984996796],8,1.2659838199615479],[[757.5172729492188,222.69961547851563,46.60947799682617,-0.10629335045814514,-8.343459967363742e-8,0.9943348169326782,1.534027127547688e-8,1,8.554982144914902e-8,-0.9943348169326782,2.4346743288106155e-8,-0.10629335045814514],8,1.2779960632324219],[[757.3850708007813,222.69961547851563,46.6268196105957,-0.10799453407526016,-6.896248549992379e-8,0.9941514730453491,1.2467102017410525e-8,1,7.072248564554684e-8,-0.9941514730453491,2.0031828640298955e-8,-0.10799453407526016],8,1.2895982265472413],[[757.1206665039063,222.69961547851563,46.661502838134769,-0.1110587790608406,-4.004392906153953e-8,0.9938138127326965,6.838667854225378e-9,1,4.105741169269095e-8,-0.9938138127326965,1.1356148910124375e-8,-0.1110587790608406],8,1.301407814025879],[[756.9884643554688,222.69961547851563,46.6788444519043,-0.11242958903312683,-2.5597248765052428e-8,0.9936596751213074,4.0751788610293719e-9,1,2.6221673721238404e-8,-0.9936596751213074,6.997433299460454e-9,-0.11242958903312683],8,1.3142595291137696],[[756.7901611328125,222.69961547851563,46.704856872558597,-0.11428570747375488,-3.942518311816912e-9,0.9934478998184204,-1.6601837959928646e-11,1,3.966610595540487e-9,-0.9934478998184204,4.36833846872986e-10,-0.11428570747375488],8,1.3274235725402833],[[756.5257568359375,222.69961547851563,46.739540100097659,-0.11648388206958771,2.490257422493869e-8,0.9931925535202026,-5.390067059352077e-9,1,-2.5705416462074028e-8,-0.9931925535202026,-8.347641688999375e-9,-0.11648388206958771],8,1.3416240215301514],[[756.3274536132813,222.69961547851563,46.76555252075195,-0.11793196946382523,4.651594309734719e-8,0.9930216670036316,-9.370182851853315e-9,1,-4.795563413040327e-8,-0.9930216670036316,-1.496029788938813e-8,-0.11793196946382523],8,1.3535401821136475],[[756.0630493164063,222.69961547851563,46.800235748291019,-0.11962633579969406,7.53072271209021e-8,0.9928190112113953,-1.462460552659195e-8,1,-7.761406095596613e-8,-0.9928190112113953,-2.3804272331062749e-8,-0.11962633579969406],8,1.3697810173034669],[[755.7986450195313,222.69961547851563,46.83491897583008,-0.12109387665987015,1.0406884598523902e-7,0.992641031742096,-1.983197428501171e-8,1,-1.0725969445957162e-7,-0.992641031742096,-3.2674524419462617e-8,-0.12109387665987015],8,1.3848717212677003],[[755.600341796875,222.69961547851563,46.860931396484378,-0.12205154448747635,1.0823441698448733e-7,0.9925237894058228,-2.0438751135998247e-8,1,-1.1156306811699324e-7,-0.9925237894058228,-3.390239200484757e-8,-0.12205154448747635],8,1.3984804153442383],[[755.4020385742188,222.69961547851563,46.88694381713867,-0.12289859354496002,7.76365212118435e-8,0.9924192428588867,-1.4521063462780149e-8,1,-8.002781015647997e-8,-0.9924192428588867,-2.424628675612439e-8,-0.12289859354496002],8,1.4131696224212647],[[755.071533203125,222.69961547851563,46.929786682128909,-0.12392310798168183,2.6689168208804405e-8,0.9922918081283569,-4.760242866552744e-9,1,-2.749097660625921e-8,-0.9922918081283569,-8.130317752375049e-9,-0.12392310798168183],8,1.4415926933288575],[[754.74072265625,222.69961547851563,46.97153854370117,-0.1242796927690506,-2.4199628967380705e-8,0.9922472238540649,4.925710950232087e-9,1,2.5005657988685927e-8,-0.9922472238540649,7.995218709311303e-9,-0.1242796927690506],8,1.451542615890503],[[754.542236328125,222.69961547851563,46.99566650390625,-0.12403558194637299,-5.470665698226185e-8,0.9922777414321899,1.074125854927388e-8,1,5.64750699538763e-8,-0.9922777414321899,1.7663229101572143e-8,-0.12403558194637299],8,1.4733343124389649],[[754.2111206054688,222.69961547851563,47.034542083740237,-0.1229168251156807,-1.0551217854981587e-7,0.9924169778823853,2.051239889055978e-8,1,1.088589769437931e-7,-0.9924169778823853,3.373745371959558e-8,-0.1229168251156807],8,1.4843769073486329],[[753.8800048828125,222.69961547851563,47.07225036621094,-0.1213308796286583,-7.102562449290417e-8,0.9926121234893799,1.383317194125766e-8,1,7.3245146836598e-8,-0.9926121234893799,2.261787201973675e-8,-0.1213308796286583],8,1.5143580436706544],[[753.614990234375,222.69961547851563,47.10191345214844,-0.11996366828680039,-4.3458189935563499e-8,0.9927783012390137,8.448717281339669e-9,1,4.4795225306870637e-8,-0.9927783012390137,1.3761503048215218e-8,-0.11996366828680039],8,1.5235481262207032],[[753.4161376953125,222.69961547851563,47.12410354614258,-0.11901502311229706,-2.2795342502490713e-8,0.9928924441337586,4.37838698630344e-9,1,2.3483345046315663e-8,-0.9928924441337586,7.142138436222467e-9,-0.11901502311229706],8,1.542226791381836],[[753.1510009765625,222.69961547851563,47.153690338134769,-0.11789272725582123,4.737732428594654e-9,0.9930263161659241,-1.0857099663752479e-9,1,-4.899900041266392e-9,-0.9930263161659241,-1.655801162847581e-9,-0.11789272725582123],8,1.55027437210083],[[753.0184326171875,222.69961547851563,47.16848373413086,-0.11739247292280197,1.8496686848834544e-8,0.9930856227874756,-3.830532335769021e-9,1,-1.907827673619522e-8,-0.9930856227874756,-6.043692657442534e-9,-0.11739247292280197],8,1.5610980987548829],[[752.8858642578125,222.69961547851563,47.18327713012695,-0.11693576723337174,3.225049383104306e-8,0.9931395053863525,-6.582060230186926e-9,1,-3.324827346773418e-8,-0.9931395053863525,-1.042481656554628e-8,-0.11693576723337174],8,1.5704631805419922],[[752.68701171875,222.69961547851563,47.205467224121097,-0.11631032079458237,5.2871424571776518e-8,0.9932129383087158,-1.0719894305566413e-8,1,-5.448807272045997e-8,-0.9932129383087158,-1.6984662565278087e-8,-0.11631032079458237],8,1.5810911655426026],[[752.554443359375,222.69961547851563,47.22026062011719,-0.11593031138181687,6.661213092229446e-8,0.9932573437690735,-1.3484110716888154e-8,1,-6.863815116275873e-8,-0.9932573437690735,-2.1350434309397316e-8,-0.11593031138181687],8,1.592789649963379],[[752.289306640625,222.69961547851563,47.249847412109378,-0.11524222791194916,9.407754930634838e-8,0.9933373928070068,-1.902339441528511e-8,1,-9.691555646895722e-8,-0.9933373928070068,-3.0065411493751529e-8,-0.11524222791194916],8,1.6070539951324463],[[752.0904541015625,222.69961547851563,47.272037506103519,-0.11478634923696518,1.1466249816294294e-7,0.9933902025222778,-2.318447833715709e-8,1,-1.1810440270210165e-7,-0.9933902025222778,-3.658800906691795e-8,-0.11478634923696518],8,1.6181855201721192],[[751.9578857421875,222.69961547851563,47.28683090209961,-0.11451312154531479,9.479576590365468e-8,0.993421733379364,-1.9177331722630698e-8,1,-9.763408570506727e-8,-0.993421733379364,-3.023156125436799e-8,-0.11451312154531479],8,1.629453420639038],[[751.759033203125,222.69961547851563,47.30902099609375,-0.11414065957069397,6.50105320687544e-8,0.9934645891189575,-1.3153472977478487e-8,1,-6.694941845353242e-8,-0.9934645891189575,-2.0709160608589629e-8,-0.11414065957069397],8,1.641906499862671],[[751.5601806640625,222.69961547851563,47.33121109008789,-0.1138058602809906,3.524324299064574e-8,0.9935030341148377,-7.117038069992532e-9,1,-3.628897005114595e-8,-0.9935030341148377,-1.120069637039478e-8,-0.1138058602809906],8,1.6542506217956544],[[751.2950439453125,222.69961547851563,47.36079788208008,-0.11340972781181336,-4.418386101434635e-9,0.9935483336448669,9.464817818383154e-10,1,4.555114507809321e-9,-0.9935483336448669,1.4569696560329249e-9,-0.11340972781181336],8,1.6687235832214356],[[751.0299072265625,222.69961547851563,47.38959884643555,-0.11274610459804535,-4.4048306335753298e-8,0.9936238527297974,9.032743442105584e-9,1,4.535591102694525e-8,-0.9936238527297974,1.4088851862936736e-8,-0.11274610459804535],8,1.6943118572235108],[[750.698486328125,222.69961547851563,47.42441177368164,-0.11143014580011368,-9.354334196132186e-8,0.9937722682952881,1.9218042268676073e-8,1,9.628444530562774e-8,-0.9937722682952881,2.982734770284878e-8,-0.11143014580011368],8,1.7129473686218262],[[750.3667602539063,222.69961547851563,47.45704650878906,-0.10929299145936966,-7.623831521641478e-8,0.9940095543861389,1.5802925190655516e-8,1,7.843532756623972e-8,-0.9940095543861389,2.4280689459033057e-8,-0.10929299145936966],8,1.732285499572754],[[750.1011352539063,222.69961547851563,47.48134994506836,-0.10695334523916245,-4.905707839952811e-8,0.9942640662193298,1.0306912656687928e-8,1,5.044881135063406e-8,-0.9942640662193298,1.5643461637182555e-8,-0.10695334523916245],8,1.7434027194976807],[[749.9683227539063,222.69961547851563,47.49302673339844,-0.10565388947725296,-3.547254934233024e-8,0.9944029450416565,7.534965540401118e-9,1,3.647278745688709e-8,-0.9944029450416565,1.1346283912416766e-8,-0.10565388947725296],8,1.762805461883545],[[749.6362915039063,222.69961547851563,47.52191925048828,-0.1024567186832428,-1.5287409116382378e-9,0.994737446308136,5.081244869309387e-10,1,1.5891646887311595e-9,-0.994737446308136,6.682710496086486e-10,-0.1024567186832428],8,1.76987624168396],[[749.4370727539063,222.69961547851563,47.53924560546875,-0.10075479745864868,1.8825202729999547e-8,0.9949113130569458,-3.770223244714543e-9,1,-1.9303298515183088e-8,-0.9949113130569458,-5.695937943528406e-9,-0.10075479745864868],8,1.7830719947814942],[[749.3042602539063,222.69961547851563,47.55079650878906,-0.09974215179681778,3.238907098079835e-8,0.9950132966041565,-6.642872918405374e-9,1,-3.321728669902768e-8,-0.9950132966041565,-9.922910493287418e-9,-0.09974215179681778],8,1.8005270957946778],[[749.0386352539063,222.69961547851563,47.57389831542969,-0.09792125225067139,5.950322545800191e-8,0.995194137096405,-1.2428034601441596e-8,1,-6.10134165413001e-8,-0.995194137096405,-1.8342817043048855e-8,-0.09792125225067139],8,1.8104031085968018],[[748.9058227539063,222.69961547851563,47.58544921875,-0.09710689634084702,7.305335003593427e-8,0.9952739477157593,-1.533641835749222e-8,1,-7.489658315762427e-8,-0.9952739477157593,-2.2536911004067407e-8,-0.09710689634084702],8,1.8210163116455079],[[748.7066040039063,222.69961547851563,47.60277557373047,-0.09600409865379334,9.336955741900965e-8,0.9953809380531311,-1.9713288779144024e-8,1,-9.570418058046926e-8,-0.9953809380531311,-2.8810225316533434e-8,-0.09600409865379334],8,1.831650733947754],[[748.5073852539063,222.69961547851563,47.62010192871094,-0.09501530230045319,1.1367478691681754e-7,0.9954758286476135,-2.4104307883021648e-8,1,-1.1649210307496105e-7,-0.9954758286476135,-3.506378831730217e-8,-0.09501530230045319],8,1.842919111251831],[[748.3745727539063,222.69961547851563,47.63165283203125,-0.09441789239645004,9.393930611167889e-8,0.9955326318740845,-1.9975081144707475e-8,1,-9.625532015888894e-8,-0.9955326318740845,-2.8974069365972356e-8,-0.09441789239645004],8,1.8534603118896485],[[748.1753540039063,222.69961547851563,47.64897918701172,-0.09360146522521973,6.434990496018145e-8,0.9956097602844238,-1.374947089516354e-8,1,-6.592630796831145e-8,-0.9956097602844238,-1.985990571995444e-8,-0.09360146522521973],8,1.8660387992858887],[[747.9761352539063,222.69961547851563,47.66630554199219,-0.09286686778068543,3.47772974862437e-8,0.9956785440444946,-7.4923685033923e-9,1,-3.5627049754793919e-8,-0.9956785440444946,-1.0768563818430721e-8,-0.09286686778068543],8,1.877711534500122],[[747.7769165039063,222.69961547851563,47.683631896972659,-0.09220878034830094,5.22170706673819e-9,0.9957396984100342,-1.209554345571462e-9,1,-5.35605693130492e-9,-0.9957396984100342,-1.6982766304352027e-9,-0.09220878034830094],8,1.8920259475708008],[[747.4450073242188,222.69961547851563,47.71455001831055,-0.09209982305765152,-4.399755582085163e-8,0.9957497715950012,9.280666901645418e-9,1,4.5043751839557447e-8,-0.9957497715950012,1.3389743536151855e-8,-0.09209982305765152],8,1.919447898864746],[[747.11328125,222.69961547851563,47.748291015625,-0.09339112788438797,-9.31616099819621e-8,0.9956294894218445,1.9657750982560175e-8,1,9.541447809624515e-8,-0.9956294894218445,2.8482702418841656e-8,-0.09339112788438797],8,1.9411249160766602],[[746.7821044921875,222.69961547851563,47.785953521728519,-0.09640000015497208,-7.585335026760731e-8,0.9953426718711853,1.5805111885924817e-8,1,7.77390170014769e-8,-0.9953426718711853,2.3225544154570345e-8,-0.09640000015497208],8,1.95784330368042],[[746.5174560546875,222.69961547851563,47.81883239746094,-0.09985758364200592,-4.875044012919716e-8,0.9950017333030701,9.949321366775621e-9,1,4.999383662607215e-8,-0.9950017333030701,1.4891854860366039e-8,-0.09985758364200592],8,1.9681053161621094],[[746.3853149414063,222.69961547851563,47.836669921875,-0.10203803330659867,-3.521146041407519e-8,0.9947804808616638,7.0502936821981169e-9,1,3.611938481640209e-8,-0.9947804808616638,1.0699045205342373e-8,-0.10203803330659867],8,1.9883320331573487],[[745.9234619140625,222.69961547851563,47.90346908569336,-0.11144910752773285,1.2101824431454134e-8,0.9937701225280762,-2.788063557801479e-9,1,-1.2490365186579311e-8,-0.9937701225280762,-4.16273415737578e-9,-0.11144910752773285],8,2.004660129547119],[[745.792236328125,222.69961547851563,47.92725372314453,-0.11557860672473908,2.559720968520196e-8,0.993298351764679,-5.457714724599327e-9,1,-2.64049617726414e-8,-0.993298351764679,-8.472987644836394e-9,-0.11557860672473908],8,2.0254340171813967],[[745.4656372070313,222.69961547851563,47.99396896362305,-0.12921269237995149,5.92770881269189e-8,0.9916169047355652,-1.1638607411157409e-8,1,-6.129478435923375e-8,-0.9916169047355652,-1.9461104727724888e-8,-0.12921269237995149],8,2.033658027648926],[[745.2697143554688,223.3587188720703,48.0344123840332,-0.13777925074100495,7.944059632336575e-8,0.9904629588127136,-1.502293578425906e-8,1,-8.22952941348376e-8,-0.9904629588127136,-2.621824535253836e-8,-0.13777925074100495],3,2.0499634742736818],[[745.0755004882813,223.99057006835938,48.082054138183597,-0.14785045385360719,9.95674724890705e-8,0.9890097379684448,-1.8025072989757974e-8,1,-1.0336853506487387e-7,-0.9890097379684448,-3.3110058694774128e-8,-0.14785045385360719],5,2.0691914558410646],[[744.8177490234375,224.78533935546876,48.150421142578128,-0.16244788467884065,1.2633796586669633e-7,0.9867171049118042,-2.1453363530099524e-8,1,-1.3157065836821858e-7,-0.9867171049118042,-4.2541774547544267e-8,-0.16244788467884065],5,2.078486919403076],[[744.6262817382813,225.34564208984376,48.20808410644531,-0.17501138150691987,1.463612164798178e-7,0.9845663905143738,-2.3430912321487086e-8,1,-1.5282046206266387e-7,-0.9845663905143738,-4.9814609326404027e-8,-0.17501138150691987],5,2.089935779571533],[[744.4356689453125,225.87530517578126,48.26870346069336,-0.18812645971775056,1.497032116049013e-7,0.982144832611084,-2.2373543018261445e-8,1,-1.5671037090214669e-7,-0.982144832611084,-5.145542658624436e-8,-0.18812645971775056],5,2.1004745960235597],[[744.3090209960938,226.2113800048828,48.31038284301758,-0.19679850339889527,1.2977598373709044e-7,0.9804439544677734,-1.831764961934823e-8,1,-1.3604129378563813e-7,-0.9804439544677734,-4.473215042821721e-8,-0.19679850339889527],5,2.111330509185791],[[744.1202392578125,226.68994140625,48.37633514404297,-0.21033577620983125,9.995709149279719e-8,0.9776291847229004,-1.2608612820486087e-8,1,-1.0495710256464008e-7,-0.9776291847229004,-3.4402781068365587e-8,-0.21033577620983125],5,2.1228575706481935],[[743.93212890625,227.13784790039063,48.4443244934082,-0.22380174696445466,7.022970294201514e-8,0.9746347069740295,-7.453113681776813e-9,1,-7.376889499255413e-8,-0.9746347069740295,-2.377366925543356e-8,-0.22380174696445466],5,2.136202812194824],[[743.6821899414063,227.68736267089845,48.53729248046875,-0.24110844731330872,3.0739766287979367e-8,0.9704982042312622,-1.4658740887796285e-9,1,-3.203839327170499e-8,-0.9704982042312622,-9.147354873562108e-9,-0.24110844731330872],5,2.1518332958221437],[[743.4957885742188,228.06373596191407,48.60964584350586,-0.2537667155265808,1.2347740607765446e-9,0.9672654271125794,2.3955810668496726e-9,1,-6.480693204302668e-10,-0.9672654271125794,2.1527051252689945e-9,-0.2537667155265808],5,2.167106866836548],[[743.2485961914063,228.51788330078126,48.70979309082031,-0.2705477774143219,-3.7949956066540838e-8,0.9627065658569336,6.7268266512598988e-9,1,4.131049280431398e-8,-0.9627065658569336,1.765242352291807e-8,-0.2705477774143219],5,2.1816470623016359],[[743.0027465820313,228.9175262451172,48.81303787231445,-0.28680476546287539,-7.695130221918589e-8,0.9579890370368958,1.0155925878052586e-8,1,8.336637336014974e-8,-0.9579890370368958,3.363913947396213e-8,-0.28680476546287539],5,2.196241617202759],[[742.8190307617188,229.18148803710938,48.89210510253906,-0.29832443594932558,-1.0608095379893712e-7,0.9544645547866821,1.2197016729942334e-8,1,1.1495411200712624e-7,-0.9544645547866821,4.593524138840621e-8,-0.29832443594932558],5,2.2120954990386965],[[742.6358032226563,229.41481018066407,48.97224426269531,-0.30914539098739626,-1.3510830854102097e-7,0.9510147571563721,1.3844294599607565e-8,1,1.4656785651823157e-7,-0.9510147571563721,5.847691042504266e-8,-0.30914539098739626],5,2.2244508266448976],[[742.452880859375,229.61746215820313,49.05309295654297,-0.3192175030708313,-1.3089662331822184e-7,0.9476814866065979,1.1984857550828565e-8,1,1.4216000465694379e-7,-0.9476814866065979,5.673778957770992e-8,-0.3192175030708313],5,2.2353508472442629],[[742.2699584960938,229.78945922851563,49.13406753540039,-0.32835617661476138,-1.1015561796057227e-7,0.9445539712905884,8.843487719900623e-9,1,1.196960965899052e-7,-0.9445539712905884,4.765610839285728e-8,-0.32835617661476138],5,2.24753999710083],[[742.1480102539063,229.88710021972657,49.188053131103519,-0.3338834047317505,-9.636427478199039e-8,0.9426143765449524,6.96818158729684e-9,1,1.0469905475929409e-7,-0.9426143765449524,4.15255847485696e-8,-0.3338834047317505],5,2.259617805480957],[[741.9043579101563,230.04148864746095,49.296390533447269,-0.34400674700737,-6.886243397730141e-8,0.9389671683311462,3.636553946861909e-9,1,7.467080109790914e-8,-0.9389671683311462,2.9101864029712489e-8,-0.34400674700737],5,2.2738828659057619],[[741.6607055664063,230.14138793945313,49.404788970947269,-0.3528828024864197,-4.146259158233079e-8,0.9356675148010254,7.903271925790989e-10,1,4.461144698097996e-8,-0.9356675148010254,1.6482095688274968e-8,-0.3528828024864197],5,2.2919275760650636],[[741.4172973632813,230.18678283691407,49.513545989990237,-0.3606662452220917,-1.4156583461044648e-8,0.9326949715614319,-1.6616606979269478e-9,1,1.453559850261854e-8,-0.9326949715614319,3.6926770530243404e-9,-0.3606662452220917],5,2.3131637573242189],[[741.1740112304688,230.17767333984376,49.62273025512695,-0.36755329370498659,1.3062576798006376e-8,0.9300024509429932,-3.