[[[776,222.69961547851563,47,1,-9.463619932148504e-8,1.2168083567517174e-15,9.463619932148504e-8,1,-5.376452061334192e-10,-1.1659276170057436e-15,5.376452061334192e-10,1],8,0.0061991214752197269],[[776,222.69961547851563,47,1,-1.0859169918830958e-7,1.2278234908351675e-15,1.0859169918830958e-7,1,-6.169288968571607e-10,-1.1608300668500488e-15,6.169288968571607e-10,1],8,0.016073226928710939],[[776,222.69961547851563,47,1,-9.299247949456913e-8,1.2202901915605246e-15,9.299247949456913e-8,1,-5.28306898228692e-10,-1.1711616453450648e-15,5.28306898228692e-10,1],8,0.027642011642456056],[[776,222.69961547851563,47,1,-6.181402767424515e-8,1.2088504822122633e-15,6.181402767424515e-8,1,-3.511764490315983e-10,-1.1871428277191485e-15,3.511764490315983e-10,1],8,0.05184507369995117],[[776,222.69961547851563,47,1,-2.287842981729682e-8,1.2021419812700092e-15,2.287842981729682e-8,1,-1.299761409612188e-10,-1.1991683662295546e-15,1.299761409612188e-10,1],8,0.06181597709655762],[[776,222.69961547851563,47,1,-7.315835048871122e-9,1.2018623545182969e-15,7.315835048871122e-9,1,-4.156215302475452e-11,-1.2015582696902326e-15,4.156215302475452e-11,1],8,0.07277202606201172],[[776,222.69961547851563,47,1,2.3789407777030648e-8,1.2054241280615012e-15,-2.3789407777030648e-8,1,1.3515251418017017e-10,-1.2022090027519607e-15,-1.3515251418017017e-10,1],8,0.08731341361999512],[[776,222.69961547851563,47,1,4.710089740456169e-8,1.2116954541238536e-15,-4.710089740456169e-8,1,2.675894505976828e-10,-1.199091709747828e-15,-2.675894505976828e-10,1],8,0.10221076011657715],[[776,222.69961547851563,47,1,7.039744787107338e-8,1.2210459567077123e-15,-7.039744787107338e-8,1,3.9994152434275067e-10,-1.1928911109365714e-15,-3.9994152434275067e-10,1],8,0.1133112907409668],[[776,222.69961547851563,47,1,9.36790627292794e-8,1.233469918340683e-15,-9.36790627292794e-8,1,5.322087770487371e-10,-1.183613029669703e-15,-5.322087770487371e-10,1],8,0.12465906143188477],[[776,222.69961547851563,47,1,1.1694575619003445e-7,1.248961303913017e-15,-1.1694575619003445e-7,1,6.643913197379447e-10,-1.1712636069360905e-15,-6.643913197379447e-10,1],8,0.13704180717468263],[[776,222.69961547851563,47,1,9.756642072034083e-8,1.238444119323434e-15,-9.756642072034083e-8,1,5.542935554991857e-10,-1.184363712619207e-15,-5.542935554991857e-10,1],8,0.14734792709350587],[[776,222.69961547851563,47,1,6.851294642729045e-8,1.2270454910731145e-15,-6.851294642729045e-8,1,3.8923508860477798e-10,-1.2003778233991153e-15,-3.8923508860477798e-10,1],8,0.1590099334716797],[[776,222.69961547851563,47,1,3.947809190663065e-8,1.220557112818028e-15,-3.947809190663065e-8,1,2.2428238433125359e-10,-1.211702865662142e-15,-2.2428238433125359e-10,1],8,0.1716909408569336],[[776,222.69961547851563,47,1,7.938965596032688e-10,1.21938270163666e-15,-7.938965596032688e-10,1,4.509853861883739e-12,-1.2193791017466342e-15,-4.509853861883739e-12,1],8,0.18870306015014649],[[775.7776489257813,222.69961547851563,47.04008483886719,-0.2820761501789093,-4.816372012328429e-8,0.9593920111656189,-1.256568893381882e-8,1,4.650782514659113e-8,-0.9593920111656189,1.0633262048642678e-9,-0.2820761501789093],8,0.211808443069458],[[775.450927734375,222.69961547851563,47.09895706176758,-0.2056218385696411,-9.609117057607364e-8,0.9786314964294434,-1.9286066077484066e-8,1,9.413709989303243e-8,-0.9786314964294434,4.826919419720355e-10,-0.2056218385696411],8,0.23939824104309083],[[775.1228637695313,222.69961547851563,47.15806579589844,-0.24581430852413178,-8.99957655065009e-8,0.9693169593811035,-1.6559230431312245e-8,1,8.864517297979546e-8,-0.9693169593811035,5.7391091878855608e-9,-0.24581430852413178],8,0.2526249885559082],[[774.86376953125,222.69961547851563,47.22088623046875,-0.2910519242286682,-5.605552289011939e-8,0.956707239151001,-7.586665518033442e-9,1,5.6284104488213418e-8,-0.956707239151001,9.123379385300723e-9,-0.2910519242286682],8,0.2658045291900635],[[774.7357788085938,222.69961547851563,47.25808334350586,-0.3160058856010437,-3.902232492691837e-8,0.9487572312355042,-2.6808790742904877e-9,1,4.023700483912762e-8,-0.9487572312355042,1.0171627096156044e-8,-0.3160058856010437],8,0.2762737274169922],[[774.545654296875,222.69961547851563,47.320091247558597,-0.3407515287399292,-1.3593307812698186e-8,0.9401534199714661,5.301640015886733e-9,1,1.6380147016548109e-8,-0.9401534199714661,1.0565914365656682e-8,-0.3407515287399292],8,0.28777003288269045],[[774.2946166992188,222.69961547851563,47.4099235534668,-0.41033831238746645,2.0745005713251886e-8,0.9119333624839783,1.8292189096769108e-8,1,-1.4517530289026581e-8,-0.9119333624839783,1.0724158450159394e-8,-0.41033831238746645],8,0.3046445846557617],[[774.1111450195313,222.69961547851563,47.48933792114258,-0.4293631315231323,4.607679926493802e-8,0.9031319618225098,2.8511044192214287e-8,1,-3.7464303659362488e-8,-0.9031319618225098,9.663445155183581e-9,-0.4293631315231323],8,0.31561779975891116],[[773.9903564453125,222.69961547851563,47.545806884765628,-0.44819843769073489,6.300133037484557e-8,0.8939340710639954,3.5638954898331579e-8,1,-5.2607909140078848e-8,-0.8939340710639954,8.280092167467501e-9,-0.44819843769073489],8,0.3267698287963867],[[773.7515258789063,222.69961547851563,47.66446304321289,-0.4791477918624878,9.669484768437542e-8,0.8777342438697815,5.093411559187189e-8,1,-8.235964088498804e-8,-0.8777342438697815,5.244177536667394e-9,-0.4791477918624878],8,0.3402085304260254],[[773.6339721679688,222.69961547851563,47.727272033691409,-0.4913647770881653,1.134693334847725e-7,0.8709538578987122,5.878376185819434e-8,1,-9.71177342989904e-8,-0.8709538578987122,3.477711230104319e-9,-0.4913647770881653],8,0.353863000869751],[[773.4013061523438,222.69961547851563,47.85764694213867,-0.5095126628875732,9.205636075648727e-8,0.8604631423950195,4.7079058873578109e-8,1,-7.91073802020037e-8,-0.8604631423950195,2.0358409402732037e-10,-0.5095126628875732],8,0.3757600784301758],[[773.1715087890625,222.69961547851563,47.99279022216797,-0.5244643092155457,5.232411837141626e-8,0.8514324426651001,2.546644495282635e-8,1,-4.576743251050175e-8,-0.8514324426651001,-2.3204271837329317e-9,-0.5244643092155457],8,0.3854515552520752],[[773.0576782226563,222.69961547851563,48.062191009521487,-0.528918981552124,3.24630846648688e-8,0.8486723303794861,1.457990972397738e-8,1,-2.9164958448291146e-8,-0.8486723303794861,-3.0523343852451036e-9,-0.528918981552124],8,0.39540767669677737],[[772.8877563476563,222.69961547851563,48.167720794677737,-0.5318804383277893,2.6958959509215676e-9,0.8468194603919983,-1.8280207347842748e-9,1,-4.331719427597136e-9,-0.8468194603919983,-3.8519605283227069e-9,-0.5318804383277893],8,0.4068784713745117],[[772.7183227539063,222.69961547851563,48.27397155761719,-0.5348317623138428,-2.7054809947912873e-8,0.8449586033821106,-1.8311920868541166e-8,1,2.0428236879865837e-8,-0.8449586033821106,-4.547145326938562e-9,-0.5348317623138428],8,0.41721177101135256],[[772.6055908203125,222.69961547851563,48.34517288208008,-0.5348355770111084,-4.686907217887892e-8,0.8449561595916748,-2.9295391001937788e-8,1,3.692600358817799e-8,-0.8449561595916748,-5.003980785289741e-9,-0.5348355770111084],8,0.4279484748840332],[[772.4365844726563,222.69961547851563,48.45212173461914,-0.5348349809646606,-7.657455824983117e-8,0.8449565172195435,-4.5761783695752459e-8,1,6.165944910208055e-8,-0.8449565172195435,-5.68908520293121e-9,-0.5348349809646606],8,0.4391789436340332],[[772.267578125,222.69961547851563,48.55908966064453,-0.5348329544067383,-1.0626099111732401e-7,0.8449578285217285,-6.221755910473803e-8,1,8.637708504011244e-8,-0.8449578285217285,-6.373901406675486e-9,-0.5348329544067383],8,0.4506807327270508],[[772.0985717773438,222.69961547851563,48.66605758666992,-0.5348305106163025,-9.945812706746438e-8,0.8449593782424927,-5.764091071114308e-8,1,8.122285066747281e-8,-0.8449593782424927,-5.26376631171388e-9,-0.5348305106163025],8,0.4634132385253906],[[771.9859008789063,222.69961547851563,48.737369537353519,-0.5333554148674011,-8.276182228428297e-8,0.8458912372589111,-4.760903493661317e-8,1,6.782111228176291e-8,-0.8458912372589111,-4.0993088923357849e-9,-0.5333554148674011],8,0.4745314121246338],[[771.8167114257813,222.69961547851563,48.84409713745117,-0.5303945541381836,-5.7729899083369676e-8,0.8477509021759033,-3.2639604796713687e-8,1,4.767677452832686e-8,-0.8477509021759033,-2.382751107532499e-9,-0.5303945541381836],8,0.4860091209411621],[[771.5341796875,222.69961547851563,49.02101516723633,-0.5184977650642395,-1.6031460603471716e-8,0.8550789952278137,-8.183009825302179e-9,1,1.3786547903293922e-8,-0.8550789952278137,1.5117444795986757e-10,-0.5184977650642395],8,0.5040566921234131],[[771.42041015625,222.69961547851563,49.09056091308594,-0.5004636645317078,6.202426350299106e-10,0.8657575249671936,1.3062817494358115e-9,1,3.869895029429138e-11,-0.8657575249671936,1.1502907515392736e-9,-0.5004636645317078],8,0.5143561363220215],[[771.2476806640625,222.69961547851563,49.19139862060547,-0.4883175492286682,2.556779854501201e-8,0.8726660013198853,1.5243234230410964e-8,1,-2.0768839092966119e-8,-0.8726660013198853,3.1604643346838658e-9,-0.4883175492286682],8,0.5262675285339356],[[771.0734252929688,222.69961547851563,49.28955841064453,-0.4652853310108185,5.042391038045935e-8,0.8851607441902161,2.862165082717638e-8,1,-4.192083125076351e-8,-0.8851607441902161,5.8296136806745839e-9,-0.4652853310108185],8,0.5376441478729248],[[770.955810546875,222.69961547851563,49.352413177490237,-0.4544306695461273,6.69717934442815e-8,0.8907821178436279,3.736288434197377e-8,1,-5.6122537728242608e-8,-0.8907821178436279,7.778387711709911e-9,-0.4544306695461273],8,0.5481281280517578],[[770.7778930664063,222.69961547851563,49.44384002685547,-0.4466356933116913,9.182237192817411e-8,0.8947159051895142,5.0281336427815407e-8,1,-7.752733210963925e-8,-0.8947159051895142,1.0361037361406034e-8,-0.4466356933116913],8,0.5615313053131104],[[770.59912109375,222.69961547851563,49.533485412597659,-0.43251582980155947,1.1655323817194585e-7,0.9016263484954834,6.285365117264519e-8,1,-9.911870790801913e-8,-0.9016263484954834,1.3800099729621707e-8,-0.43251582980155947],8,0.5732696056365967],[[770.4190673828125,222.69961547851563,49.620540618896487,-0.42778629064559939,8.85384139337475e-8,0.9038799405097961,4.7205148234752417e-8,1,-7.561258996702236e-8,-0.9038799405097961,1.0321756782616376e-8,-0.42778629064559939],8,0.5844755172729492],[[770.2384033203125,222.69961547851563,49.70630645751953,-0.41670191287994387,6.048256295798638e-8,0.9090431928634644,3.185508035130624e-8,1,-5.193206220610591e-8,-0.9090431928634644,7.317454642219445e-9,-0.41670191287994387],8,0.595745325088501],[[770.0576782226563,223.35189819335938,49.79191970825195,-0.4007585644721985,3.244037927174759e-8,0.9161837100982666,1.693059559215726e-8,1,-2.8002352436828916e-8,-0.9161837100982666,4.28935287288823e-9,-0.4007585644721985],3,0.6119015216827393],[[769.8138427734375,224.17391967773438,49.89986038208008,-0.3905639946460724,-4.790105201379902e-9,0.9205757975578308,-2.555935907366802e-9,1,4.118996699276067e-9,-0.9205757975578308,-7.442008120861487e-10,-0.3905639946460724],5,0.6323189735412598],[[769.5684204101563,224.94143676757813,50.00419616699219,-0.350164532661438,-4.187453939152874e-8,0.9366881847381592,-2.0597415328893477e-8,1,3.700490225355679e-8,-0.9366881847381592,-6.335550306602045e-9,-0.350164532661438],5,0.6409783363342285],[[769.4439086914063,225.3047637939453,50.05179977416992,-0.33107271790504458,-6.026541399251073e-8,0.9436052441596985,-2.9296456816041429e-8,1,5.3588252058034416e-8,-0.9436052441596985,-9.902683117957168e-9,-0.33107271790504458],5,0.6502299308776856],[[769.3182983398438,225.6544647216797,50.096473693847659,-0.3140498399734497,-7.85931959512709e-8,0.9494065046310425,-3.767710765600896e-8,1,7.031836446458328e-8,-0.9494065046310425,-1.368742008622803e-8,-0.3140498399734497],5,0.6604025363922119],[[769.1286010742188,226.15347290039063,50.159759521484378,-0.29782477021217348,-1.060988381595962e-7,0.9546205401420593,-4.979800749538299e-8,1,9.560632463490038e-8,-0.9546205401420593,-1.906427016251655e-8,-0.29782477021217348],5,0.6714317798614502],[[768.9378051757813,226.62181091308595,50.21963882446289,-0.2700034976005554,-1.3320283187567839e-7,0.9628593325614929,-6.124573559418423e-8,1,1.2116647951643245e-7,-0.9628593325614929,-2.625565365121929e-8,-0.2700034976005554],5,0.6828374862670898],[[768.8096313476563,226.91700744628907,50.256324768066409,-0.25700005888938906,-1.512949836524058e-7,0.9664114117622376,-6.861289136850246e-8,1,1.3830701561801107e-7,-0.9664114117622376,-3.0763366964947639e-8,-0.25700005888938906],5,0.6946797370910645],[[768.616455078125,227.33425903320313,50.30807876586914,-0.23734979331493379,-1.4285657812251885e-7,0.9714242219924927,-6.375501726552102e-8,1,1.314815136765901e-7,-0.9714242219924927,-3.072605636589287e-8,-0.23734979331493379],5,0.707341194152832],[[768.4223022460938,227.72084045410157,50.3559684753418,-0.22821570932865144,-1.1709709468732399e-7,0.9736105799674988,-5.1344059670555e-8,1,1.0823585228081356e-7,-0.9736105799674988,-2.528799925016756e-8,-0.22821570932865144],5,0.7188551425933838],[[768.2276000976563,228.0767822265625,50.4017219543457,-0.20656941831111909,-9.105623632876814e-8,0.9784319400787354,-3.951073779262515e-8,1,8.472181178831306e-8,-0.9784319400787354,-2.115763386711933e-8,-0.20656941831111909],5,0.7298352718353272],[[768.0320434570313,228.40206909179688,50.44353485107422,-0.19107685983181,-6.529415941258776e-8,0.981575071811676,-2.8039256250167456e-8,1,6.106155581164785e-8,-0.981575071811676,-1.585518560887067e-8,-0.19107685983181],5,0.7419853210449219],[[767.9012451171875,228.6018829345703,50.46935272216797,-0.17330487072467805,-4.807190379096937e-8,0.9848682284355164,-2.0668913691679337e-8,1,4.517343299426102e-8,-0.9848682284355164,-1.2527380910398734e-8,-0.17330487072467805],5,0.7536578178405762],[[767.6387329101563,228.9606475830078,50.51603317260742,-0.1352747678756714,-1.3707901480586316e-8,0.9908081293106079,-7.300344773142342e-9,1,1.2838357932309919e-8,-0.9908081293106079,-5.4965352269675808e-9,-0.1352747678756714],5,0.7692797183990479],[[767.3745727539063,229.26492309570313,50.55253982543945,-0.08979285508394242,2.033637258591625e-8,0.9959604740142822,4.569442602075924e-9,1,-2.0006888590273776e-8,-0.9959604740142822,2.754508621194418e-9,-0.08979285508394242],5,0.7841291427612305],[[767.1090698242188,229.5146942138672,50.57677459716797,-0.03986493498086929,5.386665336004626e-8,0.9992050528526306,1.4832924222218935e-8,1,-5.331772001682111e-8,-0.9992050528526306,1.2695625883907269e-8,-0.03986493498086929],5,0.8019552230834961],[[767.0767822265625,229.6763916015625,50.58253479003906,-0.0061263893730938438,-0.016392197459936143,0.999846875667572,0.0038693624082952739,0.9998577833175659,0.01641608402132988,-0.9999737739562988,0.003969340119510889,-0.006062090862542391],12,0.8251011371612549],[[767.1200561523438,229.86026000976563,50.57707977294922,0.11586234718561173,-0.008024423383176327,0.9932328462600708,0.0006639208877459168,0.9999677538871765,0.008001388050615788,-0.9932650327682495,-0.0002676314616110176,0.11586394160985947],12,0.8342595100402832],[[767.1270751953125,229.9535369873047,50.57636642456055,0.1365383267402649,-0.002971779555082321,0.9906303286552429,-0.00011237409489694983,0.9999954700469971,0.003015362424775958,-0.9906347990036011,-0.0005230337264947593,0.1365373730659485],12,0.8445172309875488],[[767.1276245117188,230.09352111816407,50.576290130615237,0.16540536284446717,0.000533360755071044,0.9862255454063416,-0.0003896448470186442,0.9999998211860657,-0.0004754604888148606,-0.9862256050109863,-0.00030563396285288036,0.1654055416584015],12,0.8547415733337402],[[767.1273803710938,230.1868438720703,50.57627487182617,0.19432604312896729,0.0009581673657521606,0.9809365272521973,-0.00028905391809530556,0.9999995231628418,-0.0009195255115628243,-0.9809369444847107,-0.00010485578968655318,0.1943262368440628],12,0.8634214401245117],[[767.1272583007813,230.28016662597657,50.57625198364258,0.2250308096408844,0.0007470787386409938,0.9743513464927673,-0.0001506188855273649,0.9999997019767761,-0.0007319583673961461,-0.9743516445159912,0.000017957472664420494,0.22503086924552918],12,0.8730952739715576],[[767.1272583007813,230.3734893798828,50.57623291015625,0.27742233872413638,0.0003964646311942488,0.9607479572296143,-0.00004164107303950004,0.9999999403953552,-0.00040063829510472715,-0.9607480764389038,0.00007113943865988404,0.27742233872413638],12,0.8824236392974854],[[767.1273193359375,230.5134735107422,50.57622146606445,0.29916125535964968,0.00004635599907487631,0.9542025923728943,0.00002457991286064498,1,-0.00005628716462524608,-0.9542025923728943,0.00004029315459774807,0.29916125535964968],12,0.8930211067199707],[[767.0537109375,230.92669677734376,50.55311965942383,0.31578293442726138,-0.000052420222345972437,0.9488314390182495,0.000023489606974180789,1,0.000047429501137230548,-0.9488314390182495,0.000007310249657166423,0.31578293442726138],8,0.9043843746185303],[[766.9468994140625,231.21893310546876,50.518096923828128,0.34217265248298647,-0.00004801759496331215,0.9396371245384216,0.000013417573427432217,1,0.000046216213377192619,-0.9396371245384216,-0.000003206273959222017,0.34217265248298647],8,0.9149737358093262],[[766.76171875,231.56504821777345,50.451759338378909,0.35036683082580569,-0.00001930142752826214,0.9366125464439392,0.000002187419795518508,1,0.000019789429643424229,-0.9366125464439392,-0.000004884795089310501,0.35036683082580569],8,0.9250988960266113],[[766.6368408203125,231.73255920410157,50.405426025390628,0.3585332930088043,-0.000005512421921594068,0.9335169196128845,-9.272113175029517e-7,1,0.000006261116141104139,-0.9335169196128845,-0.0000031103861601877726,0.3585332930088043],8,0.9346470832824707],[[766.4500122070313,231.90968322753907,50.33408737182617,0.3764023184776306,0.000002589942596387118,0.9264563322067261,-0.0000016331711094608182,1,-0.0000021320088308129927,-0.9264563322067261,-7.105685995156819e-7,0.3764023184776306],8,0.9450881481170654],[[766.3262329101563,231.99110412597657,50.28453063964844,0.3877013027667999,0.0000029684372293559137,0.9217850565910339,-0.0000010692334626583034,1,-0.0000027705959837476259,-0.9217850565910339,8.856024891201742e-8,0.3877013027667999],8,0.9569244384765625],[[766.1416625976563,232.0754852294922,50.207515716552737,0.40214481949806216,0.0000014293907497631154,0.9155761003494263,-2.6365498229097286e-7,1,-0.0000014453886478804635,-0.9155761003494263,3.398593264591909e-7,0.40214481949806216],8,0.967388391494751],[[765.9583129882813,232.12911987304688,50.12765884399414,0.4401595890522003,2.1212764522715589e-7,0.8979195952415466,8.252745686831986e-8,1,-2.7669838686961159e-7,-0.8979195952415466,1.958944579882882e-7,0.4401595890522003],8,0.9780430793762207],[[765.8379516601563,232.1534881591797,50.07030487060547,0.4635329246520996,-1.08142970134395e-7,0.8860796689987183,1.1786374898292707e-7,1,6.038874289515661e-8,-0.8860796689987183,7.644450050747764e-8,0.4635329246520996],8,0.9893383979797363],[[765.60107421875,232.18475341796876,49.94782638549805,0.515304684638977,-1.483037266325482e-7,0.8570070266723633,4.9599403695310687e-8,1,1.4322509400699347e-7,-0.8570070266723633,-3.129752812469633e-8,0.515304684638977],8,1.0067534446716309],[[765.4285278320313,232.1984405517578,49.84674835205078,0.5434593558311462,-1.0220465895827147e-7,0.8394354581832886,-1.5594800117924025e-8,1,1.318502853564496e-7,-0.8394354581832886,-8.474609813902134e-8,0.5434593558311462],8,1.016451358795166],[[765.31591796875,232.20465087890626,49.77534866333008,0.6007346510887146,-5.521906842886892e-8,0.7994484901428223,-3.7387476226058428e-8,1,9.716575988250043e-8,-0.7994484901428223,-8.826020092556064e-8,0.6007346510887146],8,1.0280308723449708],[[765.1978149414063,232.21261596679688,49.56318664550781,0.6537573933601379,3.250450575364994e-8,0.7567042112350464,-8.556260411296535e-8,1,3.0966759823058967e-8,-0.7567042112350464,-8.499033299358416e-8,0.6537573933601379],8,1.0429251194000245],[[765.1770629882813,232.2161102294922,49.5372428894043,0.7130043506622315,0.000215129490243271,0.7011595964431763,0.0007402776973322034,0.9999991655349731,-0.001059602596797049,-0.7011592388153076,0.0012745540589094163,0.7130035758018494],8,1.0622830390930176],[[765.2304077148438,232.21798706054688,49.50010299682617,0.7265958786010742,-0.0016114322934299708,0.6870631575584412,0.013139351271092892,0.9998469352722168,-0.011550341732800007,-0.6869394183158875,0.017419995740056039,0.7265058755874634],8,1.0717313289642335],[[765.2797241210938,232.21559143066407,49.500518798828128,0.7386653423309326,-0.000763597316108644,0.6740719079971314,0.007256330922245979,0.9999504089355469,-0.0068189180456101898,-0.6740332841873169,0.009928187355399132,0.7386342287063599],8,1.088261365890503],[[765.4044799804688,232.217041015625,49.49397659301758,0.7548165321350098,-0.0008357603219337761,0.6559354662895203,0.007294693496078253,0.9999480247497559,-0.007120270747691393,-0.6558954119682312,0.010159346275031567,0.7547833919525147],8,1.095388650894165],[[765.4385375976563,232.21751403808595,49.492366790771487,0.7472233772277832,-0.0007719317800365388,0.664572536945343,0.007375114131718874,0.9999473690986633,-0.0071308487094938759,-0.6645320653915405,0.010229635052382946,0.7471897602081299],8,1.1043150424957276],[[765.5447387695313,232.21875,49.48693084716797,0.7608623504638672,-0.0010768056381493807,0.6489124298095703,0.007573584094643593,0.9999452233314514,-0.007220863364636898,-0.6488691568374634,0.010408676229417324,0.7608287930488586],8,1.1135189533233643],[[765.6177978515625,232.21939086914063,49.48303985595703,0.7608144879341126,-0.0010878635803237558,0.648968517780304,0.00767339114099741,0.9999437928199768,-0.007319652941077948,-0.6489240527153015,0.010548687539994717,0.7607800364494324],8,1.1239042282104493],[[765.6921997070313,232.21990966796876,49.479034423828128,0.7609648108482361,-0.0010925813112407923,0.6487922668457031,0.007767623756080866,0.9999422430992127,-0.007426675874739885,-0.64874666929245,0.010691013187170029,0.7609293460845947],8,1.1321616172790528],[[765.7554931640625,232.21929931640626,49.49345016479492,0.7394522428512573,-0.02034328319132328,0.6729015707969666,0.02505524829030037,0.9996824264526367,0.0026893429458141329,-0.6727426052093506,0.014871074818074704,0.7397271394729614],8,1.1417384147644044],[[765.8203735351563,232.22023010253907,49.49046325683594,0.7559782862663269,-0.015781834721565248,0.6544064283370972,0.019862430170178415,0.9998020529747009,0.0011661626631394029,-0.6542952656745911,0.012116508558392525,0.7561420798301697],8,1.1512212753295899],[[765.9276123046875,232.22193908691407,49.48407745361328,0.7630690932273865,-0.005888170097023249,0.646290123462677,0.011349291540682316,0.9999263882637024,-0.004289956763386726,-0.6462172865867615,0.01060846820473671,0.7630797624588013],8,1.161966323852539],[[766.0009765625,232.21917724609376,49.48007583618164,0.76202392578125,-0.001993039157241583,0.6475458145141602,0.00851150881499052,0.9999396800994873,-0.006938588805496693,-0.6474929451942444,0.010798961855471135,0.7619948983192444],8,1.1734204292297364],[[766.1124877929688,232.2178497314453,49.473838806152347,0.7607724666595459,-0.00018167452071793377,0.6490186452865601,0.007294533774256706,0.9999392032623291,-0.008270666934549809,-0.6489776968955994,0.011026384308934212,0.7607275247573853],8,1.1858007907867432],[[766.2255249023438,232.2187957763672,49.470096588134769,0.7396316528320313,-0.0007359316223300993,0.6730115413665772,0.01067417673766613,0.9998864531517029,-0.010637426748871804,-0.6729272603988648,0.01505162101238966,0.7395554780960083],8,1.1966779232025147],[[766.353515625,232.21934509277345,49.40978240966797,0.7184489965438843,-0.0017899320228025318,0.6955773830413818,0.01608136110007763,0.9997721314430237,-0.0140374219045043,-0.6953937411308289,0.021271001547574998,0.7183140516281128],8,1.2073464393615723],[[766.4705810546875,232.21995544433595,49.34305191040039,0.6741307973861694,0.0015615059528499842,0.7386103272438049,0.010142326354980469,0.9998838901519775,-0.011370784603059292,-0.738542377948761,0.015156622976064682,0.6740366816520691],8,1.2190616130828858],[[766.6373901367188,232.8824462890625,49.229087829589847,0.6469677686691284,0.005049203056842089,0.7625006437301636,0.0005673888954333961,0.9999746084213257,-0.007103151176124811,-0.7625171542167664,0.0050281439907848839,0.6469484567642212],3,1.2334163188934327],[[766.8019409179688,233.544921875,49.110591888427737,0.588869571685791,0.008160225115716458,0.8081868886947632,-0.009472259320318699,0.9999500513076782,-0.003194672055542469,-0.8081725835800171,-0.005774110555648804,0.5889174342155457],3,1.2530667781829835],[[767.04833984375,234.64907836914063,48.89143753051758,0.5297890901565552,0.010149933397769928,0.8480686545372009,-0.026872148737311364,0.9996272325515747,0.004823221359401941,-0.8477035760879517,-0.025344718247652055,0.5298643708229065],3,1.2611162662506104],[[767.1380004882813,235.08059692382813,48.79927062988281,0.5029981136322022,0.006912977900356054,0.8642598390579224,-0.023984014987945558,0.9996945858001709,0.005962383467704058,-0.8639546632766724,-0.02372748963534832,0.5030103325843811],5,1.2738211154937745],[[767.2587280273438,235.7023468017578,48.650482177734378,0.5213956236839294,0.002408830914646387,0.8533116579055786,-0.01257777027785778,0.9999090433120728,0.0048626805655658249,-0.8532223701477051,-0.013268138282001019,0.5213785171508789],5,1.2838432788848878],[[767.3300170898438,236.0998077392578,48.54292678833008,0.47737184166908266,-0.000129729465697892,0.878701388835907,-0.0063832602463662628,0.9999731183052063,0.0036154657136648895,-0.8786782026290894,-0.007334901485592127,0.4773581624031067],5,1.2941374778747559],[[767.4227294921875,236.67041015625,48.36943435668945,0.4846460223197937,-0.0009342671255581081,0.8747098445892334,-0.0012248543789610267,0.9999977350234985,0.0017467343714088202,-0.8747094869613648,-0.0019179399823769928,0.4846437871456146],5,1.305372953414917],[[767.5036010742188,237.21035766601563,48.18715286254883,0.434054970741272,-0.0007506815018132329,0.900886058807373,0.000489499419927597,0.9999997019767761,0.0005974246887490153,-0.9008862376213074,0.0001816680742194876,0.4340552091598511],5,1.315549612045288],[[767.5742797851563,237.7196502685547,48.00016784667969,0.4040444791316986,-0.0003026971535291523,0.9147393107414246,0.0006388680776581168,0.9999998211860657,0.000048719855840317908,-0.9147391319274902,0.0005647127400152385,0.40404459834098818],5,1.328608751296997],[[767.6378173828125,238.1982879638672,47.81047058105469,0.3326452374458313,-0.000015508852811763064,0.9430520534515381,0.00038004291127435863,0.9999999403953552,-0.00011760816414607689,-0.9430519342422485,0.00039752203156240284,0.3326452076435089],5,1.3419475555419922],[[767.689208984375,238.64627075195313,47.61725616455078,0.29283538460731509,0.00006533910345751792,0.9561628699302673,0.0001450149284210056,1,-0.00011274711869191378,-0.9561628699302673,0.00017167424084618688,0.2928353548049927],5,1.3551349639892579],[[767.7301635742188,239.0635986328125,47.4215087890625,0.21173381805419923,0.00006072747419239022,0.9773273468017578,0.000023552120183012449,1,-0.00006723873229930177,-0.9773273468017578,0.00003725484566530213,0.21173381805419923],5,1.3688230514526368],[[767.7496948242188,239.3247833251953,47.28972625732422,0.10125584900379181,0.00004068205817020498,0.9948604106903076,-0.000009693563697510399,1,-0.00003990562618128024,-0.9948604106903076,-0.000005603064892056864,0.10125584900379181],5,1.3773415088653565],[[767.7626342773438,239.69100952148438,47.09039306640625,0.10138329863548279,0.00001384736879117554,0.9948474168777466,-0.000019969267668784597,1,-0.000011884051673405338,-0.9948474168777466,-0.000018661530702956953,0.10138329863548279],5,1.3879342079162598],[[767.7642822265625,239.9181365966797,46.95710754394531,0.03853825479745865,0.00000293226185021922,0.9992571473121643,-0.00001632103339943569,1,-0.000002304989948243019,-0.9992571473121643,-0.000016220079487538898,0.03853825479745865],5,1.3983855247497559],[[767.760009765625,240.2332763671875,46.75717544555664,0.04564717411994934,-0.0000024471576125506546,0.998957633972168,-0.000008181364137271885,1,0.0000028235569971002407,-0.998957633972168,-0.000008301723028125707,0.04564717411994934],5,1.4084820747375489],[[767.7537231445313,240.4263458251953,46.62400436401367,-0.03480835631489754,-0.000003346955509186955,0.9993939995765686,-0.00000408229334425414,1,0.0000032068010114016944,-0.9993939995765686,-0.000003968195869674673,-0.03480835631489754],5,1.4193494319915772],[[767.7181396484375,240.77159118652345,46.368900299072269,-0.010140913538634777,-0.0000015876215684329509,0.9999485611915588,-1.757175311922765e-7,1,0.0000015859212680879864,-0.9999485611915588,-1.5962579880124395e-7,-0.010140913538634777],5,1.4343104362487794],[[767.6683349609375,240.9947509765625,46.18954086303711,-0.09301846474409104,-5.387258852351806e-7,0.9956643581390381,4.929601686853857e-7,1,5.871257826584042e-7,-0.9956643581390381,5.454364213619556e-7,-0.09301846474409104],5,1.4542837142944337],[[767.5715942382813,241.24462890625,45.96733474731445,-0.12344396114349365,3.092011979788367e-8,0.9923515319824219,3.6048734841642729e-7,1,1.3684528177293487e-8,-0.9923515319824219,3.5941943110628929e-7,-0.12344396114349365],5,1.4618055820465088],[[767.5104370117188,241.34913635253907,45.863948822021487,-0.20889845490455628,1.1370860164561236e-7,0.9779373407363892,2.235230738278915e-7,1,-6.852685885405663e-8,-0.9779373407363892,2.0427640379239166e-7,-0.20889845490455628],5,1.4728381633758546],[[767.4033203125,241.48033142089845,45.719276428222659,-0.24218085408210755,1.0661865701422357e-7,0.9702311158180237,6.273650399180042e-8,1,-9.423020230769908e-8,-0.9702311158180237,3.804816017805024e-8,-0.24218085408210755],5,1.4827327728271485],[[767.3218994140625,241.55076599121095,45.6302375793457,-0.29679974913597109,7.910787758191873e-8,0.9549397230148315,-1.0261300253944228e-8,1,-8.60299564919842e-8,-0.9549397230148315,-3.533259373966757e-8,-0.29679974913597109],5,1.4936633110046387],[[767.0850830078125,241.66725158691407,45.435516357421878,-0.2681320011615753,2.045342561984853e-9,0.9633821845054627,-1.134165117377961e-7,1,-3.368957735006006e-8,-0.9633821845054627,-1.1829669688268041e-7,-0.2681320011615753],5,1.511258840560913],[[766.9776611328125,241.69000244140626,45.369407653808597,-0.3929159343242645,-4.394866337520398e-8,0.9195743799209595,-1.3323044356639003e-7,1,-9.134339506999823e-9,-0.9195743799209595,-1.261043394151784e-7,-0.3929159343242645],5,1.5239853858947755],[[766.86669921875,241.69784545898438,45.26704788208008,-0.4275948703289032,0.0001644014846533537,0.90397047996521,0.00025453869602642953,0.9999999403953552,-0.00006146444502519444,-0.9039704203605652,0.00020381358626764268,-0.4275949001312256],5,1.5370550155639649],[[766.861083984375,241.673583984375,45.140357971191409,-0.47630199790000918,0.00027534583932720125,0.8792816996574402,0.00040947465458884835,0.9999999403953552,-0.00009133845014730468,-0.8792816400527954,0.00031653890619054437,-0.4763020873069763],5,1.5569968223571778],[[766.8056030273438,241.56503295898438,44.947509765625,-0.4490230083465576,0.00010589192243060097,0.893520176410675,0.00013692241918761283,1,-0.00004970296868123114,-0.893520176410675,0.00010002516501117498,-0.44902303814888],5,1.5652589797973633],[[766.7674560546875,241.4977569580078,44.87739562988281,-0.5430540442466736,0.00006265734555199742,0.8396977782249451,0.00006141294579720125,1,-0.000034901604522019628,-0.8396977782249451,0.000032614858355373147,-0.5430540442466736],5,1.5754711627960206],[[766.7008056640625,241.37130737304688,44.78740692138672,-0.6160637140274048,0.00001713632809696719,0.7876963019371033,0.000006753961770300521,1,-0.00001647266253712587,-0.7876963019371033,-0.000004828143119084416,-0.6160637140274048],5,1.589752197265625],[[766.6255493164063,241.21420288085938,44.718055725097659,-0.6606903672218323,-8.400506317229883e-7,0.7506585121154785,-0.0000074906324698531538,1,-0.0000054737779464630879,-0.7506585121154785,-0.000009239379323844333,-0.6606903672218323],5,1.608250379562378],[[766.52783203125,240.95704650878907,44.65888595581055,-0.7712081670761108,-0.000004129400167585118,0.6365830898284912,-0.000005868807875231141,1,-6.231273346202215e-7,-0.6365830898284912,-0.000004216544311930193,-0.7712081670761108],5,1.620166540145874],[[766.4690551757813,240.72840881347657,44.634521484375,-0.8000813126564026,-0.000002162808414141182,0.5998915433883667,-0.0000026698210149334047,1,4.45653718372796e-8,-0.5998915433883667,-0.0000015659471728213248,-0.8000813126564026],5,1.6413729190826417],[[766.4105224609375,240.2792205810547,44.62405776977539,-0.8729075789451599,-2.682800470665825e-7,0.48788562417030337,-2.292977114848327e-7,1,1.3963179412712635e-7,-0.48788562417030337,1.0014595375196223e-8,-0.8729075789451599],5,1.6584980487823487],[[766.4000854492188,239.8585662841797,44.64160919189453,-0.8735562562942505,5.6149229266111436e-8,0.4867231547832489,1.0017188856181747e-7,1,6.442379429927314e-8,-0.4867231547832489,1.0503378433668331e-7,-0.8735562562942505],5,1.6654014587402344],[[766.4072875976563,239.6278076171875,44.65854263305664,-0.8468112349510193,7.123492906657703e-8,0.5318935513496399,1.0853715792791263e-7,1,3.887160104909526e-8,-0.5318935513496399,9.064712003237219e-8,-0.8468112349510193],5,1.6747593879699708],[[766.4229736328125,239.38340759277345,44.68067169189453,-0.8532695770263672,9.31532468939622e-8,0.5214700102806091,1.177984856326475e-7,1,1.4115136615089341e-8,-0.5214700102806091,7.347239971977615e-8,-0.8532695770263672],5,1.683638095855713],[[766.4625244140625,238.99127197265626,44.72334671020508,-0.8752760291099548,1.274255936323243e-7,0.483623743057251,1.3375897367495782e-7,1,-2.1400049732278604e-8,-0.483623743057251,4.5958067573792508e-8,-0.8752760291099548],5,1.6947965621948243],[[766.4996337890625,238.7128143310547,44.75798797607422,-0.8622450232505798,1.4746757415196044e-7,0.5064913630485535,1.449155462296403e-7,1,-4.445260870511447e-8,-0.5064913630485535,3.506943357933778e-8,-0.8622450232505798],5,1.706186056137085],[[766.5715942382813,238.26959228515626,44.818992614746097,-0.8860284090042114,1.285690274244189e-7,0.46363091468811037,1.1915898312508944e-7,1,-4.958853949688091e-8,-0.46363091468811037,1.1308935121689956e-8,-0.8860284090042114],5,1.716001272201538],[[766.6580810546875,237.9570770263672,44.879573822021487,-0.8555153608322144,1.1588420534280886e-7,0.5177773833274841,1.0034585784524097e-7,1,-5.801099689506373e-8,-0.5177773833274841,2.327513959343719e-9,-0.8555153608322144],7,1.7263939380645753],[[766.8218994140625,237.46275329589845,44.986595153808597,-0.8488019704818726,9.900551845021255e-8,0.5287109017372131,7.025409587413378e-8,1,-7.44711456945879e-8,-0.5287109017372131,-2.6067143110708458e-8,-0.8488019704818726],7,1.7374708652496338],[[766.933837890625,237.11618041992188,45.058589935302737,-0.8450138568878174,8.80121646673615e-8,0.5347444415092468,4.973987444145678e-8,1,-8.598740208753952e-8,-0.5347444415092468,-4.606242498539359e-8,-0.8450138568878174],7,1.746755838394165],[[767.1025390625,236.980224609375,45.166011810302737,-0.844344437122345,7.12571051053601e-8,0.5358008146286011,1.8787670086339859e-8,1,-1.0338513334318123e-7,-0.5358008146286011,-7.722621120365148e-8,-0.844344437122345],7,1.759392499923706],[[767.215087890625,237.00474548339845,45.237552642822269,-0.8439719080924988,6.00895049274186e-8,0.5363873839378357,-1.8822301495191597e-9,1,-1.1498788410335692e-7,-0.5363873839378357,-9.805614809010877e-8,-0.8439719080924988],8,1.769923210144043],[[767.3839111328125,237.06695556640626,45.344852447509769,-0.8420346975326538,3.496020184456938e-8,0.5394233465194702,-2.1342753342423749e-8,1,-9.812616497129057e-8,-0.5394233465194702,-9.413841439709359e-8,-0.8420346975326538],8,1.7798898220062256],[[767.5523681640625,237.11944580078126,45.452632904052737,-0.8401293158531189,5.499216193527445e-9,0.5423861145973206,-3.48750326395475e-8,1,-6.415863396114219e-8,-0.5423861145973206,-7.28172864228327e-8,-0.8401293158531189],8,1.7911961078643799],[[767.6646728515625,237.1405487060547,45.52455520629883,-0.8363152146339417,-1.3843104440525167e-8,0.5482488870620728,-4.37337490666323e-8,1,-4.146309606767318e-8,-0.5482488870620728,-5.865319607778474e-8,-0.8363152146339417],8,1.8020167350769044],[[767.8331298828125,237.1466827392578,45.632450103759769,-0.8256194591522217,-4.2474272987647058e-8,0.5642273426055908,-5.6358185673843766e-8,1,-7.188847295225287e-9,-0.5642273426055908,-3.773408252527588e-8,-0.8256194591522217],8,1.8133773803710938],[[768.0015869140625,237.1221466064453,45.7403450012207,-0.8176710605621338,-7.168635107746013e-8,0.5756857395172119,-6.849568023881148e-8,1,2.7236067623448436e-8,-0.5756857395172119,-1.7161839949153547e-8,-0.8176710605621338],8,1.8242979049682618],[[768.1138916015625,237.08876037597657,45.81227493286133,-0.7938773036003113,-9.075649387568774e-8,0.6080780029296875,-7.565475357296236e-8,1,5.04802102341273e-8,-0.6080780029296875,-5.928898705320762e-9,-0.7938773036003113],8,1.8340535163879395],[[768.2261962890625,237.041748046875,45.88420486450195,-0.7765792012214661,-1.1036463831715082e-7,0.6300196647644043,-8.215886992957167e-8,1,7.390526945982856e-8,-0.6300196647644043,5.63159519018086e-9,-0.7765792012214661],8,1.8443779945373536],[[768.4508056640625,237.9148712158203,46.0280647277832,-0.7259110808372498,-1.5006425257979573e-7,0.6877886056900024,-9.152534374834431e-8,1,1.215853302483083e-7,-0.6877886056900024,2.5310045614901356e-8,-0.7259110808372498],3,1.8613824844360352],[[768.6600341796875,238.7368927001953,46.191471099853519,-0.7549004554748535,-1.2192346332540183e-7,0.6558393836021423,-7.382719502402324e-8,1,1.0092604441069852e-7,-0.6558393836021423,2.777033891732117e-8,-0.7549004554748535],5,1.8847041130065919],[[768.89404296875,239.68777465820313,46.42827606201172,-0.6806061267852783,-9.408251600007134e-8,0.7326495051383972,-5.993322105268817e-8,1,7.273818880548788e-8,-0.7326495051383972,5.596016094955303e-9,-0.6806061267852783],5,1.8957738876342774],[[769.0208129882813,240.21743774414063,46.581939697265628,-0.5260371565818787,-7.628275255910921e-8,0.8504616022109985,-5.4096346957521749e-8,1,5.623542165267281e-8,-0.8504616022109985,-1.6424944959680944e-8,-0.5260371565818787],5,1.909825325012207],[[769.1292724609375,240.71644592285157,46.74832534790039,-0.470223993062973,-5.866379737540228e-8,0.8825470805168152,-4.902408079487941e-8,1,4.0350819574541677e-8,-0.8825470805168152,-2.429213807886299e-8,-0.470223993062973],5,1.922886610031128],[[769.2166748046875,241.18478393554688,46.919918060302737,-0.35524681210517886,-3.945407200944828e-8,0.9347725510597229,-4.538730991043849e-8,1,2.49583447242685e-8,-0.9347725510597229,-3.3560436207835667e-8,-0.35524681210517886],5,1.9342386722564698],[[769.2625122070313,241.47998046875,47.03477478027344,-0.22445262968540193,-2.431684542614221e-8,0.9744849801063538,-4.396100194981045e-8,1,1.4828019700985351e-8,-0.9744849801063538,-3.951114990741189e-8,-0.22445262968540193],5,1.952512502670288],[[769.324462890625,242.0294952392578,47.26324462890625,-0.19649378955364228,-3.202838438909339e-9,0.9805050492286682,-4.1860733546172926e-8,1,-5.1223967290070508e-9,-0.9805050492286682,-4.20511803156387e-8,-0.19649378955364228],5,1.9602603912353516],[[769.340576171875,242.2838134765625,47.376258850097659,-0.1016959398984909,1.0711477926861335e-8,0.9948155283927918,-4.129228159399645e-8,1,-1.4988442487151589e-8,-0.9948155283927918,-4.260246910803289e-8,-0.1016959398984909],5,1.9706809520721436],[[769.3463134765625,242.63975524902345,47.5433349609375,-0.09641658514738083,2.570300949855664e-8,0.9953410625457764,-4.0525627298393377e-8,1,-2.9748949970098694e-8,-0.9953410625457764,-4.320511237665414e-8,-0.09641658514738083],5,1.9806432723999024],[[769.3300170898438,242.9650421142578,47.70697784423828,-0.06605849415063858,4.188243352132304e-8,0.997815728187561,-3.9965037501588088e-8,1,-4.461992375581758e-8,-0.997815728187561,-