[[[776,222.69961547851563,47,1,4.550056686980497e-8,-2.8484460341642039e-13,-4.550056686980497e-8,1,-6.605981184293342e-8,2.818388426285845e-13,6.605981184293342e-8,1],8,0.005225419998168945],[[776,222.69961547851563,47,1,2.120620479217905e-8,-2.8398840896080859e-13,-2.120620479217905e-8,1,-3.07881258265752e-8,2.833355024125378e-13,3.07881258265752e-8,1],8,0.02192997932434082],[[776,222.69961547851563,47,1,-3.067402554179921e-9,-2.839955918002013e-13,3.067402554179921e-9,1,4.453431845519162e-9,2.8398193085282799e-13,-4.453431845519162e-9,1],8,0.038237571716308597],[[776,222.69961547851563,47,1,-2.7320266937636007e-8,-2.848576409475445e-13,2.7320266937636007e-8,1,3.9664886486434628e-8,2.8377398087614527e-13,-3.9664886486434628e-8,1],8,0.05825686454772949],[[776,222.69961547851563,47,1,-5.155241211696193e-8,-2.8657165616202686e-13,5.155241211696193e-8,1,7.484626252107773e-8,2.827131703655311e-13,-7.484626252107773e-8,1],8,0.08211398124694824],[[776,222.69961547851563,47,1,-5.524836765857799e-8,-2.8714915644920127e-13,5.524836765857799e-8,1,8.021221020726444e-8,2.827175613843297e-13,-8.021221020726444e-8,1],8,0.0917665958404541],[[776,222.69961547851563,47,1,-3.423320649176276e-8,-2.8600421185000226e-13,3.423320649176276e-8,1,4.970136657789226e-8,2.8430277338072076e-13,-4.970136657789226e-8,1],8,0.10956954956054688],[[776,222.69961547851563,47,1,-1.7437237431749965e-8,-2.8553263811507969e-13,1.7437237431749965e-8,1,2.5316145624287857e-8,2.850912052005522e-13,-2.5316145624287857e-8,1],8,0.1250767707824707],[[776,222.69961547851563,47,1,-4.849679324792078e-9,-2.8544666088280159e-13,4.849679324792078e-9,1,7.040900307231368e-9,2.854125356194226e-13,-7.040900307231368e-9,1],8,0.14207887649536134],[[776,222.69961547851563,47,1,1.6111659562056958e-8,-2.85813582003025e-13,-1.6111659562056958e-8,1,-2.3391823589236084e-8,2.854366862228147e-13,2.3391823589236084e-8,1],8,0.15833425521850587],[[776,222.69961547851563,47,1,4.960324417879747e-8,-2.877231872894237e-13,-4.960324417879747e-8,1,-7.201661844646878e-8,2.8415093086646417e-13,7.201661844646878e-8,1],8,0.1946094036102295],[[776,222.69961547851563,47,1,6.214783354607789e-8,-2.8885753381238668e-13,-6.214783354607789e-8,1,-9.022949853942919e-8,2.83249985966183e-13,9.022949853942919e-8,1],8,0.2067396640777588],[[776,222.69961547851563,47,1,6.437471000708683e-8,-2.8919043808944835e-13,-6.437471000708683e-8,1,-9.346258167397537e-8,2.831737936585116e-13,9.346258167397537e-8,1],8,0.21903252601623536],[[776,222.69961547851563,47,1,4.598740943606572e-8,-2.879310559509435e-13,-4.598740943606572e-8,1,-6.676691555185244e-8,2.8486062250351887e-13,6.676691555185244e-8,1],8,0.23422551155090333],[[776,222.69961547851563,47,1,2.7611896769030865e-8,-2.871923619057748e-13,-2.7611896769030865e-8,1,-4.008835929880661e-8,2.860854456977757e-13,4.008835929880661e-8,1],8,0.24478459358215333],[[776,222.69961547851563,47,1,9.248157795127554e-9,-2.869496361444096e-13,-9.248157795127554e-9,1,-1.3426896039447911e-8,2.868254678906057e-13,1.3426896039447911e-8,1],8,0.2669663429260254],[[776,222.69961547851563,47,1,-1.5218519777704388e-8,-2.8738833144845157e-13,1.5218519777704388e-8,1,2.2095152374390638e-8,2.8705206614465519e-13,-2.2095152374390638e-8,1],8,0.2747228145599365],[[776,222.69961547851563,47,1,-2.7444016836852826e-8,-2.8793319725023416e-13,2.7444016836852826e-8,1,3.984479590712908e-8,2.8683969804411959e-13,-3.984479590712908e-8,1],8,0.28326964378356936],[[776,222.69961547851563,47,1,-4.577246670578461e-8,-2.891564754563952e-13,4.577246670578461e-8,1,6.645504413427261e-8,2.861146649463242e-13,-6.645504413427261e-8,1],8,0.292651891708374],[[776,222.69961547851563,47,1,-5.7984909318520297e-8,-2.9024224972203085e-13,5.7984909318520297e-8,1,8.41857357158915e-8,2.853607378606321e-13,-8.41857357158915e-8,1],8,0.30264878273010256],[[776,222.69961547851563,47,1,-5.563187599477715e-8,-2.902608979993976e-13,5.563187599477715e-8,1,8.076946045321165e-8,2.8576753051574868e-13,-8.076946045321165e-8,1],8,0.3133833408355713],[[776,222.69961547851563,47,1,-4.7178193796071358e-8,-2.897265489586881e-13,4.7178193796071358e-8,1,6.849592182334163e-8,2.8649503017348645e-13,-6.849592182334163e-8,1],8,0.32541322708129885],[[776,222.69961547851563,47,1,-3.450444907571182e-8,-2.8910120825065279e-13,3.450444907571182e-8,1,5.0095447789999528e-8,2.8737269183211347e-13,-5.0095447789999528e-8,1],8,0.340498685836792],[[776,222.69961547851563,47,1,-1.761875267902724e-8,-2.886224245712832e-13,1.761875267902724e-8,1,2.5579819151744233e-8,2.8817174883323528e-13,-2.5579819151744233e-8,1],8,0.35271191596984866],[[776,222.69961547851563,47,1,-4.963949695735437e-9,-2.885338723588454e-13,4.963949695735437e-9,1,7.206843566365251e-9,2.884981207922077e-13,-7.206843566365251e-9,1],8,0.36551713943481448],[[776,222.69961547851563,47,1,3.4680802674103008e-9,-2.8860383050402507e-13,-3.4680802674103008e-9,1,-5.035266870123678e-9,2.8858637484904805e-13,5.035266870123678e-9,1],8,0.3760337829589844],[[776,222.69961547851563,47,1,1.610936983809097e-8,-2.889020132065129e-13,-1.610936983809097e-8,1,-2.3388627923282e-8,2.8852522584651987e-13,2.3388627923282e-8,1],8,0.39232754707336428],[[776,222.69961547851563,47,1,3.295182082752035e-8,-2.8965962657959145e-13,-3.295182082752035e-8,1,-4.784148188718973e-8,2.880831695157432e-13,4.784148188718973e-8,1],8,0.40286970138549807],[[776,222.69961547851563,47,1,4.136764886197852e-8,-2.9019245773725946e-13,-4.136764886197852e-8,1,-6.006007424730342e-8,2.8770790003879167e-13,6.006007424730342e-8,1],8,0.4131813049316406],[[776,222.69961547851563,47,1,5.398464963946026e-8,-2.9118382509872589e-13,-5.398464963946026e-8,1,-7.837817861400254e-8,2.8695261770038396e-13,7.837817861400254e-8,1],8,0.4249429702758789],[[776,222.69961547851563,47,1,7.079474073634629e-8,-2.928636608397206e-13,-7.079474073634629e-8,1,-1.0278406392671968e-7,2.8558709216919278e-13,1.0278406392671968e-7,1],8,0.4386131763458252],[[776,222.69961547851563,47,1,5.848857398405016e-8,-2.9182469700288207e-13,-5.848857398405016e-8,1,-8.49172252515018e-8,2.8685799395578029e-13,8.49172252515018e-8,1],8,0.4490525722503662],[[776,222.69961547851563,47,1,4.003918263606465e-8,-2.9073585986610919e-13,-4.003918263606465e-8,1,-5.8131277569373199e-8,2.884083217472716e-13,5.8131277569373199e-8,1],8,0.4609353542327881],[[776,222.69961547851563,47,1,2.160161649555903e-8,-2.901586306294779e-13,-2.160161649555903e-8,1,-3.136249659974055e-8,2.894811669020003e-13,3.136249659974055e-8,1],8,0.4726898670196533],[[776,222.69961547851563,47,1,9.31647026192195e-9,-2.900501019920121e-13,-9.31647026192195e-9,1,-1.3526170405953053e-8,2.8992409059451498e-13,1.3526170405953053e-8,1],8,0.48409104347229006],[[776,222.69961547851563,47,1,-9.101405851197342e-9,-2.9029851981478285e-13,9.101405851197342e-9,1,1.321403253484732e-8,2.901782546887999e-13,-1.321403253484732e-8,1],8,0.4962446689605713],[[776,222.69961547851563,47,1,-2.75074771849404e-8,-2.9103886726826458e-13,2.75074771849404e-8,1,3.993710251393168e-8,2.899402994169936e-13,-3.993710251393168e-8,1],8,0.5070750713348389],[[776,222.69961547851563,47,1,-5.2030557640136979e-8,-2.927892845706881e-13,5.2030557640136979e-8,1,7.554122305464262e-8,2.8885883485499366e-13,-7.554122305464262e-8,1],8,0.5231964588165283],[[776,222.69961547851563,47,1,-6.428424370596986e-8,-2.939909871536167e-13,6.428424370596986e-8,1,9.33318773377323e-8,2.879912020664621e-13,-9.33318773377323e-8,1],8,0.5331966876983643],[[776,222.69961547851563,47,1,-5.15668965306304e-8,-2.9310299846929679e-13,5.15668965306304e-8,1,7.486803355050142e-8,2.8924229005834747e-13,-7.486803355050142e-8,1],8,0.5445096492767334],[[776,222.69961547851563,47,1,-3.038942253397181e-8,-2.920568246880112e-13,3.038942253397181e-8,1,4.412124354757907e-8,2.9071599186129839e-13,-4.412124354757907e-8,1],8,0.5647063255310059],[[776,222.69961547851563,47,1,-2.1924767779069044e-8,-2.9181575233495906e-13,2.1924767779069044e-8,1,3.183172125886813e-8,2.911178513965301e-13,-3.183172125886813e-8,1],8,0.5749523639678955],[[776,222.69961547851563,47,1,-1.3463729686691295e-8,-2.9167824839443359e-13,1.3463729686691295e-8,1,1.9547448104617616e-8,2.9141508542211705e-13,-1.9547448104617616e-8,1],8,0.5835897922515869],[[776,222.69961547851563,47,1,3.447502727738083e-9,-2.917144607469946e-13,-3.447502727738083e-9,1,-5.005356129572647e-9,2.9169722193245209e-13,5.005356129572647e-9,1],8,0.599379301071167],[[776,222.69961547851563,47,1,1.1897698826146552e-8,-2.918880415148095e-13,-1.1897698826146552e-8,1,-1.7273892538582915e-8,2.916825309930149e-13,1.7273892538582915e-8,1],8,0.617135763168335],[[776,222.69961547851563,47,1,2.8787257022599989e-8,-2.9254552881725906e-13,-2.8787257022599989e-8,1,-4.1795242822217918e-8,2.9134236256139758e-13,4.1795242822217918e-8,1],8,0.6249630451202393],[[776,222.69961547851563,47,1,4.144495591162922e-8,-2.933096745084268e-13,-4.144495591162922e-8,1,-6.01725105298101e-8,2.908158468813843e-13,6.01725105298101e-8,1],8,0.6360206604003906],[[776,222.69961547851563,47,1,4.9878913443990316e-8,-2.9394794432736906e-13,-4.9878913443990316e-8,1,-7.24174782362752e-8,2.9033584347457066e-13,7.24174782362752e-8,1],8,0.6450417041778565],[[776,222.69961547851563,47,1,6.252309248111487e-8,-2.9509822862226755e-13,-6.252309248111487e-8,1,-9.077512430621937e-8,2.8942270129984906e-13,9.077512430621937e-8,1],8,0.6567783355712891],[[776,222.69961547851563,47,1,6.108238181923298e-8,-2.9505624289313805e-13,-6.108238181923298e-8,1,-8.868340017897936e-8,2.89639270683803e-13,8.868340017897936e-8,1],8,0.6669261455535889],[[776,222.69961547851563,47,1,4.412871135173191e-8,-2.9394840511329236e-13,-4.412871135173191e-8,1,-6.406894215160719e-8,2.911211311081019e-13,6.406894215160719e-8,1],8,0.6778287887573242],[[776,222.69961547851563,47,1,3.2832296881224468e-8,-2.934549847045942e-13,-3.2832296881224468e-8,1,-4.766806327438644e-8,2.9188991176355707e-13,4.766806327438644e-8,1],8,0.6886711120605469],[[776,222.69961547851563,47,1,1.5896729266273725e-8,-2.930668403268444e-13,-1.5896729266273725e-8,1,-2.3079881117382685e-8,2.926999463116753e-13,2.3079881117382685e-8,1],8,0.6987440586090088],[[776,222.69961547851563,47,1,-1.0279845863436777e-9,-2.9309624931077307e-13,1.0279845863436777e-9,1,1.4925471969462479e-9,2.9309470432267728e-13,-1.4925471969462479e-9,1],8,0.7121739387512207],[[776,222.69961547851563,47,1,-1.794185244818891e-8,-2.935412600924697e-13,1.794185244818891e-8,1,2.6049230328339946e-8,2.9307388764096556e-13,-2.6049230328339946e-8,1],8,0.7252616882324219],[[776,222.69961547851563,47,1,-3.484488075855552e-8,-2.9440086978492488e-13,3.484488075855552e-8,1,5.059017738062721e-8,2.926380654726807e-13,-5.059017738062721e-8,1],8,0.7360310554504395],[[776,222.69961547851563,47,1,-5.736540131806578e-8,-2.9619045389082945e-13,5.736540131806578e-8,1,8.328698442028326e-8,2.9141267307228327e-13,-8.328698442028326e-8,1],8,0.7550258636474609],[[776,222.69961547851563,47,1,-4.987315449511698e-8,-2.9584475602813245e-13,4.987315449511698e-8,1,7.240922883511303e-8,2.922334954320177e-13,-7.240922883511303e-8,1],8,0.7734460830688477],[[776,222.69961547851563,47,1,-2.8026219567323097e-8,-2.94830810156424e-13,2.8026219567323097e-8,1,4.069037018439303e-8,2.936904192063494e-13,-4.069037018439303e-8,1],8,0.7880597114562988],[[776,222.69961547851563,47,1,-1.492926138269013e-8,-2.945501373190218e-13,1.492926138269013e-8,1,2.1675308659041549e-8,2.942265571806435e-13,-2.1675308659041549e-8,1],8,0.802255392074585],[[775.902099609375,222.69961547851563,46.97526550292969,0.99657142162323,-1.3404747312151244e-9,0.08273709565401077,1.109303759960767e-9,1,2.8400122253913197e-9,-0.08273709565401077,-2.738494320198015e-9,0.99657142162323],8,0.8302721977233887],[[775.525634765625,222.69961547851563,46.87240982055664,0.9493800401687622,3.0555895591533047e-8,0.3141297698020935,-1.832973772764035e-8,1,-4.1874443468259417e-8,-0.3141297698020935,3.399684445071216e-8,0.9493800401687622],8,0.8544187545776367],[[775.206787109375,222.69961547851563,46.77519607543945,0.8826015591621399,6.22543154804589e-8,0.4701217710971832,-2.5560792593637417e-8,1,-8.443412014003116e-8,-0.4701217710971832,6.250500206306242e-8,0.8826015591621399],8,0.8613975048065186],[[775.0797729492188,222.69961547851563,46.73451614379883,0.8542041778564453,7.603350837825929e-8,0.5199376940727234,-2.685797007018209e-8,1,-1.0211092416057e-7,-0.5199376940727234,7.325910900135568e-8,0.8542041778564453],8,0.8699812889099121],[[774.7003173828125,222.69961547851563,46.60817337036133,0.7693018913269043,5.192911345375251e-8,0.6388854384422302,-9.859662419842153e-9,1,-6.940846475345097e-8,-0.6388854384422302,4.709686862724993e-8,0.7693018913269043],8,0.8951475620269775],[[774.5755004882813,222.69961547851563,46.56137466430664,0.7431991100311279,3.867606679364144e-8,0.669070303440094,-5.19721332636891e-9,1,-5.203265018849379e-8,-0.669070303440094,3.5193320258031238e-8,0.7431991100311279],8,0.9064042568206787],[[774.3899536132813,222.69961547851563,46.48667907714844,0.7090567946434021,1.8177457761225925e-8,0.705151379108429,-2.3778778945882097e-10,1,-2.5538987813433779e-8,-0.705151379108429,1.7940916308134548e-8,0.7090567946434021],8,0.914031982421875],[[774.3284301757813,222.69961547851563,46.4609375,0.698695957660675,1.1204020822219718e-8,0.7154187560081482,9.97910531985724e-10,1,-1.6635372190876298e-8,-0.7154187560081482,1.2336990096173395e-8,0.698695957660675],8,0.9235799312591553],[[774.1453247070313,222.69961547851563,46.380428314208987,0.6705816984176636,-1.0062930932974723e-8,0.7418357133865356,3.7172094291548776e-9,1,1.0204736611285626e-8,-0.7418357133865356,-4.08555100861463e-9,0.6705816984176636],8,0.932415246963501],[[774.0242309570313,222.69961547851563,46.32470703125,0.6539846658706665,-2.449223757139407e-8,0.7565078139305115,4.869579406374669e-9,1,2.8165747067987469e-8,-0.7565078139305115,-1.4736091458189549e-8,0.6539846658706665],8,0.9431247711181641],[[773.7237548828125,222.69961547851563,46.180328369140628,0.6181656718254089,-6.12538002542351e-8,0.7860478162765503,6.048300082994729e-9,1,7.316977956861592e-8,-0.7860478162765503,-4.0476788143450906e-8,0.6181656718254089],8,0.9619863033294678],[[773.1904296875,222.69961547851563,45.905391693115237,0.5697924494743347,-6.823132281397193e-8,0.8217886686325073,1.852043296501904e-9,1,8.174369270363968e-8,-0.8217886686325073,-4.50549535457867e-8,0.5697924494743347],8,0.9970269203186035],[[772.954345703125,222.69961547851563,45.781341552734378,0.5541039109230042,-3.736435161272311e-8,0.8324475288391113,-5.034523353764087e-10,1,4.522004815044056e-8,-0.8324475288391113,-2.5475701548316466e-8,0.5541039109230042],8,1.0129766464233399],[[772.83642578125,222.69961547851563,45.719200134277347,0.5477213263511658,-2.184604852573102e-8,0.8366608023643494,-1.28291688383797e-9,1,2.695086109838485e-8,-0.8366608023643494,-1.583492981183099e-8,0.5477213263511658],8,1.0224330425262452],[[772.718505859375,222.69961547851563,45.65705108642578,0.5419947504997253,-6.282343978369909e-9,0.8403818607330322,-1.8712826843625409e-9,1,8.682444985197435e-9,-0.8403818607330322,-6.27843155243113e-9,0.5419947504997253],8,1.0309975147247315],[[772.6005859375,222.69961547851563,45.59490203857422,0.536736786365509,9.321274418994108e-9,0.8437497615814209,-2.302059654013533e-9,1,-9.583024151993414e-9,-0.8437497615814209,3.2011990835911776e-9,0.536736786365509],8,1.0399961471557618],[[772.4237060546875,222.69961547851563,45.501678466796878,0.5294976830482483,3.2792694781846879e-8,0.8483113646507263,-2.697647438765216e-9,1,-3.697262229707121e-8,-0.8483113646507263,1.728847287552071e-8,0.5294976830482483],8,1.0515503883361817],[[772.1878662109375,222.69961547851563,45.37738037109375,0.5208316445350647,6.419526243917062e-8,0.8536593914031982,-2.8344391278523064e-9,1,-7.347075126062919e-8,-0.8536593914031982,3.584624863606223e-8,0.5208316445350647],8,1.0704777240753174],[[772.0699462890625,222.69961547851563,45.31523132324219,0.5169464349746704,7.993678252660175e-8,0.8560177683830261,-2.7709421424049198e-9,1,-9.170879167186286e-8,-0.8560177683830261,4.5036557594357876e-8,0.5169464349746704],8,1.0792639255523682],[[771.89306640625,222.69961547851563,45.222007751464847,0.5116710066795349,1.0359107704971393e-7,0.8591814637184143,-2.5503605893817395e-9,1,-1.1905067509587752e-7,-0.8591814637184143,5.8723557572193388e-8,0.5116710066795349],8,1.0895087718963624],[[771.7752685546875,222.69961547851563,45.15955352783203,0.508577823638916,8.760767400417535e-8,0.861016035079956,-1.7010046704513116e-9,1,-1.0074444389829296e-7,-0.861016035079956,4.97717955738608e-8,0.508577823638916],8,1.1000392436981202],[[771.5396728515625,223.56251525878907,45.03455352783203,0.5025334358215332,5.5590682279671458e-8,0.8645578026771545,-2.696876888474975e-10,1,-6.41427959635621e-8,-0.8645578026771545,3.2000738059423386e-8,0.5025334358215332],3,1.115083932876587],[[771.36328125,224.17391967773438,44.94023132324219,0.4989566206932068,3.1539691747184409e-8,0.8666269779205322,5.380261791643193e-10,1,-3.6703383443636997e-8,-0.8666269779205322,1.877966404606468e-8,0.4989566206932068],5,1.139035940170288],[[770.8948364257813,225.6544647216797,44.68532180786133,0.4929244816303253,-3.266923442879488e-8,0.870072066783905,2.0300143788176685e-9,1,3.6397661773435178e-8,-0.870072066783905,-1.6175039974086759e-8,0.4929244816303253],5,1.1603751182556153],[[770.6629638671875,226.31298828125,44.5535774230957,0.4924239218235016,-6.478146730160006e-8,0.870355486869812,2.7052340367816898e-9,1,7.290049808261756e-8,-0.870355486869812,-3.3543432920168928e-8,0.4924239218235016],5,1.1775333881378174],[[770.4323120117188,226.91700744628907,44.41975402832031,0.49342015385627749,-9.686113600082536e-8,0.8697910904884338,3.5155502953188035e-9,1,1.0936705052699836e-7,-0.8697910904884338,-5.090611310265558e-8,0.49342015385627749],5,1.193805456161499],[[770.2030029296875,227.46652221679688,44.283634185791019,0.49550455808639529,-1.2889037748209376e-7,0.8686053156852722,4.5445731622351108e-9,1,1.4579524076907547e-7,-0.8686053156852722,-6.829476717484795e-8,0.49550455808639529],5,1.2107012271881104],[[769.97509765625,227.9615478515625,44.145118713378909,0.4985656142234802,-1.2905609025892773e-7,0.8668519854545593,4.777796824839697e-9,1,1.4613111432026927e-7,-0.8668519854545593,-6.87143071331775e-8,0.4985656142234802],5,1.2276496887207032],[[769.5783081054688,228.69668579101563,43.899559020996097,0.5050045251846314,-7.382462996474715e-8,0.8631166815757752,3.1584057591516059e-9,1,8.368465387320612e-8,-0.8631166815757752,-3.953505611775654e-8,0.5050045251846314],5,1.2563831806182862],[[769.35205078125,229.0418243408203,43.7584228515625,0.5084563493728638,-4.237557149622262e-8,0.8610877990722656,1.955632100703042e-9,1,4.8056911339244837e-8,-0.8610877990722656,-2.2750869632659488e-8,0.5084563493728638],5,1.2726211547851563],[[769.2955322265625,229.11959838867188,43.72304916381836,0.509264349937439,-3.4525431402698817e-8,0.8606101274490356,1.6239289912789446e-9,1,3.9156432762865737e-8,-0.8606101274490356,-1.854340503371077e-8,0.509264349937439],5,1.2791082859039307],[[769.0696411132813,229.39662170410157,43.581424713134769,0.5122931599617004,-3.17087689438722e-9,0.8588106632232666,1.88069795847845e-10,1,3.579985863311208e-9,-0.8588106632232666,-1.6724859275285553e-9,0.5122931599617004],5,1.2956023216247559],[[768.7308959960938,229.7099609375,43.368953704833987,0.5162344574928284,4.373078965613786e-8,0.8564473390579224,-2.2408284117148016e-9,1,-4.971000322484542e-8,-0.8564473390579224,2.374286367512468e-8,0.5162344574928284],5,1.3197457790374756],[[768.5050659179688,229.85073852539063,43.2273063659668,0.5184022188186646,7.491853182273189e-8,0.8551369309425354,-3.993583241879151e-9,1,-8.518898653164797e-8,-0.8551369309425354,4.074709636370244e-8,0.5184022188186646],5,1.3379263877868653],[[768.2227783203125,229.95005798339845,43.05024719238281,0.520652711391449,1.138232903485914e-7,0.8537685871124268,-6.283391584815945e-9,1,-1.2948687810876437e-7,-0.8537685871124268,6.205313241025579e-8,0.520652711391449],5,1.3568768501281739],[[767.8275756835938,229.946044921875,42.802364349365237,0.523224413394928,1.2074507083070785e-7,0.8521949648857117,-6.940831465129804e-9,1,-1.3742567261942896e-7,-0.8521949648857117,6.598952495551203e-8,0.523224413394928],5,1.3888757228851319],[[767.658203125,229.8932342529297,42.696128845214847,0.5241192579269409,9.662931432785627e-8,0.8516448736190796,-5.646234590983568e-9,1,-1.0998716959420563e-7,-0.8516448736190796,5.2837808794947708e-8,0.5241192579269409],5,1.4057161808013917],[[767.4888305664063,229.8097686767578,42.58989334106445,0.5248790383338928,7.253893130609868e-8,0.8511768579483032,-4.301085709812469e-9,1,-8.256966310682401e-8,-0.8511768579483032,3.9678099028606087e-8,0.5248790383338928],5,1.411221981048584],[[767.3759155273438,229.73709106445313,42.51906967163086,0.5253314971923828,5.649210521596615e-8,0.8508976697921753,-3.3829568035770309e-9,1,-6.430259702483454e-8,-0.8508976697921753,3.0901627923185518e-8,0.5253314971923828],5,1.4192776679992676],[[767.2630004882813,229.65078735351563,42.448246002197269,0.5257464647293091,4.045562818077997e-8,0.8506413102149963,-2.4505442119959754e-9,1,-4.604439141076e-8,-0.8506413102149963,2.2123144205465907e-8,0.5257464647293091],5,1.4305591583251954],[[767.0936279296875,229.49578857421876,42.342010498046878,0.5263158679008484,1.6419734905070983e-8,0.8502891063690186,-1.0296646868468429e-9,1,-1.8673420143500153e-8,-0.8502891063690186,8.952604879652882e-9,0.5263158679008484],5,1.4545364379882813],[[766.8113403320313,229.16934204101563,42.16495132446289,0.527157187461853,-2.3591567810399284e-8,0.849767804145813,1.3868753923063082e-9,1,2.690201483801502e-8,-0.849767804145813,-1.3003067955708048e-8,0.527157187461853],5,1.4620022773742676],[[766.697998046875,229.01490783691407,42.0947151184082,0.5272395014762878,-3.9580328348165497e-8,0.8497167229652405,2.357223971571898e-9,1,4.511798579187598e-8,-0.8497167229652405,-2.178501112837239e-8,0.5272395014762878],5,1.4710547924041749],[[766.5275268554688,228.75772094726563,41.990116119384769,0.5269437432289124,-6.355183757023042e-8,0.8499001264572144,3.7851299872215808e-9,1,7.242884692004736e-8,-0.8499001264572144,-3.494894684763494e-8,0.5269437432289124],5,1.4806451797485352],[[766.413330078125,228.56922912597657,41.92121124267578,0.5263896584510803,-7.952779412789823e-8,0.8502434492111206,4.694644673008952e-9,1,9.062884487320844e-8,-0.8502434492111206,-4.37144933584932e-8,0.5263896584510803],5,1.491119384765625],[[766.241455078125,228.2609405517578,41.818939208984378,0.5250396132469177,-1.0349027235179165e-7,0.8510777950286865,5.963693539001724e-9,1,1.1792000265131719e-7,-0.8510777950286865,-5.683710213588711e-8,0.5250396132469177],5,1.5065791606903077],[[766.0692138671875,227.92201232910157,41.71735382080078,0.5233859419822693,-1.2745564959004697e-7,0.8520957827568054,7.128985846094338e-9,1,1.4520016122787639e-7,-0.8520957827568054,-6.992114265358396e-8,0.5233859419822693],5,1.5166873931884766],[[765.7225952148438,227.15216064453126,41.51769256591797,0.518746018409729,-1.1225927920577306e-7,0.8549284338951111,5.657101009859389e-9,1,1.2787582193141135e-7,-0.8549284338951111,-6.149866038640539e-8,0.518746018409729],5,1.542083978652954],[[765.3135986328125,226.09902954101563,41.2929801940918,0.5104106068611145,-5.761205557064386e-8,0.8599308133125305,2.035604795835866e-9,1,6.578792266509481e-8,-0.8599308133125305,-3.182837104986902e-8,0.5104106068611145],5,1.5677237510681153],[[765.0178833007813,225.24459838867188,41.170082092285159,0.41503724455833437,-1.7825678710892136e-8,0.9098044037818909,-3.639533785460003e-9,1,2.1253162785228598e-8,-0.9098044037818909,-1.2132118420993266e-8,0.41503724455833437],5,1.591562032699585],[[764.843505859375,225.1400909423828,41.1833381652832,0.31722718477249148,1.5189698387985119e-8,0.9483495950698853,-3.909335077878495e-9,1,-1.4709291562553517e-8,-0.9483495950698853,9.587711735647986e-10,0.31722718477249148],7,1.6136221885681153],[[764.7003173828125,225.13803100585938,41.236549377441409,0.22517168521881104,4.901286132508176e-8,0.9743191003799439,2.488323158633676e-10,1,-5.036223882370905e-8,-0.9743191003799439,1.1582592662762181e-8,0.22517168521881104],7,1.6205368041992188],[[764.6175537109375,225.1379852294922,41.269981384277347,0.182461217045784,6.613332459437516e-8,0.9832130670547485,3.695207251297461e-9,1,-6.794819995548096e-8,-0.9832130670547485,1.603108756853544e-8,0.182461217045784],7,1.629640817642212],[[764.5725708007813,225.1379852294922,41.288883209228519,0.16209101676940919,7.473136776070533e-8,0.986775815486908,5.701918048828247e-9,1,-7.666949386475608e-8,-0.986775815486908,1.8053951222896104e-8,0.16209101676940919],7,1.6387903690338135],[[764.4302368164063,225.1379852294922,41.35142517089844,0.10311190783977509,1.0063733668630448e-7,0.9946697354316711,1.2857301889823703e-8,1,-1.0250947468648519e-7,-0.9946697354316711,2.335871762682018e-8,0.10311190783977509],8,1.6488044261932374],[[764.2832641601563,225.1379852294922,41.41861343383789,0.047822292894124988,1.0869151623182916e-7,0.9988558888435364,1.870911958690158e-8,1,-1.0971175612439765e-7,-0.9988558888435364,2.393438158776462e-8,0.047822292894124988],8,1.6592447757720948],[[764.1793823242188,225.0982666015625,41.46929168701172,0.012801505625247956,9.010596357938994e-8,0.9999180436134338,1.8445993177351739e-8,1,-9.034950920749907e-8,-0.9999180436134338,1.9601090528453825e-8,0.012801505625247956],8,1.6694860458374024],[[764.0165405273438,225.0020294189453,41.552425384521487,-0.0372130386531353,6.220734860562516e-8,0.9993073344230652,1.6272416303309e-8,1,-6.164449928292015e-8,-0.9993073344230652,1.39671660903673e-8,-0.0372130386531353],8,1.6806602478027344],[[763.9096069335938,224.92083740234376,41.60878372192383,-0.06859444081783295,4.3616090295017787e-8,0.9976446032524109,1.3724864800224168e-8,1,-4.277539389363483e-8,-0.9976446032524109,1.0758383517384118e-8,-0.06859444081783295],8,1.6946117877960206],[[763.691650390625,224.7175750732422,41.73063278198242,-0.12847645580768586,6.50717213446228e-9,0.9917125701904297,6.3507390457573369e-9,1,-5.738811648114961e-9,-0.9917125701904297,5.560805149684711e-9,-0.12847645580768586],8,1.7054717540740967],[[763.527587890625,225.36985778808595,41.82303237915039,-0.1726660430431366,-2.121734610227577e-8,0.9849804043769836,-1.0117626736416697e-9,1,2.1363520730233178e-8,-0.9849804043769836,2.6921880280639245e-9,-0.1726660430431366],3,1.7218952178955079],[[763.3580932617188,225.99148559570313,41.92421340942383,-0.21187682449817658,-4.881659876332378e-8,0.9772963523864746,-9.708929660234844e-9,1,4.784577356531372e-8,-0.9772963523864746,6.489087600591859e-10,-0.21187682449817658],5,1.744307041168213],[[763.076171875,226.9593963623047,42.10169219970703,-0.2700847089290619,-9.449659899019025e-8,0.9628365635871887,-2.6656040930106429e-8,1,9.066670259016974e-8,-0.9628365635871887,-1.1777221420317119e-9,-0.2700847089290619],5,1.7524759769439698],[[762.9652099609375,227.32272338867188,42.17559814453125,-0.2916047275066376,-1.1264465626936726e-7,0.9565389156341553,-3.418710647906664e-8,1,1.0734068212059356e-7,-0.9565389156341553,-1.4002466963702887e-9,-0.2916047275066376],5,1.7629780769348145],[[762.8553466796875,227.67242431640626,42.25114059448242,-0.31197428703308108,-1.3071792182017817e-7,0.9500905275344849,-4.206918902127654e-8,1,1.2377074654068566e-7,-0.9500905275344849,-1.3562484468820913e-9,-0.31197428703308108],5,1.7726387977600098],[[762.6917114257813,228.1714324951172,42.36618423461914,-0.3408096432685852,-1.5768384287184745e-7,0.9401323199272156,-5.451309093018608e-8,1,1.4796347613810213e-7,-0.9401323199272156,-8.22140688860884e-10,-0.3408096432685852],5,1.7820086479187012],[[762.5291748046875,228.6397705078125,42.48270034790039,-0.36749550700187685,-1.323720795198824e-7,0.9300252795219421,-4.899418826198598e-8,1,1.2297185492116115e-7,-0.9300252795219421,-3.742370580095411e-10,-0.36749550700187685],5,1.7941617965698243],[[762.3139038085938,229.21653747558595,42.6400260925293,-0.39995405077934267,-9.887134666541897e-8,0.9165351986885071,-3.996911246417767e-8,1,9.043355930771213e-8,-0.9165351986885071,-4.6382991891746885e-10,-0.39995405077934267],5,1.8113889694213868],[[762.207275390625,229.48448181152345,42.7200813293457,-0.4149799644947052,-8.22274230927178e-8,0.9098305702209473,-3.483232191570096e-8,1,7.448937111576015e-8,-0.9098305702209473,-7.799168533217937e-10,-0.4149799644947052],5,1.8242466449737549],[[762.0491333007813,229.86085510253907,42.84254455566406,-0.436496376991272,-5.73935352576882e-8,0.8997060060501099,-2.646159025232464e-8,1,5.095347432870767e-8,-0.8997060060501099,-1.5666467012565022e-9,-0.436496376991272],5,1.8344428539276124],[[761.8922729492188,230.20657348632813,42.966583251953128,-0.45666033029556277,-3.271814108529725e-8,0.8896411061286926,-1.7350002323723858e-8,1,2.7870882490788064e-8,-0.8896411061286926,-2.70775069033391e-9,-0.45666033029556277],5,1.8455345630645753],[[761.7359619140625,230.52163696289063,43.091339111328128,-0.47509512305259707,-8.197618583949407e-9,0.8799344301223755,-7.567898308025179e-9,1,5.230101685071986e-9,-0.8799344301223755,-4.174460777051081e-9,-0.47509512305259707],5,1.8560993671417237],[[761.6320190429688,230.7146453857422,43.17485046386719,-0.4863591194152832,8.066643353288328e-9,0.8737590312957764,-7.228506682110947e-10,1,-9.634473663311383e-9,-0.8737590312957764,-5.317413176442187e-9,-0.4863591194152832],5,1.866485595703125],[[761.5282592773438,230.89402770996095,43.258583068847659,-0.49681365489959719,2.4267846399084193e-8,0.8678572177886963,6.345362013604472e-9,1,-2.4330480741241446e-8,-0.8678572177886963,-6.580848310733245e-9,-0.49681365489959719],5,1.8763935565948487],[[761.3726196289063,231.13755798339845,43.38426208496094,-0.5111837387084961,4.845726664370886e-8,0.8594714403152466,1.7308391164760907e-8,1,-4.608588000110103e-8,-0.8594714403152466,-8.68228333672505e-9,-0.5111837387084961],5,1.8869431018829346],[[761.2169799804688,231.35043334960938,43.509952545166019,-0.5240592956542969,7.25191355854804e-8,0.8516817688941956,2.862888059951274e-8,1,-6.753215586741135e-8,-0.8516817688941956,-1.1008157052572188e-8,-0.5240592956542969],5,1.8978736400604249],[[761.0094604492188,231.58657836914063,43.67753982543945,-0.5391654968261719,1.0441880959888295e-7,0.8421998620033264,4.415858256834326e-8,1,-9.57136592205643e-8,-0.8421998620033264,-1.4415148186230909e-8,-0.5391654968261719],5,1.9183883666992188],[[760.8019409179688,231.76821899414063,43.84512710571289,-0.552153468132019,1.3612715576982738e-7,0.8337424993515015,6.00504748149433e-8,1,-1.2350345457434742e-7,-0.8337424993515015,-1.812622407726394e-8,-0.552153468132019],5,1.9334666728973389],[[760.5425415039063,231.91864013671876,44.05461120605469,-0.5658622980117798,1.5770123695801886e-7,0.824499785900116,7.211735919554485e-8,1,-1.417741373188619e-7,-0.824499785900116,-2.076388661009787e-8,-0.5658622980117798],5,1.951859474182129],[[760.2831420898438,231.98390197753907,44.264095306396487,-0.5771666169166565,1.0806040506849968e-7,0.8166264295578003,5.104399747324351e-8,1,-9.624904606653218e-8,-0.8166264295578003,-1.386785797308221e-8,-0.5771666169166565],5,1.9749798774719239],[[759.9718627929688,231.94981384277345,44.51547622680664,-0.5881566405296326,4.883135673594552e-8,0.8087470531463623,2.4558623579196138e-8,1,-4.2518909282307507e-8,-0.8087470531463623,-5.146064907535219e-9,-0.5881566405296326],5,1.9982683658599854],[[759.7116088867188,231.82772827148438,44.7237548828125,-0.5949500203132629,-2.849905311741452e-10,0.803762674331665,1.7720018785638559e-9,1,1.6662170532200094e-9,-0.803762674331665,2.4155848432627637e-9,-0.5949500203132629],5,2.0268542766571047],[[759.4965209960938,231.6687469482422,44.86637878417969,-0.5391680002212524,-3.986408358969129e-8,0.8421982526779175,-1.4832388650631856e-8,1,3.783780755384214e-8,-0.8421982526779175,7.909122246019252e-9,-0.5391680002212524],5,2.061413526535034],[[759.0346069335938,231.1873016357422,45.03678512573242,-0.3741021454334259,-1.2202161769891973e-7,0.927387535572052,-3.39780008573598e-8,1,1.1786914910771884e-7,-0.927387535572052,1.2584328246134647e-8,-0.3741021454334259],5,2.0756516456604006],[[758.7254028320313,230.7756805419922,45.06524658203125,-0.2824394702911377,-1.3934349851751905e-7,0.9592851400375366,-3.021688854687454e-8,1,1.363609811733113e-7,-0.9592851400375366,9.527109767759612e-9,-0.2824394702911377],5,2.087949275970459],[[758.533203125,230.4878387451172,45.053306579589847,-0.23483528196811677,-1.1764306151462734e-7,0.9720351696014404,-2.119279329804158e-8,1,1.15907575093388e-7,-0.9720351696014404,6.6190484204753378e-9,-0.23483528196811677],5,2.1020655632019045],[[758.4027099609375,230.27890014648438,45.03378677368164,-0.20602446794509889,-1.030925176337405e-7,0.9785468578338623,-1.6265911284563118e-8,1,1.0192801624953063e-7,-0.9785468578338623,5.08270936450117e-9,-0.20602446794509889],5,2.1093978881835939],[[758.3372192382813,230.16932678222657,45.022212982177737,-0.19241830706596375,-9.579758142308492e-8,0.9813129901885986,-1.408946115333265e-8,1,9.485914631568449e-8,-0.9813129901885986,4.426464972340227e-9,-0.19241830706596375],5,2.116610288619995],[[758.1407470703125,229.82017517089845,44.98507308959961,-0.15345606207847596,-7.38508987296882e-8,0.9881554841995239,-8.488472147405446e-9,1,7.341789398651599e-8,-0.9881554841995239,2.878490557023383e-9,-0.15345606207847596],5,2.128737688064575],[[757.8795776367188,229.30694580078126,44.93131637573242,-0.10471141338348389,-4.4483634553671439e-8,0.9945026636123657,-2.919139596713194e-9,1,4.442217260702819e-8,-0.9945026636123657,1.7484164116510215e-9,-0.10471141338348389],5,2.143925428390503],[[757.7492065429688,229.02989196777345,44.90328598022461,-0.08220022171735764,-2.9771534570954829e-8,0.9966158270835877,-8.907077853059775e-10,1,2.979916402523486e-8,-0.9966158270835877,1.5618044635345996e-9,-0.08220022171735764],5,2.1545820236206056],[[757.6192626953125,228.7392120361328,44.87330627441406,-0.06072170287370682,-1.5049282708901047e-8,0.9981547594070435,6.922200590508965e-10,1,1.5119214324954556e-8,-0.9981547594070435,1.6090071497387726e-9,-0.06072170287370682],5,2.16390323638916],[[757.4249267578125,228.27764892578126,44.825843811035159,-0.029816970229148866,7.041734750856676e-9,0.9995553493499756,2.3080464206515218e-9,1,-6.976017541404644e-9,-0.9995553493499756,2.0990165161549614e-9,-0.029816970229148866],5,2.174759864807129],[[757.2311401367188,227.78543090820313,44.776275634765628,-0.0007006355444900692,2.912785745934343e-8,0.9999997615814209,3.0896143421443868e-9,1,-2.912569918578356e-8,-0.9999997615814209,3.069211995665455e-9,-0.0007006355444900692],5,2.185943365097046],[[757.1027221679688,227.4402618408203,44.74047088623047,0.018155982717871667,4.384286000913562e-8,0.999835193157196,3.174028151420316e-9,1,-4.390772545548316e-8,-0.999835193157196,3.9706975485387378e-9,0.018155982717871667],5,2.2079577445983888],[[756.719482421875,226.32296752929688,44.62571716308594,0.07331476360559464,8.790541983216826e-8,0.9973088502883911,1.3941847676335329e-9,1,-8.824511610328045e-8,-0.9973088502883911,7.86010723174968e-9,0.07331476360559464],5,2.2179064750671388],[[756.59326171875,225.9232940673828,44.58280563354492,0.09126926958560944,1.0255422466798336e-7,0.995826244354248,1.452042375227336e-10,1,-1.0299736885599487e-7,-0.995826244354248,9.545096268936959e-9,0.09126926958560944],5,2.2279419898986818],[[756.4679565429688,225.50999450683595,44.537269592285159,0.10888136923313141,1.1717849446313267e-7,0.9940547347068787,-1.4071649401259379e-9,1,-1.1772518604402649e-7,-0.9940547347068787,1.1419284184910339e-8,0.10888136923313141],5,2.2388384342193605],[[756.2811889648438,224.864501953125,44.46568298339844,0.1348830908536911,1.390625499197995e-7,0.9908615350723267,-4.3118562054189628e-9,1,-1.3975812862554449e-7,-0.9908615350723267,1.4578559692779436e-8,0.1348830908536911],5,2.2496190071105959],[[756.0964965820313,224.18833923339845,44.389007568359378,0.16088047623634339,1.608747481895989e-7,0.9869738817214966,-7.96622856569229e-9,1,-1.6169944672128623e-7,-0.9869738817214966,1.8151830261103897e-8,0.16088047623634339],5,2.2607650756835939],[[755.9834594726563,224.0703582763672,44.34002685546875,0.1777656227350235,1.3050281211235416e-7,0.9840728640556336,-8.208758117689286e-9,1,-1.3113213981341688e-7,-0.9840728640556336,1.5232762606842699e-8,0.1777656227350235],7,2.27622389793396],[[755.7713012695313,224.05142211914063,44.24407196044922,0.21054303646087647,6.998831736382272e-8,0.9775846004486084,-6.621344805779472e-9,1,-7.016706859985789e-8,-0.9775846004486084,8.300255593951534e-9,0.21054303646087647],7,2.2865707874298097],[[755.3848876953125,224.05104064941407,44.0567626953125,0.2655494511127472,-3.508002421881429e-8,0.964097261428833,2.368211626802008e-9,1,3.573410012336353e-8,-0.964097261428833,-7.205990915082339e-9,0.2655494511127472],8,2.317399263381958],[[755.2127685546875,223.98265075683595,43.965126037597659,0.2879520058631897,-7.974744420380375e-8,0.9576448202133179,8.48786729790163e-9,1,8.072235146983076e-8,-0.9576448202133179,-1.5115807272536587e-8,0.2879520058631897],8,2.326096296310425],[[755.0967407226563,223.9150848388672,43.90108871459961,0.3021261692047119,-9.173908210868831e-8,0.9532679319381714,1.1147298195623989e-8,1,9.270340939337984e-8,-0.9532679319381714,-1.7381763584012334e-8,0.3021261692047119],8,2.3354740142822267],[[754.9807739257813,223.83389282226563,43.835655212402347,0.3157288432121277,-8.606063772731432e-8,0.9488494396209717,1.1726900339681379e-8,1,8.679787555365692e-8,-0.9488494396209717,-1.6277530434649635e-8,0.3157288432121277],8,2.3447811603546144],[[754.5792846679688,223.4424285888672,43.59929275512695,0.36239007115364077,-6.634793692228414e-8,0.9320265054702759,1.2882887645560004e-8,1,6.61776269339498e-8,-0.9320265054702759,-1.197492061066896e-8,0.36239007115364077],8,2.3723013401031496],[[754.4646606445313,223.8841094970703,43.53158187866211,0.3755514323711395,-6.0764804743485e-8,0.9268015623092651,1.2975460705888509e-8,1,6.030617072383393e-8,-0.9268015623092651,-1.0622390966830153e-8,0.3755514323711395],3,2.3841593265533449],[[754.292724609375,224.5261688232422,43.430015563964847,0.395141065120697,-5.2433552610864356e-8,0.9186204671859741,1.2917230840514549e-8,1,5.1522285104965707e-8,-0.9186204671859741,-8.492536451853994e-9,0.395141065120697],3,2.406628370285034],[[754.0140380859375,225.5281524658203,43.24742126464844,0.4237751364707947,-3.8662577139803037e-8,0.9057674407958984,1.2133280158366233e-8,1,3.700817075014129e-8,-0.9057674407958984,-4.693211153039556e-9,0.4237751364707947],5,2.414259672164917],[[753.9036865234375,225.90509033203126,43.17252731323242,0.43410414457321169,-3.319252428468644e-8,0.9008626937866211,1.1620786999344546e-8,1,3.124548442201558e-8,-0.9008626937866211,-3.095060430169383e-9,0.43410414457321169],5,2.424301862716675],[[753.7938842773438,226.26841735839845,43.09685516357422,0.4438208341598511,-2.7743402242208505e-8,0.8961155414581299,1.1008095768261228e-8,1,2.5507626233434168e-8,-0.8961155414581299,-1.4562895334080395e-9,0.4438208341598511],5,2.434020757675171],[[753.6299438476563,226.78785705566407,42.98237228393555,0.4576059579849243,-1.960788864607821e-8,0.8891550898551941,9.926995225839619e-9,1,1.6943317859841046e-8,-0.8891550898551941,1.0732752464548412e-9,0.4576059579849243],5,2.4445080757141115],[[753.5206909179688,227.11712646484376,42.90592956542969,0.46608009934425356,-1.420899842230483e-8,0.8847425580024719,9.103767517615325e-9,1,1.1264196686511241e-8,-0.8847425580024719,2.8044726541054389e-9,0.46608009934425356],5,2.4551186561584474],[[753.3568115234375,227.58546447753907,42.7912483215332,0.47767478227615359,-6.145582265304483e-9,0.8785367608070374,7.734033857786926e-9,1,2.790127462404257e-9,-0.8785367608070374,5.461859409194858e-9,0.47767478227615359],5,2.4708449840545656],[[753.1929321289063,228.0231475830078,42.67656707763672,0.48806434869766238,1.8783739008654267e-9,0.8728076815605164,6.227272475456402e-9,1,-5.634326782910648e-9,-0.8728076815605164,8.185125466297905e-9,0.48806434869766238],5,2.4793694019317629],[[753.083