[[[776,222.69961547851563,47,1,8.64076421525084e-10,-1.2918066656048629e-15,-8.64076421525084e-10,1,-4.181382706747172e-8,1.2556762634814939e-15,4.181382706747172e-8,1],8,0.006082773208618164],[[776,222.69961547851563,47,1,1.254705672693035e-9,-1.3174899751150342e-15,-1.254705672693035e-9,1,-6.071687153053063e-8,1.241308255355456e-15,6.071687153053063e-8,1],8,0.018132925033569337],[[776,222.69961547851563,47,1,1.840336549818744e-9,-1.369823376365549e-15,-1.840336549818744e-9,1,-8.905629300670626e-8,1.2059299126101304e-15,8.905629300670626e-8,1],8,0.04295063018798828],[[776,222.69961547851563,47,1,2.0635444464289778e-9,-1.4046879936283649e-15,-2.0635444464289778e-9,1,-9.98575941935087e-8,1.1986273239344959e-15,9.98575941935087e-8,1],8,0.050750017166137698],[[776,222.69961547851563,47,1,1.7016515974077607e-9,-1.3767293418636318e-15,-1.7016515974077607e-9,1,-8.234512449689646e-8,1.2366066931026026e-15,8.234512449689646e-8,1],8,0.05871391296386719],[[776,222.69961547851563,47,1,1.339913402453874e-9,-1.3550124758872156e-15,-1.339913402453874e-9,1,-6.484012970986442e-8,1.268132306487342e-15,6.484012970986442e-8,1],8,0.06606006622314453],[[776,222.69961547851563,47,1,7.97595878232471e-10,-1.3342562511521042e-15,-7.97595878232471e-10,1,-3.859666364292025e-8,1.3034717915962123e-15,3.859666364292025e-8,1],8,0.07812881469726563],[[776,222.69961547851563,47,1,2.556258538177758e-10,-1.3277100628983677e-15,-2.556258538177758e-10,1,-1.2370011681639426e-8,1.324547983027149e-15,1.2370011681639426e-8,1],8,0.09019136428833008],[[776,222.69961547851563,47,1,-1.05494502022907e-10,-1.3312342493545377e-15,1.05494502022907e-10,1,5.105086575696305e-9,1.3306956422792023e-15,-5.105086575696305e-9,1],8,0.09959959983825684],[[776,222.69961547851563,47,1,-1.0076204315367932e-9,-1.3676012913075458e-15,1.0076204315367932e-9,1,4.876017811739075e-8,1.3184694628394153e-15,-4.876017811739075e-8,1],8,0.12081360816955567],[[776,222.69961547851563,47,1,-1.3682009969429033e-9,-1.3931499225791036e-15,1.3682009969429033e-9,1,6.620916082056283e-8,1.3025625017273348e-15,-6.620916082056283e-8,1],8,0.13148093223571778],[[776,222.69961547851563,47,1,-1.9087829095099097e-9,-1.4432356160249609e-15,1.9087829095099097e-9,1,9.236865849970855e-8,1.2669239081089653e-15,-9.236865849970855e-8,1],8,0.14145994186401368],[[776,222.69961547851563,47,1,-2.4490183214709306e-9,-1.5074123378231038e-15,2.4490183214709306e-9,1,1.1851139447571768e-7,1.2171756514134706e-15,-1.1851139447571768e-7,1],8,0.15314936637878419],[[776,222.69961547851563,47,1,-1.8712249527652604e-9,-1.454772098887446e-15,1.8712249527652604e-9,1,9.055116834133514e-8,1.2853304634483933e-15,-9.055116834133514e-8,1],8,0.16450071334838868],[[776,222.69961547851563,47,1,-1.4862352459843465e-9,-1.428911865370417e-15,1.4862352459843465e-9,1,7.192096518338076e-8,1.3220203308334238e-15,-7.192096518338076e-8,1],8,0.17647266387939454],[[776,222.69961547851563,47,1,-1.1014099632333796e-9,-1.410281481574677e-15,1.1014099632333796e-9,1,5.3298723656780569e-8,1.351577651406981e-15,-5.3298723656780569e-8,1],8,0.18514537811279298],[[776,222.69961547851563,47,1,-3.322527253324381e-10,-1.394555785513309e-15,3.322527253324381e-10,1,1.6078109510431206e-8,1.3892137604732129e-15,-1.6078109510431206e-8,1],8,0.20049452781677247],[[776,222.69961547851563,47,1,6.282697140314042e-10,-1.4151171926705519e-15,-6.282697140314042e-10,1,-3.0402947714947007e-8,1.396015964435257e-15,3.0402947714947007e-8,1],8,0.22224164009094239],[[776,222.69961547851563,47,1,1.2040907160226766e-9,-1.4488423388610739e-15,-1.2040907160226766e-9,1,-5.8267758618057999e-8,1.3786827057191186e-15,5.8267758618057999e-8,1],8,0.24578547477722169],[[776,222.69961547851563,47,1,2.162972467800728e-9,-1.5405976063888696e-15,-2.162972467800728e-9,1,-1.0466943223264025e-7,1.314200522664372e-15,1.0466943223264025e-7,1],8,0.2525334358215332],[[776,222.69961547851563,47,1,2.180230218584711e-9,-1.5477347060024343e-15,-2.180230218584711e-9,1,-1.0550456153168852e-7,1.3177105213186755e-15,1.0550456153168852e-7,1],8,0.26325225830078127],[[776,222.69961547851563,47,1,1.6572669903069937e-9,-1.5063235828485268e-15,-1.6572669903069937e-9,1,-8.019759434318985e-8,1.3734146901827889e-15,8.019759434318985e-8,1],8,0.2769482135772705],[[776,222.69961547851563,47,1,9.605040096616336e-10,-1.4712761123482224e-15,-9.605040096616336e-10,1,-4.64801956923111e-8,1.4266316526764084e-15,4.64801956923111e-8,1],8,0.2904200553894043],[[776,222.69961547851563,47,1,4.3832254492670588e-10,-1.4603516107901285e-15,-4.3832254492670588e-10,1,-2.1211048917280096e-8,1.45105425952371e-15,2.1211048917280096e-8,1],8,0.3028686046600342],[[776,222.69961547851563,47,1,-8.352429164970587e-11,-1.4626050360671802e-15,8.352429164970587e-11,1,4.0419085856058249e-9,1.4622673875585809e-15,-4.0419085856058249e-9,1],8,0.31526851654052737],[[776,222.69961547851563,47,1,-4.312363521830065e-10,-1.4714189432789532e-15,4.312363521830065e-10,1,2.0868224481773724e-8,1.4624198534890867e-15,-2.0868224481773724e-8,1],8,0.3232591152191162],[[776,222.69961547851563,47,1,-7.787998579367184e-10,-1.4860739896949919e-15,7.787998579367184e-10,1,3.768735012954494e-8,1.4567231334023279e-15,-3.768735012954494e-8,1],8,0.33371734619140627],[[776,222.69961547851563,47,1,-1.2998666587549224e-9,-1.5189924428823726e-15,1.2998666587549224e-9,1,6.290257204000227e-8,1.4372275054509677e-15,-6.290257204000227e-8,1],8,0.3471508026123047],[[776,222.69961547851563,47,1,-1.8205994489761679e-9,-1.5650116370275803e-15,1.8205994489761679e-9,1,8.810163620864842e-8,1.4046138782454802e-15,-8.810163620864842e-8,1],8,0.3601400852203369],[[776,222.69961547851563,47,1,-2.340998506156211e-9,-1.6241064787795527e-15,2.340998506156211e-9,1,1.1328455684633809e-7,1.358907451016046e-15,-1.1328455684633809e-7,1],8,0.3710794448852539],[[776,222.69961547851563,47,1,-2.1055144294734875e-9,-1.6061830498574149e-15,2.1055144294734875e-9,1,1.0188911403474776e-7,1.3916540623942526e-15,-1.0188911403474776e-7,1],8,0.3848240375518799],[[776,222.69961547851563,47,1,-1.2882863664742673e-9,-1.5509940887834689e-15,1.2882863664742673e-9,1,6.234215987888092e-8,1.4706795893951186e-15,-6.234215987888092e-8,1],8,0.3984246253967285],[[776,222.69961547851563,47,1,-8.799342365861662e-10,-1.5357141438105933e-15,8.799342365861662e-10,1,4.258135533063978e-8,1.4982453237514442e-15,-4.258135533063978e-8,1],8,0.40812134742736819],[[775.8650512695313,222.69961547851563,46.91105651855469,0.9958662986755371,1.0563560026710662e-9,0.09083153307437897,-1.3353053107678648e-9,1,3.010292459748598e-9,-0.09083153307437897,-3.119136504636799e-9,0.9958662986755371],8,0.42933225631713869],[[775.2936401367188,222.69961547851563,46.57503128051758,-0.9992238283157349,2.144561328520922e-8,-0.03939250111579895,1.7336299507064724e-8,1,1.0465873856446706e-7,0.03939250111579895,1.0389458537929386e-7,-0.9992238283157349],8,0.4792196750640869],[[774.987060546875,222.69961547851563,46.445125579833987,-0.93877774477005,1.6963761506616493e-9,0.3445233404636383,2.772836715791982e-8,1,7.063206908242137e-8,-0.3445233404636383,7.586088912603373e-8,-0.93877774477005],8,0.49945926666259768],[[774.6779174804688,222.69961547851563,46.320350646972659,-0.9406321048736572,2.722622127748764e-8,0.3394278287887573,4.1971205178015228e-8,1,3.60996921244805e-8,-0.3394278287887573,4.8202725366763846e-8,-0.9406321048736572],8,0.5060546398162842],[[774.5527954101563,222.69961547851563,46.27433395385742,-0.9472859501838684,3.811630477912331e-8,0.3203892409801483,4.7832521943291798e-8,1,2.2456356774114284e-8,-0.3203892409801483,3.6597615604705427e-8,-0.9472859501838684],8,0.5174314975738525],[[774.4266967773438,222.69961547851563,46.23094177246094,-0.9517151713371277,4.8542002417661936e-8,0.3069823980331421,5.387832402448112e-8,1,8.908702220367104e-9,-0.3069823980331421,2.5018243476893077e-8,-0.9517151713371277],8,0.5260772705078125],[[774.236572265625,222.69961547851563,46.168949127197269,-0.957953929901123,6.391551465867451e-8,0.2869220972061157,6.336531299666604e-8,1,-1.1203257876957196e-8,-0.2869220972061157,7.4487047641014218e-9,-0.957953929901123],8,0.5373504161834717],[[774.0452270507813,222.69961547851563,46.11077880859375,-0.9613977670669556,7.885064690071886e-8,0.27516233921051028,7.309166960567382e-8,1,-3.1183340354346e-8,-0.27516233921051028,-9.86751924614282e-9,-0.9613977670669556],8,0.5491089820861816],[[773.85302734375,222.69961547851563,46.055259704589847,-0.9673979878425598,9.344540075062469e-8,0.2532610297203064,8.326275491299384e-8,1,-5.092444510523819e-8,-0.2532610297203064,-2.817699495949455e-8,-0.9673979878425598],8,0.5623800754547119],[[773.6597900390625,222.69961547851563,46.00374984741211,-0.9704233407974243,1.0792341242904513e-7,0.241409569978714,9.36679001029006e-8,1,-7.052702954979395e-8,-0.241409569978714,-4.582874524317049e-8,-0.9704233407974243],8,0.576216459274292],[[773.4658203125,222.69961547851563,45.95497512817383,-0.9760359525680542,9.032432757294373e-8,0.21760940551757813,7.787609490605974e-8,1,-6.578052591521555e-8,-0.21760940551757813,-4.725758628865151e-8,-0.9760359525680542],8,0.5877335071563721],[[773.2708129882813,222.69961547851563,45.910526275634769,-0.9778992533683777,5.784426448940394e-8,0.20907677710056306,4.8620186987591299e-8,1,-4.9257604217700648e-8,-0.20907677710056306,-3.8003623359372798e-8,-0.9778992533683777],8,0.5988583564758301],[[773.0101318359375,222.69961547851563,45.85438919067383,-0.9807246327400208,1.4587810071020613e-8,0.19539496302604676,9.33773325328957e-9,1,-2.7790200363142504e-8,-0.19539496302604676,-2.54299870050545e-8,-0.9807246327400208],8,0.618478536605835],[[772.6179809570313,222.69961547851563,45.775672912597659,-0.9869502186775208,-5.032059746667983e-8,0.16102579236030579,-5.0610484692015237e-8,1,2.301292933992727e-9,-0.16102579236030579,-5.878332043351975e-9,-0.9869502186775208],8,0.6423149108886719],[[772.4208374023438,222.69961547851563,45.74216079711914,-0.9903526902198792,-8.241605087278003e-8,0.138569638133049,-8.088942848871739e-8,1,1.6648611378400348e-8,-0.138569638133049,5.2791779836525169e-9,-0.9903526902198792],8,0.6681947708129883],[[772.0247802734375,222.69961547851563,45.68576431274414,-0.9924083948135376,-9.12479265480215e-8,0.12298610061407089,-8.854197375285367e-8,1,2.7467530472335967e-8,-0.12298610061407089,1.6369575916996838e-8,-0.9924083948135376],8,0.6776435375213623],[[771.8263549804688,222.69961547851563,45.66057205200195,-0.9936433434486389,-6.805662167153059e-8,0.11257395893335343,-6.569736399342219e-8,1,2.4667041742532093e-8,-0.11257395893335343,1.7114428985109954e-8,-0.9936433434486389],8,0.6914703845977783],[[771.627685546875,222.69961547851563,45.637630462646487,-0.9942200779914856,-4.496602201697897e-8,0.10736151039600373,-4.2853034898371337e-8,1,2.1988109111248378e-8,-0.10736151039600373,1.726025189441316e-8,-0.9942200779914856],8,0.7056758403778076],[[771.362548828125,222.69961547851563,45.60877227783203,-0.9949461221694946,-1.420067796686908e-8,0.1004103347659111,-1.2392495918334135e-8,1,1.8631675757774248e-8,-0.1004103347659111,1.7293178444788283e-8,-0.9949461221694946],8,0.71878981590271],[[771.16357421875,222.69961547851563,45.58842468261719,-0.9952903389930725,8.825267627798894e-9,0.09693858027458191,1.0444463960368467e-8,1,1.6195890850667639e-8,-0.09693858027458191,1.713208597209359e-8,-0.9952903389930725],8,0.7316811084747315],[[770.5664672851563,222.69961547851563,45.53010940551758,-0.9949456453323364,7.75736097580193e-8,0.10041484236717224,7.884158748083792e-8,1,8.658927797000615e-9,-0.10041484236717224,1.653202730267367e-8,-0.9949456453323364],8,0.7725048065185547],[[770.367431640625,223.35189819335938,45.51072311401367,-0.9945888519287109,1.004220706590786e-7,0.10388916730880737,1.0160249530599686e-7,1,6.070314917394626e-9,-0.10388916730880737,1.6592867524423128e-8,-0.9945888519287109],3,0.7852048873901367],[[770.1685180664063,223.97352600097657,45.49020767211914,-0.9861436486244202,1.2336469978890819e-7,0.1658935248851776,1.2438600549558033e-7,1,-4.232993955355369e-9,-0.1658935248851776,1.646049163639418e-8,-0.9861436486244202],5,0.8037405014038086],[[769.9696655273438,224.5644989013672,45.469444274902347,-0.9807329177856445,1.4785908319936426e-7,0.1953534036874771,1.467456058890093e-7,1,-2.0172874926061014e-8,-0.1953534036874771,8.883051627606165e-9,-0.9807329177856445],5,0.8097109794616699],[[769.7708129882813,225.1248016357422,45.448665618896487,-0.9795553684234619,1.553956820998792e-7,0.20117469131946565,1.5140363984755823e-7,1,-3.523026492757708e-8,-0.20117469131946565,-4.051416979677924e-9,-0.9795553684234619],5,0.8196234703063965],[[769.5056762695313,225.82420349121095,45.420955657958987,-0.9720418453216553,1.1819138023838605e-7,0.23480772972106934,1.1066878613519293e-7,1,-4.521439578297759e-8,-0.23480772972106934,-1.796439796919458e-8,-0.9720418453216553],5,0.8376016616821289],[[769.3068237304688,226.31298828125,45.40017318725586,-0.9792656302452087,8.892851610653452e-8,0.20258037745952607,8.035381426907407e-8,1,-5.055172636048155e-8,-0.20258037745952607,-3.32254614932026e-8,-0.9792656302452087],5,0.8510258197784424],[[769.1742553710938,226.62181091308595,45.38631820678711,-0.985465407371521,6.840483735004455e-8,0.1698761135339737,6.024180976282878e-8,1,-5.320709561829062e-8,-0.1698761135339737,-4.220010652034034e-8,-0.985465407371521],5,0.8606014251708984],[[769.0416870117188,226.91700744628907,45.37246322631836,-0.9854648113250732,4.891082738822661e-8,0.16987967491149903,4.017040566850483e-8,1,-5.488770327133352e-8,-0.16987967491149903,-4.726576463554011e-8,-0.9854648113250732],5,0.868450403213501],[[768.8428344726563,227.33425903320313,45.351680755615237,-0.9792590141296387,2.1082662726712443e-8,0.20261242985725404,1.0129260985536348e-8,1,-5.509776812573364e-8,-0.20261242985725404,-5.1902670605841197e-8,-0.9792590141296387],5,0.8812751770019531],[[768.6439819335938,227.72084045410157,45.33089828491211,-0.9778204560279846,-8.308344234819743e-9,0.20944489538669587,-1.983466901833708e-8,1,-5.293230387337644e-8,-0.20944489538669587,-5.591256169168446e-8,-0.9778204560279846],5,0.8938572406768799],[[768.4451293945313,228.0767822265625,45.30899429321289,-0.9744078516960144,-3.7598272939476377e-8,0.2247873693704605,-4.968636702074036e-8,1,-4.81188564549484e-8,-0.2247873693704605,-5.8056258467331648e-8,-0.9744078516960144],5,0.9042606353759766],[[768.2466430664063,228.40206909179688,45.2843132019043,-0.97321617603302,-6.7922250934771e-8,0.2298918515443802,-7.946175628603669e-8,1,-4.093757866030501e-8,-0.2298918515443802,-5.810872494294017e-8,-0.97321617603302],5,0.9159338474273682],[[768.1144409179688,228.6018829345703,45.2669677734375,-0.9803338050842285,-9.049820448581159e-8,0.19734647870063783,-9.940416845211075e-8,1,-3.522263369859502e-8,-0.19734647870063783,-5.4146997996440407e-8,-0.9803338050842285],5,0.9306106567382813],[[767.783935546875,229.0418243408203,45.22312545776367,-0.95574951171875,-1.3754403482835188e-7,0.2941816449165344,-1.4819850946423686e-7,1,-1.3925459008135022e-8,-0.2941816449165344,-5.690652926659823e-8,-0.95574951171875],5,0.9471068382263184],[[767.1890258789063,229.619140625,45.144161224365237,-0.9081869721412659,-9.166551251382771e-8,0.41856467723846438,-9.157079716715089e-8,1,2.0312514337206268e-8,-0.41856467723846438,-1.9880742385680607e-8,-0.9081869721412659],5,0.983116865158081],[[766.9246215820313,229.7871551513672,45.109066009521487,-0.9668262004852295,-6.587954715087108e-8,0.2554350793361664,-5.9341221714248607e-8,1,3.330357145614471e-8,-0.2554350793361664,1.7040935773593448e-8,-0.9668262004852295],5,0.9999525547027588],[[766.7923583984375,229.85073852539063,45.092201232910159,-0.9848664999008179,-4.96258962812135e-8,0.17331475019454957,-4.34589431108634e-8,1,3.937713444202018e-8,-0.17331475019454957,3.1249143717104747e-8,-0.9848664999008179],5,1.0097732543945313],[[766.5935668945313,229.92054748535157,45.070037841796878,-0.9806529879570007,-2.831533940650388e-8,0.19575412571430207,-1.9517127469725893e-8,1,4.687415255943961e-8,-0.19575412571430207,4.2146719891889009e-8,-0.9806529879570007],5,1.021040678024292],[[766.39453125,229.95970153808595,45.05022048950195,-0.9845411777496338,-4.976223433317273e-9,0.17515325546264649,4.40451053407287e-9,1,5.3168555780302998e-8,-0.17515325546264649,5.311809658792299e-8,-0.9845411777496338],5,1.046839952468872],[[766.062255859375,229.9568328857422,45.024017333984378,-0.975517213344574,3.0446191345845366e-8,0.21992309391498567,4.462297908958135e-8,1,5.949485526457465e-8,-0.21992309391498567,6.785187878222132e-8,-0.975517213344574],5,1.0556538105010987],[[765.8626098632813,229.91424560546876,45.01219177246094,-0.9879956245422363,5.856123408420899e-8,0.15448185801506043,6.895729143252538e-8,1,6.193781132424192e-8,-0.15448185801506043,7.184693373574192e-8,-0.9879956245422363],5,1.0652563571929932],[[765.7294311523438,229.8688201904297,45.00480270385742,-0.9934184551239014,7.750356445512807e-8,0.11454137414693833,8.528719064315738e-8,1,6.305410238383047e-8,-0.11454137414693833,7.240802801788959e-8,-0.9934184551239014],5,1.0770020484924317],[[765.5962524414063,229.8097686767578,44.998138427734378,-0.9934184551239014,9.379263588016329e-8,0.11454136669635773,1.017297179828347e-7,1,6.344910019606687e-8,-0.11454136669635773,7.468377560826412e-8,-0.9934184551239014],5,1.089792251586914],[[765.2633056640625,229.60252380371095,44.982051849365237,-0.9774031043052673,1.2740078147999157e-7,0.21138392388820649,1.4315853036350746e-7,1,5.924201929019546e-8,-0.21138392388820649,8.816474661443863e-8,-0.9774031043052673],5,1.1042747497558594],[[765.130126953125,229.49578857421876,44.975807189941409,-0.993617594242096,1.52640822648209e-7,0.11280117183923722,1.6010329773052946e-7,1,5.7097221173307847e-8,-0.11280117183923722,7.479264496623728e-8,-0.993617594242096],5,1.1137888431549073],[[764.9303588867188,229.3101348876953,44.966522216796878,-0.9898115396499634,1.2802743754036784e-7,0.14238369464874268,1.3459330716614205e-7,1,3.6482902032730638e-8,-0.14238369464874268,5.527509117086993e-8,-0.9898115396499634],5,1.1258726119995118],[[764.597412109375,228.93258666992188,44.952083587646487,-0.9795644283294678,8.742176049736372e-8,0.20113076269626618,9.108961762649415e-8,1,8.981173138522536e-9,-0.20113076269626618,2.7118563394878948e-8,-0.9795644283294678],5,1.1466078758239747],[[764.4641723632813,228.75772094726563,44.947052001953128,-0.9947450160980225,7.37239531645173e-8,0.10238353163003922,7.401095558634552e-8,1,-9.955269941741563e-10,-0.10238353163003922,6.587207224129088e-9,-0.9947450160980225],5,1.1564505100250245],[[764.2642211914063,228.46987915039063,44.9398307800293,-0.9907825589179993,4.945114895349434e-8,0.13546176254749299,4.804588371598584e-8,1,-1.36431408392923e-8,-0.13546176254749299,-7.0090062642691468e-9,-0.9907825589179993],5,1.1677577495574952],[[763.9976196289063,228.03839111328126,44.93024826049805,-0.9857212901115418,1.7241427840986036e-8,0.16838505864143372,1.2960240880488528e-8,1,-2.6523984786308575e-8,-0.16838505864143372,-2.3962945405742177e-8,-0.9857212901115418],5,1.1817543506622315],[[763.8643188476563,227.80221557617188,44.92545700073242,-0.994744598865509,-1.231762136733039e-9,0.1023876816034317,-4.5464920717108729e-9,1,-3.214093879932989e-8,-0.1023876816034317,-3.243752999537719e-8,-0.994744598865509],5,1.2137839794158936],[[763.2644653320313,226.57080078125,44.90389633178711,-0.9441561102867127,-6.845720434967007e-8,0.3294984698295593,-8.53277910550787e-8,1,-3.67393298006391e-8,-0.3294984698295593,-6.2803039213577e-8,-0.9441561102867127],5,1.2362151145935059],[[762.9978637695313,225.93495178222657,44.89431381225586,-0.9857217073440552,-1.1439827574122319e-7,0.16838279366493226,-1.2218492884130684e-7,1,-3.58828202706718e-8,-0.16838279366493226,-5.59443122938319e-8,-0.9857217073440552],5,1.2563486099243165],[[762.6646118164063,225.06349182128907,44.8823356628418,-0.9795641303062439,-1.4323687480555237e-7,0.20113220810890199,-1.514035261607205e-7,1,-2.5220147747972989e-8,-0.20113220810890199,-5.515687817592152e-8,-0.9795641303062439],5,1.2750530242919922],[[762.3980102539063,224.3050079345703,44.87275314331055,-0.9857202768325806,-1.1911325970004327e-7,0.16839084029197694,-1.2102887581022515e-7,1,-1.1125943499834535e-9,-0.16839084029197694,-2.147686117837111e-8,-0.9857202768325806],5,1.281104564666748],[[762.2647094726563,223.90533447265626,44.86796188354492,-0.9947450160980225,-1.065805435018774e-7,0.10238330811262131,-1.0610667544597163e-7,1,1.0074410639049347e-8,-0.10238330811262131,-8.420826258515035e-10,-0.9947450160980225],5,1.2900609970092774],[[762.1314086914063,223.49203491210938,44.8631706237793,-0.9947457313537598,-9.273423984268448e-8,0.10237620025873184,-9.112273602340793e-8,1,2.0417697754737675e-8,-0.10237620025873184,1.0981619169569968e-8,-0.9947457313537598],5,1.2990052700042725],[[762.0647583007813,223.2802734375,44.860774993896487,-0.9984685778617859,-8.52332746603679e-8,0.05532153323292732,-8.402096796089609e-8,1,2.423980483001742e-8,-0.05532153323292732,1.955451445212475e-8,-0.9984685778617859],7,1.3077490329742432],[[761.8648071289063,222.6245574951172,44.85358810424805,-0.9983354210853577,-6.536032515214174e-8,0.05767503008246422,-6.360534854366051e-8,1,3.22644133632366e-8,-0.05767503008246422,2.8542265440023585e-8,-0.9983354210853577],7,1.3169598579406739],[[761.7315063476563,222.45518493652345,44.84879684448242,-0.999220609664917,-5.178939943562e-8,0.039473697543144229,-5.03727548561983e-8,1,3.688289140768575e-8,-0.039473697543144229,3.4865745845991117e-8,-0.999220609664917],7,1.3308711051940919],[[761.4649047851563,222.48118591308595,44.83921432495117,-0.9992951154708862,-2.5831948136101347e-8,0.03754035010933876,-2.4129493070290665e-8,1,4.580308043955483e-8,-0.03754035010933876,4.486496507638549e-8,-0.9992951154708862],7,1.3394832611083985],[[761.3316040039063,222.5265655517578,44.83442306518555,-0.9993497133255005,-1.2852850339584166e-8,0.036057524383068088,-1.1048385317735665e-8,1,5.024331528602488e-8,-0.036057524383068088,4.9812264535376019e-8,-0.9993497133255005],8,1.3514702320098878],[[761.1316528320313,222.58460998535157,44.82723617553711,-0.9993524551391602,6.502288485421559e-9,0.03598228096961975,8.555126385090262e-9,1,5.689739168701635e-8,-0.03598228096961975,5.716837847558054e-8,-0.9993524551391602],8,1.3609323501586915],[[760.9983520507813,222.61358642578126,44.822444915771487,-0.9993539452552795,1.9397260686560004e-8,0.03594023361802101,2.1615480960690549e-8,1,6.13311570418773e-8,-0.03594023361802101,6.206839486821991e-8,-0.9993539452552795],8,1.371863842010498],[[760.7984008789063,222.6445770263672,44.81525802612305,-0.9993540644645691,3.872543175020837e-8,0.03593626245856285,4.119492658105628e-8,1,6.797838381089605e-8,-0.03593626245856285,6.941486674350017e-8,-0.9993540644645691],8,1.3830976486206055],[[760.5984497070313,222.6646270751953,44.80807113647461,-0.9994156956672669,5.8162761717994729e-8,0.03417906165122986,6.074991887317083e-8,1,7.465580154075724e-8,-0.03417906165122986,7.668855772635652e-8,-0.9994156956672669],8,1.3958537578582764],[[760.3984985351563,222.6774139404297,44.80116653442383,-0.9995807409286499,7.786580624724593e-8,0.028953786939382554,8.02571946678654e-8,1,8.143103968905052e-8,-0.028953786939382554,8.372064286277237e-8,-0.9995807409286499],8,1.426189661026001],[[759.9985961914063,222.69070434570313,44.789371490478519,-0.9998878240585327,6.222919779474978e-8,0.014976922422647477,6.29813143859792e-8,1,4.9746933683536557e-8,-0.014976922422647477,5.0684619168350767e-8,-0.9998878240585327],8,1.4353313446044922],[[759.7986450195313,222.69398498535157,44.78584671020508,-0.9999524354934692,4.026389532896246e-8,0.009753099642693997,4.048394330880001e-8,1,2.2364588403434028e-8,-0.009753099642693997,2.2758369411235436e-8,-0.9999524354934692],8,1.4445812702178956],[[759.5986938476563,222.69606018066407,44.78367233276367,-0.9999898076057434,1.816760963890829e-8,0.0045132748782634739,1.8144696412036866e-8,1,-5.117641421747976e-9,-0.0045132748782634739,-5.035697192568023e-9,-0.9999898076057434],8,1.4566850662231446],[[759.3320922851563,222.6977081298828,44.78225326538086,-0.9999702572822571,-1.149314865500628e-8,-0.00771303940564394,-1.1168805436057028e-8,1,-4.20943671031182e-8,0.00771303940564394,-4.200697034661971e-8,-0.9999702572822571],8,1.4733574390411378],[[759.1321411132813,222.69842529296876,44.783329010009769,-0.9998341798782349,-3.4115270608481299e-8,-0.0182101558893919,-3.2845363762135096e-8,1,-7.003527002780175e-8,0.0182101558893919,-6.942553909539129e-8,-0.9998341798782349],8,1.4884400367736817],[[758.9321899414063,222.69886779785157,44.78654861450195,-0.9998012185096741,-5.6402697623525458e-8,-0.0199371837079525,-5.4459764697867288e-8,1,-9.799564537615879e-8,0.0199371837079525,-9.68903890452566e-8,-0.9998012185096741],8,1.499091386795044],[[758.7988891601563,222.69906616210938,44.789127349853519,-0.9997648596763611,-5.1438075132637098e-8,-0.02168441377580166,-4.960525501473967e-8,1,-8.50604777724584e-8,0.02168441377580166,-8.396481376848897e-8,-0.9997648596763611],8,1.5101463794708253],[[758.5989379882813,222.69927978515626,44.79338455200195,-0.9996830821037293,-4.403425535315364e-8,-0.025175094604492189,-4.2395129185024419e-8,1,-6.564278720588845e-8,0.025175094604492189,-6.455468337662751e-8,-0.9996830821037293],8,1.518592119216919],[[758.4656372070313,222.6993865966797,44.79661560058594,-0.9996375441551209,-3.9018640762833459e-8,-0.026922347024083139,-3.761356737186361e-8,1,-5.2696201180424399e-8,0.026922347024083139,-5.1664454048250266e-8,-0.9996375441551209],8,1.5299644470214844],[[758.3323364257813,222.699462890625,44.80012893676758,-0.9995374083518982,-3.4072620280767299e-8,-0.030412787571549417,-3.2879270861485568e-8,1,-3.973853779370984e-8,0.030412787571549417,-3.872020570838686e-8,-0.9995374083518982],8,1.5391523838043213],[[758.1323852539063,222.6995391845703,44.80606460571289,-0.9995372891426086,-2.6387594331822585e-8,-0.03041660040616989,-2.5781687895687356e-8,1,-2.0312395321298028e-8,0.03041660040616989,-1.9518806126939127e-8,-0.9995372891426086],8,1.5484342575073243],[[757.9324340820313,222.6995849609375,44.812137603759769,-0.9993006587028503,-1.8842946758468316e-8,-0.0373927541077137,-1.8824339420575599e-8,1,-8.49670889202514e-10,0.0373927541077137,-1.451827824627827e-10,-0.9993006587028503],8,1.560929298400879],[[757.7991333007813,222.69961547851563,44.8168830871582,-0.9993013739585877,-1.372551050593529e-8,-0.03737393394112587,-1.4188338504084186e-8,1,1.2118459125076697e-8,0.03737393394112587,1.264026661118578e-8,-0.9993013739585877],8,1.5694000720977784],[[757.6658325195313,222.69961547851563,44.821834564208987,-0.9993013143539429,-8.610243185103173e-9,-0.03737560287117958,-9.554338653572359e-9,1,2.508105723109111e-8,0.03737560287117958,2.5420632709938219e-8,-0.9993013143539429],8,1.5815062522888184],[[757.4658813476563,222.69961547851563,44.82930374145508,-0.9993011951446533,-9.414171664445803e-10,-0.037377748638391498,-2.6070940961631097e-9,1,4.4514589347954828e-8,0.037377748638391498,4.4580929170479069e-8,-0.9993011951446533],8,1.5932114124298096],[[757.3325805664063,222.69961547851563,44.834285736083987,-0.9993011355400086,4.168418499261861e-9,-0.037378940731287,2.021911749139349e-9,1,5.7463360292331347e-8,0.037378940731287,5.734762709153074e-8,-0.9993011355400086],8,1.6027674674987794],[[757.1326293945313,222.69961547851563,44.841758728027347,-0.9993011355400086,1.182905062790951e-8,-0.03737989813089371,8.961690944886414e-9,1,7.68761552194519e-8,0.03737989813089371,7.648743860499963e-8,-0.9993011355400086],8,1.6139583587646485],[[756.9326782226563,222.69961547851563,44.8492317199707,-0.9993010759353638,1.9484772906253057e-8,-0.03738061338663101,1.589700815429751e-8,1,9.627651564869666e-8,0.03738061338663101,9.561498615084929e-8,-0.9993010759353638],8,1.6231751441955567],[[756.7327270507813,222.69961547851563,44.85670471191406,-0.9993647933006287,2.6968722366405019e-8,-0.0356375053524971,2.2861684101371794e-8,1,1.1565231261556619e-7,0.0356375053524971,1.1476411998501135e-7,-0.9993647933006287],8,1.6367442607879639],[[756.3328247070313,222.69961547851563,44.87102508544922,-0.999483048915863,1.8861221917632066e-8,-0.03215073421597481,1.672445293365854e-8,1,6.672987495903726e-8,0.03215073421597481,6.61576677885023e-8,-0.999483048915863],8,1.6609652042388917],[[756.1995239257813,222.6894073486328,44.87577819824219,-0.9995891451835632,1.4530902703313587e-8,-0.028663333505392076,1.3257669628785607e-8,1,4.461032787617114e-8,0.028663333505392076,4.421199051307667e-8,-0.9995891451835632],8,1.6710772514343262],[[756.0662231445313,222.6655731201172,44.880531311035159,-0.9996376037597656,1.0356136392886129e-8,-0.026919735595583917,9.753807539425452e-9,1,2.2506315033865577e-8,0.026919735595583917,2.223558936975678e-8,-0.9996376037597656],8,1.6815118789672852],[[755.9329223632813,222.62811279296876,44.885284423828128,-0.9996376037597656,6.260261642410114e-9,-0.026919735595583917,6.251442918880912e-9,1,4.1175149401162516e-10,0.026919735595583917,2.4331509029806855e-10,-0.9996376037597656],8,1.6897377967834473],[[755.6663208007813,222.51231384277345,44.89479064941406,-0.9997254014015198,-1.927126680456581e-9,-0.023432303220033647,-9.02811936320802e-10,1,-4.372436279709291e-8,0.023432303220033647,-4.3691201767614987e-8,-0.9997254014015198],8,1.7040929794311524],[[755.3997192382813,222.34201049804688,44.904296875,-0.9997648000717163,-1.003042005010002e-8,-0.02168847806751728,-8.127861939044579e-9,1,-8.781022131643113e-8,0.02168847806751728,-8.761328729178786e-8,-0.9997648000717163],8,1.720716953277588],[[755.1997680664063,222.48431396484376,44.90916061401367,-0.9998645782470703,-1.3190562420106744e-8,-0.016457099467515947,-1.1498846319568657e-8,1,-1.0289011243003188e-7,0.016457099467515947,-1.0268693984016864e-7,-0.9998645782470703],8,1.733306884765625],[[754.9998168945313,223.1365966796875,44.91364669799805,-0.9999158978462219,-1.1427609969416608e-8,-0.012969414703547955,-1.0363515379196997e-8,1,-8.211364388444054e-8,0.012969414703547955,-8.197233114515257e-8,-0.9999158978462219],3,1.747800350189209],[[754.7998657226563,223.7582244873047,44.91659927368164,-0.9986813068389893,-1.0287082297111283e-8,0.05133849382400513,-1.3417727373621347e-8,1,-6.063580570980776e-8,-0.05133849382400513,-6.124469109636266e-8,-0.9986813068389893],5,1.7696919441223145],[[754.4666137695313,224.72613525390626,44.92042922973633,-0.9882059693336487,-1.4896957445387216e-8,0.15313036739826203,-1.879131161786063e-8,1,-2.3984327413018037e-8,-0.15313036739826203,-2.6578977241342728e-8,-0.9882059693336487],5,1.7783915996551514],[[754.3333129882813,225.08946228027345,44.921234130859378,-0.9978569149971008,-2.0578571735541119e-8,0.06543336063623429,-2.1236166602989216e-8,1,-9.354328867061668e-9,-0.06543336063623429,-1.0723835153214623e-8,-0.9978569149971008],5,1.7879624366760255],[[754.2000122070313,225.4391632080078,44.921485900878909,-0.9974817633628845,-2.3685000627438059e-8,0.07092339545488358,-2.3361847567571205e-8,1,5.385872636765043e-9,-0.07092339545488358,3.7154082033197257e-9,-0.9974817633628845],5,1.7974331378936768],[[754.0000610351563,225.93817138671876,44.92081069946289,-0.9938037991523743,-2.8493838399867856e-8,0.111148402094841,-2.5561829986031627e-8,1,2.780421937131905e-8,-0.111148402094841,2.4790782759964715e-8,-0.9938037991523743],5,1.807877779006958],[[753.8667602539063,226.25379943847657,44.91952896118164,-0.9966726899147034,-3.033186857237524e-8,0.08150796592235565,-2.6920387696804938e-8,1,4.295348432492574e-8,-0.08150796592235565,4.061633873675419e-8,-0.9966726899147034],5,1.8178741931915284],[[753.7334594726563,226.55581665039063,44.917686462402347,-0.9966721534729004,-3.2692053508753818e-8,0.08151427656412125,-2.8029894849623817e-8,1,5.8338713415651e-8,-0.08151427656412125,5.5859736391994377e-8,-0.9966721534729004],5,1.8265161514282227],[[753.5335083007813,226.9832763671875,44.91471481323242,-0.9934036135673523,-3.803326364959503e-8,0.1146700382232666,-2.882486249689009e-8,1,8.196160905526995e-8,-0.1146700382232666,7.81156117568571e-8,-0.9934036135673523],5,1.8397102355957032],[[753.3335571289063,227.3800811767578,44.911720275878909,-0.9934034943580627,-4.103493367324518e-8,0.11467107385396958,-2.903228235595634e-8,1,1.0634035163548106e-7,-0.11467107385396958,1.0230971980718096e-7,-0.9934034943580627],5,1.8483960628509522],[[753.2002563476563,227.62759399414063,44.90972137451172,-0.9966719150543213,-3.9051982980709e-8,0.08151739835739136,-2.911406049577181e-8,1,1.2310030683693186e-7,-0.08151739835739136,1.2031730989292556e-7,-0.9966719150543213],5,1.8581080436706544],[[753.0003051757813,227.9733123779297,44.90672302246094,-0.9934034943580627,-4.518862439795157e-8,0.11467136442661286,-2.8275435326463595e-8,1,1.4911927337379894e-7,-0.11467136442661286,1.4489322097688274e-7,-0.9934034943580627],5,1.8693485260009766],[[752.9336547851563,228.0817413330078,44.905723571777347,-0.9988341927528381,-3.574892559754517e-8,0.04827301576733589,-2.815155397684066e-8,1,1.5806328690359806e-7,-0.04827301576733589,1.565200591358007e-7,-0.9988341927528381],5,1.8783414363861085],[[752.6670532226563,228.48138427734376,44.90172576904297,-0.989032506942749,-3.072688770089371e-8,0.14769808948040009,-1.2422595396799352e-8,1,1.24852917338103e-7,-0.14769808948040009,1.216487959254664e-7,-0.989032506942749],5,1.8899874687194825],[[752.5337524414063,228.6607666015625,44.89972686767578,-0.9966719150543213,-1.3330039294601193e-8,0.08151736110448837,-4.492869187799897e-9,1,1.0859186971856616e-7,-0.08151736110448837,1.0786422421915631e-7,-0.9966719150543213],5,1.8995251655578614],[[752.4004516601563,228.82652282714845,44.897727966308597,-0.9966719150543213,-4.402101794198643e-9,0.08151735365390778,3.132867743005363e-9,1,9.230602415755129e-8,-0.08151735365390778,9.225420427583231e-8,-0.9966719150543213],5,1.9111461639404297],[[752.2005004882813,229.04962158203126,44.89472961425781,-0.9934034943580627,5.767016197921748e-9,0.11467134207487107,1.3604565474167885e-8,1,6.756533110774399e-8,-0.11467134207487107,6.867968949109127e-8,-0.9934034943580627],5,1.9202589988708497],[[752.0005493164063,229.2420654296875,44.89173126220703,-0.9934034943580627,1.839353558352741e-8,0.11467146128416062,2.3426165896012209e-8,1,4.253977792245678e-8,-0.11467146128416062,4.4945476673774468e-8,-0.9934034943580627],5,1.9319493770599366],[[751.8672485351563,229.3533172607422,44.889732360839847,-0.9966719150543213,2.7708706440421339e-8,0.08151733875274658,2.9904470011388187e-8,1,2.5715255702607466e-8,-0.08151733875274658,2.806740617700143e-8,-0.9966719150543213],5,1.942530870437622],[[751.1340942382813,229.72171020507813,44.87873840332031,-0.9281242489814758,7.015512437646976e-8,0.37227049469947817,4.56475675036927e-8,1,-7.464601736728582e-8,-0.37227049469947817,-5.228753963137933e-8,-0.9281242489814758],5,1.986558437347412],[[750.8674926757813,229.75347900390626,44.87474060058594,-0.9887734055519104,7.000126345246827e-8,0.14942283928394319,5.3681667111504797e-8,1,-1.1325084869895363e-7,-0.14942283928394319,-1.0395815763786232e-7,-0.9887734055519104],5,2.011289119720459],[[750.6008911132813,229.73074340820313,44.87034606933594,-0.9887734055519104,7.319544437223158e-8,0.14942282438278199,5.3143022427093459e-8,1,-1.381919645382368e-7,-0.14942282438278199,-1.2869976728779876e-7,-0.9887734055519104],5,2.02498459815979],[[750.4009399414063,229.6779327392578,44.86700439453125,-0.9932019710540772,4.7607272790628488e-8,0.11640375852584839,3.3608266392093358e-8,1,-1.2222523082527915e-7,-0.11640375852584839,-1.1748220885010596e-7,-0.9932019710540772],5,2.0308477878570558],[[750.3342895507813,229.6535186767578,44.86589050292969,-0.9987484812736511,3.285455107970847e-8,0.050014983862638476,2.703737322917732e-8,1,-1.1698530499870685e-7,-0.050014983862638476,-1.1548662115501429e-7,-0.9987484812736511],5,2.039423704147339],[[750.2009887695313,229.59446716308595,44.86366271972656,-0.9965282082557678,2.3029473439351024e-8,0.08325574547052384,1.4248715096698561e-8,1,-1.0606148492797729e-7,-0.08325574547052384,-1.0450697374153606e-7,-0.9965282082557678],5,2.0474863052368166],[[750.0010375976563,229.4803466796875,44.860321044921878,-0.9932019710540772,6.133735741542523e-9,0.1164037361741066,-4.2264454158669199e-9,1,-8.875530710383828e-8,-0.1164037361741066,-8.864392242458053e-8,-0.9932019710540772],5,2.059295415878296],[[749.6677856445313,229.22201538085938,44.85475158691406,-0.9838771224021912,-2.222969897047733e-8,0.17884564399719239,-3.2995320253803587e-8,1,-5.722053231238533e-8,-0.17884564399719239,-6.219904236104412e-8,-0.9838771224021912],5,2.079216718673706],[[749.4011840820313,228.95404052734376,44.85108947753906,-0.9900386929512024,-5.083055754084853e-8,0.14079543948173524,-5.568440641923189e-8,1,-3.053478891956729e-8,-0.14079543948173524,-3.807073412076534e-8,-0.9900386929512024],5,2.0945260524749758],[[749.1345825195313,228.63156127929688,44.8487434387207,-0.9902827143669128,-7.665850176863387e-8,0.13906879723072053,-7.765674325810324e-8,1,-1.7518722028597722e-9,-0.13906879723072053,-1.2534479232328977e-8,-0.9902827143669128],5,2.113374710083008],[[748.8679809570313,228.25457763671876,44.84700393676758,-0.9902827143669128,-1.0203033440348008e-7,0.13906879723072053,-9.888388774470514e-8,1,2.9534525936014689e-8,-0.13906879723072053,1.5495867700110467e-8,-0.9902827143669128],5,2.1289024353027345],[[748.7346801757813,228.04563903808595,44.846168518066409,-0.9973447918891907,-1.1283886180990521e-7,0.07282398641109467,-1.0978776998626927e-7,1,4.589967517176774e-8,-0.07282398641109467,3.778261969955565e-8,-0.9973447918891907],5,2.1371028423309328],[[748.4680786132813,227.5869140625,44.844505310058597,-0.9902827143669128,-1.3996238124036609e-7,0.13906879723072053,-1.2985343289528829e-7,1,8.176356658395889e-8,-0.13906879723072053,6.291048748607864e-8,-0.9902827143669128],5,2.1551899909973146],[[748.2681274414063,227.2071075439453,44.843257904052737,-0.9943655729293823,-1.2422387385413459e-7,0.1060052216053009,-1.1544580047484487e-7,1,8.894418357385803e-8,-0.1060052216053009,7.620517550321893e-8,-0.9943655729293823],5,2.1668753623962404],[[748.1348266601563,226.93685913085938,44.84242630004883,-0.9973447918891907,-1.0183251220041712e-7,0.07282410562038422,-9.577164661322968e-8,1,8.671801055015749e-8,-0.07282410562038422,7.95132706343793e-8,-0.9973447918891907],5,2.1758975982666017],[[748.0015258789063,226.6529998779297,44.84159469604492,-0.9973447918891907,-8.215992863824795e-8,0.07282409816980362,-7.626842091212893e-8,1,8.368129300606597e-8,-0.07282409816980362,7.790492162484952e-8,-0.9973447918891907],5,2.1860928535461427],[[747.8015747070313,226.20164489746095,44.84034729003906,-0.9943655729293823,-5.5339455684588759e-8,0.10600532591342926,-4.743126424955335e-8,1,7.712290539529931e-8,-0.10600532591342926,7.166039495132282e-8,-0.9943655729293823],5,2.195122718811035],[[747.6682739257813,225.88372802734376,44.839515686035159,-0.9973447918891907,-3.3476972305379607e-8,0.07282397896051407,-2.8305674248940705e-8,1,7.204297247653813e-8,-0.07282397896051407,6.97903530522126e-8,-0.9973447918891907],5,2.2048349380493166],[[747.4016723632813,225.20700073242188,44.837852478027347,-0.9902827143669128,8.825267738821196e-10,0.13906879723072053,9.053580107831749e-9,1,5.8122871848809157e-8,-0.13906879723072053,5.881714670863403e-8,-0.9902827143669128],5,2.219059944152832],[[746.9351196289063,223.89157104492188,44.83494186401367,-0.9714638590812683,6.392732387894284e-8,0.23718756437301637,7.125529322138391e-8,1,2.232249229905392e-8,-0.23718756437301637,3.8586364325965408e-8,-0.9714638590812683],5,2.248788356781006],[[746.8018188476563,223.48509216308595,44.834110260009769,-0.9973447918891907,8.869497492014489e-8,0.07282410562038422,8.977270482546374e-8,1,1.1525901122411142e-8,-0.07282410562038422,1.8032913828847087e-8,-0.9973447918891907],5,2.256251335144043],[[746.6685180664063,223.06497192382813,44.83327865600586,-0.9993151426315308,1.078588311997919e-7,0.03700350597500801,1.0806366645965682e-7,1,3.535484127681343e-9,-0.03700350597500801,7.531797407978047e-9,-0.9993151426315308],7,2.267397880554199],[[74