[[[776,222.69961547851563,47,1,-1.0631702629382289e-8,2.531088182875776e-15,1.0631702629382289e-8,1,-5.7053885171853838e-8,-1.924508195830948e-15,5.7053885171853838e-8,1],8,0.005038022994995117],[[776,222.69961547851563,47,1,-4.885774895768691e-9,2.3601179706042847e-15,4.885774895768691e-9,1,-2.6218918591780495e-8,-2.2320182133757015e-15,2.6218918591780495e-8,1],8,0.029722929000854493],[[776,222.69961547851563,47,1,8.55242932029654e-10,2.3658369253059089e-15,-8.55242932029654e-10,1,4.589709945435061e-9,-2.3619115628700957e-15,-4.589709945435061e-9,1],8,0.0387876033782959],[[776,222.69961547851563,47,1,8.024617415003377e-9,2.621201688793556e-15,-8.024617415003377e-9,1,4.306348699856244e-8,-2.2756338456539567e-15,-4.306348699856244e-8,1],8,0.055402278900146487],[[776,222.69961547851563,47,1,1.2322566078637465e-8,2.9064878911429618e-15,-1.2322566078637465e-8,1,6.612803105099374e-8,-2.0916208083024067e-15,-6.612803105099374e-8,1],8,0.07044672966003418],[[776,222.69961547851563,47,1,1.8048881500476456e-8,3.440555716913954e-15,-1.8048881500476456e-8,1,9.685776802825785e-8,-1.6923812518556303e-15,-9.685776802825785e-8,1],8,0.08728528022766113],[[776,222.69961547851563,47,1,2.0459404836969953e-8,3.760155435714868e-15,-2.0459404836969953e-8,1,1.0979361775298458e-7,-1.513843435475132e-15,-1.0979361775298458e-7,1],8,0.10449886322021485],[[776,222.69961547851563,47,1,1.2939420201973917e-8,3.1913105547119824e-15,-1.2939420201973917e-8,1,6.943825781036139e-8,-2.2928197206372729e-15,-6.943825781036139e-8,1],8,0.1206674575805664],[[776,222.69961547851563,47,1,5.425860649665992e-9,2.9358272066117194e-15,-5.425860649665992e-9,1,2.911737517763413e-8,-2.7778403153557418e-15,-2.911737517763413e-8,1],8,0.13729357719421388],[[776,222.69961547851563,47,1,-3.957061789350291e-9,3.043490599921898e-15,3.957061789350291e-9,1,-2.1235297964494749e-8,-2.9594613316642457e-15,2.1235297964494749e-8,1],8,0.1548442840576172],[[776,222.69961547851563,47,1,-9.582004523167598e-9,3.334556955103367e-15,9.582004523167598e-9,1,-5.142109316125243e-8,-2.8418397955096718e-15,5.142109316125243e-8,1],8,0.17055344581604005],[[776,222.69961547851563,47,1,-1.8948899338511184e-8,4.195937793451208e-15,1.8948899338511184e-8,1,-1.0168778175057014e-7,-2.2690661639391837e-15,1.0168778175057014e-7,1],8,0.19016122817993165],[[776,222.69961547851563,47,1,-1.6506092492818426e-8,4.0601186014578228e-15,1.6506092492818426e-8,1,-8.85786519688736e-8,-2.5980313142796517e-15,8.85786519688736e-8,1],8,0.21590662002563477],[[775.8385009765625,222.69961547851563,47.00764846801758,0.9889273643493652,-1.2177188146722529e-8,0.14840050041675569,2.0612100470884799e-8,1,-5.530090518846009e-8,-0.14840050041675569,5.7747424619947199e-8,0.9889273643493652],8,0.23273396492004395],[[775.57568359375,222.69961547851563,47.02089309692383,0.9415850043296814,-1.1761470020132947e-8,0.3367754817008972,2.0306117676227587e-8,1,-2.1849762887882208e-8,-0.3367754817008972,2.741201221567735e-8,0.9415850043296814],8,0.24642586708068849],[[775.3760986328125,222.69961547851563,47.03330993652344,0.8873637318611145,-1.3947312638151743e-8,0.46107012033462527,1.485992218164256e-8,1,1.6508494571354504e-9,-0.46107012033462527,5.3865623073079409e-9,0.8873637318611145],8,0.254655122756958],[[775.1104125976563,222.69961547851563,47.056488037109378,0.8004512190818787,-1.9564096120916475e-8,0.5993978977203369,2.047220393208704e-9,1,2.990567082861162e-8,-0.5993978977203369,-2.2710930025482413e-8,0.8004512190818787],8,0.2708287239074707],[[774.845703125,222.69961547851563,47.08820343017578,0.7045302987098694,-2.7639694977210639e-8,0.7096738815307617,-1.5443893275346455e-8,1,5.427899552046256e-8,-0.7096738815307617,-4.920132568031477e-8,0.7045302987098694],8,0.2874577045440674],[[774.5823364257813,222.69961547851563,47.129859924316409,0.6057934761047363,-3.758638200679343e-8,0.795621931552887,-3.615604526885363e-8,1,7.477104446707017e-8,-0.795621931552887,-7.406234914242305e-8,0.6057934761047363],8,0.30440449714660647],[[774.3208618164063,222.69961547851563,47.182376861572269,0.5077019333839417,-4.893901461855421e-8,0.8615328073501587,-5.903116218064497e-8,1,9.159169422900959e-8,-0.8615328073501587,-9.735856565384893e-8,0.5077019333839417],8,0.31986379623413088],[[774.0615844726563,222.69961547851563,47.24464416503906,0.4128210246562958,-4.508587636564698e-8,0.9108121395111084,-6.221674908601926e-8,1,7.770017163011289e-8,-0.9108121395111084,-8.874403789604912e-8,0.4128210246562958],8,0.3384723663330078],[[773.8042602539063,222.69961547851563,47.31485366821289,0.3231964707374573,-2.426124723342582e-8,0.9463319182395935,-4.0382158061902376e-8,1,3.9428680764785898e-8,-0.9463319182395935,-5.095813193634058e-8,0.3231964707374573],8,0.3542923927307129],[[773.5488891601563,222.69961547851563,47.39153289794922,0.24012917280197144,-2.4812185639433439e-9,0.9707409739494324,-1.4085294708365837e-8,1,6.04024075201437e-9,-0.9707409739494324,-1.512361080813207e-8,0.24012917280197144],8,0.3747735023498535],[[773.2949829101563,222.69961547851563,47.47292709350586,0.16450117528438569,1.997402776510171e-8,0.9863768815994263,1.5475812631393638e-8,1,-2.2830844770282966e-8,-0.9863768815994263,1.9020683694748187e-8,0.16450117528438569],8,0.3869152069091797],[[772.9791259765625,222.69961547851563,47.57939147949219,0.0800546258687973,4.868479663855396e-8,0.9967904686927795,5.5605521964707808e-8,1,-5.330736740916109e-8,-0.9967904686927795,5.969455685317371e-8,0.0800546258687973],8,0.40546154975891116],[[772.7273559570313,222.69961547851563,47.6672477722168,0.02123400941491127,7.199585638772987e-8,0.9997745156288147,8.933208306416418e-8,1,-7.390939771312333e-8,-0.9997745156288147,9.088132912893343e-8,0.02123400941491127],8,0.42228221893310549],[[772.5392456054688,222.69961547851563,47.73502731323242,-0.017797138541936876,5.594908358830253e-8,0.9998416304588318,7.237812837956881e-8,1,-5.4669616389446676e-8,-0.9998416304588318,7.139370694630998e-8,-0.017797138541936876],8,0.43737053871154787],[[772.2891235351563,222.69961547851563,47.82737731933594,-0.06444887816905976,3.4454171071729436e-8,0.9979209899902344,4.8207343894546287e-8,1,-3.141256854632957e-8,-0.9979209899902344,4.6082615057230217e-8,-0.06444887816905976],8,0.4547555446624756],[[772.03955078125,222.69961547851563,47.92148971557617,-0.10575120896100998,1.2884671107826762e-8,0.9943926334381104,2.267915277798238e-8,1,-1.0545456063937309e-8,-0.9943926334381104,2.143678656807424e-8,-0.10575120896100998],8,0.4705216884613037],[[771.7907104492188,222.69961547851563,48.0173454284668,-0.14211784303188325,-8.72827854436764e-9,0.9898497462272644,-3.856285513137436e-9,1,8.264111173161837e-9,-0.9898497462272644,-2.6426627552922356e-9,-0.14211784303188325],8,0.48766207695007326],[[771.5426025390625,222.69961547851563,48.11492919921875,-0.1741836965084076,-3.0363903391616989e-8,0.9847131967544556,-3.1127228794503029e-8,1,2.5329248032335273e-8,-0.9847131967544556,-2.6239447947773443e-8,-0.1741836965084076],8,0.5040755271911621],[[771.2325439453125,223.7697296142578,48.23719024658203,-0.2128998190164566,-5.741975073192407e-8,0.9770740270614624,-6.60956942510893e-8,1,4.436509826177826e-8,-0.9770740270614624,-5.5135064513933688e-8,-0.2128998190164566],3,0.5230867862701416],[[771.0468139648438,224.37091064453126,48.31135940551758,-0.23168021440505982,-7.365205334508573e-8,0.9727920293807983,-8.72837588872244e-8,1,5.492452004318693e-8,-0.9727920293807983,-7.21840152095865e-8,-0.23168021440505982],5,0.5425658226013184],[[770.7998657226563,225.1248016357422,48.41197204589844,-0.2526579201221466,-9.528623223786781e-8,0.9675556421279907,-1.1566195468049045e-7,1,6.827856680047262e-8,-0.9675556421279907,-9.465826167343039e-8,-0.2526579201221466],5,0.5555191040039063],[[770.5536499023438,225.82420349121095,48.51431655883789,-0.2713015675544739,-1.1690634948990919e-7,0.9624943733215332,-1.4421155469790393e-7,1,8.081244828872514e-8,-0.9624943733215332,-1.1687826884099195e-7,-0.2713015675544739],5,0.5711054801940918],[[770.3084716796875,226.46910095214845,48.61910629272461,-0.28844907879829409,-8.892750713584974e-8,0.9574952125549316,-1.111791547714347e-7,1,5.93819962091402e-8,-0.9574952125549316,-8.932483552825943e-8,-0.28844907879829409],5,0.5872361660003662],[[770.0032348632813,227.19857788085938,48.7529182434082,-0.3082035779953003,-5.399183677923247e-8,0.9513204097747803,-6.92093848897457e-8,1,3.4332551024363059e-8,-0.9513204097747803,-5.525888724378092e-8,-0.3082035779953003],5,0.6046137809753418],[[769.8203735351563,227.5953826904297,48.83391189575195,-0.31874120235443118,-3.305182261215123e-8,0.9478417634963989,-4.371115025492145e-8,1,2.0171381009959078e-8,-0.9478417634963989,-3.500180412174814e-8,-0.31874120235443118],5,0.6199305057525635],[[769.5767211914063,228.0767822265625,48.94206237792969,-0.3310631811618805,-5.157330118521486e-9,0.9436085820198059,-9.422270963455049e-9,1,2.159755041475364e-9,-0.9436085820198059,-8.175920385156133e-9,-0.3310631811618805],5,0.6367099285125732],[[769.3330688476563,228.50367736816407,49.05021667480469,-0.34170061349868777,2.270782673008398e-8,0.9398088455200195,2.51135450213269e-8,1,-1.503126156876533e-8,-0.9398088455200195,1.846574093633535e-8,-0.34170061349868777],5,0.6551659107208252],[[769.0894165039063,228.87606811523438,49.15837097167969,-0.3508186638355255,5.0543807361691509e-8,0.9364433884620667,5.982303719065385e-8,1,-3.156279149152397e-8,-0.9364433884620667,4.494807015475999e-8,-0.3508186638355255],5,0.6699323654174805],[[768.8457641601563,229.1939697265625,49.26652526855469,-0.35862648487091067,7.835097193265028e-8,0.9334811568260193,9.464877592790799e-8,1,-4.757183802439613e-8,-0.9334811568260193,7.129232670877173e-8,-0.35862648487091067],5,0.6880686283111572],[[768.6021118164063,229.45736694335938,49.37467956542969,-0.36531320214271548,1.0612977519031119e-7,0.9308846592903137,1.2954708950019268e-7,1,-6.31705674436489e-8,-0.9308846592903137,9.751635587917917e-8,-0.36531320214271548],5,0.7029204368591309],[[768.2975463867188,229.7099609375,49.50987243652344,-0.3724094331264496,1.0089965485349239e-7,0.9280685186386108,1.2410534111495509e-7,1,-5.891984500294711e-8,-0.9280685186386108,9.323596117383204e-8,-0.3724094331264496],5,0.7236728668212891],[[768.1148071289063,229.82064819335938,49.59098815917969,-0.37603309750556948,8.180526833712065e-8,0.9266062378883362,1.0111976678217616e-7,1,-4.724864410832197e-8,-0.9266062378883362,7.593114759174569e-8,-0.37603309750556948],5,0.7366681098937988],[[767.8102416992188,229.93701171875,49.72618103027344,-0.3812086582183838,5.001309233421125e-8,0.9244890213012695,6.26846059503805e-8,1,-2.825039402409857e-8,-0.9244890213012695,4.718193480357513e-8,-0.3812086582183838],5,0.7566440105438232],[[767.6275024414063,229.9659423828125,49.80729675292969,-0.3838648796081543,3.09565812983692e-8,0.9233892560005188,3.956884953026929e-8,1,-1.707566887887424e-8,-0.9233892560005188,2.998270076659537e-8,-0.3838648796081543],5,0.7794761657714844],[[767.3838500976563,229.9568328857422,49.91545104980469,-0.3869284987449646,5.569380956416126e-9,0.9221097230911255,8.703909593066328e-9,1,-2.3875577070953115e-9,-0.9221097230911255,7.10214553834021e-9,-0.3869284987449646],5,0.7889230251312256],[[767.1401977539063,229.8932342529297,50.02360534667969,-0.3895702362060547,-1.979361918813538e-8,0.9209967851638794,-2.2193248128132838e-8,1,1.2104050206573902e-8,-0.9209967851638794,-1.5724531010619104e-8,-0.3895702362060547],5,0.8039093017578125],[[766.8963012695313,229.77513122558595,50.13140106201172,-0.39169082045555117,-4.513282192419865e-8,0.9200968742370606,-5.3104670882930807e-8,1,2.644526908568423e-8,-0.9200968742370606,-3.8503074506479609e-8,-0.39169082045555117],5,0.8206973075866699],[[766.6520385742188,229.60252380371095,50.2384147644043,-0.3931495249271393,-7.044875616202262e-8,0.9194745421409607,-8.400614603942813e-8,1,4.0699095649188169e-8,-0.9194745421409607,-6.124068363533297e-8,-0.3931495249271393],5,0.837627649307251],[[766.3457641601563,229.3101348876953,50.37013626098633,-0.3937292695045471,-1.0206207434748649e-7,0.9192264676094055,-1.2256562342827238e-7,1,5.8532254598731018e-8,-0.9192264676094055,-8.961971076359987e-8,-0.3937292695045471],5,0.855384349822998],[[766.1614379882813,229.0938262939453,50.44771194458008,-0.3933366537094116,-1.2101379809337232e-7,0.9193944931030273,-1.4563605077455578e-7,1,6.931715290647844e-8,-0.9193944931030273,-1.0663201521765586e-7,-0.3933366537094116],5,0.8719279766082764],[[765.9144287109375,228.75772094726563,50.54818344116211,-0.39143112301826479,-9.373470533091677e-8,0.9202073812484741,-1.1291058399365284e-7,1,5.383350298870937e-8,-0.9202073812484741,-8.282904673251324e-8,-0.39143112301826479],5,0.8880863189697266],[[765.6660766601563,228.3671112060547,50.6452522277832,-0.38805168867111208,-6.647595540698603e-8,0.9216375946998596,-8.01837600761246e-8,1,3.8367044652432017e-8,-0.9216375946998596,-5.901197397406577e-8,-0.38805168867111208],5,0.904141902923584],[[765.353759765625,227.80221557617188,50.761634826660159,-0.3818695843219757,-3.24287299235948e-8,0.9242162108421326,-3.936277437333047e-8,1,1.882382427709217e-8,-0.9242162108421326,-2.9191468797762356e-8,-0.3818695843219757],5,0.9226880073547363],[[765.1653442382813,227.4224090576172,50.82871627807617,-0.37733227014541628,-1.2013464889548687e-8,0.9260779619216919,-1.4961536010105193e-8,1,6.87630485884938e-9,-0.9260779619216919,-1.1260897103682055e-8,-0.37733227014541628],5,0.9383490085601807],[[764.9127197265625,226.86830139160157,50.91405487060547,-0.3699593245983124,1.5192728852753136e-8,0.9290479421615601,1.7426186715852056e-8,1,-9.413667179103414e-9,-0.9290479421615601,1.2707088714591919e-8,-0.3699593245983124],5,0.9544947147369385],[[764.6588745117188,226.2596893310547,50.99576950073242,-0.361611545085907,4.238364681441453e-8,0.9323288798332214,4.9598863682831509e-8,1,-2.6222641835715878e-8,-0.9323288798332214,3.6760042121386508e-8,-0.361611545085907],5,0.9704535007476807],[[764.404052734375,225.59658813476563,51.07430648803711,-0.3526982069015503,6.955967535304808e-8,0.935737133026123,8.15285616795336e-8,1,-4.360700955885477e-8,-0.935737133026123,6.090918702739146e-8,-0.3526982069015503],7,0.9878895282745361],[[764.1483764648438,225.47149658203126,51.15010070800781,-0.34353071451187136,8.359575787153517e-8,0.9391414523124695,9.782998944274368e-8,1,-5.322750240566165e-8,-0.9391414523124695,7.359091114267358e-8,-0.34353071451187136],7,1.0047197341918946],[[763.891845703125,225.54824829101563,51.22283172607422,-0.3340695798397064,5.8259352897493957e-8,0.942548394203186,6.803834651236684e-8,1,-3.7695475185728358e-8,-0.942548394203186,5.153652082867666e-8,-0.3340695798397064],8,1.0215959548950196],[[763.5699462890625,225.62478637695313,51.30921173095703,-0.3216244578361511,2.6607473557760387e-8,0.9468672871589661,3.110744017931211e-8,1,-1.7534199869828627e-8,-0.9468672871589661,2.3815189820197703e-8,-0.3216244578361511],8,1.039088249206543],[[763.3123779296875,226.49790954589845,51.377906799316409,-0.3115301728248596,1.3013758959345978e-9,0.9502362608909607,1.8392500855668459e-9,1,-7.665398316092364e-10,-0.9502362608909607,1.5089217653141418e-9,-0.3115301728248596],3,1.058035135269165],[[763.11767578125,227.11953735351563,51.423641204833987,-0.3031504154205322,-1.7668932983383457e-8,0.9529427289962769,-1.993733178551338e-8,1,1.2198972498822514e-8,-0.9529427289962769,-1.5301012012969296e-8,-0.3031504154205322],5,1.0783476829528809],[[762.8572998046875,227.9006805419922,51.48133850097656,-0.29157447814941409,-4.2950183853918136e-8,0.9565481543540955,-4.8713165057279187e-8,1,3.0052504484956447e-8,-0.9565481543540955,-3.7833945754073287e-8,-0.29157447814941409],5,1.087371826171875],[[762.5315551757813,228.80047607421876,51.552032470703128,-0.27802932262420657,-7.453007100366449e-8,0.9605726003646851,-8.430231446254766e-8,1,5.318864282344293e-8,-0.9605726003646851,-6.619049486289441e-8,-0.27802932262420657],5,1.1057755947113038],[[762.3359985351563,229.2994842529297,51.59381103515625,-0.27070990204811098,-9.346540963406369e-8,0.9626609683036804,-1.0549037909868275e-7,1,6.74257307764492e-8,-0.9626609683036804,-8.329865153200444e-8,-0.27070990204811098],5,1.1206889152526856],[[762.0748291015625,229.91712951660157,51.64779281616211,-0.26143255829811098,-1.1869675375919542e-7,0.9652217626571655,-1.3354626560158068e-7,1,8.680223828605449e-8,-0.9652217626571655,-1.062088230696645e-7,-0.26143255829811098],5,1.1366794109344483],[[761.8133544921875,230.4802703857422,51.699951171875,-0.2524663805961609,-9.21984337765025e-8,0.9676056504249573,-1.032629342034852e-7,1,6.834190457993827e-8,-0.9676056504249573,-8.266376738674808e-8,-0.2524663805961609],5,1.1538832187652588],[[761.5514526367188,230.98890686035157,51.75027847290039,-0.24378779530525208,-6.571983846015428e-8,0.9698286056518555,-7.324667450347988e-8,1,4.935221653568078e-8,-0.9698286056518555,-5.900525223978548e-8,-0.24378779530525208],5,1.1714107990264893],[[761.2893676757813,231.44305419921876,51.799556732177737,-0.23567187786102296,-3.9261813356006317e-8,0.9718326926231384,-4.349880811105322e-8,1,2.985119706977457e-8,-0.9718326926231384,-3.523847524888879e-8,-0.23567187786102296],5,1.1875994205474854],[[761.0271606445313,231.8426971435547,51.84830856323242,-0.2283368855714798,-1.2825167594598952e-8,0.9735822081565857,-1.4001070525182513e-8,1,9.88946524671519e-9,-0.9735822081565857,-1.1373062491770725e-8,-0.2283368855714798],5,1.2043776512145997],[[760.7647705078125,232.18783569335938,51.89620590209961,-0.22161085903644563,1.3589463776497724e-8,0.9751352071762085,1.527931381417602e-8,1,-1.0463576671781994e-8,-0.9751352071762085,1.258055348785092e-8,-0.22161085903644563],5,1.2202985286712647],[[760.5020141601563,232.47848510742188,51.941619873046878,-0.21472662687301637,3.9981564725621868e-8,0.9766741991043091,4.4349850014668848e-8,1,-3.1185908966335776e-8,-0.9766741991043091,3.6618910570496158e-8,-0.21472662687301637],5,1.2379565238952637],[[760.2388916015625,232.71463012695313,51.98507308959961,-0.20773030817508698,6.635063698468002e-8,0.9781861305236816,7.320365824625697e-8,1,-5.22845446937481e-8,-0.9781861305236816,6.074571956560249e-8,-0.20773030817508698],5,1.2532613277435303],[[759.9096069335938,232.93316650390626,52.03651428222656,-0.19876688718795777,9.927873634296702e-8,0.980046808719635,1.0894923008208934e-7,1,-7.920360189928033e-8,-0.980046808719635,9.103229103857302e-8,-0.19876688718795777],5,1.2724931240081788],[[759.7117309570313,233.02342224121095,52.065773010253909,-0.19336947798728944,1.1901743590669867e-7,0.9811260104179382,1.3022622624703218e-7,1,-9.564077885215738e-8,-0.9811260104179382,1.0927432469998166e-7,-0.19336947798728944],5,1.2938222885131837],[[759.4476318359375,233.0960693359375,52.102787017822269,-0.1860426366329193,9.304432779799754e-8,0.9825416803359985,1.0130447947176435e-7,1,-7.551575009756562e-8,-0.9825416803359985,8.548672525421353e-8,-0.1860426366329193],5,1.3047916889190674],[[759.1832275390625,233.1142120361328,52.137550354003909,-0.17853935062885285,6.709601763077444e-8,0.9839327931404114,7.259112777546761e-8,1,-5.501965816279153e-8,-0.9839327931404114,6.160161802881703e-8,-0.17853935062885285],5,1.3209195137023926],[[758.9185791015625,233.07786560058595,52.17000198364258,-0.17087401449680329,4.117324081676088e-8,0.985292911529541,4.4097859586145208e-8,1,-3.414016447322865e-8,-0.985292911529541,3.761563860393835e-8,-0.17087401449680329],5,1.3374865055084229],[[758.653564453125,232.9870147705078,52.19974899291992,-0.16290779411792756,1.527679849289143e-8,0.9866412878036499,1.5832604560728215e-8,1,-1.2869461940567817e-8,-0.9866412878036499,1.3524566355727075e-8,-0.16290779411792756],5,1.3546252250671387],[[758.3882446289063,232.84165954589845,52.226322174072269,-0.15445144474506379,-1.0592290600186516e-8,0.9880003929138184,-1.2186569975369821e-8,1,8.815844054765876e-9,-0.9880003929138184,-1.0678716577672276e-8,-0.15445144474506379],5,1.3715944290161133],[[758.1226196289063,232.6417999267578,52.24924850463867,-0.14532971382141114,-3.643273771558597e-8,0.9893832802772522,-3.9927599004840889e-8,1,3.095874845371327e-8,-0.9893832802772522,-3.5004472209720919e-8,-0.14532971382141114],5,1.386885643005371],[[757.8565673828125,232.387451171875,52.26727294921875,-0.13507065176963807,-6.224275495014808e-8,0.990835964679718,-6.733031909789134e-8,1,5.3639961805629358e-8,-0.990835964679718,-5.9468117541428e-8,-0.13507065176963807],5,1.4048106670379639],[[757.5900268554688,232.07859802246095,52.27463150024414,-0.1213683933019638,-8.801877271480407e-8,0.9926075339317322,-9.416781665549934e-8,1,7.716018046721729e-8,-0.9926075339317322,-8.410687968307684e-8,-0.1213683933019638],5,1.420849084854126],[[757.3234252929688,231.71524047851563,52.2707633972168,-0.10381855070590973,-1.1375401953728215e-7,0.9945962429046631,-1.2020754525110534e-7,1,1.0182448306750303e-7,-0.9945962429046631,-1.0898669700054598e-7,-0.10381855070590973],5,1.4383893013000489],[[757.0574340820313,231.29737854003907,52.25294494628906,-0.08172386884689331,-7.489591524745265e-8,0.9966549873352051,-7.764116105590802e-8,1,6.878084946038143e-8,-0.9966549873352051,-7.17604109468084e-8,-0.08172386884689331],7,1.454268455505371],[[756.8117065429688,230.69842529296876,52.07099914550781,0.05077049508690834,-2.666702059173076e-8,0.9987103343009949,-2.1511327830125994e-8,1,2.779500718474992e-8,-0.9987103343009949,-2.289475098393723e-8,0.05077049508690834],7,1.473062515258789],[[756.7645263671875,230.4740753173828,51.898929595947269,0.1955554038286209,1.600844456994821e-9,0.9806926250457764,9.000840073269956e-9,1,-3.4271772086924558e-9,-0.9806926250457764,9.49726075560875e-9,0.1955554038286209],8,1.4962987899780274],[[756.8340454101563,230.47900390625,51.649688720703128,0.40850672125816347,3.709364193582587e-8,0.9127553105354309,3.8295890902873e-8,1,-5.777865297318385e-8,-0.9127553105354309,5.855774531937641e-8,0.40850672125816347],8,1.5104296207427979],[[756.9440307617188,230.50852966308595,51.407169342041019,0.5952076315879822,4.9641286636870066e-8,0.8035719394683838,3.569620332655177e-8,1,-8.82160477999605e-8,-0.8035719394683838,8.11913309917145e-8,0.5952076315879822],8,1.52055025100708],[[757.0751953125,230.5078125,51.175140380859378,0.7433786988258362,4.3073949740346509e-8,0.668870747089386,1.545098804456302e-8,1,-8.157014264043028e-8,-0.668870747089386,7.097222010088444e-8,0.7433786988258362],8,1.5368521213531495],[[757.26025390625,230.5458526611328,50.89799880981445,0.8752972483634949,3.667788561756424e-8,0.48358526825904848,-4.666463659930287e-9,1,-6.73993696409525e-8,-0.48358526825904848,5.673785352655614e-8,0.8752972483634949],8,1.5550031661987305],[[757.41015625,231.41897583007813,50.67741775512695,0.9472390413284302,3.3166237756177e-8,0.32052797079086306,-1.7152311571067004e-8,1,-5.278447545720155e-8,-0.32052797079086306,4.450172141901021e-8,0.9472390413284302],3,1.5726337432861329],[[757.5333251953125,232.0406036376953,50.52009963989258,0.9772564172744751,3.14943271462198e-8,0.21206113696098329,-2.3354946421250135e-8,1,-4.0887051966365109e-8,-0.21206113696098329,3.50044579988662e-8,0.9772564172744751],5,1.593897819519043],[[757.71044921875,232.82174682617188,50.320831298828128,0.9965975284576416,3.037404283645628e-8,0.08242166042327881,-2.8446418554040066e-8,1,-2.4561645162179958e-8,-0.08242166042327881,2.2133475496843859e-8,0.9965975284576416],5,1.6045632362365723],[[757.8939819335938,233.54840087890626,50.12731170654297,0.9993897080421448,3.0414440743697926e-8,-0.0349309965968132,-3.071659548936623e-8,1,-8.113376637197689e-9,0.0349309965968132,9.181386317891338e-9,0.9993897080421448],5,1.6215543746948243],[[758.084228515625,234.22055053710938,49.94046401977539,0.9901108741760254,3.1500302810627548e-8,-0.14028719067573548,-3.0666285510960736e-8,1,8.106789017858773e-9,0.14028719067573548,-3.72453268226991e-9,0.9901108741760254],5,1.6373388767242432],[[758.2781982421875,234.83819580078126,49.75749969482422,0.972513735294342,3.351469857193479e-8,-0.2328454852104187,-2.875307281158257e-8,1,2.3843881535867696e-8,0.2328454852104187,-1.6493478582901845e-8,0.972513735294342],5,1.6541924476623536],[[758.5222778320313,235.53359985351563,49.53055191040039,0.9436700344085693,3.714888663353122e-8,-0.3308880627155304,-2.440960145122517e-8,1,4.265574915507386e-8,0.3308880627155304,-3.2176103559322658e-8,0.9436700344085693],5,1.6725378036499024],[[758.6688842773438,235.90997314453126,49.39448165893555,0.924976110458374,3.9838923271418028e-8,-0.3800252377986908,-2.111184471687011e-8,1,5.3446374437271518e-8,0.3800252377986908,-4.1413585449845416e-8,0.924976110458374],5,1.688929796218872],[[758.8651123046875,236.36412048339845,49.213932037353519,0.8999980092048645,4.3911356328862897e-8,-0.4358939528465271,-1.6188266727112933e-8,1,6.731442425689238e-8,0.4358939528465271,-5.352648102530111e-8,0.8999980092048645],5,1.7044003009796143],[[759.1116333007813,236.85516357421876,48.989559173583987,0.8690866231918335,4.966205935375001e-8,-0.4946599304676056,-9.354153895912987e-9,1,8.39617086967337e-8,0.4946599304676056,-6.834287091805891e-8,0.8690866231918335],5,1.7217621803283692],[[759.260986328125,237.10890197753907,48.856502532958987,0.8512710928916931,5.3414389356021277e-8,-0.524726152420044,-5.033021110989466e-9,1,9.362964448200728e-8,0.524726152420044,-7.70632482272049e-8,0.8512710928916931],5,1.7387309074401856],[[759.4628295898438,237.39955139160157,48.68223190307617,0.8282676339149475,5.8715535544706657e-8,-0.5603326559066773,9.591776262141139e-10,1,1.062047516597886e-7,0.5603326559066773,-8.850341970401132e-8,0.8282676339149475],5,1.7531425952911378],[[759.6676635742188,237.6356964111328,48.511474609375,0.8058049082756043,6.432095744912658e-8,-0.5921810865402222,7.231267140639375e-9,1,1.1845691716416695e-7,0.5921810865402222,-9.973538084295797e-8,0.8058049082756043],5,1.770693302154541],[[759.8756713867188,237.8173370361328,48.344627380371097,0.7838953733444214,7.019779246775215e-8,-0.6208929419517517,1.3745811600074376e-8,1,1.3041390900525585e-7,0.6208929419517517,-1.1076553363409403e-7,0.7838953733444214],5,1.7875795364379883],[[760.0872802734375,237.94448852539063,48.18244171142578,0.762307345867157,7.631972920307817e-8,-0.6472151875495911,2.052170167132772e-8,1,1.4209116727670335e-7,0.6472151875495911,-1.2159910056652735e-7,0.762307345867157],5,1.8048210144042969],[[760.30322265625,238.0171356201172,48.02607345581055,0.7406067848205566,8.266761142294854e-8,-0.6719386577606201,2.763183815090997e-8,1,1.5348415161042795e-7,0.6719386577606201,-1.322383127444482e-7,0.7406067848205566],5,1.8209528923034669],[[760.526123046875,238.0352783203125,47.8797721862793,0.7172804474830627,8.923328209675674e-8,-0.6967845559120178,3.5410305798677658e-8,1,1.645162654995147e-7,0.6967845559120178,-1.4267766346165446e-7,0.7172804474830627],5,1.8388845920562745],[[760.7530517578125,237.99893188476563,47.739749908447269,0.6933629512786865,9.601358641475599e-8,-0.7205885052680969,4.361103478345285e-8,1,1.7520659412184615e-7,0.7205885052680969,-1.5290737565010205e-7,0.6933629512786865],5,1.8619146347045899],[[760.981689453125,237.9080810546875,47.60259246826172,0.6704597473144531,8.413501006998558e-8,-0.7419459223747253,4.268422415520945e-8,1,1.5196938818462514e-7,0.7419459223747253,-1.3355874273202063e-7,0.6704597473144531],5,1.8706550598144532],[[761.210693359375,237.76272583007813,47.465797424316409,0.6497645378112793,5.285595250370534e-8,-0.7601355314254761,3.0603757750213848e-8,1,9.569502879003267e-8,0.7601355314254761,-8.544223817352759e-8,0.6497645378112793],5,1.8880305290222169],[[761.439697265625,237.5628662109375,47.329017639160159,0.6315110325813294,2.0902509945130988e-8,-0.7753668427467346,1.635218183082543e-8,1,4.0276539436945316e-8,0.7753668427467346,-3.811402038422784e-8,0.6315110325813294],5,1.9023475646972657],[[761.6690063476563,237.3085174560547,47.19291305541992,0.6152804493904114,-1.1612050876408376e-8,-0.788308322429657,4.3032130636611046e-10,1,-1.4394472280798709e-8,0.788308322429657,8.517409888497696e-9,0.6152804493904114],5,1.9202265739440919],[[761.8984985351563,236.99966430664063,47.05692672729492,0.6010112166404724,-4.459721480998269e-8,-0.7992405891418457,-1.6779624800733474e-8,1,-6.841739264018543e-8,0.7992405891418457,5.4530580939626819e-8,0.6010112166404724],5,1.9381523132324219],[[762.1279907226563,236.6363067626953,46.92094039916992,0.5885806083679199,-7.797310530577306e-8,-0.8084385395050049,-3.495134848208181e-8,1,-1.21895212146228e-7,0.8084385395050049,1.0000117356412375e-7,0.5885806083679199],5,1.954906940460205],[[762.356201171875,236.21844482421876,46.78290939331055,0.5785750150680542,-6.386295581251034e-8,-0.8156291842460632,-3.139416904218706e-8,1,-1.0056878352315835e-7,0.8156291842460632,8.379258531476808e-8,0.5785750150680542],7,1.9705610275268555],[[762.5812377929688,235.74609375,46.63982009887695,0.5721104145050049,-4.967071376427157e-8,-0.8201766014099121,-2.712536861793069e-8,1,-7.948217017883508e-8,0.8201766014099121,6.772016547529347e-8,0.5721104145050049],7,1.987645149230957],[[762.7021484375,235.5203857421875,46.562381744384769,0.5702713131904602,-3.188758412875359e-8,-0.8214564323425293,-2.10218367158177e-8,1,-5.341212627740788e-8,0.8214564323425293,4.772792649987423e-8,0.5702713131904602],8,2.0071792602539064],[[762.63232421875,235.5710906982422,46.45713424682617,0.6874920725822449,-1.829884865856002e-8,-0.7261918783187866,-9.927300759215996e-9,1,-3.4596627784821979e-8,0.7261918783187866,3.099403045325744e-8,0.6874920725822449],8,2.0354719161987306],[[762.41796875,235.6233673095703,46.21449661254883,0.8474909067153931,-4.325492852785828e-9,-0.5308098793029785,-1.9780151128134805e-10,1,-8.464664524865384e-9,0.5308098793029785,7.278721181336323e-9,0.8474909067153931],8,2.053187370300293],[[762.23193359375,235.61717224121095,46.023582458496097,0.9312688112258911,3.848718677090801e-9,-0.36433276534080508,1.3544567689649512e-9,1,1.4025864913946862e-8,0.36433276534080508,-1.355532397440129e-8,0.9312688112258911],8,2.061150312423706],[[762.0914916992188,236.2694549560547,45.88121795654297,0.9720863103866577,8.16520628887929e-9,-0.23462362587451936,-9.250493149259853e-10,1,3.0968656972163447e-8,0.23462362587451936,-2.9887168295772429e-8,0.9720863103866577],3,2.074056386947632],[[761.9434204101563,236.89108276367188,45.7469482421875,0.992397665977478,1.0976595632428144e-8,-0.12307266891002655,-5.161153726618295e-9,1,4.757091076612596e-8,0.12307266891002655,-4.657406194041869e-8,0.992397665977478],5,2.094510793685913],[[761.7401123046875,237.67222595214845,45.57441711425781,0.9999247789382935,1.2718718522819472e-8,0.01226613949984312,-1.3564612544314514e-8,1,6.887849224312959e-8,-0.01226613949984312,-6.903969307359148e-8,0.9999247789382935],5,2.1039555072784426],[[761.5354614257813,238.3988800048828,45.40346145629883,0.9911580085754395,1.2365626744781366e-8,0.13268683850765229,-2.439482926774872e-8,1,8.903297299411861e-8,-0.13268683850765229,-9.148261881364306e-8,0.9911580085754395],5,2.1204450130462648],[[761.3306274414063,239.07102966308595,45.232669830322269,0.9718844890594482,1.020267781370876e-8,0.23545822501182557,-3.6685964488469838e-8,1,1.080949232346029e-7,-0.23545822501182557,-1.1369379393499912e-7,0.9718844890594482],5,2.1371641159057619],[[761.1257934570313,239.6886749267578,45.0618782043457,0.9467914700508118,6.519852657760339e-9,0.3218475878238678,-4.979940371185876e-8,1,1.2623925726984454e-7,-0.3218475878238678,-1.3555006717069774e-7,0.9467914700508118],5,2.1544601917266847],[[760.9209594726563,240.25181579589845,44.89108657836914,0.9191036820411682,1.5744009429496942e-9,0.3940158188343048,-6.330397894771522e-8,1,1.436706611457339e-7,-0.3940158188343048,-1.569910068610625e-7,0.9191036820411682],5,2.171391248703003],[[760.7161254882813,240.7604522705078,44.72029495239258,0.8909294605255127,-4.415115828493299e-9,0.4541417360305786,-7.690250924952125e-8,1,1.6058824314768572e-7,-0.4541417360305786,-1.7799743545765524e-7,0.8909294605255127],5,2.1870946884155275],[[760.5112915039063,241.214599609375,44.549503326416019,0.8635889887809753,-5.810797620853236e-9,0.5041964650154114,-5.986330364748938e-8,1,1.1405888500348738e-7,-0.5041964650154114,-1.2868285637068767e-7,0.8635889887809753],5,2.2037134170532228],[[760.3064575195313,241.61424255371095,44.37871170043945,0.8378596305847168,-5.734131391932351e-9,0.5458857417106628,-3.891424782409558e-8,1,7.02322893175733e-8,-0.5458857417106628,-8.008753837884797e-8,0.8378596305847168],5,2.220284938812256],[[760.1016235351563,241.95938110351563,44.20792007446289,0.8141525983810425,-4.454256519181854e-9,0.5806509256362915,-1.504384883332932e-8,1,2.8764691961669088e-8,-0.5806509256362915,-3.215407318180041e-8,0.8141525983810425],5,2.2413899898529054],[[759.8963623046875,242.25003051757813,44.03774642944336,0.7924425005912781,-2.1842623265655449e-9,0.609946608543396,1.098839153002018e-8,1,-1.0695035967955846e-8,-0.609946608543396,1.5177532119992067e-8,0.7924425005912781],5,2.253958225250244],[[759.6910400390625,242.48617553710938,43.867671966552737,0.7728623151779175,9.074271334341688e-10,0.6345736980438232,3.862151132238978e-8,1,-4.846802781344195e-8,-0.6345736980438232,6.196730595320332e-8,0.7728623151779175],5,2.2703683376312258],[[759.4861450195313,242.66781616210938,43.696990966796878,0.755628228187561,4.6762735905758749e-9,0.6550007462501526,6.738773805636811e-8,1,-8.487982228189139e-8,-0.6550007462501526,1.0827660901213676e-7,0.755628228187561],5,2.2865195274353029],[[759.2818603515625,242.7949676513672,43.52559280395508,0.7407038807868958,8.99759644568121e-9,0.6718316674232483,9.690980107279757e-8,1,-1.202370611963488e-7,-0.6718316674232483,1.5416712528804056e-7,0.7407038807868958],5,2.3049962520599367],[[759.0272827148438,242.87725830078126,43.3104362487793,0.724850058555603,8.239656068553814e-9,0.6889066696166992,7.718333705497571e-8,1,-9.317081861581755e-8,-0.6889066696166992,1.207069857400711e-7,0.724850058555603],5,2.322474718093872],[[758.874755859375,242.88575744628907,43.181060791015628,0.7167361378669739,7.630333698216419e-9,0.6973444819450378,6.479380232349286e-8,1,-7.753757103046155e-8,-0.6973444819450378,1.007575747280498e-7,0.7167361378669739],5,2.338733196258545],[[758.6719970703125,242.8494110107422,43.00789260864258,0.7075521945953369,6.674238495207874e-9,0.7066611051559448,4.7770651434575487e-8,1,-5.7275642006970887e-8,-0.7066611051559448,7.428316450841521e-8,0.7075521945953369],5,2.3597729206085207],[[758.4697875976563,242.75856018066407,42.834014892578128,0.6998741626739502,5.582633466616471e-9,0.7142661809921265,3.0329516675919879e-8,1,-3.7534295671548537e-8,-0.7142661809921265,4.7932630309333038e-8,0.6998741626739502],5,2.3717684745788576],[[758.2682495117188,242.6132049560547,42.65943145751953,0.6935616731643677,4.381975227119028e-9,0.7203972935676575,1.2584718156460895e-8,1,-1.819864436924945e-8,-0.7203972935676575,2.1687878160037145e-8,0.6935616731643677],5,2.387420892715454],[[758.0672607421875,242.41334533691407,42.48414611816406,0.6884531378746033,3.0945668250126347e-9,0.7252808213233948,-5.37027311509064e-9,1,8.308704835258141e-10,-0.7252808213233948,-4.466971681438281e-9,0.6884531378746033],5,2.404602289199829],[[757.8665771484375,242.15899658203126,42.3084602355957,0.6842795014381409,1.7383493533529304e-9,0.7292198538780212,-2.3463575971049978e-8,1,1.963371509816625e-8,-0.7292198538780212,-3.0545052709385348e-8,0.6842795014381409],5,2.4201691150665285],[[757.6658935546875,241.8501434326172,42.13272476196289,0.6807495951652527,3.2616925826900458e-10,0.7325162291526794,-4.165017841728513e-8,1,3.8261507739889569e-8,-0.7325162291526794,-5.655593682263316e-8,0.6807495951652527],5,2.437793731689453],[[757.4652099609375,241.48678588867188,41.95698928833008,0.6777171492576599,-1.1329661653292079e-9,0.7353227138519287,-5.99010050450488e-8,1,5.674909786534954e-8,-0.7353227138519287,-8.250640348705929e-8,0.6777171492576599],7,2.454177141189575],[[757.2645263671875,241.0689239501953,41.781253814697269,0.6751052737236023,-2.6318429657834487e-9,0.7377213835716248,-7.819368619266243e-8,1,7.512431210443538e-8,-0.7377213835716248,-1.0840197717243427e-7,0.6751052737236023],7,2.4698848724365236],[[757.0638427734375,240.75672912597657,41.60551834106445,0.6728554964065552,-3.0097730974176786e-9,0.7397739887237549,-7.149672143214048e-8,1,6.909777283681251e-8,-0.7397739887237549,-9.938422351751797e-8,0.6728554964065552],8,2.4874491691589357],[[756.8236083984375,240.79345703125,41.5468635559082,0.6156017184257507,-1.6857478746246102e-9,0.7880574464797974,-4.307151613147653e-8,1,3.578501406309442e-8,-0.7880574464797974,-5.597214425279162e-8,0.6156017184257507],8,2.5056183338165285],[[756.5674438476563,240.8592529296875,41.7108154296875,0.4310726225376129,2.5608060116866229e-9,0.902317225933075,-4.881046233862207e-9,1,-5.061641661363581e-10,-0.902317225933075,-4.186058610855525e-9,0.4310726225376129],8,2.5304160118103029],[[756.4353637695313,240.87741088867188,41.86026382446289,0.3049014210700989,6.621267978346168e-9,0.9523839354515076,2.1909215774940095e-8,1,-1.3966446665847343e-8,-0.9523839354515076,2.5124375468976724e-8,0.3049014210700989],8,2.545903205871582],[[756.2617797851563,240.85597229003907,42.062625885009769,0.14645281434059144,1.315962361303491e-8,0.9892176389694214,5.998619201363909e-8,1,-2.218396488729013e-8,-0.9892176389694214,6.258830609340294e-8,0.14645281434059144],8,2.553837537765503],[[756.0899658203125,240.78004455566407,42.266605377197269,0.004052956588566303,2.0528231559069355e-8,0.999991774559021,9.866434425020998e-8,1,-2.0928284882870686e-8,-0.999991774559021,9.87483517178589e-8,0.004052956588566303],8,2.57108211517334],[[755.919677734375,240.78436279296876,42.471824645996097,-0.11979279667139054,2.074570382148977e-8,0.992798924446106,1.003204133098734e-7,1,-8.791348093950546e-9,-0.992798924446106,9.85448522783372e-8,-0.11979279667139054],8,2.5877525806427],[[755.7069702148438,241.86810302734376,42.72853469848633,-0.26685184240341189,1.1018888024239004e-8,0.9637375473976135,5.495662946941593e-8,1,3.7835925503770799e-9,-0.9637375473976135,5.397342661694893e-8,-0.26685184240341189],3,2.607340097427368],[[755.5796508789063,242.47950744628907,42.88275909423828,-0.33536630868911745,4.829258770655542e-9,0.9420878291130066,2.7328036722451544e-8,1,4.6021657595929359e-9,-0.9420878291130066,2.7288821868864944e-8,-0.33536630868911745],5,2.6284286975860597],[[755.4099731445313,243.2470245361328,43.08844757080078,-0.40698233246803286,-3.784278668206298e-9,0.9134360551834106,-9.181303717298306e-9,1,5.216616028036469e-11,-0.9134360551834106,-8.365303116875112e-9,-0.40698233246803286],5,2.636141300201416],[[755.2402954101563,243.96005249023438,43.29413604736328,-0.4657553434371948,-1.2794415304995255e-8,0.8849135637283325,-4.504480344280637e-8,1,-9.249990995385815e-9,-0.8849135637283325,-4.416898846670847e-8,-0.4657553434371948],5,2.6558949947357179],[[755.0706176757813,244.6185760498047,43.49982452392578,-0.5145273208618164,-2.219222672295018e-8,0.8574739694595337,-8.014946217826946e-8,1,-2.221275785529997e-8,-0.8574739694595337,-8.01551536255829e-8,-0.5145273208618164],5,2.6797189712524416],[[754.9002685546875,245.22259521484376,43.70500946044922,-0.554848849773407,-3.196322140297525e-8,0.8319511413574219,-1.145170571703602e-7,1,-3.795467762301996e-8,-0.8319511413574219,-1.1633170515779057e-7,-0.554848849773407],5,2.6871113777160646],[[754.7279663085938,245.77210998535157,43.90857696533203,-0.5875764489173889,-4.208225945490085e-8,0.8091686367988586,-1.4827749339474395e-7,1,-5.566467820017351e-8,-0.8091686367988586,-1.5268875586116338e-7,-0.5875764489173889],5,2.7040505409240724],[[754.5524291992188,246.2671356201172,44.10928726196289,-0.6133156418800354,-3.3337705929170627e-8,0.7898379564285278,-1.1590165627239912e-7,1,-4.779029794121925e-8,-0.7898379564285278,-1.2085405387551874e-7,-0.6133156418800354],5,2.722461700439453],[[754.372802734375,246.70765686035157,44.306365966796878,-0.6328139305114746,-2.4362963202406719e-8,0.7743039131164551,-8.425546127455164e-8,1,-3.739496179377966e-8,-0.7743039131164551,-8.890338420997068e-8,-0.6328139305114746],5,2.