[[[775.3086547851563,222.69961547851563,46.998409271240237,0.875213623046875,6.62337171775107e-8,0.4837366044521332,-1.0783330850472339e-7,1,5.817931381102426e-8,-0.4837366044521332,-1.0308225029120877e-7,0.875213623046875],8,0.006787300109863281],[[774.9754028320313,222.69961547851563,46.99764633178711,0.7709268927574158,3.6802660474677398e-8,0.6369236707687378,-6.688674858423838e-8,1,2.317724323575021e-8,-0.6369236707687378,-6.046971634532383e-8,0.7709268927574158],8,0.029096603393554689],[[774.7088012695313,222.69961547851563,46.99703598022461,0.6853643655776978,1.4809343085175897e-8,0.7282003164291382,-2.9610468743612729e-8,1,7.531744117272865e-9,-0.7282003164291382,-2.6724341850581369e-8,0.6853643655776978],8,0.0405726432800293],[[774.4421997070313,222.69961547851563,46.99642562866211,0.604132354259491,-6.345791003781187e-9,0.7968840003013611,9.328141814535229e-9,1,8.914202154208795e-10,-0.7968840003013611,6.894910864474468e-9,0.604132354259491],8,0.055973052978515628],[[774.2422485351563,222.69961547851563,46.995967864990237,0.5475693345069885,-2.184466296739629e-8,0.8367602825164795,3.883763710632593e-8,1,6.911946015542014e-10,-0.8367602825164795,3.211931698388071e-8,0.5475693345069885],8,0.0719766616821289],[[773.9756469726563,222.69961547851563,46.995357513427737,0.47826719284057619,-4.21741717104851e-8,0.8782143592834473,7.801016010944295e-8,1,5.539045666580478e-9,-0.8782143592834473,6.58605046055527e-8,0.47826719284057619],8,0.09319663047790528],[[773.7756958007813,222.69961547851563,46.99489974975586,0.4310409426689148,-5.7232902861414917e-8,0.9023323655128479,1.0704953723461586e-7,1,1.229056145746199e-8,-0.9023323655128479,9.129652767114749e-8,0.4310409426689148],8,0.10039114952087403],[[773.6423950195313,222.69961547851563,46.99459457397461,0.40219736099243166,-5.757227938829601e-8,0.9155529737472534,1.0796535576673705e-7,1,1.5453935020559585e-8,-0.9155529737472534,9.263247591206891e-8,0.40219736099243166],8,0.10981106758117676],[[773.4424438476563,222.69961547851563,46.994136810302737,0.36225494742393496,-4.36668656789152e-8,0.932079017162323,8.200075285458297e-8,1,1.497907931025111e-8,-0.932079017162323,7.10049405938662e-8,0.36225494742393496],8,0.12087416648864746],[[773.2424926757813,222.69961547851563,46.99367904663086,0.3257810175418854,-2.982709901289127e-8,0.9454452395439148,5.624104915114003e-8,1,1.2168692720138097e-8,-0.9454452395439148,4.920850571465962e-8,0.3257810175418854],8,0.13395953178405763],[[772.9758911132813,222.69961547851563,46.99306869506836,0.28199997544288638,-1.1463784588272575e-8,0.9594144225120544,2.2308652702918154e-8,1,5.3915649722569018e-9,-0.9594144225120544,1.9882820723182705e-8,0.28199997544288638],8,0.147261381149292],[[772.8425903320313,222.69961547851563,46.99276351928711,0.2622886896133423,-2.3175548147236215e-9,0.9649894833564758,5.536834102315424e-9,1,8.966998255033332e-10,-0.9649894833564758,5.1077919671627118e-9,0.2622886896133423],8,0.15916037559509278],[[772.6426391601563,222.69961547851563,46.992305755615237,0.23544546961784364,1.1361002805188037e-8,0.9718875885009766,-1.9378326499008837e-8,1,-6.9951178183202959e-9,-0.9718875885009766,-1.718658815264007e-8,0.23544546961784364],8,0.17037415504455567],[[772.4426879882813,222.69961547851563,46.99184799194336,0.211231991648674,2.4993521918759144e-8,0.9774359464645386,-4.4017419043029807e-8,1,-1.6057970952942925e-8,-0.9774359464645386,-3.9632251258581167e-8,0.211231991648674],8,0.18240618705749513],[[772.1094360351563,222.69961547851563,46.991085052490237,0.17546948790550233,4.7618119225489866e-8,0.984484851360321,-8.450939503745758e-8,1,-3.3306047697578836e-8,-0.984484851360321,-7.735403073638736e-8,0.17546948790550233],8,0.20344972610473634],[[771.9761352539063,222.69961547851563,46.990779876708987,0.162867933511734,5.663540036948689e-8,0.98664790391922,-1.0053481247496166e-7,1,-4.080635562786483e-8,-0.98664790391922,-9.254641497591365e-8,0.162867933511734],8,0.21316218376159669],[[771.7761840820313,222.69961547851563,46.99032211303711,0.1459847390651703,5.153363247245579e-8,0.9892868399620056,-9.129569633614665e-8,1,-3.8619592857003229e-8,-0.9892868399620056,-8.467975476378342e-8,0.1459847390651703],8,0.22486376762390138],[[771.5762329101563,222.69961547851563,46.989864349365237,0.13088886439800263,3.715832974648947e-8,0.9913970232009888,-6.569425892166692e-8,1,-2.880751104328283e-8,-0.9913970232009888,-6.135851293720407e-8,0.13088886439800263],8,0.2360973358154297],[[771.4429321289063,222.69961547851563,46.989559173583987,0.1217656061053276,2.7594355245241787e-8,0.9925588965415955,-4.8770946392551198e-8,1,-2.1818081563651505e-8,-0.9925588965415955,-4.575134582296414e-8,0.1217656061053276],8,0.24638009071350099],[[771.2429809570313,222.69961547851563,46.98910140991211,0.10928681492805481,1.3276286736640941e-8,0.9940102696418762,-2.357741912817346e-8,1,-1.0764058977486002e-8,-0.9940102696418762,-2.2259825982473559e-8,0.10928681492805481],8,0.2573740482330322],[[771.1096801757813,222.69961547851563,46.98879623413086,0.10170343518257141,3.748855892382608e-9,0.9948147535324097,-6.896266224742931e-9,1,-3.063366005306989e-9,-0.9948147535324097,-6.548952491414184e-9,0.10170343518257141],8,0.26723504066467287],[[770.9763793945313,222.69961547851563,46.98849105834961,0.09470398724079132,-5.7648534834697788e-9,0.9955054521560669,9.70281277545837e-9,1,4.867837244404427e-9,-0.9955054521560669,9.198200423554681e-9,0.09470398724079132],8,0.27723217010498049],[[770.7764282226563,222.69961547851563,46.988033294677737,0.08506672084331513,-2.00107805881089e-8,0.9963752627372742,3.44640476157565e-8,1,1.7141170260970285e-8,-0.9963752627372742,3.288097971676507e-8,0.08506672084331513],8,0.2890307903289795],[[770.5764770507813,222.69961547851563,46.98757553100586,0.07636713236570358,-3.422833572130912e-8,0.9970797896385193,5.908018607669874e-8,1,2.9803583601051289e-8,-0.9970797896385193,5.663164159841472e-8,0.07636713236570358],8,0.30055975914001467],[[770.3765258789063,222.69961547851563,46.987117767333987,0.06856368482112885,-4.841895417939668e-8,0.9976467490196228,8.3573162612538e-8,1,4.278956566849956e-8,-0.9976467490196228,8.044268184903558e-8,0.06856368482112885],8,0.31160473823547366],[[770.1765747070313,222.67919921875,46.98666000366211,0.06108781322836876,-5.3586258985660609e-8,0.9981324076652527,9.238299725211619e-8,1,4.803248643270308e-8,-0.9981324076652527,8.927626282684287e-8,0.06108781322836876],8,0.3231971263885498],[[769.9766235351563,223.3383026123047,46.986202239990237,0.053650230169296268,-4.0765741005088788e-8,0.9985597729682922,7.011863800698848e-8,1,3.7057230173331848e-8,-0.9985597729682922,6.80295215715887e-8,0.053650230169296268],3,0.3400447368621826],[[769.7100219726563,224.1739501953125,46.985591888427737,0.04586022347211838,-2.3705881702085209e-8,0.9989478588104248,4.0678362012158689e-8,1,2.1863366228558335e-8,-0.9989478588104248,3.9632901405184387e-8,0.04586022347211838],5,0.36344170570373537],[[769.4434204101563,224.95509338378907,46.984981536865237,0.03962814062833786,-6.680159536642805e-9,0.9992144703865051,1.1436492641792029e-8,1,6.231847482496278e-9,-0.9992144703865051,1.1180552483835982e-8,0.03962814062833786],5,0.37125492095947268],[[769.3101196289063,225.32522583007813,46.984676361083987,0.0369136705994606,1.8208816676690276e-9,0.9993184804916382,-3.1273197365067064e-9,1,-1.706603969253706e-9,-0.9993184804916382,-3.0621913893469356e-9,0.0369136705994606],5,0.38151097297668459],[[769.1101684570313,225.85488891601563,46.98421859741211,0.03326025977730751,1.455864317989608e-8,0.9994467496871948,-2.4913546781135666e-8,1,-1.3737612825082124e-8,-0.9994467496871948,-2.4442845969474548e-8,0.03326025977730751],5,0.3912065029144287],[[768.9102172851563,226.35389709472657,46.983760833740237,0.029992269352078439,2.7280588454914324e-8,0.9995501041412354,-4.663778696567533e-8,1,-2.5893463373449778e-8,-0.9995501041412354,-4.584020274478462e-8,0.029992269352078439],5,0.4028470516204834],[[768.7102661132813,226.82223510742188,46.98330307006836,0.027069151401519777,3.9987455124901319e-8,0.9996335506439209,-6.830891408071693e-8,1,-3.8152371928390497e-8,-0.9996335506439209,-6.725112910999087e-8,0.027069151401519777],5,0.4158663749694824],[[768.4436645507813,227.3990020751953,46.98269271850586,0.02361530065536499,5.690764126597969e-8,0.999721109867096,-9.713255622045836e-8,1,-5.4629062162803169e-8,-0.999721109867096,-9.581538762404307e-8,0.02361530065536499],5,0.43085479736328127],[[768.2437133789063,227.79580688476563,46.982234954833987,0.02134079858660698,6.958177323213022e-8,0.9997722506523132,-1.1870615423958952e-7,1,-6.706375899057093e-8,-0.9997722506523132,-1.1724792869927114e-7,0.02134079858660698],5,0.4442329406738281],[[768.1104125976563,228.04331970214845,46.981929779052737,0.019979149103164674,7.802390200595255e-8,0.9998003840446472,-1.330719783254608e-7,1,-7.538028512499295e-8,-0.9998003840446472,-1.3153938027699042e-7,0.019979149103164674],5,0.45443129539489748],[[767.9104614257813,228.3890380859375,46.98147201538086,0.018123650923371316,7.288663539384288e-8,0.999835729598999,-1.2424229112184549e-7,1,-7.064651441623937e-8,-0.999835729598999,-1.2294150053548948e-7,0.018123650923371316],5,0.46794724464416506],[[767.7105102539063,228.7041015625,46.981014251708987,0.016456035897135736,5.8863530938424449e-8,0.9998645782470703,-1.0027856234273713e-7,1,-5.72210900884329e-8,-0.9998645782470703,-9.93233513213454e-8,0.016456035897135736],5,0.47965407371520998],[[767.5105590820313,228.98851013183595,46.98055648803711,0.014962573535740376,4.4853479153061929e-8,0.9998880624771118,-7.636730714466467e-8,1,-4.3715722597426068e-8,-0.9998880624771118,-7.570466209472215e-8,0.014962573535740376],5,0.49370551109313967],[[767.3106079101563,229.24224853515626,46.980098724365237,0.01362635474652052,3.0856071475682259e-8,0.9999071359634399,-5.2502681313626456e-8,1,-3.014345040242006e-8,-0.9999071359634399,-5.208705999848462e-8,0.01362635474652052],5,0.5054922103881836],[[767.0440063476563,229.53289794921876,46.979488372802737,0.012047478929162026,1.2211876843082337e-8,0.9999274015426636,-2.0746730555742944e-8,1,-1.1962799639775313e-8,-0.9999274015426636,-2.060110304569207e-8,0.012047478929162026],5,0.519017219543457],[[766.8440551757813,229.71511840820313,46.97903060913086,0.011007758788764477,-1.7574034449907572e-9,0.9999394416809082,3.0278732854327474e-9,1,1.7241778005328002e-9,-0.9999394416809082,3.008710613983112e-9,0.011007758788764477],5,0.5333359241485596],[[766.6441040039063,229.86668395996095,46.978572845458987,0.010086335241794587,-1.5715167833718625e-8,0.9999491572380066,2.677030153108717e-8,1,1.5445937862068605e-8,-0.9999491572380066,2.661314724150543e-8,0.010086335241794587],5,0.5465285778045654],[[766.4441528320313,229.98757934570313,46.97811508178711,0.009264273568987847,-2.9661697098504193e-8,0.9999570846557617,5.048378071137449e-8,1,2.9195254214187117e-8,-0.9999570846557617,5.0211141910949667e-8,0.009264273568987847],5,0.5578446388244629],[[766.2442016601563,230.0778350830078,46.977657318115237,0.008529523387551308,-4.359724314895175e-8,0.999963641166687,7.417095559958398e-8,1,4.29661604073317e-8,-0.999963641166687,7.380177180493775e-8,0.008529523387551308],5,0.5690772533416748],[[766.0442504882813,230.13743591308595,46.97719955444336,0.0020409857388585808,-5.706230510327259e-8,0.9999979138374329,9.776828591157028e-8,1,5.6862880626340487e-8,-0.9999979138374329,9.765201980371785e-8,0.0020409857388585808],5,0.585533857345581],[[765.7109985351563,230.1686248779297,46.976436614990237,0.0022470206022262575,-8.027632958373943e-8,0.9999974966049194,1.3708641688481294e-7,1,7.996850115432608e-8,-0.9999974966049194,1.3690637956642605e-7,0.0022470206022262575],5,0.6161379814147949],[[765.2444458007813,230.06924438476563,46.97536849975586,0.00797982420772314,-5.081960452457679e-8,0.9999681711196899,8.596116884973526e-8,1,5.013524528862945e-8,-0.9999681711196899,8.555836217283286e-8,0.00797982420772314],5,0.6385293006896973],[[764.9778442382813,229.93751525878907,46.97316360473633,0.009013967588543892,-3.357289557470722e-8,0.9999593496322632,5.679801873270662e-8,1,3.306226403765322e-8,-0.9999593496322632,5.649769008186922e-8,0.009013967588543892],5,0.6591310501098633],[[764.6445922851563,229.6962127685547,46.97007369995117,0.009261135943233967,-1.1911110320284024e-8,0.9999571442604065,2.0388467802945344e-8,1,1.1722793402668686e-8,-0.9999571442604065,2.0279026458069894e-8,0.009261135943233967],5,0.670445442199707],[[764.4446411132813,229.51055908203126,46.96821975708008,0.009293382056057454,1.0836688213444746e-9,0.9999567866325378,-1.4384661239930097e-9,1,-1.0703468111827875e-9,-0.9999567866325378,-1.428456797292199e-9,0.009293382056057454],5,0.6818997859954834],[[764.3113403320313,229.36976623535157,46.966983795166019,0.009295099414885044,9.742691098324486e-9,0.9999567866325378,-1.598198551278074e-8,1,-9.594550931524282e-9,-0.9999567866325378,-1.5892114291204963e-8,0.009295099414885044],5,0.6896159648895264],[[764.0447387695313,229.0472869873047,46.96451187133789,0.009295341558754444,2.704963364408286e-8,0.9999567866325378,-4.5050388308709446e-8,1,-2.6632024585637738e-8,-0.9999567866325378,-4.480088833247464e-8,0.009295341558754444],5,0.7087979316711426],[[763.9114379882813,228.8656005859375,46.96327590942383,0.009295464493334294,3.569756046317707e-8,0.9999567866325378,-5.957527804412166e-8,1,-3.514529822723489e-8,-0.9999567866325378,-5.924601254037043e-8,0.009295464493334294],5,0.7167799472808838],[[763.7114868164063,228.56753540039063,46.961421966552737,0.00929548405110836,4.8662517571074207e-8,0.9999567866325378,-8.135097573358508e-8,1,-4.790839014390258e-8,-0.9999567866325378,-8.090212588740542e-8,0.00929548405110836],5,0.7301838397979736],[[763.5115356445313,228.2388153076172,46.95956802368164,0.0092953871935606,6.161915422353559e-8,0.9999567866325378,-1.0311270415286345e-7,1,-6.066330371368167e-8,-0.9999567866325378,-1.0254436233481101e-7,0.0092953871935606],5,0.7398960590362549],[[763.3115844726563,227.8794403076172,46.95771408081055,0.010933109559118748,7.474644547755816e-8,0.9999402165412903,-1.2487514311487758e-7,1,-7.338555718661155e-8,-0.9999402165412903,-1.240653517697865e-7,0.010933109559118748],5,0.753612756729126],[[763.1116333007813,227.48941040039063,46.955570220947269,0.010990089736878872,7.86640512728809e-8,0.9999396204948425,-1.315074911190095e-7,1,-7.722344008698201e-8,-0.9999396204948425,-1.3065086079677713e-7,0.010990089736878872],5,0.7648863792419434],[[762.9116821289063,227.0687255859375,46.953365325927737,0.012669479474425316,6.473511859894643e-8,0.9999197125434876,-1.0787503867959458e-7,1,-6.337348423812728e-8,-0.9999197125434876,-1.0706347097766411e-7,0.012669479474425316],5,0.779637336730957],[[762.6450805664063,226.46011352539063,46.95002365112305,0.014315424486994744,4.606447134847258e-8,0.9998975396156311,-7.635431842345497e-8,1,-4.497603711683951e-8,-0.9998975396156311,-7.57026441533526e-8,0.014315424486994744],5,0.802067756652832],[[762.3784790039063,225.79701232910157,46.94622039794922,0.016050899401307107,2.7359801535453699e-8,0.9998711943626404,-4.482921056592204e-8,1,-2.664368459193156e-8,-0.9998711943626404,-4.439577949710838e-8,0.016050899401307107],5,0.8104467391967773],[[762.2451782226563,225.4450225830078,46.94411087036133,0.01791217550635338,1.802715132726007e-8,0.9998395442962647,-2.9060679196390994e-8,1,-1.7509421468275833e-8,-0.9998395442962647,-2.8742384472479899e-8,0.01791217550635338],5,0.8195469379425049],[[762.1118774414063,225.07940673828126,46.941776275634769,0.017974724993109704,8.614264856987575e-9,0.9998384118080139,-1.3299885637252374e-8,1,-8.376556337452712e-9,-0.9998384118080139,-1.3147171351590714e-8,0.017974724993109704],5,0.8291170597076416],[[761.9119262695313,224.50543212890626,46.93818283081055,0.021280474960803987,-5.455622620331724e-9,0.9997735619544983,1.0375726056111035e-8,1,5.236008071562992e-9,-0.9997735619544983,1.0261951288725868e-8,0.021280474960803987],5,0.8394260406494141],[[761.7786254882813,224.1057586669922,46.9354362487793,0.02317770943045616,-1.4881656795751042e-8,0.9997313618659973,2.6167619182615455e-8,1,1.42789868817772e-8,-0.9997313618659973,2.5829635319496448e-8,0.02317770943045616],7,0.8507857322692871],[[761.5786743164063,223.48069763183595,46.93086624145508,0.026722244918346406,-2.9074886498392517e-8,0.9996429085731506,4.989151136669534e-8,1,2.775158414181078e-8,-0.9996429085731506,4.9132111712424378e-8,0.026722244918346406],7,0.8617668151855469],[[761.4453735351563,223.32200622558595,46.92742156982422,0.040719736367464069,-3.915590696124127e-8,0.9991706013679504,6.582347111816489e-8,1,3.650587032666408e-8,-0.9991706013679504,6.428236787314745e-8,0.040719736367464069],7,0.8720898628234863],[[761.2455444335938,223.34600830078126,46.91982650756836,0.051192354410886767,-5.39135029953286e-8,0.998688817024231,8.984511623566505e-8,1,4.9378865440985467e-8,-0.998688817024231,8.71994956241906e-8,0.051192354410886767],7,0.8835618495941162],[[761.0457763671875,223.4296875,46.91001510620117,0.07559890300035477,-6.020159304398476e-8,0.9971383213996887,9.78931993245169e-8,1,5.29525046033541e-8,-0.9971383213996887,9.360990560480787e-8,0.07559890300035477],8,0.8976099491119385],[[760.8463134765625,223.5026092529297,46.895843505859378,0.09300413727760315,-4.619322879761967e-8,0.9956657290458679,7.317752448443571e-8,1,3.955887351025922e-8,-0.9956657290458679,6.918121187027282e-8,0.09300413727760315],8,0.917670726776123],[[760.5806884765625,223.5676727294922,46.87177658081055,0.16056178510189057,-2.996505799046645e-8,0.987025797367096,3.910963997100225e-8,1,2.3996884479515758e-8,-0.987025797367096,3.474923815360853e-8,0.16056178510189057],8,0.9261844158172607],[[760.3829345703125,223.6082305908203,46.84223937988281,0.18979480862617494,-1.5372636497090754e-8,0.9818238019943237,1.3242828167392418e-8,1,1.30972752643288e-8,-0.9818238019943237,1.0516329140841663e-8,0.18979480862617494],8,0.9366090297698975],[[760.2518310546875,223.63046264648438,46.81806182861328,0.2222713679075241,-5.311446837907852e-9,0.9749848246574402,-4.22401580379983e-9,1,6.4106893127302559e-9,-0.9749848246574402,-5.5432640699848438e-9,0.2222713679075241],8,0.9467201232910156],[[760.0565795898438,223.65501403808595,46.77501678466797,0.2595635652542114,1.0499646485584435e-8,0.9657260179519653,-3.0776075021776708e-8,1,-2.600426096677211e-9,-0.9657260179519653,-2.9046280047850815e-8,0.2595635652542114],8,0.9563751220703125],[[759.927490234375,223.6665496826172,46.741756439208987,0.2981410324573517,2.2048364911597674e-8,0.9545218348503113,-4.869486858183336e-8,1,-7.889214614920093e-9,-0.9545218348503113,-4.4128217524530558e-8,0.2981410324573517],8,0.9674241542816162],[[759.736083984375,223.6785888671875,46.683799743652347,0.38187673687934878,4.1464314648465009e-8,0.9242132902145386,-7.615757624535036e-8,1,-1.3396809883658989e-8,-0.9242132902145386,-6.526990858901627e-8,0.38187673687934878],8,0.9782121181488037],[[759.61181640625,223.68409729003907,46.635841369628909,0.4234428107738495,5.476434949969189e-8,0.9059228301048279,-9.46040117355551e-8,1,-1.623202372513788e-8,-0.9059228301048279,-7.883060249014307e-8,0.4234428107738495],8,0.988774299621582],[[759.4297485351563,223.68978881835938,46.553184509277347,0.499332457780838,6.599132973406086e-8,0.8664104342460632,-1.0488459878388312e-7,1,-1.5718930157504475e-8,-0.8664104342460632,-8.302414045147089e-8,0.499332457780838],8,0.9997718334197998],[[759.3128051757813,223.69236755371095,46.48931121826172,0.5292884707450867,5.748209375155966e-8,0.8484418988227844,-8.811169749378678e-8,1,-1.2782946257061667e-8,-0.8484418988227844,-6.799179175231984e-8,0.5292884707450867],8,1.0098507404327393],[[759.1422729492188,223.69503784179688,46.385009765625,0.5571526885032654,4.2662790633585249e-8,0.8304100632667542,-6.283355702407789e-8,1,-9.218220853313142e-9,-0.8304100632667542,-4.704166300939505e-8,0.5571526885032654],8,1.0207819938659669],[[758.9754638671875,223.6967315673828,46.27471923828125,0.605462908744812,2.834688750397163e-8,0.7958735227584839,-3.740470688740061e-8,1,-7.161596204952048e-9,-0.7958735227584839,-2.543333543769677e-8,0.605462908744812],8,1.0319812297821046],[[758.81494140625,223.6977996826172,46.155517578125,0.6261017322540283,1.1981216907486214e-8,0.7797414064407349,-1.1947030031933537e-8,1,-5.772632150069512e-9,-0.7797414064407349,-5.701338956498603e-9,0.6261017322540283],8,1.0433697700500489],[[758.7103881835938,223.6982879638672,46.072837829589847,0.6436475515365601,7.655722167321244e-10,0.7653220891952515,5.032337657695507e-9,1,-5.232599686877393e-9,-0.7653220891952515,7.219308706396532e-9,0.6436475515365601],8,1.0538666248321534],[[758.556640625,223.69879150390626,45.94490051269531,0.6790148615837097,-1.6579612349687524e-8,0.734124481678009,3.049765595619647e-8,1,-5.624047005881039e-9,-0.734124481678009,2.6207889192164658e-8,0.6790148615837097],8,1.0650601387023926],[[758.4576416015625,223.6990203857422,45.85561752319336,0.6942545175552368,-2.84552612583866e-8,0.7197295427322388,4.745627180113843e-8,1,-6.240497008036527e-9,-0.7197295427322388,3.848817442531072e-8,0.6942545175552368],8,1.0756590366363526],[[758.31298828125,223.67889404296876,45.7175407409668,0.7079565525054932,-4.617538351681105e-8,0.7062560319900513,7.28581426301389e-8,1,-7.653053302192348e-9,-0.7062560319900513,5.687453352720695e-8,0.7079565525054932],8,1.086925983428955],[[758.1712036132813,223.63934326171876,45.576507568359378,0.7309955358505249,-6.501157656657597e-8,0.6823822855949402,9.81829373358778e-8,1,-9.906045761454152e-9,-0.6823822855949402,7.423957271157633e-8,0.7309955358505249],8,1.0987751483917237],[[758.0794067382813,223.6109161376953,45.4798583984375,0.7404600977897644,-7.735326335023274e-8,0.672100305557251,1.1503450281225014e-7,1,-1.1642901753816659e-8,-0.672100305557251,8.593583089577806e-8,0.7404600977897644],8,1.1085219383239747],[[757.9444580078125,223.60214233398438,45.33224868774414,0.7566726803779602,-6.0368165577529e-8,0.6537939310073853,8.779723970064879e-8,1,-9.277545842678592e-9,-0.6537939310073853,6.442136424311684e-8,0.7566726803779602],8,1.1204583644866944],[[757.81298828125,223.6103515625,45.181556701660159,0.7646079659461975,-4.2100108288423146e-8,0.6444956064224243,6.060835744392534e-8,1,-6.581153844109622e-9,-0.6444956064224243,4.409382370340609e-8,0.7646079659461975],8,1.1318228244781495],[[757.7266845703125,223.6136474609375,45.07991027832031,0.7724321484565735,-2.994227799035798e-8,0.6350972652435303,4.2515445386470677e-8,1,-4.563112998567931e-9,-0.6350972652435303,3.052614161447309e-8,0.7724321484565735],8,1.1431794166564942],[[757.5543212890625,224.4867706298828,44.8763427734375,0.7844937443733215,-5.151830961835913e-9,0.6201367378234863,6.437008703841229e-9,1,1.6454132500953734e-10,-0.6201367378234863,3.862743902516286e-9,0.7844937443733215],3,1.1588759422302247],[[757.4293212890625,225.1083984375,44.72024154663086,0.7925522923469544,1.3807520460318301e-8,0.6098039746284485,-2.055191394845224e-8,1,4.06843136957491e-9,-0.6098039746284485,-1.5757082749701113e-8,0.7925522923469544],5,1.184659481048584],[[757.1446533203125,226.43963623046876,44.350521087646487,0.8038806915283203,5.846376893714478e-8,0.5947905778884888,-8.327646838779401e-8,1,1.4258095148989014e-8,-0.5947905778884888,-6.099386951063934e-8,0.8038806915283203],5,1.1974127292633057],[[756.9468994140625,227.28834533691407,44.0821533203125,0.8383554220199585,9.410670998022397e-8,0.5451239943504334,-1.275839309755611e-7,1,2.3579891816893906e-8,-0.5451239943504334,-8.931739614581602e-8,0.8383554220199585],5,1.2180938720703126],[[756.8370361328125,227.75668334960938,43.91508483886719,0.8549460172653198,1.1608480576796865e-7,0.5187169313430786,-1.5395747254842718e-7,1,2.9959561942405347e-8,-0.5187169313430786,-1.054741645134527e-7,0.8549460172653198],5,1.2380857467651368],[[756.6986694335938,228.3334503173828,43.68718338012695,0.8887593746185303,9.559887104160225e-8,0.4583740234375,-1.2070930210938969e-7,1,2.5487162602644277e-8,-0.4583740234375,-7.798196577368799e-8,0.8887593746185303],5,1.2509033679962159],[[756.6051635742188,228.73025512695313,43.51049041748047,0.8993129730224609,7.653410705188435e-8,0.4373055398464203,-9.580762139194121e-8,1,2.2014187806007614e-8,-0.4373055398464203,-6.169484834117611e-8,0.8993129730224609],5,1.2610719203948975],[[756.5465698242188,228.97776794433595,43.390743255615237,0.9077603816986084,6.373622341016017e-8,0.4194890260696411,-7.92359173829027e-8,1,1.9526149586113207e-8,-0.4194890260696411,-5.096366351153847e-8,0.9077603816986084],5,1.269622802734375],[[756.4901733398438,229.21165466308595,43.26993179321289,0.9164013862609863,5.078711140527048e-8,0.40026047825813296,-6.27236858008473e-8,1,1.6721507734018816e-8,-0.40026047825813296,-4.0429423364685138e-8,0.9164013862609863],5,1.2803175449371338],[[756.4095458984375,229.5369415283203,43.086910247802737,0.9192458987236023,3.002339354907235e-8,0.3936838209629059,-3.798266945409523e-8,1,1.2426263573672714e-8,-0.3936838209629059,-2.6375953865453995e-8,0.9192458987236023],5,1.289231300354004],[[756.35693359375,229.73675537109376,42.964393615722659,0.9215822815895081,1.613560840496575e-8,0.3881830871105194,-2.1508835601480315e-8,1,9.496944564091337e-9,-0.3881830871105194,-1.710158237244741e-8,0.9215822815895081],5,1.3003337383270264],[[756.2791748046875,230.0109405517578,42.78013229370117,0.9229401350021362,-4.869626923920123e-9,0.38494354486465456,3.1762366070609007e-9,1,5.034896499722663e-9,-0.38494354486465456,-3.4242360058556189e-9,0.9229401350021362],5,1.3112633228302003],[[756.2021484375,230.2544708251953,42.59556579589844,0.9267939329147339,-2.5889123733691123e-8,0.3755702078342438,2.779752783510503e-8,1,3.369391987639858e-10,-0.3755702078342438,1.0127649829883012e-8,0.9267939329147339],5,1.3232126235961915],[[756.15185546875,230.39979553222657,42.47209167480469,0.929502010345459,-3.999623388040163e-8,0.368817001581192,4.4180765712553696e-8,1,-2.9008331292601498e-9,-0.368817001581192,1.8990947481256627e-8,0.929502010345459],5,1.3344931602478028],[[756.0778198242188,230.5922393798828,42.28627014160156,0.9355010986328125,-6.135991981182087e-8,0.353323757648468,6.865951007739568e-8,1,-8.126065154101525e-9,-0.353323757648468,3.186097785601305e-8,0.9355010986328125],5,1.3453879356384278],[[756.0068359375,230.75401306152345,42.09931564331055,0.9380780458450317,-8.263465645086399e-8,0.34642404317855837,9.308315895850683e-8,1,-1.3522762465356664e-8,-0.34642404317855837,4.4931649512136576e-8,0.9380780458450317],5,1.3560829162597657],[[755.9375,230.8851318359375,41.91173553466797,0.9394451379776001,-1.0382953519183502e-7,0.3426993787288666,1.1746568162607218e-7,1,-1.9034253284644366e-8,-0.3426993787288666,5.813705072910125e-8,0.9394451379776001],5,1.3689956665039063],[[755.8917846679688,230.9555206298828,41.7864990234375,0.9407283067703247,-1.1804964827888398e-7,0.3391611874103546,1.3369719908951084e-7,1,-2.277112365334233e-8,-0.3391611874103546,6.676634001223647e-8,0.9407283067703247],5,1.380202054977417],[[755.8238525390625,231.03555297851563,41.598384857177737,0.9413237571716309,-1.3915156671373553e-7,0.3375050127506256,1.5801870745235647e-7,1,-2.8429765208670689e-8,-0.3375050127506256,8.009371299522172e-8,0.9413237571716309],5,1.3913321495056153],[[755.75634765625,231.08493041992188,41.410125732421878,0.9413806796073914,-1.151580519831441e-7,0.3373461067676544,1.310507400376082e-7,1,-2.433873191876046e-8,-0.3373461067676544,6.712146216614201e-8,0.9413806796073914],5,1.403217077255249],[[755.68896484375,231.10365295410157,41.22184753417969,0.9414013028144836,-9.116526911157053e-8,0.337288498878479,1.0409850403902965e-7,1,-2.02592254083811e-8,-0.337288498878479,5.418329251938303e-8,0.9414013028144836],5,1.4181864261627198],[[755.59912109375,231.08091735839845,40.97080993652344,0.9403315782546997,-5.900237809441933e-8,0.34025949239730837,6.816462416736613e-8,1,-1.497377510872866e-8,-0.34025949239730837,3.7273974129448109e-8,0.9403315782546997],5,1.4431047439575196],[[755.4857177734375,230.9758758544922,40.65735626220703,0.9386946558952332,-1.8861983974716169e-8,0.34474971890449526,2.3253200254202967e-8,1,-8.602388135159345e-9,-0.34474971890449526,1.6091549426278108e-8,0.9386946558952332],5,1.4511537551879883],[[755.4628295898438,230.94464111328126,40.594749450683597,0.9378651976585388,-1.0839440456322791e-8,0.3469998836517334,1.4274469606334606e-8,1,-7.343193608733145e-9,-0.3469998836517334,1.1840164404475218e-8,0.9378651976585388],5,1.4612846374511719],[[755.3934936523438,230.8305206298828,40.407135009765628,0.9367274045944214,1.313986519591026e-8,0.35005974769592287,-1.2662497717030874e-8,1,-3.6523952751110757e-9,-0.35005974769592287,-1.0113320181304176e-9,0.9367274045944214],5,1.4707577228546143],[[755.3235473632813,230.68572998046876,40.21976852416992,0.9354996085166931,3.705817164245673e-8,0.35332775115966799,-3.959453565016702e-8,1,-4.9527694445661299e-11,-0.35332775115966799,-1.3943514787229106e-8,0.9354996085166931],5,1.4819598197937012],[[755.2529296875,230.5102996826172,40.03264617919922,0.9355378746986389,6.096599491911548e-8,0.35322633385658266,-6.650829220689048e-8,1,3.5530520747784068e-9,-0.35322633385658266,-2.6816495690695775e-8,0.9355378746986389],5,1.496466875076294],[[755.1817016601563,230.30421447753907,39.84577178955078,0.935455858707428,8.485829283699786e-8,0.35344359278678896,-9.340629958387581e-8,1,7.1275279012184e-9,-0.35344359278678896,-3.968134620890851e-8,0.935455858707428],5,1.5184731483459473],[[755.0626831054688,229.89259338378907,39.534393310546878,0.9352462291717529,1.2464226983865957e-7,0.3539977967739105,-1.3820255162499962e-7,1,1.302592433916061e-8,-0.3539977967739105,-6.110584394036778e-8,0.9352462291717529],5,1.5289342403411866],[[754.986083984375,229.60475158691407,39.34968185424805,0.9343512058258057,1.3297686507485197e-7,0.3563534617424011,-1.4780900414734789e-7,1,1.4392063540924483e-8,-0.3563534617424011,-6.611949743273726e-8,0.9343512058258057],5,1.5499153137207032],[[754.8790283203125,229.1732635498047,39.105445861816409,0.9321938753128052,1.0274404615984167e-7,0.3619593679904938,-1.1456778281626612e-7,1,1.1203854732855234e-8,-0.3619593679904938,-5.191304808249697e-8,0.9321938753128052],5,1.5580651760101319],[[754.8197631835938,228.9370880126953,38.9860954284668,0.930208146572113,8.764578751652152e-8,0.3670324683189392,-9.797403777156433e-8,1,9.509959930653622e-9,-0.3670324683189392,-4.480589765876175e-8,0.930208146572113],5,1.5669848918914796],[[754.7239379882813,228.55728149414063,38.81056213378906,0.9259228110313416,6.502832405885784e-8,0.3777127265930176,-7.310327987397614e-8,1,7.041522032125158e-9,-0.3777127265930176,-3.4131947046489589e-8,0.9259228110313416],5,1.5771393775939942],[[754.6566162109375,228.2870330810547,38.69548797607422,0.9224214553833008,4.9972054938507429e-8,0.3861847519874573,-5.652378831655369e-8,1,5.610521824905845e-9,-0.3861847519874573,-2.7003890679111465e-8,0.9224214553833008],5,1.586623191833496],[[754.5494995117188,227.8561248779297,38.5266227722168,0.916002631187439,2.7423112669566764e-8,0.4011722803115845,-3.1653961229949348e-8,1,3.918509516864788e-9,-0.4011722803115845,-1.628805534892308e-8,0.916002631187439],5,1.598116159439087],[[754.4739990234375,227.55181884765626,38.41675567626953,0.9109616875648499,1.2414822059270137e-8,0.41249096393585207,-1.507341096385062e-8,1,3.1915314835373467e-9,-0.41249096393585207,-9.125007416344033e-9,0.9109616875648499],5,1.6088979244232178],[[754.3493041992188,227.06982421875,38.260623931884769,0.9005717039108276,-1.0058739619012158e-8,0.43470755219459536,9.779660636866084e-9,1,2.8788442740790289e-9,-0.43470755219459536,1.658690518269168e-9,0.9005717039108276],5,1.6197633743286133],[[754.2596435546875,226.73146057128907,38.16202163696289,0.8921960592269898,-2.5014667670575365e-8,0.4516482651233673,2.632940976354803e-8,1,3.37358452284775e-9,-0.4516482651233673,8.881738899901848e-9,0.8921960592269898],5,1.6308619976043702],[[754.1174926757813,226.1983642578125,38.02141571044922,0.8774659037590027,-4.7412804349278306e-8,0.47963905334472659,5.109001932623869e-8,1,5.385418333503367e-9,-0.47963905334472659,1.9779246684947794e-8,0.8774659037590027],5,1.6414449214935303],[[753.9652099609375,225.63461303710938,37.892215728759769,0.858903169631958,-6.97749840128381e-8,0.5121380686759949,7.568849724748361e-8,1,9.305873405196508e-9,-0.5121380686759949,3.077011712093736e-8,0.858903169631958],5,1.6525614261627198],[[753.8577270507813,225.2417449951172,37.813411712646487,0.8447983264923096,-8.466903977932816e-8,0.5350847840309143,9.194801720013857e-8,1,1.3066165927000384e-8,-0.5350847840309143,3.816171201265206e-8,0.8447983264923096],5,1.6639432907104493],[[753.6305541992188,224.41514587402345,37.67430877685547,0.8104326725006104,-1.1444666370152845e-7,0.5858317613601685,1.2388201753310569e-7,1,2.3980648578003639e-8,-0.5858317613601685,5.3139324052153827e-8,0.8104326725006104],5,1.6797761917114258],[[753.453857421875,223.75942993164063,37.58077621459961,0.7820209860801697,-8.738127377228011e-8,0.6232520937919617,9.403273537600399e-8,1,2.2215251860302488e-8,-0.6232520937919617,4.123330654692836e-8,0.7820209860801697],7,1.7010505199432374],[[753.0241088867188,223.40682983398438,37.39936447143555,0.7043987512588501,-2.384898856178097e-8,0.7098044753074646,2.552405042877126e-8,1,8.269714690811725e-9,-0.7098044753074646,1.2291908824124676e-8,0.7043987512588501],7,1.7183964252471924],[[752.9608154296875,223.4353485107422,37.378929138183597,0.6922318339347839,-1.4718247953737773e-8,0.7216752171516419,1.5962628552301795e-8,1,5.083185872223339e-9,-0.7216752171516419,8.00109045684394e-9,0.6922318339347839],7,1.7266008853912354],[[752.7653198242188,223.51861572265626,37.33821487426758,0.6510432958602905,1.2775526414543492e-8,0.7590405941009522,-1.2232852952820395e-8,1,-6.338803260064196e-9,-0.7590405941009522,-5.158396820803546e-9,0.6510432958602905],8,1.73738694190979],[[752.567626953125,223.58151245117188,37.30876922607422,0.6067646145820618,4.0438695947386807e-8,0.7948815822601318,-3.94880217413629e-8,1,-2.0731091510128864e-8,-0.7948815822601318,-1.880940914134044e-8,0.6067646145820618],8,1.7474291324615479],[[752.4351196289063,223.61172485351563,37.294212341308597,0.5766203999519348,5.897876675931002e-8,0.8170121908187866,-5.705626904273231e-8,1,-3.191991382323067e-8,-0.8170121908187866,-2.820999434050009e-8,0.5766203999519348],8,1.7568097114562989],[[752.235595703125,223.64358520507813,37.28083419799805,0.5302290916442871,8.69351808319152e-8,0.8478543758392334,-8.237904580710165e-8,1,-5.1017501334627016e-8,-0.8478543758392334,-4.2794475518803668e-8,0.5302290916442871],8,1.7708461284637452],[[751.9690551757813,223.66903686523438,37.28110885620117,0.4647926390171051,7.750344366286299e-8,0.8854195475578308,-7.049923311797102e-8,1,-5.052510942959998e-8,-0.8854195475578308,-3.8937699287089347e-8,0.4647926390171051],8,1.7854125499725342],[[751.7692260742188,223.68023681640626,37.288761138916019,0.41603684425354006,5.8587726670111809e-8,0.9093477725982666,-5.128457658543084e-8,1,-4.096502337347374e-8,-0.9093477725982666,-2.9592554184887377e-8,0.41603684425354006],8,1.8005013465881348],[[751.50390625,223.68907165527345,37.31529235839844,0.349844753742218,3.319907904142383e-8,0.9368076920509338,-2.691954925637674e-8,1,-2.538558874221053e-8,-0.9368076920509338,-1.6337425634560533e-8,0.349844753742218],8,1.8140311241149903],[[751.3720703125,223.6918487548828,37.33512496948242,0.31661370396614077,2.044380131849266e-8,0.9485545754432678,-1.5341143466685027e-8,1,-1.6431933147487144e-8,-0.9485545754432678,-9.349336416164533e-9,0.31661370396614077],8,1.8243520259857178],[[751.1762084960938,223.6947021484375,37.37519836425781,0.26577505469322207,1.2511042202234535e-9,0.9640350937843323,1.2148720918148115e-9,1,-1.6327070806454458e-9,-0.9640350937843323,1.6051121543014802e-9,0.26577505469322207],8,1.835310697555542],[[751.0463256835938,223.6861114501953,37.405242919921878,0.23243747651576997,-1.1574472935649283e-8,0.9726113677024841,1.1671613897590305e-8,1,9.111093213221011e-9,-0.9726113677024841,9.234184972228832e-9,0.23243747651576997],8,1.8464162349700928],[[750.8526000976563,223.64767456054688,37.454689025878909,0.183762788772583,-3.0839817810601747e-8,0.9829705953598023,2.6474351599858893e-8,1,2.6424814336678538e-8,-0.9829705953598023,2.116761166348624e-8,0.183762788772583],8,1.8563356399536133],[[750.724609375,223.6050262451172,37.492034912109378,0.15183697640895844,-4.369073991483674e-8,0.9884055256843567,3.574405127437785e-8,1,3.871231868401992e-8,-0.9884055256843567,2.9451658889456668e-8,0.15183697640895844],8,1.8665919303894044],[[750.5339965820313,223.59107971191407,37.55259704589844,0.10506536811590195,-6.296006915817998e-8,0.9944652915000916,4.8753115322597299e-8,1,5.81596992788036e-8,-0.9944652915000916,4.2372711561711188e-8,0.10506536811590195],8,1.8777198791503907],[[750.3446044921875,223.57203674316407,37.61691665649414,0.06039835140109062,-8.219972613687787e-8,0.9981743693351746,6.074586167414964e-8,1,7.867440388054092e-8,-0.9981743693351746,5.5883159433278709e-8,0.06039835140109062],8,1.890108585357666],[[750.1575317382813,223.5727996826172,37.68751907348633,0.017074251547455789,-1.0138708006479647e-7,0.9998542070388794,7.169457916234023e-8,1,1.0017755158742148e-7,-0.9998542070388794,6.99736730780387e-8,0.017074251547455789],8,1.9048700332641602],[[749.9718627929688,223.5609893798828,37.76176452636719,-0.024119596928358079,-7.563881609939927e-8,0.9997090697288513,5.062572938641097e-8,1,7.688225167612473e-8,-0.9997090697288513,5.246537071457169e-8,-0.024119596928358079],8,1.9163951873779297],[[749.8494262695313,223.5568389892578,37.81451416015625,-0.05064109340310097,-5.853546269918297e-8,0.9987168908119202,3.735915399261103e-8,1,6.050500189758168e-8,-0.9987168908119202,4.037525869193814e-8,-0.05064109340310097],8,1.9271538257598878],[[749.6077880859375,223.51214599609376,37.92731857299805,-0.1027807891368866,-2.4513424179417599e-8,0.994704008102417,1.2603502241859133e-8,1,2.594623360607784e-8,-0.994704008102417,1.5203529102336689e-8,-0.1027807891368866],8,1.9405701160430909],[[749.4876098632813,223.4693603515625,37.98503494262695,-0.12710733711719514,-7.609640029215825e-9,0.9918889403343201,1.1439107439059626e-9,1,7.818455216579423e-9,-0.9918889403343201,2.1284154438916404e-9,-0.12710733711719514],8,1.9513020515441895],[[749.3074340820313,223.379638671875,38.071998596191409,-0.16199086606502534,1.7598289048237349e-8,0.986792266368866,-1.497057056099038e-8,1,-2.029138990167212e-8,-0.986792266368866,-1.8059862938457628e-8,-0.16199086606502534],8,1.9625837802886963],[[749.0671997070313,224.2527618408203,38.18799591064453,-0.20781314373016358,5.089939847380265e-8,0.9781685471534729,-3.445515517341846e-8,1,-5.93554503325322e-8,-0.9781685471534729,-4.603779046874479e-8,-0.20781314373016358],3,1.9829282760620118],[[748.8308715820313,225.0747833251953,38.31144714355469,-0.24671785533428193,8.381779537103285e-8,0.9690873622894287,-5.215503762201479e-8,1,-9.976952242141124e-8,-0.9690873622894287,-7.515771471844346e-8,-0.24671785533428193],5,2.0056004524230959],[[748.5385131835938,226.02566528320313,38.47140884399414,-0.2887149453163147,1.1098750007931813e-7,0.9574151039123535,-6.422484943868767e-8,1,-1.3529154330171878e-7,-0.9574151039123535,-1.0055052968027667e-7,-0.2887149453163147],5,2.0138137340545656],[[748.4226684570313,226.38218688964845,38.53742599487305,-0.3041159212589264,1.002810989803038e-7,0.9526350498199463,-5.623216381422935e-8,1,-1.232184274613246e-7,-0.9526350498199463,-9.104141440730018e-8,-0.3041159212589264],5,2.0233020782470705],[[748.2498168945313,226.8914031982422,38.638031005859378,-0.32563939690589907,8.433350728864753e-8,0.9454940557479858,-4.4894409967355389e-8,1,-1.0465734590070497e-7,-0.9454940557479858,-7.652794664636531e-8,-0.32563939690589907],5,2.0348386764526369],[[748.1349487304688,227.21385192871095,38.705718994140628,-0.33896565437316897,7.37757019919627e-8,0.9407987594604492,-3.7739493308208696e-8,1,-9.201553297089049e-8,-0.9407987594604492,-6.669537100378875e-8,-0.338965654373