[[[776,222.69961547851563,47,1,-1.554928408253886e-10,-5.60361051942746e-16,1.554928408253886e-10,1,-4.044979906581148e-9,5.609900268456415e-16,4.044979906581148e-9,1],8,0.008943796157836914],[[776,222.69961547851563,47,1,1.326695864278804e-9,-5.202633592526747e-16,-1.326695864278804e-9,1,3.451323138392581e-8,5.660519486779924e-16,-3.451323138392581e-8,1],8,0.03030538558959961],[[776,222.69961547851563,47,1,2.2152490952720429e-9,-4.688354362227746e-16,-2.2152490952720429e-9,1,5.7628394500852667e-8,5.964966950824761e-16,-5.7628394500852667e-8,1],8,0.05565690994262695],[[776,222.69961547851563,47,1,3.990647812202042e-9,-3.045802893988784e-16,-3.990647812202042e-9,1,1.0381429405015297e-7,7.188665920602392e-16,-1.0381429405015297e-7,1],8,0.06513619422912598],[[776,222.69961547851563,47,1,3.428825667839419e-9,-3.375768549058637e-16,-3.428825667839419e-9,1,8.919882077407238e-8,6.434240673658181e-16,-8.919882077407238e-8,1],8,0.08471488952636719],[[776,222.69961547851563,47,1,2.6604922709339009e-9,-3.8722320294989195e-16,-2.6604922709339009e-9,1,6.921108308688417e-8,5.713587689112182e-16,-6.921108308688417e-8,1],8,0.0925452709197998],[[776,222.69961547851563,47,1,1.8924872779990666e-9,-4.211383227486153e-16,-1.8924872779990666e-9,1,4.923188967609349e-8,5.143090352708322e-16,-4.923188967609349e-8,1],8,0.10273027420043946],[[776,222.69961547851563,47,1,-2.6089873317314273e-11,-4.384577113002424e-16,2.6089873317314273e-11,1,-6.787685968845381e-10,4.3847541958279596e-16,6.787685968845381e-10,1],8,0.12246942520141602],[[776,222.69961547851563,47,1,-7.929468748280044e-10,-4.185707011876915e-16,7.929468748280044e-10,1,-2.0628108998721474e-8,4.349277014925601e-16,2.0628108998721474e-8,1],8,0.1318058967590332],[[776,222.69961547851563,47,1,-1.5594762148296582e-9,-3.834058372148536e-16,1.5594762148296582e-9,1,-4.0568927772710597e-8,4.466721309435962e-16,4.0568927772710597e-8,1],8,0.14106392860412599],[[776,222.69961547851563,47,1,-2.3256780945501988e-9,-3.329846128427653e-16,2.3256780945501988e-9,1,-6.050122891565479e-8,4.736909996533507e-16,6.050122891565479e-8,1],8,0.15088820457458497],[[776,222.69961547851563,47,1,-3.474366794264938e-9,-2.287911164707934e-16,3.474366794264938e-9,1,-9.038371473479856e-8,5.428173055392149e-16,9.038371473479856e-8,1],8,0.15974020957946778],[[776,222.69961547851563,47,1,-4.2397503285940278e-9,-1.403164737221626e-16,4.2397503285940278e-9,1,-1.1029473512280674e-7,6.07938627892224e-16,1.1029473512280674e-7,1],8,0.17111897468566895],[[776,222.69961547851563,47,1,-3.0716602594793587e-9,-2.3400179846450586e-16,3.0716602594793587e-9,1,-7.990750106046107e-8,4.794505060573247e-16,7.990750106046107e-8,1],8,0.18670129776000977],[[776,222.69961547851563,47,-0.9931991696357727,5.012505965851233e-9,-0.11642782390117645,1.7801683682705517e-8,1,-1.0880656020617607e-7,0.11642782390117645,-1.1013919731794886e-7,-0.9931991696357727],8,0.216599702835083],[[776,222.69961547851563,47,-0.9997150897979736,6.9455401430218448e-9,-0.023869043216109277,8.611004354008856e-9,1,-6.967228216581134e-8,0.023869043216109277,-6.985796829894753e-8,-0.9997150897979736],8,0.2357780933380127],[[776,222.69961547851563,47,-0.9950998425483704,4.51282300417688e-9,0.09887543320655823,1.4030865358449774e-9,1,-3.1520588805733499e-8,-0.09887543320655823,-3.1227401109390487e-8,-0.9950998425483704],8,0.24608516693115235],[[776,222.69961547851563,47,-0.9936774373054504,-3.117113456241327e-9,0.1122724786400795,-3.4563465423076424e-9,1,-2.82687540043014e-9,-0.1122724786400795,-3.1970550651294617e-9,-0.9936774373054504],8,0.2551002502441406],[[776,222.69961547851563,47,-0.9917796850204468,-8.402852635924774e-9,0.12795743346214295,-6.363962690159042e-9,1,1.6342964315185783e-8,-0.12795743346214295,1.5394302721460919e-8,-0.9917796850204468],8,0.2648351192474365],[[776,222.69961547851563,47,-0.9891694188117981,-1.402820881679645e-8,0.14677834510803224,-8.90583873314199e-9,1,3.555583205638868e-8,-0.14677834510803224,3.38635572916246e-8,-0.9891694188117981],8,0.2744474411010742],[[776,222.69961547851563,47,-0.9861782193183899,-2.267373666597905e-8,0.1656879037618637,-1.2167179264110928e-8,1,6.442672173534447e-8,-0.1656879037618637,6.152028220185457e-8,-0.9861782193183899],8,0.28446316719055178],[[776,222.69961547851563,47,-0.9780140519142151,-3.066638143423006e-8,0.20853905379772187,-1.3500134343757964e-8,1,8.374000515232183e-8,-0.20853905379772187,7.908359123121045e-8,-0.9780140519142151],8,0.29591989517211916],[[776,222.69961547851563,47,-0.9734293222427368,-4.030995270909443e-8,0.22898772358894349,-1.4891882393897049e-8,1,1.1272987876509433e-7,-0.22898772358894349,1.063245065324736e-7,-0.9734293222427368],8,0.30655765533447268],[[776,222.69961547851563,47,-0.9688491821289063,-3.516079516430182e-8,0.24765141308307649,-1.159704865472122e-8,1,9.660757882556936e-8,-0.24765141308307649,9.072615370087078e-8,-0.9688491821289063],8,0.3172280788421631],[[776,222.69961547851563,47,-0.9605837464332581,-2.7224404064440934e-8,0.27799078822135928,-7.4198860389174119e-9,1,7.229369458627844e-8,-0.27799078822135928,6.738149238572078e-8,-0.9605837464332581],8,0.3284296989440918],[[776,222.69961547851563,47,-0.9581209421157837,-1.704682084380238e-8,0.2863638997077942,-3.45764217257738e-9,1,4.795988672867679e-8,-0.2863638997077942,4.4961229406226269e-8,-0.9581209421157837],8,0.33893418312072756],[[776,222.69961547851563,47,-0.9550682902336121,-1.0344328948974635e-8,0.29638585448265078,-9.875678053106185e-10,1,3.1719242343797308e-8,-0.29638585448265078,3.000134185526804e-8,-0.9550682902336121],8,0.3507966995239258],[[775.845703125,222.69961547851563,46.95209503173828,-0.954026997089386,3.88689924690766e-9,0.2997206449508667,3.835979089927832e-9,1,-7.582781624826396e-10,-0.2997206449508667,4.263042696628361e-10,-0.954026997089386],8,0.3673985004425049],[[775.6581420898438,222.69961547851563,46.89329528808594,-0.9540271759033203,1.4630842315455084e-8,0.2997201979160309,7.450944750075906e-9,1,-2.509820440366184e-8,-0.2997201979160309,-2.171116975091536e-8,-0.9540271759033203],8,0.3917536735534668],[[775.2767333984375,222.69961547851563,46.773468017578128,-0.9540271759033203,3.609807919247032e-8,0.2997201979160309,1.467391896881054e-8,1,-7.373130728183242e-8,-0.2997201979160309,-6.594359547307249e-8,-0.9540271759033203],8,0.40210604667663576],[[775.1495361328125,222.69961547851563,46.73350524902344,-0.9540271759033203,4.324770941366296e-8,0.2997201979160309,1.707952002050206e-8,1,-8.99284984257065e-8,-0.2997201979160309,-8.067515011589421e-8,-0.9540271759033203],8,0.4235198497772217],[[774.83154296875,222.69961547851563,46.63359832763672,-0.9540271759033203,4.501652028920944e-8,0.2997201979160309,1.706023411429669e-8,1,-9.58914156967694e-8,-0.2997201979160309,-8.63697167119426e-8,-0.9540271759033203],8,0.43146443367004397],[[774.704345703125,222.69961547851563,46.59363555908203,-0.9540271759033203,3.60704319746219e-8,0.2997201979160309,1.3436030954494527e-8,1,-7.757934383789689e-8,-0.2997201979160309,-6.998575230454662e-8,-0.9540271759033203],8,0.4385387897491455],[[774.5771484375,222.69961547851563,46.553672790527347,-0.9540271759033203,2.7128168156309586e-8,0.2997201979160309,9.8133758896779e-9,1,-5.927509150183141e-8,-0.2997201979160309,-5.360877963767052e-8,-0.9540271759033203],8,0.4495069980621338],[[774.449951171875,222.69961547851563,46.513710021972659,-0.9540271759033203,1.818972705791566e-8,0.2997201979160309,6.192272916649699e-9,1,-4.09786551358593e-8,-0.2997201979160309,-3.723880226402798e-8,-0.9540271759033203],8,0.4584026336669922],[[774.0047607421875,222.69961547851563,46.37384033203125,-0.9535014629364014,-1.2999629817045389e-8,0.30138835310935976,-6.3574860931225889e-9,1,2.3019328665441209e-8,-0.30138835310935976,2.0032890901688917e-8,-0.9535014629364014],8,0.48650288581848147],[[773.81396484375,222.69961547851563,46.31362533569336,-0.9535017609596252,-2.6380067907894046e-8,0.3013874292373657,-1.1730231896933674e-8,1,5.041773221137191e-8,-0.3013874292373657,4.4538051469089626e-8,-0.9535017609596252],8,0.50766921043396],[[773.559814453125,222.69961547851563,46.23325729370117,-0.9550682902336121,-4.397353947638294e-8,0.29638585448265078,-1.9079754665085603e-8,1,8.688360964015374e-8,-0.29638585448265078,7.732480611366555e-8,-0.9550682902336121],8,0.5157384872436523],[[773.4324951171875,222.69961547851563,46.19356918334961,-0.9566066861152649,-5.247608569902695e-8,0.2913823127746582,-2.2847491010224986e-8,1,1.0508538395015421e-7,-0.2913823127746582,9.386803156985479e-8,-0.9566066861152649],8,0.5246062278747559],[[773.3049926757813,222.69961547851563,46.15452194213867,-0.9586179852485657,-5.2029644592721527e-8,0.28469547629356387,-2.2916234243552937e-8,1,1.0559256935493977e-7,-0.28469547629356387,9.469879103107815e-8,-0.9586179852485657],8,0.5343539714813232],[[773.1133422851563,222.69961547851563,46.0973014831543,-0.9610695838928223,-3.8478727759638789e-8,0.2763064205646515,-1.7060052925899073e-8,1,7.992152006863762e-8,-0.2763064205646515,7.209634134142107e-8,-0.9610695838928223],8,0.54677414894104],[[772.9212036132813,222.69961547851563,46.041709899902347,-0.9675389528274536,-2.399107223993724e-8,0.25272199511528017,-1.0582025034011622e-8,1,5.4417704120623969e-8,-0.25272199511528017,4.997693991981578e-8,-0.9675389528274536],8,0.5563130378723145],[[772.7279663085938,222.69961547851563,45.99025344848633,-0.9709757566452026,-1.0585431198251172e-8,0.2391778826713562,-3.752644861521048e-9,1,2.9023183856224933e-8,-0.2391778826713562,2.728325831924394e-8,-0.9709757566452026],8,0.5683302879333496],[[772.5986328125,222.69961547851563,45.957855224609378,-0.9734299778938294,-1.8333479179233337e-9,0.2289847731590271,9.74993419333714e-10,1,1.2151182282593709e-8,-0.2289847731590271,1.2051583730965376e-8,-0.9734299778938294],8,0.5791518688201904],[[772.404052734375,222.69961547851563,45.91159439086914,-0.9780157208442688,1.1111061404278644e-8,0.20853117108345033,8.591285016734674e-9,1,-1.2989182174294456e-8,-0.20853117108345033,-1.0912073911129028e-8,-0.9780157208442688],8,0.588801383972168],[[772.2086181640625,222.69961547851563,45.86908721923828,-0.9801472425460815,2.3679373128970839e-8,0.19827108085155488,1.646555602974331e-8,1,-3.8032297311474397e-8,-0.19827108085155488,-3.4012607841305e-8,-0.9801472425460815],8,0.6013267040252686],[[772.0780029296875,222.69961547851563,45.84225845336914,-0.9821704030036926,3.177277463350947e-8,0.18799272179603578,2.188677683534479e-8,1,-5.466291241873478e-8,-0.18799272179603578,-4.957373889169503e-8,-0.9821704030036926],8,0.6127738952636719],[[771.8816528320313,222.69961547851563,45.8042106628418,-0.986474335193634,4.322057378658428e-8,0.16391563415527345,3.062160658373614e-8,1,-7.938928092698916e-8,-0.16391563415527345,-7.329612827788879e-8,-0.986474335193634],8,0.6234180927276611],[[771.6845092773438,222.69961547851563,45.77049255371094,-0.9889304041862488,5.4724022646723827e-8,0.14838004112243653,3.9738402790590047e-8,1,-1.0395944372021404e-7,-0.14838004112243653,-9.691227376151801e-8,-0.9889304041862488],8,0.6355123519897461],[[771.552734375,222.69961547851563,45.75012969970703,-0.9911414980888367,5.289486537662924e-8,0.1328103095293045,3.953647720322806e-8,1,-1.0321959109660384e-7,-0.1328103095293045,-9.705436099238796e-8,-0.9911414980888367],8,0.6475729942321777],[[771.3546142578125,222.69961547851563,45.72288513183594,-0.9911414980888367,3.9349242086927919e-8,0.1328100711107254,2.943701460367265e-8,1,-7.659807010895747e-8,-0.1328100711107254,-7.20099961881715e-8,-0.9911414980888367],8,0.6580066680908203],[[771.1563110351563,222.69961547851563,45.6962890625,-0.9911414980888367,2.5812322945739653e-8,0.1328100711107254,1.9344026824796857e-8,1,-4.999360569968303e-8,-0.1328100711107254,-4.698165767536011e-8,-0.9911414980888367],8,0.668215274810791],[[771.0241088867188,222.69961547851563,45.67858123779297,-0.9911414980888367,1.6792531809528556e-8,0.1328100711107254,1.2618964539967692e-8,1,-3.2266765259691968e-8,-0.1328100711107254,-3.030500650424983e-8,-0.9911414980888367],8,0.6791203022003174],[[770.8258056640625,223.35189819335938,45.65201950073242,-0.9911414980888367,3.270069326433145e-9,0.1328100711107254,2.5367592471070567e-9,1,-5.6906976908521759e-9,-0.1328100711107254,-5.3033795133217158e-9,-0.9911414980888367],3,0.6965184211730957],[[770.4953002929688,224.37091064453126,45.607749938964847,-0.9673281908035278,-2.0934884048529058e-8,0.25352737307548525,-1.1140241618079472e-8,1,4.006910003795383e-8,-0.25352737307548525,3.5935613595938778e-8,-0.9673281908035278],5,0.7249221801757813],[[770.164794921875,225.3047637939453,45.563480377197269,-0.9562612771987915,-4.571559131250069e-8,0.2925139367580414,-2.0653009968896187e-8,1,8.876813240021875e-8,-0.2925139367580414,7.884423069981494e-8,-0.9562612771987915],5,0.7321991920471191],[[770.0325927734375,225.6544647216797,45.545772552490237,-0.9801268577575684,-4.5910653057035236e-8,0.1983717978000641,-2.4781353857861178e-8,1,1.0899624669491459e-7,-0.1983717978000641,1.0191422461502953e-7,-0.9801268577575684],5,0.7411994934082031],[[769.900390625,225.99053955078126,45.5280647277832,-0.9801085591316223,-5.3755943696387479e-8,0.1984621286392212,-2.8547868069495054e-8,1,1.2987834452360404e-7,-0.1984621286392212,1.2162921336766886e-7,-0.9801085591316223],5,0.7509434223175049],[[769.7020874023438,226.46910095214845,45.501502990722659,-0.9729474186897278,-6.071668678941933e-8,0.2310267835855484,-2.793892761587813e-8,1,1.4515019586269774e-7,-0.2310267835855484,1.3476886806529365e-7,-0.9729474186897278],5,0.7606086730957031],[[769.5698852539063,226.7711181640625,45.483795166015628,-0.9800997972488403,-4.549665533204461e-8,0.19850550591945649,-1.9488458846694813e-8,1,1.3297375289766934e-7,-0.19850550591945649,1.2645897129459628e-7,-0.9800997972488403],5,0.7710208892822266],[[769.37158203125,227.19857788085938,45.45723342895508,-0.9729431867599487,-3.384730717925777e-8,0.23104451596736909,-7.579703975579833e-9,1,1.1457828463790065e-7,-0.23104451596736909,1.0972691200095142e-7,-0.9729431867599487],5,0.7826173305511475],[[769.1732788085938,227.5953826904297,45.43067169189453,-0.9745328426361084,-1.775410751747586e-8,0.22424490749835969,3.930603398316634e-9,1,9.625462382700789e-8,-0.22424490749835969,9.468470807405538e-8,-0.9745328426361084],5,0.7969672679901123],[[768.9087524414063,228.0767822265625,45.39683532714844,-0.9678553342819214,-3.335785814240211e-10,0.25150758028030398,1.8220957187509158e-8,1,7.144448943563475e-8,-0.25150758028030398,7.37306393716608e-8,-0.9678553342819214],5,0.8217558860778809],[[768.5779418945313,228.6018829345703,45.35639572143555,-0.9608996510505676,2.2285453482595586e-8,0.2768968343734741,3.459311415099364e-8,1,3.9563680331866638e-8,-0.2768968343734741,4.7595452912219119e-8,-0.9608996510505676],5,0.8311421871185303],[[768.4454956054688,228.7880859375,45.34099197387695,-0.9840458631515503,3.604151643799014e-8,0.17791512608528138,4.147094045947597e-8,1,2.6798122831905858e-8,-0.17791512608528138,3.374888990492764e-8,-0.9840458631515503],5,0.8401069641113281],[[768.3130493164063,228.9606475830078,45.325965881347659,-0.9846611618995667,4.506472706111708e-8,0.17447738349437715,4.820576293695922e-8,1,1.3764618778111526e-8,-0.17447738349437715,2.1964300600529897e-8,-0.9846611618995667],5,0.85050368309021],[[768.1141967773438,229.1939697265625,45.304115295410159,-0.9814383387565613,5.8091178090080578e-8,0.1917780190706253,5.793312851665178e-8,1,-6.431322585598309e-9,-0.1917780190706253,4.798353714363657e-9,-0.9814383387565613],5,0.860651969909668],[[767.9815063476563,229.3324737548828,45.29118728637695,-0.9891522526741028,6.685614550860919e-8,0.1468939334154129,6.458910206674773e-8,1,-2.020297351634781e-8,-0.1468939334154129,-1.0496069791088303e-8,-0.9891522526741028],5,0.8708031177520752],[[767.7821655273438,229.5146942138672,45.274497985839847,-0.9855397939682007,8.010164975758016e-8,0.16944414377212525,7.409098401467418e-8,1,-4.179570112228248e-8,-0.16944414377212525,-2.8637041182832946e-8,-0.9855397939682007],5,0.8821074962615967],[[767.5827026367188,229.666259765625,45.26002502441406,-0.987262487411499,9.260595845717035e-8,0.15909993648529054,8.340929014138965e-8,1,-6.448210854159697e-8,-0.15909993648529054,-5.03903514470494e-8,-0.987262487411499],5,0.8952610492706299],[[767.3831176757813,229.7871551513672,45.247650146484378,-0.9908565282821655,1.0394096250365692e-7,0.13491955399513246,9.287275304359355e-8,1,-8.832956410742554e-8,-0.13491955399513246,-7.499157561596803e-8,-0.9908565282821655],5,0.9066522121429443],[[767.2499389648438,229.85073852539063,45.24207305908203,-0.9968566298484802,1.0758945023781053e-7,0.07922674715518952,9.95945867998671e-8,1,-1.0486262880249342e-7,-0.07922674715518952,-9.664245226304047e-8,-0.9968566298484802],5,0.918018102645874],[[766.9833374023438,229.93701171875,45.23766326904297,-0.9908393025398254,1.0288889740195373e-7,0.13504615426063538,8.838186005277748e-8,1,-1.1341808914266949e-7,-0.13504615426063538,-1.004434722062797e-7,-0.9908393025398254],5,0.9320518970489502],[[766.7167358398438,229.96878051757813,45.23665237426758,-0.9930459260940552,6.345307923538712e-8,0.11772762984037399,5.251866497246738e-8,1,-9.598115013886854e-8,-0.11772762984037399,-8.91307934125507e-8,-0.9930459260940552],5,0.9600238800048828],[[766.2501831054688,229.8932342529297,45.243064880371097,-0.9806590676307678,4.686217192073627e-9,0.19572390615940095,-6.671901697785643e-9,1,-5.737202712907674e-8,-0.19572390615940095,-5.756824705827057e-8,-0.9806590676307678],5,0.9766287803649902],[[766.1168823242188,229.84100341796876,45.247169494628909,-0.9996832609176636,-2.3034802509869224e-8,0.02516648918390274,-2.420545008874342e-8,1,-4.6211543036633887e-8,-0.02516648918390274,-4.6806071907212757e-8,-0.9996832609176636],5,0.986180305480957],[[765.9837036132813,229.77513122558595,45.25241470336914,-0.9998346567153931,-4.1000401296287239e-8,0.018185274675488473,-4.163155153946718e-8,1,-3.4328259346239068e-8,-0.018185274675488473,-3.507966539473273e-8,-0.9998346567153931],5,0.9965918064117432],[[765.783935546875,229.65078735351563,45.26179122924805,-0.9992959499359131,-6.675794139709979e-8,0.037518516182899478,-6.735947266633957e-8,1,-1.476899313956892e-8,-0.037518516182899478,-1.7285822551116327e-8,-0.9992959499359131],5,1.0063207149505616],[[765.65087890625,229.5508575439453,45.269615173339847,-0.9999898076057434,-8.46549212951686e-8,-0.004520222544670105,-8.46513188434983e-8,1,-9.881316875848257e-10,0.004520222544670105,-6.054787782261428e-10,-0.9999898076057434],5,1.016129732131958],[[765.517822265625,229.43731689453126,45.278724670410159,-0.9999121427536011,-1.0171264364089439e-7,-0.01325717382133007,-1.0190260013587249e-7,1,1.3652658559237807e-8,0.01325717382133007,1.5002399322838756e-8,-0.9999121427536011],5,1.025038480758667],[[765.3184204101563,229.24143981933595,45.2943000793457,-0.9999358057975769,-1.276879970646405e-7,0.011332323774695397,-1.272675973496007e-7,1,3.781757840215505e-8,-0.011332323774695397,3.637291356994865e-8,-0.9999358057975769],5,1.036858320236206],[[765.0527954101563,228.93258666992188,45.317535400390628,-0.9995293617248535,-1.2920548897454865e-7,0.030677489936351777,-1.2745670119329589e-7,1,5.896120569559571e-8,-0.030677489936351777,5.5023402723008988e-8,-0.9995293617248535],5,1.051872730255127],[[764.9201049804688,228.75772094726563,45.33070373535156,-0.9988399744033814,-1.0764161118004267e-7,-0.04815274477005005,-1.1083587736493428e-7,1,6.366592231188406e-8,0.04815274477005005,6.892911841305249e-8,-0.9988399744033814],5,1.063626766204834],[[764.7213745117188,228.46987915039063,45.35307693481445,-0.999798059463501,-8.455965172515789e-8,-0.02009660005569458,-8.59653184193121e-8,1,6.90815866732919e-8,0.02009660005569458,7.079524522168868e-8,-0.999798059463501],5,1.0813570022583008],[[764.4566040039063,228.03839111328126,45.3847770690918,-0.999989926815033,-5.330520025381702e-8,0.00448892917484045,-5.2975387632159257e-8,1,7.359096798609244e-8,-0.00448892917484045,7.335242457884306e-8,-0.999989926815033],5,1.090050220489502],[[764.2582397460938,227.67901611328126,45.41012954711914,-0.9994199275970459,-2.5773919887228659e-8,-0.03405529633164406,-2.8369205651301855e-8,1,7.572479177042624e-8,0.03405529633164406,7.66469838708872e-8,-0.9994199275970459],5,1.1024203300476075],[[764.1260375976563,227.4224090576172,45.42774963378906,-0.996832549571991,-5.868235675166034e-9,-0.07952935248613358,-1.2012927541604768e-8,1,7.678475100192372e-8,0.07952935248613358,7.749692088054872e-8,-0.996832549571991],5,1.1126892566680909],[[763.9281005859375,227.01193237304688,45.45640563964844,-0.9985806941986084,1.6580051109826856e-8,-0.05325929820537567,1.2502353818888423e-8,1,7.689627068430127e-8,0.05325929820537567,7.612126751155302e-8,-0.9985806941986084],5,1.1251626014709473],[[763.7303466796875,226.57080078125,45.48664474487305,-0.9977387189865112,4.204990844414169e-8,-0.06721217185258866,3.703483031358701e-8,1,7.586163519590628e-8,0.06721217185258866,7.320090134044222e-8,-0.9977387189865112],5,1.134941577911377],[[763.5988159179688,226.2596893310547,45.50835037231445,-0.9944072365760803,6.10377171028631e-8,-0.10561354458332062,5.344761078163174e-8,1,7.469706275742283e-8,0.10561354458332062,6.863450607852428e-8,-0.9944072365760803],5,1.1469473838806153],[[763.4017333984375,225.76747131347657,45.542396545410159,-0.9964134693145752,8.387811334387152e-8,-0.0846179872751236,7.810208302316824e-8,1,7.157048287353973e-8,0.0846179872751236,6.470495605981341e-8,-0.9964134693145752],5,1.1577341556549073],[[763.2050170898438,225.24459838867188,45.57865524291992,-0.9957984685897827,1.0858948940040136e-7,-0.0915716141462326,1.02880875374467e-7,1,6.706088839791846e-8,0.0915716141462326,5.735816088758838e-8,-0.9957984685897827],5,1.1700618267059327],[[763.0086669921875,224.69107055664063,45.6164665222168,-0.9953052401542664,1.3312393321029959e-7,-0.09678555279970169,1.2781299574271544e-7,1,6.107294581170209e-8,0.09678555279970169,4.841577094794047e-8,-0.9953052401542664],5,1.1821796894073487],[[762.8778686523438,224.3050079345703,45.642356872558597,-0.9903566241264343,1.5108609829894704e-7,-0.1385415494441986,1.4464252728885186e-7,1,5.657804891257001e-8,0.1385415494441986,3.599344466920229e-8,-0.9903566241264343],5,1.1935310363769532],[[762.6820068359375,223.7003936767578,45.682838439941409,-0.9944218993186951,1.5666779518141994e-7,-0.10547555983066559,1.5297644040401793e-7,1,4.3087485579462739e-8,0.10547555983066559,2.671186472014142e-8,-0.9944218993186951],5,1.202646017074585],[[762.551513671875,223.2802734375,45.710044860839847,-0.9847500324249268,1.018157718135626e-7,-0.1739753633737564,9.934309730397217e-8,1,2.292080836241439e-8,0.1739753633737564,5.288015358928533e-9,-0.9847500324249268],7,1.2141919136047364],[[762.3557739257813,222.73843383789063,45.750877380371097,-0.9814490079879761,1.7313258382500864e-8,-0.1917232871055603,1.8255624567586893e-8,1,-3.148847405043398e-9,0.1917232871055603,-6.590461953948079e-9,-0.9814490079879761],7,1.2251873016357422],[[762.1600341796875,222.70651245117188,45.791709899902347,-0.9794455766677856,-6.72292372883021e-8,-0.20170851051807404,-6.269424801530477e-8,1,-2.8871530943774816e-8,0.20170851051807404,-1.563212848054718e-8,-0.9794455766677856],7,1.237964391708374],[[761.8990478515625,222.82383728027345,45.846153259277347,-0.9817963242530823,-1.0008023565433177e-7,-0.18993689119815827,-9.535282430306325e-8,1,-3.40280585930941e-8,0.18993689119815827,-1.5297601407837648e-8,-0.9817963242530823],8,1.257756233215332],[[761.6380615234375,223.69696044921876,45.900596618652347,-0.985504150390625,-1.3275204935325747e-7,-0.16965144872665406,-1.2807319649255079e-7,1,-3.852240482160596e-8,0.16965144872665406,-1.6236185729212594e-8,-0.985504150390625],3,1.2823481559753419],[[761.3098754882813,224.71597290039063,45.95857620239258,-0.9997734427452087,-1.5567040634323349e-7,-0.021284891292452813,-1.5527355401445676e-7,1,-2.029730694630416e-8,0.021284891292452813,-1.698772855718289e-8,-0.9997734427452087],5,1.291069507598877],[[761.1121215820313,225.2864990234375,45.98835754394531,-0.999704122543335,-1.2979946006907995e-7,-0.024325214326381685,-1.2986087938315905e-7,1,9.455813909653444e-10,0.024325214326381685,4.104195205911765e-9,-0.999704122543335],5,1.3014068603515626],[[760.9798583984375,225.6498260498047,46.00537109375,-0.9988217949867249,-1.1209827022184982e-7,-0.04852871969342232,-1.1291953683212341e-7,1,1.418184147894408e-8,0.04852871969342232,1.9644971871457529e-8,-0.9988217949867249],5,1.3148167133331299],[[760.7811889648438,226.1692657470703,46.02866744995117,-0.9998876452445984,-8.65531717408885e-8,-0.014989751391112805,-8.704090959099631e-8,1,3.188571184864486e-8,0.014989751391112805,3.31868506009414e-8,-0.9998876452445984],5,1.3233771324157715],[[760.6487426757813,226.49853515625,46.0439567565918,-0.9988402724266052,-6.769799654193776e-8,-0.048146240413188937,-6.984237899132495e-8,1,4.285656274305438e-8,0.048146240413188937,4.6169507328386319e-8,-0.9988402724266052],5,1.3325769901275635],[[760.5162963867188,226.8141632080078,46.05923080444336,-0.9988411664962769,-4.9930420686905566e-8,-0.04812801256775856,-5.2541000883365999e-8,1,5.2977338071968919e-8,0.04812801256775856,5.5444640878477e-8,-0.9988411664962769],5,1.342298984527588],[[760.1851806640625,227.54364013671876,46.09739685058594,-0.998658299446106,-1.1573376035300953e-8,0.05178398638963699,-7.82986830927257e-9,1,7.249369815554019e-8,-0.05178398638963699,7.199096785370785e-8,-0.998658299446106],5,1.3609473705291749],[[760.052734375,227.81158447265626,46.11266326904297,-0.9990800619125366,1.338940158746027e-8,-0.04288458824157715,9.979469695053922e-9,1,7.97282311282288e-8,0.04288458824157715,7.922691480644062e-8,-0.9990800619125366],5,1.370027780532837],[[759.9202270507813,228.06590270996095,46.12741470336914,-0.9992237091064453,3.131709647163916e-8,-0.03939549997448921,2.7944651037614677e-8,1,8.615548807711093e-8,0.03939549997448921,8.49877110908892e-8,-0.9992237091064453],5,1.3807635307312012],[[759.7213745117188,228.42184448242188,46.14874267578125,-0.9999905824661255,5.570295513734891e-8,-0.004344243556261063,5.529543045668106e-8,1,9.392779531935958e-8,0.004344243556261063,9.368669395826146e-8,-0.9999905824661255],5,1.3912909030914307],[[759.5888061523438,228.64210510253907,46.162689208984378,-0.999290943145752,7.730365325642197e-8,-0.03765126317739487,7.364644716290059e-8,1,9.852072224703079e-8,0.03765126317739487,9.567798286980178e-8,-0.999290943145752],5,1.401292085647583],[[759.3899536132813,228.9469451904297,46.18352127075195,-0.9999905824661255,1.0200798783444043e-7,-0.004343913868069649,1.0155880403317497e-7,1,1.0362479230252575e-7,0.004343913868069649,1.0318264997977167e-7,-0.9999905824661255],5,1.4127349853515626],[[759.2573852539063,229.13314819335938,46.1973991394043,-0.999290943145752,1.242666058942632e-7,-0.03765139356255531,1.2034337260047324e-7,1,1.0646522241586354e-7,0.03765139356255531,1.0185863175138366e-7,-0.999290943145752],5,1.4221899509429932],[[759.0585327148438,229.3868865966797,46.21821594238281,-0.9999905824661255,1.208974111932548e-7,-0.0043440405279397968,1.205185355956928e-7,1,8.747863944336132e-8,0.0043440405279397968,8.695428022065244e-8,-0.9999905824661255],5,1.4325921535491944],[[758.9259643554688,229.53903198242188,46.232093811035159,-0.999290943145752,1.1417390766155222e-7,-0.037651292979717258,1.1170199343268905e-7,1,6.775638894396252e-8,0.037651292979717258,6.350262538035168e-8,-0.999290943145752],5,1.4453420639038087],[[758.5282592773438,229.91368103027345,46.27372741699219,-0.9868683815002441,7.300858584358139e-8,0.16152653098106385,7.689971681656971e-8,1,1.7837992416502858e-8,-0.16152653098106385,3.00250952989245e-8,-0.9868683815002441],5,1.4695472717285157],[[758.0642700195313,230.19580078125,46.32229995727539,-0.922822892665863,3.005071746997601e-8,0.38522446155548098,2.409132981995299e-8,1,-2.029644718959389e-8,-0.38522446155548098,-9.44945632852523e-9,-0.922822892665863],5,1.5016725063323975],[[757.7991333007813,230.28207397460938,46.35005569458008,-0.8634554147720337,7.33989180545791e-9,0.5044251084327698,-9.799877354055298e-9,1,-3.1326056415537099e-8,-0.5044251084327698,-3.199195575120939e-8,-0.8634554147720337],5,1.508495569229126],[[757.6665649414063,230.3047637939453,46.36393356323242,-0.8292027115821838,-3.645065804747105e-9,0.5589480400085449,-2.7199657637311249e-8,1,-3.38295542690048e-8,-0.5589480400085449,-4.325475444488802e-8,-0.8292027115821838],5,1.5190975666046143],[[757.5339965820313,230.3138427734375,46.37798309326172,-0.7937289476394653,-1.4440151296923887e-8,0.608271598815918,-4.462551927986169e-8,1,-3.449185470572047e-8,-0.608271598815918,-5.452162099572888e-8,-0.7937289476394653],5,1.530622959136963],[[757.2688598632813,230.29110717773438,46.40619659423828,-0.7209178805351257,-3.560849393124954e-8,0.6930204629898071,-7.911003052640808e-8,1,-3.091299660695768e-8,-0.6930204629898071,-7.71106059005433e-8,-0.7209178805351257],5,1.543036699295044],[[757.1362915039063,230.25930786132813,46.420310974121097,-0.6851314306259155,-4.603743875009059e-8,0.7284194827079773,-9.597504657676837e-8,1,-2.706968160737233e-8,-0.7284194827079773,-8.8456381774904e-8,-0.6851314306259155],5,1.5533678531646729],[[756.9374389648438,230.18606567382813,46.44148254394531,-0.633840799331665,-6.155031684329515e-8,0.7734635472297669,-1.2066536214661029e-7,1,-1.930577830933089e-8,-0.7734635472297669,-1.0556704665987127e-7,-0.633840799331665],5,1.5644416809082032],[[756.7385864257813,230.0821533203125,46.46265411376953,-0.5853079557418823,-7.695049930589448e-8,0.8108111023902893,-1.4461794251019456e-7,1,-9.491148311724374e-9,-0.8108111023902893,-1.228130770414282e-7,-0.5853079557418823],5,1.5774943828582764],[[756.6060180664063,229.995849609375,46.476768493652347,-0.5549072623252869,-8.717206867459027e-8,0.8319122195243836,-1.601784020976993e-7,1,-2.0580246395951464e-9,-0.8319122195243836,-1.3439638735235349e-7,-0.5549072623252869],5,1.5875084400177003],[[756.4071655273438,229.84085083007813,46.49794006347656,-0.5121414661407471,-8.22362054009318e-8,0.8589010834693909,-1.4746845522495279e-7,1,7.814047187082452e-9,-0.8589010834693909,-1.2265891768947768e-7,-0.5121414661407471],5,1.6004478931427003],[[756.2083129882813,229.6551971435547,46.51939010620117,-0.47263866662979128,-6.731639246027044e-8,0.8812562823295593,-1.1666439547752816e-7,1,1.3816965349633393e-8,-0.8812562823295593,-9.628080732682065e-8,-0.47263866662979128],5,1.61043119430542],[[756.0757446289063,229.514404296875,46.533729553222659,-0.4483068883419037,-5.7445443957249157e-8,0.8938797116279602,-9.606377915361009e-8,1,1.6086492138356335e-8,-0.8938797116279602,-7.865777718052414e-8,-0.4483068883419037],5,1.6216740608215333],[[755.8106079101563,229.19192504882813,46.56281280517578,-0.40364521741867068,-3.7851652479048428e-8,0.9149156212806702,-5.4898059431707227e-8,1,1.7151652542679586e-8,-0.9149156212806702,-4.3303906238634229e-8,-0.40364521741867068],5,1.635758638381958],[[755.6117553710938,228.91429138183595,46.58467102050781,-0.3735751807689667,-2.326675385688759e-8,0.9275999069213867,-2.4166306289430396e-8,1,1.5350176241213377e-8,-0.9275999069213867,-1.668221827344496e-8,-0.3735751807689667],5,1.6519618034362794],[[755.3468627929688,228.49642944335938,46.61500930786133,-0.33831289410591128,-3.941226012216248e-9,0.941033661365509,1.650862557767141e-8,1,1.0123231142245004e-8,-0.941033661365509,1.8959994463330078e-8,-0.33831289410591128],5,1.6787590980529786],[[755.0157470703125,227.89747619628907,46.6536865234375,-0.30037108063697817,2.0053320781698859e-8,0.9538224339485169,6.68274537929392e-8,1,2.0664872590892004e-11,-0.9538224339485169,6.374773420247948e-8,-0.30037108063697817],5,1.687164068222046],[[754.8170776367188,227.49722290039063,46.67721939086914,-0.28090301156044009,3.437531503891478e-8,0.959736168384552,9.674401724169002e-8,1,-7.501678389587596e-9,-0.959736168384552,9.074148721310849e-8,-0.28090301156044009],5,1.6970322132110596],[[754.6847534179688,227.21336364746095,46.693119049072269,-0.26943492889404299,4.389626440115535e-8,0.9630185961723328,1.1658730869612555e-7,1,-1.296295959463123e-8,-0.9630185961723328,1.087830767687592e-7,-0.26943492889404299],5,1.7058799266815186],[[754.5524291992188,226.91586303710938,46.709075927734378,-0.2589494287967682,5.3397567256752157e-8,0.9658908843994141,1.3635832374347957e-7,1,-1.8726396433521587e-8,-0.9658908843994141,1.2685808314927272e-7,-0.2589494287967682],5,1.7156496047973633],[[754.4201049804688,226.60475158691407,46.72503662109375,-0.24925272166728974,6.288050968805692e-8,0.968438446521759,1.5606214276431275e-7,1,-2.476316041111204e-8,-0.968438446521759,1.4496430367216818e-7,-0.24925272166728974],5,1.7246901988983155],[[754.2877807617188,226.28001403808595,46.740997314453128,-0.24024489521980287,5.749618736672346e-8,0.9707123041152954,1.4035434503512079e-7,1,-2.4494152484066946e-8,-0.9707123041152954,1.303590835277646e-7,-0.24024489521980287],5,1.7344927787780762],[[754.0231323242188,225.58966064453126,46.772918701171878,-0.2237570732831955,4.677202980474249e-8,0.9746449589729309,1.0902542868507226e-7,1,-2.2958941414685797e-8,-0.9746449589729309,1.0112385950833414e-7,-0.2237570732831955],5,1.7523534297943116],[[753.8654174804688,225.48866271972657,46.79194259643555,-0.21277110278606416,3.876485266118834e-8,0.9771021008491516,8.561183761912616e-8,1,-2.103068652559159e-8,-0.9771021008491516,7.917677891100539e-8,-0.21277110278606416],7,1.7640800476074219],[[753.7661743164063,225.4838409423828,46.80390930175781,-0.20617087185382844,3.344221255474622e-8,0.9785159826278687,7.004496893614487e-8,1,-1.9418159524775548e-8,-0.9785159826278687,6.453666401284863e-8,-0.20617087185382844],7,1.7727839946746827],[[753.6300659179688,225.48309326171876,46.82032012939453,-0.19715751707553864,2.5479394594185579e-8,0.9803718328475952,4.675315068425334e-8,1,-1.658723647324223e-8,-0.9803718328475952,4.2565172719832847e-8,-0.19715751707553864],7,1.783768892288208],[[753.4967041015625,225.48304748535157,46.836402893066409,-0.18904124200344087,1.7540095598178597e-8,0.9819691181182861,2.352642169967112e-8,1,-1.333303689676768e-8,-0.9819691181182861,2.0581724768931055e-8,-0.18904124200344087],7,1.796513557434082],[[753.3189697265625,225.55642700195313,46.857826232910159,-0.17942190170288087,6.987697087623701e-9,0.9837722182273865,-7.349247876931031e-9,1,-8.443329591045768e-9,-0.9837722182273865,-8.744904356206007e-9,-0.17942190170288087],8,1.816394567489624],[[753.0968017578125,226.64016723632813,46.884605407714847,-0.16771705448627473,-6.152280018767442e-9,0.9858351945877075,-4.581399437597611e-8,1,-1.553513095942094e-9,-0.9858351945877075,-4.542559750575492e-8,-0.16771705448627473],3,1.8440783023834229],[[752.8378295898438,227.64215087890626,46.915836334228519,-0.15876777470111848,-1.924067483116687e-8,0.9873159527778626,-8.413955754349445e-8,1,5.957590420990755e-9,-0.9873159527778626,-8.212644786453893e-8,-0.15876777470111848],5,1.854482889175415],[[752.65283203125,228.20245361328126,46.938140869140628,-0.15448397397994996,-2.707311708149973e-8,0.9879952669143677,-1.0708276931836736e-7,1,1.0658498084126223e-8,-0.9879952669143677,-1.0415070050839859e-7,-0.15448397397994996],5,1.873800277709961],[[752.3892211914063,228.90185546875,46.96992111206055,-0.14959940314292909,-3.749545740561189e-8,0.988746702671051,-1.3762291928287596e-7,1,1.7099576865575729e-8,-0.988746702671051,-1.3351612437872974e-7,-0.14959940314292909],5,1.8817827701568604],[[752.2568969726563,229.2311248779297,46.98588180541992,-0.14743971824645997,-4.269828224323646e-8,0.9890710711479187,-1.528735822375893e-7,1,2.0381389020940334e-8,-0.9890710711479187,-1.481977989215011e-7,-0.14743971824645997],5,1.8916478157043458],[[752.0584106445313,229.699462890625,47.009822845458987,-0.1445222795009613,-4.52536426109873e-8,0.9895015358924866,-1.579531101469911e-7,1,2.2663835252956234e-8,-0.9895015358924866,-1.530194140286767e-7,-0.1445222795009613],5,1.9028642177581788],[[751.9259643554688,229.99465942382813,47.02544021606445,-0.142633855342865,-3.9973713228391719e-8,0.989775538444519,-1.3764388029358089e-7,1,2.0551162549509173e-8,-0.989775538444519,-1.3330524950561085e-7,-0.142633855342865],5,1.9132215976715088],[[751.727294921875,230.4119110107422,47.04814910888672,-0.13971088826656342,-3.206551824064263e-8,0.9901923537254334,-1.072047126626785e-7,1,1.725710596645058e-8,-0.9901923537254334,-1.0374228054388368e-7,-0.13971088826656342],5,1.9244649410247803],[[751.6367797851563,230.7821807861328,47.06821060180664,-0.07828407734632492,0.02314208261668682,0.996662437915802,-0.00744587043300271,0.9996891021728516,-0.023797204717993737,-0.9969033002853394,-0.009283961728215218,-0.07808741927146912],5,1.935279369354248],[[751.5952758789063,231.00006103515626,47.08858108520508,-0.04481711983680725,0.017225872725248338,0.998846709728241,-0.009916898794472218,0.9997943639755249,-0.017687177285552026,-0.9989460110664368,-0.010698149912059307,-0.04463707655668259],5,1.9464426040649415],[[751.5557861328125,231.2965087890625,47.128196716308597,-0.019863203167915345,0.000400260352762416,0.9998026490211487,-0.008128314279019833,0.9999668002128601,-0.0005618126597255468,-0.9997696876525879,-0.008137870579957962,-0.01985928975045681],5,1.9562175273895264],[[751.5447387695313,231.4739227294922,47.161563873291019,-0.010837162844836712,-0.00004156679642619565,0.9999412894248962,-0.006337970495223999,0.9999799132347107,-0.00002712135756155476,-0.9999212026596069,-0.006337891332805157,-0.010837208479642868],5,1.9671223163604737],[[751.5364379882813,231.71072387695313,47.22381591796875,-0.0054396213963627819,0.0008601292502135038,0.999984860420227,-0.003965239971876144,0.999991774559021,-0.0008817049092613161,-0.9999773502349854,-0.003969976212829351,-0.005436166189610958],5,1.9791455268859864],[[751.5464477539063,232.13748168945313,47.4000244140625,-0.02065606601536274,-0.0005173562094569206,0.9997864961624146,-0.0004203933058306575,0.9999997615814209,0.0005087810568511486,-0.9997865557670593,-0.0004097941273357719,-0.020656278356909753],5,2.0054614543914797],[[751.553466796875,232.184814453125,47.42892074584961,-0.02369079366326332,-0.0004197193484287709,0.9997192621231079,-0.00023366842651739717,0.9999998807907105,0.0004142998077441007,-0.9997193217277527,-0.00022378771973308176,-0.02369088865816593],5,2.014042854309082],[[751.560302734375,232.306396484375,47.511253356933597,-0.03213605284690857,-0.00017405896505806595,0.9994834661483765,0.000030279446946224199,1,0.00017512247723061591,-0.9994835257530212,0.000035891553125111389,-0.03213604912161827],5,2.0232582092285158],[[751.56787109375,232.39683532714845,47.603294372558597,-0.03777031600475311,-0.00015339412493631244,0.999286413192749,-0.00009291196329286322,1,0.00014999184350017458,-0.999286413192749,-0.00008718042226973921,-0.03777033090591431],5,2.0356063842773439],[[751.5704345703125,232.43992614746095,47.66444778442383,-0.04170527309179306,-0.00012428824265953153,0.9991299510002136,-0.00011950738553423434,1,0.0001194080468849279,-0.9991299510002136,-0.00011442346294643357,-0.041705287992954257],5,2.0473291873931886],[[751.5756225585938,232.47898864746095,47.765777587890628,-0.047381140291690829,-0.00013016803131904453,0.9988768696784973,-0.00007920899952296168,1,0.00012655714817810804,-0.9988768696784973,-0.0000731236141291447,-0.04738115146756172],5,2.057619333267212],[[751.580810546875,232.4873809814453,47.87324905395508,-0.052594464272260669,-0.00008629213698441163,0.9986159205436707,-0.00003451643351581879,1,0.00008459384116576985,-0.9986159801483154,-0.000030019491532584653,-0.052594467997550967],5,2.070953369140625],[[751.5560302734375,232.487060546875,47.944114685058597,-0.030722688883543016,-0.00008782749500824139,0.9995279312133789,0.00003811696660704911,1,0.00008904057904146612,-0.9995279312133789,0.00004083453677594662,-0.030722685158252717],7,2.082292079925537],[[751.5321044921875,232.48707580566407,47.96498489379883,0.009583063423633576,-0.00011914605420315638,0.9999540448188782,0.00000885452755028382,1,0.00011906666622962803,-0.999954104423523,0.000007713096238148865,0