[[[776,222.69961547851563,47,1,-7.3044250648024448e-9,-1.4660688502500346e-14,7.3044250648024448e-9,1,1.2322118436713936e-8,1.4570682781525104e-14,-1.2322118436713936e-8,1],8,0.00815892219543457],[[776,222.69961547851563,47,1,8.282799335290747e-9,-1.4985188518659363e-14,-8.282799335290747e-9,1,-1.3972637269432653e-8,1.4869455018944219e-14,1.3972637269432653e-8,1],8,0.01868724822998047],[[776,222.69961547851563,47,1,3.9437267673747559e-8,-1.6865352633877417e-14,-3.9437267673747559e-8,1,-6.652845740973135e-8,1.424165283316417e-14,6.652845740973135e-8,1],8,0.0310819149017334],[[776,222.69961547851563,47,1,4.602224379368636e-8,-1.7612933748728695e-14,-4.602224379368636e-8,1,-7.763693332663024e-8,1.4039908219853036e-14,7.763693332663024e-8,1],8,0.056797027587890628],[[776,222.69961547851563,47,1,3.883072707822066e-8,-1.7271831886803494e-14,-3.883072707822066e-8,1,-6.550524744852737e-8,1.4728215663121353e-14,6.550524744852737e-8,1],8,0.06371951103210449],[[776,222.69961547851563,47,1,3.643560830823844e-8,-1.7131278627667905e-14,-3.643560830823844e-8,1,-6.146481013047378e-8,1.489177094897258e-14,6.146481013047378e-8,1],8,0.07720351219177246],[[776,222.69961547851563,47,1,3.284484861865167e-8,-1.6934245211609398e-14,-3.284484861865167e-8,1,-5.54073871228411e-8,1.5114398312565323e-14,5.54073871228411e-8,1],8,0.08573555946350098],[[776,222.69961547851563,47,1,3.0452287802518188e-8,-1.681418167946789e-14,-3.0452287802518188e-8,1,-5.1371259246479897e-8,1.5249810081711079e-14,5.1371259246479897e-8,1],8,0.09459114074707031],[[776,222.69961547851563,47,1,2.806074661521052e-8,-1.6703637103587626e-14,-2.806074661521052e-8,1,-4.7336857988966588e-8,1.5375328506032905e-14,4.7336857988966588e-8,1],8,0.10551881790161133],[[776,222.69961547851563,47,1,2.4475349746921894e-8,-1.6555873900005008e-14,-2.4475349746921894e-8,1,-4.128848729578749e-8,1.5545322936349159e-14,4.128848729578749e-8,1],8,0.1157844066619873],[[776,222.69961547851563,47,1,2.089225148438345e-8,-1.6429833703387673e-14,-2.089225148438345e-8,1,-3.524398906051829e-8,1.5693506268273616e-14,3.524398906051829e-8,1],8,0.1300504207611084],[[776,222.69961547851563,47,1,1.7311448274881515e-8,-1.6325496184944889e-14,-1.7311448274881515e-8,1,-2.920336150680214e-8,1.581994457037616e-14,2.920336150680214e-8,1],8,0.14043140411376954],[[776,222.69961547851563,47,1,1.492552215154319e-8,-1.6267979259694533e-14,-1.492552215154319e-8,1,-2.5178428231242834e-8,1.589217784605211e-14,2.5178428231242834e-8,1],8,0.14904284477233888],[[775.8392333984375,222.69961547851563,46.983089447021487,0.9909085631370544,9.811749634991429e-9,0.1345369964838028,-7.411250280142667e-9,1,-1.8343490282290987e-8,-0.1345369964838028,1.7179635491970658e-8,0.9909085631370544],8,0.16830658912658692],[[775.57763671875,222.69961547851563,46.955562591552737,0.9520575404167175,3.6978231587880829e-9,0.3059190809726715,-6.38998742807928e-10,1,-1.0098944791536724e-8,-0.3059190809726715,9.419293789392214e-9,0.9520575404167175],8,0.19196534156799317],[[775.3125,222.69961547851563,46.92767333984375,0.8906956315040588,-3.4665577075543298e-9,0.45460018515586855,4.035157541437684e-9,1,-2.805528864779916e-10,-0.45460018515586855,2.08427053394189e-9,0.8906956315040588],8,0.19887399673461915],[[775.179931640625,222.69961547851563,46.913726806640628,0.855787992477417,-7.402290336244732e-9,0.5173266530036926,5.618479015367939e-9,1,5.014362702837616e-9,-0.5173266530036926,-1.3846424007368797e-9,0.855787992477417],8,0.20927762985229493],[[774.9810791015625,222.69961547851563,46.89280700683594,0.8015674352645874,-1.3682228683364884e-8,0.5979043841362,7.187299644328959e-9,1,1.3248144803412743e-8,-0.5979043841362,-6.321963397226682e-9,0.8015674352645874],8,0.22089314460754395],[[774.7159423828125,222.69961547851563,46.86491394042969,0.7276301980018616,-2.265791998468103e-8,0.6859696507453919,7.98633870147114e-9,1,2.4559133393609046e-8,-0.6859696507453919,-1.2391580206383424e-8,0.7276301980018616],8,0.23519587516784669],[[774.51708984375,222.69961547851563,46.843994140625,0.6735931038856506,-2.976972268697864e-8,0.7391023635864258,7.817284597422259e-9,1,3.3153803258301198e-8,-0.7391023635864258,-1.6554398740709077e-8,0.6735931038856506],8,0.25078248977661135],[[774.3182983398438,222.69961547851563,46.82194519042969,0.6227980256080627,-3.714566076951087e-8,0.7823826670646668,7.175505079004552e-9,1,4.1765716218833407e-8,-0.7823826670646668,-2.0397614264311416e-8,0.6227980256080627],8,0.27494096755981448],[[773.9871826171875,222.69961547851563,46.783241271972659,0.5444656014442444,-4.990359414591694e-8,0.8387831449508667,5.243088629924841e-9,1,5.609186359833984e-8,-0.8387831449508667,-2.614227767594457e-8,0.5444656014442444],8,0.2825038433074951],[[773.8548583984375,222.69961547851563,46.76664352416992,0.516191840171814,-5.5140777277529199e-8,0.8564729690551758,4.292557864715718e-9,1,6.179411826678916e-8,-0.8564729690551758,-2.8221164072306239e-8,0.516191840171814],8,0.29329895973205569],[[773.5904541015625,222.69961547851563,46.73200225830078,0.46573737263679507,-6.578786582167595e-8,0.884922981262207,2.275933663753449e-9,1,7.314520900081334e-8,-0.884922981262207,-3.205243359616361e-8,0.46573737263679507],8,0.30596256256103518],[[773.4583129882813,222.69961547851563,46.7142448425293,0.4430440664291382,-7.118379841131173e-8,0.8964998126029968,1.2204113275515738e-9,1,7.879879149186309e-8,-0.8964998126029968,-3.38172370106804e-8,0.4430440664291382],8,0.31781578063964846],[[773.26025390625,222.69961547851563,46.68632125854492,0.4124605357646942,-7.934949053378659e-8,0.910975456237793,-3.379365398625822e-10,1,8.725687905553059e-8,-0.910975456237793,-3.629786959891135e-8,0.4124605357646942],8,0.32860875129699709],[[773.1282958984375,222.69961547851563,46.667362213134769,0.3939553499221802,-8.483377200718678e-8,0.9191295504570007,-1.3681669130960473e-9,1,9.288436331189587e-8,-0.9191295504570007,-3.784981217336281e-8,0.3939553499221802],8,0.33765339851379397],[[772.996337890625,222.69961547851563,46.64799880981445,0.37695685029029848,-9.034526726736658e-8,0.926230788230896,-2.370279528207675e-9,1,9.850542426192988e-8,-0.926230788230896,-3.932771974746174e-8,0.37695685029029848],8,0.3475029468536377],[[772.798583984375,222.69961547851563,46.61849594116211,0.3536415100097656,-9.865583905366293e-8,0.9353810548782349,-3.8527634416141158e-9,1,1.0692790652910844e-7,-0.9353810548782349,-4.141794818224298e-8,0.3536415100097656],8,0.35710620880126955],[[772.600830078125,222.69961547851563,46.5886344909668,0.3326370120048523,-1.0701020869419153e-7,0.9430549144744873,-5.303884886842525e-9,1,1.1534267230217665e-7,-0.9430549144744873,-4.336909498192654e-8,0.3326370120048523],8,0.3700528144836426],[[772.271240234375,222.69961547851563,46.53875732421875,0.3016050159931183,-1.2101104118755757e-7,0.9534329771995544,-7.691863146419564e-9,1,1.2935460347307527e-7,-0.9534329771995544,-4.634767236666448e-8,0.3016050159931183],8,0.3912351131439209],[[772.139404296875,222.69961547851563,46.51880645751953,0.29064837098121645,-1.2663356585562725e-7,0.9568299651145935,-8.597323741810215e-9,1,1.3495854034317745e-7,-0.9568299651145935,-4.745165327335599e-8,0.29064837098121645],8,0.3999137878417969],[[771.941650390625,222.69961547851563,46.48915100097656,0.2758418023586273,-8.532251882797937e-8,0.9612030386924744,-6.588512402316837e-9,1,9.065712447409169e-8,-0.9612030386924744,-3.1339922657025457e-8,0.2758418023586273],8,0.40932488441467287],[[771.8096923828125,222.69961547851563,46.46993637084961,0.26667678356170657,-5.771942213073089e-8,0.9637860059738159,-4.710283718623032e-9,1,6.119153539430045e-8,-0.9637860059738159,-2.085806904972287e-8,0.26667678356170657],8,0.41913557052612307],[[771.6116333007813,222.69961547851563,46.441917419433597,0.25371691584587099,-1.6234366739809049e-8,0.9672785401344299,-1.1975360703075922e-9,1,1.7097661952902855e-8,-0.9672785401344299,-5.496318067343964e-9,0.25371691584587099],8,0.4319648742675781],[[771.4795532226563,222.69961547851563,46.42367935180664,0.24559636414051057,1.1470003613567315e-8,0.9693721532821655,1.5610653880671066e-9,1,-1.2227909351736344e-8,-0.9693721532821655,4.516382823283038e-9,0.24559636414051057],8,0.4443027973175049],[[771.2153930664063,223.57273864746095,46.3873176574707,0.22950345277786256,6.697962362522958e-8,0.9733078479766846,8.004625406954347e-9,1,-7.070394758557086e-8,-0.9733078479766846,2.4017765554162908e-8,0.22950345277786256],3,0.46012067794799807],[[770.9509887695313,224.39476013183595,46.35304260253906,0.21517150104045869,1.226059396230994e-7,0.9765762686729431,1.54694674847633e-8,1,-1.2895513634703094e-7,-0.9765762686729431,4.285458388153529e-8,0.21517150104045869],5,0.4850192070007324],[[770.6201782226563,225.34564208984376,46.312679290771487,0.19904418289661408,1.0996355115366896e-7,0.979990541934967,1.5199718816916176e-8,1,-1.152959754335825e-7,-0.979990541934967,3.7844571920686579e-8,0.19904418289661408],5,0.49233198165893557],[[770.4877319335938,225.70216369628907,46.297332763671878,0.19306319952011109,1.0490038704347171e-7,0.9811863303184509,1.4957000971094204e-8,1,-1.0985480258796088e-7,-0.9811863303184509,3.5884525573237627e-8,0.19306319952011109],5,0.5020673274993897],[[770.3552856445313,226.0450439453125,46.28236389160156,0.18743133544921876,9.983433102433992e-8,0.9822776913642883,1.463396515077875e-8,1,-1.0442789744047332e-7,-0.9822776913642883,3.394767844611124e-8,0.18743133544921876],5,0.5134506225585938],[[770.1564331054688,226.53382873535157,46.260318756103519,0.17947468161582948,9.223069952213337e-8,0.9837625622749329,1.4025467898193256e-8,1,-9.631176567381772e-8,-0.9837625622749329,3.108325685730051e-8,0.17947468161582948],5,0.5246634483337402],[[769.9575805664063,226.99195861816407,46.23862838745117,0.1720937341451645,8.462256317898209e-8,0.9850805997848511,1.3280192057152363e-8,1,-8.822425456855854e-8,-0.9850805997848511,2.826490153040595e-8,0.1720937341451645],5,0.5380268096923828],[[769.7587280273438,227.41941833496095,46.217567443847659,0.16517668962478639,7.701090254386145e-8,0.9862639904022217,1.2418912120892856e-8,1,-8.016333907789886e-8,-0.9862639904022217,2.5489439892112388e-8,0.16517668962478639],5,0.549842119216919],[[769.6260375976563,227.68736267089845,46.20395278930664,0.1607881337404251,7.19348847155743e-8,0.9869889616966248,1.178758601838581e-8,1,-7.480345942667555e-8,-0.9869889616966248,2.3661726800128237e-8,0.1607881337404251],5,0.5591275691986084],[[769.427001953125,228.06373596191407,46.1837043762207,0.1546269804239273,6.431908161630418e-8,0.9879729151725769,1.0754522605793682e-8,1,-6.67852546598624e-8,-0.9879729151725769,2.0951977930394606e-8,0.1546269804239273],5,0.5711088180541992],[[769.2943115234375,228.29762268066407,46.17021560668945,0.15084940195083619,5.924103163579275e-8,0.9885567426681519,1.0009607365191187e-8,1,-6.145420883285624e-8,-0.9885567426681519,1.9165394604669929e-8,0.15084940195083619],5,0.5816166400909424],[[769.0289306640625,228.72451782226563,46.143638610839847,0.14382612705230714,4.908391915137145e-8,0.9896029829978943,8.413715057997706e-9,1,-5.0822432484665117e-8,-0.9896029829978943,1.563583218455733e-8,0.14382612705230714],5,0.5948858261108398],[[768.8298950195313,229.00892639160157,46.12376022338867,0.13911521434783936,4.146584231534689e-8,0.9902762174606323,7.129012935536139e-9,1,-4.287449684170497e-8,-0.9902762174606323,1.3024186173993258e-8,0.13911521434783936],5,0.6086480617523193],[[768.630859375,229.26266479492188,46.104164123535159,0.1348145455121994,3.384824864838265e-8,0.9908708333969116,5.781310541408402e-9,1,-3.4946687321735229e-8,-0.9908708333969116,1.0439853426191803e-8,0.1348145455121994],5,0.6202304363250732],[[768.4318237304688,229.4857635498047,46.0851936340332,0.13069838285446168,2.6231536054410755e-8,0.991422176361084,4.385073637536152e-9,1,-2.703657209224275e-8,-0.991422176361084,7.881095775985614e-9,0.13069838285446168],5,0.6334478855133057],[[768.2326049804688,229.67820739746095,46.06663513183594,0.12678126990795136,1.861596565788659e-8,0.9919307231903076,2.9435640591657376e-9,1,-1.9143630680673597e-8,-0.9919307231903076,5.346865172839443e-9,0.12678126990795136],5,0.6440911293029785],[[768.0997924804688,229.78945922851563,46.054649353027347,0.12423636764287949,1.3539677823359853e-8,0.9922526478767395,1.959935325146489e-9,1,-1.3890789851700447e-8,-0.9922526478767395,3.6704923545016756e-9,0.12423636764287949],5,0.656456470489502],[[767.9005737304688,229.93080139160157,46.03739929199219,0.12039308249950409,5.926478863216289e-9,0.9927263259887695,4.5333592435525818e-10,1,-6.024880594424076e-9,-0.9927263259887695,1.1753924500368385e-9,0.12039308249950409],5,0.6686220169067383],[[767.7012329101563,230.04148864746095,46.02085876464844,0.11655405163764954,-1.68517799714607e-9,0.9931843280792236,-1.091045143120084e-9,1,1.8247808819538137e-9,-0.9931843280792236,-1.296294516173191e-9,0.11655405163764954],5,0.6809160709381104],[[767.5018310546875,230.12152099609376,46.0050163269043,0.1127443015575409,-9.295192171521194e-9,0.9936240315437317,-2.6728650404095335e-9,1,9.658122301914318e-9,-0.9936240315437317,-3.7447214218389039e-9,0.1127443015575409],5,0.6931138038635254],[[767.3024291992188,230.1708984375,45.990150451660159,0.1088581308722496,-1.690349371585853e-8,0.994057297706604,-4.293094324481217e-9,1,1.7474679481210843e-8,-0.994057297706604,-6.1698424147493828e-9,0.1088581308722496],5,0.7070517539978027],[[767.0365600585938,230.1890411376953,45.9705924987793,0.103977270424366,-2.704501689265726e-8,0.9945796728134155,-6.504826011166642e-9,1,2.7872449237520415e-8,-0.9945796728134155,-9.367669306925564e-9,0.103977270424366],5,0.7279036045074463],[[766.7706909179688,230.15269470214845,45.951045989990237,0.09967584162950516,-3.718262675533879e-8,0.9950199723243713,-8.759535319313727e-9,1,3.824620620207497e-8,-0.9950199723243713,-1.2528134973877059e-8,0.09967584162950516],5,0.7361533641815186],[[766.6377563476563,230.11407470703126,45.9412727355957,0.09776926785707474,-4.224973082500583e-8,0.9952090978622437,-9.897524577695549e-9,1,4.342544812629967e-8,-0.9952090978622437,-1.4095781430967236e-8,0.09776926785707474],5,0.7472653388977051],[[766.5048217773438,230.0618438720703,45.93149948120117,0.0960305705666542,-4.7315563023175858e-8,0.9953783750534058,-1.1039828606840274e-8,1,4.860033797626784e-8,-0.9953783750534058,-1.5655924556767787e-8,0.0960305705666542],5,0.7551398277282715],[[766.305419921875,229.9579315185547,45.916839599609378,0.09365051239728928,-5.4911755142939e-8,0.9956051111221314,-1.2761723233722933e-8,1,5.6354569011318748e-8,-0.9956051111221314,-1.7983271760613208e-8,0.09365051239728928],5,0.7672228813171387],[[766.1060180664063,229.8233642578125,45.90217971801758,0.09150749444961548,-6.250469652968605e-8,0.9958043694496155,-1.4491607025490794e-8,1,6.409972286292032e-8,-0.9958043694496155,-2.0296411662457105e-8,0.09150749444961548],5,0.7778687477111816],[[765.9730834960938,229.7166290283203,45.89240646362305,0.09021130204200745,-6.756475556812802e-8,0.9959226250648499,-1.564714935398115e-8,1,6.925869655560746e-8,-0.9959226250648499,-2.183126746047037e-8,0.09021130204200745],5,0.7887120246887207],[[765.773681640625,229.53097534179688,45.87774658203125,0.0884392186999321,-7.51518598463008e-8,0.9960815906524658,-1.7382792094622347e-8,1,7.699085813328566e-8,-0.9960815906524658,-2.4123691488853184e-8,0.0884392186999321],5,0.7987380027770996],[[765.6407470703125,229.3901824951172,45.86797332763672,0.08736312389373779,-8.020786879114894e-8,0.996176540851593,-1.85405841790498e-8,1,8.21417032170757e-8,-0.996176540851593,-2.5645849888178419e-8,0.08736312389373779],5,0.8093531131744385],[[765.4413452148438,229.15342712402345,45.85331344604492,0.08589016646146774,-8.778870608239231e-8,0.9963046312332153,-2.027734424814298e-8,1,8.986241084585345e-8,-0.9963046312332153,-2.792070930013324e-8,0.08589016646146774],5,0.8212056159973145],[[765.241943359375,228.88601684570313,45.838653564453128,0.08456401526927948,-9.536562117773428e-8,0.9964180588722229,-2.2013646017171596e-8,1,9.757669516829992e-8,-0.9964180588722229,-3.018627126039064e-8,0.08456401526927948],5,0.8370954990386963],[[764.97607421875,228.48178100585938,45.81910705566406,0.08299411088228226,-1.0546190054583349e-7,0.9965500235557556,-2.432670775931456e-8,1,1.0785296211679452e-7,-0.9965500235557556,-3.3193941817444286e-8,0.08299411088228226],5,0.8617496490478516],[[764.6437377929688,227.8998565673828,45.79365158081055,0.08173196017742157,-1.1807169641997462e-7,0.9966543316841126,-2.7162613491782396e-8,1,1.2069556021288009e-7,-0.9966543316841126,-3.693642369739791e-8,0.08173196017742157],5,0.8702797889709473],[[764.2442626953125,227.08914184570313,45.771724700927737,0.07688909769058228,-1.3318921787686123e-7,0.9970396757125855,-3.102778478591972e-8,1,1.3597745862625744e-7,-0.9970396757125855,-4.1391114535827e-8,0.07688909769058228],5,0.8938717842102051],[[764.0443115234375,226.63778686523438,45.76860427856445,0.07145911455154419,-1.407438929845739e-7,0.9974435567855835,-3.341855148164541e-8,1,1.4349880927966297e-7,-0.9974435567855835,-4.3587416342916188e-8,0.07145911455154419],5,0.9060666561126709],[[763.9110107421875,226.3198699951172,45.770179748535159,0.06631699204444885,-1.4577977935914533e-7,0.9977986216545105,-3.5263987285816259e-8,1,1.484451672695286e-7,-0.9977986216545105,-4.503079509277086e-8,0.06631699204444885],5,0.9153382778167725],[[763.7780151367188,225.98831176757813,45.778255462646487,0.05864381790161133,-1.5081585047482805e-7,0.9982789754867554,-3.7525730078868949e-8,1,1.5328029689953838e-7,-0.9982789754867554,-4.6450089996596947e-8,0.05864381790161133],5,0.9270033836364746],[[763.512939453125,225.28433227539063,45.80711364746094,0.037579551339149478,-1.6089084908799124e-7,0.9992936253547669,-4.310122392325866e-8,1,1.626254402253835e-7,-0.9992936253547669,-4.9182169448158677e-8,0.037579551339149478],5,0.9406378269195557],[[763.315185546875,224.7205810546875,45.83681869506836,0.019116269424557687,-1.684496169218619e-7,0.9998172521591187,-4.7889894716490747e-8,1,1.6939604563503964e-7,-0.9998172521591187,-5.111936474122558e-8,0.019116269424557687],5,0.9527912139892578],[[763.1849365234375,224.3277130126953,45.86468505859375,0.0034546018578112127,-1.73489610233446e-7,0.9999940395355225,-5.1748092033676588e-8,1,1.7366940596730275e-7,-0.9999940395355225,-5.2347740364666609e-8,0.0034546018578112127],5,0.9642341136932373],[[762.9934692382813,223.71287536621095,45.921722412109378,-0.02549358271062374,-1.810499981047542e-7,0.9996749758720398,-5.866584729119495e-8,1,1.7961278331313225e-7,-0.9996749758720398,-5.406780445582626e-8,-0.02549358271062374],5,0.9764621257781982],[[762.7415771484375,222.84539794921876,45.886714935302737,-0.0036604006309062244,-9.477410856106872e-8,0.9999933242797852,-2.7582800044001489e-8,1,9.467377282135203e-8,-0.9999933242797852,-2.723605518895056e-8,-0.0036604006309062244],7,0.9924025535583496],[[762.5474243164063,222.448486328125,45.84128189086914,0.020757706835865976,-3.017673222416306e-8,0.999784529209137,-5.19813303512251e-9,1,3.029115802632987e-8,-0.999784529209137,-5.825780746704368e-9,0.020757706835865976],7,1.0148918628692628],[[762.2158203125,222.49942016601563,45.81092834472656,0.0373719148337841,7.727678053015552e-8,0.9993014335632324,2.8614762115353188e-8,1,-7.840093729782893e-8,-0.9993014335632324,3.1524766797019768e-8,0.0373719148337841],8,1.0232763290405274],[[762.082763671875,222.5442657470703,45.81444549560547,0.03583435341715813,8.353604386002189e-8,0.9993577599525452,2.9679375401769904e-8,1,-8.465395495704797e-8,-0.9993577599525452,3.2693833418306897e-8,0.03583435341715813],8,1.0328879356384278],[[761.9503173828125,222.5819549560547,45.828548431396487,0.028629139065742494,8.979380083928845e-8,0.9995900988578796,3.125747127796785e-8,1,-9.072586237834912e-8,-0.9995900988578796,3.384205982115418e-8,0.028629139065742494],8,1.0426862239837647],[[761.7535400390625,222.62367248535157,45.86371612548828,0.010294800624251366,9.917962273675585e-8,0.9999470114707947,3.445451568495628e-8,1,-9.953959789754663e-8,-0.9999470114707947,3.547742721821123e-8,0.010294800624251366],8,1.0529799461364747],[[761.6253662109375,222.6432647705078,45.899784088134769,-0.007165718358010054,1.0543637785076499e-7,0.9999743103981018,3.723953767575949e-8,1,-1.0517223358874617e-7,-0.9999743103981018,3.6484948395809627e-8,-0.007165718358010054],8,1.0610826015472413],[[761.4979858398438,222.6579132080078,45.93921661376953,-0.026318764314055444,1.1169196056926012e-7,0.9996535778045654,4.03348607846965e-8,1,-1.1066872929177407e-7,-0.9996535778045654,3.740822052122894e-8,-0.026318764314055444],8,1.0735249519348145],[[761.2481689453125,222.67684936523438,45.90028381347656,-0.0005978139233775437,1.2419522477102874e-7,0.9999998211860657,3.93164647505273e-8,1,-1.2417174843903923e-7,-0.9999998211860657,3.924222724549509e-8,-0.0005978139233775437],8,1.0893540382385255],[[760.9310302734375,222.68896484375,45.79951858520508,-0.9858453869819641,5.7939860909073107e-8,0.16765712201595307,4.520387264506098e-8,1,-7.978088945037598e-8,-0.16765712201595307,-7.107286847940486e-8,-0.9858453869819641],8,1.1173503398895264],[[760.6076049804688,222.69464111328126,45.718936920166019,-0.9779841303825378,3.395457426336179e-8,0.20867931842803956,3.3395316734186056e-8,1,-6.203222380207762e-9,-0.20867931842803956,9.022589342322362e-10,-0.9779841303825378],8,1.1361162662506104],[[760.3483276367188,222.6968994140625,45.656494140625,-0.9821522831916809,1.1419528433975757e-8,0.18808747828006745,2.1483925749521405e-8,1,5.1470511408524547e-8,-0.18808747828006745,5.459273921815111e-8,-0.9821522831916809],8,1.1432416439056397],[[760.2831420898438,222.69728088378907,45.64273452758789,-0.9861984252929688,7.0333698864999409e-9,0.165567547082901,1.8178193172957436e-8,1,6.579753630830965e-8,-0.165567547082901,6.789914408500408e-8,-0.9861984252929688],8,1.1502559185028077],[[760.086181640625,222.69813537597657,45.60805892944336,-0.98995441198349,-5.5310169777555988e-9,0.14138701558113099,7.4258728055554e-9,1,9.111368370895434e-8,-0.14138701558113099,9.124831024109881e-8,-0.98995441198349],8,1.1601595878601075],[[759.9542846679688,222.6985321044922,45.58829116821289,-0.9931052923202515,-9.241323262187962e-9,0.11722566187381745,6.850102152178295e-10,1,8.463684508797087e-8,-0.11722566187381745,8.413360319536878e-8,-0.9931052923202515],8,1.1700031757354737],[[759.822021484375,222.69882202148438,45.57169723510742,-0.9970112442970276,-1.178740838270187e-8,0.07725673913955689,-5.786606749325074e-9,1,7.789736855556839e-8,-0.07725673913955689,7.721749994971106e-8,-0.9970112442970276],8,1.1794371604919434],[[759.622802734375,222.6990966796875,45.55458068847656,-0.9981023073196411,-1.9464485134790267e-8,0.06157735362648964,-1.5328341262943469e-8,1,6.764229709688152e-8,-0.06157735362648964,6.657005258148274e-8,-0.9981023073196411],8,1.1903095245361329],[[759.48974609375,222.69923400878907,45.545753479003909,-0.9988654255867004,-2.4457074587758144e-8,0.04762231186032295,-2.1589892540418988e-8,1,6.072104241638954e-8,-0.04762231186032295,5.962399285408537e-8,-0.9988654255867004],8,1.200211524963379],[[759.2899780273438,222.6993865966797,45.535606384277347,-0.9992433786392212,-3.28176774644362e-8,0.03889303281903267,-3.0886162960541699e-8,1,5.026309679578844e-8,-0.03889303281903267,4.902381078863982e-8,-0.9992433786392212],8,1.2110450267791749],[[759.1567993164063,222.69944763183595,45.53009033203125,-0.9994335770606995,-3.847866736350625e-8,0.03365292027592659,-3.704374051949344e-8,1,4.3262478044425737e-8,-0.03365292027592659,4.1991341959146669e-8,-0.9994335770606995],8,1.2219300270080567],[[758.9568481445313,222.6995086669922,45.52311325073242,-0.9994335770606995,-4.735165859415247e-8,0.03365267440676689,-4.627516858590752e-8,1,3.276715432320998e-8,-0.03365267440676689,3.119131264384123e-8,-0.9994335770606995],8,1.232438087463379],[[758.7568969726563,222.69955444335938,45.51637268066406,-0.999373197555542,-5.627345345260437e-8,0.035400670021772388,-5.5519002728487979e-8,1,2.229471185444254e-8,-0.035400670021772388,2.0315326310083038e-8,-0.999373197555542],8,1.2470765113830567],[[758.5569458007813,222.69956970214845,45.509361267089847,-0.999373197555542,-6.513507599947843e-8,0.035400670021772388,-6.475691094465219e-8,1,1.1828981349992774e-8,-0.035400670021772388,9.52912948548601e-9,-0.999373197555542],8,1.2570524215698243],[[758.3569946289063,222.69956970214845,45.50228500366211,-0.9990256428718567,-7.407181357166337e-8,0.044132962822914126,-7.407994928598782e-8,1,1.451039510769192e-9,-0.044132962822914126,-1.8197422457788548e-9,-0.9990256428718567],8,1.2725238800048829],[[758.1572265625,222.69956970214845,45.49378967285156,-0.9990256428718567,-8.29220780929063e-8,0.044132962822914126,-8.339701196291571e-8,1,-8.920249428001626e-9,-0.044132962822914126,-1.2592114906340158e-8,-0.9990256428718567],8,1.294137716293335],[[757.890869140625,222.69956970214845,45.48204040527344,-0.9990256428718567,-9.47136129525461e-8,0.044132962822914126,-9.581047066831161e-8,1,-2.2738291249879695e-8,-0.044132962822914126,-2.6944537268036585e-8,-0.9990256428718567],8,1.3010096549987794],[[757.6911010742188,222.69956970214845,45.47321701049805,-0.9990256428718567,-1.0355065427347654e-7,0.044132962822914126,-1.051136067076186e-7,1,-3.309407148321952e-8,-0.044132962822914126,-3.7700804256246559e-8,-0.9990256428718567],8,1.3121166229248047],[[757.4913330078125,222.69956970214845,45.464393615722659,-0.9987804889678955,-1.1218286033454206e-7,0.049371954053640369,-1.1446491754441013e-7,1,-4.339431214361866e-8,-0.049371954053640369,-4.899274586023239e-8,-0.9987804889678955],8,1.3376166820526124],[[757.091796875,222.69956970214845,45.44485092163086,-0.9964463114738464,-6.663667306838761e-8,0.0842302143573761,-6.970294208485939e-8,1,-3.3462605131262538e-8,-0.0842302143573761,-3.921478608504003e-8,-0.9964463114738464],8,1.3558738231658936],[[756.8923950195313,222.69956970214845,45.42932891845703,-0.9938978552818298,-2.8376286209663705e-8,0.1103043258190155,-3.0997888700312617e-8,1,-2.2052144998951918e-8,-0.1103043258190155,-2.533678156169117e-8,-0.9938978552818298],8,1.362900733947754],[[756.759765625,222.69956970214845,45.41558074951172,-0.9926867485046387,-3.3155027612252754e-9,0.12071878463029862,-5.130004865350202e-9,1,-1.4720038521431889e-8,-0.12071878463029862,-1.5231675476456986e-8,-0.9926867485046387],8,1.3715872764587403],[[756.4288330078125,222.69956970214845,45.37590789794922,-0.9896904826164246,5.8968737448594769e-8,0.1432228684425354,5.989050322341427e-8,1,2.1248278692098667e-9,-0.1432228684425354,1.0680611062241497e-8,-0.9896904826164246],8,1.389683485031128],[[756.2968139648438,222.69956970214845,45.35758972167969,-0.9875922203063965,8.357023517646667e-8,0.15704019367694856,8.597081802008688e-8,1,8.493875824910902e-9,-0.15704019367694856,2.1889359658189279e-8,-0.9875922203063965],8,1.398984670639038],[[756.1650390625,222.69956970214845,45.33723449707031,-0.9853013753890991,9.122442889974991e-8,0.17082521319389344,9.463942518550539e-8,1,1.184791642572236e-8,-0.17082521319389344,2.7840567184966859e-8,-0.9853013753890991],8,1.4078655242919922],[[755.9678955078125,222.69956970214845,45.30368423461914,-0.9801428914070129,7.719825845242667e-8,0.19829249382019044,8.144805008214462e-8,1,1.3275681887137125e-8,-0.19829249382019044,2.916260122276526e-8,-0.9801428914070129],8,1.42059326171875],[[755.8370361328125,222.69956970214845,45.27821731567383,-0.9776461124420166,6.803239926966853e-8,0.21025720238685609,7.267077961614632e-8,1,1.43343736880297e-8,-0.21025720238685609,2.9293499181903827e-8,-0.9776461124420166],8,1.4292590618133546],[[755.6414184570313,222.69956970214845,45.23677062988281,-0.975387692451477,5.4523059844768798e-8,0.22049669921398164,5.9529266849267518e-8,1,1.6059452434546985e-8,-0.22049669921398164,2.8790200445882875e-8,-0.975387692451477],8,1.4419050216674805],[[755.5112915039063,222.69956970214845,45.2077522277832,-0.9718018770217896,4.5269594295405116e-8,0.23579880595207215,5.079208875713448e-8,1,1.7346364344916766e-8,-0.23579880595207215,2.8833943233053107e-8,-0.9718018770217896],8,1.4516870975494385],[[755.3167724609375,222.69956970214845,45.16123580932617,-0.9701318740844727,3.1882823492423998e-8,0.24257820844650269,3.770710321759907e-8,1,1.9367110581924863e-8,-0.24257820844650269,2.79355720778085e-8,-0.9701318740844727],8,1.4617810249328614],[[755.1873779296875,222.69956970214845,45.129154205322269,-0.9701318740844727,2.3097948442796225e-8,0.24257820844650269,2.8988436540089425e-8,1,2.0713555315410305e-8,-0.24257820844650269,2.7126842994107393e-8,-0.9701318740844727],8,1.472200632095337],[[754.9932861328125,222.69956970214845,45.08068084716797,-0.9688464403152466,9.785106946935685e-9,0.2476622313261032,1.592819032225634e-8,1,2.2800660914867877e-8,-0.2476622313261032,2.603515092403086e-8,-0.9688464403152466],8,1.4822757244110108],[[754.8640747070313,222.69956970214845,45.04783248901367,-0.9679751396179199,9.185838756309295e-10,0.2510461211204529,7.230922527412531e-9,1,2.4221721517392326e-8,-0.2510461211204529,2.5261318370439768e-8,-0.9679751396179199],8,1.4918532371520997],[[754.6704711914063,222.69956970214845,44.997779846191409,-0.9679751396179199,-1.2237620694577345e-8,0.2510461211204529,-5.808010961061427e-9,1,2.6352172000088104e-8,-0.2510461211204529,2.4050168079270408e-8,-0.9679751396179199],8,1.506124496459961],[[754.4769287109375,222.69956970214845,44.94757843017578,-0.9670923352241516,-2.546932265090618e-8,0.2544255554676056,-1.8831071812996926e-8,1,2.852675962117246e-8,-0.2544255554676056,2.2796903920152546e-8,-0.9670923352241516],8,1.5169460773468018],[[754.2835083007813,222.69956970214845,44.89682388305664,-0.9670916795730591,-3.8608728658573457e-8,0.25442808866500857,-3.184577934689514e-8,1,3.0699983000204159e-8,-0.25442808866500857,2.1587238663300924e-8,-0.9670916795730591],8,1.5291674137115479],[[754.0901489257813,222.69956970214845,44.845947265625,-0.9670916795730591,-5.1739654338689436e-8,0.25442808866500857,-4.4852146885432379e-8,1,3.287181726818744e-8,-0.25442808866500857,2.0378413623234338e-8,-0.9670916795730591],8,1.5405631065368653],[[753.8967895507813,222.69956970214845,44.795066833496097,-0.9692780375480652,-6.468211921628608e-8,0.24596776068210603,-5.786865031609523e-8,1,3.4928593350969098e-8,-0.24596776068210603,1.9621696267790868e-8,-0.9692780375480652],8,1.554487943649292],[[753.7030029296875,222.69956970214845,44.74555587768555,-0.9722124338150024,-7.755151898436452e-8,0.2341003119945526,-7.090096687534242e-8,1,3.6824879146024617e-8,-0.2341003119945526,1.9203667989131646e-8,-0.9722124338150024],8,1.5670077800750733],[[753.573486328125,222.69956970214845,44.71392059326172,-0.9738245606422424,-8.61534985574508e-8,0.22730103135108949,-7.95931569541608e-8,1,3.802768588911931e-8,-0.22730103135108949,1.8940687240842636e-8,-0.9738245606422424],8,1.577160120010376],[[753.3787841796875,222.69956970214845,44.66814041137695,-0.9776473641395569,-9.890950991575665e-8,0.2102513611316681,-9.265399114610773e-8,1,3.960296979244049e-8,-0.2102513611316681,1.9237111459347035e-8,-0.9776473641395569],8,1.5886304378509522],[[753.1834106445313,222.69956970214845,44.62542724609375,-0.9794472455978394,-1.1182934400721934e-7,0.20170049369335175,-1.0571972097750404e-7,1,4.106313156171382e-8,-0.20170049369335175,1.8895452313927309e-8,-0.9794472455978394],8,1.6005363464355469],[[752.987548828125,222.69956970214845,44.5847282409668,-0.9811717867851257,-1.2474333743739408e-7,0.1931370347738266,-1.1878932326681024e-7,1,4.240824225121287e-8,-0.1931370347738266,1.8667153156570749e-8,-0.9811717867851257],8,1.611649513244629],[[752.85693359375,222.68936157226563,44.55781936645508,-0.9828211665153503,-1.1580758041418449e-7,0.18456047773361207,-1.1072334871187195e-7,1,3.7853901346807109e-8,-0.18456047773361207,1.676846217435468e-8,-0.9828211665153503],8,1.6231160163879395],[[752.595703125,223.56248474121095,44.5040168762207,-0.9858942031860352,-6.301635124827954e-8,0.167369544506073,-6.071331171142447e-8,1,1.8877061691568998e-8,-0.167369544506073,8.449225319395737e-9,-0.9858942031860352],3,1.6406471729278565],[[752.267333984375,224.5814971923828,44.446861267089847,-0.9598585367202759,3.471763765361402e-9,0.28048452734947207,2.3643922375526928e-9,1,-4.286445420831342e-9,-0.28048452734947207,-3.451205765614418e-9,-0.9598585367202759],5,1.670903205871582],[[751.9383544921875,225.51535034179688,44.39308547973633,-0.9493652582168579,7.19810202554072e-8,0.31417444348335268,6.37665493741224e-8,1,-3.642330170805508e-8,-0.31417444348335268,-1.454519704680024e-8,-0.9493652582168579],5,1.6794915199279786],[[751.806640625,225.86505126953126,44.37220001220703,-0.9757483601570129,9.772843867494885e-8,0.21889516711235047,8.876217805209308e-8,1,-5.079549936226613e-8,-0.21889516711235047,-3.0134014394889166e-8,-0.9757483601570129],5,1.6881272792816163],[[751.6090698242188,226.3640594482422,44.341392517089847,-0.9691978693008423,1.231740043294849e-7,0.2462833821773529,1.099258710723916e-7,1,-6.754044790113767e-8,-0.2462833821773529,-3.838714235371299e-8,-0.9691978693008423],5,1.699098825454712],[[751.4113159179688,226.8323974609375,44.3115119934082,-0.9700399041175842,1.1309363401323935e-7,0.24294553697109223,9.900480080204943e-8,1,-7.020102543719986e-8,-0.24294553697109223,-4.404502718102776e-8,-0.9700399041175842],5,1.7103703022003174],[[751.2793579101563,227.12759399414063,44.292057037353519,-0.9775921702384949,1.0494245827885607e-7,0.2105078250169754,9.18637326208227e-8,1,-7.190795514588899e-8,-0.2105078250169754,-5.0958618658114577e-8,-0.9775921702384949],5,1.7214043140411378],[[751.0814208984375,227.5448455810547,44.26304626464844,-0.9712976813316345,9.657649968630722e-8,0.23786716163158418,8.128363049308973e-8,1,-7.409973790117874e-8,-0.23786716163158418,-5.263819602419062e-8,-0.9712976813316345],5,1.732654333114624],[[750.949462890625,227.80596923828126,44.244232177734378,-0.9793941974639893,8.807614193528934e-8,0.20195803046226502,7.43503179023719e-8,1,-7.554974246204438e-8,-0.20195803046226502,-5.897733501569746e-8,-0.9793941974639893],5,1.7431974411010743],[[750.685302734375,228.28736877441407,44.20772171020508,-0.9651572108268738,7.885113717520653e-8,0.26167067885398867,6.061936375090227e-8,1,-7.7746271642809e-8,-0.26167067885398867,-5.917506840091846e-8,-0.9651572108268738],5,1.7595279216766358],[[750.4869995117188,228.61265563964845,44.18130111694336,-0.9745275974273682,6.701192489799723e-8,0.22426748275756837,5.0499174619744738e-8,1,-7.936541379649498e-8,-0.22426748275756837,-6.601846536113953e-8,-0.9745275974273682],5,1.7711174488067628],[[750.2886352539063,228.9072723388672,44.155914306640628,-0.9760720133781433,5.71026745888048e-8,0.2174474596977234,4.048671442546947e-8,1,-8.086884406566242e-8,-0.2174474596977234,-7.013008485046157e-8,-0.9760720133781433],5,1.7829885482788087],[[750.0901489257813,229.17123413085938,44.1318473815918,-0.9764512181282044,4.756917704185071e-8,0.2157384306192398,3.054962505188996e-8,1,-8.22243890752361e-8,-0.2157384306192398,-7.369737176077251e-8,-0.9764512181282044],5,1.795128345489502],[[749.9577026367188,229.33018493652345,44.11614227294922,-0.9830955266952515,3.8786318157235658e-8,0.1830933839082718,2.396639509072429e-8,1,-8.315463162489323e-8,-0.1830933839082718,-7.736085905207801e-8,-0.9830955266952515],5,1.8074336051940919],[[749.6928100585938,229.60720825195313,44.084869384765628,-0.9691557884216309,3.126924141838572e-8,0.2464488446712494,1.0797151617225609e-8,1,-8.441962506822165e-8,-0.2464488446712494,-7.915483024589776e-8,-0.9691557884216309],5,1.8191397190093995],[[749.5603637695313,229.72528076171876,44.06940841674805,-0.9834145307540894,1.9617878876942997e-8,0.18137219548225404,4.237775463877824e-9,1,-8.518609462271343e-8,-0.18137219548225404,-8.300462894794691e-8,-0.9834145307540894],5,1.829829216003418],[[749.3616943359375,229.87684631347657,44.04629898071289,-0.9768270254135132,1.2921488767858591e-8,0.21403034031391145,-5.631289212715274e-9,1,-8.607323565001934e-8,-0.21403034031391145,-8.528392925200024e-8,-0.9768270254135132],5,1.8412809371948243],[[749.229248046875,229.96084594726563,44.03090286254883,-0.9834138751029968,3.70773856062101e-9,0.1813756227493286,-1.222226408970073e-8,1,-8.671111828562062e-8,-0.1813756227493286,-8.748973812089389e-8,-0.9834138751029968],5,1.8529181480407715],[[749.0305786132813,230.0613250732422,44.007808685302737,-0.9768264889717102,-2.9466675766087748e-9,0.21403281390666963,-2.2168929803001448e-8,1,-8.740963863829166e-8,-0.21403281390666963,-9.012892121518235e-8,-0.9768264889717102],5,1.8630180358886719],[[748.8319091796875,230.13113403320313,43.98471450805664,-0.9764500856399536,-1.2455166675806595e-8,0.21574342250823975,-3.219414779209728e-8,1,-8.797863415566099e-8,-0.21574342250823975,-9.285242441592345e-8,-0.9764500856399536],5,1.8761181831359864],[[748.4345703125,230.1787872314453,43.937889099121097,-0.9500495195388794,-2.2538449329090328e-8,0.3120991587638855,-5.2548323026258006e-8,1,-8.774473769790348e-8,-0.3120991587638855,-9.976213277695934e-8,-0.9500495195388794],5,1.8994202613830567],[[748.3021240234375,230.16741943359376,43.92225646972656,-0.9830946922302246,-4.2333411442996297e-8,0.1830979436635971,-5.9453586942481709e-8,1,-8.80135218039868e-8,-0.1830979436635971,-9.741145845509891e-8,-0.9830946922302246],5,1.9111008644104005],[[748.1034545898438,230.1248321533203,43.898807525634769,-0.9764500856399536,-4.92982508148998e-8,0.2157433032989502,-6.995652057639745e-8,1,-8.811770157990395e-8,-0.2157433032989502,-1.0113519266496951e-7,-0.9764500856399536],5,1.9310328960418702],[[747.8385620117188,230.02035522460938,43.8675422668457,-0.9687218070030212,-5.98382285943444e-8,0.2481493353843689,-8.425156039493231e-8,1,-8.776203230809188e-8,-0.2481493353843689,-1.0592395938147092e-7,-0.9687218070030212],5,1.9374549388885499],[[747.7061157226563,229.9476776123047,43.85190963745117,-0.9830946326255798,-7.394611856170741e-8,0.18309803307056428,-9.155259306226071e-8,1,-8.77057360071376e-8,-0.18309803307056428,-1.0298614228076986e-7,-0.9830946326255798],5,1.9447641372680665],[[747.5736694335938,229.8613739013672,43.83627700805664,-0.9830946326255798,-8.125806516545708e-8,0.18309827148914338,-9.896275088294715e-8,1,-8.755779390412499e-8,-0.18309827148914338,-1.041975039584031e-7,-0.9830946326255798],5,1.9543428421020508],[[747.375,229.7063751220703,43.812828063964847,-0.9764500260353088,-8.892801162119213e-8,0.21574361622333527,-1.1028608781771254e-7,1,-8.695896980270845e-8,-0.21574361622333527,-1.0870461153444922e-7,-0.9764500260353088],5,1.9668900966644288],[[747.2425537109375,229.5860137939453,43.79719543457031,-0.9830946326255798,-1.0015772033966641e-7,0.18309810757637025,-1.1799986765481663e-7,1,-8.655096195298029e-8,-0.18309810757637025,-1.0669334216117932e-7,-0.9830946326255798],5,1.976984977722168],[[747.0438842773438,229.3799285888672,43.773746490478519,-0.9764500856399536,-1.0829976559989518e-7,0.21574346721172334,-1.298050307241283e-7,1,-8.551069186069071e-8,-0.21574346721172334,-1.1150151379979434e-7,-0.9764500856399536],5,1.9860265254974366],[[746.9114379882813,229.22549438476563,43.758113861083987,-0.9830946326255798,-1.2001376603620884e-7,0.1830981969833374,-1.378679712615849e-7,1,-8.478231450226304e-8,-0.1830981969833374,-1.085924168364727e-7,-0.9830946326255798],5,1.9961872100830079],[[746.7127685546875,228.9683074951172,43.73466491699219,-0.9764500856399536,-1.2873395860424353e-7,0.2157435417175293,-1.5022116883756099e-7,1,-8.319837974113398e-8,-0.2157435417175293,-1.1364830498905576e-7,-0.9764500856399536],5,2.0088653564453127],[[746.580322265625,228.77981567382813,43.719032287597659,-0.9830946326255798,-1.4096808342856094e-7,0.18309828639030457,-1.586783469065267e-7,1,-8.207479140764917e-8,-0.18309828639030457,-1.0974101627425625e-7,-0.9830946326255798],5,2.0195634365081789],[[746.3816528320313,228.47152709960938,43.69558334350586,-0.9764500260353088,-1.2425017814621243e-7,0.21574363112449647,-1.4129268777196558e-7,1,-6.357115722721574e-8,-0.21574363112449647,-9.255705180066798e-8,-0.9764500260353088],5,2.028886318206787],[[746.1829833984375,228.1325