[[[776,222.69961547851563,47,1,-3.767571143953319e-9,-1.2397403973700883e-15,3.767571143953319e-9,1,6.808185304407744e-8,9.832372216013312e-16,-6.808185304407744e-8,1],8,0.0067784786224365238],[[776,222.69961547851563,47,1,-3.767571143953319e-9,-1.2397403973700883e-15,3.767571143953319e-9,1,6.808185304407744e-8,9.832372216013312e-16,-6.808185304407744e-8,1],8,0.006894588470458984],[[776,222.69961547851563,47,1,-5.302191130596157e-9,-1.3872371032116766e-15,5.302191130596157e-9,1,9.581316362528014e-8,8.792173405137668e-16,-9.581316362528014e-8,1],8,0.020269155502319337],[[776,222.69961547851563,47,1,-5.302191130596157e-9,-1.3872371032116766e-15,5.302191130596157e-9,1,9.581316362528014e-8,8.792173405137668e-16,-9.581316362528014e-8,1],8,0.020370006561279298],[[776,222.69961547851563,47,1,-5.854192242082945e-9,-1.4642995254781624e-15,5.854192242082945e-9,1,1.0578810361039359e-7,8.449956741974761e-16,-1.0578810361039359e-7,1],8,0.045545339584350589],[[776,222.69961547851563,47,1,-5.854192242082945e-9,-1.4642995254781624e-15,5.854192242082945e-9,1,1.0578810361039359e-7,8.449956741974761e-16,-1.0578810361039359e-7,1],8,0.04564809799194336],[[776,222.69961547851563,47,1,-3.503040524321932e-9,-1.2971971832811893e-15,3.503040524321932e-9,1,6.330165547296929e-8,1.0754489340085785e-15,-6.330165547296929e-8,1],8,0.05289959907531738],[[776,222.69961547851563,47,1,-3.503040524321932e-9,-1.2971971832811893e-15,3.503040524321932e-9,1,6.330165547296929e-8,1.0754489340085785e-15,-6.330165547296929e-8,1],8,0.05298781394958496],[[776,222.69961547851563,47,1,-2.5632829192545616e-9,-1.2579668523291063e-15,2.5632829192545616e-9,1,4.631977645885854e-8,1.1392361265301029e-15,-4.631977645885854e-8,1],8,0.061186790466308597],[[776,222.69961547851563,47,1,-2.5632829192545616e-9,-1.2579668523291063e-15,2.5632829192545616e-9,1,4.631977645885854e-8,1.1392361265301029e-15,-4.631977645885854e-8,1],8,0.06144905090332031],[[776,222.69961547851563,47,1,-1.6239268818551978e-9,-1.234663281884246e-15,1.6239268818551978e-9,1,2.9345152086079908e-8,1.1870088906343639e-15,-2.9345152086079908e-8,1],8,0.07140755653381348],[[776,222.69961547851563,47,1,-1.6239268818551978e-9,-1.234663281884246e-15,1.6239268818551978e-9,1,2.9345152086079908e-8,1.1870088906343639e-15,-2.9345152086079908e-8,1],8,0.07159423828125],[[776,222.69961547851563,47,1,-6.849723566126897e-10,-1.2272881660125028e-15,6.849723566126897e-10,1,1.2377779690098123e-8,1.2188096838478425e-15,-1.2377779690098123e-8,1],8,0.08137750625610352],[[776,222.69961547851563,47,1,-6.849723566126897e-10,-1.2272881660125028e-15,6.849723566126897e-10,1,1.2377779690098123e-8,1.2188096838478425e-15,-1.2377779690098123e-8,1],8,0.08150148391723633],[[776,222.69961547851563,47,1,1.1917332676247839e-9,-1.2602663350226649e-15,-1.1917332676247839e-9,1,-2.1535221605972766e-8,1.2346020837538069e-15,2.1535221605972766e-8,1],8,0.09568476676940918],[[776,222.69961547851563,47,1,1.1917332676247839e-9,-1.2602663350226649e-15,-1.1917332676247839e-9,1,-2.1535221605972766e-8,1.2346020837538069e-15,2.1535221605972766e-8,1],8,0.09580349922180176],[[776,222.69961547851563,47,1,2.1294845886643545e-9,-1.300582350454891e-15,-2.1294845886643545e-9,1,-3.848085583513239e-8,1.2186379479177867e-15,3.848085583513239e-8,1],8,0.10483813285827637],[[776,222.69961547851563,47,1,2.1294845886643545e-9,-1.300582350454891e-15,-2.1294845886643545e-9,1,-3.848085583513239e-8,1.2186379479177867e-15,3.848085583513239e-8,1],8,0.10494875907897949],[[776,222.69961547851563,47,1,3.535360670881005e-9,-1.3907838419200672e-15,-3.535360670881005e-9,1,-6.38857358126188e-8,1.1649247299961945e-15,6.38857358126188e-8,1],8,0.11710858345031738],[[776,222.69961547851563,47,1,3.535360670881005e-9,-1.3907838419200672e-15,-3.535360670881005e-9,1,-6.38857358126188e-8,1.1649247299961945e-15,6.38857358126188e-8,1],8,0.1172173023223877],[[776,222.69961547851563,47,1,4.9403356960908699e-9,-1.5165975631031294e-15,-4.9403356960908699e-9,1,-8.927433725602896e-8,1.075552377907262e-15,8.927433725602896e-8,1],8,0.1296546459197998],[[776,222.69961547851563,47,1,4.9403356960908699e-9,-1.5165975631031294e-15,-4.9403356960908699e-9,1,-8.927433725602896e-8,1.075552377907262e-15,8.927433725602896e-8,1],8,0.12976503372192384],[[776,222.69961547851563,47,1,5.876485076328208e-9,-1.620224209144931e-15,-5.876485076328208e-9,1,-1.0619103818498843e-7,9.961941787163618e-16,1.0619103818498843e-7,1],8,0.13995885848999024],[[776,222.69961547851563,47,1,5.876485076328208e-9,-1.620224209144931e-15,-5.876485076328208e-9,1,-1.0619103818498843e-7,9.961941787163618e-16,1.0619103818498843e-7,1],8,0.14009618759155274],[[776,222.69961547851563,47,1,5.348184561881908e-9,-1.5855030580875563e-15,-5.348184561881908e-9,1,-9.664438493928174e-8,1.0686310599370103e-15,9.664438493928174e-8,1],8,0.15113401412963868],[[776,222.69961547851563,47,1,5.348184561881908e-9,-1.5855030580875563e-15,-5.348184561881908e-9,1,-9.664438493928174e-8,1.0686310599370103e-15,9.664438493928174e-8,1],8,0.15124940872192384],[[776,222.69961547851563,47,1,3.85464460350704e-9,-1.4815146230981588e-15,-3.85464460350704e-9,1,-6.965536414327289e-8,1.2130178843127544e-15,6.965536414327289e-8,1],8,0.1683216094970703],[[776,222.69961547851563,47,1,3.85464460350704e-9,-1.4815146230981588e-15,-3.85464460350704e-9,1,-6.965536414327289e-8,1.2130178843127544e-15,6.965536414327289e-8,1],8,0.16847014427185059],[[776,222.69961547851563,47,1,1.8647468014165726e-9,-1.4060114826084498e-15,-1.8647468014165726e-9,1,-3.369690659837943e-8,1.3431752963284551e-15,3.369690659837943e-8,1],8,0.17815899848937989],[[776,222.69961547851563,47,1,1.8647468014165726e-9,-1.4060114826084498e-15,-1.8647468014165726e-9,1,-3.369690659837943e-8,1.3431752963284551e-15,3.369690659837943e-8,1],8,0.17829418182373048],[[776,222.69961547851563,47,1,8.704356124766832e-10,-1.395120332972654e-15,-8.704356124766832e-10,1,-1.5729195723679369e-8,1.3814291041714723e-15,1.5729195723679369e-8,1],8,0.18747663497924806],[[776,222.69961547851563,47,1,8.704356124766832e-10,-1.395120332972654e-15,-8.704356124766832e-10,1,-1.5729195723679369e-8,1.3814291041714723e-15,1.5729195723679369e-8,1],8,0.18775081634521485],[[776,222.69961547851563,47,1,-6.202345304018309e-10,-1.412258562352687e-15,6.202345304018309e-10,1,1.1207978545257902e-8,1.4053070688336894e-15,-1.1207978545257902e-8,1],8,0.20709729194641114],[[776,222.69961547851563,47,1,-6.202345304018309e-10,-1.412258562352687e-15,6.202345304018309e-10,1,1.1207978545257902e-8,1.4053070688336894e-15,-1.1207978545257902e-8,1],8,0.20720887184143067],[[776,222.69961547851563,47,1,-2.6063087243954898e-9,-1.4974645711323125e-15,2.6063087243954898e-9,1,4.7097366007164967e-8,1.3747143563612322e-15,-4.7097366007164967e-8,1],8,0.2173309326171875],[[776,222.69961547851563,47,1,-2.6063087243954898e-9,-1.4974645711323125e-15,2.6063087243954898e-9,1,4.7097366007164967e-8,1.3747143563612322e-15,-4.7097366007164967e-8,1],8,0.2174227237701416],[[776,222.69961547851563,47,1,-5.086515209029585e-9,-1.7039240874652199e-15,5.086515209029585e-9,1,9.191599303903786e-8,1.2363919702504736e-15,-9.191599303903786e-8,1],8,0.2373054027557373],[[776,222.69961547851563,47,1,-5.086515209029585e-9,-1.7039240874652199e-15,5.086515209029585e-9,1,9.191599303903786e-8,1.2363919702504736e-15,-9.191599303903786e-8,1],8,0.23738479614257813],[[776,222.69961547851563,47,1,-6.573367627993321e-9,-1.8809702788256034e-15,6.573367627993321e-9,1,1.1878419314825806e-7,1.1001581556294074e-15,-1.1878419314825806e-7,1],8,0.24914264678955079],[[776,222.69961547851563,47,1,-6.573367627993321e-9,-1.8809702788256034e-15,6.573367627993321e-9,1,1.1878419314825806e-7,1.1001581556294074e-15,-1.1878419314825806e-7,1],8,0.24922680854797364],[[776,222.69961547851563,47,1,-5.043981676777776e-9,-1.7414555879624659e-15,5.043981676777776e-9,1,9.114737764548409e-8,1.2817099269944732e-15,-9.114737764548409e-8,1],8,0.2615091800689697],[[776,222.69961547851563,47,1,-5.043981676777776e-9,-1.7414555879624659e-15,5.043981676777776e-9,1,9.114737764548409e-8,1.2817099269944732e-15,-9.114737764548409e-8,1],8,0.26159048080444338],[[776,222.69961547851563,47,1,-4.024935496005355e-9,-1.672239867161107e-15,4.024935496005355e-9,1,7.273267499385838e-8,1.3794955397111275e-15,-7.273267499385838e-8,1],8,0.28537535667419436],[[776,222.69961547851563,47,1,-4.024935496005355e-9,-1.672239867161107e-15,4.024935496005355e-9,1,7.273267499385838e-8,1.3794955397111275e-15,-7.273267499385838e-8,1],8,0.2855103015899658],[[776,222.69961547851563,47,1,-1.4792250757622583e-9,-1.5814849455440188e-15,1.4792250757622583e-9,1,2.6730337054914345e-8,1.5419447064123592e-15,-2.6730337054914345e-8,1],8,0.2933046817779541],[[776,222.69961547851563,47,1,-1.4792250757622583e-9,-1.5814849455440188e-15,1.4792250757622583e-9,1,2.6730337054914345e-8,1.5419447064123592e-15,-2.6730337054914345e-8,1],8,0.29338693618774416],[[775.907470703125,222.69961547851563,47.0406494140625,0.992293655872345,1.1198884042329383e-9,0.1239084005355835,-1.0122537252854614e-9,1,-9.31618893140751e-10,-0.1239084005355835,7.990128003676489e-10,0.992293655872345],8,0.3055417537689209],[[775.907470703125,222.69961547851563,47.0406494140625,0.992293655872345,1.1198884042329383e-9,0.1239084005355835,-1.0122537252854614e-9,1,-9.31618893140751e-10,-0.1239084005355835,7.990128003676489e-10,0.992293655872345],8,0.30562663078308108],[[775.731201171875,222.69961547851563,47.11377716064453,0.9557480812072754,6.826641474333428e-9,0.29418638348579409,1.6766980026616807e-9,1,-2.8652388905925365e-8,-0.29418638348579409,2.787772857004711e-8,0.9557480812072754],8,0.32485342025756838],[[775.731201171875,222.69961547851563,47.11377716064453,0.9557480812072754,6.826641474333428e-9,0.29418638348579409,1.6766980026616807e-9,1,-2.8652388905925365e-8,-0.29418638348579409,2.787772857004711e-8,0.9557480812072754],8,0.32496047019958498],[[775.4810180664063,222.69961547851563,47.20451736450195,0.86744624376297,1.9511194437882297e-8,0.49753087759017947,1.4087053301636843e-8,1,-6.377685934921829e-8,-0.49753087759017947,6.233174332237468e-8,0.86744624376297],8,0.33254003524780276],[[775.4810180664063,222.69961547851563,47.20451736450195,0.86744624376297,1.9511194437882297e-8,0.49753087759017947,1.4087053301636843e-8,1,-6.377685934921829e-8,-0.49753087759017947,6.233174332237468e-8,0.86744624376297],8,0.33261656761169436],[[775.35400390625,222.69961547851563,47.2449951171875,0.8142808079719544,2.7733857876910407e-8,0.5804711580276489,2.3039152807768916e-8,1,-8.00973367631741e-8,-0.5804711580276489,7.859529205234139e-8,0.8142808079719544],8,0.340167760848999],[[775.35400390625,222.69961547851563,47.2449951171875,0.8142808079719544,2.7733857876910407e-8,0.5804711580276489,2.3039152807768916e-8,1,-8.00973367631741e-8,-0.5804711580276489,7.859529205234139e-8,0.8142808079719544],8,0.34037089347839358],[[775.22607421875,222.69961547851563,47.28256607055664,0.7597314715385437,3.696272798947575e-8,0.650236964225769,3.3147109945730338e-8,1,-9.557382441016671e-8,-0.650236964225769,9.416391577588002e-8,0.7597314715385437],8,0.34891176223754885],[[775.22607421875,222.69961547851563,47.28256607055664,0.7597314715385437,3.696272798947575e-8,0.650236964225769,3.3147109945730338e-8,1,-9.557382441016671e-8,-0.650236964225769,9.416391577588002e-8,0.7597314715385437],8,0.3490104675292969],[[775.0975952148438,222.69961547851563,47.31830596923828,0.7048821449279785,4.7036294859026387e-8,0.7093244194984436,4.41863114986063e-8,1,-1.102209878922622e-7,-0.7093244194984436,1.0903523417482575e-7,0.7048821449279785],8,0.3578014373779297],[[775.0975952148438,222.69961547851563,47.31830596923828,0.7048821449279785,4.7036294859026387e-8,0.7093244194984436,4.41863114986063e-8,1,-1.102209878922622e-7,-0.7093244194984436,1.0903523417482575e-7,0.7048821449279785],8,0.358196496963501],[[774.96875,222.69961547851563,47.35260009765625,0.650620698928833,4.136967746148912e-8,0.759402871131897,4.24142534427574e-8,1,-9.081512786224266e-8,-0.759402871131897,9.1295703441574e-8,0.650620698928833],8,0.36820507049560549],[[774.96875,222.69961547851563,47.35260009765625,0.650620698928833,4.136967746148912e-8,0.759402871131897,4.24142534427574e-8,1,-9.081512786224266e-8,-0.759402871131897,9.1295703441574e-8,0.650620698928833],8,0.3683340549468994],[[774.7750854492188,222.69961547851563,47.402381896972659,0.570976197719574,3.1796876243106456e-8,0.8209666609764099,3.583187790923148e-8,1,-6.365182514400658e-8,-0.8209666609764099,6.576045308293033e-8,0.570976197719574],8,0.37856197357177737],[[774.7750854492188,222.69961547851563,47.402381896972659,0.570976197719574,3.1796876243106456e-8,0.8209666609764099,3.583187790923148e-8,1,-6.365182514400658e-8,-0.8209666609764099,6.576045308293033e-8,0.570976197719574],8,0.37870359420776369],[[774.645751953125,222.69961547851563,47.43486785888672,0.5199887156486511,2.48312819195462e-8,0.8541731238365173,2.929434295140254e-8,1,-4.690385324579438e-8,-0.8541731238365173,4.9411916336339348e-8,0.5199887156486511],8,0.39001965522766116],[[774.645751953125,222.69961547851563,47.43486785888672,0.5199887156486511,2.48312819195462e-8,0.8541731238365173,2.929434295140254e-8,1,-4.690385324579438e-8,-0.8541731238365173,4.9411916336339348e-8,0.5199887156486511],8,0.39012980461120608],[[774.4513549804688,222.69961547851563,47.481689453125,0.4479161500930786,1.370264435252011e-8,0.8940755724906921,1.6933773494542949e-8,1,-2.380957120351468e-8,-0.8940755724906921,2.5804764547388005e-8,0.4479161500930786],8,0.4011726379394531],[[774.4513549804688,222.69961547851563,47.481689453125,0.4479161500930786,1.370264435252011e-8,0.8940755724906921,1.6933773494542949e-8,1,-2.380957120351468e-8,-0.8940755724906921,2.5804764547388005e-8,0.4479161500930786],8,0.40128588676452639],[[774.256591796875,222.69961547851563,47.52729034423828,0.38110968470573428,1.9322292654777586e-9,0.9245298504829407,2.2133224142351084e-9,1,-3.00233460315269e-9,-0.9245298504829407,3.1905014186150994e-9,0.38110968470573428],8,0.41203856468200686],[[774.256591796875,222.69961547851563,47.52729034423828,0.38110968470573428,1.9322292654777586e-9,0.9245298504829407,2.2133224142351084e-9,1,-3.00233460315269e-9,-0.9245298504829407,3.1905014186150994e-9,0.38110968470573428],8,0.41213464736938479],[[774.1264038085938,222.69961547851563,47.556209564208987,0.3403192162513733,-6.192573565044768e-9,0.9403099417686462,-8.606083845563717e-9,1,9.700406700119402e-9,-0.9403099417686462,-1.1393621157651524e-8,0.3403192162513733],8,0.4226951599121094],[[774.1264038085938,222.69961547851563,47.556209564208987,0.3403192162513733,-6.192573565044768e-9,0.9403099417686462,-8.606083845563717e-9,1,9.700406700119402e-9,-0.9403099417686462,-1.1393621157651524e-8,0.3403192162513733],8,0.42279052734375],[[773.3435668945313,222.69961547851563,47.72174835205078,0.12089048326015473,-5.787503454257603e-8,0.9926658272743225,-8.457217148816199e-8,1,6.860214796233777e-8,-0.9926658272743225,-9.224525854278909e-8,0.12089048326015473],8,0.4715390205383301],[[773.3435668945313,222.69961547851563,47.72174835205078,0.12089048326015473,-5.787503454257603e-8,0.9926658272743225,-8.457217148816199e-8,1,6.860214796233777e-8,-0.9926658272743225,-9.224525854278909e-8,0.12089048326015473],8,0.4716191291809082],[[773.2129516601563,222.69961547851563,47.74843215942383,0.09247778356075287,-5.736835717584654e-8,0.9957147240638733,-8.452304456341153e-8,1,6.546539310647859e-8,-0.9957147240638733,-9.02149324133461e-8,0.09247778356075287],8,0.4778125286102295],[[773.2129516601563,222.69961547851563,47.74843215942383,0.09247778356075287,-5.736835717584654e-8,0.9957147240638733,-8.452304456341153e-8,1,6.546539310647859e-8,-0.9957147240638733,-9.02149324133461e-8,0.09247778356075287],8,0.47788405418395998],[[773.081298828125,222.69961547851563,47.769412994384769,0.07177115976810456,-4.737786696296098e-8,0.997421145439148,-7.016303271711877e-8,1,5.254907264884423e-8,-0.997421145439148,-7.375359700745321e-8,0.07177115976810456],8,0.48764538764953616],[[773.081298828125,222.69961547851563,47.769412994384769,0.07177115976810456,-4.737786696296098e-8,0.997421145439148,-7.016303271711877e-8,1,5.254907264884423e-8,-0.997421145439148,-7.375359700745321e-8,0.07177115976810456],8,0.48773837089538576],[[772.9492797851563,222.69961547851563,47.7882194519043,0.0552971251308918,-3.734771780727897e-8,0.9984699487686157,-5.529323843234124e-8,1,4.046719581651814e-8,-0.9984699487686157,-5.7446357004664608e-8,0.0552971251308918],8,0.4946258068084717],[[772.9492797851563,222.69961547851563,47.7882194519043,0.0552971251308918,-3.734771780727897e-8,0.9984699487686157,-5.529323843234124e-8,1,4.046719581651814e-8,-0.9984699487686157,-5.7446357004664608e-8,0.0552971251308918],8,0.4947171211242676],[[772.8171997070313,222.69961547851563,47.806636810302737,0.04106080159544945,-2.7287537562870058e-8,0.999156653881073,-4.011044296703403e-8,1,2.8958929476630148e-8,-0.999156653881073,-4.1265696637537988e-8,0.04106080159544945],8,0.5063986778259277],[[772.8171997070313,222.69961547851563,47.806636810302737,0.04106080159544945,-2.7287537562870058e-8,0.999156653881073,-4.011044296703403e-8,1,2.8958929476630148e-8,-0.999156653881073,-4.1265696637537988e-8,0.04106080159544945],8,0.5065562725067139],[[772.618896484375,222.69961547851563,47.832496643066409,0.02272159606218338,-1.2153446249385525e-8,0.9997418522834778,-1.6915857159460758e-8,1,1.2541040206315302e-8,-0.9997418522834778,-1.7196443380385064e-8,0.02272159606218338],8,0.515007734298706],[[772.618896484375,222.69961547851563,47.832496643066409,0.02272159606218338,-1.2153446249385525e-8,0.9997418522834778,-1.6915857159460758e-8,1,1.2541040206315302e-8,-0.9997418522834778,-1.7196443380385064e-8,0.02272159606218338],8,0.5152266025543213],[[772.552734375,222.69961547851563,47.84070587158203,0.01730078086256981,-7.0991079681448358e-9,0.999850332736969,-9.096981834488816e-9,1,7.257579870412201e-9,-0.999850332736969,-9.221182928342842e-9,0.01730078086256981],8,0.5219123363494873],[[772.552734375,222.69961547851563,47.84070587158203,0.01730078086256981,-7.0991079681448358e-9,0.999850332736969,-9.096981834488816e-9,1,7.257579870412201e-9,-0.999850332736969,-9.221182928342842e-9,0.01730078086256981],8,0.5220024585723877],[[772.3541259765625,222.69961547851563,47.86431884765625,0.0028065796941518785,8.086427527587148e-9,0.9999960660934448,1.4558666272534993e-8,1,-8.127319262030142e-9,-0.9999960660934448,1.458141873911245e-8,0.0028065796941518785],8,0.5342233180999756],[[772.3541259765625,222.69961547851563,47.86431884765625,0.0028065796941518785,8.086427527587148e-9,0.9999960660934448,1.4558666272534993e-8,1,-8.127319262030142e-9,-0.9999960660934448,1.458141873911245e-8,0.0028065796941518785],8,0.5343101024627686],[[772.2216796875,222.69961547851563,47.87957000732422,-0.0056792511604726318,1.8225817299821757e-8,0.9999838471412659,3.0459993638487506e-8,1,-1.8053118111538425e-8,-0.9999838471412659,3.035697204722965e-8,-0.0056792511604726318],8,0.5418767929077148],[[772.2216796875,222.69961547851563,47.87957000732422,-0.0056792511604726318,1.8225817299821757e-8,0.9999838471412659,3.0459993638487506e-8,1,-1.8053118111538425e-8,-0.9999838471412659,3.035697204722965e-8,-0.0056792511604726318],8,0.5421028137207031],[[772.0891723632813,222.69961547851563,47.89436721801758,-0.013255979865789414,2.8375126248647576e-8,0.9999121427536011,4.643928619429971e-8,1,-2.7761966947537077e-8,-0.9999121427536011,4.606719272715054e-8,-0.013255979865789414],8,0.5520889759063721],[[772.0891723632813,222.69961547851563,47.89436721801758,-0.013255979865789414,2.8375126248647576e-8,0.9999121427536011,4.643928619429971e-8,1,-2.7761966947537077e-8,-0.9999121427536011,4.606719272715054e-8,-0.013255979865789414],8,0.5521895885467529],[[771.8903198242188,222.69961547851563,47.916378021240237,-0.02347690425813198,4.361390537610532e-8,0.9997243881225586,7.052801720419666e-8,1,-4.1969695274701738e-8,-0.9997243881225586,6.952326003784037e-8,-0.02347690425813198],8,0.5626816749572754],[[771.8903198242188,222.69961547851563,47.916378021240237,-0.02347690425813198,4.361390537610532e-8,0.9997243881225586,7.052801720419666e-8,1,-4.1969695274701738e-8,-0.9997243881225586,6.952326003784037e-8,-0.02347690425813198],8,0.5628104209899902],[[771.7576904296875,222.69961547851563,47.930179595947269,-0.02933942712843418,5.3781000985964059e-8,0.9995695352554321,8.663612760528849e-8,1,-5.126121749299273e-8,-0.9995695352554321,8.509486093544183e-8,-0.02933942712843418],8,0.5788652896881104],[[771.7576904296875,222.69961547851563,47.930179595947269,-0.02933942712843418,5.3781000985964059e-8,0.9995695352554321,8.663612760528849e-8,1,-5.126121749299273e-8,-0.9995695352554321,8.509486093544183e-8,-0.02933942712843418],8,0.5789680480957031],[[771.4259643554688,222.69961547851563,47.96194076538086,-0.09451542049646378,5.276696768419242e-8,0.9955233931541443,7.993335771061538e-8,1,-4.5415337268650549e-8,-0.9955233931541443,7.528308287874097e-8,-0.09451542049646378],8,0.5968806743621826],[[771.4259643554688,222.69961547851563,47.96194076538086,-0.09451542049646378,5.276696768419242e-8,0.9955233931541443,7.993335771061538e-8,1,-4.5415337268650549e-8,-0.9955233931541443,7.528308287874097e-8,-0.09451542049646378],8,0.5969958305358887],[[771.1603393554688,222.69961547851563,47.98629379272461,-0.0910576805472374,3.076845800364936e-8,0.9958456158638,4.8990656864589258e-8,1,-2.6417229292974299e-8,-0.9958456158638,4.6381639862147497e-8,-0.0910576805472374],8,0.6184945106506348],[[771.1603393554688,222.69961547851563,47.98629379272461,-0.0910576805472374,3.076845800364936e-8,0.9958456158638,4.8990656864589258e-8,1,-2.6417229292974299e-8,-0.9958456158638,4.6381639862147497e-8,-0.0910576805472374],8,0.6186044216156006],[[770.8947143554688,222.69961547851563,48.01051330566406,-0.09084779024124146,9.056888572445132e-9,0.9958648085594177,1.8069727047986818e-8,1,-7.446084637763306e-9,-0.9958648085594177,1.7318544820454919e-8,-0.09084779024124146],8,0.6263656616210938],[[770.8947143554688,222.69961547851563,48.01051330566406,-0.09084779024124146,9.056888572445132e-9,0.9958648085594177,1.8069727047986818e-8,1,-7.446084637763306e-9,-0.9958648085594177,1.7318544820454919e-8,-0.09084779024124146],8,0.6264591217041016],[[770.7619018554688,222.69961547851563,48.022621154785159,-0.09082165360450745,-1.7869271617954042e-9,0.9958671927452087,2.619150230032119e-9,1,2.033205603879651e-9,-0.9958671927452087,2.7929849544250375e-9,-0.09082165360450745],8,0.6348738670349121],[[770.7619018554688,222.69961547851563,48.022621154785159,-0.09082165360450745,-1.7869271617954042e-9,0.9958671927452087,2.619150230032119e-9,1,2.033205603879651e-9,-0.9958671927452087,2.7929849544250375e-9,-0.09082165360450745],8,0.6350119113922119],[[770.4962768554688,222.69961547851563,48.046836853027347,-0.09081929177045822,-2.345968397321485e-8,0.9958673715591431,-2.8262165940873275e-8,1,2.0979634030027229e-8,-0.9958673715591431,-2.624001460560521e-8,-0.09081929177045822],8,0.6487975120544434],[[770.4962768554688,222.69961547851563,48.046836853027347,-0.09081929177045822,-2.345968397321485e-8,0.9958673715591431,-2.8262165940873275e-8,1,2.0979634030027229e-8,-0.9958673715591431,-2.624001460560521e-8,-0.09081929177045822],8,0.6488964557647705],[[770.3634643554688,222.6894073486328,48.05894470214844,-0.09081725031137467,-3.42890551507935e-8,0.9958675503730774,-4.369290351746713e-8,1,3.044680241259812e-8,-0.9958675503730774,-4.074725268310431e-8,-0.09081725031137467],8,0.6604053974151611],[[770.3634643554688,222.6894073486328,48.05894470214844,-0.09081725031137467,-3.42890551507935e-8,0.9958675503730774,-4.369290351746713e-8,1,3.044680241259812e-8,-0.9958675503730774,-4.074725268310431e-8,-0.09081725031137467],8,0.6605160236358643],[[770.1642456054688,223.3485107421875,48.07710647583008,-0.09081617742776871,-5.052446283571044e-8,0.9958676695823669,-6.682662956336572e-8,1,4.4639993035389128e-8,-0.9958676695823669,-6.249644712852387e-8,-0.09081617742776871],3,0.6737799644470215],[[770.1642456054688,223.3485107421875,48.07710647583008,-0.09081617742776871,-5.052446283571044e-8,0.9958676695823669,-6.682662956336572e-8,1,4.4639993035389128e-8,-0.9958676695823669,-6.249644712852387e-8,-0.09081617742776871],3,0.6738708019256592],[[769.8986206054688,224.1841583251953,48.101322174072269,-0.09081502258777619,-7.215547270789102e-8,0.9958677887916565,-9.764849551174848e-8,1,6.355012516223724e-8,-0.9958677887916565,-9.147368729145455e-8,-0.09081502258777619],5,0.7017292976379395],[[769.8986206054688,224.1841583251953,48.101322174072269,-0.09081502258777619,-7.215547270789102e-8,0.9958677887916565,-9.764849551174848e-8,1,6.355012516223724e-8,-0.9958677887916565,-9.147368729145455e-8,-0.09081502258777619],5,0.7018227577209473],[[769.5665893554688,225.15206909179688,48.131591796875,-0.09081495553255081,-9.916833931811198e-8,0.9958677887916565,-1.361387660381297e-7,1,8.716508403949774e-8,-0.9958677887916565,-1.276603143196553e-7,-0.09081495553255081],5,0.7126500606536865],[[769.5665893554688,225.15206909179688,48.131591796875,-0.09081495553255081,-9.916833931811198e-8,0.9958677887916565,-1.361387660381297e-7,1,8.716508403949774e-8,-0.9958677887916565,-1.276603143196553e-7,-0.09081495553255081],5,0.7127246856689453],[[769.3673706054688,225.69195556640626,48.14975357055664,-0.09081483632326126,-8.279374696940067e-8,0.9958677887916565,-1.1415156109251257e-7,1,7.272761592957977e-8,-0.9958677887916565,-1.0707511677310322e-7,-0.09081483632326126],5,0.730144739151001],[[769.3673706054688,225.69195556640626,48.14975357055664,-0.09081483632326126,-8.279374696940067e-8,0.9958677887916565,-1.1415156109251257e-7,1,7.272761592957977e-8,-0.9958677887916565,-1.0707511677310322e-7,-0.09081483632326126],5,0.73024582862854],[[769.0353393554688,226.52362060546876,48.180023193359378,-0.09081483632326126,-5.552609394499086e-8,0.9958677887916565,-7.753754260875212e-8,1,4.868571323868309e-8,-0.9958677887916565,-7.279575697793916e-8,-0.09081483632326126],5,0.7437078952789307],[[769.0353393554688,226.52362060546876,48.180023193359378,-0.09081483632326126,-5.552609394499086e-8,0.9958677887916565,-7.753754260875212e-8,1,4.868571323868309e-8,-0.9958677887916565,-7.279575697793916e-8,-0.09081483632326126],5,0.7437746524810791],[[768.9025268554688,226.8324432373047,48.19213104248047,-0.09081483632326126,-4.462718905529073e-8,0.9958677887916565,-6.290289178423336e-8,1,3.907614143372484e-8,-0.9958677887916565,-5.909427258643518e-8,-0.09081483632326126],5,0.7510631084442139],[[768.9025268554688,226.8324432373047,48.19213104248047,-0.09081483632326126,-4.462718905529073e-8,0.9958677887916565,-6.290289178423336e-8,1,3.907614143372484e-8,-0.9958677887916565,-5.909427258643518e-8,-0.09081483632326126],5,0.7511482238769531],[[768.7697143554688,227.1276397705078,48.20423889160156,-0.09081483632326126,-3.37329417732235e-8,0.9958677887916565,-4.827449728850297e-8,1,2.9470678342136126e-8,-0.9958677887916565,-4.539864306707386e-8,-0.09081483632326126],5,0.7600502967834473],[[768.7697143554688,227.1276397705078,48.20423889160156,-0.09081483632326126,-3.37329417732235e-8,0.9958677887916565,-4.827449728850297e-8,1,2.9470678342136126e-8,-0.9958677887916565,-4.539864306707386e-8,-0.09081483632326126],5,0.7603130340576172],[[768.5704956054688,227.54489135742188,48.2224006652832,-0.09081383794546128,-1.7400244800569454e-8,0.995867908000946,-2.6343638381831626e-8,1,1.507014957269348e-8,-0.995867908000946,-2.486620509500881e-8,-0.09081383794546128],5,0.7733066082000732],[[768.5704956054688,227.54489135742188,48.2224006652832,-0.09081383794546128,-1.7400244800569454e-8,0.995867908000946,-2.6343638381831626e-8,1,1.507014957269348e-8,-0.995867908000946,-2.486620509500881e-8,-0.09081383794546128],5,0.7734050750732422],[[768.3712768554688,227.9314727783203,48.240562438964847,-0.09081386029720307,-1.0780646375607717e-9,0.995867908000946,-4.426833566384403e-9,1,6.788518081002337e-10,-0.995867908000946,-4.346892179540873e-9,-0.09081386029720307],5,0.7953863143920898],[[768.3712768554688,227.9314727783203,48.240562438964847,-0.09081386029720307,-1.0780646375607717e-9,0.995867908000946,-4.426833566384403e-9,1,6.788518081002337e-10,-0.995867908000946,-4.346892179540873e-9,-0.09081386029720307],5,0.7954771518707275],[[768.0392456054688,228.50767517089845,48.27083206176758,-0.09081282466650009,2.6102334516053817e-8,0.9958679676055908,3.2069948474600099e-8,1,-2.3286192529781148e-8,-0.9958679676055908,2.9822750491348418e-8,-0.09081282466650009],5,0.801511287689209],[[768.0392456054688,228.50767517089845,48.27083206176758,-0.09081282466650009,2.6102334516053817e-8,0.9958679676055908,3.2069948474600099e-8,1,-2.3286192529781148e-8,-0.9958679676055908,2.9822750491348418e-8,-0.09081282466650009],5,0.8015899658203125],[[767.9064331054688,228.7143096923828,48.28293991088867,-0.09081274271011353,3.6966362415569168e-8,0.9958679676055908,4.665774611112283e-8,1,-3.286504224320197e-8,-0.9958679676055908,4.348039084334232e-8,-0.09081274271011353],5,0.8122274875640869],[[767.9064331054688,228.7143096923828,48.28293991088867,-0.09081274271011353,3.6966362415569168e-8,0.9958679676055908,4.665774611112283e-8,1,-3.286504224320197e-8,-0.9958679676055908,4.348039084334232e-8,-0.09081274271011353],5,0.8124399185180664],[[767.7736206054688,228.90731811523438,48.295047760009769,-0.09081275761127472,4.782575047102e-8,0.9958679676055908,6.123931228785296e-8,1,-4.2439801006821656e-8,-0.9958679676055908,5.7132194086761959e-8,-0.09081275761127472],5,0.819516658782959],[[767.7736206054688,228.90731811523438,48.295047760009769,-0.09081275761127472,4.782575047102e-8,0.9958679676055908,6.123931228785296e-8,1,-4.2439801006821656e-8,-0.9958679676055908,5.7132194086761959e-8,-0.09081275761127472],5,0.8197782039642334],[[767.6408081054688,229.08670043945313,48.30715560913086,-0.09081276506185532,5.8680498682406326e-8,0.9958679676055908,7.581464700479046e-8,1,-5.201047059699704e-8,-0.9958679676055908,7.0778163774321e-8,-0.09081276506185532],5,0.8329086303710938],[[767.6408081054688,229.08670043945313,48.30715560913086,-0.09081276506185532,5.8680498682406326e-8,0.9958679676055908,7.581464700479046e-8,1,-5.201047059699704e-8,-0.9958679676055908,7.0778163774321e-8,-0.09081276506185532],5,0.8330764770507813],[[767.3751831054688,229.40460205078126,48.33137130737305,-0.09081276506185532,8.037608267841279e-8,0.9958679676055908,1.0494663627014234e-7,1,-7.113953870430123e-8,-0.9958679676055908,9.805261669271204e-8,-0.09081276506185532],5,0.847266435623169],[[767.3751831054688,229.40460205078126,48.33137130737305,-0.09081276506185532,8.037608267841279e-8,0.9958679676055908,1.0494663627014234e-7,1,-7.113953870430123e-8,-0.9958679676055908,9.805261669271204e-8,-0.09081276506185532],5,0.8473443984985352],[[767.1759643554688,229.6072540283203,48.34953308105469,-0.09081276506185532,9.66356097364951e-8,0.9958679676055908,1.2677929817073164e-7,1,-8.54756194712536e-8,-0.9958679676055908,1.1849316194911808e-7,-0.09081276506185532],5,0.8667659759521484],[[767.1759643554688,229.6072540283203,48.34953308105469,-0.09081276506185532,9.66356097364951e-8,0.9958679676055908,1.2677929817073164e-7,1,-8.54756194712536e-8,-0.9958679676055908,1.1849316194911808e-7,-0.09081276506185532],5,0.8668863773345947],[[766.9103393554688,229.82977294921876,48.373748779296878,-0.09081276506185532,8.49576480277392e-8,0.9958679676055908,1.1187425741354673e-7,1,-7.510838173629964e-8,-0.9958679676055908,1.045911943720057e-7,-0.09081276506185532],5,0.8737778663635254],[[766.9103393554688,229.82977294921876,48.373748779296878,-0.09081276506185532,8.49576480277392e-8,0.9958679676055908,1.1187425741354673e-7,1,-7.510838173629964e-8,-0.9958679676055908,1.045911943720057e-7,-0.09081276506185532],5,0.8738734722137451],[[766.7775268554688,229.92059326171876,48.38585662841797,-0.09081162512302399,7.356661058111058e-8,0.9958680868148804,9.709584958272899e-8,1,-6.501782934265066e-8,-0.9958680868148804,9.079028018277313e-8,-0.09081162512302399],5,0.8839285373687744],[[766.7775268554688,229.92059326171876,48.38585662841797,-0.09081162512302399,7.356661058111058e-8,0.9958680868148804,9.709584958272899e-8,1,-6.501782934265066e-8,-0.9958680868148804,9.079028018277313e-8,-0.09081162512302399],5,0.88417649269104],[[766.5783081054688,230.03128051757813,48.40401840209961,-0.09081153571605683,5.648936962643347e-8,0.9958680868148804,7.494007547848014e-8,1,-4.989008672851014e-8,-0.9958680868148804,7.009983704620027e-8,-0.09081153571605683],5,0.9045054912567139],[[766.5783081054688,230.03128051757813,48.40401840209961,-0.09081153571605683,5.648936962643347e-8,0.9958680868148804,7.494007547848014e-8,1,-4.989008672851014e-8,-0.9958680868148804,7.009983704620027e-8,-0.09081153571605683],5,0.9045891761779785],[[766.3126831054688,230.1311798095703,48.4282341003418,-0.09397025406360626,3.3981603309030109e-8,0.9955750107765198,4.533928787964214e-8,1,-2.985315816772527e-8,-0.9955750107765198,4.2333351046863757e-8,-0.09397025406360626],5,0.9118297100067139],[[766.3126831054688,230.1311798095703,48.4282341003418,-0.09397025406360626,3.3981603309030109e-8,0.9955750107765198,4.533928787964214e-8,1,-2.985315816772527e-8,-0.9955750107765198,4.2333351046863757e-8,-0.09397025406360626],5,0.911916971206665],[[766.179931640625,230.1606903076172,48.4406852722168,-0.09754818677902222,2.2774283792159623e-8,0.9952307939529419,3.0511792203924418e-8,1,-1.989278608505174e-8,-0.9952307939529419,2.8425770182138878e-8,-0.09754818677902222],5,0.9223699569702148],[[766.179931640625,230.1606903076172,48.4406852722168,-0.09754818677902222,2.2774283792159623e-8,0.9952307939529419,3.0511792203924418e-8,1,-1.989278608505174e-8,-0.9952307939529419,2.8425770182138878e-8,-0.09754818677902222],5,0.9224517345428467],[[765.9808959960938,230.17941284179688,48.46009063720703,-0.09927225112915039,5.786785273187434e-9,0.9950603246688843,8.259238626351362e-9,1,-4.991528967934755e-9,-0.9950603246688843,7.722920081221219e-9,-0.09927225112915039],5,0.9319784641265869],[[765.9808959960938,230.17941284179688,48.46009063720703,-0.09927225112915039,5.786785273187434e-9,0.9950603246688843,8.259238626351362e-9,1,-4.991528967934755e-9,-0.9950603246688843,7.722920081221219e-9,-0.09927225112915039],5,0.9321222305297852],[[765.8482055664063,230.1748504638672,48.473289489746097,-0.09944245964288712,-5.567439398390661e-9,0.9950433373451233,-6.5678325000817498e-9,1,4.938797815157159e-9,-0.9950433373451233,-6.044151401596309e-9,-0.09944245964288712],5,0.9496831893920898],[[765.8482055664063,230.1748504638672,48.473289489746097,-0.09944245964288712,-5.567439398390661e-9,0.9950433373451233,-6.5678325000817498e-9,1,4.938797815157159e-9,-0.9950433373451233,-6.044151401596309e-9,-0.09944245964288712],5,0.9497730731964111],[[765.4501342773438,230.07945251464845,48.51308059692383,-0.10387875884771347,-3.9637257032154596e-8,0.9945899844169617,-5.114689116680893e-8,1,3.4510886592897808e-8,-0.9945899844169617,-4.7285237059213617e-8,-0.10387875884771347],5,0.9746782779693604],[[765.4501342773438,230.07945251464845,48.51308059692383,-0.10387875884771347,-3.9637257032154596e-8,0.9945899844169617,-5.114689116680893e-8,1,3.4510886592897808e-8,-0.9945899844169617,-4.7285237059213617e-8,-0.10387875884771347],5,0.974754810333252],[[765.1849975585938,229.94772338867188,48.54079818725586,-0.10766445100307465,-6.250834161392049e-8,0.9941872954368591,-8.090447778386079e-8,1,5.4112348379931066e-8,-0.9941872954368591,-7.46082307045981e-8,-0.10766445100307465],5,0.990272045135498],[[765.1849975585938,229.94772338867188,48.54079818725586,-0.10766445100307465,-6.250834161392049e-8,0.9941872954368591,-8.090447778386079e-8,1,5.4112348379931066e-8,-0.9941872954368591,-7.46082307045981e-8,-0.10766445100307465],5,0.9903953075408936],[[764.9861450195313,229.8131561279297,48.56229782104492,-0.11456364393234253,-8.005390128573709e-8,0.993415892124176,-1.0329570443445846e-7,1,6.867211510552807e-8,-0.993415892124176,-9.474826612176912e-8,-0.11456364393234253],5,0.9966518878936768],[[764.9861450195313,229.8131561279297,48.56229782104492,-0.11456364393234253,-8.005390128573709e-8,0.993415892124176,-1.0329570443445846e-7,1,6.867211510552807e-8,-0.993415892124176,-9.474826612176912e-8,-0.11456364393234253],5,0.9967236518859863],[[764.8536987304688,229.7064208984375,48.5774040222168,-0.11995804309844971,-9.192151395609472e-8,0.9927789568901062,-1.1826566748140977e-7,1,7.830000470221421e-8,-0.9927789568901062,-1.0801894489986808e-7,-0.11995804309844971],5,1.0040490627288819],[[764.8536987304688,229.7064208984375,48.5774040222168,-0.11995804309844971,-9.192151395609472e-8,0.9927789568901062,-1.1826566748140977e-7,1,7.830000470221421e-8,-0.9927789568901062,-1.0801894489986808e-7,-0.11995804309844971],5,1.0041449069976807],[[764.7213134765625,229.5860595703125,48.59323501586914,-0.12016662955284119,-1.0327582344871189e-7,0.9927537441253662,-1.3324601866315789e-7,1,8.790104999434334e-8,-0.9927537441253662,-1.2171770435998042e-7,-0.12016662955284119],5,1.014307975769043],[[764.7213134765625,229.5860595703125,48.59323501586914,-0.12016662955284119,-1.0327582344871189e-7,0.9927537441253662,-1.3324601866315789e-7,1,8.790104999434334e-8,-0.9927537441253662,-1.2171770435998042e-7,-0.12016662955284119],5,1.0147218704223633],[[764.5889892578125,229.4520721435547,48.609249114990237,-0.13531236350536347,-9.353146168677995e-8,0.9908030033111572,-1.188943059560188e-7,1,7.816245073399841e-8,-0.9908030033111572,-1.072244870670147e-7,-0.13531236350536347],5,1.0220723152160645],[[764.5889892578125,229.4520721435547,48.609249114990237,-0.13531236350536347,-9.353146168677995e-8,0.9908030033111572,-1.188943059560188e-7,1,7.816245073399841e-8,-0.9908030033111572,-1.072244870670147e-7,-0.13531236350536347],5,1.0223445892333985],[[764.3908081054688,229.2255401611328,48.635841369628909,-0.1436290293931961,-7.704312565692817e-8,0.9896315932273865,-9.725490457412889e-8,1,6.373533523174047e-8,-0.9896315932273865,-8.709228183079176e-8,-0.1436290293931961],5,1.0330958366394044],[[764.3908081054688,229.2255401611328,48.635841369628909,-0.1436290293931961,-7.704312565692817e-8,0.9896315932273865,-9.725490457412889e-8,1,6.373533523174047e-8,-0.9896315932273865,-8.709228183079176e-8,-0.1436290293931961],5,1.0334031581878663],[[764.19287109375,228.96835327148438,48.664398193359378,-0.153952956199646,-6.055969237195313e-8,0.9880781769752502,-7.54810116632143e-8,1,4.9529649714941118e-8,-0.9880781769752502,-6.69559057087099e-8,-0.153952956199646],5,1.047029972076416],[[764.19287109375,228.96835327148438,48.664398193359378,-0.153952956199646,-6.055969237195313e-8,0.9880781769752502,-7.54810116632143e-8,1,4.9529649714941118e-8,-0.9880781769752502,-6.69559057087099e-8,-0.153952956199646],5,1.0471370220184327],[[764.0610961914063,228.7798614501953,48.68468475341797,-0.17290394008159638,-5.025845695172393e-8,0.9849386811256409,-6.077949166183316e-8,1,4.0357278408009736e-8,-0.9849386811256409,-5.2886143464547789e-8,-0.17290394008159638],5,1.0550191402435303],[[764.0610961914063,228.7798614501953,48.68468475341797,-0.17290394008159638,-5.025845695172393e-8,0.9849386811256409,-6.077949166183316e-8,1,4.0357278408009736e-8,-0.9849386811256409,-5.2886143464547789e-8,-0.17290394008159638],5,1.0551121234893799],[[763.9296875,228.57774353027345,48.70716857910156,-0.185000479221344,-3.931775083287903e-8,0.9827384352684021,-4.5977927243257e-8,1,3.1353014406931837e-8,-0.9827384352684021,-3.93839520995698e-8,-0.185000479221344],5,1.0649127960205079],[[763.9296875,228.57774353027345,48.70716857910156,-0.185000479221344,-3.931775083287903e-8,0.9827384352684021,-4.5977927243257e-8,1,3.1353014406931837e-8,-0.9827384352684021,-3.93839520995698e-8,-0.185000479221344],5,1.0652821063995362],[[763.7330932617188,228.2490234375,48.7437858581543,-0.19667139649391175,-2.238939522669625e-8,0.9804694652557373,-2.363434425944888e-8,1,1.809459249102474e-8,-0.9804694652557373,-1.9614063262451965e-8,-0.19667139649391175],5,1.0744104385375977],[[763.7330932617188,228.2490234375,48.7437858581543,-0.19667139649391175,-2.238939522669625e-8,0.9804694652557373,-2.363434425944888e-8,1,1.809459249102474e-8,-0.9804694652557373,-1.961406326245