[[[776,222.69961547851563,47,1,0,0,0,1,0,0,0,1],8,0.0077402591705322269],[[776,222.69961547851563,47,1,0,0,0,1,0,0,0,1],8,0.018074750900268556],[[776,222.69961547851563,47,1,0,0,0,1,0,0,0,1],8,0.03414559364318848],[[776,222.69961547851563,47,1,0,0,0,1,0,0,0,1],8,0.060253143310546878],[[776,222.69961547851563,47,1,0,0,0,1,0,0,0,1],8,0.07012462615966797],[[776,222.69961547851563,47,1,0,0,0,1,0,0,0,1],8,0.07872438430786133],[[776,222.69961547851563,47,1,0,0,0,1,0,0,0,1],8,0.09204769134521485],[[776,222.69961547851563,47,1,0,0,0,1,0,0,0,1],8,0.10254549980163574],[[776,222.69961547851563,47,1,0,0,0,1,0,0,0,1],8,0.11421966552734375],[[776,222.69961547851563,47,1,0,0,0,1,0,0,0,1],8,0.12744808197021485],[[776,222.69961547851563,47,1,0,0,0,1,0,0,0,1],8,0.14074969291687013],[[776,222.69961547851563,47,1,0,0,0,1,0,0,0,1],8,0.16103291511535645],[[776,222.69961547851563,47,1,0,0,0,1,0,0,0,1],8,0.17849040031433106],[[776,222.69961547851563,47,1,0,0,0,1,0,0,0,1],8,0.19560909271240235],[[776,222.69961547851563,47,1,0,0,0,1,0,0,0,1],8,0.21796822547912599],[[776,222.69961547851563,47,1,0,0,0,1,0,0,0,1],8,0.2272195816040039],[[776,222.69961547851563,47,1,0,0,0,1,0,0,0,1],8,0.23537826538085938],[[776,222.69961547851563,47,1,0,0,0,1,0,0,0,1],8,0.2478938102722168],[[776,222.69961547851563,47,1,0,0,0,1,0,0,0,1],8,0.2582075595855713],[[775.9110717773438,222.69961547851563,47.13496780395508,0.972385048866272,0,0.23338237404823304,0,1,0,-0.23338237404823304,0,0.972385048866272],8,0.2771494388580322],[[775.7890014648438,222.69961547851563,47.288841247558597,0.8965610861778259,0,0.44292008876800539,0,1,0,-0.44292008876800539,0,0.8965610861778259],8,0.29766106605529787],[[775.5538940429688,222.69961547851563,47.524559020996097,0.7054705619812012,0,0.7087392210960388,0,1,0,-0.7087392210960388,0,0.7054705619812012],8,0.3070547580718994],[[775.448974609375,222.69961547851563,47.6063346862793,0.6240765452384949,0,0.7813632488250732,0,1,0,-0.7813632488250732,0,0.6240765452384949],8,0.316364049911499],[[775.338623046875,222.69961547851563,47.68098831176758,0.5484811663627625,0,0.8361629247665405,0,1,0,-0.8361629247665405,0,0.5484811663627625],8,0.3272581100463867],[[775.1676635742188,222.69961547851563,47.78471755981445,0.44375652074813845,0,0.8961473703384399,0,1,0,-0.8961473703384399,0,0.44375652074813845],8,0.3398592472076416],[[775.0511474609375,222.69961547851563,47.849552154541019,0.37983328104019167,0,0.9250549674034119,0,1,0,-0.9250549674034119,0,0.37983328104019167],8,0.3490891456604004],[[774.8705444335938,222.69961547851563,47.935279846191409,0.29548943042755129,0,0.9553459882736206,0,1,0,-0.9553459882736206,0,0.29548943042755129],8,0.35847997665405276],[[774.7481079101563,222.69961547851563,47.988037109375,0.24592874944210053,0,0.9692879319190979,0,1,0,-0.9692879319190979,0,0.24592874944210053],8,0.37023067474365237],[[774.56201171875,222.69961547851563,48.061214447021487,0.18075799942016602,0,0.9835276007652283,0,1,0,-0.9835276007652283,0,0.18075799942016602],8,0.37987232208251955],[[774.3739013671875,222.69961547851563,48.12899398803711,0.12472287565469742,0,0.9921916127204895,0,1,0,-0.9921916127204895,0,0.12472287565469742],8,0.3914475440979004],[[774.1188354492188,222.69961547851563,48.20667266845703,0.06450492143630982,0,0.9979174137115479,0,1,0,-0.9979174137115479,0,0.06450492143630982],8,0.41100120544433596],[[773.92431640625,222.69961547851563,48.252777099609378,0.030763793736696245,0,0.9995266795158386,0,1,0,-0.9995266795158386,0,0.030763793736696245],8,0.4212319850921631],[[773.7285766601563,222.69961547851563,48.29370880126953,0.004509808961302042,0,0.9999898076057434,0,1,0,-0.9999898076057434,0,0.004509808961302042],8,0.43296360969543459],[[773.59765625,222.69961547851563,48.319156646728519,-0.010051595978438855,0,0.9999494552612305,0,1,0,-0.9999494552612305,0,-0.010051595978438855],8,0.4422125816345215],[[773.4664916992188,222.69961547851563,48.34297561645508,-0.0225126501172781,0,0.999746561050415,0,1,0,-0.999746561050415,0,-0.0225126501172781],8,0.4537353515625],[[773.2691650390625,222.69961547851563,48.37554168701172,-0.03790314495563507,0,0.9992814064025879,0,1,0,-0.9992814064025879,0,-0.03790314495563507],8,0.46476125717163088],[[773.0715942382813,222.69961547851563,48.406639099121097,-0.05068545043468475,0,0.9987146854400635,0,1,0,-0.9987146854400635,0,-0.05068545043468475],8,0.47516584396362307],[[772.8738403320313,222.69961547851563,48.43696212768555,-0.06156562641263008,0,0.9981030225753784,0,1,0,-0.9981030225753784,0,-0.06156562641263008],8,0.4889063835144043],[[772.7420043945313,222.69961547851563,48.456748962402347,-0.06788526475429535,0,0.9976931214332581,0,1,0,-0.9976931214332581,0,-0.06788526475429535],8,0.4990863800048828],[[772.4783325195313,223.56251525878907,48.49620819091797,-0.08020643144845963,0,0.9967782497406006,0,1,0,-0.9967782497406006,0,-0.08020643144845963],3,0.5157608985900879],[[772.2804565429688,224.17391967773438,48.52543640136719,-0.08776948601007462,0,0.9961408376693726,0,1,0,-0.9961408376693726,0,-0.08776948601007462],5,0.5366683006286621],[[771.9505615234375,225.1248016357422,48.57249450683594,-0.09736359119415283,0,0.9952488541603088,0,1,0,-0.9952488541603088,0,-0.09736359119415283],5,0.5463085174560547],[[771.8184204101563,225.4813232421875,48.59037780761719,-0.10026687383651734,0,0.994960606098175,0,1,0,-0.994960606098175,0,-0.10026687383651734],5,0.5541880130767822],[[771.6862182617188,225.82420349121095,48.60749053955078,-0.1024826169013977,0,0.9947348237037659,0,1,0,-0.9947348237037659,0,-0.1024826169013977],5,0.5631952285766602],[[771.5538330078125,226.15347290039063,48.623382568359378,-0.1039452776312828,0,0.994583010673523,0,1,0,-0.994583010673523,0,-0.1039452776312828],5,0.5741660594940186],[[771.3551635742188,226.62181091308595,48.64585494995117,-0.10513124614953995,0,0.9944583773612976,0,1,0,-0.9944583773612976,0,-0.10513124614953995],5,0.5852422714233398],[[771.2225952148438,226.91700744628907,48.660335540771487,-0.10551624000072479,0,0.9944176077842712,0,1,0,-0.9944176077842712,0,-0.10551624000072479],5,0.5952663421630859],[[770.9574584960938,227.46652221679688,48.68905258178711,-0.10591007769107819,0,0.9943757057189941,0,1,0,-0.9943757057189941,0,-0.10591007769107819],5,0.6082582473754883],[[770.8248901367188,227.72084045410157,48.70339584350586,-0.1060447096824646,0,0.9943613409996033,0,1,0,-0.9943613409996033,0,-0.1060447096824646],5,0.6170129776000977],[[770.6923217773438,227.9615478515625,48.71773910522461,-0.10615988820791245,0,0.9943490624427795,0,1,0,-0.9943490624427795,0,-0.10615988820791245],5,0.625629186630249],[[770.4934692382813,228.2970428466797,48.739253997802737,-0.10631275922060013,0,0.9943327307701111,0,1,0,-0.9943327307701111,0,-0.10631275922060013],5,0.6388421058654785],[[770.3609008789063,228.50367736816407,48.753597259521487,-0.10640460252761841,0,0.9943228960037231,0,1,0,-0.9943228960037231,0,-0.10640460252761841],5,0.6493985652923584],[[770.1620483398438,228.7880859375,48.77511215209961,-0.10652988404035568,0,0.9943094849586487,0,1,0,-0.9943094849586487,0,-0.10652988404035568],5,0.660475492477417],[[769.9631958007813,229.0418243408203,48.796348571777347,-0.10653383284807205,0,0.9943090677261353,0,1,0,-0.9943090677261353,0,-0.10653383284807205],5,0.672126293182373],[[769.7643432617188,229.26492309570313,48.81752395629883,-0.10648085176944733,0,0.9943147301673889,0,1,0,-0.9943147301673889,0,-0.10648085176944733],5,0.6832411289215088],[[769.5654907226563,229.45736694335938,48.83841323852539,-0.10631111264228821,0,0.9943329095840454,0,1,0,-0.9943329095840454,0,-0.10631111264228821],5,0.696030855178833],[[769.2337646484375,229.7099609375,48.872100830078128,-0.09446531534194946,0,0.9955281615257263,0,1,0,-0.9955281615257263,0,-0.09446531534194946],5,0.7181446552276611],[[769.0347290039063,229.82064819335938,48.89110565185547,-0.09393400698900223,0,0.995578408241272,0,1,0,-0.995578408241272,0,-0.09393400698900223],5,0.7381458282470703],[[768.7693481445313,229.92054748535157,48.916107177734378,-0.08585113286972046,0,0.9963079690933228,0,1,0,-0.9963079690933228,0,-0.08585113286972046],5,0.7481024265289307],[[768.5701293945313,229.95970153808595,48.93343734741211,-0.07713203877210617,0,0.9970209002494812,0,1,0,-0.9970209002494812,0,-0.07713203877210617],5,0.7606508731842041],[[768.3042602539063,229.96421813964845,48.954139709472659,-0.07031857967376709,0,0.9975245594978333,0,1,0,-0.9975245594978333,0,-0.07031857967376709],5,0.774848222732544],[[768.1712646484375,229.946044921875,48.963626861572269,-0.06618442386388779,0,0.9978073835372925,0,1,0,-0.9978073835372925,0,-0.06618442386388779],5,0.7864255905151367],[[768.0382080078125,229.91424560546876,48.97256088256836,-0.06094302609562874,0,0.9981412291526794,0,1,0,-0.9981412291526794,0,-0.06094302609562874],5,0.7963542938232422],[[767.838623046875,229.84100341796876,48.98490905761719,-0.05916468799114227,0,0.9982482194900513,0,1,0,-0.9982482194900513,0,-0.05916468799114227],5,0.8126490116119385],[[767.572509765625,229.69564819335938,49.00068664550781,-0.05579859018325806,0,0.9984420537948608,0,1,0,-0.9984420537948608,0,-0.05579859018325806],5,0.8205006122589111],[[767.4393310546875,229.60252380371095,49.0081901550293,-0.05380062013864517,0,0.9985517263412476,0,1,0,-0.9985517263412476,0,-0.05380062013864517],5,0.8290719985961914],[[767.30615234375,229.49578857421876,49.015419006347659,-0.05370515212416649,0,0.9985568523406982,0,1,0,-0.9985568523406982,0,-0.05370515212416649],5,0.8385112285614014],[[767.1729736328125,229.37542724609376,49.022579193115237,-0.05365857481956482,0,0.9985593557357788,0,1,0,-0.9985593557357788,0,-0.05365857481956482],5,0.8480463027954102],[[766.9732055664063,229.16934204101563,49.03330612182617,-0.05527982860803604,0,0.9984709024429321,0,1,0,-0.9984709024429321,0,-0.05527982860803604],5,0.8586556911468506],[[766.8400268554688,229.01490783691407,49.04063034057617,-0.05870066210627556,0,0.998275637626648,0,1,0,-0.998275637626648,0,-0.05870066210627556],5,0.8672125339508057],[[766.7069702148438,228.84686279296876,49.0483512878418,-0.05878226459026337,0,0.9982708096504211,0,1,0,-0.9982708096504211,0,-0.05878226459026337],5,0.8775756359100342],[[766.5739135742188,228.66517639160157,49.05617904663086,-0.05883834883570671,0,0.9982675313949585,0,1,0,-0.9982675313949585,0,-0.05883834883570671],5,0.888664722442627],[[766.3743286132813,228.3671112060547,49.06795120239258,-0.05885517969727516,0,0.9982665181159973,0,1,0,-0.9982665181159973,0,-0.05885517969727516],5,0.8967571258544922],[[766.1082153320313,227.92201232910157,49.08365249633789,-0.058864526450634,0,0.9982659816741943,0,1,0,-0.9982659816741943,0,-0.058864526450634],5,0.9158515930175781],[[765.9751586914063,227.67901611328126,49.09150314331055,-0.05886688828468323,0,0.9982658624649048,0,1,0,-0.9982658624649048,0,-0.05886688828468323],5,0.9240992069244385],[[765.7755737304688,227.2889862060547,49.10327911376953,-0.05886698514223099,0,0.9982658624649048,0,1,0,-0.9982658624649048,0,-0.05886698514223099],5,0.9369344711303711],[[765.5759887695313,226.86830139160157,49.115055084228519,-0.058867160230875018,0,0.99826580286026,0,1,0,-0.99826580286026,0,-0.058867160230875018],5,0.9545981884002686],[[765.3764038085938,226.4169464111328,49.1268310546875,-0.058867115527391437,0,0.99826580286026,0,1,0,-0.99826580286026,0,-0.058867115527391437],5,0.9622759819030762],[[765.1768188476563,225.93495178222657,49.138607025146487,-0.0588671900331974,0,0.99826580286026,0,1,0,-0.99826580286026,0,-0.0588671900331974],5,0.9713664054870606],[[765.0437622070313,225.59658813476563,49.14645767211914,-0.058867160230875018,0,0.99826580286026,0,1,0,-0.99826580286026,0,-0.058867160230875018],5,0.980266809463501],[[764.9107055664063,225.24459838867188,49.1543083190918,-0.05886713042855263,0,0.99826580286026,0,1,0,-0.99826580286026,0,-0.05886713042855263],5,0.9872562885284424],[[764.7776489257813,224.8789825439453,49.16215896606445,-0.05886710062623024,0,0.99826580286026,0,1,0,-0.99826580286026,0,-0.05886710062623024],5,0.9994854927062988],[[764.5780639648438,224.3050079345703,49.17393493652344,-0.05886717513203621,0,0.99826580286026,0,1,0,-0.99826580286026,0,-0.05886717513203621],5,1.0075290203094483],[[764.4450073242188,223.90533447265626,49.181785583496097,-0.05886714532971382,0,0.99826580286026,0,1,0,-0.99826580286026,0,-0.05886714532971382],5,1.019662618637085],[[764.2454223632813,223.2802734375,49.19356155395508,-0.05886710062623024,0,0.99826580286026,0,1,0,-0.99826580286026,0,-0.05886710062623024],5,1.0303325653076172],[[764.1123657226563,222.84654235839845,49.201412200927737,-0.058867208659648898,0,0.99826580286026,0,1,0,-0.99826580286026,0,-0.058867208659648898],7,1.0409033298492432],[[763.9793090820313,222.5082244873047,49.20926284790039,-0.0588672049343586,0,0.99826580286026,0,1,0,-0.99826580286026,0,-0.0588672049343586],7,1.04982328414917],[[763.7797241210938,222.444091796875,49.221038818359378,-0.0588672049343586,0,0.99826580286026,0,1,0,-0.99826580286026,0,-0.0588672049343586],7,1.0598149299621583],[[763.6466674804688,222.48118591308595,49.22888946533203,-0.0588672049343586,0,0.99826580286026,0,1,0,-0.99826580286026,0,-0.0588672049343586],7,1.0699121952056885],[[763.4470825195313,222.54779052734376,49.240665435791019,-0.0588672049343586,0,0.99826580286026,0,1,0,-0.99826580286026,0,-0.0588672049343586],8,1.0825247764587403],[[763.2474975585938,222.60003662109376,49.25244140625,-0.0588672049343586,0,0.99826580286026,0,1,0,-0.99826580286026,0,-0.0588672049343586],8,1.0916399955749512],[[763.1144409179688,222.62539672851563,49.260292053222659,-0.0588672049343586,0,0.99826580286026,0,1,0,-0.99826580286026,0,-0.0588672049343586],8,1.1016640663146973],[[762.9148559570313,222.65225219726563,49.27206802368164,-0.0588672049343586,0,0.99826580286026,0,1,0,-0.99826580286026,0,-0.0588672049343586],8,1.1132829189300538],[[762.7817993164063,222.66461181640626,49.2799186706543,-0.0588672049343586,0,0.99826580286026,0,1,0,-0.99826580286026,0,-0.0588672049343586],8,1.124448537826538],[[762.5822143554688,222.67742919921876,49.29169464111328,-0.0588672049343586,0,0.99826580286026,0,1,0,-0.99826580286026,0,-0.0588672049343586],8,1.1364147663116456],[[762.3826293945313,222.68556213378907,49.303470611572269,-0.0588672049343586,0,0.99826580286026,0,1,0,-0.99826580286026,0,-0.0588672049343586],8,1.145698070526123],[[762.1830444335938,222.6907196044922,49.31524658203125,-0.0588672049343586,0,0.99826580286026,0,1,0,-0.99826580286026,0,-0.0588672049343586],8,1.158146619796753],[[762.0499877929688,222.6930694580078,49.323097229003909,-0.0588672049343586,0,0.99826580286026,0,1,0,-0.99826580286026,0,-0.0588672049343586],8,1.1694250106811524],[[761.8504028320313,222.6954803466797,49.33487319946289,-0.0588672049343586,0,0.99826580286026,0,1,0,-0.99826580286026,0,-0.0588672049343586],8,1.1806130409240723],[[761.6508178710938,222.69700622558595,49.346649169921878,-0.0588672049343586,0,0.99826580286026,0,1,0,-0.99826580286026,0,-0.0588672049343586],8,1.1936006546020508],[[761.4512329101563,222.69796752929688,49.35842514038086,-0.0588672049343586,0,0.99826580286026,0,1,0,-0.99826580286026,0,-0.0588672049343586],8,1.2059462070465088],[[761.2516479492188,222.69859313964845,49.370201110839847,-0.0588672049343586,0,0.99826580286026,0,1,0,-0.99826580286026,0,-0.0588672049343586],8,1.2184202671051026],[[761.0520629882813,222.698974609375,49.38197708129883,-0.0588672049343586,0,0.99826580286026,0,1,0,-0.99826580286026,0,-0.0588672049343586],8,1.230543613433838],[[760.9190063476563,222.6991424560547,49.389827728271487,-0.0588672049343586,0,0.99826580286026,0,1,0,-0.99826580286026,0,-0.0588672049343586],8,1.2415173053741456],[[760.7194213867188,222.6993408203125,49.40160369873047,-0.0588672049343586,0,0.99826580286026,0,1,0,-0.99826580286026,0,-0.0588672049343586],8,1.2539730072021485],[[760.5198364257813,222.699462890625,49.41337966918945,-0.0588672049343586,0,0.99826580286026,0,1,0,-0.99826580286026,0,-0.0588672049343586],8,1.2626280784606934],[[760.3867797851563,222.69952392578126,49.42123031616211,-0.0588672049343586,0,0.99826580286026,0,1,0,-0.99826580286026,0,-0.0588672049343586],8,1.2734153270721436],[[760.1871948242188,222.69956970214845,49.433006286621097,-0.0588672049343586,0,0.99826580286026,0,1,0,-0.99826580286026,0,-0.0588672049343586],8,1.2827670574188233],[[760.0541381835938,222.69960021972657,49.44085693359375,-0.0588672049343586,0,0.99826580286026,0,1,0,-0.99826580286026,0,-0.0588672049343586],8,1.2930011749267579],[[759.7214965820313,222.69961547851563,49.46048355102539,-0.05886715650558472,0,0.99826580286026,0,1,0,-0.99826580286026,0,-0.05886715650558472],8,1.3120110034942628],[[759.5219116210938,222.69961547851563,49.472259521484378,-0.058867111802101138,0,0.99826580286026,0,1,0,-0.99826580286026,0,-0.058867111802101138],8,1.3255949020385743],[[759.3888549804688,222.69961547851563,49.48011016845703,-0.058867089450359347,0,0.99826580286026,0,1,0,-0.99826580286026,0,-0.058867089450359347],8,1.3347978591918946],[[759.2557983398438,222.69961547851563,49.48796081542969,-0.058867067098617557,0,0.99826580286026,0,1,0,-0.99826580286026,0,-0.058867067098617557],8,1.3447208404541016],[[759.1227416992188,222.69961547851563,49.495811462402347,-0.05886704474687576,0,0.99826580286026,0,1,0,-0.99826580286026,0,-0.05886704474687576],8,1.3541243076324463],[[758.9231567382813,223.35189819335938,49.50758743286133,-0.05886700749397278,0,0.9982658624649048,0,1,0,-0.9982658624649048,0,-0.05886700749397278],3,1.3671867847442628],[[758.5905151367188,224.37091064453126,49.52721405029297,-0.05886693298816681,0,0.9982658624649048,0,1,0,-0.9982658624649048,0,-0.05886693298816681],5,1.3957531452178956],[[758.1913452148438,225.4813232421875,49.55076599121094,-0.058866869658231738,0,0.9982658624649048,0,1,0,-0.9982658624649048,0,-0.058866869658231738],5,1.409503698348999],[[757.9252319335938,226.15347290039063,49.56646728515625,-0.058866843581199649,0,0.9982658624649048,0,1,0,-0.9982658624649048,0,-0.058866843581199649],5,1.426830530166626],[[757.7256469726563,226.62181091308595,49.578243255615237,-0.05886683240532875,0,0.9982658624649048,0,1,0,-0.9982658624649048,0,-0.05886683240532875],5,1.4389209747314454],[[757.5260620117188,227.0594940185547,49.59001922607422,-0.058866821229457858,0,0.9982658624649048,0,1,0,-0.9982658624649048,0,-0.058866821229457858],5,1.4508965015411378],[[757.4595336914063,227.19857788085938,49.59394454956055,-0.05886681750416756,0,0.9982658624649048,0,1,0,-0.9982658624649048,0,-0.05886681750416756],5,1.457017183303833],[[757.2599487304688,227.5953826904297,49.60572052001953,-0.05886680632829666,0,0.9982658624649048,0,1,0,-0.9982658624649048,0,-0.05886680632829666],5,1.4680981636047364],[[757.1268920898438,227.8428955078125,49.61357116699219,-0.058866798877716067,0,0.9982658624649048,0,1,0,-0.9982658624649048,0,-0.058866798877716067],5,1.4797883033752442],[[756.9273071289063,228.18861389160157,49.62534713745117,-0.05886678770184517,0,0.9982658624649048,0,1,0,-0.9982658624649048,0,-0.05886678770184517],5,1.4963970184326172],[[756.7277221679688,228.50367736816407,49.637123107910159,-0.058866776525974277,0,0.9982658624649048,0,1,0,-0.9982658624649048,0,-0.058866776525974277],5,1.5029537677764893],[[756.5946655273438,228.69668579101563,49.64497375488281,-0.05886676907539368,0,0.9982658624649048,0,1,0,-0.9982658624649048,0,-0.05886676907539368],5,1.5093042850494385],[[756.5281372070313,228.7880859375,49.64889907836914,-0.05886676535010338,0,0.9982658624649048,0,1,0,-0.9982658624649048,0,-0.05886676535010338],5,1.5163905620574952],[[756.3285522460938,229.0418243408203,49.660675048828128,-0.05886675789952278,0,0.9982658624649048,0,1,0,-0.9982658624649048,0,-0.05886675789952278],5,1.5247187614440919],[[756.1954956054688,229.1939697265625,49.66852569580078,-0.05886675789952278,0,0.9982658624649048,0,1,0,-0.9982658624649048,0,-0.05886675789952278],5,1.5342493057250977],[[756.0624389648438,229.3324737548828,49.67637634277344,-0.05886675789952278,0,0.9982658624649048,0,1,0,-0.9982658624649048,0,-0.05886675789952278],5,1.5425968170166016],[[755.9293823242188,229.45736694335938,49.684226989746097,-0.05886675789952278,0,0.9982658624649048,0,1,0,-0.9982658624649048,0,-0.05886675789952278],5,1.5524706840515137],[[755.7297973632813,229.619140625,49.69600296020508,-0.05886675789952278,0,0.9982658624649048,0,1,0,-0.9982658624649048,0,-0.05886675789952278],5,1.5623152256011963],[[755.5302124023438,229.75025939941407,49.70777893066406,-0.05886675789952278,0,0.9982658624649048,0,1,0,-0.9982658624649048,0,-0.05886675789952278],5,1.5776612758636475],[[755.2640991210938,229.87741088867188,49.723480224609378,-0.05886673182249069,0,0.9982658624649048,0,1,0,-0.9982658624649048,0,-0.05886673182249069],5,1.6005825996398926],[[754.9976806640625,229.95005798339845,49.73401641845703,-0.05677996203303337,0,0.9983867406845093,0,1,0,-0.9983867406845093,0,-0.05677996203303337],5,1.6087377071380616],[[754.8643798828125,229.9659423828125,49.73678207397461,-0.05467391386628151,0,0.9985042810440064,0,1,0,-0.9985042810440064,0,-0.05467391386628151],5,1.6167616844177247],[[754.7310791015625,229.96820068359376,49.738399505615237,-0.05201973393559456,0,0.998646080493927,0,1,0,-0.998646080493927,0,-0.05201973393559456],5,1.6295840740203858],[[754.5311279296875,229.946044921875,49.739593505859378,-0.0475277379155159,0,0.9988698959350586,0,1,0,-0.9988698959350586,0,-0.0475277379155159],5,1.6479980945587159],[[754.2645263671875,229.8688201904297,49.740474700927737,-0.04153481870889664,0,0.9991370439529419,0,1,0,-0.9991370439529419,0,-0.04153481870889664],5,1.6567566394805909],[[754.1312255859375,229.8097686767578,49.740360260009769,-0.038591139018535617,0,0.9992550611495972,0,1,0,-0.9992550611495972,0,-0.038591139018535617],5,1.6640567779541016],[[753.9979248046875,229.73709106445313,49.73991775512695,-0.03570912405848503,0,0.9993622303009033,0,1,0,-0.9993622303009033,0,-0.03570912405848503],5,1.674365520477295],[[753.8036499023438,229.60252380371095,49.7254524230957,0.017532914876937867,0,0.9998462796211243,0,1,0,-0.9998462796211243,0,0.017532914876937867],5,1.6878697872161866],[[753.6180419921875,229.43731689453126,49.69037628173828,0.09075026214122772,0,0.9958736896514893,0,1,0,-0.9958736896514893,0,0.09075026214122772],5,1.7066740989685059],[[753.3839721679688,229.16934204101563,49.61154556274414,0.1850789338350296,0,0.9827236533164978,0,1,0,-0.9827236533164978,0,0.1850789338350296],5,1.7147655487060547],[[753.272705078125,229.01490783691407,49.55839920043945,0.22757962346076966,0,0.9737594723701477,0,1,0,-0.9737594723701477,0,0.22757962346076966],5,1.723970890045166],[[753.165283203125,228.84686279296876,49.49612045288086,0.2663552165031433,0,0.9638749361038208,0,1,0,-0.9638749361038208,0,0.2663552165031433],5,1.7329745292663575],[[753.061767578125,228.66517639160157,49.42470932006836,0.301919549703598,0,0.9533334374427795,0,1,0,-0.9533334374427795,0,0.301919549703598],5,1.741795301437378],[[752.913818359375,228.3671112060547,49.300472259521487,0.35026800632476809,0,0.9366495013237,0,1,0,-0.9366495013237,0,0.35026800632476809],5,1.7504940032958985],[[752.819580078125,228.1513671875,49.20746612548828,0.3792727589607239,0,0.9252849221229553,0,1,0,-0.9252849221229553,0,0.3792727589607239],5,1.7605433464050294],[[752.7262573242188,227.92201232910157,49.11248016357422,0.405722439289093,0,0.9139963388442993,0,1,0,-0.9139963388442993,0,0.405722439289093],5,1.7693507671356202],[[752.5863647460938,227.5524139404297,48.969566345214847,0.4415731430053711,0,0.8972252607345581,0,1,0,-0.8972252607345581,0,0.4415731430053711],5,1.7798957824707032],[[752.4932250976563,227.2889862060547,48.87413787841797,0.46311357617378237,0,0.8862989544868469,0,1,0,-0.8862989544868469,0,0.46311357617378237],5,1.7903857231140137],[[752.3538208007813,226.86830139160157,48.730735778808597,0.49232542514801028,0,0.870411217212677,0,1,0,-0.870411217212677,0,0.49232542514801028],5,1.801778793334961],[[752.2609252929688,226.57080078125,48.635101318359378,0.5098522305488586,0,0.8602619767189026,0,1,0,-0.8602619767189026,0,0.5098522305488586],5,1.8114018440246583],[[752.12158203125,226.09902954101563,48.49164962768555,0.5335219502449036,0,0.8457862138748169,0,1,0,-0.8457862138748169,0,0.5335219502449036],5,1.8219492435455323],[[752.0286865234375,225.76747131347657,48.39601516723633,0.5477052330970764,0,0.8366713523864746,0,1,0,-0.8366713523864746,0,0.5477052330970764],5,1.8342621326446534],[[751.8893432617188,225.24459838867188,48.2525634765625,0.5668686628341675,0,0.8238081932067871,0,1,0,-0.8238081932067871,0,0.5668686628341675],5,1.844041347503662],[[751.7964477539063,224.8789825439453,48.15692901611328,0.5783633589744568,0,0.8157792687416077,0,1,0,-0.8157792687416077,0,0.5783633589744568],5,1.8540170192718506],[[751.6571044921875,224.3050079345703,48.01347732543945,0.5939133763313294,0,0.8045290112495422,0,1,0,-0.8045290112495422,0,0.5939133763313294],5,1.8637959957122803],[[751.564208984375,223.90533447265626,47.917842864990237,0.6032530665397644,0,0.797549843788147,0,1,0,-0.797549843788147,0,0.6032530665397644],5,1.873715877532959],[[751.4713134765625,223.49203491210938,47.822208404541019,0.6117962598800659,0,0.7910153865814209,0,1,0,-0.7910153865814209,0,0.6117962598800659],5,1.8835418224334717],[[751.3319702148438,222.84654235839845,47.67875671386719,0.6234349608421326,0,0.7818751931190491,0,1,0,-0.7818751931190491,0,0.6234349608421326],7,1.8979682922363282],[[751.09716796875,222.43919372558595,47.601009368896487,0.579791784286499,0,0.814764678478241,0,1,0,-0.814764678478241,0,0.579791784286499],7,1.9114770889282227],[[750.764892578125,222.5265655517578,47.593135833740237,0.4966493546962738,0,0.8679512739181519,0,1,0,-0.8679512739181519,0,0.4966493546962738],8,1.9395594596862794],[[750.498291015625,222.60003662109376,47.58879852294922,0.43376192450523379,0,0.901027500629425,0,1,0,-0.901027500629425,0,0.43376192450523379],8,1.945605993270874],[[750.431640625,222.61358642578126,47.58771896362305,0.41928625106811526,0,0.9078540802001953,0,1,0,-0.9078540802001953,0,0.41928625106811526],8,1.9538142681121827],[[750.29833984375,222.63568115234376,47.5855598449707,0.39212766289711,0,0.9199107885360718,0,1,0,-0.9199107885360718,0,0.39212766289711],8,1.9607410430908204],[[750.1650390625,222.6522674560547,47.58340072631836,0.3668230175971985,0,0.9302907586097717,0,1,0,-0.9302907586097717,0,0.3668230175971985],8,1.968867301940918],[[749.965087890625,222.66954040527345,47.580162048339847,0.3315972685813904,0,0.9434210062026978,0,1,0,-0.9434210062026978,0,0.3315972685813904],8,1.9804661273956299],[[749.831787109375,222.6774139404297,47.5780029296875,0.30993515253067019,0,0.9507576823234558,0,1,0,-0.9507576823234558,0,0.30993515253067019],8,1.9893147945404053],[[749.698486328125,222.6832275390625,47.575843811035159,0.2897998094558716,0,0.9570872783660889,0,1,0,-0.9570872783660889,0,0.2897998094558716],8,2.005918502807617],[[749.431884765625,222.69070434570313,47.57152557373047,0.252811074256897,0,0.9675156474113464,0,1,0,-0.9675156474113464,0,0.252811074256897],8,2.0136170387268068],[[749.23193359375,222.69398498535157,47.56828689575195,0.22805145382881165,0,0.9736490845680237,0,1,0,-0.9736490845680237,0,0.22805145382881165],8,2.0243330001831056],[[749.0986328125,222.69546508789063,47.56612777709961,0.21313504874706269,0,0.9770227670669556,0,1,0,-0.9770227670669556,0,0.21313504874706269],8,2.0334038734436037],[[748.96533203125,222.69656372070313,47.563968658447269,0.19938109815120698,0,0.9799219965934753,0,1,0,-0.9799219965934753,0,0.19938109815120698],8,2.0423941612243654],[[748.83203125,222.6973876953125,47.56180953979492,0.18661819398403169,0,0.9824325442314148,0,1,0,-0.9824325442314148,0,0.18661819398403169],8,2.0526859760284426],[[748.5654296875,222.69842529296876,47.557491302490237,0.163267582654953,0,0.9865818023681641,0,1,0,-0.9865818023681641,0,0.163267582654953],8,2.068439483642578],[[748.365478515625,222.69886779785157,47.55425262451172,0.14771133661270142,0,0.9890305399894714,0,1,0,-0.9890305399894714,0,0.14771133661270142],8,2.0798847675323488],[[748.16552734375,222.6991424560547,47.5510139465332,0.13387106359004975,0,0.9909987449645996,0,1,0,-0.9909987449645996,0,0.13387106359004975],8,2.091273546218872],[[748.0322265625,222.69927978515626,47.54885482788086,0.12551768124103547,0,0.9920913577079773,0,1,0,-0.9920913577079773,0,0.12551768124103547],8,2.103428602218628],[[747.832275390625,222.69943237304688,47.545616149902347,0.11409708112478256,0,0.9934695959091187,0,1,0,-0.9934695959091187,0,0.11409708112478256],8,2.115807294845581],[[747.565673828125,222.6995391845703,47.541297912597659,0.10050452500581742,0,0.9949365854263306,0,1,0,-0.9949365854263306,0,0.10050452500581742],8,2.129769802093506],[[747.4990234375,222.69955444335938,47.540218353271487,0.09740778058767319,0,0.995244562625885,0,1,0,-0.995244562625885,0,0.09740778058767319],8,2.136361598968506],[[747.299072265625,222.69960021972657,47.53697967529297,0.08886349201202393,0,0.9960438013076782,0,1,0,-0.9960438013076782,0,0.08886349201202393],8,2.1460635662078859],[[747.165771484375,222.69961547851563,47.534820556640628,0.0836963877081871,0,0.9964913129806519,0,1,0,-0.9964913129806519,0,0.0836963877081871],8,2.156738042831421],[[747.032470703125,222.69961547851563,47.53266143798828,0.07893453538417816,0,0.9968798160552979,0,1,0,-0.9968798160552979,0,0.07893453538417816],8,2.1652984619140627],[[746.899169921875,222.69961547851563,47.53050231933594,0.07452231645584107,0,0.9972193241119385,0,1,0,-0.9972193241119385,0,0.07452231645584107],8,2.1749682426452638],[[746.69921875,222.69961547851563,47.52726364135742,0.06843806803226471,0,0.9976553916931152,0,1,0,-0.9976553916931152,0,0.06843806803226471],8,2.185849905014038],[[746.56591796875,222.69961547851563,47.52510452270508,0.06473176181316376,0,0.9979026913642883,0,1,0,-0.9979026913642883,0,0.06473176181316376],8,2.1944942474365236],[[746.4326171875,222.69961547851563,47.522945404052737,0.06130961328744888,0,0.9981188178062439,0,1,0,-0.9981188178062439,0,0.06130961328744888],8,2.2055675983428957],[[746.232666015625,222.69961547851563,47.51970672607422,0.05659845098853111,0,0.9983970522880554,0,1,0,-0.9983970522880554,0,0.05659845098853111],8,2.2156097888946535],[[746.03271484375,222.69961547851563,47.51675033569336,0.05223812535405159,0,0.9986346364021301,0,1,0,-0.9986346364021301,0,0.05223812535405159],8,2.2262210845947267],[[745.8994140625,222.69961547851563,47.51482009887695,0.049563709646463397,0,0.9987709522247315,0,1,0,-0.9987709522247315,0,0.049563709646463397],8,2.2371697425842287],[[745.699462890625,222.69961547851563,47.511924743652347,0.0458916611969471,0,0.9989464282989502,0,1,0,-0.9989464282989502,0,0.0458916611969471],8,2.247051477432251],[[745.566162109375,222.69961547851563,47.50999450683594,0.043658431619405749,0,0.9990465044975281,0,1,0,-0.9990465044975281,0,0.043658431619405749],8,2.25801157951355],[[745.4434814453125,222.69961547851563,47.50822067260742,0.042426805943250659,0,0.9990995526313782,0,1,0,-0.9990995526313782,0,0.042426805943250659],8,2.2732937335968019],[[745.4197387695313,222.69961547851563,47.507877349853519,0.04215741902589798,0,0.999110996723175,0,1,0,-0.999110996723175,0,0.04215741902589798],8,2.296072483062744],[[745.4192504882813,222.69961547851563,47.50787353515625,0.04212457314133644,0,0.9991123676300049,0,1,0,-0.9991123676300049,0,0.04212457314133644],8,2.3129608631134035],[[745.4192504882813,222.69961547851563,47.50787353515625,0.04212247580289841,0,0.9991124272346497,0,1,0,-0.9991124272346497,0,0.04212247580289841],8,2.3211874961853029],[[745.4192504882813,222.69961547851563,47.50787353515625,0.04212229698896408,0,0.9991124868392944,0,1,0,-0.9991124868392944,0,0.04212229698896408],8,2.329944610595703],[[745.4192504882813,222.69961547851563,47.50787353515625,0.04212223365902901,0,0.9991124868392944,0,1,0,-0.9991124868392944,0,0.04212223365902901],8,2.339616298675537],[[745.4192504882813,222.69961547851563,47.50787353515625,0.042122211307287219,0,0.9991124868392944,0,1,0,-0.9991124868392944,0,0.042122211307287219],8,2.348043918609619],[[745.4192504882813,222.69961547851563,47.50787353515625,0.04212220385670662,0,0.9991124868392944,0,1,0,-0.9991124868392944,0,0.04212220385670662],8,2.358328104019165],[[745.4192504882813,222.69961547851563,47.50787353515625,0.04212220013141632,0,0.9991124868392944,0,1,0,-0.9991124868392944,0,0.04212220013141632],8,2.3670578002929689],[[745.4192504882813,222.69961547851563,47.50787353515625,0.04212220013141632,0,0.9991124868392944,0,1,0,-0.9991124868392944,0,0.04212220013141632],8,2.378413200378418],[[745.4192504882813,222.69961547851563,47.50787353515625,0.04212220013141632,0,0.9991124868392944,0,1,0,-0.9991124868392944,0,0.04212220013141632],8,2.388202428817749],[[745.4192504882813,222.69961547851563,47.50787353515625,0.04212220013141632,0,0.9991124868392944,0,1,0,-0.9991124868392944,0,0.04212220013141632],8,2.396009922027588],[[745.4192504882813,222.69961547851563,47.50787353515625,0.04212220013141632,0,0.9991124868392944,0,1,0,-0.9991124868392944,0,0.04212220013141632],8,2.404784917831421],[[745.4192504882813,222.69961547851563,47.50787353515625,0.04212220013141632,0,0.9991124868392944,0,1,0,-0.9991124868392944,0,0.04212220013141632],8,2.4137892723083498],[[745.4192504882813,222.69961547851563,47.50787353515625,0.04212220013141632,0,0.9991124868392944,0,1,0,-0.9991124868392944,0,0.04212220013141632],8,2.4324843883514406],[[745.4192504882813,222.69961547851563,47.50787353515625,0.04212220013141632,0,0.9991124868392944,0,1,0,-0.9991124868392944,0,0.04212220013141632],8,2.4401304721832277],[[745.4192504882813,222.69961547851563,47.50787353515625,0.04212220013141632,0,0.9991124868392944,0,1,0,-0.9991124868392944,0,0.04212220013141632],8,2.447399139404297],[[745.4192504882813,222.69961547851563,47.50787353515625,0.04212220013141632,0,0.9991124868392944,0,1,0,-0.9991124868392944,0,0.04212220013141632],8,2.4578723907470705],[[745.4192504882813,222.69961547851563,47.50787353515625,0.04212220013141632,0,0.9991124868392944,0,1,0,-0.9991124868392944,0,0.04212220013141632],8,2.4671716690063478],[[745.4192504882813,222.69961547851563,47.50787353515625,0.04212220013141632,0,0.9991124868392944,0,1,0,-0.9991124868392944,0,0.04212220013141632],8,2.4779765605926515],[[745.4192504882813,222.69961547851563,47.50787353515625,0.04212220013141632,0,0.9991124868392944,0,1,0,-0.9991124868392944,0,0.04212220013141632],8,2.487619161605835],[[745.4192504882813,222.69961547851563,47.50787353515625,0.04212220013141632,0,0.9991124868392944,0,1,0,-0.9991124868392944,0,0.04212220013141632],8,2.497760534286499],[[745.4192504882813,222.69961547851563,47.50787353515625,0.04212220013141632,0,0.9991124868392944,0,1,0,-0.9991124868392944,0,0.04212220013141632],8,2.5075507164001467],[[745.4192504882813,222.69961547851563,47.50787353515625,0.04212220013141632,0,0.9991124868392944,0,1,0,-0.9991124868392944,0,0.04212220013141632],8,2.5175697803497316],[[745.4192504882813,222.69961547851563,47.50787353515625,0.04212220013141632,0,0.9991124868392944,0,1,0,-0.9991124868392944,0,0.04212220013141632],8,2.528109073638916],[[745.4192504882813,222.69961547851563,47.50787353515625,0.04212220013141632,0,0.9991124868392944,0,1,0,-0.9991124868392944,0,0.04212220013141632],8,2.5394506454467775],[[745.4192504882813,222.69961547851563,47.50787353515625,0.04212220013141632,0,0.9991124868392944,0,1,0,-0.9991124868392944,0,0.04212220013141632],8,2.547839879989624],[[745.4192504882813,222.69961547851563,47.50787353515625,0.04212220013141632,0,0.9991124868392944,0,1,0,-0.9991124868392944,0,0.04212220013141632],8,2.559335470199585],[[745.4192504882813,222.69961547851563,47.50787353515625,0.04212220013141632,0,0.9991124868392944,0,1,0,-0.9991124868392944,0,0.04212220013141632],8,2.570065975189209],[[745.4192504882813,222.69961547851563,47.50787353515625,0.04212220013141632,0,0.9991124868392944,0,1,0,-0.9991124868392944,0,0.04212220013141632],8,2.58062481880188],[[745.4192504882813,222.69961547851563,47.50787353515625,0.04212220013141632,0,0.9991124868392944,0,1,0,-0.9991124868392944,0,0.04212220013141632],8,2.5909857749938967],[[745.4192504882813,222.69961547851563,47.50787353515625,0.04212220013141632,0,0.9991124868392944,0,1,0,-0.9991124868392944,0,0.04212220013141632],8,2.6012866497039797],[[745.4192504882813,222.69961547851563,47.50787353515625,0.04212220013141632,0,0.9991124868392944,0,1,0,-0.9991124868392944,0,0.04212220013141632],8,2.611297607421875],[[745.4192504882813,222.69961547851563,47.50787353515625,0.04212220013141632,0,0.9991124868392944,0,1,0,-0.9991124868392944,0,0.04212220013141632],8,2.6220922470092775],[[745.4192504882813,222.69961547851563,47.50787353515625,0.04212220013141632,0,0.9991124868392944,0,1,0,-0.9991124868392944,0,0.04212220013141632],8,2.6327619552612306],[[745.4192504882813,222.69961547851563,47.50787353515625,0.04212220013141632,0,0.9991124868392944,0,1,0,-0.9991124868392944,0,0.04212220013141632],8,2.6429553031921388],[[745.4192504882813,222.69961547851563,47.50787353515625,0.04212220013141632,0,0.9991124868392944,0,1,0,-0.9991124868392944,0,0.04212220013141632],8,2.654093027114868],[[745.4192504882813,222.69961547851563,47.50787353515625,0.04212220013141632,0,0.9991124868392944,0,1,0,-0.9991124868392944,0,0.04212220013141632],8,2.663811683654785],[[745.4192504882813,222.69961547851563,47.50787353515625,0.04212220013141632,0,0.9991124868392944,0,1,0,-0.9991124868392944,0,0.04212220013141632],8,2.673633337020874],[[745.4192504882813,222.69961547851563,47.50787353515625,0.04212220013141632,0,0.9991124868392944,0,1,0,-0.9991124868392944,0,0.04212220013141632],8,2.6836748123168947],[[745.4192504882813,222.69961547851563,47.50787353515625,0.04212220013141632,0,0.9991124868392944,0,1,0,-0.9991124868392944,0,0.04212220013141632],8,2.6941282749176027],[[745.4192504882813,222.69961547851563,47.50787353515625,0.04212220013141632,0,0.9991124868392944,0,1,0,-0.9991124868392944,0,0.04212220013141632],8,2.706026315689087],[[745.4192504882813,222.69961547851563,47.50787353515625,0.04212220013141632,0,0.9991124868392944,0,1,0,-0.9991124868392944,0,0.04212220013141632],8,2.7163212299346926],[[745.4192504882813,222.69961547851563,47.50787353515625,0.04212220013141632,0,0.9991124868392944,0,1,0,-0.9991124868392944,0,0.04212220013141632],8,2.727553367614746],[[745.4192504882813,222.69961547851563,47.50787353515625,0.04212220013141632,0,0.9991124868392944,0,1,0,-0.9991124868392944,0,0.04212220013141632],8,2.742497205734253],[[745.4192504882813,222.69961547851563,47.50787353515625,0.04212220013141632,0,0.9991124868392944,0,1,0,-0.9991124868392944,0,0.04212220013141632],8,2.7581403255462648],[[745.4192504882813,222.69961547851563,47.50787353515625,0.04212220013141632,0,0.9991124868392944,0,1,0,-0.9991124868392944,0,0.04212220013141632],8,2.772911310195923],[[745.4192504882813,222.69961547851563,47.50787353515625,0.04212220013141632,0,0.9991124868392944,0,1,0,-0.9991124868392944,0,0.04212220013141632],8,2.786792755126953],[[745.4192504882813,222.69961547851563,47.50787353515625,0.04212220013141632,0,0.9991124868392944,0,1,0,-0.9991124868392944,0,0.04212220013141632],8,2.7946040630340578],[[745.4192504882813,222.69961547851563,47.50787353515625,0.04212220013141632,0,0.9991124868392944,0,1,0,-0.9991124868392944,0,0.04212220013141632],8,2.8034825325012209],[[745.4192504882813,222.69961547851563,47.50787353515625,0.04212220013141632,0,0.9991124868392944,0,1,0,-0.9991124868392944,0,0.04212220013141632],8,2.812765598297119],[[745.4192504882813,222.69961547851563,47.50787353515625,0.04212220013141632,0,0.9991124868392944,0,1,0,-0.9991124868392944,0,0.04212220013141632],8,2.821974992752075],[[745.4192504882813,222.69961547851563,47.50787353515625,0.04212220013141632,0,0.9991124868392944,0,1,0,-0.9991124868392944,0,0.04212220013141632],8,2.8425161838531496],[[745.4192504882813,222.69961547851563,47.50787353515625,0.04212220013141632,0,0.9991124868392944,0,1,0,-0.9991124868392944,0,0.04212220013141632],8,2.850250244140625],[[745.4192504882813,222.699615478515