[[[776,222.69961547851563,47,1,0,0,0,1,0,-0,0,1],8,0.0056133270263671879],[[776,222.69961547851563,47,1,0,0,0,1,0,-0,0,1],8,0.019379138946533204],[[776,222.69961547851563,47,1,0,0,0,1,0,-0,0,1],8,0.042147159576416019],[[776,222.69961547851563,47,1,0,0,0,1,0,-0,0,1],8,0.052199363708496097],[[776,222.69961547851563,47,1,0,0,0,1,0,-0,0,1],8,0.06839418411254883],[[776,222.69961547851563,47,1,0,0,0,1,0,-0,0,1],8,0.07820773124694824],[[776,222.69961547851563,47,1,0,0,0,1,0,-0,0,1],8,0.09590888023376465],[[776,222.69961547851563,47,1,0,0,0,1,0,-0,0,1],8,0.11025333404541016],[[776,222.69961547851563,47,1,0,0,0,1,0,-0,0,1],8,0.12235713005065918],[[776,222.69961547851563,47,1,0,0,0,1,0,-0,0,1],8,0.13651061058044434],[[776,222.69961547851563,47,1,0,0,0,1,0,-0,0,1],8,0.14983749389648438],[[776,222.69961547851563,47,1,0,0,0,1,0,-0,0,1],8,0.1632099151611328],[[776,222.69961547851563,47,1,0,0,0,1,0,-0,0,1],8,0.17496895790100099],[[776,222.69961547851563,47,1,0,0,0,1,0,-0,0,1],8,0.18866705894470216],[[776,222.69961547851563,47,1,0,0,0,1,0,-0,0,1],8,0.20332932472229005],[[776,222.69961547851563,47,1,0,0,0,1,0,-0,0,1],8,0.2202470302581787],[[776,222.69961547851563,47,1,0,0,0,1,0,-0,0,1],8,0.24124598503112794],[[776,222.69961547851563,47,1,0,0,0,1,0,-0,0,1],8,0.24949407577514649],[[776,222.69961547851563,47,1,0,0,0,1,0,-0,0,1],8,0.2615509033203125],[[776,222.69961547851563,47,1,0,0,0,1,0,-0,0,1],8,0.2747073173522949],[[775.8388671875,222.69961547851563,47.01212692260742,0.9885446429252625,0,0.15092876553535462,0,1,0,-0.15092876553535462,0,0.9885446429252625],8,0.29169440269470217],[[775.6426391601563,222.69961547851563,47.02320098876953,0.955925464630127,0,0.2936093509197235,0,1,0,-0.2936093509197235,0,0.955925464630127],8,0.3123464584350586],[[775.37646484375,222.69961547851563,47.03481674194336,0.8872053027153015,0,0.46137481927871706,0,1,0,-0.46137481927871706,0,0.8872053027153015],8,0.3189585208892822],[[775.2431640625,222.69961547851563,47.03833770751953,0.8470273017883301,0,0.5315493941307068,0,1,0,-0.5315493941307068,0,0.8470273017883301],8,0.32784342765808108],[[775.043212890625,222.69961547851563,47.04094314575195,0.7846449017524719,0,0.6199454665184021,0,1,0,-0.6199454665184021,0,0.7846449017524719],8,0.3401644229888916],[[774.84326171875,222.69961547851563,47.04023742675781,0.722026526927948,0,0.6918653845787048,0,1,0,-0.6918653845787048,0,0.722026526927948],8,0.3528783321380615],[[774.643310546875,222.69961547851563,47.038028717041019,0.6611738204956055,0,0.7502327561378479,0,1,0,-0.7502327561378479,0,0.6611738204956055],8,0.3643319606781006],[[774.443359375,222.69961547851563,47.03474426269531,0.6032751202583313,0,0.7975331544876099,0,1,0,-0.7975331544876099,0,0.6032751202583313],8,0.3775010108947754],[[774.243408203125,222.69961547851563,47.030128479003909,0.5491994023323059,0,0.8356913328170776,0,1,0,-0.8356913328170776,0,0.5491994023323059],8,0.3890979290008545],[[774.04345703125,222.69961547851563,47.024967193603519,0.49913451075553896,0,0.8665245175361633,0,1,0,-0.8665245175361633,0,0.49913451075553896],8,0.40155839920043948],[[773.843505859375,222.69961547851563,47.019447326660159,0.4531005024909973,0,0.8914594650268555,0,1,0,-0.8914594650268555,0,0.4531005024909973],8,0.41347599029541018],[[773.6435546875,222.69961547851563,47.01386260986328,0.41095244884490969,0,0.9116567969322205,0,1,0,-0.9116567969322205,0,0.41095244884490969],8,0.42772674560546877],[[773.376953125,222.69961547851563,47.00641632080078,0.36003419756889346,0,0.9329391121864319,0,1,0,-0.9329391121864319,0,0.36003419756889346],8,0.4430544376373291],[[773.177001953125,222.69961547851563,47.000831604003909,0.3259005844593048,0,0.945404052734375,0,1,0,-0.945404052734375,0,0.3259005844593048],8,0.4542863368988037],[[773.043701171875,222.69961547851563,46.99728012084961,0.3051990568637848,0,0.9522885680198669,0,1,0,-0.9522885680198669,0,0.3051990568637848],8,0.4644157886505127],[[772.84375,222.69961547851563,46.992034912109378,0.27669864892959597,0,0.9609567523002625,0,1,0,-0.9609567523002625,0,0.27669864892959597],8,0.47786808013916018],[[772.643798828125,222.69961547851563,46.98764419555664,0.2505365014076233,0,0.9681071639060974,0,1,0,-0.9681071639060974,0,0.2505365014076233],8,0.49115800857543948],[[772.243896484375,222.69961547851563,46.97987747192383,0.20360146462917329,0,0.9790538549423218,0,1,0,-0.9790538549423218,0,0.20360146462917329],8,0.5122954845428467],[[772.110595703125,222.69961547851563,46.97748565673828,0.1899096816778183,0,0.9818015694618225,0,1,0,-0.9818015694618225,0,0.1899096816778183],8,0.524334192276001],[[771.843994140625,222.69961547851563,46.97400665283203,0.16544482111930848,0,0.986219048500061,0,1,0,-0.986219048500061,0,0.16544482111930848],8,0.537132740020752],[[771.710693359375,222.69961547851563,46.97340774536133,0.1541031301021576,0,0.9880547523498535,0,1,0,-0.9880547523498535,0,0.1541031301021576],8,0.5469703674316406],[[771.5107421875,222.69961547851563,46.9766845703125,0.13692916929721833,0,0.9905808568000794,0,1,0,-0.9905808568000794,0,0.13692916929721833],8,0.5599038600921631],[[771.310791015625,222.69961547851563,46.9816780090332,0.12030791491270066,0,0.9927366375923157,0,1,0,-0.9927366375923157,0,0.12030791491270066],8,0.5741796493530273],[[771.11083984375,222.69961547851563,46.986907958984378,0.10502554476261139,0,0.9944695234298706,0,1,0,-0.9944695234298706,0,0.10502554476261139],8,0.5848901271820068],[[770.910888671875,222.69961547851563,46.992149353027347,0.09124236553907395,0,0.9958286881446838,0,1,0,-0.9958286881446838,0,0.09124236553907395],8,0.5967094898223877],[[770.777587890625,222.69961547851563,46.995643615722659,0.08289764076471329,0,0.9965580701828003,0,1,0,-0.9965580701828003,0,0.08289764076471329],8,0.6076991558074951],[[770.57763671875,222.69961547851563,47.000885009765628,0.0714811310172081,0,0.9974419474601746,0,1,0,-0.9974419474601746,0,0.0714811310172081],8,0.617135763168335],[[770.377685546875,222.69961547851563,47.006126403808597,0.061200421303510669,0,0.9981254935264587,0,1,0,-0.9981254935264587,0,0.061200421303510669],8,0.6296515464782715],[[770.177734375,223.35189819335938,47.01136779785156,0.05116808041930199,0,0.9986900687217712,0,1,0,-0.9986900687217712,0,0.05116808041930199],3,0.646012544631958],[[769.9111328125,224.17391967773438,47.01835632324219,0.03991347923874855,0,0.9992031455039978,0,1,0,-0.9992031455039978,0,0.03991347923874855],5,0.666109561920166],[[769.711181640625,224.75466918945313,47.023597717285159,0.032788414508104327,0,0.9994623064994812,0,1,0,-0.9994623064994812,0,0.032788414508104327],5,0.6731884479522705],[[769.51123046875,225.3047637939453,47.028839111328128,0.026525162160396577,0,0.9996481537818909,0,1,0,-0.9996481537818909,0,0.026525162160396577],5,0.6861903667449951],[[769.3779296875,225.6544647216797,47.03233337402344,0.02275986038148403,0,0.9997409582138062,0,1,0,-0.9997409582138062,0,0.02275986038148403],5,0.6945836544036865],[[769.177978515625,226.15347290039063,47.037574768066409,0.017622025683522226,0,0.9998447299003601,0,1,0,-0.9998447299003601,0,0.017622025683522226],5,0.7062475681304932],[[769.044677734375,226.46910095214845,47.04106903076172,0.014504339545965195,0,0.9998947978019714,0,1,0,-0.9998947978019714,0,0.014504339545965195],5,0.7171621322631836],[[768.8447265625,226.91700744628907,47.04631042480469,0.0102379834279418,0,0.9999476075172424,0,1,0,-0.9999476075172424,0,0.0102379834279418],5,0.7280843257904053],[[768.578125,227.46652221679688,47.05329895019531,0.005163026042282581,0,0.9999866485595703,0,1,0,-0.9999866485595703,0,0.005163026042282581],5,0.74424147605896],[[768.378173828125,227.8428955078125,47.05882263183594,0.0017064550193026662,0,0.9999985694885254,0,1,0,-0.9999985694885254,0,0.0017064550193026662],5,0.7661540508270264],[[768.111572265625,228.2970428466797,47.06626892089844,-0.0024199499748647215,0,0.999997079372406,0,1,0,-0.999997079372406,0,-0.0024199499748647215],5,0.7730834484100342],[[767.91162109375,228.6018829345703,47.07185363769531,-0.0051437607035040859,0,0.9999867677688599,0,1,0,-0.9999867677688599,0,-0.0051437607035040859],5,0.7853412628173828],[[767.7783203125,228.7880859375,47.07557678222656,-0.006775059271603823,0,0.9999770522117615,0,1,0,-0.9999770522117615,0,-0.006775059271603823],5,0.79616379737854],[[767.445068359375,229.1939697265625,47.08488464355469,-0.028987282887101175,0,0.9995797872543335,0,1,0,-0.9995797872543335,0,-0.028987282887101175],5,0.8134346008300781],[[767.2451171875,229.39662170410157,47.09046936035156,-0.028003370389342309,0,0.9996078014373779,0,1,0,-0.9996078014373779,0,-0.028003370389342309],5,0.8380117416381836],[[766.978515625,229.619140625,47.09791564941406,-0.027956077829003335,0,0.9996091723442078,0,1,0,-0.9996091723442078,0,-0.027956077829003335],5,0.843468427658081],[[766.778564453125,229.75025939941407,47.10350036621094,-0.027944236993789674,0,0.9996094703674316,0,1,0,-0.9996094703674316,0,-0.027944236993789674],5,0.8552801609039307],[[766.645263671875,229.82064819335938,47.10722351074219,-0.02794315293431282,0,0.9996095299720764,0,1,0,-0.9996095299720764,0,-0.02794315293431282],5,0.8647792339324951],[[766.4453125,229.9006805419922,47.11280822753906,-0.02794300764799118,0,0.9996095299720764,0,1,0,-0.9996095299720764,0,-0.02794300764799118],5,0.8756060600280762],[[766.31201171875,229.93701171875,47.11653137207031,-0.027942903339862825,0,0.9996095299720764,0,1,0,-0.9996095299720764,0,-0.027942903339862825],5,0.8868129253387451],[[766.112060546875,229.9659423828125,47.12211608886719,-0.02794290892779827,0,0.9996095299720764,0,1,0,-0.9996095299720764,0,-0.02794290892779827],5,0.8971586227416992],[[765.912109375,229.96421813964845,47.12770080566406,-0.02794290892779827,0,0.9996095299720764,0,1,0,-0.9996095299720764,0,-0.02794290892779827],5,0.9090909957885742],[[765.77880859375,229.946044921875,47.13142395019531,-0.02794290892779827,0,0.9996095299720764,0,1,0,-0.9996095299720764,0,-0.02794290892779827],5,0.9187726974487305],[[765.6455078125,229.91424560546876,47.13514709472656,-0.02794290892779827,0,0.9996095299720764,0,1,0,-0.9996095299720764,0,-0.02794290892779827],5,0.928823709487915],[[765.445556640625,229.84100341796876,47.14073181152344,-0.02794290892779827,0,0.9996095299720764,0,1,0,-0.9996095299720764,0,-0.02794290892779827],5,0.9395067691802979],[[765.24560546875,229.73709106445313,47.14631652832031,-0.02794290892779827,0,0.9996095299720764,0,1,0,-0.9996095299720764,0,-0.02794290892779827],5,0.9520056247711182],[[765.045654296875,229.60252380371095,47.15190124511719,-0.02794290892779827,0,0.9996095299720764,0,1,0,-0.9996095299720764,0,-0.02794290892779827],5,0.9621737003326416],[[764.912353515625,229.49578857421876,47.15562438964844,-0.02794290892779827,0,0.9996095299720764,0,1,0,-0.9996095299720764,0,-0.02794290892779827],5,0.9739525318145752],[[764.71240234375,229.3101348876953,47.16120910644531,-0.02794290892779827,0,0.9996095299720764,0,1,0,-0.9996095299720764,0,-0.02794290892779827],5,0.9852838516235352],[[764.44580078125,229.01490783691407,47.16865539550781,-0.027943123131990434,0,0.9996095299720764,0,1,0,-0.9996095299720764,0,-0.027943123131990434],5,1.0030312538146973],[[764.0458984375,228.46987915039063,47.17982482910156,-0.027943210676312448,0,0.9996095299720764,0,1,0,-0.9996095299720764,0,-0.027943210676312448],5,1.0384182929992676],[[763.712646484375,227.92201232910157,47.18913269042969,-0.027943085879087449,0,0.9996095299720764,0,1,0,-0.9996095299720764,0,-0.027943085879087449],5,1.0462791919708253],[[763.5126953125,227.5524139404297,47.19471740722656,-0.03612577170133591,0,0.9993472695350647,0,1,0,-0.9993472695350647,0,-0.03612577170133591],5,1.073549509048462],[[763.11279296875,226.72125244140626,47.20903778076172,-0.06877914071083069,0,0.9976319074630737,0,1,0,-0.9976319074630737,0,-0.06877914071083069],5,1.0925652980804444],[[762.8468017578125,226.09902954101563,47.227542877197269,-0.12400556355714798,0,0.9922814965248108,0,1,0,-0.9922814965248108,0,-0.12400556355714798],5,1.1008012294769288],[[762.7144165039063,225.76747131347657,47.24302291870117,-0.1689530313014984,0,0.9856240749359131,0,1,0,-0.9856240749359131,0,-0.1689530313014984],5,1.1104388236999512],[[762.5828247070313,225.42230224609376,47.2642707824707,-0.17067143321037293,0,0.9853280186653137,0,1,0,-0.9853280186653137,0,-0.17067143321037293],5,1.116933822631836],[[762.3858032226563,224.8789825439453,47.298423767089847,-0.31739553809165957,0,0.9482932686805725,0,1,0,-0.9482932686805725,0,-0.31739553809165957],5,1.1313297748565674],[[762.1908569335938,224.3050079345703,47.31801223754883,-0.32741957902908327,0,0.9448790550231934,0,1,0,-0.9448790550231934,0,-0.32741957902908327],5,1.1543090343475342],[[761.8715209960938,223.2802734375,47.30133056640625,-0.4038192927837372,0,0.9148387908935547,0,1,0,-0.9148387908935547,0,-0.4038192927837372],5,1.1705453395843506],[[761.6773681640625,222.6245574951172,47.26105880737305,-0.5986078977584839,0,0.8010421991348267,0,1,0,-0.8010421991348267,0,-0.5986078977584839],7,1.1773178577423096],[[761.5455932617188,222.45518493652345,47.24219512939453,-0.6531949043273926,0,0.7571898102760315,0,1,0,-0.7571898102760315,0,-0.6531949043273926],7,1.1869299411773682],[[761.2134399414063,222.5040283203125,47.216209411621097,-0.71526038646698,0,0.6988580226898193,0,1,0,-0.6988580226898193,0,-0.71526038646698],7,1.2037665843963624],[[761.0802001953125,222.54782104492188,47.215030670166019,-0.73886638879776,0,0.6738519668579102,0,1,0,-0.6738519668579102,0,-0.73886638879776],7,1.2244651317596436],[[760.8138427734375,222.61361694335938,47.22554016113281,-0.7753799557685852,0,0.6314949989318848,0,1,0,-0.6314949989318848,0,-0.7753799557685852],8,1.2315893173217774],[[760.6382446289063,222.6446075439453,47.16121292114258,-0.8022205233573914,0,0.5970278382301331,0,1,0,-0.5970278382301331,0,-0.8022205233573914],8,1.2449731826782227],[[760.4237060546875,222.66957092285157,47.005611419677737,-0.813545823097229,0,0.5815008282661438,0,1,0,-0.5815008282661438,0,-0.813545823097229],8,1.2681832313537598],[[760.2072143554688,222.68325805664063,46.85000991821289,-0.8352864384651184,0,0.5498150587081909,0,1,0,-0.5498150587081909,0,-0.8352864384651184],8,1.2741053104400635],[[760.0966186523438,222.68756103515626,46.775604248046878,-0.8400585055351257,0,0.5424957871437073,0,1,0,-0.5424957871437073,0,-0.8400585055351257],8,1.2861995697021485],[[759.928955078125,222.69200134277345,46.666656494140628,-0.8438270092010498,0,0.536615252494812,0,1,0,-0.536615252494812,0,-0.8438270092010498],8,1.2972440719604493],[[759.7603759765625,222.69480895996095,46.559085845947269,-0.8503251671791077,0,0.5262576937675476,0,1,0,-0.5262576937675476,0,-0.8503251671791077],8,1.309967279434204],[[759.590576171875,222.69659423828126,46.45343017578125,-0.8539791107177734,0,0.5203073024749756,0,1,0,-0.5203073024749756,0,-0.8539791107177734],8,1.3221843242645264],[[759.419921875,222.69773864746095,46.34912109375,-0.863818347454071,0,0.5038033723831177,0,1,0,-0.5038033723831177,0,-0.863818347454071],8,1.3342854976654053],[[759.24755859375,222.69845581054688,46.24772262573242,-0.8699131011962891,0,0.4932050406932831,0,1,0,-0.4932050406932831,0,-0.8699131011962891],8,1.34602689743042],[[759.1318359375,222.6987762451172,46.18156433105469,-0.8841702938079834,0,0.4671647846698761,0,1,0,-0.4671647846698761,0,-0.8841702938079834],8,1.357668399810791],[[758.8966674804688,222.6991729736328,46.05590057373047,-0.8921959400177002,0,0.4516485333442688,0,1,0,-0.4516485333442688,0,-0.8921959400177002],8,1.3707973957061768],[[758.7780151367188,222.69931030273438,45.9951286315918,-0.907425582408905,0,0.42021283507347109,0,1,0,-0.42021283507347109,0,-0.907425582408905],8,1.3818531036376954],[[758.59716796875,222.699462890625,45.90980529785156,-0.9153322577476502,0,0.40269941091537478,0,1,0,-0.40269941091537478,0,-0.9153322577476502],8,1.3930974006652833],[[758.4144897460938,222.69955444335938,45.82853698730469,-0.9288391470909119,0,0.37048330903053286,0,1,0,-0.37048330903053286,0,-0.9288391470909119],8,1.407172679901123],[[758.229248046875,222.69960021972657,45.7531852722168,-0.9357854127883911,0,0.3525700271129608,0,1,0,-0.3525700271129608,0,-0.9357854127883911],8,1.4195566177368165],[[758.0423583984375,222.69964599609376,45.68192672729492,-0.9519042372703552,0,0.30639567971229555,0,1,0,-0.30639567971229555,0,-0.9519042372703552],8,1.430922031402588],[[757.6622314453125,222.69964599609376,45.5574836730957,-0.96884685754776,0,0.24766065180301667,0,1,0,-0.24766065180301667,0,-0.96884685754776],8,1.4573595523834229],[[757.5336303710938,222.69964599609376,45.522438049316409,-0.9855995774269104,0,0.16909602284431458,0,1,0,-0.16909602284431458,0,-0.9855995774269104],8,1.4650981426239014],[[757.3372192382813,222.69964599609376,45.485328674316409,-0.9884024858474731,0,0.15185701847076417,0,1,0,-0.15185701847076417,0,-0.9884024858474731],8,1.4780299663543702],[[757.0737915039063,222.69964599609376,45.44397735595703,-0.9901849627494812,0,0.13976329565048219,0,1,0,-0.13976329565048219,0,-0.9901849627494812],8,1.4914400577545167],[[756.9418334960938,222.69964599609376,45.42491149902344,-0.9915953278541565,0,0.1293780356645584,0,1,0,-0.1293780356645584,0,-0.9915953278541565],8,1.5020170211791993],[[756.8096923828125,222.69964599609376,45.40724182128906,-0.9915956258773804,0,0.1293759047985077,0,1,0,-0.1293759047985077,0,-0.9915956258773804],8,1.511976718902588],[[756.4130859375,222.69964599609376,45.35542297363281,-0.9915947914123535,0,0.12938205897808076,0,1,0,-0.12938205897808076,0,-0.9915947914123535],8,1.5341060161590577],[[756.2147827148438,222.69964599609376,45.32954788208008,-0.9915949106216431,0,0.12938134372234345,0,1,0,-0.12938134372234345,0,-0.9915949106216431],8,1.5455882549285889],[[756.0164794921875,222.69964599609376,45.303672790527347,-0.9924744367599487,0,0.12245223671197891,0,1,0,-0.12245223671197891,0,-0.9924744367599487],8,1.558992862701416],[[755.8179931640625,222.69964599609376,45.27892303466797,-0.9922595620155335,0,0.12418130785226822,0,1,0,-0.12418130785226822,0,-0.9922595620155335],8,1.5720624923706055],[[755.6195068359375,222.69964599609376,45.2541389465332,-0.9915956854820252,0,0.12937520444393159,0,1,0,-0.12937520444393159,0,-0.9915956854820252],8,1.5848429203033448],[[755.2890014648438,222.69964599609376,45.21122741699219,-0.9889274835586548,0,0.14839975535869599,0,1,0,-0.14839975535869599,0,-0.9889274835586548],8,1.606569766998291],[[755.1570434570313,222.69964599609376,45.19209289550781,-0.9847009778022766,0,0.17425276339054109,0,1,0,-0.17425276339054109,0,-0.9847009778022766],8,1.6155939102172852],[[754.894287109375,222.69964599609376,45.14674758911133,-0.9801454544067383,0,0.19827988743782044,0,1,0,-0.19827988743782044,0,-0.9801454544067383],8,1.628227710723877],[[754.7634887695313,222.69964599609376,45.12115478515625,-0.9780133962631226,0,0.20854206383228303,0,1,0,-0.20854206383228303,0,-0.9780133962631226],8,1.6406242847442628],[[754.5678100585938,222.69964599609376,45.07996368408203,-0.9734283089637756,0,0.22899191081523896,0,1,0,-0.22899191081523896,0,-0.9734283089637756],8,1.6568725109100342],[[754.2431640625,222.69964599609376,45.00447463989258,-0.9684138298034668,0,0.24934834241867066,0,1,0,-0.24934834241867066,0,-0.9684138298034668],8,1.6724555492401124],[[754.0492553710938,222.69964599609376,44.95538330078125,-0.9634451270103455,0,0.26790565252304079,0,1,0,-0.26790565252304079,0,-0.9634451270103455],8,1.6969170570373536],[[753.7279663085938,222.69964599609376,44.866859436035159,-0.9600993990898132,0,0.2796590328216553,0,1,0,-0.2796590328216553,0,-0.9600993990898132],8,1.7072527408599854],[[753.5358276367188,222.69964599609376,44.811378479003909,-0.9600993394851685,0,0.2796592712402344,0,1,0,-0.2796592712402344,0,-0.9600993394851685],8,1.7280876636505128],[[753.2797241210938,222.69964599609376,44.7368278503418,-0.9600982666015625,0,0.27966293692588808,0,1,0,-0.27966293692588808,0,-0.9600982666015625],8,1.7360222339630128],[[753.087646484375,222.69964599609376,44.68090057373047,-0.9600962400436401,0,0.27966979146003725,0,1,0,-0.27966979146003725,0,-0.9600962400436401],8,1.7477591037750245],[[752.8955688476563,222.69964599609376,44.62497329711914,-0.9600977301597595,0,0.2796647548675537,0,1,0,-0.2796647548675537,0,-0.9600977301597595],8,1.7688493728637696],[[752.6495361328125,222.71286010742188,44.553306579589847,-0.96009761095047,0,0.2796652019023895,0,1,0,-0.2796652019023895,0,-0.96009761095047],8,1.7765107154846192],[[752.4786376953125,222.74490356445313,44.503536224365237,-0.9600996375083923,0,0.27965810894966128,0,1,0,-0.27965810894966128,0,-0.9600996375083923],8,1.7888290882110596],[[752.3665161132813,222.78269958496095,44.470882415771487,-0.960097074508667,0,0.27966704964637759,0,1,0,-0.27966704964637759,0,-0.960097074508667],8,1.7985711097717286],[[752.1986083984375,222.8552703857422,44.42195510864258,-0.9600990414619446,0,0.279660165309906,0,1,0,-0.279660165309906,0,-0.9600990414619446],8,1.8100814819335938],[[752.0307006835938,222.93756103515626,44.37303161621094,-0.9600967764854431,0,0.2796679437160492,0,1,0,-0.2796679437160492,0,-0.9600967764854431],8,1.8221192359924317],[[751.86279296875,223.02542114257813,44.3241081237793,-0.9600976705551148,0,0.2796649634838104,0,1,0,-0.2796649634838104,0,-0.9600976705551148],8,1.8358771800994874],[[751.6948852539063,223.1166534423828,44.275184631347659,-0.9600964188575745,0,0.27966931462287905,0,1,0,-0.27966931462287905,0,-0.9600964188575745],8,1.8493914604187012],[[751.4710083007813,223.2407684326172,44.20995330810547,-0.9586184024810791,0,0.28469425439834597,0,1,0,-0.28469425439834597,0,-0.9586184024810791],8,1.8650288581848145],[[751.30322265625,223.3358917236328,44.16030502319336,-0.9571118950843811,0,0.2897184491157532,0,1,0,-0.2897184491157532,0,-0.9571118950843811],8,1.8922333717346192],[[750.9681396484375,223.52658081054688,44.05906295776367,-0.9491892457008362,0,0.31470590829849245,0,1,0,-0.31470590829849245,0,-0.9491892457008362],8,1.9033558368682862],[[750.801513671875,223.6210174560547,44.00471878051758,-0.9370115399360657,0,0.3492984175682068,0,1,0,-0.3492984175682068,0,-0.9370115399360657],8,1.9257545471191407],[[750.5264892578125,223.781494140625,43.90359878540039,-0.9167290925979614,0,0.3995094299316406,0,1,0,-0.3995094299316406,0,-0.9167290925979614],8,1.9349398612976075],[[750.3638916015625,223.8794403076172,43.8347282409668,-0.9044662117958069,0,0.4265453517436981,0,1,0,-0.4265453517436981,0,-0.9044662117958069],8,1.9582321643829346],[[750.0963134765625,224.04466247558595,43.70978927612305,-0.8690384030342102,0,0.49474459886550906,0,1,0,-0.49474459886550906,0,-0.8690384030342102],8,1.9672572612762452],[[749.9918823242188,224.123291015625,43.65304183959961,-0.8629282116889954,0,0.5053265690803528,0,1,0,-0.5053265690803528,0,-0.8629282116889954],8,1.987088918685913],[[749.7855834960938,224.2860107421875,43.533180236816409,-0.8629263043403626,0,0.5053298473358154,0,1,0,-0.5053298473358154,0,-0.8629263043403626],8,1.992706060409546],[[749.6310424804688,224.39878845214845,43.4427375793457,-0.8629310727119446,0,0.5053216218948364,0,1,0,-0.5053216218948364,0,-0.8629310727119446],8,2.007284164428711],[[749.4765014648438,224.48756408691407,43.3522834777832,-0.8629303574562073,0,0.5053228735923767,0,1,0,-0.5053228735923767,0,-0.8629303574562073],8,2.025082588195801],[[749.2189331054688,224.6341094970703,43.2015266418457,-0.862926721572876,0,0.5053290724754334,0,1,0,-0.5053290724754334,0,-0.862926721572876],8,2.0395028591156008],[[749.0643920898438,224.72328186035157,43.1110725402832,-0.8629311919212341,0,0.5053214430809021,0,1,0,-0.5053214430809021,0,-0.8629311919212341],8,2.050008535385132],[[748.9613647460938,224.78273010253907,43.0507698059082,-0.8629290461540222,0,0.5053251385688782,0,1,0,-0.5053251385688782,0,-0.8629290461540222],8,2.059931755065918],[[748.7553100585938,224.90162658691407,42.9301643371582,-0.8629273772239685,0,0.5053279995918274,0,1,0,-0.5053279995918274,0,-0.8629273772239685],8,2.07503342628479],[[748.6007690429688,225.5539093017578,42.8397102355957,-0.8593769073486328,0,0.5113427042961121,0,1,0,-0.5113427042961121,0,-0.8593769073486328],3,2.0904674530029299],[[748.3779296875,226.3759307861328,42.707637786865237,-0.8056501150131226,0,0.5923916697502136,0,1,0,-0.5923916697502136,0,-0.8056501150131226],5,2.1131081581115724],[[748.1494750976563,227.14344787597657,42.57035827636719,-0.7899934649467468,0,0.6131152510643005,0,1,0,-0.6131152510643005,0,-0.7899934649467468],5,2.1207337379455568],[[748.0347290039063,227.50677490234376,42.50247573852539,-0.8344016075134277,0,0.5511569380760193,0,1,0,-0.5511569380760193,0,-0.8344016075134277],5,2.132868766784668],[[747.8612060546875,228.02621459960938,42.40302276611328,-0.8264110088348389,0,0.5630673170089722,0,1,0,-0.5630673170089722,0,-0.8264110088348389],5,2.143331289291382],[[747.6859130859375,228.51499938964845,42.30677032470703,-0.8574103116989136,0,0.5146334171295166,0,1,0,-0.5146334171295166,0,-0.8574103116989136],5,2.1576926708221437],[[747.44580078125,229.1190185546875,42.190975189208987,-0.8789841532707214,0,0.4768510162830353,0,1,0,-0.4768510162830353,0,-0.8789841532707214],5,2.172569990158081],[[747.2605590820313,229.53627014160157,42.11602020263672,-0.9123373031616211,0,0.40943944454193118,0,1,0,-0.40943944454193118,0,-0.9123373031616211],5,2.186763286590576],[[747.0082397460938,230.04490661621095,42.029903411865237,-0.9292915463447571,0,0.3693470358848572,0,1,0,-0.3693470358848572,0,-0.9292915463447571],5,2.2005653381347658],[[746.8153686523438,230.390625,41.97745132446289,-0.9594917893409729,0,0.2817365527153015,0,1,0,-0.2817365527153015,0,-0.9594917893409729],5,2.2132058143615724],[[746.619384765625,230.7056884765625,41.93778991699219,-0.966543972492218,0,0.25650089979171755,0,1,0,-0.25650089979171755,0,-0.966543972492218],5,2.227592706680298],[[746.422119140625,230.99009704589845,41.904911041259769,-0.9782922863960266,0,0.20722971856594087,0,1,0,-0.20722971856594087,0,-0.9782922863960266],5,2.240936756134033],[[746.2235717773438,231.24383544921876,41.88123321533203,-0.9840126633644104,0,0.1780986189842224,0,1,0,-0.1780986189842224,0,-0.9840126633644104],5,2.2522287368774416],[[746.0907592773438,231.39598083496095,41.86958694458008,-0.997382640838623,0,0.07230362296104431,0,1,0,-0.07230362296104431,0,-0.997382640838623],5,2.262699842453003],[[745.8243408203125,231.6593780517578,41.86381149291992,-0.9951214790344238,0,0.0986572876572609,0,1,0,-0.0986572876572609,0,-0.9951214790344238],5,2.275709390640259],[[745.6243896484375,231.82115173339845,41.86909866333008,-0.9997984170913696,0,-0.020079437643289567,0,1,0,0.020079437643289567,0,-0.9997984170913696],5,2.288170337677002],[[745.4254150390625,231.9522705078125,41.88795471191406,-0.9957985281944275,0,-0.09157098829746247,0,1,0,0.09157098829746247,0,-0.9957985281944275],5,2.3031184673309328],[[745.2284545898438,232.05274963378907,41.921905517578128,-0.9928504228591919,0,-0.11936527490615845,0,1,0,0.11936527490615845,0,-0.9928504228591919],5,2.3139865398406984],[[744.9679565429688,232.13902282714845,41.97869873046875,-0.99178546667099,0,-0.12791229784488679,0,1,0,0.12791229784488679,0,-0.99178546667099],5,2.330493211746216],[[744.7743530273438,232.16795349121095,42.028839111328128,-0.9824210405349731,0,-0.18667863309383393,0,1,0,0.18667863309383393,0,-0.9824210405349731],5,2.356032133102417],[[744.4544067382813,232.14805603027345,42.122344970703128,-0.9872939586639404,0,-0.15890450775623322,0,1,0,0.15890450775623322,0,-0.9872939586639404],5,2.3626790046691896],[[744.3277587890625,232.1162567138672,42.16379928588867,-0.9623563289642334,0,-0.27179092168807986,0,1,0,0.27179092168807986,0,-0.9623563289642334],5,2.373943567276001],[[744.1390991210938,232.0430145263672,42.23009490966797,-0.9674320220947266,0,-0.2531310021877289,0,1,0,0.2531310021877289,0,-0.9674320220947266],5,2.386892318725586],[[743.951416015625,231.93910217285157,42.29924011230469,-0.9633350968360901,0,-0.2683011293411255,0,1,0,0.2683011293411255,0,-0.9633350968360901],5,2.3976986408233644],[[743.7648315429688,231.80453491210938,42.37126922607422,-0.9549462199211121,0,-0.2967788577079773,0,1,0,0.2967788577079773,0,-0.9549462199211121],5,2.4095816612243654],[[743.6417236328125,231.6977996826172,42.42237091064453,-0.9343639612197876,0,-0.3563201427459717,0,1,0,0.3563201427459717,0,-0.9343639612197876],5,2.421020030975342],[[743.4595336914063,231.51214599609376,42.50474166870117,-0.941079318523407,0,-0.3381859064102173,0,1,0,0.3381859064102173,0,-0.941079318523407],5,2.4332046508789064],[[743.2185668945313,231.2169189453125,42.61895751953125,-0.941123366355896,0,-0.3380633592605591,0,1,0,0.3380633592605591,0,-0.941123366355896],5,2.445521354675293],[[743.0996704101563,231.0488739013672,42.67927169799805,-0.9086687564849854,0,-0.4175178110599518,0,1,0,0.4175178110599518,0,-0.9086687564849854],5,2.457916498184204],[[742.8062744140625,230.56912231445313,42.837459564208987,-0.926176905632019,0,-0.37708932161331179,0,1,0,0.37708932161331179,0,-0.926176905632019],5,2.4741439819335939],[[742.6918334960938,230.35337829589845,42.905853271484378,-0.8730853199958801,0,-0.4875674843788147,0,1,0,0.4875674843788147,0,-0.8730853199958801],5,2.4864516258239748],[[742.5234375,230.0042266845703,43.0137939453125,-0.861853301525116,0,-0.5071576833724976,0,1,0,0.5071576833724976,0,-0.861853301525116],5,2.500131130218506],[[742.36083984375,229.62442016601563,43.13011932373047,-0.8445526361465454,0,-0.5354725122451782,0,1,0,0.5354725122451782,0,-0.8445526361465454],5,2.5113637447357179],[[742.20263671875,229.2139434814453,43.25243377685547,-0.8263171315193176,0,-0.5632051229476929,0,1,0,0.5632051229476929,0,-0.8263171315193176],5,2.5225908756256105],[[742.048583984375,228.77281188964845,43.379966735839847,-0.7956826090812683,0,-0.6057137846946716,0,1,0,0.6057137846946716,0,-0.7956826090812683],5,2.5349717140197756],[[741.775390625,228.77940368652345,43.6318359375,-0.7510660886764526,0,-0.6602270007133484,0,1,0,0.6602270007133484,0,-0.7510660886764526],7,2.560279130935669],[[741.6859741210938,228.8148651123047,43.71614456176758,-0.7416592240333557,0,-0.6707768440246582,0,1,0,0.6707768440246582,0,-0.7416592240333557],7,2.5696752071380617],[[741.550048828125,228.8545684814453,43.84003829956055,-0.8016647696495056,0,-0.5977738499641419,0,1,0,0.5977738499641419,0,-0.8016647696495056],7,2.5817689895629885],[[741.40625,228.92327880859376,43.95134353637695,-0.842451810836792,0,-0.5387716889381409,0,1,0,0.5387716889381409,0,-0.842451810836792],8,2.594153881072998],[[741.2559204101563,229.01275634765626,44.05058288574219,-0.9307246208190918,0,-0.36572080850601199,0,1,0,0.36572080850601199,0,-0.9307246208190918],8,2.607651472091675],[[741.0946655273438,229.11572265625,44.12209701538086,-0.9930148720741272,0,-0.11798904091119766,0,1,0,0.11798904091119766,0,-0.9930148720741272],8,2.619750499725342],[[740.9815063476563,229.1893310546875,44.1446647644043,-0.9998279213905335,0,0.018549276515841485,0,1,0,-0.018549276515841485,0,-0.9998279213905335],8,2.6292271614074709],[[740.7510375976563,229.34535217285157,44.147769927978519,-0.9860098958015442,0,0.16668693721294404,0,1,0,-0.16668693721294404,0,-0.9860098958015442],8,2.6416492462158205],[[740.6957397460938,229.39990234375,44.15256118774414,-0.9086331129074097,0.04821556806564331,0.4148024916648865,0.05140598490834236,0.9986717700958252,-0.003477193647995591,-0.4144192039966583,0.018163837492465974,-0.9099048376083374],8,2.6560120582580568],[[740.5790405273438,229.50686645507813,44.108375549316409,-0.7660790681838989,0.03645359352231026,0.6417117714881897,0.04069308936595917,0.9991382360458374,-0.008178209885954857,-0.6414569020271301,0.01984807848930359,-0.7669022679328919],8,2.668118953704834],[[740.4368896484375,229.62692260742188,44.00132369995117,-0.6978867053985596,0.011248723603785038,0.7161198258399963,0.012873344123363495,0.9999121427536011,-0.0031609225552529098,-0.7160924673080444,0.00701289065182209,-0.6979702115058899],8,2.6798479557037355],[[740.3495483398438,229.7027130126953,43.91705322265625,-0.6997843384742737,0.002057207515463233,0.7143511772155762,0.0020729987882077696,0.9999974966049194,-0.0008490924956277013,-0.7143511176109314,0.0008866674616001546,-0.6997868418693543],8,2.6887524127960207],[[740.233642578125,229.77537536621095,43.78171157836914,-0.5562852025032044,0.008367733098566533,0.8309493064880371,-0.000008258513844339177,0.9999492168426514,-0.010075106285512448,-0.8309914469718933,-0.0056114946492016319,-0.556256890296936],8,2.70276141166687],[[740.1640625,229.81329345703126,43.679840087890628,-0.5596638321876526,0.01698184199631214,0.8285457491874695,0.0024912403896450998,0.9998199939727783,-0.018809495493769647,-0.828715980052948,-0.00846288725733757,-0.5596053600311279],8,2.712728261947632],[[740.066650390625,229.85369873046876,43.5205192565918,-0.5338116884231567,0.024891773238778116,0.8452368974685669,0.006162067409604788,0.9996545910835266,-0.02554762177169323,-0.8455809354782105,-0.008429212495684624,-0.5337807536125183],8,2.7248992919921877],[[739.9749755859375,229.89891052246095,43.3563232421875,-0.5420454144477844,0.027180813252925874,0.8399094939231873,0.008511427789926529,0.9996030926704407,-0.02685580402612686,-0.8403061032295227,-0.0074082366190850739,-0.5420616269111633],8,2.7378907203674318],[[739.8817749023438,229.95318603515626,43.19196701049805,-0.5752582550048828,0.02458801679313183,0.8176022171974182,0.008905995637178421,0.9996771216392517,-0.023797428235411645,-0.817923367023468,-0.0064081051386892799,-0.5752914547920227],8,2.748779773712158],[[739.7840576171875,230.00942993164063,43.02879333496094,-0.5968401432037354,0.016621112823486329,0.802187979221344,0.006553457584232092,0.9998530745506287,-0.0158408060669899,-0.802333414554596,-0.004197324626147747,-0.5968613624572754],8,2.7614662647247316],[[739.6834716796875,230.0673065185547,42.86661148071289,-0.6604841351509094,0.008016347885131836,0.7507971525192261,0.003371252678334713,0.9999645948410034,-0.00771101051941514,-0.7508323788642883,-0.002561873057857156,-0.6604877710342407],8,2.773916244506836],[[739.5477294921875,230.95062255859376,42.650901794433597,-0.7473041415214539,-0.004662105813622475,0.6644657850265503,-0.0030162783805280926,0.9999889135360718,0.00362392864190042,-0.6644752621650696,0.000703963334672153,-0.7473099231719971],3,2.7926199436187746],[[739.3939208984375,231.79989624023438,42.446685791015628,-0.7797727584838867,-0.005144383292645216,0.6260414719581604,-0.002974467584863305,0.99998539686203,0.004512319806963205,-0.6260555386543274,0.0016564441611990333,-0.7797766923904419],5,2.8155272006988527],[[739.2096557617188,232.59466552734376,42.26594543457031,-0.8452461957931519,-0.0015937064308673144,0.5343747138977051,-0.0006650926661677659,0.9999979138374329,0.0019303609151393176,-0.5343766808509827,0.0012762214755639434,-0.8452454805374146],5,2.8233163356781008],[[739.0535278320313,233.1549835205078,42.149566650390628,-0.924298107624054,-0.00012661424989346415,0.381671279668808,0.000159545466885902,0.9999997019767761,0.0007181096007116139,-0.3816712498664856,0.0007246412569656968,-0.9242978692054749],5,2.835527181625366],[[738.8851318359375,233.6846466064453,42.05204391479492,-0.9474461674690247,0.00024573184782639146,0.31991520524024966,0.00030402783886529505,0.9999999403953552,0.00013227929593995214,-0.31991517543792727,0.00022259065008256584,-0.9474461674690247],5,2.847296953201294],[[738.7064208984375,234.18365478515626,41.97441101074219,-0.9474198818206787,0.0002047273301286623,0.3199929893016815,0.00019518865155987442,1,-0.00006188171391841024,-0.3199930191040039,0.000003831035883195,-0.9474198818206787],5,2.8591232299804689],[[738.581787109375,234.49928283691407,41.9338264465332,-0.9928697347640991,0.00012796252849511802,0.11920452862977982,0.00011804746463894844,1,-0.00009023794700624421,-0.11920453608036041,-0.00007552273018518463,-0.9928697347640991],5,2.870690107345581],[[738.324462890625,235.08969116210938,41.88129425048828,-0.9906013011932373,0.00002620959457999561,0.13678105175495149,0.00001906434954435099,1,-0.00005354853783501312,-0.13678105175495149,-0.00005043760756962001,-0.9906013011932373],5,2.882983446121216],[[738.1265869140625,235.49673461914063,41.867469787597659,-0.9999906420707703,-0.000007200958862085827,0.004326071590185165,-0.000007303172878891928,1,-0.000023611624783370645,-0.004326071124523878,-0.000023642998712603004,-0.9999906420707703],5,2.8952853679656984],[[737.9275512695313,235.87310791015626,41.87563705444336,-0.9947789311408997,-0.000011808238923549652,-0.10205329209566117,-0.000011211310265935026,1,-0.000006422759270208189,0.10205329209566117,-0.000005245074135018513,-0.9947789311408997],5,2.9094078540802],[[737.7302856445313,236.2188262939453,41.90518569946289,-0.9883352518081665,-0.0000070741712079325229,-0.15229372680187226,-0.00000724642177374335,1,5.760132353316294e-7,0.15229372680187226,0.0000016728788523323602,-0.9883352518081665],5,2.922332763671875],[[737.4713745117188,236.63211059570313,41.96853256225586,-0.9772103428840637,-0.0000016651623582220055,-0.21227334439754487,-0.000002130726670657168,1,0.0000019644755866465859,0.21227334439754487,0.000002372002199990675,-0.9772103428840637],5,2.9376280307769777],[[737.2815551757813,236.90631103515626,42.03090286254883,-0.9434058666229248,1.5199883307559504e-7,-0.33164042234420779,-2.9087371444802559e-7,1,0.0000012857625506512705,0.33164042234420779,0.0000013094613677822054,-0.9434058666229248],5,2.9502193927764894],[[737.0980834960938,237.14984130859376,42.10982131958008,-0.9286796450614929,4.7401840674865527e-7,-0.37088286876678469,2.902535243265447e-7,1,5.512949314834259e-7,0.37088286876678469,4.0432635728393509e-7,-0.9286796450614929],5,2.9617507457733156],[[736.9198608398438,237.3627166748047,42.20041275024414,-0.8943566679954529,3.4145628546866649e-7,-0.44735458493232729,3.1499035912929687e-7,1,1.3354632244499954e-7,0.44735458493232729,-2.1474347633443359e-8,-0.8943566679954529],5,2.9745967388153078],[[736.7483520507813,237.54493713378907,42.30296325683594,-0.8756689429283142,1.4647997659267276e-7,-0.4829118847846985,1.8242351984554262e-7,1,-2.746387650631732e-8,0.4829118847846985,-1.1214374495693846e-7,-0.8756689429283142],5,2.9874989986419679],[[736.5827026367188,237.69650268554688,42.4150390625,-0.8321528434753418,-2.4179216406849948e-9,-0.5545463562011719,5.969766192492898e-8,1,-9.394256039740867e-8,0.5545463562011719,-1.1127968946311739e-7,-0.8321528434753418],5,3.003476619720459],[[736.3735961914063,237.8509063720703,42.58021926879883,-0.8273511528968811,-9.744406526124294e-8,-0.5616850256919861,-5.4878512401046467e-8,1,-9.265025369131763e-8,0.5616850256919861,-4.582985724255195e-8,-0.8273511528968811],5,3.016941547393799],[[736.223388671875,237.93093872070313,42.71226119995117,-0.7182742357254028,-1.1559083645806823e-7,-0.6957600712776184,-9.297512804096186e-8,1,-7.015233194351822e-8,0.6957600712776184,1.4299768480441344e-8,-0.7182742357254028],5,3.0303893089294435],[[736.1290893554688,237.96726989746095,42.80610656738281,-0.6587018966674805,-1.2010825400921022e-7,-0.752403974533081,-1.1915780362414807e-7,1,-5.531441615858057e-8,0.752403974533081,5.321909668509761e-8,-0.6587018966674805],5,3.040921688079834],[[735.8713989257813,237.9871063232422,43.16253662109375,-0.6381984949111939,-7.930465528716013e-8,-0.7698718309402466,-1.2331241805441096e-7,1,-7.8825063143384e-10,0.7698718309402466,9.443170512213328e-8,-0.6381984949111939],5,3.0705883502960207],[[735.7767333984375,237.9235076904297,43.38038635253906,-0.48788854479789736,-2.4033056433836465e-8,-0.8729059100151062,-1.087560121959541e-7,1,3.325416031429995e-8,0.8729059100151062,1.1115809428474677e-7,-0.48788854479789736],5,3.0997517108917238],[[735.713623046875,237.76736450195313,43.66142272949219,-0.4335888624191284,2.7588757944840837e-8,-0.901110827922821,-9.281128399152294e-8,1,7.527453504962978e-8,0.901110827922821,1.1627145113379811e-7,-0.4335888624191284],5,3.1078734397888185],[[735.7053833007813,237.6328125,43.83293151855469,-0.3541000187397003,6.391481832679347e-8,-0.9352075457572