[[[776.0277099609375,222.69961547851563,47.142364501953128,0,0,1,0,1,0,-1,0,0],8,0.0049648284912109379],[[776.0277099609375,222.69961547851563,47.142364501953128,0,0,1,0,1,0,-1,0,0],8,0.019035816192626954],[[776.0277099609375,222.69961547851563,47.142364501953128,0,0,1,0,1,0,-1,0,0],8,0.044610023498535159],[[776.0277099609375,222.69961547851563,47.142364501953128,0,0,1,0,1,0,-1,0,0],8,0.05371809005737305],[[776.0277099609375,222.69961547851563,47.142364501953128,0,0,1,0,1,0,-1,0,0],8,0.062114715576171878],[[776.0277099609375,222.69961547851563,47.142364501953128,0,0,1,0,1,0,-1,0,0],8,0.07264232635498047],[[776.0277099609375,222.69961547851563,47.142364501953128,0,0,1,0,1,0,-1,0,0],8,0.08321213722229004],[[776.0277099609375,222.69961547851563,47.142364501953128,0,0,1,0,1,0,-1,0,0],8,0.09493494033813477],[[776.0277099609375,222.69961547851563,47.142364501953128,0,0,1,0,1,0,-1,0,0],8,0.10571146011352539],[[776.0277099609375,222.69961547851563,47.142364501953128,0,0,1,0,1,0,-1,0,0],8,0.11621856689453125],[[776.0277099609375,222.69961547851563,47.142364501953128,0,0,1,0,1,0,-1,0,0],8,0.12681317329406739],[[776.0277099609375,222.69961547851563,47.142364501953128,0,0,1,0,1,0,-1,0,0],8,0.1389007568359375],[[776.0277099609375,222.69961547851563,47.142364501953128,0,0,1,0,1,0,-1,0,0],8,0.15181756019592286],[[776.0277099609375,222.69961547851563,47.142364501953128,0,0,1,0,1,0,-1,0,0],8,0.16261911392211915],[[776.0277099609375,222.69961547851563,47.142364501953128,-0.9761056900024414,0,0.21729624271392823,0,1,0,-0.21729624271392823,0,-0.9761056900024414],8,0.18615293502807618],[[776.0277099609375,222.69961547851563,47.142364501953128,-0.9633353352546692,0,0.26830023527145388,0,1,0,-0.26830023527145388,0,-0.9633353352546692],8,0.21160459518432618],[[776.0277099609375,222.69961547851563,47.142364501953128,-0.9513651728630066,0,0.3080655038356781,0,1,0,-0.3080655038356781,0,-0.9513651728630066],8,0.2258443832397461],[[776.0277099609375,222.69961547851563,47.142364501953128,-0.9492241144180298,0,0.3146006464958191,0,1,0,-0.3146006464958191,0,-0.9492241144180298],8,0.24715423583984376],[[776.0277099609375,222.69961547851563,47.142364501953128,-0.9491993188858032,0,0.3146754503250122,0,1,0,-0.3146754503250122,0,-0.9491993188858032],8,0.2552502155303955],[[776.0277099609375,222.69961547851563,47.142364501953128,-0.949193000793457,0,0.31469446420669558,0,1,0,-0.31469446420669558,0,-0.949193000793457],8,0.26383185386657717],[[775.979736328125,222.69961547851563,47.126468658447269,-0.9491926431655884,0,0.31469568610191347,0,1,0,-0.31469568610191347,0,-0.9491926431655884],8,0.27635669708251955],[[775.6876220703125,222.69961547851563,47.02964782714844,-0.9480878114700317,0,0.3180086314678192,0,1,0,-0.3180086314678192,0,-0.9480878114700317],8,0.30661487579345705],[[775.3085327148438,222.69961547851563,46.90263748168945,-0.9534972906112671,0,0.3014015853404999,0,1,0,-0.3014015853404999,0,-0.9534972906112671],8,0.32329297065734866],[[775.0545043945313,222.69961547851563,46.82161331176758,-0.9576152563095093,0,0.2880502939224243,0,1,0,-0.2880502939224243,0,-0.9576152563095093],8,0.3330190181732178],[[774.927001953125,222.69961547851563,46.78273391723633,-0.9591115713119507,0,0.283028244972229,0,1,0,-0.283028244972229,0,-0.9591115713119507],8,0.3435251712799072],[[774.7991943359375,222.69961547851563,46.74475860595703,-0.9610652327537537,0,0.27632156014442446,0,1,0,-0.27632156014442446,0,-0.9610652327537537],8,0.3532145023345947],[[774.6070556640625,222.69961547851563,46.689205169677737,-0.96483314037323,0,0.26286306977272036,0,1,0,-0.26286306977272036,0,-0.96483314037323],8,0.36545348167419436],[[774.4142456054688,222.69961547851563,46.636104583740237,-0.967091977596283,0,0.2544270157814026,0,1,0,-0.2544270157814026,0,-0.967091977596283],8,0.37670469284057619],[[774.220947265625,222.69961547851563,46.584869384765628,-0.9692770838737488,0,0.24597129225730897,0,1,0,-0.24597129225730897,0,-0.9692770838737488],8,0.3882327079772949],[[774.0271606445313,222.69961547851563,46.535335540771487,-0.9738242030143738,0,0.22730252146720887,0,1,0,-0.22730252146720887,0,-0.9738242030143738],8,0.4021265506744385],[[773.7026977539063,222.69961547851563,46.45880889892578,-0.980143129825592,0,0.19829139113426209,0,1,0,-0.19829139113426209,0,-0.980143129825592],8,0.4207117557525635],[[773.5722045898438,222.69961547851563,46.43136978149414,-0.9818373322486877,0,0.18972477316856385,0,1,0,-0.18972477316856385,0,-0.9818373322486877],8,0.43196749687194826],[[773.3759765625,222.69961547851563,46.3929443359375,-0.9837721586227417,0,0.17942214012145997,0,1,0,-0.17942214012145997,0,-0.9837721586227417],8,0.44350290298461916],[[773.1793212890625,222.69961547851563,46.35663986206055,-0.9867558479309082,0,0.162212535738945,0,1,0,-0.162212535738945,0,-0.9867558479309082],8,0.4557790756225586],[[772.9820556640625,222.69961547851563,46.323524475097659,-0.9878646731376648,0,0.15531690418720246,0,1,0,-0.15531690418720246,0,-0.9878646731376648],8,0.46789121627807619],[[772.7845458984375,222.69961547851563,46.29216003417969,-0.9899386763572693,0,0.14149710536003114,0,1,0,-0.14149710536003114,0,-0.9899386763572693],8,0.47953343391418459],[[772.586669921875,222.69961547851563,46.26332092285156,-0.9911362528800964,0,0.13284924626350404,0,1,0,-0.13284924626350404,0,-0.9911362528800964],8,0.4918844699859619],[[772.3884887695313,222.69961547851563,46.23639678955078,-0.9938974976539612,0,0.11030742526054383,0,1,0,-0.11030742526054383,0,-0.9938974976539612],8,0.5047752857208252],[[772.1898803710938,222.69961547851563,46.213462829589847,-0.9953414797782898,0,0.09641222655773163,0,1,0,-0.09641222655773163,0,-0.9953414797782898],8,0.51741623878479],[[772.0571899414063,222.69961547851563,46.20008850097656,-0.9976468682289124,0,0.06856168061494827,0,1,0,-0.06856168061494827,0,-0.9976468682289124],8,0.5292112827301025],[[771.7911987304688,222.69961547851563,46.180625915527347,-0.9989464282989502,0,0.045891448855400088,0,1,0,-0.045891448855400088,0,-0.9989464282989502],8,0.5423579216003418],[[771.5914306640625,222.69961547851563,46.170570373535159,-0.9993725419044495,0,0.035418566316366199,0,1,0,-0.035418566316366199,0,-0.9993725419044495],8,0.5550718307495117],[[771.3248901367188,222.69961547851563,46.16066360473633,-0.9998387694358826,0,0.01795775257050991,0,1,0,-0.01795775257050991,0,-0.9998387694358826],8,0.5702998638153076],[[771.1915893554688,222.69961547851563,46.15766143798828,-0.999983549118042,0,0.005734727252274752,0,1,0,-0.005734727252274752,0,-0.999983549118042],8,0.5818800926208496],[[770.8583374023438,222.69961547851563,46.15516662597656,-0.9999887347221375,0,-0.0047473604790866379,0,1,0,0.0047473604790866379,0,-0.9999887347221375],8,0.5995516777038574],[[770.6583862304688,222.69961547851563,46.15571594238281,-0.999966025352478,0,-0.008240832015872002,0,1,0,0.008240832015872002,0,-0.999966025352478],8,0.612205982208252],[[770.4584350585938,223.35189819335938,46.156551361083987,-0.9999311566352844,0,-0.011733011342585087,0,1,0,0.011733011342585087,0,-0.9999311566352844],3,0.6284878253936768],[[770.1918334960938,224.17391967773438,46.159385681152347,-0.9967762231826782,0,0.08023170381784439,0,1,0,-0.08023170381784439,0,-0.9967762231826782],5,0.6530981063842773],[[769.8585815429688,225.1248016357422,46.163291931152347,-0.9887974858283997,0,0.14926326274871827,0,1,0,-0.14926326274871827,0,-0.9887974858283997],5,0.6623866558074951],[[769.7252807617188,225.4813232421875,46.16485595703125,-0.9985063672065735,0,0.05463595315814018,0,1,0,-0.05463595315814018,0,-0.9985063672065735],5,0.6738970279693604],[[769.5253295898438,225.99053955078126,46.16720199584961,-0.9961196184158325,0,0.08800948411226273,0,1,0,-0.08800948411226273,0,-0.9961196184158325],5,0.6851308345794678],[[769.3253784179688,226.46910095214845,46.16954803466797,-0.9962645769119263,0,0.08635304123163223,0,1,0,-0.08635304123163223,0,-0.9962645769119263],5,0.6967735290527344],[[769.0587768554688,227.0594940185547,46.173072814941409,-0.9930406212806702,0,0.11777212470769882,0,1,0,-0.11777212470769882,0,-0.9930406212806702],5,0.7140069007873535],[[768.8588256835938,227.46652221679688,46.176048278808597,-0.9964125156402588,0,0.08462914824485779,0,1,0,-0.08462914824485779,0,-0.9964125156402588],5,0.7253541946411133],[[768.5922241210938,227.9615478515625,46.18010330200195,-0.9930409789085388,0,0.11776941269636154,0,1,0,-0.11776941269636154,0,-0.9930409789085388],5,0.74495530128479],[[768.3256225585938,228.40206909179688,46.18416213989258,-0.9930405020713806,0,0.11777336895465851,0,1,0,-0.11777336895465851,0,-0.9930405020713806],5,0.7598907947540283],[[768.0590209960938,228.7880859375,46.1882209777832,-0.9930403232574463,0,0.11777497082948685,0,1,0,-0.11777497082948685,0,-0.9930403232574463],5,0.7761390209197998],[[767.8590698242188,229.0418243408203,46.19126510620117,-0.9964125752449036,0,0.08462867140769959,0,1,0,-0.08462867140769959,0,-0.9964125752449036],5,0.7899367809295654],[[767.6591186523438,229.26492309570313,46.19430923461914,-0.9964127540588379,0,0.08462635427713394,0,1,0,-0.08462635427713394,0,-0.9964127540588379],5,0.801532506942749],[[767.4591674804688,229.45736694335938,46.19735336303711,-0.9964129328727722,0,0.0846240296959877,0,1,0,-0.0846240296959877,0,-0.9964129328727722],5,0.8116474151611328],[[767.3258666992188,229.56861877441407,46.19938278198242,-0.9987672567367554,0,0.0496378131210804,0,1,0,-0.0496378131210804,0,-0.9987672567367554],5,0.823427677154541],[[767.1259155273438,229.7099609375,46.20270919799805,-0.9965592622756958,0,0.08288302272558212,0,1,0,-0.08288302272558212,0,-0.9965592622756958],5,0.8358485698699951],[[766.9259643554688,229.82064819335938,46.20609664916992,-0.9967026114463806,0,0.08114135265350342,0,1,0,-0.08114135265350342,0,-0.9967026114463806],5,0.8477842807769775],[[766.7260131835938,229.9006805419922,46.209774017333987,-0.9967026114463806,0,0.0811409279704094,0,1,0,-0.0811409279704094,0,-0.9967026114463806],5,0.8590257167816162],[[766.5260620117188,229.95005798339845,46.21351623535156,-0.9967023134231567,0,0.0811447873711586,0,1,0,-0.0811447873711586,0,-0.9967023134231567],5,0.8740205764770508],[[766.2594604492188,229.96820068359376,46.218505859375,-0.9934462904930115,0,0.11430004239082337,0,1,0,-0.11430004239082337,0,-0.9934462904930115],5,0.8995153903961182],[[765.9262084960938,229.91424560546876,46.2247428894043,-0.9890870451927185,0,0.1473323404788971,0,1,0,-0.1473323404788971,0,-0.9890870451927185],5,0.9079549312591553],[[765.6596069335938,229.8097686767578,46.229732513427737,-0.9934461712837219,0,0.11430098116397858,0,1,0,-0.11430098116397858,0,-0.9934461712837219],5,0.9285848140716553],[[765.4596557617188,229.69564819335938,46.23347473144531,-0.996559202671051,0,0.08288433402776718,0,1,0,-0.08288433402776718,0,-0.996559202671051],5,0.9399240016937256],[[765.2597045898438,229.5508575439453,46.236934661865237,-0.9959558248519898,0,0.08984442055225373,0,1,0,-0.08984442055225373,0,-0.9959558248519898],5,0.9516124725341797],[[765.1264038085938,229.43731689453126,46.23851013183594,-0.998085081577301,0,0.06185617670416832,0,1,0,-0.06185617670416832,0,-0.998085081577301],5,0.9616289138793945],[[764.9264526367188,229.24143981933595,46.23969650268555,-0.994234025478363,0,0.10723218321800232,0,1,0,-0.10723218321800232,0,-0.994234025478363],5,0.9731900691986084],[[764.7265014648438,229.01490783691407,46.23867416381836,-0.9932593107223511,0,0.11591361463069916,0,1,0,-0.11591361463069916,0,-0.9932593107223511],5,0.9846634864807129],[[764.5265502929688,228.75772094726563,46.23578643798828,-0.9917676448822022,0,0.12805058062076569,0,1,0,-0.12805058062076569,0,-0.9917676448822022],5,0.998361349105835],[[764.3265991210938,228.46987915039063,46.2305793762207,-0.9956077933311462,0,0.09362190961837769,0,1,0,-0.09362190961837769,0,-0.9956077933311462],7,1.0089046955108643],[[764.1268310546875,228.1513671875,46.22038650512695,-0.9965562224388123,0,0.08292008936405182,0,1,0,-0.08292008936405182,0,-0.9965562224388123],7,1.0207080841064454],[[763.9273681640625,227.80221557617188,46.20606231689453,-0.9925075173377991,0,0.12218374758958817,0,1,0,-0.12218374758958817,0,-0.9925075173377991],7,1.033841609954834],[[763.7286376953125,227.58229064941407,46.18367004394531,-0.9849502444267273,0,0.17283828556537629,0,1,0,-0.17283828556537629,0,-0.9849502444267273],8,1.0490028858184815],[[763.4656982421875,227.5896453857422,46.1397819519043,-0.9717850685119629,0,0.23586811125278474,0,1,0,-0.23586811125278474,0,-0.9717850685119629],8,1.0647308826446534],[[763.2708129882813,227.62269592285157,46.09505844116211,-0.9624964594841003,0,0.2712942063808441,0,1,0,-0.2712942063808441,0,-0.9624964594841003],8,1.0765163898468018],[[763.0779418945313,227.6490478515625,46.042274475097659,-0.9394257068634033,0,0.3427525460720062,0,1,0,-0.3427525460720062,0,-0.9394257068634033],8,1.0887587070465088],[[762.88916015625,227.66712951660157,45.97651290893555,-0.9081567525863648,0,0.4186302125453949,0,1,0,-0.4186302125453949,0,-0.9081567525863648],8,1.1026215553283692],[[762.706298828125,227.67892456054688,45.895809173583987,-0.8890178203582764,0,0.457872599363327,0,1,0,-0.457872599363327,0,-0.8890178203582764],8,1.1159203052520753],[[762.4684448242188,227.68832397460938,45.775413513183597,-0.8419420719146729,0,0.5395679473876953,0,1,0,-0.5395679473876953,0,-0.8419420719146729],8,1.1283211708068848],[[762.2982788085938,227.69247436523438,45.670623779296878,-0.78522127866745,0,0.6192152500152588,0,1,0,-0.6192152500152588,0,-0.78522127866745],8,1.1440017223358155],[[762.0865478515625,227.69573974609376,45.508792877197269,-0.7551536560058594,0,0.6555477976799011,0,1,0,-0.6555477976799011,0,-0.7551536560058594],8,1.1583192348480225],[[761.8838500976563,227.69752502441407,45.33546829223633,-0.6585226058959961,0,0.7525609135627747,0,1,0,-0.7525609135627747,0,-0.6585226058959961],8,1.1749064922332764],[[761.7477416992188,227.6983184814453,45.18930435180664,-0.6307669281959534,0,0.7759723663330078,0,1,0,-0.7759723663330078,0,-0.6307669281959534],8,1.1865108013153077],[[761.6622314453125,227.69866943359376,45.08708953857422,-0.573678731918335,0,0.8190804123878479,0,1,0,-0.8190804123878479,0,-0.573678731918335],8,1.1988096237182618],[[761.5449829101563,227.69903564453126,44.9251594543457,-0.5463600158691406,0,0.8375504612922669,0,1,0,-0.8375504612922669,0,-0.5463600158691406],8,1.209510087966919],[[761.4344482421875,227.6992645263672,44.75846862792969,-0.49275168776512148,0,0.870169997215271,0,1,0,-0.870169997215271,0,-0.49275168776512148],8,1.2215445041656495],[[761.3338012695313,227.6994171142578,44.585716247558597,-0.46672168374061587,0,0.8844042420387268,0,1,0,-0.8844042420387268,0,-0.46672168374061587],8,1.235091209411621],[[761.2393798828125,227.6995086669922,44.40944290161133,-0.4134092330932617,0,0.9105453491210938,0,1,0,-0.9105453491210938,0,-0.4134092330932617],8,1.246065616607666],[[761.1546020507813,227.69955444335938,44.228355407714847,-0.3894125521183014,0,0.9210634231567383,0,1,0,-0.9210634231567383,0,-0.3894125521183014],8,1.2571654319763184],[[761.101806640625,227.6995849609375,44.105960845947269,-0.3521037995815277,0,0.9359609484672546,0,1,0,-0.9359609484672546,0,-0.3521037995815277],8,1.2697033882141114],[[761.0298461914063,227.69960021972657,43.91939926147461,-0.3422757387161255,0,0.9395995736122131,0,1,0,-0.9395995736122131,0,-0.3422757387161255],8,1.2816882133483887],[[760.9152221679688,227.69960021972657,43.60637664794922,-0.3389929234981537,0,0.9407889246940613,0,1,0,-0.9407889246940613,0,-0.3389929234981537],8,1.3028650283813477],[[760.834716796875,227.6995849609375,43.358036041259769,-0.3480517566204071,0.010349631309509278,0.9374181628227234,0.004746868275105953,0.9999457001686096,-0.009277516975998879,-0.9374632835388184,0.0012207444524392486,-0.3480819761753082],8,1.3198473453521729],[[760.748046875,227.6996612548828,43.10711669921875,-0.3866863548755646,0.013966220431029797,0.9221055507659912,0.006229008547961712,0.999902069568634,-0.01253238320350647,-0.922190248966217,0.0008977013640105724,-0.3867354989051819],8,1.3350653648376465],[[760.694091796875,227.6656494140625,42.838138580322269,-0.4592251181602478,0.0048270272091031078,0.8883067965507507,0.0012690211879089475,0.999987781047821,-0.004777856171131134,-0.8883190155029297,-0.0010668312897905708,-0.4592256247997284],8,1.3506574630737305],[[760.6775512695313,227.62818908691407,42.694339752197269,-0.5542693734169006,0.0030526898335665466,0.8323317766189575,-0.0001547775900689885,0.9999929070472717,-0.0037706797011196615,-0.8323373198509216,-0.002218798501417041,-0.5542649626731873],8,1.3603918552398682],[[760.6315307617188,228.28045654296876,42.48708724975586,-0.6584323644638062,-0.0008104608277790248,0.7526394724845886,-0.002520232228562236,0.9999961853027344,-0.0011279566679149867,-0.752635657787323,-0.002639509504660964,-0.658431887626648],3,1.37416672706604],[[760.5185546875,229.10247802734376,42.250186920166019,-0.6422425508499146,-0.0021956039126962425,0.766498327255249,-0.0020521143451333048,0.9999972581863403,0.0011450028978288174,-0.7664987444877625,-0.0008375727338716388,-0.6422452330589294],5,1.398735761642456],[[760.3726806640625,229.8699951171875,42.03410720825195,-0.7613393664360046,-0.0010134216863662005,0.6483528017997742,-0.0006134298746474087,0.999999463558197,0.00084274000255391,-0.6483532786369324,0.00024389215104747564,-0.761339545249939],5,1.4072084426879883],[[760.2431030273438,230.4098663330078,41.88842010498047,-0.8146234750747681,-0.0002909127506427467,0.5799900889396668,-0.00006287085125222802,0.9999999403953552,0.0004132771282456815,-0.5799901485443115,0.0003002008015755564,-0.8146234154701233],5,1.4189457893371583],[[760.0460815429688,231.08200073242188,41.719181060791019,-0.8473401665687561,0.00005178799983696081,0.531050443649292,0.0001128798903664574,1,0.00008259039896074682,-0.531050443649292,0.00012992708070669323,-0.8473401665687561],5,1.435183048248291],[[759.8817749023438,231.5503387451172,41.61240768432617,-0.8990252017974854,0.00007991655002115294,0.43789684772491457,0.00008578451524954289,1,-0.000006380733793776017,-0.43789684772491457,0.00003182833097525872,-0.8990252017974854],5,1.4459292888641358],[[759.7054443359375,231.98802185058595,41.524417877197269,-0.9137670993804932,0.000046905875933589417,0.4062384068965912,0.00004020031337859109,1,-0.000025039855245267974,-0.4062384068965912,-0.000006549686531798216,-0.9137670993804932],5,1.4593768119812012],[[759.5189819335938,232.39505004882813,41.4550666809082,-0.9398965239524841,0.00001687057374510914,0.34145933389663699,0.000011011393326043617,1,-0.000019097449694527314,-0.34145933389663699,-0.000014189683497534134,-0.9398965239524841],5,1.4718797206878663],[[759.3264770507813,232.77142333984376,41.40159225463867,-0.9517858028411865,0.0000018254135056849919,0.3067634105682373,-0.0000010768737865873846,1,-0.000009291742571804207,-0.3067634105682373,-0.000009174093975161668,-0.9517858028411865],5,1.4848475456237794],[[759.13134765625,233.11712646484376,41.35796356201172,-0.9733353853225708,-0.0000029060215638310184,0.22938664257526399,-0.000003683054274006281,1,-0.000002959307266792166,-0.22938664257526399,-0.0000037252418678690448,-0.9733353853225708],5,1.496856927871704],[[758.933837890625,233.43218994140626,41.32722854614258,-0.9824216365814209,-0.0000026180493932770334,0.18667535483837129,-0.0000026873753995459994,1,-1.1831439650222819e-7,-0.18667535483837129,-6.179013780638343e-7,-0.9824216365814209],5,1.5088841915130616],[[758.8012084960938,233.6251983642578,41.31382369995117,-0.9973823428153992,-0.000001759616225172067,0.07230795919895172,-0.0000017239830185644678,1,5.552086577154114e-7,-0.07230795919895172,4.290976107768074e-7,-0.9973823428153992],5,1.5198702812194825],[[758.6015014648438,233.88916015625,41.30744171142578,-0.9977391362190247,-6.543155564031622e-7,0.06720545142889023,-6.1345218682618e-7,1,6.286742291194969e-7,-0.06720545142889023,5.860255782863533e-7,-0.9977391362190247],5,1.5320663452148438],[[758.4015502929688,234.12246704101563,41.31224822998047,-0.9999905228614807,-6.639439220634813e-8,-0.0043585095554590229,-6.805411345567336e-8,1,3.80651897557982e-7,0.0043585095554590229,3.8094489696050007e-7,-0.9999905228614807],5,1.5427203178405762],[[758.202392578125,234.3251190185547,41.32936096191406,-0.9992953538894653,1.0070264266914819e-7,-0.03753364458680153,9.506869957931485e-8,1,1.518885994755692e-7,0.03753364458680153,1.4821328875314067e-7,-0.9992953538894653],5,1.5548248291015626],[[758.0040893554688,234.4971160888672,41.35533142089844,-0.9949615001678467,1.131176574631354e-7,-0.1002574935555458,1.1249289855186362e-7,1,1.1884903727832352e-8,0.1002574935555458,5.467658548141685e-10,-0.9949615001678467],5,1.5669846534729005],[[757.8076782226563,234.63845825195313,41.39238357543945,-0.9913188219070435,7.705050109052536e-8,-0.13148003816604615,8.626372505204927e-8,1,-6.437750954546573e-8,0.13148003816604615,-7.516059241652329e-8,-0.9913188219070435],5,1.5790493488311768],[[757.61279296875,234.7491455078125,41.4370231628418,-0.9804143309593201,2.7734717633620677e-8,-0.19694606959819795,5.3389122456337648e-8,1,-1.2495168277837366e-7,0.19694606959819795,-1.3301919921104855e-7,-0.9804143309593201],5,1.5922935009002686],[[757.4208374023438,234.82916259765626,41.492759704589847,-0.9647336006164551,-1.5894354277179447e-8,-0.263228178024292,1.8649835453743436e-8,1,-1.2873422861048312e-7,0.263228178024292,-1.2910339819427464e-7,-0.9647336006164551],5,1.6056358814239503],[[757.1707153320313,234.88818359375,41.58478927612305,-0.9647676348686218,-6.123922702272466e-8,-0.26310351490974429,-2.7601965157941778e-8,1,-1.315442261784483e-7,0.26310351490974429,-1.1964742441250565e-7,-0.9647676348686218],5,1.6217830181121827],[[756.5560913085938,234.7972869873047,41.84279251098633,-0.9925387501716614,-1.259797244301808e-7,-0.12192981690168381,-1.1492099361021246e-7,1,-9.772993081469395e-8,0.12192981690168381,-8.29884427844263e-8,-0.9925387501716614],5,1.6674222946166993],[[756.3285522460938,234.66554260253907,41.963443756103519,-0.9080095887184143,-1.284921893329738e-7,-0.4189493954181671,-1.2168517571353733e-7,1,-4.2966711077951916e-8,0.4189493954181671,1.1965750168485556e-8,-0.9080095887184143],5,1.6865379810333253],[[756.1310424804688,234.47930908203126,42.110084533691409,-0.8925387263298035,-1.0988047449700389e-7,-0.4509707987308502,-1.2833713469717623e-7,1,1.0345214462859076e-8,0.4509707987308502,6.710980215984819e-8,-0.8925387263298035],5,1.7013022899627686],[[756.003173828125,234.30386352539063,42.236473083496097,-0.8706077933311462,-9.176476112315868e-8,-0.491977721452713,-1.3379938934576786e-7,1,5.02502999211174e-8,0.491977721452713,1.0957462137639595e-7,-0.8706077933311462],5,1.7087326049804688],[[755.8929443359375,234.09776306152345,42.37664031982422,-0.8674078583717346,-7.540386803839283e-8,-0.4975978136062622,-1.3890529260152108e-7,1,9.060266137339568e-8,0.4975978136062622,1.477084339285284e-7,-0.8674078583717346],5,1.7199068069458008],[[755.8292236328125,233.94332885742188,42.4776611328125,-0.853671669960022,-5.020607929395737e-8,-0.5208115577697754,-1.1528897658763526e-7,1,9.257254163230755e-8,0.5208115577697754,1.3907039431160229e-7,-0.853671669960022],5,1.7287864685058594],[[755.7734375,233.77528381347657,42.58472442626953,-0.853585422039032,-2.9534644951922929e-8,-0.5209528803825378,-9.176126525289874e-8,1,9.365805198058297e-8,0.5209528803825378,1.2774845004059899e-7,-0.853585422039032],5,1.7401702404022217],[[755.7045288085938,233.49765014648438,42.75666046142578,-0.8725565075874329,-4.163305700188857e-9,-0.4885132312774658,-5.668891134291698e-8,1,9.273233558815264e-8,0.4885132312774658,1.0860748034247081e-7,-0.8725565075874329],5,1.7513718605041505],[[755.6530151367188,233.18936157226563,42.942604064941409,-0.8782767057418823,2.359879935909248e-8,-0.47815269231796267,-2.1834580365975854e-8,1,8.946013707600287e-8,0.47815269231796267,8.901101722358362e-8,-0.8782767057418823],5,1.763033390045166],[[755.6245727539063,232.96681213378907,43.07217025756836,-0.8837881684303284,4.109238815885874e-8,-0.467887282371521,1.161496676616025e-9,1,8.563146280948786e-8,0.467887282371521,7.51366258100461e-8,-0.8837881684303284],5,1.7736937999725342],[[755.5767822265625,232.607421875,43.26625442504883,-0.9066452980041504,6.442032685072263e-8,-0.4218936562538147,3.522022495872079e-8,1,7.700535320509516e-8,0.4218936562538147,5.4957354223006408e-8,-0.9066452980041504],5,1.7852540016174317],[[755.523681640625,232.21739196777345,43.45905303955078,-0.9187214374542236,8.907794324386487e-8,-0.39490625262260439,6.879967173745172e-8,1,6.550975939489945e-8,0.39490625262260439,3.301579809544819e-8,-0.9187214374542236],5,1.7983899116516114],[[755.4650268554688,231.7967071533203,43.650230407714847,-0.9431868195533752,1.1199782079529541e-7,-0.3322628438472748,1.0109864945206937e-7,1,5.008957515428847e-8,0.3322628438472748,1.3652505792549619e-8,-0.9431868195533752],5,1.8090815544128419],[[755.3953247070313,231.34535217285157,43.83757781982422,-0.9675833582878113,1.350140337308403e-7,-0.25255194306373598,1.31584059204215e-7,1,3.047092889119085e-8,0.25255194306373598,-3.748646282275558e-9,-0.9675833582878113],5,1.8215649127960206],[[755.3115844726563,230.86334228515626,44.019004821777347,-0.9794275760650635,1.5893964189217514e-7,-0.20179589092731477,1.607582618134984e-7,1,7.3765633601396989e-9,0.20179589092731477,-2.52155452074021e-8,-0.9794275760650635],5,1.833606481552124],[[755.2159423828125,230.35069274902345,44.19457244873047,-0.9952418208122253,1.3234901530267963e-7,-0.09743575006723404,1.341957869271937e-7,1,-1.2400350968277963e-8,0.09743575006723404,-2.5416815319090348e-8,-0.9952418208122253],5,1.8454153537750245],[[755.0687255859375,229.6194610595703,44.41649627685547,-0.9998748898506165,9.630884534317375e-8,-0.01581854186952114,9.685945911996896e-8,1,-3.404195325629189e-8,0.01581854186952114,-3.556986882813362e-8,-0.9998748898506165],5,1.8621926307678223],[[754.9041748046875,228.83372497558595,44.626258850097659,-0.9995906949043274,6.149323183990418e-8,0.028608810156583787,6.024539089821701e-8,1,-4.4479282479414908e-8,-0.028608810156583787,-4.273752551853249e-8,-0.9995906949043274],7,1.8783297538757325],[[754.6824340820313,228.45794677734376,44.71963882446289,-0.9937072396278381,2.9436996840104258e-8,0.11200835555791855,2.407077381860745e-8,1,-4.926143759576007e-8,-0.11200835555791855,-4.6255319574584067e-8,-0.9937072396278381],7,1.8984410762786866],[[754.3527221679688,228.53919982910157,44.6916618347168,-0.9621862769126892,-7.886863606643147e-9,0.2723923325538635,-2.1735168331815659e-8,1,-4.78222652589011e-8,-0.2723923325538635,-5.1934417655274959e-8,-0.9621862769126892],8,1.92633056640625],[[753.9656372070313,228.63082885742188,44.59273147583008,-0.8847101330757141,-5.073199105254389e-8,0.46614158153533938,-7.533441248597228e-8,1,-3.4146552252423137e-8,-0.46614158153533938,-6.532630436595355e-8,-0.8847101330757141],8,1.9411053657531739],[[753.8441162109375,228.64859008789063,44.53916931152344,-0.8693358302116394,-6.642158467684567e-8,0.49422186613082888,-9.286931401675247e-8,1,-2.896075024239053e-8,-0.49422186613082888,-7.107466615252634e-8,-0.8693358302116394],8,1.9517016410827637],[[753.6687622070313,228.6671600341797,44.44340896606445,-0.8487614989280701,-9.00014143212502e-8,0.5287758111953735,-1.1872315752725626e-7,1,-2.0360680252906606e-8,-0.5287758111953735,-8.005930141052886e-8,-0.8487614989280701],8,1.9629957675933838],[[753.498046875,228.67901611328126,44.339359283447269,-0.809316098690033,-6.886372005965313e-8,0.5873733162879944,-9.011339585640599e-8,1,-6.923199347141917e-9,-0.5873733162879944,-5.8533263569415797e-8,-0.809316098690033],8,1.975301742553711],[[753.3345947265625,228.6865692138672,44.22425079345703,-0.7905712723731995,-5.173300365868272e-8,0.6123700141906738,-6.111356043447813e-8,1,5.582209805510274e-9,-0.6123700141906738,-3.301097706298606e-8,-0.7905712723731995],8,1.9868364334106446],[[753.1756591796875,228.6913604736328,44.10285949707031,-0.7608493566513062,-3.485957478233104e-8,0.6489285230636597,-3.1575769554592628e-8,1,1.6697018878630844e-8,-0.6489285230636597,-7.786501221573872e-9,-0.7608493566513062],8,2.000236988067627],[[753.0731201171875,228.69354248046876,44.01764678955078,-0.7482473850250244,-2.453480618669346e-8,0.6634198427200317,-1.1755872719731997e-8,1,2.3723297104538689e-8,-0.6634198427200317,9.951815371778139e-9,-0.7482473850250244],8,2.011007785797119],[[752.9207763671875,228.67611694335938,43.8880615234375,-0.7246221303939819,-9.622302066247812e-9,0.6891463994979858,1.8307808602457955e-8,1,3.3212891992207008e-8,-0.6891463994979858,3.668355574859561e-8,-0.7246221303939819],8,2.0240659713745119],[[752.7686157226563,228.62803649902345,43.7582893371582,-0.7112506031990051,4.910130524393708e-9,0.7029385566711426,4.852882895534094e-8,1,4.2117520138162948e-8,-0.7029385566711426,6.406889951904304e-8,-0.7112506031990051],8,2.0361170768737795],[[752.616455078125,228.54930114746095,43.628501892089847,-0.684992253780365,1.7782678440880774e-8,0.7285503149032593,7.903651777496634e-8,1,4.990283386518968e-8,-0.7285503149032593,9.176513771080863e-8,-0.684992253780365],8,2.047866106033325],[[752.4642944335938,229.20840454101563,43.498714447021487,-0.6669705510139465,3.074899979083057e-8,0.7450841069221497,1.0970580177627198e-7,1,5.6935235193122938e-8,-0.7450841069221497,1.1971417279710296e-7,-0.6669705510139465],3,2.063330888748169],[[752.2776489257813,230.04405212402345,43.30900573730469,-0.5956576466560364,4.474471282378545e-8,0.8032384514808655,1.3893377115437034e-7,1,4.732374492277813e-8,-0.8032384514808655,1.3978569768369199e-7,-0.5956576466560364],5,2.085517644882202],[[752.0995483398438,230.8251953125,43.110557556152347,-0.5616616606712341,5.369388489384619e-8,0.8273670077323914,1.1922577414225089e-7,1,1.6039630068576117e-8,-0.8273670077323914,1.0765231195364322e-7,-0.5616616606712341],5,2.094221591949463],[[751.966796875,231.3752899169922,42.96097946166992,-0.5911043286323547,6.704485855379971e-8,0.8065951466560364,1.046450890385131e-7,1,-6.432841814785206e-9,-0.8065951466560364,8.060374057095032e-8,-0.5911043286323547],5,2.1053731441497804],[[751.8333129882813,231.8947296142578,42.81202697753906,-0.6006032228469849,7.636005960875991e-8,0.7995471954345703,9.001747969250573e-8,1,-2.788486774818466e-8,-0.7995471954345703,5.5225484629772839e-8,-0.6006032228469849],5,2.1168813705444338],[[751.7433471679688,232.2239990234375,42.71364212036133,-0.6576278805732727,8.494144765336387e-8,0.7533429265022278,8.08804259122553e-8,1,-4.2148439405309548e-8,-0.7533429265022278,3.3212710803809389e-8,-0.6576278805732727],5,2.127593517303467],[[751.6032104492188,232.6923370361328,42.57096481323242,-0.6535655856132507,9.15605724571833e-8,0.756869912147522,6.712399169828132e-8,1,-6.301035426758972e-8,-0.756869912147522,9.622732832781367e-9,-0.6535655856132507],5,2.1390552520751955],[[751.4104614257813,233.26910400390626,42.38668441772461,-0.6769399046897888,1.0029935282318547e-7,0.7360382676124573,4.951744259074076e-8,1,-9.072764584061588e-8,-0.7360382676124573,-2.497043283256062e-8,-0.6769399046897888],5,2.1540277004241945],[[751.3096923828125,233.53704833984376,42.29949188232422,-0.7503951787948608,1.0044507092743516e-7,0.6609894633293152,4.142100706872043e-8,1,-1.04938045808467e-7,-0.6609894633293152,-5.136615399692346e-8,-0.7503951787948608],5,2.1655619144439699],[[751.15234375,233.91342163085938,42.176143646240237,-0.788223922252655,1.0225036817246291e-7,0.6153885126113892,3.051621533245452e-8,1,-1.2706891538982746e-7,-0.6153885126113892,-8.137944007557962e-8,-0.788223922252655],5,2.1766607761383058],[[750.986572265625,234.25914001464845,42.06462097167969,-0.8183752298355103,1.0269115335859169e-7,0.5746842622756958,2.0210491058492154e-8,1,-1.4991081798143569e-7,-0.5746842622756958,-1.1106864405974193e-7,-0.8183752298355103],5,2.1878817081451418],[[750.8134155273438,234.57420349121095,41.964691162109378,-0.8731510043144226,8.482413704768988e-8,0.48744985461235049,9.752064933366e-9,1,-1.5654762819394819e-7,-0.48744985461235049,-1.3193607628636529e-7,-0.8731510043144226],5,2.2006330490112306],[[750.63330078125,234.85861206054688,41.878414154052737,-0.8959404230117798,5.064697816692387e-8,0.44417423009872439,-7.459228790196449e-9,1,-1.2907098323466926e-7,-0.44417423009872439,-1.189531104728303e-7,-0.8959404230117798],5,2.2126801013946535],[[750.5093994140625,235.0311737060547,41.82942199707031,-0.9440460801124573,1.7585540135200973e-8,0.3298136591911316,-2.044265023926073e-8,1,-1.118338914807282e-7,-0.3298136591911316,-1.1231860952420902e-7,-0.9440460801124573],5,2.224048376083374],[[750.3186645507813,235.26449584960938,41.770050048828128,-0.9468507766723633,-1.027269469489056e-8,0.3216731548309326,-4.001448061785595e-8,1,-8.584816413303997e-8,-0.3216731548309326,-9.4156980878779e-8,-0.9468507766723633],5,2.236049175262451],[[750.1243286132813,235.46714782714845,41.72305679321289,-0.9691863059997559,-4.422699007022857e-8,0.24632877111434937,-6.099441662854588e-8,1,-6.043941880307102e-8,-0.24632877111434937,-7.36017327085392e-8,-0.9691863059997559],5,2.248520612716675],[[749.9273681640625,235.63914489746095,41.68900680541992,-0.9779348373413086,-7.337894913916898e-8,0.20891013741493226,-8.240871807174699e-8,1,-3.4519210601047237e-8,-0.20891013741493226,-5.097355426642025e-8,-0.9779348373413086],5,2.2603137493133547],[[749.66259765625,235.82078552246095,41.65786361694336,-0.9861002564430237,-1.1081478845653692e-7,0.1661514937877655,-1.1223406204408093e-7,1,8.471359169703874e-10,-0.1661514937877655,-1.7812496366786946e-8,-0.9861002564430237],5,2.2767655849456789],[[749.4630737304688,235.9212646484375,41.64705276489258,-0.998185932636261,-1.3792475783702685e-7,0.06020691245794296,-1.3650931407482859e-7,1,2.7622723663967009e-8,-0.06020691245794296,1.9353809221911434e-8,-0.998185932636261],5,2.300266981124878],[[749.130126953125,236.0205841064453,41.65585708618164,-0.9997162222862244,-1.1456151582933671e-7,0.023821014910936357,-1.1345400707796216e-7,1,4.784452301009878e-8,-0.023821014910936357,4.51283561631044e-8,-0.9997162222862244],5,2.309011220932007],[[748.99755859375,236.03646850585938,41.66845703125,-0.9940310120582581,-9.144596901933255e-8,-0.10909786075353623,-9.795020616820693e-8,1,5.4259338355677758e-8,0.10909786075353623,6.462162360776347e-8,-0.9940310120582581],5,2.3202688694000246],[[748.80029296875,236.0347442626953,41.700931549072269,-0.994234025478363,-6.768656390931938e-8,-0.10723218321800232,-7.486607955797808e-8,1,6.29273202434888e-8,0.10723218321800232,7.059253448460368e-8,-0.994234025478363],5,2.331651449203491],[[748.6043701171875,236.00238037109376,41.74081039428711,-0.9858242273330689,-3.9543394336760687e-8,-0.16778136789798737,-5.2286111440480457e-8,1,7.15307209020466e-8,0.16778136789798737,7.928935019663186e-8,-0.9858242273330689],5,2.3420119285583498],[[748.4752197265625,235.96376037597657,41.77389144897461,-0.9733032584190369,-1.8723108397011857e-8,-0.2295229434967041,-3.7442354994254859e-8,1,7.72021238049092e-8,0.2295229434967041,8.373496029889793e-8,-0.9733032584190369],5,2.353687047958374],[[748.2836303710938,235.8802947998047,41.83122253417969,-0.9745211601257324,4.2427088509100489e-9,-0.22429557144641877,-1.518554348933776e-8,1,8.489397629318774e-8,0.22429557144641877,8.613702107140853e-8,-0.9745211601257324],5,2.3654303550720217],[[748.0938720703125,235.76617431640626,41.89421844482422,-0.960952877998352,3.216824140395147e-8,-0.27671197056770327,6.817526987390465e-9,1,9.257610855684107e-8,0.27671197056770327,8.707478826863735e-8,-0.960952877998352],5,2.375971794128418],[[747.907470703125,235.6213836669922,41.96648025512695,-0.9533723592758179,5.758651866472064e-8,-0.30179649591445925,2.8841405708135427e-8,1,9.970268166625829e-8,0.30179649591445925,8.634954440367437e-8,-0.9533723592758179],5,2.3883144855499269],[[747.7233276367188,235.44595336914063,42.0445442199707,-0.9368680119514465,8.493966419109711e-8,-0.3496831953525543,5.077221487681527e-8,1,1.0687616480709039e-7,0.3496831953525543,8.237466886384937e-8,-0.9368680119514465],5,2.402498722076416],[[747.5430908203125,235.2398681640625,42.13103485107422,-0.9207087159156799,1.1144523881512214e-7,-0.3902505338191986,7.272026181226465e-8,1,1.1400639721159678e-7,0.3902505338191986,7.658756118189558e-8,-0.9207087159156799],5,2.4134016036987306],[[747.308349609375,234.91738891601563,42.25746154785156,-0.9254609942436218,1.4115320823293588e-7,-0.37884294986724856,1.0251820725670768e-7,1,1.2215248545999203e-7,0.37884294986724856,7.420905490107543e-8,-0.9254609942436218],5,2.429816484451294],[[747.0189208984375,234.43763732910157,42.4228515625,-0.9194419980049133,1.3206317817093805e-7,-0.39322561025619509,1.0334778011156232e-7,1,9.419753155270883e-8,0.39322561025619509,4.597017522200986e-8,-0.9194419980049133],5,2.4523162841796877],[[746.849609375,234.10891723632813,42.52931213378906,-0.8790332078933716,1.1034047275870762e-7,-0.476760596036911,9.17162594760157e-8,1,6.233492655383088e-8,0.476760596036911,1.106777158810246e-8,-0.8790332078933716],5,2.465529680252075],[[746.62841796875,233.62294006347657,42.678260803222659,-0.8896893262863159,7.703177828943808e-8,-0.45656639337539675,7.506361043851939e-8,1,2.244686392316453e-8,0.45656639337539675,-1.430078810926716e-8,-0.8896893262863159],5,2.4783222675323488],[[746.5187377929688,233.35951232910157,42.75404739379883,-0.8435341119766235,5.849441109262443e-8,-0.5370756387710571,6.748410186219189e-8,1,2.9218778507811295e-9,0.5370756387710571,-3.377936153015071e-8,-0.8435341119766235],5,2.4886484146118166],[[746.35693359375,232.93882751464845,42.87160110473633,-0.8537653088569641,3.416483806972792e-8,-0.5206580758094788,5.554514004302291e-8,1,-2.546330435393429e-8,0.5206580758094788,-5.0659711092748697e-8,-0.8537653088569641],5,2.500663995742798],[[746.250244140625,232.64132690429688,42.95160675048828,-0.8202880620956421,1.4120437263898112e-8,-0.5719506144523621,4.8075360581378848e-8,1,-4.4261177833959667e-8,0.5719506144523621,-6.380364681035644e-8,-0.8202880620956421],5,2.511327028274536],[[746.093505859375,232.1695556640625,43.07576370239258,-0.8311945199966431,-9.83215464600562e-9,-0.5559816956520081,3.6273441139655918e-8,1,-7.191323447841569e-8,0.5559816956520081,-7.994125184040968e-8,-0.8311945199966431],5,2.52181077003479],[[745.9388427734375,231.6671142578125,43.20253372192383,-0.8153354525566101,-3.755177502284823e-8,-0.5789888501167297,2.4583235003206029e-8,1,-9.947576273816594e-8,0.5789888501167297,-9.533953004847717e-8,-0.8153354525566101],5,2.5340821743011476],[[745.7874145507813,231.13401794433595,43.333194732666019,-0.8092260360717773,-6.448915002010836e-8,-0.5874974131584168,1.2491331524699945e-8,1,-1.2697496742930526e-7,0.5874974131584168,-1.100900703931984e-7,-0.8092260360717773],5,2.5465734004974367],[[745.6377563476563,230.5702667236328,43.46591567993164,-0.7967316508293152,-9.332682537888104e-8,-0.6043332815170288,2.5038127127174905e-10,1,-1.5475950476684376e-7,0.6043332815170288,-1.2345310551609146e-7,-0.7967316508293152],5,2.557516574859619],[[745.5396118164063,230.17739868164063,43.5561408996582,-0.7717338800430298,-9.419652258202405e-8,-0.6359456181526184,-7.697543047413547e-9,1,-1.3877927074190667e-7,0.6359456181526184,-1.022054405552808e-7,-0.7717338800430298],5,2.5693788528442385],[[745.393798828125,229.56256103515626,43.69304656982422,-0.7924889922142029,-8.482462732217755e-8,-0.6098861694335938,-1.869237920004707e-8,1,-1.1479374251166519e-7,0.6098861694335938,-7.957255832025112e-8,-0.7924889922142029],5,2.5797314643859865],[[745.2482299804688,228.9170684814453,43.83021545410156,-0.7882111072540283,-7.903010157406243e-8,-0.6154049634933472,-2.9247118504827087e-8,1,-9.095993647179057e-8,0.6154049634933472,-5.369680877720384e-8,-0.7882111072540283],5,2.5922963619232179],[[745.1034545898438,228.51657104492188,43.96821594238281,-0.7481783032417297,-7.18633259566559e-8,-0.6634976863861084,-3.4552734007320399e-8,1,-6.934721596962845e-8,0.6634976863861084,-2.8958423214930918e-8,-0.7481783032417297],7,2.604797601699829],[[744.9588012695313,228.