[[[776,222.69961547851563,47,1,0,0,0,1,0,-0,0,1],8,0.01546335220336914],[[776,222.69961547851563,47,1,0,0,0,1,0,-0,0,1],8,0.03369021415710449],[[776,222.69961547851563,47,1,0,0,0,1,0,-0,0,1],8,0.055182695388793948],[[776,222.69961547851563,47,1,0,0,0,1,0,-0,0,1],8,0.06306791305541992],[[776,222.69961547851563,47,1,0,0,0,1,0,-0,0,1],8,0.07184958457946778],[[776,222.69961547851563,47,1,0,0,0,1,0,-0,0,1],8,0.08089470863342285],[[776,222.69961547851563,47,1,0,0,0,1,0,-0,0,1],8,0.09172368049621582],[[776,222.69961547851563,47,1,0,0,0,1,0,-0,0,1],8,0.10224342346191406],[[776,222.69961547851563,47,1,0,0,0,1,0,-0,0,1],8,0.1234445571899414],[[776,222.69961547851563,47,1,0,0,0,1,0,-0,0,1],8,0.13255691528320313],[[776,222.69961547851563,47,1,0,0,0,1,0,-0,0,1],8,0.14301133155822755],[[776,222.69961547851563,47,1,0,0,0,1,0,-0,0,1],8,0.17095088958740235],[[776,222.69961547851563,47,1,0,0,0,1,0,-0,0,1],8,0.17983531951904298],[[776,222.69961547851563,47,1,0,0,0,1,0,-0,0,1],8,0.1937720775604248],[[776,222.69961547851563,47,1,0,0,0,1,0,-0,0,1],8,0.2038123607635498],[[776,222.69961547851563,47,1,0,0,0,1,0,-0,0,1],8,0.2146773338317871],[[776,222.69961547851563,47,1,0,0,0,1,0,-0,0,1],8,0.22463679313659669],[[776,222.69961547851563,47,1,0,0,0,1,0,-0,0,1],8,0.2334120273590088],[[776,222.69961547851563,47,1,0,0,0,1,0,-0,0,1],8,0.24696826934814454],[[776,222.69961547851563,47,1,0,0,0,1,0,-0,0,1],8,0.259488582611084],[[776,222.69961547851563,47,1,0,0,0,1,0,-0,0,1],8,0.2722141742706299],[[776,222.69961547851563,47,1,0,0,0,1,0,-0,0,1],8,0.2830326557159424],[[776,222.69961547851563,47,1,0,0,0,1,0,-0,0,1],8,0.30487871170043948],[[776,222.69961547851563,47,1,0,0,0,1,0,-0,0,1],8,0.31697821617126467],[[776,222.69961547851563,47,1,0,0,0,1,0,-0,0,1],8,0.3428781032562256],[[775.6425170898438,222.69961547851563,46.97874069213867,0.960037112236023,0,0.27987271547317507,0,1,0,-0.27987271547317507,0,0.960037112236023],8,0.3633420467376709],[[775.443115234375,222.69961547851563,46.96603012084961,0.914975643157959,0,0.40350914001464846,0,1,0,-0.40350914001464846,0,0.914975643157959],8,0.3799130916595459],[[775.177001953125,222.69961547851563,46.948028564453128,0.84303218126297,0,0.5378630757331848,0,1,0,-0.5378630757331848,0,0.84303218126297],8,0.38700199127197268],[[775.0439453125,222.69961547851563,46.9386100769043,0.8048266172409058,0,0.5935100317001343,0,1,0,-0.5935100317001343,0,0.8048266172409058],8,0.39509057998657229],[[774.9110107421875,222.69961547851563,46.928916931152347,0.7668752670288086,0,0.6417961716651917,0,1,0,-0.6417961716651917,0,0.7668752670288086],8,0.4049091339111328],[[774.6451416015625,222.69961547851563,46.90898895263672,0.6911503076553345,0,0.7227110266685486,0,1,0,-0.7227110266685486,0,0.6911503076553345],8,0.4199814796447754],[[774.51220703125,222.69961547851563,46.8988151550293,0.6544911861419678,0,0.7560696601867676,0,1,0,-0.7560696601867676,0,0.6544911861419678],8,0.4289214611053467],[[774.3792724609375,222.69961547851563,46.888240814208987,0.6197160482406616,0,0.7848260998725891,0,1,0,-0.7848260998725891,0,0.6197160482406616],8,0.44554948806762698],[[774.1134033203125,222.69961547851563,46.86646270751953,0.5538475513458252,0,0.8326180577278137,0,1,0,-0.8326180577278137,0,0.5538475513458252],8,0.45499181747436526],[[773.9141845703125,222.69961547851563,46.8494987487793,0.5084211230278015,0,0.8611085414886475,0,1,0,-0.8611085414886475,0,0.5084211230278015],8,0.466076135635376],[[773.7813720703125,222.69961547851563,46.83810806274414,0.4805587828159332,0,0.8769625425338745,0,1,0,-0.8769625425338745,0,0.4805587828159332],8,0.4780585765838623],[[773.5821533203125,222.69961547851563,46.82072830200195,0.44191843271255495,0,0.8970552682876587,0,1,0,-0.8970552682876587,0,0.44191843271255495],8,0.48845553398132326],[[773.3829345703125,222.69961547851563,46.803287506103519,0.40653225779533389,0,0.9136364459991455,0,1,0,-0.9136364459991455,0,0.40653225779533389],8,0.4981112480163574],[[773.2501220703125,222.69961547851563,46.79166030883789,0.3848455548286438,0,0.9229809641838074,0,1,0,-0.9229809641838074,0,0.3848455548286438],8,0.5091218948364258],[[773.0509033203125,222.69961547851563,46.7739372253418,0.35496577620506289,0,0.9348793029785156,0,1,0,-0.9348793029785156,0,0.35496577620506289],8,0.5214502811431885],[[772.7852783203125,222.69961547851563,46.750213623046878,0.31904295086860659,0,0.9477402567863464,0,1,0,-0.9477402567863464,0,0.31904295086860659],8,0.5411863327026367],[[772.5860595703125,222.69961547851563,46.732418060302737,0.29510706663131716,0,0.9554641842842102,0,1,0,-0.9554641842842102,0,0.29510706663131716],8,0.549785852432251],[[772.4532470703125,222.69961547851563,46.72055435180664,0.28068509697914126,0,0.9597998857498169,0,1,0,-0.9597998857498169,0,0.28068509697914126],8,0.5602262020111084],[[772.2540283203125,222.69961547851563,46.7027587890625,0.26093000173568728,0,0.9653577208518982,0,1,0,-0.9653577208518982,0,0.26093000173568728],8,0.5706353187561035],[[772.1212158203125,222.69961547851563,46.690895080566409,0.24889439344406129,0,0.9685306549072266,0,1,0,-0.9685306549072266,0,0.24889439344406129],8,0.581244945526123],[[771.8555908203125,222.69961547851563,46.66716766357422,0.2270180881023407,0,0.9738905429840088,0,1,0,-0.9738905429840088,0,0.2270180881023407],8,0.5967919826507568],[[771.3907470703125,222.69961547851563,46.62564468383789,0.19400522112846375,0,0.9810004830360413,0,1,0,-0.9810004830360413,0,0.19400522112846375],8,0.6234023571014404],[[771.2579345703125,222.69961547851563,46.6137809753418,0.1860232800245285,0,0.9825453162193298,0,1,0,-0.9825453162193298,0,0.1860232800245285],8,0.6307556629180908],[[771.1251220703125,222.69961547851563,46.60243606567383,0.1788169890642166,0,0.9838823676109314,0,1,0,-0.9838823676109314,0,0.1788169890642166],8,0.64084792137146],[[770.9923095703125,222.69961547851563,46.59124755859375,0.1721513867378235,0,0.985070526599884,0,1,0,-0.985070526599884,0,0.1721513867378235],8,0.6498382091522217],[[770.8594970703125,222.69961547851563,46.580078125,0.1659632921218872,0,0.9861319065093994,0,1,0,-0.9861319065093994,0,0.1659632921218872],8,0.6606316566467285],[[770.6600952148438,222.69961547851563,46.5636100769043,0.15731050074100495,0,0.9875491857528687,0,1,0,-0.9875491857528687,0,0.15731050074100495],8,0.671875],[[770.460693359375,222.69961547851563,46.547489166259769,0.14932465553283692,0,0.9887882471084595,0,1,0,-0.9887882471084595,0,0.14932465553283692],8,0.6817429065704346],[[770.3277587890625,222.6894073486328,46.53678512573242,0.14415645599365235,0,0.9895548820495606,0,1,0,-0.9895548820495606,0,0.14415645599365235],8,0.6929574012756348],[[770.1283569335938,222.64854431152345,46.520729064941409,0.13645370304584504,0,0.9906464219093323,0,1,0,-0.9906464219093323,0,0.13645370304584504],8,0.7042624950408936],[[769.9954223632813,222.60427856445313,46.51002502441406,0.13132481276988984,0,0.991339385509491,0,1,0,-0.991339385509491,0,0.13132481276988984],8,0.7148997783660889],[[769.7960205078125,222.6033172607422,46.49510192871094,0.12482569366693497,0,0.9921786785125732,0,1,0,-0.9921786785125732,0,0.12482569366693497],8,0.7265098094940186],[[769.5966186523438,222.62960815429688,46.480430603027347,0.11930283159017563,0,0.9928579330444336,0,1,0,-0.9928579330444336,0,0.11930283159017563],8,0.7380332946777344],[[769.397216796875,222.6529998779297,46.4660530090332,0.11432263255119324,0,0.9934436678886414,0,1,0,-0.9934436678886414,0,0.11432263255119324],8,0.7523715496063232],[[769.1978149414063,222.66952514648438,46.45173645019531,0.10982649028301239,0,0.9939507842063904,0,1,0,-0.9939507842063904,0,0.10982649028301239],8,0.763486385345459],[[768.9984130859375,222.68043518066407,46.43743133544922,0.1057937741279602,0,0.9943881034851074,0,1,0,-0.9943881034851074,0,0.1057937741279602],8,0.7736825942993164],[[768.865478515625,222.68545532226563,46.427894592285159,0.10335665196180344,0,0.9946443438529968,0,1,0,-0.9946443438529968,0,0.10335665196180344],8,0.7837939262390137],[[768.5331420898438,222.69302368164063,46.404052734375,0.09788265079259873,0,0.9951979517936707,0,1,0,-0.9951979517936707,0,0.09788265079259873],8,0.8046655654907227],[[768.4002075195313,222.6947784423828,46.39451599121094,0.09595298022031784,0,0.9953858852386475,0,1,0,-0.9953858852386475,0,0.09595298022031784],8,0.8141434192657471],[[768.1343383789063,222.69703674316407,46.37544250488281,0.09254390001296997,0,0.9957085847854614,0,1,0,-0.9957085847854614,0,0.09254390001296997],8,0.8300881385803223],[[767.9349365234375,222.69801330566407,46.36113739013672,0.09030327945947647,0,0.9959143400192261,0,1,0,-0.9959143400192261,0,0.09030327945947647],8,0.8414130210876465],[[767.802001953125,222.69847106933595,46.351600646972659,0.08896230161190033,0,0.9960349798202515,0,1,0,-0.9960349798202515,0,0.08896230161190033],8,0.8518877029418945],[[767.6026000976563,222.69894409179688,46.33644104003906,0.08746173977851868,0,0.9961678981781006,0,1,0,-0.9961678981781006,0,0.08746173977851868],8,0.8628647327423096],[[767.4031982421875,222.69921875,46.320247650146487,0.0866088792681694,0,0.9962424039840698,0,1,0,-0.9962424039840698,0,0.0866088792681694],8,0.8775308132171631],[[767.2041015625,222.6994171142578,46.301605224609378,0.08692707866430283,0,0.9962146878242493,0,1,0,-0.9962146878242493,0,0.08692707866430283],8,0.9043481349945068],[[766.806396484375,222.69961547851563,46.258262634277347,0.09075319021940232,0,0.9958733916282654,0,1,0,-0.9958733916282654,0,0.09075319021940232],8,0.9126684665679932],[[766.6741333007813,222.69964599609376,46.241390228271487,0.0929332822561264,0,0.995672345161438,0,1,0,-0.995672345161438,0,0.0929332822561264],8,0.9305324554443359],[[766.4099731445313,222.69969177246095,46.20464324951172,0.0986548364162445,0,0.9951217174530029,0,1,0,-0.9951217174530029,0,0.0986548364162445],8,0.9393637180328369],[[766.2122192382813,222.69969177246095,46.174835205078128,0.10364977270364762,0,0.9946138858795166,0,1,0,-0.9946138858795166,0,0.10364977270364762],8,0.9566569328308106],[[765.9487915039063,222.69969177246095,46.1333122253418,0.11064863204956055,0,0.993859589099884,0,1,0,-0.993859589099884,0,0.11064863204956055],8,0.9650871753692627],[[765.8172607421875,222.69969177246095,46.111419677734378,0.11429860442876816,0,0.9934464693069458,0,1,0,-0.9934464693069458,0,0.11429860442876816],8,0.9766502380371094],[[765.620361328125,222.69969177246095,46.07642364501953,0.12031453847885132,0,0.9927358031272888,0,1,0,-0.9927358031272888,0,0.12031453847885132],8,0.9958248138427734],[[765.2926025390625,222.69969177246095,46.015357971191409,0.13087256252765656,0,0.9913992285728455,0,1,0,-0.9913992285728455,0,0.13087256252765656],8,1.007392168045044],[[765.1617431640625,222.69969177246095,45.98979568481445,0.13512417674064637,0,0.9908286929130554,0,1,0,-0.9908286929130554,0,0.13512417674064637],8,1.0210621356964112],[[764.9659423828125,222.69969177246095,45.94875717163086,0.1420971155166626,0,0.9898527264595032,0,1,0,-0.9898527264595032,0,0.1420971155166626],8,1.0382475852966309],[[764.705810546875,222.69969177246095,45.89019775390625,0.15241266787052155,0,0.9883169531822205,0,1,0,-0.9883169531822205,0,0.15241266787052155],8,1.0456101894378663],[[764.575927734375,222.69969177246095,45.8599739074707,0.15759143233299256,0,0.9875044226646423,0,1,0,-0.9875044226646423,0,0.15759143233299256],8,1.0568861961364747],[[764.3814697265625,222.69969177246095,45.81320571899414,0.16537941992282868,0,0.9862300157546997,0,1,0,-0.9862300157546997,0,0.16537941992282868],8,1.0747129917144776],[[764.1231079101563,222.69969177246095,45.74699783325195,0.1764945238828659,0,0.9843016266822815,0,1,0,-0.9843016266822815,0,0.1764945238828659],8,1.082106113433838],[[763.994384765625,222.69969177246095,45.71209716796875,0.18233467638492585,0,0.98323655128479,0,1,0,-0.98323655128479,0,0.18233467638492585],8,1.0932188034057618],[[763.8018798828125,222.69969177246095,45.65766525268555,0.1914306879043579,0,0.9815061092376709,0,1,0,-0.9815061092376709,0,0.1914306879043579],8,1.1138286590576172],[[763.4826049804688,222.69969177246095,45.56186294555664,0.2075747400522232,0,0.9782191514968872,0,1,0,-0.9782191514968872,0,0.2075747400522232],8,1.1228489875793458],[[763.35546875,222.69969177246095,45.52181625366211,0.21410073339939118,0,0.9768115878105164,0,1,0,-0.9768115878105164,0,0.21410073339939118],8,1.1325442790985108],[[763.165283203125,222.69969177246095,45.459964752197269,0.22388243675231934,0,0.9746161699295044,0,1,0,-0.9746161699295044,0,0.22388243675231934],8,1.151235818862915],[[762.9760131835938,222.69969177246095,45.3953857421875,0.2339947670698166,0,0.9722378849983215,0,1,0,-0.9722378849983215,0,0.2339947670698166],8,1.1589648723602296],[[762.786865234375,222.6792755126953,45.33025360107422,0.24424859881401063,0,0.9697126746177673,0,1,0,-0.9697126746177673,0,0.24424859881401063],8,1.1710755825042725],[[762.5977172851563,222.62818908691407,45.26509094238281,0.2545081675052643,0,0.9670706391334534,0,1,0,-0.9670706391334534,0,0.2545081675052643],8,1.1903009414672852],[[762.3455200195313,222.51239013671876,45.17820739746094,0.26815199851989748,0,0.9633766412734985,0,1,0,-0.9633766412734985,0,0.26815199851989748],8,1.1992297172546387],[[762.0933227539063,222.3420867919922,45.09132385253906,0.2817438244819641,0,0.959489643573761,0,1,0,-0.959489643573761,0,0.2817438244819641],8,1.2240970134735108],[[761.8447875976563,222.40753173828126,44.9947509765625,0.2940126955509186,0,0.9558015465736389,0,1,0,-0.9558015465736389,0,0.2940126955509186],8,1.230581521987915],[[761.72119140625,222.47055053710938,44.944698333740237,0.2998151481151581,0,0.9539973139762878,0,1,0,-0.9539973139762878,0,0.2998151481151581],8,1.2415060997009278],[[761.5977783203125,222.5252227783203,44.89417266845703,0.30538132786750796,0,0.9522301554679871,0,1,0,-0.9522301554679871,0,0.30538132786750796],8,1.2588555812835694],[[761.3511962890625,222.60227966308595,44.79255676269531,0.3158685564994812,0,0.9488029479980469,0,1,0,-0.9488029479980469,0,0.3158685564994812],8,1.265070915222168],[[761.2279052734375,222.6274871826172,44.7417106628418,0.3206256330013275,0,0.9472060203552246,0,1,0,-0.9472060203552246,0,0.3206256330013275],8,1.2754831314086915],[[761.1046142578125,222.6462860107422,44.690860748291019,0.32497918605804446,0,0.9457211494445801,0,1,0,-0.9457211494445801,0,0.32497918605804446],8,1.2914512157440186],[[760.673095703125,222.6812286376953,44.51288604736328,0.3385690748691559,0,0.9409415125846863,0,1,0,-0.9409415125846863,0,0.3385690748691559],8,1.3110954761505128],[[760.5498046875,222.6860809326172,44.4620361328125,0.3418648838996887,0,0.9397491216659546,0,1,0,-0.9397491216659546,0,0.3418648838996887],8,1.3196485042572022],[[760.426513671875,222.6896514892578,44.41118621826172,0.3447606563568115,0,0.9386906027793884,0,1,0,-0.9386906027793884,0,0.3447606563568115],8,1.328526496887207],[[760.1185913085938,222.6950225830078,44.28359603881836,0.35133954882621767,0,0.9362481236457825,0,1,0,-0.9362481236457825,0,0.35133954882621767],8,1.3560445308685303],[[759.8109130859375,222.69754028320313,44.15546417236328,0.357135534286499,0,0.934052586555481,0,1,0,-0.934052586555481,0,0.357135534286499],8,1.3682560920715333],[[759.6876831054688,222.69810485839845,44.1045036315918,0.35904625058174136,0,0.9333197474479675,0,1,0,-0.9333197474479675,0,0.35904625058174136],8,1.3834130764007569],[[759.502197265625,222.69869995117188,44.029788970947269,0.36086487770080569,0,0.9326181411743164,0,1,0,-0.9326181411743164,0,0.36086487770080569],8,1.3904378414154053],[[759.37841796875,222.698974609375,43.98021697998047,0.3617316782474518,0,0.9322822690010071,0,1,0,-0.9322822690010071,0,0.3617316782474518],8,1.40445876121521],[[759.1927490234375,222.69924926757813,43.9058837890625,0.3628178536891937,0,0.931860089302063,0,1,0,-0.931860089302063,0,0.3628178536891937],8,1.4115533828735352],[[759.0689697265625,222.69937133789063,43.85633087158203,0.36345601081848147,0,0.9316113591194153,0,1,0,-0.9316113591194153,0,0.36345601081848147],8,1.420201301574707],[[758.9451904296875,222.699462890625,43.80677795410156,0.3640390932559967,0,0.9313836693763733,0,1,0,-0.9313836693763733,0,0.3640390932559967],8,1.4284591674804688],[[758.8214111328125,222.6995391845703,43.757225036621097,0.3645772933959961,0,0.9311731457710266,0,1,0,-0.9311731457710266,0,0.3645772933959961],8,1.4384138584136963],[[758.511962890625,222.69964599609376,43.63334274291992,0.3657950460910797,0,0.9306954145431519,0,1,0,-0.9306954145431519,0,0.3657950460910797],8,1.457779884338379],[[758.3262939453125,222.69969177246095,43.55901336669922,0.3664287328720093,0,0.9304461479187012,0,1,0,-0.9304461479187012,0,0.3664287328720093],8,1.4701786041259766],[[758.2025146484375,222.69969177246095,43.50946044921875,0.3668043315410614,0,0.9302980899810791,0,1,0,-0.9302980899810791,0,0.3668043315410614],8,1.4777235984802247],[[758.0787353515625,222.69969177246095,43.45990753173828,0.36714842915534975,0,0.9301623702049255,0,1,0,-0.9301623702049255,0,0.36714842915534975],8,1.4891467094421387],[[757.89306640625,222.69969177246095,43.38557815551758,0.3676203489303589,0,0.9299759268760681,0,1,0,-0.9299759268760681,0,0.3676203489303589],8,1.5009100437164307],[[757.7073974609375,222.69969177246095,43.311248779296878,0.368045449256897,0,0.9298077821731567,0,1,0,-0.9298077821731567,0,0.368045449256897],8,1.5104680061340333],[[757.5836181640625,222.69969177246095,43.261695861816409,0.36830252408981326,0,0.9297059774398804,0,1,0,-0.9297059774398804,0,0.36830252408981326],8,1.5208759307861329],[[757.274169921875,222.69969177246095,43.137813568115237,0.37181583046913149,0,0.928306519985199,0,1,0,-0.928306519985199,0,0.37181583046913149],8,1.5411114692687989],[[757.0885009765625,222.69969177246095,43.06348419189453,0.3716607987880707,0,0.9283686280250549,0,1,0,-0.9283686280250549,0,0.3716607987880707],8,1.5612201690673829],[[756.8409423828125,222.69969177246095,42.964378356933597,0.36678269505500796,0,0.930306613445282,0,1,0,-0.930306613445282,0,0.36678269505500796],8,1.5806984901428223],[[756.5309448242188,222.69969177246095,42.841922760009769,0.3521108031272888,0,0.9359583258628845,0,1,0,-0.9359583258628845,0,0.3521108031272888],8,1.5997207164764405],[[756.2816162109375,222.69969177246095,42.7474479675293,0.3422810733318329,0,0.9395976066589356,0,1,0,-0.9395976066589356,0,0.3422810733318329],8,1.6074864864349366],[[756.1564331054688,222.69969177246095,42.70146179199219,0.3422810733318329,0,0.9395976066589356,0,1,0,-0.9395976066589356,0,0.3422810733318329],8,1.6257333755493165],[[755.9059448242188,222.69969177246095,42.61013412475586,0.3422810733318329,0,0.9395976066589356,0,1,0,-0.9395976066589356,0,0.3422810733318329],8,1.6404156684875489],[[755.7180786132813,222.69969177246095,42.54167556762695,0.3422810733318329,0,0.9395976066589356,0,1,0,-0.9395976066589356,0,0.3422810733318329],8,1.6461479663848878],[[755.5928344726563,222.69969177246095,42.496036529541019,0.3422810733318329,0,0.9395976066589356,0,1,0,-0.9395976066589356,0,0.3422810733318329],8,1.6538302898406983],[[755.4675903320313,222.69969177246095,42.45039749145508,0.3422810733318329,0,0.9395976066589356,0,1,0,-0.9395976066589356,0,0.3422810733318329],8,1.6612720489501954],[[755.3423461914063,222.69969177246095,42.40475845336914,0.3422810733318329,0,0.9395976066589356,0,1,0,-0.9395976066589356,0,0.3422810733318329],8,1.6695866584777833],[[755.2171020507813,222.69969177246095,42.3591194152832,0.3422810733318329,0,0.9395976066589356,0,1,0,-0.9395976066589356,0,0.3422810733318329],8,1.6779661178588868],[[755.0918579101563,222.69969177246095,42.313480377197269,0.3422810733318329,0,0.9395976066589356,0,1,0,-0.9395976066589356,0,0.3422810733318329],8,1.6874074935913087],[[754.9666137695313,222.69969177246095,42.26784133911133,0.3455611765384674,0,0.9383962154388428,0,1,0,-0.9383962154388428,0,0.3455611765384674],8,1.6970126628875733],[[754.7787475585938,222.6792755126953,42.19938278198242,0.34719958901405337,0,0.9377912282943726,0,1,0,-0.9377912282943726,0,0.34719958901405337],8,1.7085695266723633],[[754.5908813476563,222.62818908691407,42.130924224853519,0.3488362729549408,0,0.937183678150177,0,1,0,-0.937183678150177,0,0.3488362729549408],8,1.7230315208435059],[[754.4033203125,222.62515258789063,42.06140899658203,0.35537710785865786,0,0.9347230195999146,0,1,0,-0.9347230195999146,0,0.35537710785865786],8,1.7366704940795899],[[754.1539916992188,222.65174865722657,41.96691131591797,0.36352697014808657,0,0.9315837025642395,0,1,0,-0.9315837025642395,0,0.36352697014808657],8,1.7572143077850342],[[753.9053955078125,222.6724395751953,41.870296478271487,0.3732718527317047,0,0.9277220368385315,0,1,0,-0.9277220368385315,0,0.3732718527317047],8,1.7858731746673585],[[753.3486938476563,222.6926727294922,41.64673614501953,0.40065163373947146,0,0.9162304997444153,0,1,0,-0.9162304997444153,0,0.40065163373947146],8,1.824636697769165],[[752.8595581054688,222.69764709472657,41.43415069580078,0.4728987514972687,0,0.8811167478561401,0,1,0,-0.8811167478561401,0,0.4728987514972687],8,1.8436026573181153],[[752.6820068359375,222.6984100341797,41.342308044433597,0.48516571521759035,0,0.8744222521781921,0,1,0,-0.8744222521781921,0,0.48516571521759035],8,1.8496925830841065],[[752.4972534179688,222.6988983154297,41.3253173828125,0.49733874201774599,0,0.8675564527511597,0,1,0,-0.8675564527511597,0,0.49733874201774599],8,1.861694574356079],[[752.3693237304688,222.69912719726563,41.35490417480469,0.5154133439064026,0,0.8569416999816895,0,1,0,-0.8569416999816895,0,0.5154133439064026],8,1.8780977725982667],[[752.175537109375,222.69935607910157,41.40314865112305,0.5213887691497803,0,0.8533192873001099,0,1,0,-0.8533192873001099,0,0.5213887691497803],8,1.88478684425354],[[752.0460205078125,222.699462890625,41.43467330932617,0.5273366570472717,0,0.8496564030647278,0,1,0,-0.8496564030647278,0,0.5273366570472717],8,1.892554521560669],[[751.8513793945313,222.69956970214845,41.48054885864258,0.5317796468734741,0,0.8468827605247498,0,1,0,-0.8468827605247498,0,0.5317796468734741],8,1.90425705909729],[[751.721435546875,222.69961547851563,41.51044464111328,0.5406248569488525,0,0.8412638306617737,0,1,0,-0.8412638306617737,0,0.5406248569488525],8,1.923034906387329],[[751.3307495117188,222.69969177246095,41.595916748046878,0.5508721470832825,0,0.8345896601676941,0,1,0,-0.8345896601676941,0,0.5508721470832825],8,1.93902587890625],[[751.2001953125,222.69969177246095,41.62308120727539,0.5653682351112366,0,0.8248386383056641,0,1,0,-0.8248386383056641,0,0.5653682351112366],8,1.9455792903900147],[[751.0692749023438,222.69969177246095,41.648193359375,0.5739821791648865,0,0.8188678026199341,0,1,0,-0.8188678026199341,0,0.5739821791648865],8,1.9540722370147706],[[750.9380493164063,222.69969177246095,41.67172622680664,0.5811135768890381,0,0.8138225078582764,0,1,0,-0.8138225078582764,0,0.5811135768890381],8,1.963822364807129],[[750.7408447265625,222.69969177246095,41.70502853393555,0.5881975889205933,0,0.8087172508239746,0,1,0,-0.8087172508239746,0,0.5881975889205933],8,1.9729585647583008],[[750.6091918945313,222.69969177246095,41.72613525390625,0.5952364206314087,0,0.803550660610199,0,1,0,-0.803550660610199,0,0.5952364206314087],8,1.9825794696807862],[[750.4773559570313,222.69969177246095,41.746116638183597,0.6064082980155945,0,0.7951534390449524,0,1,0,-0.7951534390449524,0,0.6064082980155945],8,1.9931204319000245],[[750.2792358398438,222.69969177246095,41.77338409423828,0.6133319139480591,0,0.7898253202438355,0,1,0,-0.7898253202438355,0,0.6133319139480591],8,2.0032076835632326],[[750.14697265625,222.69969177246095,41.790348052978519,0.620205283164978,0,0.7844395637512207,0,1,0,-0.7844395637512207,0,0.620205283164978],8,2.01326060295105],[[749.9483642578125,222.69969177246095,41.8139533996582,0.6270331144332886,0,0.7789925932884216,0,1,0,-0.7789925932884216,0,0.6270331144332886],8,2.029628276824951],[[749.74951171875,222.69969177246095,41.83578872680664,0.6432225108146668,0,0.7656792998313904,0,1,0,-0.7656792998313904,0,0.6432225108146668],8,2.039395332336426],[[749.5503540039063,222.69969177246095,41.85391616821289,0.6564974784851074,0,0.7543282508850098,0,1,0,-0.7543282508850098,0,0.6564974784851074],8,2.0490708351135256],[[749.4174194335938,222.69969177246095,41.86377716064453,0.6630631685256958,0,0.7485634088516235,0,1,0,-0.7485634088516235,0,0.6630631685256958],8,2.0592992305755617],[[749.2178344726563,222.69969177246095,41.87629699707031,0.6682771444320679,0,0.743912398815155,0,1,0,-0.743912398815155,0,0.6682771444320679],8,2.075232982635498],[[749.01806640625,222.69969177246095,41.88727951049805,0.6747471690177918,0,0.7380489110946655,0,1,0,-0.7380489110946655,0,0.6747471690177918],8,2.0847721099853517],[[748.8182983398438,222.69969177246095,41.89657974243164,0.6760329604148865,0,0.7368714213371277,0,1,0,-0.7368714213371277,0,0.6760329604148865],8,2.0943171977996828],[[748.6851196289063,222.69969177246095,41.90238952636719,0.6760329604148865,0,0.7368714213371277,0,1,0,-0.7368714213371277,0,0.6760329604148865],8,2.103635311126709],[[748.5519409179688,222.69969177246095,41.908138275146487,0.6773205399513245,0,0.7356880307197571,0,1,0,-0.7356880307197571,0,0.6773205399513245],8,2.113778829574585],[[748.3521728515625,222.69969177246095,41.91646194458008,0.6786016821861267,0,0.7345064282417297,0,1,0,-0.7345064282417297,0,0.6786016821861267],8,2.1240646839141847],[[748.218994140625,222.69969177246095,41.92179489135742,0.679884672164917,0,0.7333190441131592,0,1,0,-0.7333190441131592,0,0.679884672164917],8,2.1441783905029299],[[747.6196899414063,224.5645751953125,41.945655822753909,0.6875340342521668,0,0.7261521220207214,0,1,0,-0.7261521220207214,0,0.6875340342521668],3,2.1732470989227297],[[747.4197387695313,225.1248779296875,41.95159149169922,0.6510246992111206,0,0.7590565085411072,0,1,0,-0.7590565085411072,0,0.6510246992111206],5,2.1897592544555666],[[747.2197875976563,225.654541015625,41.95708084106445,0.6329889893531799,0,0.7741608023643494,0,1,0,-0.7741608023643494,0,0.6329889893531799],5,2.195127248764038],[[747.1531372070313,225.82427978515626,41.958900451660159,0.6687474846839905,0,0.7434896230697632,0,1,0,-0.7434896230697632,0,0.6687474846839905],5,2.203310489654541],[[746.9531860351563,226.3130645751953,41.964359283447269,0.6289972066879273,0,0.7774075865745544,0,1,0,-0.7774075865745544,0,0.6289972066879273],5,2.2111308574676515],[[746.8198852539063,226.62188720703126,41.96799850463867,0.6486933827400208,0,0.7610498666763306,0,1,0,-0.7610498666763306,0,0.6486933827400208],5,2.219766616821289],[[746.7532348632813,226.7711944580078,41.969818115234378,0.6683188676834106,0,0.7438749074935913,0,1,0,-0.7438749074935913,0,0.6683188676834106],5,2.2275209426879885],[[746.4199829101563,227.4665985107422,41.97891616821289,0.586950957775116,0,0.8096225261688232,0,1,0,-0.8096225261688232,0,0.586950957775116],5,2.2452383041381838],[[746.2866821289063,227.72091674804688,41.9825553894043,0.6486108899116516,0,0.7611202001571655,0,1,0,-0.7611202001571655,0,0.6486108899116516],5,2.252877950668335],[[746.1533813476563,227.9616241455078,41.9861946105957,0.6486101150512695,0,0.7611207962036133,0,1,0,-0.7611207962036133,0,0.6486101150512695],5,2.2617344856262209],[[745.9534301757813,228.297119140625,41.99165344238281,0.6297468543052673,0,0.7768004536628723,0,1,0,-0.7768004536628723,0,0.6297468543052673],5,2.280212879180908],[[745.2869262695313,229.1940460205078,42.008766174316409,0.4810420274734497,0,0.8766975402832031,0,1,0,-0.8766975402832031,0,0.4810420274734497],5,2.3149430751800539],[[745.1536254882813,229.33255004882813,42.011653900146487,0.6801328063011169,0,0.7330889105796814,0,1,0,-0.7330889105796814,0,0.6801328063011169],5,2.321868419647217],[[745.0869750976563,229.39669799804688,42.011497497558597,0.7131801247596741,0,0.7009807825088501,0,1,0,-0.7009807825088501,0,0.7131801247596741],5,2.330794334411621],[[744.7537231445313,229.6663360595703,42.00096130371094,0.6683639883995056,0,0.743834376335144,0,1,0,-0.743834376335144,0,0.6683639883995056],5,2.347886323928833],[[744.6871948242188,229.7100372314453,41.99656295776367,0.7656624913215637,0,0.6432425379753113,0,1,0,-0.6432425379753113,0,0.7656624913215637],5,2.3558826446533205],[[744.5545654296875,229.7872314453125,41.9830207824707,0.7694644331932068,0,0.6386896371841431,0,1,0,-0.6386896371841431,0,0.7694644331932068],5,2.3649604320526125],[[744.3565673828125,229.8774871826172,41.955162048339847,0.7743419408798218,0,0.632767379283905,0,1,0,-0.632767379283905,0,0.7743419408798218],5,2.374014377593994],[[744.2252197265625,229.92062377929688,41.932247161865237,0.8141868710517883,0,0.5806029438972473,0,1,0,-0.5806029438972473,0,0.8141868710517883],5,2.3835861682891847],[[744.02978515625,229.95977783203126,41.890079498291019,0.8449403643608093,0,0.5348604917526245,0,1,0,-0.5348604917526245,0,0.8449403643608093],5,2.4064292907714845],[[743.7105712890625,229.9569091796875,41.794742584228519,0.8877114653587341,0,0.46040016412734988,0,1,0,-0.46040016412734988,0,0.8877114653587341],5,2.4147825241088869],[[743.586181640625,229.9319305419922,41.74775695800781,0.9465602040290833,0,0.322527140378952,0,1,0,-0.322527140378952,0,0.9465602040290833],5,2.4382877349853517],[[743.2327270507813,229.77520751953126,41.56241989135742,0.9581833481788635,0,0.2861550748348236,0,1,0,-0.2861550748348236,0,0.9581833481788635],5,2.4550859928131105],[[743.0670166015625,229.65086364746095,41.45167541503906,0.995961606502533,0,0.08978001028299332,0,1,0,-0.08978001028299332,0,0.995961606502533],5,2.4626779556274416],[[742.964111328125,229.55093383789063,41.36798095703125,0.9985060691833496,0,0.05464111268520355,0,1,0,-0.05464111268520355,0,0.9985060691833496],5,2.4704675674438478],[[742.7254638671875,229.24151611328126,41.13591003417969,0.9999468326568604,0,0.010313150472939015,0,1,0,-0.010313150472939015,0,0.9999468326568604],5,2.489717721939087],[[742.6368408203125,229.09390258789063,41.036720275878909,0.9924113750457764,0,-0.1229621022939682,0,1,0,0.1229621022939682,0,0.9924113750457764],5,2.4991886615753176],[[742.555908203125,228.9326629638672,40.93121337890625,0.9866400957107544,0,-0.1629151552915573,0,1,0,0.1629151552915573,0,0.9866400957107544],5,2.5120372772216799],[[742.4338989257813,228.68563842773438,40.88455581665039,0.9826534390449524,0.0012800551485270262,-0.1854468733072281,-0.0013322087470442057,0.9999991059303284,-0.00015662431542295963,0.18544651567935944,0.00040096137672662735,0.9826542735099793],5,2.522409677505493],[[742.348876953125,228.51071166992188,40.8853645324707,0.9675909280776978,0.001363128307275474,-0.25251927971839907,-0.0014319169567897916,0.9999989867210388,-0.00008863844414008781,0.252518892288208,0.0004473523877095431,0.9675918817520142],5,2.5628464221954347],[[741.9463500976563,227.44712829589845,40.81489181518555,0.9914677739143372,-0.0004284784372430295,-0.13035151362419129,-0.00076909433118999,0.9999579787254334,-0.009136776439845562,0.13034994900226594,0.009159072302281857,0.9914257526397705],5,2.569990634918213],[[741.8678588867188,227.2058868408203,40.83076095581055,0.9349229335784912,-0.0024439608678221704,-0.3548423945903778,-0.0011148231569677592,0.9999511241912842,-0.009824404492974282,0.35484904050827029,0.009580647572875023,0.9348745346069336],5,2.5783607959747316],[[741.7915649414063,226.95101928710938,40.83604049682617,0.9357354044914246,-0.002017067279666662,-0.3526969850063324,-0.0006588674150407314,0.9999719262123108,-0.007466851733624935,0.35270214080810549,0.007219378370791674,0.9357078075408936],5,2.6119277477264406],[[741.5068359375,225.7952880859375,40.760597229003909,0.9789257049560547,-0.0002203550684498623,-0.20421649515628816,0.00016647353186272085,0.9999999403953552,-0.00028102449141442776,0.20421653985977174,0.00024110545928124338,0.9789257049560547],5,2.6186108589172365],[[741.4735107421875,225.635498046875,40.74042892456055,0.9278822541236877,-0.00018429354531690478,-0.37287333607673647,0.00017023709369823337,1,-0.00007062334771035239,0.37287333607673647,0.000002053280468317098,0.9278822541236877],5,2.6267483234405519],[[741.359130859375,225.13568115234376,40.67672348022461,0.9541136026382446,-0.00004721129880635999,-0.2994447946548462,0.00010085502435686067,1,0.00016368912474717945,0.2994447648525238,-0.00018637852917890996,0.9541136026382446],5,2.638763904571533],[[741.2227172851563,224.60520935058595,40.608673095703128,0.9670347571372986,0.000007312492471100995,-0.25464439392089846,0.000028272868803469465,1,0.00013608521840069443,0.25464439392089846,-0.0001387986703775823,0.9670347571372986],5,2.66325306892395],[[740.946044921875,223.6529541015625,40.492767333984378,0.9944111108779907,0.000013832459444529377,-0.10557699203491211,-0.000010547923011472449,1,0.00003166871101711877,0.10557699203491211,-0.00003037810165551491,0.9944111108779907],5,2.6730949878692629],[[740.7572021484375,223.0407257080078,40.43394470214844,0.9903719425201416,0.00001068482015398331,-0.13843201100826264,-0.000010067922630696558,1,0.000005156555289431708,0.13843201100826264,-0.000003713185151354992,0.9903719425201416],5,2.681217670440674],[[740.6281127929688,222.61553955078126,40.40105056762695,0.9908342361450195,0.000006609471256524557,-0.1350831836462021,-0.000006879785814817296,1,-0.0000015342858432632057,0.1350831836462021,0.0000024495661818946248,0.9908342361450195],5,2.6905014514923097],[[740.4978637695313,222.17674255371095,40.37286376953125,0.9914067387580872,0.0000016929658386288793,-0.13081544637680055,-0.0000022503941181639677,1,-0.000004113352588319685,0.13081544637680055,0.0000043723916860471949,0.9914067387580872],7,2.701143503189087],[[740.3008422851563,221.49298095703126,40.338897705078128,0.9942468404769898,-0.0000031006316021375825,-0.10711295902729035,0.0000028145996111561546,1,-0.0000028215522434038577,0.10711295902729035,0.0000025038393687282225,0.9942468404769898],7,2.7222914695739748],[[740.036376953125,221.35110473632813,40.30524826049805,0.9998157024383545,-0.000002013285666180309,0.019199417904019357,0.0000019911740309908056,1,0.000001170796394944773,-0.019199417904019357,-0.0000011323512580929674,0.9998157024383545],7,2.729999542236328],[[739.836669921875,221.44850158691407,40.30246353149414,0.9983820915222168,-4.0208578866440805e-7,0.056860942393541339,3.336948282139929e-7,1,0.0000012122702628403204,-0.056860942393541339,-0.000001191334717987047,0.9983820915222168],8,2.7452287673950197],[[739.6369018554688,221.53916931152345,40.31147003173828,0.9913073182106018,1.3474745230723784e-7,0.13156673312187196,-1.9231181624945749e-7,1,4.248236962212104e-7,-0.13156673312187196,-4.464326650577277e-7,0.9913073182106018],8,2.7524256706237795],[[739.5044555664063,221.58509826660157,40.32623291015625,0.9867416024208069,1.8288406522515289e-7,0.16229918599128724,-2.0026115521432076e-7,1,9.070866724414373e-8,-0.16229918599128724,-1.2200824528463273e-7,0.9867416024208069],8,2.7614188194274904],[[739.3726806640625,221.6202850341797,40.34640884399414,0.9821590185165405,1.34034451093612e-7,0.1880521923303604,-1.2572382956932416e-7,1,-5.6120850189245178e-8,-0.1880521923303604,3.147695792904415e-8,0.9821590185165405],8,2.7712481021881105],[[739.176025390625,221.65737915039063,40.3828125,0.9780059456825256,3.756712985136801e-8,0.20857708156108857,-1.9459934108567724e-8,1,-8.88649864805302e-8,-0.20857708156108857,8.285158514809155e-8,0.9780059456825256],8,2.7878496646881105],[[738.980224609375,221.68116760253907,40.423683166503909,0.9713826179504395,-3.08718171027067e-8,0.2375200241804123,4.97889232065063e-8,1,-7.364548793020731e-8,-0.2375200241804123,8.3363815406301e-8,0.9713826179504395],8,2.796132802963257],[[738.7857055664063,221.69630432128907,40.47004699707031,0.9688414931297302,-7.205530749843092e-8,0.2476816326379776,8.525857708718832e-8,1,-4.258185626326849e-8,-0.2476816326379776,6.237205241177435e-8,0.9688414931297302],8,2.8068110942840578],[[738.6564331054688,221.7032012939453,40.50267028808594,0.9652858376502991,-7.716536032376098e-8,0.2611957788467407,8.488309788390325e-8,1,-1.826635731561055e-8,-0.2611957788467407,3.980336416020691e-8,0.9652858376502991],8,2.817466974258423],[[738.527587890625,221.70828247070313,40.53697204589844,0.9652858376502991,-8.315145549886438e-8,0.26119574904441836,8.45077821054474e-8,1,6.038738842306657e-9,-0.26119574904441836,1.6243964395812328e-8,0.9652858376502991],8,2.826805830001831],[[738.3345336914063,221.71353149414063,40.58913040161133,0.9652858376502991,-9.212580920348046e-8,0.26119571924209597,8.394511041842634e-8,1,4.247689489034201e-8,-0.26119571924209597,-1.9076242807614109e-8,0.9652858376502991],8,2.836625576019287],[[737.8198852539063,221.7199249267578,40.72843551635742,0.9648288488388062,-4.8415444098282026e-8,0.2628788948059082,3.2105049285746648e-8,1,6.634069649180674e-8,-0.2628788948059082,-5.556767845860122e-8,0.9648288488388062],8,2.8685719966888429],[[737.7555541992188,221.7169647216797,40.745849609375,0.9652859568595886,-3.778276891353016e-8,0.26119527220726015,2.1864405397309384e-8,1,6.385018025412137e-8,-0.26119527220726015,-5.592280416522044e-8,0.9652859568595886],8,2.876911163330078],[[737.4982299804688,222.57986450195313,40.81550598144531,0.968406617641449,5.023760518696463e-9,0.2493765652179718,-1.9194933642552315e-8,1,5.4394607928998087e-8,-0.2493765652179718,-5.746286646512999e-8,0.968406617641449],3,2.898463249206543],[[737.2401123046875,223.3882598876953,40.882469177246097,0.94656902551651,4.8237311034426969e-8,0.3225012421607971,-6.459531931568563e-8,1,4.0020367464421727e-8,-0.3225012421607971,-5.8714110906521458e-8,0.94656902551651],5,2.9157137870788576],[[736.9810180664063,224.14215087890626,40.94551086425781,0.9402762651443481,9.79346594931485e-8,0.34041228890419009,-1.1111870890090359e-7,1,1.9234388304312234e-8,-0.34041228890419009,-5.591181206909823e-8,0.9402762651443481],5,2.9225974082946779],[[736.916015625,224.32211303710938,40.960418701171878,0.9705775380134583,1.1611091110808047e-7,0.24078868329524995,-1.2306104224535375e-7,1,1.3826966238639216e-8,-0.24078868329524995,-4.305185186126437e-8,0.9705775380134583],5,2.930759906768799],[[736.7857055664063,224.67181396484376,40.988746643066409,0.9638965725898743,1.4101512135766826e-7,0.2662769556045532,-1.4677640081117716e-7,1,1.735588561757595e-9,-0.2662769556045532,-4.07561024928782e-8,0.9638965725898743],5,2.940049409866333],[[736.6551513671875,225.0078887939453,41.015953063964847,0.9652389287948608,1.3268147824874178e-7,0.26136916875839236,-1.3506586071798666e-7,1,-8.840553178401933e-9,-0.26136916875839236,-2.6768805838628397e-8,0.9652389287948608],5,2.948305368423462],[[736.5244750976563,225.33033752441407,41.042388916015628,0.9652248620986939,1.2395310022839113e-7,0.2614210247993469,-1.2333597965152877e-7,1,-1.876719402105209e-8,-0.2614210247993469,-1.4128058722917558e-8,0.9652248620986939],5,2.969109058380127],[[736.1976318359375,226.07684326171876,41.10795974731445,0.9343173503875732,1.0082327861482554e-7,0.35644230246543887,-9.288118718586702e-8,1,-3.939703674404882e-8,-0.35644230246543887,3.7025513766053565e-9,0.9343173503875732],5,2.975590705871582],[[736.06689453125,226.3516082763672,41.13417434692383,0.9652177691459656,9.054575400568865e-8,0.2614471912384033,-8.101179815866999e-8,1,-4.7243684520026366e-8,-0.2614471912384033,2.4420138799996495e-8,0.9652177691459656],5,2.9846062660217287],[[735.9361572265625,226.61273193359376,41.1603889465332,0.965217649936676,8.097040904431197e-8,0.26144763827323916,-6.910581618058132e-8,1,-5.457404839148694e-8,-0.26144763827323916,3.460828068568844e-8,0.965217649936676],5,2.9955625534057619],[[735.4785766601563,227.41941833496095,41.252140045166019,0.9092324376106262,5.35726520922708e-8,0.4162887930870056,-2.5548558824084467e-8,1,-7.288947756478592e-8,-0.4162887930870056,5.563790139717639e-8,0.9092324376106262],5,3.020562171936035],[[735.3478393554688,227.61923217773438,41.27818298339844,0.9642963409423828,3.3509138575027467e-8,0.2648255228996277,-1.331405119486817e-8,1,-7.805307689068286e-8,-0.2648255228996277,7.17404020633694e-8,0.9642963409423828],5,3.0278449058532717],[[735.0865478515625,227.97799682617188,41.33133316040039,0.9427905678749085,1.7705845678506195e-8,0