[[[776,222.69961547851563,47,1,4.4463597248523e-8,-1.7025792532548643e-14,-4.4463597248523e-8,1,-3.797918424197633e-8,1.5337100215057424e-14,3.797918424197633e-8,1],8,0.008903264999389649],[[776,222.69961547851563,47,1,6.697457877180568e-8,-1.8318259777973246e-14,-6.697457877180568e-8,1,-5.7207245163226619e-8,1.4486828213812823e-14,5.7207245163226619e-8,1],8,0.019783735275268556],[[776,222.69961547851563,47,1,8.197388723374388e-8,-1.9419655025222118e-14,-8.197388723374388e-8,1,-7.00191051805632e-8,1.3679916676171116e-14,7.00191051805632e-8,1],8,0.03069901466369629],[[776,222.69961547851563,47,1,6.997099433192489e-8,-1.890605151545679e-14,-6.997099433192489e-8,1,-5.976667694085336e-8,1.4724117717722537e-14,5.976667694085336e-8,1],8,0.059296369552612308],[[776,222.69961547851563,47,1,3.100820222812217e-8,-1.7563043508135417e-14,-3.100820222812217e-8,1,-2.6486072002285256e-8,1.6741758668411753e-14,2.6486072002285256e-8,1],8,0.0705413818359375],[[776,222.69961547851563,47,1,1.8031702353482616e-8,-1.740163460377253e-14,-1.8031702353482616e-8,1,-1.5402013886500755e-8,1.7123911135092687e-14,1.5402013886500755e-8,1],8,0.07952547073364258],[[776,222.69961547851563,47,1,-1.4226513300741317e-9,-1.742883791390655e-14,1.4226513300741317e-9,1,1.2151949446703725e-9,1.7427108272628258e-14,-1.2151949446703725e-9,1],8,0.09047627449035645],[[776,222.69961547851563,47,1,-2.7342395014784416e-8,-1.7967125657820765e-14,2.7342395014784416e-8,1,2.3354914446827025e-8,1.7328545824819853e-14,-2.3354914446827025e-8,1],8,0.10664057731628418],[[776,222.69961547851563,47,1,-4.029396194482615e-8,-1.8451032192455357e-14,4.029396194482615e-8,1,3.4417681149534476e-8,1.7064208864838415e-14,-3.4417681149534476e-8,1],8,0.11803507804870606],[[776,222.69961547851563,47,1,-5.971092775780562e-8,-1.9444837314743988e-14,5.971092775780562e-8,1,5.100297073568072e-8,1.6399403197724615e-14,-5.100297073568072e-8,1],8,0.1295619010925293],[[776,222.69961547851563,47,1,-7.911545196748193e-8,-2.0759625572394637e-14,7.911545196748193e-8,1,6.757763770792735e-8,1.541319087877517e-14,-6.757763770792735e-8,1],8,0.1404268741607666],[[776,222.69961547851563,47,1,-7.721305905761256e-8,-2.086577404727865e-14,7.721305905761256e-8,1,6.595268331466286e-8,1.5773366228606646e-14,-6.595268331466286e-8,1],8,0.15764594078063966],[[776,222.69961547851563,47,-0.18977193534374238,-2.7122931456347034e-8,0.9818282127380371,1.017414490434021e-7,1,4.7289947957551706e-8,-0.9818282127380371,1.0886692791700625e-7,-0.18977193534374238],8,0.17467641830444337],[[776,222.69961547851563,47,-0.14076849818229676,-1.3398093301475456e-8,0.9900425672531128,1.2156841933119723e-7,1,3.081796862147712e-8,-0.9900425672531128,1.2469610055632075e-7,-0.14076849818229676],8,0.20037508010864259],[[776,222.69961547851563,47,-0.11954399943351746,1.4776677659256166e-8,0.992828905582428,6.75968507835023e-8,1,-6.744242941891798e-9,-0.992828905582428,6.63058798977545e-8,-0.11954399943351746],8,0.2070941925048828],[[776,222.69961547851563,47,-0.10659538209438324,3.28414415662337e-8,0.99430251121521,3.5031785472483537e-8,1,-2.9274003665591409e-8,-0.99430251121521,3.1711717696225608e-8,-0.10659538209438324],8,0.21959185600280763],[[776,222.69961547851563,47,-0.11496508866548538,4.573455569811813e-8,0.9933695197105408,1.3458793191034602e-8,1,-4.448220281005888e-8,-0.9933695197105408,8.255654826427872e-9,-0.11496508866548538],8,0.22927618026733399],[[776,222.69961547851563,47,-0.1149253249168396,5.835764582684533e-8,0.9933741092681885,-8.106866289381287e-9,1,-5.968479399598437e-8,-0.9933741092681885,-1.4912444612491528e-8,-0.1149253249168396],8,0.23897719383239747],[[776,222.69961547851563,47,-0.1322459727525711,7.701378024194128e-8,0.9912169575691223,-4.00364434938183e-8,1,-8.303776866114277e-8,-0.9912169575691223,-5.06662125587809e-8,-0.1322459727525711],8,0.2575714588165283],[[776,222.69961547851563,47,-0.2452099621295929,6.01482597062386e-8,0.9694700241088867,-4.822865307119173e-8,1,-7.424097958619314e-8,-0.9694700241088867,-6.496085802609741e-8,-0.2452099621295929],8,0.26772308349609377],[[776,222.69961547851563,47,-0.3620140850543976,3.4997484021914718e-8,0.9321726560592651,-4.887129989583627e-8,1,-5.6523418834331099e-8,-0.9321726560592651,-6.601876378908855e-8,-0.3620140850543976],8,0.2803983688354492],[[776,222.69961547851563,47,-0.42789870500564577,1.3195983861180594e-8,0.9038267135620117,-5.101543720797963e-8,1,-3.875236487260736e-8,-0.9038267135620117,-6.269119978696836e-8,-0.42789870500564577],8,0.29178810119628909],[[776,222.69961547851563,47,-0.5696931481361389,-1.3964018386047883e-8,0.8218575119972229,-5.5905047702253799e-8,1,-2.176131808084847e-8,-0.8218575119972229,-5.834325378373251e-8,-0.5696931481361389],8,0.3033335208892822],[[775.8722534179688,222.69961547851563,46.81354904174805,-0.7548679113388062,-5.528828594947299e-8,0.6558768153190613,-7.049943917536439e-8,1,3.1568743175114379e-9,-0.6558768153190613,-4.385592689004625e-8,-0.7548679113388062],8,0.32657432556152346],[[775.6817016601563,222.69961547851563,46.63019943237305,-0.789085328578949,-7.980983696143085e-8,0.6142836213111877,-8.334762213735303e-8,1,2.2858262838099109e-8,-0.6142836213111877,-3.316195673619404e-8,-0.789085328578949],8,0.35090208053588869],[[775.4738159179688,222.69961547851563,46.46332550048828,-0.8733958005905151,-1.0611648804115248e-7,0.4870111048221588,-9.91449411458234e-8,1,4.0088846020580607e-8,-0.4870111048221588,-1.3271259646785439e-8,-0.8733958005905151],8,0.3579287528991699],[[775.3607788085938,222.69961547851563,46.39323043823242,-0.8882889747619629,-1.1758370277448194e-7,0.45928502082824709,-1.0726865440346956e-7,1,4.8549672726494467e-8,-0.45928502082824709,-6.140747466076846e-9,-0.8882889747619629],8,0.36765527725219729],[[775.1843872070313,222.69961547851563,46.29912185668945,-0.9017764329910278,-1.1640179309324594e-7,0.4322027564048767,-1.0396122007705344e-7,1,5.2410619844067699e-8,-0.4322027564048767,2.330336590361526e-9,-0.9017764329910278],8,0.37871885299682619],[[775.0046997070313,222.69961547851563,46.21136474609375,-0.9125164151191711,-7.90679806073058e-8,0.40904003381729128,-6.875652758253637e-8,1,3.991423369598124e-8,-0.40904003381729128,8.29822344172726e-9,-0.9125164151191711],8,0.3897731304168701],[[774.8226318359375,222.69961547851563,46.12855911254883,-0.9281603097915649,-4.145963217183635e-8,0.3721805810928345,-3.309645180138432e-8,1,2.8859158618388393e-8,-0.3721805810928345,1.446807029736874e-8,-0.9281603097915649],8,0.4024076461791992],[[774.699462890625,222.69961547851563,46.077613830566409,-0.9332607388496399,-1.645844882602887e-8,0.3591996431350708,-9.234718767459072e-9,1,2.1826437546224043e-8,-0.3591996431350708,1.705264907059245e-8,-0.9332607388496399],8,0.41315364837646487],[[774.5131225585938,222.69961547851563,46.00507354736328,-0.9399870038032532,2.1045327258661929e-8,0.34121018648147585,2.6734797486938079e-8,1,1.19721947910989e-8,-0.34121018648147585,2.0375892972879229e-8,-0.9399870038032532],8,0.4251563549041748],[[774.3880004882813,222.69961547851563,45.958927154541019,-0.9399864077568054,4.581423240779259e-8,0.34121188521385195,5.0701675746722688e-8,1,5.406184833134375e-9,-0.34121188521385195,2.238175511592999e-8,-0.9399864077568054],8,0.43593597412109377],[[774.2000122070313,222.69961547851563,45.89057922363281,-0.9399863481521606,8.294779263451346e-8,0.3412119746208191,8.663278094900306e-8,1,-4.437575640281466e-9,-0.3412119746208191,2.5388883884147618e-8,-0.9399863481521606],8,0.4470202922821045],[[774.011962890625,222.69961547851563,45.82233428955078,-0.9399862885475159,1.018160418198022e-7,0.3412122130393982,1.0411579864921805e-7,1,-1.1572335090193065e-8,-0.3412122130393982,2.4647745178185688e-8,-0.9399862885475159],8,0.45765089988708498],[[773.8865966796875,222.69961547851563,45.77684020996094,-0.9411726593971252,9.015686686097979e-8,0.3379260301589966,9.120753219349354e-8,1,-1.27685702011604e-8,-0.3379260301589966,1.8803969936698196e-8,-0.9411726593971252],8,0.4696652889251709],[[773.6356201171875,222.69961547851563,45.68659591674805,-0.9399862289428711,6.66163302298628e-8,0.3412124514579773,6.539934105376233e-8,1,-1.5069346659402073e-8,-0.3412124514579773,8.150091268532833e-9,-0.9399862289428711],8,0.48125576972961428],[[773.4475708007813,222.69961547851563,45.61847686767578,-0.9387899041175842,4.899493433185853e-8,0.3444902002811432,4.605177394978455e-8,1,-1.672614047265597e-8,-0.3444902002811432,1.6205262132196197e-10,-0.9387899041175842],8,0.4952363967895508],[[773.259765625,222.69961547851563,45.54970932006836,-0.9375812411308289,3.141279592000501e-8,0.347766250371933,2.671094634365545e-8,1,-1.8314347371983787e-8,-0.347766250371933,-7.88202303425578e-9,-0.9375812411308289],8,0.5074059963226318],[[773.0722045898438,222.69961547851563,45.480289459228519,-0.9363599419593811,1.3870143256156098e-8,0.35104140639305117,7.377078947712334e-9,1,-1.9833962028315e-8,-0.35104140639305117,-1.598206722519535e-8,-0.9363599419593811],8,0.5220580101013184],[[772.8848876953125,222.69961547851563,45.410213470458987,-0.9357457756996155,-3.6607363806950845e-9,0.35267525911331179,-1.194702203832776e-8,1,-2.131887377743169e-8,-0.35267525911331179,-2.416246580594361e-8,-0.9357457756996155],8,0.5344212055206299],[[772.69775390625,222.69961547851563,45.339744567871097,-0.9369704127311707,-2.1292505536507634e-8,0.34940874576568606,-3.125344250065609e-8,1,-2.287019462698936e-8,-0.34940874576568606,-3.234892176351423e-8,-0.9369704127311707],8,0.5467746257781982],[[772.5104370117188,222.69961547851563,45.269744873046878,-0.9429289698600769,-3.939039316946946e-8,0.3329940140247345,-5.051747464790424e-8,1,-2.4757198957559013e-8,-0.3329940140247345,-4.0166295178778458e-8,-0.9429289698600769],8,0.5602223873138428],[[772.2592163085938,222.69961547851563,45.1802978515625,-0.9518666863441467,-6.386171236272276e-8,0.3065122663974762,-7.610336894003922e-8,1,-2.7987622885916609e-8,-0.3065122663974762,-4.996710245563918e-8,-0.9518666863441467],8,0.576472282409668],[[772.0057983398438,222.69961547851563,45.097511291503909,-0.9575793743133545,-8.815405294626544e-8,0.2881695628166199,-1.0160065500031124e-7,1,-3.1705798875236726e-8,-0.2881695628166199,-5.963903504380142e-8,-0.9575793743133545],8,0.5900168418884277],[[771.814453125,222.69961547851563,45.03915786743164,-0.9696752429008484,-1.0826588692225414e-7,0.2443971484899521,-1.2056310083607969e-7,1,-3.5357025751636687e-8,-0.2443971484899521,-6.375010741521692e-8,-0.9696752429008484],8,0.6030476093292236],[[771.6856079101563,222.69961547851563,45.00503158569336,-0.9749741554260254,-8.982755161923706e-8,0.22231832146644593,-9.859779481757869e-8,1,-2.835011692070566e-8,-0.22231832146644593,-4.956072530148958e-8,-0.9749741554260254],8,0.6135566234588623],[[771.4908447265625,222.69961547851563,44.959495544433597,-0.9794186949729919,-6.107551087097818e-8,0.20183917880058289,-6.589478829255313e-8,1,-1.7157626430730489e-8,-0.20183917880058289,-3.010465121633388e-8,-0.9794186949729919],8,0.6247482299804688],[[771.2951049804688,222.69961547851563,44.918296813964847,-0.985576331615448,-3.228896261475711e-8,0.16923153400421143,-3.360186084933048e-8,1,-4.8940957952936518e-9,-0.16923153400421143,-1.050999998142288e-8,-0.985576331615448],8,0.6370761394500732],[[771.0982055664063,222.69961547851563,44.8831672668457,-0.9883811473846436,-2.73486655544275e-9,0.15199574828147889,-1.5485607240961486e-9,1,7.923236289286706e-9,-0.15199574828147889,7.595803097615317e-9,-0.9883811473846436],8,0.6490015983581543],[[770.966552734375,222.69961547851563,44.862247467041019,-0.9883811473846436,1.7076336789045855e-8,0.15199574828147889,1.9808885198813188e-8,1,1.6463559404655826e-8,-0.15199574828147889,1.9283136865055895e-8,-0.9883811473846436],8,0.6601715087890625],[[770.7688598632813,222.69961547851563,44.83174514770508,-0.9883811473846436,4.677726295199136e-8,0.15199574828147889,5.182793572089395e-8,1,2.9267194889825988e-8,-0.15199574828147889,3.68047707866026e-8,-0.9883811473846436],8,0.6722981929779053],[[770.5711059570313,222.69961547851563,44.80134201049805,-0.9889057278633118,7.658734801907485e-8,0.14854446053504945,8.378159321864587e-8,1,4.217425342289971e-8,-0.14854446053504945,5.4151652051359636e-8,-0.9889057278633118],8,0.6834702491760254],[[770.3733520507813,222.69961547851563,44.77149963378906,-0.9889057278633118,7.69931460808948e-8,0.14854446053504945,8.389463346247794e-8,1,4.019491584017487e-8,-0.14854446053504945,5.221106391672947e-8,-0.9889057278633118],8,0.7050282955169678],[[770.0437622070313,223.7697296142578,44.721927642822269,-0.9889057278633118,5.330106134238122e-8,0.14854446053504945,5.758025523050492e-8,1,2.450702041301156e-8,-0.14854446053504945,3.278836047115874e-8,-0.9889057278633118],3,0.7180721759796143],[[769.8460083007813,224.37091064453126,44.69221496582031,-0.9776785373687744,3.928158420762884e-8,0.21010640263557435,4.2843470993148e-8,1,1.2401135229822558e-8,-0.21010640263557435,2.1126011162664328e-8,-0.9776785373687744],5,0.7427146434783936],[[769.4505004882813,225.4813232421875,44.63279724121094,-0.944450318813324,1.4730564323883755e-8,0.32865414023399355,1.2335537924457185e-8,1,-9.372348230840544e-9,-0.32865414023399355,-4.797591657279554e-9,-0.944450318813324],5,0.7634603977203369],[[769.1865844726563,226.15347290039063,44.59436798095703,-0.9656581878662109,-2.0180723758755905e-9,0.25981590151786806,-8.023906872267617e-9,1,-2.2055150594724183e-8,-0.25981590151786806,-2.338247462319032e-8,-0.9656581878662109],5,0.7711076736450195],[[769.054443359375,226.46910095214845,44.57661819458008,-0.9807574152946472,-1.2391742743034229e-8,0.19523048400878907,-1.8198599960328467e-8,1,-2.794988418486355e-8,-0.19523048400878907,-3.096497636079221e-8,-0.9807574152946472],5,0.7846035957336426],[[768.7900390625,227.0594940185547,44.54200744628906,-0.9708166122436523,-2.8762981330032745e-8,0.2398231476545334,-3.9014704356077348e-8,1,-3.799942760451813e-8,-0.2398231476545334,-4.624710570055868e-8,-0.9708166122436523],5,0.7931418418884277],[[768.6575927734375,227.33425903320313,44.52679443359375,-0.9869734644889832,-4.187792157495096e-8,0.16088318824768067,-4.940880060644304e-8,1,-4.2809020328604677e-8,-0.16088318824768067,-5.0200412715639689e-8,-0.9869734644889832],5,0.805966854095459],[[768.3258666992188,227.9615478515625,44.49452590942383,-0.9785727262496948,-6.336508562299059e-8,0.2059016227722168,-7.59003100370137e-8,1,-5.2981075526759017e-8,-0.2059016227722168,-6.747383451966016e-8,-0.9785727262496948],5,0.8244013786315918],[[768.1261596679688,228.2970428466797,44.48431396484375,-0.9928333759307861,-8.431653242269022e-8,0.11950686573982239,-9.198817707556373e-8,1,-5.8677770198301008e-8,-0.11950686573982239,-6.925046847072736e-8,-0.9928333759307861],5,0.83687424659729],[[767.9262084960938,228.6018829345703,44.47944259643555,-0.9969698190689087,-1.0292483665352847e-7,0.07778960466384888,-1.0824171425838358e-7,1,-6.41329904738086e-8,-0.07778960466384888,-7.235873056288256e-8,-0.9969698190689087],5,0.8502271175384522],[[767.7929077148438,228.7880859375,44.48090362548828,-0.9996790885925293,-1.1744512562472664e-7,0.025331856682896615,-1.191975158576497e-7,1,-6.766727267404349e-8,-0.025331856682896615,-7.066505247621535e-8,-0.9996790885925293],5,0.8601152896881104],[[767.5930786132813,229.0418243408203,44.48820114135742,-0.999758780002594,-1.342798299219794e-7,0.021963033825159074,-1.3590644698524557e-7,1,-7.256895173668454e-8,-0.021963033825159074,-7.553636294233002e-8,-0.999758780002594],5,0.8723163604736328],[[767.3936157226563,229.26492309570313,44.50234603881836,-0.9999804496765137,-1.5255282903581247e-7,0.006249680649489164,-1.530362396806595e-7,1,-7.687059877525826e-8,-0.006249680649489164,-7.782552557955569e-8,-0.9999804496765137],5,0.8839147090911865],[[767.1943969726563,229.45736694335938,44.520389556884769,-0.9997645616531372,-1.2635723578569014e-7,-0.02169834077358246,-1.2516248659721897e-7,1,-5.6419548144504009e-8,0.02169834077358246,-5.369044586700511e-8,-0.9997645616531372],5,0.8943367004394531],[[766.9957885742188,229.619140625,44.54357147216797,-0.9994822144508362,-9.851995486087617e-8,-0.0321769155561924,-9.732693939668025e-8,1,-3.8642994582005488e-8,0.0321769155561924,-3.549130411784063e-8,-0.9994822144508362],5,0.9058787822723389],[[766.8635864257813,229.7099609375,44.560726165771487,-0.997245728969574,-8.078919933041107e-8,-0.07416823506355286,-7.893825682003808e-8,1,-2.7887370634971377e-8,0.07416823506355286,-2.195585047104487e-8,-0.997245728969574],5,0.9176232814788818],[[766.6654663085938,229.82064819335938,44.58841323852539,-0.9989349842071533,-5.1668511247271456e-8,-0.046140167862176898,-5.106249290065534e-8,1,-1.431293217279972e-8,0.046140167862176898,-1.194165655249435e-8,-0.9989349842071533],5,0.9282538890838623],[[766.5335083007813,229.87741088867188,44.607627868652347,-0.996843695640564,-3.2903230362535399e-8,-0.07938883453607559,-3.249747138056591e-8,1,-6.4030420965366378e-9,0.07938883453607559,-3.802895776061632e-9,-0.996843695640564],5,0.9409351348876953],[[766.2695922851563,229.95005798339845,44.646419525146487,-0.9999175667762756,5.318359086459168e-9,-0.01283746212720871,5.257262625235626e-9,1,4.792976238121582e-9,0.01283746212720871,4.725090985147062e-9,-0.9999175667762756],5,0.9552044868469238],[[766.0716552734375,229.96878051757813,44.675533294677737,-0.9989351630210877,3.41726504871076e-8,-0.0461360402405262,3.3711572200445519e-8,1,1.0771993963487603e-8,0.0461360402405262,9.205204598572437e-9,-0.9989351630210877],5,0.9790546894073486],[[765.7417602539063,229.93185424804688,44.724056243896487,-0.9997904300689697,8.13657194953521e-8,0.02047327719628811,8.166384191099496e-8,1,1.3725447445267492e-8,-0.02047327719628811,1.5394496344356413e-8,-0.9997904300689697],5,0.9874169826507568],[[765.6098022460938,229.8932342529297,44.743465423583987,-0.9968440532684326,1.0185198107137694e-7,-0.07938490062952042,1.0106085568395429e-7,1,1.3983319391286387e-8,0.07938490062952042,5.916482859191774e-9,-0.9968440532684326],5,0.9974226951599121],[[765.411865234375,229.8097686767578,44.772579193115237,-0.998934805393219,1.3072691729121289e-7,-0.046143967658281329,1.3031996104473365e-7,1,1.1827470558500864e-8,0.046143967658281329,5.801391811388612e-9,-0.998934805393219],5,1.007599115371704],[[765.2799072265625,229.73709106445313,44.791988372802737,-0.9968439340591431,1.5028452082788136e-7,-0.07938596606254578,1.5001718622897898e-7,1,9.33157640048421e-9,0.07938596606254578,-2.607133620102786e-9,-0.9968439340591431],5,1.0212113857269288],[[765.0159912109375,229.5508575439453,44.830806732177737,-0.9999176263809204,1.354719927348924e-7,-0.012837439775466919,1.355055303520203e-7,1,-1.7417735032054794e-9,0.012837439775466919,-3.4811740157181249e-9,-0.9999176263809204],5,1.0438849925994874],[[764.705322265625,229.24143981933595,44.91130065917969,-0.9999823570251465,9.555417790352294e-8,-0.0059413365088403229,9.561787805978384e-8,1,-1.0437685382669315e-8,0.0059413365088403229,-1.1005599098723451e-8,-0.9999823570251465],5,1.0545365810394288],[[764.5341796875,229.01490783691407,44.98516845703125,-0.9977516531944275,7.084628350639832e-8,-0.06701964139938355,7.19232886581267e-8,1,-1.365715007750623e-8,0.06701964139938355,-1.8446717930942215e-8,-0.9977516531944275],5,1.073995590209961],[[764.3238525390625,228.66517639160157,45.11349105834961,-0.9990798830986023,3.9776193005991448e-8,-0.04288865998387337,4.046190937856409e-8,1,-1.5120182439432029e-8,0.04288865998387337,-1.68416267598559e-8,-0.9990798830986023],5,1.0837855339050294],[[764.1795654296875,228.3671112060547,45.232086181640628,-0.9976010918617249,1.5886950421872826e-8,-0.06922435760498047,1.6945755021424703e-8,1,-1.4708025020127025e-8,0.06922435760498047,-1.584580111568812e-8,-0.9976010918617249],5,1.1045234203338624],[[764.0050048828125,227.92201232910157,45.420013427734378,-0.9992625713348389,-1.46486831553716e-8,-0.03839700296521187,-1.4229855516134649e-8,1,-1.1181112036240393e-8,0.03839700296521187,-1.0626482804809712e-8,-0.9992625713348389],5,1.112346887588501],[[763.9426879882813,227.6877899169922,45.46064758300781,-0.9982134699821472,0.002614639000967145,-0.05969111993908882,0.0026189221534878017,0.999996542930603,0.000006475499503721949,0.0596909336745739,-0.0001498624769737944,-0.9982168674468994],5,1.122387170791626],[[763.8642578125,227.3109130859375,45.47151565551758,-0.9991787672042847,0.002509281737729907,-0.040440771728754047,0.0025144575629383327,0.9999968409538269,-0.00007712680962868035,0.040440451353788379,-0.0001787500805221498,-0.9991819262504578],5,1.1339809894561768],[[763.7930297851563,226.9033660888672,45.4583740234375,-0.9995297789573669,0.0013189277378842235,-0.030634969472885133,0.0013206287985667587,0.9999991059303284,-0.00003529040623106994,0.030634894967079164,-0.00007573123002657667,-0.9995306134223938],5,1.1449010372161866],[[763.75048828125,226.61463928222657,45.443050384521487,-0.9988335967063904,0.0006965855718590319,-0.048280540853738788,0.0006936233839951456,0.9999997615814209,0.00007810836541466415,0.048280585557222369,0.00004452874782145955,-0.9988338351249695],5,1.1551434993743897],[[763.6780395507813,226.156005859375,45.45071029663086,-0.99993896484375,0.00017528655007481575,-0.011049564927816391,0.00017503296840004623,1,0.00002391676389379427,0.011049569584429264,0.000021981264580972494,-0.99993896484375],5,1.1670937538146973],[[763.59765625,225.6667022705078,45.47925567626953,-0.9999708533287048,-0.000008684653948876076,0.007635170128196478,-0.0000086454738266184,1,0.000005164505637367256,-0.007635170128196478,0.000005098345354781486,-0.9999708533287048],5,1.178091287612915],[[763.5491943359375,225.65011596679688,45.49999237060547,-0.9992539286613464,-0.00003728826777660288,-0.0386212021112442,-0.00003734308484126814,1,6.979082627367461e-7,0.0386212021112442,0.000002139618345609051,-0.9992539286613464],12,1.191223382949829],[[763.4796142578125,225.81915283203126,45.529747009277347,-0.998848557472229,-0.00001963277827599086,-0.04797493666410446,-0.00001959357177838683,1,-0.0000012874977528554155,0.04797493666410446,-3.460148718659184e-7,-0.998848557472229],12,1.203122615814209],[[763.4585571289063,225.9121856689453,45.53876495361328,-0.9983291029930115,-0.000007724520401097834,-0.05778391286730766,-0.000007688007826800458,1,-8.541811098439212e-7,0.05778391286730766,-4.08510658189698e-7,-0.9983291029930115],12,1.2137343883514405],[[763.4440307617188,226.05213928222657,45.54496765136719,-0.9982974529266357,9.293434573010018e-7,-0.05832797661423683,9.436970458409633e-7,1,-2.1853908549474e-7,0.05832797661423683,-2.732109578573727e-7,-0.9982974529266357],12,1.2287991046905518],[[763.4425048828125,226.23878479003907,45.54560852050781,-0.9982798099517822,0.0000017591905816516374,-0.0586293563246727,0.0000017581339761818527,1,6.960701881553178e-8,0.0586293563246727,-3.359097888733231e-8,-0.9982798099517822],12,1.2534899711608887],[[763.4050903320313,226.4210205078125,45.54789733886719,-0.9983763694763184,1.5315714563257644e-7,-0.05696205049753189,1.5073581494107203e-7,1,4.680424936509553e-8,0.05696205049753189,3.8142033531585187e-8,-0.9983763694763184],8,1.2661395072937012],[[763.33056640625,226.5054931640625,45.55228042602539,-0.9993235468864441,-1.1618439543781278e-7,0.03677643835544586,-1.1553689205356932e-7,1,1.9731549727453058e-8,-0.03677643835544586,1.546916728045744e-8,-0.9993235468864441],5,1.2897088527679444],[[763.21630859375,226.5354766845703,45.558834075927737,-0.9973189830780029,-1.2185812181542134e-7,0.07317697256803513,-1.211026869896159e-7,1,1.4760430211424591e-8,-0.07317697256803513,5.858928897595206e-9,-0.9973189830780029],5,1.2965924739837647],[[763.1443481445313,226.530029296875,45.56291198730469,-0.9999399185180664,-1.1542569211542286e-7,0.010962821543216706,-1.152903266188332e-7,1,1.2979149310865523e-8,-0.010962821543216706,1.1714461400913479e-8,-0.9999399185180664],5,1.3055248260498047],[[763.0624389648438,226.51095581054688,45.56752395629883,-0.9999368786811829,-1.0976675213214549e-7,0.011233010329306126,-1.0965070629254115e-7,1,1.0946767936559354e-8,-0.011233010329306126,9.714369753055508e-9,-0.9999368786811829],5,1.315354585647583],[[762.8344116210938,226.40863037109376,45.49186325073242,-0.9983222484588623,0.0020506023429334165,0.057866040617227557,0.001010866486467421,0.9998376369476318,-0.017991535365581514,-0.0578935407102108,-0.017902854830026628,-0.9981622099876404],5,1.3349344730377198],[[762.68408203125,226.30906677246095,45.44718933105469,-0.9995323419570923,-0.00026251323288306594,0.03057762235403061,-0.0006243723910301924,0.9999299049377441,-0.011825170367956162,-0.030572375282645227,-0.011838732287287712,-0.9994624257087708],5,1.3441717624664307],[[762.5753784179688,226.2256622314453,45.43050003051758,-0.9999415278434753,-0.0011641436722129584,0.01075000874698162,-0.0012397347018122674,0.9999745488166809,-0.00702772568911314,-0.010741553269326687,-0.007040642201900482,-0.9999175071716309],5,1.355233907699585],[[762.3994140625,226.07498168945313,45.418182373046878,-0.9988018274307251,-0.0010836075525730849,0.04892563074827194,-0.0011940044350922108,0.9999967813491821,-0.0022272542119026186,-0.048923060297966,-0.0022830029483884575,-0.9987999200820923],5,1.366229772567749],[[762.2332763671875,226.15797424316407,45.41111755371094,-0.9999380707740784,-0.0005356218316592276,-0.011115572415292263,-0.0005353724700398743,0.9999998807907105,-0.000025404602638445796,0.011115584522485733,-0.000019452005290077069,-0.9999381899833679],12,1.3786025047302247],[[762.0606689453125,226.26165771484376,45.40951919555664,-0.9992328882217407,-0.00005236676588538103,-0.03916199505329132,-0.00006912984827067703,0.9999998807907105,0.00042669055983424187,0.03916196897625923,0.0004290704964660108,-0.9992327690124512],8,1.3922803401947022],[[761.8682250976563,226.33470153808595,45.41581726074219,-0.999779462814331,0.0000793466460891068,0.02100052870810032,0.00008561638969695196,0.9999999403953552,0.00029765284853056073,-0.02100050449371338,0.0002993851958308369,-0.9997794032096863],5,1.4044110774993897],[[761.7354736328125,226.36636352539063,45.421478271484378,-0.9998428821563721,0.00009615721501177177,0.017725856974720956,0.00009931174281518906,1,0.00017708165978547186,-0.017725840210914613,0.00017881422536447644,-0.9998428821563721],5,1.4157493114471436],[[761.5357055664063,226.3883056640625,45.43004608154297,-0.9985162019729614,0.00006622874207096174,0.054454997181892398,0.0000692517714924179,1,0.00005362730007618666,-0.0544549934566021,0.00005731883356929757,-0.9985162019729614],5,1.4260854721069337],[[761.4025268554688,226.3859100341797,45.43577194213867,-0.9997311234474182,0.00004438084579305723,0.023188553750514985,0.00004468248152988963,1,0.000012489763321354986,-0.023188553750514985,0.000013522527297027409,-0.9997311234474182],5,1.437743902206421],[[761.1361694335938,226.34022521972657,45.44723892211914,-0.9959492683410645,0.000011337493560859003,0.08991675078868866,0.000010469197150086984,1,-0.000010128300345968455,-0.08991675078868866,-0.00000914591691980604,-0.9959492683410645],5,1.4503116607666016],[[761.0029907226563,226.2969512939453,45.45297622680664,-0.9997222423553467,0.0000027863579816767016,0.023568080738186837,0.000002567152932897443,1,-0.000009331183719041292,-0.023568080738186837,-0.000009268089343095199,-0.9997222423553467],5,1.4598891735076905],[[760.80322265625,226.2064971923828,45.461585998535159,-0.9983818531036377,-0.0000016092329815364793,0.05686507746577263,-0.0000018950299818243366,1,-0.000004971953785570804,-0.05686507746577263,-0.000005071669420431135,-0.9983818531036377],5,1.4707155227661133],[[760.6034545898438,226.0853729248047,45.470191955566409,-0.9983816146850586,-0.0000020580300770234318,0.05687003955245018,-0.0000021541166006500136,1,-0.0000016282797332678456,-0.05687003955245018,-0.0000017481492022852763,-0.9983816146850586],5,1.4820010662078858],[[760.4776611328125,226.132080078125,45.475608825683597,-0.9999244809150696,-0.0000014038497511137394,-0.012290602549910546,-0.000001399236793986347,1,-3.8391905832213526e-7,0.012290602549910546,-3.666926033929485e-7,-0.9999244809150696],12,1.4945683479309083],[[760.2559204101563,226.31126403808595,45.48516082763672,-0.999578595161438,-1.2184993636310538e-7,-0.02902897074818611,-1.3055488068403066e-7,1,2.979754469834006e-7,0.02902897074818611,3.016397442934249e-7,-0.999578595161438],12,1.5078396797180176],[[760.0858764648438,226.43006896972657,45.49248504638672,-0.9991357922554016,1.2913453417695565e-7,-0.041565775871276858,1.219413832131977e-7,1,1.7558987508436986e-7,0.041565775871276858,1.7036954602644983e-7,-0.9991357922554016],8,1.5211420059204102],[[759.8944091796875,226.51821899414063,45.500732421875,-0.999803364276886,1.2538527016658919e-7,0.019830357283353807,1.2626620105038456e-7,1,4.317126212072253e-8,-0.019830357283353807,4.5666677550570969e-8,-0.999803364276886],5,1.53267240524292],[[759.6951293945313,226.57571411132813,45.50931930541992,-0.9987725615501404,9.751854435080532e-8,0.049531951546669009,9.51477758803776e-8,1,-5.022125293407953e-8,-0.049531951546669009,-4.544675391571218e-8,-0.9987725615501404],5,1.5435259342193604],[[759.5619506835938,226.59701538085938,45.51505661010742,-0.9997494220733643,6.99780144941542e-8,0.022384418174624444,6.77338007903927e-8,1,-1.0101596359390897e-7,-0.022384418174624444,-9.947446955038686e-8,-0.9997494220733643],5,1.5545942783355713],[[759.3621826171875,226.60342407226563,45.52366256713867,-0.9984095692634583,2.8466182300235233e-8,0.056376732885837558,2.182540370654351e-8,1,-1.1840860736356263e-7,-0.056376732885837558,-1.16989838261361e-7,-0.9984095692634583],5,1.565659523010254],[[759.22900390625,226.5906524658203,45.52939987182617,-0.9997237920761108,-5.821215953716319e-9,0.02350282110273838,-8.851488431105281e-9,1,-1.2882823341442418e-7,-0.02350282110273838,-1.2900068213639316e-7,-0.9997237920761108],5,1.5777041912078858],[[758.96923828125,226.52574157714845,45.48887634277344,-0.9982597827911377,-0.0007835442665964365,0.05896459147334099,-0.0008415792253799737,0.9999991655349731,-0.0009594075381755829,-0.05896379426121712,-0.0010073613375425339,-0.9982596039772034],5,1.5908699035644532],[[758.8474731445313,226.47506713867188,45.45522689819336,-0.9999891519546509,-0.0013912336435168982,-0.004443988669663668,-0.001387951197102666,0.9999987483024597,-0.0007416434236802161,0.004445014987140894,-0.0007354672998189926,-0.9999898672103882],5,1.6028196811676026],[[758.6597900390625,226.37351989746095,45.422645568847659,-0.9989725351333618,-0.001030870247632265,0.04530806094408035,-0.0010444923536852003,0.9999994039535523,-0.0002769814454950392,-0.04530774801969528,-0.0003240207734052092,-0.99897301197052],5,1.6137104034423829],[[758.4660034179688,226.24131774902345,45.41145706176758,-0.9985092878341675,-0.0005005196435377002,0.0545792356133461,-0.0005020226817578077,0.9999998807907105,-0.000013829210729454644,-0.054579220712184909,-0.00004120861194678582,-0.9985094666481018],5,1.6273410320281983],[[758.26708984375,226.07846069335938,45.41727066040039,-0.998407244682312,-0.00016283188597299159,0.05641722306609154,-0.0001597920199856162,1,0.00005839301957166754,-0.05641723424196243,0.00004928499038214795,-0.9984073042869568],5,1.63901948928833],[[758.1415405273438,226.1179962158203,45.42219161987305,-0.9999235272407532,-0.00003614935849327594,-0.012364753521978855,-0.000036755176552105698,1,0.00004876834282185882,0.012364751659333706,0.00004921908475807868,-0.9999235272407532],12,1.6520318984985352],[[757.8709716796875,226.34259033203126,45.43278503417969,-0.9995994567871094,0.00002818014945660252,-0.028301117941737176,0.000028085565645596945,1,0.000003739524800039362,0.028301117941737176,0.0000029431739676510917,-0.9995994567871094],12,1.666428804397583],[[757.7651977539063,226.4254913330078,45.43704605102539,-0.9991036653518677,0.000017553365978528747,-0.0423305369913578,0.000017665290215518327,1,-0.0000022699789496982705,0.0423305369913578,-0.0000030157254968798954,-0.9991036653518677],8,1.6777822971343995],[[757.52392578125,226.5504150390625,45.44717025756836,-0.9987837672233582,0.0000034379329463263277,0.04930528625845909,0.000003266747398811276,1,-0.0000035525308703654447,-0.04930528625845909,-0.0000033871422147058185,-0.9987837672233582],5,1.6910414695739747],[[757.3256225585938,226.60833740234376,45.45569610595703,-0.998616099357605,-2.4980019475151496e-7,0.05259137973189354,-3.5113060903313455e-7,1,-0.000001917509962368058,-0.05259137973189354,-0.000001933322892000433,-0.998616099357605],5,1.704906702041626],[[757.1259155273438,226.63560485839845,45.464298248291019,-0.9984294772148132,-9.668303846410709e-7,0.05602280795574188,-0.0000010032238151325146,1,-6.214923473635281e-7,-0.05602280795574188,-6.767197078261233e-7,-0.9984294772148132],5,1.7162890434265137],[[756.9927368164063,226.63674926757813,45.470035552978519,-0.9997251033782959,-8.318313007293909e-7,0.02344529516994953,-8.356028615708055e-7,1,-1.5107029582850374e-7,-0.02344529516994953,-1.7061972812371096e-7,-0.9997251033782959],5,1.7291998863220215],[[756.6664428710938,226.58120727539063,45.45466995239258,-0.9956775903701782,-0.0006142134661786258,0.09287501871585846,-0.0006385232554748654,0.9999997615814209,-0.00023203168530017138,-0.09287485480308533,-0.00029033160535618663,-0.9956777691841126],5,1.7465076446533204],[[756.48291015625,226.5098419189453,45.407962799072269,-0.9997318387031555,-0.001016329973936081,0.023133767768740655,-0.0010191501351073385,0.999999463558197,-0.00011011908645741642,-0.023133644834160806,-0.00013366634084377438,-0.9997323751449585],5,1.7576067447662354],[[756.3571166992188,226.4452362060547,45.388729095458987,-0.9998363852500916,-0.000773607986047864,0.01807350665330887,-0.000773951702285558,0.9999997019767761,-0.000012022499504382722,-0.018073491752147676,-0.000026008552595158109,-0.9998366832733154],5,1.7685985565185547],[[756.1632080078125,226.32278442382813,45.37771987915039,-0.9985083341598511,-0.0003598891489673406,0.05459824576973915,-0.0003575969021767378,0.9999999403953552,0.00005175306796445511,-0.054598260670900348,0.00003215170363546349,-0.9985083937644959],5,1.7790281772613526],[[755.9642944335938,226.16966247558595,45.38362503051758,-0.9985038042068481,-0.00010765471233753487,0.05468226224184036,-0.00010509374988032505,1,0.00004970908412360586,-0.05468226596713066,0.0000438879469584208,-0.9985038042068481],5,1.7912003993988038],[[755.7645263671875,225.98590087890626,45.39236068725586,-0.9984839558601379,-0.000004722359790321207,0.05504382774233818,-0.000003263883854742744,1,0.000026586527383187787,-0.05504382774233818,0.0000263665642705746,-0.9984839558601379],5,1.804117202758789],[[755.5796508789063,226.0626220703125,45.40058898925781,-0.9999722838401794,0.000018134063793695533,-0.007443958427757025,0.000018087979697156699,1,0.000006257972927414812,0.007443958427757025,0.000006123153525550151,-0.9999722838401794],12,1.818009376525879],[[755.321044921875,226.29244995117188,45.412109375,-0.9992812871932983,0.000004735072707262589,-0.03790638968348503,0.000004832408649235731,1,-0.00000247617253990029,0.03790638968348503,-0.000002657572167663602,-0.9992812871932983],12,1.8386752605438233],[[755.2200927734375,226.37547302246095,45.416656494140628,-0.9989367723464966,8.842374086270866e-7,-0.046101294457912448,9.690949127616478e-7,1,-0.000001818325131353049,0.046101294457912448,-0.0000018610683127917583,-0.9989367723464966],8,1.8490245342254639],[[754.9884033203125,226.5006561279297,45.427276611328128,-0.998955488204956,-0.0000010781111541291467,0.045694202184677127,-0.000001098847747016407,1,-4.2869214667007329e-7,-0.045694202184677127,-4.784553198078356e-7,-0.998955488204956],5,1.8613247871398926],[[754.858642578125,226.54281616210938,45.43330001831055,-0.999862790107727,-9.582805660102168e-7,0.016563307493925096,-9.595289611752378e-7,1,-6.742077829358095e-8,-0.016563307493925096,-8.330449929871975e-8,-0.999862790107727],5,1.8716058731079102],[[754.7259521484375,226.5713348388672,45.439476013183597,-0.9998213648796082,-6.572402639903885e-7,0.018899260088801385,-6.554690799021046e-7,1,9.991305915946214e-8,-0.018899260088801385,8.750733115903131e-8,-0.9998213648796082],5,1.881978988647461],[[754.5262451171875,226.5885772705078,45.44877624511719,-0.9985998868942261,-2.6695278165789207e-7,0.05289822444319725,-2.6011733211817047e-7,1,1.36103722070402e-7,-0.05289822444319725,1.2215342337640323e-7,-0.9985998868942261],5,1.8923754692077637],[[754.3264770507813,226.57516479492188,45.45808029174805,-0.9985787272453308,-5.703568817239102e-8,0.05329645425081253,-5.258127799834256e-8,1,8.498017223246279e-8,-0.05329645425081253,8.205699231211838e-8,-0.9985787272453308],5,1.9041924476623536],[[754.126708984375,226.53109741210938,45.467384338378909,-0.9985744953155518,5.561731697412142e-8,0.05337553843855858,5.708936257065034e-8,1,2.6054415513954156e-8,-0.05337553843855858,2.906445217831788e-8,-0.9985744953155518],5,1.9177601337432862],[[753.9269409179688,226.4563751220703,45.476688385009769,-0.9985736608505249,9.51501704093971e-8,0.053391218185424808,9.426457836525515e-8,1,-1.910508018454493e-8,-0.053391218185424808,-1.4044929663725725e-8,-0.9985736608505249],5,1.928279161453247],[[753.7937622070313,226.3895263671875,45.48289108276367,-0.9997979402542114,1.1999929938610877e-7,0.02010175958275795,1.1900463192660027e-7,1,-5.067814612402799e-8,-0.02010175958275795,-4.827570521115376e-8,-0.9997979402542114],5,1.9395482540130616],[[753.593994140625,226.26370239257813,45.49219512939453,-0.9985734820365906,1.1079141870595777e-7,0.05339457839727402,1.0724936316819367e-7,1,-6.920274131516635e-8,-0.05339457839727402,-6.337749169915696e-8,-0.9985734820365906],5,1.952523946762085],[[753.3942260742188,226.10723876953126,45.50149917602539,-0.9985734820365906,9.981200577158234e-8,0.053395047783851626,9.528731226282616e-8,1,-8.728559208748266e-8,-0.053395047783851626,-8.207319979192107e-8,-0.9985734820365906],5,1.9645328521728516],[[753.2093505859375,226.1891326904297,45.510108947753909,-0.9999579787254334,8.841330156883487e-8,-0.009167012758553028,8.933061934612852e-8,1,-9.96576829948026e-8,0.009167012758553028,-1.0047239129562513e-7,-0.9999579787254334],12,1.9778735637664796],[[753.0179443359375,226.2925262451172,45.51902389526367,-0.9992349147796631,7.234214649542992e-8,-0.03911060094833374,7.612223384967365e-8,1,-9.516209331650316e-8,0.03911060094833374,-9.806647227605936e-8,-0.9992349147796631],8,1.99070405960083],[[752.8187255859375,226.36526489257813,45.52830123901367,-0.9998463988304138,3.9214423708244797e-8,0.01752650924026966,3.808781912084669e-8,1,-6.461379342681539e-8,-0.01752650924026966,-6.393631934997757e-8,-0.9998463988304138],5,2.0024616718292238],[[752.6189575195313,226.40733337402345,45.53760528564453,-0.9989281892776489,8.39197211721654e-10,0.046287115663290027,-6.570637922642675e-10,1,-3.23104316635181e-8,-0.046287115663290027,-3.2306214592381369e-8,-0.9989281892776489],5,2.0141875743865969],[[752.419189453125,226.4187469482422,45.53816604614258,-0.998621940612793,-6.910230467838119e-7,0.05248114839196205,-0.0000024880912405933488,1,-0.000034176831832155588,-0.05248114839196205,-0.00003426031253184192,-0.998621940612793],5,2.0256612300872804],[[752.2194213867188,226.39952087402345,45.53409194946289,-0.9985477924346924,-0.000003881188149534864,0.05387319251894951,-0.000006873748588986928,1,-0.000055362939747283238,-0.05387319251894951,-0.00005565285391639918,-0.9985477924346924],5,2.039212703704834],[[752.0196533203125,226.34962463378907,45.52802276611328,-0.9985295534133911,-0.000007255731361510698,0.05421007424592972,-0.000010416620170872193,1,-0.0000580255982640665,-0.05421007424592972,-0.00005850496017956175,-0.9985295534133911],5,2.0507421493530275],[[751.8198852539063,226.26907348632813,45.520751953125,-0.9985234141349793,-0.000009054920155904256,0.0543227382004261,-0.000012058306310791523,1,-0.000054960062698228288,-0.0543227382004261,-0.000055533950217068198,-0.9985234141349793],5,2.0608408451080324],[[751.6867065429688,226.19834899902345,45.511783599853519,-0.9997802972793579,-0.000011147172699566,0.02096112072467804,-0.000012323502232902684,1,-0.0