[[[776,222.69961547851563,47,1,-5.9521035211673737e-8,-7.105683500364252e-14,5.9521035211673737e-8,1,4.414997789581321e-8,6.842897965929004e-14,-4.414997789581321e-8,1],8,0.007925987243652344],[[776,222.69961547851563,47,1,-7.925285672172322e-8,-7.221991288417634e-14,7.925285672172322e-8,1,5.8786138623645459e-8,6.756094707120741e-14,-5.8786138623645459e-8,1],8,0.017952442169189454],[[776,222.69961547851563,47,1,-8.500403225752962e-8,-7.272105145708988e-14,8.500403225752962e-8,1,6.305210575874298e-8,6.736136578004357e-14,-6.305210575874298e-8,1],8,0.03107929229736328],[[776,222.69961547851563,47,1,-6.282451181505167e-8,-7.168060361852774e-14,6.282451181505167e-8,1,4.660034846892813e-8,6.875295959721944e-14,-4.660034846892813e-8,1],8,0.058055877685546878],[[776,222.69961547851563,47,1,-1.8508103494241369e-8,-7.071331909781764e-14,1.8508103494241369e-8,1,1.3728458370110275e-8,7.045922954243208e-14,-1.3728458370110275e-8,1],8,0.06642007827758789],[[776,222.69961547851563,47,1,1.1004615885212843e-8,-7.087860571901306e-14,-1.1004615885212843e-8,1,-8.162738041050943e-9,7.078877956902263e-14,8.162738041050943e-9,1],8,0.08442091941833496],[[776,222.69961547851563,47,1,2.5751516474770143e-8,-7.120322940198237e-14,-2.5751516474770143e-8,1,-1.91013231898296e-8,7.071134042885285e-14,1.91013231898296e-8,1],8,0.09522414207458496],[[776,222.69961547851563,47,1,4.049211455026125e-8,-7.168887066009294e-14,-4.049211455026125e-8,1,-3.0035234743763797e-8,7.047268042563448e-14,3.0035234743763797e-8,1],8,0.10211539268493653],[[776,222.69961547851563,47,1,5.522641544075668e-8,-7.233531942917385e-14,-5.522641544075668e-8,1,-4.0964476255567209e-8,7.007299607101128e-14,4.0964476255567209e-8,1],8,0.11117887496948242],[[776,222.69961547851563,47,1,7.73160664380157e-8,-7.360605858543548e-14,-7.73160664380157e-8,1,-5.734958108405408e-8,6.917201728941225e-14,5.734958108405408e-8,1],8,0.12476730346679688],[[776,222.69961547851563,47,1,8.514075489074458e-8,-7.426017808488672e-14,-8.514075489074458e-8,1,-6.315358547226424e-8,6.888323326450716e-14,6.315358547226424e-8,1],8,0.13588976860046388],[[776,222.69961547851563,47,1,6.446794742487327e-8,-7.32812383908224e-14,-6.446794742487327e-8,1,-4.7819430193385418e-8,7.019841793357712e-14,4.7819430193385418e-8,1],8,0.14783906936645509],[[776,222.69961547851563,47,1,5.069343700370155e-8,-7.280176353256784e-14,-5.069343700370155e-8,1,-3.7602120528390517e-8,7.089558703553961e-14,3.7602120528390517e-8,1],8,0.15726661682128907],[[776,222.69961547851563,47,1,3.692481342909559e-8,-7.246243535763419e-14,-3.692481342909559e-8,1,-2.738917359579318e-8,7.145109157113971e-14,2.738917359579318e-8,1],8,0.16686797142028809],[[776,222.69961547851563,47,1,2.5289914606929644e-9,-7.22282544646409e-14,-2.5289914606929644e-9,1,-1.8758916642269698e-9,7.222351108013628e-14,1.8758916642269698e-9,1],8,0.1863250732421875],[[776,222.69961547851563,47,1,-1.809086747073252e-8,-7.250837164842969e-14,1.809086747073252e-8,1,1.3419000133296777e-8,7.226560522948303e-14,-1.3419000133296777e-8,1],8,0.20555543899536134],[[776,222.69961547851563,47,1,-3.869751097340668e-8,-7.31032666042089e-14,3.869751097340668e-8,1,2.8704089771736109e-8,7.199249470223393e-14,-2.8704089771736109e-8,1],8,0.21256446838378907],[[776,222.69961547851563,47,1,-5.242793577053817e-8,-7.367445141372858e-14,5.242793577053817e-8,1,3.8888710918172367e-8,7.163559567584244e-14,-3.8888710918172367e-8,1],8,0.22074007987976075],[[776,222.69961547851563,47,1,-6.615249503738596e-8,-7.438509850394778e-14,6.615249503738596e-8,1,4.906897643763841e-8,7.113905818589839e-14,-4.906897643763841e-8,1],8,0.23220229148864747],[[776,222.69961547851563,47,1,-9.358401342751677e-8,-7.622404769001834e-14,9.358401342751677e-8,1,6.941646546465563e-8,6.972777254676474e-14,-6.941646546465563e-8,1],8,0.24429011344909669],[[776,222.69961547851563,47,1,-7.146261538082399e-8,-7.50434192868174e-14,7.146261538082399e-8,1,5.300779903905095e-8,7.125534564516103e-14,-5.300779903905095e-8,1],8,0.2717404365539551],[[775.6425170898438,222.69961547851563,46.97678756713867,0.9603230953216553,-1.6173538952557466e-8,0.27888983488082888,1.1113979070387359e-8,1,1.9722939725852485e-8,-0.27888983488082888,-1.58408184347536e-8,0.9603230953216553],8,0.2911219596862793],[[775.3103637695313,222.69961547851563,46.95161819458008,-0.02990732528269291,2.8676138796868146e-8,0.9995526671409607,3.334237064223089e-8,1,-2.769134432867304e-8,-0.9995526671409607,3.24992832645421e-8,-0.02990732528269291],8,0.3100602626800537],[[775.045166015625,222.69961547851563,46.92436599731445,0.0861554816365242,6.404494712342057e-8,0.9962816834449768,4.741248105233353e-8,1,-6.838406108045092e-8,-0.9962816834449768,5.31278487869713e-8,0.0861554816365242],8,0.32597970962524416],[[774.8463134765625,222.69961547851563,46.903076171875,0.11989834904670716,9.222399199870779e-8,0.992786169052124,5.63844402279301e-8,1,-9.970364089895156e-8,-0.992786169052124,6.793199247567827e-8,0.11989834904670716],8,0.33411574363708498],[[774.7800903320313,222.69961547851563,46.89539337158203,0.1359788328409195,8.587411315374993e-8,0.9907117486000061,5.117360402095983e-8,1,-9.370297959776508e-8,-0.9907117486000061,6.343991287849349e-8,0.1359788328409195],8,0.34050750732421877],[[774.5818481445313,222.69961547851563,46.86897659301758,0.16015630960464478,6.860302192990275e-8,0.9870916604995728,3.5982200330408889e-8,1,-7.533829204930953e-8,-0.9870916604995728,4.758363303380975e-8,0.16015630960464478],8,0.3521614074707031],[[774.4500732421875,222.69961547851563,46.84848403930664,0.17226584255695344,5.755823551112371e-8,0.9850504994392395,2.6008098785723633e-8,1,-6.298006383076427e-8,-0.9850504994392395,3.646860591288714e-8,0.17226584255695344],8,0.35857558250427248],[[774.3186645507813,222.69961547851563,46.826053619384769,0.18258687853813172,4.6722156810119489e-8,0.9831897020339966,1.6167854610671385e-8,1,-5.052350715573084e-8,-0.9831897020339966,2.5120998614625024e-8,0.18258687853813172],8,0.3683586120605469],[[774.1875,222.69961547851563,46.80213928222656,0.19288289546966554,3.6010369797168099e-8,0.9812217950820923,6.4627316831433749e-9,1,-3.796992942284305e-8,-0.9812217950820923,1.3665123255179879e-8,0.19288289546966554],8,0.37865591049194338],[[773.9911499023438,222.69961547851563,46.76401901245117,0.20144560933113099,2.0229210306865754e-8,0.9794996976852417,-7.92230547830286e-9,1,-1.902327895209055e-8,-0.9794996976852417,-3.927739467002311e-9,0.20144560933113099],8,0.38857436180114748],[[773.8604736328125,222.69961547851563,46.73747634887695,0.20999301970005036,9.82803793903031e-9,0.9777028560638428,-1.7396590834550808e-8,1,-6.315696854386488e-9,-0.9777028560638428,-1.5682443788023194e-8,0.20999301970005036],8,0.3988478183746338],[[773.6648559570313,222.69961547851563,46.69585037231445,0.22703790664672852,-5.543242753702771e-9,0.9738858938217163,-3.126550041088194e-8,1,1.2980675201390568e-8,-0.9738858938217163,-3.3396137411045859e-8,0.22703790664672852],8,0.41092944145202639],[[773.469970703125,222.69961547851563,46.65110397338867,0.23383717238903047,-2.0943424772212894e-8,0.9722757935523987,-4.4990436265379688e-8,1,3.236104717529997e-8,-0.9722757935523987,-5.131032665417479e-8,0.23383717238903047],8,0.4230477809906006],[[773.1458129882813,222.69961547851563,46.573463439941409,0.2558525502681732,-4.5806864079622758e-8,0.9667158126831055,-6.710713762458909e-8,1,6.514468253726591e-8,-0.9667158126831055,-8.154096065027261e-8,0.2558525502681732],8,0.4456295967102051],[[772.9522705078125,222.69961547851563,46.523128509521487,0.26597025990486147,-6.055670809246294e-8,0.9639812111854553,-8.015911134862108e-8,1,8.493594094716173e-8,-0.9639812111854553,-9.986231219727415e-8,0.26597025990486147],8,0.46457934379577639],[[772.6951293945313,222.69961547851563,46.4526481628418,0.2760579288005829,-4.271700504432374e-8,0.9611409902572632,-5.1186024307980918e-8,1,5.9145651931657997e-8,-0.9611409902572632,-6.552460973807683e-8,0.2760579288005829],8,0.47086620330810549],[[772.56689453125,222.69961547851563,46.416194915771487,0.27941426634788515,-3.409826732081456e-8,0.9601706266403198,-3.6753878163153789e-8,1,4.620827098733571e-8,-0.9601706266403198,-4.820124743787346e-8,0.27941426634788515],8,0.48148322105407717],[[772.3748168945313,222.69961547851563,46.36049270629883,0.2827671766281128,-2.1352056123191688e-8,0.9591885805130005,-1.5185124269123663e-8,1,2.6737088987260905e-8,-0.9591885805130005,-2.212576966087454e-8,0.2827671766281128],8,0.494138240814209],[[772.1829223632813,222.69961547851563,46.3040771484375,0.28946182131767275,-8.627410785777556e-9,0.9571895599365234,6.233333404992436e-9,1,7.128262868860702e-9,-0.9571895599365234,3.903121825743483e-9,0.28946182131767275],8,0.5139169692993164],[[771.9275512695313,222.69961547851563,46.22715759277344,0.29447290301322939,8.099113379955725e-9,0.955659806728363,3.463265585423869e-8,1,-1.9146449758977725e-8,-0.955659806728363,3.873514842211989e-8,0.29447290301322939],8,0.5208756923675537],[[771.8001098632813,222.69961547851563,46.18806838989258,0.29614216089248659,1.6399486213458659e-8,0.9551438689231873,4.88002562804013e-8,1,-3.230016076827269e-8,-0.9551438689231873,5.6176705953703279e-8,0.29614216089248659],8,0.5312705039978027],[[771.6727294921875,222.69961547851563,46.14866256713867,0.29780900478363039,2.4665883557872804e-8,0.9546254873275757,6.293883103580811e-8,1,-4.5472948073665978e-8,-0.9546254873275757,7.362526588394758e-8,0.29780900478363039],8,0.5387363433837891],[[771.4817504882813,222.69961547851563,46.089176177978519,0.29947561025619509,3.707729945290339e-8,0.954103946685791,8.410084717525024e-8,1,-6.525856122152618e-8,-0.954103946685791,9.978429460488769e-8,0.29947561025619509],8,0.5509881973266602],[[771.3545532226563,222.69961547851563,46.04930877685547,0.29947662353515627,3.867813802571618e-8,0.9541036486625671,8.418591335157544e-8,1,-6.696321719346088e-8,-0.9541036486625671,1.0037600617351927e-7,0.29947662353515627],8,0.5599250793457031],[[771.2273559570313,222.69961547851563,46.0093879699707,0.29947662353515627,3.352523947341979e-8,0.9541036486625671,7.025854387165964e-8,1,-5.719088136402206e-8,-0.9541036486625671,8.416126462407192e-8,0.29947662353515627],8,0.5691635608673096],[[770.9093627929688,222.69961547851563,45.9095573425293,0.29947662353515627,2.0652619170391519e-8,0.9541036486625671,3.54661544577084e-8,1,-3.277830984416141e-8,-0.9541036486625671,4.365472250356106e-8,0.29947662353515627],8,0.5888776779174805],[[770.7821655273438,222.69961547851563,45.869625091552737,0.29947617650032046,1.5507442441275999e-8,0.9541037678718567,2.1559593221809338e-8,1,-2.3020586326083504e-8,-0.9541037678718567,2.746420513233261e-8,0.29947617650032046],8,0.6008408069610596],[[770.5913696289063,222.69961547851563,45.80972671508789,0.3011416494846344,7.745790675528497e-9,0.9535794258117676,7.364717169444646e-10,1,-8.355437230989083e-9,-0.9535794258117676,3.2184543918845067e-9,0.3011416494846344],8,0.6091001033782959],[[770.4641723632813,222.69961547851563,45.769630432128909,0.30280664563179018,2.6004545183866414e-9,0.9530519843101502,-1.3121104203150935e-8,1,1.4403235271132076e-9,-0.9530519843101502,-1.2941234750485365e-8,0.30280664563179018],8,0.6198067665100098],[[770.2735595703125,222.69961547851563,45.709144592285159,0.30446961522102358,-5.082395393429806e-9,0.9525220394134522,-3.387070179883267e-8,1,1.6162349680826084e-8,-0.9525220394134522,-3.718353269732688e-8,0.30446961522102358],8,0.6318392753601074],[[770.0829467773438,222.67919921875,45.64858627319336,0.30779600143432619,-1.2652934699985963e-8,0.951452374458313,-5.4555464146233137e-8,1,3.094730516295385e-8,-0.951452374458313,-6.143238096001369e-8,0.30779600143432619],8,0.6424598693847656],[[769.9558715820313,222.64854431152345,45.608211517333987,0.30945706367492678,-1.7676555330581324e-8,0.9509134292602539,-6.832071619555791e-8,1,4.0822730085210426e-8,-0.9509134292602539,-7.759996378808865e-8,0.30945706367492678],8,0.6540672779083252],[[769.7017211914063,223.52166748046876,45.527462005615237,0.31609469652175906,-2.7389098988805928e-8,0.9487276673316956,-9.569495063033173e-8,1,6.075269709526765e-8,-0.9487276673316956,-1.0999204391737294e-7,0.31609469652175906],3,0.6845691204071045],[[769.3220825195313,224.73426818847657,45.401554107666019,0.32448166608810427,-4.1609659717778416e-8,0.9458919763565064,-1.3652956454279775e-7,1,9.082538099391968e-8,-0.9458919763565064,-1.5861338908962353e-7,0.32448166608810427],5,0.7050395011901856],[[769.06982421875,225.4745330810547,45.31501007080078,0.32562658190727236,-3.297181905281832e-8,0.9454984664916992,-1.0496769675683027e-7,1,7.102295285221771e-8,-0.9454984664916992,-1.2237376267876244e-7,0.32562658190727236],5,0.709885835647583],[[768.9437255859375,225.82423400878907,45.271549224853519,0.32598504424095156,-2.87330834680688e-8,0.9453749060630798,-8.918550520320423e-8,1,6.11463448763061e-8,-0.9453749060630798,-1.0424653140717055e-7,0.32598504424095156],5,0.7179596424102783],[[768.817626953125,226.16030883789063,45.22808074951172,0.3260073661804199,-2.454309999677662e-8,0.9453672170639038,-7.340865693095111e-8,1,5.127622415557198e-8,-0.9453672170639038,-8.611456081553115e-8,0.3260073661804199],5,0.726818323135376],[[768.6284790039063,226.6388702392578,45.162872314453128,0.32601413130760195,-1.8265975398890079e-8,0.9453648924827576,-4.975535716766899e-8,1,3.648001367650977e-8,-0.9453648924827576,-5.8929970236931697e-8,0.32601413130760195],5,0.7392933368682861],[[768.5023803710938,226.94088745117188,45.11940002441406,0.3260180652141571,-1.4083855859325923e-8,0.9453635215759277,-3.399483006205628e-8,1,2.6621277626759367e-8,-0.9453635215759277,-4.081649151999045e-8,0.3260180652141571],5,0.7482109069824219],[[768.3762817382813,227.22926330566407,45.075927734375,0.3260186016559601,-9.903782682840756e-9,0.9453633427619934,-1.824102824343754e-8,1,1.676677641171409e-8,-0.9453633427619934,-2.2710679559168058e-8,0.3260186016559601],5,0.7561182975769043],[[768.1871337890625,227.63629150390626,45.010719299316409,0.3260183036327362,-3.637075529638878e-9,0.945363461971283,5.3770667918229268e-9,1,1.9929407013563606e-9,-0.945363461971283,4.433547307058916e-9,0.3260183036327362],5,0.7683670520782471],[[767.9979858398438,228.01266479492188,44.94551086425781,0.31982100009918215,2.6555526666527386e-9,0.9474779963493347,2.9079060936965108e-8,1,-1.2618390776708566e-8,-0.9474779963493347,3.158739758646334e-8,0.31982100009918215],5,0.7812743186950684],[[767.8085327148438,228.35838317871095,44.88138198852539,0.3196054995059967,8.924655681141758e-9,0.9475507140159607,5.276967840472935e-8,1,-2.721768410651748e-8,-0.9475507140159607,5.870086638992689e-8,0.3196054995059967],5,0.796722412109375],[[767.6190185546875,228.67344665527345,44.81748962402344,0.3163422644138336,1.539201477385177e-8,0.9486451148986816,7.649286715150083e-8,1,-4.173314138711248e-8,-0.9486451148986816,8.576654408898321e-8,0.3163422644138336],5,0.8048930168151856],[[767.4925537109375,228.866455078125,44.775230407714847,0.31618428230285647,1.9578020982180534e-8,0.9486978054046631,9.230367936652329e-8,1,-5.139992254044046e-8,-0.9486978054046631,1.0382014892229563e-7,0.31618428230285647],5,0.8181788921356201],[[767.3028564453125,229.1304168701172,44.71199417114258,0.31613296270370486,2.582953761987028e-8,0.9487149119377136,1.1601252225545977e-7,1,-6.588377488014885e-8,-0.9487149119377136,1.3089083950035275e-7,0.31613296270370486],5,0.8260111808776856],[[767.1763916015625,229.28936767578126,44.66984939575195,0.3161030113697052,2.9993472594469497e-8,0.9487248659133911,1.318113049819658e-7,1,-7.553235548130033e-8,-0.9487248659133911,1.4892867739035865e-7,0.3161030113697052],5,0.8369274139404297],[[766.9866943359375,229.5022430419922,44.606632232666019,0.3160998821258545,2.8929649786846313e-8,0.9487259387969971,1.2466482246509259e-7,1,-7.202942242656718e-8,-0.9487259387969971,1.410412409086348e-7,0.3160998821258545],5,0.848120927810669],[[766.7969970703125,229.68446350097657,44.54341506958008,0.31609851121902468,2.4217163385742425e-8,0.9487263560295105,1.0211171996843405e-7,1,-5.954775517125199e-8,-0.9487263560295105,1.1569903790586977e-7,0.31609851121902468],5,0.859058141708374],[[766.6705322265625,229.78890991210938,44.50127029418945,0.31609857082366946,2.107700858289263e-8,0.9487263560295105,8.708437349014275e-8,1,-5.123105495385971e-8,-0.9487263560295105,9.881330242933473e-8,0.31609857082366946],5,0.8690230846405029],[[766.4176025390625,229.95692443847657,44.4169807434082,0.3145928382873535,1.497386392657063e-8,0.9492266774177551,5.701354055531738e-8,1,-3.467024001224672e-8,-0.9492266774177551,6.502578742129117e-8,0.3145928382873535],5,0.8835275173187256],[[766.2277221679688,230.04718017578126,44.35403060913086,0.31449490785598757,1.0281675066892149e-8,0.9492591619491577,3.447904006748104e-8,1,-2.2254361908835564e-8,-0.9492591619491577,3.972842677057997e-8,0.31449490785598757],5,0.8964798450469971],[[766.037841796875,230.10678100585938,44.291141510009769,0.30978360772132876,5.793287183308848e-9,0.9508070945739746,1.1890633366817838e-8,1,-9.96712223866325e-9,-0.9508070945739746,1.4393349623276208e-8,0.30978360772132876],5,0.9077775478363037],[[765.9111328125,230.1294708251953,44.24971008300781,0.29835447669029238,2.8444819832884606e-9,0.9544551372528076,-3.2607847533228097e-9,1,-1.960922313415381e-9,-0.9544551372528076,-2.5272226533701316e-9,0.29835447669029238],5,0.9220075607299805],[[765.5930786132813,230.12660217285157,44.14994812011719,0.2791409492492676,-5.017599224999003e-9,0.9602501392364502,-4.152241572796811e-8,1,1.7295707976927589e-8,-0.9602501392364502,-4.469984560273588e-8,0.2791409492492676],5,0.9475219249725342],[[765.3370361328125,230.06300354003907,44.07547378540039,0.24938273429870606,-1.2777529256879916e-8,0.96840500831604,-7.253358802472576e-8,1,3.187318498021341e-8,-0.96840500831604,-7.819051006663358e-8,0.24938273429870606],5,0.9553999900817871],[[765.2080688476563,230.01077270507813,44.04165267944336,0.23025727272033692,-1.753439526908096e-8,0.9731298089027405,-8.816859775606645e-8,1,3.888058586198895e-8,-0.9731298089027405,-9.475202489284129e-8,0.23025727272033692],5,0.9628751277923584],[[765.0784912109375,229.9449005126953,44.01042175292969,0.21132342517375947,-2.2591565951302074e-8,0.9774162173271179,-1.0393420524223984e-7,1,4.558477684213358e-8,-0.9774162173271179,-1.1122010334929655e-7,0.21132342517375947],5,0.9742717742919922],[[764.8831176757813,229.820556640625,43.96760177612305,0.17860786616802216,-3.124261382936311e-8,0.9839203357696533,-1.27852686659935e-7,1,5.496187682751952e-8,-0.9839203357696533,-1.3561349021529168e-7,0.17860786616802216],5,0.9842667579650879],[[764.7521362304688,229.7206268310547,43.942955017089847,0.15842285752296449,-3.7319260570711779e-8,0.9873713850975037,-1.439238985767588e-7,1,6.088904314083266e-8,-0.9873713850975037,-1.5175255896338059e-7,0.15842285752296449],5,0.9926424026489258],[[764.5547485351563,229.54519653320313,43.91069030761719,0.13982902467250825,-3.6521200286188107e-8,0.9901756644248962,-1.3504295282018575e-7,1,5.5953833566491087e-8,-0.9901756644248962,-1.4154022665024969e-7,0.13982902467250825],5,1.0054528713226319],[[764.3567504882813,229.339111328125,43.88237380981445,0.10926386713981629,-3.301206774608545e-8,0.9940127730369568,-1.0920739157427306e-7,1,4.5215205801696359e-8,-0.9940127730369568,-1.1349393247428452e-7,0.10926386713981629],5,1.0172944068908692],[[764.224365234375,229.18467712402345,43.8670539855957,0.0923740416765213,-2.9620048636047615e-8,0.9957243800163269,-9.189772498530147e-8,1,3.8272652602699966e-8,-0.9957243800163269,-9.504020681561087e-8,0.0923740416765213],5,1.0300977230072022],[[764.09423828125,229.2532958984375,43.809349060058597,0.07949158549308777,-2.2709313540758559e-8,0.9968355298042297,-6.587546153014046e-8,1,2.8034573773538797e-8,-0.9968355298042297,-6.789551321162435e-8,0.07949158549308777],12,1.0405046939849854],[[763.9976806640625,229.50851440429688,43.73844909667969,0.06840681284666062,-1.800219173730966e-8,0.9976575374603272,-4.847558088272308e-8,1,2.136830801191536e-8,-0.9976575374603272,-4.982376822226797e-8,0.06840681284666062],8,1.050708532333374],[[763.805419921875,229.95703125,43.60395812988281,0.05613097921013832,-1.0417751994395985e-8,0.9984233975410461,-2.2272187649718945e-8,1,1.1686336343075255e-8,-0.9984233975410461,-2.2893038575944048e-8,0.05613097921013832],8,1.0604031085968018],[[763.5810546875,230.39743041992188,43.53806686401367,0.04911379516124725,3.443138552050584e-10,0.9987931847572327,1.2728274434437026e-8,1,-9.706191406166909e-10,-0.9987931847572327,1.2760584588988877e-8,0.04911379516124725],8,1.0778405666351319],[[763.2836303710938,230.7383270263672,43.55379867553711,0.04735926538705826,1.673361005316565e-8,0.9988779425621033,6.5206002375362e-8,1,-1.9843986009959737e-8,-0.9988779425621033,6.607263003388653e-8,0.04735926538705826],8,1.1116058826446534],[[763.0863037109375,230.84474182128907,43.566490173339847,0.04735799878835678,2.7633285881734083e-8,0.998878002166748,1.0015379814376502e-7,1,-3.241273560661284e-8,-0.998878002166748,1.0157642549302182e-7,0.04735799878835678],8,1.1170649528503419],[[762.9383544921875,230.89144897460938,43.57605743408203,0.04735788330435753,2.6154996390914677e-8,0.998878002166748,9.260637767738445e-8,1,-3.057494524227877e-8,-0.998878002166748,9.395044031634825e-8,0.04735788330435753],8,1.1285834312438965],[[762.8397216796875,231.3331298828125,43.582435607910159,0.04735788330435753,2.195505111046714e-8,0.998878002166748,7.633363452441699e-8,1,-2.5598772879220634e-8,-0.998878002166748,7.746029240252028e-8,0.04735788330435753],3,1.1424424648284913],[[762.6917724609375,231.97518920898438,43.592002868652347,0.04735788330435753,1.5658496721471239e-8,0.998878002166748,5.193755114873966e-8,1,-1.8138500479381038e-8,-0.998878002166748,5.273827596852243e-8,0.04735788330435753],3,1.1603307723999024],[[762.4945068359375,232.78358459472657,43.629581451416019,-0.024918735027313234,7.147709535360036e-9,0.9996894598007202,2.017697475764635e-8,1,-6.646989181291474e-9,-0.9996894598007202,2.0005074929940748e-8,-0.024918735027313234],5,1.1671490669250489],[[762.3958740234375,233.16734313964845,43.66326904296875,-0.0021645238157361747,1.3275368582199576e-9,0.9999976754188538,4.396310870902198e-9,1,-1.3180240232557595e-9,-0.9999976754188538,4.393447827766295e-9,-0.0021645238157361747],5,1.1769051551818848],[[762.2479248046875,233.71743774414063,43.73241424560547,-0.02996581420302391,-5.598236985093763e-9,0.9995509386062622,-1.9467186973542995e-8,1,5.017140036756018e-9,-0.9995509386062622,-1.9308101784076827e-8,-0.02996581420302391],5,1.1904881000518799],[[762.0999755859375,234.23687744140626,43.82390594482422,-0.030890248715877534,-1.1035924174507273e-8,0.9995228052139282,-4.3472265787158906e-8,1,9.697682656906182e-9,-0.9995228052139282,-4.315195667459193e-8,-0.030890248715877534],5,1.2009093761444092],[[761.9520263671875,234.7256622314453,43.937740325927737,-0.03107358328998089,-1.4841298856538288e-8,0.9995170831680298,-6.762104476365494e-8,1,1.2746226296656005e-8,-0.9995170831680298,-6.719232459317937e-8,-0.03107358328998089],5,1.213904857635498],[[761.8533935546875,235.03448486328126,44.024776458740237,-0.004948798567056656,-1.4504658807368287e-8,0.999987781047821,-8.379175397976724e-8,1,1.4090162814284213e-8,-0.999987781047821,-8.372099813414025e-8,-0.004948798567056656],5,1.223893404006958],[[761.7003173828125,235.47216796875,44.14316177368164,0.018034901469945909,-1.773897295720417e-8,0.999837338924408,-1.0746123990656997e-7,1,1.9680227225649106e-8,-0.999837338924408,-1.0779869086263716e-7,0.018034901469945909],5,1.2350800037384034],[[761.593994140625,235.74693298339845,44.210426330566409,0.0425749272108078,-1.9686298813326176e-8,0.9990932941436768,-1.2291324935631565e-7,1,2.494193651614296e-8,-0.9990932941436768,-1.2386369974137779e-7,0.0425749272108078],5,1.2539825439453126],[[761.37109375,236.2555694580078,44.31697463989258,0.045177754014730456,-2.9335733842117407e-8,0.9989789724349976,-1.5361004557234993e-7,1,3.6312567175400548e-8,-0.9989789724349976,-1.5509372985889059e-7,0.045177754014730456],5,1.2595937252044678],[[761.2545166015625,236.4894561767578,44.35625457763672,0.047168806195259097,-3.031091466709768e-8,0.9988869428634644,-1.517275336482271e-7,1,3.7509472861074758e-8,-0.9988869428634644,-1.53327917473689e-7,0.047168806195259097],5,1.2699956893920899],[[761.1442260742188,236.709716796875,44.390968322753909,0.04729302227497101,-2.7789623047169699e-8,0.9988810420036316,-1.326597214301728e-7,1,3.410166016237781e-8,-0.9988810420036316,-1.3412405053259136e-7,0.04729302227497101],5,1.2781500816345215],[[761.04345703125,236.91635131835938,44.422698974609378,0.047337133437395099,-2.5289342175938147e-8,0.9988789558410645,-1.135986593681082e-7,1,3.070119447556863e-8,-0.9988789558410645,-1.1492461737816484e-7,0.047337133437395099],5,1.2869505882263184],[[760.9520874023438,237.10935974121095,44.45145034790039,0.04734748601913452,-2.2796896814725188e-8,0.9988784790039063,-9.454529248387189e-8,1,2.7304000838057619e-8,-0.9988784790039063,-9.573203385571105e-8,0.04734748601913452],5,1.2943041324615479],[[760.8702392578125,237.2887420654297,44.47721862792969,0.04735473915934563,-2.03066097270721e-8,0.9988781213760376,-7.549994762712231e-8,1,2.3908713231435287e-8,-0.9988781213760376,-7.654743683360721e-8,0.04735473915934563],5,1.3038651943206788],[[760.7978515625,237.45449829101563,44.500003814697269,0.04735614359378815,-1.7818145181536239e-8,0.9988780617713928,-5.6462702957560398e-8,1,2.0515017240541057e-8,-0.9988780617713928,-5.7370865391703776e-8,0.04735614359378815],5,1.313218355178833],[[760.70703125,237.67759704589845,44.52859115600586,0.04735448211431503,-1.4087776278870479e-8,0.9988781213760376,-2.7922062884044864e-8,1,1.542731808967801e-8,-0.9988781213760376,-2.8621290226737984e-8,0.04735448211431503],5,1.3218088150024415],[[760.6375122070313,237.8700408935547,44.55046844482422,0.045612387359142306,-1.0409615391893113e-8,0.9989591836929321,6.091038784461489e-10,1,1.039264851954158e-8,-0.9989591836929321,1.3443639257371132e-10,0.045612387359142306],5,1.337047815322876],[[760.58935546875,238.0318145751953,44.56563949584961,0.045609280467033389,-6.6839511703165048e-9,0.9989593625068665,2.912199548177341e-8,1,5.361297183981151e-9,-0.9989593625068665,2.884716465700876e-8,0.045609280467033389],5,1.3597381114959717],[[760.556396484375,238.2333221435547,44.57601547241211,0.04387163743376732,-4.296322186903012e-10,0.9990371465682983,7.661737555508808e-8,1,-2.9345228469424e-9,-0.9990371465682983,7.667235024655383e-8,0.04387163743376732],5,1.370126485824585],[[760.5553588867188,238.3133544921875,44.57634735107422,0.043866515159606937,3.290058003813101e-9,0.9990373849868774,1.0509026537874888e-7,1,-7.9076141190626e-9,-0.9990373849868774,1.0533598526762944e-7,0.043866515159606937],5,1.3881373405456544],[[760.5552978515625,238.36273193359376,44.57636260986328,0.040377259254455569,7.374821198169457e-9,0.9991844892501831,1.335620964937334e-7,1,-1.2778112790101659e-8,-0.9991844892501831,1.3396912379448623e-7,0.040377259254455569],5,1.3938696384429932],[[760.5552978515625,238.3786163330078,44.57636260986328,0.03863232582807541,1.0085377866175805e-8,0.999253511428833,1.5253881713306328e-7,1,-1.599024379572711e-8,-0.999253511428833,1.5304267719784549e-7,0.03863232582807541],5,1.4032046794891358],[[760.5552978515625,238.37689208984376,44.57636260986328,0.03514222800731659,1.1242859976334785e-8,0.9993823170661926,1.4496995959234483e-7,1,-1.6347524223192523e-8,-0.9993823170661926,1.454549050095011e-7,0.03514222800731659],5,1.413694143295288],[[760.5552978515625,238.3587188720703,44.57636260986328,0.02641216665506363,1.1898247720409927e-8,0.9996511340141296,1.2790758319169982e-7,1,-1.528189486066367e-8,-0.9996511340141296,1.2826657780351526e-7,0.02641216665506363],5,1.4224967956542969],[[760.5552978515625,238.305908203125,44.57636260986328,0.01593189686536789,1.2320732878379204e-8,0.9998731017112732,1.0231234170987591e-7,1,-1.395253335090274e-8,-0.9998731017112732,1.0252164628354876e-7,0.01593189686536789],5,1.4375696182250977],[[760.5552978515625,238.22244262695313,44.57636260986328,-0.013759882189333439,1.4438195528043707e-8,0.9999053478240967,7.670532653492046e-8,1,-1.3384006791739012e-8,-0.9999053478240967,7.651389921647933e-8,-0.013759882189333439],5,1.446685791015625],[[760.5552978515625,238.14976501464845,44.57636260986328,-0.04344179481267929,1.6090034193894099e-8,0.9990559816360474,5.963936899888722e-8,1,-1.3511949781275235e-8,-0.9990559816360474,5.899608623849417e-8,-0.04344179481267929],5,1.4560859203338624],[[760.5552978515625,238.06346130371095,44.57636260986328,-0.05565566569566727,1.619698331012387e-8,0.9984500408172607,4.258355446040696e-8,1,-1.3848431734686529e-8,-0.9984500408172607,4.174680512392115e-8,-0.05565566569566727],5,1.466125726699829],[[760.5552978515625,237.90846252441407,44.57636260986328,-0.06611205637454987,1.5713975898279388e-8,0.9978122115135193,1.702019147842293e-8,1,-1.462072329871944e-8,-0.9978122115135193,1.6016349135838938e-8,-0.06611205637454987],5,1.475297451019287],[[760.5552978515625,237.78810119628907,44.57636260986328,-0.07308325916528702,1.521288162109613e-8,0.9973258376121521,-8.930201196577503e-12,1,-1.5254325802516179e-8,-0.9973258376121521,-1.123742210396017e-9,-0.07308325916528702],5,1.4862391948699952],[[760.5552978515625,237.58201599121095,44.57636260986328,-0.0800456702709198,1.4286199778723585e-8,0.9967911839485169,-2.5531710079462756e-8,1,-1.6382470491294044e-8,-0.9967911839485169,-2.6761130200725348e-8,-0.0800456702709198],5,1.496579647064209],[[760.5552978515625,237.42758178710938,44.57636260986328,-0.08527220785617829,1.353367373724268e-8,0.9963576793670654,-4.2533631727792456e-8,1,-1.72233427520041e-8,-0.9963576793670654,-4.384738616636241e-8,-0.08527220785617829],5,1.5057768821716309],[[760.5552978515625,237.17039489746095,44.57636260986328,-0.08527292311191559,1.2616159672518279e-8,0.9963576197624207,-6.802289220786406e-8,1,-1.8483996555573868e-8,-0.9963576197624207,-6.935131580121379e-8,-0.08527292311191559],5,1.516700267791748],[[760.5552978515625,236.98190307617188,44.57636260986328,-0.08526948094367981,1.200507160348252e-8,0.9963579177856445,-8.500666126565193e-8,1,-1.9323923794445365e-8,-0.9963579177856445,-8.63447979781995e-8,-0.08526948094367981],5,1.5257670879364014],[[760.5552978515625,236.77978515625,44.57636260986328,-0.08527339994907379,1.1393665566572509e-8,0.9963575601577759,-1.0198316147125297e-7,1,-2.0163559710795199e-8,-0.9963575601577759,-1.0333111077898138e-7,-0.08527339994907379],5,1.5359997749328614],[[760.5552978515625,236.5640411376953,44.57636260986328,-0.08527363836765289,1.0782835069278463e-8,0.9963575601577759,-1.1895239993009454e-7,1,-2.1002840355777154e-8,-0.9963575601577759,-1.2031010498958495e-7,-0.08527363836765289],5,1.5451974868774415],[[760.5540771484375,236.2148895263672,44.5615234375,-0.02278663031756878,9.947211943028833e-9,0.9997403621673584,-1.454912705867173e-7,1,-1.3265911924520424e-8,-0.9997403621673584,-1.4575577722553135e-7,-0.02278663031756878],5,1.5598843097686768],[[760.5494384765625,235.70166015625,44.507102966308597,0.03970779851078987,6.323586099199474e-11,0.999211311340332,-1.451861493251272e-7,1,5.706286998474752e-9,-0.999211311340332,-1.45298230336266e-7,0.03970779851078987],5,1.5815238952636719],[[760.5360717773438,234.82962036132813,44.35126495361328,0.11325089633464813,-2.0097303377042409e-8,0.9935663938522339,-9.04058126138807e-8,1,3.05322735982827e-8,-0.9935663938522339,-9.328199013225458e-8,0.11325089633464813],5,1.5961685180664063],[[760.5299072265625,234.51170349121095,44.2795295715332,-0.018770618364214898,-3.945265447669044e-8,0.999823808670044,-7.250930167401748e-8,1,3.809832094248122e-8,-0.999823808670044,-7.17813932737954e-8,-0.018770618364214898],5,1.6053340435028077],[[760.524169921875,234.18014526367188,44.21274185180664,-0.054598934948444369,-4.574415513047825e-8,0.9985083937644959,-5.612066544813388e-8,1,4.274378540003454e-8,-0.9985083937644959,-5.370318945097097e-8,-0.054598934948444369],5,1.6169161796569825],[[760.5171508789063,233.6572723388672,44.1311149597168,-0.07261047512292862,-4.988292801044736e-8,0.997360348701477,-3.300196382838294e-8,1,4.761232119676606e-8,-0.997360348701477,-2.9457700279067468e-8,-0.07261047512292862],5,1.6376900672912598],[[760.5108032226563,232.91241455078126,44.05690383911133,-0.08250333368778229,-5.362739585734744e-8,0.996590793132782,-2.885190530932391e-9,1,5.35719983929539e-8,-0.996590793132782,1.5445141832159948e-9,-0.08250333368778229],5,1.6431643962860108],[[760.50830078125,232.31800842285157,44.0272216796875,-0.1471351832151413,-5.6075737830951769e-8,0.989116370677948,1.6018578463672385e-8,1,5.907558886519837e-8,-0.989116370677948,2.4536335629932183e-8,-0.1471351832151413],5,1.6563959121704102],[[760.5076904296875,231.6929473876953,44.01980209350586,-0.17692245543003083,-5.998323615585832e-8,0.984224796295166,3.2909508007605839e-8,1,6.686040165959639e-8,-0.984224796295166,4.421946186994319e-8,-0.17692245543003083],5,1.6733980178833008],[[760.5260620117188,230.8118438720703,44.09968566894531,-0.12463248521089554,-6.75527758176031e-8,0.9922029972076416,6.130819230065754e-8,1,7.578466210134138e-8,-0.9922029972076416,7.027540505077923e-8,-0.12463248521089554],7,1.6826446056365967],[[760.537353515625,230.6508026123047,44.148868560791019,-0.08867587894201279,-7.213856889620729e-8,0.9960605502128601,7.676072044660032e-8,1,7.925762446348017e-8,-0.9960605502128601,8.348656166390356e-8,-0.08867587894201279],7,1.690324306488037],[[760.5430297851563,230.6419219970703,44.17359161376953,-0.08600179105997086,-7.335061980029423e-8,0.9962949752807617,8.456274258605845e-8,1,8.092298742212734e-8,-0.9962949752807617,9.120896038439241e-8,-0.08600179105997086],7,1.698007345199585],[[760.5543823242188,230.6776123046875,44.22309112548828,-0.0859471783041954,-6.539675467820416e-8,0.996299684047699,8.655987215888672e-8,1,7.310684679850965e-8,-0.996299684047699,9.252289601135999e-8,-0.0859471783041954],7,1.7047064304351807],[[760.5714111328125,230.76275634765626,44.297359466552737,-0.08555052429437638,-3.863107878032679e-8,0.9963338375091553,6.910736516374527e-8,1,4.470715708748685e-8,-0.9963338375091553,7.267873058935948e-8,-0.08555052429437638],8,1.718444585800171],[[760.582763671875,230.81263732910157,44.34687423706055,-0.08531629294157028,-2.077579352999237e-8,0.9963539242744446,5.7483880766540099e-8,1,2.5774079759344205e-8,-0.9963539242744446,5.947324055455283e-8,-0.08531629294157028],8,1.7261786460876465],[[760.5997924804688,230.86888122558595,44.421146392822269,-0.08354941755533219,5.916747536360845e-9,0.9965036511421204,4.0009584978406568e-8,1,-2.583000924261114e-9,-0.9965036511421204,3.965389083759874e-8,-0.08354941755533219],8,1.7369184494018555],[[760.6168212890625,231.52798461914063,44.495418548583987,-0.0817999467253685,3.262859493702308e-8,0.9966487884521484,2.2497022911238674e-8,1,-3.089186506599617e-8,-0.9966487884521484,1.989467612872886e-8,-0.0817999467253685],3,1.7527105808258057],[[760.6337890625,232.1598358154297,44.58458709716797,-0.14051121473312379,5.921481616155688e-8,0.9900791049003601,8.023089748121493e-9,1,-5.8669535007993548e-8,-0.9900791049003601,-3.002347814806683e-10,-0.14051121473312379],5,1.775712490081787],[[760.6614990234375,233.144775390625,44.7828483581543,-0.22906017303466798,1.0314551701640085e-7,0.973412275314331,-9.442810089410614e-9,1,-1.0818487794495013e-7,-0.973412275314331,-3.397259362714067e-8,-0.22906017303466798],5,1.7840077877044678],[[760.6669311523438,233.33154296875,44.82994842529297,-0.10426731407642365,1.1640980090987796e-7,0.9945493340492249,-1.3207966276240768e-8,1,-1.1843250291576624e-7,-0.9945493340492249,-2.5484613530579737e-8,-0.10426731407642365],5,1.7914509773254395],[[760.6826782226563,233.87142944335938,44.98613357543945,-0.16850438714027406,1.4481975085800514e-7,0.9857009053230286,-2.286664191331056e-8,1,-1.5082960658219236e-7,-0.9857009053230286,-4.795512253963352e-8,-0.16850438714027406],5,1.8012394905090333],[[760.687744140625,234.04457092285157,45.043155670166019,-0.10275890678167343,1.4154176142255893e-7,0.9947062730789185,-2.1044144205006888e-8,1,-1.4446901275277924e-7,-0.9947062730789185,-3.5778221274540559e-8,-0.10275890678167343],5,1.80885910987854],[[760.7022094726563,234.5435791015625,45.22910690307617,-0.1653127521276474,1.2133038751471759e-7,0.9862412214279175,-1.6502564648135377e-8,1,-1.2578918529015937e-7,-0.9862412214279175,-3.707006612785335e-8,-0.1653127521276474],5,1.818410873413086],[[760.711181640625,234.8592071533203,45.361087799072269,-0.13066548109054566,1.1105794328614138e-7,0.9914265275001526,-1.3556769928868562e-8,1,-1.1380505071656444e-7,-0.9914265275001526,-2.831093226518533e-8,-0.13066548109054566],5,1.828977108001709],[[760.7198486328125,235.16122436523438,45.49399185180664,-0.12893764674663545,9.986344196022401e-8,0.9916527271270752,-1.0821415763473397e-8,1,-1.0211108047997186e-7,-0.9916527271270752,-2.3897047896070945e-8,-0.12893764674663545],5,1.8385348320007325],[[760.7324829101563,235.58868408203126,45.69356918334961,-0.15845268964767457,8.275352314512929e-8,0.9873665571212769,-7.359465925560471e-9,1,-8.499340964363e-8,-0.9873665571212769,-2.0733924799287707e-8,-0.15845268964767457],5,1.8489353656768799],[[760.7444458007813,235.98548889160157,45.89320755004883,-0.15845254063606263,6.67965167622242e-8,0.9873666167259216,-4.3790508996721659e-9,1,-6.835393406845469e-8,-0.9873666167259216,-1.5154581589627015e-8,-0.15845254063606263],5,1.8587310314178467],[[760.75634765625,236.35165405273438,46.09286117553711,-0.25618353486061098,4.933353281444397e-8,0.9666281342506409,-3.5146734411739546e-9,1,-5.1968211067787709e-8,-0.9666281342506409,-1.6710782091422517e-8,-0.25618353486061098],5,1.8732695579528809],[[760.7682495117188,236.68714904785157,46.29251480102539,-0.35135748982429507,3.2127999816111699e-8,0.9362413883209229,-4.71538230684132e-9,1,-3.608554877132519e-8,-0.9362413883209229,-1.7093663373657365e-8,-0.35135748982429507],5,1.8990001678466797],[[760.7880859375,237.17819213867188,46.62527084350586,-0.5017337203025818,4.285188204278256e-9,0.8650221228599548,-1.1086387807779375e-8,1,-1.1384219789078998e-8,-0.8650221228599548,-1.5301816702617544e-8,-0.5017337203025818],5,1.9056849479675294],[[760.7960205078125,237.3507537841797,46.75837326049805,-0.5582162737846375,-6.4878897809705908e-9,0.829695463180542,-1.507154756552609e-8,1,-2.320481806705743e-9,-0.829695463180542,-1.3800125486795878e-8,-0.5582162737846375],5,1.912264347076416],[[760.803955078125,237.50970458984376,46.891475677490237,-0.6122213006019592,-1.7021191567323514e-8,0.7906864285469055,-1.981971564646301e-8,1,6.180882028417045e-9,-0.7906864285469055,-1.1887111739383727e-8,-0.6122213006019592],5,1.9203243255615235],[[760.8118896484375,237.655029296875,47.02457809448242,-0.6627331376075745,-2.7298947102849526e-8,0.7488556504249573,-2.5274774273498225e-8,1,1.4086181110428697e-8,-0.7488556504249573,-9.591777150319558e-9,-0.6627331376075745],5,1.930210828781128],[[760.8277587890625,237.90480041503907,47.2907829284668,-0.7501200437545776,-4.706686951294614e-8,0.6613017320632935,-3.7952858633616418e-8,1,2.81228231813202e-8,-0.6613017320632935,-4.0027963166267e-9,-0.7501200437545776],5,1.9463281631469727],[[760.835693359375,238.00924682617188,47.423885345458987,-0.7860588431358337,-5.656057311398399e-8,0.6181517243385315,-4.494451033565383e-8,1,3.434681872249712e-8,-0.6181517243385315,-7.839034421586177e-10,-0.7860588431358337],5,1.959716558456421],[[760.8515625,238.17726135253907,47.69009017944336,-0.8443071842193604,-7.483587438628092e-8,0.5358594655990601,-5.980572126418338e-8,1,4.542510723126725e-8,-0.5358594655990601,6.305281186058664e-9,-0.8443071842193604],5,1.98628830909729],[[760.8713989257813,238.31065368652345,48.02284622192383,-0.897570013999939,-9.647320808880977e-8,0.4408720135688782,-7.949178382204991e-8,1,5.698653993135849e-8,-0.4408720135688782,1.6103705036130124e-8,-0.897570013999939],5,1.9961121082305909],[[760.8826293945313,238.3498077392578,48.222530364990237,-0.92