[[[769.1632690429688,224.78819274902345,47.74370574951172,-0.08572296053171158,0,0.9963189959526062,0,1,0,-0.9963189959526062,0,-0.08572296053171158],5,0.004771232604980469],[[768.8976440429688,225.501220703125,47.76697540283203,-0.08594123274087906,0,0.996300220489502,0,1,0,-0.996300220489502,0,-0.08594123274087906],5,0.02611851692199707],[[768.6984252929688,226.00022888183595,47.784427642822269,-0.08608221262693405,0,0.9962880611419678,0,1,0,-0.9962880611419678,0,-0.08608221262693405],5,0.03355121612548828],[[768.4992065429688,226.46856689453126,47.8018798828125,-0.08620665222406388,0,0.9962772727012634,0,1,0,-0.9962772727012634,0,-0.08620665222406388],5,0.045408010482788089],[[768.2999877929688,226.90625,47.819332122802737,-0.08631755411624909,0,0.9962676763534546,0,1,0,-0.9962676763534546,0,-0.08631755411624909],5,0.057077646255493167],[[768.1671752929688,227.18101501464845,47.83096694946289,-0.08638444542884827,0,0.9962618947029114,0,1,0,-0.9962618947029114,0,-0.08638444542884827],5,0.06520771980285645],[[768.0343627929688,227.442138671875,47.84260177612305,-0.08644603937864304,0,0.9962565302848816,0,1,0,-0.9962565302848816,0,-0.08644603937864304],5,0.07522940635681153],[[767.9015502929688,227.6896514892578,47.8542366027832,-0.08650307357311249,0,0.9962515830993652,0,1,0,-0.9962515830993652,0,-0.08650307357311249],5,0.08543014526367188],[[767.7023315429688,228.03536987304688,47.87168884277344,-0.08658167719841004,0,0.9962447285652161,0,1,0,-0.9962447285652161,0,-0.08658167719841004],5,0.09623217582702637],[[767.5695190429688,228.2488250732422,47.883323669433597,-0.08662954717874527,0,0.9962406158447266,0,1,0,-0.9962406158447266,0,-0.08662954717874527],5,0.10786104202270508],[[767.3703002929688,228.54344177246095,47.90077590942383,-0.0866951122879982,0,0.9962348937988281,0,1,0,-0.9962348937988281,0,-0.0866951122879982],5,0.11821365356445313],[[767.1710815429688,228.80740356445313,47.91822814941406,-0.08675416558980942,0,0.9962297677993774,0,1,0,-0.9962297677993774,0,-0.08675416558980942],5,0.13126182556152345],[[766.9054565429688,229.11167907714845,47.941497802734378,-0.08682406693696976,0,0.9962236881256104,0,1,0,-0.9962236881256104,0,-0.08682406693696976],5,0.1559278964996338],[[766.6398315429688,229.3614501953125,47.96476745605469,-0.08688479661941529,0,0.9962183833122253,0,1,0,-0.9962183833122253,0,-0.08688479661941529],5,0.1640641689300537],[[766.5070190429688,229.4658966064453,47.976402282714847,-0.0869116336107254,0,0.9962159991264343,0,1,0,-0.9962159991264343,0,-0.0869116336107254],5,0.17270374298095704],[[766.2413940429688,229.6339111328125,47.999671936035159,-0.08695954084396362,0,0.9962118268013,0,1,0,-0.9962118268013,0,-0.08695954084396362],5,0.1878211498260498],[[765.9757690429688,229.7474365234375,48.02294158935547,-0.08700118958950043,0,0.9962081909179688,0,1,0,-0.9962081909179688,0,-0.08700118958950043],5,0.20288753509521485],[[765.7765502929688,229.79681396484376,48.0403938293457,-0.0870283916592598,0,0.9962058067321777,0,1,0,-0.9962058067321777,0,-0.0870283916592598],5,0.21744060516357423],[[765.5773315429688,229.81553649902345,48.05784606933594,-0.08705245703458786,0,0.9962037205696106,0,1,0,-0.9962037205696106,0,-0.08705245703458786],5,0.2297525405883789],[[765.4445190429688,229.81097412109376,48.069480895996097,-0.08706694096326828,0,0.9962024688720703,0,1,0,-0.9962024688720703,0,-0.08706694096326828],5,0.2397012710571289],[[765.2453002929688,229.7786102294922,48.08693313598633,-0.08708671480417252,0,0.9962007403373718,0,1,0,-0.9962007403373718,0,-0.08708671480417252],5,0.25104379653930666],[[765.0460815429688,229.715576171875,48.10438537597656,-0.08710449934005737,0,0.9961991906166077,0,1,0,-0.9961991906166077,0,-0.08710449934005737],5,0.2689859867095947],[[764.7804565429688,229.58384704589845,48.127655029296878,-0.08712554723024368,0,0.9961973428726196,0,1,0,-0.9961973428726196,0,-0.08712554723024368],5,0.2791330814361572],[[764.6476440429688,229.49754333496095,48.13928985595703,-0.08713492006063461,0,0.9961965084075928,0,1,0,-0.9961965084075928,0,-0.08713492006063461],5,0.2888045310974121],[[764.4484252929688,229.34254455566407,48.156742095947269,-0.08714760839939118,0,0.9961954355239868,0,1,0,-0.9961954355239868,0,-0.08714760839939118],5,0.2991611957550049],[[764.2492065429688,229.15689086914063,48.1741943359375,-0.08715899288654328,0,0.9961944222450256,0,1,0,-0.9961944222450256,0,-0.08715899288654328],5,0.311145544052124],[[764.1163940429688,229.01609802246095,48.185829162597659,-0.08716586232185364,0,0.9961938261985779,0,1,0,-0.9961938261985779,0,-0.08716586232185364],5,0.3217132091522217],[[763.9835815429688,228.86166381835938,48.19746398925781,-0.08717218786478043,0,0.9961932301521301,0,1,0,-0.9961932301521301,0,-0.08717218786478043],5,0.3318767547607422],[[763.7843627929688,228.60447692871095,48.21491622924805,-0.08718089759349823,0,0.9961925148963928,0,1,0,-0.9961925148963928,0,-0.08718089759349823],5,0.3423891067504883],[[763.6515502929688,228.41598510742188,48.2265510559082,-0.08718618750572205,0,0.9961920380592346,0,1,0,-0.9961920380592346,0,-0.08718618750572205],5,0.3529670238494873],[[763.4523315429688,228.10769653320313,48.24400329589844,-0.08719343692064285,0,0.9961913824081421,0,1,0,-0.9961913824081421,0,-0.08719343692064285],5,0.3629891872406006],[[763.1867065429688,227.6489715576172,48.26727294921875,-0.08725845813751221,0,0.9961857199668884,0,1,0,-0.9961857199668884,0,-0.08725845813751221],5,0.3802981376647949],[[762.9874877929688,227.2691650390625,48.284725189208987,-0.08725579082965851,0,0.9961859583854675,0,1,0,-0.9961859583854675,0,-0.08725579082965851],5,0.40154194831848147],[[762.6554565429688,226.56800842285157,48.313812255859378,-0.05670304223895073,0,0.9983910918235779,0,1,0,-0.9983910918235779,0,-0.05670304223895073],5,0.41125011444091799],[[762.5223999023438,226.26370239257813,48.321998596191409,-0.0382685512304306,0,0.9992675185203552,0,1,0,-0.9992675185203552,0,-0.0382685512304306],5,0.4211602210998535],[[762.3892211914063,225.94578552246095,48.327598571777347,-0.012110453099012375,0,0.9999266862869263,0,1,0,-0.9999266862869263,0,-0.012110453099012375],5,0.43269801139831545],[[762.1892700195313,225.44334411621095,48.3307991027832,-0.0016048570396378637,0,0.9999986886978149,0,1,0,-0.9999986886978149,0,-0.0016048570396378637],5,0.4431300163269043],[[761.9893188476563,224.91024780273438,48.331260681152347,0.009297236800193787,0,0.9999567866325378,0,1,0,-0.9999567866325378,0,0.009297236800193787],5,0.4545707702636719],[[761.8560180664063,224.53782653808595,48.33024978637695,0.02358035370707512,0,0.9997219443321228,0,1,0,-0.9997219443321228,0,0.02358035370707512],5,0.4649062156677246],[[761.6560668945313,223.95362854003907,48.32595443725586,0.02884693630039692,0,0.9995838403701782,0,1,0,-0.9995838403701782,0,0.02884693630039692],5,0.47531890869140627],[[761.4561157226563,223.3387908935547,48.32025146484375,0.03638944774866104,0,0.9993376731872559,0,1,0,-0.9993376731872559,0,0.03638944774866104],7,0.4887423515319824],[[761.2561645507813,222.79541015625,48.31319808959961,0.04008330777287483,0,0.9991963505744934,0,1,0,-0.9991963505744934,0,0.04008330777287483],7,0.5004730224609375],[[761.056396484375,222.7152557373047,48.30531692504883,0.04710323363542557,0,0.9988900423049927,0,1,0,-0.9988900423049927,0,0.04710323363542557],7,0.5123276710510254],[[760.7900390625,222.77439880371095,48.293033599853519,0.05408895015716553,0,0.9985361099243164,0,1,0,-0.9985361099243164,0,0.05408895015716553],8,0.53125],[[760.5902709960938,222.82046508789063,48.2824821472168,0.055834997445344928,0,0.9984400272369385,0,1,0,-0.9984400272369385,0,0.055834997445344928],8,0.542283296585083],[[760.3905029296875,222.8533477783203,48.271392822265628,0.05583483353257179,0,0.9984400272369385,0,1,0,-0.9984400272369385,0,0.05583483353257179],8,0.556572437286377],[[760.1907348632813,222.87510681152345,48.26022720336914,0.0558348223567009,0,0.9984400272369385,0,1,0,-0.9984400272369385,0,0.0558348223567009],8,0.5738341808319092],[[759.990966796875,222.8999786376953,48.24905776977539,0.0558348223567009,0,0.9984400272369385,0,1,0,-0.9984400272369385,0,0.0558348223567009],8,0.5816049575805664],[[759.8577880859375,222.92794799804688,48.24161148071289,0.0558348223567009,0,0.9984400272369385,0,1,0,-0.9984400272369385,0,0.0558348223567009],8,0.5895290374755859],[[759.724609375,222.96405029296876,48.23416519165039,0.0558348223567009,0,0.9984400272369385,0,1,0,-0.9984400272369385,0,0.0558348223567009],8,0.5990698337554932],[[759.5248413085938,223.01319885253907,48.22299575805664,0.0558348223567009,0,0.9984400272369385,0,1,0,-0.9984400272369385,0,0.0558348223567009],8,0.6100845336914063],[[759.3250732421875,223.08111572265626,48.21182632446289,0.0558348223567009,0,0.9984400272369385,0,1,0,-0.9984400272369385,0,0.0558348223567009],8,0.619593620300293],[[759.19189453125,223.1236572265625,48.20438003540039,0.0558348223567009,0,0.9984400272369385,0,1,0,-0.9984400272369385,0,0.0558348223567009],8,0.6293573379516602],[[758.9921264648438,223.19422912597657,48.19321060180664,0.0558348223567009,0,0.9984400272369385,0,1,0,-0.9984400272369385,0,0.0558348223567009],8,0.6400558948516846],[[758.8589477539063,223.2412567138672,48.18576431274414,0.0558348223567009,0,0.9984400272369385,0,1,0,-0.9984400272369385,0,0.0558348223567009],8,0.6514170169830322],[[758.6591796875,223.32138061523438,48.17459487915039,0.0558348223567009,0,0.9984400272369385,0,1,0,-0.9984400272369385,0,0.0558348223567009],8,0.663609504699707],[[758.4594116210938,223.397705078125,48.16342544555664,0.0558348223567009,0,0.9984400272369385,0,1,0,-0.9984400272369385,0,0.0558348223567009],8,0.6775400638580322],[[758.2596435546875,223.47705078125,48.15225601196289,0.0558348223567009,0,0.9984400272369385,0,1,0,-0.9984400272369385,0,0.0558348223567009],8,0.6883165836334229],[[758.12646484375,223.5219268798828,48.14480972290039,0.0558348223567009,0,0.9984400272369385,0,1,0,-0.9984400272369385,0,0.0558348223567009],8,0.6988556385040283],[[757.860107421875,223.58465576171876,48.12991714477539,0.0558348223567009,0,0.9984400272369385,0,1,0,-0.9984400272369385,0,0.0558348223567009],8,0.7122011184692383],[[757.7269287109375,223.60508728027345,48.12247085571289,0.0558348223567009,0,0.9984400272369385,0,1,0,-0.9984400272369385,0,0.0558348223567009],8,0.7233645915985107],[[757.3939819335938,223.63612365722657,48.10385513305664,0.06978131085634232,0,0.9975622892379761,0,1,0,-0.9975622892379761,0,0.06978131085634232],8,0.740109920501709],[[757.1943969726563,223.64617919921876,48.09042739868164,0.08893384784460068,0,0.9960375428199768,0,1,0,-0.9960375428199768,0,0.08893384784460068],8,0.7550876140594482],[[756.9287109375,223.65411376953126,48.0674934387207,0.0941520407795906,0,0.9955578446388245,0,1,0,-0.9955578446388245,0,0.0941520407795906],8,0.7704079151153565],[[756.7296142578125,223.6322784423828,48.04887390136719,0.0941520407795906,0,0.9955578446388245,0,1,0,-0.9955578446388245,0,0.0941520407795906],8,0.7848935127258301],[[756.5305786132813,223.57980346679688,48.03005599975586,0.08719445019960404,0,0.9961913228034973,0,1,0,-0.9961913228034973,0,0.08719445019960404],8,0.7955760955810547],[[756.3977661132813,223.5277862548828,48.018192291259769,0.07500749826431275,0,0.9971829652786255,0,1,0,-0.9971829652786255,0,0.07500749826431275],8,0.8068075180053711],[[756.1983642578125,223.42420959472657,48.00269317626953,0.06978093832731247,0,0.9975623488426209,0,1,0,-0.9975623488426209,0,0.06978093832731247],8,0.8174703121185303],[[755.9988403320313,223.28997802734376,47.9885139465332,0.06629537045955658,0,0.9978000521659851,0,1,0,-0.9978000521659851,0,0.06629537045955658],8,0.8289897441864014],[[755.8657836914063,223.1999969482422,47.97954559326172,0.0558348149061203,0,0.9984400272369385,0,1,0,-0.9984400272369385,0,0.0558348149061203],8,0.839442253112793],[[755.6661376953125,223.08848571777345,47.967960357666019,0.04885755106806755,0,0.9988057613372803,0,1,0,-0.9988057613372803,0,0.04885755106806755],8,0.8500416278839111],[[755.4663696289063,223.07171630859376,47.95790481567383,0.041877903044223788,0,0.9991227388381958,0,1,0,-0.9991227388381958,0,0.041877903044223788],8,0.8618872165679932],[[755.3331909179688,223.05674743652345,47.95206832885742,0.02616620436310768,0,0.9996576309204102,0,1,0,-0.9996576309204102,0,0.02616620436310768],8,0.8725216388702393],[[755.1332397460938,223.00872802734376,47.94620132446289,0.01743491366505623,0,0.9998480081558228,0,1,0,-0.9998480081558228,0,0.01743491366505623],8,0.8823225498199463],[[754.9999389648438,222.95968627929688,47.943546295166019,0.008701818063855172,0,0.9999621510505676,0,1,0,-0.9999621510505676,0,0.008701818063855172],8,0.8927595615386963],[[754.7999877929688,222.87998962402345,47.94142532348633,-0.007018739357590675,0,0.9999753832817078,0,1,0,-0.9999753832817078,0,-0.007018739357590675],8,0.9034883975982666],[[754.6666870117188,222.87060546875,47.941802978515628,-0.014005552977323532,0,0.9999018907546997,0,1,0,-0.9999018907546997,0,-0.014005552977323532],8,0.9149162769317627],[[754.4667358398438,222.8782196044922,47.944252014160159,-0.02099132537841797,0,0.9997796416282654,0,1,0,-0.9997796416282654,0,-0.02099132537841797],8,0.9254224300384522],[[754.3334350585938,222.88568115234376,47.94679260253906,-0.0349591001868248,0,0.9993887543678284,0,1,0,-0.9993887543678284,0,-0.0349591001868248],8,0.9351418018341065],[[754.1334838867188,222.8950958251953,47.953216552734378,-0.045431580394506457,0,0.9989674687385559,0,1,0,-0.9989674687385559,0,-0.045431580394506457],8,0.9468677043914795],[[753.9337158203125,222.90167236328126,47.961875915527347,-0.057642191648483279,0,0.9983373284339905,0,1,0,-0.9983373284339905,0,-0.057642191648483279],8,0.9584126472473145],[[753.759765625,222.90599060058595,47.898048400878909,-0.08377721905708313,0,0.9964845180511475,0,1,0,-0.9964845180511475,0,-0.08377721905708313],8,0.9740798473358154],[[753.554443359375,222.90945434570313,47.731605529785159,-0.11332562565803528,0,0.9935579299926758,0,1,0,-0.9935579299926758,0,-0.11332562565803528],8,0.9933559894561768],[[753.3985595703125,222.9109649658203,47.606361389160159,-0.1410462111234665,0,0.9900029897689819,0,1,0,-0.9900029897689819,0,-0.1410462111234665],8,1.0012872219085694],[[753.2392578125,222.91192626953126,47.48542404174805,-0.15141449868679048,0,0.9884703755378723,0,1,0,-0.9884703755378723,0,-0.15141449868679048],8,1.0116395950317383],[[753.132080078125,222.91236877441407,47.40617370605469,-0.1565907597541809,0,0.9876635670661926,0,1,0,-0.9876635670661926,0,-0.1565907597541809],8,1.0217490196228028],[[752.9164428710938,222.91293334960938,47.249244689941409,-0.1565907597541809,0,0.9876635670661926,0,1,0,-0.9876635670661926,0,-0.1565907597541809],8,1.0389635562896729],[[752.8085327148438,222.91310119628907,47.1708869934082,-0.1565907597541809,0,0.9876635670661926,0,1,0,-0.9876635670661926,0,-0.1565907597541809],8,1.047631025314331],[[752.6466674804688,222.91329956054688,47.0533561706543,-0.1565907597541809,0,0.9876635670661926,0,1,0,-0.9876635670661926,0,-0.1565907597541809],8,1.057676076889038],[[752.5387573242188,222.91339111328126,46.97500228881836,-0.1565907597541809,0,0.9876635670661926,0,1,0,-0.9876635670661926,0,-0.1565907597541809],8,1.0668606758117676],[[752.4308471679688,222.9134521484375,46.89664840698242,-0.1600407212972641,0,0.987110435962677,0,1,0,-0.987110435962677,0,-0.1600407212972641],8,1.076744794845581],[[752.2686767578125,222.91351318359376,46.77957534790039,-0.16003990173339845,0,0.9871105551719666,0,1,0,-0.9871105551719666,0,-0.16003990173339845],8,1.088257074356079],[[752.1605224609375,222.91354370117188,46.70159149169922,-0.15831433236598969,0,0.9873887896537781,0,1,0,-0.9873887896537781,0,-0.15831433236598969],8,1.0978567600250245],[[751.9984741210938,222.91357421875,46.58439636230469,-0.15486399829387666,0,0.9879357814788818,0,1,0,-0.9879357814788818,0,-0.15486399829387666],8,1.1108150482177735],[[751.8367309570313,222.91357421875,46.46669006347656,-0.15486399829387666,0,0.9879357814788818,0,1,0,-0.9879357814788818,0,-0.15486399829387666],8,1.1208937168121338],[[751.7289428710938,222.91357421875,46.388153076171878,-0.15486399829387666,0,0.9879357814788818,0,1,0,-0.9879357814788818,0,-0.15486399829387666],8,1.1305432319641114],[[751.6211547851563,222.91357421875,46.309608459472659,-0.15486399829387666,0,0.9879357814788818,0,1,0,-0.9879357814788818,0,-0.15486399829387666],8,1.1402530670166016],[[751.45947265625,222.91357421875,46.19179153442383,-0.15486399829387666,0,0.9879357814788818,0,1,0,-0.9879357814788818,0,-0.15486399829387666],8,1.1509103775024415],[[751.2977905273438,222.91357421875,46.073974609375,-0.15486399829387666,0,0.9879357814788818,0,1,0,-0.9879357814788818,0,-0.15486399829387666],8,1.1614704132080079],[[751.1900024414063,222.91357421875,45.99542999267578,-0.15486399829387666,0,0.9879357814788818,0,1,0,-0.9879357814788818,0,-0.15486399829387666],8,1.1727426052093506],[[751.0283203125,222.91357421875,45.87761306762695,-0.15486423671245576,0,0.9879357814788818,0,1,0,-0.9879357814788818,0,-0.15486423671245576],8,1.184171438217163],[[750.8666381835938,222.91357421875,45.759796142578128,-0.15658922493457795,0,0.9876638054847717,0,1,0,-0.9876638054847717,0,-0.15658922493457795],8,1.195727825164795],[[750.704833984375,222.91357421875,45.6422119140625,-0.16865485906600953,0,0.9856751561164856,0,1,0,-0.9856751561164856,0,-0.16865485906600953],8,1.2074615955352784],[[750.5962524414063,222.91357421875,45.56483840942383,-0.1772564798593521,0,0.9841647148132324,0,1,0,-0.9841647148132324,0,-0.1772564798593521],8,1.2185533046722413],[[750.4321899414063,222.91357421875,45.450401306152347,-0.1841285526752472,0,0.9829021692276001,0,1,0,-0.9829021692276001,0,-0.1841285526752472],8,1.2296042442321778],[[750.2672729492188,222.91357421875,45.33720016479492,-0.1995566338300705,0,0.9798862934112549,0,1,0,-0.9798862934112549,0,-0.1995566338300705],8,1.2417271137237549],[[749.7672119140625,222.91357421875,45.00559616088867,-0.20639722049236298,0,0.9784682989120483,0,1,0,-0.9784682989120483,0,-0.20639722049236298],8,1.28118896484375],[[749.5438842773438,222.91357421875,44.85978698730469,-0.22175435721874238,0,0.9751025438308716,0,1,0,-0.9751025438308716,0,-0.22175435721874238],8,1.3110957145690919],[[749.0365600585938,222.91357421875,44.539634704589847,-0.22175435721874238,0,0.9751025438308716,0,1,0,-0.9751025438308716,0,-0.22175435721874238],8,1.3345842361450196],[[748.2705688476563,222.91357421875,44.634971618652347,-0.2200496792793274,0,0.9754886627197266,0,1,0,-0.9754886627197266,0,-0.2200496792793274],8,1.3836238384246827],[[748.0755615234375,223.56585693359376,44.679317474365237,-0.18756181001663209,0,0.9822527766227722,0,1,0,-0.9822527766227722,0,-0.18756181001663209],3,1.4081470966339112],[[747.5519409179688,225.1553955078125,44.78071594238281,-0.156715527176857,0,0.9876437783241272,0,1,0,-0.9876437783241272,0,-0.156715527176857],5,1.439789056777954],[[747.2885131835938,225.86842346191407,44.821720123291019,-0.14172795414924622,0,0.9899056553840637,0,1,0,-0.9899056553840637,0,-0.14172795414924622],5,1.4482061862945557],[[747.0905151367188,226.367431640625,44.849937438964847,-0.13976988196372987,0,0.9901840090751648,0,1,0,-0.9901840090751648,0,-0.13976988196372987],5,1.458348274230957],[[746.9584350585938,226.6830596923828,44.8685302734375,-0.1393888145685196,0,0.9902377128601074,0,1,0,-0.9902377128601074,0,-0.1393888145685196],5,1.4670007228851319],[[746.8263549804688,226.98507690429688,44.887107849121097,-0.13933973014354707,0,0.9902446269989014,0,1,0,-0.9902446269989014,0,-0.13933973014354707],5,1.4754834175109864],[[746.6942749023438,227.27345275878907,44.90568542480469,-0.13932308554649354,0,0.9902469515800476,0,1,0,-0.9902469515800476,0,-0.13932308554649354],5,1.4832959175109864],[[746.5621948242188,227.5482177734375,44.92426300048828,-0.13931742310523988,0,0.9902477860450745,0,1,0,-0.9902477860450745,0,-0.13931742310523988],5,1.4928085803985596],[[746.3640747070313,227.93479919433595,44.95212936401367,-0.13931570947170258,0,0.9902480244636536,0,1,0,-0.9902480244636536,0,-0.13931570947170258],5,1.5048532485961915],[[745.7697143554688,228.91064453125,45.035728454589847,-0.1393149048089981,0,0.9902481436729431,0,1,0,-0.9902481436729431,0,-0.1393149048089981],5,1.5430281162261963],[[745.5055541992188,229.2557830810547,45.07288360595703,-0.13931454718112946,0,0.9902482032775879,0,1,0,-0.9902482032775879,0,-0.13931454718112946],5,1.5582551956176758],[[745.3074340820313,229.4788818359375,45.10074996948242,-0.13931454718112946,0,0.9902482032775879,0,1,0,-0.9902482032775879,0,-0.13931454718112946],5,1.5720043182373047],[[745.1093139648438,229.67132568359376,45.12861633300781,-0.13931454718112946,0,0.9902482032775879,0,1,0,-0.9902482032775879,0,-0.13931454718112946],5,1.5921852588653565],[[744.8451538085938,229.88021850585938,45.165771484375,-0.13931454718112946,0,0.9902482032775879,0,1,0,-0.9902482032775879,0,-0.13931454718112946],5,1.5989880561828614],[[744.7130737304688,229.96421813964845,45.184349060058597,-0.13931454718112946,0,0.9902482032775879,0,1,0,-0.9902482032775879,0,-0.13931454718112946],5,1.621551752090454],[[744.3828735351563,230.11463928222657,45.23079299926758,-0.1377977430820465,0,0.9904603958129883,0,1,0,-0.9904603958129883,0,-0.1377977430820465],5,1.6320669651031495],[[744.1847534179688,230.1640167236328,45.25837707519531,-0.13764488697052003,0,0.9904816150665283,0,1,0,-0.9904816150665283,0,-0.13764488697052003],5,1.6515276432037354],[[743.9205932617188,230.18215942382813,45.29507064819336,-0.13602739572525025,0,0.9907050728797913,0,1,0,-0.9907050728797913,0,-0.13602739572525025],5,1.6603198051452637],[[743.2601928710938,229.9890899658203,45.385704040527347,-0.13592760264873506,0,0.9907187819480896,0,1,0,-0.9907187819480896,0,-0.13592760264873506],5,1.7012243270874024],[[743.312255859375,229.99810791015626,45.37850570678711,-0.14823734760284425,0.0000015546785334663583,0.9889518022537231,-0.0004684383166022599,0.9999998807907105,-0.00007178787200246006,-0.9889516830444336,-0.00047390456893481314,-0.14823733270168305],7,1.7108023166656495],[[743.294677734375,230.04226684570313,45.38102722167969,-0.13924375176429749,0.000003977036158175906,0.9902581572532654,-0.00047705095494166017,0.9999998807907105,-0.00007109600846888497,-0.9902580380439758,-0.000482303265016526,-0.1392437368631363],7,1.721135139465332],[[743.2785034179688,230.0569305419922,45.38322067260742,-0.13957984745502473,0.00008409522706642747,0.9902108311653137,0.00019471878476906568,1,-0.000057479024690110239,-0.990210771560669,0.0001847897219704464,-0.1395798623561859],7,1.7298192977905274],[[743.28076171875,230.06781005859376,45.38200378417969,-0.13909538090229035,0.00016462492931168526,0.990278959274292,0.0008231185493059456,0.9999996423721314,-0.00005062499985797331,-0.9902786612510681,0.0008080753032118082,-0.1390954703092575],7,1.7395167350769044],[[743.2798461914063,230.0773468017578,45.37909698486328,-0.14232277870178224,0.00017488753655925393,0.9898203015327454,0.0009013798553496599,0.9999995827674866,-0.000047079851356102157,-0.9898198843002319,0.0008855035412125289,-0.1423228681087494],8,1.749997854232788],[[743.2788696289063,230.0821990966797,45.37583923339844,-0.15122780203819276,0.00018043318414129317,0.9884989261627197,0.0009053556714206934,0.9999995827674866,-0.000044024487579008567,-0.9884985089302063,0.0008882854017429054,-0.1512279063463211],8,1.7608709335327149],[[743.2755737304688,230.0876922607422,45.36562728881836,-0.17938759922981263,0.00019790977239608765,0.9837784767150879,0.0009143980569206178,0.9999995827674866,-0.00003443663445068523,-0.9837780594825745,0.0008933875942602754,-0.17938770353794099],8,1.8010694980621338],[[743.275390625,230.0977783203125,45.364952087402347,-0.3019205331802368,0.00022455233556684107,0.9533330798149109,0.0006390108610503376,0.9999998211860657,-0.000033169730158988389,-0.9533329010009766,0.0005991755169816315,-0.301920622587204],8,1.8115546703338624],[[743.2754516601563,230.12857055664063,45.36482620239258,-0.3743187189102173,0.00004015491504105739,0.9273000955581665,0.000014335177183966153,1,-0.00003751642725546844,-0.9273000955581665,-7.500897822865227e-7,-0.3743187189102173],8,1.8381428718566895],[[743.2754516601563,230.1440887451172,45.36484146118164,-0.4591749608516693,0.000006364544333337108,0.8883458375930786,-0.0000527065567439422,1,-0.00003440785440034233,-0.8883458375930786,-0.00006262087845243514,-0.4591749608516693],8,1.845717430114746],[[743.2754516601563,230.14915466308595,45.36484146118164,-0.4775488078594208,0.000009708291145216208,0.8786052465438843,-0.000037814588722540069,1,-0.00003160304913762957,-0.8786051869392395,-0.000048316091124434027,-0.4775488078594208],8,1.8558053970336915],[[743.2754516601563,230.1604461669922,45.36481857299805,-0.4988701343536377,0.000014720932995260228,0.8666767477989197,-0.00000139386213504622,1,-0.000017787819160730579,-0.8666767477989197,-0.000010081839718623087,-0.4988701343536377],8,1.8956294059753419],[[743.2754516601563,230.16160583496095,45.36481857299805,-0.4988732933998108,0.000012474876712076366,0.8666749000549316,-7.224262503768841e-7,1,-0.000014809792446612846,-0.8666749000549316,-0.000008014319064386655,-0.4988732933998108],8,1.9083030223846436],[[743.2754516601563,230.16323852539063,45.36482238769531,-0.5034074187278748,0.00000657849841445568,0.8640491962432861,5.7669414132988098e-8,1,-0.000007579970315418905,-0.8640491962432861,-0.00000376598381990334,-0.5034074187278748],8,1.955810308456421],[[743.3422241210938,230.1633758544922,45.325931549072269,-0.5034096837043762,0.0000030096098271314988,0.8640478253364563,5.3482928308312697e-8,1,-0.0000034519919154263336,-0.8640478253364563,-0.0000016915544165385655,-0.5034096837043762],8,1.9698927402496338],[[743.5520629882813,230.16348266601563,45.20366287231445,-0.5034098625183106,-2.135868548691633e-8,0.8640477657318115,1.0341793199586391e-8,1,3.0744647716574039e-8,-0.8640477657318115,2.4412962318365318e-8,-0.5034098625183106],8,2.023881435394287],[[744.2346801757813,232.6261444091797,44.8057746887207,-0.5049205422401428,-0.0000050406829359417319,0.8631658554077148,-1.0117916104945835e-7,1,0.000005780575975222746,-0.8631658554077148,0.0000028313970688031988,-0.5049205422401428],3,2.0401663780212404],[[744.4408569335938,233.33917236328126,44.685638427734378,-0.5049207210540772,-0.0000029125762921466959,0.8631657361984253,-5.930186475211485e-8,1,0.000003339606337249279,-0.8631657361984253,0.0000016350489886463038,-0.5049207210540772],5,2.0595033168792726],[[744.685791015625,234.3065185546875,44.54292678833008,-0.5019021034240723,-2.83170038528624e-7,0.864924430847168,-7.886494124420551e-9,1,3.228163905077963e-7,-0.864924430847168,1.5520100760113565e-7,-0.5019021034240723],5,2.0833752155303957],[[744.94384765625,235.87332153320313,44.39229965209961,-0.4940645694732666,1.091523671448158e-7,0.8694252371788025,2.889322558985441e-9,1,-1.239035327671445e-7,-0.8694252371788025,-5.870429475862693e-8,-0.4940645694732666],5,2.1552529335021974],[[744.8733520507813,237.01718139648438,44.42949676513672,-0.48939985036849978,8.863040079631901e-8,0.8720595240592957,8.735221435074436e-9,1,-9.673122747244634e-8,-0.8720595240592957,-3.9722614531001457e-8,-0.48939985036849978],5,2.1872735023498537],[[744.7781372070313,237.25332641601563,44.482421875,-0.4855344891548157,8.240029103490088e-8,0.8742175102233887,1.0559250362973671e-8,1,-8.839151632855646e-8,-0.8742175102233887,-3.3686045952663338e-8,-0.4855344891548157],5,2.197435140609741],[[744.6839599609375,237.39466857910157,44.5348014831543,-0.4838659465312958,7.766117704477438e-8,0.8751420974731445,1.1931631682671196e-8,1,-8.214421853836029e-8,-0.8751420974731445,-2.930491760366749e-8,-0.4838659465312958],5,2.2189524173736574],[[744.5278930664063,237.5354461669922,44.62138366699219,-0.48235055804252627,7.130981316549878e-8,0.8759782910346985,1.3768699069771629e-8,1,-7.382428179880663e-8,-0.8759782910346985,-2.3548103911252839e-8,-0.48235055804252627],5,2.2272651195526125],[[744.3880004882813,237.60525512695313,44.69876480102539,-0.48076069355010989,6.655378115283384e-8,0.8768518567085266,1.515559766573915e-8,1,-6.759130855016338e-8,-0.8768518567085266,-1.9206032320084888e-8,-0.48076069355010989],5,2.240044593811035],[[744.1710205078125,237.65065002441407,44.81806182861328,-0.4764893352985382,6.025916121643604e-8,0.8791802525520325,1.7066078328298319e-8,1,-5.9290865550565289e-8,-0.8791802525520325,-1.3247305474806126e-8,-0.4764893352985382],5,2.2554638385772707],[[744.0543823242188,237.6529083251953,44.881378173828128,-0.4746520519256592,5.709333095182956e-8,0.8801735043525696,1.8024410408656878e-8,1,-5.514595358135921e-8,-0.8801735043525696,-1.0310531095569786e-8,-0.4746520519256592],5,2.2644219398498537],[[743.8784790039063,237.63075256347657,44.9763069152832,-0.47311240434646609,5.232231359286743e-8,0.8810020685195923,1.946595595825329e-8,1,-4.8936012575495627e-8,-0.8810020685195923,-6.002686347983399e-9,-0.47311240434646609],5,2.2750871181488039],[[743.5848999023438,237.5257110595703,45.134010314941409,-0.4716496765613556,4.43565610908081e-8,0.8817859888076782,2.188058978447316e-8,1,-3.859959818441894e-8,-0.8817859888076782,1.0885093937318402e-9,-0.4716496765613556],5,2.294924020767212],[[743.4673461914063,237.4598388671875,45.19691467285156,-0.461003839969635,4.1151487550905588e-8,0.8873981237411499,2.290964040696508e-8,1,-3.44716220013197e-8,-0.8873981237411499,4.4384211861370208e-9,-0.461003839969635],5,2.304962396621704],[[743.4031372070313,237.5714111328125,45.23019027709961,-0.4322410523891449,0.03209317475557327,0.9011868238449097,-0.0040839724242687229,0.9992865920066834,-0.03754553198814392,-0.9017488360404968,-0.019909143447875978,-0.43180161714553835],7,2.315063714981079],[[743.3634033203125,237.9564666748047,45.25551986694336,-0.39413219690322878,0.09987825900316239,0.9136105179786682,-0.01411568932235241,0.9933022260665894,-0.11467988044023514,-0.9189453721046448,-0.05809527263045311,-0.3900825083255768],7,2.325218439102173],[[743.3738403320313,238.1953582763672,45.25954818725586,-0.3717872202396393,0.11977553367614746,0.9205585718154907,-0.020208965986967088,0.9903621673583984,-0.13701963424682618,-0.9280979633331299,-0.0695456862449646,-0.3657834529876709],7,2.334523916244507],[[743.4011840820313,238.3914031982422,45.25819778442383,-0.35817790031433108,0.10144597291946411,0.9281256794929504,-0.021060245111584665,0.9929487705230713,-0.11665873229503632,-0.9334158301353455,-0.0613311342895031,-0.3535158038139343],7,2.3447561264038088],[[743.4251708984375,238.63217163085938,45.25204849243164,-0.353326678276062,0.04222770407795906,0.9345464706420898,-0.011354882270097733,0.9987135529518127,-0.049420081079006198,-0.9354310631752014,-0.02807309851050377,-0.35239264369010928],8,2.357847213745117],[[743.324951171875,238.86683654785157,45.293582916259769,-0.3471832275390625,-0.0015883417800068856,0.9377959370613098,-0.00023581071582157165,0.9999986886978149,0.0016063943039625884,-0.9377973079681397,0.0003365706361364573,-0.3471831679344177],12,2.3729679584503176],[[743.2980346679688,239.00051879882813,45.30509948730469,-0.31084302067756655,0.011604283936321736,0.9503903985023499,-0.00023781992786098272,0.9999244809150696,-0.012286879122257233,-0.950461208820343,-0.004045311361551285,-0.31081679463386538],12,2.3833365440368654],[[743.2951049804688,239.1394500732422,45.306339263916019,-0.3020724952220917,0.010957003571093083,0.9532219767570496,-0.0006005371687933803,0.9999315738677979,-0.011684224009513855,-0.953284740447998,-0.004101927857846022,-0.3020452558994293],12,2.3951468467712404],[[743.2564697265625,239.22238159179688,45.31892395019531,-0.27496668696403506,0.006136760581284761,0.9614341855049133,-0.00035544883576221764,0.9999788999557495,-0.00648444565013051,-0.9614536762237549,-0.002124747261404991,-0.2749587297439575],8,2.4072208404541017],[[743.24853515625,239.2760772705078,45.32435607910156,-0.21289435029029847,0.000599442922975868,0.9770750403404236,-0.005218889098614454,0.999984860420227,-0.0017506391741335393,-0.9770612716674805,-0.005471947602927685,-0.21288800239562989],8,2.4194235801696779],[[743.2361450195313,239.22854614257813,45.338897705078128,-0.18440715968608857,0.0038459994830191137,0.9828423857688904,-0.002323108958080411,0.9999878406524658,-0.004348968621343374,-0.9828472137451172,-0.0030852309428155424,-0.18439598381519319],8,2.431229829788208],[[743.2418823242188,239.13406372070313,45.3546142578125,-0.15267807245254517,0.005065179895609617,0.9882630109786987,0.004114993382245302,0.9999814629554749,-0.00448951032012701,-0.9882674217224121,0.003381245769560337,-0.15269608795642854],8,2.4459288120269777],[[743.2544555664063,239.0662078857422,45.36537551879883,-0.13141202926635743,0.005360880400985479,0.9913133382797241,0.005844166036695242,0.9999721646308899,-0.004632982425391674,-0.9913105964660645,0.005184570327401161,-0.1314397156238556],8,2.458369493484497],[[743.26953125,239.00160217285157,45.37477111816406,-0.11535770446062088,0.00634822016581893,0.9933037161827087,0.0060219657607376579,0.9999656677246094,-0.005691433325409889,-0.9933057427406311,0.005325090605765581,-0.11539196968078613],8,2.485471248626709],[[743.2981567382813,238.91073608398438,45.404170989990237,-0.04934787377715111,0.011400998570024968,0.9987165927886963,0.0022863552439957859,0.9999335408210754,-0.0113019198179245,-0.9987790584564209,0.0017256952123716474,-0.0493706613779068],8,2.501913547515869],[[743.3037109375,238.91278076171876,45.40782928466797,-0.07392174005508423,0.007357458584010601,0.9972369074821472,0.0010456142481416464,0.9999728202819824,-0.007300136145204306,-0.997263491153717,0.0005030863685533404,-0.07392742484807968],8,2.531231641769409],[[743.4954833984375,238.91331481933595,45.392704010009769,-0.06746924668550492,0.0011124538723379374,0.9977207183837891,0.0002193458640249446,0.9999993443489075,-0.0011001616949215532,-0.9977213144302368,0.0001446188398404047,-0.06746944785118103],8,2.5641794204711916],[[743.9583740234375,238.73312377929688,45.360748291015628,-0.06805294752120972,-0.0003208078851457685,0.9976816773414612,-0.00004925006578559987,0.9999999403953552,0.00031819395371712744,-0.997681736946106,-0.000027481850338517689,-0.06805296242237091],8,2.5827033519744875],[[744.09130859375,238.65013122558595,45.3516731262207,-0.06809581071138382,-0.00016208912711590528,0.9976787567138672,-0.00002757488255156204,1,0.00016058413893915713,-0.9976787567138672,-0.000016575766494497658,-0.06809581816196442],8,2.589378833770752],[[744.2243041992188,238.5535125732422,45.34259796142578,-0.06809630990028382,-0.00004814410567632876,0.9976787567138672,-0.000010001521332014818,1,0.000047573466872563589,-0.9976787567138672,-0.000006738727734045824,-0.06809630990028382],8,2.5946381092071535],[[744.290771484375,238.50009155273438,45.33805847167969,-0.06809649616479874,-0.000013450528058456257,0.9976787567138672,-0.000004212820840621134,1,0.000013194277016737033,-0.9976787567138672,-0.000003304557822048082,-0.06809649616479874],8,2.6018569469451906],[[744.4901733398438,239.15237426757813,45.32444381713867,-0.06461134552955628,0.00009059737931238487,0.9979104995727539,0.000012785669241566211,1,-0.00008995924872579053,-0.9979104995727539,0.000006946566372789675,-0.06461134552955628],3,2.614792823791504],[[744.6897583007813,239.7740020751953,45.3113899230957,-0.12690041959285737,0.0000914234624360688,0.9919154644012451,0.000019262053683632986,1,-0.00008970431372290477,-0.9919154644012451,0.000007722813279542607,-0.12690043449401856],5,2.632646322250366],[[744.9558715820313,240.55514526367188,45.29415512084961,-0.19718152284622193,0.000036533343518385667,0.9803670048713684,0.000014160574210109189,1,-0.00003441684748395346,-0.9803670048713684,0.000007096193257893901,-0.19718152284622193],5,2.6418793201446535],[[745.0814819335938,240.92527770996095,45.2860221862793,-0.12581299245357514,0.00001727063863654621,0.9920539855957031,0.000009702247552922927,1,-0.00001617852467461489,-0.9920539855957031,0.000007589685083075892,-0.12581299245357514],5,2.654440402984619],[[745.302978515625,241.6246795654297,45.27167510986328,-0.12171459943056107,9.518327033219975e-7,0.9925651550292969,0.0000025999399895226817,1,-6.401413656931254e-7,-0.9925651550292969,0.000002502695224393392,-0.12171459943056107],5,2.672178030014038],[[745.443115234375,242.11346435546876,45.26259994506836,-0.1407310962677002,-0.000001435095555279986,0.9900478720664978,3.739633598343062e-7,1,0.0000015026787423266797,-0.9900478720664978,5.817152555209759e-7,-0.1407310962677002],5,2.6805031299591066],[[745.5241088867188,242.4222869873047,45.25735092163086,-0.15509022772312165,-0.00000141661462293996,0.9879003167152405,-1.4518829516418919e-7,1,0.0000014111719792708755,-0.9879003167152405,7.542742963551064e-8,-0.15509022772312165],5,2.6904830932617189],[[745.6270751953125,242.85997009277345,45.25068283081055,-0.1704673320055008,-8.22050537863106e-7,0.9853633046150208,-2.782547596780205e-7,1,7.861234507799963e-7,-0.9853633046150208,-1.4017368243912643e-7,-0.1704673320055008],5,2.7001054286956789],[[745.683349609375,243.13473510742188,45.24704360961914,-0.19442987442016602,-4.619190576704568e-7,0.980916440486908,-2.107751981839101e-7,1,4.2912736830658107e-7,-0.980916440486908,-1.2331767607065559e-7,-0.19442987442016602],5,2.7100536823272707],[[745.749267578125,243.5213165283203,45.244163513183597,-0.20244614779949189,-1.3352419614420797e-7,0.9792934060096741,-9.61262358600834e-8,1,1.1647562558891878e-7,-0.9792934060096741,-7.055574258174602e-8,-0.20244614779949189],5,2.7221648693084719],[[745.781005859375,243.76202392578126,45.24424743652344,-0.2110021710395813,-3.3364184304218728e-8,0.9774855971336365,-4.4987086056380579e-8,1,2.4421650479666824e-8,-0.9774855971336365,-3.8821205805561479e-8,-0.2110021710395813],5,2.7399680614471437],[[745.8175048828125,244.3041534423828,45.25184631347656,-0.22313424944877625,1.0086559143474006e-7,0.974787712097168,3.9322969769273189e-8,1,-9.447317239619224e-8,-0.974787712097168,1.7251348793934086e-8,-0.22313424944877625],5,2.7486319541931154],[[745.81494140625,244.49716186523438,45.257957458496097,-0.22638919949531556,1.1068300409533549e-7,0.9740369319915772,5.041335171540595e-8,1,-1.0191601518272364e-7,-0.9740369319915772,2.6031781175106518e-8,-0.22638919949531556],5,2.760115146636963],[[745.8026733398438,244.67654418945313,45.26591491699219,-0.22668412327766419,1.2044357333707013e-7,0.9739683270454407,6.153022980015521e-8,1,-1.0934200389556281e-7,-0.9739683270454407,3.514239921287299e-8,-0.22668412327766419],5,2.769432783126831],[[745.7660522460938,244.92007446289063,45.28131866455078,-0.2267855852842331,1.350641269937114e-7,0.9739447236061096,7.821788727824242e-8,1,-1.2046416486555246e-7,-0.9739447236061096,4.8860361090419249e-8,-0.2267855852842331],5,2.779236078262329],[[745.7294311523438,245.06539916992188,45.29389953613281,-0.22684530913829804,1.4480536947303336e-7,0.9739307761192322,8.934159012596865e-8,1,-1.2787216974174954e-7,-0.9739307761192322,5.800532321131868e-8,-0.22684530913829804],5,2.7896671295166017],[[745.6830444335938,245.1970977783203,45.30833053588867,-0.22685307264328004,1.5453957757927129e-7,0.9739289879798889,1.0046156262433215e-7,1,-1.3527635189802823e-7,-0.9739289879798889,6.715457345762843e-8,-0.22685307264328004],5,2.798957109451294],[[745.5951538085938,245.3690948486328,45.33344268798828,-0.2268553525209427,1.3740688586949546e-7,0.9739284515380859,9.409737344867608e-8,1,-1.1916726094796104e-7,-0.9739284515380859,6.461038282168374e-8,-0.2268553525209427],5,2.8097941875457765],[[745.4852905273438,245.51043701171876,45.36271667480469,-0.22685661911964417,1.0442738584970357e-7,0.9739281535148621,7.622318776157045e-8,1,-8.946825147404525e-8,-0.9739281535148621,5.393944135789752e-8,-0.22685661911964417],5,2.8219473361968996],[[745.3534545898438,245.62112426757813,45.39615249633789,-0.22685687243938447,7.14689321057449e-8,0.9739280939102173,5.836047733964733e-8,1,-5.978825612373839e-8,-0.9739280939102173,4.3275534267195329e-8,-0.22685687243938447],5,2.834214