[[[776,222.69961547851563,47,1,0,-0,0,1,0,0,0,1],8,0.004501819610595703],[[776,222.69961547851563,47,1,0,-0,0,1,0,0,0,1],8,0.02390146255493164],[[776,222.69961547851563,47,1,0,-0,0,1,0,0,0,1],8,0.04323887825012207],[[776,222.69961547851563,47,1,0,-0,0,1,0,0,0,1],8,0.05400967597961426],[[776,222.69961547851563,47,1,0,-0,0,1,0,0,0,1],8,0.07157015800476074],[[776,222.69961547851563,47,1,0,-0,0,1,0,0,0,1],8,0.08916091918945313],[[776,222.69961547851563,47,1,0,-0,0,1,0,0,0,1],8,0.10570597648620606],[[776,222.69961547851563,47,1,0,-0,0,1,0,0,0,1],8,0.12250661849975586],[[776,222.69961547851563,47,1,0,-0,0,1,0,0,0,1],8,0.14024138450622559],[[776,222.69961547851563,47,1,0,-0,0,1,0,0,0,1],8,0.1554718017578125],[[776,222.69961547851563,47,1,0,-0,0,1,0,0,0,1],8,0.17284250259399415],[[776,222.69961547851563,47,1,0,-0,0,1,0,0,0,1],8,0.18849825859069825],[[776,222.69961547851563,47,1,0,-0,0,1,0,0,0,1],8,0.2049570083618164],[[776,222.69961547851563,47,1,0,-0,0,1,0,0,0,1],8,0.22135186195373536],[[776,222.69961547851563,47,1,0,-0,0,1,0,0,0,1],8,0.23995518684387208],[[776,222.69961547851563,47,1,0,-0,0,1,0,0,0,1],8,0.260638952255249],[[776,222.69961547851563,47,1,0,-0,0,1,0,0,0,1],8,0.27283287048339846],[[775.8383178710938,222.69961547851563,47.000282287597659,0.9895412921905518,0,0.14424969255924226,0,1,0,-0.14424969255924226,0,0.9895412921905518],8,0.29186010360717776],[[775.5757446289063,222.69961547851563,46.984466552734378,0.9470393657684326,0,0.32111743092536929,0,1,0,-0.32111743092536929,0,0.9470393657684326],8,0.31157588958740237],[[775.311767578125,222.69961547851563,46.94813537597656,0.1654772162437439,0,0.9862136244773865,0,1,0,-0.9862136244773865,0,0.1654772162437439],8,0.32492518424987795],[[775.0535888671875,222.69961547851563,46.882328033447269,0.24509622156620027,0,0.9694987535476685,0,1,0,-0.9694987535476685,0,0.24509622156620027],8,0.34373998641967776],[[774.7962646484375,222.69961547851563,46.8120002746582,0.3016819953918457,0,0.9534085988998413,0,1,0,-0.9534085988998413,0,0.3016819953918457],8,0.35481834411621096],[[774.5416259765625,222.69961547851563,46.73281478881836,0.32406124472618105,0,0.9460361003875732,0,1,0,-0.9460361003875732,0,0.32406124472618105],8,0.37148141860961916],[[774.2891235351563,222.69961547851563,46.64724349975586,0.32745733857154848,0,0.9448659420013428,0,1,0,-0.9448659420013428,0,0.32745733857154848],8,0.3902781009674072],[[774.037109375,222.69961547851563,46.56006622314453,0.32746797800064089,0,0.9448622465133667,0,1,0,-0.9448622465133667,0,0.32746797800064089],8,0.40630388259887698],[[773.78515625,222.69961547851563,46.47274398803711,0.32747021317481997,0,0.9448615312576294,0,1,0,-0.9448615312576294,0,0.32747021317481997],8,0.4227898120880127],[[773.533203125,222.69961547851563,46.38541793823242,0.32747209072113039,0,0.9448608756065369,0,1,0,-0.9448608756065369,0,0.32747209072113039],8,0.4390244483947754],[[773.28125,222.69961547851563,46.298091888427737,0.3274710774421692,0,0.9448612332344055,0,1,0,-0.9448612332344055,0,0.3274710774421692],8,0.45546627044677737],[[773.029296875,222.69961547851563,46.21076583862305,0.3258192241191864,0,0.9454320669174194,0,1,0,-0.9454320669174194,0,0.3258192241191864],8,0.4712812900543213],[[772.7771606445313,222.69961547851563,46.12381362915039,0.3225162625312805,0,0.9465638995170593,0,1,0,-0.9465638995170593,0,0.3225162625312805],8,0.4895761013031006],[[772.5247802734375,222.69961547851563,46.03767776489258,0.3208644986152649,0,0.9471251368522644,0,1,0,-0.9471251368522644,0,0.3208644986152649],8,0.5048856735229492],[[772.2722778320313,222.69961547851563,45.95204544067383,0.3175552189350128,0,0.948239803314209,0,1,0,-0.948239803314209,0,0.3175552189350128],8,0.5233669281005859],[[772.0194091796875,222.69961547851563,45.86722946166992,0.3142406940460205,0,0.9493433237075806,0,1,0,-0.9493433237075806,0,0.3142406940460205],8,0.543656587600708],[[771.7662963867188,222.69961547851563,45.78329849243164,0.31258001923561098,0,0.9498914480209351,0,1,0,-0.9498914480209351,0,0.31258001923561098],8,0.5540335178375244],[[771.5130004882813,222.69961547851563,45.69987869262695,0.31092289090156557,0,0.9504351615905762,0,1,0,-0.9504351615905762,0,0.31092289090156557],8,0.5714471340179443],[[771.2595825195313,222.69961547851563,45.61690139770508,0.3092637062072754,0,0.9509763121604919,0,1,0,-0.9509763121604919,0,0.3092637062072754],8,0.5893368721008301],[[771.0059814453125,222.69961547851563,45.534366607666019,0.309261679649353,0,0.9509769678115845,0,1,0,-0.9509769678115845,0,0.309261679649353],8,0.6045351028442383],[[770.7523193359375,222.69961547851563,45.4518928527832,0.30926066637039187,0,0.9509773254394531,0,1,0,-0.9509773254394531,0,0.30926066637039187],8,0.6223258972167969],[[770.4986572265625,222.69961547851563,45.36941909790039,0.3109205365180969,0,0.9504359364509583,0,1,0,-0.9504359364509583,0,0.3109205365180969],8,0.6381969451904297],[[770.2452392578125,222.69961547851563,45.28657150268555,0.3158997893333435,0,0.948792576789856,0,1,0,-0.948792576789856,0,0.3158997893333435],8,0.6557598114013672],[[769.9918212890625,222.6655731201172,45.20365524291992,0.3225216567516327,0,0.9465621113777161,0,1,0,-0.9465621113777161,0,0.3225216567516327],8,0.6728453636169434],[[769.7384033203125,222.5770263671875,45.1207389831543,0.33077874779701235,0,0.9437083601951599,0,1,0,-0.9437083601951599,0,0.33077874779701235],8,0.6888220310211182],[[769.4849853515625,222.43397521972657,45.03782272338867,0.33736518025398257,0,0.9413738250732422,0,1,0,-0.9413738250732422,0,0.33736518025398257],8,0.7053928375244141],[[769.2315673828125,223.30709838867188,44.95490646362305,0.33900967240333559,0,0.940782904624939,0,1,0,-0.940782904624939,0,0.33900967240333559],3,0.7254319190979004],[[768.9802856445313,224.12911987304688,44.8656005859375,0.33900967240333559,0,0.940782904624939,0,1,0,-0.940782904624939,0,0.33900967240333559],5,0.7483668327331543],[[768.7295532226563,224.89663696289063,44.774845123291019,0.3391610383987427,0,0.9407283067703247,0,1,0,-0.9407283067703247,0,0.3391610383987427],5,0.7656533718109131],[[768.4788208007813,225.6096649169922,44.68400955200195,0.3393584191799164,0,0.9406571388244629,0,1,0,-0.9406571388244629,0,0.3393584191799164],5,0.772834300994873],[[768.228271484375,226.2681884765625,44.592796325683597,0.33969029784202578,0,0.9405373334884644,0,1,0,-0.9405373334884644,0,0.33969029784202578],5,0.7896933555603027],[[767.97802734375,226.87220764160157,44.50077438354492,0.3403470516204834,0,0.9402998685836792,0,1,0,-0.9402998685836792,0,0.3403470516204834],5,0.8056347370147705],[[767.7283935546875,227.42172241210938,44.407127380371097,0.3416617810726166,0,0.9398229718208313,0,1,0,-0.9398229718208313,0,0.3416617810726166],5,0.8218612670898438],[[767.4793090820313,227.916748046875,44.311744689941409,0.34368765354156496,0,0.939083993434906,0,1,0,-0.939083993434906,0,0.34368765354156496],5,0.838554859161377],[[767.23095703125,228.35726928710938,44.214622497558597,0.3463466763496399,0,0.9381065964698792,0,1,0,-0.9381065964698792,0,0.3463466763496399],5,0.856287956237793],[[766.9833374023438,228.7432861328125,44.11577224731445,0.3495515286922455,0,0.9369171261787415,0,1,0,-0.9369171261787415,0,0.3495515286922455],5,0.8709959983825684],[[766.7359619140625,229.07479858398438,44.016300201416019,0.3527718484401703,0,0.9357093572616577,0,1,0,-0.9357093572616577,0,0.3527718484401703],5,0.8883907794952393],[[766.4886474609375,229.35182189941407,43.916751861572269,0.3556539714336395,0,0.9346176981925964,0,1,0,-0.9346176981925964,0,0.3556539714336395],5,0.9050989151000977],[[766.2413330078125,229.5743408203125,43.817203521728519,0.35814645886421206,0,0.93366539478302,0,1,0,-0.93366539478302,0,0.35814645886421206],5,0.9222397804260254],[[765.9940185546875,229.7423553466797,43.717655181884769,0.36028850078582766,0,0.9328409433364868,0,1,0,-0.9328409433364868,0,0.36028850078582766],5,0.9430851936340332],[[765.7467041015625,229.8558807373047,43.618106842041019,0.36212730407714846,0,0.9321286678314209,0,1,0,-0.9321286678314209,0,0.36212730407714846],5,0.9539651870727539],[[765.4993896484375,229.91490173339845,43.518558502197269,0.36370566487312319,0,0.9315139055252075,0,1,0,-0.9315139055252075,0,0.36370566487312319],5,0.9739737510681152],[[765.2520751953125,229.91941833496095,43.419010162353519,0.36506062746047976,0,0.9309837222099304,0,1,0,-0.9309837222099304,0,0.36506062746047976],5,0.9957535266876221],[[765.0662841796875,229.88705444335938,43.344879150390628,0.3657396733760834,0,0.9307171702384949,0,1,0,-0.9307171702384949,0,0.3657396733760834],5,1.008953332901001],[[764.7565307617188,229.7649688720703,43.221527099609378,0.36652901768684389,0,0.9304066300392151,0,1,0,-0.9304066300392151,0,0.36652901768684389],5,1.0216786861419678],[[764.5087280273438,229.60598754882813,43.12321853637695,0.36688581109046938,0,0.9302659630775452,0,1,0,-0.9302659630775452,0,0.36688581109046938],5,1.0395097732543946],[[764.260498046875,229.39251708984376,43.02571105957031,0.36681851744651797,0,0.9302924871444702,0,1,0,-0.9302924871444702,0,0.36681851744651797],5,1.0557959079742432],[[764.011962890625,229.12454223632813,42.92906951904297,0.36631590127944949,0,0.9304905533790588,0,1,0,-0.9304905533790588,0,0.36631590127944949],5,1.071394920349121],[[763.7627563476563,228.80206298828126,42.834041595458987,0.36512839794158938,0,0.9309571385383606,0,1,0,-0.9309571385383606,0,0.36512839794158938],5,1.0895168781280518],[[763.5128784179688,228.42507934570313,42.740753173828128,0.3632161617279053,0,0.9317048788070679,0,1,0,-0.9317048788070679,0,0.3632161617279053],5,1.106217384338379],[[763.262451171875,227.99359130859376,42.64921188354492,0.36065739393234255,0,0.9326983690261841,0,1,0,-0.9326983690261841,0,0.36065739393234255],5,1.1222507953643799],[[763.0112915039063,227.5076141357422,42.55979919433594,0.35738757252693179,0,0.9339561462402344,0,1,0,-0.9339561462402344,0,0.35738757252693179],5,1.1396799087524415],[[762.7591552734375,226.96713256835938,42.472957611083987,0.3532858192920685,0,0.9355154633522034,0,1,0,-0.9355154633522034,0,0.3532858192920685],5,1.1560053825378419],[[762.5054321289063,226.3721466064453,42.391029357910159,0.34748271107673647,0,0.9376863837242127,0,1,0,-0.9376863837242127,0,0.34748271107673647],5,1.1720564365386963],[[762.250244140625,225.72267150878907,42.31366729736328,0.34009239077568056,0,0.940392017364502,0,1,0,-0.940392017364502,0,0.34009239077568056],5,1.1893699169158936],[[761.9935302734375,225.01869201660157,42.24154281616211,0.33108755946159365,0,0.943600058555603,0,1,0,-0.943600058555603,0,0.33108755946159365],5,1.2042934894561768],[[761.7353515625,224.2602081298828,42.17481231689453,0.320553719997406,0,0.947230339050293,0,1,0,-0.947230339050293,0,0.320553719997406],5,1.222829818725586],[[761.475830078125,223.44723510742188,42.113502502441409,0.20944957435131074,0,0.9778194427490234,0,1,0,-0.9778194427490234,0,0.20944957435131074],5,1.2412304878234864],[[761.2153930664063,222.5797576904297,42.056480407714847,0.21166454255580903,0,0.9773423671722412,0,1,0,-0.9773423671722412,0,0.21166454255580903],7,1.259810209274292],[[760.9546508789063,222.4129638671875,42.00006866455078,0.20297767221927644,0,0.9791833758354187,0,1,0,-0.9791833758354187,0,0.20297767221927644],7,1.2719874382019044],[[760.6936645507813,222.508544921875,41.94561004638672,0.19611312448978425,0,0.9805812835693359,0,1,0,-0.9805812835693359,0,0.19611312448978425],8,1.2899692058563233],[[760.4322509765625,222.59005737304688,41.893035888671878,0.19096887111663819,0,0.9815961122512817,0,1,0,-0.9815961122512817,0,0.19096887111663819],8,1.3057622909545899],[[760.1705322265625,222.63909912109376,41.8419075012207,0.18410588800907136,0,0.9829064011573792,0,1,0,-0.9829064011573792,0,0.18410588800907136],8,1.3228282928466797],[[759.908447265625,222.6665496826172,41.792537689208987,0.17379435896873475,0,0.9847819805145264,0,1,0,-0.9847819805145264,0,0.17379435896873475],8,1.3384017944335938],[[759.6458740234375,222.68161010742188,41.74578094482422,0.16346266865730287,0,0.9865494966506958,0,1,0,-0.9865494966506958,0,0.16346266865730287],8,1.3557324409484864],[[759.3828735351563,222.68983459472657,41.701778411865237,0.14620546996593476,0,0.9892542362213135,0,1,0,-0.9892542362213135,0,0.14620546996593476],8,1.372593641281128],[[759.1192626953125,222.69430541992188,41.662105560302737,0.1340993046760559,0,0.990967869758606,0,1,0,-0.990967869758606,0,0.1340993046760559],8,1.3882575035095215],[[758.8551025390625,222.69671630859376,41.625858306884769,0.12370674312114716,0,0.9923188090324402,0,1,0,-0.9923188090324402,0,0.12370674312114716],8,1.405726671218872],[[758.5905151367188,222.6980438232422,41.59244918823242,0.11330036073923111,0,0.993560791015625,0,1,0,-0.993560791015625,0,0.11330036073923111],8,1.427375316619873],[[758.3256225585938,222.6987762451172,41.56181716918945,0.09940589964389801,0,0.9950469732284546,0,1,0,-0.9950469732284546,0,0.09940589964389801],8,1.446012258529663],[[758.060302734375,222.6991729736328,41.53475570678711,0.08549320697784424,0,0.9963387250900269,0,1,0,-0.9963387250900269,0,0.08549320697784424],8,1.4544122219085694],[[757.794677734375,222.6993865966797,41.51140213012695,0.07330553978681565,0,0.9973095059394836,0,1,0,-0.9973095059394836,0,0.07330553978681565],8,1.4735779762268067],[[757.5672607421875,222.6995086669922,41.606605529785159,0.06459236890077591,0,0.9979117512702942,0,1,0,-0.9979117512702942,0,0.06459236890077591],8,1.490103006362915],[[757.3658447265625,222.69956970214845,41.77957534790039,0.06459236890077591,0,0.9979117512702942,0,1,0,-0.9979117512702942,0,0.06459236890077591],8,1.5116384029388428],[[757.1654052734375,222.69960021972657,41.95550537109375,0.06459236890077591,0,0.9979117512702942,0,1,0,-0.9979117512702942,0,0.06459236890077591],8,1.5217106342315674],[[756.9148559570313,223.78334045410157,42.175479888916019,0.06110644340515137,0,0.998131275177002,0,1,0,-0.998131275177002,0,0.06110644340515137],3,1.5443828105926514],[[756.7650146484375,224.39474487304688,42.30789566040039,0.010351348668336869,0,0.9999464154243469,0,1,0,-0.9999464154243469,0,0.010351348668336869],5,1.5605955123901368],[[756.5655517578125,225.16226196289063,42.48487854003906,-0.053041089326143268,0,0.9985923171043396,0,1,0,-0.9985923171043396,0,-0.053041089326143268],5,1.5723342895507813],[[756.3684692382813,225.8752899169922,42.66456604003906,-0.06754634529352188,0,0.9977161288261414,0,1,0,-0.9977161288261414,0,-0.06754634529352188],5,1.5888304710388184],[[756.1732177734375,226.5338134765625,42.84616470336914,-0.07868681102991104,0,0.9968993663787842,0,1,0,-0.9968993663787842,0,-0.07868681102991104],5,1.6055543422698975],[[755.9798583984375,227.13783264160157,43.029754638671878,-0.09232380241155625,0,0.9957290291786194,0,1,0,-0.9957290291786194,0,-0.09232380241155625],5,1.6230506896972657],[[755.7889404296875,227.68734741210938,43.21592712402344,-0.10295116901397705,0,0.9946864247322083,0,1,0,-0.9946864247322083,0,-0.10295116901397705],5,1.6388366222381592],[[755.6000366210938,228.182373046875,43.4041862487793,-0.11348271369934082,0,0.9935399889945984,0,1,0,-0.9935399889945984,0,-0.11348271369934082],5,1.6569559574127198],[[755.4132080078125,228.62289428710938,43.594417572021487,-0.11917965859174729,0,0.9928727149963379,0,1,0,-0.9928727149963379,0,-0.11917965859174729],5,1.67234468460083],[[755.2274780273438,229.0089111328125,43.785770416259769,-0.12457138299942017,0,0.9922106266021729,0,1,0,-0.9922106266021729,0,-0.12457138299942017],5,1.689857006072998],[[755.031982421875,229.34042358398438,43.954490661621097,-0.05466260761022568,0,0.9985048770904541,0,1,0,-0.9985048770904541,0,-0.05466260761022568],5,1.708296298980713],[[754.8206176757813,229.61744689941407,44.08680725097656,-0.027936726808547975,0,0.9996097087860107,0,1,0,-0.9996097087860107,0,-0.027936726808547975],5,1.7290000915527344],[[754.533935546875,229.8870849609375,44.2010383605957,-0.029416827484965326,0,0.9995672106742859,0,1,0,-0.9995672106742859,0,-0.029416827484965326],5,1.741734504699707],[[754.2864379882813,230.04147338867188,44.2515754699707,-0.03267678990960121,0,0.9994659423828125,0,1,0,-0.9994659423828125,0,-0.03267678990960121],5,1.7604188919067383],[[754.0902709960938,230.1215057373047,44.26643753051758,-0.03467753902077675,0,0.9993985295295715,0,1,0,-0.9993985295295715,0,-0.03467753902077675],5,1.7745132446289063],[[754.0531005859375,230.15138244628907,44.278831481933597,-0.0007804915076121688,0.00003320154792163521,0.9999997019767761,-0.006486076395958662,0.9999789595603943,-0.00003826324245892465,-0.9999786615371704,-0.0064861043356359009,-0.0007802597247064114],5,1.7939774990081788],[[754.1338500976563,230.11676025390626,44.314369201660159,-0.044703159481287,-0.0001103159156627953,0.9990003108978272,-0.003720672335475683,0.999993085861206,-0.00005606669947155751,-0.9989933967590332,-0.003719459054991603,-0.04470326006412506],5,1.8065202236175538],[[754.1755981445313,230.0276336669922,44.343994140625,-0.040679071098566058,-0.000018862330762203784,0.9991722702980042,-0.0010012617567554117,0.9999995231628418,-0.000021886193280806766,-0.9991717338562012,-0.001001323340460658,-0.040679071098566058],5,1.82261061668396],[[754.177734375,229.88401794433595,44.37077713012695,-0.04334160313010216,4.3177755060241909e-7,0.999060332775116,-0.00004110344161745161,1,-0.000002215348331446876,-0.999060332775116,-0.00004116083437111229,-0.04334160313010216],5,1.8393287658691407],[[754.14013671875,229.68589782714845,44.39508819580078,-0.04510687664151192,0.0000026810985218617135,0.9989821910858154,0.00009641443466534838,1,0.0000016695547628842178,-0.9989821910858154,0.00009639160998631269,-0.04510687664151192],5,1.8550820350646973],[[754.0629272460938,229.4332733154297,44.41720962524414,-0.048483386635780337,0.0000014043080227565952,0.9988240003585815,0.000050130845920648429,1,0.000001027413304655056,-0.9988240003585815,0.000050121703679906207,-0.048483386635780337],5,1.8730087280273438],[[754.05810546875,229.14141845703126,44.458072662353519,-0.01917964033782482,0.000024429766199318693,0.9998160600662231,0.002830930519849062,0.9999960064888,0.00002987205698445905,-0.9998120665550232,0.0028309826739132406,-0.019179632887244226],5,1.8897619247436524],[[754.0953979492188,228.79505920410157,44.523929595947269,-0.046361010521650317,0.00003090410245931707,0.998924732208252,0.0013261502608656884,0.9999991059303284,0.000030610503017669547,-0.9989238977432251,0.0013261433923617006,-0.046361010521650317],5,1.9056856632232667],[[754.0958251953125,228.3942108154297,44.581390380859378,-0.05020391568541527,0.000007696198736084625,0.9987390041351318,0.0002969910274259746,0.9999999403953552,0.000007223021384561434,-0.9987389445304871,0.0002969791239593178,-0.05020391568541527],5,1.9225664138793946],[[754.0570068359375,227.93885803222657,44.63254928588867,-0.044241223484277728,-0.000001582585809956072,0.9990208745002747,-0.000013568857866630424,1,9.83245627139695e-7,-0.9990208745002747,-0.000013512071745935828,-0.044241223484277728],5,1.939770221710205],[[754.0596313476563,228.0322723388672,44.65869140625,0.08703408390283585,0.0003365300945006311,0.9962052702903748,-0.0016945555107668043,0.9999985694885254,-0.0001897656184155494,-0.9962038993835449,-0.001671609003096819,0.08703453093767166],12,1.9574472904205323],[[754.2832641601563,228.19796752929688,44.66059875488281,0.371444433927536,0.00022565263498108834,0.9284551739692688,0.00008023639384191483,0.9999999403953552,-0.0002751409192569554,-0.9284551739692688,0.000176695451955311,0.3714444041252136],8,1.9744181632995606],[[754.5194702148438,228.30641174316407,44.66069412231445,0.7073015570640564,0.00026092815096490085,0.7069118618965149,0.0004674770752899349,0.9999995231628418,-0.0008368444396182895,-0.7069118022918701,0.0009223665110766888,0.707301139831543],8,1.9959745407104493],[[754.6278686523438,229.1693115234375,44.66105270385742,0.9229145050048828,0.0031821078155189754,0.384991854429245,-0.002285309601575136,0.9999935030937195,-0.002786921337246895,-0.3849982023239136,0.001692264573648572,0.9229157567024231],3,2.008261203765869],[[754.6285400390625,229.9777069091797,44.66077423095703,0.9806196093559265,0.0013953305315226317,0.19591638445854188,-0.0011371043510735036,0.9999983310699463,-0.0014305153163149953,-0.19591805338859559,0.001180014107376337,0.9806195497512817],5,2.0301616191864015],[[754.6282958984375,230.73159790039063,44.66053009033203,0.9792315363883972,0.00033801631070673466,0.20274484157562257,-0.0002726996608544141,0.9999998807907105,-0.00035009594284929335,-0.20274494588375092,0.00028753653168678284,0.9792315363883972],5,2.0398247241973879],[[754.6436157226563,231.43084716796876,44.66046142578125,0.9181905388832092,0.00006764035060768947,0.3961390256881714,-0.00007485083915526047,1,0.000002743931418081047,-0.3961390256881714,-0.000032170788472285497,0.9181905388832092],5,2.0566837787628176],[[754.6436157226563,232.07557678222657,44.660465240478519,0.7563247680664063,-0.000005068558493803721,0.6541963219642639,-0.000026893409085460008,1,0.000038839578337501737,-0.6541963219642639,-0.000046968907554401088,0.7563247680664063],5,2.0733067989349367],[[754.6436157226563,232.66580200195313,44.66047286987305,0.5421169400215149,-0.000015221011381072458,0.8403030633926392,-0.00000397220583181479,1,0.000020676363419624978,-0.8403030633926392,-0.000014546862985298504,0.5421169400215149],5,2.0901095867156984],[[754.6436157226563,233.2015380859375,44.66047668457031,0.38622114062309267,-0.000006235130058485083,0.9224061965942383,0.000002085197593260091,1,0.000005886541657673661,-0.9224061965942383,-3.5010768328902488e-7,0.38622114062309267],5,2.1063125133514406],[[754.6436157226563,233.68276977539063,44.66047668457031,0.3109387755393982,-9.109277243624092e-7,0.9504299163818359,0.0000016452595446025953,1,4.2018112367259166e-7,-0.9504299163818359,0.0000014330533986139927,0.3109387755393982],5,2.1222500801086427],[[754.6436157226563,234.1094970703125,44.66047668457031,0.2842588722705841,3.1329381044997719e-7,0.9587475657463074,5.527535904548131e-7,1,-4.906598292109265e-7,-0.9587475657463074,6.694255603179045e-7,0.2842588722705841],5,2.1409847736358644],[[754.60791015625,234.56626892089845,44.6498908996582,0.2532805800437927,2.086717074689659e-7,0.9673928618431091,2.281400490744545e-8,1,-2.216783485664564e-7,-0.9673928618431091,7.821692804554914e-8,0.2532805800437927],5,2.160156488418579],[[754.5578002929688,234.79945373535157,44.635719299316409,0.23585245013237,7.545148861254347e-8,0.9717888832092285,-5.224739041409521e-8,1,-6.496144777656809e-8,-0.9717888832092285,-3.545211768596346e-8,0.23585245013237],5,2.182774543762207],[[754.4570922851563,235.06268310546876,44.60899353027344,0.1957109123468399,-4.0050903038491018e-8,0.9806616306304932,-7.898578502363307e-8,1,5.6603909115438e-8,-0.9806616306304932,-8.853633204353173e-8,0.1957109123468399],5,2.190269708633423],[[754.3172607421875,235.2714080810547,44.57549285888672,0.17704994976520539,-8.628936853938285e-8,0.9842018485069275,-6.081684489345207e-8,1,9.86149188975105e-8,-0.9842018485069275,-7.731581774805818e-8,0.17704994976520539],5,2.2071754932403566],[[754.137939453125,235.42564392089845,44.53742980957031,0.16681401431560517,-1.3144565969014367e-7,0.9859883785247803,-4.31974775949584e-8,1,1.4062194964026276e-7,-0.9859883785247803,-6.604992108805163e-8,0.16681401431560517],5,2.2266018390655519],[[753.858154296875,235.5417938232422,44.48556900024414,0.1565631628036499,-1.1932564802918933e-7,0.9876679182052612,-1.5360756222548845e-8,1,1.2325051557127154e-7,-0.9876679182052612,-3.4467817044969709e-8,0.1565631628036499],5,2.2538864612579347],[[753.5985717773438,235.57339477539063,44.4439811706543,0.14901161193847657,-9.568798020609393e-8,0.9888354539871216,8.3373183912272e-9,1,9.551197166501879e-8,-0.9888354539871216,-5.988156637215525e-9,0.14901161193847657],5,2.261514663696289],[[753.40087890625,235.5613250732422,44.41412353515625,0.14498303830623628,-7.778122323998105e-8,0.9894341230392456,2.614194904992928e-8,1,7.47812123336189e-8,-0.9894341230392456,1.5023729815766275e-8,0.14498303830623628],5,2.273135185241699],[[753.136962890625,235.45230102539063,44.37543869018555,0.136020228266716,-5.37486499752049e-8,0.9907060861587524,5.006996417478149e-8,1,4.737845671343166e-8,-0.9907060861587524,4.316018831218571e-8,0.136020228266716],7,2.2900421619415285],[[752.872802734375,235.2852020263672,44.338871002197269,0.1237432137131691,-2.9339478402334863e-8,0.9923142790794373,7.430396919971827e-8,1,2.030089341076291e-8,-0.9923142790794373,7.12207892661354e-8,0.1237432137131691],7,2.3061656951904299],[[752.6082153320313,235.0635986328125,44.305397033691409,0.11158384382724762,-4.615740678559632e-9,0.993755042552948,9.884596607889762e-8,1,-6.454178524961662e-9,-0.993755042552948,9.894885266703568e-8,0.11158384382724762],8,2.3250834941864015],[[752.3433227539063,234.88035583496095,44.27516174316406,0.10289862751960755,1.587959097548719e-8,0.9946918487548828,1.0675235984081155e-7,1,-2.7007622804831045e-8,-0.9946918487548828,1.0896474833543835e-7,0.10289862751960755],8,2.3400650024414064],[[752.0781860351563,234.88658142089845,44.247371673583987,0.09594584256410599,2.3665393200644759e-8,0.99538654088974,6.415164222062231e-8,1,-2.995868797484036e-8,-0.99538654088974,6.673009522728535e-8,0.09594584256410599],8,2.356318712234497],[[751.8128051757813,234.9115447998047,44.22151184082031,0.08550883084535599,3.138223192422629e-8,0.9963374137878418,2.162057022303543e-8,1,-3.335314247010501e-8,-0.9963374137878418,2.439337087878357e-8,0.08550883084535599],8,2.3721814155578615],[[751.5471801757813,234.92852783203126,44.19829559326172,0.07506337761878967,3.864893471927644e-8,0.9971787929534912,-2.0836290914871826e-8,1,-3.7189813895111e-8,-0.9971787929534912,-1.7985914979590235e-8,0.07506337761878967],8,2.3905651569366457],[[751.2813110351563,234.93832397460938,44.1778564453125,0.06112232431769371,4.5400650350302388e-8,0.9981302618980408,-6.319917389419061e-8,1,-4.1615578538767298e-8,-0.9981302618980408,-6.053737422462291e-8,0.06112232431769371],8,2.405327558517456],[[751.0151977539063,234.94374084472657,44.16100311279297,0.0524035207927227,5.187107632309562e-8,0.9986259937286377,-1.0548563977863523e-7,1,-4.6407020448668848e-8,-0.9986259937286377,-1.0290880680940973e-7,0.0524035207927227],8,2.4224960803985597],[[750.7488403320313,234.94671630859376,44.14667510986328,0.0524035207927227,3.07437488800133e-8,0.9986259937286377,-7.886659858513667e-8,1,-2.664747533742684e-8,-0.9986259937286377,-7.736181117934393e-8,0.0524035207927227],8,2.442610740661621],[[750.4824829101563,234.94833374023438,44.132694244384769,0.0524035207927227,9.634472775132963e-9,0.9986259937286377,-5.227029831189611e-8,1,-6.904812277497285e-9,-0.9986259937286377,-5.183663986940701e-8,0.0524035207927227],8,2.468966007232666],[[750.1495361328125,234.94935607910157,44.1152229309082,0.0524035207927227,-1.672676042119292e-8,0.9986259937286377,-1.9056875188994128e-8,1,1.7749796299426636e-8,-0.9986259937286377,-1.996084364463968e-8,0.0524035207927227],8,2.4834091663360597],[[749.9497680664063,234.94967651367188,44.104740142822269,0.0524035207927227,-3.2529985816154297e-8,0.9986259937286377,8.541485296831297e-10,1,3.2529921867308079e-8,-0.9986259937286377,-8.517074823188864e-10,0.0524035207927227],8,2.489234209060669],[[749.6834106445313,234.949951171875,44.090763092041019,0.0524035207927227,-5.3585200276984327e-8,0.9986259937286377,2.7382331069247813e-8,1,5.222202048571489e-8,-0.9986259937286377,2.4608089788102917e-8,0.0524035207927227],8,2.5050110816955568],[[749.4170532226563,234.95010375976563,44.076786041259769,0.0524035207927227,-7.462241313760387e-8,0.9986259937286377,5.38878452971403e-8,1,7.189728989942523e-8,-0.9986259937286377,5.0046132571424098e-8,0.0524035207927227],8,2.5244271755218508],[[749.15087890625,234.95018005371095,44.06162643432617,0.05288514494895935,-9.564213598878269e-8,0.9986006021499634,8.041190113772245e-8,1,9.151760593795189e-8,-0.9986006021499634,7.545945379661134e-8,0.05288514494895935],8,2.5491931438446047],[[748.8849487304688,234.95022583007813,44.041900634765628,0.05527910590171814,-6.141231523315582e-8,0.9984709620475769,5.6935387959811126e-8,1,5.835420324729057e-8,-0.9984709620475769,5.362256061403059e-8,0.05527910590171814],8,2.5560123920440676],[[748.6197509765625,234.95022583007813,44.013519287109378,0.0613659992814064,-2.7206066732787805e-8,0.9981153607368469,3.351324195932648e-8,1,2.519698050207353e-8,-0.9981153607368469,3.190384134654778e-8,0.0613659992814064],8,2.572922706604004],[[748.3551025390625,234.95022583007813,43.98102951049805,0.06927800923585892,6.9798882229576979e-9,0.9975973963737488,9.866555572557445e-9,1,-7.681880020982135e-9,-0.9975973963737488,1.0375035053300508e-8,0.06927800923585892],8,2.5897750854492189],[[748.0906982421875,234.95022583007813,43.94686508178711,0.07730777561664581,4.1145355567095979e-8,0.9970072507858276,-1.409177130540229e-8,1,-4.0176189486373917e-8,-0.9970072507858276,-1.0943666417517761e-8,0.07730777561664581],8,2.607452392578125],[[747.8262939453125,234.95022583007813,43.91249084472656,0.08453904092311859,7.528865353378933e-8,0.99642014503479,-3.831226891293227e-8,1,-7.230862308915676e-8,-0.99642014503479,-3.2062217769635029e-8,0.08453904092311859],8,2.628567934036255],[[747.5618896484375,234.95022583007813,43.87811279296875,0.09080220758914948,9.359424524291171e-8,0.9958689212799072,-5.334003461143766e-8,1,-8.911900550856444e-8,-0.9958689212799072,-4.502748041090854e-8,0.09080220758914948],8,2.639042377471924],[[747.2974853515625,234.95022583007813,43.84373474121094,0.096188023686409,6.446612843546973e-8,0.995363175868988,-4.012350629523098e-8,1,-6.088906445711473e-8,-0.995363175868988,-3.408066007182242e-8,0.096188023686409],8,2.656728982925415],[[747.0330810546875,234.95022583007813,43.809356689453128,0.10081323981285095,3.536483461630269e-8,0.9949053525924683,-2.669199616889273e-8,1,-3.2841242614267688e-8,-0.9949053525924683,-2.3245176450359396e-8,0.10081323981285095],8,2.671931743621826],[[746.8009033203125,234.95022583007813,43.894344329833987,0.03267468884587288,6.287353748746227e-9,0.999466061592102,-1.2070005439568377e-8,1,-5.89611826029568e-9,-0.999466061592102,-1.1870906924116298e-8,0.03267468884587288],8,2.6909520626068117],[[746.5894165039063,234.95022583007813,44.05500793457031,-0.058447111397981647,-2.2686831968599109e-8,0.998290479183197,-7.185610439996992e-11,1,2.2721474479681093e-8,-0.998290479183197,1.2562713092023615e-9,-0.058447111397981647],8,2.7115890979766847],[[746.3804321289063,234.95022583007813,44.22056198120117,-0.14285516738891602,-5.140180547869022e-8,0.9897435903549194,8.754528657561878e-9,1,5.3198053961978078e-8,-0.9897435903549194,1.6264355195971804e-8,-0.14285516738891602],8,2.722398281097412],[[746.1744384765625,234.95022583007813,44.389923095703128,-0.2176465541124344,-7.97350523384921e-8,0.9760276675224304,1.4858597019440367e-8,1,8.500678916334437e-8,-0.9760276675224304,3.300383610849167e-8,-0.2176465541124344],8,2.7383899688720705],[[745.91748046875,236.0203399658203,44.60226821899414,-0.05064139887690544,-1.2257375203716948e-7,0.9987168908119202,2.8732380030760397e-8,1,1.2418814776538057e-7,-0.9987168908119202,3.498457701311963e-8,-0.05064139887690544],3,2.760059356689453],[[745.7689819335938,236.62152099609376,44.73612976074219,-0.027966435998678209,-1.4797240055486328e-7,0.9996088743209839,3.5011964882869509e-8,1,1.4900984979249189e-7,-0.9996088743209839,3.916554192073818e-8,-0.027966435998678209],5,2.778022289276123],[[745.5726318359375,237.3754119873047,44.91653823852539,-0.07978753000497818,-1.2992511244647177e-7,0.9968118667602539,2.622106265448565e-8,1,1.3243945318208717e-7,-0.9968118667602539,3.670448478487742e-8,-0.07978753000497818],5,2.7889113426208498],[[745.3795776367188,238.07481384277345,45.10049819946289,-0.09681934118270874,-9.717451376900499e-8,0.9953019618988037,1.3021072220453789e-8,1,9.889983942912295e-8,-0.9953019618988037,2.2535315835625626e-8,-0.09681934118270874],5,2.805185556411743],[[745.1895751953125,238.71971130371095,45.28761291503906,-0.10959330201148987,-6.450355272136221e-8,0.9939765334129334,1.173524610820209e-9,1,6.502383342876783e-8,-0.9939765334129334,8.292632358575247e-9,-0.10959330201148987],5,2.8231799602508547],[[745.0020141601563,239.3101043701172,45.477134704589847,-0.11717496067285538,-3.1579265424852568e-8,0.9931113123893738,-9.489465213619042e-9,1,3.067867382355871e-8,-0.9931113123893738,-5.829322358152922e-9,-0.11717496067285538],5,2.839320421218872],[[744.8158569335938,239.8459930419922,45.66810989379883,-0.12431831657886505,1.9530892458874406e-9,0.9922423958778381,-1.8945929269875707e-8,1,-4.342099568788171e-9,-0.9922423958778381,-1.9338756374054357e-8,-0.12431831657886505],5,2.856600522994995],[[744.631103515625,240.327392578125,45.860382080078128,-0.1281261444091797,3.640439061314282e-8,0.991757869720459,-2.7303295624392377e-8,1,-4.0234272802308627e-8,-0.991757869720459,-3.223332001311974e-8,-0.1281261444091797],5,2.877531051635742],[[744.4364624023438,240.75428771972657,46.03010559082031,-0.05818662792444229,7.217404629500379e-8,0.9983057379722595,-3.933299552727476e-8,1,-7.458907447244201e-8,-0.9983057379722595,-4.360644112466616e-8,-0.05818662792444229],5,2.893002986907959],[[744.2257690429688,241.12667846679688,46.16349411010742,-0.03141329437494278,1.0609262801608566e-7,0.9995064735412598,-5.362107202699917e-8,1,-1.0783025317095962e-7,-0.9995064735412598,-5.6981914298148698e-8,-0.03141329437494278],5,2.9099972248077394],[[743.9989624023438,241.444580078125,46.26057052612305,-0.029859809204936029,1.3879210314371449e-7,0.9995540976524353,-6.82200322899007e-8,1,-1.408919700907063e-7,-0.9995540976524353,-7.239662380698064e-8,-0.029859809204936029],5,2.922800302505493],[[743.6927490234375,241.7653045654297,46.33089828491211,-0.029637577012181283,1.1493665397210862e-7,0.9995607137680054,-5.545158643371906e-8,1,-1.166313410294606e-7,-0.9995607137680054,-5.888389864594501e-8,-0.029637577012181283],5,2.9417757987976076],[[743.4970092773438,241.9168701171875,46.34626770019531,-0.02965947613120079,9.094166131262682e-8,0.9995600581169128,-4.314144064210268e-8,1,-9.226179997767758e-8,-0.9995600581169128,-4.585889712416247e-8,-0.02965947613120079],5,2.9612934589385988],[[743.230712890625,242.07125854492188,46.35484313964844,-0.02966049313545227,5.897401678112146e-8,0.9995600581169128,-2.6740051950469025e-8,1,-5.97934501911368e-8,-0.9995600581169128,-2.850179114943785e-8,-0.02966049313545227],5,2.9718379974365236],[[743.014892578125,242.15870666503907,46.36895751953125,0.020599734038114549,0.0003457795537542552,0.9997877478599548,-0.005773444194346666,0.9999833106994629,-0.0002268905082019046,-0.9997711181640625,-0.005767544731497765,0.020601386204361917],5,2.9903275966644289],[[743.05615234375,242.14593505859376,46.41592788696289,-0.0071756839752197269,0.00011103138967882842,0.999974250793457,-0.004961915779858828,0.9999876618385315,-0.00014663893671240658,-0.9999619722366333,-0.0049628401175141338,-0.007175044622272253],5,3.005681037902832],[[743.1182861328125,242.0758819580078,46.483795166015628,-0.03434118628501892,-0.00006255023617995903,0.9994101524353027,-0.0012708860449492932,0.9999991655349731,0.000018917606212198735,-0.9994093775749207,-0.0012694868491962553,-0.0343412384390831],5,3.0230660438537599],[[743.14501953125,241.95132446289063,46.53703689575195,-0.03953971713781357,-0.0000310409304802306,0.9992179870605469,-0.00002456947368045803,1,0.000030092993256403134,-0.9992179870605469,-0.0000233603914239211,-0.03953972086310387],5,3.039144515991211],[[743.1324462890625,241.7722625732422,46.5842399597168,-0.04780798777937889,-0.000006648701400990831,0.9988565444946289,0.00013541433145292103,1,0.000013137610039848369,-0.9988565444946289,0.00013588757428806275,-0.04780798777937889],5,3.0564942359924318],[[743.0805053710938,241.53871154785157,46.6259651184082,-0.05484824255108833,0.0000010326367601010134,0.9984946846961975,0.00006660933286184445,1,0.000002624718717925134,-0.9984946846961975,0.00006665302498731762,-0.05484824255108833],5,3.072871685028076],[[743.0772705078125,241.26034545898438,46.681575775146487,-0.03873250633478165,0.000011213453944947105,0.9992496371269226,0.0018157188314944506,0.9999983310699463,0.00005915830115554854,-0.9992479681968689,0.0018166477093473077,-0.038732465356588367],5,3.090798854827881],[[743.0659790039063,240.83726501464845,46.741336822509769,-0.03357863798737526,0.0000011810236628662097,0.99943608045578,0.0011543038999661804,0.9999993443489075,0.000037600133509840819,-0.9994354248046875,0.001154915546067059,-0.03357861563563347],5,3.110581636428833],[[743.1534423828125,240.54388427734376,46.73868179321289,0.10656189918518067,0.0020805790554732086,0.9943038821220398,0.0005415630294010043,0.9999975562095642,-0.002150533488020301,-0.9943059086799622,0.0007676432142034173,0.10656051337718964],5,3.1228933334350588],[[743.546875,240.51780700683595,46.718299865722659,0.7176216244697571,0.0028900173492729666,0.6964272260665894,-0.001593140885233879,0.9999955892562866,-0.002508133416995406,-0.6964313983917236,0.0006903838948346674,0.7176230549812317],7,3.1434836387634279],[[743.597412109375,240.52984619140626,46.707733154296878,0.9054211378097534,0.002028049435466528,0.4245097041130066,-0.0006895597907714546,0.9999942779541016,-0.0033066284377127887,-0.4245139956474304,0.00270116631872952,0.9054173231124878],7,3.1606392860412599],[[743.5994873046875,240.49691772460938,46.70615768432617,0.9726549983024597,-0.000002915892991950386,-0.23225481808185578,-0.00029026856645941734,0.9999992251396179,-0.0012281641829758883,0.23225463926792146,0.0012619963381439448,0.9726542234420776],8,3.175232410430908],[[743.6375732421875,241.38027954101563,46.705902099609378,0.9530957341194153,0.0019678445532917978,-0.3026626408100128,-0.0014467762084677816,0.999997079372406,0.0019458051538094879,0.3026655912399292,-0.0014166535111144186,0.9530957341194153],3,3.1968019008636476],[[743.6373901367188,242.22955322265626,46.70606231689453,0.9937161207199097,0.0008340667700394988,-0.11192675679922104,-0.000666530046146363,0.9999986290931702,0.001534253009594977,0.11192788183689118,-0.0014500092947855592,0.9937152862548828],5,3.2105932235717775],[[743.6373291015625,243.02432250976563,46.70635986328125,0.9758023023605347,-0.000058472978707868609,0.21865470707416535,-0.0000684509941493161,0.9999998211860657,0.000572901451960206,-0.21865470707416535,-0.0005740057094953954,0.9758021235466003],5,3.2226665019989015],[[743.6398315429688,243.76458740234376,46.70649337768555,0.8447778820991516,-0.00010578159708529711,0.5351170897483826,0.00006617283361265436,1,0.00009321371908299625,-0.5351170897483826,-0.000043334675865480679,0.8447778820991516],5,3.240252733230591],[[743.6265869140625,244.4503631591797,46.68553924560547,0.6925996541976929,-0.000034794378734659406,0.7213221788406372,0.00006227937410585582,1,-0.000011562512554519344,-0.7213221788406372,0.00005293169306241907,0.6925996541976929],5,3.259658098220825],[[743.5862426757813,245.08163452148438,46.63607406616211,0.5656677484512329,0.0000018786166720019538,0.8246332406997681,0.000023330518160946668,1,-0.00001828198946896009,-0.8246332406997681,0.000029580651244032198,0.5656677484512329],5,3.2813336849212648],[[743.5123291015625,245.6584014892578,46.56592559814453,0.4887043535709381,0.000005272823727864306,0.8724494576454163,0.000003507486553644412,1,-0.00000800842735770857,-0.8724494576454163,0.0000069738580350531269,0.4887043535709381],5,3.289538621902466],[[743.401611328125,246.1806640625,46.48109436035156,0.44128385186195376,0.0000021312941953510746,0.8973675966262817,-0.000001193076855088293,1,-0.000001788351596587745,-0.8973675966262817,-2.8145782948740818e-7,0.44128385186195376],5,3.3064441680908205],[[743.29345703125,246.53660583496095,46.410587310791019,0.39707010984420779,6.101979010963987e-7,0.9177882671356201,-0.0000011968783155680285,1,-1.4704188799896657e-7,-0.9177882671356201,-0.0000010400949577160646,0.39707010984420779],5,3.3205740451812746],[[743.0640258789063,247.06170654296876,46.28688049316406,0.32597