[[[776,222.69961547851563,47,1,0,0,0,1,0,0,0,1],8,0.009829998016357422],[[776,222.69961547851563,47,1,0,0,0,1,0,0,0,1],8,0.03835654258728027],[[776,222.69961547851563,47,1,0,0,0,1,0,0,0,1],8,0.047774553298950198],[[776,222.69961547851563,47,1,0,0,0,1,0,0,0,1],8,0.05690908432006836],[[776,222.69961547851563,47,1,0,0,0,1,0,0,0,1],8,0.06811761856079102],[[776,222.69961547851563,47,1,0,0,0,1,0,0,0,1],8,0.07793807983398438],[[776,222.69961547851563,47,1,0,0,0,1,0,0,0,1],8,0.08967399597167969],[[776,222.69961547851563,47,1,0,0,0,1,0,0,0,1],8,0.09928154945373535],[[776,222.69961547851563,47,1,0,0,0,1,0,0,0,1],8,0.10892629623413086],[[776,222.69961547851563,47,1,0,0,0,1,0,0,0,1],8,0.12233471870422363],[[776,222.69961547851563,47,1,0,0,0,1,0,0,0,1],8,0.134751558303833],[[776,222.69961547851563,47,1,0,0,0,1,0,0,0,1],8,0.1627197265625],[[776,222.69961547851563,47,1,0,0,0,1,0,0,0,1],8,0.1760725975036621],[[776,222.69961547851563,47,1,0,0,0,1,0,0,0,1],8,0.19433093070983888],[[776,222.69961547851563,47,1,0,0,0,1,0,0,0,1],8,0.20578908920288087],[[776,222.69961547851563,47,1,0,0,0,1,0,0,0,1],8,0.24333834648132325],[[775.900634765625,222.69961547851563,47.017906188964847,0.9940149188041687,0,0.10924430191516876,0,1,0,-0.10924430191516876,0,0.9940149188041687],8,0.27040743827819826],[[775.5798950195313,222.69961547851563,47.06108856201172,0.933681070804596,0,0.3581056296825409,0,1,0,-0.3581056296825409,0,0.933681070804596],8,0.2901759147644043],[[775.3142700195313,222.69961547851563,47.082027435302737,0.8532646894454956,0,0.5214781165122986,0,1,0,-0.5214781165122986,0,0.8532646894454956],8,0.2964203357696533],[[775.1143798828125,222.69961547851563,47.088680267333987,0.7881392240524292,0,0.6154969930648804,0,1,0,-0.6154969930648804,0,0.7881392240524292],8,0.30745935440063479],[[774.9810791015625,222.69961547851563,47.0899543762207,0.7455048561096191,0,0.6665002107620239,0,1,0,-0.6665002107620239,0,0.7455048561096191],8,0.31606602668762209],[[774.8477783203125,222.69961547851563,47.0886344909668,0.7044762372970581,0,0.7097275853157044,0,1,0,-0.7097275853157044,0,0.7044762372970581],8,0.3251183032989502],[[774.7144775390625,222.69961547851563,47.08509063720703,0.6652390956878662,0,0.7466303706169128,0,1,0,-0.7466303706169128,0,0.6652390956878662],8,0.3347635269165039],[[774.5147094726563,222.69961547851563,47.07664489746094,0.6095327138900757,0,0.7927609086036682,0,1,0,-0.7927609086036682,0,0.6095327138900757],8,0.34705591201782229],[[774.3151245117188,222.69961547851563,47.06392288208008,0.5583487153053284,0,0.8296063542366028,0,1,0,-0.8296063542366028,0,0.5583487153053284],8,0.3595554828643799],[[773.9827880859375,222.69961547851563,47.038726806640628,0.48151713609695437,0,0.8764366507530212,0,1,0,-0.8764366507530212,0,0.48151713609695437],8,0.378253698348999],[[773.8499755859375,222.69961547851563,47.02711486816406,0.45428240299224856,0,0.8908577561378479,0,1,0,-0.8908577561378479,0,0.45428240299224856],8,0.38622426986694338],[[773.6509399414063,222.69961547851563,47.00735855102539,0.41833722591400149,0,0.908291757106781,0,1,0,-0.908291757106781,0,0.41833722591400149],8,0.3988173007965088],[[773.3858032226563,222.69961547851563,46.97923278808594,0.37628820538520815,0,0.9265026450157166,0,1,0,-0.9265026450157166,0,0.37628820538520815],8,0.4138619899749756],[[773.0546875,222.69961547851563,46.94123840332031,0.33164751529693606,0,0.9434033632278442,0,1,0,-0.9434033632278442,0,0.33164751529693606],8,0.44057178497314455],[[772.856201171875,222.69961547851563,46.917110443115237,0.30913451313972475,0,0.9510183334350586,0,1,0,-0.9510183334350586,0,0.30913451313972475],8,0.45005059242248537],[[772.5916748046875,222.69961547851563,46.883419036865237,0.28376254439353945,0,0.9588945508003235,0,1,0,-0.9588945508003235,0,0.28376254439353945],8,0.46456480026245119],[[772.195068359375,222.69961547851563,46.831939697265628,0.25182080268859866,0,0.9677738547325134,0,1,0,-0.9677738547325134,0,0.25182080268859866],8,0.4902920722961426],[[772.0628662109375,222.69961547851563,46.814239501953128,0.24288608133792878,0,0.9700548052787781,0,1,0,-0.9700548052787781,0,0.24288608133792878],8,0.4995746612548828],[[771.86474609375,222.69961547851563,46.787445068359378,0.2312983125448227,0,0.972882866859436,0,1,0,-0.972882866859436,0,0.2312983125448227],8,0.5119349956512451],[[771.6666259765625,222.69961547851563,46.7606315612793,0.22106964886188508,0,0.9752579927444458,0,1,0,-0.9752579927444458,0,0.22106964886188508],8,0.5289239883422852],[[771.468505859375,222.69961547851563,46.73381805419922,0.21194009482860566,0,0.9772826433181763,0,1,0,-0.9772826433181763,0,0.21194009482860566],8,0.5363321304321289],[[771.33642578125,222.69961547851563,46.7159423828125,0.20642490684986115,0,0.9784624576568604,0,1,0,-0.9784624576568604,0,0.20642490684986115],8,0.5477132797241211],[[771.1383056640625,222.69961547851563,46.68912887573242,0.19888165593147279,0,0.9800235033035278,0,1,0,-0.9800235033035278,0,0.19888165593147279],8,0.5594832897186279],[[770.940185546875,222.69961547851563,46.662315368652347,0.1920863837003708,0,0.9813780188560486,0,1,0,-0.9813780188560486,0,0.1920863837003708],8,0.5691385269165039],[[770.676025390625,223.56251525878907,46.626564025878909,0.12168581038713455,0,0.9925686717033386,0,1,0,-0.9925686717033386,0,0.12168581038713455],3,0.5869603157043457],[[770.41162109375,224.37091064453126,46.59159469604492,0.12786051630973817,0,0.9917921423912048,0,1,0,-0.9917921423912048,0,0.12786051630973817],5,0.6155805587768555],[[770.0811157226563,225.3047637939453,46.54804992675781,0.1257288008928299,0,0.9920646548271179,0,1,0,-0.9920646548271179,0,0.1257288008928299],5,0.6240198612213135],[[769.9488525390625,225.6544647216797,46.53114700317383,0.12555858492851258,0,0.9920862317085266,0,1,0,-0.9920862317085266,0,0.12555858492851258],5,0.6341030597686768],[[769.8165283203125,225.99053955078126,46.51439666748047,0.12547087669372559,0,0.9920973181724548,0,1,0,-0.9920973181724548,0,0.12547087669372559],5,0.643543004989624],[[769.6180419921875,226.46910095214845,46.48930740356445,0.12381979823112488,0,0.9923047423362732,0,1,0,-0.9923047423362732,0,0.12381979823112488],5,0.6548383235931397],[[769.4857177734375,226.7711181640625,46.472755432128909,0.12039447575807572,0,0.9927261471748352,0,1,0,-0.9927261471748352,0,0.12039447575807572],5,0.6641438007354736],[[769.3533935546875,227.0594940185547,46.456600189208987,0.11863836646080017,0,0.9929375052452087,0,1,0,-0.9929375052452087,0,0.11863836646080017],5,0.674285888671875],[[769.15478515625,227.46652221679688,46.43281555175781,0.11694129556417465,0,0.99313884973526,0,1,0,-0.99313884973526,0,0.11694129556417465],5,0.706773042678833],[[768.625,228.40206909179688,46.3704719543457,0.11142723262310028,0,0.993772566318512,0,1,0,-0.993772566318512,0,0.11142723262310028],5,0.7155628204345703],[[768.4924926757813,228.6018829345703,46.3555908203125,0.11002408713102341,0,0.9939289093017578,0,1,0,-0.9939289093017578,0,0.11002408713102341],5,0.72585129737854],[[768.3599243164063,228.7880859375,46.340911865234378,0.10653720796108246,0,0.9943087100982666,0,1,0,-0.9943087100982666,0,0.10653720796108246],5,0.7353267669677734],[[768.1610717773438,229.0418243408203,46.31950759887695,0.10319893807172775,0,0.9946607351303101,0,1,0,-0.9946607351303101,0,0.10319893807172775],5,0.7467491626739502],[[767.9622192382813,229.26492309570313,46.29879379272461,0.10136519372463227,0,0.9948492646217346,0,1,0,-0.9948492646217346,0,0.10136519372463227],5,0.7591273784637451],[[767.8295288085938,229.39662170410157,46.28524398803711,0.09784229844808579,0,0.9952019453048706,0,1,0,-0.9952019453048706,0,0.09784229844808579],5,0.7676799297332764],[[767.6968383789063,229.5146942138672,46.2720947265625,0.09774619340896607,0,0.9952113628387451,0,1,0,-0.9952113628387451,0,0.09774619340896607],5,0.7776768207550049],[[767.4314575195313,229.7099609375,46.24603271484375,0.09454002976417542,0,0.995521068572998,0,1,0,-0.995521068572998,0,0.09454002976417542],5,0.7932281494140625],[[767.232421875,229.82064819335938,46.22706604003906,0.0894060954451561,0,0.995995283126831,0,1,0,-0.995995283126831,0,0.0894060954451561],5,0.8144218921661377],[[766.966796875,229.92054748535157,46.203128814697269,0.08125688135623932,0,0.9966931939125061,0,1,0,-0.9966931939125061,0,0.08125688135623932],5,0.8218729496002197],[[766.8339233398438,229.95005798339845,46.1921272277832,0.08051072806119919,0,0.9967537522315979,0,1,0,-0.9967537522315979,0,0.08051072806119919],5,0.8307111263275147],[[766.5680541992188,229.96820068359376,46.17067337036133,0.07404787838459015,0,0.9972546696662903,0,1,0,-0.9972546696662903,0,0.07404787838459015],5,0.8428146839141846],[[766.5015869140625,229.96421813964845,46.165611267089847,0.07341672480106354,0,0.9973013401031494,0,1,0,-0.9973013401031494,0,0.07341672480106354],5,0.8492960929870606],[[766.3021850585938,229.93185424804688,46.150856018066409,0.0652647539973259,0,0.997868001461029,0,1,0,-0.997868001461029,0,0.0652647539973259],5,0.8618037700653076],[[766.1026000976563,229.8688201904297,46.137603759765628,0.055060014128685,0,0.9984830617904663,0,1,0,-0.9984830617904663,0,0.055060014128685],5,0.8765318393707275],[[765.9028930664063,229.77513122558595,46.126365661621097,0.04630952700972557,0,0.998927116394043,0,1,0,-0.998927116394043,0,0.04630952700972557],5,0.89874267578125],[[765.5699462890625,229.5508575439453,46.11086654663086,0.04272150993347168,0,0.9990870356559753,0,1,0,-0.9990870356559753,0,0.04272150993347168],5,0.9065706729888916],[[765.436767578125,229.43731689453126,46.10515594482422,0.04202090948820114,0,0.9991167187690735,0,1,0,-0.9991167187690735,0,0.04202090948820114],5,0.9156665802001953],[[765.3035888671875,229.3101348876953,46.09954833984375,0.04194251820445061,0,0.9991199970245361,0,1,0,-0.9991199970245361,0,0.04194251820445061],5,0.9220051765441895],[[765.17041015625,229.16934204101563,46.09395980834961,0.04191586375236511,0,0.9991211295127869,0,1,0,-0.9991211295127869,0,0.04191586375236511],5,0.9341073036193848],[[764.9706420898438,228.93258666992188,46.0855827331543,0.04190782085061073,0,0.9991214871406555,0,1,0,-0.9991214871406555,0,0.04190782085061073],5,0.9452512264251709],[[764.6376953125,228.46987915039063,46.07162094116211,0.04190338775515556,0,0.9991216659545898,0,1,0,-0.9991216659545898,0,0.04190338775515556],5,0.9657506942749023],[[764.371337890625,228.03839111328126,46.06045150756836,0.037148259580135348,0,0.999309778213501,0,1,0,-0.999309778213501,0,0.037148259580135348],5,0.9840977191925049],[[764.2380981445313,227.80221557617188,46.055381774902347,0.03344256803393364,0,0.9994406700134277,0,1,0,-0.9994406700134277,0,0.03344256803393364],5,0.9930884838104248],[[764.1047973632813,227.5524139404297,46.05081558227539,0.028244130313396455,0,0.9996010661125183,0,1,0,-0.9996010661125183,0,0.028244130313396455],5,1.0015373229980469],[[763.9048461914063,227.15216064453126,46.045005798339847,0.024841632694005967,0,0.9996914267539978,0,1,0,-0.9996914267539978,0,0.024841632694005967],5,1.0120725631713868],[[763.7715454101563,226.86830139160157,46.0416145324707,0.024559790268540384,0,0.9996983408927918,0,1,0,-0.9996983408927918,0,0.024559790268540384],5,1.021751880645752],[[763.5715942382813,226.4169464111328,46.03670120239258,0.021217554807662965,0,0.9997748732566834,0,1,0,-0.9997748732566834,0,0.021217554807662965],5,1.0330314636230469],[[763.4382934570313,226.09902954101563,46.03378677368164,0.021045329049229623,0,0.9997785091400147,0,1,0,-0.9997785091400147,0,0.021045329049229623],5,1.0439386367797852],[[763.2383422851563,225.59658813476563,46.029579162597659,0.020989757031202318,0,0.9997797012329102,0,1,0,-0.9997797012329102,0,0.020989757031202318],5,1.0557427406311036],[[763.0383911132813,225.06349182128907,46.025390625,0.02095966413617134,0,0.9997802972793579,0,1,0,-0.9997802972793579,0,0.02095966413617134],5,1.0806505680084229],[[762.7051391601563,224.10687255859376,46.018409729003909,0.020953448489308358,0,0.9997804760932922,0,1,0,-0.9997804760932922,0,0.020953448489308358],5,1.0899033546447755],[[762.5051879882813,223.49203491210938,46.01422119140625,0.019315212965011598,0,0.999813437461853,0,1,0,-0.999813437461853,0,0.019315212965011598],5,1.1165568828582764],[[762.0386352539063,222.43917846679688,46.00518798828125,0.005295824725180864,0,0.9999859929084778,0,1,0,-0.9999859929084778,0,0.005295824725180864],7,1.1406049728393555],[[761.7720336914063,222.5039825439453,46.00324630737305,-0.000006448592102969997,0,1,0,1,0,-1,0,-0.000006448592102969997],7,1.1470210552215577],[[761.6387329101563,222.54776000976563,46.00305938720703,-0.000007645719051652123,0,1,0,1,0,-1,0,-0.000007645719051652123],8,1.155935287475586],[[761.5054321289063,222.58457946777345,46.00303268432617,-0.000007606895906064892,0,1,0,1,0,-1,0,-0.000007606895906064892],8,1.1629631519317628],[[761.3054809570313,222.62538146972657,46.003028869628909,-0.000007710069439781364,0,1,0,1,0,-1,0,-0.000007710069439781364],8,1.1746246814727784],[[761.1721801757813,222.64454650878907,46.003028869628909,-0.00000758824262447888,0,1,0,1,0,-1,0,-0.00000758824262447888],8,1.1837270259857178],[[760.9722290039063,222.6645965576172,46.003028869628909,-0.000007587161690025823,0,1,0,1,0,-1,0,-0.000007587161690025823],8,1.1964235305786133],[[760.6389770507813,222.6832275390625,46.003028869628909,-0.000007586912488477537,0,1,0,1,0,-1,0,-0.000007586912488477537],8,1.2174241542816163],[[760.4390258789063,222.68923950195313,46.003028869628909,-0.005247288383543491,0,0.9999862313270569,0,1,0,-0.9999862313270569,0,-0.005247288383543491],8,1.227233648300171],[[760.3057250976563,222.6919708251953,46.00354766845703,-0.006993314251303673,0,0.9999755620956421,0,1,0,-0.9999755620956421,0,-0.006993314251303673],8,1.2363958358764649],[[760.1724243164063,222.69398498535157,46.00439453125,-0.008739914745092392,0,0.999961793422699,0,1,0,-0.999961793422699,0,-0.008739914745092392],8,1.245534896850586],[[760.0391235351563,222.69546508789063,46.005489349365237,-0.010485891252756119,0,0.9999450445175171,0,1,0,-0.9999450445175171,0,-0.010485891252756119],8,1.254267692565918],[[759.8391723632813,222.69700622558595,46.00750732421875,-0.010485652834177018,0,0.9999450445175171,0,1,0,-0.9999450445175171,0,-0.010485652834177018],8,1.2660627365112305],[[759.7058715820313,222.6977081298828,46.00890350341797,-0.010485533624887467,0,0.9999450445175171,0,1,0,-0.9999450445175171,0,-0.010485533624887467],8,1.275871992111206],[[759.5059204101563,222.69842529296876,46.0109977722168,-0.010486248880624771,0,0.9999450445175171,0,1,0,-0.9999450445175171,0,-0.010486248880624771],8,1.2857375144958497],[[759.3726196289063,222.69874572753907,46.012393951416019,-0.012232433073222638,0,0.9999251961708069,0,1,0,-0.9999251961708069,0,-0.012232433073222638],8,1.2965304851531983],[[759.2393188476563,222.698974609375,46.01396179199219,-0.012231837026774884,0,0.9999251961708069,0,1,0,-0.9999251961708069,0,-0.012231837026774884],8,1.3064117431640626],[[759.0393676757813,222.69921875,46.01639938354492,-0.012232194654643536,0,0.9999251961708069,0,1,0,-0.9999251961708069,0,-0.012232194654643536],8,1.3158516883850098],[[758.8394165039063,222.6993865966797,46.01884841918945,-0.013978460803627968,0,0.9999023079872131,0,1,0,-0.9999023079872131,0,-0.013978460803627968],8,1.327115774154663],[[758.7061157226563,222.699462890625,46.020652770996097,-0.019218530505895616,0,0.9998152852058411,0,1,0,-0.9998152852058411,0,-0.019218530505895616],8,1.3375051021575928],[[758.5728149414063,222.69952392578126,46.02302551269531,-0.019218411296606065,0,0.9998152852058411,0,1,0,-0.9998152852058411,0,-0.019218411296606065],8,1.347229242324829],[[758.3728637695313,222.69956970214845,46.02684020996094,-0.02271166630089283,0,0.9997420310974121,0,1,0,-0.9997420310974121,0,-0.02271166630089283],8,1.359480381011963],[[758.1729125976563,222.69961547851563,46.03125,-0.02969539538025856,0,0.9995589852333069,0,1,0,-0.9995589852333069,0,-0.02969539538025856],8,1.3699886798858643],[[757.9729614257813,222.69961547851563,46.03691482543945,-0.03318685665726662,0,0.9994491934776306,0,1,0,-0.9994491934776306,0,-0.03318685665726662],8,1.3825628757476807],[[757.8502807617188,222.69961547851563,46.04050827026367,-0.03667791560292244,0,0.9993271231651306,0,1,0,-0.9993271231651306,0,-0.03667791560292244],8,1.399052619934082],[[757.8262329101563,222.69961547851563,46.04121398925781,-0.0471491813659668,0,0.998887836933136,0,1,0,-0.998887836933136,0,-0.0471491813659668],8,1.4283168315887452],[[757.8260498046875,222.69961547851563,46.04121780395508,-0.050638072192668918,0,0.9987170696258545,0,1,0,-0.9987170696258545,0,-0.050638072192668918],8,1.436049222946167],[[757.8260498046875,222.69961547851563,46.04121780395508,-0.05412670224905014,0,0.998534083366394,0,1,0,-0.998534083366394,0,-0.05412670224905014],8,1.4644434452056885],[[757.8260498046875,222.69961547851563,46.04121780395508,-0.05935881286859512,0,0.9982367157936096,0,1,0,-0.9982367157936096,0,-0.05935881286859512],8,1.4723258018493653],[[757.8260498046875,222.69961547851563,46.04121780395508,-0.05935881286859512,0,0.9982367157936096,0,1,0,-0.9982367157936096,0,-0.05935881286859512],8,1.490058183670044],[[757.8260498046875,222.69961547851563,46.04121780395508,-0.059358932077884677,0,0.9982367157936096,0,1,0,-0.9982367157936096,0,-0.059358932077884677],8,1.497560977935791],[[757.8260498046875,222.69961547851563,46.04121780395508,-0.059358932077884677,0,0.9982367157936096,0,1,0,-0.9982367157936096,0,-0.059358932077884677],8,1.5052285194396973],[[757.8260498046875,222.69961547851563,46.04121780395508,-0.059358932077884677,0,0.9982367157936096,0,1,0,-0.9982367157936096,0,-0.059358932077884677],8,1.5155069828033448],[[757.8260498046875,222.69961547851563,46.04121780395508,-0.059358932077884677,0,0.9982367157936096,0,1,0,-0.9982367157936096,0,-0.059358932077884677],8,1.5253758430480958],[[757.8260498046875,222.69961547851563,46.04121780395508,-0.059358932077884677,0,0.9982367157936096,0,1,0,-0.9982367157936096,0,-0.059358932077884677],8,1.5345160961151124],[[757.8260498046875,222.69961547851563,46.04121780395508,-0.059358932077884677,0,0.9982367157936096,0,1,0,-0.9982367157936096,0,-0.059358932077884677],8,1.5431451797485352],[[757.8260498046875,222.69961547851563,46.04121780395508,-0.059358932077884677,0,0.9982367157936096,0,1,0,-0.9982367157936096,0,-0.059358932077884677],8,1.552663803100586],[[757.8260498046875,222.69961547851563,46.04121780395508,-0.059358932077884677,0,0.9982367157936096,0,1,0,-0.9982367157936096,0,-0.059358932077884677],8,1.5632877349853516],[[757.8260498046875,222.69961547851563,46.04121780395508,-0.059358932077884677,0,0.9982367157936096,0,1,0,-0.9982367157936096,0,-0.059358932077884677],8,1.5722641944885255],[[757.8260498046875,222.69961547851563,46.04121780395508,-0.059358932077884677,0,0.9982367157936096,0,1,0,-0.9982367157936096,0,-0.059358932077884677],8,1.5823931694030762],[[757.8260498046875,222.69961547851563,46.04121780395508,-0.059358932077884677,0,0.9982367157936096,0,1,0,-0.9982367157936096,0,-0.059358932077884677],8,1.5933339595794678],[[757.8260498046875,222.69961547851563,46.04121780395508,-0.059358932077884677,0,0.9982367157936096,0,1,0,-0.9982367157936096,0,-0.059358932077884677],8,1.602785348892212],[[757.8260498046875,222.69961547851563,46.04121780395508,-0.059358932077884677,0,0.9982367157936096,0,1,0,-0.9982367157936096,0,-0.059358932077884677],8,1.6131246089935303],[[757.8260498046875,222.69961547851563,46.04121780395508,-0.059358932077884677,0,0.9982367157936096,0,1,0,-0.9982367157936096,0,-0.059358932077884677],8,1.624671459197998],[[757.8260498046875,222.69961547851563,46.04121780395508,-0.059358932077884677,0,0.9982367157936096,0,1,0,-0.9982367157936096,0,-0.059358932077884677],8,1.633389949798584],[[757.8260498046875,222.69961547851563,46.04121780395508,-0.059358932077884677,0,0.9982367157936096,0,1,0,-0.9982367157936096,0,-0.059358932077884677],8,1.6427183151245118],[[757.8260498046875,222.69961547851563,46.04121780395508,-0.059358932077884677,0,0.9982367157936096,0,1,0,-0.9982367157936096,0,-0.059358932077884677],8,1.6508328914642335],[[757.8260498046875,222.69961547851563,46.04121780395508,-0.059358932077884677,0,0.9982367157936096,0,1,0,-0.9982367157936096,0,-0.059358932077884677],8,1.6618213653564454],[[757.8260498046875,222.69961547851563,46.04121780395508,-0.059358932077884677,0,0.9982367157936096,0,1,0,-0.9982367157936096,0,-0.059358932077884677],8,1.6699402332305909],[[757.8260498046875,222.69961547851563,46.04121780395508,-0.059358932077884677,0,0.9982367157936096,0,1,0,-0.9982367157936096,0,-0.059358932077884677],8,1.6797609329223633],[[757.8260498046875,222.69961547851563,46.04121780395508,-0.059358932077884677,0,0.9982367157936096,0,1,0,-0.9982367157936096,0,-0.059358932077884677],8,1.6929035186767579],[[757.8260498046875,222.69961547851563,46.04121780395508,-0.059358932077884677,0,0.9982367157936096,0,1,0,-0.9982367157936096,0,-0.059358932077884677],8,1.7177128791809083],[[757.8260498046875,222.69961547851563,46.04121780395508,-0.06633136421442032,0,0.9977976679801941,0,1,0,-0.9977976679801941,0,-0.06633136421442032],8,1.7269608974456788],[[757.8260498046875,222.69961547851563,46.04121780395508,-0.07330091297626496,0,0.9973098635673523,0,1,0,-0.9973098635673523,0,-0.07330091297626496],8,1.7357439994812012],[[757.8260498046875,222.69961547851563,46.04121780395508,-0.07678437232971192,0,0.9970477223396301,0,1,0,-0.9970477223396301,0,-0.07678437232971192],8,1.7457475662231446],[[757.8260498046875,222.69961547851563,46.04121780395508,-0.08200789988040924,0,0.9966316819190979,0,1,0,-0.9966316819190979,0,-0.08200789988040924],8,1.757594108581543],[[757.8260498046875,222.69961547851563,46.04121780395508,-0.0872296541929245,0,0.996188223361969,0,1,0,-0.996188223361969,0,-0.0872296541929245],8,1.7670762538909913],[[757.8260498046875,222.69961547851563,46.04121780395508,-0.09766488522291184,0,0.995219349861145,0,1,0,-0.995219349861145,0,-0.09766488522291184],8,1.7773690223693848],[[757.8260498046875,222.69961547851563,46.04121780395508,-0.10461495071649552,0,0.9945127964019775,0,1,0,-0.9945127964019775,0,-0.10461495071649552],8,1.7873306274414063],[[757.8260498046875,222.69961547851563,46.04121780395508,-0.11329642683267594,0,0.9935612082481384,0,1,0,-0.9935612082481384,0,-0.11329642683267594],8,1.7982399463653565],[[757.6981201171875,222.69961547851563,46.05580520629883,-0.13236455619335175,0,0.9912011027336121,0,1,0,-0.9912011027336121,0,-0.13236455619335175],8,1.8169214725494385],[[757.5083618164063,222.69961547851563,46.0805778503418,-0.15311068296432496,0,0.988209068775177,0,1,0,-0.988209068775177,0,-0.15311068296432496],8,1.839686632156372],[[757.1793212890625,222.69961547851563,46.130699157714847,-0.17378848791122437,0,0.9847829937934876,0,1,0,-0.9847829937934876,0,-0.17378848791122437],8,1.848421335220337],[[757.0479125976563,222.69961547851563,46.15315628051758,-0.17722675204277039,0,0.9841700196266174,0,1,0,-0.9841700196266174,0,-0.17722675204277039],8,1.8577468395233155],[[756.9166870117188,222.69961547851563,46.176570892333987,-0.17722675204277039,0,0.9841700196266174,0,1,0,-0.9841700196266174,0,-0.17722675204277039],8,1.8663592338562012],[[756.7854614257813,222.69961547851563,46.20016860961914,-0.17722675204277039,0,0.9841700196266174,0,1,0,-0.9841700196266174,0,-0.17722675204277039],8,1.8755335807800294],[[756.6542358398438,222.69961547851563,46.223793029785159,-0.17722675204277039,0,0.9841700196266174,0,1,0,-0.9841700196266174,0,-0.17722675204277039],8,1.8843574523925782],[[756.5230102539063,222.69961547851563,46.24742126464844,-0.17722675204277039,0,0.9841700196266174,0,1,0,-0.9841700196266174,0,-0.17722675204277039],8,1.8934142589569092],[[756.326171875,222.69961547851563,46.28286361694336,-0.17722675204277039,0,0.9841700196266174,0,1,0,-0.9841700196266174,0,-0.17722675204277039],8,1.9037482738494874],[[756.1949462890625,222.69961547851563,46.30649185180664,-0.17722675204277039,0,0.9841700196266174,0,1,0,-0.9841700196266174,0,-0.17722675204277039],8,1.9138638973236085],[[756.063720703125,222.69961547851563,46.33012008666992,-0.17722675204277039,0,0.9841700196266174,0,1,0,-0.9841700196266174,0,-0.17722675204277039],8,1.9229137897491456],[[755.80126953125,223.57273864746095,46.377376556396487,-0.17722675204277039,0,0.9841700196266174,0,1,0,-0.9841700196266174,0,-0.17722675204277039],3,1.9400272369384766],[[755.2107543945313,225.34564208984376,46.48370361328125,-0.17722675204277039,0,0.9841700196266174,0,1,0,-0.9841700196266174,0,-0.17722675204277039],5,1.9827792644500733],[[754.8826904296875,226.2113800048828,46.54277420043945,-0.17722675204277039,0,0.9841700196266174,0,1,0,-0.9841700196266174,0,-0.17722675204277039],5,1.9952716827392579],[[754.8170776367188,226.3743133544922,46.554588317871097,-0.17722675204277039,0,0.9841700196266174,0,1,0,-0.9841700196266174,0,-0.17722675204277039],5,2.001328945159912],[[754.6858520507813,226.68994140625,46.578216552734378,-0.17722675204277039,0,0.9841700196266174,0,1,0,-0.9841700196266174,0,-0.17722675204277039],5,2.009413719177246],[[754.489013671875,227.13784790039063,46.6136589050293,-0.17722675204277039,0,0.9841700196266174,0,1,0,-0.9841700196266174,0,-0.17722675204277039],5,2.020484447479248],[[754.3577880859375,227.41941833496095,46.63728713989258,-0.17722675204277039,0,0.9841700196266174,0,1,0,-0.9841700196266174,0,-0.17722675204277039],5,2.029529333114624],[[754.2265625,227.68736267089845,46.66091537475586,-0.17722675204277039,0,0.9841700196266174,0,1,0,-0.9841700196266174,0,-0.17722675204277039],5,2.0390453338623049],[[754.0297241210938,228.06373596191407,46.69635772705078,-0.17722675204277039,0,0.9841700196266174,0,1,0,-0.9841700196266174,0,-0.17722675204277039],5,2.0483875274658205],[[753.8984985351563,228.29762268066407,46.71998596191406,-0.17722675204277039,0,0.9841700196266174,0,1,0,-0.9841700196266174,0,-0.17722675204277039],5,2.060054063796997],[[753.70166015625,228.62290954589845,46.755428314208987,-0.17722675204277039,0,0.9841700196266174,0,1,0,-0.9841700196266174,0,-0.17722675204277039],5,2.06894588470459],[[753.5704345703125,228.82272338867188,46.779056549072269,-0.17722675204277039,0,0.9841700196266174,0,1,0,-0.9841700196266174,0,-0.17722675204277039],5,2.0791099071502687],[[753.3735961914063,229.09690856933595,46.81449890136719,-0.17561501264572144,0,0.9844589233398438,0,1,0,-0.9844589233398438,0,-0.17561501264572144],5,2.091845989227295],[[753.1767578125,229.34043884277345,46.84966278076172,-0.1755588948726654,0,0.984468936920166,0,1,0,-0.984468936920166,0,-0.1755588948726654],5,2.1175901889801027],[[752.7830810546875,229.73553466796876,46.919864654541019,-0.17551961541175843,0,0.9844759106636047,0,1,0,-0.9844759106636047,0,-0.17551961541175843],5,2.125896453857422],[[752.7174682617188,229.78945922851563,46.93156433105469,-0.17550750076770783,0,0.9844781160354614,0,1,0,-0.9844781160354614,0,-0.17550750076770783],5,2.134166955947876],[[752.5206298828125,229.93080139160157,46.9666633605957,-0.17550761997699738,0,0.9844780564308167,0,1,0,-0.9844780564308167,0,-0.17550761997699738],5,2.144580364227295],[[752.389404296875,230.00799560546876,46.99006271362305,-0.17385001480579377,0,0.9847721457481384,0,1,0,-0.9847721457481384,0,-0.17385001480579377],5,2.156273603439331],[[752.126708984375,230.12152099609376,47.03647232055664,-0.17383579909801484,0,0.984774649143219,0,1,0,-0.984774649143219,0,-0.17383579909801484],5,2.1741745471954347],[[751.864013671875,230.1805419921875,47.08281326293945,-0.17223165929317475,0,0.985056459903717,0,1,0,-0.985056459903717,0,-0.17223165929317475],5,2.2104337215423586],[[751.338623046875,230.1350860595703,47.17464828491211,-0.16945594549179078,0,0.9855377674102783,0,1,0,-0.9855377674102783,0,-0.16945594549179078],5,2.2194180488586427],[[751.2072143554688,230.08966064453126,47.19725036621094,-0.1670689582824707,0,0.9859452247619629,0,1,0,-0.9859452247619629,0,-0.1670689582824707],5,2.2380897998809816],[[750.9442749023438,229.9579315185547,47.241844177246097,-0.16386936604976655,0,0.9864820241928101,0,1,0,-0.9864820241928101,0,-0.16386936604976655],5,2.245323896408081],[[750.8201293945313,230.00759887695313,47.26285934448242,-0.16183537244796754,0,0.9868177771568298,0,1,0,-0.9868177771568298,0,-0.16183537244796754],12,2.2553322315216066],[[750.6522827148438,230.14083862304688,47.29127502441406,-0.15487654507160188,0,0.9879338145256043,0,1,0,-0.9879338145256043,0,-0.15487654507160188],12,2.2649362087249758],[[750.5526733398438,230.23385620117188,47.30814743041992,-0.15138939023017884,0,0.9884741902351379,0,1,0,-0.9884741902351379,0,-0.15138939023017884],12,2.2755682468414308],[[750.4866333007813,230.3605194091797,47.32482147216797,-0.09066534042358399,-0.0006082392646931112,0.9958812594413757,-0.0063323816284537319,0.9999799728393555,0.000034240591048728678,-0.995861291885376,-0.006303195375949144,-0.09066737443208695],12,2.2851319313049318],[[750.475830078125,230.4519805908203,47.331146240234378,-0.1250343769788742,-0.0008223025361075997,0.9921520948410034,-0.006144940387457609,0.9999811053276062,0.00005438485823106021,-0.992133378982544,-0.00608991552144289,-0.1250370591878891],12,2.295715093612671],[[750.472900390625,230.54505920410157,47.3332633972168,-0.12921276688575746,-0.0005224203341640532,0.9916167259216309,-0.0038076580967754127,0.9999927282333374,0.00003067567013204098,-0.9916095733642578,-0.003771773772314191,-0.12921380996704102],12,2.3064770698547365],[[750.472412109375,230.68502807617188,47.333457946777347,-0.12789905071258546,-0.00009937805589288473,0.9917871952056885,-0.0008187363855540752,0.9999996423721314,-0.000005381786650104914,-0.9917868375778198,-0.0008127006003633142,-0.12789909541606904],12,2.3170926570892336],[[750.4722900390625,230.77835083007813,47.333290100097659,-0.12498883157968521,0.00002514642255846411,0.9921581745147705,0.00009550433605909348,1,-0.000013313852832652629,-0.9921581149101257,0.00009309132292401046,-0.12498883157968521],12,2.327345371246338],[[750.4722900390625,230.9183349609375,47.333106994628909,-0.1148458942770958,0.00005475768557516858,0.9933833479881287,0.00037201616214588284,0.9999999403953552,-0.00001211330254591303,-0.9933832287788391,0.0003681634843815118,-0.11484590917825699],12,2.3385751247406008],[[750.4722900390625,231.05831909179688,47.33305358886719,-0.10978586971759796,0.00002520998714317102,0.9939552545547485,0.00019144082034472376,1,-0.000004217987225274555,-0.9939552545547485,0.00018982053734362125,-0.10978586971759796],12,2.35048508644104],[[750.4722900390625,231.24496459960938,47.333065032958987,-0.10112946480512619,-3.402554966669413e-7,0.9948732852935791,0.000007066427770041628,1,0.0000010603155260469067,-0.9948732852935791,0.000007137429292924935,-0.10112946480512619],12,2.364422082901001],[[750.4722900390625,231.33828735351563,47.333072662353519,-0.0976601094007492,-0.0000030361945846379969,0.9952198266983032,-0.000018439515770296567,1,0.000001241323047906917,-0.9952198266983032,-0.000018230144632980229,-0.0976601094007492],12,2.3751931190490724],[[750.4722900390625,231.478271484375,47.33308029174805,-0.0889652743935585,-0.000002209733338531805,0.9960347414016724,-0.000017270172975258903,1,6.75968010455108e-7,-0.9960347414016724,-0.000017141554053523579,-0.0889652743935585],12,2.3862297534942629],[[750.4722900390625,231.57159423828126,47.33308029174805,-0.08374448120594025,-0.000001059910232470429,0.9964872598648071,-0.000009531709110888187,1,2.626047148623911e-7,-0.9964872598648071,-0.000009476235391048249,-0.08374448120594025],12,2.3975107669830324],[[750.4722900390625,231.75823974609376,47.33308410644531,-0.080262690782547,7.355998121738594e-8,0.9967737197875977,-3.18574002733385e-8,1,-7.636331389448969e-8,-0.9967737197875977,-3.788374769442271e-8,-0.080262690782547],12,2.411790370941162],[[750.4722900390625,231.8515625,47.33308410644531,-0.07155404984951019,1.6818614767544205e-7,0.9974367022514343,0.0000011161230304423953,1,-8.855000288576776e-8,-0.9974367022514343,0.0000011069258789575543,-0.07155404984951019],12,2.422480583190918],[[750.4722900390625,231.99154663085938,47.33308410644531,-0.0663263201713562,1.0456365373556764e-7,0.997797966003418,9.02318731732521e-7,1,-4.4814857602659688e-8,-0.997797966003418,8.973594276540098e-7,-0.0663263201713562],12,2.4316787719726564],[[750.4722900390625,232.08486938476563,47.33308410644531,-0.05935340374708176,4.013410759284852e-8,0.9982370138168335,4.602413525844895e-7,1,-1.2839853624768694e-8,-0.9982370138168335,4.586678699070035e-7,-0.05935340374708176],12,2.4418792724609377],[[750.4722900390625,232.55148315429688,47.33308410644531,-0.055865660309791568,-7.497775733611434e-9,0.99843829870224,-1.010375925147855e-7,1,1.8561432391095423e-9,-0.99843829870224,-1.0077610568259843e-7,-0.055865660309791568],12,2.482116222381592],[[750.4722900390625,232.64480590820313,47.33308410644531,-0.04539910703897476,-3.3397837828630374e-9,0.9989688992500305,-8.900875059225655e-8,1,-7.018579606388187e-10,-0.9989688992500305,-8.894884473420461e-8,-0.04539910703897476],12,2.4924659729003908],[[750.4722900390625,232.87811279296876,47.33308410644531,-0.040163829922676089,4.874216585903923e-9,0.9991931319236755,-5.899303445744408e-8,1,-7.249452593782735e-9,-0.9991931319236755,-5.923659784912161e-8,-0.040163829922676089],12,2.509831428527832],[[750.4722900390625,232.92477416992188,47.33308410644531,-0.040163472294807437,6.422816944962051e-9,0.9991931319236755,-5.299373739831026e-8,1,-8.558134645397786e-9,-0.9991931319236755,-5.3294701984896167e-8,-0.040163472294807437],12,2.5164217948913576],[[750.4722900390625,233.06475830078126,47.33308410644531,-0.03841828554868698,1.1159639434765723e-8,0.999261736869812,-3.501042300513291e-8,1,-1.2513917901912919e-8,-0.999261736869812,-3.5465340886275956e-8,-0.03841828554868698],12,2.5285861492156984],[[750.4722900390625,233.1580810546875,47.33308410644531,-0.036672621965408328,1.4315756580174366e-8,0.9993273615837097,-2.3032574958392617e-8,1,-1.5170627420957318e-8,-0.9993273615837097,-2.3573427654355329e-8,-0.036672621965408328],12,2.5378801822662355],[[750.4722900390625,233.5313720703125,47.33308410644531,-0.03318144753575325,2.6761524551943695e-8,0.9994493722915649,2.4790324459900149e-8,1,-2.5953236004738757e-8,-0.9994493722915649,2.3915506019989153e-8,-0.03318144753575325],12,2.5718212127685549],[[750.4722900390625,233.62469482421876,47.33308410644531,-0.029689747840166093,2.9765390152647343e-8,0.9995591640472412,3.672380444186274e-8,1,-2.8687715314390517e-8,-0.9995591640472412,3.5855883595559138e-8,-0.029689747840166093],12,2.5789694786071779],[[750.4722900390625,233.718017578125,47.33308410644531,-0.02968950942158699,3.2851637854491858e-8,0.9995591640472412,4.865218983240993e-8,1,-3.142103111031247e-8,-0.9995591640472412,4.76978669894379e-8,-0.02968950942158699],12,2.58754825592041],[[750.4722900390625,233.81134033203126,47.33308410644531,-0.029689747840166093,3.593658703948677e-8,0.9995591640472412,6.057548063154172e-8,1,-3.415317451072042e-8,-0.9995591640472412,5.9534777108183337e-8,-0.029689747840166093],12,2.596630811691284],[[750.4722900390625,233.9046630859375,47.33308410644531,-0.02968962863087654,3.902020395685213e-8,0.9995591640472412,7.249367683925812e-8,1,-3.688415262104172e-8,-0.9995591640472412,7.136664237350488e-8,-0.02968962863087654],12,2.6061697006225588],[[750.4722900390625,234.04464721679688,47.33308410644531,-0.02968939021229744,4.364314776239553e-8,0.9995591640472412,9.036142500917777e-8,1,-4.097843486761121e-8,-0.9995591640472412,8.910496518410582e-8,-0.02968939021229744],12,2.615345001220703],[[750.4722900390625,234.13796997070313,47.33308410644531,-0.02968962863087654,4.6723496183176397e-8,0.9995591640472412,1.0226689539649669e-7,1,-4.37064997527159e-8,-0.9995591640472412,1.0092418278873083e-7,-0.02968962863087654],12,2.6258432865142824],[[750.4722900390625,234.23129272460938,47.33308410644531,-0.031435348093509677,4.997870917122782e-8,0.9995057582855225,1.1417202472330246e-7,1,-4.64126088672856e-8,-0.9995057582855225,1.1265660049275539e-7,-0.031435348093509677],12,2.6353368759155275],[[750.4722900390625,234.37127685546876,47.33308410644531,-0.031435467302799228,3.445349605613046e-8,0.9995057582855225,8.296553488662539e-8,1,-3.186118036069274e-8,-0.9995057582855225,8.192296263587196e-8,-0.031435467302799228],12,2.645508289337158],[[750.4722900390625,234.464599609375,47.33308410644531,-0.031435467302799228,2.4108869567385228e-8,0.9995057582855225,6.217231884875219e-8,1,-2.2165407287388917e-8,-0.9995057582855225,6.144480835246213e-8,-0.031435467302799228],12,2.657557249069214],[[750.4722900390625,234.60458374023438,47.33308410644531,-0.03143582493066788,8.60023696702683e-9,0.9995057582855225,3.099913925552755e-8,1,-7.629523679497652e-9,-0.9995057582855225,3.074397625368874e-8,-0.03143582493066788],12,2.668400764465332],[[750.4722900390625,234.74456787109376,47.33308410644531,-0.02968974970281124,-6.952199704812756e-9,0.9995591640472412,-1.2864075082941185e-10,1,6.951445197245221e-9,-0.9995591640472412,7.780261851442205e-11,-0.02968974970281124],12,2.680793523788452],[[750.4722900390625,234.93121337890626,47.33308410644531,-0.024451354518532754,-2.7602029106787996e-8,0.9997010231018066,-4.149895005411963e-8,1,2.6595275315344226e-8,-0.9997010231018066,-4.083625171347194e-8,-0.024451354518532754],12,2.6947803497314455],[[750.4722900390625,235.11785888671876,47.33308410644531,-0.020958948880434037,-4.8091084892121219e-8,0.9997803568840027,-8.276510499172218e-8,1,4.636660122514513e-8,-0.9997803568840027,-8.177512711426971e-8,-0.020958948880434037],12,2.718569278717041],[[750.4722900390625,235.3978271484375,47.33308410644531,-0.015719633549451829,-3.57612037760191e-8,0.9998764395713806,-6.65075177153085e-8,1,3.4720020636314078e-8,-0.9998764395713806,-6.59535146496637e-8,-0.015719633549451829],12,2.7365598678588869],[[750.4722900390625,235.49114990234376,47.33308410644531,-0.012226668186485768,-2.871332505094415e-8,0.9999252557754517,-5.5921727692975767e-8,1,2.803168364096109e-8,-0.9999252557754517,-5.557481586038193e-8,-0.012226668186485768],12,2.7462074756622316],[[750.4722900390625,235.63113403320313,47.33308410644531,-0.010480007156729699,-1.8395768464074537e-8,0.9999451041221619,-4.0069057405389688e-8,1,1.797683069071354e-8,-0.9999451041221619,-3.987845786923572e-8,-0.010480007156729699],12,2.756654977798462],[[750.4722900390625,235.72445678710938,47.33308410644531,-0.010480126366019249,-1.1585785664181003e-8,0.9999451041221619,-2.9506248111488277e-8,1,1.1277175637758319e-8,-0.9999451041221619,-2.9386441724454927e-8,-0.010480126366019249],12,2.7665176391601564],[[750.4722900390625,235.86444091796876,47.33308410644531,-0.006986834108829498,-1.2735287269194374e-9,0.9999755620956421,-1.3705685475429164e-8,1,1.1777980812865963e-9,-0.9999755620956421,-1.3697121659106415e-8,-0.006986834108829498],12,2.777866840362549],[[750.4722900390625,235.957763671875,47.33308410644531,-0.0052400934509932999,5.553115300926947e-9,0.9999862909317017,-3.189373209977475e-9,1,-5.569904537594539e-9,-0.9999862909317017,-3.2185163423292808e-9,-0.0052400934509932999],12,2.789604425430298],[[750.4722900390625,236.09774780273438,47.33308410644531,-0.0052400934509932999,1.5751743021041876e-8,0.9999862909317017,1.257667392451367e-8,1,-1.5686056897834534e-8,-0.9999862909317017,1.24943051460491e-8,-0.0052400934509932999],12,2.8003838062286379],[[750.4722900390625,236.23773193359376,47.33308410644531,-0.0052400934509932999,2.5943842629772008e-8,0.9999862909317017,2.8332623358551247e-8,1,-2.5795729996502815e-8,-0.9999862909317017,2.8197062462709256e-8,-0.0052400934509932999],12,2.8121495246887209],[[750.4722900390625,236.37771606445313,47.33308410644531,-0.00524021266028285,3.612941767983102e-8,0.9999862909317017,4.407847953302735e-8,1,-3.589892827449148e-8,-0.9999862909317017,4.388975582969579e-8,-0.00524021266028285],12,2.824631929397583],[[750.4722900390625,236.5177001953125,47.33308410644531,-0.0034934559371322395,4.6231743766611547e-8,0.9999939203262329,5.97965836846015e-8,1,-4.602312841939238e-8,-0.9999939203262329,5.963543969755847e-8,-0.0034934559371322395],12,2.8394477367