[[[776.0277099609375,222.69961547851563,47.142364501953128,8.151092919118225e-14,-7.653382816386057e-9,1,3.517097946215131e-9,1,7.653382816386057e-9,-1,3.517097946215131e-9,8.153785128637778e-14],8,0.007081747055053711],[[776.0277099609375,222.69961547851563,47.142364501953128,8.156843256390545e-14,2.6157758625799944e-8,1,-1.202050370352481e-8,1,-2.6157758625799944e-8,-1,-1.202050370352481e-8,8.188285797018982e-14],8,0.026356935501098634],[[776.0277099609375,222.69961547851563,47.142364501953128,8.126702435995448e-14,5.1497160313829229e-8,1,-2.3664991743999054e-8,1,-5.1497160313829229e-8,-1,-2.3664991743999054e-8,8.248570148314607e-14],8,0.04635190963745117],[[776.0277099609375,222.69961547851563,47.142364501953128,8.040684546135879e-14,8.52577741738969e-8,1,-3.917936552966239e-8,1,-8.52577741738969e-8,-1,-3.917936552966239e-8,8.374719103962369e-14],8,0.05564141273498535],[[776.0277099609375,222.69961547851563,47.142364501953128,8.016679632410692e-14,9.463390426844853e-8,1,-4.3488082468456926e-8,1,-9.463390426844853e-8,-1,-4.3488082468456926e-8,8.428224481174529e-14],8,0.06728577613830567],[[776.0277099609375,222.69961547851563,47.142364501953128,8.085294722149153e-14,7.965198989268174e-8,1,-3.660329284116415e-8,1,-7.965198989268174e-8,-1,-3.660329284116415e-8,8.37684752835223e-14],8,0.07665777206420899],[[776.0277099609375,222.69961547851563,47.142364501953128,8.190411510903412e-14,4.970734934772736e-8,1,-2.2842540303713578e-8,1,-4.970734934772736e-8,-1,-2.2842540303713578e-8,8.303955261043314e-14],8,0.09090161323547363],[[776.0277099609375,222.69961547851563,47.142364501953128,8.227357055183571e-14,3.474462317853977e-8,1,-1.5966572064485264e-8,1,-3.474462317853977e-8,-1,-1.5966572064485264e-8,8.282832292217865e-14],8,0.09988117218017578],[[776.0277099609375,222.69961547851563,47.142364501953128,8.263434560099384e-14,1.2312519004353817e-8,1,-5.6581295204694019e-9,1,-1.2312519004353817e-8,-1,-5.6581295204694019e-9,8.270401236683961e-14],8,0.11306118965148926],[[776.0277099609375,222.69961547851563,47.142364501953128,8.276371124896209e-14,-1.0105212666644548e-8,1,4.64370630837152e-9,1,1.0105212666644548e-8,-1,4.64370630837152e-9,8.281063687423998e-14],8,0.12508726119995118],[[776.0277099609375,222.69961547851563,47.142364501953128,8.266216893924525e-14,-3.250858071623952e-8,1,1.493894075110802e-8,1,3.250858071623952e-8,-1,1.493894075110802e-8,8.314781697361939e-14],8,0.13747239112854005],[[775.868896484375,222.69961547851563,47.112632751464847,0.017027268186211587,-6.236801652903523e-8,0.9998550415039063,2.9555241809475775e-8,1,6.187374168575843e-8,-0.9998550415039063,2.8497415982542408e-8,0.017027268186211587],8,0.15546512603759767],[[775.6102905273438,222.69961547851563,47.064239501953128,0.03922104090452194,-9.222689101306969e-8,0.9992305636405945,4.518300045219803e-8,1,9.052442351276113e-8,-0.9992305636405945,4.159777233780915e-8,0.03922104090452194],8,0.1800537109375],[[775.2826538085938,222.69961547851563,47.00294494628906,0.06440934538841248,-8.114542282555704e-8,0.9979235529899597,4.129615760462002e-8,1,7.864887408004506e-8,-0.9979235529899597,3.6144687243222509e-8,0.06440934538841248],8,0.19759559631347657],[[775.0204467773438,222.69961547851563,46.95390319824219,0.08152581006288529,-4.6486245963706099e-8,0.9966712594032288,2.450545011356553e-8,1,4.4637005203185257e-8,-0.9966712594032288,2.0784808540952328e-8,0.08152581006288529],8,0.207169771194458],[[774.8893432617188,222.69961547851563,46.92938232421875,0.08900891989469528,-2.91668094121178e-8,0.9960308074951172,1.5801356667566325e-8,1,2.7870971308630034e-8,-0.9960308074951172,1.3257873021643718e-8,0.08900891989469528],8,0.2180016040802002],[[774.6926879882813,222.69961547851563,46.892601013183597,0.0990828350186348,-3.202198506357945e-9,0.9950791597366333,2.4400996778695118e-9,1,2.9750664154448715e-9,-0.9950791597366333,2.133314636054706e-9,0.0990828350186348],8,0.22992849349975587],[[774.4960327148438,222.69961547851563,46.85581970214844,0.1080884262919426,2.2743641636679969e-8,0.9941412806510925,-1.1218367568233134e-8,1,-2.1657953652720609e-8,-0.9941412806510925,-8.811667839836446e-9,0.1080884262919426],8,0.23947572708129884],[[774.3649291992188,222.69961547851563,46.831298828125,0.11352210491895676,4.002991360607666e-8,0.9935354590415955,-2.0458802652001397e-8,1,-3.795273428863766e-8,-0.9935354590415955,-1.6018072201973156e-8,0.11352210491895676],8,0.249589204788208],[[774.1682739257813,222.69961547851563,46.794517517089847,0.12094075977802277,6.594240176127642e-8,0.9926597476005554,-3.448528929084205e-8,1,-6.222850146286874e-8,-0.9926597476005554,-2.6706194589110056e-8,0.12094075977802277],8,0.2621119022369385],[[773.9716186523438,222.69961547851563,46.75773620605469,0.12760910391807557,9.183417404301508e-8,0.9918245673179627,-4.867562708454898e-8,1,-8.632849812784116e-8,-0.9918245673179627,-3.726137975945676e-8,0.12760910391807557],8,0.2746744155883789],[[773.7749633789063,222.69961547851563,46.72095489501953,0.13357767462730409,1.0085570778528563e-7,0.9910383224487305,-5.3991822568377759e-8,1,-9.449039595210707e-8,-0.9910383224487305,-4.088615668251805e-8,0.13357767462730409],8,0.2884361743927002],[[773.5127563476563,222.69961547851563,46.671913146972659,0.1406261920928955,6.796589246960139e-8,0.9900627732276917,-3.689984851007466e-8,1,-6.340689395756272e-8,-0.9900627732276917,-2.761649575688807e-8,0.1406261920928955],8,0.3029031753540039],[[773.2505493164063,222.69961547851563,46.62287139892578,0.14674142003059388,3.511156521085468e-8,0.9891749024391174,-1.9501834813695497e-8,1,-3.26027667085782e-8,-0.9891749024391174,-1.4506548851045409e-8,0.14674142003059388],8,0.3212425708770752],[[772.9883422851563,222.69961547851563,46.573829650878909,0.15200020372867585,2.2923960507625908e-9,0.9883804321289063,-1.8660171186013487e-9,1,-2.032376267280256e-9,-0.9883804321289063,-1.5354132409939326e-9,0.15200020372867585],8,0.3432934284210205],[[772.7259521484375,222.69961547851563,46.526344299316409,0.1558799147605896,-3.0492515179503246e-8,0.9877760410308838,1.5936230113311468e-8,1,2.8354985914802456e-8,-0.9877760410308838,1.132145310833721e-8,0.1558799147605896],8,0.35381340980529787],[[772.5945434570313,222.69961547851563,46.50392150878906,0.15702542662620545,-4.687271726311337e-8,0.9875945448875427,2.4858632485802447e-8,1,4.350902926830713e-8,-0.9875945448875427,1.7718226885676814e-8,0.15702542662620545],8,0.36444520950317385],[[772.3971557617188,222.69961547851563,46.47141647338867,0.157872274518013,-7.142880065202917e-8,0.9874595403671265,3.82258065201313e-8,1,6.622449433280053e-8,-0.9874595403671265,2.7291426007991505e-8,0.157872274518013],8,0.37642979621887209],[[772.1337890625,222.69961547851563,46.429500579833987,0.15800853073596955,-1.0414504458822194e-7,0.9874377250671387,5.598790409067078e-8,1,9.651086685380506e-8,-0.9874377250671387,4.0035029513774137e-8,0.15800853073596955],8,0.38963818550109866],[[771.93603515625,222.69961547851563,46.39989471435547,-0.9964415431022644,1.8228492493221894e-8,0.08428667485713959,2.7667910629247673e-8,1,1.1082371997872542e-7,-0.08428667485713959,1.1276139844085265e-7,-0.9964415431022644],8,0.4058859348297119],[[771.671875,222.69961547851563,46.363685607910159,-0.9941771626472473,-1.9244788873606923e-8,0.10775785148143769,-5.441917583226541e-9,1,1.283856221334645e-7,-0.10775785148143769,1.2705163499049378e-7,-0.9941771626472473],8,0.4279341697692871],[[771.3416748046875,222.69961547851563,46.319034576416019,-0.9939394593238831,-3.103015444594348e-8,0.10992862284183502,-2.427720957598467e-8,1,6.276871289401243e-8,-0.10992862284183502,5.971953953576303e-8,-0.9939394593238831],8,0.43931007385253909],[[771.2092895507813,222.69961547851563,46.30323791503906,-0.9945472478866577,-3.515698665523814e-8,0.10428712517023087,-3.1521928178790407e-8,1,3.6504410161342096e-8,-0.10428712517023087,3.301802919963848e-8,-0.9945472478866577],8,0.44843459129333498],[[770.9441528320313,222.69961547851563,46.274932861328128,-0.9957403540611267,-4.366823702639522e-8,0.0922016128897667,-4.535111486347887e-8,1,-1.6156974425030058e-8,-0.0922016128897667,-2.0269597555966358e-8,-0.9957403540611267],8,0.46595287322998049],[[770.6786499023438,222.69961547851563,46.249839782714847,-0.9962047338485718,-5.2678490902735578e-8,0.08704119175672531,-5.8894130461339958e-8,1,-6.884234693416147e-8,-0.08704119175672531,-7.370729093736372e-8,-0.9962047338485718],8,0.481762170791626],[[770.4130249023438,222.69961547851563,46.22641372680664,-0.9962038993835449,-3.8782673073001209e-8,0.08705047518014908,-4.549624321725787e-8,1,-7.513870770026188e-8,-0.08705047518014908,-7.881394026298949e-8,-0.9962038993835449],8,0.49718403816223147],[[770.2138061523438,222.69961547851563,46.20899963378906,-0.9962037205696106,-2.2672418609204216e-8,0.08705274760723114,-2.8725017031661083e-8,1,-6.827526988217869e-8,-0.08705274760723114,-7.051666983670657e-8,-0.9962037205696106],8,0.512814998626709],[[769.8817749023438,223.7697296142578,46.179988861083987,-0.9962039589881897,4.154575350412415e-9,0.08705002069473267,-7.968867232754917e-10,1,-5.6845902207669499e-8,-0.08705002069473267,-5.669948066611141e-8,-0.9962039589881897],3,0.5342745780944824],[[769.6161499023438,224.5644989013672,46.15678024291992,-0.9842949509620667,2.524128639436185e-8,0.1765318661928177,1.6796766644233686e-8,1,-4.932998720619253e-8,-0.1765318661928177,-4.5590091701797067e-8,-0.9842949509620667],5,0.5548763275146484],[[769.3505249023438,225.3047637939453,46.133968353271487,-0.9772073030471802,4.165596934058158e-8,0.2122873216867447,3.287046368427582e-8,1,-4.491418437169159e-8,-0.2122873216867447,-3.6912485512630158e-8,-0.9772073030471802],5,0.5661320686340332],[[769.1513061523438,225.82420349121095,46.116905212402347,-0.9829620122909546,5.211025211337983e-8,0.18380877375602723,4.493593408483321e-8,1,-4.3196724419658497e-8,-0.18380877375602723,-3.420112193452951e-8,-0.9829620122909546],5,0.5858907699584961],[[768.8856811523438,226.46910095214845,46.094154357910159,-0.9762083292007446,6.917040451526191e-8,0.21683481335639954,6.120097140183134e-8,1,-4.346861004478342e-8,-0.21683481335639954,-2.9163917503183258e-8,-0.9762083292007446],5,0.595587968826294],[[768.7528686523438,226.7711181640625,46.08277893066406,-0.9884651303291321,7.537304469451556e-8,0.15144842863082887,6.946337549607051e-8,1,-4.43115482084977e-8,-0.15144842863082887,-3.3280304734262248e-8,-0.9884651303291321],5,0.6053957939147949],[[768.5536499023438,227.19857788085938,46.06571578979492,-0.982870876789093,8.918079430486614e-8,0.18429556488990785,8.191615563646337e-8,1,-4.7032024497184469e-8,-0.18429556488990785,-3.112962332352254e-8,-0.982870876789093],5,0.6156022548675537],[[768.4208374023438,227.46652221679688,46.05434036254883,-0.9884645342826843,9.679549606289584e-8,0.15145255625247956,9.03328114532087e-8,1,-4.9551594827335069e-8,-0.15145255625247956,-3.529885717057368e-8,-0.9884645342826843],5,0.6280953884124756],[[768.2216186523438,227.8428955078125,46.03727722167969,-0.9828704595565796,1.1130767774147898e-7,0.1842978298664093,1.0296349017835382e-7,1,-5.48454757165473e-8,-0.1842978298664093,-3.49300499635774e-8,-0.9828704595565796],5,0.6396160125732422],[[768.0223999023438,228.18861389160157,46.02021408081055,-0.9828697443008423,1.2509545399552736e-7,0.18430140614509583,1.1569689917223514e-7,1,-6.174918354417969e-8,-0.18430140614509583,-3.936830239581468e-8,-0.9828697443008423],5,0.6498351097106934],[[767.8231811523438,228.50367736816407,46.003150939941409,-0.982869029045105,1.3928304554156058e-7,0.18430525064468385,1.2852217423642288e-7,1,-7.033214899365703e-8,-0.18430525064468385,-4.5439978890726709e-8,-0.982869029045105],5,0.6622295379638672],[[767.6239624023438,228.7880859375,45.986087799072269,-0.9828683137893677,1.5387320217996604e-7,0.18430911004543305,1.4142646875825449e-7,1,-8.067755885576844e-8,-0.18430911004543305,-5.322923257722323e-8,-0.9828683137893677],5,0.6756434440612793],[[767.4247436523438,229.0418243408203,45.969024658203128,-0.9828675985336304,1.5180977186446399e-7,0.18431296944618226,1.3851300195710793e-7,1,-8.501753256950906e-8,-0.18431296944618226,-5.8031233152178177e-8,-0.9828675985336304],5,0.688075065612793],[[767.2919311523438,229.1939697265625,45.95764923095703,-0.9884616136550903,1.256004793503962e-7,0.15147140622138978,1.1503346541985593e-7,1,-7.852516858974923e-8,-0.15147140622138978,-6.019483578256768e-8,-0.9884616136550903],5,0.6974630355834961],[[767.0927124023438,229.39662170410157,45.94058609008789,-0.9828675985336304,9.137005463344394e-8,0.1843130737543106,8.054421130054834e-8,1,-6.622298087677336e-8,-0.1843130737543106,-5.0243066596067368e-8,-0.9828675985336304],5,0.7085840702056885],[[766.8934936523438,229.56861877441407,45.92352294921875,-0.9828675985336304,5.535763492048318e-8,0.18431292474269868,4.6665679320767597e-8,1,-5.149637871681989e-8,-0.18431292474269868,-4.201303482886942e-8,-0.9828675985336304],5,0.7195425033569336],[[766.7606811523438,229.666259765625,45.912147521972659,-0.9884616732597351,3.009132143461102e-8,0.151471346616745,2.42116033888351e-8,1,-4.0661689126864078e-8,-0.151471346616745,-3.652515800922629e-8,-0.9884616732597351],5,0.7303597927093506],[[766.5614624023438,229.7871551513672,45.895084381103519,-0.9828675985336304,-4.5349026756014158e-9,0.18431299924850465,-8.683401553355452e-9,1,-2.1700753194409118e-8,-0.18431299924850465,-2.292943257486968e-8,-0.9828675985336304],5,0.7424962520599365],[[766.3622436523438,229.87741088867188,45.878021240234378,-0.9828667640686035,-4.030986744396614e-8,0.18431732058525086,-4.1023536567763588e-8,1,-5.8611129838404e-11,-0.18431732058525086,-7.61895524448164e-9,-0.9828667640686035],5,0.7545027732849121],[[766.2294311523438,229.92054748535157,45.86664581298828,-0.9884610176086426,-6.419520559575176e-8,0.15147553384304048,-6.255728379755965e-8,1,1.557857665090978e-8,-0.15147553384304048,5.922918600020921e-9,-0.9884610176086426],5,0.7653489112854004],[[765.9638061523438,229.9659423828125,45.843894958496097,-0.976181149482727,-1.1255212228888922e-7,0.21695707738399507,-1.0369684844135918e-7,1,5.2200249456291206e-8,-0.21695707738399507,2.8459133716296493e-8,-0.976181149482727],5,0.781949520111084],[[765.6981811523438,229.9568328857422,45.821144104003909,-0.9761812090873718,-1.2615009836736136e-7,0.21695683896541596,-1.1264837240787529e-7,1,7.45995336615124e-8,-0.21695683896541596,4.8382830186710638e-8,-0.9761812090873718],5,0.8024656772613525],[[765.4325561523438,229.8932342529297,45.79839324951172,-0.9761800765991211,-1.0436068720309777e-7,0.21696195006370545,-8.921757910229644e-8,1,7.959122427791954e-8,-0.21696195006370545,5.8338546438108099e-8,-0.9761800765991211],5,0.8134644031524658],[[765.2333374023438,229.8097686767578,45.78133010864258,-0.9828643798828125,-8.587749533717215e-8,0.1843300461769104,-7.187553308085626e-8,1,8.264301953886388e-8,-0.1843300461769104,6.79780569612376e-8,-0.9828643798828125],5,0.8242976665496826],[[765.0341186523438,229.69564819335938,45.76426696777344,-0.9838158488273621,-6.902020999177694e-8,0.17918261885643006,-5.4676096539196808e-8,1,8.499149117824345e-8,-0.17918261885643006,7.381896693914314e-8,-0.9838158488273621],5,0.8352758884429932],[[764.9011840820313,229.60252380371095,45.7534065246582,-0.9897438287734985,-5.518154821970711e-8,0.14285379648208619,-4.328840574885362e-8,1,8.636182968757567e-8,-0.14285379648208619,7.929217105129283e-8,-0.9897438287734985],5,0.8460114002227783],[[764.7017822265625,229.43731689453126,45.737918853759769,-0.9850438237190247,-4.09527132205767e-8,0.17230390012264253,-2.6255852603185305e-8,1,8.75751879902964e-8,-0.17230390012264253,8.174141896688525e-8,-0.9850438237190247],5,0.8578436374664307],[[764.5023803710938,229.24143981933595,45.72314453125,-0.9862245917320252,-2.3739918475484957e-8,0.16541163623332978,-9.281898805113542e-9,1,8.8179298529667e-8,-0.16541163623332978,8.542925655774525e-8,-0.9862245917320252],5,0.868938684463501],[[764.3027954101563,229.01490783691407,45.70963668823242,-0.9870782494544983,-6.556717391248412e-9,0.16023892164230348,7.667813939349344e-9,1,8.81524329088279e-8,-0.16023892164230348,8.824203234780725e-8,-0.9870782494544983],5,0.8815329074859619],[[764.1697387695313,228.84686279296876,45.701316833496097,-0.9927332997322083,8.252155403454254e-9,0.12033522129058838,1.897982571108514e-8,1,8.800208206594107e-8,-0.12033522129058838,8.964654085730217e-8,-0.9927332997322083],5,0.8933513164520264],[[763.9700317382813,228.56922912597657,45.69023132324219,-0.9889639616012573,2.2677809852211796e-8,0.14815640449523927,3.596104036773795e-8,1,8.697810471858247e-8,-0.14815640449523927,9.134607381611204e-8,-0.9889639616012573],5,0.9040400981903076],[[763.770263671875,228.2609405517578,45.680267333984378,-0.9902198314666748,4.058237834669853e-8,0.1395157277584076,5.3010687395271819e-8,1,8.536569140460415e-8,-0.1395157277584076,9.192662986379219e-8,-0.9902198314666748],5,0.9157929420471191],[[763.5704956054688,227.92201232910157,45.67192459106445,-0.9909372329711914,5.83606833970407e-8,0.13432569801807404,7.015674441390729e-8,1,8.308348498076157e-8,-0.13432569801807404,9.175437298836187e-8,-0.9909372329711914],5,0.9281578063964844],[[763.3705444335938,227.5524139404297,45.66475296020508,-0.9918519258499146,7.651478028947167e-8,0.12739598751068116,8.743561608071104e-8,1,8.013127938966136e-8,-0.12739598751068116,9.061731276460705e-8,-0.9918519258499146],5,0.9409689903259277],[[763.1705932617188,227.15216064453126,45.65892028808594,-0.9922914505004883,9.459044036930209e-8,0.12392598390579224,1.0486799340014841e-7,1,7.64099183925282e-8,-0.12392598390579224,8.881677615590888e-8,-0.9922914505004883],5,0.9526453018188477],[[762.9706420898438,226.72125244140626,45.65391540527344,-0.9929277896881104,1.1308731728831845e-7,0.11871988326311112,1.2248979430751206e-7,1,7.190200079776332e-8,-0.11871988326311112,8.593546851898282e-8,-0.9929277896881104],5,0.9648993015289307],[[762.8373413085938,226.4169464111328,45.651187896728519,-0.9964789152145386,1.281861301549725e-7,0.08384349942207337,1.3441093926758186e-7,1,6.859847445639389e-8,-0.08384349942207337,7.962641745962174e-8,-0.9964789152145386],5,0.9764139652252197],[[762.6373901367188,225.93495178222657,45.64762878417969,-0.9933361411094666,1.4415509497212043e-7,0.1152532771229744,1.5237944239743229e-7,1,6.254838780250793e-8,-0.1152532771229744,7.969380533268122e-8,-0.9933361411094666],5,0.9888331890106201],[[762.4374389648438,225.42230224609376,45.64444351196289,-0.9937320351600647,1.6332620589309955e-7,0.11178835481405258,1.7060072821095674e-7,1,5.550853288127655e-8,-0.11178835481405258,7.42317851631924e-8,-0.9937320351600647],5,1.0006341934204102],[[762.2374877929688,224.8789825439453,45.64189147949219,-0.9937320351600647,1.335532999746647e-7,0.11178822815418244,1.3814094756980922e-7,1,3.329315134692479e-8,-0.11178822815418244,4.852700286051004e-8,-0.9937320351600647],5,1.0128793716430665],[[761.7709350585938,223.49203491210938,45.636253356933597,-0.97006756067276,5.7966694555489087e-8,0.24283522367477418,5.948899328700463e-8,1,-1.0639052971939123e-9,-0.24283522367477418,1.3413963273478658e-8,-0.97006756067276],5,1.0405561923980713],[[761.6482543945313,223.3736114501953,45.63477325439453,-0.999112606048584,2.7233364008338868e-8,0.04211908206343651,2.6791930451963709e-8,1,-1.104511415661591e-8,-0.04211908206343651,-9.906861109243437e-9,-0.999112606048584],7,1.0553064346313477],[[761.5728759765625,223.36715698242188,45.63386917114258,-0.9998658299446106,-1.5940521791435459e-8,0.016380904242396356,-1.6323758345038187e-8,1,-2.326159886933965e-8,-0.016380904242396356,-2.3525874581764584e-8,-0.9998658299446106],7,1.070647954940796],[[761.5037231445313,223.42709350585938,45.63302993774414,-0.9999210834503174,-5.885307174935406e-8,0.012561921030282975,-5.93039182206212e-8,1,-3.551733840367888e-8,-0.012561921030282975,-3.625950739660766e-8,-0.9999210834503174],7,1.086348056793213],[[761.4305419921875,223.470458984375,45.63214874267578,-0.999926745891571,-8.026211872902422e-8,0.012105789966881276,-8.077228130787262e-8,1,-4.165308098436071e-8,-0.012105789966881276,-4.2627842589126888e-8,-0.999926745891571],8,1.0969185829162598],[[761.250244140625,223.52330017089845,45.62997055053711,-0.9999270439147949,-9.552626067943493e-8,0.012080434709787369,-9.606202411305276e-8,1,-4.3769276203420307e-8,-0.012080434709787369,-4.4926554920721176e-8,-0.9999270439147949],8,1.1079118251800538],[[761.0577392578125,223.5472869873047,45.62765121459961,-0.9999272227287293,-7.71767361129605e-8,0.01206608209758997,-7.75650974560449e-8,1,-3.1717849680035218e-8,-0.01206608209758997,-3.2651449544118807e-8,-0.9999272227287293],8,1.1190614700317383],[[760.928955078125,223.5468292236328,45.626094818115237,-0.9999272227287293,-6.494983040283842e-8,0.01206331979483366,-6.524033580035393e-8,1,-2.3687999117782966e-8,-0.01206331979483366,-2.4473290949345029e-8,-0.9999272227287293],8,1.130340337753296],[[760.67138671875,223.50503540039063,45.622982025146487,-0.9999272227287293,-4.051150170880646e-8,0.012062868103384972,-4.0606600748560598e-8,1,-7.63864971276007e-9,-0.012062868103384972,-8.127925887890797e-9,-0.9999272227287293],8,1.143803358078003],[[760.5426025390625,223.4636993408203,45.62142562866211,-0.9999272227287293,-2.8300165766381725e-8,0.012062652967870236,-2.829762912881506e-8,1,3.8087724640867295e-10,-0.012062652967870236,3.9505045068555236e-11,-0.9999272227287293],8,1.1553966999053956],[[760.2850341796875,224.33682250976563,45.61831283569336,-0.9999468326568604,-3.8930232371114929e-9,0.010309704579412938,-3.7235980965277806e-9,1,1.6452759155072273e-8,-0.010309704579412938,1.6413496339851009e-8,-0.9999468326568604],3,1.1724271774291993],[[760.019775390625,225.15884399414063,45.61551284790039,-0.9947656393051148,2.0048195992217189e-8,0.102182537317276,2.3296808038253404e-8,1,3.05988550053371e-8,-0.102182537317276,3.28192193421728e-8,-0.9947656393051148],5,1.197380542755127],[[759.6865234375,226.10972595214845,45.61207962036133,-0.9653754234313965,4.827278843322347e-8,0.2608645260334015,6.058061075009391e-8,1,3.914002633109703e-8,-0.2608645260334015,5.358815258205141e-8,-0.9653754234313965],5,1.2146556377410889],[[759.419921875,226.8091278076172,45.60933303833008,-0.9222787022590637,6.961562348806183e-8,0.38652557134628298,9.138843637401806e-8,1,3.795345904222813e-8,-0.38652557134628298,7.03276299418576e-8,-0.9222787022590637],5,1.2230713367462159],[[759.28662109375,227.13839721679688,45.60795974731445,-0.8945083022117615,7.99597827949583e-8,0.4470513164997101,1.067192201276157e-7,1,3.467487630359756e-8,-0.4470513164997101,7.872593243973825e-8,-0.8945083022117615],5,1.2335023880004883],[[759.086669921875,227.6067352294922,45.605899810791019,-0.8454423546791077,9.515601817611241e-8,0.5340667366981506,1.2924485304210976e-7,1,2.642563501353834e-8,-0.5340667366981506,9.136672218801323e-8,-0.8454423546791077],5,1.2441978454589844],[[758.953369140625,227.9019317626953,45.60452651977539,-0.8080074191093445,1.0511723758099834e-7,0.5891723036766052,1.437556278460761e-7,1,1.8735395457269989e-8,-0.5891723036766052,9.983517657019547e-8,-0.8080074191093445],5,1.2549185752868653],[[758.820068359375,228.18350219726563,45.603153228759769,-0.7681109309196472,1.1497617435907159e-7,0.6403167843818665,1.5769337835536135e-7,1,9.604370632132487e-9,-0.6403167843818665,1.0835093888772463e-7,-0.7681109309196472],5,1.2643613815307618],[[758.6201171875,228.58030700683595,45.60109329223633,-0.706305980682373,1.16785955128762e-7,0.7079066634178162,1.5984208801000933e-7,1,-5.493000276857174e-9,-0.7079066634178162,1.0927355020839969e-7,-0.706305980682373],5,1.2749109268188477],[[758.420166015625,228.94647216796876,45.59903335571289,-0.6448465585708618,9.299847647525894e-8,0.7643120884895325,1.258035098317123e-7,1,-1.5536215869360605e-8,-0.7643120884895325,8.61346620695258e-8,-0.6448465585708618],5,1.2862603664398194],[[758.286865234375,229.1735382080078,45.597660064697269,-0.6053569912910461,7.7218849980909e-8,0.7959541082382202,1.0288995611063001e-7,1,-1.8762003506367365e-8,-0.7959541082382202,7.053797190792466e-8,-0.6053569912910461],5,1.2967777252197266],[[758.0869140625,229.4886016845703,45.59560012817383,-0.5488378405570984,5.362053911994735e-8,0.8359288573265076,6.859422541083404e-8,1,-1.910860802922798e-8,-0.8359288573265076,4.6852360213733849e-8,-0.5488378405570984],5,1.3075506687164307],[[757.95361328125,229.68161010742188,45.5942268371582,-0.5132086277008057,3.7918887585419728e-8,0.8582639098167419,4.593891844706377e-8,1,-1.6711222627918688e-8,-0.8582639098167419,3.0851367682771527e-8,-0.5132086277008057],5,1.3189959526062012],[[757.68701171875,230.02674865722657,45.59148025512695,-0.4464400112628937,6.558904530606924e-9,0.8948135375976563,1.4208592080677818e-9,1,-6.621017067942603e-9,-0.8948135375976563,-1.6844829975326548e-9,-0.4464400112628937],5,1.3324167728424073],[[757.487060546875,230.24984741210938,45.589420318603519,-0.4007587134838104,-1.6934814439650837e-8,0.9161836504936218,-3.113399316134746e-8,1,4.865395197839462e-9,-0.9161836504936218,-2.6574605627160964e-8,-0.4007587134838104],5,1.3456614017486573],[[757.287109375,230.44229125976563,45.587642669677737,-0.3594711422920227,-4.0409101842442399e-8,0.9331561923027039,-6.293736021234509e-8,1,1.9058903788504723e-8,-0.9331561923027039,-5.187926177541158e-8,-0.3594711422920227],5,1.3676891326904297],[[756.953857421875,230.69488525390626,45.58530044555664,-0.2981036305427551,-7.948411706593106e-8,0.9545335173606873,-1.1431912838588687e-7,1,4.756791938120841e-8,-0.9545335173606873,-9.494127084508364e-8,-0.2981036305427551],5,1.37825608253479],[[756.820556640625,230.77207946777345,45.584739685058597,-0.27643612027168276,-9.509355436421174e-8,0.9610322713851929,-1.3437370682822803e-7,1,6.029745946989351e-8,-0.9610322713851929,-1.1246906694850623e-7,-0.27643612027168276],5,1.3884165287017823],[[756.62060546875,230.86233520507813,45.58406066894531,-0.24739688634872437,-8.398799877795682e-8,0.9689142107963562,-1.1622118734067044e-7,1,5.7007355280802588e-8,-0.9689142107963562,-9.850491977658749e-8,-0.24739688634872437],5,1.4002690315246583],[[756.420654296875,230.92193603515626,45.583396911621097,-0.22135278582572938,-7.290420711569823e-8,0.9751937985420227,-9.843577686297067e-8,1,5.241539824396568e-8,-0.9751937985420227,-8.439165810614213e-8,-0.22135278582572938],5,1.4240195751190186],[[755.754150390625,230.899169921875,45.58229064941406,-0.14610934257507325,-3.6123424251854888e-8,0.98926842212677,-4.126259867121007e-8,1,3.0421038132999459e-8,-0.98926842212677,-3.637498480202339e-8,-0.14610934257507325],5,1.4586210250854493],[[755.55419921875,230.825927734375,45.5822639465332,-0.1287076473236084,-2.514280339482866e-8,0.9916825890541077,-2.4747590643414698e-8,1,2.214176042514282e-8,-0.9916825890541077,-2.1691940688128853e-8,-0.1287076473236084],5,1.4711039066314698],[[755.354248046875,230.72201538085938,45.58286666870117,-0.11491163820028305,-1.4184479368850589e-8,0.9933757185935974,-8.49847303641127e-9,1,1.3295982093097792e-8,-0.9933757185935974,-6.914313566142027e-9,-0.11491163820028305],5,1.4789578914642335],[[755.220947265625,230.63571166992188,45.583351135253909,-0.10688257962465286,-6.8904348893283899e-9,0.9942716360092163,2.2279387223989035e-9,1,7.169632443293494e-9,-0.9942716360092163,2.981485280884044e-9,-0.10688257962465286],5,1.4883558750152588],[[755.087646484375,230.53578186035157,45.583839416503909,-0.09956235438585282,3.9483541436347027e-10,0.9950312972068787,1.288360795825838e-8,1,8.923204397603968e-10,-0.9950312972068787,1.2908435209624259e-8,-0.09956235438585282],5,1.4973437786102296],[[754.8876953125,230.3603515625,45.584571838378909,-0.08953938633203507,1.1306875435934672e-8,0.9959833025932312,2.875223792386805e-8,1,-8.767635506501393e-9,-0.9959833025932312,2.785169961327938e-8,-0.08953938633203507],5,1.508289098739624],[[754.687744140625,230.15426635742188,45.585304260253909,-0.08051025867462158,2.220046368961448e-8,0.9967537522315979,4.45009185057188e-8,1,-1.867831755930638e-8,-0.9967537522315979,4.285266186343506e-8,-0.08051025867462158],5,1.5191175937652588],[[754.421142578125,229.831787109375,45.586280822753909,-0.06981510668992996,3.6697787919592886e-8,0.9975599646568298,6.534157392934503e-8,1,-3.221456523760935e-8,-0.9975599646568298,6.293307563964845e-8,-0.06981510668992996],5,1.534907579421997],[[754.287841796875,229.6501007080078,45.586769104003909,-0.06504498422145844,4.3935102667091999e-8,0.9978823065757752,7.57069003043398e-8,1,-3.909353551989625e-8,-0.9978823065757752,7.300374704755086e-8,-0.06504498422145844],5,1.5452582836151124],[[754.154541015625,229.45480346679688,45.587257385253909,-0.06068895384669304,5.1165230274818899e-8,0.998156726360321,8.604415313584468e-8,1,-4.6028141298393169e-8,-0.998156726360321,8.309214649671049e-8,-0.06068895384669304],5,1.5556938648223878],[[753.95458984375,229.13629150390626,45.587989807128909,-0.05472201108932495,6.199748980861841e-8,0.9985015988349915,1.0149981477525216e-7,1,-5.652791656984846e-8,-0.9985015988349915,9.82544108296679e-8,-0.05472201108932495],5,1.566258430480957],[[753.754638671875,228.78713989257813,45.588722229003909,-0.04934766888618469,7.281480662868489e-8,0.998781681060791,1.1690354284610294e-7,1,-6.712767230965255e-8,-0.998781681060791,1.1344852168804209e-7,-0.04934766888618469],5,1.5792686939239503],[[753.488037109375,228.27391052246095,45.589698791503909,-0.04298422485589981,8.721575994741215e-8,0.9990757703781128,1.3737530935031828e-7,1,-8.13860125958854e-8,-0.9990757703781128,1.3375002083648725e-7,-0.04298422485589981],5,1.5945534706115723],[[753.2880859375,227.8532257080078,45.590431213378909,-0.038791075348854068,8.830878073240456e-8,0.9992473721504211,1.3771162343800825e-7,1,-8.302929188630515e-8,-0.9992473721504211,1.3438717871849804e-7,-0.038791075348854068],5,1.6083660125732422],[[753.021484375,227.24461364746095,45.59101104736328,-0.03372211381793022,6.394095919404208e-8,0.9994312524795532,9.833599534658788e-8,1,-6.065936730692556e-8,-0.9994312524795532,9.623450125673117e-8,-0.03372211381793022],5,1.6237051486968995],[[752.821533203125,226.7523956298828,45.591400146484378,-0.03033982776105404,4.569113087882215e-8,0.9995396137237549,6.894315873751111e-8,1,-4.361948668929472e-8,-0.9995396137237549,6.758801163186945e-8,-0.03033982776105404],5,1.6380107402801514],[[752.688232421875,226.4072265625,45.59148406982422,-0.028247032314538957,3.353645183779008e-8,0.9996009469032288,4.940551434629015e-8,1,-3.215372501585989e-8,-0.9996009469032288,4.847755619152849e-8,-0.028247032314538957],5,1.6460256576538087],[[752.554931640625,226.0484161376953,45.59151840209961,-0.026284504681825639,2.1391018734107093e-8,0.9996545314788818,2.991017922227002e-8,1,-2.0611965467765004e-8,-0.9996545314788818,2.9358071529372866e-8,-0.026284504681825639],5,1.6559183597564698],[[752.35498046875,225.4846649169922,45.591552734375,-0.023564307019114496,3.189682074022926e-9,0.9997223019599915,7.392157441721281e-10,1,-3.1731441918481097e-9,-0.9997223019599915,6.642375538490342e-10,-0.023564307019114496],5,1.6677963733673096],[[752.155029296875,224.8902587890625,45.59102249145508,-0.020885225385427476,-1.499180690700541e-8,0.9997819066047669,-2.8352497238870457e-8,1,1.4402799841661818e-8,-0.9997819066047669,-2.8045507249885305e-8,-0.020885225385427476],5,1.680006980895996],[[751.888427734375,224.05003356933595,45.589744567871097,-0.017390752211213113,-3.920296975934434e-8,0.9998487830162048,-6.70210980047159e-8,1,3.804317572075888e-8,-0.9998487830162048,-6.634936511318301e-8,-0.017390752211213113],5,1.6941072940826417],[[751.6884765625,223.38409423828126,45.58816909790039,-0.014793633483350277,-5.733830477083757e-8,0.9998905658721924,-9.593265559715292e-8,1,5.592523066866306e-8,-0.9998905658721924,-9.50948191302814e-8,-0.014793633483350277],5,1.7072138786315919],[[751.488525390625,222.6875,45.585899353027347,-0.012143583036959172,-7.545378366557998e-8,0.9999262690544128,-1.247627210432256e-7,1,7.394416456918407e-8,-0.9999262690544128,-1.238555853433354e-7,-0.012143583036959172],5,1.7181050777435303],[[751.355224609375,222.20606994628907,45.584129333496097,-0.010392578318715096,-7.793281753265546e-8,0.9999459981918335,-1.282575539107711e-7,1,7.66040315625105e-8,-0.9999459981918335,-1.2745451272166975e-7,-0.010392578318715096],5,1.729724645614624],[[751.1552734375,221.45838928222657,45.581092834472659,-0.007790074218064547,-6.727584178634061e-8,0.9999696612358093,-1.099952342542565e-7,1,6.642098782094763e-8,-0.9999696612358093,-1.0947447037779057e-7,-0.007790074218064547],5,1.743260383605957],[[750.8963623046875,220.41378784179688,45.57553482055664,-0.003926683217287064,-5.308578820972798e-8,0.999992311000824,-8.569415399506397e-8,1,5.274970149571345e-8,-0.999992311000824,-8.548636287741829e-8,-0.003926683217287064],7,1.7590889930725098],[[750.7030029296875,221.60736083984376,45.57120895385742,-0.0009464771137572825,-4.245823959081463e-8,0.9999995231628418,-6.752245695906822e-8,1,4.239435114072876e-8,-0.9999995231628418,-6.748229708364306e-8,-0.0009464771137572825],3,1.7703049182891846],[[750.5708618164063,222.44070434570313,45.56702423095703,0.0012519904412329198,-3.538053050533563e-8,0.9999992251396179,-5.542845471495639e-8,1,3.544995408333307e-8,-0.9999992251396179,-5.547279258166782e-8,0.0012519904412329198],5,1.7827088832855225],[[750.3045654296875,224.10739135742188,45.55742645263672,0.0058874888345599178,-2.1243684145133558e-8,0.9999826550483704,-3.13083923231261e-8,1,2.1428384400223878e-8,-0.9999826550483704,-3.143400917338113e-8,0.0058874888345599178],5,1.7942922115325928],[[750.1047973632813,225.35740661621095,45.549560546875,0.009333898313343525,-1.065752552875665e-8,0.9999564290046692,-1.32869519831047e-8,1,1.078201439241866e-8,-0.9999564290046692,-1.3387011499332857e-8,0.009333898313343525],5,1.8061802387237549],[[749.905029296875,226.607421875,45.54072189331055,0.012863397598266602,-8.557677483311821e-11,0.9999172687530518,4.676159015559733e-9,1,2.5427578445591515e-11,-0.9999172687530518,4.675444920110294e-9,0.012863397598266602],5,1.820401668548584],[[749.7052612304688,227.85743713378907,45.531402587890628,0.01632869429886341,1.0472014366769145e-8,0.9998666644096375,2.2579678571332807e-8,1,-1.0842156505930234e-8,-0.9998666644096375,2.275370647453201e-8,0.01632869429886341],5,1.8328311443328858],[[749.5054931640625,229.10745239257813,45.521728515625,0.0196418147534132,2.1015425843984305e-8,0.9998070597648621,4.042626500222468e-8,1,-2.181367975140347e-8,-0.9998070597648621,4.0846924065363058e-8,0.0196418147534132],5,1.8443081378936768],[[749.372314453125,229.9407958984375,45.515235900878909,0.021693674847483636,2.803666632189561e-8,0.9997646808624268,5.22959915372212e-8,1,-2.9178025329201774e-8,-0.9997646808624268,5.291666127504868e-8,0.021693674847483636],5,1.8561415672302247],[[749.1725463867188,231.19081115722657,45.505496978759769,0.024518776684999467,3.8557455894761009e-8,0.9996993541717529,7.006411095744625e-8,1,-4.028745337336659e-8,-0.9996993541717529,7.103084698201201e-8,0.024518776684999467],5,1.86887788772583],[[748.9061889648438,232.8574981689453,45.49251174926758,0.027887258678674699,5.2565383157343606e-8,0.9996110796928406,9.369477993459441e-8,1,-5.519974521916993e-8,-0.9996110796928406,9.519771282384682e-8,0.027887258678674699],5,1.883286714553833],[[748.7064208984375,234.10751342773438,45.48277282714844,0.030110035091638566,6.305715061216688e-8,0.9995465874671936,1.1138133970689523e-7,1,-6.64409682826772e-8,-0.9995465874671936,1.1333138161262468e-7,0.030110035091638566],5,1.895444393157959],[[748.5066528320313,235.33706665039063,45.4730339050293,0.03208061307668686,7.353740727467084e-8,0.9994853138923645,1.2904324364626519e-7,1,-7.77171962340617e-8,-0.9994853138923645,1.3147003130598024e-7,0.03208061307668686],5,1.907651424407959],[[748.306884765625,236.53598022460938,45.463294982910159,0.03383878245949745,8.400665763019788e-8,0.999427318572998,1.4668349024304917e-7,1,-8.90212277226965e-8,-0.999427318572998,1.4961185001993727e-7,0.03383878245949745],5,1.9193446636199952],[[748.1071166992188,237.70423889160157,45.453556060791019,0.03541015833616257,6.823852061188518e-8,0.9993728399276733,1.1873517991034532e-7,1,-7.248841171758613e-8,-0.9993728399276733,1.2122754355914368e-7,0.03541015833616257],5,1.932373046875],[[747.9073486328125,238.84182739257813,45.443817138671878,0.036815255880355838,5.248587697792573e-8,0.9993221163749695,9.084831020800266e-8,1,-5.5868351722665469e-8,-0.9993221163749695,9.284352842087174e-8,0.036815255880355838],5,1.9465718269348145],[[747.7075805664063,239.94876098632813,45.434078216552737,0.038071829825639728,3.674815829413092e-8,0.9992750287055969,6.301588939550129e-8,1,-3.917569202371851e-8,-0.9992750287055969,6.446168754337123e-8,0.038071829825639728],5,1.9595158100128174],[[747.5078125,241.02505493164063,45.424339294433597,0.03919561952352524,2.1024874286013074e-8,0.9992315769195557,3.5231888517728296e-8,1,-2.242304120159133e-8,-0.9992315769195557,3.608369780749854e-8,0.03919561952352524],5,1.9720587730407715],[[747.241455078125,242.41241455078126,45.411354064941409,0.040523264557123187,8.216568397889645e-11,0.9991785883903503,-1.7469894419974708e-9,1,-1.1381321232684094e-11,-0.9991785883903503,-1.745093181071411e-9,0.040523264557123187],5,1.9849023818969727],[[747.1082763671875,243.0856475830078,45.40468978881836,0.04117723926901817,-1.0380075465832306e-8,0.999151885509491,-2.021032585730609e-8,1,1.1221798601468436e-8,-0.999151885509491,-2.0655265942082225e-8,0.04117723926901817],5,1.9969007968902588],[[746.9085083007813,244.06996154785157,45.39461135864258,0.042125437408685687,-2.6062091151857204e-8,0.9991123080253601,-4.787370855297013e-8,1,2.8103738003437685e-8,-0.9991123080253601,-4.9015095981985726e-8,0.042125437408685687],5,2.0088343620300295],[[746.708740234375,245.02362060546876,45.38479995727539,0.04288828745484352,-4.173086409764437e-8,0.9990798830986023,-7.55062501411885e-8,1,4.501061212636159e-8,-0.9990798830986023,-7.736719709328099e-8,0.04288828745484352],5,2.0205156803131105],[[746.3757934570313,246.544921875,45.37009048461914,0.04327128827571869,-6.781937855748765e-8,0.9990633726119995,-1.2154140449638363e-7,1,7.31471416770546e-8,-0.9990633726119995,-1.2459274500997709e-7,0.04327128827571869],5,2.0406017303466799],[[746.2426147460938,247.1295928955078,45.36498260498047,0.04305991530418396,-6.973438360091677e-8,0.9990724921226502,-1.247804846116196e-7,1,7.51771480622665e-8,-0.9990724921226502,-1.279018704281043e-7,0.04305991530418396],5,2.0515806674957277],[[746.0426635742188,247.98106384277345,45.358211517333987,0.04227655008435249,-5.983988415891872e-8,0.9991059303283691,-1.0689434759569849e-7,1,6.441659650135989e-8,-0.9991059303283691,-1.0952209095194121e-7,0.04227655008435249],5,2.0620598793029787],[[745.8427124023438,248.8018798828125,45.35160446166992,0.041364409029483798,-4.994964442062155e-8,0.9991441369056702,-8.901658787863198e-8,1,5.367770583575293e-8,-0.9991441369056702,-9.116075005977109e-8,0.041364409029483798],5,2.0737416744232179],[[745.7094116210938,249.33204650878907,45.347373962402347,0.04071924462914467,-4.3358436840890138e-8,0.9991706013679504,-7.709936511446358e-8,1,4.653646357155594e-8,-0.9991706013679504,-7.893035558481643e-8,0.04071924462914467],5,2.083829879760742],[[745.5094604492188,250.10177612304688,45.34111022949219,0.03976161405444145,-3.347500054928787e-8,0.9992091655731201,-5.9221743953230546e-8,1,3.585811114703574e-8,-0.9992091655731201,-6.060069068780649e-8,0.03976161405444145],5,2.096489429473877],[[745.3095092773438,250.84083557128907,45.335140228271487,0.03876518830657005,-2.359560191678156e-8,0.9992483258247376,-4.134369646635605e-8,1,2.5217252286324766e-8,-0.9992483258247376,-4.229017136481161e-8,0.03876518830657005],5,2.1087067127227785],[[745.1095581054688,251.5492401123047,45.32923126220703,0.03780970722436905,-1.3720221403445976e-8,0.9992849826812744,-2.3462931153517276e-8,1,1.4617800303540207e-8,-0.9992849826812744,-2.3998849130180134e-8,0.03780970722436905],5,2.119619846343994],[[744.9762573242188,252.00448608398438,45.325294494628909,0.03722305968403816,-