[[[776.7229614257813,222.69960021972657,42.86846160888672,-0.9988623261451721,-1.6218147935731509e-9,0.04768748581409454,2.7112171015197806e-12,1,3.4066022891465766e-8,-0.04768748581409454,3.4027394235636169e-8,-0.9988623261451721],8,0.004500627517700195],[[776.7229614257813,222.69960021972657,42.86846160888672,-0.9988623261451721,-2.3766051349127794e-9,0.04768748581409454,3.896370639328017e-12,1,4.991869317905184e-8,-0.04768748581409454,4.9862087792007517e-8,-0.9988623261451721],8,0.02087569236755371],[[776.7229614257813,222.69960021972657,42.86846160888672,-0.9988623261451721,-3.130750769742008e-9,0.04768748581409454,5.080461659007218e-12,1,6.575782407480802e-8,-0.04768748581409454,6.568325972011735e-8,-0.9988623261451721],8,0.037725210189819339],[[776.7229614257813,222.69960021972657,42.86846160888672,-0.9988623261451721,-3.884252475216954e-9,0.04768748581409454,6.26335788789234e-12,1,8.158342978958899e-8,-0.04768748581409454,8.149091712539303e-8,-0.9988623261451721],8,0.05442380905151367],[[776.7229614257813,222.69960021972657,42.86846160888672,-0.9988623261451721,-4.637110695426827e-9,0.04768748581409454,7.445352494250823e-12,1,9.739552098153581e-8,-0.04768748581409454,9.728507421868926e-8,-0.9988623261451721],8,0.08179306983947754],[[776.7229614257813,222.69960021972657,42.86846160888672,-0.9988623261451721,-5.5772333418246948e-9,0.04768700897693634,8.911940629907633e-12,1,1.171416528222835e-7,-0.04768700897693634,1.170088097524058e-7,-0.9988623261451721],8,0.09130549430847168],[[776.7229614257813,222.69960021972657,42.86846160888672,-0.9988623261451721,-6.14085271521958e-9,0.04768700897693634,9.79116267230129e-12,1,1.2897920953491849e-7,-0.04768700897693634,1.2883295141818963e-7,-0.9988623261451721],8,0.11555099487304688],[[776.7229614257813,222.69960021972657,42.86846160888672,-0.998689591884613,-3.922526747857091e-9,0.05117771402001381,4.5094747380680647e-11,1,7.752520048143197e-8,-0.05117771402001381,7.742591634496421e-8,-0.998689591884613],8,0.12387323379516602],[[776.7229614257813,222.69960021972657,42.86846160888672,-0.9985048174858093,-2.0521484511704104e-9,0.05466398224234581,-8.394195061267595e-11,1,3.600784381774247e-8,-0.05466398224234581,3.5949415888580918e-8,-0.9985048174858093],8,0.13955473899841309],[[776.7229614257813,222.69960021972657,42.86846160888672,-0.9988623261451721,1.0511350678754639e-9,0.04768676683306694,1.3059023307171459e-10,1,-1.9307105247889923e-8,-0.04768676683306694,-1.92789126884918e-8,-0.9988623261451721],8,0.1562058925628662],[[776.4971313476563,222.69960021972657,42.85768508911133,-0.9995428919792175,4.27590629570318e-9,0.030232517048716546,1.6050182294335969e-9,1,-8.836914133780738e-8,-0.030232517048716546,-8.828022401985436e-8,-0.9995428919792175],8,0.1770322322845459],[[776.2985229492188,222.69960021972657,42.85103988647461,-0.9997296929359436,4.138888787252881e-9,0.02325008064508438,1.9670811646221866e-9,1,-9.343362705749314e-8,-0.02325008064508438,-9.336262962733599e-8,-0.9997296929359436],8,0.19652652740478517],[[776.031982421875,222.69960021972657,42.84452819824219,-0.9999392628669739,2.5327606678615668e-9,0.011022033169865609,1.6954815329484064e-9,1,-7.597348172794227e-8,-0.011022033169865609,-7.595017592620934e-8,-0.9999392628669739],8,0.20569968223571778],[[775.765380859375,222.69960021972657,42.841102600097659,-0.9999998807907105,1.2730143605921285e-9,0.0005418518558144569,1.2412988414922666e-9,1,-5.853206275219236e-8,-0.0005418518558144569,-5.853138063116603e-8,-0.9999998807907105],8,0.22285008430480958],[[775.498779296875,222.69960021972657,42.840538024902347,-0.9997141361236572,-6.218117132306134e-10,-0.023910285905003549,3.6152655868981756e-10,1,-4.1121840155255998e-8,0.023910285905003549,-4.1118727978073369e-8,-0.9997141361236572],8,0.24003124237060548],[[775.16552734375,222.69960021972657,42.84752655029297,-0.9989932775497437,-2.0620818386163366e-9,-0.04486069828271866,-1.192636100988409e-9,1,-1.9407776719049253e-8,0.04486069828271866,-1.9334734702169955e-8,-0.9989932775497437],8,0.26564621925354006],[[774.899169921875,222.69960021972657,42.85866165161133,-0.9977171421051025,-2.9629025899424734e-9,-0.06753178685903549,-2.828494993778463e-9,1,-2.0859043381449284e-9,0.06753178685903549,-1.8901291642947628e-9,-0.9977171421051025],8,0.27398014068603518],[[774.6995849609375,222.69960021972657,42.87129211425781,-0.9960827827453613,-3.3483642525311554e-9,-0.08842577040195465,-4.326254909869931e-9,1,1.0867237776324146e-8,0.08842577040195465,1.1207220929065898e-8,-0.9960827827453613],8,0.28877878189086916],[[774.4338989257813,222.69960021972657,42.894004821777347,-0.9943862557411194,-3.6137524084267626e-9,-0.10581094026565552,-6.622916881582341e-9,1,2.808769394846422e-8,0.10581094026565552,2.8630793735828776e-8,-0.9943862557411194],8,0.3062784671783447],[[774.168701171875,222.69960021972657,42.9215202331543,-0.992169976234436,-3.524312619518355e-9,-0.12489486485719681,-9.247737686735036e-9,1,4.524617835954814e-8,0.12489486485719681,4.6046896073903557e-8,-0.992169976234436],8,0.32174229621887209],[[773.9039916992188,222.69960021972657,42.954063415527347,-0.9893344640731812,-3.019340555354688e-9,-0.14566165208816529,-1.222904622011356e-8,1,6.233127436416908e-8,0.14566165208816529,6.344777858657835e-8,-0.9893344640731812],8,0.3386874198913574],[[773.6400146484375,222.69960021972657,42.9920768737793,-0.9851785898208618,-1.8164668658116057e-9,-0.17153190076351167,-1.5654027407663308e-8,1,7.931787138204527e-8,0.17153190076351167,8.082743363502232e-8,-0.9851785898208618],8,0.35534071922302248],[[773.3771362304688,222.69960021972657,43.03678512573242,-0.9810304641723633,-4.411020715355818e-10,-0.19385361671447755,-1.946050431911317e-8,1,9.620788432584959e-8,0.19385361671447755,9.815535406687559e-8,-0.9810304641723633],8,0.3716888427734375],[[773.1153564453125,222.69960021972657,43.08758544921875,-0.9782257080078125,4.708978762479887e-10,-0.20754382014274598,-2.3499181267538917e-8,1,1.130286690909088e-7,0.20754382014274598,1.1544466360646766e-7,-0.9782257080078125],8,0.38684964179992678],[[772.8543090820313,222.69960021972657,43.142372131347659,-0.9767510890960693,7.529520895666053e-10,-0.21437644958496095,-2.3984933150700273e-8,1,1.1279345812909014e-7,0.21437644958496095,1.1531294319411245e-7,-0.9767510890960693],8,0.4046487808227539],[[772.59375,222.69960021972657,43.19926071166992,-0.9767516851425171,3.154025304819008e-11,-0.2143739014863968,-1.3474544147129564e-8,1,6.154118636914063e-8,0.2143739014863968,6.299904242723642e-8,-0.9767516851425171],8,0.42214250564575198],[[772.333251953125,222.69960021972657,43.25642013549805,-0.9767513871192932,-6.888621895129177e-10,-0.214375302195549,-2.9730609085731887e-9,1,1.0332716016137056e-8,0.214375302195549,1.0729845456580734e-8,-0.9767513871192932],8,0.43709373474121096],[[772.0076293945313,222.69960021972657,43.3278694152832,-0.9774941205978394,-1.6260842672366494e-9,-0.21096260845661164,9.917745735776862e-9,1,-5.366174704590776e-8,0.21096260845661164,-5.4546315908510226e-8,-0.9774941205978394],8,0.46096253395080569],[[771.6817626953125,222.69960021972657,43.39832305908203,-0.9800011515617371,-1.578832287130183e-9,-0.19899174571037293,1.862310838873782e-8,1,-9.964986702470924e-8,0.19899174571037293,-1.0136282924122497e-7,-0.9800011515617371],8,0.48160338401794436],[[771.4205932617188,222.69960021972657,43.45185852050781,-0.9836430549621582,7.649649247376544e-10,-0.18012863397598267,1.5147200826959307e-8,1,-7.84687799182393e-8,0.18012863397598267,-7.991371120397162e-8,-0.9836430549621582],8,0.4958076477050781],[[771.2239990234375,222.69960021972657,43.488609313964847,-0.988556981086731,3.4339928678406297e-9,-0.15084798634052277,1.3014614275164149e-8,1,-6.252449935573168e-8,0.15084798634052277,-6.377226213771792e-8,-0.988556981086731],8,0.5099918842315674],[[770.9605712890625,222.69960021972657,43.530025482177737,-0.9930181503295898,5.943929792806557e-9,-0.11796165257692337,1.0879765532934016e-8,1,-4.119877061725674e-8,0.11796165257692337,-4.219452165443727e-8,-0.9930181503295898],8,0.5239243507385254],[[770.7621459960938,222.69960021972657,43.55488586425781,-0.9960826635360718,7.490607245586034e-9,-0.08842674642801285,9.755050101034613e-9,1,-2.5175973306090783e-8,0.08842674642801285,-2.593995773736424e-8,-0.9960826635360718],8,0.5375664234161377],[[770.4966430664063,222.69960021972657,43.579689025878909,-0.9980573654174805,8.562669684408775e-9,-0.062301963567733768,8.816313012971478e-9,1,-3.796282399548545e-9,0.062301963567733768,-4.338181369689664e-9,-0.9980573654174805],8,0.5552690029144287],[[770.2305908203125,222.69960021972657,43.59735107421875,-0.9990702271461487,9.039192505611027e-9,-0.04311291128396988,8.289007702444451e-9,1,1.7579216304852708e-8,0.04311291128396988,1.7205508129336523e-8,-0.9990702271461487],8,0.5706391334533691],[[769.9642333984375,222.69960021972657,43.609622955322269,-0.9996708035469055,9.13171227523435e-9,-0.025656679645180703,8.135257800745422e-9,1,3.894239242185904e-8,0.025656679645180703,3.872084874956272e-8,-0.9996708035469055],8,0.588120698928833],[[769.6978759765625,222.66555786132813,43.62113571166992,-0.9999505877494812,8.915993277014423e-9,-0.009939441457390786,8.317184274631018e-9,1,6.028709265137877e-8,0.009939441457390786,6.02014509354376e-8,-0.9999505877494812],8,0.6040139198303223],[[769.4315185546875,223.53868103027345,43.63264083862305,-0.9999998807907105,8.678354035396297e-9,0.000540146604180336,8.722436994901273e-9,1,8.161048725696674e-8,-0.000540146604180336,8.161518394445011e-8,-0.9999998807907105],3,0.6250901222229004],[[768.7650146484375,225.49154663085938,43.634033203125,-0.9590088725090027,4.736700365270963e-9,0.2833760976791382,4.2633232055777628e-8,1,1.2756527212332004e-7,-0.2833760976791382,1.3441746204989614e-7,-0.9590088725090027],5,0.6692438125610352],[[768.5650634765625,226.010986328125,43.63393020629883,-0.9965695738792419,4.187229052377006e-8,0.08275916427373886,5.3835528035506289e-8,1,1.4232331579933089e-7,-0.08275916427373886,1.4629047484504555e-7,-0.9965695738792419],5,0.6747231483459473],[[768.3651123046875,226.49977111816407,43.636653900146487,-0.9983879327774048,5.617655673972877e-8,0.05675873905420303,6.522771656136683e-8,1,1.576146360093844e-7,-0.05675873905420303,1.6106278621919047e-7,-0.9983879327774048],5,0.6873733997344971],[[768.165283203125,226.95790100097657,43.644248962402347,-0.9997606873512268,5.605508235362322e-8,0.021876884624361993,5.879510212025707e-8,1,1.2460402842862096e-7,-0.021876884624361993,1.2586046693741083e-7,-0.9997606873512268],5,0.7034857273101807],[[767.8328857421875,227.65330505371095,43.668800354003909,-0.9986567497253418,4.2905991648467537e-8,0.05181383341550827,4.6763954486550577e-8,1,7.32458005359149e-8,-0.05181383341550827,7.557043346650971e-8,-0.9986567497253418],5,0.7204148769378662],[[767.5678100585938,228.14833068847657,43.69789123535156,-0.9999555349349976,3.7818544740275686e-8,-0.009428716264665127,3.749607202507832e-8,1,3.437785522919512e-8,0.009428716264665127,3.402278636599476e-8,-0.9999555349349976],5,0.7390697002410889],[[767.3037109375,228.58885192871095,43.73469543457031,-0.9998652935028076,2.723762193568291e-8,-0.016413327306509019,2.7287924808661047e-8,1,-2.840748969390461e-9,0.016413327306509019,-3.288251892996641e-9,-0.9998652935028076],5,0.754525899887085],[[767.0399780273438,228.97486877441407,43.774166107177737,-0.9998018741607666,1.522531967168561e-8,-0.019906064495444299,1.6001758140760104e-8,1,-3.8845854533064997e-8,0.019906064495444299,-3.915668855825061e-8,-0.9998018741607666],5,0.7698707580566406],[[766.7763671875,229.30638122558595,43.81471252441406,-0.9998350739479065,2.0835217995340828e-9,-0.018159721046686174,3.4280036587119868e-9,1,-7.400535650958773e-8,0.018159721046686174,-7.405540003446731e-8,-0.9998350739479065],5,0.7878983020782471],[[766.5126953125,229.58340454101563,43.855003356933597,-0.9999375939369202,-1.1866299942653314e-8,-0.011172930710017681,-1.065320187620955e-8,1,-1.0863423227647218e-7,0.011172930710017681,-1.0850843068510585e-7,-0.9999375939369202],5,0.8049261569976807],[[766.2488403320313,229.80592346191407,43.89366149902344,-0.9999824166297913,-2.7086917597785033e-8,-0.005935076158493757,-2.6237987782451456e-8,1,-1.4311395091226587e-7,0.005935076158493757,-1.429557130450121e-7,-0.9999824166297913],5,0.8204178810119629],[[765.9847412109375,229.97393798828126,43.93087387084961,-0.9999334812164307,-3.256243275018278e-8,0.011532123200595379,-3.4024548511979449e-8,1,-1.265902369596006e-7,-0.011532123200595379,-1.2697420004315064e-7,-0.9999334812164307],5,0.8385119438171387],[[765.7201538085938,230.08746337890626,43.96393585205078,-0.9994723200798035,-3.5187042612960798e-8,0.03248285874724388,-3.82626588191215e-8,1,-9.40626136980427e-8,-0.03248285874724388,-9.525585653591406e-8,-0.9994723200798035],5,0.8539383411407471],[[765.4548950195313,230.146484375,43.99159622192383,-0.998379111289978,-3.710955098767954e-8,0.056913986802101138,-4.0736154005571737e-8,1,-6.256060203213565e-8,-0.056913986802101138,-6.477765168710903e-8,-0.998379111289978],5,0.8719868659973145],[[765.2555541992188,230.1549835205078,44.007781982421878,-0.9988442659378052,-3.984122898259557e-8,0.04806425794959068,-4.178596313408889e-8,1,-3.9456370615198469e-8,-0.04806425794959068,-4.1419180973889527e-8,-0.9988442659378052],5,0.893913745880127],[[764.9892578125,230.11863708496095,44.02261734008789,-0.995116651058197,-4.024503397204171e-8,0.09870559722185135,-4.134721365289806e-8,1,-9.120741495394214e-9,-0.09870559722185135,-1.315740405516408e-8,-0.995116651058197],5,0.9035727977752686],[[764.672119140625,229.99655151367188,44.07382583618164,-0.9935751557350159,-4.1908087666797658e-8,0.11317404359579086,-3.9073146496093616e-8,1,2.726756420656784e-8,-0.11317404359579086,2.2670310073635848e-8,-0.9935751557350159],5,0.9240119457244873],[[764.4943237304688,229.88243103027345,44.131587982177737,-0.99859219789505,-4.044074941589315e-8,0.05304384231567383,-3.789616087601644e-8,1,4.897722050145603e-8,-0.05304384231567383,4.689811206048944e-8,-0.99859219789505],5,0.9428679943084717],[[764.2717895507813,229.6825714111328,44.24019241333008,-0.996877133846283,-4.138356857197323e-8,0.07896851748228073,-3.532381143145358e-8,1,7.813328295469546e-8,-0.07896851748228073,7.509981259090637e-8,-0.996877133846283],5,0.9536476135253906],[[764.0169677734375,229.3561248779297,44.42671585083008,-0.9944745302200317,-4.249874407946663e-8,0.10497833043336868,-3.057708752862709e-8,1,1.151724475789706e-7,-0.10497833043336868,1.1132613053632667e-7,-0.9944745302200317],5,0.9707050323486328],[[763.8300170898438,229.0336456298828,44.61275863647461,-0.9968811273574829,-3.771254242224131e-8,0.07891771197319031,-2.630087969635042e-8,1,1.4564146511020227e-7,-0.07891771197319031,1.4311162033209258e-7,-0.9968811273574829],5,0.9870913028717041],[[763.6921997070313,228.75601196289063,44.75760269165039,-0.9986047148704529,-3.176596052867353e-8,0.052807871252298358,-2.286471811885349e-8,1,1.6916312972625747e-7,-0.052807871252298358,1.677196479477061e-7,-0.9986047148704529],5,1.0030298233032227],[[763.4627075195313,228.2251739501953,44.999267578125,-0.9944751858711243,-1.77206338491942e-8,0.10497213900089264,-5.246591605612139e-9,1,1.1910806563264487e-7,-0.10497213900089264,1.1789926190886035e-7,-0.9944751858711243],5,1.020808219909668],[[763.2332153320313,227.60919189453126,45.24094772338867,-0.9944751858711243,3.237035972603053e-9,0.10497178882360459,1.0536143513206753e-8,1,6.897945326045374e-8,-0.10497178882360459,6.970435606490355e-8,-0.9944751858711243],5,1.0413908958435059],[[763.0496215820313,227.05508422851563,45.43429183959961,-0.9968811869621277,2.00877945388811e-8,0.07891697436571121,2.241348084908168e-8,1,2.858424252849545e-8,-0.07891697436571121,3.026389805427243e-8,-0.9968811869621277],5,1.0578877925872803],[[762.8660278320313,226.44647216796876,45.62763595581055,-0.9971264600753784,3.4170575702319186e-8,0.07575471699237824,3.331734532707742e-8,1,-1.252685688513111e-8,-0.07575471699237824,-9.966914404913041e-9,-0.9971264600753784],5,1.0754754543304444],[[762.7022705078125,225.8321075439453,45.585838317871097,-0.999958336353302,-0.006807224825024605,0.0060804481618106369,-0.006807178258895874,0.9999768137931824,0.00002842753383447416,-0.006080500781536102,-0.000012964344023203012,-0.9999815225601196],5,1.092916488647461],[[762.5741577148438,225.3441619873047,45.5574836730957,-0.9997053742408752,-0.0052977935411036018,0.023688144981861116,-0.00529090641066432,0.999985933303833,0.00035340446629561484,-0.02368968352675438,0.00022796857228968292,-0.9997193217277527],5,1.1070029735565186],[[762.4281005859375,225.4057159423828,45.53352737426758,-0.9999017715454102,-0.0010629039024934173,-0.013975321315228939,-0.0010652049677446485,0.9999994039535523,0.0001572061883052811,0.013975146226584912,0.00017207732889801264,-0.9999023079872131],12,1.1219487190246583],[[762.3436889648438,225.5433349609375,45.51980209350586,-0.9988926649093628,0.0002192585961893201,-0.0470464862883091,0.00021805611322633922,1,0.00003069166996283457,0.047046490013599399,0.00002039890932792332,-0.9988927245140076],12,1.1361186504364014],[[762.2515258789063,225.7765350341797,45.504940032958987,-0.998309850692749,0.00020954958745278418,-0.05811527743935585,0.00021076157281640917,1,-0.00001472546955483267,0.05811527371406555,-0.000026949048333335669,-0.998309850692749],12,1.1551079750061036],[[762.1726684570313,225.92913818359376,45.49906539916992,-0.9977202415466309,0.000015821491615497508,-0.06748612225055695,0.000016223455531871879,1,-0.000005408183824329171,0.06748612225055695,-0.0000064907126215985049,-0.9977202415466309],8,1.1726047992706299],[[762.054443359375,226.02723693847657,45.498050689697269,-0.9998471140861511,-0.000021014622689108365,0.01748649589717388,-0.000020994379156036304,1,0.0000013411724921752466,-0.01748649589717388,9.738492963151658e-7,-0.9998471140861511],5,1.1936328411102296],[[761.8968505859375,226.07083129882813,45.502445220947269,-0.9987283945083618,-0.000011700833965733182,0.05041424185037613,-0.000011573065421544016,1,0.000002826282752721454,-0.05041424185037613,0.0000022392416667571526,-0.9987283945083618],5,1.204606533050537],[[761.699951171875,226.0599365234375,45.51270294189453,-0.9986919164657593,-0.0000028813028620788829,0.0511319562792778,-0.0000027990140551992228,1,0.0000016809451608423843,-0.0511319562792778,0.0000015356273479483207,-0.9986919164657593],5,1.2300043106079102],[[761.4638671875,225.99453735351563,45.52937316894531,-0.9988411068916321,1.146904082816036e-7,0.04812910035252571,1.3898002748646832e-7,1,5.013297936784511e-7,-0.04812910035252571,5.074377895653015e-7,-0.9988411068916321],5,1.2372233867645264],[[761.2667236328125,225.9097137451172,45.54587173461914,-0.9998891949653626,4.514511999786919e-7,0.014886843971908093,4.525132624166872e-7,1,6.79742200304645e-8,-0.014886843971908093,7.470318053037772e-8,-0.9998891949653626],5,1.2535505294799805],[[761.0011596679688,225.74893188476563,45.56849670410156,-0.9988380670547485,2.428478751426155e-7,0.048193082213401797,2.3848508590162967e-7,1,-9.627729014027864e-8,-0.048193082213401797,-8.467208800766457e-8,-0.9988380670547485],5,1.2699015140533448],[[760.7061157226563,225.927490234375,45.59364700317383,-0.9991351366043091,-2.759570882915341e-8,-0.041581492871046069,-2.5315788576563137e-8,1,-5.53567431893498e-8,0.041581492871046069,-5.4256197756785698e-8,-0.9991351366043091],12,1.2891604900360108],[[760.4651489257813,226.07736206054688,45.61418914794922,-0.9968984127044678,-8.87380764424961e-8,-0.07869902998209,-8.920486038732634e-8,1,2.41563924419097e-9,0.07869902998209,9.428482883322431e-9,-0.9968984127044678],8,1.304819107055664],[[760.2008666992188,226.1727294921875,45.635929107666019,-0.9999210834503174,-1.1513967024256999e-7,0.012560821138322354,-1.1440458536071674e-7,1,5.924046320160414e-8,-0.012560821138322354,5.77987719907469e-8,-0.9999210834503174],5,1.3207180500030518],[[759.93505859375,226.21360778808595,45.64029312133789,-0.9987666010856628,-0.0000031640968245483238,0.04965133219957352,-0.000007323215868382249,1,-0.00008358459308510646,-0.04965133219957352,-0.0000838451087474823,-0.9987666010856628],5,1.3374626636505128],[[759.669189453125,226.19998168945313,45.63220977783203,-0.998512864112854,-0.000011444257324910723,0.054516345262527469,-0.000016695645172148944,1,-0.00009587140812072903,-0.054516345262527469,-0.00009663902164902538,-0.998512864112854],5,1.3560807704925538],[[759.4697875976563,226.15399169921876,45.61655044555664,-0.9997614622116089,-0.000018639282643562184,0.02183954417705536,-0.000021385971194831656,1,-0.00012553318811114877,-0.02183954231441021,-0.0001259703130926937,-0.9997614622116089],5,1.3697290420532227],[[759.1441040039063,226.01190185546876,45.571189880371097,-0.9984606504440308,-0.0013934524031355978,0.055447276681661609,-0.001400865032337606,0.9999989867210388,-0.00009482126915827394,-0.05544709041714668,-0.00017234946426469833,-0.9984616041183472],5,1.3887748718261719],[[758.9139404296875,225.84544372558595,45.50431823730469,-0.9999098777770996,-0.0019897727761417629,0.013277171179652214,-0.0019900205079466106,0.9999980330467224,-0.000005440668701339746,-0.01327713392674923,-0.00003186201865901239,-0.9999118447303772],5,1.4043149948120118],[[758.6683349609375,225.62449645996095,45.47374725341797,-0.9988088607788086,-0.0007751820958219469,0.048788439482450488,-0.0007703030132688582,0.9999997019767761,0.00011880730744451284,-0.04878851771354675,0.00008108390466077253,-0.9988090991973877],5,1.4200751781463624],[[758.494873046875,225.70367431640626,45.46221923828125,-0.9990783929824829,-0.00014566430763807148,-0.04292231425642967,-0.00014879197988193482,1,0.0000696736024110578,0.04292230308055878,0.00007599592208862305,-0.9990783929824829],12,1.436943531036377],[[758.2981567382813,225.88702392578126,45.44916534423828,-0.9974273443222046,0.0000819651540950872,-0.07168447226285935,0.00008181804878404364,1,0.000004988455202692421,0.07168447226285935,-8.894621714716777e-7,-0.9974273443222046],12,1.4522993564605713],[[758.0361938476563,226.06871032714845,45.447845458984378,-0.9968946576118469,0.000024510418370482513,-0.07874678075313568,0.000025062587155844086,1,-0.000006023630248819245,0.07874678075313568,-0.000007978523171914276,-0.9968946576118469],8,1.4714431762695313],[[757.7857666015625,226.15274047851563,45.46298599243164,-0.9999243021011353,-3.62049320301594e-7,0.012302708812057972,-3.9046835809131155e-7,1,-0.0000023075790522852914,-0.012302708812057972,-0.0000023122083803173156,-0.9999243021011353],5,1.4873321056365967],[[757.5869140625,226.17999267578126,45.47871398925781,-0.9998747706413269,-0.0000033580138278921369,0.01582511141896248,-0.0000033649564556981206,1,-4.120787764350098e-7,-0.01582511141896248,-4.6527799213436085e-7,-0.9998747706413269],5,1.502932071685791],[[757.254638671875,226.1573028564453,45.50527572631836,-0.9963235855102539,-0.0000014803498515902903,0.08566995710134506,-0.0000014488366559817223,1,4.3001861627089968e-7,-0.08566995710134506,3.043159040316823e-7,-0.9963235855102539],5,1.5205881595611573],[[757.0552368164063,226.10281372070313,45.521217346191409,-0.9997984170913696,-4.743879742363788e-7,0.02007855474948883,-4.6758322014284206e-7,1,3.4360209610895256e-7,-0.02007855474948883,3.3414443123547246e-7,-0.9997984170913696],5,1.5361404418945313],[[756.7893676757813,225.9824676513672,45.54247283935547,-0.9985722899436951,1.6149220627426076e-8,0.05341680347919464,2.253162456611335e-8,1,1.1888086959288558e-7,-0.05341680347919464,1.1991470216798917e-7,-0.9985722899436951],5,1.5527870655059815],[[756.45703125,225.75540161132813,45.56904220581055,-0.9962378740310669,1.0354460044936786e-7,0.08666115254163742,1.0084644230801132e-7,1,-3.551253513478514e-8,-0.08666115254163742,-2.6639463968081146e-8,-0.9962378740310669],5,1.5698351860046387],[[756.2159423828125,225.8839111328125,45.58832550048828,-0.9992551803588867,6.400578911325283e-8,-0.038587916642427447,6.652981454635665e-8,1,-6.412549424794634e-8,0.038587916642427447,-6.6644986418396e-8,-0.9992551803588867],12,1.5882294178009034],[[756.0314331054688,225.9976043701172,45.603084564208987,-0.9971519708633423,2.694836709338233e-8,-0.07541841268539429,3.261556358324924e-8,1,-7.391174960957869e-8,0.07541841268539429,-7.616105790475558e-8,-0.9971519708633423],8,1.6032752990722657],[[755.7006225585938,226.1189727783203,45.62954330444336,-0.999018669128418,-2.987721003933075e-8,0.044291041791439059,-3.3754822936771237e-8,1,-8.680055429977074e-8,-0.044291041791439059,-8.821040609063857e-8,-0.999018669128418],5,1.6231787204742432],[[755.4347534179688,226.15475463867188,45.63279342651367,-0.9986616969108582,-0.000002642564140842296,0.05171889066696167,-0.000006267561730055604,1,-0.00006992820999585092,-0.05171889066696167,-0.00007015877781668678,-0.9986616969108582],5,1.6402788162231446],[[755.1096801757813,226.1237030029297,45.59321212768555,-0.9984943270683289,-0.0004545197880361229,0.05485282093286514,-0.0004602569679263979,0.9999998807907105,-0.00009195940947392955,-0.05485277250409126,-0.00011706734221661463,-0.9984944462776184],5,1.658207654953003],[[754.8663330078125,226.04031372070313,45.536781311035159,-0.9999113082885742,-0.0006510180537588894,0.013302739709615708,-0.0006521400064229965,0.9999997615814209,-0.00007999977242434397,-0.013302684761583805,-0.00008866791904438287,-0.9999114871025086],5,1.6757800579071046],[[754.6764526367188,225.94200134277345,45.52104187011719,-0.9998732805252075,-0.00034739499096758664,0.015916267409920694,-0.00034732153289951384,0.9999999403953552,0.0000073791043178061958,-0.01591626927256584,0.0000018501068552723155,-0.9998733401298523],5,1.6882789134979249],[[754.4140625,225.76324462890626,45.53129577636719,-0.9986206293106079,-0.00007931783329695463,0.05250592529773712,-0.00007790930976625532,1,0.000028872727853013204,-0.05250592529773712,0.000024742199457250537,-0.9986206293106079],5,1.70377779006958],[[754.1483154296875,225.5299835205078,45.552268981933597,-0.998577356338501,0.000004958853423886467,0.05332231894135475,0.000005675099600921385,1,0.000013280970051710029,-0.05332231894135475,0.00001356468510493869,-0.998577356338501],5,1.7199985980987549],[[753.9072265625,225.65191650390626,45.571510314941409,-0.9992547035217285,0.000010177705007663463,-0.03860054165124893,0.000010148566616408062,1,9.508186167295207e-7,0.03860054165124893,5.583697770816798e-7,-0.9992547035217285],12,1.739029884338379],[[753.705810546875,225.83731079101563,45.58759307861328,-0.9971853494644165,0.000001909230832097819,-0.07497549057006836,0.000002014645133385784,1,-0.0000013303532568897936,0.07497549057006836,-0.0000014776577472730424,-0.9971853494644165],12,1.754786491394043],[[753.4944458007813,225.98974609375,45.60448455810547,-0.9969973564147949,-6.816193263148307e-7,-0.0774359181523323,-6.483020911218773e-7,1,-4.553943142582284e-7,0.0774359181523323,-4.0382502675129219e-7,-0.9969973564147949],8,1.7704758644104005],[[753.244384765625,226.08767700195313,45.62419509887695,-0.9998751878738403,-5.361399075809459e-7,0.015797438099980356,-5.356225187824748e-7,1,3.6982797269047299e-8,-0.015797438099980356,2.851671787595933e-8,-0.9998751878738403],5,1.7885875701904297],[[752.9790649414063,226.131103515625,45.64455795288086,-0.99854576587677,-1.5892383942173184e-7,0.05391063913702965,-1.531331861315266e-7,1,1.1154294554671651e-7,-0.05391063913702965,1.0312522391586754e-7,-0.99854576587677],5,1.804699182510376],[[752.7131958007813,226.1200408935547,45.64897155761719,-0.9981546998023987,-0.0000030879546102369206,0.060722481459379199,-0.000008434331903117709,1,-0.00008778977644396946,-0.060722481459379199,-0.00008813993190415204,-0.9981546998023987],5,1.821354627609253],[[752.4473266601563,226.05447387695313,45.63426971435547,-0.9980607032775879,-0.000012451616385078524,0.062248170375823978,-0.000019621116734924727,1,-0.00011456481297500432,-0.062248166650533679,-0.00011556401295820251,-0.9980607032775879],5,1.8385860919952393],[[752.1814575195313,225.9344024658203,45.612247467041019,-0.9980319738388062,-0.000017713931811158547,0.06270661950111389,-0.00002387787935731467,1,-0.0000975488219410181,-0.06270661950111389,-0.00009885415056487545,-0.9980319738388062],5,1.8548448085784913],[[751.9155883789063,225.75982666015626,45.60429382324219,-0.9980804920196533,-0.000015919600627967158,0.06192968040704727,-0.00001875827911135275,1,-0.000045255710574565458,-0.06192968040704727,-0.000046330536861205476,-0.9980804920196533],5,1.8720111846923829],[[751.6959838867188,225.53076171875,45.58531951904297,-0.9991210103034973,-0.000009353817404189613,0.04191941022872925,-0.000010285982170898933,1,-0.00002202136420237366,-0.04191941022872925,-0.000022433188860304655,-0.9991210103034973],5,1.8930275440216065],[[751.5160522460938,225.65328979492188,45.58728790283203,-0.9992225766181946,-0.0000020299817151681056,-0.039423536509275439,-0.0000020545489860523959,1,5.826472602166177e-7,0.039423536509275439,6.631919404753717e-7,-0.9992225766181946],12,1.915757179260254],[[751.3758544921875,225.83868408203126,45.588809967041019,-0.9976227879524231,8.154783586178382e-7,-0.06891103833913803,6.307138846750604e-7,1,0.0000027029611828766066,0.06891103833913803,0.0000026530724426265808,-0.9976227879524231],12,1.9233872890472413],[[751.24462890625,225.99111938476563,45.614288330078128,-0.9973816275596619,4.482211295453453e-7,-0.07231804728507996,4.031784612834599e-7,1,6.374390295604826e-7,0.07231804728507996,6.066129003556853e-7,-0.9973816275596619],8,1.938187837600708],[[751.1400146484375,226.06967163085938,45.658714294433597,-0.9997209310531616,1.4084258737057099e-7,-0.023622797802090646,1.414354500184345e-7,1,-2.342627603013625e-8,0.023622797802090646,-2.6760838878203687e-8,-0.9997209310531616],5,1.9565622806549073],[[750.97705078125,226.12649536132813,45.70246887207031,-0.9999595284461975,0.001739980885758996,-0.00882804486900568,0.0017401311779394746,0.9999985098838806,-0.000009347006198368036,0.008828015066683293,-0.000024708560886210763,-0.9999610185623169],5,1.9708929061889649],[[750.878173828125,226.1034698486328,45.65188980102539,-0.9977962970733643,0.001408408978022635,-0.06633688509464264,0.0014101670822128654,0.9999989867210388,0.000020322373529779726,0.06633684784173966,-0.00007326850027311593,-0.9977973103523254],5,1.9915635585784913],[[750.7904663085938,225.9667510986328,45.61529541015625,-0.9971417188644409,0.00019710131164174527,-0.07555337995290756,0.00019799088477157056,1,-0.000004283859652787214,0.07555337250232697,-0.000019230494217481465,-0.9971417784690857],5,2.023041009902954],[[750.7791748046875,225.75914001464845,45.5903205871582,-0.9967880845069885,-0.000020024694094900043,-0.08008435368537903,-0.000025800041839829647,1,0.0000710810418240726,0.08008434623479843,0.00007291891961358488,-0.9967880845069885],5,2.041874408721924],[[750.820556640625,225.53173828125,45.56173324584961,-0.9966917037963867,-0.000022030282707419248,-0.0812753289937973,-0.000026173383957939224,1,0.000049910737288882959,0.0812753289937973,0.00005187287024455145,-0.9966917037963867],5,2.0489981174468996],[[750.834228515625,225.5084991455078,45.55347442626953,-0.9966759085655212,-0.00001756168967403937,-0.08146891742944718,-0.000020527093511191198,1,0.00003556163574103266,0.08146891742944718,0.00003711574390763417,-0.9966759085655212],12,2.0597221851348879],[[750.8675537109375,225.49484252929688,45.53329849243164,-0.9966759085655212,-0.0000022815386273578044,-0.08146882057189942,-0.000002307226395714679,1,2.2117019682355022e-7,0.08146882057189942,4.0840200199454559e-7,-0.9966759085655212],12,2.0721185207366945],[[750.8723754882813,225.49456787109376,45.53042984008789,-0.996675968170166,0.0000014352980315379683,-0.08146785944700241,0.0000017714506839183742,1,-0.0000040539207475376319,0.08146785944700241,-0.000004184761564829387,-0.996675968170166],12,2.089262008666992],[[750.8724365234375,225.49456787109376,45.530372619628909,-0.9985633492469788,6.777555654480238e-7,-0.05358442664146423,7.370479124801932e-7,1,-0.0000010867599939956563,0.05358442664146423,-0.0000011246929716435262,-0.9985633492469788],12,2.106616735458374],[[750.8724365234375,225.49456787109376,45.530372619628909,-0.9972418546676636,4.1084138757696567e-8,0.07422056049108505,5.703031646930867e-8,1,2.127292049181051e-7,-0.07422056049108505,2.1637528391238448e-7,-0.9972418546676636],12,2.121439218521118],[[750.8724365234375,225.49456787109376,45.530372619628909,-0.9335433840751648,-1.0398458272220523e-7,0.35846441984176638,-3.371055612433338e-8,1,2.0229153108175525e-7,-0.35846441984176638,1.7676389063581156e-7,-0.9335433840751648],12,2.1391441822052],[[750.8710327148438,225.70008850097657,45.40605926513672,-0.7369930744171143,-0.00005482126653078012,0.6759002804756165,0.001054264372214675,0.9999986886978149,0.0012306647840887309,-0.6758995056152344,0.0016195690259337426,-0.7369920611381531],12,2.1611015796661379],[[750.81396484375,225.8509521484375,45.1754035949707,-0.49097222089767458,-0.0006758844829164445,0.8711749911308289,0.0021902606822550298,0.9999955892562866,0.0020102031994611027,-0.8711724877357483,0.0028950541745871307,-0.49096858501434328],8,2.184540271759033],[[750.6356201171875,226.0704803466797,44.934391021728519,-0.3659493625164032,-0.000006166035745991394,0.9306347370147705,-0.00005065827281214297,1,-0.000013294500604388304,-0.9306347370147705,-0.000052009461796842518,-0.3659493625164032],8,2.1982083320617677],[[750.5191650390625,226.14871215820313,44.74637222290039,-0.40617433190345766,0.00007015915616648272,0.9137955904006958,-0.0001669950142968446,1,-0.00015100558812264353,-0.9137955904006958,-0.00021393390488810837,-0.40617433190345766],8,2.213613748550415],[[750.4359741210938,226.17161560058595,44.57978439331055,-0.5107083916664124,0.000018247652405989358,0.8597540259361267,-0.00006620787462452427,1,-0.00006055286212358624,-0.8597540259361267,-0.00008784733654465526,-0.5107083916664124],8,2.225301742553711],[[750.3258666992188,227.03451538085938,44.3477783203125,-0.6828968524932861,-0.00003542990089044906,0.7305148243904114,0.000036484379961621019,1,0.000082606085925363,-0.7305148243904114,0.00008306381641887128,-0.6828968524932861],3,2.2429087162017824],[[750.1937866210938,227.84291076660157,44.12699508666992,-0.6917284727096558,-0.00002144097197742667,0.7221576571464539,0.000045597018470289189,1,0.00007336587441386655,-0.7221576571464539,0.00008367749978788197,-0.6917284727096558],5,2.2716352939605715],[[749.9815063476563,228.77676391601563,43.880767822265628,-0.7119942903518677,0.0000026802717911778019,0.7021852731704712,0.00001777402576408349,1,0.00001420527132722782,-0.7021852731704712,0.000022594729671254755,-0.7119942903518677],5,2.280804395675659],[[749.8313598632813,229.29620361328126,43.7520751953125,-0.7652896642684937,0.000005047944341640687,0.643686056137085,0.000007203941549960291,1,7.226465754683886e-7,-0.643686056137085,0.00000519011109645362,-0.7652896642684937],5,2.291949987411499],[[749.6686401367188,229.7849884033203,43.63664245605469,-0.783911943435669,0.0000029749110126431335,0.6208720207214356,0.0000018004469666266232,1,-0.000002518263045203639,-0.6208720207214356,-8.562494144825905e-7,-0.783911943435669],5,2.30679988861084],[[749.4448852539063,230.38900756835938,43.49163818359375,-0.7838020920753479,6.158296628200333e-7,0.6210106611251831,-4.999417910767079e-7,1,-0.0000016226533716690029,-0.6210106611251831,-0.0000015823083003851935,-0.7838020920753479],5,2.323441982269287],[[749.2164306640625,230.9385223388672,43.35414123535156,-0.8091333508491516,-2.134277963250497e-7,0.5876250863075256,-5.705046532966662e-7,1,-4.223553276005987e-7,-0.5876250863075256,-6.769845981580147e-7,-0.8091333508491516],5,2.340557098388672],[[748.9825439453125,231.4335479736328,43.22604751586914,-0.8330481052398682,-2.1667597138730344e-7,0.5532006025314331,-2.442188531404099e-7,1,2.3915223579251689e-8,-0.5532006025314331,-1.1517948195205463e-7,-0.8330481052398682],5,2.356703996658325],[[748.7435302734375,231.8740692138672,43.10786056518555,-0.8527745008468628,-7.05604890072209e-8,0.5222793221473694,-2.9739940288209256e-8,1,8.65418599005352e-8,-0.5222793221473694,5.826813165299427e-8,-0.8527745008468628],5,2.3720996379852297],[[748.5001831054688,232.2600860595703,42.99870300292969,-0.8652898669242859,3.775997825528066e-8,0.5012718439102173,7.872263552144432e-8,1,6.056178847302363e-8,-0.5012718439102173,9.18649405434735e-8,-0.8652898669242859],5,2.3894033432006838],[[748.254150390625,232.5915985107422,42.89596939086914,-0.8704957962036133,9.355665753219e-8,0.4921759068965912,1.1661035159704625e-7,1,1.6157159166141356e-8,-0.4921759068965912,7.145754210569067e-8,-0.8704957962036133],5,2.405256509780884],[[748.0067749023438,232.86862182617188,42.79633331298828,-0.8747605681419373,1.3464078563174554e-7,0.4845553934574127,1.3584629243723612e-7,1,-3.2623312051782707e-8,-0.4845553934574127,3.728746378328651e-8,-0.8747605681419373],5,2.421257972717285],[[747.758544921875,233.0911407470703,42.69893264770508,-0.8797911405563355,1.404456781983754e-7,0.4753604531288147,1.2431696916337388e-7,1,-6.536662766620793e-8,-0.4753604531288147,1.5863942381955099e-9,-0.8797911405563355],5,2.4372317790985109],[[747.5093383789063,233.2591552734375,42.60408020019531,-0.8911513090133667,1.0930973814993195e-7,0.45370617508888247,8.170160725740061e-8,1,-8.045127941613828e-8,-0.45370617508888247,-3.4625745826133428e-8,-0.8911513090133667],5,2.4541471004486086],[[747.2581176757813,233.3726806640625,42.514835357666019,-0.9004650712013245,7.56917160060766e-8,0.43492835760116579,3.92937238302693e-8,1,-9.267984779626204e-8,-0.43492835760116579,-6.636500415879709e-8,-0.9004650712013245],5,2.4710516929626467],[[747.0682983398438,233.42205810546876,42.4517822265625,-0.9247411489486694,4.5513850466250008e-8,0.3805966377258301,7.697032344822219e-9,1,-1.0088393764817738e-7,-0.3805966377258301,-9.036206449763995e-8,-0.9247411489486694],5,2.4875361919403078],[[746.7493286132813,233.43621826171876,42.35527038574219,-0.9114978313446045,4.1427887786937848e-9,0.41130486130714419,-4.523888463836556e-8,1,-1.1032676638933481e-7,-0.41130486130714419,-1.1916957731727962e-7,-0.9114978313446045],5,2.5042800903320314],[[746.4343872070313,233.365234375,42.29670715332031,-0.934017539024353,-4.7358867050206757e-8,0.357227087020874,-9.609647833030977e-8,1,-1.1868343108289992e-7,-0.357227087020874,-1.4518067814606184e-7,-0.934017539024353],5,2.5260519981384279],[[746.249267578125,233.28176879882813,42.291107177734378,-0.965541422367096,-7.179182404115636e-8,0.26024940609931948,-1.0138181494312448e-7,1,-1.0027501673448569e-7,-0.26024940609931948,-1.2320424502831885e-7,-0.965541422367096],5,2.5487253665924074],[[746.0081787109375,233.12278747558595,42.31792449951172,-0.9684282541275024,-7.50527817672264e-8,0.24929246306419373,-9.295821712385077e-8,1,-6.005228669891949e-8,-0.24929246306419373,-8.133011419886316e-8,-0.9684282541275024],5,2.5634963512420656],[[745.7747802734375,232.90931701660157,42.383705139160159,-0.9769801497459412,-7.865138940132965e-8,0.21333011984825135,-8.509293536462792e-8,1,-2.1013088158383654e-8,-0.21333011984825135,-3.868225562086991e-8,-0.9769801497459412],5,2.5714900493621828],[[745.55078125,232.64134216308595,42.48806381225586,-0.9841599464416504,-7.959899761544875e-8,0.17728273570537568,-7.776130672709769e-8,1,1.731376642055693e-8,-0.17728273570537568,3.2537796901266349e-9,-0.9841599464416504],5,2.589711904525757],[[745.390380859375,232.4045867919922,42.591243743896487,-0.9933047890663147,-7.788698042077158e-8,0.1155233308672905,-7.306863381018047e-8,1,4.594363645082922e-8,-0.1155233308672905,3.7194897828385368e-8,-0.9933047890663147],5,2.6035563945770265],[[745.1590576171875,231.94187927246095,42.7939567565918,-0.9991885423660278,-7.543138025312146e-8,0.04027659818530083,-7.198890017434678e-8,1,8.692123287801224e-8,-0.04027659818530083,8.395123529680859e-8,-0.9991885423660278],5,2.622713327407837],[[745.0128173828125,231.51039123535157,42.97842788696289,-0.9997009634971619,-7.156876336011919e-8,-0.024452555924654008,-7.447125227599827e-8,1,1.1778817565755162e-7,0.024452