[[[776,222.69961547851563,47,1,0,0,0,1,0,0,0,1],8,0.009799480438232422],[[776,222.69961547851563,47,1,0,0,0,1,0,0,0,1],8,0.019072294235229493],[[776,222.69961547851563,47,1,0,0,0,1,0,0,0,1],8,0.0325314998626709],[[776,222.69961547851563,47,1,0,0,0,1,0,0,0,1],8,0.060244083404541019],[[776,222.69961547851563,47,1,0,0,0,1,0,0,0,1],8,0.07082772254943848],[[776,222.69961547851563,47,1,0,0,0,1,0,0,0,1],8,0.08254528045654297],[[776,222.69961547851563,47,1,0,0,0,1,0,0,0,1],8,0.09378933906555176],[[776,222.69961547851563,47,1,0,0,0,1,0,0,0,1],8,0.10903072357177735],[[776,222.69961547851563,47,1,0,0,0,1,0,0,0,1],8,0.11842632293701172],[[776,222.69961547851563,47,1,0,0,0,1,0,0,0,1],8,0.13251280784606934],[[776,222.69961547851563,47,1,0,0,0,1,0,0,0,1],8,0.14509987831115724],[[776,222.69961547851563,47,1,0,0,0,1,0,0,0,1],8,0.15778040885925294],[[776,222.69961547851563,47,1,0,0,0,1,0,0,0,1],8,0.1695706844329834],[[776,222.69961547851563,47,1,0,0,0,1,0,0,0,1],8,0.1876540184020996],[[776,222.69961547851563,47,1,0,0,0,1,0,0,0,1],8,0.19692111015319825],[[776,222.69961547851563,47,1,0,0,0,1,0,0,0,1],8,0.21063828468322755],[[776,222.69961547851563,47,1,0,0,0,1,0,0,0,1],8,0.23950839042663575],[[775.6417846679688,222.69961547851563,47.00232696533203,0.9565028548240662,0,0.2917230725288391,0,1,0,-0.2917230725288391,0,0.9565028548240662],8,0.2586953639984131],[[775.3753051757813,222.69961547851563,47.00286865234375,0.8883744478225708,0,0.45911967754364016,0,1,0,-0.45911967754364016,0,0.8883744478225708],8,0.28387999534606936],[[774.9754028320313,222.69961547851563,47.00337600708008,0.7613672018051148,0,0.6483208537101746,0,1,0,-0.6483208537101746,0,0.7613672018051148],8,0.2960994243621826],[[774.7088012695313,222.69961547851563,47.00371170043945,0.6744106411933899,0,0.7383564710617065,0,1,0,-0.7383564710617065,0,0.6744106411933899],8,0.31097912788391116],[[774.5088500976563,222.69961547851563,47.003963470458987,0.6134006977081299,0,0.7897718548774719,0,1,0,-0.7897718548774719,0,0.6134006977081299],8,0.32434916496276858],[[774.3088989257813,222.69961547851563,47.004215240478519,0.5564598441123962,0,0.830874502658844,0,1,0,-0.830874502658844,0,0.5564598441123962],8,0.33600926399230959],[[774.1755981445313,222.69961547851563,47.0043830871582,0.5208806395530701,0,0.8536295294761658,0,1,0,-0.8536295294761658,0,0.5208806395530701],8,0.3473372459411621],[[773.9756469726563,222.69961547851563,47.004634857177737,0.4708450734615326,0,0.8822159171104431,0,1,0,-0.8822159171104431,0,0.4708450734615326],8,0.3603389263153076],[[773.7756958007813,222.69961547851563,47.004886627197269,0.424513578414917,0,0.9054215550422669,0,1,0,-0.9054215550422669,0,0.424513578414917],8,0.37157320976257326],[[773.6423950195313,222.69961547851563,47.00505447387695,0.39594152569770815,0,0.9182757139205933,0,1,0,-0.9182757139205933,0,0.39594152569770815],8,0.38094019889831545],[[773.4424438476563,222.69961547851563,47.005306243896487,0.35626500844955447,0,0.9343849420547485,0,1,0,-0.9343849420547485,0,0.35626500844955447],8,0.39482927322387698],[[773.2424926757813,222.69961547851563,47.005558013916019,0.3200048804283142,0,0.9474158883094788,0,1,0,-0.9474158883094788,0,0.3200048804283142],8,0.4126906394958496],[[772.9092407226563,222.69961547851563,47.005977630615237,0.265890508890152,0,0.9640032052993774,0,1,0,-0.9640032052993774,0,0.265890508890152],8,0.4253079891204834],[[772.7092895507813,222.69961547851563,47.006229400634769,0.23757091164588929,0,0.9713702201843262,0,1,0,-0.9713702201843262,0,0.23757091164588929],8,0.43920421600341799],[[772.5759887695313,222.69961547851563,47.00639724731445,0.2207004576921463,0,0.9753416180610657,0,1,0,-0.9753416180610657,0,0.2207004576921463],8,0.4481062889099121],[[772.3093872070313,222.69961547851563,47.00673294067383,0.19025155901908875,0,0.981735348701477,0,1,0,-0.981735348701477,0,0.19025155901908875],8,0.46147727966308596],[[771.9094848632813,222.69961547851563,47.00723648071289,0.15077054500579835,0,0.9885687828063965,0,1,0,-0.9885687828063965,0,0.15077054500579835],8,0.48531103134155276],[[771.7095336914063,222.69961547851563,47.00748825073242,0.13414107263088227,0,0.9909622669219971,0,1,0,-0.9909622669219971,0,0.13414107263088227],8,0.4976773262023926],[[771.5762329101563,222.69961547851563,47.00765609741211,0.12440494447946549,0,0.992231547832489,0,1,0,-0.992231547832489,0,0.12440494447946549],8,0.5076448917388916],[[771.3096313476563,222.69961547851563,47.007991790771487,0.10697788745164871,0,0.9942613840103149,0,1,0,-0.9942613840103149,0,0.10697788745164871],8,0.5231437683105469],[[771.1763305664063,222.69961547851563,47.00815963745117,0.09918898344039917,0,0.9950686097145081,0,1,0,-0.9950686097145081,0,0.09918898344039917],8,0.5317809581756592],[[770.9763793945313,222.69961547851563,47.0084114074707,0.0886373296380043,0,0.9960639476776123,0,1,0,-0.9960639476776123,0,0.0886373296380043],8,0.5470871925354004],[[770.7097778320313,222.69961547851563,47.00874710083008,0.07612881064414978,0,0.9970979690551758,0,1,0,-0.9970979690551758,0,0.07612881064414978],8,0.5608172416687012],[[770.4431762695313,223.56251525878907,47.00908279418945,0.06396187841892243,0,0.9979523420333862,0,1,0,-0.9979523420333862,0,0.06396187841892243],3,0.5802156925201416],[[770.1765747070313,224.37091064453126,47.01061248779297,0.05371861904859543,0,0.9985561370849609,0,1,0,-0.9985561370849609,0,0.05371861904859543],5,0.6075572967529297],[[769.8433227539063,225.3047637939453,47.014312744140628,0.04249927029013634,0,0.9990965127944946,0,1,0,-0.9990965127944946,0,0.04249927029013634],5,0.6162395477294922],[[769.7100219726563,225.6544647216797,47.016910552978519,0.038150854408741,0,0.9992719888687134,0,1,0,-0.9992719888687134,0,0.038150854408741],5,0.6256418228149414],[[769.5100708007813,226.15347290039063,47.02214813232422,0.03161323443055153,0,0.9995001554489136,0,1,0,-0.9995001554489136,0,0.03161323443055153],5,0.6386017799377441],[[769.3101196289063,226.62181091308595,47.02875900268555,0.02503257244825363,0,0.9996866583824158,0,1,0,-0.9996866583824158,0,0.02503257244825363],5,0.649221658706665],[[769.1768188476563,226.91700744628907,47.03368377685547,0.02074558287858963,0,0.9997847676277161,0,1,0,-0.9997847676277161,0,0.02074558287858963],5,0.6575150489807129],[[768.9104614257813,227.46652221679688,47.04377746582031,0.012706942856311798,0,0.9999192357063294,0,1,0,-0.9999192357063294,0,0.012706942856311798],5,0.6732871532440186],[[768.7772827148438,227.72084045410157,47.049354553222659,0.0088781313970685,0,0.9999606013298035,0,1,0,-0.9999606013298035,0,0.0088781313970685],5,0.6837131977081299],[[768.5775146484375,228.0767822265625,47.05824661254883,0.0033791004680097105,0,0.9999942779541016,0,1,0,-0.9999942779541016,0,0.0033791004680097105],5,0.6955602169036865],[[768.4443359375,228.2970428466797,47.0645751953125,-0.00015402999997604638,0,1,0,1,0,-1,0,-0.00015402999997604638],5,0.7070457935333252],[[768.177978515625,228.69668579101563,47.0782585144043,-0.007090768776834011,0,0.9999748468399048,0,1,0,-0.9999748468399048,0,-0.007090768776834011],5,0.720999002456665],[[767.9783325195313,228.9606475830078,47.08976364135742,-0.01227123849093914,0,0.9999247193336487,0,1,0,-0.9999247193336487,0,-0.01227123849093914],5,0.7358834743499756],[[767.7787475585938,229.1939697265625,47.10293960571289,-0.01767195574939251,0,0.9998438358306885,0,1,0,-0.9998438358306885,0,-0.01767195574939251],5,0.7568502426147461],[[767.5736083984375,229.38487243652345,47.117958068847659,-0.023554233834147455,0.033159032464027408,0.9991725087165833,0.0002632270334288478,0.9994499683380127,-0.033162035048007968,-0.9997225403785706,-0.0005180970765650272,-0.0235500056296587],12,0.7646064758300781],[[767.4884643554688,229.5192413330078,47.12495422363281,-0.027817128226161004,0.04666417837142944,0.9985232353210449,0.0004963917890563607,0.9989103078842163,-0.046668440103530887,-0.9996129274368286,-0.0008025231072679162,-0.027809979394078256],12,0.7760186195373535],[[767.4366455078125,229.6124267578125,47.1287727355957,-0.02852233126759529,0.028876539319753648,0.9991759657859802,0.00031990252318792045,0.999582827091217,-0.028879165649414064,-0.9995930790901184,-0.000504062045365572,-0.02851967141032219],12,0.7852246761322022],[[767.4328002929688,229.7347869873047,47.13150405883789,-0.03490491211414337,0.03748472407460213,0.9986873865127564,0.0012467209016904235,0.9992972016334534,-0.03746403753757477,-0.9993898868560791,-0.00006259459041757509,-0.034927114844322208],12,0.7964496612548828],[[767.4351196289063,229.82577514648438,47.13188934326172,-0.03703855723142624,0.029624687507748605,0.9988746047019959,0.0011475251521915198,0.999561071395874,-0.029602495953440667,-0.9993131756782532,0.00004980012818123214,-0.037056297063827518],12,0.8075382709503174],[[767.434814453125,229.96542358398438,47.13192367553711,-0.037936337292194369,0.010102284140884877,0.9992290735244751,0.00045282725477591157,0.9999489784240723,-0.010092370212078095,-0.9992800354957581,0.00006961063627386466,-0.037938978523015979],12,0.8171765804290772],[[767.436279296875,230.10536193847657,47.131919860839847,-0.03811705484986305,-0.000161800067871809,0.9992732405662537,0.00002520053203625139,1,0.00016287900507450104,-0.9992733001708984,0.0000313906857627444,-0.038117051124572757],12,0.8281259536743164],[[767.4371337890625,230.1986846923828,47.13192367553711,-0.03814652934670448,-0.002006554277613759,0.9992701411247253,-0.00006581922207260504,0.9999979734420776,0.002005503047257662,-0.9992721676826477,0.000010731801012298093,-0.03814658522605896],12,0.8394160270690918],[[767.4376831054688,230.3386688232422,47.131927490234378,-0.038158781826496127,-0.0015430111670866609,0.999270498752594,-0.00006164822116261348,0.9999988079071045,0.0015417815884575248,-0.9992716908454895,-0.000002770741730273585,-0.038158830255270007],12,0.851262092590332],[[767.437744140625,230.43199157714845,47.131927490234378,-0.03816082328557968,-0.0007845208165235817,0.9992712736129761,-0.00003401959838811308,0.9999997019767761,0.000783793511800468,-0.9992716312408447,-0.000004084601187059889,-0.038160838186740878],12,0.8597490787506104],[[767.4376831054688,230.61863708496095,47.131927490234378,-0.03816176578402519,0.00003752017437363975,0.9992715716362,-1.0796076566066404e-7,1,-0.0000375516465282999,-0.9992715716362,-0.0000015409192428705865,-0.03816176578402519],12,0.8739197254180908],[[767.4376831054688,230.7119598388672,47.131927490234378,-0.03816184774041176,0.00011675271525746211,0.9992715716362,0.0000039881097109173428,1,-0.00011668552178889513,-0.9992715716362,-4.6773035933256326e-7,-0.03816184774041176],12,0.8819663524627686],[[767.4376220703125,230.80528259277345,47.131927490234378,-0.038161877542734149,0.0001004935402306728,0.9992715716362,0.000003905222911271267,1,-0.00010041765199275687,-0.9992715716362,7.025207082733687e-8,-0.038161877542734149],12,0.8940536975860596],[[767.4540405273438,230.98587036132813,47.131378173828128,-0.040444206446409228,0.010691442526876927,0.9991245865821838,0.000410689041018486,0.9999428391456604,-0.010683574713766575,-0.9991816878318787,-0.000021759187802672387,-0.04044628515839577],12,0.9090158939361572],[[767.4696044921875,231.1194305419922,47.1307373046875,-0.043291158974170688,0.017852306365966798,0.9989029765129089,0.0006961156614124775,0.9998406171798706,-0.017838895320892335,-0.9990622401237488,-0.00007691443897783756,-0.0432966873049736],12,0.9193329811096191],[[767.4819946289063,231.20794677734376,47.13018798828125,-0.04548795148730278,0.020756278187036516,0.9987492561340332,0.0008152032387442887,0.999784529209137,-0.02074066549539566,-0.9989645481109619,-0.00012926675844937563,-0.04549507051706314],12,0.9306375980377197],[[767.503662109375,231.34072875976563,47.12916564941406,-0.04888865724205971,0.022143350914120675,0.998558759689331,0.0008771613356657326,0.999754786491394,-0.022126927971839906,-0.9988038539886475,-0.00020585862512234598,-0.04889608919620514],12,0.9419329166412354],[[767.5192260742188,231.4296417236328,47.12840270996094,-0.0510629341006279,0.021427135914564134,0.9984655380249023,0.0008502894197590649,0.9997704029083252,-0.021411651745438577,-0.9986950755119324,-0.00024435707018710673,-0.05106942728161812],12,0.9529039859771729],[[767.5438842773438,231.56320190429688,47.12714385986328,-0.05421600490808487,0.019825659692287446,0.9983323812484741,0.0007849735557101667,0.9998034238815308,-0.019812243059277536,-0.9985288977622986,-0.0002904761058744043,-0.054220907390117648],12,0.9641804695129395],[[767.5932006835938,231.8313751220703,47.12444305419922,-0.060033489018678668,0.01714947447180748,0.9980490207672119,0.0006810138584114611,0.9998528957366943,-0.017139507457613946,-0.9981961250305176,-0.00034925920772366226,-0.06003633514046669],12,0.9874968528747559],[[767.6087036132813,231.9209747314453,47.123538970947269,-0.061892375349998477,0.016711117699742318,0.9979429244995117,0.000666839478071779,0.9998602867126465,-0.016701867803931237,-0.9980825781822205,-0.0003682505339384079,-0.061894871294498447],12,0.9959750175476074],[[767.6243286132813,232.0103759765625,47.12260437011719,-0.06381287425756455,0.016823500394821168,0.9978200793266296,0.0006761447293683887,0.9998583793640137,-0.01681462675333023,-0.9979616403579712,-0.0003983188362326473,-0.06381521373987198],12,1.004737377166748],[[767.6397094726563,232.09974670410157,47.121646881103519,-0.06576007604598999,0.017085984349250795,0.9976891875267029,0.0006937092985026538,0.9998539090156555,-0.017077332362532617,-0.9978352189064026,-0.00043090045801363885,-0.06576231867074967],12,1.0162854194641114],[[767.662353515625,232.23387145996095,47.12018585205078,-0.06870240718126297,0.017369378358125688,0.9974859952926636,0.000715539266820997,0.9998490214347839,-0.017361242324113847,-0.9976369142532349,-0.0004790187522303313,-0.06870446354150772],12,1.0274901390075684],[[767.6928100585938,232.41244506835938,47.11808776855469,-0.07277015596628189,0.01785856857895851,0.9971888661384583,0.0007427482050843537,0.9998403787612915,-0.017851851880550386,-0.9973484873771668,-0.0005584218306466937,-0.07277180254459381],12,1.0423541069030762],[[767.7161254882813,232.54632568359376,47.11640167236328,-0.07588115334510803,0.01798589900135994,0.996954619884491,0.0007561717065982521,0.9998380541801453,-0.017980363219976426,-0.9971165657043457,-0.0006105017964728177,-0.07588246464729309],12,1.0551857948303223],[[767.7313232421875,232.63577270507813,47.115264892578128,-0.07792394608259201,0.017761358991265298,0.9968010783195496,0.0007511749863624573,0.9998420476913452,-0.01775682158768177,-0.9969590306282044,-0.0006349095492623746,-0.07792498171329498],12,1.065516471862793],[[767.7622680664063,232.8143310546875,47.11288070678711,-0.08213283866643906,0.01782163791358471,0.9964620471000671,0.000774217362049967,0.9998409152030945,-0.017818255349993707,-0.9966210722923279,-0.0006919857114553452,-0.08213357627391815],12,1.078132152557373],[[767.777587890625,232.90374755859376,47.11165237426758,-0.08422059565782547,0.017663802951574327,0.9962905645370483,0.0007764921756461263,0.9998437166213989,-0.017661157995462419,-0.9964468479156494,-0.0007138215587474406,-0.08422115445137024],12,1.0902881622314454],[[767.8007202148438,233.0377197265625,47.109771728515628,-0.08741635829210282,0.01769847981631756,0.9960146546363831,0.000796849257312715,0.9998430609703064,-0.017696572467684747,-0.9961715340614319,-0.0007532964227721095,-0.08741674572229386],12,1.0995306968688965],[[767.816162109375,233.1270294189453,47.10847854614258,-0.08957547694444657,0.01777917705476284,0.9958213567733765,0.0008122377912513912,0.9998416304588318,-0.01777789369225502,-0.9959797263145447,-0.0007836195291019976,-0.08957573026418686],12,1.110769271850586],[[767.8389892578125,233.2611541748047,47.10648727416992,-0.09279599040746689,0.01762925647199154,0.995529055595398,0.0008111121132969856,0.9998442530632019,-0.017630066722631456,-0.995684802532196,-0.0008285138756036758,-0.09279584139585495],12,1.1237332820892335],[[767.869140625,233.43994140625,47.10380172729492,-0.09716302156448364,0.017628323286771776,0.9951123595237732,0.0008347902330569923,0.9998441934585571,-0.01763063855469227,-0.9952681064605713,-0.0008823359967209399,-0.09716260433197022],12,1.138035774230957],[[767.8843383789063,233.529296875,47.10240936279297,-0.09939058870077133,0.01771601289510727,0.9948907494544983,0.0008523646392859519,0.999842643737793,-0.01771903969347477,-0.9950481057167053,-0.0009130961261689663,-0.09939005225896836],12,1.1478042602539063],[[767.9146728515625,233.7079620361328,47.0994873046875,-0.10390931367874146,0.017810221761465074,0.9944273233413696,0.0008655807469040155,0.9998409152030945,-0.017816733568906785,-0.9945864081382752,-0.000990567496046424,-0.10390820354223252],12,1.16280198097229],[[767.94482421875,233.8866729736328,47.096492767333987,-0.10848832130432129,0.01778697781264782,0.9939385652542114,0.0008916659280657768,0.9998412728309631,-0.01779528334736824,-0.9940973520278931,-0.0010443192441016436,-0.10848695784807205],12,1.1781117916107178],[[767.967529296875,234.02066040039063,47.09413528442383,-0.1119891032576561,0.017836634069681169,0.9935493469238281,0.0009081232128664851,0.9998403191566467,-0.01784721203148365,-0.9937090277671814,-0.0010964281391352416,-0.11198741942644119],12,1.192805290222168],[[767.990234375,234.1547088623047,47.09172058105469,-0.11551810801029206,0.017784560099244119,0.9931461215019226,0.0009186243987642229,0.9998412132263184,-0.017797598615288736,-0.993304967880249,-0.0011436166241765023,-0.11551609635353089],12,1.2061851024627686],[[768.0205078125,234.3334197998047,47.08837890625,-0.12030027061700821,0.0177376177161932,0.9925791025161743,0.0009390725172124803,0.9998419284820557,-0.017753591760993005,-0.9927371144294739,-0.0012036582920700312,-0.12029791623353958],12,1.2217304706573487],[[768.0355834960938,234.4227752685547,47.086669921875,-0.12272407114505768,0.017734430730342866,0.9922823905944824,0.0009495283593423665,0.9998419880867004,-0.01775210164487362,-0.992440402507782,-0.0012364099966362119,-0.12272151559591294],12,1.230975866317749],[[768.0657958984375,234.60147094726563,47.08310317993164,-0.1276451051235199,0.017766715958714486,0.9916607737541199,0.0009621760109439492,0.9998412728309631,-0.017789430916309358,-0.991819441318512,-0.0013165815034881235,-0.1276419460773468],12,1.2482259273529053],[[768.0883178710938,234.73553466796876,47.080345153808597,-0.13138146698474885,0.017703289166092874,0.9911738038063049,0.0009704764815978706,0.9998423457145691,-0.01772947981953621,-0.9913313984870911,-0.0013674142537638546,-0.1313779354095459],12,1.2603063583374024],[[768.1180419921875,234.91429138183595,47.076568603515628,-0.1364433616399765,0.017687451094388963,0.9904899597167969,0.0009844069136306644,0.9998425245285034,-0.017718857154250146,-0.9906473755836487,-0.001442575128749013,-0.1364392787218094],12,1.2749402523040772],[[768.140625,235.04827880859376,47.07359313964844,-0.14033283293247224,0.017781265079975129,0.9899446964263916,0.0009995693108066917,0.9998407363891602,-0.017817318439483644,-0.9901039004325867,-0.0015108364168554545,-0.14032825827598573],12,1.28806471824646],[[768.162841796875,235.1824188232422,47.07057571411133,-0.14422987401485444,0.017627716064453126,0.9893872141838074,0.0010043825022876263,0.999843418598175,-0.01766759715974331,-0.9895436763763428,-0.0015544719062745572,-0.14422498643398286],12,1.3006556034088135],[[768.1778564453125,235.27171325683595,47.0684814453125,-0.1469065546989441,0.01773626171052456,0.9889913201332092,0.001017591217532754,0.9998413920402527,-0.01777968741953373,-0.9891498684883118,-0.0016055636806413532,-0.14690130949020387],12,1.310939073562622],[[768.2150268554688,235.4951171875,47.06309127807617,-0.15365712344646455,0.017724568024277688,0.9879652261734009,0.0010314490646123887,0.9998414516448975,-0.01777721382677555,-0.9881237149238586,-0.001712559605948627,-0.15365104377269746],12,1.3311269283294678],[[768.2373046875,235.62911987304688,47.05970001220703,-0.15779875218868257,0.01773267239332199,0.9873120784759522,0.0010383827611804009,0.9998411536216736,-0.017791740596294404,-0.9874707460403442,-0.0017823067028075457,-0.1577921062707901],12,1.341522216796875],[[768.2594604492188,235.76321411132813,47.056251525878909,-0.16197900474071504,0.017625393345952035,0.986636757850647,0.0010523585369810463,0.9998430013656616,-0.01768854260444641,-0.9867936372756958,-0.001826876774430275,-0.16197212040424348],12,1.354703664779663],[[768.2816162109375,235.89724731445313,47.05270767211914,-0.1662418693304062,0.017625901848077775,0.9859274625778198,0.0010686555178835989,0.9998428821563721,-0.01769448257982731,-0.9860844016075134,-0.0018879472045227886,-0.1662345826625824],12,1.3665111064910889],[[768.303466796875,236.03140258789063,47.04912185668945,-0.17053382098674775,0.017523514106869699,0.9851959943771362,0.0010764511534944177,0.9998445510864258,-0.017597736790776254,-0.9853512644767761,-0.001940493704751134,-0.1705261766910553],12,1.384293556213379],[[768.33251953125,236.2101593017578,47.04413986206055,-0.1764117330312729,0.017582658678293229,0.9841594099998474,0.001085765426978469,0.9998432993888855,-0.017668236047029496,-0.9843158721923828,-0.0020483180414885284,-0.1764031946659088],12,1.3952438831329346],[[768.3546142578125,236.34413146972657,47.04022979736328,-0.18095152080059052,0.017716672271490098,0.9833324551582336,0.001106156618334353,0.9998407959938049,-0.017810547724366189,-0.9834914207458496,-0.0021351261530071499,-0.18094229698181153],12,1.4082179069519044],[[768.3765258789063,236.47813415527345,47.03620910644531,-0.1855483204126358,0.01772092655301094,0.9824753403663635,0.0011201819870620967,0.9998405575752258,-0.017822587862610818,-0.9826344847679138,-0.0022064002696424724,-0.18553858995437623],12,1.4211883544921876],[[768.3982543945313,236.61227416992188,47.032135009765628,-0.19016873836517335,0.017539961263537408,0.9815947413444519,0.0011306277010589839,0.9998436570167542,-0.01764700561761856,-0.9817507863044739,-0.0022460906766355039,-0.19015882909297944],12,1.4331340789794922],[[768.419921875,236.74635314941407,47.02798080444336,-0.19488951563835145,0.01751888543367386,0.9806687235832214,0.0011531534837558866,0.9998438954353333,-0.017632268369197847,-0.9808245301246643,-0.0023054825142025949,-0.19487927854061128],12,1.4466853141784669],[[768.4484252929688,236.9251708984375,47.022300720214847,-0.20128360390663148,0.01745442859828472,0.9793775081634522,0.0011694938875734807,0.9998447895050049,-0.017578840255737306,-0.9795323014259338,-0.0023929562885314228,-0.20127277076244355],12,1.4632682800292969],[[768.4699096679688,237.0592498779297,47.017913818359378,-0.20620061457157136,0.017495812848210336,0.9783533215522766,0.0011914310744032264,0.9998438954353333,-0.017629018053412439,-0.9785090088844299,-0.0024694737512618305,-0.20618927478790284],12,1.4741935729980469],[[768.49853515625,237.23793029785157,47.01185607910156,-0.21293602883815766,0.017612745985388757,0.9769073724746704,0.0012266978155821562,0.999841570854187,-0.017758844420313836,-0.97706538438797,-0.0025831277016550304,-0.21292388439178468],12,1.4937455654144288],[[768.5203247070313,237.37184143066407,47.00709533691406,-0.21813175082206727,0.017725728452205659,0.9757583141326904,0.0012572954874485732,0.9998393058776856,-0.01788211613893509,-0.9759185314178467,-0.0026738408487290146,-0.21811898052692414],12,1.5051820278167725],[[768.5416870117188,237.5059814453125,47.00230026245117,-0.22331129014492036,0.01748601160943508,0.9745903015136719,0.0012584481155499817,0.999843418598175,-0.017650747671723367,-0.9747463464736939,-0.0027151398826390507,-0.2232983410358429],12,1.5186138153076172],[[768.56982421875,237.68484497070313,46.995853424072269,-0.2303435057401657,0.017312834039330484,0.9729553461074829,0.0012838739203289152,0.9998462796211243,-0.017487378790974618,-0.9731085300445557,-0.002778952242806554,-0.23033031821250916],12,1.531890869140625],[[768.583740234375,237.77426147460938,46.9925651550293,-0.23393648862838746,0.017338557168841363,0.9720972776412964,0.001302068936638534,0.9998456835746765,-0.01752014085650444,-0.9722509980201721,-0.0028328625485301019,-0.23392295837402345],12,1.5446979999542237],[[768.6044311523438,237.9084014892578,46.98762130737305,-0.2393907755613327,0.017333446070551873,0.9707685708999634,0.0013400512980297208,0.999845564365387,-0.017522171139717103,-0.9709223508834839,-0.0028937666211277248,-0.23937703669071198],12,1.5570998191833497],[[768.6249389648438,238.04251098632813,46.98257064819336,-0.24496906995773316,0.01740117557346821,0.9693747162818909,0.0013693236978724599,0.9998441338539124,-0.017602089792490007,-0.969529926776886,-0.00298457988537848,-0.24495472013950349],12,1.5676813125610352],[[768.6522216796875,238.2213134765625,46.9757194519043,-0.2525865435600281,0.017484651878476144,0.9674162864685059,0.0014279118040576578,0.9998423457145691,-0.017697887495160104,-0.9675732254981995,-0.003088862868025899,-0.252571702003479],12,1.582184076309204],[[768.6658325195313,238.31069946289063,46.97222137451172,-0.25647464394569399,0.017514687031507493,0.9663922786712647,0.0014564665034413338,0.9998416900634766,-0.017734378576278688,-0.9665498733520508,-0.003140900516882539,-0.2564595341682434],12,1.5947349071502686],[[768.6862182617188,238.44479370117188,46.966880798339847,-0.262386679649353,0.017510604113340379,0.96480393409729,0.0014873410109430552,0.9998415112495422,-0.01774202100932598,-0.9649616479873657,-0.0032202776055783035,-0.26237115263938906],12,1.6080164909362794],[[768.713134765625,238.62362670898438,46.959632873535159,-0.27041324973106387,0.017472043633461,0.9625858068466187,0.0015231063589453698,0.9998418092727661,-0.017720406875014306,-0.9627431631088257,-0.0033257119357585909,-0.2703970670700073],12,1.6214087009429932],[[768.7329711914063,238.75778198242188,46.954139709472659,-0.2765340805053711,0.017430379986763,0.9608460068702698,0.0015544459456577898,0.9998422861099243,-0.017690425738692285,-0.9610028266906738,-0.0033984219189733268,-0.2765175700187683],12,1.6316304206848145],[[768.7529296875,238.89190673828126,46.94850158691406,-0.2827950716018677,0.017474699765443803,0.9590211510658264,0.0015905279433354736,0.9998412132263184,-0.01774948462843895,-0.9591790437698364,-0.0034941164776682855,-0.28277793526649477],12,1.6460676193237305],[[768.7792358398438,239.0707550048828,46.94081497192383,-0.29130733013153078,0.017462389543652536,0.9564701318740845,0.0016301515279337764,0.9998409748077393,-0.017757730558514596,-0.956628143787384,-0.0036137655843049289,-0.29128947854042055],12,1.6610560417175294],[[768.798828125,239.20486450195313,46.9349365234375,-0.29782819747924807,0.017465243116021158,0.9544597268104553,0.0016627192962914706,0.9998406171798706,-0.017776815220713617,-0.9546180367469788,-0.0037074382416903974,-0.29780974984169009],12,1.6752400398254395],[[768.81005859375,239.34188842773438,46.93143844604492,-0.3020703196525574,0.012254726141691208,0.9532068967819214,0.0011733301216736436,0.9999213814735413,-0.012483474798500538,-0.9532849192619324,-0.002652460942044854,-0.30206096172332766],12,1.6889526844024659],[[768.8134765625,239.48097229003907,46.93037796020508,-0.3039286434650421,0.005318964831531048,0.9526799321174622,0.000455093861091882,0.9999850988388062,-0.005437890533357859,-0.9526947140693665,-0.0012191719142720104,-0.303926557302475],12,1.6993565559387208],[[768.8157958984375,239.620361328125,46.9296989440918,-0.3052412271499634,0.002135510789230466,0.9522726535797119,0.000134833506308496,0.9999975562095642,-0.0021993163973093035,-0.9522750377655029,-0.0005429238080978394,-0.30524078011512759],12,1.711665153503418],[[768.8167114257813,239.76016235351563,46.929447174072269,-0.3058052062988281,0.0005814817850477994,0.9520938992500305,0.00002009495801758021,0.9999998211860657,-0.000604285451117903,-0.9520940780639648,-0.00016566134581808,-0.30580514669418337],12,1.726726770401001],[[768.8169555664063,239.94679260253907,46.92936706542969,-0.3059898316860199,-0.00009770429460331798,0.9520347714424133,-0.000010935878890450113,1,0.0000991119522950612,-0.9520347714424133,0.00001991591307159979,-0.3059898316860199],12,1.741542100906372],[[768.8170166015625,240.13343811035157,46.92935562133789,-0.30601173639297488,-0.00009208128176396713,0.9520277380943298,-0.000005120516107126605,1,0.00009507531649433076,-0.9520277380943298,0.000024219289116444999,-0.30601173639297488],12,1.757309913635254],[[768.8170166015625,240.2267608642578,46.929351806640628,-0.3060136139392853,-0.00004539591827779077,0.9520271420478821,-0.0000018684062297325,1,0.000047082863602554428,-0.9520271420478821,0.000012629223419935443,-0.3060136139392853],12,1.7700016498565674],[[768.8170166015625,240.4134063720703,46.92934799194336,-0.3060165345668793,0.0000036890573937853334,0.9520261883735657,8.055997682276939e-7,1,-0.0000036160040508548265,-0.9520261883735657,-3.396049521597888e-7,-0.3060165345668793],12,1.784508466720581],[[768.8170166015625,240.5533905029297,46.92934799194336,-0.306019127368927,0.000007702441507717595,0.9520253539085388,8.484902878080902e-7,1,-0.000007817845471436158,-0.9520253539085388,-0.0000015846259202589864,-0.306019127368927],12,1.7966434955596924],[[768.8170166015625,240.7400360107422,46.92934799194336,-0.30601996183395388,0.000002327137281099567,0.9520251154899597,2.1082684042994516e-7,1,-0.0000023766390313539888,-0.9520251154899597,-5.265865183901042e-7,-0.30601996183395388],12,1.8113229274749756],[[768.8170166015625,240.83335876464845,46.92934799194336,-0.30602002143859866,5.235095272837498e-7,0.9520250558853149,2.9465734741052075e-8,1,-5.404189664659498e-7,-0.9520250558853149,-1.373269071791583e-7,-0.30602002143859866],12,1.8235077857971192],[[768.8170166015625,240.9733428955078,46.92934799194336,-0.306020051240921,-4.2302789893255979e-7,0.9520250558853149,-5.26597503380799e-8,1,4.27418314075112e-7,-0.9520250558853149,8.06651812013115e-8,-0.306020051240921],12,1.8359451293945313],[[768.8170166015625,241.1133270263672,46.92934799194336,-0.306020051240921,-3.4736345355668166e-7,0.9520250558853149,-3.5072179827011499e-8,1,3.535943449151091e-7,-0.9520250558853149,7.481736474801437e-8,-0.306020051240921],12,1.8493165969848633],[[768.8170166015625,241.2999725341797,46.92934799194336,-0.3060200810432434,-1.494432524395961e-7,0.9520250558853149,1.3009906041361319e-8,1,1.6115599521526748e-7,-0.9520250558853149,6.170272826011569e-8,-0.3060200810432434],12,1.8639705181121827],[[768.8170166015625,241.4866180419922,46.92934799194336,-0.3060200810432434,2.484849126460631e-8,0.9520250558853149,6.348032854930352e-8,1,-5.695476534839372e-9,-0.9520250558853149,5.8691931315024706e-8,-0.3060200810432434],12,1.879457950592041],[[768.8170166015625,241.62660217285157,46.92934799194336,-0.3060200810432434,7.419310321665762e-8,0.9520250558853149,5.492478294399916e-8,1,-6.027678978171025e-8,-0.9520250558853149,3.384386104698933e-8,-0.3060200810432434],12,1.8900771141052247],[[768.8170166015625,241.76658630371095,46.92934799194336,-0.3060200810432434,8.795349515366979e-8,0.9520250558853149,3.1424395530166296e-8,1,-8.228459336123706e-8,-0.9520250558853149,4.736073755395864e-9,-0.3060200810432434],12,1.9034154415130616],[[768.8170166015625,241.9065704345703,46.92934799194336,-0.3060200810432434,1.0170506925533118e-7,0.9520250558853149,7.939063628725762e-9,1,-1.0427829977288639e-7,-0.9520250558853149,-2.435306711845442e-8,-0.3060200810432434],12,1.9221916198730469],[[768.8170166015625,242.0932159423828,46.92934799194336,-0.3060200810432434,8.926559047495175e-8,0.9520250558853149,-1.4958859040348217e-8,1,-9.857230054421962e-8,-0.9520250558853149,-4.440631329316602e-8,-0.3060200810432434],12,1.9317080974578858],[[768.8170166015625,242.2332000732422,46.92934799194336,-0.3060200810432434,5.6879436272083697e-8,0.9520250558853149,-2.582713953813709e-8,1,-6.804764041135059e-8,-0.9520250558853149,-4.541202969221558e-8,-0.3060200810432434],12,1.9452261924743653],[[768.8170166015625,242.32652282714845,46.92934799194336,-0.3060200810432434,3.530019299091691e-8,0.9520250558853149,-3.306879392539486e-8,1,-4.770873118786767e-8,-0.9520250558853149,-4.608214965173829e-8,-0.3060200810432434],12,1.956106185913086],[[768.8170166015625,242.51316833496095,46.92934799194336,-0.3060200810432434,-7.830649018103486e-9,0.9520250558853149,-4.7542819459067689e-8,1,-7.056966566665324e-9,-0.9520250558853149,-4.742152981407344e-8,-0.3060200810432434],12,1.968553066253662],[[768.8170166015625,242.6064910888672,46.92934799194336,-0.3060200810432434,-2.9382258404098139e-8,0.9520250558853149,-5.4775199487266948e-8,1,1.3255897712838305e-8,-0.9520250558853149,-4.8090790016885879e-8,-0.3060200810432434],12,1.9782488346099854],[[768.8170166015625,242.88645935058595,46.92934799194336,-0.3060200810432434,-9.398187472697828e-8,0.9520250558853149,-7.64538086173161e-8,1,7.414245573045264e-8,-0.9520250558853149,-5.009686532275737e-8,-0.3060200810432434],12,2.0008676052093508],[[768.8170166015625,242.9797821044922,46.92934799194336,-0.3060200810432434,-9.828508495957067e-8,0.9520250558853149,-7.243948374480169e-8,1,7.995288342499407e-8,-0.9520250558853149,-4.449701052067212e-8,-0.3060200810432434],12,2.012860059738159],[[768.6884765625,243.11012268066407,46.937599182128909,-0.2843092978000641,-7.2473149259622e-8,0.9587326049804688,-4.039813816802962e-8,1,6.361270976640299e-8,-0.9587326049804688,-2.064532544920894e-8,-0.2843092978000641],8,2.030627965927124],[[768.4999389648438,243.17373657226563,46.949710845947269,-0.2629718780517578,-5.312233852805548e-8,0.9648035168647766,-1.6408863601213853e-8,1,5.058777929889402e-8,-0.9648035168647766,-2.528162790227384e-9,-0.2629718780517578],8,2.0426247119903566],[[768.3037719726563,243.22474670410157,46.96231460571289,-0.2426830381155014,-3.378102420015239e-8,0.9701056480407715,7.132125112718768e-9,1,3.660618475009869e-8,-0.9701056480407715,1.580261610456546e-8,-0.2426830381155014],8,2.0534863471984865],[[768.1072998046875,243.27627563476563,46.974937438964847,-0.22418083250522614,-1.445207509220836e-8,0.9745475649833679,3.022137917696455e-8,1,2.1781520587182969e-8,-0.9745475649833679,3.433517292705801e-8,-0.22418083250522614],8,2.0664734840393068],[[767.91064453125,243.32516479492188,46.9875602722168,-0.2074994444847107,4.862114710846299e-9,0.978235125541687,5.290725013651354e-8,1,6.2521872123966208e-9,-0.978235125541687,5.305305705860519e-8,-0.2074994444847107],8,2.0813281536102297],[[767.6484375,243.37332153320313,47.004390716552737,-0.18769167363643647,3.058834252556153e-8,0.9822279810905457,8.262010453563562e-8,1,-1.5354110871612648e-8,-0.9822279810905457,7.826993453363684e-8,-0.18769167363643647],8,2.0950801372528078],[[767.4517822265625,243.40573120117188,47.01701354980469,-0.17460255324840547,4.986180357491321e-8,0.9846389889717102,1.045694091317273e-7,1,-3.2096757252020328e-8,-0.9846389889717102,9.735894224149888e-8,-0.17460255324840547],8,2.108473062515259],[[767.3206787109375,243.42300415039063,47.025428771972659,-0.16675162315368653,5.318752371863411e-8,0.9859989285469055,1.0241447512271407e-7,1,-3.6622498811311746e-8,-0.9859989285469055,9.487370533634021e-8,-0.16675162315368653],8,2.1195828914642336],[[767.0584716796875,243.45558166503907,47.042259216308597,-0.1525798738002777,4.084764881895353e-8,0.9882911443710327,6.486752823775532e-8,1,-3.1316854887109e-8,-0.9882911443710327,5.932968250021986e-8,-0.1525798738002777],8,2.1335630416870119],[[766.8594360351563,243.46044921875,47.0550422668457,-0.1431887298822403,3.163051331966926e-8,0.9896954298019409,3.683573268631335e-8,1,-2.6630468497046423e-8,-0.9896954298019409,3.264296921656751e-8,-0.1431887298822403],8,2.147299289703369],[[766.4637451171875,243.49098205566407,47.0804557800293,-0.12687364220619203,1.3281970190348602e-8,0.9919188618659973,-1.8937692303211408e-8,1,-1.58124464633147e-8,-0.9919188618659973,-2.079083749606525e-8,-0.12687364220619203],8,2.170098304748535],[[765.7361450195313,243.3568115234375,47.12718963623047,-0.10313038527965546,-1.6766412258562015e-8,0.9946678280830383,-1.030108691679743e-7,1,6.175791433804534e-9,-0.9946678280830383,-1.018246891248964e-7,-0.10313038527965546],8,2.2146918773651125],[[765.6033325195313,243.3226318359375,47.13572311401367,-0.09980127215385437,-1.6149449777458359e-8,0.9950073957443237,-8.669614715017815e-8,1,7.534681323306814e-9,-0.9950073957443237,-8.55113313491529e-8,-0.09980127215385437],8,2.2262024879455568],[[765.4717407226563,243.265625,47.1441764831543,-0.09707433730363846,-1.553859263481172e-8,0.9952771067619324,-7.038814686666228e-8,1,8.747020885380153e-9,-0.9952771067619324,-6.920659956222153e-8,-0.09707433730363846],8,2.233508348464966],[[764.6073608398438,242.91810607910157,47.19969177246094,-0.08249612897634506,-1.1683987111155148e-8,0.9965913891792297,3.5488028515828776e-8,1,1.4661587499631424e-8,-0.9965913891792297,3.6576587092440607e-8,-0.08249612897634506],8,2.28658127784729],[[764.4743041992188,242.9241943359375,47.20823669433594,-0.08082239329814911,-1.1107360364803754e-8,0.9967285394668579,5.175082407049558e-8,1,1.5340170023137035e-8,-0.9967285394668579,5.282134907247382e-8,-0.08082239329814911],8,2.2939696311950685],[[764.3412475585938,242.93002319335938,47.21678161621094,-0.07950478792190552,-1.0533803163070843e-8,0.9968344569206238,6.80025067367751e-8,1,1.5990947233035514e-8,-0.9968344569206238,6.905860061579006e-8,-0.07950478792190552],8,2.33651065826416],[[763.7424926757813,242.9445343017578,47.25523376464844,-0.07472280412912369,-5.112795076200882e-9,0.9972043633460999,8.836502018993997e-8,1,1.1748522155130559e-8,-0.9972043633460999,8.899586845245722e-8,-0.07472280412912369],8,2.3429934978485109],[[763.4098510742188,242.94735717773438,47.27455520629883,-0.07188700139522553,1.08641429186207e-9,0.9974128007888794,4.1138932260764707e-8,1,1.875793298466988e-9,-0.9974128007888794,4.1167339759340396e-8,-0.07188700139522553],8,2.3634610176086427],[[763.2102661132813,242.91009521484376,47.2854118347168,-0.07009382545948029,4.8110488926056409e-9,0.9975404143333435,1.2810440708221904e-8,1,-3.922764335584361e-9,-0.9975404143333435,1.2503970303612278e-8,-0.07009382545948029],8,2.407140016555786],[[762.6115112304688,242.7395477294922,47.31660842895508,-0.06464406847953797,1.6009062520083718e-8,0.9979084134101868,-7.214531194676965e-8,1,-2.0716159454536866e-8,-0.9979084134101868,-7.333358809091806e-8,-0.06464406847953797],8,2.4134485721588136],[[762.41259765625,242.670654296875,47.32610321044922,-0.06283930689096451,1.9749714752492765e-8,0.9980236291885376,-1.0045301479522095e-7,1,-2.611372096339437e-8,-0.9980236291885376,-1.018954591813781e-7,-0.06283930689096451],8,2.4253361225128176],[[762.280029296875,242.6047821044922,47.332130432128909,-0.06164238974452019,1.9173182153053859e-8,0.9980983138084412,-1.0204112754763628e-7,1,-2.5511756263085773e-8,-0.9980983138084412,-1.0341967993099388e-7,-0.06164238974452019],8,2.433008909225464],[[762.0818481445313,242.4804229736328,47.34077072143555,-0.05981616675853729,1.3699016143675636e-8,0.9982094168663025,-7.8501678046905e-8,1,-1.84276824910512e-8,-0.9982094168663025,-7.946338342890158e-8,-0.05981616675853729],8,2.4447500705718996],[[761.9498291015625,242.3804931640625,47.34647750854492,-0.05865449830889702,1.0048513132687731e-8,0.9982783198356628,-6.280716746687176e-8,1,-1.3756118910634996e-8,-0.9982783198356628,-6.350589387693617e-8,-0.05865449830889702],8,2.458561420440674],[[761.6199340820313,243.4506072998047,47.36074447631836,-0.05578676611185074,9.190384564483622e-10,0.9984427094459534,-2.3570009943796323e-8,1,-2.237417362493943e-9,-0.9984427094459534,-2.3658122572101094e-8,-0.05578676611185074],3,2.476763963699341],[[760.8876953125,245.5050811767578,47.39237594604492,-0.050950732082128528,-1.9174265730725894e-8,0.9987011551856995,6.27289153953825e-8,1,2.23994423009799e-8,-0.9987011551856995,6.378871120205076e-8,-0.050950732082128528],5,2.5296571254730226],[[760.621337890625,246.1499786376953,47.40388107299805,-0.04971436783671379,-2.648102359614768e-8,0.9987635016441345,9.408314838310616e-8,1,3.119688329888959e-8,-0.9987635016441345,9.551774837746052e-8,-0.04