[[[776,222.69961547851563,47,1,1.1156185308891509e-8,2.610937047077197e-14,-1.1156185308891509e-8,1,2.501358231654649e-8,-2.5830313772233147e-14,-2.501358231654649e-8,1],8,0.04799008369445801],[[776,222.69961547851563,47,1,-7.02016222930979e-9,2.6252124321504527e-14,7.02016222930979e-9,1,-1.5740159398092147e-8,-2.6141625485403415e-14,1.5740159398092147e-8,1],8,0.06642413139343262],[[776,222.69961547851563,47,1,-1.791665127370834e-8,2.6692728837809586e-14,1.791665127370834e-8,1,-4.017151411517261e-8,-2.5972989695934556e-14,4.017151411517261e-8,1],8,0.13445448875427247],[[776,222.69961547851563,47,1,-1.8236683274608369e-8,2.74227763706527e-14,1.8236683274608369e-8,1,-4.0889041486025238e-8,-2.667709599773506e-14,4.0889041486025238e-8,1],8,0.1841268539428711],[[776,222.69961547851563,47,1,-3.903501522017905e-9,2.724350354143222e-14,3.903501522017905e-9,1,-8.752138569434465e-9,-2.7209339314537667e-14,8.752138569434465e-9,1],8,0.1928250789642334],[[776,222.69961547851563,47,1,3.2584961395798475e-9,2.7326446701693257e-14,-3.2584961395798475e-9,1,7.306017124619757e-9,-2.7302639993677728e-14,-7.306017124619757e-9,1],8,0.24491262435913087],[[776,222.69961547851563,47,0.041420578956604007,3.583385677075057e-8,0.9991418123245239,-1.0461450727916599e-7,1,-3.152772265480053e-8,-0.9991418123245239,-1.0321883081587657e-7,0.041420578956604007],8,0.25579023361206057],[[776,222.69961547851563,47,0.25413060188293459,4.032949973975519e-8,0.9671699404716492,-8.060910516860531e-8,1,-2.0517861187840937e-8,-0.9671699404716492,-7.274848456972905e-8,0.25413060188293459],8,0.2856264114379883],[[776,222.69961547851563,47,0.2688070833683014,3.3104632368718969e-9,0.9631940126419067,-2.2543195754565205e-8,1,2.8543649666090688e-9,-0.9631940126419067,-2.248074437716241e-8,0.2688070833683014],8,0.30367183685302737],[[776,222.69961547851563,47,0.24751631915569306,-1.3418405053755578e-8,0.968883752822876,2.111086860878686e-9,1,1.3310034852054287e-8,-0.968883752822876,-1.249053194207761e-9,0.24751631915569306],8,0.38137173652648928],[[776,222.69961547851563,47,-0.30111709237098696,-5.180503848123408e-8,0.9535871744155884,4.5638010703896728e-8,1,6.873773372717551e-8,-0.9535871744155884,6.421792164701401e-8,-0.30111709237098696],8,0.41279029846191409],[[776,222.69961547851563,47,-0.5674754977226257,3.3285402878391326e-8,0.8233903050422669,1.5183037049837368e-8,1,-2.996076275962878e-8,-0.8233903050422669,-4.5004355797573229e-9,-0.5674754977226257],8,0.45896315574645998],[[776,222.69961547851563,47,-0.8779115080833435,5.187997231814734e-8,0.4788229167461395,2.2680612943304369e-8,1,-6.676456365539707e-8,-0.4788229167461395,-4.7753378140669159e-8,-0.8779115080833435],8,0.4663057327270508],[[775.8601684570313,222.69961547851563,46.91901779174805,-0.9645684361457825,6.345169367705239e-8,0.26383277773857119,3.8241463329313777e-8,1,-1.0068949052310927e-7,-0.26383277773857119,-8.703255360842377e-8,-0.9645684361457825],8,0.4838700294494629],[[775.6748046875,222.69961547851563,46.85610580444336,-0.9770435690879822,5.569427230511792e-8,0.21303945779800416,3.690065142336607e-8,1,-9.219290575401829e-8,-0.21303945779800416,-8.221519465223537e-8,-0.9770435690879822],8,0.5049383640289307],[[775.4805297851563,222.69961547851563,46.80984878540039,-0.9851017594337463,3.8553167769350696e-8,0.1719723492860794,2.7353298293064655e-8,1,-6.7495648181648e-8,-0.1719723492860794,-6.178606781759299e-8,-0.9851017594337463],8,0.5106508731842041],[[775.3495483398438,222.69961547851563,46.78513717651367,-0.9849748015403748,2.9466203699257677e-8,0.17269811034202577,2.0964559865888078e-8,1,-5.1052325034106619e-8,-0.17269811034202577,-4.666471653536064e-8,-0.9849748015403748],8,0.5175909996032715],[[775.21826171875,222.69961547851563,46.76185989379883,-0.9849584698677063,2.0336504036322368e-8,0.17279136180877686,1.4573982021204302e-8,1,-3.461826736383955e-8,-0.17279136180877686,-3.1579297399275677e-8,-0.9849584698677063],8,0.5259549617767334],[[775.0869140625,222.69961547851563,46.7387809753418,-0.9849528670310974,1.120591175407526e-8,0.17282314598560334,8.185113031800029e-9,1,-1.8191785855492527e-8,-0.17282314598560334,-1.650347414283715e-8,-0.9849528670310974],8,0.533574104309082],[[774.95556640625,222.69961547851563,46.71573257446289,-0.9849509596824646,2.0780750453752718e-9,0.17283402383327485,1.7988069922481032e-9,1,-1.7724421930154222e-9,-0.17283402383327485,-1.4348735533076252e-9,-0.9849509596824646],8,0.5432426929473877],[[774.758544921875,222.69961547851563,46.68115997314453,-0.9849503636360169,-1.16067049305002e-8,0.17283736169338227,-7.775533106268995e-9,1,2.284338762592597e-8,-0.17283736169338227,2.1155699414521224e-8,-0.9849503636360169],8,0.5530219078063965],[[774.43017578125,222.69961547851563,46.623538970947269,-0.9849501252174377,-3.4395199577375027e-8,0.17283895611763,-2.3719040953551486e-8,1,6.383471884419123e-8,-0.17283895611763,5.8774439537501169e-8,-0.9849501252174377],8,0.5742709636688232],[[774.233154296875,222.69961547851563,46.588966369628909,-0.9849500060081482,-4.8056616464009497e-8,0.17283961176872254,-3.32769438671221e-8,1,8.840850540536849e-8,-0.17283961176872254,8.132638384950042e-8,-0.9849500060081482],8,0.5869512557983398],[[774.16748046875,222.69961547851563,46.57744216918945,-0.9849500060081482,-5.260846336341274e-8,0.17283961176872254,-3.6461550223521047e-8,1,9.659626698521606e-8,-0.17283961176872254,8.884049407242856e-8,-0.9849500060081482],8,0.5939514636993408],[[773.970458984375,222.69961547851563,46.542869567871097,-0.9849500060081482,-5.686298720775085e-8,0.17283961176872254,-3.948004945186767e-8,1,1.0401037542351333e-7,-0.17283961176872254,9.56213028757702e-8,-0.9849500060081482],8,0.6053390502929688],[[773.839111328125,222.69961547851563,46.51982116699219,-0.9849500060081482,-4.717359303185731e-8,0.17283961176872254,-3.278486104818512e-8,1,8.610378188222967e-8,-0.17283961176872254,7.914139388276453e-8,-0.9849500060081482],8,0.6145734786987305],[[773.445068359375,222.69961547851563,46.45067596435547,-0.9849500060081482,-1.813025463093254e-8,0.17283961176872254,-1.2716466102347113e-8,1,3.2429905871822487e-8,-0.17283961176872254,2.974392643295687e-8,-0.9849500060081482],8,0.6363601684570313],[[772.85400390625,222.69961547851563,46.34695816040039,-0.9849500060081482,2.5364963462948255e-8,0.17283961176872254,1.733790533364754e-8,1,-4.7951939308177319e-8,-0.17283961176872254,-4.423358390681642e-8,-0.9849500060081482],8,0.6751747131347656],[[772.72265625,222.69961547851563,46.323909759521487,-0.9880890250205994,3.416463556504823e-8,0.1538831889629364,2.4350377714199568e-8,1,-6.566212107372849e-8,-0.1538831889629364,-6.113290851317288e-8,-0.9880890250205994],8,0.6818492412567139],[[772.5910034179688,222.69961547851563,46.302738189697269,-0.9893944263458252,4.327992542130232e-8,0.14525385200977326,3.151408378698761e-8,1,-8.330288636670957e-8,-0.14525385200977326,-7.784186806247817e-8,-0.9893944263458252],8,0.6915614604949951],[[772.3931884765625,222.69961547851563,46.273258209228519,-0.9906238913536072,5.7066682046524878e-8,0.13661743700504304,4.248420637509298e-8,1,-1.096552040280585e-7,-0.13661743700504304,-1.0282298035235726e-7,-0.9906238913536072],8,0.7084133625030518],[[772.1951293945313,222.69961547851563,46.24558639526367,-0.9946126937866211,4.250932050808842e-8,0.10366088151931763,3.389895653072017e-8,1,-8.482455626790397e-8,-0.10366088151931763,-8.085358871312565e-8,-0.9946126937866211],8,0.7167971134185791],[[772.0626220703125,222.69961547851563,46.230613708496097,-0.9965652823448181,3.340220544600925e-8,0.08281052112579346,2.7833310767277909e-8,1,-6.840305388777779e-8,-0.08281052112579346,-6.586321887880331e-8,-0.9965652823448181],8,0.7264328002929688],[[771.9298706054688,222.69961547851563,46.218692779541019,-0.998082160949707,2.461278825194313e-8,0.06190337985754013,2.1427526419870447e-8,1,-5.211925468984191e-8,-0.06190337985754013,-5.069286146408558e-8,-0.998082160949707],8,0.7358629703521729],[[771.131591796875,222.69961547851563,46.16819381713867,-0.9991605877876282,-2.0798141875388866e-8,0.04096546769142151,-1.898655099807911e-8,1,4.461145408640732e-8,-0.04096546769142151,4.379621287853297e-8,-0.9991605877876282],8,0.7848517894744873],[[770.3991088867188,222.69961547851563,46.13731384277344,-0.9998888373374939,-3.683235760831849e-8,-0.014910988509654999,-3.8058299622889538e-8,1,8.193357103891685e-8,0.014910988509654999,8.249194394238657e-8,-0.9998888373374939],8,0.8275749683380127],[[770.3324584960938,222.69961547851563,46.13690948486328,-0.9999809861183167,-3.389195768477293e-8,-0.00616726279258728,-3.4345468691299177e-8,1,7.342936925169852e-8,0.00616726279258728,7.363978937746652e-8,-0.9999809861183167],8,0.8361926078796387],[[770.1991577148438,222.69961547851563,46.13731384277344,-0.9999901652336121,-2.670153342876347e-8,-0.004430408123880625,-2.6951731513236156e-8,1,5.641355826924155e-8,0.004430408123880625,5.653241430536582e-8,-0.9999901652336121],8,0.8456282615661621],[[770.0658569335938,222.6894073486328,46.13808059692383,-0.9999964237213135,-1.948579786414939e-8,-0.0026711286045610906,-1.9591089639448e-8,1,3.9392045181330107e-8,0.0026711286045610906,3.9444234545271686e-8,-0.9999964237213135],8,0.8525984287261963],[[769.8659057617188,223.3485107421875,46.1392707824707,-0.9999964237213135,-8.519029037756809e-9,-0.002668744418770075,-8.556083841426699e-9,1,1.3873388660101682e-8,0.002668744418770075,1.389617310110225e-8,-0.9999964237213135],3,0.8644375801086426],[[769.7326049804688,223.7731475830078,46.139739990234378,-0.9994486570358276,-1.014446415759096e-9,0.03320181369781494,-1.1172049951824193e-9,1,-3.0764177871844824e-9,-0.03320181369781494,-3.111815027878606e-9,-0.9994486570358276],5,0.8882215023040772],[[769.3327026367188,224.96530151367188,46.140830993652347,-0.9834825992584229,2.5445141105251424e-8,0.181002676486969,1.532720617092309e-8,1,-5.729805252485676e-8,-0.181002676486969,-5.3577373648749929e-8,-0.9834825992584229],5,0.8949668407440186],[[769.2660522460938,225.15206909179688,46.14101028442383,-0.9995383024215698,2.0433693848076474e-8,0.030383186414837838,1.842006724928069e-8,1,-6.655426432189415e-8,-0.030383186414837838,-6.596387436275109e-8,-0.9995383024215698],5,0.9033064842224121],[[769.1327514648438,225.51539611816407,46.1413688659668,-0.9979702830314636,2.9430122339135779e-8,0.06368093937635422,2.4026277856137314e-8,1,-8.562390263477937e-8,-0.06368093937635422,-8.392009220870023e-8,-0.9979702830314636],5,0.9112300872802734],[[768.9994506835938,225.86509704589845,46.141727447509769,-0.9979602098464966,3.59526026727508e-8,0.06383886933326721,2.9287255287613335e-8,1,-1.0534468231071514e-7,-0.06383886933326721,-1.0326013466510631e-7,-0.9979602098464966],5,0.9241111278533936],[[768.7994995117188,226.36410522460938,46.14226531982422,-0.9952753186225891,4.9084778908081719e-8,0.09709315001964569,3.601448028689447e-8,1,-1.3636861240229337e-7,-0.09709315001964569,-1.3222754091657408e-7,-0.9952753186225891],5,0.9323256015777588],[[768.6661987304688,226.6797332763672,46.14262390136719,-0.9979553818702698,4.342689408076694e-8,0.06391488760709763,3.448355911928047e-8,1,-1.410288206216137e-7,-0.06391488760709763,-1.38536449867388e-7,-0.9979553818702698],5,0.9426395893096924],[[768.4662475585938,227.1276397705078,46.14316177368164,-0.9952722787857056,3.4844653384880078e-8,0.09712428599596024,2.2988091430420355e-8,1,-1.2319516429215583e-7,-0.09712428599596024,-1.2038003660563846e-7,-0.9952722787857056],5,0.9525566101074219],[[768.2662963867188,227.54489135742188,46.143699645996097,-0.9952720403671265,2.2231450458320979e-8,0.09712624549865723,1.2044330865990105e-8,1,-1.0547164208674076e-7,-0.09712624549865723,-1.038031598454836e-7,-0.9952720403671265],5,0.9665744304656982],[[768.0663452148438,227.9314727783203,46.14423751831055,-0.9952720403671265,1.0136745665079161e-8,0.09712667763233185,1.6217234222182242e-9,1,-8.774818383017191e-8,-0.09712667763233185,-8.7175799023953e-8,-0.9952720403671265],5,0.9770443439483643],[[767.9330444335938,228.17218017578126,46.144596099853519,-0.9979550242424011,-3.813815374620333e-10,0.06392020732164383,-5.249094048309644e-9,1,-7.598501383654366e-8,-0.06392020732164383,-7.616515063091356e-8,-0.9979550242424011],5,0.9857819080352783],[[767.7997436523438,228.3992462158203,46.144954681396487,-0.9979550242424011,-7.785780020697075e-9,0.06392011046409607,-1.1909100372520243e-8,1,-6.412639663722075e-8,-0.06392011046409607,-6.475649172443809e-8,-0.9979550242424011],5,0.9964048862457275],[[767.4664916992188,228.90731811523438,46.145851135253909,-0.986596405506134,-2.0358632113470777e-8,0.1631793975830078,-2.6121785623445249e-8,1,-3.317224894772153e-8,-0.1631793975830078,-3.699015849178977e-8,-0.986596405506134],5,1.0163254737854005],[[767.1998901367188,229.25245666503907,46.146568298339847,-0.991935670375824,-3.581280338949e-8,0.12674224376678468,-3.7100122085576007e-8,1,-7.796379541957777e-9,-0.12674224376678468,-1.2435659613174721e-8,-0.991935670375824],5,1.0283517837524415],[[767.1332397460938,229.33023071289063,46.14689254760742,-0.9998611211776733,-4.008592568993663e-8,0.016667162999510766,-4.011578624840695e-8,1,-1.4572811846136347e-9,-0.016667162999510766,-2.1256951754367039e-9,-0.9998611211776733],5,1.038459300994873],[[766.7999877929688,229.66799926757813,46.151973724365237,-0.9900476336479187,-5.6560889305501408e-8,0.14073267579078675,-5.2539551376185048e-8,1,3.228980105518531e-8,-0.14073267579078675,2.4574410062427888e-8,-0.9900476336479187],5,1.056678295135498],[[766.4667358398438,229.92059326171876,46.16007995605469,-0.987983226776123,-7.309358096563301e-8,0.15456095337867738,-6.323960377585536e-8,1,6.867138324651023e-8,-0.15456095337867738,5.8071805142390079e-8,-0.987983226776123],5,1.0773084163665772],[[766.2667846679688,230.03128051757813,46.16288375854492,-0.9952706098556519,-7.823010861329749e-8,0.09714115411043167,-6.963883691923911e-8,1,9.183153792946541e-8,-0.09714115411043167,8.46324326175818e-8,-0.9952706098556519],5,1.0885365009307862],[[766.1334838867188,230.08804321289063,46.1635627746582,-0.9974830150604248,-8.127516082367947e-8,0.07090575248003006,-7.380497635267602e-8,1,1.0797356964076244e-7,-0.07090575248003006,1.0246860426832427e-7,-0.9974830150604248],5,1.097287893295288],[[766.0001831054688,230.1311798095703,46.163272857666019,-0.9974830150604248,-8.640591175890222e-8,0.07090575248003006,-7.77544002517061e-8,1,1.2477433131152794e-7,-0.07090575248003006,1.1894704243786691e-7,-0.9974830150604248],5,1.106882095336914],[[765.8002319335938,230.1703338623047,46.16244888305664,-0.9945676326751709,-8.722243194370094e-8,0.10409265011548996,-7.345136054937029e-8,1,1.3612954319341953e-7,-0.10409265011548996,1.2774428626016744e-7,-0.9945676326751709],5,1.1195993423461915],[[765.5336303710938,230.1748504638672,46.161293029785159,-0.9905483722686768,-5.658309731870759e-8,0.137163907289505,-4.175364054503916e-8,1,1.1099199781483549e-7,-0.137163907289505,1.0421585017184043e-7,-0.9905483722686768],5,1.144993782043457],[[765.2670288085938,230.1248779296875,46.160133361816409,-0.9905483722686768,-2.264310694499727e-8,0.137163907289505,-1.1233236563157334e-8,1,8.395826256446526e-8,-0.137163907289505,8.162392362009996e-8,-0.9905483722686768],5,1.1564075946807862],[[765.0670776367188,230.0516357421875,46.159263610839847,-0.9945676326751709,4.720296598037521e-9,0.10409253090620041,1.1300268276670522e-8,1,6.262298057890803e-8,-0.10409253090620041,6.345906200522222e-8,-0.9945676326751709],5,1.164215087890625],[[764.9337768554688,229.9857635498047,46.15868377685547,-0.9974830150604248,2.279024968743215e-8,0.07090575248003006,2.625067807571213e-8,1,4.7871377972796839e-8,-0.07090575248003006,4.961221122812276e-8,-0.9974830150604248],5,1.1726865768432618],[[764.8004760742188,229.90628051757813,46.158103942871097,-0.9974830150604248,3.854829344618338e-8,0.07090575248003006,4.095149819249855e-8,1,3.243930279950291e-8,-0.07090575248003006,3.5261351172266589e-8,-0.9974830150604248],5,1.1813535690307618],[[764.6671752929688,229.8131561279297,46.15752410888672,-0.9974830150604248,5.4113584724291289e-8,0.07090575248003006,5.5407429755405249e-8,1,1.628056267577449e-8,-0.07090575248003006,2.016829014905852e-8,-0.9974830150604248],5,1.1925201416015626],[[764.4672241210938,229.64794921875,46.156654357910159,-0.9945676326751709,7.680242219976208e-8,0.10409265011548996,7.620004538466674e-8,1,-9.763726716016663e-9,-0.10409265011548996,-1.7788217565595233e-9,-0.9945676326751709],5,1.2108769416809083],[[763.6674194335938,228.68051147460938,46.153175354003909,-0.9194457530975342,1.1314662629047234e-7,0.3932168781757355,8.420487063176552e-8,1,-9.08526942566823e-8,-0.3932168781757355,-5.042334194627074e-8,-0.9194457530975342],5,1.2497625350952149],[[763.6007690429688,228.57774353027345,46.15288543701172,-0.9992913603782654,7.845996918831588e-8,0.037640009075403216,7.501481036342739e-8,1,-9.294148384242362e-8,-0.037640009075403216,-9.005206180745518e-8,-0.9992913603782654],5,1.2581260204315186],[[763.4674682617188,228.36199951171876,46.152305603027347,-0.9974830150604248,6.328099999564074e-8,0.07090573012828827,5.659700619276009e-8,1,-9.627493113839592e-8,-0.07090573012828827,-9.201955464277489e-8,-0.9974830150604248],5,1.2670276165008546],[[762.6676635742188,226.78143310546876,46.148826599121097,-0.9173685908317566,-1.5056102142807505e-8,0.3980388045310974,-5.2278796403015806e-8,1,-8.266235340670392e-8,-0.3980388045310974,-9.664083222560294e-8,-0.9173685908317566],5,1.3164701461791993],[[762.4677124023438,226.30966186523438,46.14710998535156,-0.9895834922790527,-6.825344200933614e-8,0.14396023750305177,-8.03803033022632e-8,1,-7.842151461545655e-8,-0.14396023750305177,-8.917620419879313e-8,-0.9895834922790527],5,1.3368167877197266],[[762.2012939453125,225.6329345703125,46.136627197265628,-0.9823328256607056,-1.0271768502434498e-7,0.18714232742786408,-1.1770174523917376e-7,1,-6.895610482615666e-8,-0.18714232742786408,-8.976482490652416e-8,-0.9823328256607056],5,1.3440654277801514],[[762.068115234375,225.2741241455078,46.12968444824219,-0.9921828508377075,-1.2760803258515808e-7,0.12479259818792343,-1.3660597630860139e-7,1,-6.354599690894247e-8,-0.12479259818792343,-8.009666174757513e-8,-0.9921828508377075],5,1.3522381782531739],[[761.9349975585938,224.90170288085938,46.122066497802737,-0.9919641613960266,-1.470615700327471e-7,0.12651902437210084,-1.5555289678559348e-7,1,-5.723516238731463e-8,-0.12651902437210084,-7.645562760671965e-8,-0.9919641613960266],5,1.3616247177124024],[[761.8064575195313,224.8048095703125,46.114402770996097,-0.9957043528556824,-1.2429019591309044e-7,0.09258974343538284,-1.2870171417489474e-7,1,-4.1674869777352799e-8,-0.09258974343538284,-5.34123074658055e-8,-0.9957043528556824],7,1.410093069076538],[[761.0361328125,224.78895568847657,46.06666564941406,-0.9966979026794434,3.676979787314849e-8,0.08119931071996689,3.909854839889704e-8,1,2.7089427589999106e-8,-0.08119931071996689,3.017474980993029e-8,-0.9966979026794434],8,1.4180033206939698],[[760.9043579101563,224.74923706054688,46.05813980102539,-0.9978566765785217,6.425954524047484e-8,0.0654369592666626,6.693162646342899e-8,1,3.864209929815843e-8,-0.0654369592666626,4.293908162367188e-8,-0.9978566765785217],8,1.4263486862182618],[[760.7715454101563,224.68849182128907,46.04944610595703,-0.997857391834259,7.618834274580877e-8,0.06542626768350601,7.913106969681394e-8,1,4.238632911324203e-8,-0.06542626768350601,4.747276349803542e-8,-0.997857391834259],8,1.4359796047210694],[[760.6386108398438,224.61410522460938,46.04072952270508,-0.9978576302528381,7.303756888177304e-8,0.0654229000210762,7.570721294314353e-8,1,3.8326735563032346e-8,-0.0654229000210762,4.3197612598078197e-8,-0.9978576302528381],8,1.446183204650879],[[760.439208984375,224.47698974609376,46.02764892578125,-0.9978576898574829,6.831366761161917e-8,0.06542152911424637,7.05740959006107e-8,1,3.224075229013579e-8,-0.06542152911424637,3.678875160062489e-8,-0.9978576898574829],8,1.4941086769104005],[[759.7080688476563,223.7119598388672,45.97968673706055,-0.9978577494621277,5.1018268720781637e-8,0.06542100012302399,5.1780727261530049e-8,1,9.959035374151881e-9,-0.06542100012302399,1.332524757202691e-8,-0.9978577494621277],8,1.5007545948028565],[[759.5751342773438,223.67115783691407,45.97096633911133,-0.9978577494621277,4.7878014441948838e-8,0.06542076170444489,4.8368491434302999e-8,1,5.913441292193511e-9,-0.06542076170444489,9.065076689296348e-9,-0.9978577494621277],8,1.510401964187622],[[759.4421997070313,223.6881103515625,45.96224594116211,-0.9978577494621277,4.4739095983459268e-8,0.06542076170444489,4.495771577239793e-8,1,1.869575383395272e-9,-0.06542076170444489,4.806738562734836e-9,-0.9978577494621277],8,1.5196549892425538],[[759.3092651367188,223.7017364501953,45.95352554321289,-0.9978577494621277,4.160152400345396e-8,0.06542076170444489,4.154839672310118e-8,1,-2.17256257428744e-9,-0.06542076170444489,5.5021942557687e-10,-0.9978577494621277],8,1.5285766124725342],[[759.10986328125,223.67140197753907,45.94044494628906,-0.9978577494621277,3.6897674249303239e-8,0.06542076170444489,3.643715373868872e-8,1,-8.232532877627819e-9,-0.06542076170444489,-5.831150229340665e-9,-0.9978577494621277],8,1.5751838684082032],[[758.312255859375,223.50677490234376,45.88812255859375,-0.9978577494621277,1.811240046833973e-8,0.06542100012302399,1.6024893412236453e-8,1,-3.2433572272339009e-8,-0.06542100012302399,-3.131572867687282e-8,-0.9978577494621277],8,1.589202880859375],[[758.1793212890625,223.50315856933595,45.87940979003906,-0.9978577494621277,1.4986195395749747e-8,0.06542076170444489,1.2627937806541923e-8,1,-3.6461045738178657e-8,-0.06542076170444489,-3.555680905265035e-8,-0.9978577494621277],8,1.5979905128479005],[[758.04638671875,223.49803161621095,45.870697021484378,-0.9978577494621277,1.186133324893035e-8,0.06542076170444489,9.232433484385183e-9,1,-4.0486799690597766e-8,-0.06542076170444489,-3.979607399173801e-8,-0.9978577494621277],8,1.6066455841064454],[[757.9134521484375,223.50836181640626,45.86198425292969,-0.9978577494621277,8.737805146097344e-9,0.06542076170444489,5.838380001677024e-9,1,-4.451083412959633e-8,-0.06542076170444489,-4.4033530599563167e-8,-0.9978577494621277],8,1.6538593769073487],[[757.1158447265625,223.72378540039063,45.809661865234378,-0.9976226091384888,-9.821230939621728e-9,0.0689142644405365,-1.4579800478031757e-8,1,-6.854759959651347e-8,-0.0689142644405365,-6.938939378642317e-8,-0.9976226091384888],8,1.661137342453003],[[757.0493774414063,223.7139129638672,45.80516052246094,-0.9975010752677918,-1.1257647258844372e-8,0.07065141946077347,-1.6282434955883219e-8,1,-7.054492101588039e-8,-0.07065141946077347,-7.151901115776127e-8,-0.9975010752677918],8,1.6691627502441407],[[756.9165649414063,223.67066955566407,45.79585647583008,-0.9973765015602112,-1.4246618995628069e-8,0.07238837331533432,-1.9693560560085645e-8,1,-7.453235184584628e-8,-0.07238837331533432,-7.576240079743002e-8,-0.9973765015602112],8,1.6780438423156739],[[756.7837524414063,223.61288452148438,45.786285400390628,-0.9972475171089172,-1.722538378601257e-8,0.07414460182189942,-2.3110240832124874e-8,1,-7.851206618170181e-8,-0.07414460182189942,-8.000945683761529e-8,-0.9972475171089172],8,1.6865136623382569],[[756.5845336914063,223.61375427246095,45.771549224853519,-0.9971168041229248,-2.175178082097773e-8,0.07588181644678116,-2.8242912009091016e-8,1,-8.446951227369937e-8,-0.07588181644678116,-8.636909853976249e-8,-0.9971168041229248],8,1.6973872184753419],[[756.3853149414063,223.64767456054688,45.7564582824707,-0.9969816207885742,-2.6262414465350049e-8,0.07763829082250595,-3.338277210218621e-8,1,-9.041409754217966e-8,-0.07763829082250595,-9.273296797118746e-8,-0.9969816207885742],8,1.7561345100402833],[[755.5220336914063,223.526123046875,45.689334869384769,-0.9883477091789246,-3.940262871537925e-8,0.15221291780471803,-5.7484001558805178e-8,1,-1.1438946501129976e-7,-0.15221291780471803,-1.2180638009340329e-7,-0.9883477091789246],8,1.76420259475708],[[755.3998413085938,223.48345947265626,45.673126220703128,-0.9840209484100342,-3.929637060196001e-8,0.17805270850658418,-6.128114904413451e-8,1,-1.1797383336897838e-7,-0.17805270850658418,-1.2699999274445873e-7,-0.9840209484100342],8,1.7732205390930176],[[755.28515625,223.4218292236328,45.65357971191406,-0.9779391884803772,-3.326098507727693e-8,0.20888979732990266,-5.668875857622879e-8,1,-1.0616685841569051e-7,-0.20888979732990266,-1.156664382051531e-7,-0.9779391884803772],8,1.7822315692901612],[[755.1242065429688,223.3038330078125,45.62044143676758,-0.9696178436279297,-1.827989315472678e-8,0.2446247637271881,-3.5583902047164887e-8,1,-6.631745463892003e-8,-0.2446247637271881,-7.30072926558023e-8,-0.9696178436279297],8,1.839475154876709],[[754.492919921875,222.79066467285157,45.46243667602539,-0.7177057266235352,4.280240162302107e-8,0.6963465213775635,8.738529544416451e-8,1,2.8598593715400967e-8,-0.6963465213775635,8.13758234130546e-8,-0.7177057266235352],8,1.847966194152832],[[754.434814453125,222.74563598632813,45.43976593017578,-0.7269489169120789,3.5565026479389419e-8,0.6866915225982666,7.835137694200967e-8,1,3.1152882939977647e-8,-0.6866915225982666,7.644977984000434e-8,-0.7269489169120789],8,1.8566749095916749],[[754.4124755859375,222.68284606933595,45.42413330078125,-0.6766623854637146,2.138415844399333e-8,0.7362934350967407,6.940939556443482e-8,1,3.4745074373176979e-8,-0.7362934350967407,7.461636641892255e-8,-0.6766623854637146],8,1.8656327724456788],[[754.3933715820313,222.56314086914063,45.405033111572269,-0.6300984621047974,3.513978441560539e-9,0.7765152454376221,5.628542609770193e-8,1,4.1147139029362737e-8,-0.7765152454376221,6.963323784248132e-8,-0.6300984621047974],8,1.876361608505249],[[754.3790893554688,222.46629333496095,45.38797378540039,-0.5620614290237427,-1.125673421142892e-8,0.8270955085754395,4.791865748643431e-8,1,4.61735822909759e-8,-0.8270955085754395,6.558569509707013e-8,-0.5620614290237427],8,1.8850250244140626],[[754.3653564453125,222.3558349609375,45.36873245239258,-0.5461511611938477,-2.1371780789536389e-8,0.8376866579055786,3.964879624618334e-8,1,5.1362903263907359e-8,-0.8376866579055786,6.126517604343462e-8,-0.5461511611938477],8,1.8956632614135743],[[754.3500366210938,222.16458129882813,45.34567642211914,-0.5403125882148743,-3.508952062247772e-8,0.8414644002914429,2.7302323957201226e-8,1,5.9231631155398648e-8,-0.8414644002914429,5.497753008398831e-8,-0.5403125882148743],8,1.9070429801940919],[[754.2964477539063,222.2377471923828,45.26233673095703,-0.5432636141777039,-4.818107868231891e-8,0.839562177658081,1.493530099594409e-8,1,6.705267452389308e-8,-0.839562177658081,4.896639183016305e-8,-0.5432636141777039],8,1.9166216850280762],[[754.2481689453125,222.3318328857422,45.18754577636719,-0.5708218812942505,-5.538173653008016e-8,0.8210739493370056,6.526516216354139e-9,1,7.198769225169599e-8,-0.8210739493370056,4.645090001531571e-8,-0.5708218812942505],8,1.9283990859985352],[[754.176025390625,222.42340087890626,45.082237243652347,-0.5907306671142578,-6.75000535466097e-8,0.8068687915802002,-6.257143247978547e-9,1,7.907576815568973e-8,-0.8068687915802002,4.166378531067494e-8,-0.5907306671142578],8,1.9393632411956788],[[754.1092529296875,222.4738006591797,44.98992919921875,-0.6308320760726929,-7.856598216449129e-8,0.7759193778038025,-1.9374942539229779e-8,1,8.550327379452938e-8,-0.7759193778038025,3.890481536927837e-8,-0.6308320760726929],8,1.949948787689209],[[753.8884887695313,222.15869140625,44.71650695800781,-0.648285984992981,-1.262183957351226e-7,0.7613968849182129,-6.79235583334048e-8,1,1.0793910831807807e-7,-0.7613968849182129,1.825862483428864e-8,-0.648285984992981],8,1.9957947731018067],[[753.82861328125,222.81097412109376,44.64284133911133,-0.7651423811912537,-1.346917031241901e-7,0.6438611149787903,-8.197184087066489e-8,1,1.1178121184229895e-7,-0.6438611149787903,3.275006221770127e-8,-0.7651423811912537],3,2.010023832321167],[[753.7274169921875,223.63299560546876,44.531986236572269,-0.7699661254882813,-1.4842217410659942e-7,0.6380847096443176,-9.021835722933247e-8,1,1.237407758480913e-7,-0.6380847096443176,3.7709252609374747e-8,-0.7699661254882813],5,2.040215492248535],[[753.5064086914063,224.7638397216797,44.33921432495117,-0.8097976446151733,-1.6703317839983357e-7,0.5867092609405518,-9.775860121408187e-8,1,1.4976497197949357e-7,-0.5867092609405518,6.392343721017824e-8,-0.8097976446151733],5,2.0483956336975099],[[753.3118286132813,225.44961547851563,44.21144104003906,-0.8730068802833557,-1.0927200833066309e-7,0.48770785331726076,-6.329885593459039e-8,1,1.1074595107629648e-7,-0.48770785331726076,6.58106316109297e-8,-0.8730068802833557],5,2.0675787925720217],[[753.1427612304688,225.9281768798828,44.12717819213867,-0.94330894947052,-6.021411280698885e-8,0.3319160044193268,-3.423067695962345e-8,1,8.412975915916832e-8,-0.3319160044193268,6.799864138429257e-8,-0.94330894947052],5,2.0821657180786135],[[752.7677001953125,226.7933349609375,44.00896453857422,-0.9437578916549683,1.324110332490136e-8,0.3306373953819275,2.3929885628604098e-8,1,2.8257282735921764e-8,-0.3306373953819275,3.458014674606602e-8,-0.9437578916549683],5,2.105746269226074],[[752.636962890625,227.05445861816407,43.98409652709961,-0.9842845797538757,4.21264267913557e-8,0.17658941447734834,4.450447477211128e-8,1,9.505920495200826e-9,-0.17658941447734834,1.721554987454965e-8,-0.9842845797538757],5,2.1140482425689699],[[752.4385375976563,227.42062377929688,43.95977783203125,-0.9830030798912048,7.753295960810647e-8,0.18358896672725678,7.503933119323847e-8,1,-2.052989955814155e-8,-0.18358896672725678,-6.404561769812744e-9,-0.9830030798912048],5,2.1254026889801027],[[751.7081298828125,228.5009002685547,43.89658737182617,-0.9222144484519959,1.004457672593162e-7,0.3866787552833557,7.595449602604276e-8,1,-7.861677175924342e-8,-0.3866787552833557,-4.3131532123652508e-8,-0.9222144484519959],5,2.1701154708862306],[[751.5750122070313,228.65304565429688,43.890655517578128,-0.9993671178817749,6.3276196726747e-8,-0.035571761429309848,6.637124272401707e-8,1,-8.582777866195102e-8,0.035571761429309848,-8.813439933419431e-8,-0.9993671178817749],5,2.181391954421997],[[751.3756103515625,228.85569763183595,43.89791488647461,-0.9982059001922607,4.6458797697823687e-8,-0.059874650090932849,5.2349960810715859e-8,1,-9.682300117219711e-8,0.059874650090932849,-9.978372617069908e-8,-0.9982059001922607],5,2.1929771900177],[[751.1776733398438,229.02769470214845,43.92483901977539,-0.9959886074066162,2.8692657139117729e-8,-0.08948007225990296,3.849774188324773e-8,1,-1.0785254289658042e-7,0.08948007225990296,-1.1086468987286935e-7,-0.9959886074066162],5,2.2055041790008547],[[751.0465087890625,229.12533569335938,43.9487190246582,-0.9843658804893494,8.842652832186105e-9,-0.17613576352596284,2.9685349289820807e-8,1,-1.1569820657086893e-7,0.17613576352596284,-1.1911802033637287e-7,-0.9843658804893494],5,2.2147181034088136],[[750.9166870117188,229.20933532714845,43.97889709472656,-0.9794114232063294,-4.43359571278279e-9,-0.2018742561340332,2.0971858916141174e-8,1,-1.2370905722036697e-7,0.2018742561340332,-1.2539574356651429e-7,-0.9794114232063294],5,2.225651741027832],[[750.7236328125,229.309814453125,44.03095245361328,-0.981163501739502,-1.860930609609568e-8,-0.19317926466464997,7.765895482236829e-9,1,-1.3577501078998467e-7,0.19317926466464997,-1.347176947774642e-7,-0.981163501739502],5,2.23555326461792],[[750.531982421875,229.37962341308595,44.08802032470703,-0.9701222777366638,-4.10190423849599e-8,-0.24261662364006043,-5.1337254447503259e-9,1,-1.4854175844902785e-7,0.24261662364006043,-1.428581413165375e-7,-0.9701222777366638],5,2.2463974952697756],[[750.3431396484375,229.4187774658203,44.15378952026367,-0.9638990759849548,-6.051495660130968e-8,-0.2662678360939026,-1.8089433950763124e-8,1,-1.6178661610410928e-7,0.2662678360939026,-1.5112932771899069e-7,-0.9638990759849548],5,2.2966055870056154],[[749.6587524414063,229.30007934570313,44.41758728027344,-0.9885526895523071,-3.632031209122033e-8,-0.15087617933750153,-2.6915889961287577e-8,1,-6.437423394345388e-8,0.15087617933750153,-5.9576354516366339e-8,-0.9885526895523071],5,2.3043997287750246],[[749.53759765625,229.2342071533203,44.47246551513672,-0.8889462351799011,-4.650694052088511e-8,-0.4580115079879761,-3.085005317871037e-8,1,-4.1664680594521999e-8,0.4580115079879761,-2.290798484239076e-8,-0.8889462351799011],5,2.316061496734619],[[749.363525390625,229.10986328125,44.57012176513672,-0.8841620087623596,-3.623314626111096e-8,-0.46718037128448489,-3.695678429949112e-8,1,-7.614536556843632e-9,0.46718037128448489,1.0532999361601015e-8,-0.8841620087623596],5,2.3401918411254885],[[748.8070068359375,228.47398376464845,44.937042236328128,-0.9494678974151611,-8.262003525771889e-9,-0.31386420130729678,-4.505877981841877e-8,1,1.0998343213941553e-7,0.31386420130729678,1.1856807446974926e-7,-0.9494678974151611],5,2.3682711124420168],[[748.6995239257813,228.30593872070313,45.01581954956055,-0.7958250641822815,4.1127819372377419e-8,-0.6055265665054321,-5.0387036765187079e-8,1,1.341428941259437e-7,0.6055265665054321,1.3726496206345474e-7,-0.7958250641822815],5,2.3945837020874025],[[748.3955078125,227.7200164794922,45.275508880615237,-0.8402470946311951,3.4312499508359909e-8,-0.5422036051750183,-2.917531460866485e-8,1,1.084960885577857e-7,0.5422036051750183,1.0698249042206953e-7,-0.8402470946311951],5,2.4011991024017336],[[748.1553955078125,227.13809204101563,45.506622314453128,-0.8075395226478577,4.22523491749871e-8,-0.5898134708404541,-1.1961017953865394e-8,1,8.801315232176421e-8,0.5898134708404541,7.812886337887903e-8,-0.8075395226478577],5,2.4242467880249025],[[747.9684448242188,226.61123657226563,45.696746826171878,-0.7831199765205383,4.574922130018422e-8,-0.6218706965446472,1.448959063843347e-9,1,7.174242711016632e-8,0.6218706965446472,5.528185909042804e-8,-0.7831199765205383],5,2.4717891216278078],[[747.5056762695313,225.0556640625,46.17680740356445,-0.8995639681816101,3.568577611190449e-8,-0.43678906559944155,2.7008153935526026e-8,1,2.6077152881498479e-8,0.43678906559944155,1.166120089379774e-8,-0.8995639681816101],5,2.4797885417938234],[[747.411865234375,224.70367431640626,46.27153015136719,-0.7641351222991943,3.6094988331569769e-8,-0.6450561881065369,3.278750781987583e-8,1,1.711618402566728e-8,0.6450561881065369,-8.070707657736876e-9,-0.7641351222991943],5,2.4893226623535158],[[746.8847045898438,222.52418518066407,46.78139877319336,-0.9292070865631104,3.372790757794064e-8,-0.36955946683883669,5.2541562212127249e-8,1,-4.084345306409887e-8,0.36955946683883669,-5.736925601240728e-8,-0.9292070865631104],5,2.535715341567993],[[746.7393188476563,222.509033203125,46.91667556762695,-0.9189119935035706,3.125123271274788e-8,-0.39446255564689639,5.770155908635388e-8,1,-5.519262558095761e-8,0.39446255564689639,-7.347826880277353e-8,-0.9189119935035706],7,2.5456795692443849],[[746.625,222.6669464111328,46.98216247558594,-0.9334547519683838,3.456404229496002e-8,-0.35869523882865908,6.160319543369042e-8,1,-6.39533226376443e-8,0.35869523882865908,-8.179429755728052e-8,-0.9334547519683838],7,2.5549516677856447],[[746.37890625,222.94601440429688,47.083126068115237,-0.9868792295455933,5.152452331458335e-8,-0.16146031022071839,6.574437350082008e-8,1,-8.272764517869291e-8,0.16146031022071839,-9.225730224216022e-8,-0.9868792295455933],7,2.5718307495117189],[[746.24951171875,223.03887939453126,47.11282730102539,-0.9941627383232117,5.716645290476663e-8,-0.1078907921910286,6.748983594206948e-8,1,-9.20322236197535e-8,0.1078907921910286,-9.87765389481865e-8,-0.9941627383232117],7,2.5803170204162599],[[746.1175537109375,223.10617065429688,47.13066482543945,-0.9986310005187988,6.348250281007495e-8,-0.0523083470761776,6.887542980393846e-8,1,-1.0129613770004653e-7,0.0523083470761776,-1.0476022538341567e-7,-0.9986310005187988],8,2.5898420810699465],[[745.784912109375,223.20571899414063,47.15120315551758,-0.9989885091781616,4.8086345572073699e-8,0.044966135174036029,4.460538960415761e-8,1,-7.841622107207513e-8,-0.044966135174036029,-7.633117604655127e-8,-0.9989885091781616],8,2.6099510192871095],[[745.5851440429688,223.28135681152345,47.14603042602539,-0.9961127638816834,2.5133083170203464e-8,0.08808745443820954,2.1234233926747949e-8,1,-4.519816343417915e-8,-0.08808745443820954,-4.3151999307156078e-8,-0.9961127638816834],8,2.6246635913848879],[[744.7218017578125,223.335205078125,47.071659088134769,-0.9849382042884827,-6.103695682213584e-8,0.17290684580802918,-4.8513300043850907e-8,1,7.66560503961955e-8,-0.17290684580802918,6.711319144869776e-8,-0.9849382042884827],8,2.6744441986083986],[[744.6558837890625,223.3380584716797,47.062252044677737,-0.9020107984542847,-7.367362542254341e-8,0.43171343207359316,-4.680248011368349e-8,1,7.286612202506149e-8,-0.43171343207359316,4.552077470520999e-8,-0.9020107984542847],8,2.682795524597168],[[744.4721069335938,223.35202026367188,46.98720169067383,-0.8854621648788452,-6.592032519847635e-8,0.4647114872932434,-4.2355711826758127e-8,1,6.114750306096539e-8,-0.4647114872932434,3.44606121416291e-8,-0.8854621648788452],8,2.692227602005005],[[744.353271484375,223.3608856201172,46.92716598510742,-0.8572371006011963,-6.15848136931163e-8,0.5149218440055847,-3.992474972847049e-8,1,5.313395234907148e-8,-0.5149218440055847,2.49902694093862e-8,-0.8572371006011963],8,2.701237201690674],[[744.238037109375,223.36749267578126,46.86064910888672,-0.8445071578025818,-5.5971074885974306e-8,0.5355443358421326,-3.770331957753115e-8,1,4.505762163375948e-8,-0.5355443358421326,1.7859683509868775e-8,-0.8445071578025818],8,2.7108094692230226],[[744.0689086914063,223.3692626953125,46.75495529174805,-0.8321614861488342,-4.706688017108718e-8,0.5545333623886108,-3.465451214879067e-8,1,3.2872193855837398e-8,-0.5545333623886108,8.137888585224573e-9,-0.8321614861488342],8,2.72001576423645],[[743.9581298828125,223.3551788330078,46.682159423828128,-0.8173737525939941,-4.107105411321754e-8,0.5761078000068665,-3.283717830981914e-8,1,2.470164339740677e-8,-0.5761078000068665,1.2727210396690226e-9,-0.8173737525939941],8,2.731616497039795],[[743.2559814453125,223.23336791992188,46.188758850097659,-0.7817389965057373,-8.870538747984824e-10,0.6236057877540588,-2.4212667426581903e-8,1,-2.8930028150853105e-8,-0.6236057877540588,-3.7714890765983e-8,-0.7817389965057373],8,2.7858810424804689],[[743.1591186523438,223.2035369873047,46.114105224609378,-0.6194883584976196,1.374099944939644e-8,0.7850058674812317,-2.4901456896486708e-8,1,-3.71553419142856e-8,-0.7850058674812317,-4.256509100741823e-8,-0.6194883584976196],8,2.794286012649536],[[743.0830688476563,223.16006469726563,46.0301628112793,-0.5973154902458191,2.1016715479049709e-8,0.8020063638687134,-2.576580016011576e-8,1,-4.5394937586706877e-8,-0.8020063638687134,-4.777943374278948e-8,-0.5973154902458191],8,2.802429676055908],[[742.699462890625,222.6240997314453,45.52116012573242,-0.5784337520599365,5.918352030676033e-8,0.8157293796539307,-3.157042272050603e-8,1,-9.493947317196216e-8,-0.8157293796539307,-8.066911050264025e-8,-0.5784337520599365],8,2.849581718444824],[[742.6585083007813,222.50717163085938,45.46527099609375,-0.5210857391357422,7.075716013105193e-8,0.8535043597221375,-3.3090483242403937e-8,1,-1.0310449738426542e-7,-0.8535043597221375,-8.196915501912372e-8,-0.5210857391357422],8,2.8599274158477785],[[742.6348876953125,222.37661743164063,45.428897857666019,-0.518105149269104,7.721689598838566e-8,0.8553169369697571,-3.463828690541959e-8,1,-1.1126071086664524e-7,-0.8553169369697571,-8.727145939246839e-8,-0.518105149269104],8,2.8761050701141359],[[742.6061401367188,222.0746307373047,45.3818244934082,-0.51060950756073,7.843073746016671e-8,0.8598127365112305,-3.303268059084985e-8,1,-1.1083522366561738e-7,-0.8598127365112305,-8.499543469042692e-8,-0.51060950756073],8,2.8831870555877687],[[742.5230712890625,222.12744140625,45.24229431152344,-0.5045846104621887,4.383223384252233e-8,0.8633622527122498,-1.6557297755070978e-8,1,-6.044599842880416e-8,-0.8633622527122498,-4.479506543475509e-8,-0.5045846104621887],8,2.900203227996826],[[742.4739379882813,222.18499755859376,45.1585