[[[776,222.69961547851563,47,1,-8.693650954683108e-8,7.448625456664068e-14,8.693650954683108e-8,1,-6.200016144930487e-8,-6.909617734744689e-14,6.200016144930487e-8,1],8,0.011760711669921875],[[776,222.69961547851563,47,1,-7.180015160201947e-8,7.385041742632298e-14,7.180015160201947e-8,1,-5.1205422124667169e-8,-7.017386075437032e-14,5.1205422124667169e-8,1],8,0.02787923812866211],[[776,222.69961547851563,47,1,-4.973619027737186e-8,7.306971054697048e-14,4.973619027737186e-8,1,-3.547015126059705e-8,-7.130556453453785e-14,3.547015126059705e-8,1],8,0.05036163330078125],[[776,222.69961547851563,47,1,-1.2994345155448173e-8,7.254249013554509e-14,1.2994345155448173e-8,1,-9.267098199927659e-9,-7.242206915549984e-14,9.267098199927659e-9,1],8,0.05872678756713867],[[776,222.69961547851563,47,1,1.6914034617343532e-9,7.26011319205494e-14,-1.6914034617343532e-9,1,1.206288846589132e-9,-7.259909226521241e-14,-1.206288846589132e-9,1],8,0.06823182106018067],[[776,222.69961547851563,47,1,2.3708260243893166e-8,7.297711968144022e-14,-2.3708260243893166e-8,1,1.6907980793234857e-8,-7.257625625695444e-14,-1.6907980793234857e-8,1],8,0.07963156700134278],[[776,222.69961547851563,47,1,4.571100475914136e-8,7.369812767867023e-14,-4.571100475914136e-8,1,3.2599615451545108e-8,-7.220796633148827e-14,-3.2599615451545108e-8,1],8,0.09177398681640625],[[776,222.69961547851563,47,1,6.03716685532163e-8,7.437015006649464e-14,-6.03716685532163e-8,1,4.3055116805135188e-8,-7.177084312059642e-14,-4.3055116805135188e-8,1],8,0.10294413566589356],[[776,222.69961547851563,47,1,8.23509154201929e-8,7.566471456549664e-14,-8.23509154201929e-8,1,5.872999508937937e-8,-7.08282445281011e-14,-5.872999508937937e-8,1],8,0.11433959007263184],[[776,222.69961547851563,47,1,8.947766616529407e-8,7.627798674809949e-14,-8.947766616529407e-8,1,6.381255701626287e-8,-7.05681850845033e-14,-6.381255701626287e-8,1],8,0.12625360488891602],[[776,222.69961547851563,47,1,5.9420685261102338e-8,7.492602052032796e-14,-5.9420685261102338e-8,1,4.2376886000283778e-8,-7.24079541984668e-14,-4.2376886000283778e-8,1],8,0.14290952682495118],[[776,222.69961547851563,47,1,3.6894800103937089e-8,7.433691249364438e-14,-3.6894800103937089e-8,1,2.6312147127782738e-8,-7.336613142092802e-14,-2.6312147127782738e-8,1],8,0.15394902229309083],[[776,222.69961547851563,47,1,1.4383354951519323e-8,7.410983990114445e-14,-1.4383354951519323e-8,1,1.0257702243166023e-8,-7.39623003142599e-14,-1.0257702243166023e-8,1],8,0.16793489456176759],[[776,222.69961547851563,47,1,-8.113663518827252e-9,7.424390827603586e-14,8.113663518827252e-9,1,-5.786457535350564e-9,-7.419695554570366e-14,5.786457535350564e-9,1],8,0.19194602966308595],[[775.8515014648438,222.69961547851563,47.25120544433594,0.9192972183227539,-4.958565114066005e-8,0.39356404542922976,6.06882011311427e-8,1,-1.5765785121857335e-8,-0.39356404542922976,3.837813622453723e-8,0.9192972183227539],8,0.2056102752685547],[[775.6937255859375,222.69961547851563,47.465213775634769,0.765094518661499,-7.371077259676895e-8,0.643917977809906,9.530319999839776e-8,1,1.2343448485552245e-9,-0.643917977809906,6.042305500386647e-8,0.765094518661499],8,0.22897720336914063],[[775.5614624023438,222.69961547851563,47.61505126953125,0.6326614618301392,-9.10593769276602e-8,0.7744284868240356,1.1744313610506652e-7,1,2.1638699720938349e-8,-0.7744284868240356,7.726134043650745e-8,0.6326614618301392],8,0.2366199493408203],[[775.4170532226563,222.69961547851563,47.753265380859378,0.5043215155601502,-6.784006245652563e-8,0.8635159730911255,8.474566470795253e-8,1,2.9068365492435079e-8,-0.8635159730911255,5.8519432855064227e-8,0.5043215155601502],8,0.2476208209991455],[[775.2659301757813,222.69961547851563,47.88417053222656,0.38505539298057558,-4.4507331153909038e-8,0.9228934645652771,5.2787694215794548e-8,1,2.6201448122264993e-8,-0.9228934645652771,3.862840713964033e-8,0.38505539298057558],8,0.2594566345214844],[[775.056884765625,222.69961547851563,48.04964065551758,0.2423844337463379,-1.3275241350640954e-8,0.9701802730560303,1.3051116631856985e-8,1,1.042265473927273e-8,-0.9701802730560303,1.0135646100195573e-8,0.2423844337463379],8,0.2770357131958008],[[774.8363037109375,222.69961547851563,48.199283599853519,0.12347620725631714,1.793264203797662e-8,0.9923475384712219,-2.2708352531708443e-8,1,-1.5245365858618244e-8,-0.9923475384712219,-2.065213777768804e-8,0.12347620725631714],8,0.2954120635986328],[[774.6050415039063,222.69961547851563,48.33185577392578,-0.44930270314216616,3.497508416216988e-8,0.8933795690536499,-3.624288424930455e-8,1,-5.737663144600447e-8,-0.8933795690536499,-5.815812897935757e-8,-0.44930270314216616],8,0.31095409393310549],[[774.3619384765625,222.69961547851563,48.44089889526367,-0.40771564841270449,6.790768480868792e-8,0.9131089448928833,-5.290864635298931e-8,1,-9.799418165812313e-8,-0.9131089448928833,-8.82651178812921e-8,-0.40771564841270449],8,0.3317685127258301],[[774.1782836914063,222.69961547851563,48.51999282836914,-0.34125664830207827,6.003062225090616e-8,0.9399701356887817,-4.245805840241701e-8,1,-7.927881284786054e-8,-0.9399701356887817,-6.696372878423063e-8,-0.34125664830207827],8,0.3395965099334717],[[774.0536499023438,222.69961547851563,48.56721496582031,-0.34012266993522646,5.070456410294355e-8,0.9403810501098633,-3.5548893606573986e-8,1,-6.677670683075121e-8,-0.9403810501098633,-5.614177567281331e-8,-0.34012266993522646],8,0.3471541404724121],[[773.7402954101563,222.69961547851563,48.68082046508789,-0.2802385687828064,3.060916498043298e-8,0.9599303603172302,-1.6391085821965136e-8,1,-3.6672012981853189e-8,-0.9599303603172302,-2.601121451561994e-8,-0.2802385687828064],8,0.37124204635620119],[[773.5490112304688,222.69961547851563,48.73911666870117,-0.1953357458114624,1.8654892741665209e-8,0.9807364344596863,-3.377585988673104e-9,1,-1.9694033071004925e-8,-0.9807364344596863,-7.159470349904495e-9,-0.1953357458114624],8,0.3810155391693115],[[773.4190063476563,222.69961547851563,48.768184661865237,-0.17301221191883088,9.411667889480669e-9,0.9849196672439575,5.5480144922626099e-9,1,-8.581201527135818e-9,-0.9849196672439575,3.979696128197929e-9,-0.17301221191883088],8,0.3914816379547119],[[773.0909423828125,222.69961547851563,48.82723617553711,-0.12985089421272279,-1.42560026006322e-8,0.9915335178375244,2.9035961190970739e-8,1,1.8180271510459535e-8,-0.9915335178375244,3.115085434046705e-8,-0.12985089421272279],8,0.4085521697998047],[[772.958984375,222.69961547851563,48.84604263305664,-0.11598280817270279,-2.4076864946209754e-8,0.9932512044906616,3.857266506201995e-8,1,2.8744622682097544e-8,-0.9932512044906616,4.1646231352387988e-8,-0.11598280817270279],8,0.418109655380249],[[772.7604370117188,222.69961547851563,48.8699951171875,-0.10904022306203842,-3.844017726351012e-8,0.9940373301506043,5.298039695844636e-8,1,4.448240531473857e-8,-0.9940373301506043,5.7514863982532918e-8,-0.10904022306203842],8,0.43047165870666506],[[772.6279296875,222.69961547851563,48.88480758666992,-0.10904022306203842,-4.781711027135316e-8,0.9940373301506043,6.2580419069036e-8,1,5.496865540521867e-8,-0.9940373301506043,6.820106790428327e-8,-0.10904022306203842],8,0.43875551223754885],[[772.495361328125,222.69961547851563,48.899383544921878,-0.10904022306203842,-5.7190039370880189e-8,0.9940373301506043,7.21763413480403e-8,1,6.545042197103612e-8,-0.9940373301506043,7.888270658895635e-8,-0.10904022306203842],8,0.44669651985168459],[[772.36279296875,222.69961547851563,48.9139289855957,-0.10904022306203842,-6.655896100937753e-8,0.9940373301506043,8.176816379545926e-8,1,7.592771567033196e-8,-0.9940373301506043,8.955978358926586e-8,-0.10904022306203842],8,0.4555385112762451],[[772.1639404296875,223.35189819335938,48.93574142456055,-0.10904022306203842,-8.060484191219075e-8,0.9940373301506043,9.614821294690046e-8,1,9.163525049871169e-8,-0.9940373301506043,1.055668406024779e-7,-0.10904022306203842],3,0.4722731113433838],[[771.8988037109375,224.17391967773438,48.96482467651367,-0.10904020071029663,-9.93186759501441e-8,0.9940373301506043,1.1530728016850844e-7,1,1.1256297938189164e-7,-0.9940373301506043,1.2689363870777016e-7,-0.10904020071029663],5,0.4959242343902588],[[771.6336669921875,224.94143676757813,48.9939079284668,-0.1090402901172638,-8.50966586085633e-8,0.9940373301506043,9.719931881591038e-8,1,9.626932495621077e-8,-0.9940373301506043,1.0711698905652156e-7,-0.1090402901172638],5,0.504051923751831],[[771.434814453125,225.4813232421875,49.01572036743164,-0.109040267765522,-6.621080927970979e-8,0.9940373301506043,7.431882664832301e-8,1,7.476032237718755e-8,-0.9940373301506043,8.202757584285792e-8,-0.109040267765522],5,0.5215725898742676],[[771.169677734375,226.15347290039063,49.044803619384769,-0.10904023796319962,-4.1048501486784519e-8,0.9940373301506043,4.383430862731075e-8,1,4.6103103557015859e-8,-0.9940373301506043,4.860003244289146e-8,-0.10904023796319962],5,0.5309531688690186],[[770.9708251953125,226.62181091308595,49.06661605834961,-0.10904021561145783,-2.2190882020822756e-8,0.9940373301506043,2.098801132888184e-8,1,2.4626256589499463e-8,-0.9940373301506043,2.3548119898464394e-8,-0.10904021561145783],5,0.5430018901824951],[[770.77197265625,227.0594940185547,49.08842849731445,-0.10904019325971604,-3.345346888394829e-9,0.9940373301506043,-1.8436486781681083e-9,1,3.163176165443815e-9,-0.9940373301506043,-1.4877422627179727e-9,-0.10904019325971604],5,0.5552175045013428],[[770.5731201171875,227.46652221679688,49.1102409362793,-0.1090402901172638,1.5488110349792806e-8,0.9940373301506043,-2.466067705597652e-8,1,-1.8286151259871987e-8,-0.9940373301506043,-2.650756059097148e-8,-0.1090402901172638],5,0.5670058727264404],[[770.5068359375,227.5953826904297,49.11751174926758,-0.1090402826666832,2.1763247204376058e-8,0.9940373301506043,-3.226310241188912e-8,1,-2.5432871808561687e-8,-0.9940373301506043,-3.484393573671696e-8,-0.1090402826666832],5,0.5735311508178711],[[770.3079833984375,227.9615478515625,49.13932418823242,-0.1090402603149414,4.058061264800017e-8,0.9940373301506043,-5.506063871507649e-8,1,-4.686387455876684e-8,-0.9940373301506043,-5.984237816392124e-8,-0.1090402603149414],5,0.5827746391296387],[[770.1754150390625,228.18861389160157,49.153865814208987,-0.10904024541378021,5.3118824894227149e-8,0.9940373301506043,-7.025087711554079e-8,1,-6.114357375963664e-8,-0.9940373301506043,-7.64991057167208e-8,-0.10904024541378021],5,0.5926480293273926],[[770.0428466796875,228.40206909179688,49.16840744018555,-0.10904023051261902,6.565167609551281e-8,0.9940373301506043,-8.543462115540024e-8,1,-7.541717650383362e-8,-0.9940373301506043,-9.314871363130806e-8,-0.10904023051261902],5,0.6007046699523926],[[769.9102783203125,228.6018829345703,49.18294906616211,-0.10904021561145783,7.81791769099982e-8,0.9940373301506043,-1.0061188504550955e-7,1,-8.968467568593042e-8,-0.9940373301506043,-1.0979120190768299e-7,-0.10904021561145783],5,0.6089651584625244],[[769.7777099609375,228.7880859375,49.19749069213867,-0.10904020071029663,9.070132023225597e-8,0.9940373301506043,-1.1578266168044138e-7,1,-1.0394607841135439e-7,-0.9940373301506043,-1.2642658475670033e-7,-0.10904020071029663],5,0.617516040802002],[[769.578857421875,229.0418243408203,49.219303131103519,-0.11066760867834091,7.787200217990176e-8,0.9938575029373169,-9.889115659689196e-8,1,-8.936497408740252e-8,-0.9938575029373169,-1.0817352347203269e-7,-0.11066760867834091],5,0.6325459480285645],[[769.313720703125,229.3324737548828,49.248775482177737,-0.11071832478046417,6.106125027827147e-8,0.9938518404960632,-7.637840582219724e-8,1,-6.994778800617496e-8,-0.9938518404960632,-8.36533189385591e-8,-0.11071832478046417],5,0.6553022861480713],[[769.048583984375,229.56861877441407,49.278316497802737,-0.11076907068490982,4.4271686761021559e-8,0.9938461780548096,-5.3881532124933076e-8,1,-5.055117568986134e-8,-0.9938461780548096,-5.914946044072167e-8,-0.11076907068490982],5,0.6620638370513916],[[768.9822998046875,229.619140625,49.285701751708987,-0.11077523231506348,4.0077352991829687e-8,0.9938454627990723,-4.826025801207834e-8,1,-4.5704684481506777e-8,-0.9938454627990723,-5.302618788505242e-8,-0.11077523231506348],5,0.6709778308868408],[[768.783447265625,229.75025939941407,49.307857513427737,-0.11077521741390228,2.750087269021151e-8,0.9938454627990723,-3.140361570785899e-8,1,-3.117146007980409e-8,-0.9938454627990723,-3.466336906399192e-8,-0.11077521741390228],5,0.6797325611114502],[[768.65087890625,229.82064819335938,49.322628021240237,-0.11077553033828736,1.9121030092605907e-8,0.9938454627990723,-2.0171853520878359e-8,1,-2.1487826629140728e-8,-0.9938454627990723,-2.2428030987953208e-8,-0.11077553033828736],5,0.690000057220459],[[768.3857421875,229.92054748535157,49.352169036865237,-0.10762297362089157,2.4509017038099047e-9,0.9941917657852173,2.347396721447126e-9,1,-2.21111062792545e-9,-0.9941917657852173,2.0957962032497336e-9,-0.10762297362089157],5,0.704094648361206],[[768.253173828125,229.95005798339845,49.36659622192383,-0.10739767551422119,-5.918097567558789e-9,0.9942161440849304,1.360040080555791e-8,1,7.4216748302546879e-9,-0.9942161440849304,1.4318808361224456e-8,-0.10739767551422119],5,0.7145373821258545],[[768.12060546875,229.9659423828125,49.380916595458987,-0.10733533650636673,-1.428408236137102e-8,0.99422287940979,2.484916628020528e-8,1,1.7049774925226303e-8,-0.99422287940979,2.6535651898029756e-8,-0.10733533650636673],5,0.7235813140869141],[[767.9217529296875,229.96421813964845,49.40237808227539,-0.10406026244163513,-2.6917428286310497e-8,0.9945709705352783,4.1758372759659326e-8,1,3.143346916090195e-8,-0.9945709705352783,4.480263982031829e-8,-0.10406026244163513],5,0.7378091812133789],[[767.722900390625,229.93185424804688,49.423274993896487,-0.09904912859201431,-3.969309148033062e-8,0.9950825572013855,5.8722729789906228e-8,1,4.5734424247712016e-8,-0.9950825572013855,6.29639202998078e-8,-0.09904912859201431],5,0.7475435733795166],[[767.5238647460938,229.8688201904297,49.44320297241211,-0.09227366745471955,-5.268078595577208e-8,0.9957336783409119,7.576412741627792e-8,1,5.992748697281059e-8,-0.9957336783409119,8.097062220713269e-8,-0.09227366745471955],5,0.7617406845092773],[[767.32470703125,229.77513122558595,49.46181106567383,-0.07395550608634949,-6.678729391751404e-8,0.9972615242004395,9.30040471303073e-8,1,7.386773859252571e-8,-0.9972615242004395,9.821228985629205e-8,-0.07395550608634949],5,0.783984899520874],[[766.9923706054688,229.5508575439453,49.48675537109375,-0.05336469039320946,-8.996822487006284e-8,0.9985750913619995,1.2211252453653288e-7,1,9.662240074703732e-8,-0.9985750913619995,1.270947507236997e-7,-0.05336469039320946],5,0.7936511039733887],[[766.8592529296875,229.43731689453126,49.49418640136719,-0.03875596448779106,-1.0028183794474899e-7,0.9992486834526062,1.3389082198500547e-7,1,1.0555020679703375e-7,-0.9992486834526062,1.3788093156108517e-7,-0.03875596448779106],5,0.8021507263183594],[[766.6594848632813,229.24143981933595,49.50230026245117,-0.016938799992203714,-8.386373195889974e-8,0.9998565316200256,1.0942513029021939e-7,1,8.57295603395869e-8,-0.9998565316200256,1.1086159190654144e-7,-0.016938799992203714],5,0.8116531372070313],[[766.5261840820313,229.0938262939453,49.50510025024414,-0.005484732333570719,-7.213616015633306e-8,0.9999849796295166,9.301071202116873e-8,1,7.26473885492851e-8,-0.9999849796295166,9.340777040733883e-8,-0.005484732333570719],5,0.8222486972808838],[[766.3928833007813,228.93258666992188,49.506168365478519,0.003531588241457939,-5.994753848881374e-8,0.9999937415122986,7.651156153087868e-8,1,5.967770277948148e-8,-0.9999937415122986,7.630032428096456e-8,0.003531588241457939],5,0.8322141170501709],[[766.1929321289063,228.66517639160157,49.505714416503909,0.012071911245584488,-4.1035768560959698e-8,0.9999271035194397,5.162426575111567e-8,1,4.041551093791895e-8,-0.9999271035194397,5.113261281053383e-8,0.012071911245584488],5,0.8451924324035645],[[765.9929809570313,228.3671112060547,49.50345993041992,0.03231718763709068,-2.252972919336571e-8,0.9994776844978333,2.6340149616999043e-8,1,2.168981971806261e-8,-0.9994776844978333,2.562543777173687e-8,0.03231718763709068],5,0.8559281826019287],[[765.8596801757813,228.1513671875,49.49966812133789,0.04517526924610138,-9.815441792682123e-9,0.9989790916442871,9.34366095606265e-9,1,9.402938871971856e-9,-0.9989790916442871,8.909341708829288e-9,0.04517526924610138],5,0.8656346797943115],[[765.659912109375,227.80221557617188,49.49100875854492,0.057094965130090716,9.655873434155638e-9,0.9983687400817871,-1.6350423237554425e-8,1,-8.736598111624972e-9,-0.9983687400817871,-1.5824936028252524e-8,0.057094965130090716],5,0.8770108222961426],[[765.460205078125,227.4224090576172,49.479820251464847,0.08894944936037064,2.9768489895332096e-8,0.9960361123085022,-4.258364683096261e-8,1,-2.6084093107670016e-8,-0.9960361123085022,-4.0094683129154876e-8,0.08894944936037064],5,0.8871819972991943],[[765.3273315429688,227.15216064453126,49.468780517578128,0.10902915894985199,4.367409900396524e-8,0.9940385222434998,-6.028542287594974e-8,1,-3.7323733437233389e-8,-0.9940385222434998,-5.5856656189234857e-8,0.10902915894985199],5,0.8981058597564697],[[765.0621337890625,226.57080078125,49.44021987915039,0.16465511918067933,7.315441052924143e-8,0.9863511919975281,-9.676861623120203e-8,1,-5.801276969918945e-8,-0.9863511919975281,-8.589574207462647e-8,0.16465511918067933],5,0.9149270057678223],[[764.930419921875,226.2596893310547,49.41961669921875,0.19259041547775269,8.881159629936519e-8,0.9812792539596558,-1.152962099126853e-7,1,-6.787736595015304e-8,-0.9812792539596558,-1.0006525030803459e-7,0.19259041547775269],5,0.9253139495849609],[[764.7340087890625,225.76747131347657,49.381839752197269,0.21789777278900147,9.939658696112019e-8,0.9759715795516968,-1.279186108149588e-7,1,-7.328431195219309e-8,-0.9759715795516968,-1.0887644208423808e-7,0.21789777278900147],5,0.9356048107147217],[[764.5386962890625,225.24459838867188,49.338722229003909,0.24365802109241486,8.66754916728496e-8,0.9698612093925476,-1.0906848757485932e-7,1,-6.196771806799006e-8,-0.9698612093925476,-9.068236295206589e-8,0.24365802109241486],5,0.9467513561248779],[[764.3446044921875,224.69107055664063,49.290489196777347,0.24285849928855897,7.083216502223877e-8,0.970061719417572,-9.037037074222099e-8,1,-5.0393651918057e-8,-0.970061719417572,-7.542630697798814e-8,0.24285849928855897],5,0.960158109664917],[[764.152587890625,224.10687255859376,49.23447036743164,0.24560904502868653,5.4998967158326198e-8,0.9693689942359924,-7.185262518305535e-8,1,-3.8531574375610947e-8,-0.9693689942359924,-6.018800746687703e-8,0.24560904502868653],5,0.9790947437286377],[[763.897216796875,223.2802734375,49.15767288208008,0.2510482966899872,3.3903798879464378e-8,0.9679745435714722,-4.7168779104822536e-8,1,-2.2792084664047253e-8,-0.9679745435714722,-3.993626407350348e-8,0.2510482966899872],5,0.9871926307678223],[[763.7698974609375,222.84654235839845,49.11807632446289,0.2541120946407318,2.3363027068512566e-8,0.967174768447876,-3.4799544579300348e-8,1,-1.501284074834075e-8,-0.967174768447876,-2.9842297522009179e-8,0.2541120946407318],7,0.9975407123565674],[[763.6427001953125,222.5082244873047,49.077964782714847,0.257269948720932,1.2826840034563247e-8,0.9663395881652832,-2.2405551192150598e-8,1,-7.308575522557703e-9,-0.9663395881652832,-1.9771093207054947e-8,0.257269948720932],7,1.0070724487304688],[[763.5155029296875,222.43919372558595,49.0380859375,0.26021257042884829,2.295268419771901e-9,0.9655513763427734,-9.98456872736142e-9,1,3.136464976627451e-10,-0.9655513763427734,-9.722228355713014e-9,0.26021257042884829],7,1.0155277252197266],[[763.3883056640625,222.46005249023438,48.998291015625,0.2629223167896271,-8.23166956820387e-9,0.9648169875144959,2.4593191927380077e-9,1,7.861656214913637e-9,-0.9648169875144959,3.0578795051638965e-10,0.2629223167896271],7,1.0246930122375489],[[763.260986328125,222.50401306152345,48.9585075378418,0.2654308080673218,-1.875395838624172e-8,0.9641299247741699,1.4922187929755638e-8,1,1.5343523784849823e-8,-0.9641299247741699,1.0314284537571439e-8,0.2654308080673218],7,1.0330796241760255],[[763.0700073242188,222.5672149658203,48.89883804321289,0.26888588070869448,-3.4528660819432847e-8,0.9631720185279846,3.364569423069952e-8,1,2.6456133284114004e-8,-0.9631720185279846,2.529291265318534e-8,0.26888588070869448],8,1.043337345123291],[[762.9426879882813,222.6000518798828,48.85905838012695,0.27098822593688967,-4.503929673660423e-8,0.9625826478004456,4.6143153298316977e-8,1,3.379974344852599e-8,-0.9625826478004456,3.5257269104249647e-8,0.27098822593688967],8,1.0528836250305176],[[762.751708984375,222.6356964111328,48.79938888549805,0.27386611700057986,-6.079650916035462e-8,0.961767852306366,6.490601123232409e-8,1,4.473111658853668e-8,-0.961767852306366,5.0174179477835426e-8,0.27386611700057986],8,1.0624275207519532],[[762.5607299804688,222.65892028808595,48.73971939086914,0.2764556407928467,-7.654323042061151e-8,0.961026668548584,8.368320436602517e-8,1,5.5574453483586697e-8,-0.961026668548584,6.505791816380224e-8,0.2764556407928467],8,1.07743501663208],[[762.3060913085938,222.67745971679688,48.660160064697269,0.2795184254646301,-8.412305163574274e-8,0.9601403474807739,9.368659448227845e-8,1,6.03411010047239e-8,-0.9601403474807739,7.308582894438587e-8,0.2795184254646301],8,1.0940289497375489],[[762.0514526367188,222.6875762939453,48.58060073852539,0.28217682242393496,-5.151642668010936e-8,0.9593624472618103,5.850555595543483e-8,1,3.6490398258592907e-8,-0.9593624472618103,4.583128898616451e-8,0.28217682242393496],8,1.1191761493682862],[[761.7328491210938,222.69403076171876,48.48262405395508,0.28439176082611086,-1.0800339289573913e-8,0.9587081670761108,1.443472008588742e-8,1,6.983589262432588e-9,-0.9587081670761108,1.1852608672313636e-8,0.28439176082611086],8,1.137772560119629],[[761.54150390625,222.69610595703126,48.42422103881836,0.2852865159511566,1.3607316162733696e-8,0.9584422707557678,-1.2025457962749897e-8,1,-1.061786925049546e-8,-0.9584422707557678,-8.49657322277153e-9,0.2852865159511566],8,1.1453440189361573],[[761.4143676757813,222.69703674316407,48.38400650024414,0.2862478196620941,2.986994118714392e-8,0.958155632019043,-2.967503398565441e-8,1,-2.2309036395995464e-8,-0.958155632019043,-2.2047387915336004e-8,0.2862478196620941],8,1.1518776416778565],[[761.2239379882813,222.697998046875,48.32307434082031,0.3304433822631836,5.5226877293534929e-8,0.9438258409500122,-5.6906095835529416e-8,1,-3.8590421524986598e-8,-0.9438258409500122,-4.0957491620474687e-8,0.3304433822631836],8,1.1652796268463135],[[761.0347900390625,222.69862365722657,48.25804901123047,0.32997599244117739,7.956352732207961e-8,0.9439893364906311,-8.409890739358161e-8,1,-5.488717746970906e-8,-0.9439893364906311,-6.127702079083974e-8,0.32997599244117739],8,1.182990550994873],[[760.8460083007813,222.69900512695313,48.19212341308594,0.35939526557922366,7.726001172159158e-8,0.9331854581832886,-8.140058582739585e-8,1,-5.144211101537621e-8,-0.9331854581832886,-5.7473787506978627e-8,0.35939526557922366],8,1.1910040378570557],[[760.72119140625,222.6991729736328,48.14522171020508,0.37075963616371157,6.566052235257303e-8,0.9287288784980774,-6.937802510265101e-8,1,-4.3002813754355887e-8,-0.9287288784980774,-4.8489663839745847e-8,0.37075963616371157],8,1.1993942260742188],[[760.5352172851563,222.69937133789063,48.071659088134769,0.3788551986217499,4.7648587297999259e-8,0.9254559874534607,-5.1243805643252929e-8,1,-3.0508861215139407e-8,-0.9254559874534607,-3.586544394806879e-8,0.3788551986217499],8,1.2112672328948975],[[760.4117431640625,222.699462890625,48.02145004272461,0.37885400652885439,3.5366586104146339e-8,0.9254564642906189,-3.916075996812651e-8,1,-2.218405192877526e-8,-0.9254564642906189,-2.7837060656565883e-8,0.37885400652885439],8,1.220761775970459],[[760.2266235351563,222.69955444335938,47.94572448730469,0.37885385751724245,1.695349283181713e-8,0.9254565238952637,-2.1045867271141107e-8,1,-9.703517989123612e-9,-0.9254565238952637,-1.5800820207800826e-8,0.37885385751724245],8,1.2297804355621338],[[760.1032104492188,222.6995849609375,47.89521026611328,0.3788537383079529,4.684654886233375e-9,0.9254565834999085,-8.975722387560836e-9,1,-1.3876059190565116e-9,-0.9254565834999085,-7.780941224666549e-9,0.3788537383079529],8,1.2382011413574219],[[759.9797973632813,222.69961547851563,47.844696044921878,0.38369810581207278,-7.538229596093516e-9,0.9234585762023926,3.1326585769875239e-9,1,6.861416768089157e-9,-0.9234585762023926,2.6016785947824419e-10,0.38369810581207278],8,1.2484095096588135],[[759.8566284179688,222.69964599609376,47.793701171875,0.386922687292099,-1.979744368441061e-8,0.9221121668815613,1.5264605579545788e-8,1,1.5064568259504086e-8,-0.9221121668815613,8.246854754645483e-9,0.386922687292099],8,1.25748610496521],[[759.6721801757813,222.69964599609376,47.716468811035159,0.393354207277298,-3.823227245902672e-8,0.9193869829177856,3.353826727447995e-8,1,2.7235376620637909e-8,-0.9193869829177856,2.012149735719504e-8,0.393354207277298],8,1.2678778171539307],[[759.4882202148438,222.69964599609376,47.6380500793457,0.3949612081050873,-5.663332558469847e-8,0.9186977744102478,5.1821459123857497e-8,1,3.936643366841963e-8,-0.9186977744102478,3.206004706157728e-8,0.3949612081050873],8,1.2833421230316163],[[759.2431640625,222.69964599609376,47.532798767089847,0.39656612277030947,-8.115885918869026e-8,0.918006181716919,7.62090337502741e-8,1,5.5486484740185918e-8,-0.918006181716919,4.795630204057488e-8,0.39656612277030947],8,1.3040874004364014],[[759.0595092773438,222.69964599609376,47.453548431396487,0.39656612277030947,-9.949733481562362e-8,0.918006181716919,9.448604032513686e-8,1,6.75674911576607e-8,-0.918006181716919,5.994378682316892e-8,0.39656612277030947],8,1.310797929763794],[[758.9370727539063,222.69964599609376,47.40067672729492,0.39656612277030947,-9.63362865036288e-8,0.918006181716919,9.190406302650445e-8,1,6.523948314907102e-8,-0.918006181716919,5.849673101465669e-8,0.39656612277030947],8,1.3208332061767579],[[758.8146362304688,222.69964599609376,47.34780502319336,0.39656612277030947,-7.779969024568345e-8,0.918006181716919,7.456620210177789e-8,1,5.253696855334056e-8,-0.918006181716919,4.761785277196395e-8,0.39656612277030947],8,1.3288111686706544],[[758.6309814453125,222.69964599609376,47.268497467041019,0.3949611783027649,-4.992631730260655e-8,0.9186978340148926,4.8606622726765639e-8,1,3.344798216176059e-8,-0.9186978340148926,3.1444145065506748e-8,0.3949611783027649],8,1.3394527435302735],[[758.508544921875,222.69964599609376,47.215782165527347,0.39014172554016116,-3.124406688925774e-8,0.9207548499107361,3.137636994665627e-8,1,2.0638324826904865e-8,-0.9207548499107361,2.0838072600781744e-8,0.39014172554016116],8,1.3492381572723389],[[758.324462890625,222.69964599609376,47.1375617980957,0.3869253993034363,-3.410785209823075e-9,0.9221110343933106,5.611980657960203e-9,1,1.3440543122911209e-9,-0.9221110343933106,4.654820529026438e-9,0.3869253993034363],8,1.3595733642578126],[[758.2015380859375,222.69964599609376,47.08584976196289,0.3837006986141205,1.5102518347021033e-8,0.9234575033187866,-1.1510074671150506e-8,1,-1.1571831493029095e-8,-0.9234575033187866,-6.188945356200293e-9,0.3837006986141205],8,1.369988203048706],[[758.0169067382813,222.69964599609376,47.008968353271487,0.380472332239151,4.2811510780893516e-8,0.9247922897338867,-3.7111639983322678e-8,1,-3.1024868007989428e-8,-0.9247922897338867,-2.2516456255061713e-8,0.380472332239151],8,1.3807861804962159],[[757.8319702148438,222.69964599609376,46.932743072509769,0.37885621190071108,7.048504357953789e-8,0.9254555702209473,-6.266279228839267e-8,1,-5.0510102767020729e-8,-0.9254555702209473,-3.8855564099549159e-8,0.37885621190071108],8,1.392167568206787],[[757.7085571289063,222.69964599609376,46.88216781616211,0.3756202161312103,8.881427504547901e-8,0.9267736673355103,-7.964233361690276e-8,1,-6.355273285407748e-8,-0.9267736673355103,-4.99387269314866e-8,0.3756202161312103],8,1.40352201461792],[[757.3379516601563,222.69964599609376,46.73177719116211,0.3675101101398468,6.522025586264135e-8,0.9300194978713989,-5.9146273656551787e-8,1,-4.6755364024875237e-8,-0.9300194978713989,-3.78241225007514e-8,0.3675101101398468],8,1.4264271259307862],[[757.152099609375,222.69964599609376,46.65796661376953,0.36100253462791445,4.5540481607986297e-8,0.9325648546218872,-4.190401270420807e-8,1,-3.2612238243245886e-8,-0.9325648546218872,-2.7305107508368566e-8,0.36100253462791445],8,1.4468820095062256],[[756.903564453125,222.69964599609376,46.561431884765628,0.3544798493385315,1.9482811808302359e-8,0.9350636601448059,-1.906368218840271e-8,1,-1.3608827842404026e-8,-0.9350636601448059,-1.3001701049120129e-8,0.3544798493385315],8,1.4550259113311768],[[756.7789916992188,222.69964599609376,46.513938903808597,0.3528444170951843,6.535422425457682e-9,0.9356819987297058,-7.667458667981464e-9,1,-4.093273719973922e-9,-0.9356819987297058,-5.730014684957041e-9,0.3528444170951843],8,1.4642226696014405],[[756.6542358398438,222.69964599609376,46.46680450439453,0.3495739996433258,-6.4037353197932138e-9,0.9369087815284729,3.690601158012896e-9,1,5.4579456509884498e-9,-0.9369087815284729,1.5498008432146549e-9,0.3495739996433258],8,1.4741549491882325],[[756.4669189453125,222.69964599609376,46.396751403808597,0.34793969988822939,-2.5769333333869328e-8,0.9375169277191162,2.0693597946319643e-8,1,1.980679797952689e-8,-0.9375169277191162,1.250902759153405e-8,0.34793969988822939],8,1.484178066253662],[[756.3419189453125,222.69964599609376,46.35029602050781,0.3463020920753479,-3.865276099190851e-8,0.9381230473518372,3.200616660592459e-8,1,2.9387360100940897e-8,-0.9381230473518372,1.9848815924206066e-8,0.3463020920753479],8,1.4937717914581299],[[756.154296875,222.69964599609376,46.28096389770508,0.3463020920753479,-5.8000395597446189e-8,0.9381230473518372,4.8965954846380558e-8,1,4.375053208605095e-8,-0.9381230473518372,3.078519128507651e-8,0.3463020920753479],8,1.5050482749938965],[[756.0291748046875,222.69964599609376,46.23478698730469,0.34302204847335818,-7.078400443560895e-8,0.9393273591995239,6.023293508405914e-8,1,5.336029218483418e-8,-0.9393273591995239,3.827468475492424e-8,0.34302204847335818],8,1.5142347812652588],[[755.9039306640625,222.69964599609376,46.18893814086914,0.33809319138526919,-8.346840729700489e-8,0.9411126375198364,7.144458891161776e-8,1,6.302484933939923e-8,-0.9411126375198364,4.5929130720878678e-8,0.33809319138526919],8,1.524406909942627],[[755.7157592773438,222.69964599609376,46.12111282348633,0.3348037600517273,-1.0262618133083379e-7,0.9422878623008728,8.820237695772448e-8,1,7.757257236562509e-8,-0.9422878623008728,5.714043993521045e-8,0.3348037600517273],8,1.5337655544281006],[[755.5901489257813,222.69964599609376,46.07634735107422,0.3298631012439728,-9.92980631053797e-8,0.9440287947654724,8.560697750681357e-8,1,7.527258105710644e-8,-0.9440287947654724,5.598580443688661e-8,0.3298631012439728],8,1.545217514038086],[[755.4014282226563,222.69964599609376,46.010169982910159,0.31498247385025027,-7.002523005894546e-8,0.9490975141525269,6.14982909041828e-8,1,5.337106756542198e-8,-0.9490975141525269,4.155692678864398e-8,0.31498247385025027],8,1.5570402145385743],[[755.2117919921875,222.69964599609376,45.946598052978519,0.3033544421195984,-4.114957619094639e-8,0.9528778195381165,3.767447154245929e-8,1,3.11906305228149e-8,-0.9528778195381165,2.6437351863251025e-8,0.3033544421195984],8,1.5673635005950928],[[755.0848999023438,222.69964599609376,45.905723571777347,0.2933526635169983,-2.1972175190398958e-8,0.9560043215751648,2.1956148898993889e-8,1,1.6246037404243908e-8,-0.9560043215751648,1.6224355192662189e-8,0.2933526635169983],8,1.5776214599609376],[[754.8944702148438,223.3519287109375,45.844703674316409,0.26988911628723147,6.763125615094623e-9,0.9628913998603821,-1.0538637740253876e-9,1,-6.728380075315954e-9,-0.9628913998603821,8.011601937418789e-10,0.26988911628723147],3,1.593310832977295],[[754.6381225585938,224.1739501953125,45.77135467529297,0.2469085454940796,4.4527237008651358e-8,0.9690387845039368,-3.096678113934104e-8,1,-3.805964965408748e-8,-0.9690387845039368,-2.061076109782789e-8,0.2469085454940796],5,1.6136884689331055],[[754.3798217773438,224.94146728515626,45.705116271972659,0.2223677784204483,8.163019060702936e-8,0.9749628305435181,-6.009867803413727e-8,1,-7.001926149996507e-8,-0.9749628305435181,-4.302395240074475e-8,0.2223677784204483],5,1.6225354671478272],[[754.2499389648438,225.30479431152345,45.675010681152347,0.20999203622341157,9.986976579057228e-8,0.9777030944824219,-7.444339189532912e-8,1,-8.61583089317719e-8,-0.9777030944824219,-5.46909788567973e-8,0.20999203622341157],5,1.631345510482788],[[754.054443359375,225.82423400878907,45.632713317871097,0.19980359077453614,1.2747565847348597e-7,0.9798359870910645,-9.565911796016735e-8,1,-1.1059261595391945e-7,-0.9798359870910645,-7.163343695992808e-8,0.19980359077453614],5,1.6441762447357178],[[753.793212890625,226.46913146972657,45.579322814941409,0.18660087883472444,1.168946326401965e-7,0.9824358224868774,-8.812011031977818e-8,1,-1.0224723467899821e-7,-0.9824358224868774,-6.749292680297003e-8,0.18660087883472444],5,1.6572201251983643],[[753.6622924804688,226.77114868164063,45.554195404052737,0.1852843463420868,1.0418999352168612e-7,0.9826849699020386,-7.842250226985925e-8,1,-9.123934319177352e-8,-0.9826849699020386,-6.015938680548061e-8,0.1852843463420868],5,1.6694233417510987],[[753.4658203125,227.1986083984375,45.51714324951172,0.18504194915294648,8.529653428013262e-8,0.9827306270599365,-6.384271955539589e-8,1,-7.47742561202358e-8,-0.9827306270599365,-4.8903817884138337e-8,0.18504194915294648],5,1.6807866096496583],[[753.3348388671875,227.466552734375,45.492488861083987,0.18158626556396485,7.254455169913854e-8,0.9833750128746033,-5.416869441887684e-8,1,-6.37684109960901e-8,-0.9833750128746033,-4.1688672069994939e-8,0.18158626556396485],5,1.6899235248565674],[[753.2037353515625,227.7208709716797,45.46818161010742,0.18151432275772096,5.997158325499186e-8,0.9833883047103882,-4.449427848385312e-8,1,-5.277186687635549e-8,-0.9833883047103882,-3.417630267676941e-8,0.18151432275772096],5,1.6980233192443848],[[753.0726318359375,227.96157836914063,45.443973541259769,0.18146196007728578,4.740765646715772e-8,0.9833979606628418,-3.482129784515564e-8,1,-4.1782591608807709e-8,-0.9833979606628418,-2.6661242102932193e-8,0.18146196007728578],5,1.7057273387908936],[[752.8759765625,228.2970733642578,45.407684326171878,0.18144620954990388,2.857524528110389e-8,0.9834008812904358,-2.0318374538419449e-8,1,-2.5308654727496106e-8,-0.9834008812904358,-1.5388947005590127e-8,0.18144620954990388],5,1.717078447341919],[[752.744873046875,228.5037078857422,45.38349151611328,0.18143683671951295,1.602732524474959e-8,0.9834026098251343,-1.065480237372185e-8,1,-1.4332025344288013e-8,-0.9834026098251343,-7.877602570260933e-9,0.18143683671951295],5,1.7264630794525147],[[752.61376953125,228.69671630859376,45.35929870605469,0.18143562972545625,3.4849276797643826e-9,0.9834028482437134,-9.95344251464303e-10,1,-3.360105083061171e-9,-0.9834028482437134,-3.69181546444608e-10,0.18143562972545625],5,1.7345173358917237],[[752.482666015625,228.8760986328125,45.335105895996097,0.18143530189990998,-9.05209507351401e-9,0.9834029078483582,8.659987393855318e-9,1,7.607124707931235e-9,-0.9834029078483582,7.136055746315151e-9,0.18143530189990998],5,1.7442877292633057],[[752.3515625,229.04185485839845,45.3109130859375,0.18143518269062043,-2.1583758780252539e-8,0.9834029078483582,1.831119256223701e-8,1,1.8569666693224464e-8,-0.9834029078483582,1.4638088963181417e-8,0.18143518269062043],5,1.7547078132629395],[[752.1549072265625,229.26495361328126,45.27462387084961,0.17982499301433564,-4.034558998000648e-8,0.9836986064910889,3.275480509046247e-8,1,3.502643508568326e-8,-0.9836986064910889,2.5922227919750186e-8,0.17982499301433564],5,1.7642908096313477],[[752.0238037109375,229.3966522216797,45.25060272216797,0.17976020276546479,-5.2860997357129239e-8,0.9837104678153992,4.2377482856181817e-8,1,4.599240810421179e-8,-0.9837104678153992,3.3419567557757549e-8,0.17976020276546479],5,1.7749710083007813],[[751.8271484375,229.5686492919922,45.21465301513672,0.17973630130290986,-7.162689996675908e-8,0.9837148189544678,5.6801592762667499e-8,1,6.24343527988458e-8,-0.9837148189544678,4.465485048399387e-8,0.17973630130290986],5,1.7845253944396973],[[751.696044921875,229.66629028320313,45.19068908691406,0.1797201931476593,-8.413090313297289e-8,0.9837177991867065,6.641192840106669e-8,1,7.339029650665907e-8,-0.9837177991867065,5.214087295257741e-8,0.1797201931476593],5,1.7946927547454835],[[751.4993896484375,229.7871856689453,45.15474319458008,0.1797184944152832,-1.0287801899266924e-7,0.9837180972099304,8.081948976723652e-8,1,8.9815628712131e-8,-0.9837180972099304,6.336205871093625e-8,0.1797184944152832],5,1.8059422969818116],[[751.3682861328125,229.85076904296876,45.13077926635742,0.17971904575824738,-1.153695450284431e-7,0.9837179780006409,9.041935555842429e-8,1,1.0076004031134289e-7,-0.9837179780006409,7.083865227741626e-8,0.17971904575824738],5,1.8152360916137696],[[751.171630859375,229.9205780029297,45.09483337402344,0.17971785366535188,-1.340966946372646e-7,0.98371821641922,1.048114341983819e-7,1,1.171679144817972e-7,-0.98371821641922,8.204774815112614e-8,0.17971785366535188],5,1.8286168575286866],[[750.909423828125,229.96597290039063,45.046905517578128,0.1797187626361847,-1.2840533258895449e-7,0.9837180376052856,1.0013254581053843e-7,1,1.1223707474528055e-7,-0.9837180376052856,7.833108384147636e-8,0.1797187626361847],5,1.8556430339813233],[[750.5816650390625,229.94607543945313,44.986995697021487,0.17971745133399964,-8.30151378750088e-8,0.9837182760238648,6.448806288972264e-8,1,7.260769052663818e-8,-0.9837182760238648,5.038921457867218e-8,0.17971745133399964],5,1.8630568981170655],[[750.51611328125,229.931884765625,44.975013732910159,0.17971782386302949,-7.394295664653328e-8,0.98371821641922,5.7363727989923066e-8,1,6.468689406347039e-8,-0.98371821641922,4.480435578102515e-8,0.17971782386302949],5,1.8715286254882813],[[750.3194580078125,229.8688507080078,44.93906784057617,0.1797179877758026,-4.67379912549859e-8,0.9837181568145752,3.5999860870106207e-8,1,4.093466188237471e-8,-0.9837181568145752,2.8057021594918298e-8,0.1797179877758026],5,1.883479118347168],[[750.122802734375,229.77516174316407,44.90312194824219,0.17649658024311067,-1.9452246036166799e-8,0.9843012690544128,1.4738081866028097e-8,1,1.7119782924623906e-8,-0.9843012690544128,1.1485129292054808e-8,0.17649658024311067],5,1.9017035961151124],[[749.8603515625,229.60255432128907,44.855979919433597,0.1717088520526886,1.6833254790071807e-8,0.9851477146148682,-1.3427468914528618e-8,1,-1.474665989320556e-8,-0.9851477146148682,-1.0695908159163992e-8,0.1717088520526886],5,1.9100263118743897],[[749.59765625,229.37545776367188,44.81014633178711,0.1650676429271698,5.294275595701947e-8,0.986282229423523,-4.135983289188516e-8,1,-4.6756987615026449e-8,-0.986282229423523,-3.3074400107580007e-8,0.1650676429271698],5,1.9266180992126465],[[749.4004516601563,229.16937255859376,44.777034759521487,0.16124919056892396,7.992153427949234e-8,0.9869137406349182,-6.220120241096083e-8,1,-7.081838759859238e-8,-0.9869137406349182,-4.996781655108862e-8,0.16124919056892396],5,1.9376754760742188],[[749.2688598632813,229.0149383544922,44.75546646118164,0.1525939404964447,9.753055962846702e-8,0.9882889986038208,-7.595851769792717e-8,1,-8.69581242568529e-8,-0.9882889986038208,-6.179968181641016e-8,0.1525939404964447],5,1.9474902153015137],[[749.1371459960938,228.84689331054688,44.73486328125,0.14738216996192933,1.1524276288810143e-7,0.9890795946121216,-8.962396691458707e-8,1,-1.031603389378688e-7,-0.9890795946121216,-7.344124952624043e-8,0.14738216996192933],5,1.9569706916809083],[[748.9393920898438,228.5692596435547,44.70521926879883,0.14071433246135713,1.2649427105770884e-7,0.9900502562522888,-9.818135282557705e-8,1,-1.1381113296238255e-7,-0.9900502562522888,-8.118961147829396e-8,0.14071433246135713],5,1.967193603515625],[[748.8074340820313,228.3671417236328,44.68629455566406,0