[[[776,222.69961547851563,47,1,0,0,0,1,0,0,0,1],8,0.0046617984771728519],[[776,222.69961547851563,47,1,0,0,0,1,0,0,0,1],8,0.01776909828186035],[[776,222.69961547851563,47,1,0,0,0,1,0,0,0,1],8,0.0374760627746582],[[776,222.69961547851563,47,1,0,0,0,1,0,0,0,1],8,0.04362034797668457],[[776,222.69961547851563,47,1,0,0,0,1,0,0,0,1],8,0.05001115798950195],[[776,222.69961547851563,47,1,0,0,0,1,0,0,0,1],8,0.06190204620361328],[[776,222.69961547851563,47,1,0,0,0,1,0,0,0,1],8,0.0706639289855957],[[776,222.69961547851563,47,1,0,0,0,1,0,0,0,1],8,0.0782628059387207],[[776,222.69961547851563,47,1,0,0,0,1,0,0,0,1],8,0.08933138847351074],[[776,222.69961547851563,47,1,0,0,0,1,0,0,0,1],8,0.09806990623474121],[[776,222.69961547851563,47,1,0,0,0,1,0,0,0,1],8,0.10730576515197754],[[776,222.69961547851563,47,1,0,0,0,1,0,0,0,1],8,0.11793279647827149],[[776,222.69961547851563,47,1,0,0,0,1,0,0,0,1],8,0.12836503982543946],[[776,222.69961547851563,47,1,0,0,0,1,0,0,0,1],8,0.13884449005126954],[[776,222.69961547851563,47,1,0,0,0,1,0,0,0,1],8,0.14604854583740235],[[776,222.69961547851563,47,1,0,0,0,1,0,0,0,1],8,0.158583402633667],[[776,222.69961547851563,47,1,0,0,0,1,0,0,0,1],8,0.16527891159057618],[[776,222.69961547851563,47,1,0,0,0,1,0,0,0,1],8,0.1754753589630127],[[776,222.69961547851563,47,1,0,0,0,1,0,0,0,1],8,0.18533754348754884],[[776,222.69961547851563,47,1,0,0,0,1,0,0,0,1],8,0.1930091381072998],[[776,222.69961547851563,47,1,0,0,0,1,0,0,0,1],8,0.20381760597229005],[[776,222.69961547851563,47,1,0,0,0,1,0,0,0,1],8,0.21287059783935548],[[776,222.69961547851563,47,1,0,0,0,1,0,0,0,1],8,0.22131729125976563],[[776,222.69961547851563,47,1,0,0,0,1,0,0,0,1],8,0.23212814331054688],[[776,222.69961547851563,47,1,0,0,0,1,0,0,0,1],8,0.24120855331420899],[[776,222.69961547851563,47,1,0,0,0,1,0,0,0,1],8,0.2524845600128174],[[776,222.69961547851563,47,1,0,0,0,1,0,0,0,1],8,0.26549291610717776],[[776,222.69961547851563,47,1,0,0,0,1,0,0,0,1],8,0.28371524810791018],[[776,222.69961547851563,47,1,0,0,0,1,0,0,0,1],8,0.29093265533447268],[[776,222.69961547851563,47,1,0,0,0,1,0,0,0,1],8,0.2992832660675049],[[776,222.69961547851563,47,1,0,0,0,1,0,0,0,1],8,0.3073554039001465],[[776,222.69961547851563,47,1,0,0,0,1,0,0,0,1],8,0.31783056259155276],[[776,222.69961547851563,47,1,0,0,0,1,0,0,0,1],8,0.3277318477630615],[[776,222.69961547851563,47,1,0,0,0,1,0,0,0,1],8,0.3357834815979004],[[776,222.69961547851563,47,1,0,0,0,1,0,0,0,1],8,0.34519290924072268],[[776,222.69961547851563,47,1,0,0,0,1,0,0,0,1],8,0.35390186309814455],[[776,222.69961547851563,47,1,0,0,0,1,0,0,0,1],8,0.36471128463745119],[[776,222.69961547851563,47,1,0,0,0,1,0,0,0,1],8,0.37265658378601076],[[776,222.69961547851563,47,1,0,0,0,1,0,0,0,1],8,0.3899991512298584],[[776,222.69961547851563,47,1,0,0,0,1,0,0,0,1],8,0.39636659622192385],[[776,222.69961547851563,47,1,0,0,0,1,0,0,0,1],8,0.4062461853027344],[[776,222.69961547851563,47,1,0,0,0,1,0,0,0,1],8,0.41733860969543459],[[775.9065551757813,222.69961547851563,47.038360595703128,0.9924829602241516,0,0.12238284200429917,0,1,0,-0.12238284200429917,0,0.9924829602241516],8,0.43139219284057619],[[775.7310791015625,222.69961547851563,47.11317443847656,0.9561002850532532,0,0.2930397391319275,0,1,0,-0.2930397391319275,0,0.9561002850532532],8,0.44759607315063479],[[775.5477294921875,222.69961547851563,47.191810607910159,0.8917392492294312,0,0.4525495767593384,0,1,0,-0.4525495767593384,0,0.8917392492294312],8,0.45360398292541506],[[775.4251708984375,222.69961547851563,47.24436569213867,0.8386371731758118,0,0.5446904301643372,0,1,0,-0.5446904301643372,0,0.8386371731758118],8,0.4607725143432617],[[775.3026123046875,222.69961547851563,47.296932220458987,0.7809404134750366,0,0.6246055364608765,0,1,0,-0.6246055364608765,0,0.7809404134750366],8,0.46945643424987795],[[775.1800537109375,222.69961547851563,47.3494987487793,0.7205618619918823,0,0.6933906674385071,0,1,0,-0.6933906674385071,0,0.7205618619918823],8,0.47902774810791018],[[775.0574951171875,222.69961547851563,47.40206527709961,0.6590347290039063,0,0.7521125078201294,0,1,0,-0.7521125078201294,0,0.6590347290039063],8,0.4888947010040283],[[774.8736572265625,222.69961547851563,47.48091506958008,0.5663686990737915,0,0.8241519927978516,0,1,0,-0.8241519927978516,0,0.5663686990737915],8,0.49837660789489748],[[774.7510986328125,222.69961547851563,47.53348159790039,0.5059993863105774,0,0.8625338077545166,0,1,0,-0.8625338077545166,0,0.5059993863105774],8,0.5098350048065186],[[774.6285400390625,222.69961547851563,47.5860481262207,0.4479573965072632,0,0.8940548896789551,0,1,0,-0.8940548896789551,0,0.4479573965072632],8,0.5164330005645752],[[774.3834228515625,222.69961547851563,47.69118118286133,-0.4666730463504791,0,0.884429931640625,0,1,0,-0.884429931640625,0,-0.4666730463504791],8,0.5338153839111328],[[774.1995849609375,222.69961547851563,47.7700309753418,-0.41125211119651797,0,0.9115216732025147,0,1,0,-0.9115216732025147,0,-0.41125211119651797],8,0.5533707141876221],[[773.9544677734375,222.69961547851563,47.87516403198242,-0.3979720175266266,0,0.9173975586891174,0,1,0,-0.9173975586891174,0,-0.3979720175266266],8,0.561185359954834],[[773.8319091796875,222.69961547851563,47.927730560302737,-0.3945612907409668,0,0.9188696146011353,0,1,0,-0.9188696146011353,0,-0.3945612907409668],8,0.5684497356414795],[[773.7093505859375,222.69961547851563,47.98029708862305,-0.3943486213684082,0,0.9189609289169312,0,1,0,-0.9189609289169312,0,-0.3943486213684082],8,0.5783231258392334],[[773.5867919921875,222.69961547851563,48.03286361694336,-0.4022863507270813,0,0.9155138731002808,0,1,0,-0.9155138731002808,0,-0.4022863507270813],8,0.5887377262115479],[[773.403564453125,222.69961547851563,48.113006591796878,-0.4086516201496124,0,0.9126904606819153,0,1,0,-0.9126904606819153,0,-0.4086516201496124],8,0.60996413230896],[[773.1600952148438,222.69961547851563,48.221710205078128,-0.4086396396160126,0,0.9126958250999451,0,1,0,-0.9126958250999451,0,-0.4086396396160126],8,0.6153934001922607],[[773.0383911132813,222.69961547851563,48.27619171142578,-0.40863654017448428,0,0.9126971960067749,0,1,0,-0.9126971960067749,0,-0.40863654017448428],8,0.6233935356140137],[[772.8558349609375,222.69961547851563,48.357913970947269,-0.4118252396583557,0,0.9112628698348999,0,1,0,-0.9112628698348999,0,-0.4118252396583557],8,0.6353447437286377],[[772.7342529296875,222.69961547851563,48.41271209716797,-0.411825031042099,0,0.9112629294395447,0,1,0,-0.9112629294395447,0,-0.411825031042099],8,0.6441802978515625],[[772.61279296875,222.69961547851563,48.46760559082031,-0.41182491183280947,0,0.9112629890441895,0,1,0,-0.9112629890441895,0,-0.41182491183280947],8,0.6530053615570068],[[772.4306030273438,222.69961547851563,48.54996871948242,-0.41182437539100649,0,0.9112632274627686,0,1,0,-0.9112632274627686,0,-0.41182437539100649],8,0.6642727851867676],[[772.3091430664063,222.69961547851563,48.60487747192383,-0.41182297468185427,0,0.9112638831138611,0,1,0,-0.9112638831138611,0,-0.41182297468185427],8,0.6764471530914307],[[772.126953125,222.69961547851563,48.68724060058594,-0.413411408662796,0,0.9105443358421326,0,1,0,-0.9105443358421326,0,-0.413411408662796],8,0.684185266494751],[[772.0054931640625,222.69961547851563,48.742305755615237,-0.41500285267829897,0,0.9098201394081116,0,1,0,-0.9098201394081116,0,-0.41500285267829897],8,0.6943938732147217],[[771.8841552734375,222.69961547851563,48.797576904296878,-0.415004163980484,0,0.9098195433616638,0,1,0,-0.9098195433616638,0,-0.415004163980484],8,0.703209400177002],[[771.7021484375,222.69961547851563,48.88056564331055,-0.41500112414360049,0,0.9098209142684937,0,1,0,-0.9098209142684937,0,-0.41500112414360049],8,0.7182796001434326],[[771.5201416015625,222.69961547851563,48.96356964111328,-0.4150025248527527,0,0.9098202586174011,0,1,0,-0.9098202586174011,0,-0.4150025248527527],8,0.7354297637939453],[[771.2774658203125,222.69961547851563,49.074241638183597,-0.4134116470813751,0,0.910544216632843,0,1,0,-0.910544216632843,0,-0.4134116470813751],8,0.7425310611724854],[[771.1561279296875,222.69961547851563,49.129417419433597,-0.41182181239128115,0,0.9112643599510193,0,1,0,-0.9112643599510193,0,-0.41182181239128115],8,0.753842830657959],[[770.9739379882813,222.69961547851563,49.21185302734375,-0.4086342453956604,0,0.9126982092857361,0,1,0,-0.9126982092857361,0,-0.4086342453956604],8,0.7647304534912109],[[770.852294921875,222.69961547851563,49.266448974609378,-0.405443012714386,0,0.9141203165054321,0,1,0,-0.9141203165054321,0,-0.405443012714386],8,0.7748003005981445],[[770.73046875,222.69961547851563,49.32063674926758,-0.39423641562461855,0,0.9190090894699097,0,1,0,-0.9190090894699097,0,-0.39423641562461855],8,0.7826471328735352],[[770.6080932617188,222.69961547851563,49.37360763549805,-0.3878049850463867,0,0.9217414259910584,0,1,0,-0.9217414259910584,0,-0.3878049850463867],8,0.7926836013793945],[[770.4238891601563,222.69961547851563,49.451473236083987,-0.37974193692207339,0,0.9250924587249756,0,1,0,-0.9250924587249756,0,-0.37974193692207339],8,0.8039743900299072],[[770.239501953125,223.35189819335938,49.52912139892578,-0.35537323355674746,0,0.9347245097160339,0,1,0,-0.9347245097160339,0,-0.35537323355674746],3,0.8193683624267578],[[769.99072265625,224.17391967773438,49.62517547607422,-0.3434852957725525,0,0.9391580820083618,0,1,0,-0.9391580820083618,0,-0.3434852957725525],5,0.8496396541595459],[[769.42724609375,225.82420349121095,49.83109664916992,-0.289640873670578,0,0.9571353793144226,0,1,0,-0.9571353793144226,0,-0.289640873670578],5,0.8738701343536377],[[769.1075439453125,226.62181091308595,49.92517852783203,-0.25916385650634768,0,0.9658333659172058,0,1,0,-0.9658333659172058,0,-0.25916385650634768],5,0.8970193862915039],[[768.914306640625,227.0594940185547,49.97663116455078,-0.2420346736907959,0,0.9702675938606262,0,1,0,-0.9702675938606262,0,-0.2420346736907959],5,0.9026985168457031],[[768.7849731445313,227.33425903320313,50.00918197631836,-0.23596791923046113,0,0.9717608690261841,0,1,0,-0.9717608690261841,0,-0.23596791923046113],5,0.9135956764221191],[[768.6554565429688,227.5953826904297,50.040802001953128,-0.2355847805738449,0,0.9718537926673889,0,1,0,-0.9718537926673889,0,-0.2355847805738449],5,0.9198439121246338],[[768.52587890625,227.8428955078125,50.07221221923828,-0.2304983139038086,0,0.9730727076530457,0,1,0,-0.9730727076530457,0,-0.2304983139038086],5,0.9295635223388672],[[768.331298828125,228.18861389160157,50.11845397949219,-0.220818430185318,0,0.9753149151802063,0,1,0,-0.9753149151802063,0,-0.220818430185318],5,0.9402282238006592],[[768.2012939453125,228.40206909179688,50.14815139770508,-0.2202959507703781,0,0.9754330515861511,0,1,0,-0.9754330515861511,0,-0.2202959507703781],5,0.9470920562744141],[[768.0712890625,228.6018829345703,50.17753982543945,-0.20530298352241517,0,0.9786984920501709,0,1,0,-0.9786984920501709,0,-0.20530298352241517],5,0.9594583511352539],[[767.9408569335938,228.7880859375,50.20536422729492,-0.20500044524669648,0,0.9787618517875671,0,1,0,-0.9787618517875671,0,-0.20500044524669648],5,0.9666309356689453],[[767.7451171875,229.0418243408203,50.24637985229492,-0.19517087936401368,0,0.9807692766189575,0,1,0,-0.9807692766189575,0,-0.19517087936401368],5,0.976447582244873],[[767.6143798828125,229.1939697265625,50.27265548706055,-0.18970449268817902,0,0.9818412065505981,0,1,0,-0.9818412065505981,0,-0.18970449268817902],5,0.9885106086730957],[[767.4835205078125,229.3324737548828,50.29811477661133,-0.1894414871931076,0,0.9818919897079468,0,1,0,-0.9818919897079468,0,-0.1894414871931076],5,0.9958066940307617],[[767.3526000976563,229.45736694335938,50.32337951660156,-0.1793791949748993,0,0.983780026435852,0,1,0,-0.983780026435852,0,-0.1793791949748993],5,1.005237340927124],[[767.1558837890625,229.619140625,50.35956573486328,-0.1727757304906845,0,0.984961211681366,0,1,0,-0.984961211681366,0,-0.1727757304906845],5,1.0157725811004639],[[767.0245971679688,229.7099609375,50.38276290893555,-0.16895894706249238,0,0.9856230616569519,0,1,0,-0.9856230616569519,0,-0.16895894706249238],5,1.0255348682403565],[[766.8274536132813,229.82064819335938,50.416656494140628,-0.1639482080936432,0,0.9864689707756043,0,1,0,-0.9864689707756043,0,-0.1639482080936432],5,1.0342912673950196],[[766.6959838867188,229.87741088867188,50.438636779785159,-0.16028229892253877,0,0.9870712161064148,0,1,0,-0.9870712161064148,0,-0.16028229892253877],5,1.045630693435669],[[766.5643920898438,229.92054748535157,50.46011734008789,-0.1501448005437851,0,0.9886640310287476,0,1,0,-0.9886640310287476,0,-0.1501448005437851],5,1.058765172958374],[[766.30078125,229.9659423828125,50.500450134277347,-0.14528129994869233,0,0.9893903732299805,0,1,0,-0.9893903732299805,0,-0.14528129994869233],5,1.0790753364562989],[[766.0369262695313,229.9568328857422,50.539188385009769,-0.12898379564285279,0,0.9916467070579529,0,1,0,-0.9916467070579529,0,-0.12898379564285279],5,1.0850024223327637],[[765.90478515625,229.93185424804688,50.556739807128909,-0.12264152616262436,0,0.992451012134552,0,1,0,-0.992451012134552,0,-0.12264152616262436],5,1.094876766204834],[[765.838623046875,229.91424560546876,50.5650634765625,-0.12213447690010071,0,0.9925135374069214,0,1,0,-0.9925135374069214,0,-0.12213447690010071],5,1.101074457168579],[[765.64013671875,229.84100341796876,50.589561462402347,-0.11239834874868393,0,0.9936632513999939,0,1,0,-0.9936632513999939,0,-0.11239834874868393],5,1.1128180027008057],[[765.4414672851563,229.73709106445313,50.61227035522461,-0.10539223998785019,0,0.9944307208061218,0,1,0,-0.9944307208061218,0,-0.10539223998785019],5,1.1227912902832032],[[765.3088989257813,229.65078735351563,50.6264762878418,-0.09981067478656769,0,0.9950064420700073,0,1,0,-0.9950064420700073,0,-0.09981067478656769],5,1.1302671432495118],[[765.1762084960938,229.5508575439453,50.63994216918945,-0.0928734838962555,0,0.9956778883934021,0,1,0,-0.9956778883934021,0,-0.0928734838962555],5,1.1408464908599854],[[765.0435180664063,229.43731689453126,50.65253829956055,-0.08593489229679108,0,0.9963007569313049,0,1,0,-0.9963007569313049,0,-0.08593489229679108],5,1.1478843688964844],[[764.8442993164063,229.24143981933595,50.66994094848633,-0.07104626297950745,0,0.9974730014801025,0,1,0,-0.9974730014801025,0,-0.07104626297950745],5,1.1613492965698243],[[764.7113647460938,229.0938262939453,50.67980194091797,-0.07023721933364868,0,0.9975303411483765,0,1,0,-0.9975303411483765,0,-0.07023721933364868],5,1.1671867370605469],[[764.5783081054688,228.93258666992188,50.68918991088867,-0.051463961601257327,0,0.9986748695373535,0,1,0,-0.9986748695373535,0,-0.051463961601257327],5,1.1783435344696046],[[764.4451904296875,228.75772094726563,50.69661331176758,-0.039292220026254657,0,0.99922776222229,0,1,0,-0.99922776222229,0,-0.039292220026254657],5,1.1885507106781006],[[764.2454223632813,228.46987915039063,50.70486068725586,-0.02580498903989792,0,0.9996669888496399,0,1,0,-0.9996669888496399,0,-0.02580498903989792],5,1.1970570087432862],[[764.1121215820313,228.2609405517578,50.7086296081543,0.00880725309252739,0,0.9999611973762512,0,1,0,-0.9999611973762512,0,0.00880725309252739],5,1.206040620803833],[[763.9788208007813,228.03839111328126,50.70850372314453,0.02983478084206581,0,0.9995548725128174,0,1,0,-0.9995548725128174,0,0.02983478084206581],5,1.2154014110565186],[[763.8455200195313,227.80221557617188,50.7052116394043,0.050915978848934177,0,0.9987029433250427,0,1,0,-0.9987029433250427,0,0.050915978848934177],5,1.2247076034545899],[[763.7123413085938,227.5524139404297,50.699073791503909,0.07356207072734833,0,0.9972906112670898,0,1,0,-0.9972906112670898,0,0.07356207072734833],5,1.2351717948913575],[[763.579345703125,227.2889862060547,50.68996810913086,0.07435494661331177,0,0.9972318410873413,0,1,0,-0.9972318410873413,0,0.07435494661331177],5,1.242349624633789],[[763.3799438476563,226.86830139160157,50.67510223388672,0.12038257718086243,0,0.9927275776863098,0,1,0,-0.9927275776863098,0,0.12038257718086243],5,1.2526016235351563],[[763.2474365234375,226.57080078125,50.66028594970703,0.14582426846027375,0,0.9893105030059815,0,1,0,-0.9893105030059815,0,0.14582426846027375],5,1.2626125812530518],[[763.0494995117188,226.09902954101563,50.63187789916992,0.19039581716060639,0,0.9817073941230774,0,1,0,-0.9817073941230774,0,0.19039581716060639],5,1.274895191192627],[[762.9207153320313,226.01617431640626,50.60807418823242,0.1930721253156662,0,0.9811845421791077,0,1,0,-0.9811845421791077,0,0.1930721253156662],7,1.2815721035003663],[[762.7928466796875,226.00453186035157,50.582984924316409,0.23488670587539674,0,0.9720227718353272,0,1,0,-0.9720227718353272,0,0.23488670587539674],7,1.2911489009857178],[[762.6029663085938,226.0027313232422,50.53863525390625,0.2520902752876282,0,0.9677037000656128,0,1,0,-0.9677037000656128,0,0.2520902752876282],7,1.3018581867218018],[[762.47705078125,226.0026397705078,50.506500244140628,0.27918532490730288,0,0.9602372646331787,0,1,0,-0.9602372646331787,0,0.27918532490730288],7,1.3123207092285157],[[762.2897338867188,225.93423461914063,50.45322036743164,0.28925082087516787,0,0.9572533369064331,0,1,0,-0.9572533369064331,0,0.28925082087516787],8,1.3255000114440919],[[762.1654052734375,225.8666534423828,50.416072845458987,0.2892610430717468,0,0.9572502374649048,0,1,0,-0.9572502374649048,0,0.2892610430717468],8,1.331801176071167],[[762.0411376953125,225.78546142578126,50.37858963012695,0.29927772283554079,0,0.954166054725647,0,1,0,-0.954166054725647,0,0.29927772283554079],8,1.3403863906860352],[[761.8553466796875,225.6381072998047,50.32072830200195,0.2992781400680542,0,0.9541659355163574,0,1,0,-0.9541659355163574,0,0.2992781400680542],8,1.3513541221618653],[[761.7315673828125,225.61102294921876,50.28192138671875,0.2992783188819885,0,0.9541658759117127,0,1,0,-0.9541658759117127,0,0.2992783188819885],8,1.361229658126831],[[761.6077880859375,225.61587524414063,50.243099212646487,0.2992784380912781,0,0.9541658163070679,0,1,0,-0.9541658163070679,0,0.2992784380912781],8,1.3700971603393555],[[761.4719848632813,225.6453857421875,50.1258659362793,0.3009435534477234,0,0.953641951084137,0,1,0,-0.953641951084137,0,0.3009435534477234],8,1.3836073875427247],[[761.3485107421875,225.69918823242188,49.90159606933594,0.28926557302474978,0,0.957248866558075,0,1,0,-0.957248866558075,0,0.28926557302474978],8,1.4098200798034669],[[761.2268676757813,225.7592010498047,49.67379379272461,0.2724993824958801,0,0.9621559381484985,0,1,0,-0.9621559381484985,0,0.2724993824958801],8,1.4159135818481446],[[761.1643676757813,225.79049682617188,49.56078338623047,0.26745355129241946,0,0.963570773601532,0,1,0,-0.963570773601532,0,0.26745355129241946],8,1.424267053604126],[[761.139892578125,225.8223419189453,49.442256927490237,0.2607145309448242,0,0.9654159545898438,0,1,0,-0.9654159545898438,0,0.2607145309448242],8,1.4358375072479249],[[761.1758422851563,225.8683319091797,49.25331497192383,0.25565314292907717,0,0.9667685627937317,0,1,0,-0.9667685627937317,0,0.25565314292907717],8,1.452888011932373],[[761.2427368164063,225.9219970703125,48.99799728393555,0.24550428986549378,0,0.9693955183029175,0,1,0,-0.9693955183029175,0,0.24550428986549378],8,1.459853172302246],[[761.2755126953125,225.95176696777345,48.870025634765628,0.24042215943336488,0,0.9706684350967407,0,1,0,-0.9706684350967407,0,0.24042215943336488],8,1.4688313007354737],[[761.3074951171875,225.9822235107422,48.74187469482422,0.23533274233341218,0,0.9719148874282837,0,1,0,-0.9719148874282837,0,0.23533274233341218],8,1.4777743816375733],[[761.3387451171875,226.01673889160157,48.61357498168945,0.2183191329240799,0,0.9758774042129517,0,1,0,-0.9758774042129517,0,0.2183191329240799],8,1.4857988357543946],[[761.3681640625,226.0511016845703,48.484901428222659,0.20807859301567079,0,0.9781121015548706,0,1,0,-0.9781121015548706,0,0.20807859301567079],8,1.4949615001678467],[[761.3960571289063,226.0778350830078,48.355934143066409,0.19610367715358735,0,0.9805831909179688,0,1,0,-0.9805831909179688,0,0.19610367715358735],8,1.5035758018493653],[[761.42236328125,226.10003662109376,48.22669219970703,0.19610367715358735,0,0.9805831909179688,0,1,0,-0.9805831909179688,0,0.19610367715358735],8,1.5128159523010255],[[761.4612426757813,226.1215362548828,48.032718658447269,0.1651814579963684,0,0.9862632155418396,0,1,0,-0.9862632155418396,0,0.1651814579963684],8,1.5222880840301514],[[761.4840698242188,226.14637756347657,47.90293884277344,0.1479298174381256,0,0.9889978766441345,0,1,0,-0.9889978766441345,0,0.1479298174381256],8,1.533268928527832],[[761.5042724609375,226.16268920898438,47.77281188964844,0.13236476480960847,0,0.9912011027336121,0,1,0,-0.9912011027336121,0,0.13236476480960847],8,1.5420842170715333],[[761.5311279296875,226.1796875,47.57722091674805,0.09940323978662491,0,0.9950472116470337,0,1,0,-0.9950472116470337,0,0.09940323978662491],8,1.5519216060638428],[[761.5453491210938,226.19190979003907,47.44651412963867,0.08548888564109802,0,0.9963391423225403,0,1,0,-0.9963391423225403,0,0.08548888564109802],8,1.56329345703125],[[761.5651245117188,226.2226104736328,47.25032424926758,0.07504210621118546,0,0.9971803426742554,0,1,0,-0.9971803426742554,0,0.07504210621118546],8,1.5748848915100098],[[761.5781860351563,226.2447967529297,47.11952209472656,0.05412556976079941,0,0.9985341429710388,0,1,0,-0.9985341429710388,0,0.05412556976079941],8,1.5837914943695069],[[761.5977783203125,226.2782440185547,46.92331314086914,0.03842208534479141,0,0.9992616176605225,0,1,0,-0.9992616176605225,0,0.03842208534479141],8,1.5961601734161378],[[761.61083984375,226.30055236816407,46.79250717163086,0.022709347307682039,0,0.9997420907020569,0,1,0,-0.9997420907020569,0,0.022709347307682039],8,1.6052086353302003],[[761.6304321289063,226.33401489257813,46.59629821777344,0.0034966617822647096,0,0.9999938607215881,0,1,0,-0.9999938607215881,0,0.0034966617822647096],8,1.6140108108520508],[[761.636962890625,226.3451690673828,46.5308952331543,-0.019209014251828195,0,0.9998154640197754,0,1,0,-0.9998154640197754,0,-0.019209014251828195],8,1.6209053993225098],[[761.6565551757813,226.37863159179688,46.334686279296878,-0.07503505051136017,0,0.9971808791160584,0,1,0,-0.9971808791160584,0,-0.07503505051136017],8,1.6317877769470215],[[761.6630859375,226.38978576660157,46.269283294677737,-0.07503505051136017,0,0.9971808791160584,0,1,0,-0.9971808791160584,0,-0.07503505051136017],8,1.638289451599121],[[761.6826782226563,226.42324829101563,46.07307434082031,-0.14100997149944306,0,0.9900081753730774,0,1,0,-0.9900081753730774,0,-0.14100997149944306],8,1.6482822895050049],[[761.7022705078125,227.07553100585938,45.87686538696289,-0.17722174525260926,0,0.9841709733009338,0,1,0,-0.9841709733009338,0,-0.17722174525260926],3,1.6643447875976563],[[761.7069702148438,227.69715881347657,45.68048858642578,-0.19124735891819,0,0.9815418720245361,0,1,0,-0.9815418720245361,0,-0.19124735891819],5,1.6830363273620606],[[761.6785278320313,228.47830200195313,45.420066833496097,-0.2070193886756897,0,0.9783368110656738,0,1,0,-0.9783368110656738,0,-0.2070193886756897],5,1.690504789352417],[[761.6495361328125,228.8484344482422,45.29157257080078,-0.30302879214286806,0,0.9529814124107361,0,1,0,-0.9529814124107361,0,-0.30302879214286806],5,1.6992566585540772],[[761.61083984375,229.2049560546875,45.165157318115237,-0.3422658443450928,0,0.9396031498908997,0,1,0,-0.9396031498908997,0,-0.3422658443450928],5,1.710008144378662],[[761.5362548828125,229.71417236328126,44.98029708862305,-0.3485676646232605,0,0.9372836351394653,0,1,0,-0.9372836351394653,0,-0.3485676646232605],5,1.7180283069610596],[[761.508056640625,229.87710571289063,44.919944763183597,-0.4464189112186432,0,0.8948240876197815,0,1,0,-0.8948240876197815,0,-0.4464189112186432],5,1.7259893417358399],[[761.4148559570313,230.34544372558595,44.74307632446289,-0.4539896249771118,0,0.8910069465637207,0,1,0,-0.8910069465637207,0,-0.4539896249771118],5,1.734616994857788],[[761.310302734375,230.7831268310547,44.572731018066409,-0.4832986295223236,0,0.8754555583000183,0,1,0,-0.8754555583000183,0,-0.4832986295223236],5,1.7472121715545655],[[761.2732543945313,230.92221069335938,44.51734161376953,-0.5681402683258057,0,0.822931706905365,0,1,0,-0.822931706905365,0,-0.5681402683258057],5,1.7579467296600342],[[761.1557006835938,231.3190155029297,44.35559844970703,-0.5373604893684387,0,0.8433526158332825,0,1,0,-0.8433526158332825,0,-0.5373604893684387],5,1.7669804096221924],[[761.0740966796875,231.5665283203125,44.25019073486328,-0.5893959403038025,0,0.8078442811965942,0,1,0,-0.8078442811965942,0,-0.5893959403038025],5,1.7739319801330567],[[760.9467163085938,231.91224670410157,44.096012115478519,-0.6047079563140869,0,0.7964472770690918,0,1,0,-0.7964472770690918,0,-0.6047079563140869],5,1.7858302593231202],[[760.8572998046875,232.12570190429688,43.997161865234378,-0.6483598947525024,0,0.7613339424133301,0,1,0,-0.7613339424133301,0,-0.6483598947525024],5,1.7934749126434327],[[760.7650146484375,232.3255157470703,43.90092086791992,-0.6641705632209778,0,0.7475810647010803,0,1,0,-0.7475810647010803,0,-0.6641705632209778],5,1.803020715713501],[[760.6232299804688,232.59970092773438,43.759910583496097,-0.6522377729415894,0,0.758014440536499,0,1,0,-0.758014440536499,0,-0.6522377729415894],5,1.8144302368164063],[[760.527099609375,232.7654571533203,43.66756057739258,-0.7024189829826355,0,0.7117636799812317,0,1,0,-0.7117636799812317,0,-0.7024189829826355],5,1.825514554977417],[[760.37841796875,232.98855590820313,43.53382873535156,-0.6897894144058228,0,0.7240100502967835,0,1,0,-0.7240100502967835,0,-0.6897894144058228],5,1.8363978862762452],[[760.2776489257813,233.12025451660157,43.446495056152347,-0.7232378721237183,0,0.6905990242958069,0,1,0,-0.6905990242958069,0,-0.7232378721237183],5,1.847318410873413],[[760.1756591796875,233.2383270263672,43.36061096191406,-0.7422533631324768,0,0.6701193451881409,0,1,0,-0.6701193451881409,0,-0.7422533631324768],5,1.8584020137786866],[[760.019287109375,233.389892578125,43.23588180541992,-0.7291555404663086,0,0.6843479871749878,0,1,0,-0.6843479871749878,0,-0.7291555404663086],5,1.866835117340088],[[759.9137573242188,233.47389221191407,43.15436935424805,-0.7595559358596802,0,0.6504419445991516,0,1,0,-0.6504419445991516,0,-0.7595559358596802],5,1.8762784004211426],[[759.8071899414063,233.54428100585938,43.074188232421878,-0.7663307189941406,0,0.6424462795257568,0,1,0,-0.6424462795257568,0,-0.7663307189941406],5,1.883476734161377],[[759.6436157226563,233.6243133544922,42.968631744384769,-0.7640720009803772,0,0.64513099193573,0,1,0,-0.64513099193573,0,-0.7640720009803772],5,1.898613452911377],[[759.3592529296875,233.6895751953125,42.840972900390628,-0.7431095242500305,0,0.6691698431968689,0,1,0,-0.6691698431968689,0,-0.7431095242500305],5,1.9252209663391114],[[759.1819458007813,233.68785095214845,42.79339599609375,-0.7845259308815002,0,0.62009596824646,0,1,0,-0.62009596824646,0,-0.7845259308815002],5,1.9302079677581788],[[759.06103515625,233.669677734375,42.77379608154297,-0.8010259866714478,0,0.5986295938491821,0,1,0,-0.5986295938491821,0,-0.8010259866714478],5,1.9384818077087403],[[758.9380493164063,233.63787841796876,42.76390838623047,-0.801155149936676,0,0.5984567403793335,0,1,0,-0.5984567403793335,0,-0.801155149936676],5,1.9478516578674317],[[758.8129272460938,233.5924530029297,42.76372528076172,-0.801199197769165,0,0.5983977317810059,0,1,0,-0.5983977317810059,0,-0.801199197769165],5,1.955101490020752],[[758.621337890625,233.49876403808595,42.781646728515628,-0.7852827310562134,0,0.6191372871398926,0,1,0,-0.6191372871398926,0,-0.7852827310562134],5,1.965118408203125],[[758.4912109375,233.41928100585938,42.804656982421878,-0.801220715045929,0,0.5983689427375794,0,1,0,-0.5983689427375794,0,-0.801220715045929],5,1.979766845703125],[[758.2297973632813,233.21942138671876,42.85618209838867,-0.7688241600990295,0,0.6394602060317993,0,1,0,-0.6394602060317993,0,-0.7688241600990295],5,2.0026280879974367],[[757.9029541015625,232.89297485351563,42.921173095703128,-0.7416406869888306,0,0.6707974076271057,0,1,0,-0.6707974076271057,0,-0.7416406869888306],5,2.0191617012023927],[[757.7062377929688,232.65621948242188,42.957393646240237,-0.762172520160675,0,0.6473739147186279,0,1,0,-0.6473739147186279,0,-0.762172520160675],5,2.0254018306732179],[[757.5089111328125,232.38880920410157,42.989646911621097,-0.7539299726486206,0,0.6569547653198242,0,1,0,-0.6569547653198242,0,-0.7539299726486206],5,2.035553216934204],[[757.3811645507813,232.19351196289063,43.01712417602539,-0.7815676331520081,0,0.6238205432891846,0,1,0,-0.6238205432891846,0,-0.7815676331520081],5,2.0472095012664797],[[757.140869140625,231.76202392578126,43.09762954711914,-0.7776815295219421,0,0.6286584138870239,0,1,0,-0.6286584138870239,0,-0.7776815295219421],5,2.0698204040527345],[[756.9312744140625,231.85479736328126,43.181678771972659,-0.7762101888656616,0,0.6304742097854614,0,1,0,-0.6304742097854614,0,-0.7762101888656616],12,2.0774590969085695],[[756.84033203125,231.94650268554688,43.21815872192383,-0.7731592059135437,0,0.6342120170593262,0,1,0,-0.6342120170593262,0,-0.7731592059135437],12,2.0861032009124758],[[756.758544921875,232.0395965576172,43.25094223022461,-0.7709589004516602,0,0.6368849277496338,0,1,0,-0.6368849277496338,0,-0.7709589004516602],12,2.0964224338531496],[[756.68603515625,232.13290405273438,43.280029296875,-0.7698459029197693,0,0.6382297873497009,0,1,0,-0.6382297873497009,0,-0.7698459029197693],12,2.104219913482666],[[756.6474609375,232.27288818359376,43.295501708984378,-0.7676167488098145,0,0.6409091353416443,0,1,0,-0.6409091353416443,0,-0.7676167488098145],12,2.1143012046813967],[[756.645263671875,232.3662109375,43.29637145996094,-0.7676176428794861,0,0.6409080624580383,0,1,0,-0.6409080624580383,0,-0.7676176428794861],12,2.1260998249053957],[[756.6449584960938,232.45953369140626,43.29649353027344,-0.7676177024841309,0,0.6409079432487488,0,1,0,-0.6409079432487488,0,-0.7676177024841309],12,2.133552312850952],[[756.6448974609375,232.5528564453125,43.2965087890625,-0.7676178812980652,0,0.6409077644348145,0,1,0,-0.6409077644348145,0,-0.7676178812980652],12,2.1429097652435304],[[756.6448974609375,232.69284057617188,43.2965087890625,-0.7665001749992371,0,0.6422441005706787,0,1,0,-0.6422441005706787,0,-0.7665001749992371],12,2.154050827026367],[[756.6448974609375,232.78616333007813,43.2965087890625,-0.7665004730224609,0,0.6422437429428101,0,1,0,-0.6422437429428101,0,-0.7665004730224609],12,2.1630091667175295],[[756.6448974609375,232.9261474609375,43.2965087890625,-0.7653738260269165,0,0.6435859203338623,0,1,0,-0.6435859203338623,0,-0.7653738260269165],12,2.1738879680633547],[[756.6448974609375,233.01947021484376,43.2965087890625,-0.763122022151947,0,0.6462544202804565,0,1,0,-0.6462544202804565,0,-0.763122022151947],12,2.1840999126434328],[[756.6448974609375,233.15945434570313,43.2965087890625,-0.763122022151947,0,0.6462544202804565,0,1,0,-0.6462544202804565,0,-0.763122022151947],12,2.1939890384674074],[[756.594970703125,233.29603576660157,43.35546112060547,-0.7619858980178833,0,0.64759361743927,0,1,0,-0.64759361743927,0,-0.7619858980178833],8,2.2088327407836916],[[756.5221557617188,233.3690948486328,43.44120407104492,-0.759725034236908,0,0.6502444744110107,0,1,0,-0.6502444744110107,0,-0.759725034236908],8,2.219120502471924],[[756.4375,233.4261474609375,43.540348052978519,-0.759725034236908,0,0.6502444744110107,0,1,0,-0.6502444744110107,0,-0.759725034236908],8,2.227536201477051],[[756.3077392578125,233.48719787597657,43.69195556640625,-0.7585843801498413,0,0.6515747904777527,0,1,0,-0.6515747904777527,0,-0.7585843801498413],8,2.2358126640319826],[[756.2025146484375,233.51173400878907,43.73131561279297,-0.7733623385429382,0.000977961579337716,0.6339635252952576,0.0006663363892585039,0.9999995231628418,-0.0007297605043277144,-0.633963942527771,-0.00014193648530635983,-0.7733625769615173],8,2.2445311546325685],[[756.1163330078125,233.54734802246095,43.78514862060547,-0.7644006013870239,0.0005878810188733041,0.6447412967681885,0.00048338519991375506,0.9999998211860657,-0.00033871099003590643,-0.644741415977478,0.00005274752402328886,-0.7644007802009583],8,2.2645719051361086],[[756.1129150390625,233.56353759765626,43.787166595458987,-0.7581713795661926,0.00014688342344015837,0.6520553231239319,0.00016785920888651162,1,-0.000030085457183304244,-0.6520553231239319,0.00008664355118526146,-0.7581713795661926],8,2.28166127204895],[[756.1126708984375,233.57386779785157,43.78718566894531,-0.757558286190033,2.5199688025168145e-7,0.652767539024353,0.000060287300584604967,1,0.0000695793642080389,-0.6527674794197083,0.00009206401591654867,-0.757558286190033],8,2.2880210876464845],[[756.1126708984375,233.57858276367188,43.78716278076172,-0.7574512362480164,-0.000016160782251972706,0.6528916954994202,0.00003121443296549842,1,0.00006096599463489838,-0.6528916954994202,0.00006655840843450278,-0.7574512362480164],8,2.295733690261841],[[756.1126708984375,233.58206176757813,43.78714370727539,-0.7574481964111328,-0.000013413508895609994,0.6528952717781067,0.000017424061297788286,1,0.000040758961404208097,-0.6528952717781067,0.00004224888834869489,-0.7574481964111328],8,2.3036532402038576],[[756.1126708984375,233.58566284179688,43.78712844848633,-0.7574477195739746,-0.0000031560873594571605,0.6528958082199097,0.00000871935480972752,1,0.000014949617252568715,-0.6528958082199097,0.000017016383935697378,-0.7574477195739746],8,2.3156774044036867],[[756.1126708984375,233.58729553222657,43.78712844848633,-0.7574462890625,8.604133654444013e-7,0.6528974771499634,0.000005891876753594261,1,0.0000055175082707137339,-0.6528974771499634,0.00000802600789029384,-0.7574462890625],8,2.3249926567077638],[[756.1126708984375,233.58895874023438,43.78712463378906,-0.755159318447113,0.0000022783012809668436,0.6555413007736206,0.0000031988504360924709,1,2.0950683676801419e-7,-0.6555413007736206,0.0000022551896563527409,-0.755159318447113],8,2.33454966545105],[[756.1126708984375,233.58935546875,43.78712463378906,-0.7551588416099548,0.0000020832210338994629,0.6555418968200684,0.000002559136419222341,1,-2.298352228535805e-7,-0.6555418968200684,0.00000150405890053662,-0.7551588416099548],8,2.3430423736572267],[[756.1126708984375,233.59022521972657,43.78712463378906,-0.7528640031814575,0.0000011083496929131798,0.658176064491272,0.0000012042850130455918,1,-3.0643292348031539e-7,-0.658176064491272,5.619292551273247e-7,-0.7528640031814575],8,2.353388786315918],[[756.1126708984375,233.59072875976563,43.78712463378906,-0.7517164945602417,3.9745910385136087e-7,0.6594864130020142,4.904563866148237e-7,1,-4.363237238180773e-8,-0.6594864130020142,2.90650149281646e-7,-0.7517164945602417],8,2.3647685050964357],[[756.1126708984375,233.59095764160157,43.78712463378906,-0.7505587935447693,1.5277483100817336e-7,0.6608036756515503,2.531413372253155e-7,1,5.632930921706247e-8,-0.6608036756515503,2.0955516788490059e-7,-0.7505587935447693],8,2.375641345977783],[[756.1126708984375,233.59115600585938,43.78712463378906,-0.7494089603424072,-5.539213088212591e-9,0.6621074080467224,8.280192531628927e-8,1,1.0208572831515994e-7,-0.6621074080467224,1.313277238068622e-7,-0.7494089603424072],8,2.3876380920410158],[[756.1126708984375,233.59124755859376,43.78712463378906,-0.7494091391563416,-4.527375097040931e-8,0.6621072292327881,3.0877547629870608e-8,1,1.0332717437222527e-7,-0.6621072292327881,9.78785692495876e-8,-0.7494091391563416],8,2.4005744457244875],[[756.1126708984375,233.5913848876953,43.78712463378906,-0.7494089603424072,-7.79347217871873e-8,0.6621074080467224,-2.5532060021760118e-8,1,8.880850543846464e-8,-0.6621074080467224,4.9648924971279487e-8,-0.7494089603424072],8,2.4186148643493654],[[756.1126708984375,233.59141540527345,43.78712463378906,-0.7494091391563416,-6.901917970481009e-8,0.6621072292327881,-2.7756302145576229e-8,1,7.282559977284109e-8,-0.6621072292327881,3.619852151359737e-8,-0.7494091391563416],8,2.426624059677124],[[756.1126708984375,233.5914306640625,43.78712463378906,-0.7494089603424072,-5.9600854029895348e-8,0.6621074080467224,-2.8172678412374809e-8,1,5.8129536739670587e-8,-0.6621074080467224,2.4909457607691367e-8,-0.7494089603424072],8,2.4356894493103029],[[756.1126708984375,233.58636474609376,43.78712463378906,-0.7470892071723938,-5.028027771913912e-8,0.6647237539291382,-2.8637186844093777e-8,1,4.3455258946778488e-8,-0.6647237539291382,1.3429136025422395e-8,-0.7470892071723938],8,2.4460432529449465],[[756.1126708984375,233.58592224121095,43.78712463378906,-0.7470892071723938,-3.59842253772058e-8,0.6647237539291382,-2.836092605207341e-8,1,2.225899287111588e-8,-0.6647237539291382,-2.2227280016551278e-9,-0.7470892071723938],8,2.456362247467041],[[756.1126708984375,233.58734130859376,43.78712463378906,-0.7459244728088379,-2.1206229661174804e-8,0.6660305261611939,-2.633529483375696e-8,1,2.345370564427185e-9,-0.6660305261611939,-1.5790641683111063e-8,-0.7459244728088379],8,2.46867036819458],[[756.1126708984375,233.5882568359375,43.78712463378906,-0.745924174785614,-1.1207499817089684e-8,0.6660308837890625,-2.4434381629134806e-8,1,-1.0538093953016414e-8,-0.6660308837890625,-2.4134672926834356e-8,-0.745924174785614],8,2.4779574871063234],[[756.1126708984375,233.5889892578125,43.78712463378906,-0.743595540523529,-1.1022723844789085e-9,0.6686297059059143,-2.2403837007800577e-8,1,-2.326717130074485e-8,-0.6686297059059143,-3.228123546250572e-8,-0.743595540523529],8,2.4895081520080568],[[756.19873046875,233.5899200439453,43.69137954711914,-0.7424226999282837,1.8936901824417874e-8,0.6699317693710327,-1.8393928158388918e-8,1,-4.865118086172515e-8,-0.6699317693710327,-4.844241630053148e-8,-0.7424226999282837],8,2.504094123840332],[[756.326904296875,233.58995056152345,43.549259185791019,-0.741254448890686,3.399701498096874e-8,0.6712241768836975,-1.5421891319533644e-8,1,-6.768016902469754e-8,-0.6712241768836975,-6.051976697563077e-8,-0.741254448890686],8,2.5257930755615236],[[756.5055541992188,233.58885192871095,43.35189437866211,-0.7400788068771362,5.405560088433958e-8,0.672520101070404,-1.150650419390331e-8,1,-9.304007164701034e-8,-0.672520101070404,-7.659534162485216e-8,-0.7400788068771362],8,2.532313108444214],[[756.5951538085938,233.58828735351563,43.2531852722168,-0.7400788068771362,6.402557062301639e-8,0.672520101070404,-9.55006917990886e-9,1,-1.0571189079655596e-7,-0.672520101070404,-8.465774214982958e-8,-0.7400788068771362],8,2.5386135578155519],[[756.684814453125,233.58773803710938,43.154502868652347,-0.738899827003479,7.413944302925302e-8,0.6738152503967285,-7.616655750553037e-9,1,-1.1838169200473203e-7,-0.6738152503967285,-9.260443079028846e-8,-0.738899827003479],8,2.5486011505126955],[[756.7745971679688,233.5769500732422,43.05594253540039,-0.738899827003479,7.2410003326695e-8,0.6738152503967285,-5.2785460447069e-9,1,-1.1325109738891115e-7,-0.6738152503967285,-8.723798572418673e-8,-0.738899827003479],8,2.559117078781128],[[756.9093627929688,233.53524780273438,42.90815734863281,-0.7377174496650696,5.24393435341608e-8,0.6751095652580261,-1.1049008374897085e-9,1,-7.888267106181957e-8,-0.6751095652580261,-5.893905452580839e-8,-0.7377174496650696],8,2.5702459812164308],[[756.9992065429688,233.9769287109375,42.80963897705078,-0.7377174496650696,3.903085854517485e-8,0.6751095652580261,1.676044192322479e-9,1,-5.598263541628512e-8,-0.6751095652580261,-4.016785482008345e-8,-0.7377174496650696],3,2.583414077758789],[[757.1791381835938,234.82620239257813,42.61286544799805,-0.669947624206543,1.1415572487294412e-8,0.7424083352088928,5.118514501134541e-9,1,-1.0757471358147086e-8,-0.7424083352088928,-3.406914750314627e-9,-0.669947624206543],5,2.607412338256836],[[757.4049072265625,235.81114196777345,42.367652893066409,-0.6167702674865723,-2.73055960064994e-8,0.7871431708335877,1.2599263854440324e-8,1,4.4561712542190438e-8,-0.7871431708335877,3.740176524047456e-8,-0.6167702674865723],5,2.6214778423309328],[[757.5404052734375,236.36123657226563,42.220584869384769,-0.6642809510231018,-4.654491903011149e-8,0.7474830150604248,1.740534827376905e-8,1,7.773682852985076e-8,-0.7474830150604248,6.464929924732133e-8,-0.6642809510231018],5,2.628061294555664],[[757.625732421875,236.710937