[[[776,222.69961547851563,47,1,4.264286701527453e-9,-2.3941445546449108e-15,-4.264286701527453e-9,1,-2.27938361518909e-8,2.2969451946068749e-15,2.27938361518909e-8,1],8,0.015617609024047852],[[776,222.69961547851563,47,1,1.483616607345084e-8,-3.116885157768536e-15,-1.483616607345084e-8,1,-7.930344025908198e-8,1.9403261126044485e-15,7.930344025908198e-8,1],8,0.03910684585571289],[[776,222.69961547851563,47,1,1.5808494069347036e-8,-3.3366726316473714e-15,-1.5808494069347036e-8,1,-8.450079747035488e-8,2.000842381521032e-15,8.450079747035488e-8,1],8,0.05203437805175781],[[776,222.69961547851563,47,1,1.1474053707161147e-8,-3.0674326214507514e-15,-1.1474053707161147e-8,1,-6.133200969316022e-8,2.363705790410617e-15,6.133200969316022e-8,1],8,0.06625151634216309],[[776,222.69961547851563,47,1,7.143316604896199e-9,-2.8913173192994005e-15,-7.143316604896199e-9,1,-3.818301053115647e-8,2.6185640281958064e-15,3.818301053115647e-8,1],8,0.0812993049621582],[[776,222.69961547851563,47,1,3.897692835153066e-9,-2.824406798663994e-15,-3.897692835153066e-9,1,-2.0834240999079158e-8,2.7432013264942509e-15,2.0834240999079158e-8,1],8,0.09531283378601074],[[776,222.69961547851563,47,1,6.541492347800215e-10,-2.813693314188885e-15,-6.541492347800215e-10,1,-3.4965859097013664e-9,2.8114059017148248e-15,3.4965859097013664e-9,1],8,0.10763692855834961],[[776,222.69961547851563,47,1,-2.5873156950240174e-9,-2.859133455435526e-15,2.5873156950240174e-9,1,1.3829960288092025e-8,2.8233509720952418e-15,-1.3829960288092025e-8,1],8,0.12076210975646973],[[775.783935546875,222.69961547851563,47.06639862060547,0.9736423492431641,-1.007694727661601e-8,0.22808030247688294,1.237178276491946e-10,1,4.365344352663669e-8,-0.22808030247688294,-4.247462115358758e-8,0.9736423492431641],8,0.1464369297027588],[[775.5303344726563,222.69961547851563,47.14433670043945,0.8992282152175903,-2.0105105136281055e-8,0.4374799132347107,-1.0085899226908169e-8,1,6.668793162134534e-8,-0.4374799132347107,-6.438004618303239e-8,0.8992282152175903],8,0.16594862937927247],[[775.2754516601563,222.69961547851563,47.22265625,-0.8758267760276794,2.5464590436286018e-8,-0.4826255440711975,3.3803426724432485e-9,1,4.6628272798443507e-8,0.4826255440711975,3.920685287539527e-8,-0.8758267760276794],8,0.17596745491027833],[[775.0205688476563,222.69961547851563,47.30097961425781,-0.9390367269515991,3.141981252952064e-8,-0.3438169062137604,2.3245732450050128e-8,1,2.7896291499018845e-8,0.3438169062137604,1.8203365925728577e-8,-0.9390367269515991],8,0.19828414916992188],[[774.7656860351563,222.69961547851563,47.379302978515628,-0.9831105470657349,4.237672257545455e-8,-0.18301282823085786,4.206789938621114e-8,1,5.569706473806946e-9,0.18301282823085786,-2.223327966177635e-9,-0.9831105470657349],8,0.20525288581848145],[[774.6356201171875,222.69961547851563,47.407901763916019,-0.9891054034233093,4.96139307415433e-8,-0.14720895886421204,5.1045837778929129e-8,1,-5.949261083770807e-9,0.14720895886421204,-1.339885091766746e-8,-0.9891054034233093],8,0.2157917022705078],[[774.3723754882813,222.69961547851563,47.449737548828128,-0.9939161539077759,6.445095834806125e-8,-0.11013951152563095,6.811521302552137e-8,1,-2.950667621348657e-8,0.11013951152563095,-3.682933780169151e-8,-0.9939161539077759],8,0.23162531852722169],[[774.2400512695313,222.69961547851563,47.465885162353519,-0.9990739822387695,7.396828749506312e-8,-0.043025705963373187,7.58373133180612e-8,1,-4.1807535211546568e-8,0.043025705963373187,-4.503177564174621e-8,-0.9990739822387695],8,0.24171066284179688],[[773.8406982421875,222.69961547851563,47.48605728149414,-0.9999105334281921,9.681695445351579e-8,-0.013375873677432537,9.788690391587807e-8,1,-7.933615364663638e-8,0.013375873677432537,-8.063837952931863e-8,-0.9999105334281921],8,0.2646653652191162],[[773.7073974609375,222.69961547851563,47.48887252807617,-0.9985039830207825,8.14558802630927e-8,0.05467866361141205,7.787506461909288e-8,1,-6.761903392771274e-8,-0.05467866361141205,-6.325976897869623e-8,-0.9985039830207825],8,0.2721095085144043],[[773.57421875,222.69961547851563,47.484066009521487,-0.9976422786712647,6.171835309487506e-8,0.06862888485193253,5.803747527011183e-8,1,-5.5628415651653998e-8,-0.06862888485193253,-5.151421333948747e-8,-0.9976422786712647],8,0.28249526023864748],[[773.30810546875,222.69961547851563,47.466712951660159,-0.9962913990020752,2.1407709382970098e-8,0.08604352921247482,1.881239697354431e-8,1,-3.0973627218600089e-8,-0.08604352921247482,-2.9240073473602025e-8,-0.9962913990020752],8,0.29932737350463869],[[773.1752319335938,222.69961547851563,47.45585632324219,-0.9962913990020752,8.204086854313175e-10,0.08604330569505692,-7.875756158348679e-10,1,-1.8654136013651624e-8,-0.08604330569505692,-1.865272025725062e-8,-0.9962913990020752],8,0.30902743339538576],[[772.9760131835938,222.69961547851563,47.438743591308597,-0.9962913990020752,-3.004404192097354e-8,0.08604330569505692,-3.0171836584713677e-8,1,-1.847683950284562e-10,-0.08604330569505692,-2.780167651650345e-9,-0.9962913990020752],8,0.31872105598449709],[[772.8432006835938,222.69961547851563,47.427276611328128,-0.9959844946861267,-5.059944996332888e-8,0.0895259827375412,-4.970773659351835e-8,1,1.2189941500651003e-8,-0.0895259827375412,7.690858616626884e-9,-0.9959844946861267],8,0.3288862705230713],[[772.6439819335938,222.69961547851563,47.40950393676758,-0.9956650733947754,-8.145755003852173e-8,0.09301112592220307,-7.893083164844939e-8,1,3.084448252366201e-8,-0.09301112592220307,2.3369327806221919e-8,-0.9956650733947754],8,0.34894680976867678],[[772.1127319335938,222.69961547851563,47.36005401611328,-0.9928861856460571,-6.373809924298257e-8,0.11906719952821732,-6.005886632465263e-8,1,3.4488735423110486e-8,-0.11906719952821732,2.709234614428624e-8,-0.9928861856460571],8,0.3811347484588623],[[771.8477783203125,222.69961547851563,47.329322814941409,-0.9920291304588318,-3.805559956049365e-8,0.12600871920585633,-3.4789003677815347e-8,1,2.8124196305157058e-8,-0.12600871920585633,2.3516303571113896e-8,-0.9920291304588318],8,0.3883402347564697],[[771.7154541015625,222.69961547851563,47.31277847290039,-0.9918066263198853,-2.5169859085849567e-8,0.12774835526943208,-2.216776628927164e-8,1,2.492182638036411e-8,-0.12774835526943208,2.188573766659374e-8,-0.9918066263198853],8,0.3981444835662842],[[771.583251953125,222.69961547851563,47.295841217041019,-0.9918066263198853,-1.2248459135832946e-8,0.12774835526943208,-9.551921920092355e-9,1,2.172082602669434e-8,-0.12774835526943208,2.0322616478551937e-8,-0.9918066263198853],8,0.4076673984527588],[[771.4510498046875,222.69961547851563,47.2788200378418,-0.9918066263198853,6.674216179725079e-10,0.12774835526943208,3.0585332044807957e-9,1,1.852119346779091e-8,-0.12774835526943208,1.8760164977038586e-8,-0.9918066263198853],8,0.4175553321838379],[[771.2527465820313,222.69961547851563,47.253273010253909,-0.9918066263198853,2.003089782931511e-8,0.12774835526943208,2.1964115859418599e-8,1,1.3724307024176597e-8,-0.12774835526943208,1.6417738279983497e-8,-0.9918066263198853],8,0.42895960807800295],[[771.054443359375,222.69961547851563,47.227718353271487,-0.9913544654846191,3.9324511647009788e-8,0.13121084868907929,4.084072457999355e-8,1,8.86455175930223e-9,-0.13121084868907929,1.4146659843561338e-8,-0.9913544654846191],8,0.4386446475982666],[[770.9222412109375,222.69961547851563,47.21034240722656,-0.9911227226257324,5.21934460095963e-8,0.13295023143291474,5.34127089224512e-8,1,5.604380071133619e-9,-0.13295023143291474,1.2655860359700455e-8,-0.9911227226257324],8,0.4493753910064697],[[770.7239379882813,222.69961547851563,47.183837890625,-0.9908900856971741,7.150175207470966e-8,0.13467314839363099,7.225207809824497e-8,1,6.839732114016783e-10,-0.13467314839363099,1.0408157002927965e-8,-0.9908900856971741],8,0.4632077217102051],[[770.5258178710938,222.69961547851563,47.1569709777832,-0.9901715517044067,9.076429563492639e-8,0.13985830545425416,9.105337994697038e-8,1,-4.331769165588639e-9,-0.13985830545425416,8.445376842303176e-9,-0.9901715517044067],8,0.473968505859375],[[770.3276977539063,222.69961547851563,47.12919998168945,-0.9896764159202576,1.1003984923263488e-7,0.14331994950771333,1.0982499532019574e-7,1,-9.409971468699041e-9,-0.14331994950771333,6.427286258769982e-9,-0.9896764159202576],8,0.48497462272644045],[[770.1297607421875,222.69961547851563,47.100677490234378,-0.9891688823699951,1.1169696279011987e-7,0.14678196609020234,1.1109831632438727e-7,1,-1.227646340140609e-8,-0.14678196609020234,4.163733358097943e-9,-0.9891688823699951],8,0.496783971786499],[[769.997802734375,222.6894073486328,47.08157730102539,-0.9891688823699951,8.933759687579368e-8,0.14678196609020234,8.86605349137426e-8,1,-1.1155002255236468e-8,-0.14678196609020234,1.979586716771564e-9,-0.9891688823699951],8,0.5094833374023438],[[769.7998657226563,222.64854431152345,47.05290985107422,-0.9891688823699951,5.5816464339386587e-8,0.14678196609020234,5.502184308170399e-8,1,-9.473709816631981e-9,-0.14678196609020234,-1.2948848659988244e-9,-0.9891688823699951],8,0.5192832946777344],[[769.6679077148438,222.60427856445313,47.03379821777344,-0.9891688823699951,3.348097976640929e-8,0.14678196609020234,3.2608028277536508e-8,1,-8.353447711328954e-9,-0.14678196609020234,-3.4767004830627e-9,-0.9891688823699951],8,0.5297117233276367],[[769.469970703125,222.51231384277345,47.005130767822269,-0.9891688823699951,-4.343286581082184e-12,0.14678196609020234,-9.947336288007592e-10,1,-6.673955166291989e-9,-0.14678196609020234,-6.7476775278407789e-9,-0.9891688823699951],8,0.5395586490631104],[[769.2720336914063,222.3896942138672,46.976463317871097,-0.9889116287231445,-3.3456444725743498e-8,0.14850500226020814,-3.45729773698622e-8,1,-4.9370392218861529e-9,-0.14850500226020814,-1.00165555849685e-8,-0.9889116287231445],8,0.5548453330993652],[[769.0740966796875,222.23643493652345,46.94779586791992,-0.9889116287231445,-6.689883491617366e-8,0.14850500226020814,-6.812967967562145e-8,1,-3.2012370532186198e-9,-0.14850500226020814,-1.328333976147178e-8,-0.9889116287231445],8,0.566591739654541],[[768.8761596679688,222.05250549316407,46.91912841796875,-0.9894253015518189,-1.0036585251782526e-7,0.14504316449165345,-1.016707287249119e-7,1,-1.5839247691218362e-9,-0.14504316449165345,-1.6313819628521743e-8,-0.9894253015518189],8,0.5781393051147461],[[768.67822265625,221.83792114257813,46.89046096801758,-0.9913545250892639,-9.755365226737922e-8,0.13121037185192109,-9.846567650129146e-8,1,-4.629444050330278e-10,-0.13121037185192109,-1.3378659957652417e-8,-0.9913545250892639],8,0.59116530418396],[[768.414306640625,222.71104431152345,46.852237701416019,-0.9934942722320557,-6.945890618226258e-8,0.11388233304023743,-6.974015320793115e-8,1,1.514412262260123e-9,-0.11388233304023743,-6.437611332898996e-9,-0.9934942722320557],3,0.6084072589874268],[[768.083251953125,223.7300567626953,46.8131103515625,-0.9755638241767883,-3.428927186632791e-8,0.21971619129180909,-3.314308827384593e-8,1,8.902722115067263e-9,-0.21971619129180909,1.4031007466996926e-9,-0.9755638241767883],5,0.6352407932281494],[[767.8179321289063,224.48394775390626,46.78628921508789,-0.9766210317611694,-6.367898652825943e-9,0.21496836841106416,-3.6628591271181678e-9,1,1.2981787200772033e-8,-0.21496836841106416,1.1890887385845872e-8,-0.9766210317611694],5,0.6433746814727783],[[767.6851196289063,224.84046936035157,46.774383544921878,-0.9896730184555054,8.899784909033315e-9,0.14334316551685334,1.1080663497864407e-8,1,1.4416098537139988e-8,-0.14334316551685334,1.5855560420163785e-8,-0.9896730184555054],5,0.6537268161773682],[[767.4857177734375,225.3496856689453,46.75851058959961,-0.984933614730835,3.019400196535571e-8,0.1729329526424408,3.3245175501406268e-8,1,1.4747262966352537e-8,-0.1729329526424408,2.0274260492669783e-8,-0.984933614730835],5,0.6658577919006348],[[767.2863159179688,225.8282470703125,46.74357986450195,-0.9855174422264099,5.241344780415602e-8,0.16957418620586396,5.547536474637127e-8,1,1.3318602221090714e-8,-0.16957418620586396,2.2532905319394559e-8,-0.9855174422264099],5,0.6757712364196777],[[767.1533203125,226.13026428222657,46.73406219482422,-0.9922127723693848,6.837824173544505e-8,0.12455427646636963,7.039196248115332e-8,1,1.1766507768129486e-8,-0.12455427646636963,2.044249924892938e-8,-0.9922127723693848],5,0.6859216690063477],[[767.020263671875,226.41864013671876,46.725860595703128,-0.9932618141174316,8.369283932552207e-8,0.11589228361845017,8.5370039926147e-8,1,9.508433151950158e-9,-0.11589228361845017,1.933809201659642e-8,-0.9932618141174316],5,0.6970434188842773],[[766.8204956054688,226.82566833496095,46.71556091308594,-0.9905962944030762,1.06269773425538e-7,0.13681724667549134,1.0788984639020782e-7,1,4.425688704401409e-9,-0.13681724667549134,1.9145263152609006e-8,-0.9905962944030762],5,0.7077665328979492],[[766.6207275390625,227.20204162597657,46.70762252807617,-0.993644654750824,1.3007532118081145e-7,0.11256244778633118,1.3067283077816683e-7,1,-2.0696462321723176e-9,-0.11256244778633118,1.2652360936726837e-8,-0.993644654750824],5,0.7196319103240967],[[766.4207763671875,227.54776000976563,46.7041015625,-0.9947705268859863,1.5392855345908175e-7,0.10213492810726166,1.5367291439360998e-7,1,-1.03712070043116e-8,-0.10213492810726166,5.378400391720106e-9,-0.9947705268859863],5,0.7346889972686768],[[766.1541748046875,227.96102905273438,46.70301055908203,-0.9923958778381348,1.3370242868404603e-7,0.12308723479509354,1.3232744322522195e-7,1,-1.9345840485129885e-8,-0.12308723479509354,-2.9109121779669069e-9,-0.9923958778381348],5,0.7501242160797119],[[765.8875732421875,228.31979370117188,46.70515441894531,-0.99239581823349,9.622217334026573e-8,0.12308740615844727,9.393143329816667e-8,1,-2.441366397931688e-8,-0.12308740615844727,-1.266624138906991e-8,-0.99239581823349],5,0.7651147842407227],[[765.6876220703125,228.55311584472657,46.70711898803711,-0.9959452152252197,6.745695912968586e-8,0.08996200561523438,6.538441255088401e-8,1,-2.5985045226661897e-8,-0.08996200561523438,-1.9997566269580603e-8,-0.9959452152252197],5,0.7813599109649658],[[765.4210205078125,228.81651306152345,46.70974349975586,-0.9923958778381348,3.038939766497606e-8,0.12308715283870697,2.765752249445086e-8,1,-2.3903263368652007e-8,-0.12308715283870697,-2.031721280104648e-8,-0.9923958778381348],5,0.7945971488952637],[[765.1544189453125,229.02540588378907,46.71236801147461,-0.99239581823349,-7.492340969861289e-9,0.1230873316526413,-9.754095309233435e-9,1,-1.7772606497601374e-8,-0.1230873316526413,-1.8838067106230484e-8,-0.99239581823349],5,0.8121910095214844],[[765.0211181640625,229.10940551757813,46.713680267333987,-0.9983891844749451,-2.7693694448771568e-8,0.05673697590827942,-2.852210911896691e-8,1,-1.3791171760146881e-8,-0.05673697590827942,-1.538721505767171e-8,-0.9983891844749451],5,0.8205149173736572],[[764.8211669921875,229.2098846435547,46.71564865112305,-0.9959452152252197,-5.5710462021352217e-8,0.08996184915304184,-5.642361600166623e-8,1,-5.384148682452405e-9,-0.08996184915304184,-1.043829023217313e-8,-0.9959452152252197],5,0.8312208652496338],[[764.6878662109375,229.25982666015626,46.71696090698242,-0.9983891844749451,-7.502687537908059e-8,0.05673695728182793,-7.507695443109697e-8,1,1.2488184930603552e-9,-0.05673695728182793,-3.012831317761311e-9,-0.9983891844749451],5,0.8403289318084717],[[764.4879150390625,229.3092041015625,46.718929290771487,-0.9959444999694824,-1.0357036472896653e-7,0.0899694412946701,-1.0275176975937939e-7,1,1.3730208969775504e-8,-0.0899694412946701,4.430007471967201e-9,-0.9959444999694824],5,0.8515841960906982],[[764.2213134765625,229.3273468017578,46.721553802490237,-0.9923955202102661,-1.4234755951747503e-7,0.12308982014656067,-1.3910074869727397e-7,1,3.497126499496517e-8,-0.12308982014656067,1.758344225777364e-8,-0.9923955202102661],5,0.8784353733062744],[[763.9547119140625,229.29100036621095,46.724178314208987,-0.9923956394195557,-1.2874741628365883e-7,0.12308903783559799,-1.2422462702943449e-7,1,4.4418541733648456e-8,-0.12308903783559799,2.8790076100904117e-8,-0.9923956394195557],5,0.8862860202789307],[[763.8214111328125,229.25238037109376,46.72549057006836,-0.9983890056610107,-1.1079725226181836e-7,0.05673918128013611,-1.0831488594931216e-7,1,4.682572907199756e-8,-0.05673918128013611,4.060459346533207e-8,-0.9983890056610107],5,0.8955950736999512],[[763.6214599609375,229.16891479492188,46.72745895385742,-0.9959456324577332,-8.864503087124831e-8,0.08995740115642548,-8.461250189384373e-8,1,4.8640593774962329e-8,-0.08995740115642548,4.08318676647923e-8,-0.9959456324577332],5,0.9052398204803467],[[763.2215576171875,228.91000366210938,46.73139572143555,-0.9845418334007263,-4.544491005731288e-8,0.17514950037002564,-3.803387826906146e-8,1,4.566936340211214e-8,-0.17514950037002564,3.830178485486613e-8,-0.9845418334007263],5,0.9336133003234863],[[762.9549560546875,228.66928100585938,46.737205505371097,-0.9943939447402954,-1.1508912933777538e-8,0.10573896765708924,-7.1942745094588648e-9,1,4.118604834957296e-8,-0.10573896765708924,4.019443977654191e-8,-0.9943939447402954],5,0.9565458297729492],[[762.2884521484375,227.8290252685547,46.7552604675293,-0.9541214108467102,5.969190652876932e-8,0.29941999912261965,6.562483889638315e-8,1,9.759396846220625e-9,-0.29941999912261965,2.8961038012198516e-8,-0.9541214108467102],5,0.9962213039398193],[[762.0885009765625,227.51051330566407,46.761009216308597,-0.9974901676177979,8.855718647282629e-8,0.0708049088716507,8.871798939935616e-8,1,-8.737005563475009e-10,-0.0708049088716507,5.410161207919373e-9,-0.9974901676177979],5,1.0018646717071534],[[761.9552001953125,227.28115844726563,46.7648811340332,-0.9992950558662415,1.0446374432149241e-7,0.037541553378105167,1.0420539098277004e-7,1,-8.838425991086752e-9,-0.037541553378105167,-4.92016338782264e-9,-0.9992950558662415],5,1.0123820304870606],[[761.8218994140625,227.0381622314453,46.76875686645508,-0.9992274641990662,1.2024942463995104e-7,0.03929923474788666,1.1964324642121938e-7,1,-1.7776372374100903e-8,-0.03929923474788666,-1.3060750703175472e-8,-0.9992274641990662],5,1.0211706161499024],[[761.6219482421875,226.64813232421876,46.774288177490237,-0.9972354769706726,1.4453495111865778e-7,0.07430603355169296,1.4244376700389695e-7,1,-3.344242216485327e-8,-0.07430603355169296,-2.2765538787439256e-8,-0.9972354769706726],5,1.031318187713623],[[761.4219970703125,226.22744750976563,46.77947235107422,-0.9969685077667236,1.5094802563453414e-7,0.07780639082193375,1.477687447959397e-7,1,-4.661889008161779e-8,-0.07780639082193375,-3.498021072800839e-8,-0.9969685077667236],5,1.0566790103912354],[[761.0887451171875,225.4581756591797,46.78696823120117,-0.9857582449913025,1.0535354988405743e-7,0.16816845536231996,9.833843250817154e-8,1,-5.0042842758557529e-8,-0.16816845536231996,-3.2792723203556309e-8,-0.9857582449913025],5,1.0746045112609864],[[760.8221435546875,224.7814483642578,46.78729248046875,-0.9874851107597351,6.616581771368146e-8,0.1577121913433075,5.9303161492607617e-8,1,-4.82196753637254e-8,-0.1577121913433075,-3.8263380019998297e-8,-0.9874851107597351],5,1.0819664001464844],[[760.6888427734375,224.42263793945313,46.78474044799805,-0.9944149851799011,4.4545004129759039e-8,0.10554083436727524,3.988636620988473e-8,1,-4.625132987712277e-8,-0.10554083436727524,-4.178337675853072e-8,-0.9944149851799011],5,1.0917510986328126],[[760.4889526367188,223.85888671875,46.7775764465332,-0.9860904216766357,1.7709963273659924e-8,0.16620978713035584,1.1180649295283729e-8,1,-4.02192448234473e-8,-0.16620978713035584,-3.7801481056476408e-8,-0.9860904216766357],5,1.101759910583496],[[760.3558959960938,223.4660186767578,46.76963424682617,-0.9893773794174194,-2.6748223636019476e-9,0.14536967873573304,-7.857764217078511e-9,1,-3.50793349923606e-8,-0.14536967873573304,-3.5848980672881228e-8,-0.9893773794174194],5,1.1131536960601807],[[760.156494140625,222.85118103027345,46.75441360473633,-0.9917091727256775,-3.042742946490762e-8,0.12850266695022584,-3.415955873720122e-8,1,-2.6839270361733726e-8,-0.12850266695022584,-3.100634771158184e-8,-0.9917091727256775],7,1.1242117881774903],[[759.957275390625,222.31492614746095,46.73663330078125,-0.9932358860969544,-5.6938016967933439e-8,0.11611410975456238,-5.955237725174811e-8,1,-1.9046270338662908e-8,-0.11611410975456238,-2.5832310512896585e-8,-0.9932358860969544],7,1.1349198818206788],[[759.8246459960938,222.2588653564453,46.722755432128909,-0.9931439161300659,-7.421827064035824e-8,0.11689800769090653,-7.637195409415654e-8,1,-1.394435944490624e-8,-0.11689800769090653,-2.277648469828364e-8,-0.9931439161300659],7,1.1457042694091797],[[759.6259765625,222.3159637451172,46.69997787475586,-0.9926034212112427,-1.0001986083807424e-7,0.12140180915594101,-1.0153002705237668e-7,1,-6.253578099801871e-9,-0.12140180915594101,-1.8533251378016759e-8,-0.9926034212112427],7,1.157731294631958],[[759.4274291992188,222.3927764892578,46.67601013183594,-0.9910962581634522,-1.0785485216047164e-7,0.13314729928970338,-1.0872808786643873e-7,1,7.123513445783658e-10,-0.13314729928970338,-1.3770842244298365e-8,-0.9910962581634522],8,1.1690924167633057],[[759.2952270507813,222.434326171875,46.65869903564453,-0.9901553392410278,-8.937428930266833e-8,0.1399727463722229,-8.971149867420536e-8,1,3.900520351152181e-9,-0.1399727463722229,-8.695042907902462e-9,-0.9901553392410278],8,1.1799557209014893],[[759.0971069335938,222.4800262451172,46.63103485107422,-0.988105297088623,-6.168401256445577e-8,0.15377874672412873,-6.113796757745149e-8,1,8.279844365688405e-9,-0.15377874672412873,-1.220361922626978e-9,-0.988105297088623],8,1.1903347969055176],[[758.8994140625,222.510009765625,46.60082244873047,-0.9867249727249146,-3.4128390780097109e-8,0.16240015625953675,-3.254563907262309e-8,1,1.2406367488893011e-8,-0.16240015625953675,6.9562560156555268e-9,-0.9867249727249146],8,1.2112927436828614],[[758.63623046875,222.53399658203126,46.557884216308597,-0.9811351299285889,2.365923013059046e-9,0.19332323968410493,5.702881278324412e-9,1,1.6704532868061507e-8,-0.19332323968410493,1.7491903037125668e-8,-0.9811351299285889],8,1.2200212478637696],[[758.5051879882813,222.5415496826172,46.53317642211914,-0.9794079065322876,2.0549196122487957e-8,0.20189130306243897,2.4832917944195289e-8,1,1.8685105018789728e-8,-0.20189130306243897,2.3313891261977916e-8,-0.9794079065322876],8,1.2301204204559327],[[758.3092041015625,222.54934692382813,46.49329376220703,-0.9776079654693604,4.783454343737503e-8,0.21043439209461213,5.353746956870964e-8,1,2.140387600491067e-8,-0.21043439209461213,3.219072297611092e-8,-0.9776079654693604],8,1.2396445274353028],[[758.1787719726563,222.55288696289063,46.465553283691409,-0.9761120676994324,6.592486556655786e-8,0.21726752817630769,7.267582446957022e-8,1,2.3081589972662188e-8,-0.21726752817630769,3.832031580941475e-8,-0.9761120676994324],8,1.2501251697540284],[[757.9835205078125,222.55653381347657,46.42240905761719,-0.9749634265899658,9.318403471070269e-8,0.2223653793334961,1.0138076333987556e-7,1,2.5446846407817249e-8,-0.2223653793334961,4.735331415872679e-8,-0.9749634265899658],8,1.2614216804504395],[[757.7885131835938,222.558837890625,46.378143310546878,-0.9729830026626587,8.781694305071142e-8,0.23087674379348756,9.51475911392663e-8,1,2.0617271445644293e-8,-0.23087674379348756,4.202762227123458e-8,-0.9729830026626587],8,1.272228479385376],[[757.5938110351563,222.560302734375,46.33230209350586,-0.9721707701683044,6.653204565054694e-8,0.23427334427833558,7.142555347172675e-8,1,1.2403425841966964e-8,-0.23427334427833558,2.8791351525114807e-8,-0.9721707701683044],8,1.2873940467834473],[[757.3993530273438,222.5612335205078,46.28559112548828,-0.9700835943222046,4.515352358680502e-8,0.242771178483963,4.764779859556256e-8,1,4.4026005063813049e-9,-0.242771178483963,1.5838402589452018e-8,-0.9700835943222046],8,1.2983922958374024],[[756.8817749023438,222.5623779296875,46.15646743774414,-0.9638590812683106,-1.1511757769255837e-8,0.26641255617141726,-1.6187094331598929e-8,1,-1.5353327498246473e-8,-0.26641255617141726,-1.911088887140977e-8,-0.9638590812683106],8,1.3344271183013917],[[756.62451171875,222.56259155273438,46.08634948730469,-0.960527777671814,-3.937336501280697e-8,0.2781841456890106,-4.818194909717022e-8,1,-2.482792993419025e-8,-0.2781841456890106,-3.725137176502358e-8,-0.960527777671814],8,1.346086025238037],[[756.4322509765625,222.5626983642578,46.03117752075195,-0.9595512747764587,-6.029958399267343e-8,0.28153395652770998,-7.218477549031377e-8,1,-3.184486274676601e-8,-0.28153395652770998,-5.087924392910281e-8,-0.9595512747764587],8,1.3627479076385499],[[756.1763305664063,222.56277465820313,45.95625686645508,-0.9580630660057068,-8.808645191038522e-8,0.2865573763847351,-1.0421316432029926e-7,1,-4.102609452161232e-8,-0.2865573763847351,-6.916863526384987e-8,-0.9580630660057068],8,1.3765630722045899],[[756.0485229492188,222.56280517578126,45.9182243347168,-0.9575639367103577,-8.752133595635314e-8,0.28822100162506106,-1.0325102550723386e-7,1,-3.9372970661588627e-8,-0.28822100162506106,-6.746125080780985e-8,-0.9575639367103577],8,1.3868393898010255],[[755.7931518554688,222.5628204345703,45.84145736694336,-0.9570560455322266,-5.759997279142226e-8,0.2899028956890106,-6.736691915421034e-8,1,-2.371120544353289e-8,-0.2899028956890106,-4.222281901888891e-8,-0.9570560455322266],8,1.4044523239135743],[[755.6017456054688,222.5628204345703,45.78354263305664,-0.9544861912727356,-3.489348898710887e-8,0.29825517535209658,-4.037242362642246e-8,1,-1.2209118160910748e-8,-0.29825517535209658,-2.3694719075706417e-8,-0.9544861912727356],8,1.414919376373291],[[755.474365234375,222.5628204345703,45.74406433105469,-0.9529100060462952,-1.9886574165184358e-8,0.3032532334327698,-2.2345787442645816e-8,1,-4.6395234321039428e-9,-0.3032532334327698,-1.1197480276337047e-8,-0.9529100060462952],8,1.423814296722412],[[755.3472290039063,222.5628204345703,45.7038459777832,-0.9507787227630615,-4.9323447548488279e-9,0.30987074971199038,-4.274684162197673e-9,1,2.8013817932048825e-9,-0.30987074971199038,1.3388945507841755e-9,-0.9507787227630615],8,1.4339756965637208],[[755.0935668945313,222.5628204345703,45.62150573730469,-0.947475016117096,2.478661365046264e-8,0.3198298215866089,3.1998421690104809e-8,1,1.7293853460387255e-8,-0.3198298215866089,2.661954212612727e-8,-0.947475016117096],8,1.4486865997314454],[[754.9671630859375,222.5628204345703,45.57920837402344,-0.9381628036499023,3.888953159503217e-8,0.34619438648223879,5.031872163385742e-8,1,2.4025876399491609e-8,-0.34619438648223879,3.9960241338121708e-8,-0.9381628036499023],8,1.4588966369628907],[[754.7791748046875,222.5628204345703,45.51102066040039,-0.9228337407112122,5.945443248833726e-8,0.38519853353500368,7.818324831987411e-8,1,3.295886585874541e-8,-0.38519853353500368,6.053162593389061e-8,-0.9228337407112122],8,1.4693245887756348],[[754.6556396484375,222.5628204345703,45.46105194091797,-0.9124242663383484,7.268899793189121e-8,0.4092455804347992,9.689926372402624e-8,1,3.842250251295809e-8,-0.4092455804347992,7.471322049923401e-8,-0.9124242663383484],8,1.480281114578247],[[754.47265625,222.5628204345703,45.38032913208008,-0.8998668789863586,6.758505577408869e-8,0.43616464734077456,9.148838842065743e-8,1,3.379988555707314e-8,-0.43616464734077456,7.031940185697749e-8,-0.8998668789863586],8,1.489790678024292],[[754.3522338867188,222.5628204345703,45.323150634765628,-0.88408362865448,5.4821164496843269e-8,0.4673287868499756,7.641393295898524e-8,1,2.72509215193395e-8,-0.4673287868499756,5.980252382187246e-8,-0.88408362865448],8,1.5009346008300782],[[754.1747436523438,222.5628204345703,45.231014251708987,-0.847448468208313,3.489833488856675e-8,0.5308777093887329,5.3155407186977757e-8,1,1.9115763194577086e-8,-0.5308777093887329,4.441864476234514e-8,-0.847448468208313],8,1.5128145217895508],[[754.0038452148438,222.5628204345703,45.127315521240237,-0.8274121880531311,1.7864355328356397e-8,0.56159508228302,2.9629314113321926e-8,1,1.1843589220461581e-8,-0.56159508228302,2.6439208156148198e-8,-0.8274121880531311],8,1.5235373973846436],[[753.8375244140625,222.5628204345703,45.01628875732422,-0.7936872243881226,9.39747613060149e-10,0.6083260774612427,5.738698405366449e-9,1,5.942510483691876e-9,-0.6083260774612427,8.207494239798052e-9,-0.7936872243881226],8,1.536346673965454],[[753.677490234375,222.5628204345703,44.896461486816409,-0.7818504571914673,-1.4580192164714845e-8,0.6234660148620606,-1.8245524202598064e-8,1,5.051124518651307e-10,-0.6234660148620606,-1.098054269732529e-8,-0.7818504571914673],8,1.548121690750122],[[753.4657592773438,222.52877807617188,44.73434066772461,-0.7730678915977478,-3.4892842393219328e-8,0.6343232989311218,-5.0298631038003808e-8,1,-6.292395049456445e-9,-0.6343232989311218,-3.677004301039233e-8,-0.7730678915977478],8,1.568204641342163],[[753.3070068359375,222.4674835205078,44.61267852783203,-0.7697307467460632,-5.0038615029279757e-8,0.6383687257766724,-7.434687177010346e-8,1,-1.1260667953649773e-8,-0.6383687257766724,-5.6128399705812629e-8,-0.7697307467460632],8,1.5776560306549073],[[753.201171875,222.40957641601563,44.53157043457031,-0.7686168551445007,-6.01612981654398e-8,0.6397094130516052,-9.037621850893629e-8,1,-1.4543145354650733e-8,-0.6397094130516052,-6.899262672277473e-8,-0.7686168551445007],8,1.588089942932129],[[753.0424194335938,222.2971954345703,44.409908294677737,-0.7741680145263672,-7.608357321942094e-8,0.6329801082611084,-1.1436356572858131e-7,1,-1.9673676021625398e-8,-0.6329801082611084,-8.762059877653883e-8,-0.7741680145263672],8,1.5996220111846924],[[752.8836669921875,222.15414428710938,44.288246154785159,-0.7807564735412598,-5.78625041214309e-8,0.6248354911804199,-8.662684081173211e-8,1,-1.5639251671473177e-8,-0.6248354911804199,-6.633796800770142e-8,-0.7807564735412598],8,1.6111552715301514],[[752.7249145507813,221.98043823242188,44.16658401489258,-0.8000143766403198,-4.079694093661601e-8,0.599980890750885,-5.904833955128197e-8,1,-1.073797140094257e-8,-0.599980890750885,-4.401840314471883e-8,-0.8000143766403198],8,1.6221766471862794],[[752.6190795898438,221.8476104736328,44.08547592163086,-0.8113943338394165,-2.889361105928856e-8,0.5844991207122803,-4.07386231415785e-8,1,-7.119733247407112e-9,-0.5844991207122803,-2.958860179091971e-8,-0.8113943338394165],8,1.6409296989440919],[[752.3544921875,222.9313507080078,43.88270568847656,-0.8483722805976868,1.0377151360430049e-9,0.529400110244751,4.301274447726655e-9,1,4.932690256254091e-9,-0.529400110244751,6.461852830597081e-9,-0.8483722805976868],3,1.657315731048584],[[752.1317138671875,223.73974609375,43.736480712890628,-0.819783091545105,2.640469531911549e-8,0.5726741552352905,4.090683347612867e-8,1,1.2450422914866977e-8,-0.5726741552352905,3.363293288316527e-8,-0.819783091545105],5,1.6785273551940919],[[751.9008178710938,224.49363708496095,43.60305404663086,-0.8199124336242676,5.5022066902665759e-8,0.5724889636039734,7.80834028546451e-8,1,1.5719926693691378e-8,-0.5724889636039734,5.759084586998142e-8,-0.8199124336242676],5,1.6865525245666505],[[751.7241821289063,225.02330017089845,43.5092658996582,-0.8465826511383057,8.133240925189966e-8,0.5322573184967041,1.0626207824770973e-7,1,1.62087427924007e-8,-0.5322573184967041,7.0280805175571e-8,-0.8465826511383057],5,1.6972033977508546],[[751.5455322265625,225.52230834960938,43.419437408447269,-0.8564404845237732,1.0771831426836798e-7,0.5162457823753357,1.3471566262523994e-7,1,1.4833307915296246e-8,-0.5162457823753357,8.225023861996306e-8,-0.8564404845237732],5,1.7107582092285157],[[751.4253540039063,225.8379364013672,43.36170196533203,-0.8919909596443176,1.3113108821016795e-7,0.4520532786846161,1.5393381147532637e-7,1,1.3663155051801823e-8,-0.4520532786846161,8.177369892337083e-8,-0.8919909596443176],5,1.7200891971588135],[[751.3032836914063,226.13995361328126,43.30813217163086,-0.9012608528137207,1.2171186369869248e-7,0.4332769513130188,1.38702461072171e-7,1,7.60536078558971e-9,-0.4332769513130188,6.69509958584058e-8,-0.9012608528137207],5,1.7306737899780274],[[751.1181030273438,226.56741333007813,43.232723236083987,-0.9079107046127319,1.0578823861351339e-7,0.41916361451148989,1.1628511487060678e-7,1,-5.051551954515787e-10,-0.41916361451148989,4.828385158361925e-8,-0.9079107046127319],5,1.7421038150787354],[[750.9297485351563,226.96421813964845,43.1656379699707,-0.9185833930969238,8.938278028836067e-8,0.39522719383239748,9.419029112223143e-8,1,-7.239228327904357e-9,-0.39522719383239748,3.057672870454553e-8,-0.9185833930969238],5,1.7531461715698243],[[750.7393798828125,227.33038330078126,43.10428237915039,-0.9286220073699951,7.189609618762916e-8,0.3710271418094635,7.235865240318162e-8,1,-1.2673639027127593e-8,-0.3710271418094635,1.507800284628047e-8,-0.9286220073699951],5,1.7652859687805176],[[750.5475463867188,227.66587829589845,43.0479736328125,-0.9478997588157654,5.3813291600590676e-8,0.31856873631477358,5.0883091518016957e-8,1,-1.751967282359601e-8,-0.31856873631477358,-3.971303008665217e-10,-0.9478997588157654],5,1.7800230979919434],[[750.3530883789063,227.97071838378907,43.00139236450195,-0.9646809101104736,3.440842988311488e-8,0.26342129707336428,2.9697030612396703e-8,1,-2.186714453955574e-8,-0.26342129707336428,-1.3271984400375914e-8,-0.9646809101104736],5,1.7903213500976563],[[750.1563720703125,228.24490356445313,42.96590042114258,-0.9724838137626648,1.4253815017184479e-8,0.23297032713890077,8.619156055544864e-9,1,-2.520417297091626e-8,-0.23297032713890077,-2.2502643304278537e-8,-0.9724838137626648],5,1.8043451309204102],[[749.8263549804688,228.63375854492188,42.919612884521487,-0.981341540813446,-1.993498699448537e-8,0.1922726035118103,-2.615044714104897e-8,1,-2.9788607136538304e-8,-0.1922726035118103,-3.4260814629760719e-8,-0.981341540813446],5,1.824049472808838],[[749.6270141601563,228.82620239257813,42.906394958496097,-0.9963971972465515,-4.4166636570253107e-8,0.08480968326330185,-4.7050097151668527e-8,1,-3.2000407657051258e-8,-0.08480968326330185,-3.587541996807886e-8,-0.9963971972465515],5,1.8345272541046143],[[749.4270629882813,228.98797607421876,42.90732955932617,-0.9999375939369202,-6.828381771128989e-8,-0.01117023453116417,-6.790094886355291e-8,1,-3.465547138148395e-8,0.01117023453116417,-3.389483893556644e-8,-0.9999375939369202],5,1.8466284275054932],[[749.294189453125,229.07879638671876,42.916385650634769,-0.9954766631126404,-8.492828129647023e-8,-0.09500633180141449,-8.183015864915433e-8,1,-3.650562518942024e-8,0.09500633180141449,-2.8566114806949373e-8,-0.9954766631126404],5,1.8580613136291505],[[749.0963134765625,229.18948364257813,42.94480514526367,-0.9934825301170349,-1.0660114924121445e-7,-0.11398447304964066,-1.028547487180731e-7,1,-3.874872689380027e-8,0.11398447304964066,-2.6772339012381964e-8,-0.9934825301170349],5,1.86930251121521],[[748.9656372070313,229.24624633789063,42.971195220947269,-0.9691969156265259,-1.2336698773651734e-7,-0.24628706276416779,-1.1685511225323353e-7,1,-4.1055258748201598e-8,0.24628706276416779,-1.1010730105454059e-8,-0.9691969156265259],5,1.8803434371948243],[[748.7099609375,229.3188934326172,43.04588317871094,-0.9738096594810486,-1.5148611964832527e-7,-0.22736485302448274,-1.4527988412282867e-7,1,-4.403125686280873e-8,0.22736485302448274,-9.846521820122689e-9,-0.9738096594810486],5,1.896496057510376],[[748.3976440429688,229.3330535888672,43.16217803955078,-0.959624707698822,-1.3542613430672646e-7,-0.281283438205719,-1.3186573255552504e-7,1,-3.158564965133337e-8,0.281283438205719,6.781274208833565e-9,-0.959624707698822],5,1.9142203330993653],[[748.1555786132813,229.2830810546875,43.27356719970703,-0.9037023186683655,-9.319945348806869e-8,-0.4281613826751709,-9.845665971397466e-8,1,-9.865309458234606e-9,0.4281613826751709,3.324003472471304e-8,-0.9037023186683655],5,1.9313461780548096],[[747.9825439453125,229.2098388671875,43.373085021972659,-0.8502268195152283,-6.030273880242021e-8,-0.526416540145874,-7.470571716794439e-8,1,6.105553840285438e-9,0.526416540145874,4.4517431518897868e-8,-0.8502268195152283],5,1.9461915493011475],[[747.8203735351563,229.10592651367188,43.48965835571289,-0.8313228487968445,-3.103892254330276e-8,-0.5557898283004761,-5.12864097856891e-8,1,2.086515493715524e-8,0.5557898283004761,4.585014679037158e-8,-0.8313228487968445],5,1.9566874504089356],[[747.5621337890625,228.8646240234375,43.70026779174805,-0.8304955363273621,1.329654875092956e-8,-0.5570253133773804,-1.2636350632533322e-8,1,4.2710773584531128e-8,0.5570253133773804,4.2509871178708639e-8,-0.8304955363273621],5,1.9775867462158204],[[747.4147338867188,228.67897033691407,43.83530807495117,-0.7516003847122192,4.4146730715510787e-8,-0.6596187353134155,9.778406528937467e-9,1,5.578567296993242e-8,0.6596187353134155,3.547851079588327e-8,-0.7516003847122192],5,1.9878435134887696],[[747.3218383789063,228.53817749023438,43.93087387084961,-0.6847625374794006,6.38591401980193e-8,-0.7287662625312805,2.4239914964141464e-8,1,6.485008441359241e-8,0.7287662625312805,2.6741675540620237e-8,-0.6847625374794006],5,1.9991681575775147],[[747.1920776367188,228.30142211914063,44.08293914794922,-0.6861321330070496,8.809821849808941e-8,-0.727476954460144,4.6076358728441849e-8,1,7.764335663296151e-8,0.727476954460144,1.975411301202712e-8,-0.6861321330070496],5,2.0131592750549318],[[747.0689697265625,228.0340118408203,44.24052810668945,-0.6390660405158997,1.1284186740567748e-7,-0.7691518664360046,6.757800008472259e-8,1,9.056086724967827e-8,0.7691518664360046,5.896632071511476e-9,-0.6390660405158997],5,2.0368056297302248],[[746.8802490234375,227.52020263671876,44.51517868041992,-0.6188969612121582,1.5173763756592963e-7,-0.7854722142219544,1.0328536603765315e-7,1,1.1179853487419678e-7,0.7854722142219544,-1.1936017507707675e-8,-0.6188969612121582],5,2.0458288192749025],[[746.7794189453125,227.17105102539063,44.68768310546875,-0.5404836535453796,1.5458739710538794e-7,-0.8413545489311218,1.1293285240299156e-7,1,1.1118861920067502e-7,0.8413545489311218,-3.492094080570496e-8,-0.5404836535453796],5,2.056347131729126],[[746.6873779296875,226.79124450683595,44.86521911621094,-0.4880725145339966,1.2205531163544948e-7,-0.8728030920028687,1.0198415623108304e-7,1,8.281324426206993e-8,0.8728030920028687,-4.859321833805552e-8,-0.4880725145339966],5,2.069350242614746],[[746.632080078125,226.52099609375,44.98649215698242,-0.4289923310279846,9.915591903109089e-8,-0.9033081531524658,9.533242462111957e-8,1,6.449520384421703e-8,0.9033081531524658,-5.844660577736249e-8,-0.4289923310279846],5,2.0801594257354738],[[746.5570068359375,226.090087890625,45.17182540893555,-0.4291108548641205,7.10213967636264e-8,-0.9032518267631531,8.542218665752444e-8,1,3.804676751428815e-8,0.9032518267631531,-6.083146075752666e-8,-0.4291108548641205],5,2.091542959213257],[[746.4884033203125,225.62852478027345,45.35966110229492,-0.37312275171279909,3.991031505279352e-8,-0.9277819991111755,7.662808343411598e-8,1,1.21996661661683e-8,0.9277819991111755,-6.654218509538623e-8,-0.37312275171279909],5,2.1027541160583498],[[746.4302368164063,225.1363067626953,45.550933837890628,-0.347048282623291,1.1424527102121829e-8,-0.9378472566604614,6.805912988738783e-8,1,-1.3003478294137949e-8,0.9378472566604614,-6.834189747451092e-8,-0.347048282623291],5,2.1146960258483888],[[746.3956298828125,224.7911376953125,45.67967987060547,-0.29566115140914919,-9.78571268461792e-9,-0.9552928805351257,6.269289798410682e-8,1,-2.9646999522014995e-8,0.9552928805351257,-6.865554524893014e-8,-0.29566115140914919],5,2.1252989768981935],[[746.348388671875,224.24781799316407,45.87401580810547,-0.3007875084877014,-3.5424577049525399e-8,-0.9536911845207214,5.450334938927881e-8,1,-5.43346772019504e-8,0.9536911845207214,-6.832255650124353e-8,-0.3007875084877014],5,2.137789726257324],[[746.3064575195313,223.67384338378907,46.06956100463867,-0.29745230078697207,-6.15651387647631e-8,-0.9547367095947266,4.587440471937043e-8,1,-7.877626018171213e-8,0.9547367095947266,-6.723015388843123e-8,-0.29745230078697207],5,2.149366617202759],[[746.26611328125,223.06922912597657,46.26545333862305,-0.3173985481262207,-8.609101342926806e-8,-0.9482922554016113,3.619514643560251e-8,1,-1.0290002450119573e-7,0.9482922554016113,-6.69