[[[776,222.69961547851563,47,1,0,0,0,1,0,0,0,1],8,0.006984233856201172],[[776,222.69961547851563,47,1,0,0,0,1,0,0,0,1],8,0.02675771713256836],[[776,222.69961547851563,47,1,0,0,0,1,0,0,0,1],8,0.03213691711425781],[[776,222.69961547851563,47,1,0,0,0,1,0,0,0,1],8,0.040056705474853519],[[776,222.69961547851563,47,1,0,0,0,1,0,0,0,1],8,0.04999995231628418],[[776,222.69961547851563,47,1,0,0,0,1,0,0,0,1],8,0.05916905403137207],[[776,222.69961547851563,47,1,0,0,0,1,0,0,0,1],8,0.06822919845581055],[[776,222.69961547851563,47,1,0,0,0,1,0,0,0,1],8,0.07765626907348633],[[776,222.69961547851563,47,1,0,0,0,1,0,0,0,1],8,0.08660030364990235],[[776,222.69961547851563,47,1,0,0,0,1,0,0,0,1],8,0.09596896171569824],[[776,222.69961547851563,47,1,0,0,0,1,0,0,0,1],8,0.10721468925476074],[[776,222.69961547851563,47,1,0,0,0,1,0,0,0,1],8,0.11585855484008789],[[776,222.69961547851563,47,1,0,0,0,1,0,0,0,1],8,0.12535476684570313],[[776,222.69961547851563,47,1,0,0,0,1,0,0,0,1],8,0.13521194458007813],[[776,222.69961547851563,47,1,0,0,0,1,0,0,0,1],8,0.14442920684814454],[[776,222.69961547851563,47,1,0,0,0,1,0,0,0,1],8,0.15551400184631349],[[776,222.69961547851563,47,1,0,0,0,1,0,0,0,1],8,0.16431093215942384],[[776,222.69961547851563,47,1,0,0,0,1,0,0,0,1],8,0.17216277122497559],[[776,222.69961547851563,47,1,0,0,0,1,0,0,0,1],8,0.1809697151184082],[[776,222.69961547851563,47,1,0,0,0,1,0,0,0,1],8,0.19045305252075196],[[776,222.69961547851563,47,1,0,0,0,1,0,0,0,1],8,0.20665669441223145],[[776,222.69961547851563,47,1,0,0,0,1,0,0,0,1],8,0.2152881622314453],[[776,222.69961547851563,47,1,0,0,0,1,0,0,0,1],8,0.22234511375427247],[[776,222.69961547851563,47,1,0,0,0,1,0,0,0,1],8,0.23048686981201173],[[776,222.69961547851563,47,1,0,0,0,1,0,0,0,1],8,0.240584135055542],[[776,222.69961547851563,47,1,0,0,0,1,0,0,0,1],8,0.24979233741760255],[[776,222.69961547851563,47,1,0,0,0,1,0,0,0,1],8,0.2600386142730713],[[776,222.69961547851563,47,1,0,0,0,1,0,0,0,1],8,0.2735905647277832],[[776,222.69961547851563,47,1,0,0,0,1,0,0,0,1],8,0.29173755645751955],[[776,222.69961547851563,47,1,0,0,0,1,0,0,0,1],8,0.2985084056854248],[[776,222.69961547851563,47,1,0,0,0,1,0,0,0,1],8,0.3073239326477051],[[776,222.69961547851563,47,1,0,0,0,1,0,0,0,1],8,0.3168020248413086],[[776,222.69961547851563,47,1,0,0,0,1,0,0,0,1],8,0.3269500732421875],[[775.949462890625,222.69961547851563,47.00050354003906,0.9983922243118286,0,0.05668308213353157,0,1,0,-0.05668308213353157,0,0.9983922243118286],8,0.3415565490722656],[[775.6417846679688,222.69961547851563,47.003578186035159,0.9583294987678528,0,0.28566524386405947,0,1,0,-0.28566524386405947,0,0.9583294987678528],8,0.36513328552246096],[[775.3753662109375,222.69961547851563,47.00664138793945,0.8914846181869507,0,0.4530509114265442,0,1,0,-0.4530509114265442,0,0.8914846181869507],8,0.37261056900024416],[[775.2420654296875,222.69961547851563,47.00820541381836,0.8522309064865112,0,0.523165762424469,0,1,0,-0.523165762424469,0,0.8522309064865112],8,0.38103652000427248],[[775.1087646484375,222.69961547851563,47.009769439697269,0.8115919232368469,0,0.5842247009277344,0,1,0,-0.5842247009277344,0,0.8115919232368469],8,0.39151930809020998],[[774.9754638671875,222.69961547851563,47.01133346557617,0.7702140212059021,0,0.6377854943275452,0,1,0,-0.6377854943275452,0,0.7702140212059021],8,0.3988027572631836],[[774.7755126953125,222.69961547851563,47.01367950439453,0.7075487375259399,0,0.7066645622253418,0,1,0,-0.7066645622253418,0,0.7075487375259399],8,0.40998244285583498],[[774.6422119140625,222.69961547851563,47.01524353027344,0.6663709282875061,0,0.7456204295158386,0,1,0,-0.7456204295158386,0,0.6663709282875061],8,0.42093706130981448],[[774.4422607421875,222.69961547851563,47.0175895690918,0.6065255403518677,0,0.7950639724731445,0,1,0,-0.7950639724731445,0,0.6065255403518677],8,0.4303286075592041],[[774.3089599609375,222.69961547851563,47.0188102722168,0.5684583783149719,0,0.8227120041847229,0,1,0,-0.8227120041847229,0,0.5684583783149719],8,0.4409627914428711],[[774.1756591796875,222.69961547851563,47.01958084106445,0.5323923826217651,0,0.8464977145195007,0,1,0,-0.8464977145195007,0,0.5323923826217651],8,0.4493727684020996],[[773.9757080078125,222.69961547851563,47.019989013671878,0.4814998507499695,0,0.8764461874961853,0,1,0,-0.8764461874961853,0,0.4814998507499695],8,0.4613330364227295],[[773.8424072265625,222.69961547851563,47.01981735229492,0.44990241527557375,0,0.8930777311325073,0,1,0,-0.8930777311325073,0,0.44990241527557375],8,0.46895360946655276],[[773.7091064453125,222.69961547851563,47.01919174194336,0.42043691873550417,0,0.9073217511177063,0,1,0,-0.9073217511177063,0,0.42043691873550417],8,0.48006701469421389],[[773.5091552734375,222.69961547851563,47.01693344116211,0.37973546981811526,0,0.9250951409339905,0,1,0,-0.9250951409339905,0,0.37973546981811526],8,0.48858022689819338],[[773.3758544921875,222.69961547851563,47.015079498291019,0.35482028126716616,0,0.9349344968795776,0,1,0,-0.9349344968795776,0,0.35482028126716616],8,0.5010673999786377],[[773.1759033203125,222.69961547851563,47.01191711425781,0.32052090764045718,0,0.9472414255142212,0,1,0,-0.9472414255142212,0,0.32052090764045718],8,0.5118470191955566],[[773.0426025390625,222.69961547851563,47.00941467285156,0.2996518909931183,0,0.9540485739707947,0,1,0,-0.9540485739707947,0,0.2996518909931183],8,0.5228588581085205],[[772.9093017578125,222.69961547851563,47.00663375854492,0.2804205119609833,0,0.9598772525787354,0,1,0,-0.9598772525787354,0,0.2804205119609833],8,0.5296435356140137],[[772.7093505859375,222.69961547851563,47.0020751953125,0.2539978325366974,0,0.9672048091888428,0,1,0,-0.9672048091888428,0,0.2539978325366974],8,0.5401828289031982],[[772.5760498046875,222.69961547851563,46.99881362915039,0.2379428744316101,0,0.9712791442871094,0,1,0,-0.9712791442871094,0,0.2379428744316101],8,0.5492103099822998],[[772.3760986328125,222.69961547851563,46.99327087402344,0.21614818274974824,0,0.976360559463501,0,1,0,-0.976360559463501,0,0.21614818274974824],8,0.5617859363555908],[[772.1761474609375,222.69961547851563,46.9873046875,0.19667713344097138,0,0.9804683327674866,0,1,0,-0.9804683327674866,0,0.19667713344097138],8,0.5730924606323242],[[772.0428466796875,222.69961547851563,46.98311233520508,0.18498067557811738,0,0.9827421307563782,0,1,0,-0.9827421307563782,0,0.18498067557811738],8,0.5805690288543701],[[771.9095458984375,222.69961547851563,46.978694915771487,0.17429441213607789,0,0.9846935868263245,0,1,0,-0.9846935868263245,0,0.17429441213607789],8,0.5889699459075928],[[771.7762451171875,222.69961547851563,46.974212646484378,0.16443417966365815,0,0.986388087272644,0,1,0,-0.986388087272644,0,0.16443417966365815],8,0.5986201763153076],[[771.5762939453125,222.69961547851563,46.96719741821289,0.15095879137516023,0,0.9885400533676148,0,1,0,-0.9885400533676148,0,0.15095879137516023],8,0.6112933158874512],[[771.3763427734375,222.69961547851563,46.959835052490237,0.1389467716217041,0,0.9902998208999634,0,1,0,-0.9902998208999634,0,0.1389467716217041],8,0.6230714321136475],[[771.2431640625,222.69961547851563,46.9547119140625,0.1317751705646515,0,0.9912796020507813,0,1,0,-0.9912796020507813,0,0.1317751705646515],8,0.6298389434814453],[[771.1099853515625,222.69961547851563,46.94935989379883,0.1252719610929489,0,0.9921224117279053,0,1,0,-0.9921224117279053,0,0.1252719610929489],8,0.6396281719207764],[[770.976806640625,222.69961547851563,46.943946838378909,0.11929899454116821,0,0.992858350276947,0,1,0,-0.992858350276947,0,0.11929899454116821],8,0.649484395980835],[[770.7770385742188,222.69961547851563,46.9355354309082,0.1112017035484314,0,0.9937978386878967,0,1,0,-0.9937978386878967,0,0.1112017035484314],8,0.6613452434539795],[[770.6438598632813,222.69961547851563,46.92988586425781,0.10630952566862107,0,0.9943330883979797,0,1,0,-0.9943330883979797,0,0.10630952566862107],8,0.6734507083892822],[[770.444091796875,222.69961547851563,46.92140579223633,0.09962145239114762,0,0.9950253963470459,0,1,0,-0.9950253963470459,0,0.09962145239114762],8,0.6816196441650391],[[770.2443237304688,222.67919921875,46.912925720214847,0.09318190068006516,0,0.9956490993499756,0,1,0,-0.9956490993499756,0,0.09318190068006516],8,0.6934328079223633],[[770.1111450195313,222.64854431152345,46.90727233886719,0.08891819417476654,0,0.9960389137268066,0,1,0,-0.9960389137268066,0,0.08891819417476654],8,0.7034838199615479],[[769.9779663085938,222.60427856445313,46.90161895751953,0.08465960621833801,0,0.9964099526405335,0,1,0,-0.9964099526405335,0,0.08465960621833801],8,0.7125208377838135],[[769.7781982421875,222.51231384277345,46.89313888549805,0.07827262580394745,0,0.9969319701194763,0,1,0,-0.9969319701194763,0,0.07827262580394745],8,0.726614236831665],[[769.5784301757813,222.3896942138672,46.88465881347656,0.07188358157873154,0,0.9974130392074585,0,1,0,-0.9974130392074585,0,0.07188358157873154],8,0.7351856231689453],[[769.4452514648438,222.29092407226563,46.879005432128909,0.06762270629405976,0,0.9977109432220459,0,1,0,-0.9977109432220459,0,0.06762270629405976],8,0.7449760437011719],[[769.1788940429688,223.15382385253907,46.867698669433597,0.05910191312432289,0,0.9982519745826721,0,1,0,-0.9982519745826721,0,0.05910191312432289],3,0.7633094787597656],[[768.9789428710938,223.76522827148438,46.86686325073242,0.05272044986486435,0,0.9986093044281006,0,1,0,-0.9986093044281006,0,0.05272044986486435],5,0.7828764915466309],[[768.7123413085938,224.53274536132813,46.868431091308597,0.044642310589551929,0,0.9990030527114868,0,1,0,-0.9990030527114868,0,0.044642310589551929],5,0.7889955043792725],[[768.5790405273438,224.8960723876953,46.869293212890628,0.04097171127796173,0,0.9991602897644043,0,1,0,-0.9991602897644043,0,0.04097171127796173],5,0.7966251373291016],[[768.4457397460938,225.2457733154297,46.87015914916992,0.03760729357600212,0,0.9992926120758057,0,1,0,-0.9992926120758057,0,0.03760729357600212],5,0.8120064735412598],[[768.2457885742188,225.74478149414063,46.871463775634769,0.03299127519130707,0,0.9994556307792664,0,1,0,-0.9994556307792664,0,0.03299127519130707],5,0.8210175037384033],[[768.0458374023438,226.21311950683595,46.873046875,-0.009933868423104287,0,0.999950647354126,0,1,0,-0.999950647354126,0,-0.009933868423104287],5,0.8350205421447754],[[767.7792358398438,226.78988647460938,46.875240325927737,-0.008613837882876397,0,0.9999629259109497,0,1,0,-0.9999629259109497,0,-0.008613837882876397],5,0.8587937355041504],[[767.3793334960938,227.5528564453125,46.878536224365237,0.006466962862759829,0,0.9999790787696838,0,1,0,-0.9999790787696838,0,0.006466962862759829],5,0.8730075359344482],[[767.2460327148438,227.77992248535157,46.877906799316409,0.012073222547769547,0,0.9999271035194397,0,1,0,-0.9999271035194397,0,0.012073222547769547],5,0.8818891048431397],[[767.1127319335938,227.99337768554688,46.87641525268555,0.012469148263335228,0,0.9999222755432129,0,1,0,-0.9999222755432129,0,0.012469148263335228],5,0.8906126022338867],[[766.9794311523438,228.1931915283203,46.87474822998047,0.014315924607217312,0,0.9998975396156311,0,1,0,-0.9998975396156311,0,0.014315924607217312],5,0.8994097709655762],[[766.8461303710938,228.37939453125,46.87288284301758,0.014398550614714623,0,0.9998963475227356,0,1,0,-0.9998963475227356,0,0.014398550614714623],5,0.9087178707122803],[[766.7128295898438,228.5519561767578,46.87096405029297,0.014440801925957203,0,0.9998957514762878,0,1,0,-0.9998957514762878,0,0.014440801925957203],5,0.916083574295044],[[766.5795288085938,228.71090698242188,46.86903381347656,0.01445509772747755,0,0.9998955130577087,0,1,0,-0.9998955130577087,0,0.01445509772747755],5,0.9223923683166504],[[766.4462280273438,228.85623168945313,46.867103576660159,0.014459972269833088,0,0.999895453453064,0,1,0,-0.999895453453064,0,0.014459972269833088],5,0.9311254024505615],[[766.3129272460938,228.98793029785157,46.86517333984375,0.014461620710790158,0,0.999895453453064,0,1,0,-0.999895453453064,0,0.014461620710790158],5,0.939568042755127],[[766.1796264648438,229.1060028076172,46.863243103027347,0.014462282881140709,0,0.9998953938484192,0,1,0,-0.9998953938484192,0,0.014462282881140709],5,0.948169469833374],[[766.0463256835938,229.21044921875,46.86131286621094,0.014462422579526902,0,0.9998953938484192,0,1,0,-0.9998953938484192,0,0.014462422579526902],5,0.9566102027893066],[[765.9130249023438,229.30126953125,46.85938262939453,0.014462508261203766,0,0.9998953938484192,0,1,0,-0.9998953938484192,0,0.014462508261203766],5,0.9652988910675049],[[765.7130737304688,229.41195678710938,46.85648727416992,0.014462496154010296,0,0.9998953938484192,0,1,0,-0.9998953938484192,0,0.014462496154010296],5,0.9783754348754883],[[765.5797729492188,229.46871948242188,46.854557037353519,0.014462494291365147,0,0.9998953938484192,0,1,0,-0.9998953938484192,0,0.014462494291365147],5,0.9967870712280273],[[765.3131713867188,229.54136657714845,46.8506965637207,0.014462494291365147,0,0.9998953938484192,0,1,0,-0.9998953938484192,0,0.014462494291365147],5,1.0031628608703614],[[765.1798706054688,229.5572509765625,46.8487663269043,0.014462494291365147,0,0.9998953938484192,0,1,0,-0.9998953938484192,0,0.014462494291365147],5,1.0126714706420899],[[765.0465698242188,229.55950927734376,46.84683609008789,0.014462494291365147,0,0.9998953938484192,0,1,0,-0.9998953938484192,0,0.014462494291365147],5,1.0297973155975342],[[764.7799682617188,229.52316284179688,46.84297561645508,0.014462494291365147,0,0.9998953938484192,0,1,0,-0.9998953938484192,0,0.014462494291365147],5,1.034796953201294],[[764.6466674804688,229.4845428466797,46.84104537963867,0.014462494291365147,0,0.9998953938484192,0,1,0,-0.9998953938484192,0,0.014462494291365147],5,1.0453791618347169],[[764.5133666992188,229.43231201171876,46.839115142822269,0.014462494291365147,0,0.9998953938484192,0,1,0,-0.9998953938484192,0,0.014462494291365147],5,1.0525836944580079],[[764.3800659179688,229.36643981933595,46.83718490600586,0.014462494291365147,0,0.9998953938484192,0,1,0,-0.9998953938484192,0,0.014462494291365147],5,1.0595219135284424],[[764.2467651367188,229.28695678710938,46.83525466918945,0.014462494291365147,0,0.9998953938484192,0,1,0,-0.9998953938484192,0,0.014462494291365147],5,1.0678389072418213],[[764.0468139648438,229.1421661376953,46.832359313964847,0.017736852169036866,0,0.9998427033424377,0,1,0,-0.9998427033424377,0,0.017736852169036866],5,1.0824027061462403],[[763.9209594726563,229.18479919433595,46.83053970336914,0.021361956372857095,0,0.9997718334197998,0,1,0,-0.9997718334197998,0,0.021361956372857095],12,1.1019933223724366],[[763.6497802734375,229.409912109375,46.82661437988281,0.028390945866703988,0,0.999596893787384,0,1,0,-0.999596893787384,0,0.028390945866703988],12,1.1095669269561768],[[763.6029663085938,229.45654296875,46.8259391784668,0.030176833271980287,0,0.9995445609092712,0,1,0,-0.9995445609092712,0,0.030176833271980287],12,1.1185669898986817],[[763.4774780273438,229.5965118408203,46.82412338256836,0.028431320562958719,0,0.9995957612991333,0,1,0,-0.9995957612991333,0,0.028431320562958719],12,1.1270737648010255],[[763.40625,229.68983459472657,46.82309341430664,0.026686053723096849,0,0.999643862247467,0,1,0,-0.999643862247467,0,0.026686053723096849],12,1.1359636783599854],[[763.3449096679688,229.7831573486328,46.82220458984375,0.02319423109292984,0,0.9997310042381287,0,1,0,-0.9997310042381287,0,0.02319423109292984],12,1.1457502841949463],[[763.2715454101563,229.9231414794922,46.821144104003909,0.01620883122086525,0,0.999868631362915,0,1,0,-0.999868631362915,0,0.01620883122086525],12,1.1575736999511719],[[763.2474365234375,230.0127716064453,46.82111740112305,-0.006878160405904055,0.0002826836716849357,0.9999762773513794,0.0017301586922258139,0.9999984502792358,-0.000270789343630895,-0.9999748468399048,0.0017282551852986217,-0.006878639105707407],12,1.166198968887329],[[763.2444458007813,230.10418701171876,46.820743560791019,-0.024986201897263528,0.00044693832751363516,0.999687671661377,0.0026913858018815519,0.9999963045120239,-0.0003798077814280987,-0.9996841549873352,0.002681055339053273,-0.024987313896417619],12,1.1762652397155762],[[763.2439575195313,230.197265625,46.82041931152344,-0.016242820769548417,0.0003097306762356311,0.9998680353164673,0.002022301312536001,0.9999979138374329,-0.0002769186976365745,-0.9998660087585449,0.0020175364334136249,-0.01624341309070587],12,1.1824593544006348],[[763.2438354492188,230.3372344970703,46.820350646972659,-0.038044631481170657,0.00011895222996827215,0.9992760419845581,0.0006402447470463812,0.9999997615814209,-0.00009466286428505555,-0.9992758631706238,0.0006361798150464892,-0.03804469853639603],12,1.1952342987060547],[[763.2437744140625,230.4772186279297,46.820457458496097,-0.050514064729213718,0.0000017838071926234989,0.9987233281135559,-0.00003956688306061551,1,-0.0000037873264773224948,-0.9987233281135559,-0.00003970768375438638,-0.050514064729213718],12,1.2066941261291505],[[763.2437744140625,230.57054138183595,46.82051467895508,-0.07286874204874039,-0.00002291661803610623,0.997341513633728,-0.00014954549260437489,1,0.000012051464182150085,-0.997341513633728,-0.00014826975530013442,-0.07286874204874039],12,1.215559959411621],[[763.2437744140625,230.6638641357422,46.82054901123047,-0.0797954872250557,-0.000023253676772583277,0.9968112707138062,-0.00013163790572434664,1,0.000012790350410796237,-0.9968112707138062,-0.00013019754260312766,-0.0797954872250557],12,1.2256174087524415],[[763.2437744140625,230.75718688964845,46.820556640625,-0.08500508219003678,-0.00001489111400587717,0.9963805079460144,-0.00007683732110308483,1,0.00000838991763885133,-0.9963805079460144,-0.00007584602280985564,-0.08500508964061737],12,1.2331130504608155],[[763.2437744140625,230.8971710205078,46.820552825927737,-0.08500094711780548,-0.000003237022156099556,0.9963808655738831,-0.000013761452464677859,1,0.000002074794792861212,-0.9963808655738831,-0.000013535288417187985,-0.08500094711780548],12,1.243593454360962],[[763.2437744140625,230.99049377441407,46.82054901123047,-0.08499856293201447,3.4721520592029267e-7,0.9963810443878174,0.0000040011991586652588,1,-7.144888236609859e-9,-0.9963810443878174,0.000003986112005804898,-0.08499856293201447],12,1.25191330909729],[[763.2437744140625,231.0838165283203,46.82054901123047,-0.0849982500076294,0.0000014374680858963985,0.9963811039924622,0.000008560494279663544,1,-7.124191938601143e-7,-0.9963811039924622,0.000008468960004393012,-0.0849982500076294],12,1.2612171173095704],[[763.2437744140625,231.17713928222657,46.8205451965332,-0.08499819040298462,0.0000012762972119162442,0.9963811039924622,0.000006943255812075222,1,-6.886251071591687e-7,-0.9963811039924622,0.000006859596851427341,-0.08499819040298462],12,1.2702767848968506],[[763.2437744140625,231.2704620361328,46.8205451965332,-0.08499821275472641,7.492431564060098e-7,0.9963811039924622,0.000003824226041615475,1,-4.257314571987081e-7,-0.9963811039924622,0.0000037742004224128324,-0.08499821275472641],12,1.2768824100494385],[[763.2437744140625,231.36378479003907,46.8205451965332,-0.08499810099601746,2.927967273080867e-7,0.9963811039924622,0.0000013486386478689383,1,-1.7881211533676834e-7,-0.9963811039924622,0.0000013285592785905465,-0.08499810099601746],12,1.2894878387451172],[[763.2437744140625,231.50376892089845,46.8205451965332,-0.08499810099601746,-3.703253881326418e-8,0.9963811039924622,-3.0541013984475287e-7,1,1.1113475473223389e-8,-0.9963811039924622,-3.033602808955038e-7,-0.08499810099601746],12,1.2985320091247559],[[763.2437744140625,231.5970916748047,46.8205451965332,-0.08499810099601746,-8.244767002452136e-8,0.9963811039924622,-4.810315203940263e-7,1,4.171185707946279e-8,-0.9963811039924622,-4.757453098136466e-7,-0.08499810099601746],12,1.308650255203247],[[763.2437744140625,231.69041442871095,46.8205451965332,-0.08499714732170105,-6.738274294093572e-8,0.9963812232017517,-3.6275795878282226e-7,1,3.66820991359873e-8,-0.9963812232017517,-3.58327326921426e-7,-0.08499714732170105],12,1.3166167736053467],[[763.2437744140625,231.8303985595703,46.8205451965332,-0.08151549845933914,-3.130670833684235e-8,0.9966720938682556,-1.3086419414776174e-7,1,2.0708165848759564e-8,-0.9966720938682556,-1.2874065191681439e-7,-0.08151549845933914],12,1.3276193141937256],[[763.2437744140625,231.92372131347657,46.8205451965332,-0.08151549845933914,-1.0543311113053733e-8,0.9966720938682556,-2.0308246195810399e-9,1,1.0412418482985686e-8,-0.9966720938682556,-1.1752927520092272e-9,-0.08151549845933914],12,1.3353784084320069],[[763.2437744140625,232.0170440673828,46.8205451965332,-0.08151573687791825,2.7011710646007715e-9,0.9966720342636108,5.859749308001483e-8,1,2.0823767155064844e-9,-0.9966720342636108,5.857222973304488e-8,-0.08151573687791825],12,1.343266487121582],[[763.2437744140625,232.11036682128907,46.8205451965332,-0.08151573687791825,9.766173647562937e-9,0.9966720342636108,7.970256632461315e-8,1,-3.2800755445094866e-9,-0.9966720342636108,7.916994348988737e-8,-0.08151573687791825],12,1.3523080348968506],[[763.2437744140625,232.2036895751953,46.8205451965332,-0.08151573687791825,1.6828156645942728e-8,0.9966720342636108,1.0079862988732202e-7,1,-8.640236082158026e-9,-0.9966720342636108,9.975885717494748e-8,-0.08151573687791825],12,1.3623125553131104],[[763.2437744140625,232.43699645996095,46.8205451965332,-0.0797748863697052,1.8606034046797505e-8,0.9968128800392151,8.180933974699656e-8,1,-1.2118325898313742e-8,-0.9968128800392151,8.058187006554363e-8,-0.0797748863697052],12,1.3808512687683106],[[763.2437744140625,232.5303192138672,46.8205451965332,-0.0797746479511261,1.7817660236119083e-8,0.9968129396438599,6.705420219077496e-8,1,-1.2508299285229896e-8,-0.9968129396438599,6.584264866660306e-8,-0.0797746479511261],12,1.3917005062103272],[[763.2437744140625,232.62364196777345,46.8205451965332,-0.07803307473659516,1.6914585287963747e-8,0.9969507455825806,5.2304706343875299e-8,1,-1.2872339638647646e-8,-0.9969507455825806,5.114075207757196e-8,-0.07803307473659516],12,1.3996870517730713],[[763.2437744140625,232.7636260986328,46.8205451965332,-0.07803307473659516,1.573319075021118e-8,0.9969507455825806,3.019228245193517e-8,1,-1.3418108402163398e-8,-0.9969507455825806,2.905316343060349e-8,-0.07803307473659516],12,1.410193681716919],[[763.2437744140625,232.85694885253907,46.8205451965332,-0.07629234343767166,1.4895264577319267e-8,0.9970855116844177,1.5457928270734557e-8,1,-1.3756034533685125e-8,-0.9970855116844177,1.4363395806071822e-8,-0.07629234343767166],12,1.4187331199645997],[[763.2437744140625,232.9502716064453,46.8205451965332,-0.07455042004585266,1.4083310517776227e-8,0.9972172379493713,7.293019521625865e-10,1,-1.4068088916019406e-8,-0.9972172379493713,-3.215095134567747e-10,-0.07455042004585266],12,1.4266157150268555],[[763.2437744140625,233.04359436035157,46.8205451965332,-0.07455042004585266,1.3296808099028113e-8,0.9972172379493713,-1.3993028069592129e-8,1,-1.4380010071590732e-8,-0.9972172379493713,-1.5026124344785786e-8,-0.07455042004585266],12,1.434251308441162],[[763.2437744140625,233.1369171142578,46.8205451965332,-0.06932426989078522,1.2589191022982505e-8,0.9975941777229309,-2.8710500643569504e-8,1,-1.4614685461822319e-8,-0.9975941777229309,-2.9654581013005555e-8,-0.06932426989078522],12,1.4472272396087647],[[763.2437744140625,233.3235626220703,46.8205451965332,-0.06583966314792633,1.1121358944876647e-8,0.9978302121162415,-5.812804815263917e-8,1,-1.4980995999280823e-8,-0.9978302121162415,-5.898826671568713e-8,-0.06583966314792633],12,1.4596400260925294],[[763.2437744140625,233.41688537597657,46.8205451965332,-0.062354132533073428,1.0542160922000221e-8,0.9980540871620178,-7.28279445638691e-8,1,-1.5112691542640279e-8,-0.9980540871620178,-7.362856990766886e-8,-0.062354132533073428],12,1.4685883522033692],[[763.2437744140625,233.5102081298828,46.8205451965332,-0.058866892009973529,1.0014504780997413e-8,0.9982658624649048,-8.752193281225118e-8,1,-1.5192995306279046e-8,-0.9982658624649048,-8.826452102539406e-8,-0.058866892009973529],12,1.478851556777954],[[763.2437744140625,233.60353088378907,46.8205451965332,-0.05537952482700348,9.538267953246305e-9,0.998465359210968,-1.022098317093878e-7,1,-1.5221960580902306e-8,-0.998465359210968,-1.0289596730217454e-7,-0.05537952482700348],12,1.4892277717590333],[[763.2437744140625,233.74351501464845,46.8205451965332,-0.05537952482700348,7.461642859141194e-9,0.998465359210968,-1.0696602004145461e-7,1,-1.3405943910527185e-8,-0.998465359210968,-1.0754428103609826e-7,-0.05537952482700348],12,1.4994921684265137],[[763.2437744140625,233.8368377685547,46.8205451965332,-0.05537952482700348,4.8775272709633558e-9,0.998465359210968,-8.71214851372315e-8,1,-9.717186166824377e-9,-0.998465359210968,-8.752592606242615e-8,-0.05537952482700348],12,1.5084185600280762],[[763.2437744140625,233.97682189941407,46.8205451965332,-0.05537952482700348,1.00342378850371e-9,0.998465359210968,-5.737058472732315e-8,1,-4.187004964961716e-9,-0.998465359210968,-5.7514416340609389e-8,-0.05537952482700348],12,1.5182290077209473],[[763.2437744140625,234.0701446533203,46.8205451965332,-0.05363523215055466,-1.4774625967106659e-9,0.9985606074333191,-3.7540836217431209e-8,1,-5.368214761602985e-10,-0.9985606074333191,-3.751559063402965e-8,-0.05363523215055466],12,1.5304439067840577],[[763.2437744140625,234.2101287841797,46.8205451965332,-0.05363523215055466,-5.347429166135953e-9,0.9985606074333191,-7.81209763545121e-9,1,4.935529318572662e-9,-0.9985606074333191,-7.536134383201443e-9,-0.05363523215055466],12,1.5411860942840577],[[763.2437744140625,234.30345153808595,46.8205451965332,-0.05363523215055466,-7.926028722238243e-9,0.9985606074333191,1.1996475812736663e-8,1,8.581814370245411e-9,-0.9985606074333191,1.2439495655769406e-8,-0.05363523215055466],12,1.5502288341522217],[[763.2437744140625,234.3967742919922,46.8205451965332,-0.05363523215055466,-1.0503526048921686e-8,0.9985606074333191,3.179658492058479e-8,1,1.2226542445148425e-8,-0.9985606074333191,3.2406589411948519e-8,-0.05363523215055466],12,1.5585060119628907],[[763.2437744140625,234.49009704589845,46.8205451965332,-0.05363523215055466,-1.30799220343647e-8,0.9985606074333191,5.15882305762716e-8,1,1.5869710878746447e-8,-0.9985606074333191,5.236515221440641e-8,-0.05363523215055466],12,1.5676255226135255],[[763.2437744140625,234.6300811767578,46.8205451965332,-0.05363523215055466,-1.6942450997703419e-8,0.9985606074333191,8.125984862772384e-8,1,2.1331546307123973e-8,-0.9985606074333191,8.228700210111129e-8,-0.05363523215055466],12,1.5769801139831544],[[763.2437744140625,234.67674255371095,46.8205451965332,-0.05363523215055466,-1.8229410869707864e-8,0.9985606074333191,9.114615551197858e-8,1,2.3151379480168545e-8,-0.9985606074333191,9.225669117540747e-8,-0.05363523215055466],12,1.5840184688568116],[[763.2437744140625,234.8167266845703,46.8205451965332,-0.05363523215055466,-1.90245525999444e-8,0.9985606074333191,1.0319593002350303e-7,1,2.459489323314301e-8,-0.9985606074333191,1.0436654207524043e-7,-0.05363523215055466],12,1.597113847732544],[[763.2437744140625,234.9567108154297,46.8205451965332,-0.05363523215055466,-1.3692976530421675e-8,0.9985606074333191,8.00562958147566e-8,1,1.8012743296935697e-8,-0.9985606074333191,8.090717784625667e-8,-0.05363523215055466],12,1.6073369979858399],[[763.2437744140625,235.05003356933595,46.8205451965332,-0.05363523215055466,-1.0140492001653456e-8,0.9985606074333191,6.46381081992331e-8,1,1.3626986650194795e-8,-0.9985606074333191,6.527595530769759e-8,-0.05363523215055466],12,1.6153829097747803],[[763.2437744140625,235.1433563232422,46.8205451965332,-0.0518902949988842,-6.7035701434292609e-9,0.9986528158187866,4.921887963860172e-8,1,9.270040735032126e-9,-0.9986528158187866,4.963359501175546e-8,-0.0518902949988842],12,1.6252872943878174],[[763.2437744140625,235.23667907714845,46.8205451965332,-0.0518902949988842,-3.1541200762319478e-9,0.9986528158187866,3.3806234256417159e-8,1,4.914956885926358e-9,-0.9986528158187866,3.4015727123914988e-8,-0.0518902949988842],12,1.6325063705444337],[[763.2437744140625,235.3766632080078,46.8205451965332,-0.05188993737101555,2.167198198677056e-9,0.9986528158187866,1.0699611863174141e-8,1,-1.6141705749816993e-9,-0.9986528158187866,1.0601437949731008e-8,-0.05188993737101555],12,1.644608974456787],[[763.2437744140625,235.46998596191407,46.8205451965332,-0.051889579743146899,5.712851969263966e-9,0.9986528158187866,-4.69657601698259e-9,1,-5.964590599205621e-9,-0.9986528158187866,-4.99974905920908e-9,-0.051889579743146899],12,1.653653860092163],[[763.2437744140625,235.5633087158203,46.8205451965332,-0.05188910663127899,9.25699605858199e-9,0.9986528754234314,-2.008618693594144e-8,1,-1.0313143228302124e-8,-0.9986528754234314,-2.059426762457406e-8,-0.05188910663127899],12,1.6634297370910645],[[763.2437744140625,235.7032928466797,46.8205451965332,-0.055377501994371417,1.4498367839621551e-8,0.9984654784202576,-4.313536194899825e-8,1,-1.6913050515654505e-8,-0.9984654784202576,-4.4005773247590699e-8,-0.055377501994371417],12,1.6744327545166016],[[763.2437744140625,235.79661560058595,46.8205451965332,-0.05712186545133591,1.796182047542061e-8,0.998367190361023,-5.848556483556422e-8,1,-2.1337463351756015e-8,-0.998367190361023,-5.960890803180519e-8,-0.05712186545133591],12,1.6825499534606934],[[763.2437744140625,235.8899383544922,46.8205451965332,-0.05886605381965637,2.1396489913172446e-8,0.9982658624649048,-7.38214538387183e-8,1,-2.5786786039816435e-8,-0.9982658624649048,-7.521140332755749e-8,-0.05886605381965637],12,1.6917598247528077],[[763.2437744140625,235.98326110839845,46.8205451965332,-0.06061006337404251,2.4802382370125998e-8,0.9981614947319031,-8.91429934313237e-8,1,-3.0260981276342139e-8,-0.9981614947319031,-9.081322360771083e-8,-0.06061006337404251],12,1.699486255645752],[[763.2437744140625,236.1232452392578,46.8205451965332,-0.06061006337404251,3.0105542947467259e-8,0.9981614947319031,-1.1211302819447156e-7,1,-3.69686858903151e-8,-0.9981614947319031,-1.1414758915861967e-7,-0.06061006337404251],12,1.7096178531646729],[[763.2437744140625,236.21656799316407,46.8205451965332,-0.06409752368927002,2.454786063310621e-8,0.997943639755249,-9.378373277968422e-8,1,-3.062213593807428e-8,-0.997943639755249,-9.555368052360791e-8,-0.06409752368927002],12,1.721066951751709],[[763.2437744140625,236.3098907470703,46.8205451965332,-0.06409764289855957,1.9391418248915217e-8,0.997943639755249,-7.54622604404176e-8,1,-2.4278294930013545e-8,-0.997943639755249,-7.686326597422522e-8,-0.06409764289855957],12,1.728468894958496],[[763.2437744140625,236.40321350097657,46.8205451965332,-0.06932628154754639,1.3834134726664616e-8,0.9975940585136414,-5.7182106161235427e-8,1,-1.7841282229369427e-8,-0.9975940585136414,-5.828139748587091e-8,-0.06932628154754639],12,1.7377285957336426],[[763.2437744140625,236.54319763183595,46.8205451965332,-0.07106922566890717,6.005067110237405e-9,0.9974713921546936,-2.9793422839929918e-8,1,-8.14305334273513e-9,-0.9974713921546936,-3.029680684107916e-8,-0.07106922566890717],12,1.748297929763794],[[763.2437744140625,236.6365203857422,46.8205451965332,-0.07455302774906159,7.504786236900429e-10,0.997217059135437,-1.1566736901613695e-8,1,-1.6173147265874377e-9,-0.997217059135437,-1.1655123088871733e-8,-0.07455302774906159],12,1.7586774826049805],[[763.2437744140625,236.72984313964845,46.8205451965332,-0.07977724820375443,-4.457125779566695e-9,0.9968127012252808,6.617729919611293e-9,1,5.001009828475844e-9,-0.9968127012252808,6.995604540094291e-9,-0.07977724820375443],12,1.76572585105896],[[763.2437744140625,236.8231658935547,46.8205451965332,-0.08325845748186112,-9.576988979631551e-9,0.9965279698371887,2.4771205531237684e-8,1,1.1679954781129709e-8,-0.9965279698371887,2.5657655555733073e-8,-0.08325845748186112],12,1.7750170230865479],[[763.2437744140625,236.96315002441407,46.8205451965332,-0.08673864603042603,-1.719967634983277e-8,0.9962310791015625,5.195173002903175e-8,1,2.1788016724144655e-8,-0.9962310791015625,5.3645791808776269e-8,-0.08673864603042603],12,1.7861387729644776],[[763.2437744140625,237.0564727783203,46.8205451965332,-0.08847740292549133,-2.2244842412533218e-8,0.9960781931877136,7.005061775089416e-8,1,2.8554724806895139e-8,-0.9960781931877136,7.230233478594528e-8,-0.08847740292549133],12,1.7937140464782715],[[763.2437744140625,237.1964569091797,46.8205451965332,-0.09195694327354431,-2.9696224146391615e-8,0.9957630038261414,9.714882764910726e-8,1,3.879410215290591e-8,-0.9957630038261414,1.0030459662857538e-7,-0.09195694327354431],12,1.8087139129638672],[[763.2437744140625,237.28977966308595,46.8205451965332,-0.09717318415641785,-2.9377078547554448e-8,0.9952675104141235,9.851277837924499e-8,1,3.91350880590835e-8,-0.9952675104141235,1.0184944443381028e-7,-0.09717318415641785],12,1.8194942474365235],[[763.1668701171875,237.42115783691407,46.82805252075195,-0.10064924508333206,-2.1943801442603218e-8,0.9949219822883606,7.561457948668249e-8,1,2.9705196524787426e-8,-0.9949219822883606,7.822040970495437e-8,-0.10064924508333206],8,1.8297090530395508],[[763.054931640625,237.49002075195313,46.83927536010742,-0.10586071759462357,-1.6817976344896125e-8,0.9943809509277344,6.039039845973093e-8,1,2.334210691401495e-8,-0.9943809509277344,6.252207640500274e-8,-0.10586071759462357],8,1.8386273384094239],[[762.9498291015625,237.5649871826172,46.8498649597168,-0.11801133304834366,-8.982484978048433e-9,0.9930122494697571,3.76846749361448e-8,1,1.3524207531645516e-8,-0.9930122494697571,3.901735112776805e-8,-0.11801133304834366],8,1.850865125656128],[[762.935546875,237.61392211914063,46.85130310058594,-0.12667934596538545,-1.5761530969271576e-9,0.9919437170028687,1.5080059867500496e-8,1,3.5148013388663914e-9,-0.9919437170028687,1.5403822217763264e-8,-0.12667934596538545],8,1.8700480461120606],[[762.934814453125,237.65957641601563,46.851383209228519,-0.15779869258403779,1.067417088052025e-8,0.9874712824821472,-2.2019541745521566e-8,1,-1.4328341180203097e-8,-0.9874712824821472,-2.400465959340181e-8,-0.15779869258403779],8,1.883364200592041],[[762.934814453125,237.67013549804688,46.851383209228519,-0.16986069083213807,1.508247748915892e-8,0.9854680895805359,-3.675997106711293e-8,1,-2.1641037406539e-8,-0.9854680895805359,-3.99017388019729e-8,-0.16986069083213807],8,1.8909869194030762],[[762.934814453125,237.6779327392578,46.851383209228519,-0.18018046021461488,1.9364021497381146e-8,0.9836335778236389,-5.141667713814968e-8,1,-2.910464047545247e-8,-0.9836335778236389,-5.581925677233812e-8,-0.18018046021461488],8,1.8980112075805665],[[762.934814453125,237.68368530273438,46.851383209228519,-0.18876290321350099,2.3574447283181145e-8,0.9820227026939392,-6.600141233548129e-8,1,-3.669270043360484e-8,-0.9820227026939392,-7.17411055006778e-8,-0.18876290321350099],8,1.9060173034667969],[[762.934814453125,237.68963623046876,46.851383209228519,-0.19733349978923798,2.999102122203112e-8,0.9803364276885986,-8.776662951959224e-8,1,-4.8259266804961956e-8,-0.9803364276885986,-9.556399760413115e-8,-0.19733349978923798],8,1.9184091091156006],[[762.934814453125,237.6923370361328,46.851383209228519,-0.2144271433353424,3.3010781663733726e-8,0.9767400026321411,-1.0213219781007865e-7,1,-5.621833309987778e-8,-0.9767400026321411,-1.1181133885429517e-7,-0.2144271433353424],8,1.928476095199585],[[762.934814453125,237.69432067871095,46.851383209228519,-0.2229491025209427,2.6984389833728529e-8,0.9748300909996033,-8.564526154941632e-8,1,-4.7268674308043049e-8,-0.9748300909996033,-9.402808842651211e-8,-0.2229491025209427],8,1.9370911121368409],[[762.934814453125,237.6963653564453,46.851383209228519,-0.23145534098148347,1.859313236707294e-8,0.9728455543518066,-6.104620098312808e-8,1,-3.363597045336064e-8,-0.9728455543518066,-6.71737510060666e-8,-0.23145534098148347],8,1.9470043182373047],[[762.934814453125,237.69729614257813,46.851383209228519,-0.23994426429271699,1.2962403594940497e-8,0.9707866907119751,-4.47355539279215e-8,1,-2.4409526844237918e-8,-0.9707866907119751,-4.928560315420327e-8,-0.23994426429271699],8,1.957383394241333],[[762.934814453125,237.69798278808595,46.851383209228519,-0.24841372668743134,7.490353226558e-9,0.9686540365219116,-2.851304792272913e-8,1,-1.5044985701706538e-8,-0.9686540365219116,-3.135665949116628e-8,-0.24841372668743134],8,1.9660797119140626],[[762.934814453125,237.6986846923828,46.851383209228519,-0.26697826385498049,-6.71096178628261e-10,0.9637025594711304,-4.466507164124778e-9,1,-5.410011327811048e-10,-0.9637025594711304,-4.4488199790748698e-9,-0.26697826385498049],8,1.9784009456634522],[[762.934814453125,237.69900512695313,46.851383209228519,-0.2787412106990814,-5.7611657666711839e-9,0.9603662490844727,1.1436600111380813e-8,1,9.318338101138579e-9,-0.9603662490844727,1.3580730318096812e-8,-0.2787412106990814],8,1.9863471984863282],[[762.934814453125,237.69923400878907,46.851383209228519,-0.2787412106990814,-1.0794740212816123e-8,0.9603662490844727,2.7332918151046216e-8,1,1.9173468146505e-8,-0.9603662490844727,3.1594048266470057e-8,-0.2787412106990814],8,1.9944944381713868],[[762.934814453125,237.69947814941407,46.851383209228519,-0.30546918511390688,-1.745398314767499e-8,0.9522019624710083,5.0742489321464748e-8,1,3.460846542679974e-8,-0.9522019624710083,5.8888918630373158e-8,-0.30546918511390688],8,2.0065839290618898],[[762.934814453125,237.69960021972657,46.851383209228519,-0.32866358757019045,-2.1036857589251669e-8,0.9444470405578613,6.608436819988128e-8,1,4.5271338677821407e-8,-0.9444470405578613,7.729222772923095e-8,-0.32866358757019045],8,2.015594244003296],[[762.934814453125,237.69969177246095,46.851383209228519,-0.3385428786277771,-2.525177222878483e-8,0.9409509897232056,8.130715656307075e-8,1,5.6089778155410389e-8,-0.9409509897232056,9.549484047965962e-8,-0.3385428786277771],8,2.025045394897461],[[762.934814453125,237.6997833251953,46.851383209228519,-0.34346795082092287,-2.762114448273678e-8,0.939164400100708,8.916260441083068e-8,1,6.201857871701577e-8,-0.939164400100708,1.0503973868480898e-7,-0.34346795082092287],8,2.0358726978302],[[762.934814453125,237.6998291015625,46.851383209228519,-0.34674766659736636,-2.079504390906095e-8,0.9379584789276123,6.731222157441153e-8,1,4.7054747653874077e-8,-0.9379584789276123,7.945219238081336e-8,-0.34674766659736636],8,2.04836368560791],[[762.934814453125,237.69985961914063,46.851383209228519,-0.3467486798763275,-1.6491332743839849e-8,0.9379580616950989,5.275309078456303e-8,1,3.708417040115819e-8,-0.9379580616950989,6.233907612340772e-8,-0.3467486798763275],8,2.0587544441223146],[[762.934814453125,237.6998748779297,46.851383209228519,-0.34674856066703799,-1.2189554254860014e-8,0.9379581212997437,3.820018079636611e-8,1,2.7117854628500028e-8,-0.9379581212997437,4.5233246481757308e-8,-0.34674856066703799],8,2.0665950775146486],[[762.934814453125,237.6998748779297,46.851383209228519,-0.34674856066703799,-7.88960630160318e-9,0.9379581212997437,2.3653484504393419e-8,1,1.7155795006829068e-8,-0.9379581212997437,2.8134724772144183e-8,-0.34674856066703799],8,2.074842691421509],[[762.934814453125,237.6998748779297,46.851383209228519,-0.3467494547367096,-3.5914680118764865e-9,0.937957763671875,9.113012566785983e-9,1,7.197979101647434e-9,-0.937957763671875,1.1043517211817289e-8,-0.3467494547367096],8,2.0830042362213136],[[762.934814453125,237.6998748779297,46.851383209228519,-0.3467504680156708,2.8522657569141076e-9,0.9379574060440064,-1.2686033556974508e-8,1,-7.73079200655502e-9,-0.9379574060440064,-1.457961484874204e-8,-0.3467504680156708],8,2.094165563583374],[[762.934814453125,237.6998748779297,46.851383209228519,-0.3500276207923889,7.094794973738772e-9,0.9367393851280212,-2.717610136926396e-8,1,-1.7728710943742955e-8,-0.9367393851280212,-3.1662462873782718e-8,-0.3500276207923889],8,2.104173421859741],[[762.934814453125,237.6998748779297,46.851383209228519,-0.35329872369766238,1.5565653654903145e-8,0.9355105757713318,-5.606766251275985e-8,1,-3.781281421311178e-8,-0.9355105757713318,-6.581110767456266e-8,-0.35329872369766238],8,2.1184287071228029],[[762.934814453125,237.6998748779297,46.851383209228519,-0.3728283643722534,1.84709278983064e-8,0.9279003143310547,-7.029068171959807e-8,1,-4.814879872583333e-8,-0.9279003143310547,-8.317398680