[[[776,222.69961547851563,47,1,-6.602694502255702e-10,-3.8299502729422649e-14,6.602694502255702e-10,1,6.878417835309847e-10,3.829904871976292e-14,-6.878417835309847e-10,1],8,0.008051395416259766],[[776,222.69961547851563,47,1,1.997580412194111e-8,-3.873370537071236e-14,-1.997580412194111e-8,1,-2.081157290945157e-8,3.831797821206816e-14,2.081157290945157e-8,1],8,0.02920222282409668],[[776,222.69961547851563,47,1,5.4339874822062487e-8,-4.044107645875643e-14,-5.4339874822062487e-8,1,-5.661332025397314e-8,3.736471378070101e-14,5.661332025397314e-8,1],8,0.04215598106384277],[[776,222.69961547851563,47,1,6.807522368035279e-8,-4.1467555029952449e-14,-6.807522368035279e-8,1,-7.092331344438208e-8,3.6639433349285047e-14,7.092331344438208e-8,1],8,0.05058431625366211],[[776,222.69961547851563,47,1,8.18047070083594e-8,-4.268995909811196e-14,-8.18047070083594e-8,1,-8.522719951997715e-8,3.5717973311021406e-14,8.522719951997715e-8,1],8,0.05961966514587402],[[776,222.69961547851563,47,1,5.805629399446843e-8,-4.1214349776963827e-14,-5.805629399446843e-8,1,-6.048519196610869e-8,3.770280528753167e-14,6.048519196610869e-8,1],8,0.07398653030395508],[[776,222.69961547851563,47,1,4.618969384750926e-8,-4.068490675108484e-14,-4.618969384750926e-8,1,-4.812211784610554e-8,3.8462160160349787e-14,4.812211784610554e-8,1],8,0.08542656898498535],[[776,222.69961547851563,47,1,2.8399304241588653e-8,-4.016314800810335e-14,-2.8399304241588653e-8,1,-2.9587411631837314e-8,3.932288793629529e-14,2.9587411631837314e-8,1],8,0.09649538993835449],[[776,222.69961547851563,47,1,1.0620315293863314e-8,-3.9970197290850609e-14,-1.0620315293863314e-8,1,-1.1064581251218897e-8,3.985269010414391e-14,1.1064581251218897e-8,1],8,0.10755038261413574],[[776,222.69961547851563,47,1,-7.147276992469642e-9,-4.0106098645039878e-14,7.147276992469642e-9,1,7.446381289355486e-9,4.0052874482766207e-14,-7.446381289355486e-9,1],8,0.12094259262084961],[[776,222.69961547851563,47,1,-2.4903483719640464e-8,-4.057034723903459e-14,2.4903483719640464e-8,1,2.5945483983491614e-8,3.9924213566210068e-14,-2.5945483983491614e-8,1],8,0.13179516792297364],[[776,222.69961547851563,47,1,-3.6734629560442048e-8,-4.1061968549752778e-14,3.6734629560442048e-8,1,3.827163297387415e-8,3.9656073428295457e-14,-3.827163297387415e-8,1],8,0.1421363353729248],[[776,222.69961547851563,47,1,-4.8560721666035536e-8,-4.169906946322778e-14,4.8560721666035536e-8,1,5.059251506622786e-8,3.924226056411205e-14,-5.059251506622786e-8,1],8,0.15243816375732423],[[776,222.69961547851563,47,1,-6.629038296068757e-8,-4.29270876657617e-14,6.629038296068757e-8,1,6.90639723188724e-8,3.8348810211348216e-14,-6.90639723188724e-8,1],8,0.162276029586792],[[776,222.69961547851563,47,1,-8.40086826769948e-8,-4.448138973584155e-14,8.40086826769948e-8,1,8.752359548225286e-8,3.712864908643303e-14,-8.752359548225286e-8,1],8,0.17363476753234864],[[776,222.69961547851563,47,1,-6.371453054043741e-8,-4.311416675062407e-14,6.371453054043741e-8,1,6.63803376710348e-8,3.8884775390921058e-14,-6.63803376710348e-8,1],8,0.18861722946166993],[[776,222.69961547851563,47,1,-3.6675896097904118e-8,-4.1986565998053049e-14,3.6675896097904118e-8,1,3.8210394848192666e-8,4.058516692747975e-14,-3.8210394848192666e-8,1],8,0.21373343467712403],[[776,222.69961547851563,47,1,-2.910090612928684e-9,-4.165367188538674e-14,2.910090612928684e-9,1,3.0318054733413648e-9,4.164484919020814e-14,-3.0318054733413648e-9,1],8,0.22273564338684083],[[776,222.69961547851563,47,1,1.0586132859202735e-8,-4.185300923106178e-14,-1.0586132859202735e-8,1,-1.1029110957849753e-8,4.1736254209612247e-14,1.1029110957849753e-8,1],8,0.23853635787963868],[[776,222.69961547851563,47,1,3.75612820846527e-8,-4.2819992208042656e-14,-3.75612820846527e-8,1,-3.913292445645311e-8,4.1350108829617957e-14,3.913292445645311e-8,1],8,0.24741101264953614],[[776,222.69961547851563,47,1,5.7777516104806639e-8,-4.404150858567345e-14,-5.7777516104806639e-8,1,-6.019502762910634e-8,4.05635879161155e-14,6.019502762910634e-8,1],8,0.2592911720275879],[[776,222.69961547851563,47,1,7.1247804100949e-8,-4.509171763191974e-14,-7.1247804100949e-8,1,-7.4228935886822e-8,3.9803067525961969e-14,7.4228935886822e-8,1],8,0.2718484401702881],[[776,222.69961547851563,47,1,6.688058817871934e-8,-4.4975223496617966e-14,-6.688058817871934e-8,1,-6.96789754783822e-8,4.0315054896863936e-14,6.96789754783822e-8,1],8,0.2815823554992676],[[776,222.69961547851563,47,1,5.5785125852025888e-8,-4.437369457879585e-14,-5.5785125852025888e-8,1,-5.8119255186284138e-8,4.1131503178458778e-14,5.8119255186284138e-8,1],8,0.291919469833374],[[776,222.69961547851563,47,1,4.4694402845379957e-8,-4.389449754734799e-14,-4.4694402845379957e-8,1,-4.6564473166199608e-8,4.181332743154881e-14,4.6564473166199608e-8,1],8,0.3020188808441162],[[776,222.69961547851563,47,1,2.806720367232174e-8,-4.341269504255438e-14,-2.806720367232174e-8,1,-2.9241553178849246e-8,4.259196755051001e-14,2.9241553178849246e-8,1],8,0.31437110900878909],[[776,222.69961547851563,47,1,1.1450661752121505e-8,-4.321783003084084e-14,-1.1450661752121505e-8,1,-1.1929732757209877e-8,4.308122733337125e-14,1.1929732757209877e-8,1],8,0.325547456741333],[[776,222.69961547851563,47,1,3.78883369123173e-10,-4.3247499900917269e-14,-3.78883369123173e-10,1,-3.9468253665297939e-10,4.324735082311855e-14,3.9468253665297939e-10,1],8,0.3368539810180664],[[776,222.69961547851563,47,1,-2.1750482304128128e-8,-4.368934277939121e-14,2.1750482304128128e-8,1,2.2660636034288474e-8,4.319646108364751e-14,-2.2660636034288474e-8,1],8,0.35618019104003909],[[776,222.69961547851563,47,1,-4.3860939769047039e-8,-4.464017114400205e-14,4.3860939769047039e-8,1,4.569626455008802e-8,4.263588790289104e-14,-4.569626455008802e-8,1],8,0.36794447898864748],[[776,222.69961547851563,47,1,-6.043138256472958e-8,-4.56865380487996e-14,6.043138256472958e-8,1,6.296006915817998e-8,4.1881774469950536e-14,-6.296006915817998e-8,1],8,0.39479947090148928],[[776,222.69961547851563,47,1,-6.889085568673181e-8,-4.6569315786428036e-14,6.889085568673181e-8,1,7.177349914400111e-8,4.162477789749e-14,-7.177349914400111e-8,1],8,0.4044666290283203],[[776,222.69961547851563,47,1,-4.847484547099157e-8,-4.5530670433977657e-14,4.847484547099157e-8,1,5.0503203397056498e-8,4.3082538540373599e-14,-5.0503203397056498e-8,1],8,0.4160187244415283],[[776,222.69961547851563,47,1,-2.8071923452444026e-8,-4.493621254719922e-14,2.8071923452444026e-8,1,2.924654296521112e-8,4.411520384021636e-14,-2.924654296521112e-8,1],8,0.4274730682373047],[[776,222.69961547851563,47,1,-1.4477240739552144e-8,-4.4782025445744628e-14,1.4477240739552144e-8,1,1.5083001514426543e-8,4.4563663740074258e-14,-1.5083001514426543e-8,1],8,0.43836450576782229],[[776,222.69961547851563,47,1,5.903891597824895e-9,-4.491190270161302e-14,-5.903891597824895e-9,1,-6.150967735152335e-9,4.4875585316966548e-14,6.150967735152335e-9,1],8,0.44826340675354006],[[776,222.69961547851563,47,1,3.305841644873908e-8,-4.575731273374038e-14,-3.305841644873908e-8,1,-3.4441761442849386e-8,4.4618724269777576e-14,3.4441761442849386e-8,1],8,0.4645192623138428],[[776,222.69961547851563,47,1,4.662697605795074e-8,-4.6467505814299859e-14,-4.662697605795074e-8,1,-4.8578097988638549e-8,4.420245839817892e-14,4.8578097988638549e-8,1],8,0.4752480983734131],[[776,222.69961547851563,47,1,6.885549908020039e-8,-4.8302338420246757e-14,-6.885549908020039e-8,1,-7.173676408456231e-8,4.336286917646509e-14,7.173676408456231e-8,1],8,0.5035455226898193],[[776,222.69961547851563,47,1,5.1363560515937937e-8,-4.737886244356865e-14,-5.1363560515937937e-8,1,-5.35128741319113e-8,4.463025069412381e-14,5.35128741319113e-8,1],8,0.5158445835113525],[[776,222.69961547851563,47,1,3.388283786875945e-8,-4.676703021697613e-14,-3.388283786875945e-8,1,-3.5300658396408838e-8,4.55709451565537e-14,3.5300658396408838e-8,1],8,0.5293023586273193],[[776,222.69961547851563,47,1,4.773190287465923e-9,-4.645184925730281e-14,-4.773190287465923e-9,1,-4.972893208332607e-9,4.642811200598895e-14,4.972893208332607e-9,1],8,0.5472195148468018],[[775.8989868164063,222.69961547851563,46.998260498046878,0.9952766299247742,-1.3244904728537677e-8,0.09707965701818466,1.1909866870496444e-8,1,1.4331460462813084e-8,-0.09707965701818466,-1.3107562146785768e-8,0.9952766299247742],8,0.5623157024383545],[[775.6419067382813,222.69961547851563,47.00495147705078,0.9590621590614319,-4.0056168160163e-8,0.2831956148147583,2.8092175696770029e-8,1,4.6307299328418597e-8,-0.2831956148147583,-3.645599733204108e-8,0.9590621590614319],8,0.5886452198028565],[[775.3756103515625,222.69961547851563,47.01534652709961,0.8916558623313904,-7.061584739176397e-8,0.4527137875556946,3.662194458797785e-8,1,8.385357830320572e-8,-0.4527137875556946,-5.8189275620179617e-8,0.8916558623313904],8,0.5964112281799316],[[775.242431640625,222.69961547851563,47.02141571044922,0.8513373136520386,-8.722913946712652e-8,0.5246186852455139,3.845489970899507e-8,1,1.0386791160499343e-7,-0.5246186852455139,-6.825247567121551e-8,0.8513373136520386],8,0.6067612171173096],[[775.0426635742188,222.69961547851563,47.03084945678711,0.7873242497444153,-6.95553481477873e-8,0.6165391802787781,2.241039709360848e-8,1,8.41975662524419e-8,-0.6165391802787781,-5.247389722740081e-8,0.7873242497444153],8,0.6167314052581787],[[774.8428955078125,222.69961547851563,47.04060745239258,0.7213341593742371,-5.051574447634266e-8,0.6925871968269348,1.021917750421153e-8,1,6.229439719618313e-8,-0.6925871968269348,-3.7857404322494406e-8,0.7213341593742371],8,0.6311295032501221],[[774.6431274414063,222.69961547851563,47.04986572265625,0.6561487317085266,-3.03381604283004e-8,0.7546315789222717,1.4807595150045927e-9,1,3.8915100475378497e-8,-0.7546315789222717,-2.4416666022375467e-8,0.6561487317085266],8,0.6407382488250732],[[774.5099487304688,222.69961547851563,47.055091857910159,0.6144692897796631,-1.6357281751311349e-8,0.7889407873153687,-2.6480511117199514e-9,1,2.2795664023078645e-8,-0.7889407873153687,-1.6096389998665474e-8,0.6144692897796631],8,0.6514317989349365],[[774.3099975585938,222.69961547851563,47.0613899230957,0.555296003818512,5.263608215955173e-9,0.8316527605056763,-6.685838549458367e-9,1,-1.8649477517840298e-9,-0.8316527605056763,-4.524698393737481e-9,0.555296003818512],8,0.6616835594177246],[[774.1100463867188,222.69961547851563,47.066261291503909,0.5001996159553528,2.7529413415550154e-8,0.8659101128578186,-8.56232862389561e-9,1,-2.684636690730713e-8,-0.8659101128578186,6.014335696136186e-9,0.5001996159553528],8,0.6726429462432861],[[773.9767456054688,222.69961547851563,47.067779541015628,0.46651962399482729,4.266586728363109e-8,0.88451087474823,-8.842929055674631e-9,1,-4.3572633501298699e-8,-0.88451087474823,1.2505821267438933e-8,0.46651962399482729],8,0.6829819679260254],[[773.7767944335938,222.69961547851563,47.068180084228519,0.4203602373600006,6.572036426177874e-8,0.9073573350906372,-8.101631365775575e-9,1,-6.867719548608875e-8,-0.9073573350906372,2.151808686789991e-8,0.4203602373600006],8,0.6940782070159912],[[773.5768432617188,222.69961547851563,47.06739807128906,0.3785880208015442,8.911633386787799e-8,0.9255653023719788,-6.2189196015083329e-9,1,-9.373939491297279e-8,-0.9255653023719788,2.9732595052678336e-8,0.3785880208015442],8,0.7066407203674316],[[773.4435424804688,222.69961547851563,47.06622314453125,0.3532814383506775,1.0486726864655793e-7,0.9355170726776123,-4.487597848878977e-9,1,-1.1040084757496516e-7,-0.9355170726776123,3.4804347848194087e-8,0.3532814383506775],8,0.7165131568908691],[[773.3102416992188,222.69961547851563,47.064884185791019,0.32988473773002627,1.0368349734335425e-7,0.9440212249755859,-1.977641828077026e-9,1,-1.0914066450595783e-7,-0.9440212249755859,3.413690308207151e-8,0.32988473773002627],8,0.7274801731109619],[[773.1102905273438,222.69961547851563,47.06283950805664,0.2974754571914673,7.624418429941216e-8,0.954729437828064,1.5015457766054397e-9,1,-8.032731813045757e-8,-0.954729437828064,2.5328976249738845e-8,0.2974754571914673],8,0.7387471199035645],[[772.9103393554688,222.69961547851563,47.060791015625,0.26798215508461,4.8620698578361046e-8,0.9634238481521606,3.515939317466632e-9,1,-5.144454817695987e-8,-0.9634238481521606,1.717356035157991e-8,0.26798215508461],8,0.7521483898162842],[[772.7103881835938,222.69961547851563,47.0584602355957,0.24144387245178224,2.0851800286436629e-8,0.9704147577285767,4.28941238084235e-9,1,-2.2554742074021307e-8,-0.9704147577285767,9.608218221046627e-9,0.24144387245178224],8,0.7629702091217041],[[772.5104370117188,222.69961547851563,47.05521774291992,0.21791686117649079,-7.030831028487228e-9,0.9759673476219177,4.0400012224495189e-9,1,6.301897226279607e-9,-0.9759673476219177,2.569622958858986e-9,0.21791686117649079],8,0.7774100303649902],[[772.3104858398438,222.69961547851563,47.05093002319336,0.1972658634185791,-3.500017342616957e-8,0.9803500175476074,2.9782765142982727e-9,1,3.5102420525845449e-8,-0.9803500175476074,-4.004754305952929e-9,0.1972658634185791],8,0.7890193462371826],[[772.1105346679688,222.69961547851563,47.04418182373047,0.17979267239570619,-6.303353927705757e-8,0.9837045073509216,1.3208348859095054e-9,1,6.383630335449198e-8,-0.9837045073509216,-1.0177987341819517e-8,0.17979267239570619],8,0.799349308013916],[[771.9107666015625,222.69961547851563,47.033531188964847,0.1659112423658371,-9.111054311006228e-8,0.9861406683921814,-6.828326792884809e-10,1,9.250589982912061e-8,-0.9861406683921814,-1.602113819387796e-8,0.1659112423658371],8,0.8142225742340088],[[771.711181640625,222.69961547851563,47.02040481567383,0.1549134999513626,-1.0195751087849203e-7,0.987928032875061,-2.4359601002998944e-9,1,1.0358535718069106e-7,-0.987928032875061,-1.8453324202027944e-8,0.1549134999513626],8,0.8253235816955566],[[771.5117797851563,222.69961547851563,47.00431823730469,0.14656585454940797,-7.829082449006819e-8,0.9892008900642395,-2.9830391490293097e-9,1,7.958750813941151e-8,-0.9892008900642395,-1.4615635812731398e-8,0.14656585454940797],8,0.836517333984375],[[771.3789672851563,222.69961547851563,46.99269485473633,0.14210662245750428,-6.251042350413627e-8,0.9898513555526733,-3.1252780363644207e-9,1,6.359999815686024e-8,-0.9898513555526733,-1.213154199319888e-8,0.14210662245750428],8,0.8471667766571045],[[771.1133422851563,222.69961547851563,46.9682731628418,0.13486692309379579,-3.095009049047803e-8,0.9908637404441834,-3.0622955282666455e-9,1,3.1652277243665597e-8,-0.9908637404441834,-7.303162963268051e-9,0.13486692309379579],8,0.8610546588897705],[[770.9806518554688,222.69961547851563,46.95563507080078,0.13188059628009797,-1.5171885081599613e-8,0.991265594959259,-2.9047497740464225e-9,1,1.5692025456814919e-8,-0.991265594959259,-4.948851994868164e-9,0.13188059628009797],8,0.8718905448913574],[[770.7816162109375,222.69961547851563,46.93651580810547,0.12800122797489167,8.490837366537108e-9,0.9917740225791931,-2.553551592399117e-9,1,-8.231692660842782e-9,-0.9917740225791931,-1.4788792412900876e-9,0.12800122797489167],8,0.8816096782684326],[[770.64892578125,222.69961547851563,46.92375946044922,0.1256888508796692,2.42622562041106e-8,0.9920697212219238,-2.258150555434213e-9,1,-2.417010769306671e-8,-0.9920697212219238,7.976702076639697e-10,0.1256888508796692],8,0.8927266597747803],[[770.4498901367188,222.69961547851563,46.904624938964847,0.12254146486520767,4.791286656313787e-8,0.9924634099006653,-1.7394060636277687e-9,1,-4.8061941981814019e-8,-0.9924634099006653,4.163283939817575e-9,0.12254146486520767],8,0.9040818214416504],[[770.2508544921875,222.67919921875,46.88549041748047,0.11951632052659989,7.155504277989167e-8,0.9928322434425354,-1.1319841730639269e-9,1,-7.193536788463462e-8,-0.9928322434425354,7.473579977101963e-9,0.11951632052659989],8,0.9150702953338623],[[770.1181640625,222.64854431152345,46.87273406982422,0.11751431226730347,8.731165479503034e-8,0.9930711984634399,-6.769136917661456e-10,1,-8.784073912693202e-8,-0.9930711984634399,9.650320542675673e-9,0.11751431226730347],8,0.9256448745727539],[[769.852783203125,223.52166748046876,46.84722137451172,0.11351363360881806,1.188130269724752e-7,0.9935364127159119,3.5491395933284766e-10,1,-1.196265344560743e-7,-0.9935364127159119,1.393186188636264e-8,0.11351363360881806],3,0.9431605339050293],[[769.5210571289063,224.54067993164063,46.815330505371097,-0.9760297536849976,5.063063568400139e-8,0.21763712167739869,2.4831434686234389e-8,1,-1.2127718207466388e-7,-0.21763712167739869,-1.1296589974563176e-7,-0.9760297536849976],5,0.9719486236572266],[[769.1893310546875,225.4745330810547,46.782928466796878,-0.9660943746566773,7.594904616325948e-8,0.2581890821456909,4.401316644475628e-8,1,-1.294716724942191e-7,-0.2581890821456909,-1.1371813712912626e-7,-0.9660943746566773],5,0.9911515712738037],[[768.8576049804688,226.3232421875,46.75044631958008,-0.96626877784729,9.751180840567031e-8,0.25753578543663027,6.263032048536843e-8,1,-1.4364638900588035e-7,-0.25753578543663027,-1.2267148008504592e-7,-0.96626877784729],5,1.005392074584961],[[768.7249145507813,226.6388702392578,46.737796783447269,-0.9871129393577576,9.357761143746757e-8,0.16002510488033296,7.037252203190292e-8,1,-1.5067622882725119e-7,-0.16002510488033296,-1.3747309424161359e-7,-0.9871129393577576],5,1.0131173133850098],[[768.52587890625,227.08677673339845,46.718990325927737,-0.9815686941146851,8.69558789418079e-8,0.1911097764968872,6.250198225643544e-8,1,-1.3398525311458798e-7,-0.1911097764968872,-1.1957098422499258e-7,-0.9815686941146851],5,1.023834466934204],[[768.39306640625,227.36834716796876,46.706634521484378,-0.987389326095581,6.784315331742619e-8,0.15831080079078675,5.048118367767529e-8,1,-1.1369134256256075e-7,-0.15831080079078675,-1.0426590080214737e-7,-0.987389326095581],5,1.0329012870788575],[[768.26025390625,227.63629150390626,46.694332122802737,-0.9873892664909363,5.315536810712729e-8,0.15831127762794496,3.8897866261322636e-8,1,-9.315843385593326e-8,-0.15831127762794496,-8.582566835002581e-8,-0.9873892664909363],5,1.0420567989349366],[[768.12744140625,227.89060974121095,46.68203353881836,-0.9873892068862915,3.884420607391803e-8,0.15831142663955689,2.7743226382881404e-8,1,-7.233113308302564e-8,-0.15831142663955689,-6.702691024429441e-8,-0.9873892068862915],5,1.05216383934021],[[767.92822265625,228.24655151367188,46.6635856628418,-0.981567919254303,1.978873775954071e-8,0.19111356139183045,1.2338983168547202e-8,1,-4.017081778329157e-8,-0.19111356139183045,-3.707224038862478e-8,-0.981567919254303],5,1.0617070198059083],[[767.66259765625,228.67344665527345,46.63898849487305,-0.9746571779251099,-6.841579303085155e-9,0.2237037569284439,-5.988724183225713e-9,1,4.49087611542609e-9,-0.2237037569284439,3.0373645820702679e-9,-0.9746571779251099],5,1.0780885219573975],[[767.39697265625,229.04583740234376,46.6143913269043,-0.9750459790229797,-3.353231647906796e-8,0.22200313210487367,-2.272796528757226e-8,1,5.122228330378675e-8,-0.22200313210487367,4.489839966481668e-8,-0.9750459790229797],5,1.0938010215759278],[[767.19775390625,229.28936767578126,46.59622573852539,-0.9825547337532044,-5.064233477014568e-8,0.18597356975078584,-3.493025957368445e-8,1,8.776216731121167e-8,-0.18597356975078584,7.973503102221002e-8,-0.9825547337532044],5,1.1090598106384278],[[766.93212890625,229.56639099121095,46.57288360595703,-0.9758147597312927,-7.81664084570366e-8,0.21859900653362275,-4.8850651523935088e-8,1,1.3951216715213378e-7,-0.21859900653362275,1.254593371413648e-7,-0.9758147597312927],5,1.1238486766815186],[[766.79931640625,229.68446350097657,46.561279296875,-0.9884699583053589,-6.120689022282022e-8,0.1514170914888382,-4.173661594109035e-8,1,1.3176516233670555e-7,-0.1514170914888382,1.2392627013468883e-7,-0.9884699583053589],5,1.135056972503662],[[766.66650390625,229.78890991210938,46.54985046386719,-0.9884699583053589,-5.3207209305128347e-8,0.151417076587677,-3.481372701230612e-8,1,1.241265863427543e-7,-0.151417076587677,1.1742400829461985e-7,-0.9884699583053589],5,1.1467595100402833],[[766.46728515625,229.92002868652345,46.53278732299805,-0.9828777313232422,-4.529164954192311e-8,0.1842590570449829,-2.4958380251405289e-8,1,1.1267079713661588e-7,-0.1842590570449829,1.0614280654408503e-7,-0.9828777313232422],5,1.1565561294555665],[[766.26806640625,230.0205078125,46.5157356262207,-0.9828776121139526,-3.389631331174314e-8,0.18425965309143067,-1.5483848869735085e-8,1,1.01365571936185e-7,-0.18425965309143067,9.6776901159501e-8,-0.9828776121139526],5,1.1663718223571778],[[766.06884765625,230.09031677246095,46.49868392944336,-0.9828776121139526,-2.2862160165004753e-8,0.18425951898097993,-6.361441595714723e-9,1,9.014265600626459e-8,-0.18425951898097993,8.742703982989042e-8,-0.9828776121139526],5,1.1796319484710694],[[765.86962890625,230.1294708251953,46.481632232666019,-0.9828776717185974,-1.2151014416872386e-8,0.18425938487052918,2.4346653582085766e-9,1,7.893216746879261e-8,-0.18425938487052918,7.80292737090349e-8,-0.9828776717185974],5,1.2033312320709229],[[765.53759765625,230.12660217285157,46.45321273803711,-0.9684280157089233,4.101296524616771e-10,0.2492932677268982,1.5781441931039809e-8,1,5.966090554920811e-8,-0.2492932677268982,6.171149635747497e-8,-0.9684280157089233],5,1.213883876800537],[[765.33837890625,230.08401489257813,46.436161041259769,-0.9828776717185974,1.4522206548406303e-8,0.18425936996936799,2.3804513915592908e-8,1,4.816427079390451e-8,-0.18425936996936799,5.1725791649914757e-8,-0.9828776717185974],5,1.2355434894561768],[[765.07275390625,229.9795379638672,46.41342544555664,-0.9761945605278015,2.6035305467075888e-8,0.21689672768115998,3.38356720419597e-8,1,3.2249882764290308e-8,-0.21689672768115998,3.8821006853595466e-8,-0.9761945605278015],5,1.242488145828247],[[764.93994140625,229.9068603515625,46.40205764770508,-0.9884699583053589,3.484392152586224e-8,0.15141724050045014,3.89612857532029e-8,1,2.422538258883833e-8,-0.15141724050045014,2.9845473648038026e-8,-0.9884699583053589],5,1.253735065460205],[[764.74072265625,229.7722930908203,46.385005950927737,-0.9828776121139526,4.330156144760622e-8,0.18425947427749635,4.624673977104976e-8,1,1.1686374534747302e-8,-0.18425947427749635,2.000767551635363e-8,-0.9828776121139526],5,1.262143611907959],[[764.54150390625,229.60708618164063,46.36795425415039,-0.9828777313232422,5.264394431492292e-8,0.18425911664962769,5.330263164182725e-8,1,-1.3783590935290136e-9,-0.18425911664962769,8.466737533296964e-9,-0.9828777313232422],5,1.2738325595855713],[[764.40869140625,229.4799041748047,46.35658645629883,-0.9884699583053589,5.893187804417721e-8,0.15141724050045014,5.803337543852649e-8,1,-1.0353041979271893e-8,-0.15141724050045014,-1.4464176523176775e-9,-0.9884699583053589],5,1.2852156162261963],[[764.20947265625,229.2635955810547,46.339534759521487,-0.9825546741485596,6.811534802864117e-8,0.18597382307052613,6.468177105034556e-8,1,-2.4530139697276355e-8,-0.18597382307052613,-1.2073087418684736e-8,-0.9825546741485596],5,1.298025131225586],[[763.87744140625,228.83494567871095,46.310604095458987,-0.9675524234771729,8.463148759574324e-8,0.2526704668998718,7.434139348561075e-8,1,-5.0272152662955708e-8,-0.2526704668998718,-2.985706615277195e-8,-0.9675524234771729],5,1.3154897689819337],[[763.74462890625,228.6396484375,46.298831939697269,-0.9873892068862915,8.721798394617508e-8,0.15831153094768525,7.85369209665987e-8,1,-6.10913772902677e-8,-0.15831153094768525,-4.7887670717727818e-8,-0.9873892068862915],5,1.3245322704315186],[[763.61181640625,228.4307098388672,46.28666687011719,-0.9868305325508118,9.320786631406009e-8,0.1617577075958252,8.258327000021382e-8,1,-7.240565480515215e-8,-0.1617577075958252,-5.8093633015232629e-8,-0.9868305325508118],5,1.335688591003418],[[763.4127807617188,228.09178161621095,46.267677307128909,-0.9805536270141602,1.0414022000304613e-7,0.19625140726566316,8.810208385057195e-8,1,-9.045238158478242e-8,-0.19625140726566316,-7.140325664067859e-8,-0.9805536270141602],5,1.3467059135437012],[[763.2137451171875,227.72218322753907,46.24826431274414,-0.9798622131347656,1.1331637495004543e-7,0.19967497885227204,9.327347072485282e-8,1,-1.0978454412224892e-7,-0.19967497885227204,-8.894934211411965e-8,-0.9798622131347656],5,1.3578925132751465],[[763.0147094726563,227.32192993164063,46.22821807861328,-0.9788022041320801,1.2269238425233198e-7,0.20480793714523316,9.803352440940216e-8,1,-1.3054646785803926e-7,-0.20480793714523316,-1.0770112623958994e-7,-0.9788022041320801],5,1.3696718215942383],[[762.8821411132813,227.03807067871095,46.214256286621097,-0.9844735860824585,1.1190911664016312e-7,0.17553286254405976,9.027608882661298e-8,1,-1.3122721043146158e-7,-0.17553286254405976,-1.1334330451973074e-7,-0.9844735860824585],5,1.3808746337890626],[[762.5507202148438,226.268798828125,46.17789077758789,-0.9596254825592041,7.044143046641693e-8,0.2812807857990265,4.5716173957544018e-8,1,-9.446441140426032e-8,-0.2812807857990265,-7.779137689567506e-8,-0.9596254825592041],5,1.4026026725769044],[[762.35205078125,225.766357421875,46.154563903808597,-0.9754626154899597,3.450012187045104e-8,0.22016508877277375,1.9284765784277625e-8,1,-7.125813539232695e-8,-0.22016508877277375,-6.526381213234345e-8,-0.9754626154899597],5,1.4129769802093506],[[762.153564453125,225.23326110839845,46.13036346435547,-0.9746885299682617,4.1780729986840019e-9,0.22356702387332917,-6.334657243201036e-9,1,-4.630553362972023e-8,-0.22356702387332917,-4.6549693877295797e-8,-0.9746885299682617],5,1.4240658283233643],[[762.021240234375,224.86083984375,46.11379623413086,-0.9802371859550476,-1.7037914190609628e-8,0.19782590866088868,-2.320034475644661e-8,1,-2.8833055054633406e-8,-0.19782590866088868,-3.285285998799736e-8,-0.9802371859550476],5,1.4349534511566163],[[761.8229370117188,224.27664184570313,46.08765411376953,-0.9727011919021606,-4.597873015654841e-8,0.23206119239330293,-4.740099512900997e-8,1,-5.527690527529217e-10,-0.23206119239330293,-1.1537610866696469e-8,-0.9727011919021606],5,1.4452311992645264],[[761.691162109375,223.8701629638672,46.06992721557617,-0.9864177703857422,-6.586308387568352e-8,0.16425567865371705,-6.395028151473525e-8,1,1.6933304536337347e-8,-0.16425567865371705,6.1991172195519088e-9,-0.9864177703857422],7,1.4575674533843995],[[761.493896484375,223.49496459960938,46.043296813964847,-0.9892220497131348,-9.448693560898391e-8,0.14642301201820374,-8.940671847312842e-8,1,4.127654307239936e-8,-0.14642301201820374,2.7740467700709816e-8,-0.9892220497131348],7,1.4689524173736573],[[761.29736328125,223.47833251953126,46.016754150390628,-0.9906620383262634,-1.0628779278931688e-7,0.13634037971496583,-9.962316482869937e-8,1,5.570547756406086e-8,-0.13634037971496583,4.160264310826278e-8,-0.9906620383262634],7,1.4799678325653077],[[761.1680908203125,223.50048828125,45.99929428100586,-0.9909472465515137,-9.192490324494429e-8,0.13425201177597047,-8.555777952778954e-8,1,5.319591522834344e-8,-0.13425201177597047,4.122804142525638e-8,-0.9909472465515137],7,1.4904084205627442],[[760.9774169921875,223.5233612060547,45.973541259765628,-0.9909795522689819,-7.053203887608106e-8,0.13401296734809876,-6.449457856660956e-8,1,4.939247588708895e-8,-0.13401296734809876,4.03038242779985e-8,-0.9909795522689819],8,1.5085835456848145],[[760.5429077148438,223.4645233154297,45.91484451293945,-0.9907622337341309,-2.077084815255148e-8,0.13561025261878968,-1.543238248302714e-8,1,4.041748269401069e-8,-0.13561025261878968,3.795132741402085e-8,-0.9907622337341309],8,1.526942491531372],[[760.425537109375,223.41705322265626,45.89884567260742,-0.9910022616386414,-6.481307934791403e-9,0.13384519517421723,-1.4240807422183366e-9,1,3.787988589465385e-8,-0.13384519517421723,3.734844611358312e-8,-0.9910022616386414],8,1.5369348526000977],[[760.25634765625,223.3203125,45.87594223022461,-0.9914637804031372,1.4970645167977638e-8,0.13038228452205659,1.9590283173442914e-8,1,3.414890059616482e-8,-0.13038228452205659,3.641162393819286e-8,-0.9914637804031372],8,1.5485923290252686],[[760.14794921875,223.23878479003907,45.86159133911133,-0.9916907548904419,2.924112685320779e-8,0.12864446640014649,3.359670230906886e-8,1,3.168744910908572e-8,-0.12864446640014649,3.5746179349871457e-8,-0.9916907548904419],8,1.5597138404846192],[[759.9916381835938,223.0909423828125,45.841243743896487,-0.9925661683082581,5.078903342337071e-8,0.12170644849538803,5.462040064685425e-8,1,2.8144173214172953e-8,-0.12170644849538803,3.458260877664543e-8,-0.9925661683082581],8,1.5713999271392823],[[759.8436279296875,222.91244506835938,45.822879791259769,-0.9929845929145813,7.219435360639182e-8,0.11824358999729157,7.564285198213838e-8,1,2.4676475973706148e-8,-0.11824358999729157,3.3447644653961109e-8,-0.9929845929145813],8,1.5820488929748536],[[759.705078125,222.7032928466797,45.8062744140625,-0.9935900568962097,9.36398478756928e-8,0.11304328590631485,9.666969447152951e-8,1,2.132103915641892e-8,-0.11304328590631485,3.211223287280518e-8,-0.9935900568962097],8,1.5964632034301758],[[759.522216796875,223.576416015625,45.784454345703128,-0.993979275226593,1.2209218880343543e-7,0.10956812649965286,1.246999943305127e-7,1,1.6948462189247949e-8,-0.10956812649965286,3.050956465244781e-8,-0.993979275226593],3,1.612818956375122],[[759.3701782226563,224.1980438232422,45.76675796508789,-0.9857736825942993,1.4350011667829677e-7,0.16807807981967927,1.463666308154643e-7,1,4.66603866655646e-9,-0.16807807981967927,2.9200679207974646e-8,-0.9857736825942993],5,1.637423038482666],[[759.001953125,225.3493194580078,45.7264518737793,-0.9576493501663208,1.3684051225482109e-7,0.2879370450973511,1.349503691017162e-7,1,-2.6413378151346479e-8,-0.2879370450973511,1.3562453382576223e-8,-0.9576493501663208],5,1.6502318382263184],[[758.7368774414063,226.04872131347657,45.699363708496097,-0.9731513261795044,9.975511261473003e-8,0.2301662564277649,9.235342446345385e-8,1,-4.2930924593065359e-8,-0.2301662564277649,-2.052164305155202e-8,-0.9731513261795044],5,1.6647584438323975],[[758.537841796875,226.53750610351563,45.679466247558597,-0.9805653095245361,6.976094368837949e-8,0.19619286060333253,6.052689371927045e-8,1,-5.306192463194748e-8,-0.19619286060333253,-4.015574006643874e-8,-0.9805653095245361],5,1.6787981986999512],[[758.2724609375,227.1415252685547,45.653419494628909,-0.9738779664039612,3.1547845225077256e-8,0.22707214951515199,1.7871352397946795e-8,1,-6.228561488796913e-8,-0.22707214951515199,-5.660050206302003e-8,-0.9738779664039612],5,1.6928977966308594],[[758.1397705078125,227.423095703125,45.640602111816409,-0.9868348836898804,7.3098895825296499e-9,0.16173098981380464,-3.422579109013668e-9,1,-6.60813981312458e-8,-0.16173098981380464,-6.57649650293024e-8,-0.9868348836898804],5,1.703040361404419],[[758.007080078125,227.6910400390625,45.62783432006836,-0.9871156215667725,-1.342228017620073e-8,0.1600087434053421,-2.476845928356397e-8,1,-6.891531256769668e-8,-0.1600087434053421,-7.199054863349375e-8,-0.9871156215667725],5,1.7134337425231934],[[757.8080444335938,228.06741333007813,45.60898208618164,-0.9815729260444641,-4.234814454662228e-8,0.1910879909992218,-5.693147997476444e-8,1,-7.08273333316356e-8,-0.1910879909992218,-8.040111509899362e-8,-0.9815729260444641],5,1.7263367176055909],[[757.6088256835938,228.4131317138672,45.59047317504883,-0.9822337627410889,-7.441622074111365e-8,0.18766149878501893,-8.925499628276157e-8,1,-7.062212148412073e-8,-0.18766149878501893,-8.611716140194403e-8,-0.9822337627410889],5,1.737168788909912],[[757.4096069335938,228.7281951904297,45.572593688964847,-0.9825596213340759,-1.0696331997905873e-7,0.18594780564308167,-1.2177343933217345e-7,1,-6.822534004413683e-8,-0.18594780564308167,-8.96789629223349e-8,-0.9825596213340759],5,1.748847484588623],[[757.0775756835938,229.18516540527345,45.543521881103519,-0.9693011045455933,-1.1260629406706357e-7,0.2458767145872116,-1.2665995541283338e-7,1,-4.1343263035287239e-8,-0.2458767145872116,-7.121680312138779e-8,-0.9693011045455933],5,1.7705745697021485],[[756.8782348632813,229.41848754882813,45.52696990966797,-0.9844556450843811,-1.0630743929596065e-7,0.17563338577747346,-1.1110609676734384e-7,1,-1.7488588355263347e-8,-0.17563338577747346,-3.673067894283122e-8,-0.9844556450843811],5,1.784461259841919],[[756.6788330078125,229.6211395263672,45.51145935058594,-0.9850640892982483,-9.472775985841509e-8,0.17218802869319917,-9.531241573768057e-8,1,4.87212314936869e-9,-0.17218802869319917,-1.161230400725799e-8,-0.9850640892982483],5,1.7948472499847413],[[756.5458984375,229.7392120361328,45.501590728759769,-0.9904941916465759,-8.66940936816718e-8,0.13755464553833009,-8.485896785259684e-8,1,1.9205327106419646e-8,-0.13755464553833009,7.3500192598885409e-9,-0.9904941916465759],5,1.8070995807647706],[[756.3464965820313,229.89077758789063,45.48724365234375,-0.9865305423736572,-7.424839765235447e-8,0.16357718408107758,-6.870789093227359e-8,1,3.952850846644651e-8,-0.16357718408107758,2.775703933366458e-8,-0.9865305423736572],5,1.8173182010650635],[[756.1469116210938,230.0116729736328,45.47410583496094,-0.9870962500572205,-6.101930694057956e-8,0.1601279377937317,-5.227691346476604e-8,1,5.8808979019886468e-8,-0.1601279377937317,4.9679130142976649e-8,-0.9870962500572205],5,1.8281681537628174],[[755.9473266601563,230.1019287109375,45.4617919921875,-0.9876497983932495,-4.719855084545088e-8,0.15667745471000672,-3.554325544996573e-8,1,7.719208383605292e-8,-0.15667745471000672,7.066991969395531e-8,-0.9876497983932495],5,1.839777946472168],[[755.8142700195313,230.1450653076172,45.45402145385742,-0.9933638572692871,-3.457568098497177e-8,0.11501424014568329,-2.4470258708220173e-8,1,8.927425199090067e-8,-0.11501424014568329,8.586738431404228e-8,-0.9933638572692871],5,1.8638362884521485],[[755.2815551757813,230.1813507080078,45.4277229309082,-0.9544636011123657,-1.4653027236022354e-8,0.29832741618156435,2.5359723210272024e-8,1,1.3025272949107603e-7,-0.29832741618156435,1.3188699199417898e-7,-0.9544636011123657],5,1.884016990661621],[[755.1483764648438,230.1563720703125,45.42245101928711,-0.9953896403312683,2.3564100004591638e-8,0.09591393917798996,3.72766066902841e-8,1,1.4117499347321428e-7,-0.09591393917798996,1.4409947368676513e-7,-0.9953896403312683],5,1.8925347328186036],[[754.9484252929688,230.0933380126953,45.416236877441409,-0.9918667674064636,3.5407932585940219e-8,0.12728023529052735,5.584280415860121e-8,1,1.5698188349233534e-7,-0.12728023529052735,1.6281281034480345e-7,-0.9918667674064636],5,1.9028687477111817],[[754.8151245117188,230.03428649902345,45.412471771240237,-0.9958786368370056,4.412977716583555e-8,0.09069576859474182,5.6595517605728676e-8,1,1.34873886281639e-7,-0.09069576859474182,1.3945100363343955e-7,-0.9958786368370056],5,1.9149625301361085],[[754.5485229492188,229.87530517578126,45.4058723449707,-0.9881709814071655,4.106059847686083e-8,0.15335626900196076,5.5855171154917119e-8,1,9.216354612817668e-8,-0.15335626900196076,9.96390809859804e-8,-0.9881709814071655],5,1.9408254623413087],[[754.2152709960938,229.59994506835938,45.398834228515628,-0.9828387498855591,4.3929599513603537e-8,0.1844666302204132,5.2413316353749909e-8,1,4.111442208909466e-8,-0.1844666302204132,5.007735737194707e-8,-0.9828387498855591],5,1.949392318725586],[[754.0819702148438,229.46595764160157,45.39624786376953,-0.9964883923530579,4.9572474125625379e-8,0.08373093605041504,5.1522373922807677e-8,1,2.112688868294299e-8,-0.08373093605041504,2.536671672714874e-8,-0.9964883923530579],5,1.9729511737823487],[[753.6820678710938,228.98223876953126,45.38928985595703,-0.9772729873657227,5.0304581833415799e-8,0.21198463439941407,4.333804426437382e-8,1,-3.750969312932284e-8,-0.21198463439941407,-2.747020921844978e-8,-0.9772729873657227],5,1.9808812141418458],[[753.4154663085938,228.5916290283203,45.385498046875,-0.989473819732666,4.8385494721969738e-8,0.1447121798992157,3.77042326249466e-8,1,-7.655295775066407e-8,-0.1447121798992157,-7.029088777699144e-8,-0.989473819732666],5,1.9975552558898926],[[753.3488159179688,228.48545837402345,45.3846549987793,-0.9989753365516663,4.046779267241618e-8,0.04525761306285858,3.659330616301304e-8,1,-8.643811355568687e-8,-0.04525761306285858,-8.469342560601945e-8,-0.9989753365516663],5,2.0073142051696779],[[753.1488647460938,228.1465301513672,45.38223648071289,-0.9939390420913696,4.442355816536292e-8,0.10993234813213349,3.183687269370239e-8,1,-1.1625010643001588e-7,-0.10993234813213349,-1.1204561900512999e-7,-0.9939390420913696],5,2.01694917678833],[[752.8156127929688,227.5135040283203,45.378761291503909,-0.9847201704978943,4.3695379758901257e-8,0.17414423823356629,1.7975601451780677e-8,1,-1.4926961000583106e-7,-0.17414423823356629,-1.4385844337994059e-7,-0.9847201704978943],5,2.0366244316101076],[[752.6823120117188,227.2364501953125,45.3775749206543,-0.997312068939209,1.4920157553888204e-8,0.07327134907245636,4.995302393950851e-9,1,-1.3563668233018689e-7,-0.07327134907245636,-1.3490608807842364e-7,-0.997312068939209],5,2.0487334728240969],[[752.4823608398438,226.79531860351563,45.37615966796875,-0.9945027828216553,-1.6080636822124462e-9,0.10471030324697495,-1.3672069698600353e-8,1,-1.1449539272234688e-7,-0.10471030324697495,-1.1529758836559268e-7,-0.9945027828216553],5,2.05942702293396],[[752.3490600585938,226.4842071533203,45.37543487548828,-0.9974387884140015,-1.8809602764235934e-8,0.07152508944272995,-2.604844873133061e-8,1,-1.0027431329717729e-7,-0.07152508944272995,-1.0188060883820072e-7,-0.9974387884140015],5,2.0693776607513429],[[752.1491088867188,225.9919891357422,45.37443542480469,-0.9946845769882202,-3.5569055256701179e-8,0.10296893119812012,-4.384051166539393e-8,1,-7.80665274646708e-8,-0.10296893119812012,-8.216577640496325e-8,-0.9946845769882202],5,2.079193115234375],[[751.9491577148438,225.4691162109375,45.37372589111328,-0.9948633313179016,-5.5277613597581879e-8,0.10122747719287873,-6.116320605542569e-8,1,-5.5038601232126896e-8,-0.10122747719287873,-6.094728632888291e-8,-0.9948633313179016],5,2.090562343597412],[[751.8158569335938,225.10350036621095,45.373470306396487,-0.9976831078529358,-6.986505241002306e-8,0.06803218275308609,-7.270840995943218e-8,1,-3.9318170053093129e-8,-0.06803218275308609,-4.4173589230922519e-8,-0.9976831078529358],5,2.102680206298828],[[751.6159057617188,224.52952575683595,45.3731689453125,-0.9950389862060547,-8.737516310475258e-8,0.09948564320802689,-8.926235040007669e-8,1,-1.4518239943583922e-8,-0.09948564320802689,-2.3326537146317606e-8,-0.9950389862060547],5,2.1140592098236086],[[751.4190673828125,224.41883850097657,45.37316131591797,-0.9994838833808899,-1.056857925618715e-7,0.032124895602464679,-1.0559043772673249e-7,1,4.664697961231923e-9,-0.032124895602464679,1.270207716785876e-9,-0.9994838833808899],7,2.1262199878692629],[[751.22119140625,224.4130096435547,45.373497009277347,-0.9999999403953552,-1.221945353790943e-7,0.00034767709439620376,-1.2218728784318956e-7,1,2.085596761958186e-8,-0.00034767709439620376,2.0813484269410766e-8,-0.9999999403953552],7,2.1382997035980226],[[751.08837890625,224.41273498535157,45.37411117553711,-0.9999895095825195,-9.907260078989566e-8,-0.004577207379043102,-9.918203147663007e-8,1,2.368075691094873e-8,0.004577207379043102,2.413448463300938e-8,-0.9999895095825195],7,2.1488077640533449],[[750.8884887695313,224.41268920898438,45.37519454956055,-0.9999867677688599,-6.457387513592039e-8,-0.005140556488186121,-6.471764635307409e-8,1,2.780113916855953e-8,0.005140556488186121,2.813345645336085e-8,-0.9999867677688599],7,2.162086248397827],[[750.688720703125,224.34429931640626,45.376304626464847,-0.9999850988388062,-3.010989502172379e-8,-0.00545861292630434,-3.028445760833165e-8,1,3.189639841139069e-8,0.00545861292630434,3.2061233667946e-8,-0.9999850988388062],8,2.1745846271514894],[[750.3573608398438,224.14984130859376,45.378135681152347,-0.9999847412109375,2.7264709601126925e-8,-0.005519146099686623,2.705146506798428e-8,1,3.8711828409532248e-8,0.005519146099686623,3.856193586670997e-8,-0.9999847412109375],8,2.1901779174804689],[[750.2267456054688,224.04820251464845,45.37886047363281,-0.999973475933075,5.026454985568307e-8,-0.007287310436367989,4.996362434894763e-8,1,4.1476251766425779e-8,0.007287310436367989,4.111105056381348e-8,-0.999973475933075],8,2.202422857284546],[[749.96923828125,223.8040771484375,45.3806686401367