[[[776,222.69961547851563,47,1,7.461101958483596e-9,1.4156166244720767e-15,-7.461101958483596e-9,1,2.3397245252354539e-10,-1.413870995446904e-15,-2.3397245252354539e-10,1],8,0.017354965209960939],[[776,222.69961547851563,47,-0.04950344190001488,4.060240144099225e-8,-0.9987739324569702,-5.34761657178251e-9,1,4.0917296217912738e-8,0.9987739324569702,7.36660688005486e-9,-0.04950344190001488],8,0.03648948669433594],[[776,222.69961547851563,47,0.01510664913803339,7.3467965933105e-8,-0.9998859167098999,-6.309870403953255e-9,1,7.33810239239574e-8,0.9998859167098999,5.200609276556634e-9,0.01510664913803339],8,0.05280661582946777],[[776,222.69961547851563,47,0.037545569241046908,1.0592854238211658e-7,-0.9992949366569519,-9.238214637719011e-9,1,1.0565618424607237e-7,0.9992949366569519,5.264779279201548e-9,0.037545569241046908],8,0.05987882614135742],[[776,222.69961547851563,47,0.04064207896590233,1.2211137345730095e-7,-0.9991737604141235,-1.0860428112380305e-8,1,1.217705971612304e-7,0.9991737604141235,5.902444311089994e-9,0.04064207896590233],8,0.06879949569702149],[[776,222.69961547851563,47,0.040834955871105197,1.018604507407872e-7,-0.9991658926010132,-9.17747211559572e-9,1,1.0157041430147729e-7,0.9991658926010132,5.022193327874902e-9,0.040834955871105197],8,0.07593369483947754],[[776,222.69961547851563,47,0.04090060666203499,8.161693898500744e-8,-0.9991632103919983,-7.501670395981819e-9,1,8.137821083664676e-8,0.9991632103919983,4.166974321151429e-9,0.04090060666203499],8,0.08553147315979004],[[776,222.69961547851563,47,0.04092293605208397,6.138170505209928e-8,-0.9991623163223267,-5.82832182516313e-9,1,6.119445572494442e-8,0.9991623163223267,3.319182484418093e-9,0.04092293605208397],8,0.09586834907531738],[[776,222.69961547851563,47,0.04092961549758911,3.1044894654996827e-8,-0.9991620182991028,-3.3203766403033798e-9,1,3.0934916850355879e-8,0.9991620182991028,2.0514399068360946e-9,0.04092961549758911],8,0.10629129409790039],[[776,222.69961547851563,47,0.04093344509601593,7.275047786414746e-10,-0.9991618990898132,-8.141324281396578e-10,1,6.947618591546245e-10,0.9991618990898132,7.850111116702863e-10,0.04093344509601593],8,0.11876106262207031],[[776,222.69961547851563,47,0.04093421250581741,-2.9570461634875757e-8,-0.9991618394851685,1.6905100652664374e-9,1,-2.9526010081326605e-8,0.9991618394851685,-4.804691644544334e-10,0.04093421250581741],8,0.1302952766418457],[[776,222.69961547851563,47,0.04093443229794502,-3.966546913147795e-8,-0.9991618394851685,2.5250364021900397e-9,1,-3.959529593089428e-8,0.9991618394851685,-9.021089986127606e-10,0.04093443229794502],8,0.13779878616333009],[[776,222.69961547851563,47,0.03918927535414696,-6.993591483706041e-8,-0.9992318153381348,4.9748054564702219e-9,1,-6.979456657063565e-8,0.9992318153381348,-2.235785334647744e-9,0.03918927535414696],8,0.1509242057800293],[[776,222.69961547851563,47,0.03918927162885666,-1.0018859342153519e-7,-0.9992318153381348,7.423005765616608e-9,1,-9.997449268439596e-8,0.9992318153381348,-3.499376344251459e-9,0.03918927162885666],8,0.1616382598876953],[[776,222.69961547851563,47,0.03744366019964218,-8.018336217219258e-8,-0.9992987513542175,6.087113479935624e-9,1,-8.001155293868578e-8,0.9992987513542175,-3.0869193867744117e-9,0.03744366019964218],8,0.1814870834350586],[[775.8385009765625,222.69961547851563,47.00605392456055,0.03395269811153412,-5.011892056927536e-8,-0.9994234442710877,4.059682368051654e-9,1,-5.0009916208182406e-8,0.9994234442710877,-2.3593700326784985e-9,0.03395269811153412],8,0.20613694190979005],[[775.5089721679688,222.69961547851563,47.017372131347659,0.025223037227988244,-1.2566062856933513e-8,-0.999681830406189,1.8551321590010162e-9,1,-1.2523254433460807e-8,0.999681830406189,-1.5386674157014114e-9,0.025223037227988244],8,0.22554922103881837],[[775.3090209960938,222.69961547851563,47.02274703979492,0.016491692513227464,9.94680871002629e-9,-0.9998639822006226,7.29841187485647e-10,1,9.960199776060108e-9,0.9998639822006226,-8.940024831538551e-10,0.016491692513227464],8,0.23371219635009767],[[775.1090698242188,222.69961547851563,47.02639389038086,0.011251525953412056,3.2435888641657587e-8,-0.9999366998672485,-2.7696067661509007e-10,1,3.243482638026762e-8,0.9999366998672485,-8.799813655535616e-11,0.011251525953412056],8,0.24173235893249513],[[774.9757690429688,222.69961547851563,47.02809143066406,0.0025187265127897264,4.741710313282965e-8,-0.9999968409538269,-8.170016885244991e-10,1,4.7415195325584139e-8,0.9999968409538269,6.975732214087316e-10,0.0025187265127897264],8,0.25314879417419436],[[774.7758178710938,222.69961547851563,47.02895736694336,0.0007714784005656838,6.987632872323957e-8,-0.9999997019767761,-1.5873885539363642e-9,1,6.987512790601613e-8,0.9999997019767761,1.5334808978195725e-9,0.0007714784005656838],8,0.2647106647491455],[[774.5758666992188,222.69961547851563,47.029197692871097,-0.002721827244386077,9.231667519316034e-8,-0.9999963045120239,-2.278867983207533e-9,1,9.232321929175669e-8,0.9999963045120239,2.530147424906204e-9,-0.002721827244386077],8,0.2763378620147705],[[774.3092651367188,222.69961547851563,47.02861404418945,-0.006215338129550219,1.2221308054449765e-7,-0.9999806880950928,-3.0956597285580757e-9,1,1.2223468104366476e-7,0.9999806880950928,3.855329833157839e-9,-0.006215338129550219],8,0.2944810390472412],[[774.1759643554688,222.69961547851563,47.02790832519531,-0.007961352355778218,1.0122206361984354e-7,-0.9999682903289795,-2.5661435198998108e-9,1,1.0124570337666228e-7,0.9999682903289795,3.3721148096077515e-9,-0.007961352355778218],8,0.304384708404541],[[774.0426635742188,222.69961547851563,47.02692413330078,-0.007961352355778218,8.024693443076103e-8,-0.9999682903289795,-2.0368533526493595e-9,1,8.02656927589851e-8,0.9999682903289795,2.6758122384507034e-9,-0.007961352355778218],8,0.31192588806152346],[[773.8427124023438,222.69961547851563,47.02534484863281,-0.01145520992577076,4.879120041323404e-8,-0.9999343752861023,-1.3532452936004802e-9,1,4.880990545075292e-8,0.9999343752861023,1.9122841088403676e-9,-0.01145520992577076],8,0.3222980499267578],[[773.7094116210938,222.69961547851563,47.0239372253418,-0.013201255351305008,2.7835058702407879e-8,-0.9999128580093384,-9.34349375647514e-10,1,2.7849820227743295e-8,0.9999128580093384,1.3019205713504789e-9,-0.013201255351305008],8,0.3313267230987549],[[773.5761108398438,222.69961547851563,47.022254943847659,-0.018441272899508477,6.884078196378596e-9,-0.9998299479484558,-6.254359252721997e-10,1,6.896784920940036e-9,0.9998299479484558,7.525150502729616e-10,-0.018441272899508477],8,0.34203600883483889],[[773.3761596679688,222.69961547851563,47.018775939941409,-0.02018772065639496,-2.4516133123597684e-8,-0.9997962117195129,-2.1718508935730797e-10,1,-2.4516745966707277e-8,0.9997962117195129,-2.77796369241301e-10,-0.02018772065639496],8,0.3529834747314453],[[773.1762084960938,222.69961547851563,47.01481628417969,-0.021933987736701967,-5.5894371797649e-8,-0.9997594356536865,1.3596979098196017e-10,1,-5.591080665112713e-8,0.9997594356536865,-1.362283952310861e-9,-0.021933987736701967],8,0.3643226623535156],[[773.0429077148438,222.69961547851563,47.01195526123047,-0.0236801877617836,-7.679989977305013e-8,-0.9997195601463318,3.3474337191030658e-10,1,-7.682937308572946e-8,0.9997195601463318,-2.1539834360595479e-9,-0.0236801877617836],8,0.3751828670501709],[[772.8429565429688,222.69961547851563,47.007293701171878,-0.025426434352993966,-1.081412435155471e-7,-0.9996767044067383,5.779633993618916e-10,1,-1.0819091755820409e-7,0.9996767044067383,-3.3286857714642794e-9,-0.025426434352993966],8,0.3866691589355469],[[772.7096557617188,222.69961547851563,47.00396728515625,-0.025426434352993966,-9.404115530742274e-8,-0.9996767044067383,5.320218154913903e-10,1,-9.408509527020215e-8,0.9996767044067383,-2.9240982968303799e-9,-0.025426434352993966],8,0.39582276344299319],[[772.4430541992188,222.69961547851563,46.997196197509769,-0.027172483503818513,-6.585379708212713e-8,-0.9996307492256165,4.894420979617564e-10,1,-6.589142742541299e-8,0.9996307492256165,-2.279695099360879e-9,-0.027172483503818513],8,0.41150498390197756],[[772.1764526367188,222.69961547851563,46.990020751953128,-0.027172841131687166,-3.7695770060963699e-8,-0.9996307492256165,4.4690892653242999e-10,1,-3.772184342665241e-8,0.9996307492256165,-1.4717536078734384e-9,-0.027172841131687166],8,0.42847180366516116],[[771.9765014648438,222.69961547851563,46.98458480834961,-0.027172841131687166,-1.659303983103655e-8,-0.9996307492256165,4.150329246943585e-10,1,-1.661044990441951e-8,0.9996307492256165,-8.662328077058135e-10,-0.027172841131687166],8,0.44129490852355959],[[771.7765502929688,222.69961547851563,46.979148864746097,-0.027172841131687166,4.496166106093824e-9,-0.9996307492256165,3.831773232043645e-10,1,4.48741088732163e-9,0.9996307492256165,-2.611001137520219e-10,-0.027172841131687166],8,0.45421266555786135],[[771.6432495117188,222.69961547851563,46.97552490234375,-0.027172841131687166,1.8548126590189896e-8,-0.9996307492256165,3.6195157981921968e-10,1,1.8545138757986025e-8,0.9996307492256165,1.4210620180588052e-10,-0.027172841131687166],8,0.46258020401000979],[[771.4432983398438,222.69961547851563,46.970088958740237,-0.027172841131687166,3.961481098713193e-8,-0.9996307492256165,3.301300066649304e-10,1,3.962047046002226e-8,0.9996307492256165,7.4659262105925e-10,-0.027172841131687166],8,0.47243309020996096],[[771.3099975585938,222.69961547851563,46.96646499633789,-0.027172841131687166,5.365176747318401e-8,-0.9996307492256165,3.089269673406392e-10,1,5.3663185894947676e-8,0.9996307492256165,1.149368378250415e-9,-0.027172841131687166],8,0.48291659355163576],[[771.1766967773438,222.69961547851563,46.96284103393555,-0.027172841131687166,6.768271987311891e-8,-0.9996307492256165,2.87732948578423e-10,1,6.769990079646959e-8,0.9996307492256165,1.5519719953616118e-9,-0.027172841131687166],8,0.49166297912597659],[[770.9767456054688,223.3587188720703,46.95740509033203,-0.027172841131687166,8.871791123965522e-8,-0.9996307492256165,2.559588097028609e-10,1,8.874371815181803e-8,0.9996307492256165,2.1555548457286024e-9,-0.027172841131687166],3,0.5062332153320313],[[770.7101440429688,224.19436645507813,46.950157165527347,-0.11894521117210388,1.1669973787320487e-7,-0.9929008483886719,1.0144433737480086e-8,1,1.1631887275598274e-7,0.9929008483886719,3.7631560090289899e-9,-0.11894521117210388],5,0.529430627822876],[[770.3768920898438,225.1622772216797,46.941097259521487,-0.18932922184467317,1.5275821851901129e-7,-0.981913685798645,3.025375150400578e-8,1,1.4973852557886858e-7,0.981913685798645,-1.3566925360919413e-9,-0.18932922184467317],5,0.541243314743042],[[770.1769409179688,225.70216369628907,46.93537902832031,-0.12822623550891877,1.5667765751459229e-7,-0.9917449355125427,3.965591943710933e-8,1,1.5285455390312564e-7,0.9917449355125427,-1.9728593869672296e-8,-0.12822623550891877],5,0.56020188331604],[[769.9103393554688,226.3743133544922,46.92767333984375,-0.1631384789943695,1.1685408196626668e-7,-0.9866032004356384,4.45728964848513e-8,1,1.1107051989256434e-7,0.9866032004356384,-2.5855884544512265e-8,-0.1631384789943695],5,0.5672953128814697],[[769.7770385742188,226.68994140625,46.92364501953125,-0.09714323282241821,9.490369734521664e-8,-0.9952704310417175,4.722118163158484e-8,1,9.074567230982211e-8,0.9952704310417175,-3.8182516703955119e-8,-0.09714323282241821],5,0.5767672061920166],[[769.7103881835938,226.8426513671875,46.921607971191409,-0.06394106149673462,8.362993497712523e-8,-0.9979536533355713,4.8595698132203327e-8,1,8.068778356573603e-8,0.9979536533355713,-4.3336992661124898e-8,-0.06394106149673462],5,0.5831103324890137],[[769.5104370117188,227.28033447265626,46.91547775268555,-0.13024598360061646,5.690746718300943e-8,-0.9914817214012146,5.1259981148632508e-8,1,5.066262076525163e-8,0.9914817214012146,-4.422473054432885e-8,-0.13024598360061646],5,0.5946145057678223],[[769.3771362304688,227.5550994873047,46.9113883972168,-0.09714844077825546,3.582200847063177e-8,-0.9952698945999146,5.298760896721433e-8,1,3.082012867139383e-8,0.9952698945999146,-4.9742844510092257e-8,-0.09714844077825546],5,0.6061816215515137],[[769.1771850585938,227.94168090820313,46.90525436401367,-0.13024719059467317,8.18303380611951e-9,-0.9914815425872803,5.4524363690688918e-8,1,1.090679546678075e-9,0.9914815425872803,-5.3917840858730418e-8,-0.13024719059467317],5,0.6153085231781006],[[769.0438842773438,228.18238830566407,46.90116500854492,-0.09714867174625397,-1.3274476629021592e-8,-0.9952698945999146,5.550717929736493e-8,1,-1.8755642372525473e-8,0.9952698945999146,-5.7066710468234308e-8,-0.09714867174625397],5,0.6244683265686035],[[768.9105834960938,228.40945434570313,46.89707565307617,-0.09714864194393158,-3.307580698219681e-8,-0.9952698945999146,5.6191961306240049e-8,1,-3.871791776077771e-8,0.9952698945999146,-5.968755800722647e-8,-0.09714864194393158],5,0.6336190700531006],[[768.7106323242188,228.72451782226563,46.89094161987305,-0.13024722039699555,-6.109664241193968e-8,-0.9914815425872803,5.61502240259415e-8,1,-6.899780657931842e-8,0.9914815425872803,-6.465868551686072e-8,-0.13024722039699555],5,0.6440694332122803],[[768.5773315429688,228.9175262451172,46.8868522644043,-0.0971485897898674,-8.362315639942608e-8,-0.9952698945999146,5.608186270933402e-8,1,-8.94947547180891e-8,0.9952698945999146,-6.45108784169679e-8,-0.0971485897898674],5,0.6552987098693848],[[768.3773803710938,229.18148803710938,46.88071823120117,-0.1302472949028015,-1.1267108135371018e-7,-0.9914815425872803,5.4867879129005817e-8,1,-1.2084690581559699e-7,0.9914815425872803,-7.014047298525839e-8,-0.1302472949028015],5,0.6671710014343262],[[768.1774291992188,229.41481018066407,46.87458419799805,-0.13024728000164033,-1.449142246201518e-7,-0.9914815425872803,5.292170612847258e-8,1,-1.531114008912482e-7,0.9914815425872803,-7.241323629614272e-8,-0.13024728000164033],5,0.6764764785766602],[[768.0441284179688,229.55331420898438,46.8704948425293,-0.09714864939451218,-1.3570647183769325e-7,-0.9952698945999146,3.979145546395557e-8,1,-1.4023548544628285e-7,0.9952698945999146,-5.322692331333201e-8,-0.09714864939451218],5,0.6867637634277344],[[767.8441772460938,229.73553466796876,46.86436080932617,-0.005443898029625416,-1.1637011709808576e-7,-0.9999851584434509,3.671022952289604e-8,1,-1.1657169096679354e-7,0.9999851584434509,-3.7344292991292608e-8,-0.005443898029625416],5,0.6985189914703369],[[767.6442260742188,229.88710021972657,46.85822677612305,0.05443666875362396,-9.2951843555511e-8,-0.9985172152519226,3.9623394343379917e-8,1,-9.092970287838398e-8,0.9985172152519226,-3.4614732413729146e-8,0.05443666875362396],5,0.7118234634399414],[[767.4442749023438,230.00799560546876,46.85209274291992,-0.05879896879196167,-6.795757911959299e-8,-0.9982698559761047,3.360827349752071e-8,1,-7.005491653444551e-8,0.9982698559761047,-3.766928102777456e-8,-0.05879896879196167],5,0.7245969772338867],[[767.1776733398438,230.12152099609376,46.84391403198242,0.037606872618198398,-4.0306833426484448e-8,-0.9992926120758057,3.0917920668116497e-8,1,-3.917181601309494e-8,0.9992926120758057,-2.942291921215201e-8,0.037606872618198398],5,0.7380869388580322],[[766.9777221679688,230.1708984375,46.83806228637695,0.06747424602508545,-1.6999953444951644e-8,-0.9977210164070129,2.988643643675459e-8,1,-1.501761381916822e-8,0.9977210164070129,-2.880502236735083e-8,0.06747424602508545],5,0.7534964084625244],[[766.7777709960938,230.1896209716797,46.83283996582031,-0.052018068730831149,6.955928721907867e-9,-0.9986461400985718,2.840295643125046e-8,1,5.485888632250635e-9,0.9986461400985718,-2.807913723756883e-8,-0.052018068730831149],5,0.779653787612915],[[766.3112182617188,230.11407470703126,46.82096862792969,0.13922512531280518,5.5453909908464996e-8,-0.9902607798576355,1.6786893652920299e-8,1,5.835944705268048e-8,0.9902607798576355,-2.474850191447331e-8,0.13922512531280518],5,0.7959756851196289],[[766.1779174804688,230.0618438720703,46.81809616088867,-0.026442987844347955,7.331452422931761e-8,-0.9996502995491028,1.774243330032732e-8,1,7.287084002882693e-8,0.9996502995491028,-1.580930586442264e-8,-0.026442987844347955],5,0.803281307220459],[[766.0446166992188,229.9959716796875,46.81537628173828,-0.06624390184879303,8.783823091107479e-8,-0.9978034496307373,2.1951892748006686e-8,1,8.657421801672172e-8,0.9978034496307373,-1.6168659300319633e-8,-0.06624390184879303],5,0.8112683296203613],[[765.8446655273438,229.8716278076172,46.811336517333987,0.0152623001486063,1.091955539322953e-7,-0.9998835325241089,1.8363905951446214e-8,1,1.0948858175652276e-7,0.9998835325241089,-2.003281451834482e-8,0.0152623001486063],5,0.8234426975250244],[[765.7113647460938,229.77169799804688,46.808815002441409,0.039114683866500857,1.2474306743115449e-7,-0.9992347359657288,1.2011669880962473e-8,1,1.2530880155736669e-7,0.9992347359657288,-1.6903891619790558e-8,0.039114683866500857],5,0.8333775997161865],[[765.5780639648438,229.6581573486328,46.8065185546875,0.04624395817518234,1.408469074704044e-7,-0.9989301562309265,4.46558168221145e-9,1,1.412044667858936e-7,0.9989301562309265,-1.0990658161347256e-8,0.04624395817518234],5,0.8405301570892334],[[765.3781127929688,229.4622802734375,46.80316925048828,0.08338387310504914,1.6505755695561675e-7,-0.9965174794197083,-8.402136764118496e-9,1,1.649313219331816e-7,0.9965174794197083,-5.379736212063335e-9,0.08338387310504914],5,0.8523766994476318],[[765.2448120117188,229.31466674804688,46.80111312866211,-0.020316701382398607,1.460351342075228e-7,-0.9997935891151428,-4.532629382936193e-9,1,1.4615739019063768e-7,0.9997935891151428,7.501129495324222e-9,-0.020316701382398607],5,0.8604230880737305],[[765.1115112304688,229.15342712402345,46.799110412597659,-0.060713086277246478,1.273660501510676e-7,-0.9981552362442017,4.76964379103606e-9,1,1.2731132414955938e-7,0.9981552362442017,2.9686182401178486e-9,-0.060713086277246478],5,0.870582103729248],[[764.9115600585938,228.88601684570313,46.79612350463867,-0.10609345883131027,9.987466853544902e-8,-0.9943561553955078,2.0420840129986574e-8,1,9.826273128510366e-8,0.9943561553955078,-9.880555928987178e-9,-0.10609345883131027],5,0.8808910846710205],[[764.7782592773438,228.6907196044922,46.794132232666019,-0.08009154349565506,8.091453196357179e-8,-0.9967874884605408,3.115522773100565e-8,1,7.86719951406667e-8,0.9967874884605408,-2.475418092728887e-8,-0.08009154349565506],5,0.890352725982666],[[764.6449584960938,228.48178100585938,46.79214096069336,-0.08101537078619003,6.191786638964914e-8,-0.996712863445282,4.163140943092003e-8,1,5.8738162778126937e-8,0.996712863445282,-3.673586590480227e-8,-0.08101537078619003],5,0.9006953239440918],[[764.4450073242188,228.14285278320313,46.789154052734378,-0.11444956809282303,3.4125406500606917e-8,-0.9934290647506714,5.625594923230892e-8,1,2.7870070695712458e-8,0.9934290647506714,-5.269657776807435e-8,-0.11444956809282303],5,0.9107456207275391],[[764.3117065429688,227.8998565673828,46.78716278076172,-0.08145926147699356,1.2244621316881421e-8,-0.9966766834259033,6.596403778758031e-8,1,6.894151027836415e-9,0.9966766834259033,-6.518322237525354e-8,-0.08145926147699356],5,0.9215519428253174],[[764.1117553710938,227.50982666015626,46.784175872802737,-0.11463231593370438,-1.6522879064950758e-8,-0.9934079647064209,7.939186730254733e-8,1,-2.579378488576367e-8,0.9934079647064209,-8.18253198531238e-8,-0.11463231593370438],5,0.9354820251464844],[[763.7785034179688,226.79164123535157,46.779197692871097,-0.18053221702575684,-6.486787640369585e-8,-0.9835690855979919,9.823415325627139e-8,1,-8.398220785466038e-8,0.9835690855979919,-1.1178156711366683e-7,-0.18053221702575684],5,0.9519329071044922],[[763.5119018554688,226.15579223632813,46.77521514892578,-0.1476721167564392,-9.159463587593564e-8,-0.9890363812446594,8.931703376902078e-8,1,-1.0594582278145026e-7,0.9890363812446594,-1.0398303373904128e-7,-0.1476721167564392],5,0.9682726860046387],[[763.3119506835938,225.6431427001953,46.7722282409668,-0.11464548856019974,-9.484633523015873e-8,-0.9934064745903015,6.376752992309776e-8,1,-1.0283504536801047e-7,0.9934064745903015,-7.513664712632817e-8,-0.11464548856019974],5,0.9834892749786377],[[763.1119995117188,225.09982299804688,46.76924133300781,-0.11464548856019974,-9.332963202268729e-8,-0.9934064745903015,3.85065952457353e-8,1,-9.839299508485056e-8,0.9934064745903015,-4.953301058208126e-8,-0.11464548856019974],5,0.9962966442108154],[[762.8453979492188,224.3277130126953,46.7652587890625,-0.14767232537269593,-8.804480700064232e-8,-0.9890363216400147,5.375017764208678e-9,1,-8.982334520624136e-8,0.9890363216400147,-1.858050957537216e-8,-0.14767232537269593],5,1.010288953781128],[[762.7120971679688,223.92123413085938,46.763267517089847,-0.006334312725812197,-8.579925037111025e-8,-0.9999799132347107,-4.995357016923663e-9,1,-8.576932941650739e-8,0.9999799132347107,4.451967239305077e-9,-0.006334312725812197],5,1.0184764862060547],[[762.5787963867188,223.50111389160157,46.761619567871097,0.03425484523177147,-8.184040467540399e-8,-0.9994131326675415,-1.1971653890441303e-8,1,-8.229879000509755e-8,0.9994131326675415,1.4783759993974855e-8,0.03425484523177147],5,1.026989221572876],[[762.3788452148438,222.84539794921876,46.75931167602539,0.020758680999279023,-7.661463286012804e-8,-0.999784529209137,-2.5735296560469579e-8,1,-7.716549532688077e-8,0.999784529209137,2.733160364698506e-8,0.020758680999279023],7,1.040647029876709],[[762.2455444335938,222.5020751953125,46.75812911987305,-0.003273713868111372,-7.352464592713659e-8,-0.9999946355819702,-3.6001964076604057e-8,1,-7.340717900206073e-8,0.9999946355819702,3.5761456018690299e-8,-0.003273713868111372],7,1.0495507717132569],[[762.1122436523438,222.4325408935547,46.75705337524414,-0.006367631256580353,-6.984739542303942e-8,-0.9999797344207764,-4.648929063932883e-8,1,-6.955277598308385e-8,0.9999797344207764,4.6045464330291e-8,-0.006367631256580353],7,1.058884859085083],[[761.9122924804688,222.4760284423828,46.75545883178711,-0.007303227204829454,-6.41557988956265e-8,-0.9999733567237854,-6.233153726498131e-8,1,-6.370227367824555e-8,0.9999733567237854,6.18646467387407e-8,-0.007303227204829454],7,1.0698587894439698],[[761.7123413085938,222.54428100585938,46.753868103027347,-0.007831168361008168,-5.843470773925219e-8,-0.9999693632125855,-7.819657810159697e-8,1,-5.7824109944704108e-8,0.9999693632125855,7.774134758165019e-8,-0.007831168361008168],8,1.0818681716918946],[[761.5790405273438,222.58197021484376,46.7528076171875,-0.006194494664669037,-5.4469804666723579e-8,-0.9999808073043823,-8.877815815822032e-8,1,-5.392090329792154e-8,0.9999808073043823,8.844244092642839e-8,-0.006194494664669037],8,1.0917868614196778],[[761.3790893554688,222.62368774414063,46.75149917602539,-0.0062070307321846489,-4.871587933052979e-8,-0.9999807476997376,-1.0464329136539163e-7,1,-4.8067278157759577e-8,0.9999807476997376,1.0434291652927641e-7,-0.0062070307321846489],8,1.1028110980987549],[[761.2457885742188,222.64329528808595,46.750667572021487,-0.006214415654540062,-4.488163085625274e-8,-0.9999806880950928,-1.1521460407948325e-7,1,-4.416649090899227e-8,0.9999806880950928,1.1493791163275091e-7,-0.006214415654540062],8,1.113241195678711],[[761.0458374023438,222.66378784179688,46.749420166015628,-0.004467907827347517,-3.0135609563330948e-8,-0.9999900460243225,-9.738212725096673e-8,1,-2.9700810699750947e-8,0.9999900460243225,9.724845284608819e-8,-0.004467907827347517],8,1.124959945678711],[[760.8458862304688,222.6768798828125,46.74845886230469,-0.004468385595828295,-1.1203317384911316e-8,-0.9999900460243225,-6.272085784075898e-8,1,-1.0923165483234243e-8,0.9999900460243225,6.26714182772048e-8,-0.004468385595828295],8,1.1353652477264405],[[760.7125854492188,222.68284606933595,46.747859954833987,-0.004468485713005066,1.4115023594385435e-9,-0.9999900460243225,-3.962567873827538e-8,1,1.5885850412900027e-9,0.9999900460243225,3.96323791562736e-8,-0.004468485713005066],8,1.14493727684021],[[760.5792846679688,222.68724060058595,46.74726486206055,-0.004468479193747044,1.4020941740966464e-8,-0.9999900460243225,-1.6540361968964136e-8,1,1.4094992728530542e-8,0.9999900460243225,1.6603181052232686e-8,-0.004468479193747044],8,1.1555845737457276],[[760.4459838867188,222.6905059814453,46.74666976928711,-0.004468476865440607,2.662499554162423e-8,-0.9999900460243225,6.535093799442393e-9,1,2.65960586887104e-8,0.9999900460243225,-6.41618491670215e-9,-0.004468476865440607],8,1.1648247241973878],[[760.2460327148438,222.69386291503907,46.74577713012695,-0.004468475468456745,4.552098431531704e-8,-0.9999900460243225,4.112980178661019e-8,1,4.5337650078636219e-8,0.9999900460243225,-4.0926803279717208e-8,-0.004468475468456745],8,1.1754295825958253],[[760.1127319335938,222.6953887939453,46.745182037353519,-0.004468475468456745,5.8111584877451608e-8,-0.9999900460243225,6.418063236424132e-8,1,5.782537115806008e-8,0.9999900460243225,-6.392159690449262e-8,-0.004468475468456745],8,1.1851637363433838],[[759.9127807617188,222.69696044921876,46.74428939819336,-0.004468475468456745,5.60912667424418e-8,-0.9999900460243225,7.074008578911162e-8,1,5.57757218189181e-8,0.9999900460243225,-7.049014527638065e-8,-0.004468475468456745],8,1.1960361003875733],[[759.7128295898438,222.69793701171876,46.7433967590332,-0.004468475468456745,4.3627519374922488e-8,-0.9999900460243225,6.330065360771187e-8,1,4.334509640102624e-8,0.9999900460243225,-6.310633438033619e-8,-0.004468475468456745],8,1.2064034938812256],[[759.5128784179688,222.69857788085938,46.74250411987305,-0.004468475468456745,3.117175850775311e-8,-0.9999900460243225,5.586599272078274e-8,1,3.092242906177489e-8,0.9999900460243225,-5.572725925162558e-8,-0.004468475468456745],8,1.2191672325134278],[[759.3795776367188,222.69886779785157,46.74190902709961,-0.0027212360873818399,2.2774930386049165e-8,-0.9999963045120239,5.092666910400112e-8,1,2.2636431395994806e-8,0.9999963045120239,-5.086488030769942e-8,-0.0027212360873818399],8,1.2287566661834717],[[759.1796264648438,222.6991424560547,46.74129867553711,-0.0009745847200974822,1.0243589088076988e-8,-0.9999995231628418,4.3543348482444347e-8,1,1.0201157252254234e-8,0.9999995231628418,-4.353338667328899e-8,-0.0009745847200974822],8,1.2398803234100342],[[759.0463256835938,222.69927978515626,46.74110412597656,-0.0009745847200974822,1.9530441708326409e-9,-0.9999995231628418,3.862376374286214e-8,1,1.9154029473611446e-9,0.9999995231628418,-3.8621877251898698e-8,-0.0009745847200974822],8,1.2482147216796876],[[758.9130249023438,222.6993865966797,46.740962982177737,-0.0009745847200974822,-6.333957802695522e-9,-0.9999995231628418,3.3706278657064107e-8,1,-6.36681063426181e-9,0.9999995231628418,-3.3712467484292577e-8,-0.0009745847200974822],8,1.258514404296875],[[758.7130737304688,222.69949340820313,46.74076843261719,-0.0009745847200974822,-1.8757821962367417e-8,-0.9999995231628418,2.6333989211480003e-8,1,-1.8783495647767269e-8,0.9999995231628418,-2.6352282134212147e-8,-0.0009745847200974822],8,1.2698841094970704],[[758.5797729492188,222.6995391845703,46.740638732910159,-0.0009745847200974822,-2.7035973459987873e-8,-0.9999995231628418,2.1421753260142397e-8,1,-2.705686341641922e-8,0.9999995231628418,-2.1448112619282257e-8,-0.0009745847200974822],8,1.2800202369689942],[[758.2465209960938,222.69961547851563,46.74031448364258,-0.0009745847200974822,-4.7715882800503098e-8,-0.9999995231628418,9.15034270576598e-9,1,-4.772482142811896e-8,0.9999995231628418,-9.196849504178317e-9,-0.0009745847200974822],8,1.3001744747161866],[[758.0465698242188,222.69961547851563,46.74011993408203,0.0007727848133072257,-6.012921716092024e-8,-0.9999997019767761,1.81544679289658e-9,1,-6.01278316025855e-8,0.9999997019767761,-1.7689804066023385e-9,0.0007727848133072257],8,1.3094666004180909],[[757.9132690429688,222.69961547851563,46.74016189575195,0.0025193174369633199,-6.83926941746904e-8,-0.9999968409538269,-3.057429642794318e-9,1,-6.840061672619413e-8,0.9999968409538269,3.2297426955096854e-9,0.0025193174369633199],8,1.3206028938293458],[[757.7133178710938,222.69961547851563,46.7405891418457,0.004266676958650351,-8.077105206893975e-8,-0.9999908804893494,-1.0341157263837886e-8,1,-8.081590863184829e-8,0.9999908804893494,1.0685878848448738e-8,0.004266676958650351],8,1.330775260925293],[[757.5800170898438,222.69961547851563,46.741092681884769,0.007759920787066221,-8.898488346176237e-8,-0.9999698996543884,-1.5165454669840984e-8,1,-8.910524940120013e-8,0.9999698996543884,1.5856446822226645e-8,0.007759920787066221],8,1.341099500656128],[[757.4467163085938,222.69961547851563,46.74199676513672,0.007759920787066221,-9.723301985786748e-8,-0.9999698996543884,-1.9987689725553538e-8,1,-9.739105166772788e-8,0.9999698996543884,2.0742835005194139e-8,0.007759920787066221],8,1.3507823944091797],[[757.2467651367188,222.69961547851563,46.743526458740237,0.009506509639322758,-1.0956222240565694e-7,-0.9999548196792603,-2.719547254059762e-8,1,-1.0982572007378622e-7,0.9999548196792603,2.823830236309277e-8,0.009506509639322758],8,1.3621575832366944],[[757.0468139648438,222.69961547851563,46.745361328125,0.009506509639322758,-1.219198964008683e-7,-0.9999548196792603,-3.43986386042161e-8,1,-1.2225243040120405e-7,0.9999548196792603,3.555927818865712e-8,0.009506509639322758],8,1.3727355003356934],[[756.8468627929688,222.69961547851563,46.74726104736328,0.009506509639322758,-8.468234113934159e-8,-0.9999548196792603,-2.605866100680032e-8,1,-8.49339016895101e-8,0.9999548196792603,2.686490851999679e-8,0.009506509639322758],8,1.3848176002502442],[[756.7135620117188,222.69961547851563,46.74852752685547,0.009506509639322758,-5.987055118339413e-8,-0.9999548196792603,-2.050164482625405e-8,1,-6.006816732906373e-8,0.9999548196792603,2.1071757672075365e-8,0.009506509639322758],8,1.3949708938598633],[[756.5802612304688,222.69961547851563,46.749794006347659,0.009506509639322758,-3.506936252506421e-8,-0.9999548196792603,-1.494700185844522e-8,1,-3.5213044924375939e-8,0.9999548196792603,1.5281079512874386e-8,0.009506509639322758],8,1.40529465675354],[[756.3136596679688,222.69961547851563,46.75232696533203,0.009506509639322758,1.4501249090415058e-8,-0.9999548196792603,-3.844836005129082e-9,1,1.4465351583226039e-8,0.9999548196792603,3.7071470337934899e-9,0.009506509639322758],8,1.4184527397155762],[[756.1137084960938,222.69961547851563,46.75422668457031,0.009506509639322758,5.16514262471901e-8,-0.9999548196792603,4.47556436355967e-9,1,5.169630767909439e-8,0.9999548196792603,-4.96681362704976e-9,0.009506509639322758],8,1.4305205345153809],[[755.9804077148438,222.69961547851563,46.7554931640625,0.009506509639322758,7.640498722594202e-8,-0.9999548196792603,1.0019536311745015e-8,1,7.650369582279382e-8,0.9999548196792603,-1.0746366463365576e-8,0.009506509639322758],8,1.4404468536376954],[[755.8471069335938,222.69961547851563,46.75675964355469,0.009506509639322758,1.0114797532878583e-7,-0.9999548196792603,1.5561139932174229e-8,1,1.0130048622158938e-7,0.9999548196792603,-1.6523451051853045e-8,0.009506509639322758],8,1.4507365226745606],[[755.6471557617188,222.69961547851563,46.75865936279297,0.009506509639322758,8.59142375020383e-8,-0.9999548196792603,1.4734591324838675e-8,1,8.605820056573066e-8,0.9999548196792603,-1.555203787972914e-8,0.009506509639322758],8,1.4615821838378907],[[755.4472045898438,222.69961547851563,46.76055908203125,0.009506509639322758,7.069025542705276e-8,-0.9999548196792603,1.3908572071841263e-8,1,7.082567776706128e-8,0.9999548196792603,-1.4581249097034288e-8,0.009506509639322758],8,1.4737555980682374],[[755.2472534179688,222.69961547851563,46.76245880126953,0.009506509639322758,5.547601844568817e-8,-0.9999548196792603,1.3083083061360412e-8,1,5.560290716744021e-8,0.9999548196792603,-1.3611081151054805e-8,0.009506509639322758],8,1.4874846935272217],[[755.0473022460938,222.69961547851563,46.76435852050781,0.009506509639322758,4.0271530110658207e-8,-0.9999548196792603,1.2258121628860863e-8,1,4.0389885214153767e-8,0.9999548196792603,-1.2641534929969112e-8,0.009506509639322758],8,1.4965600967407227],[[754.9140014648438,222.69961547851563,46.765625,0.009506509639322758,3.0140611784190699e-8,-0.9999548196792603,1.170844221576317e-8,1,3.0253286098513857e-8,0.9999548196792603,-1.1995515691864967e-8,0.009506509639322758],8,1.5087559223175049],[[754.7140502929688,222.69961547851563,46.76752471923828,0.009506509639322758,1.4952350468888654e-8,-0.9999548196792603,1.0884361856255964e-8,1,1.5056503599453209e-8,0.9999548196792603,-1.1027004198638224e-8,0.009506509639322758],8,1.520362377166748],[[754.4474487304688,222.69961547851563,46.770057678222659,0.009506509639322758,-5.283530057909047e-9,-0.9999548196792603,9.786409016498965e-9,1,-5.190730067994309e-9,0.9999548196792603,-9.736621287004255e-9,0.009506509639322758],8,1.5346195697784424],[[754.2474975585938,222.69961547851563,46.77195739746094,0.009506509639322758,-2.0449098414587753e-8,-0.9999548196792603,8.963560560459883e-9,1,-2.036480672984453e-8,0.9999548196792603,-8.769557524601624e-9,0.009506509639322758],8,1.5472898483276368],[[754.0475463867188,222.69961547851563,46.77385711669922,0.009506509639322758,-3.5604951875711779e-8,-0.9999548196792603,8.141238794223682e-9,1,-3.5529161834801928e-8,0.9999548196792603,-7.803112822557523e-9,0.009506509639322758],8,1.5613186359405518],[[753.7809448242188,222.69961547851563,46.776390075683597,0.009506509639322758,-5.5797652720457339e-8,-0.9999548196792603,7.045629413227061e-9,1,-5.573319228346918e-8,0.9999548196792603,-6.515483264024624e-9,0.009506509639322758],8,1.5753793716430665],[[753.7142944335938,222.69961547851563,46.77702331542969,0.009506509639322758,-6.08431349746752e-8,-0.9999548196792603,6.771873728439459e-9,1,-6.078150249777537e-8,0.9999548196792603,-6.193747736915611e-9,0.009506509639322758],8,1.582484245300293],[[753.5809936523438,222.69961547851563,46.778289794921878,0.009506509639322758,-7.093085940823585e-8,-0.9999548196792603,6.224536885923726e-9,1,-7.087488995694003e-8,0.9999548196792603,-5.550483184180166e-9,0.009506509639322758],8,1.5914978981018067],[[753.3810424804688,222.69961547851563,46.780189514160159,0.009506509639322758,-8.605437074038491e-8,-0.9999548196792603,5.403970604334063e-9,1,-8.600688516935407e-8,0.9999548196792603,-4.586101276515819e-9,0.009506509639322758],8,1.6023876667022706],[[753.2477416992188,222.69961547851563,46.781455993652347,0.009506509639322758,-9.613133755692616e-8,-0.9999548196792603,4.857218627307702e-9,1,-9.60895008006446e-8,0.9999548196792603,-3.943523285698802e-9,0.009506509639322758],8,1.6105091571807862],[[753.1144409179688,222.69961547851563,46.78272247314453,0.009506509639322758,-1.0620399137906134e-7,-0.9999548196792603,4.310700241205723e-9,1,-1.0616781054295643e-7,0.9999548196792603,-3.3012199640580777e-9,0.009506509639322758],8,1.6206915378570557],[[752.9811401367188,222.69961547851563,46.78398895263672,0.009506509639322758,-1.1627234641764517e-7,-0.9999548196792603,3.7644150019389148e-9,1,-1.1624181439628956e-7,0.9999548196792603,-2.65919108954904e-9,0.009506509639322758],8,1.628187894821167],[[752.8478393554688,222.69961547851563,46.785255432128909,0.009506509639322758,-1.2633640267267766e-7,-0.9999548196792603,3.2183633535964874e-9,1,-1.2631150525521662e-7,0.9999548196792603,-2.017436440127085e-9,0.009506509639322758],8,1.6379551887512208],[[752.6478881835938,222.69961547851563,46.78715515136719,0.009506509639322758,-8.908608606361668e-8,-0.9999548196792603,1.5677850129236504e-9,1,-8.907520765433219e-8,0.9999548196792603,-7.209198793489691e-10,0.009506509639322758],8,1.6484057903289796],[[752.5145874023438,222.69961547851563,46.788421630859378,0.009506509639322758,-6.426579801654953e-8,-0.9999548196792603,4.67986982499724e-10,1,-6.426425613881293e-8,0.9999548196792603,1.4296293315840814e-10,0.009506509639322758],8,1.6583268642425538],[[752.3146362304688,222.69961547851563,46.790321350097659,0.009506509639322758,-2.7055248708052205e-8,-0.9999548196792603,-1.1808292121884279e-9,1,-2.706769741678272e-8,0.9999548196792603,1.4380951984804824e-9,0.009506509639322758],8,1.6694114208221436],[[752.1146850585938,222.69961547851563,46.79222106933594,0.009506509639322758,1.0131466332552464e-8,-0.9999548196792603,-2.8285891406909515e-9,1,1.0105032366425349e-8,0.9999548196792603,2.7323976414805885e-9,0.009506509639322758],8,1.679997205734253],[[751.9813842773438,223.13787841796876,46.793487548828128,0.009506509639322758,3.4909373169966787e-8,-0.9999548196792603,-3.926508895801817e-9,1,3.4873622212217018e-8,0.9999548196792603,3.5948053422885097e-9,0.009506509639322758],3,1.6941981315612794],[[751.739501953125,223.97352600097657,46.7957878112793,0.009506509639322758,8.443345222985954e-8,-0.9999548196792603,-6.120941975495953e-9,1,8.437907439429182e-8,0.9999548196792603,5.318514961771825e-9,0.009506509639322758],5,1.7195472717285157],[[751.4930419921875,224.94143676757813,46.79813003540039,0.009506509639322758,1.4627907773956395e-7,-0.9999548196792603,-8.861348099742372e-9,1,1.462014438402548e-7,0.9999548196792603,7.471082419385766e-9,0.009506509639322758],5,1.735990047454834],[[751.3406372070313,225.6544647216797,46.79957962036133,0.009506509639322758,1.2433315532689449e-7,-0.9999548196792603,-7.062908036203908e-9,1,1.2427162232597767e-7,0.9999548196792603,5.881199527379977e-9,0.009506509639322758],5,1.7436447143554688],[[751.3087158203125,225.82420349121095,46.79988479614258,0.009506509639322758,1.1884959860708477e-7,-0.9999548196792603,-6.613538161559518e-9,1,1.1879209438347971e-7,0.9999548196792603,5.4839413010654429e-9,0.009506509639322758],5,1.750382423400879],[[751.2523803710938,226.15347290039063,46.800418853759769,0.009506509639322758,1.0788600235400736e-7,-0.9999548196792603,-5.715086626167931e-9,1,1.0783654857959846e-7,0.9999548196792603,4.689679311553618e-9,0.009506509639322758],5,1.7579383850097657],[[751.1864624023438,226.62181091308595,46.801048278808597,0.009506509639322758,9.144939383531892e-8,-0.9999548196792603,-4.368128969645113e-9,1,9.141199797113586e-8,0.9999548196792603,3.4989224850789926e-9,0.009506509639322758],5,1.769040822982788],[[751.1549072265625,226.91700744628907,46.80134582519531,0.009506509639322758,8.049750732652683e-8,-0.9999548196792603,-3.4706364449021977e-9,1,8.046814770068522e-8,0.9999548196792603,2.705508483913377e-9,0.009506509639322758],5,1.7760980129241944],[[751.13330078125,227.19857788085938,46.801551818847659,0.009506509639322758,6.955029618893605e-8,-0.9999548196792603,-2.5735276132365927e-9,1,6.952897280143589e-8,0.9999548196792603,1.912433544859482e-9,0.009506509639322758],5,1.7854523658752442],[[751.1227416992188,227.8428955078125,46.80165100097656,0.009506478905677796,4.220271421218058e-8,-0.9999548196792603,-3.3243008346062199e-10,1,4.2201460104251967e-8,0.9999548196792603,-6.877223096557472e-11,0.009506478905677796],5,1.8062918186187745],[[751.1358642578125,228.0767822265625,46.80152893066406,0.009506464004516602,3.1271856215653318e-8,-0.9999548196792603,5.633387645254118e-10,1,3.127862413521143e-8,0.9999548196792603,-8.606624302132104e-10,0.009506464004516602],5,1.8241336345672608],[[751.1919555664063,228.50367736816407,46.800994873046878,0.00950643140822649,9.424143243563777e-9,-0.9999548196792603,2.353728101311958e-9,1,9.446945448132738e-9,0.9999548196792603,-2.4434285705865479e-9,0.00950643140822649],5,1.8296732902526856],[[751.212158203125,228.6018829345703,46.800804138183597,0.00950654223561287,3.965130890293267e-9,-0.9999548196792603,2.801086917969542e-9,1,3.991940111802705e-9,0.9999548196792603,-2.8389099959724719e-9,0.00950654223561287],5,1.8381028175354005],[[751.2600708007813,228.7880859375,46.80034637451172,0.009506525471806527,-6.949395725541763e-9,-0.9999548196792603,3.695517891699751e-9,1,-6.9145769110434689e-9,0.9999548196792603,-3.629617273404051e-9,0.009506525471806527],5,1.8457307815551758],[[751.31787109375,228.9606475830078,46.79979705810547,0.009506508708000183,-1.7859260736940997e-8,-0.9999548196792603,4.589566504620279e-9,1,-1.7816434549899897e-8,0.9999548196792603,-4.419987043036144e-9,0.009506508708000183],5,1.8548762798309327],[[751.3856201171875,229.11959838867188,46.79915237426758,0.00950649194419384,-2.8764464587993645e-8,-0.99995481967926