[[[776,222.69961547851563,47,1,3.217629274132605e-9,9.140663935461769e-16,-3.217629274132605e-9,1,1.211034401649158e-7,-5.244004269857423e-16,-1.211034401649158e-7,1],8,0.006001710891723633],[[776,222.69961547851563,47,1,2.6652648976721595e-9,8.59187975926518e-16,-2.6652648976721595e-9,1,1.0031383368414026e-7,-5.918250436805726e-16,-1.0031383368414026e-7,1],8,0.015095949172973633],[[776,222.69961547851563,47,1,2.113136332582144e-9,8.174711268182108e-16,-2.113136332582144e-9,1,7.953310898756172e-8,-6.494068198909528e-16,-7.953310898756172e-8,1],8,0.02423238754272461],[[776,222.69961547851563,47,1,1.285386130867039e-9,7.77349611326498e-16,-1.285386130867039e-9,1,4.837866640627908e-8,-7.151643698664683e-16,-4.837866640627908e-8,1],8,0.037818193435668948],[[776,222.69961547851563,47,-0.9993793368339539,1.959100659476576e-9,0.035226210951805118,5.845599115872346e-9,1,1.102267361829945e-7,-0.035226210951805118,1.1036424751864615e-7,-0.9993793368339539],8,0.0686492919921875],[[776,222.69961547851563,47,-0.9894193410873413,1.0235650549361708e-8,-0.14508402347564698,-1.7668932983383457e-9,1,8.259936379317878e-8,0.14508402347564698,8.19817600472561e-8,-0.9894193410873413],8,0.0848691463470459],[[776,222.69961547851563,47,-0.9831439256668091,-2.7905937560745999e-9,-0.18283317983150483,-1.305652030936244e-8,1,5.4945417105045638e-8,0.18283317983150483,5.640642086746084e-8,-0.9831439256668091],8,0.09262418746948242],[[776,222.69961547851563,47,-0.9839804768562317,-1.1207086814124523e-8,-0.1782764047384262,-1.884577827127032e-8,1,4.115401353033121e-8,0.1782764047384262,4.385450225186105e-8,-0.9839804768562317],8,0.10204815864562988],[[776,222.69961547851563,47,-0.9863502383232117,-1.997165455236427e-8,-0.16466090083122254,-2.483024097443831e-8,1,2.7448281869624226e-8,0.16466090083122254,3.116218749710242e-8,-0.9863502383232117],8,0.11198544502258301],[[776,222.69961547851563,47,-0.9877451062202454,-3.247798474603769e-8,-0.15607573091983796,-3.3983557301553449e-8,1,6.97807323035704e-9,0.15607573091983796,1.2196566423483546e-8,-0.9877451062202454],8,0.12335038185119629],[[776,222.69961547851563,47,-0.9888064861297607,-4.4790869679900427e-8,-0.14920349419116975,-4.3273615801808776e-8,1,-1.3415487387646863e-8,0.14920349419116975,-6.80874689962252e-9,-0.9888064861297607],8,0.13608479499816895],[[776,222.69961547851563,47,-0.9912607669830322,-5.281341586282906e-8,-0.13191689550876618,-4.969999523041224e-8,1,-2.6893884452761087e-8,0.13191689550876618,-2.0102582709569107e-8,-0.9912607669830322],8,0.14538073539733888],[[776,222.69961547851563,47,-0.9930068254470825,-6.474328273498031e-8,-0.11805719882249832,-5.961572924206848e-8,1,-4.6964171218633058e-8,0.11805719882249832,-3.959767624905908e-8,-0.9930068254470825],8,0.15616130828857423],[[776,222.69961547851563,47,-0.9966690540313721,-7.545517632934207e-8,-0.0815521851181984,-7.025417403383472e-8,1,-6.66446169361734e-8,0.0815521851181984,-6.06932459845666e-8,-0.9966690540313721],8,0.16742348670959474],[[776,222.69961547851563,47,-0.9983652234077454,-8.208279922428119e-8,-0.05715636909008026,-7.766121967733852e-8,1,-7.958065140201143e-8,0.05715636909008026,-7.501172660795419e-8,-0.9983652234077454],8,0.17931628227233888],[[775.8386840820313,222.69961547851563,47.009239196777347,-0.9999991655349731,-5.911365263955304e-8,-0.001294826390221715,-5.9028923971027328e-8,1,-6.547373487819641e-8,0.001294826390221715,-6.539724495269184e-8,-0.9999991655349731],8,0.19415831565856934],[[775.6422119140625,222.69961547851563,47.011417388916019,-0.9981040358543396,-3.218529442960971e-8,0.06154945492744446,-3.5119839481012607e-8,1,-4.6596017710953677e-8,-0.06154945492744446,-4.866928193791864e-8,-0.9981040358543396],8,0.21495628356933595],[[775.3096313476563,222.69961547851563,46.99350357055664,-0.9926901459693909,8.564673414923618e-9,0.12069089710712433,6.49049702872162e-9,1,-1.7578962285824674e-8,-0.12069089710712433,-1.6667119240310059e-8,-0.9926901459693909],8,0.2324826717376709],[[775.1109008789063,222.69961547851563,46.97162628173828,-0.986476480960846,3.19470245813136e-8,0.1639028936624527,3.2170831332223318e-8,1,-1.2889260769810563e-9,-0.1639028936624527,4.0013969915264628e-9,-0.986476480960846],8,0.24138307571411134],[[774.9791870117188,222.69961547851563,46.95136260986328,-0.9831441640853882,4.6964856892373066e-8,0.18283210694789887,4.9487358211308677e-8,1,9.234430997651089e-9,-0.18283210694789887,1.8126653955619078e-8,-0.9831441640853882],8,0.24939417839050294],[[774.7823486328125,222.69961547851563,46.91575622558594,-0.979447603225708,6.924656048568068e-8,0.2016986757516861,7.574677596267066e-8,1,2.45090330253106e-8,-0.2016986757516861,3.9283339248186169e-8,-0.979447603225708],8,0.26197195053100588],[[774.5863647460938,222.69961547851563,46.87618637084961,-0.9726243615150452,9.060202188493349e-8,0.2323829084634781,1.0245616266502111e-7,1,3.894150069072566e-8,-0.2323829084634781,6.168451704979816e-8,-0.9726243615150452],8,0.2729530334472656],[[774.4564819335938,222.69961547851563,46.84629440307617,-0.9688531756401062,7.663325618523231e-8,0.24763596057891847,8.802297202237242e-8,1,3.4922553737715137e-8,-0.24763596057891847,5.5632476403388867e-8,-0.9688531756401062],8,0.28399658203125],[[774.2625122070313,222.69961547851563,46.79751205444336,-0.9648382067680359,5.62765158917955e-8,0.26284441351890566,6.629264248658728e-8,1,2.9238446330737135e-8,-0.26284441351890566,4.5635022871692857e-8,-0.9648382067680359],8,0.2944343090057373],[[774.0693359375,222.69961547851563,46.74555587768555,-0.9555870890617371,3.527184588847376e-8,0.294708788394928,4.4399758536428638e-8,1,2.428156520295488e-8,-0.294708788394928,3.628814937428615e-8,-0.9555870890617371],8,0.30619049072265627],[[773.8778686523438,222.69961547851563,46.6878547668457,-0.9508357644081116,1.5249746354584205e-8,0.3096955120563507,2.2445739489285189e-8,1,1.9672437900908336e-8,-0.3096955120563507,2.5656603952484148e-8,-0.9508357644081116],8,0.3175489902496338],[[773.7509155273438,222.69961547851563,46.64713668823242,-0.9394397735595703,1.3864988046563554e-9,0.3427141010761261,7.71921460085423e-9,1,1.711408614823995e-8,-0.3427141010761261,1.8723135042364448e-8,-0.9394397735595703],8,0.3300917148590088],[[773.4999389648438,222.69961547851563,46.557132720947269,-0.9333086609840393,-2.484002337155289e-8,0.3590750992298126,-2.1799808180844594e-8,1,1.25156933705739e-8,-0.3590750992298126,3.8532372848010258e-9,-0.9333086609840393],8,0.34238457679748537],[[773.3753051757813,222.69961547851563,46.50984573364258,-0.9229139685630798,-3.7879260617046387e-8,0.38500624895095827,-3.660828795659654e-8,1,1.063089971609088e-8,-0.38500624895095827,-4.283013055328411e-9,-0.9229139685630798],8,0.354114294052124],[[773.1287231445313,222.69961547851563,46.408287048339847,-0.9188299179077148,-6.369830884978e-8,0.39465370774269106,-6.62440911014528e-8,1,7.174007610188937e-9,-0.39465370774269106,-1.955178419166259e-8,-0.9188299179077148],8,0.36737489700317385],[[772.94482421875,222.69961547851563,46.329742431640628,-0.9167433381080627,-8.297966758163966e-8,0.39947667717933657,-8.846763677183844e-8,1,4.700028810589174e-9,-0.39947667717933657,-3.1032037384193248e-8,-0.9167433381080627],8,0.3813450336456299],[[772.822509765625,222.69961547851563,46.27666473388672,-0.9167433381080627,-9.58960910679707e-8,0.39947667717933657,-1.032754184393525e-7,1,3.0515909799078146e-9,-0.39947667717933657,-3.8458594531221027e-8,-0.9167433381080627],8,0.39191508293151858],[[772.6392211914063,222.69961547851563,46.196800231933597,-0.9167433381080627,-9.934782241316498e-8,0.39947667717933657,-1.0804229333416515e-7,1,7.528905832110411e-10,-0.39947667717933657,-4.247016960334804e-8,-0.9167433381080627],8,0.4025421142578125],[[772.4559326171875,222.69961547851563,46.11690902709961,-0.9167433381080627,-7.098242349456996e-8,0.39947667717933657,-7.795144085775974e-8,1,-1.1991764248264758e-9,-0.39947667717933657,-3.223912159455722e-8,-0.9167433381080627],8,0.41353464126586916],[[772.333740234375,222.69961547851563,46.06364822387695,-0.9153438210487366,-5.196933017259653e-8,0.40267324447631838,-5.790624868495797e-8,1,-2.569815471531456e-9,-0.40267324447631838,-2.5669560699270734e-8,-0.9153438210487366],8,0.42522096633911135],[[772.150634765625,222.69961547851563,45.983238220214847,-0.9146387577056885,-2.358929940271537e-8,0.40427204966545107,-2.7858161999461119e-8,1,-4.6771861939021168e-9,-0.40427204966545107,-1.5540212672249255e-8,-0.9146387577056885],8,0.43680405616760256],[[771.9677124023438,222.69961547851563,45.90244674682617,-0.9146386981010437,4.727633839962664e-9,0.40427228808403017,2.1706594299786276e-9,1,-6.783213102323771e-9,-0.40427228808403017,-5.326651564274698e-9,-0.9146386981010437],8,0.4483628273010254],[[771.7847900390625,222.69961547851563,45.82159423828125,-0.9153431057929993,3.301710549408199e-8,0.40267476439476015,3.2183859133283479e-8,1,-8.835494114123322e-9,-0.40267476439476015,4.872120040744221e-9,-0.9153431057929993],8,0.4615035057067871],[[771.6016845703125,222.69961547851563,45.740997314453128,-0.9174381494522095,6.132279395387741e-8,0.39787837862968447,6.218814974090492e-8,1,-1.0729443999935029e-8,-0.39787837862968447,1.4899719680272483e-8,-0.9174381494522095],8,0.4740939140319824],[[771.2959594726563,222.69961547851563,45.60818099975586,-0.9222338795661926,1.085944774104064e-7,0.38663244247436526,1.1218737938634149e-7,1,-1.3272241083939207e-8,-0.38663244247436526,3.1135169109575148e-8,-0.9222338795661926],8,0.4927234649658203],[[770.742919921875,222.69961547851563,45.37575149536133,-0.9301355481147766,3.9229735904200427e-8,0.36721640825271609,4.204432357823862e-8,1,-3.3445243796670356e-10,-0.36721640825271609,1.5128279073906016e-8,-0.9301355481147766],8,0.5336332321166992],[[770.4951782226563,222.69961547851563,45.27706527709961,-0.9550660252571106,9.189202287984699e-9,0.29639318585395815,1.0569839226093336e-8,1,3.0557107955075937e-9,-0.29639318585395815,6.051233736314998e-9,-0.9550660252571106],8,0.5460302829742432],[[770.1777954101563,222.69961547851563,45.17544174194336,-0.9634423851966858,-2.9429211068077167e-8,0.26791560649871828,-2.884379490808442e-8,1,6.120869144865537e-9,-0.26791560649871828,-1.830598117535942e-9,-0.9634423851966858],8,0.568248987197876],[[770.0496215820313,222.69961547851563,45.13872528076172,-0.9688481688499451,-4.496711270007836e-8,0.24765537679195405,-4.46196857240011e-8,1,7.015426017886739e-9,-0.24765537679195405,-4.253422947186891e-9,-0.9688481688499451],8,0.5785255432128906],[[769.8569946289063,222.67919921875,45.08498764038086,-0.9705567955970764,-6.82423220155215e-8,0.2408723086118698,-6.827968945799512e-8,1,8.191073597174637e-9,-0.2408723086118698,-8.49678460923542e-9,-0.9705567955970764],8,0.5900418758392334],[[769.6001586914063,223.5523223876953,45.013484954833987,-0.9738239049911499,-9.932647770938274e-8,0.2273036688566208,-9.982154836052359e-8,1,9.317339788594836e-9,-0.2273036688566208,-1.3616356930867824e-8,-0.9738239049911499],3,0.6084804534912109],[[769.4058227539063,224.1739501953125,44.96647644042969,-0.9582020044326782,-1.2256839454494185e-7,0.2860925793647766,-1.2261531878721144e-7,1,1.7750000580463167e-8,-0.2860925793647766,-1.8071249385798184e-8,-0.9582020044326782],5,0.6298859119415283],[[769.0811157226563,225.14186096191407,44.8911247253418,-0.9279104471206665,-1.6332947438968405e-7,0.37280315160751345,-1.5839141553897208e-7,1,4.387416652207321e-8,-0.37280315160751345,-1.8337518170596924e-8,-0.9279104471206665],5,0.6413536071777344],[[768.8861083984375,225.68174743652345,44.846553802490237,-0.9481248259544373,-1.365238233574928e-7,0.31789833307266238,-1.2857802289545362e-7,1,4.5976371154665688e-8,-0.31789833307266238,2.7165951710372839e-9,-0.9481248259544373],5,0.6526212692260742],[[768.6911010742188,226.1909637451172,44.80210876464844,-0.949103057384491,-1.085400782585566e-7,0.3149656653404236,-9.908706743999574e-8,1,4.602481240567613e-8,-0.3149656653404236,1.2473266863821664e-8,-0.949103057384491],5,0.6637911796569824],[[768.4959716796875,226.66952514648438,44.75822067260742,-0.9501718282699585,-8.013711294552195e-8,0.3117266595363617,-6.990350698288239e-8,1,4.400256869985242e-8,-0.3117266595363617,2.0019216506739214e-8,-0.9501718282699585],5,0.6762394905090332],[[768.3657836914063,226.97154235839845,44.7293815612793,-0.9609940052032471,-6.015319797825214e-8,0.27656927704811098,-5.0554589847706669e-8,1,4.1835971131831687e-8,-0.27656927704811098,2.6222270577136443e-8,-0.9609940052032471],5,0.686309814453125],[[768.17041015625,227.3990020751953,44.68684005737305,-0.9549490213394165,-3.168412021636868e-8,0.29676997661590578,-2.1792100568518437e-8,1,3.664042580453497e-8,-0.29676997661590578,2.85224963647579e-8,-0.9549490213394165],5,0.6982800960540772],[[767.9745483398438,227.79580688476563,44.64637756347656,-0.9569972157478333,-2.0641877096494456e-9,0.2900971472263336,6.767152616049543e-9,1,2.943956545209403e-8,-0.2900971472263336,3.013671445728505e-8,-0.9569972157478333],5,0.7115447521209717],[[767.7783813476563,228.16197204589845,44.607460021972659,-0.9623947739601135,2.835810875012612e-8,0.27165481448173525,3.5261173536582649e-8,1,2.0529954625203574e-8,-0.27165481448173525,2.933678899808001e-8,-0.9623947739601135],5,0.7239274978637695],[[767.5816040039063,228.49746704101563,44.571876525878909,-0.9656422734260559,5.8990512030732137e-8,0.25987499952316286,6.368299665382438e-8,1,9.637245668159267e-9,-0.25987499952316286,2.585575131774931e-8,-0.9656422734260559],5,0.7351052761077881],[[767.4501342773438,228.7041015625,44.54979705810547,-0.9797407388687134,8.084151659204508e-8,0.20026998221874238,8.289735831112921e-8,1,1.8794841238900519e-9,-0.20026998221874238,1.84432593641759e-8,-0.9797407388687134],5,0.7454898357391357],[[767.1860961914063,229.0764923095703,44.512752532958987,-0.9678402543067932,1.213061011640093e-7,0.2515655755996704,1.207223050414541e-7,1,-1.7753608361203989e-8,-0.2515655755996704,1.3186919112229134e-8,-0.9678402543067932],5,0.7587130069732666],[[767.0537719726563,229.24224853515626,44.49615478515625,-0.9880911707878113,1.4292811556515518e-7,0.1538696140050888,1.4028130124188466e-7,1,-2.8058893875027026e-8,-0.1538696140050888,-6.139716735020784e-9,-0.9880911707878113],5,0.7693619728088379],[[766.8546752929688,229.46534729003907,44.47727966308594,-0.9855309724807739,1.3901491513479415e-7,0.16949555277824403,1.3462862114010933e-7,1,-3.7371219008264237e-8,-0.16949555277824403,-1.4011539484215519e-8,-0.9855309724807739],5,0.7803955078125],[[766.7217407226563,229.5970458984375,44.46724319458008,-0.9949724674224854,1.2298524154630287e-7,0.10014872997999191,1.1940785782371678e-7,1,-4.171501899463692e-8,-0.10014872997999191,-2.954675082378344e-8,-0.9949724674224854],5,0.7910168170928955],[[766.5219116210938,229.76904296875,44.459014892578128,-0.993461012840271,1.0147847007146993e-7,0.11417186260223389,9.67529345530238e-8,1,-4.6931059927146637e-8,-0.11417186260223389,-3.557771321993641e-8,-0.993461012840271],5,0.801506519317627],[[766.3219604492188,229.91038513183595,44.455318450927737,-0.9956351518630981,7.878327323851409e-8,0.09333077818155289,7.434365301151047e-8,1,-5.104552158741171e-8,-0.09333077818155289,-4.3884163858365358e-8,-0.9956351518630981],5,0.8122291564941406],[[766.1886596679688,229.98757934570313,44.45542526245117,-0.9992321133613586,6.160232146612543e-8,0.039182148873806,5.9551776843136398e-8,1,-5.3500812668971778e-8,-0.039182148873806,-5.112636358717282e-8,-0.9992321133613586],5,0.8229625225067139],[[765.9887084960938,230.0778350830078,44.459999084472659,-0.9995841383934021,3.915083723882162e-8,0.028835615143179895,3.753569899345166e-8,1,-5.655326873466038e-8,-0.028835615143179895,-5.5447387126150718e-8,-0.9995841383934021],5,0.8344814777374268],[[765.7891235351563,230.13743591308595,44.47250747680664,-0.9999690055847168,1.607720001572943e-8,0.00787543598562479,1.561598672594755e-8,1,-5.8625044374593929e-8,-0.00787543598562479,-5.850024464848502e-8,-0.9999690055847168],5,0.847477912902832],[[765.5899047851563,230.16636657714845,44.490013122558597,-0.9994789361953735,-8.166751719329568e-9,-0.032278526574373248,-6.22810913952776e-9,1,-6.016036735445596e-8,0.032278526574373248,-5.992798435272562e-8,-0.9994789361953735],5,0.866995096206665],[[765.3253784179688,230.15725708007813,44.5235595703125,-0.9993007183074951,-3.7599690472234218e-8,-0.03739093244075775,-3.53560842825118e-8,1,-6.066526481163237e-8,0.03739093244075775,-5.9300848676002718e-8,-0.9993007183074951],5,0.8748974800109863],[[765.1937866210938,230.1322784423828,44.54487228393555,-0.9928386211395264,-5.688960058591874e-8,-0.11946319788694382,-4.9995897200005859e-8,1,-6.070274594094372e-8,0.11946319788694382,-5.429536287238079e-8,-0.9928386211395264],5,0.8855938911437988],[[765.0626220703125,230.09365844726563,44.5688591003418,-0.9885904788970947,-7.30787519387377e-8,-0.15062826871871949,-6.469267788133948e-8,1,-6.057419454919e-8,0.15062826871871949,-5.013852444335498e-8,-0.9885904788970947],5,0.895099401473999],[[764.9321899414063,230.0414276123047,44.59651565551758,-0.9861012697219849,-8.833462317170415e-8,-0.16614530980587007,-7.946287894355919e-8,1,-6.004489705446758e-8,0.16614530980587007,-4.600796188469758e-8,-0.9861012697219849],5,0.9053821563720703],[[764.672607421875,229.8960723876953,44.65744400024414,-0.9930746555328369,-1.1504264563200195e-7,-0.11748476326465607,-1.0915016446233494e-7,1,-5.6589318120359169e-8,0.11748476326465607,-4.337394088338442e-8,-0.9930746555328369],5,0.916935920715332],[[764.5432739257813,229.80294799804688,44.689964294433597,-0.9748927354812622,-1.3340974192033173e-7,-0.22267505526542664,-1.2428695583821537e-7,1,-5.498283783822444e-8,0.22267505526542664,-2.5926764735118014e-8,-0.9748927354812622],5,0.9276695251464844],[[764.287353515625,229.5758514404297,44.76490783691406,-0.9840414524078369,-1.6109549960674486e-7,-0.17793944478034974,-1.5478812542824017e-7,1,-4.93290031045035e-8,0.17793944478034974,-2.0998871974597934e-8,-0.9840414524078369],5,0.9427082538604736],[[764.0968017578125,229.36976623535157,44.82554244995117,-0.9678855538368225,-1.4854842333988928e-7,-0.2513912320137024,-1.4440229278989137e-7,1,-3.493972400292478e-8,0.2513912320137024,2.4838131551518929e-9,-0.9678855538368225],5,0.9544413089752197],[[763.9712524414063,229.21533203125,44.8703727722168,-0.953347384929657,-1.2751003453104205e-7,-0.3018753230571747,-1.2680195027314768e-7,1,-2.194189718807138e-8,0.3018753230571747,1.7360129334065279e-8,-0.953347384929657],5,0.964616060256958],[[763.78466796875,228.95814514160157,44.94240951538086,-0.9575104117393494,-9.737727424408149e-8,-0.2883986234664917,-1.0035108743977617e-7,1,-4.47319470353591e-9,0.2883986234664917,2.465798409900799e-8,-0.9575104117393494],5,0.9756789207458496],[[763.6612548828125,228.7696533203125,44.99275588989258,-0.9356140494346619,-7.544874591758344e-8,-0.35302451252937319,-8.318836108855976e-8,1,6.751531778093067e-9,0.35302451252937319,3.5684362131860328e-8,-0.9356140494346619],5,0.9857511520385742],[[763.4786987304688,228.46136474609376,45.07434844970703,-0.9428505301475525,-4.67542804472032e-8,-0.33321595191955569,-5.723154927750329e-8,1,2.1627165835980123e-8,0.33321595191955569,3.9461649947725166e-8,-0.9428505301475525],5,0.9963533878326416],[[763.3578491210938,228.2388153076172,45.13065719604492,-0.9267011284828186,-2.5529331537654799e-8,-0.37579911947250368,-4.006573206538633e-8,1,3.086656974460311e-8,0.37579911947250368,4.3660751458673988e-8,-0.9267011284828186],5,1.0060408115386963],[[763.2376708984375,228.0026397705078,45.188438415527347,-0.9193162322044373,-5.548971060420627e-9,-0.3935195505619049,-2.296280854352517e-8,1,3.954342986389747e-8,0.3935195505619049,4.538923192853872e-8,-0.9193162322044373],5,1.0156421661376954],[[763.05908203125,227.62283325195313,45.27848815917969,-0.9319154024124146,2.1199019428763678e-8,-0.3626757562160492,3.0885343171860315e-9,1,5.0515552629804009e-8,0.3626757562160492,4.5956081606846058e-8,-0.9319154024124146],5,1.0255436897277833],[[762.9403076171875,227.3525848388672,45.338966369628909,-0.9172388315200806,4.155040045361602e-8,-0.3983376920223236,2.047175939878798e-8,1,5.716985640447092e-8,0.3983376920223236,4.428373756582005e-8,-0.9172388315200806],5,1.036170482635498],[[762.8217163085938,227.0687255859375,45.39993667602539,-0.9172388315200806,5.994653662355631e-8,-0.3983376622200012,3.798868419835344e-8,1,6.301649335682669e-8,0.3983376622200012,4.266885156312128e-8,-0.9172388315200806],5,1.045818567276001],[[762.6439208984375,226.61737060546876,45.49161911010742,-0.929359495639801,8.586540189980951e-8,-0.3691760003566742,6.462406076934713e-8,1,6.990275380758249e-8,0.3691760003566742,4.110713547333944e-8,-0.929359495639801],5,1.0565392971038819],[[762.347900390625,225.79701232910157,45.64491271972656,-0.9550347924232483,1.2744077082516015e-7,-0.2964937686920166,1.1000940958183492e-7,1,7.547529889961879e-8,0.2964937686920166,3.9464431722535667e-8,-0.9550347924232483],5,1.0767288208007813],[[762.1695556640625,225.263916015625,45.73541259765625,-0.9474176168441773,1.5490830662656664e-7,-0.3199998736381531,1.3775985507891165e-7,1,7.622564623943617e-8,0.3199998736381531,2.8134383711631018e-8,-0.9474176168441773],5,1.0903713703155518],[[761.9880981445313,224.70016479492188,45.819454193115237,-0.9570093750953674,1.453877871426812e-7,-0.2900569438934326,1.3394603115557403e-7,1,5.929931745640715e-8,0.2900569438934326,1.7898026172247229e-8,-0.9570093750953674],5,1.1023540496826172],[[761.803955078125,224.1057586669922,45.89744186401367,-0.977202832698822,1.1787503240157094e-7,-0.2123078554868698,1.1250600095991104e-7,1,3.736953857469416e-8,0.2123078554868698,1.2631712564825648e-8,-0.977202832698822],5,1.114394187927246],[[761.679443359375,224.00184631347657,45.940834045410159,-0.9722877740859985,1.00505928912753e-7,-0.23378726840019227,9.664190514513393e-8,1,2.7983489303551324e-8,0.23378726840019227,4.614357784760159e-9,-0.9722877740859985],7,1.1235487461090088],[[761.5531616210938,223.9872283935547,45.97740936279297,-0.9796437621116638,8.252546734865973e-8,-0.20074376463890077,7.98164805360102e-8,1,2.1588475007661147e-8,0.20074376463890077,5.126354007956024e-9,-0.9796437621116638],7,1.1331589221954346],[[761.361083984375,223.98495483398438,46.021263122558597,-0.9889392852783203,5.541146919085804e-8,-0.1483207643032074,5.3854016357490767e-8,1,1.451661724161113e-8,0.1483207643032074,6.368384486421519e-9,-0.9889392852783203],7,1.142854928970337],[[761.2316284179688,223.98484802246095,46.043392181396487,-0.9999039769172669,3.625462241529931e-8,-0.013857861049473286,3.6088504629105958e-8,1,1.223733825383988e-8,0.013857861049473286,1.1736053906474808e-8,-0.9999039769172669],7,1.1525022983551026],[[761.139892578125,223.9451141357422,46.057167053222659,-0.9981098771095276,1.7455240808317286e-8,0.06145448610186577,1.8190544182061786e-8,1,1.1405547617471257e-8,-0.06145448610186577,1.2501880419790723e-8,-0.9981098771095276],7,1.1632535457611085],[[761.0818481445313,223.84886169433595,46.060386657714847,-0.9905708432197571,-1.0275500450518394e-8,0.13700143992900849,-8.676501295212802e-9,1,1.2268570159790216e-8,-0.13700143992900849,1.096419488533229e-8,-0.9905708432197571],8,1.1742706298828126],[[760.9644775390625,223.72195434570313,46.046791076660159,-0.9566855430603027,-3.855571861777207e-8,0.2911232113838196,-3.500902678865714e-8,1,1.7391560191981627e-8,-0.2911232113838196,6.4463145932336378e-9,-0.9566855430603027],8,1.18452787399292],[[760.8442993164063,223.6203155517578,46.0153923034668,-0.9351013898849487,-5.6699470007970379e-8,0.354380339384079,-5.229770749792806e-8,1,2.1998426191771615e-8,-0.354380339384079,2.037478852301433e-9,-0.9351013898849487],8,1.1951429843902588],[[760.6597290039063,223.57276916503907,45.94926452636719,-0.9114426374435425,-8.341174861925538e-8,0.4114271104335785,-7.778022137472363e-8,1,3.042953267140547e-8,-0.4114271104335785,-4.266116793161245e-9,-0.9114426374435425],8,1.206343173980713],[[760.5730590820313,223.52947998046876,45.9163932800293,-0.86635422706604,-1.0036927733381163e-7,0.49943000078201296,-9.41315576596935e-8,1,3.767895861983561e-8,-0.49943000078201296,-1.4368795930863599e-8,-0.86635422706604],8,1.2164931297302247],[[760.5181884765625,223.4311981201172,45.890438079833987,-0.8474991917610169,-1.0845108278090265e-7,0.5307966470718384,-1.0149521045832444e-7,1,4.2264719724016689e-8,-0.5307966470718384,-1.8054000960887607e-8,-0.8474991917610169],8,1.2292842864990235],[[760.4826049804688,223.30226135253907,45.87020492553711,-0.8333244919776917,-8.064289858111806e-8,0.5527841448783875,-7.564860737829804e-8,1,3.18443618141373e-8,-0.5527841448783875,-1.5280665621730806e-8,-0.8333244919776917],8,1.2407567501068116],[[760.4595336914063,223.19927978515626,45.85691452026367,-0.833329439163208,-6.245340244959152e-8,0.5527766346931458,-5.842689532187251e-8,1,2.4900748130107787e-8,-0.5527766346931458,-1.1546496203607149e-8,-0.833329439163208],8,1.249941110610962],[[760.4133911132813,224.0621795654297,45.83034896850586,-0.8235463500022888,-2.588619452126295e-8,0.5672490000724793,-2.4253244745864323e-8,1,1.0423152119187762e-8,-0.5672490000724793,-5.173681483228165e-9,-0.8235463500022888],3,1.2659811973571778],[[760.36669921875,224.673583984375,45.801727294921878,-0.7950093746185303,1.422087780866832e-9,0.6065971255302429,1.7188003242907258e-9,1,-9.170066095354201e-11,-0.6065971255302429,9.697164182753682e-10,-0.7950093746185303],5,1.2883470058441163],[[760.248046875,225.6244659423828,45.72566223144531,-0.7625974416732788,4.8001076891068809e-8,0.6468733549118042,4.420979848873685e-8,1,-2.2085924200609953e-8,-0.6468733549118042,1.1755469486729453e-8,-0.7625974416732788],5,1.2980234622955323],[[760.1859741210938,225.98098754882813,45.6859245300293,-0.8353444933891296,6.887392345333865e-8,0.5497268438339233,6.170775179725752e-8,1,-3.1518730736479486e-8,-0.5497268438339233,7.593413009487904e-9,-0.8353444933891296],5,1.308800220489502],[[760.076171875,226.49020385742188,45.6180419921875,-0.8511049747467041,9.971056158519787e-8,0.5249955058097839,8.83738309198634e-8,1,-4.6657827823537448e-8,-0.5249955058097839,6.6851564284320379e-9,-0.8511049747467041],5,1.318666934967041],[[759.9912719726563,226.81265258789063,45.56877136230469,-0.8840451836585999,1.2104162294690469e-7,0.4674014449119568,1.0657055327101262e-7,1,-5.7399144992587028e-8,-0.4674014449119568,-9.322107530351787e-10,-0.8840451836585999],5,1.3289592266082764],[[759.8455810546875,227.27078247070313,45.492027282714847,-0.8831618428230286,1.5371699646493654e-7,0.46906834840774538,1.339218869134129e-7,1,-7.555890846333568e-8,-0.46906834840774538,-3.912229207259088e-9,-0.8831618428230286],5,1.3399534225463868],[[759.736083984375,227.5591583251953,45.44068908691406,-0.9116586446762085,1.3905221862842155e-7,0.410948246717453,1.1998707805105369e-7,1,-7.21865802688626e-8,-0.410948246717453,-1.6501036981253493e-8,-0.9116586446762085],5,1.3499648571014405],[[759.5552978515625,227.9661865234375,45.36846923828125,-0.9207062125205994,1.1754902828897684e-7,0.39025643467903139,9.92930679899473e-8,1,-6.695414356272522e-8,-0.39025643467903139,-2.289533540533739e-8,-0.9207062125205994],5,1.3609600067138672],[[759.4290161132813,228.2205047607422,45.326820373535159,-0.9422882199287415,1.0185566878817554e-7,0.3348027467727661,8.557547204190996e-8,1,-6.337734248518245e-8,-0.3348027467727661,-3.1068818628909869e-8,-0.9422882199287415],5,1.3716092109680176],[[759.2369995117188,228.57644653320313,45.27127456665039,-0.9392819404602051,8.094199444030892e-8,0.343146413564682,6.529974427849084e-8,1,-5.713923556527334e-8,-0.343146413564682,-3.126247705154128e-8,-0.9392819404602051],5,1.3834364414215088],[[759.0435180664063,228.9017333984375,45.22077178955078,-0.9528356790542603,5.8310625661306406e-8,0.30348673462867739,4.512009610380119e-8,1,-5.047532170010527e-8,-0.30348673462867739,-3.440133511389831e-8,-0.9528356790542603],5,1.3950893878936768],[[758.8482055664063,229.19635009765626,45.17779541015625,-0.9589844942092896,3.62538195020079e-8,0.2834585905075073,2.5120931113065127e-8,1,-4.291009858548023e-8,-0.2834585905075073,-3.4029376649868939e-8,-0.9589844942092896],5,1.4071235656738282],[[758.6519165039063,229.46031188964845,45.1396598815918,-0.9691697955131531,1.3515738750413675e-8,0.2463938444852829,5.1155901736876789e-9,1,-3.473245513418988e-8,-0.2463938444852829,-3.24011963925841e-8,-0.9691697955131531],5,1.4193763732910157],[[758.5203247070313,229.6192626953125,45.1185188293457,-0.981107771396637,-2.5361870381601649e-9,0.19346188008785249,-8.298996156952399e-9,1,-2.897740181140307e-8,-0.19346188008785249,-3.003549409186235e-8,-0.981107771396637],5,1.4302723407745362],[[758.2559814453125,229.8962860107422,45.08343505859375,-0.9756448864936829,-3.0571616349561739e-8,0.21935603022575379,-3.484615973547989e-8,1,-1.5617809268064776e-8,-0.21935603022575379,-2.288115119597478e-8,-0.9756448864936829],5,1.4429538249969483],[[758.1233520507813,230.0143585205078,45.070343017578128,-0.9913245439529419,-4.684394028231509e-8,0.1314368098974228,-4.8396568530506559e-8,1,-8.618356694967133e-9,-0.1314368098974228,-1.4904680156746509e-8,-0.9913245439529419],5,1.4527769088745118],[[757.923828125,230.16592407226563,45.05624008178711,-0.9930484890937805,-6.872673452562594e-8,0.1177060678601265,-6.888713244279643e-8,1,2.705655921531047e-9,-0.1177060678601265,-5.421586291021185e-9,-0.9930484890937805],5,1.4632349014282227],[[757.7905883789063,230.2499237060547,45.052162170410159,-0.9980811476707459,-8.329074319135543e-8,0.061919134110212329,-8.278520624571684e-8,1,1.0729968025202652e-8,-0.061919134110212329,5.583391526897685e-9,-0.9980811476707459],5,1.4747474193572999],[[757.5906372070313,230.35040283203126,45.05197525024414,-0.9973680377006531,-1.050635987098758e-7,0.07250522822141648,-1.0357699409269117e-7,1,2.426328826743429e-8,-0.07250522822141648,1.6689552850834845e-8,-0.9973680377006531],5,1.485900640487671],[[757.3906860351563,230.4202117919922,45.0565299987793,-0.9994176626205444,-1.260504944866625e-7,0.034121621400117877,-1.247904748424844e-7,1,3.9056914147295177e-8,-0.034121621400117877,3.4776117985302338e-8,-0.9994176626205444],5,1.4965624809265137],[[757.257568359375,230.44972229003907,45.063934326171878,-0.9999134540557861,-1.385415799859402e-7,-0.013154619373381138,-1.3920757169216814e-7,1,4.971261091668566e-8,0.013154619373381138,5.153953352987628e-8,-0.9999134540557861],5,1.5082731246948243],[[757.0581665039063,230.46844482421876,45.07913589477539,-0.9999809265136719,-1.4405058834654484e-7,0.00617938581854105,-1.436739296423184e-7,1,6.139876518318488e-8,-0.00617938581854105,6.050977674476599e-8,-0.9999809265136719],5,1.519113302230835],[[756.8589477539063,230.4564971923828,45.09729766845703,-0.9998633861541748,-1.1277273159748802e-7,-0.016528205946087838,-1.13817122837645e-7,1,6.224798454468328e-8,0.016528205946087838,6.412066966277053e-8,-0.9998633861541748],5,1.5295360088348389],[[756.7264404296875,230.4315185546875,45.11199188232422,-0.9982848763465881,-9.028174474678963e-8,-0.05854368582367897,-9.408243073494305e-8,1,6.21642044507098e-8,0.05854368582367897,6.756551584885529e-8,-0.9982848763465881],5,1.5408973693847657],[[756.5279541015625,230.3684844970703,45.136512756347659,-0.9988498687744141,-6.176357203457883e-8,-0.04794691130518913,-6.473933211736949e-8,1,6.051066492318569e-8,0.04794691130518913,6.354512294137749e-8,-0.9988498687744141],5,1.5542540550231934],[[756.3299560546875,230.27479553222657,45.16511154174805,-0.9969855546951294,-3.1001178513179187e-8,-0.07758717238903046,-3.5583777702186128e-8,1,5.76813619090899e-8,0.07758717238903046,6.026832721772735e-8,-0.9969855546951294],5,1.5740978717803956],[[755.9360961914063,229.99545288085938,45.23456954956055,-0.9999405741691589,2.218068217985092e-8,-0.010903759859502316,2.169227109050098e-8,1,4.491118588134668e-8,0.010903759859502316,4.46719887747804e-8,-0.9999405741691589],5,1.5889854431152344],[[755.8054809570313,229.87509155273438,45.261348724365237,-0.9869673252105713,4.7089578458781037e-8,-0.160920649766922,4.11237834896383e-8,1,4.0403445922265749e-8,0.160920649766922,3.3259215825864888e-8,-0.9869673252105713],5,1.5983242988586426],[[755.6104736328125,229.66900634765626,45.3057861328125,-0.9872667789459229,7.450135086628507e-8,-0.15907332301139832,7.027115600521938e-8,1,3.221768096750566e-8,0.15907332301139832,2.062918014189563e-8,-0.9872667789459229],5,1.6094028949737549],[[755.4168701171875,229.4322509765625,45.3559455871582,-0.9846433401107788,1.0183394749674335e-7,-0.17457804083824159,9.948664114745043e-8,1,2.2196870119728375e-8,0.17457804083824159,4.487817673037853e-9,-0.9846433401107788],5,1.6242992877960206],[[755.1600952148438,229.0688934326172,45.42780685424805,-0.9852673411369324,1.374308595814e-7,-0.17102132737636567,1.3851240510120989e-7,1,5.608165931647591e-9,0.17102132737636567,-1.8163031967333155e-8,-0.9852673411369324],5,1.639155387878418],[[754.9690551757813,228.76060485839845,45.48679733276367,-0.9721387028694153,1.4452109553531046e-7,-0.23440641164779664,1.5051364243845456e-7,1,-7.674895385889613e-9,0.23440641164779664,-4.274242471069556e-8,-0.9721387028694153],5,1.6528394222259522],[[754.7169189453125,228.3018798828125,45.57363510131836,-0.9721675515174866,1.0984054199525417e-7,-0.23428678512573243,1.191102896314078e-7,1,-2.541591470617277e-8,0.23428678512573243,-5.261449587123934e-8,-0.9721675515174866],5,1.6674582958221436],[[754.5922241210938,228.0520782470703,45.6207275390625,-0.9484992027282715,8.774777171538517e-8,-0.31677955389022829,1.038193673252863e-7,1,-3.385576619052699e-8,0.31677955389022829,-6.500001603626515e-8,-0.9484992027282715],5,1.67746901512146],[[754.4068603515625,227.65182495117188,45.69572830200195,-0.9463039636611939,6.204254532349296e-8,-0.3232782483100891,8.115266325603443e-8,1,-4.563420574754673e-8,0.3232782483100891,-6.941872499055535e-8,-0.9463039636611939],5,1.6885547637939454],[[754.2850341796875,227.3679656982422,45.74989700317383,-0.9267196655273438,4.144448340070994e-8,-0.37575340270996096,6.62871428858125e-8,1,-5.318679541232996e-8,0.37575340270996096,-7.419686909315715e-8,-0.9267196655273438],5,1.6988434791564942],[[754.1046752929688,226.91661071777345,45.83624267578125,-0.9300112128257752,1.7600044088794676e-8,-0.3675311505794525,4.399792175036055e-8,1,-6.344636460653419e-8,0.3675311505794525,-7.517643751953074e-8,-0.9300112128257752],5,1.710275411605835],[[753.98583984375,226.59869384765626,45.896575927734378,-0.8974568843841553,-4.612995319064339e-9,-0.44110217690467837,2.9483206986924416e-8,1,-7.044377525744494e-8,0.44110217690467837,-7.622535491691451e-8,-0.8974568843841553],5,1.7204265594482422],[[753.8117065429688,226.09625244140626,45.99485778808594,-0.9020854234695435,-2.7638987987188558e-8,-0.4315575063228607,7.627077636129798e-9,1,-7.998762896477274e-8,0.4315575063228607,-7.544719693441948e-8,-0.9020854234695435],5,1.7315826416015626],[[753.6403198242188,225.5631561279297,46.0979118347168,-0.8936254978179932,-5.257561142002487e-8,-0.44881337881088259,-1.4275649107275968e-8,1,-8.871956680422955e-8,0.44881337881088259,-7.28749682821217e-8,-0.8936254978179932],5,1.743424654006958],[[753.4725952148438,225.46022033691407,46.20344924926758,-0.851075291633606,-7.744903030015849e-8,-0.5250436067581177,-2.9986541250082158e-8,1,-9.890268870549335e-8,0.5250436067581177,-6.842939370699242e-8,-0.851075291633606],7,1.7547295093536378],[[753.3623046875,225.45529174804688,46.27581787109375,-0.8326188921928406,-9.099085218622349e-8,-0.5538463592529297,-3.861422470663456e-8,1,-1.0623871560255793e-7,0.5538463592529297,-6.707001887207298e-8,-0.8326188921928406],7,1.765045404434204],[[753.1978759765625,225.45452880859376,46.38591384887695,-0.8340206146240234,-1.0733719335576098e-7,-0.5517332553863525,-5.1070752959958557e-8,1,-1.1734499594240333e-7,0.5517332553863525,-6.969071364437696e-8,-0.8340206146240234],7,1.7759246826171876],[[753.0880737304688,225.45448303222657,46.459041595458987,-0.8417304754257202,-8.731218770208216e-8,-0.5398979783058167,-4.4345529914835427e-8,1,-9.25826881825742e-8,0.5398979783058167,-5.398760549724102e-8,-0.8417304754257202],7,1.7863185405731202],[[752.921875,225.38609313964845,46.56642150878906,-0.8545874953269959,-5.74243870232749e-8,-0.5193074345588684,-3.33281242603789e-8,1,-5.5733053727635709e-8,0.5193074345588684,-3.0321231747620916e-8,-0.8545874953269959],8,1.799349069595337],[[752.8204956054688,225.27963256835938,46.63164138793945,-0.8895067572593689,-2.657277597961638e-8,-0.4569220244884491,-1.9706313025835699e-8,1,-1.9793041872162577e-8,0.4569220244884491,-8.601795720153405e-9,-0.8895067572593689],8,1.813173770904541],[[752.8020629882813,225.14251708984376,46.64348220825195,-0.9272727370262146,2.8373672300574528e-9,-0.3743864595890045,-2.891715089603508e-9,1,1.4740852982697561e-8,0.3743864595890045,1.4751410759572537e-8,-0.9272727370262146],8,1.8351497650146485],[[752.8010864257813,224.98446655273438,46.644134521484378,-0.9626063704490662,4.8697938126451848e-8,-0.27090391516685488,3.120603864203986e-8,1,6.887609771411008e-8,0.27090391516685488,5.7846737178124388e-8,-0.9626063704490662],8,1.8437998294830323],[[752.8010864257813,224.9874267578125,46.64413833618164,-0.9747808575630188,6.474946445678143e-8,-0.22316423058509828,4.5874159582126597e-8,1,8.976444121344685e-8,0.22316423058509828,7.726318784762043e-8,-0.9747808575630188],8,1.8528456687927247],[[752.8010864257813,225.0013885498047,46.64413833618164,-0.9936802387237549,5.2092847369067388e-8,-0.11224784702062607,4.410131637655468e-8,1,7.3678386058873e-8,0.11224784702062607,6.826248011293501e-8,-0.9936802387237549],8,1.8630545139312745],[[752.8010864257813,225.01026916503907,46.64413833618164,-0.9983528256416321,4.577113088544138e-8,-0.05737272650003433,4.2220442253437798e-8,1,6.310027345080016e-8,0.05737272650003433,6.057403822978813e-8,-0.9983528256416321],8,1.8734323978424073],[[752.8010864257813,225.0175018310547,46.64413833618164,-0.9999969601631165,3.982532348345558e-8,-0.0024656793102622034,3.96955250892006e-8,1,5.269034986099541e-8,0.0024656793102622034,5.259231272702891e-8,-0.9999969601631165],8,1.8835551738739014],[[752.8010864257813,225.02540588378907,46.64413833618164,-0.9928410649299622,2.9489140018768013e-8,0.11944293230772019,3.42177308709779e-8,1,3.753783417437262e-8,-0.11944293230772019,4.135616649136864e-8,-0.9928410649299622],8,1.8942937850952149],[[752.8010864257813,225.03057861328126,46.64413833618164,-0.9843726754188538,2.332966531071179e-8,0.1760978400707245,2.7783201517195267e-8,1,2.2824574230639884e-8,-0.1760978400707245,2.736044812934324e-8,-0.9843726754188538],8,1.9055798053741456],[[752.7250366210938,225.03439331054688,46.630672454833987,-0.9729287028312683,1.7956555353748628e-8,0.23110543191432954,2.048914993224571e-8,1,8.558544983827688e-9,-0.23110543191432954,1.3062008363817768e-8,-0.9729287028312683],8,1.9205243587493897],[[752.5538940429688,225.04129028320313,46.5919189453125,-0.9424219727516174,1.2704369112270797e-8,0.33442607522010805,1.1744926808887613e-8,1,-4.891042681975932e-9,-0.33442607522010805,-6.81616429965004e-10,-0.9424219727516174],8,1.9422390460968018],[[752.3198852539063,225.03359985351563,46.51405334472656,-0.8851807117462158,6.451642331484209e-9,0.46524739265441897,-5.849039474981055e-9,1,-2.499551676748979e-8,-0.46524739265441897,-2.484679839653836e-8,-0.8851807117462158],8,1.9514949321746827],[[752.2671508789063,224.98727416992188,46.493526458740237,-0.869769811630249,4.741157244581018e-9,0.4934576451778412,-1.3127213982500053e-8,1,-3.274609738923573e-8,-0.4934576451778412,-3.495929234986761e-8,-0.869769811630249],8,1.9625048637390137],[[752.2276611328125,224.8872528076172,46.472900390625,-0.8516979813575745,2.2783215314348128e-9,0.5240329504013062,-2.4384894103945954e-8,1,-4.397984554316281e-8,-0.5240329504013062,-5.023603222298334e-8,-0.8516979813575745],8,1.9739158153533936],[[752.19287109375,224.756591796875,46.45195388793945,-0.8184666633605957,1.6351288101290607e-9,0.5745539665222168,-3.627028988262282e-8,1,-5.45138583163407e-8,-0.5745539665222168,-6.545701580762398e-8,-0.8184666633605957],8,1.9844155311584473],[[752.1698608398438,224.65245