[[[776.0277099609375,222.69961547851563,47.142364501953128,-1.0239632899184878e-13,2.7809928582200884e-8,1,2.476363114567448e-8,1,-2.7809928582200884e-8,-1,2.476363114567448e-8,-1.0308500065928442e-13],8,0.005272865295410156],[[776.0277099609375,222.69961547851563,47.142364501953128,-1.0279743636182337e-13,1.1724257120704351e-8,1,1.044001241012893e-8,1,-1.1724257120704351e-8,-1,1.044001241012893e-8,-1.029198360108334e-13],8,0.015982627868652345],[[776.0277099609375,222.69961547851563,47.142364501953128,-1.0296780518070231e-13,-4.35110658614235e-9,1,-3.874426557359811e-9,1,4.35110658614235e-9,-1,-3.874426557359811e-9,-1.0298465774822088e-13],8,0.027363300323486329],[[776.0277099609375,222.69961547851563,47.142364501953128,-1.029080520884712e-13,-2.041617008785579e-8,1,-1.817969241812989e-8,1,2.041617008785579e-8,-1,-1.817969241812989e-8,-1.0327921514969446e-13],8,0.03818535804748535],[[776.0277099609375,222.69961547851563,47.142364501953128,-1.0274061739172155e-13,-3.112049284936802e-8,1,-2.7711442029954015e-8,1,3.112049284936802e-8,-1,-2.7711442029954015e-8,-1.0360301212850726e-13],8,0.049840688705444339],[[776.0277099609375,222.69961547851563,47.142364501953128,-1.0229837810182829e-13,-4.716840606988626e-8,1,-4.200142811328078e-8,1,4.716840606988626e-8,-1,-4.200142811328078e-8,-1.0427952040282032e-13],8,0.06162238121032715],[[776.0277099609375,222.69961547851563,47.142364501953128,-1.0162725018079619e-13,-6.320603773701805e-8,1,-5.628225707710044e-8,1,6.320603773701805e-8,-1,-5.628225707710044e-8,-1.0518462592893838e-13],8,0.07330751419067383],[[776.0277099609375,222.69961547851563,47.142364501953128,-1.0072766730949423e-13,-7.923339495619075e-8,1,-7.055393780319719e-8,1,7.923339495619075e-8,-1,-7.055393780319719e-8,-1.0631789502599243e-13],8,0.08578157424926758],[[776.0277099609375,222.69961547851563,47.142364501953128,-1.0000123830140179e-13,-8.991259647928018e-8,1,-8.006330887155855e-8,1,8.991259647928018e-8,-1,-8.006330887155855e-8,-1.0719994092715443e-13],8,0.09662342071533203],[[776.0277099609375,222.69961547851563,47.142364501953128,-1.0181990613058328e-13,-6.647683647997838e-8,1,-5.919477885640845e-8,1,6.647683647997838e-8,-1,-5.919477885640845e-8,-1.0575499081056511e-13],8,0.10849952697753906],[[776.0277099609375,222.69961547851563,47.142364501953128,-0.9998215436935425,-3.2980508990476667e-8,0.018891315907239915,-3.129711245719591e-8,1,8.940505580312674e-8,-0.018891315907239915,8.879786150828295e-8,-0.9998215436935425],8,0.1279468536376953],[[776.0277099609375,222.69961547851563,47.142364501953128,-0.9981921911239624,-6.349177628095504e-9,0.06010295823216438,5.384012680131889e-10,1,1.1458014625986834e-7,-0.06010295823216438,1.1440536695772608e-7,-0.9981921911239624],8,0.1532886028289795],[[775.8025512695313,222.69961547851563,47.122684478759769,-0.996484100818634,1.844092345493209e-8,0.08378224074840546,2.4965755685002479e-8,1,7.683076574949155e-8,-0.08378224074840546,7.865232731774086e-8,-0.996484100818634],8,0.16270089149475099],[[775.6046142578125,222.69961547851563,47.105384826660159,-0.9962190985679627,3.29165530388309e-8,0.08687622845172882,3.685958205323914e-8,1,4.378258466886109e-8,-0.08687622845172882,4.68192702385295e-8,-0.9962190985679627],8,0.18323087692260743],[[775.3390502929688,222.69961547851563,47.08217239379883,-0.9958962798118591,5.237272304725593e-8,0.09050223976373673,5.2560260144218776e-8,1,-3.1113558951467726e-10,-0.09050223976373673,4.446962353910067e-9,-0.9958962798118591],8,0.19360995292663575],[[775.1398315429688,222.69961547851563,47.06419372558594,-0.9955706000328064,6.70668640623262e-8,0.09401687234640122,6.421121412358844e-8,1,-3.3398983134702578e-8,-0.09401687234640122,-2.721410830019977e-8,-0.9955706000328064],8,0.21114516258239747],[[774.8743896484375,222.69961547851563,47.03926467895508,-0.9948889017105103,8.685438501743192e-8,0.1009758934378624,7.942553281736764e-8,1,-7.759084752478884e-8,-0.1009758934378624,-6.917420591889823e-8,-0.9948889017105103],8,0.22048020362854005],[[774.74169921875,222.69961547851563,47.02604293823242,-0.9945299029350281,7.164059212527718e-8,0.10445229709148407,6.45117168573961e-8,1,-7.162846316077776e-8,-0.10445229709148407,-6.449825207255344e-8,-0.9945299029350281],8,0.2297658920288086],[[774.4765625,222.69961547851563,46.99836730957031,-0.9937760233879089,4.1199118783197267e-8,0.11139664053916931,3.478715271398869e-8,1,-5.950342085725424e-8,-0.11139664053916931,-5.525789958937821e-8,-0.9937760233879089],8,0.24467253684997559],[[774.2777099609375,222.69961547851563,46.97635269165039,-0.9933804869651794,1.8241690824538638e-8,0.1148703545331955,1.2542299643314437e-8,1,-5.033860972503135e-8,-0.1148703545331955,-4.8564654520077968e-8,-0.9933804869651794],8,0.26471829414367678],[[774.0128173828125,222.69961547851563,46.94587326049805,-0.9925532937049866,-1.2263377868748649e-8,0.12181093543767929,-1.7009249120292226e-8,1,-3.792114355860576e-8,-0.12181093543767929,-3.971067030761333e-8,-0.9925532937049866],8,0.27385759353637698],[[773.8143310546875,222.69961547851563,46.921775817871097,-0.9914519786834717,-3.5031956002740119e-8,0.13047204911708833,-3.9074240731906687e-8,1,-2.842200252928251e-8,-0.13047204911708833,-3.327714637180179e-8,-0.9914519786834717],8,0.28525662422180178],[[773.6160278320313,222.69961547851563,46.89602279663086,-0.9909900426864624,-5.8016397019855506e-8,0.13393564522266389,-6.109178229962709e-8,1,-1.8851954664000915e-8,-0.13393564522266389,-2.6864466207143779e-8,-0.9909900426864624],8,0.29871582984924319],[[773.4177856445313,222.69961547851563,46.869384765625,-0.9900301098823547,-8.0913423516904e-8,0.14085598289966584,-8.302785658997891e-8,1,-9.134542899857934e-9,-0.14085598289966584,-2.07384420747303e-8,-0.9900301098823547],8,0.3109865188598633],[[773.2197265625,222.69961547851563,46.84148406982422,-0.989531934261322,-1.0391181604063604e-7,0.14431406557559968,-1.0491582003169242e-7,1,6.531755691874253e-10,-0.14431406557559968,-1.449449005264114e-8,-0.989531934261322],8,0.32222771644592287],[[773.0877685546875,222.69961547851563,46.82237243652344,-0.9887624382972717,-1.1920715081714661e-7,0.14949528872966767,-1.1946563915898879e-7,1,7.251139244601745e-9,-0.14949528872966767,-1.0689896967619461e-8,-0.9887624382972717],8,0.33373522758483889],[[772.8900146484375,222.69961547851563,46.79269027709961,-0.9884998798370361,-8.918538441093915e-8,0.1512216180562973,-8.86320279391839e-8,1,1.0399517691439542e-8,-0.1512216180562973,-3.1231572883427818e-9,-0.9884998798370361],8,0.34609532356262209],[[772.6922607421875,222.69961547851563,46.76252365112305,-0.9882339835166931,-5.9196111124038e-8,0.15294961631298066,-5.7812741260931946e-8,1,1.349200129396877e-8,-0.15294961631298066,4.4908179397396e-9,-0.9882339835166931],8,0.3574795722961426],[[772.49462890625,222.69961547851563,46.73200607299805,-0.9882344007492065,-2.9231634002258035e-8,0.15294702351093293,-2.701320411802044e-8,1,1.6582582418323e-8,-0.15294702351093293,1.2255888748313737e-8,-0.9882344007492065],8,0.3701629638671875],[[772.2970581054688,222.69961547851563,46.701419830322269,-0.9884997606277466,7.35056071565765e-10,0.1512225717306137,3.761157607584664e-9,1,1.972488128387795e-8,-0.1512225717306137,2.0066812211894104e-8,-0.9884997606277466],8,0.38179969787597659],[[772.0993041992188,222.69961547851563,46.671112060546878,-0.989021897315979,3.073121490615449e-8,0.14776922762393952,3.450464802767783e-8,1,2.2972560742573479e-8,-0.14776922762393952,2.781909103077851e-8,-0.989021897315979],8,0.3935556411743164],[[771.9674682617188,222.69961547851563,46.65128707885742,-0.9895318746566773,5.076824649563605e-8,0.14431431889533997,5.498168675899251e-8,1,2.520805253425351e-8,-0.14431431889533997,3.287881611413468e-8,-0.9895318746566773],8,0.4040813446044922],[[771.7035522460938,222.69961547851563,46.612648010253909,-0.9907543659210205,9.090801000866122e-8,0.13566778600215913,9.586894123003731e-8,1,3.0033397990791857e-8,-0.13566778600215913,4.276204990105725e-8,-0.9907543659210205],8,0.41828298568725588],[[771.5054321289063,222.69961547851563,46.58518600463867,-0.9921214580535889,8.830074449406311e-8,0.12527985870838166,9.219149177397412e-8,1,2.525876041659103e-8,-0.12527985870838166,3.6609495879247336e-8,-0.9921214580535889],8,0.43181872367858889],[[771.3070678710938,222.69961547851563,46.55971908569336,-0.9933794140815735,6.91768917704394e-8,0.11487958580255509,7.147844627297673e-8,1,1.5915178508407736e-8,-0.11487958580255509,2.402122412092922e-8,-0.9933794140815735],8,0.44435811042785647],[[771.1084594726563,222.69961547851563,46.53632354736328,-0.9937742948532105,4.977027856511995e-8,0.11141226440668106,5.081139775597876e-8,1,6.505403327139447e-9,-0.11141226440668106,1.212591538291008e-8,-0.9937742948532105],8,0.4571549892425537],[[770.9760131835938,222.69961547851563,46.52132797241211,-0.9945288300514221,3.686742289232825e-8,0.10446221381425858,3.708488804932131e-8,1,1.394543647226243e-10,-0.10446221381425858,4.012661314334309e-9,-0.9945288300514221],8,0.4675617218017578],[[770.6445922851563,222.69961547851563,46.4862060546875,-0.9945286512374878,4.42565761815672e-9,0.10446435213088989,2.7942277380788029e-9,1,-1.5763445659899845e-8,-0.10446435213088989,-1.5385300144998838e-8,-0.9945286512374878],8,0.48741984367370608],[[770.5120239257813,222.69961547851563,46.47227478027344,-0.9947091937065125,-8.568168397005138e-9,0.1027308851480484,-1.0900686575610053e-8,1,-2.2143726852164037e-8,-0.1027308851480484,-2.3146405681018224e-8,-0.9947091937065125],8,0.4973158836364746],[[770.2468872070313,222.69961547851563,46.44480895996094,-0.9948866367340088,-3.4525868386481309e-8,0.10099781304597855,-3.8250703937592337e-8,1,-3.4943784754659649e-8,-0.10099781304597855,-3.862834319079411e-8,-0.9948866367340088],8,0.5100727081298828],[[770.0478515625,222.69961547851563,46.42454147338867,-0.9950611591339111,-5.401665603699257e-8,0.099263496696949,-5.873112840504291e-8,1,-4.457236357779948e-8,-0.099263496696949,-5.018208781848443e-8,-0.9950611591339111],8,0.5226001739501953],[[769.782470703125,223.56251525878907,46.397579193115237,-0.9954016804695129,-8.007016560895863e-8,0.09578897804021836,-8.597298517543095e-8,1,-5.7496059469031027e-8,-0.09578897804021836,-6.546693498421519e-8,-0.9954016804695129],3,0.5419681072235107],[[769.51708984375,224.37091064453126,46.371826171875,-0.9833481311798096,-1.0590373733521119e-7,0.1817319244146347,-1.1878573502599466e-7,1,-6.000038155207221e-8,-0.1817319244146347,-8.058842126956734e-8,-0.9833481311798096],5,0.5638773441314697],[[769.25146484375,225.1248016357422,46.34746170043945,-0.9768254160881043,-1.387279837672395e-7,0.21403768658638,-1.5407375997256168e-7,1,-5.5014549360521417e-8,-0.21403768658638,-8.671720053143872e-8,-0.9768254160881043],5,0.5736589431762695],[[769.11865234375,225.4813232421875,46.335723876953128,-0.9887802004814148,-1.31216012277946e-7,0.1493777334690094,-1.3887888883346023e-7,1,-4.086746940856756e-8,-0.1493777334690094,-6.115435979836548e-8,-0.9887802004814148],5,0.5847601890563965],[[768.85302734375,226.15347290039063,46.313270568847659,-0.9777064919471741,-1.0176342613021916e-7,0.2099761962890625,-1.0762946089926118e-7,1,-1.6509460465385929e-8,-0.2099761962890625,-3.8741031715971988e-8,-0.9777064919471741],5,0.6000106334686279],[[768.587158203125,226.7711181640625,46.29215621948242,-0.9791151285171509,-7.55094688997815e-8,0.20330649614334107,-7.626309894703809e-8,1,4.127349573224137e-9,-0.20330649614334107,-1.1463632709762806e-8,-0.9791151285171509],5,0.6149947643280029],[[768.3212890625,227.33425903320313,46.2728271484375,-0.9801630973815918,-4.8028184096438056e-8,0.19819270074367524,-4.469785963578943e-8,1,2.1277227091331953e-8,-0.19819270074367524,1.199636212589894e-8,-0.9801630973815918],5,0.6301698684692383],[[768.1217041015625,227.72084045410157,46.25938415527344,-0.9878993034362793,-2.588888747823148e-8,0.15509648621082307,-2.1096896674066558e-8,1,3.254282887610316e-8,-0.15509648621082307,2.8876984359271775e-8,-0.9878993034362793],5,0.6467533111572266],[[767.9220581054688,228.0767822265625,46.247825622558597,-0.9881681799888611,-3.778310109225913e-9,0.1533743292093277,2.700870638250308e-9,1,4.203587877782411e-8,-0.1533743292093277,4.195276304130857e-8,-0.9881681799888611],5,0.6589407920837402],[[767.7222900390625,228.40206909179688,46.236934661865237,-0.9884352684020996,1.88520576926976e-8,0.15164326131343842,2.671621857075479e-8,1,4.982216950111251e-8,-0.15164326131343842,5.329732388759112e-8,-0.9884352684020996],5,0.6703479290008545],[[767.5225219726563,228.69668579101563,46.226409912109378,-0.9886988997459412,4.2008167611129468e-8,0.14991503953933717,5.097198041426054e-8,1,5.59501778241156e-8,-0.14991503953933717,6.29593444045895e-8,-0.9886988997459412],5,0.6827313899993897],[[767.32275390625,228.9606475830078,46.21623992919922,-0.9892162084579468,6.580958711310814e-8,0.14646278321743012,7.548380409616584e-8,1,6.049466350077637e-8,-0.14646278321743012,7.08978689090145e-8,-0.9892162084579468],5,0.693946361541748],[[767.1895751953125,229.11959838867188,46.20984649658203,-0.9937431216239929,8.435332432554788e-8,0.1116899624466896,9.195513683835088e-8,1,6.291038801009563e-8,-0.1116899624466896,7.278723046511004e-8,-0.9937431216239929],5,0.70458984375],[[766.9898071289063,229.3324737548828,46.200706481933597,-0.989970862865448,1.0661933202982255e-7,0.14127177000045777,1.1695100710085171e-7,1,6.483075765117974e-8,-0.14127177000045777,8.07024349569474e-8,-0.989970862865448],5,0.7155489921569824],[[766.7900390625,229.5146942138672,46.19221115112305,-0.9904590845108032,1.3194325276799646e-7,0.13780707120895387,1.4228282907424728e-7,1,6.517855410947959e-8,-0.13780707120895387,8.416427021984419e-8,-0.9904590845108032],5,0.7264003753662109],[[766.5902709960938,229.666259765625,46.18441390991211,-0.9909346103668213,1.278512087310446e-7,0.1343451887369156,1.3587523994829099e-7,1,5.0558266906364227e-8,-0.1343451887369156,6.835411880956599e-8,-0.9909346103668213],5,0.7379543781280518],[[766.4569702148438,229.75025939941407,46.179649353027347,-0.9960229396820068,1.1778342212664939e-7,0.08909708261489868,1.214988429865116e-7,1,3.627749123324975e-8,-0.08909708261489868,4.695840871704604e-8,-0.9960229396820068],5,0.7521049976348877],[[766.1903686523438,229.87741088867188,46.17313003540039,-0.9897048473358154,8.93998688411557e-8,0.14312335848808289,9.196323702553855e-8,1,1.1295133717226236e-8,-0.14312335848808289,2.4340934601241316e-8,-0.9897048473358154],5,0.7719740867614746],[[765.8571166992188,229.95970153808595,46.16918182373047,-0.9864670634269714,5.610928965893436e-8,0.16395941376686097,5.445089357181132e-8,1,-1.4608944276517377e-8,-0.16395941376686097,-5.48350564955058e-9,-0.9864670634269714],5,0.7845385074615479],[[765.7238159179688,229.96878051757813,46.169010162353519,-0.9987107515335083,4.102475870126909e-8,0.050762854516506198,3.983515028949114e-8,1,-2.4446292101742985e-8,-0.050762854516506198,-2.239262819614396e-8,-0.9987107515335083],5,0.7949225902557373],[[765.5238647460938,229.9568328857422,46.17158126831055,-0.997028112411499,2.041219637760605e-8,0.07703877985477448,1.7572032717794174e-8,1,-3.754454880322555e-8,-0.07703877985477448,-3.607924270454532e-8,-0.997028112411499],5,0.8058607578277588],[[765.3905639648438,229.93185424804688,46.17435836791992,-0.9993849992752075,4.375681594837033e-9,0.0350651815533638,2.7736974939074345e-9,1,-4.5734537934549738e-8,-0.0350651815533638,-4.560915201068383e-8,-0.9993849992752075],5,0.8173305988311768],[[765.1906127929688,229.8688201904297,46.180294036865237,-0.9985201954841614,-1.6583136641656894e-8,0.05438225716352463,-1.9693160879796779e-8,1,-5.6652350366448448e-8,-0.05438225716352463,-5.763947541481684e-8,-0.9985201954841614],5,0.8289103507995606],[[764.9908447265625,229.77513122558595,46.18885040283203,-0.9987913370132446,-3.912697010832744e-8,0.04915173351764679,-4.24312460722831e-8,1,-6.618265047109162e-8,-0.04915173351764679,-6.818822839704808e-8,-0.9987913370132446],5,0.839728832244873],[[764.857666015625,229.69564819335938,46.195411682128909,-0.9999236464500427,-5.677935988046556e-8,0.012358361855149269,-5.767405397705261e-8,1,-7.203929186516689e-8,-0.012358361855149269,-7.274654478806042e-8,-0.9999236464500427],5,0.8508815765380859],[[764.6578979492188,229.5508575439453,46.20609664916992,-0.999035120010376,-7.739472351886434e-8,0.043918829411268237,-8.095585002365624e-8,1,-7.930553636015247e-8,-0.043918829411268237,-8.278450280840843e-8,-0.999035120010376],5,0.8620710372924805],[[764.4581298828125,229.37542724609376,46.21722412109375,-0.999035120010376,-1.007884620207733e-7,0.043918393552303317,-1.046306934426866e-7,1,-8.518692595771427e-8,-0.043918393552303317,-8.969993814389454e-8,-0.999035120010376],5,0.8738038539886475],[[764.2583618164063,229.16934204101563,46.228416442871097,-0.999035120010376,-1.246620229267137e-7,0.0439189076423645,-1.287257163085087e-7,1,-8.969885101350883e-8,-0.0439189076423645,-9.526578992335999e-8,-0.999035120010376],5,0.885986328125],[[764.05859375,228.93258666992188,46.23960876464844,-0.999035120010376,-1.2106028179914575e-7,0.04391847178339958,-1.244279701495543e-7,1,-7.39465733090583e-8,-0.04391847178339958,-7.933991241770855e-8,-0.999035120010376],5,0.8987910747528076],[[763.8588256835938,228.66517639160157,46.25080108642578,-0.9988753795623779,-1.0343954670588573e-7,0.047412462532520297,-1.0591794108449904e-7,1,-4.9760817688593309e-8,-0.047412462532520297,-5.4726687181982928e-8,-0.9988753795623779],5,0.9100203514099121],[[763.7256469726563,228.46987915039063,46.25791931152344,-0.9998742938041687,-9.304814341248857e-8,0.01585478149354458,-9.360886821241366e-8,1,-3.462448816549113e-8,-0.01585478149354458,-3.610428578326719e-8,-0.9998742938041687],5,0.9219965934753418],[[763.4592895507813,228.03839111328126,46.271541595458987,-0.9963055849075317,-6.66321824382976e-8,0.08587862551212311,-6.756047810085875e-8,1,-7.903030230238528e-9,-0.08587862551212311,-1.3675833798743043e-8,-0.9963055849075317],5,0.9344563484191895],[[763.3261108398438,227.80221557617188,46.2779655456543,-0.9997389912605286,-5.4759947687443858e-8,0.022845430299639703,-5.466869978931754e-8,1,4.6187165203548378e-9,-0.022845430299639703,3.3685811917649745e-9,-0.9997389912605286],5,0.9455230236053467],[[763.1263427734375,227.4224090576172,46.28687286376953,-0.9980064630508423,-3.5936292164251429e-8,0.06311206519603729,-3.464698750121897e-8,1,2.1523222315522618e-8,-0.06311206519603729,1.9293672437470378e-8,-0.9980064630508423],5,0.9578404426574707],[[762.926513671875,227.01193237304688,46.29450607299805,-0.9976624250411987,-1.6681783066019308e-8,0.06833501905202866,-1.4206132270544458e-8,1,3.671409487537858e-8,-0.06833501905202866,3.5657496511021239e-8,-0.9976624250411987],5,0.9694249629974365],[[762.59326171875,226.2596893310547,46.30524444580078,-0.9886590838432312,1.285781170423661e-8,0.15017713606357575,2.1652979853570288e-8,1,5.6930137048993859e-8,-0.15017713606357575,5.953627990606947e-8,-0.9886590838432312],5,0.9889488220214844],[[762.4599609375,225.93495178222657,46.30789566040039,-0.9983310103416443,3.220134914272421e-8,0.057751525193452838,3.5987362423384187e-8,1,6.45169109247945e-8,-0.057751525193452838,6.6487558569861e-8,-0.9983310103416443],5,1.0004234313964844],[[762.260009765625,225.42230224609376,46.31001281738281,-0.9950203895568848,5.037782102590427e-8,0.09967165440320969,5.806353087223215e-8,1,7.420942438329803e-8,-0.09967165440320969,7.9627177740349e-8,-0.9950203895568848],5,1.0111727714538575],[[762.126708984375,225.06349182128907,46.31034469604492,-0.9966198801994324,6.61902461729369e-8,0.08215111494064331,7.300484838879129e-8,1,7.994825779178427e-8,-0.08215111494064331,8.567545251025877e-8,-0.9966198801994324],5,1.021733283996582],[[761.860107421875,224.3050079345703,46.30685043334961,-0.9878780841827393,8.880643065367622e-8,0.15523168444633485,1.037954859839374e-7,1,8.845397303502978e-8,-0.15523168444633485,1.0349408796628268e-7,-0.9878780841827393],5,1.0343210697174073],[[761.726806640625,223.90533447265626,46.3040885925293,-0.9950330853462219,1.0963811547526348e-7,0.09954497218132019,1.1940964839141089e-7,1,9.220390495556785e-8,-0.09954497218132019,1.036325585346276e-7,-0.9950330853462219],5,1.0463786125183106],[[761.52685546875,223.2802734375,46.297908782958987,-0.9906955361366272,1.1640082675512531e-7,0.13609693944454194,1.2931910475799669e-7,1,8.607860024767433e-8,-0.13609693944454194,1.0287762108873722e-7,-0.9906955361366272],5,1.0586063861846924],[[761.326904296875,222.6245574951172,46.29075241088867,-0.9965852499008179,5.843414996320462e-8,0.08257034420967102,6.174933986358156e-8,1,3.7596198154687957e-8,-0.08257034420967102,4.2566476565752967e-8,-0.9965852499008179],7,1.0717902183532715],[[760.9939575195313,222.2246856689453,46.27601623535156,-0.9979273080825806,-5.0600615253415529e-8,0.06435154378414154,-5.314979034665157e-8,1,-3.790136560155588e-8,-0.06435154378414154,-4.124307650954506e-8,-0.9979273080825806],7,1.088592290878296],[[760.8607788085938,222.2669677734375,46.26894760131836,-0.9975398778915405,-8.034319876060181e-8,0.07010118663311005,-8.459123534976243e-8,1,-5.762998256386709e-8,-0.07010118663311005,-6.341815605992451e-8,-0.9975398778915405],7,1.1020605564117432],[[760.5946655273438,222.36099243164063,46.2509651184082,-0.9970428347587586,-6.980841504855562e-8,0.07684818655252457,-7.372612742528872e-8,1,-4.814287279941709e-8,-0.07684818655252457,-5.366622346514305e-8,-0.9970428347587586],8,1.1154167652130128],[[760.395263671875,222.4111785888672,46.23590850830078,-0.9953981637954712,-5.069562192261401e-8,0.09582553803920746,-5.4223622925064777e-8,1,-3.4212927602084167e-8,-0.09582553803920746,-3.92514927227694e-8,-0.9953981637954712],8,1.1290478706359864],[[760.1961059570313,222.44464111328126,46.217491149902347,-0.9929670691490173,-3.172461404687965e-8,0.11839079856872559,-3.442201190750893e-8,1,-2.0739031825200983e-8,-0.11839079856872559,-2.4668425524509986e-8,-0.9929670691490173],8,1.1409459114074708],[[759.93115234375,222.47157287597657,46.18684768676758,-0.9912170171737671,-7.305342553109995e-9,0.13224537670612336,-7.79136311024331e-9,1,-3.15768233782876e-9,-0.13224537670612336,-4.160320088431035e-9,-0.9912170171737671],8,1.1570992469787598],[[759.7328491210938,222.4834442138672,46.16094207763672,-0.9862825870513916,1.0877023726152402e-8,0.16506555676460267,1.2592946241340997e-8,1,9.348893215133103e-9,-0.16506555676460267,1.1299312596690925e-8,-0.9862825870513916],8,1.1716225147247315],[[759.4696655273438,222.4928436279297,46.11824035644531,-0.9788559675216675,3.445009255642617e-8,0.20455071330070496,4.0399129375146006e-8,1,2.4907453877176523e-8,-0.20455071330070496,3.2644479119881e-8,-0.9788559675216675],8,1.1876084804534913],[[759.2736206054688,222.49696350097657,46.07884979248047,-0.9681257605552673,5.088632804017834e-8,0.2504645586013794,6.176465205953719e-8,1,3.5572373491277179e-8,-0.2504645586013794,4.990838675666964e-8,-0.9681257605552673],8,1.2004868984222413],[[759.07958984375,222.4995574951172,46.03057861328125,-0.9617123007774353,6.76526070719774e-8,0.27406105399131777,8.337069345998316e-8,1,4.570520317770388e-8,-0.27406105399131777,6.680392061753082e-8,-0.9617123007774353],8,1.2118024826049805],[[758.886962890625,222.501220703125,45.97676086425781,-0.9460392594337463,8.205132928651438e-8,0.32405203580856326,1.0546359874297196e-7,1,5.468681152365207e-8,-0.32405203580856326,8.591155875592449e-8,-0.9460392594337463],8,1.2220849990844727],[[758.76025390625,222.50196838378907,45.93531799316406,-0.9366148114204407,6.726037327098311e-8,0.3503607511520386,8.851279886812336e-8,1,4.4645471319881838e-8,-0.3503607511520386,7.282702085831261e-8,-0.9366148114204407],8,1.2337100505828858],[[758.5724487304688,222.5027313232422,45.86651611328125,-0.9120323657989502,4.388909857766521e-8,0.4101181924343109,6.218100878641053e-8,1,3.126414327425664e-8,-0.4101181924343109,5.401547298333753e-8,-0.9120323657989502],8,1.244483470916748],[[758.3890380859375,222.5032196044922,45.78682327270508,-0.8979208469390869,2.3556845363259528e-8,0.4401569068431854,3.54368268062899e-8,1,1.8771986631804795e-8,-0.4401569068431854,3.245352075964547e-8,-0.8979208469390869],8,1.2569501399993897],[[758.2088623046875,222.5035400390625,45.700050354003909,-0.8684866428375244,2.967117662677765e-9,0.49571260809898379,7.978102622985262e-9,1,7.992045247817714e-9,-0.49571260809898379,1.0895830904189552e-8,-0.8684866428375244],8,1.2692396640777588],[[758.0340576171875,222.5037384033203,45.60308074951172,-0.8542975187301636,-1.583039122010632e-8,0.5197843313217163,-1.975330654602203e-8,1,-2.010082544856573e-9,-0.5197843313217163,-1.1984667480646749e-8,-0.8542975187301636],8,1.2802321910858155],[[757.9195556640625,222.5038299560547,45.53470993041992,-0.8365806341171265,-2.7745389985511794e-8,0.5478438138961792,-3.844199625291367e-8,1,-8.0578415051491e-9,-0.5478438138961792,-2.7801243973613056e-8,-0.8365806341171265],8,1.2918477058410645],[[757.6956787109375,222.50393676757813,45.389869689941409,-0.8346604108810425,-5.227497723581109e-8,0.5507649183273315,-7.583744121575364e-8,1,-2.0014953250324653e-8,-0.5507649183273315,-5.8474292075061388e-8,-0.8346604108810425],8,1.305074691772461],[[757.5842895507813,222.50396728515626,45.31655502319336,-0.8413290977478027,-6.529128171450793e-8,0.5405231714248657,-9.444877235864624e-8,1,-2.621759698229198e-8,-0.5405231714248657,-7.310937633064896e-8,-0.8413290977478027],8,1.3169853687286378],[[757.416259765625,222.50401306152345,45.20808410644531,-0.8506404161453247,-7.2860807165398e-8,0.5257479548454285,-1.0460657051680755e-7,1,-3.0664441652561439e-8,-0.5257479548454285,-8.108110449711603e-8,-0.8506404161453247],8,1.3280839920043946],[[757.2464599609375,222.5040283203125,45.10235595703125,-0.8803483247756958,-5.9560129272995258e-8,0.4743277430534363,-8.002769646964225e-8,1,-2.296327927808761e-8,-0.4743277430534363,-5.817503989646866e-8,-0.8803483247756958],8,1.3422315120697022],[[757.071533203125,222.5040283203125,45.00550842285156,-0.8979212045669556,-4.3777564684432949e-8,0.4401562213897705,-5.577838280146352e-8,1,-1.4329063269258313e-8,-0.4401562213897705,-3.7417571263631547e-8,-0.8979212045669556],8,1.3539996147155762],[[756.8926391601563,222.5040283203125,44.916080474853519,-0.9284182786941528,-2.8499849591412386e-8,0.3715367019176483,-3.226042011306163e-8,1,-3.906246881513198e-9,-0.3715367019176483,-1.5612560133604349e-8,-0.9284182786941528],8,1.3657240867614747],[[756.7130737304688,222.48361206054688,44.82797622680664,-0.9414183497428894,-1.1102674335461416e-8,0.33724093437194826,-9.155311175845782e-9,1,7.364752363514526e-9,-0.33724093437194826,3.8457672602021379e-9,-0.9414183497428894],8,1.3768932819366456],[[756.533447265625,222.43252563476563,44.73994064331055,-0.9626652598381043,7.131918611236188e-9,0.27069470286369326,1.3092281037074827e-8,1,2.021304901234089e-8,-0.27069470286369326,2.300241064290276e-8,-0.9626652598381043],8,1.3890719413757325],[[756.3538208007813,223.08480834960938,44.651912689208987,-0.9715339541435242,2.5858634344899657e-8,0.23690032958984376,3.4863493425518757e-8,1,3.3821962119873208e-8,-0.23690032958984376,4.111835849585077e-8,-0.9715339541435242],3,1.4056522846221924],[[756.10595703125,223.90682983398438,44.55787658691406,-0.9642128944396973,5.171360228928279e-8,0.2651292383670807,6.680793518398787e-8,1,4.791424856875892e-8,-0.2651292383670807,6.391227458379945e-8,-0.9642128944396973],5,1.4261865615844727],[[755.8466796875,224.67434692382813,44.49980926513672,-0.9737389087677002,8.429054076941611e-8,0.22766773402690888,1.003160221557664e-7,1,5.8818482528977259e-8,-0.22766773402690888,8.011256369400144e-8,-0.9737389087677002],5,1.4351420402526856],[[755.7146606445313,225.0376739501953,44.482215881347659,-0.9890396595001221,1.065547010625778e-7,0.1476501226425171,1.1725977344667626e-7,1,6.379853090265897e-8,-0.1476501226425171,8.04126969455865e-8,-0.9890396595001221],5,1.444706916809082],[[755.5155029296875,225.55711364746095,44.4644775390625,-0.9865358471870422,1.2975120000646712e-7,0.16354534029960633,1.4309478046925506e-7,1,6.980888400676122e-8,-0.16354534029960633,9.22714491480292e-8,-0.9865358471870422],5,1.4565203189849854],[[755.3159790039063,226.0458984375,44.45085525512695,-0.9907019734382629,1.1448875625319488e-7,0.1360497921705246,1.2270687932414149e-7,1,5.2019128560232278e-8,-0.1360497921705246,6.822969567110704e-8,-0.9907019734382629],5,1.467297077178955],[[755.1828002929688,226.35472106933595,44.44498825073242,-0.9957061409950256,1.0507395131753583e-7,0.09257044643163681,1.0934380156868429e-7,1,4.105352857664002e-8,-0.09257044643163681,5.0999254597172697e-8,-0.9957061409950256],5,1.4793076515197755],[[754.8495483398438,227.06716918945313,44.43571853637695,-0.9861786365509033,7.115052369499608e-8,0.16568560898303986,7.526424639081597e-8,1,1.854998110673023e-8,-0.16568560898303986,3.076379684330277e-8,-0.9861786365509033],5,1.4983301162719727],[[754.7162475585938,227.3282928466797,44.43483352661133,-0.9982290863990784,6.123108420297285e-8,0.05948711186647415,6.195568147404629e-8,1,1.033634688951679e-8,-0.05948711186647415,1.4003607162749177e-8,-0.9982290863990784],5,1.5078229904174805],[[754.5162963867188,227.6944580078125,44.435848236083987,-0.9963167905807495,4.1653606785985178e-8,0.08574870973825455,4.17868832869317e-8,1,-2.4064253367761525e-10,-0.08574870973825455,3.343415322376586e-9,-0.9963167905807495],5,1.5196640491485596],[[754.3163452148438,228.0299530029297,44.43838119506836,-0.996891438961029,2.22005276384607e-8,0.07878725230693817,2.1545000450373665e-8,1,-9.170294745786123e-9,-0.07878725230693817,-7.444317162708103e-9,-0.996891438961029],5,1.531294822692871],[[754.1163940429688,228.3347930908203,44.442317962646487,-0.9978951215744019,2.3412110028431245e-9,0.06484882533550263,1.2629245427220326e-9,1,-1.666868598704241e-8,-0.06484882533550263,-1.6551700454670028e-8,-0.9978951215744019],5,1.5428028106689454],[[753.9830932617188,228.52099609375,44.446495056152347,-0.9996530413627625,-1.1706561053870246e-8,0.026339920237660409,-1.226509027674183e-8,1,-2.1043117470753715e-8,-0.026339920237660409,-2.1358877333454985e-8,-0.9996530413627625],5,1.5549709796905518],[[753.7833251953125,228.7747344970703,44.45427322387695,-0.9987034797668457,-3.1371492070775278e-8,0.05090481415390968,-3.274230664374045e-8,1,-2.6095044347584918e-8,-0.05090481415390968,-2.772795326677624e-8,-0.9987034797668457],5,1.5662002563476563],[[753.5835571289063,228.99783325195313,44.46372985839844,-0.9988753795623779,-5.193629704081104e-8,0.0474124401807785,-5.3400970756456448e-8,1,-2.962553757868136e-8,-0.0474124401807785,-3.2124091831065019e-8,-0.9988753795623779],5,1.57780122756958],[[753.3837890625,229.19027709960938,44.47407913208008,-0.999035120010376,-7.279977864982357e-8,0.04391853138804436,-7.42614147952736e-8,1,-3.164921480447447e-8,-0.04391853138804436,-3.488013078367658e-8,-0.999035120010376],5,1.5918300151824952],[[753.1840209960938,229.35205078125,44.48513412475586,-0.9991826415061951,-9.39664204224755e-8,0.040424082428216937,-9.534461753446522e-8,1,-3.216557331597869e-8,-0.040424082428216937,-3.599349795990747e-8,-0.9991826415061951],5,1.603020429611206],[[752.9844360351563,229.48316955566407,44.49688720703125,-0.99955153465271,-1.1568486257829136e-7,0.029945973306894304,-1.1667471966347876e-7,1,-3.1307372694300287e-8,-0.029945973306894304,-3.478726995354009e-8,-0.99955153465271],5,1.615504264831543],[[752.7848510742188,229.58364868164063,44.510467529296878,-0.9997364282608032,-1.3757852457274567e-7,0.022958530113101007,-1.382801144700352e-7,1,-2.8970996268640193e-8,-0.022958530113101007,-3.213806820667742e-8,-0.9997364282608032],5,1.6262645721435547],[[752.58544921875,229.65345764160157,44.52556610107422,-0.9999738335609436,-1.600294865511387e-7,0.007237778045237064,-1.6021679982713977e-7,1,-2.5301217121409537e-8,-0.007237778045237064,-2.646016739049628e-8,-0.9999738335609436],5,1.6393640041351319],[[752.38623046875,229.69261169433595,44.54347229003906,-0.9999773502349854,-1.4769803158287687e-7,-0.006730997934937477,-1.4760183830730967e-7,1,-1.4786063040617137e-8,0.006730997934937477,-1.3792219810682127e-8,-0.9999773502349854],5,1.6541502475738526],[[752.1873168945313,229.70111083984376,44.564208984375,-0.9999773502349854,-1.1781284570133721e-7,-0.006730886176228523,-1.17797362975125e-7,1,-2.6965034649606425e-9,0.006730886176228523,-1.9035617526697026e-9,-0.9999773502349854],5,1.6759939193725587],[[751.8558959960938,229.64715576171876,44.599674224853519,-0.9982064366340637,-6.830764220921992e-8,0.05986585095524788,-6.783626105288931e-8,1,9.90625803609646e-9,-0.05986585095524788,5.827414994996616e-9,-0.9982064366340637],5,1.6852045059204102],[[751.7233276367188,229.6017303466797,44.61387252807617,-0.9990519881248474,-4.737809433663642e-8,-0.04353255406022072,-4.8033506061528899e-8,1,1.4009641446932619e-8,0.04353255406022072,1.6087382093132875e-8,-0.9990519881248474],5,1.6967144012451172],[[751.4581909179688,229.47000122070313,44.6430549621582,-0.9998081922531128,-8.685697494570377e-9,0.019584935158491136,-8.340609092272189e-9,1,1.770177249227345e-8,-0.019584935158491136,1.7535025875758948e-8,-0.9998081922531128],5,1.7121589183807374],[[751.1932983398438,229.2837677001953,44.67316436767578,-0.999920666217804,3.110834967401388e-8,0.01259557344019413,3.132836212671464e-8,1,1.7270087582232919e-8,-0.01259557344019413,1.7663316143057274e-8,-0.999920666217804],5,1.727724552154541],[[750.9947509765625,229.10833740234376,44.69697570800781,-0.9997069239616394,6.150912668090314e-8,-0.024209225550293924,6.11722867915887e-8,1,1.4654241375922084e-8,0.024209225550293924,1.316901254710956e-8,-0.9997069239616394],5,1.7416808605194092],[[750.7301025390625,228.8267364501953,44.72985076904297,-0.9999999403953552,1.0093319957604763e-7,0.00036528860800899565,1.0093573621361429e-7,1,6.936426988346511e-9,-0.00036528860800899565,6.973297050905103e-9,-0.9999999403953552],5,1.7562997341156006],[[750.597900390625,228.66549682617188,44.747215270996097,-0.9969213008880615,1.209134836699377e-7,-0.07840877026319504,1.211078313190228e-7,1,2.276584698535089e-9,0.07840877026319504,-7.226340414945298e-9,-0.9969213008880615],5,1.7677648067474366],[[750.39990234375,228.39808654785157,44.775634765625,-0.9984515309333801,1.5073665338150023e-7,-0.05562854930758476,1.5136738795717975e-7,1,-7.124986378670428e-9,0.05562854930758476,-1.553430273304457e-8,-0.9984515309333801],5,1.7783145904541016],[[750.2022705078125,228.1000213623047,44.806209564208987,-0.996506929397583,1.278209964539201e-7,-0.08350986242294312,1.2947923266892759e-7,1,-1.444079433809975e-8,0.08350986242294312,-2.5203144460306249e-8,-0.996506929397583],5,1.7898077964782715],[[750.0054321289063,227.77130126953126,44.841651916503909,-0.9950714111328125,1.0533539551715876e-7,-0.09916117042303086,1.0788082249746367e-7,1,-2.0307624026827399e-8,0.09916117042303086,-3.0905123793445458e-8,-0.9950714111328125],5,1.8024945259094239],[[749.8092651367188,227.41192626953126,44.8806037902832,-0.9897940158843994,8.217353553163776e-8,-0.14250554144382478,8.66780069941342e-8,1,-2.5401361014587566e-8,0.14250554144382478,-3.749421040311063e-8,-0.9897940158843994],5,1.8143329620361329],[[749.61474609375,227.0218963623047,44.927066802978519,-0.9860128164291382,5.989546281170988e-8,-0.16666965186595918,6.57103669254866e-8,1,-2.9374264798320838e-8,0.16666965186595918,-3.991532437908063e-8,-0.9860128164291382],5,1.8290185928344727],[[749.421630859375,226.60121154785157,44.97893142700195,-0.9763076305389404,3.6850046569725239e-8,-0.2163870483636856,4.501939798728927e-8,1,-3.2824210904891518e-8,0.2163870483636856,-4.178814450028767e-8,-0.9763076305389404],5,1.8416690826416016],[[749.2310791015625,226.1498565673828,45.03958511352539,-0.964560329914093,1.4227151901025082e-8,-0.26386234164237978,2.453053582485154e-8,1,-3.575360096874647e-8,0.26386234164237978,-4.095918981761315e-8,-0.964560329914093],5,1.8557353019714356],[[748.9814453125,225.50038146972657,45.13335418701172,-0.9627270102500916,-1.2844313168614008e-8,-0.2704750597476959,-2.6692859034227469e-9,1,-3.798694336865083e-8,0.2704750597476959,-3.584908014886423e-8,-0.9627270102500916],5,1.8699121475219727],[[748.7972412109375,224.97750854492188,45.21110534667969,-0.9483112096786499,-3.414269045265428e-8,-0.3173419237136841,-2.3083551070612886e-8,1,-3.8609144326073877e-8,0.3173419237136841,-2.9288104386182569e-8,-0.9483112096786499],5,1.8834800720214844],[[748.6146240234375,224.42398071289063,45.29256057739258,-0.9414530992507935,-5.387771295772836e-8,-0.3371439278125763,-4.355112181997356e-8,1,-3.819251404024726e-8,0.3371439278125763,-2.1273464767546103e-8,-0.9414530992507935],5,1.896332025527954],[[748.4336547851563,223.83978271484376,45.377685546875,-0.9414530396461487,-7.258051937242272e-8,-0.33714407682418826,-6.409558750419819e-8,1,-3.629763511980855e-8,0.33714407682418826,-1.2563074136551223e-8,-0.9414530396461487],5,1.9088637828826905],[[748.2529907226563,223.22494506835938,45.463523864746097,-0.9396723508834839,-9.092555330880714e-8,-0.3420758545398712,-8.474707868799669e-8,1,-3.300750250900819e-8,0.3420758545398712,-2.02630712209384e-9,-0.9396723508834839],5,1.922429084777832],[[747.95263671875,222.24485778808595,45.6080436706543,-0.9149243235588074,-1.2095462409433822e-7,-0.4036254584789276,-1.154109554590832e-7,1,-3.806086823487931e-8,0.4036254584789276,1.1759987650350468e-8,-0.9149243235588074],7,1.939866304397583],[[747.772705078125,222.19882202148438,45.695377349853519,-0.9004019498825073,-1.031503842341408e-7,-0.43505898118019106,-9.890890595443125e-8,1,-3.23924140843701e-8,0.43505898118019106,1.386501313760391e-8,-0.9004019498825073],7,1.9511494636535645],[[747.5927124023438,222.27525329589845,45.78257369995117,-0.9083555936813355,-6.836152266487261e-8,-0.4181986451148987,-6.519829298667901e-8,1,-2.1851546350148966e-8,0.4181986451148987,7.4168617913983329e-9,-0.9083555936813355],7,1.9634599685668946],[[747.4113159179688,222.3501739501953,45.86690139770508,-0.9147719740867615,-3.3463816606627009e-8,-0.40397053956985476,-3.1345670947757756e-8,1,-1.1856489123829306e-8,0.40397053956985476,1.8167443105454595e-9,-0.9147719740867615],8,1.980100393295288],[[747.106689453125,222.42994689941407,46.00217056274414,-0.946516752243042,2.4796916520131164e-8,-0.322654664516449,2.6264467933856396e-8,1,-1.9476115165062425e-10,0.322654664516449,-8.658697758789913e-9,-0.946516752243042],8,2.000727415084839],[[746.9185791015625,222.4568634033203,46.06978988647461,-0.971050500869751,6.040271216534166e-8,-0.23887425661087037,6.127916662990174e-8,1,3.75740949465353e-9,0.23887425661087037,-1.0989380960779727e-8,-0.971050500869751],8,2.012559652328491],[[746.725341796875,222.47409057617188,46.12090301513672,-0.9819000959396362,9.580438131706615e-8,-0.18939965963363648,9.642651832564298e-8,1,5.930187452207747e-9,0.18939965963363648,-1.2440297680882395e-8,-0.9819000959396362],8,2.0243124961853029],[[746.5294189453125,222.48504638671876,46.16083526611328,-0.996748685836792,9.549030011157811e-8,-0.08057304471731186,9.554639746056637e-8,1,3.159287720322368e-9,0.08057304471731186,-4.5494483735808448e-9,-0.996748685836792],8,2.037050247192383],[[746.3306884765625,222.4920196533203,46.18171691894531,-0.9996486902236939,7.649515509910998e-8,-0.026503562927246095,7.64901244565408e-8,1,1.2034430119101103e-9,0.026503562927246095,-8.2424056468966e-10,-0.9996486902236939],8,2.047879219055176],[[746.1975708007813,222.49517822265626,46.18757629394531,-0.9964614510536194,6.34027230717038e-8,0.08405114710330963,6.373252858793421e-8,1,1.2407710414663598e-9,-0.08405114710330963,6.593172674485004e-9,-0.9964614510536194],8,2.060420513153076],[[745.931640625,222.49923706054688,46.17040252685547,-0.9905358552932739,3.750887600517672e-8,0.13725435733795167,3.827032557524035e-8,1,2.9088573771929306e-9,-0.13725435733795167,8.134096951550874e-9,-0.9905358552932739],8,2.07246470451355],[[745.7332153320313,222.50100708007813,46.1453971862793,-0.9685408473014832,1.7296487797580086e-8,0.24885474145412446,1.946435190802731e-8,1,6.2507594655869529e-9,-0.24885474145412446,1.089791190622691e-8,-0.9685408473014832],8,