[[[776,222.69961547851563,47,1,4.0598600037355939e-8,7.640291394342413e-14,-4.0598600037355939e-8,1,2.8804741702970206e-8,-7.523347992765411e-14,-2.8804741702970206e-8,1],8,0.007836103439331055],[[776,222.69961547851563,47,1,6.529005958100243e-8,7.755137542342014e-14,-6.529005958100243e-8,1,4.632332561982366e-8,-7.452692570063604e-14,-4.632332561982366e-8,1],8,0.019721031188964845],[[776,222.69961547851563,47,1,8.996569533792354e-8,7.913111219884014e-14,-8.996569533792354e-8,1,6.383068296145211e-8,-7.338854052458058e-14,-6.383068296145211e-8,1],8,0.03175830841064453],[[776,222.69961547851563,47,1,7.15554051566869e-8,7.824514961733004e-14,-7.15554051566869e-8,1,5.07685733452945e-8,-7.461238116061864e-14,-5.07685733452945e-8,1],8,0.06006669998168945],[[776,222.69961547851563,47,1,3.477021692788185e-8,7.711380497913215e-14,-3.477021692788185e-8,1,2.4669452258763159e-8,-7.625604520663382e-14,-2.4669452258763159e-8,1],8,0.06776046752929688],[[776,222.69961547851563,47,1,2.8643937000083498e-8,7.701697894886561e-14,-2.8643937000083498e-8,1,2.0322850957654738e-8,-7.643485724993099e-14,-2.0322850957654738e-8,1],8,0.07545042037963867],[[776,222.69961547851563,47,1,1.0272950490275435e-8,7.688587857742138e-14,-1.0272950490275435e-8,1,7.288618153467041e-9,-7.68110008648841e-14,-7.288618153467041e-9,1],8,0.08736133575439453],[[776,222.69961547851563,47,1,-2.6433708555373415e-8,7.734052520592602e-14,2.6433708555373415e-8,1,-1.8754800379383597e-8,-7.684476698629345e-14,1.8754800379383597e-8,1],8,0.10929656028747559],[[776,222.69961547851563,47,1,-3.8658807710589829e-8,7.770407174688757e-14,3.8658807710589829e-8,1,-2.7428523452499577e-8,-7.664371524593317e-14,2.7428523452499577e-8,1],8,0.11985588073730469],[[776,222.69961547851563,47,1,-5.087868260034156e-8,7.817339576230223e-14,5.087868260034156e-8,1,-3.6098541045248569e-8,-7.63367505058482e-14,3.6098541045248569e-8,1],8,0.12968707084655763],[[775.774658203125,222.69961547851563,46.982540130615237,-0.9938117861747742,2.4300685907974186e-8,-0.11107735335826874,2.5272404613474465e-8,1,-7.340162699875918e-9,0.11107735335826874,-1.0101931735562175e-8,-0.9938117861747742],8,0.1508486270904541],[[775.4436645507813,222.69961547851563,46.95689010620117,-0.999639630317688,-2.0091215149897758e-11,0.026843605563044549,4.2716713499757477e-10,1,1.6655901546869246e-8,-0.026843605563044549,1.666136562050724e-8,-0.999639630317688],8,0.17879199981689454],[[775.111328125,222.69961547851563,46.9311408996582,-0.9948611259460449,-2.6811852293917583e-8,0.10124916583299637,-2.2759378381920216e-8,1,4.1179919918477029e-8,-0.10124916583299637,3.8663934276428338e-8,-0.9948611259460449],8,0.1913001537322998],[[774.779541015625,222.69961547851563,46.89823913574219,-0.9935102462768555,-5.2811415685027899e-8,0.11374262720346451,-4.560417821153351e-8,1,6.59664536328819e-8,-0.11374262720346451,6.03512049224264e-8,-0.9935102462768555],8,0.20918035507202149],[[774.5145874023438,222.69961547851563,46.868385314941409,-0.9922608733177185,-7.383462730103929e-8,0.12417090684175492,-6.365255700302441e-8,1,8.596767031576747e-8,-0.12417090684175492,7.739856044963745e-8,-0.9922608733177185],8,0.22488760948181153],[[774.3822631835938,222.69961547851563,46.852195739746097,-0.9904289245605469,-8.509847759796685e-8,0.1380237638950348,-7.253039058241484e-8,1,9.60869357413685e-8,-0.1380237638950348,8.515636551464923e-8,-0.9904289245605469],8,0.23858189582824708],[[774.1180419921875,222.69961547851563,46.81599044799805,-0.9891854524612427,-5.600350760914807e-8,0.1466701477766037,-4.752966731302877e-8,1,6.127937268729511e-8,-0.1466701477766037,5.364548272268621e-8,-0.9891854524612427],8,0.25240540504455569],[[773.9201049804688,222.69961547851563,46.78699493408203,-0.985893964767456,-3.475565790722612e-8,0.1673712283372879,-2.9344025875843728e-8,1,3.4806237891871208e-8,-0.1673712283372879,2.9403912193970428e-8,-0.985893964767456],8,0.2666306495666504],[[773.6571044921875,222.69961547851563,46.74319076538086,-0.9811705946922302,-5.72308689328338e-9,0.19314317405223847,-6.047005562948016e-9,1,-1.087572698565964e-9,-0.19314317405223847,-2.2350321593478385e-9,-0.9811705946922302],8,0.2954676151275635],[[773.264404296875,222.69961547851563,46.6669807434082,-0.969278872013092,3.9045037425466947e-8,0.24596437811851502,2.589910685912855e-8,1,-5.668129787750331e-8,-0.24596437811851502,-4.856972779521129e-8,-0.969278872013092],8,0.3073608875274658],[[773.070068359375,222.69961547851563,46.619789123535159,-0.9586178660392761,6.326220614027989e-8,0.28469592332839968,4.0728572514581177e-8,1,-8.506994930712608e-8,-0.28469592332839968,-6.99543178939166e-8,-0.9586178660392761],8,0.3304586410522461],[[772.81396484375,222.69961547851563,46.545501708984378,-0.9447038173675537,7.015071190608069e-8,0.32792478799819949,4.290615152058308e-8,1,-9.031674608195317e-8,-0.32792478799819949,-7.125258605356066e-8,-0.9447038173675537],8,0.3378136157989502],[[772.6244506835938,222.69961547851563,46.48158645629883,-0.9418030381202698,5.4159944085085957e-8,0.33616524934768679,3.284496230548939e-8,1,-6.909238692287545e-8,-0.33616524934768679,-5.403008529469844e-8,-0.9418030381202698],8,0.34917664527893069],[[772.498779296875,222.69961547851563,46.43712615966797,-0.939431369304657,4.3468318722261759e-8,0.34273701906204226,2.6240050132742e-8,1,-5.49038787767131e-8,-0.34273701906204226,-4.2584989756733196e-8,-0.939431369304657],8,0.3585324287414551],[[772.310791015625,222.69961547851563,46.3688850402832,-0.9382277727127075,2.7024078974591249e-8,0.3460182249546051,1.6412384340469545e-8,1,-3.359800970770266e-8,-0.3460182249546051,-2.584360281332465e-8,-0.9382277727127075],8,0.3691985607147217],[[772.1856689453125,222.69961547851563,46.3228759765625,-0.9376214742660523,1.6013247616797345e-8,0.34765779972076418,9.888929675128111e-9,1,-1.9390254735185409e-8,-0.34765779972076418,-1.4742756349050979e-8,-0.9376214742660523],8,0.37914252281188967],[[771.9356689453125,222.69961547851563,46.23025131225586,-0.9370132088661194,-6.058804569164522e-9,0.34929385781288149,-3.1000280120707659e-9,1,9.029752945366454e-9,-0.34929385781288149,7.378177180328294e-9,-0.9370132088661194],8,0.3922421932220459],[[771.6856689453125,223.56251525878907,46.13755416870117,-0.9394305944442749,-2.8085990422255237e-8,0.3427392840385437,-1.627594592434889e-8,1,3.733411801931652e-8,-0.3427392840385437,2.9494406916796835e-8,-0.9394305944442749],3,0.40990519523620608],[[771.4978637695313,224.17391967773438,46.06882095336914,-0.9216665029525757,-4.459780100773969e-8,0.3879830539226532,-2.31589112331676e-8,1,5.993305052243159e-8,-0.3879830539226532,4.62530174161202e-8,-0.9216665029525757],5,0.4337160587310791],[[771.2462768554688,224.94143676757813,45.98040771484375,-0.9032613635063171,-6.549647935116809e-8,0.42909082770347597,-2.8686626407647965e-8,1,9.225309582916452e-8,-0.42909082770347597,7.10194854036672e-8,-0.9032613635063171],5,0.4411587715148926],[[771.0565795898438,225.4813232421875,45.91716384887695,-0.9217337965965271,-7.562201176369854e-8,0.3878231346607208,-3.249046542919132e-8,1,1.1777134290014146e-7,-0.3878231346607208,9.595327554734468e-8,-0.9217337965965271],5,0.4521052837371826],[[770.9293823242188,225.82420349121095,45.87720489501953,-0.9369714260101318,-8.01925921223301e-8,0.34940600395202639,-3.5068541848204407e-8,1,1.354709553424982e-7,-0.34940600395202639,1.1467925986607952e-7,-0.9369714260101318],5,0.46106696128845217],[[770.7379150390625,226.31298828125,45.81951141357422,-0.9274168014526367,-8.50968930876661e-8,0.3740295171737671,-3.2716311437752668e-8,1,1.4639282142070443e-7,-0.3740295171737671,1.2353029887890444e-7,-0.9274168014526367],5,0.47444796562194826],[[770.5459594726563,226.7711181640625,45.763301849365237,-0.9312722086906433,-6.215891090732839e-8,0.3643241822719574,-1.7957571429860765e-8,1,1.2471180355078105e-7,-0.3643241822719574,1.0959825402778734e-7,-0.9312722086906433],5,0.4885256290435791],[[770.3534545898438,227.19857788085938,45.708988189697269,-0.9337919354438782,-4.0293414826919619e-8,0.3578164279460907,-3.6947762627193016e-9,1,1.0296694341604962e-7,-0.3578164279460907,9.482764795620824e-8,-0.9337919354438782],5,0.5115141868591309],[[770.0318603515625,227.8428955078125,45.62107849121094,-0.9086285829544067,-1.1369599484112314e-8,0.4176052510738373,1.7521172068768466e-8,1,6.534840224503569e-8,-0.4176052510738373,6.669435492767662e-8,-0.9086285829544067],5,0.5206770896911621],[[769.8388671875,228.18861389160157,45.56877899169922,-0.9344199299812317,1.3099729301302432e-8,0.35617318749427798,3.0238268777793567e-8,1,4.2550958312403966e-8,-0.35617318749427798,5.053052731796015e-8,-0.9344199299812317],5,0.531346321105957],[[769.6458740234375,228.50367736816407,45.516544342041019,-0.9344183802604675,3.2832478069622087e-8,0.35617730021476748,4.239535655869986e-8,1,1.9042547094727526e-8,-0.35617730021476748,3.289396843797476e-8,-0.9344183802604675],5,0.5531702041625977],[[769.195556640625,229.11959838867188,45.39467239379883,-0.8788074851036072,7.626281472994379e-8,0.4771765172481537,6.463342572260444e-8,1,-4.078674820107153e-8,-0.4771765172481537,-5.002143588228591e-9,-0.8788074851036072],5,0.5731747150421143],[[769.06689453125,229.26492309570313,45.3598518371582,-0.9457655549049377,8.701849196768308e-8,0.3248499631881714,7.19499837487092e-8,1,-5.839825334419402e-8,-0.3248499631881714,-3.18581037106469e-8,-0.9457655549049377],5,0.5823767185211182],[[768.8095703125,229.5146942138672,45.29021072387695,-0.9220385551452637,1.151549184896794e-7,0.38709813356399538,8.458493283569624e-8,1,-9.600758943406618e-8,-0.38709813356399538,-5.5780031260610488e-8,-0.9220385551452637],5,0.6039657592773438],[[768.4879150390625,229.75025939941407,45.20315933227539,-0.9012025594711304,1.2039291164001043e-7,0.43339815735816958,7.674830015957923e-8,1,-1.1819879830454738e-7,-0.43339815735816958,-7.325849082917557e-8,-0.9012025594711304],5,0.6186587810516357],[[768.3596801757813,229.82064819335938,45.16667175292969,-0.9357101321220398,9.510712573046476e-8,0.3527698814868927,5.970153438283887e-8,1,-1.1124475207680007e-7,-0.3527698814868927,-8.303193510528217e-8,-0.9357101321220398],5,0.6356105804443359],[[768.104248046875,229.92054748535157,45.08997344970703,-0.8943447470664978,6.628968662880652e-8,0.4473784267902374,2.7406450442413189e-8,1,-9.338597806163307e-8,-0.4473784267902374,-7.125820644660053e-8,-0.8943447470664978],5,0.6427140235900879],[[768.0408935546875,229.93701171875,45.0692138671875,-0.9345064163208008,4.9635620058552379e-8,0.3559463620185852,1.922509440532849e-8,1,-8.897308134692139e-8,-0.3559463620185852,-7.630281118053972e-8,-0.9345064163208008],5,0.6506252288818359],[[767.8515625,229.9659423828125,45.004798889160159,-0.8856562972068787,3.050037022944707e-8,0.464341402053833,-3.7423641963130198e-9,1,-7.28231839275395e-8,-0.464341402053833,-6.623404402716915e-8,-0.8856562972068787],5,0.663459062576294],[[767.6653442382813,229.96421813964845,44.931949615478519,-0.8705981373786926,4.50657422490508e-9,0.49199485778808596,-2.5697387329159939e-8,1,-5.463201802058393e-8,-0.49199485778808596,-6.020551523988616e-8,-0.8705981373786926],5,0.683081865310669],[[767.4207153320313,229.91424560546876,44.82581329345703,-0.8009201288223267,-2.5898419409031704e-8,0.5987712144851685,-5.1214669838373086e-8,1,-2.525245079709748e-8,-0.5987712144851685,-5.089106736022586e-8,-0.8009201288223267],5,0.6903901100158691],[[767.3019409179688,229.8688201904297,44.76560974121094,-0.8224596977233887,-4.6899572225811428e-8,0.5688233375549316,-6.371544714056654e-8,1,-9.675790835217413e-9,-0.5688233375549316,-4.4200781701420058e-8,-0.8224596977233887],5,0.698477029800415],[[767.1866455078125,229.8097686767578,44.698787689208987,-0.8072787523269653,-6.507841021630156e-8,0.5901703238487244,-7.557347458941877e-8,1,6.895547688401393e-9,-0.5901703238487244,-3.903459244725127e-8,-0.8072787523269653],5,0.7091703414916992],[[767.0170288085938,229.69564819335938,44.59285354614258,-0.7718793749809265,-9.237118092642049e-8,0.6357689499855042,-9.185954752410908e-8,1,3.3764919749046388e-8,-0.6357689499855042,-3.2339002586923019e-8,-0.7718793749809265],5,0.7187628746032715],[[766.7947998046875,229.49578857421876,44.445560455322269,-0.7218927145004273,-1.3052590475126636e-7,0.6920049786567688,-1.1050984483063076e-7,1,7.333711948831479e-8,-0.6920049786567688,-2.3531828929890254e-8,-0.7218927145004273],5,0.7351021766662598],[[766.6323852539063,229.3101348876953,44.328887939453128,-0.7339372038841248,-1.4485245003470482e-7,0.6792173385620117,-1.1064935989679725e-7,1,9.370015163767676e-8,-0.6792173385620117,-6.3849334708265818e-9,-0.7339372038841248],5,0.7477366924285889],[[766.472412109375,229.0938262939453,44.20892333984375,-0.7122457027435303,-1.2341493516032643e-7,0.7019302248954773,-8.329809020324319e-8,1,9.130000222512536e-8,-0.7019302248954773,6.55858922726793e-9,-0.7122457027435303],5,0.7613162994384766],[[766.263916015625,228.75772094726563,44.042633056640628,-0.6652987599372864,-9.43396472052882e-8,0.7465772032737732,-4.764590855188544e-8,1,8.390409078629091e-8,-0.7465772032737732,2.0249938614824715e-8,-0.6652987599372864],5,0.7773540019989014],[[766.1113891601563,228.46987915039063,43.91325759887695,-0.6770690083503723,-7.06802936178974e-8,0.7359195351600647,-2.127000442442295e-8,1,7.647444277836257e-8,-0.7359195351600647,3.612546350950652e-8,-0.6770690083503723],5,0.7905478477478027],[[765.9614868164063,228.1513671875,43.78086471557617,-0.649602472782135,-4.7622943810665677e-8,0.7602740526199341,4.475675829951342e-9,1,6.646333616799893e-8,-0.7602740526199341,4.657748675640505e-8,-0.649602472782135],5,0.8016819953918457],[[765.8643188476563,227.92201232910157,43.689598083496097,-0.645713210105896,-3.0902750580708019e-8,0.7635800242424011,2.131985077369336e-8,1,5.849977569027942e-8,-0.7635800242424011,5.4053487019700699e-8,-0.645713210105896],5,0.8128297328948975],[[765.72412109375,227.5524139404297,43.547000885009769,-0.6033579707145691,-7.611767216531007e-9,0.7974705100059509,4.582119572660304e-8,1,4.421273303023554e-8,-0.7974705100059509,6.321715062540534e-8,-0.6033579707145691],5,0.8245968818664551],[[765.5421142578125,227.01193237304688,43.35208511352539,-0.5446529984474182,2.4446014990076038e-8,0.8386614918708801,7.67927161859916e-8,1,2.0722742632983683e-8,-0.8386614918708801,7.568979754069005e-8,-0.5446529984474182],5,0.8401298522949219],[[765.4542846679688,226.72125244140626,43.251792907714847,-0.5823543071746826,4.7255198865059359e-8,0.8129351139068604,9.224828545484343e-8,1,7.953875780231101e-9,-0.8129351139068604,7.962383818949093e-8,-0.5823543071746826],5,0.849370002746582],[[765.368896484375,226.4169464111328,43.14939880371094,-0.5651761889457703,6.558478560236836e-8,0.8249702453613281,1.0728506083523826e-7,1,-6.000008934137213e-9,-0.8249702453613281,8.51159143167024e-8,-0.5651761889457703],5,0.8591172695159912],[[765.244384765625,225.93495178222657,42.992889404296878,-0.5000690221786499,8.9997357122229e-8,0.8659855127334595,1.2819850780942944e-7,1,-2.989571257216994e-8,-0.8659855127334595,9.60681347805803e-8,-0.5000690221786499],5,0.8691651821136475],[[765.165283203125,225.59658813476563,42.88558578491211,-0.5077226758003235,1.125704258697624e-7,0.8615205883979797,1.418302275624228e-7,1,-4.707955625349314e-8,-0.8615205883979797,9.828629998764882e-8,-0.5077226758003235],5,0.8797509670257568],[[765.0515747070313,225.06349182128907,42.72110366821289,-0.457133412361145,1.1229759167008524e-7,0.8893981575965881,1.2868181897829346e-7,1,-6.012249542663995e-8,-0.8893981575965881,8.696537179275765e-8,-0.457133412361145],5,0.8892941474914551],[[764.9783325195313,224.69107055664063,42.60968780517578,-0.46654850244522097,1.0695579533148703e-7,0.8844956159591675,1.0897665703168968e-7,1,-6.344056657781039e-8,-0.8844956159591675,6.679127295683429e-8,-0.46654850244522097],5,0.9006683826446533],[[764.837646484375,223.90533447265626,42.383182525634769,-0.36959823966026308,8.562489028918208e-8,0.9291916489601135,6.96296211799563e-8,1,-6.44537649918675e-8,-0.9291916489601135,4.087726779289369e-8,-0.36959823966026308],5,0.913724422454834],[[764.7711791992188,223.49203491210938,42.26764678955078,-0.4195776879787445,7.911815913530518e-8,0.9077194333076477,5.006508274618682e-8,1,-6.401975127801052e-8,-0.9077194333076477,1.8583788730097696e-8,-0.4195776879787445],5,0.9239413738250732],[[764.6747436523438,222.84654235839845,42.092430114746097,-0.4459626376628876,6.451229950243942e-8,0.8950515985488892,2.4840854706553729e-8,1,-5.969958039031553e-8,-0.8950515985488892,-4.38993730256243e-9,-0.4459626376628876],7,0.9358532428741455],[[764.5789184570313,222.45806884765626,41.916893005371097,-0.46794694662094118,4.8729575041761566e-8,0.8837565779685974,1.407644112383366e-9,1,-5.439379435756564e-8,-0.8837565779685974,-2.4209395377283728e-8,-0.46794694662094118],7,0.9478063583374023],[[764.5155029296875,222.45086669921876,41.79961013793945,-0.4826260805130005,3.7891968673875456e-8,0.8758264780044556,-1.4044699625515023e-8,1,-5.100359956600187e-8,-0.8758264780044556,-3.691638639224948e-8,-0.4826260805130005],7,0.9589300155639648],[[764.3868408203125,222.53982543945313,41.5660285949707,-0.4999285042285919,1.6352517562268077e-8,0.8660666942596436,-4.49594637075279e-8,1,-4.483377225028562e-8,-0.8660666942596436,-6.135157093467569e-8,-0.4999285042285919],8,0.9739387035369873],[[764.287353515625,222.60105895996095,41.39250946044922,-0.5552347898483276,-3.2501663582706898e-9,0.8316936492919922,-6.836233268359138e-8,1,-4.173048395728074e-8,-0.8316936492919922,-8.002673723694898e-8,-0.5552347898483276],8,0.9857211112976074],[[764.1784057617188,222.64393615722657,41.22486877441406,-0.5910469889640808,-2.230637896616372e-8,0.8066371083259583,-9.186131677552112e-8,1,-3.965596562238716e-8,-0.8066371083259583,-9.753728136274731e-8,-0.5910469889640808],8,0.9971888065338135],[[764.1008911132813,222.6640625,41.11639404296875,-0.6801374554634094,-4.358529182013626e-8,0.7330846190452576,-1.074929087963028e-7,1,-4.02745641281399e-8,-0.7330846190452576,-1.0619363166597395e-7,-0.6801374554634094],8,1.0082435607910157],[[763.9686889648438,222.68508911132813,40.96662521362305,-0.730423092842102,-4.8463242308116608e-8,0.6829949617385864,-9.634300113248173e-8,1,-3.207624388323893e-8,-0.6829949617385864,-8.92310083600023e-8,-0.730423092842102],8,1.0196151733398438],[[763.8248901367188,222.69851684570313,40.8277587890625,-0.8344369530677795,-5.0879712887308418e-8,0.5511033535003662,-7.047129457760093e-8,1,-1.4378677803961182e-8,-0.5511033535003662,-5.083506593450693e-8,-0.8344369530677795],8,1.0324711799621583],[[763.6790771484375,222.68954467773438,40.69084548950195,-0.8795433044433594,-4.327187497210616e-8,0.47581881284713747,-4.6241275697411768e-8,1,5.4656754677751e-9,-0.47581881284713747,-1.7195169732531214e-8,-0.8795433044433594],8,1.045210599899292],[[763.4844970703125,223.5626678466797,40.50839614868164,-0.9486483931541443,-2.9880006024995967e-8,0.31633245944976809,-1.9069902990054289e-8,1,3.726893282873789e-8,-0.31633245944976809,2.9322682948418334e-8,-0.9486483931541443],3,1.0618762969970704],[[763.3308715820313,224.18429565429688,40.384315490722659,-0.9843583703041077,-1.1974136349124365e-8,0.17617778480052949,-4.887411031440081e-10,1,6.523546147718662e-8,-0.17617778480052949,6.41289688019242e-8,-0.9843583703041077],5,1.0879454612731934],[[762.9951782226563,225.3355712890625,40.19667434692383,-0.9761818647384644,1.4848670737421799e-8,0.21695376932621003,4.165007183587477e-8,1,1.1896256069121591e-7,-0.21695376932621003,1.251652435030337e-7,-0.9761818647384644],5,1.0961024761199952],[[762.9359130859375,225.51553344726563,40.17343521118164,-0.9995474815368652,4.429013245044189e-8,0.030081138014793397,4.817059817696645e-8,1,1.2827526063574624e-7,-0.030081138014793397,1.2966623330612493e-7,-0.9995474815368652],5,1.1048827171325684],[[762.62841796875,226.36424255371095,40.09273910522461,-0.9951367378234863,4.4215088479404588e-8,0.09850287437438965,5.532154645493392e-8,1,1.1002134669979569e-7,-0.09850287437438965,1.149356165797144e-7,-0.9951367378234863],5,1.1244075298309327],[[762.4362182617188,226.83258056640626,40.07306671142578,-0.9998908638954163,5.571820338445832e-8,0.014773906208574772,5.705725669713502e-8,1,9.021479030479895e-8,-0.014773906208574772,9.104790166247767e-8,-0.9998908638954163],5,1.135678768157959],[[762.3056640625,227.12777709960938,40.072120666503909,-0.9992878437042236,6.134561658655002e-8,-0.03773276507854462,5.846590056535206e-8,1,7.742220020645618e-8,0.03773276507854462,7.516098321502796e-8,-0.9992878437042236],5,1.145463228225708],[[762.1075439453125,227.54502868652345,40.08729934692383,-0.9997209310531616,6.170284194695341e-8,-0.023624451830983163,6.033400978822101e-8,1,5.865390306780682e-8,0.023624451830983163,5.721217632981279e-8,-0.9997209310531616],5,1.155947208404541],[[761.9752197265625,227.80615234375,40.10280990600586,-0.9949440360069275,6.647842099027912e-8,-0.10043110698461533,6.21297502334528e-8,1,4.642788198339076e-8,0.10043110698461533,3.995338460072162e-8,-0.9949440360069275],5,1.1661369800567628],[[761.7777709960938,228.1723175048828,40.13432312011719,-0.9961084723472595,6.686597231464475e-8,-0.08813558518886566,6.462832402576169e-8,1,2.82423027186951e-8,0.08813558518886566,2.243634256160476e-8,-0.9961084723472595],5,1.1760985851287842],[[761.5811157226563,228.5078125,40.17086410522461,-0.9926354885101318,6.814038755464935e-8,-0.12113958597183228,6.740501135027444e-8,1,1.0168312414293723e-8,0.12113958597183228,1.928013082519442e-9,-0.9926354885101318],5,1.1908175945281983],[[761.3857421875,228.81265258789063,40.213504791259769,-0.9913108348846436,6.839213284592916e-8,-0.13154010474681855,7.005580471286521e-8,1,-8.019973130046765e-9,0.13154010474681855,-1.7165433519039653e-8,-0.9913108348846436],5,1.200693130493164],[[761.2559204101563,228.9988555908203,40.24373245239258,-0.986379086971283,6.75405260608386e-8,-0.16448788344860078,7.185364836459485e-8,1,-2.0271498257784516e-8,0.16448788344860078,-3.1814437306820767e-8,-0.986379086971283],5,1.210622787475586],[[761.1261596679688,229.17141723632813,40.274314880371097,-0.9842942357063294,6.673559482806013e-8,-0.17653557658195496,7.366235621475426e-8,1,-3.268372594789071e-8,0.17653557658195496,-4.517443130680476e-8,-0.9842942357063294],5,1.221365213394165],[[760.9967041015625,229.3303680419922,40.306121826171878,-0.9842942357063294,6.614527592319064e-8,-0.17653560638427735,7.53296163225059e-8,1,-4.5323641728600708e-8,0.17653560638427735,-5.791016022271833e-8,-0.9842942357063294],5,1.2308058738708497],[[760.8026123046875,229.54324340820313,40.35438919067383,-0.9893772006034851,6.702251198476006e-8,-0.14537125825881959,7.726654160933322e-8,1,-6.482186876155538e-8,0.14537125825881959,-7.53656124174995e-8,-0.9893772006034851],5,1.2421596050262452],[[760.608642578125,229.7254638671875,40.402992248535159,-0.9893763065338135,6.566232713112186e-8,-0.1453770250082016,7.886329456141539e-8,1,-8.504201787218335e-8,0.1453770250082016,-9.560346825310262e-8,-0.9893763065338135],5,1.2532107830047608],[[760.4147338867188,229.8770294189453,40.45166015625,-0.9896302223205566,6.399000085366424e-8,-0.14363843202590943,8.006496443613287e-8,1,-1.0613251788527123e-7,0.14363843202590943,-1.1653235532094186e-7,-0.9896302223205566],5,1.2650506496429444],[[760.2206420898438,229.9979248046875,40.500057220458987,-0.9898810386657715,6.183041278973178e-8,-0.14189963042736054,8.08460711709813e-8,1,-1.2824263251332014e-7,0.14189963042736054,-1.384169792117973e-7,-0.9898810386657715],5,1.2764523029327393],[[760.0265502929688,230.0881805419922,40.54811477661133,-0.9903698563575745,5.9376461081228629e-8,-0.13844707608222962,8.113630656225723e-8,1,-1.5152713217503334e-7,0.13844707608222962,-1.6130098856592668e-7,-0.9903698563575745],5,1.292449712753296],[[759.7675170898438,230.16082763671876,40.6113395690918,-0.995143473148346,3.634346867897875e-8,-0.09843510389328003,4.827928989925567e-8,1,-1.1887373574381854e-7,0.09843510389328003,-1.2304880669944397e-7,-0.995143473148346],5,1.3042635917663575],[[759.5729370117188,230.17955017089845,40.65755844116211,-0.9919899106025696,1.23131043139324e-8,-0.12631697952747346,2.4309095181251906e-8,1,-9.3425875036246e-8,0.12631697952747346,-9.574817738666752e-8,-0.9919899106025696],5,1.318288803100586],[[759.3781127929688,230.1676025390625,40.702701568603519,-0.9936550259590149,-5.978688211172312e-9,-0.11247092485427857,1.5019269161697935e-9,1,-6.642681427138086e-8,0.11247092485427857,-6.617425896138229e-8,-0.9936550259590149],5,1.329817771911621],[[759.1828002929688,230.12501525878907,40.74544143676758,-0.9961089491844177,-2.3070075627629195e-8,-0.08813044428825379,-1.9838928722037964e-8,1,-3.7539148678433779e-8,0.08813044428825379,-3.564466766192709e-8,-0.9961089491844177],5,1.3477535247802735],[[758.9210205078125,230.02053833007813,40.79629898071289,-0.999763548374176,-4.493124095006351e-8,-0.021745165809988977,-4.5041353757824257e-8,1,4.573966538856666e-9,0.021745165809988977,5.552316828527637e-9,-0.999763548374176],5,1.3749337196350098],[[758.5919189453125,229.81329345703126,40.84908676147461,-0.9980658888816834,-7.454296024889118e-8,0.062165308743715289,-7.075963992519974e-8,1,6.30605825335806e-8,-0.062165308743715289,5.853982187886686e-8,-0.9980658888816834],5,1.3823611736297608],[[758.4595336914063,229.70655822753907,40.86471176147461,-0.999717652797699,-7.922699296614155e-8,-0.02376139722764492,-8.13286646916822e-8,1,8.74827819075108e-8,0.02376139722764492,8.93905678367446e-8,-0.999717652797699],5,1.3921570777893067],[[758.1940307617188,229.45220947265626,40.88960647583008,-0.9985772967338562,-8.340769142023419e-8,0.05332299321889877,-7.762268694477825e-8,1,1.1056081916649419e-7,-0.05332299321889877,1.0626445146044716e-7,-0.9985772967338562],5,1.4060826301574708],[[757.9946899414063,229.22567749023438,40.905982971191409,-0.9994798302650452,-6.0708195803727e-8,0.03224984556436539,-5.72853089408909e-8,1,1.0706058617415693e-7,-0.03224984556436539,1.0515745429984236e-7,-0.9994798302650452],5,1.4194202423095704],[[757.7286376953125,228.87594604492188,40.92452621459961,-0.9978508949279785,-3.723146946299494e-8,0.06552521884441376,-3.070198317800532e-8,1,1.0065538447179279e-7,-0.06552521884441376,9.842731429898777e-8,-0.9978508949279785],5,1.4331800937652588],[[757.5955810546875,228.68064880371095,40.933555603027347,-0.999999463558197,-1.7338807722921957e-8,-0.001060606213286519,-1.7442038924286863e-8,1,9.732385564120705e-8,0.001060606213286519,9.734230133062738e-8,-0.999999463558197],5,1.445418119430542],[[757.4625244140625,228.47171020507813,40.94257354736328,-0.999999463558197,-4.171652356887989e-9,-0.001060606213286519,-4.270924502947082e-9,1,9.35974640015047e-8,0.001060606213286519,9.360194042073999e-8,-0.999999463558197],5,1.4549777507781983],[[757.262939453125,228.13278198242188,40.95610046386719,-0.999635636806488,1.2901373303009223e-8,0.026993567124009134,1.5256055974077755e-8,1,8.702530607251902e-8,-0.026993567124009134,8.740541090901388e-8,-0.999635636806488],5,1.464033603668213],[[757.1299438476563,227.88978576660157,40.96563720703125,-0.9999800324440002,2.8789312267463175e-8,-0.006319305393844843,2.8269576901607253e-8,1,8.23349779466298e-8,0.006319305393844843,8.215468483285804e-8,-0.9999800324440002],5,1.4724278450012208],[[756.9970092773438,227.6331787109375,40.9753303527832,-0.999717652797699,4.3138136618381398e-8,-0.023761244490742685,4.130999897711263e-8,1,7.742868035620632e-8,0.023761244490742685,7.642524479933854e-8,-0.999717652797699],5,1.482360601425171],[[756.8766479492188,227.36293029785157,40.972957611083987,-0.9981923699378967,-0.000002902117557823658,-0.0600997693836689,-0.000001521812919236254,1,-0.000023012658857624048,0.0600997693836689,-0.000022879599782754668,-0.9981923699378967],5,1.492943525314331],[[756.7037353515625,226.93202209472657,40.96886444091797,-0.9986820220947266,0.000015615858501405456,-0.051324378699064258,0.000010135519914911129,1,0.00010703875886974856,0.051324378699064258,0.0001063774834619835,-0.9986820220947266],5,1.5029480457305909],[[756.5167236328125,226.470458984375,40.987361907958987,-0.9968370199203491,0.000018183834981755355,-0.07947313040494919,0.00001409649212291697,1,0.000051991522923344749,0.07947313040494919,0.00005070678162155673,-0.9968370199203491],5,1.5152878761291505],[[756.3934326171875,226.14572143554688,40.99485778808594,-0.98429936170578,-0.000008665466339152772,-0.17650727927684785,0.000005406332093116362,1,-0.00007924270903458819,0.17650727927684785,-0.00007895280577940866,-0.98429936170578],5,1.5254650115966797],[[756.1397094726563,225.4553680419922,41.04286575317383,-0.9896383285522461,-0.00001073912517313147,-0.14358249306678773,-0.0000048784158934722658,1,-0.0000411697656090837,0.14358249306678773,-0.00004004272341262549,-0.9896383285522461],5,1.538275957107544],[[756.0113525390625,225.08975219726563,41.07774353027344,-0.9613803625106812,-0.000013286994544614572,-0.27522313594818118,-0.000007376349458354525,1,-0.000022510886992677116,0.27522313594818118,-0.000019611383322626354,-0.9613803625106812],5,1.5491278171539307],[[755.8221435546875,224.51577758789063,41.141849517822269,-0.9614152908325195,-0.000007595481292810291,-0.27510109543800356,-0.000006251519607758382,1,-0.0000057621532505436338,0.27510109543800356,-0.0000038200223571038809,-0.9614152908325195],5,1.5623109340667725],[[755.6358032226563,223.91116333007813,41.21441650390625,-0.9392651319503784,-0.0000032230914257525,-0.34319236874580386,-0.0000036377891774463935,1,5.645727014780277e-7,0.34319236874580386,0.0000017787449451134308,-0.9392651319503784],5,1.5741097927093506],[[755.5144653320313,223.4910430908203,41.269386291503909,-0.9129678606987,-0.0000011930115988434409,-0.40803149342536929,-0.00000205148853638093,1,0.0000016663702808727976,0.40803149342536929,0.0000023584145765198629,-0.9129678606987],5,1.5846736431121827],[[755.218994140625,222.49368286132813,41.42356491088867,-0.8687900900840759,0.0000010680345212676912,-0.495180606842041,0.0000010613018730509794,1,2.948137591829436e-7,0.495180606842041,-2.694048362172907e-7,-0.8687900900840759],7,1.6041839122772217],[[755.047607421875,222.43759155273438,41.52647399902344,-0.8251826167106628,4.7099777589210137e-7,-0.5648660659790039,9.415615522812004e-7,1,-5.416547992354026e-7,0.5648660659790039,-9.788202532945434e-7,-0.8251826167106628],7,1.6142067909240723],[[754.8265380859375,222.53175354003907,41.675479888916019,-0.8120506405830383,-6.107708827585157e-8,-0.5835869908332825,1.6554037074456574e-7,1,-3.350045005845459e-7,0.5835869908332825,-3.686478180497943e-7,-0.8120506405830383],8,1.6330640316009522],[[754.66357421875,222.5958251953125,41.79146957397461,-0.8099859952926636,-8.346401614289789e-8,-0.5864492654800415,-4.9141295477284078e-8,1,-7.444847938131716e-8,0.5864492654800415,-3.148334926095231e-8,-0.8099859952926636],8,1.6429245471954346],[[754.5554809570313,222.62762451171876,41.869529724121097,-0.8191055655479431,-5.069473019148063e-8,-0.5736427903175354,-6.686924081122925e-8,1,7.10937131387368e-9,0.5736427903175354,4.4182385749991229e-8,-0.8191055655479431],8,1.6537213325500489],[[754.4465942382813,222.65182495117188,41.94643783569336,-0.8309465050697327,-2.0368204900478305e-8,-0.5563523173332214,-5.997456753448205e-8,1,5.296545779742701e-8,0.5563523173332214,7.737845209021543e-8,-0.8309465050697327],8,1.6621136665344239],[[754.2808837890625,222.67724609375,42.058433532714847,-0.8471035361289978,1.9797401051846465e-8,-0.5314278602600098,-3.554522365334378e-8,1,9.391281707848975e-8,0.5314278602600098,9.844359993849139e-8,-0.8471035361289978],8,1.6731581687927247],[[754.1685180664063,222.6888885498047,42.13018035888672,-0.8651458024978638,3.5035721879239648e-8,-0.5015203952789307,-1.8639534360431754e-8,1,1.0201307532042847e-7,0.5015203952789307,9.760429264815684e-8,-0.8651458024978638],8,1.6827082633972169],[[753.9962158203125,222.70094299316407,42.23175811767578,-0.9041135907173157,4.0359701358738678e-8,-0.427292138338089,4.82730966311351e-9,1,8.424040487398088e-8,0.427292138338089,7.410022817566642e-8,-0.9041135907173157],8,1.6935052871704102],[[753.8169555664063,222.70860290527345,42.320098876953128,-0.9252564311027527,5.003628444910646e-8,-0.3793421983718872,2.731646553399969e-8,1,6.527496054786752e-8,0.3793421983718872,5.003379044410394e-8,-0.9252564311027527],8,1.7060165405273438],[[753.6943969726563,222.71206665039063,42.37246322631836,-0.9455652832984924,5.614313636215229e-8,-0.3254324197769165,4.1548673834768127e-8,1,5.1796163802464437e-8,0.3254324197769165,3.545536841897956e-8,-0.9455652832984924],8,1.7152962684631348],[[753.5691528320313,222.7146453857422,42.41796112060547,-0.9641466736793518,6.28713294759109e-8,-0.26536989212036135,5.4900041845939998e-8,1,3.74557878046744e-8,0.26536989212036135,2.1544055428535104e-8,-0.9641466736793518],8,1.7252261638641358],[[753.3771362304688,222.71728515625,42.473636627197269,-0.9915809631347656,7.303914628664643e-8,-0.12948836386203767,7.193980877673312e-8,1,1.3167228196664383e-8,0.12948836386203767,3.741005283330878e-9,-0.9915809631347656],8,1.736121654510498],[[753.2459716796875,222.71847534179688,42.49611282348633,-0.9978204965591431,8.176748167443293e-8,-0.06598668545484543,8.218854929964437e-8,1,-3.6664318248114115e-9,0.06598668545484543,-9.081790430798265e-9,-0.9978204965591431],8,1.746830701828003],[[753.046875,222.71971130371095,42.51286697387695,-0.9974345564842224,9.59313837256559e-8,0.07158465683460236,9.3954369617677e-8,1,-3.098496392794914e-8,-0.07158465683460236,-2.4179781732414086e-8,-0.9974345564842224],8,1.7571816444396973],[[752.913818359375,222.72027587890626,42.50874328613281,-0.9918268918991089,1.0624989243979144e-7,0.12759071588516236,1.0075867606929023e-7,1,-4.949204068793733e-8,-0.12759071588516236,-3.62316647795069e-8,-0.9918268918991089],8,1.7675247192382813],[[752.6490478515625,222.72100830078126,42.478267669677737,-0.9845693111419678,7.943723545622561e-8,0.17499493062496186,7.113265354519172e-8,1,-5.372848477236403e-8,-0.17499493062496186,-4.04515674290451e-8,-0.9845693111419678],8,1.7793679237365723],[[752.5174560546875,222.7212371826172,42.45675277709961,-0.9726167917251587,5.969646110770555e-8,0.23241464793682099,4.9662070011891049e-8,1,-4.902573280674005e-8,-0.23241464793682099,-3.614105636984277e-8,-0.9726167917251587],8,1.7910823822021485],[[752.3224487304688,222.72146606445313,42.412750244140628,-0.9701416492462158,2.7126478840955316e-8,0.2425389587879181,1.7552570952261705e-8,1,-4.163453937167105e-8,-0.2425389587879181,-3.613421739601108e-8,-0.9701416492462158],8,1.8031978607177735],[[752.1282958984375,222.72161865234376,42.36476135253906,-0.9709860682487488,-5.9219371628671528e-9,0.23913612961769105,-1.4560974648247793e-8,1,-3.435936690721064e-8,-0.23913612961769105,-3.68445220999547e-8,-0.9709860682487488],8,1.8155505657196046],[[751.9989013671875,222.7216796875,42.33278274536133,-0.9709871411323547,-2.7857996798275054e-8,0.23913170397281648,-3.5958478861175539e-8,1,-2.9511870280884979e-8,-0.23913170397281648,-3.7254459073210458e-8,-0.9709871411323547],8,1.8260996341705323],[[751.8046264648438,222.72174072265626,42.28493881225586,-0.9709872603416443,-6.074424874213946e-8,0.2391311526298523,-6.803756491535751e-8,1,-2.2244531550086323e-8,-0.2391311526298523,-3.786905722336087e-8,-0.9709872603416443],8,1.8357264995574952],[[751.6751098632813,222.72177124023438,42.253055572509769,-0.9709873795509338,-8.265670459195462e-8,0.23913075029850007,-8.941219675762113e-8,1,-1.74022396493001e-8,-0.23913075029850007,-3.827856076554781e-8,-0.9709873795509338],8,1.8466031551361085],[[751.4808349609375,222.72181701660157,42.205230712890628,-0.9709873795509338,-9.823822466614729e-8,0.23913076519966126,-1.0354377621979438e-7,1,-9.62432267215263e-9,-0.23913076519966126,-3.41056001218476e-8,-0.9709873795509338],8,1.8563168048858643],[[751.2865600585938,223.3740997314453,42.157405853271487,-0.9709873795509338,-7.928169054594037e-8,0.23913076519966126,-8.185129729554319e-8,1,-8.149984020988654e-10,-0.23913076519966126,-2.036451718367971e-8,-0.9709873795509338],3,1.8728063106536866],[[751.0275268554688,224.1961212158203,42.0936393737793,-0.9448952078819275,-5.4362494950055409e-8,0.32737287878990176,-5.2025850294512568e-8,1,1.5894775273750385e-8,-0.32737287878990176,-2.012955357955093e-9,-0.9448952078819275],5,1.8965215682983399],[[750.7684936523438,224.96363830566407,42.02987289428711,-0.9323380589485169,-3.097860101775041e-8,0.3615877330303192,-2.1130366789634537e-8,1,3.119009761576308e-8,-0.3615877330303192,2.1439232611442095e-8,-0.9323380589485169],5,1.9035677909851075],[[750.6389770507813,225.32696533203126,41.997989654541019,-0.9530351161956787,-1.6978416894630756e-8,0.30285975337028506,-5.67809665952268e-9,1,3.8192563778238767e-8,-0.30285975337028506,3.467918929800362e-8,-0.9530351161956787],5,1.9127264022827149],[[750.5094604492188,225.67666625976563,41.96610641479492,-0.9529529809951782,-4.03916766700263e-9,0.3031182587146759,9.893734720378689e-9,1,4.442962620032631e-8,-0.3031182587146759,4.533831443609415e-8,-0.9529529809951782],5,1.9205145835876465],[[750.3799438476563,226.0127410888672,41.93422317504883,-0.952924907207489,9.244622845017148e-9,0.30320629477500918,2.5583783980209774e-8,1,4.991585811353616e-8,-0.30320629477500918,5.5323230441217677e-8,-0.952924907207489],5,1.9300565719604493],[[750.1856689453125,226.49130249023438,41.88639831542969,-0.9422869682312012,2.7722895978854468e-8,0.33480626344680788,4.944899245629131e-8,1,5.6367657208511449e-8,-0.33480626344680788,6.967034238414272e-8,-0.9422869682312012],5,1.9408400058746338],[[749.9266357421875,227.08169555664063,41.8226318359375,-0.9306060075759888,5.345711784343621e-8,0.36602240800857546,8.178609789410985e-8,1,6.189107182308362e-8,-0.36602240800857546,8.753175251285939e-8,-0.9306060075759888],5,1.9579493999481202],[[749.6676025390625,227.61758422851563,41.75886535644531,-0.9306046366691589,8.30754700587022e-8,0.3660259544849396,1.1465120763887171e-7,1,6.452950884749953e-8,-0.3660259544849396,1.0201677724808178e-7,-0.9306046366691589],5,1.9730150699615479],[[749.4733276367188,227.98374938964845,41.71104049682617,-0.9422804117202759,1.0985723264411718e-7,0.33482468128204348,1.3969059864393785e-7,1,6.502054361590126e-8,-0.33482468128204348,1.0803945116322211e-7,-0.9422804117202759],5,1.9868690967559815],[[749.2142944335938,228.4242706298828,41.647274017333987,-0.9318755865097046,1.1297475310811933e-7,0.3627779483795166,1.405398109000089e-7,1,4.959195365472624e-8,-0.3627779483795166,9.71982743180888e-8,-0.9318755865097046],5,2.003791332244873],[[749.02001953125,228.71888732910157,41.599998474121097,-0.9434426426887512,1.0158222352174562e-7,0.3315357565879822,1.1741671812615096e-7,1,2.7730687079952078e-8,-0.3315357565879822,6.509015548772368e-8,-0.9434426426887512],5,2.026484251022339],[[748.760986328125,229.06402587890626,41.53712844848633,-0.9318755865097046,7.900271725702624e-8,0.3627780079841614,8.582379962263076e-8,1,2.685901501209287e-9,-0.3627780079841614,3.3637913787742949e-8,-0.9318755865097046],5,2.0327861309051515],[[748.5667114257813,229.28712463378907,41.4899787902832,-0.9434426426887512,6.324453494244153e-8,0.33153581619262698,6.21191915683994e-8,1,-1.3991368064125709e-8,-0.33153581619262698,7.3946839762584208e-9,-0.9434426426887512],5,2.043407440185547],[[748.4371948242188,229.4188232421875,41.45854568481445,-0.9539626240730286,5.1483748819691758e-8,0.2999255359172821,4.633947270349381e-8,1,-2.426477330175203e-8,-0.2999255359172821,-9.24929643986161e-9,-0.9539626240730286],5,2.052328109741211],[[748.3076782226563,229.53689575195313,41.4271125793457,-0.9539626240730286,3.914675517080468e-8,0.2999255359172821,3.0441746901033187e-8,1,-3.369657974872098e-8,-0.2999255359172821,-2.3015021000105663e-8,-0.9539626240730286],5,2.0624592304229738],[[748.1781616210938,229.64134216308595,41.39567947387695,-0.9539626240730286,2.6449489709534647e-8,0.2999255359172821,1.44215723807406e-8,1,-4.231666750342811e-8,-0.2999255359172821,-3.604312226457296e-8,-0.9539626240730286],5,2.0721867084503176],[[747.9191284179688,229.80935668945313,41.33281326293945,-0.931877255