[[[776.0277099609375,222.69961547851563,47.142364501953128,-2.8125823881269136e-14,1.3079280769545676e-8,1,9.457053806727345e-8,1,-1.3079280769545676e-8,-1,9.457053806727345e-8,-2.936273931788101e-14],8,0.007956981658935547],[[776.0277099609375,222.69961547851563,47.142364501953128,-2.7779006241015863e-14,1.6633650901098919e-8,1,1.202706272351861e-7,1,-1.6633650901098919e-8,-1,1.202706272351861e-7,-2.977954729056591e-14],8,0.024653196334838868],[[776.0277099609375,222.69961547851563,47.142364501953128,-2.829983832995306e-14,1.2124231396626329e-8,1,8.766500769752384e-8,1,-1.2124231396626329e-8,-1,8.766500769752384e-8,-2.936270882469491e-14],8,0.03624987602233887],[[776.0277099609375,222.69961547851563,47.142364501953128,-2.869191294057813e-14,7.617700248374604e-9,1,5.5080274563579226e-8,1,-7.617700248374604e-9,-1,5.5080274563579226e-8,-2.911149579319823e-14],8,0.04883289337158203],[[776.0277099609375,222.69961547851563,47.142364501953128,-2.894065263586883e-14,3.1140563461207195e-9,1,2.2516424280638604e-8,1,-3.1140563461207195e-9,-1,2.2516424280638604e-8,-2.901077002324254e-14],8,0.0622098445892334],[[776.0277099609375,222.69961547851563,47.142364501953128,-2.904512906771496e-14,-2.886313632544102e-9,1,-2.0869574512971668e-8,1,2.886313632544102e-9,-1,-2.0869574512971668e-8,-2.91053666627919e-14],8,0.07627987861633301],[[776.0277099609375,222.69961547851563,47.142364501953128,-2.895283974591392e-14,-7.3832273628227089e-9,1,-5.3384738407658008e-8,1,7.3832273628227089e-9,-1,-5.3384738407658008e-8,-2.934699128132566e-14],8,0.09144735336303711],[[776.0277099609375,222.69961547851563,47.142364501953128,-2.860264583233289e-14,-1.3374630292162238e-8,1,-9.670588241306177e-8,1,1.3374630292162238e-8,-1,-9.670588241306177e-8,-2.9896051590263056e-14],8,0.11738181114196778],[[776.0277099609375,222.69961547851563,47.142364501953128,-0.9889162182807922,-8.083441827011484e-8,0.14847466349601746,-8.795965555918883e-8,1,-4.1423298569043257e-8,-0.14847466349601746,-5.402395331088883e-8,-0.9889162182807922],8,0.13477873802185059],[[776.0277099609375,222.69961547851563,47.142364501953128,-0.9736765027046204,-2.995595949073504e-8,0.22793430089950562,-4.324219560203346e-8,1,-5.329583885327338e-8,-0.22793430089950562,-6.174928302016269e-8,-0.9736765027046204],8,0.15470671653747559],[[776.0277099609375,222.69961547851563,47.142364501953128,-0.9581332802772522,1.874889044017891e-8,0.2863226532936096,-1.5678139342334419e-10,1,-6.600632929121275e-8,-0.2863226532936096,-6.328775015163046e-8,-0.9581332802772522],8,0.16458892822265626],[[776.0277099609375,222.69961547851563,47.142364501953128,-0.9499810338020325,5.408099923442933e-8,0.3123076260089874,3.1821276280652458e-8,1,-7.63714567142415e-8,-0.3123076260089874,-6.261340956825734e-8,-0.9499810338020325],8,0.17698383331298829],[[776.0277099609375,222.69961547851563,47.142364501953128,-0.930375874042511,9.119184340988795e-8,0.36660706996917727,6.312131972663338e-8,1,-8.855608513158586e-8,-0.36660706996917727,-5.924971802073742e-8,-0.930375874042511],8,0.18976235389709474],[[776.0277099609375,222.69961547851563,47.142364501953128,-0.9183841943740845,7.868428042456799e-8,0.39568984508514407,5.81239198993444e-8,1,-6.394955676114478e-8,-0.39568984508514407,-3.5731218872570028e-8,-0.9183841943740845],8,0.20216012001037599],[[776.0277099609375,222.69961547851563,47.142364501953128,-0.8885181546211243,6.666977725444667e-8,0.4588414132595062,5.485838627805606e-8,1,-3.907036472128311e-8,-0.4588414132595062,-9.543427381686343e-9,-0.8885181546211243],8,0.2149195671081543],[[775.8841552734375,222.69961547851563,47.06820297241211,-0.8543165922164917,4.8098169003196747e-8,0.5197529792785645,5.283231629960028e-8,1,-5.70010216804917e-9,-0.5197529792785645,2.259006315341594e-8,-0.8543165922164917],8,0.23128032684326173],[[775.715087890625,222.69961547851563,46.9681396484375,-0.8179615139961243,3.219820854383215e-8,0.5752729177474976,5.297601290976672e-8,1,1.9354521541004034e-8,-0.5752729177474976,4.630691918805496e-8,-0.8179615139961243],8,0.2536623477935791],[[775.4411010742188,222.69961547851563,46.77880096435547,-0.7845457196235657,5.755106613491989e-9,0.6200709342956543,5.5545779531485098e-8,1,6.099801908021618e-8,-0.6200709342956543,8.229805814607971e-8,-0.7845457196235657],8,0.26492977142333987],[[775.2828979492188,222.69961547851563,46.65650177001953,-0.7567293643951416,-1.21143024500725e-8,0.6537283062934876,5.817465265067767e-8,1,8.587171862473042e-8,-0.6537283062934876,1.0301206287977038e-7,-0.7567293643951416],8,0.2795133590698242],[[775.1304321289063,222.69961547851563,46.52711868286133,-0.733434796333313,-2.4921927632703956e-8,0.6797598600387573,5.383026646654798e-8,1,9.474363338313197e-8,-0.6797598600387573,1.0607993061739762e-7,-0.733434796333313],8,0.29820823669433596],[[774.933837890625,222.69961547851563,46.34694290161133,-0.7104753851890564,-2.7260657731176253e-8,0.7037220001220703,2.615169236719339e-8,1,6.514048322969757e-8,-0.7037220001220703,6.468422952821129e-8,-0.7104753851890564],8,0.3088979721069336],[[774.696044921875,222.69961547851563,46.11334228515625,-0.7005734443664551,-2.6703883548861996e-8,0.713580310344696,-8.926420491661702e-9,1,2.865868253820736e-8,-0.713580310344696,1.3707794010997532e-8,-0.7005734443664551],8,0.32674551010131838],[[774.5088500976563,222.69961547851563,45.9234504699707,-0.6816385984420776,-2.5888638788273967e-8,0.7316890358924866,-3.7716176848334729e-8,1,2.4578439283828859e-10,-0.7316890358924866,-2.7428976423493624e-8,-0.6816385984420776],8,0.3442721366882324],[[774.2808837890625,222.69961547851563,45.68028259277344,-0.6661540269851685,-2.3853003128238016e-8,0.7458141446113586,-7.440452520768304e-8,1,-3.447490826147259e-8,-0.7458141446113586,-7.845754623758694e-8,-0.6661540269851685],8,0.36408329010009768],[[774.1470336914063,222.69961547851563,45.53165817260742,-0.6661540269851685,-2.2980694680541093e-8,0.7458141446113586,-9.639872189382004e-8,1,-5.5289518741119539e-8,-0.7458141446113586,-1.0872687283836058e-7,-0.6661540269851685],8,0.3775026798248291],[[774.0581665039063,222.69961547851563,45.43224334716797,-0.6661540269851685,-1.7056706269613643e-8,0.7458141446113586,-8.151840802383959e-8,1,-4.994154423343389e-8,-0.7458141446113586,-9.406634404740544e-8,-0.6661540269851685],8,0.3885366916656494],[[773.8804321289063,222.69961547851563,45.23336410522461,-0.6648503541946411,-5.052000595640038e-9,0.7469765543937683,-5.1758220820374848e-8,1,-3.930441039301513e-8,-0.7469765543937683,-6.479373126921928e-8,-0.6648503541946411],8,0.40398502349853518],[[773.7474365234375,222.69961547851563,45.08401107788086,-0.6661531329154968,3.708556128856344e-9,0.7458149790763855,-2.9468726125969625e-8,1,-3.129360592879493e-8,-0.7458149790763855,-4.282455279280839e-8,-0.6661531329154968],8,0.41350293159484866],[[773.6142578125,222.69961547851563,44.93480682373047,-0.6713475584983826,1.2277224570311774e-8,0.7411426305770874,-7.249984612656135e-9,1,-2.3132502136036238e-8,-0.7411426305770874,-2.0903222264223588e-8,-0.6713475584983826],8,0.4255661964416504],[[773.5249633789063,222.69961547851563,44.8358268737793,-0.688001811504364,1.7708273958305655e-8,0.7257090210914612,7.427316539576623e-9,1,-1.735994459295398e-8,-0.7257090210914612,-6.553602105441314e-9,-0.688001811504364],8,0.4374101161956787],[[773.3880615234375,222.69961547851563,44.6900749206543,-0.6993245482444763,2.6461552948831014e-8,0.7148042917251587,2.9292754888388118e-8,1,-8.360904857340757e-9,-0.7148042917251587,1.5091600857886079e-8,-0.6993245482444763],8,0.4480891227722168],[[773.2486572265625,222.69961547851563,44.546669006347659,-0.7346199154853821,3.6044546902758159e-8,0.6784788966178894,5.0660805328561767e-8,1,1.7272271390922356e-9,-0.6784788966178894,3.564113981724404e-8,-0.7346199154853821],8,0.4613993167877197],[[773.1030883789063,222.69961547851563,44.409576416015628,-0.7544405460357666,4.593400149133231e-8,0.6563684344291687,7.1706416804318e-8,1,1.2438482244192528e-8,-0.6563684344291687,5.644992384645775e-8,-0.7544405460357666],8,0.47360754013061526],[[772.9530029296875,222.69961547851563,44.27738952636719,-0.7931332588195801,5.813857839598313e-8,0.6090481281280518,9.204525497352734e-8,1,2.4407880161447794e-8,-0.6090481281280518,7.541868995986079e-8,-0.7931332588195801],8,0.48795580863952639],[[772.7958984375,222.69961547851563,44.15373992919922,-0.8278836011886597,7.134817536780247e-8,0.5608999729156494,1.1162526192265432e-7,1,3.7554908516312938e-8,-0.5608999729156494,9.370169351541336e-8,-0.8278836011886597],8,0.5002543926239014],[[772.6317138671875,222.69961547851563,44.03963851928711,-0.8441715836524963,5.223943944088205e-8,0.5360730886459351,8.21173031795297e-8,1,3.186441333014045e-8,-0.5360730886459351,7.091990994467779e-8,-0.8441715836524963],8,0.51397705078125],[[772.4072875976563,222.69961547851563,43.895606994628909,-0.8728013634681702,2.69959663512509e-8,0.4880756139755249,4.328772718054097e-8,1,2.209825389343223e-8,-0.4880756139755249,4.041507040142278e-8,-0.8728013634681702],8,0.5267555713653565],[[772.2338256835938,222.69961547851563,43.7961540222168,-0.8956185579299927,7.11289560584305e-9,0.44482287764549258,1.4579923046653676e-8,1,1.3365215600913416e-8,-0.44482287764549258,1.845561747870761e-8,-0.8956185579299927],8,0.5396106243133545],[[772.0556030273438,222.69961547851563,43.7054557800293,-0.9047455191612244,-1.4314423424366396e-8,0.42595258355140688,-1.3920247177168222e-8,1,4.038342993339938e-9,-0.42595258355140688,-2.2756925233125004e-9,-0.9047455191612244],8,0.5533316135406494],[[771.875,222.69961547851563,43.61945724487305,-0.9204424619674683,-3.618990973563996e-8,0.3908781409263611,-4.202302861244789e-8,1,-6.369940130923624e-9,-0.3908781409263611,-2.2289047052481693e-8,-0.9204424619674683],8,0.5660495758056641],[[771.6915283203125,222.69961547851563,43.539913177490237,-0.9277828931808472,-5.839615013769617e-8,0.37312042713165285,-6.990276091300984e-8,1,-1.7309259803255374e-8,-0.37312042713165285,-4.214138371594345e-8,-0.9277828931808472],8,0.5791788101196289],[[771.4444580078125,222.69961547851563,43.439640045166019,-0.9426045417785645,-8.913539062405107e-8,0.3339112102985382,-1.0640449943366548e-7,1,-3.3427983936462627e-8,-0.3339112102985382,-6.703902499793912e-8,-0.9426045417785645],8,0.5947561264038086],[[771.2565307617188,222.69961547851563,43.37135696411133,-0.9557702541351318,-7.106751098717723e-8,0.294114351272583,-8.326532707769729e-8,1,-2.89513621964943e-8,-0.294114351272583,-5.2160377350674028e-8,-0.9557702541351318],8,0.608928918838501],[[771.002197265625,222.69961547851563,43.291282653808597,-0.966363787651062,-4.530751240849895e-8,0.25717899203300478,-5.268804770253155e-8,1,-2.1807025518683078e-8,-0.25717899203300478,-3.462377762275537e-8,-0.966363787651062],8,0.6234817504882813],[[770.8737182617188,222.69961547851563,43.25569534301758,-0.9707081913948059,-3.205850518384068e-8,0.24026159942150117,-3.747388532815421e-8,1,-1.7970837262737406e-8,-0.24026159942150117,-2.6447974477150639e-8,-0.9707081913948059],8,0.6351869106292725],[[770.5504150390625,222.69961547851563,43.174720764160159,-0.9774133563041687,1.7615970904216738e-9,0.21133655309677125,2.3181639940972333e-10,1,-7.263375234600744e-9,-0.21133655309677125,-7.050328765245695e-9,-0.9774133563041687],8,0.6504323482513428],[[770.3563232421875,223.3587188720703,43.12663269042969,-0.9835740923881531,2.227605477855832e-8,0.180504709482193,2.262293641308588e-8,1,-1.3694509415351775e-10,-0.180504709482193,3.9488510239493738e-9,-0.9835740923881531],3,0.6684167385101318],[[770.0945434570313,224.19436645507813,43.0760383605957,-0.9712520241737366,4.9727209017191856e-8,0.23805361986160279,5.258626600834759e-8,1,5.65967495091968e-9,-0.23805361986160279,1.8015320790709667e-8,-0.9712520241737366],5,0.6902706623077393],[[769.8310546875,224.9755096435547,43.035301208496097,-0.9737461805343628,7.898183440602225e-8,0.22763657569885255,8.287658914696294e-8,1,7.551185454701681e-9,-0.22763657569885255,2.6218680559964015e-8,-0.9737461805343628],5,0.6992487907409668],[[769.6986083984375,225.34564208984376,43.020206451416019,-0.9882574081420898,9.585806282075282e-8,0.15279802680015565,9.819613211448086e-8,1,7.755298625511387e-9,-0.15279802680015565,2.266840581910401e-8,-0.9882574081420898],5,0.708925724029541],[[769.4994506835938,225.87530517578126,43.002010345458987,-0.9853748083114624,1.1850326586682059e-7,0.17040087282657624,1.2135967608628563e-7,1,6.346833281156705e-9,-0.17040087282657624,2.6933806296369768e-8,-0.9853748083114624],5,0.7203586101531982],[[769.300048828125,226.3743133544922,42.98709487915039,-0.9897323250770569,1.42845593131824e-7,0.14293330907821656,1.44841962423925e-7,1,3.5624205807494038e-9,-0.14293330907821656,2.4228583583862929e-8,-0.9897323250770569],5,0.7306957244873047],[[769.1002807617188,226.8426513671875,42.97730255126953,-0.9918534755706787,1.6740642649892835e-7,0.12738415598869325,1.6866316343566724e-7,1,-9.206961859575813e-10,-0.12738415598869325,2.0571819803194559e-8,-0.9918534755706787],5,0.7432780265808106],[[768.9003295898438,227.28033447265626,42.97109603881836,-0.9953672885894775,1.3871982673663298e-7,0.09614522755146027,1.3869089343643282e-7,1,-6.983691847040063e-9,-0.09614522755146027,6.383127804099331e-9,-0.9953672885894775],5,0.7566311359405518],[[768.7003784179688,227.68736267089845,42.97060012817383,-0.9966135621070862,1.0957624141383349e-7,0.08222758769989014,1.0904964398150696e-7,1,-1.0895225166507317e-8,-0.08222758769989014,-1.8914407817760549e-9,-0.9966135621070862],5,0.7691948413848877],[[768.5004272460938,228.06373596191407,42.973533630371097,-0.998615562915802,8.031460652091482e-8,0.05260217934846878,7.973179094733496e-8,1,-1.3178130586766202e-8,-0.05260217934846878,-8.96581919818118e-9,-0.998615562915802],5,0.7813167572021484],[[768.3006591796875,228.40945434570313,42.981842041015628,-0.9993190169334412,5.109729528385287e-8,0.036899179220199588,5.063516894665554e-8,1,-1.3458522296616593e-8,-0.036899179220199588,-1.1580961079005192e-8,-0.9993190169334412],5,0.7933759689331055],[[768.10107421875,228.72451782226563,42.9937858581543,-0.999993085861206,2.1737905697705174e-8,0.003721643704921007,2.1692427409902849e-8,1,-1.226005519328055e-8,-0.003721643704921007,-1.2179238062515197e-8,-0.999993085861206],5,0.8067753314971924],[[767.9019165039063,229.00892639160157,43.011714935302737,-0.9999279975891113,-7.255467782130154e-9,-0.011998874135315419,-7.147122893513824e-9,1,-9.072495643636103e-9,0.011998874135315419,-8.986085653361897e-9,-0.9999279975891113],5,0.8182468414306641],[[767.7030639648438,229.26266479492188,43.03339767456055,-0.9990566372871399,-3.6157370431055827e-8,-0.04342660680413246,-3.600352016519537e-8,1,-4.324852032056015e-9,0.04342660680413246,-2.7572613081616739e-9,-0.9990566372871399],5,0.83139967918396],[[767.5049438476563,229.4857635498047,43.060760498046878,-0.9978129863739014,-6.461991830519764e-8,-0.06610056012868881,-6.491262638519402e-8,1,2.2805139998638426e-9,0.06610056012868881,6.566287513720681e-9,-0.9978129863739014],5,0.8430547714233398],[[767.0446166992188,229.88710021972657,43.13694763183594,-0.998296320438385,-1.3197070813930623e-7,0.058347463607788089,-1.3035162282903912e-7,1,3.1555011048567397e-8,-0.058347463607788089,2.3895564638110046e-8,-0.998296320438385],5,0.8744058609008789],[[766.7819213867188,230.04148864746095,43.1829948425293,-0.9987351894378662,-1.3173861646009755e-7,-0.050279684364795688,-1.340791300208366e-7,1,4.317700685874115e-8,0.050279684364795688,4.98638499379922e-8,-0.9987351894378662],5,0.8883121013641357],[[766.71630859375,230.0715789794922,43.1949462890625,-0.9887337684631348,-1.181498276991988e-7,-0.14968474209308625,-1.2626544787508465e-7,1,4.471456449550715e-8,0.14968474209308625,6.311081079957148e-8,-0.9887337684631348],5,0.8955254554748535],[[766.5196533203125,230.14138793945313,43.23133087158203,-0.9966506361961365,-9.86627810561913e-8,-0.08177752792835236,-1.0288356833143553e-7,1,4.739927561558943e-8,0.08177752792835236,5.565408400798333e-8,-0.9966506361961365],5,0.9047286510467529],[[766.322998046875,230.1805419921875,43.26755142211914,-0.9969302415847778,-7.570722004857089e-8,-0.07829485088586807,-7.973905979952178e-8,1,4.836924816231658e-8,0.07829485088586807,5.446392137287148e-8,-0.9969302415847778],5,0.9185407161712647],[[766.1261596679688,230.1890411376953,43.30316162109375,-0.9974530339241028,-5.3283983447727226e-8,-0.07132654637098313,-5.68219533647607e-8,1,4.757337279670537e-8,0.07132654637098313,5.150511483975606e-8,-0.9974530339241028],5,0.9309217929840088],[[765.8634643554688,230.15269470214845,43.34890365600586,-0.9998536109924316,-2.600736337399212e-8,-0.017109161242842675,-2.6745285097717898e-8,1,4.2901341146261987e-8,0.017109161242842675,4.335265302302105e-8,-0.9998536109924316],5,0.9475851058959961],[[765.6742553710938,230.08966064453126,43.39570236206055,-0.9993512630462647,-3.741589704731041e-9,-0.03601439297199249,-5.083058418620112e-9,1,3.715656049507743e-8,0.03601439297199249,3.7315519563208e-8,-0.9993512630462647],5,0.9690735340118408],[[765.3843994140625,229.91648864746095,43.516273498535159,-0.9990027546882629,2.8309813160376508e-8,0.04464850202202797,2.9346884033998323e-8,1,2.2572010038857117e-8,-0.04464850202202797,2.3859794140435043e-8,-0.9990027546882629],5,0.987663984298706],[[765.174560546875,229.7166290283203,43.651573181152347,-0.9993783831596375,5.619740406359597e-8,0.035253457725048068,5.652468004768707e-8,1,8.28693824672655e-9,-0.035253457725048068,1.0274477268978899e-8,-0.9993783831596375],5,0.9984805583953857],[[765.0294189453125,229.53097534179688,43.77607727050781,-0.999868631362915,7.687048508842054e-8,0.016209742054343225,7.681732938635833e-8,1,-3.901694078933815e-9,-0.016209742054343225,-2.655992092925885e-9,-0.999868631362915],5,1.008958101272583],[[764.8937377929688,229.31466674804688,43.91944122314453,-0.9997246861457825,9.724175242808997e-8,0.023463279008865358,9.685413004945076e-8,1,-1.765689461308284e-8,-0.023463279008865358,-1.537951987984343e-8,-0.9997246861457825],5,1.0233230590820313],[[764.76025390625,229.0677032470703,44.0681266784668,-0.9996300339698792,1.1752295137057445e-7,0.02719852142035961,1.1666932664411434e-7,1,-3.2971765762113139e-8,-0.02719852142035961,-2.978633517614071e-8,-0.9996300339698792],5,1.0381138324737549],[[764.5816040039063,228.6907196044922,44.2661018371582,-0.9984732866287231,1.4535754644384725e-7,0.05523684248328209,1.4247021340452194e-7,1,-5.620962539865104e-8,-0.05523684248328209,-4.825420418796966e-8,-0.9984732866287231],5,1.0528368949890137],[[764.4473876953125,228.37220764160157,44.414337158203128,-0.9995691180229187,1.313449189410676e-7,0.02935309149324894,1.296102283276923e-7,1,-6.100005833786781e-8,-0.02935309149324894,-5.716931639199174e-8,-0.9995691180229187],5,1.0644502639770508],[[764.3577880859375,228.14285278320313,44.51313018798828,-0.999994695186615,1.1038090974579973e-7,0.0032541309483349325,1.1018772738680127e-7,1,-5.954489523674056e-8,-0.0032541309483349325,-5.918601431176285e-8,-0.999994695186615],5,1.0741667747497559],[[764.2681884765625,227.8998565673828,44.61192321777344,-0.999994695186615,9.106744158771107e-8,0.0032621563877910377,9.088086727615519e-8,1,-5.734129260304144e-8,-0.0032621563877910377,-5.704452021859652e-8,-0.999994695186615],5,1.0860209465026856],[[764.1337890625,227.50982666015626,44.76011276245117,-0.999566912651062,6.371193705945189e-8,0.029426826164126397,6.220113135668726e-8,1,-5.225656707352755e-8,-0.029426826164126397,-5.040355333107982e-8,-0.999566912651062],5,1.095170497894287],[[763.9993896484375,227.08914184570313,44.908302307128909,-0.999566912651062,3.5094160466542237e-8,0.029428299516439439,3.377039092811174e-8,1,-4.547992560333114e-8,-0.029428299516439439,-4.446642165589765e-8,-0.999566912651062],5,1.1063926219940186],[[763.9304809570313,226.7993927001953,44.951263427734378,-0.9996251463890076,0.002488308120518923,0.02726571634411812,0.0024816743098199369,0.9999969005584717,-0.00027713560848496854,-0.02726632170379162,-0.00020936709188390523,-0.9996281862258911],5,1.1179652214050294],[[763.8499145507813,226.34674072265626,44.904109954833987,-0.9999504089355469,-0.0012295761844143272,0.009883641265332699,-0.0012401825515553356,0.9999986886978149,-0.0010670700576156378,-0.009882315993309021,-0.0010792744578793645,-0.9999505877494812],5,1.1303060054779053],[[763.7774047851563,225.87850952148438,44.83760452270508,-0.9999862313270569,-0.004582274239510298,-0.0025684840511530639,-0.004580851178616285,0.9999893307685852,-0.0005597311537712812,0.0025710216723382475,-0.000547957606613636,-0.999996542930603],5,1.1414673328399659],[[763.6531372070313,225.20651245117188,44.77806854248047,-0.9976689219474793,-0.002479812130331993,0.06819552928209305,-0.002477986039593816,0.9999969005584717,0.00011136865214211866,-0.06819558888673783,-0.000057878525694832209,-0.9976719617843628],5,1.1559312343597413],[[763.5367431640625,224.666748046875,44.74526596069336,-0.9987889528274536,-0.0009651096188463271,0.04919053614139557,-0.0009540801402181387,0.9999995231628418,0.00024769900483079255,-0.04919075220823288,0.0002004673151532188,-0.998789370059967],5,1.1771941184997559],[[763.3502807617188,223.89938354492188,44.717369079589847,-0.9969132542610169,-0.00008028696902329102,0.0785110592842102,-0.00006984243373153731,1,0.00013577855133917183,-0.0785110741853714,0.00012987603258807212,-0.9969132542610169],5,1.1889967918395997],[[763.12841796875,223.0775146484375,44.7080192565918,-0.997157096862793,0.00008440864621661603,0.07535028457641602,0.0000867152339196764,1,0.000027339832740835847,-0.07535027712583542,0.00003379612462595105,-0.997157096862793],5,1.2072081565856934],[[762.9671020507813,223.07130432128907,44.70643997192383,-0.9997134804725647,0.00005128235352458432,-0.023935910314321519,0.0000513903760293033,1,-0.000003897876013070345,0.023935910314321519,-0.000005126838459545979,-0.9997134804725647],12,1.2163052558898926],[[762.828125,223.20358276367188,44.70508575439453,-0.9985483288764954,0.000011485107279440854,-0.05386260896921158,0.000011914002243429423,1,-0.000007641654519829899,0.05386260896921158,-0.000008272280865639914,-0.9985483288764954],12,1.2270574569702149],[[762.7478637695313,223.2965545654297,44.704307556152347,-0.9981953501701355,-9.433955483473255e-7,-0.06005049869418144,-6.436348485294729e-7,1,-0.000005011153007217217,0.06005049869418144,-0.000004963459105056245,-0.9981953501701355],12,1.2379429340362549],[[762.6461181640625,223.43649291992188,44.70331573486328,-0.998152494430542,-0.000004884625923295971,-0.06075883284211159,-0.000004818391062144656,1,-0.000001236643015545269,0.06075883284211159,-9.415984436600411e-7,-0.998152494430542],12,1.2489721775054932],[[762.5906982421875,223.52981567382813,44.70277404785156,-0.9981269836425781,-0.000003492097675916739,-0.06117602810263634,-0.0000034990409858437489,1,6.369575089593127e-9,0.06117602810263634,2.2041507463654853e-7,-0.9981269836425781],12,1.2596652507781983],[[762.5096435546875,223.71646118164063,44.70198440551758,-0.9980158805847168,-4.869989425060339e-7,-0.06296244263648987,-5.140122993907426e-7,1,4.1284098983851438e-7,0.06296244263648987,4.44385335640618e-7,-0.9980158805847168],12,1.2730460166931153],[[762.4749145507813,223.8564453125,44.70164489746094,-0.9980139136314392,2.3498260759424739e-7,-0.06299424916505814,2.2440998748152197e-7,1,1.7490998516223045e-7,0.06299424916505814,1.6042605466282112e-7,-0.9980139136314392],12,1.2863118648529053],[[762.4328002929688,223.97601318359376,44.70248794555664,-0.9980136752128601,2.2943564204069845e-7,-0.06299752742052078,2.2881599193169678e-7,1,1.7050634681936573e-8,0.06299752742052078,2.6019248977604549e-9,-0.9980136752128601],8,1.297560691833496],[[762.392333984375,224.03868103027345,44.703975677490237,-0.9997198581695557,1.5330917335631967e-7,-0.02366863563656807,1.5443401935044677e-7,1,-4.5696772588144088e-8,0.02366863563656807,-4.933921360361637e-8,-0.9997198581695557],5,1.309664249420166],[[762.2960205078125,224.12315368652345,44.72983169555664,-0.9989286661148071,1.939496208080982e-8,0.04627619683742523,1.4965518602139128e-8,1,-9.606401363271289e-8,-0.04627619683742523,-9.526854682917474e-8,-0.9989286661148071],5,1.325911283493042],[[762.1827392578125,224.15313720703126,44.791603088378909,-0.9981542825698853,-7.083703934540608e-8,0.06072959303855896,-7.611455288270008e-8,1,-8.458843581138353e-8,-0.06072959303855896,-8.905471560183287e-8,-0.9981542825698853],5,1.347235918045044],[[762.0518798828125,224.1286163330078,44.889007568359378,-0.9975488185882568,-1.3160338596662769e-7,0.06997412443161011,-1.3515743546577142e-7,1,-4.605638181942595e-8,-0.06997412443161011,-5.5401010001787657e-8,-0.9975488185882568],5,1.3576955795288087],[[761.9796752929688,224.09591674804688,44.95094680786133,-0.999756395816803,-1.291322462293465e-7,0.022070160135626794,-1.2970066620709987e-7,1,-2.4323524527858355e-8,-0.022070160135626794,-2.7180114159364167e-8,-0.999756395816803],5,1.3669638633728028],[[761.8927612304688,224.03355407714845,44.95060729980469,-0.9999688267707825,-0.00266298302449286,-0.007435201667249203,-0.002662518061697483,0.9999964237213135,-0.0000724342098692432,0.007435367908328772,-0.000052635601605288687,-0.9999723434448242],5,1.3785457611083985],[[761.767333984375,223.87147521972657,44.8707275390625,-0.9976738095283508,-0.0015540343010798097,0.06815126538276673,-0.0018734014593064786,0.9999875426292419,-0.004622491542249918,-0.06814323365688324,-0.004739413503557444,-0.9976642727851868],5,1.397188425064087],[[761.7044067382813,223.78363037109376,44.84477996826172,-0.9997124671936035,-0.0010757790878415108,0.02395484410226345,-0.001193720381706953,0.9999872446060181,-0.0049097309820353989,-0.023949256166815759,-0.004936914891004562,-0.9997009634971619],5,1.4074723720550538],[[761.63916015625,223.68214416503907,44.82892990112305,-0.9996503591537476,-0.0006828960031270981,0.02643352746963501,-0.0007803866174072027,0.9999929070472717,-0.003678001929074526,-0.026430828496813775,-0.003697344334796071,-0.9996438026428223],5,1.4171240329742432],[[761.554931640625,223.7658233642578,44.811912536621097,-0.9999911785125732,-0.00021692713198717684,0.004198350943624973,-0.00022223386622499675,0.9999991655349731,-0.0012635963503271342,-0.004198073409497738,-0.0012645182432606817,-0.9999904036521912],12,1.4287598133087159],[[761.4725952148438,223.8697052001953,44.80998611450195,-0.9998213648796082,0.000023717559088254349,-0.018902268260717393,0.00002345173379580956,1,0.000014284824828791898,0.018902268260717393,0.00001383898143103579,-0.9998213648796082],8,1.439960241317749],[[761.4132690429688,223.92193603515626,44.82014083862305,-0.999989926815033,0.0000658472636132501,0.004493254702538252,0.00006697804928990081,0.9999999403953552,0.0002515132073312998,-0.004493237938731909,0.00025181160890497267,-0.9999898672103882],5,1.4508860111236573],[[761.3177490234375,223.97471618652345,44.85269546508789,-0.9990193247795105,0.00005785148459835909,0.04427558183670044,0.00006821662827860564,1,0.0002325942914467305,-0.044275566935539249,0.00023538652749266475,-0.9990193247795105],5,1.46152925491333],[[761.2142944335938,223.99684143066407,44.906131744384769,-0.9986492991447449,0.0000406687286158558,0.0519571490585804,0.00004686348620452918,1,0.00011800992797361687,-0.0519571453332901,0.00012028542550979182,-0.9986492991447449],5,1.4733474254608155],[[761.113037109375,223.9888916015625,44.94651794433594,-0.9999613165855408,-0.0002791417937260121,0.008792203851044178,-0.0002787299163173884,0.9999999403953552,0.00004807315781363286,-0.008792216889560223,0.000045620647142641249,-0.9999613761901856],5,1.4871578216552735],[[761.055419921875,223.96743774414063,44.93865203857422,-0.9999197721481323,-0.0004593174671754241,-0.012659333646297455,-0.00046003854367882013,0.9999998807907105,0.00005404940384323709,0.012659306637942791,0.000059868849348276856,-0.9999198913574219],5,1.4975690841674805],[[760.9674682617188,223.91184997558595,44.92764663696289,-0.9998851418495178,-0.0014619585126638413,0.01508631743490696,-0.0014609424397349358,0.999998927116394,0.0000783732466516085,-0.015086416155099869,0.000056323995522689077,-0.9998862147331238],5,1.509432315826416],[[760.87255859375,223.82989501953126,44.89495849609375,-0.9992297291755676,-0.001959963934496045,0.039193131029605868,-0.0019553983584046365,0.9999980926513672,0.00015482472372241318,-0.03919335827231407,0.00007806728535797447,-0.9992316365242004],5,1.5236108303070069],[[760.7166137695313,223.67471313476563,44.84992980957031,-0.9961702227592468,0.00016640557441860437,0.08743477612733841,-0.0006970735848881304,0.9999513030052185,-0.009845069609582425,-0.08743215352296829,-0.009868313558399678,-0.9961215853691101],5,1.5460975170135499],[[760.54736328125,223.85494995117188,44.78010177612305,-0.999999463558197,0.0007841358310543001,0.0006394456140697002,0.0007785120978951454,0.9999614357948303,-0.008748067542910576,-0.0006462806486524642,-0.008747565560042858,-0.9999615550041199],12,1.5558650493621827],[[760.4451904296875,223.97250366210938,44.75046157836914,-0.999690055847168,0.00020477025827858597,-0.024894077330827714,0.0002520285197533667,0.999998152256012,-0.001895251334644854,0.024893643334507943,-0.0019009379902854562,-0.9996883273124695],8,1.5722861289978028],[[760.2764282226563,224.08155822753907,44.72121047973633,-0.9980466365814209,-0.000046694822231074798,0.062473565340042117,-4.034085918647179e-7,0.9999997019767761,0.0007409884128719568,-0.06247358396649361,0.0007395157590508461,-0.998046338558197],5,1.5939223766326905],[[760.0133666992188,224.14125061035157,44.7037467956543,-0.991787850856781,-0.000015165385775617324,0.12789373099803925,0.00004339238512329757,0.9999998807907105,0.00045507645700126886,-0.12789373099803925,0.0004568889271467924,-0.9917877912521362],5,1.6061055660247803],[[759.8279418945313,224.1361846923828,44.704345703125,-0.9978023171424866,0.00004894740413874388,0.06626099348068237,0.00006098159065004438,1,0.00017959537217393517,-0.06626098603010178,0.00018324138363823295,-0.9978023171424866],5,1.6184251308441163],[[759.7071533203125,224.11578369140626,44.7065315246582,-0.9999964833259583,0.00004983944745617919,-0.0026414974126964809,0.00004964457912137732,1,0.00007383753109024838,0.002641501137986779,0.00007370613457169384,-0.9999964833259583],5,1.630925178527832],[[759.4954223632813,224.03408813476563,44.71040344238281,-0.999812662601471,0.000017873342585517095,-0.019356619566679,0.000017981825294555166,1,-0.000005430419605545467,0.019356619566679,-0.0000057774695960688408,-0.999812662601471],5,1.6481997966766358],[[759.3626708984375,223.9370574951172,44.71283721923828,-0.9994917511940002,0.0000046725463107577529,-0.03187815099954605,0.000005061910997028463,1,-0.000012133456948504318,0.03187815099954605,-0.000012288654033909552,-0.9994917511940002],5,1.6560547351837159],[[759.2865600585938,223.8553466796875,44.7142333984375,-0.9994518756866455,8.513197826687247e-7,-0.03310464322566986,0.0000011681441947075655,1,-0.000009551052244205494,0.03310464322566986,-0.000009584487997926772,-0.9994518756866455],5,1.6648409366607667],[[759.2203979492188,223.75999450683595,44.715450286865237,-0.9994466304779053,-6.714202527291491e-7,-0.03326253220438957,-4.6812064624646157e-7,1,-0.00000611975701758638,0.03326253220438957,-0.000006100799964769976,-0.9994466304779053],5,1.6746442317962647],[[759.2280883789063,223.61241149902345,44.71568298339844,-0.9995459318161011,6.588458631995309e-7,-0.030131226405501367,-0.00002122847581631504,0.9999997615814209,0.0007260800921358168,0.03013121895492077,0.000726390047930181,-0.999545693397522],5,1.6869714260101319],[[759.26953125,223.58448791503907,44.71541976928711,-0.9994869232177734,0.000023876626073615627,-0.032029058784246448,0.000004931825969833881,0.9999998211860657,0.0005915667861700058,0.03202906623482704,0.0005911053158342838,-0.9994867444038391],12,1.6997063159942628],[[759.2886352539063,223.5830078125,44.71525955200195,-0.9994525909423828,0.000013356992894841824,-0.033083245158195499,0.000007056779850245221,1,0.00019055188749916852,0.033083248883485797,0.0001902141229948029,-0.9994525909423828],12,1.7107257843017579],[[759.2906494140625,223.58294677734376,44.71525955200195,-0.999445378780365,0.000005476609203469707,-0.03330137953162193,0.000004388803517940687,1,0.00003273858601460233,0.03330137953162193,0.00003257427306380123,-0.999445378780365],12,1.721611499786377],[[759.2908935546875,223.58294677734376,44.71529006958008,-0.9997773170471191,-0.0000012647802805076936,-0.02110314555466175,-3.5406674214755187e-7,1,-0.00004315908518037759,0.02110314555466175,-0.000043142001231899488,-0.9997773170471191],12,1.7365691661834717],[[759.2908935546875,223.58294677734376,44.71529769897461,-0.9981417059898377,6.318368264146557e-7,0.06093592569231987,-7.388736094071646e-7,1,-0.000022471756892628038,-0.06093592569231987,-0.0000224750219786074,-0.9981417059898377],12,1.7568697929382325],[[759.2908935546875,223.58294677734376,44.71529769897461,-0.9646207094192505,6.300231802924827e-7,0.2636416256427765,9.148405410996929e-7,1,9.575534249961493e-7,-0.2636416256427765,0.000001164865921055025,-0.9646207094192505],12,1.7685127258300782],[[759.2908935546875,223.6964111328125,44.71529769897461,-0.8498057126998901,-4.413450653828477e-7,0.5270960330963135,8.894662641978357e-7,1,0.000002271347966598114,-0.5270960330963135,0.0000023990387489902789,-0.8498057126998901],12,1.7835068702697755],[[759.18115234375,223.89053344726563,44.53374099731445,-0.6446244716644287,-0.0002463010314386338,0.764499306678772,0.0008101906860247254,0.9999991655349731,0.0010053241858258844,-0.7644989490509033,0.00126744678709656,-0.6446237564086914],8,1.8055317401885987],[[759.0060424804688,224.03526306152345,44.35309600830078,-0.497743159532547,-0.0001688828197075054,0.8673244714736939,0.00037051533581689,0.9999998211860657,0.0004073496093042195,-0.8673244118690491,0.0005241124890744686,-0.49774304032325747],8,1.8160438537597657],[[758.8812866210938,224.10804748535157,44.22886276245117,-0.5055798292160034,0.00001052515744959237,0.8627798557281494,-0.000028085723897675053,1,-0.000028657059374381789,-0.8627798557281494,-0.00003872022716677748,-0.5055798292160034],8,1.83050537109375],[[758.71923828125,224.9879913330078,44.05434036254883,-0.6147276163101196,0.00015036990225780755,0.7887394428253174,-0.00030890514608472586,0.9999998807907105,-0.00043140025809407234,-0.7887393832206726,-0.000508839322719723,-0.6147274971008301],3,1.8454830646514893],[[758.5966796875,225.61984252929688,43.90872573852539,-0.6367226243019104,0.00010068369738291949,0.7710928916931152,-0.00028009689413011074,0.9999998807907105,-0.0003618600603658706,-0.7710928320884705,-0.0004463852383196354,-0.6367225646972656],5,1.865483283996582],[[758.3723754882813,226.6047821044922,43.66373825073242,-0.7457504868507385,-0.000030865936423651877,0.6662253737449646,-0.0001060733848134987,1,-0.00007240544073283672,-0.6662253737449646,-0.0001246651663677767,-0.7457504868507385],5,1.8759262561798096],[[758.0654907226563,227.67431640625,43.41192626953125,-0.8158395290374756,-0.00001725831134535838,0.5782783031463623,-0.000011453871593403165,1,0.000013685088561032899,-0.5782783031463623,0.000004541311227512779,-0.8158395290374756],5,1.900801420211792],[[757.8327026367188,228.3192138671875,43.284637451171878,-0.8914772272109985,-0.0000015697755770816003,0.4530654847621918,0.000002936525788754807,1,0.00000924286177905742,-0.4530654847621918,0.000009570238944434096,-0.8914772272109985],5,1.9184274673461915],[[757.5842895507813,228.90960693359376,43.18915557861328,-0.9394773244857788,0.000002477592488503433,0.3426111340522766,0.0000035810705867334038,1,0.0000025881884084810737,-0.3426111340522766,0.000003658459036159911,-0.9394773244857788],5,1.9367501735687256],[[757.326904296875,229.44549560546876,43.12136459350586,-0.9620615243911743,0.0000015525025673923665,0.2728325128555298,0.0000015898465335340007,1,-8.419959840466618e-8,-0.2728325128555298,3.5275661502964797e-7,-0.9620615243911743],5,1.9533326625823975],[[757.1956787109375,229.69300842285157,43.09846496582031,-0.9838421940803528,8.893628660189279e-7,0.1790378838777542,8.274261062979349e-7,1,-4.2061572003149197e-7,-0.1790378838777542,-2.656788637978025e-7,-0.9838421940803528],5,1.9620740413665772],[[757.0634765625,229.92689514160157,43.08182144165039,-0.9881951212882996,3.960932133395545e-7,0.15320052206516267,3.325051238789456e-7,1,-4.40685596458934e-7,-0.15320052206516267,-3.8454339801319295e-7,-0.9881951212882996],5,1.971541166305542],[[756.8643188476563,230.25218200683595,43.06318283081055,-0.986514151096344,2.992118197653326e-8,0.1636759489774704,-1.3669335885424516e-8,1,-2.6519580842432335e-7,-0.1636759489774704,-2.638567480062193e-7,-0.986514151096344],5,1.9829704761505128],[[756.664794921875,230.5467987060547,43.04937744140625,-0.9894769787788391,-9.117201216213289e-8,0.14469057321548463,-1.0556933460748042e-7,1,-9.182636517834908e-8,-0.14469057321548463,-1.0613495504685489e-7,-0.9894769787788391],5,1.9947335720062256],[[756.4650268554688,230.81076049804688,43.039554595947269,-0.9941176176071167,-1.1158501678210087e-7,0.10830608010292053,-1.1034006774934824e-7,1,1.748762556985639e-8,-0.10830608010292053,5.4342566002674179e-9,-0.9941176176071167],5,2.0063858032226564],[[756.1317749023438,231.18258666992188,43.035194396972659,-0.9913685321807861,-7.699872384137052e-8,0.1311047226190567,-6.283415387997593e-8,1,1.1217690598641639e-7,-0.1311047226190567,1.029708016631048e-7,-0.9913685321807861],5,2.0276832580566408],[[755.7985229492188,231.46925354003907,43.04514694213867,-0.9940899014472961,-9.82534054116968e-9,0.10855976492166519,6.3285461315842898e-9,1,1.4845726070689126e-7,-0.10855976492166519,1.482668920971264e-7,-0.9940899014472961],5,2.0473179817199709],[[755.5322265625,231.63726806640626,43.05965042114258,-0.9982161521911621,3.553604344119776e-8,0.05970370024442673,4.311241852406056e-8,1,1.2561143591938163e-7,-0.05970370024442673,1.279613286442327e-7,-0.9982161521911621],5,2.064051628112793],[[755.1998291015625,231.77066040039063,43.08349609375,-0.9970111846923828,7.518784883586705e-8,0.07725726068019867,8.109810067935541e-8,1,7.336348062381148e-8,-0.07725726068019867,7.940963087094133e-8,-0.9970111846923828],5,2.0841917991638185],[[755.1334228515625,231.78712463378907,43.08904266357422,-0.9981295466423035,9.293253100395305e-8,-0.061134133487939838,8.924416761146858e-8,1,6.306275679435203e-8,0.061134133487939838,5.748893272539135e-8,-0.9981295466423035],5,2.0929505825042726],[[754.9342651367188,231.81605529785157,43.10749053955078,-1,1.1234263297410507e-7,0.00021944007312413305,1.1234931207582122e-7,1,3.0443221277209889e-8,-0.00021944007312413305,3.046787355742708e-8,-1],5,2.1044106483459474],[[754.7352294921875,231.8143310546875,43.1271858215332,-0.9999473094940186,1.3513484020677425e-7,-0.010262634605169297,1.35179760718529e-7,1,-3.6832430438948906e-9,0.010262634605169297,-5.070349473612623e-9,-0.9999473094940186],5,2.1149139404296877],[[754.4700927734375,231.7643585205078,43.15609359741211,-0.9998087286949158,1.47981296549915e-7,0.01955827698111534,1.4711740448092315e-7,1,-4.560841304623864e-8,-0.01955827698111534,-4.2722327009414587e-8,-0.9998087286949158],5,2.1300902366638185],[[754.2052001953125,231.65988159179688,43.18620681762695,-0.9998413324356079,1.0793370819328629e-7,0.017812103033065797,1.0672700057057227e-7,1,-6.869687041444195e-8,-0.017812103033065797,-6.678493491563131e-8,-0.9998413324356079],5,2.1485345363616945],[[753.9403076171875,231.5009002685547,43.21685791015625,-0.9998413324356079,6.766034488236983e-8,0.01781228370964527,6.610189728917249e-8,1,-8.808191864773107e-8,-0.01781228370964527,-8.689052322097268e-8,-0.9998413324356079],5,2.169189214706421],[[753.6875,231.2874298095703,43.269256591796878,-0.9999980926513672,2.696690692971515e-8,-0.0019414100097492338,2.716787150802702e-8,1,-1.034885883655079e-7,0.0019414100097492338,-1.0354114010624471e-7,-0.9999980926513672],5,2.183670997619629],[[753.5106201171875,231.091552734375,43.331329345703128,-0.9994087815284729,-5.411245673769827e-9,-0.034381523728370669,-1.5081571547170825e-9,1,