[[[776,222.69961547851563,47,1,2.959689560100287e-8,2.4299062856779874e-15,-2.959689560100287e-8,1,4.740072778730564e-9,-2.2896147597230994e-15,-4.740072778730564e-9,1],8,0.01607537269592285],[[776,222.69961547851563,47,1,-1.3789341224423879e-8,2.467404646011172e-15,1.3789341224423879e-8,1,-2.208432547945449e-9,-2.4369516939750119e-15,2.208432547945449e-9,1],8,0.039571523666381839],[[776,222.69961547851563,47,1,-4.84649689269645e-8,2.7140441231091529e-15,4.84649689269645e-8,1,-7.7618951266345e-9,-2.337864085739309e-15,7.7618951266345e-9,1],8,0.04464411735534668],[[776,222.69961547851563,47,1,-6.579166722531227e-8,2.9094126959098309e-15,6.579166722531227e-8,1,-1.0536846950515156e-8,-2.2161759444049675e-15,1.0536846950515156e-8,1],8,0.0534358024597168],[[776,222.69961547851563,47,1,-8.311096166835341e-8,3.1527318038545748e-15,8.311096166835341e-8,1,-1.3310613056205512e-8,-2.0464739522137525e-15,1.3310613056205512e-8,1],8,0.06403160095214844],[[776,222.69961547851563,47,1,-1.1772736030479791e-7,3.78297577386332e-15,1.1772736030479791e-7,1,-1.8854590777550585e-8,-1.5632749018483538e-15,1.8854590777550585e-8,1],8,0.07695889472961426],[[776,222.69961547851563,47,1,-8.994613409640806e-8,3.380296734255099e-15,8.994613409640806e-8,1,-1.4405297399378015e-8,-2.08459615231259e-15,1.4405297399378015e-8,1],8,0.08887672424316406],[[776,222.69961547851563,47,1,-7.143520974750573e-8,3.1825050119505635e-15,7.143520974750573e-8,1,-1.1440685732111433e-8,-2.3652372259792529e-15,1.1440685732111433e-8,1],8,0.1013484001159668],[[776,222.69961547851563,47,1,-3.443708607164808e-8,2.9525402254522308e-15,3.443708607164808e-8,1,-5.515260692590118e-9,-2.7626106629641095e-15,5.515260692590118e-9,1],8,0.11611151695251465],[[776,222.69961547851563,47,0.4898201823234558,3.2435149677212397e-8,0.8718234896659851,4.944465281653265e-9,1,-3.9981774335728917e-8,-0.8718234896659851,2.3894580536421018e-8,0.4898201823234558],8,0.13780593872070313],[[776,222.69961547851563,47,0.5261963605880737,6.856478051986415e-8,0.8503630757331848,-2.025445233755363e-8,1,-6.809674601981897e-8,-0.8503630757331848,1.860862219871251e-8,0.5261963605880737],8,0.15996146202087403],[[776,222.69961547851563,47,0.5272421836853027,1.0619343271400794e-7,0.8497150540351868,-4.62447218296802e-8,1,-9.628082153767537e-8,-0.8497150540351868,1.1468474170328591e-8,0.5272421836853027],8,0.16774630546569825],[[776,222.69961547851563,47,0.4944502115249634,1.073699849030163e-7,0.8692059516906738,-4.9762121534513429e-8,1,-9.521919253074884e-8,-0.8692059516906738,3.827619554641615e-9,0.4944502115249634],8,0.1802687644958496],[[776,222.69961547851563,47,0.46543386578559878,8.164355591588901e-8,0.8850826621055603,-4.2407336309224777e-8,1,-6.994346080091418e-8,-0.8850826621055603,-4.9799413481821379e-9,0.46543386578559878],8,0.19161319732666017],[[776,222.69961547851563,47,0.38167983293533327,5.505623690282846e-8,0.9242945909500122,-3.7428026899988257e-8,1,-4.4110088026627639e-8,-0.9242945909500122,-1.7758591042138506e-8,0.38167983293533327],8,0.2023787498474121],[[776,222.69961547851563,47,0.3245086073875427,2.8106853733333993e-8,0.9458827376365662,-3.403899384579745e-8,1,-1.803702076585978e-8,-0.9458827376365662,-2.6343728976030435e-8,0.3245086073875427],8,0.21479368209838868],[[776,222.69961547851563,47,0.1640229970216751,-2.2229036389376235e-9,0.9864565134048462,-3.48646089776139e-8,1,8.050534461290227e-9,-0.9864565134048462,-3.571289397541477e-8,0.1640229970216751],8,0.2262413501739502],[[776,222.69961547851563,47,0.06777439266443253,-3.1329491889664499e-8,0.9977006912231445,-3.823222982646257e-8,1,3.399883397037229e-8,-0.9977006912231445,-4.044857249141387e-8,0.06777439266443253],8,0.24011683464050294],[[776,222.69961547851563,47,-0.1760368049144745,-6.56599397075297e-8,0.9843835830688477,-4.795894525955191e-8,1,5.81251100584268e-8,-0.9843835830688477,-3.697784123346537e-8,-0.1760368049144745],8,0.25325751304626467],[[776,222.69961547851563,47,-0.3044595718383789,-9.534459621818314e-8,0.95252525806427,-6.07854175882494e-8,1,8.066756862490365e-8,-0.95252525806427,-3.333963505269821e-8,-0.3044595718383789],8,0.26628828048706057],[[776,222.69961547851563,47,-0.5538588166236877,-1.0829893426489434e-7,0.8326106071472168,-6.817211328780104e-8,1,8.47229273404082e-8,-0.8326106071472168,-9.836290004727744e-9,-0.5538588166236877],8,0.27915406227111819],[[776,222.69961547851563,47,-0.7551182508468628,-7.88892506875527e-8,0.6555886268615723,-4.724612168161002e-8,1,6.591456980231669e-8,-0.6555886268615723,1.87992768019285e-8,-0.7551182508468628],8,0.29262328147888186],[[776,222.69961547851563,47,-0.8292003870010376,-3.8495937104698899e-8,0.5589514374732971,-1.6042411843386618e-8,1,4.5072901855292e-8,-0.5589514374732971,2.840753943189611e-8,-0.8292003870010376],8,0.30764198303222659],[[776,222.69961547851563,47,-0.9267072677612305,-3.788392266557139e-9,0.3757840692996979,1.0044275633447342e-8,1,3.485111932377549e-8,-0.3757840692996979,3.6071263309622739e-8,-0.9267072677612305],8,0.3314046859741211],[[775.7913208007813,222.69961547851563,46.91325759887695,-0.9926266074180603,5.2151289509083656e-8,0.12121228873729706,5.6214204846583019e-8,1,3.009946780707651e-8,-0.12121228873729706,3.6691382376830009e-8,-0.9926266074180603],8,0.34285664558410647],[[775.5970458984375,222.69961547851563,46.876495361328128,-0.9979217648506165,8.218171387852635e-8,0.06443753838539124,8.422127706353422e-8,1,2.893545847371115e-8,-0.06443753838539124,3.430233519452486e-8,-0.9979217648506165],8,0.3660423755645752],[[775.2650146484375,222.69961547851563,46.850215911865237,-0.994952380657196,9.767971675955778e-8,-0.10034821182489395,9.55291810100789e-8,1,2.6235969841081898e-8,0.10034821182489395,1.65173581478939e-8,-0.994952380657196],8,0.37253618240356448],[[775.1322021484375,222.69961547851563,46.856719970703128,-0.9921450018882752,8.107654281275245e-8,-0.12509334087371827,7.928849043992159e-8,1,1.9272524909297318e-8,0.12509334087371827,9.20267595461155e-9,-0.9921450018882752],8,0.3837566375732422],[[774.9996948242188,222.69961547851563,46.87119674682617,-0.9923308491706848,6.410400033018959e-8,-0.12361043691635132,6.308173539082418e-8,1,1.2183823727696108e-8,0.12361043691635132,4.2928234300632088e-9,-0.9923308491706848],8,0.3926405906677246],[[774.8012084960938,222.69961547851563,46.89547348022461,-0.9923865795135498,3.868315090471697e-8,-0.12316185981035233,3.8794077283910158e-8,1,1.4974553819158132e-9,0.12316185981035233,-3.2918958670080657e-9,-0.9923865795135498],8,0.40486907958984377],[[774.6027221679688,222.69961547851563,46.92002868652344,-0.9924179911613464,1.3281786337415724e-8,-0.122908815741539,1.4521795321797981e-8,1,-9.193028560616768e-9,0.122908815741539,-1.0908182801472322e-8,-0.9924179911613464],8,0.4158461093902588],[[774.2719116210938,222.69961547851563,46.96097946166992,-0.9924238920211792,-2.9019126657203743e-8,-0.12286077439785004,-2.589846026523901e-8,1,-2.699702861264086e-8,0.12286077439785004,-2.361059081579242e-8,-0.9924238920211792],8,0.43721699714660647],[[774.0734252929688,222.69961547851563,46.98554992675781,-0.9924256205558777,-5.437809136310534e-8,-0.12284719198942185,-5.0130129380931979e-8,1,-3.767010525734804e-8,0.12284719198942185,-3.122643121855617e-8,-0.9924256205558777],8,0.44588422775268557],[[773.9411010742188,222.69961547851563,47.001930236816409,-0.9924256801605225,-7.12752381559767e-8,-0.12284637987613678,-6.6275966048579e-8,1,-4.478166459875865e-8,0.12284637987613678,-3.630071176985439e-8,-0.9924256801605225],8,0.4595761299133301],[[773.7426147460938,222.69961547851563,47.0265007019043,-0.9924256801605225,-9.660746513873164e-8,-0.12284644693136215,-9.048179094861553e-8,1,-5.5443301505420098e-8,0.12284644693136215,-4.390799190900907e-8,-0.9924256801605225],8,0.4708418846130371],[[773.5441284179688,222.69961547851563,47.05107116699219,-0.9924257397651672,-8.936071083098796e-8,-0.12284621596336365,-8.400202489156072e-8,1,-4.8800419705230527e-8,0.12284621596336365,-3.8111462430379109e-8,-0.9924257397651672],8,0.48145055770874026],[[773.4118041992188,222.69961547851563,47.06745147705078,-0.9924257397651672,-7.368020504827655e-8,-0.12284621596336365,-6.946330444179694e-8,1,-3.860953867729222e-8,0.12284621596336365,-2.9783796762217208e-8,-0.9924257397651672],8,0.4928255081176758],[[773.2133178710938,222.69961547851563,47.09202194213867,-0.9924257397651672,-5.0171987453495606e-8,-0.12284621596336365,-4.766685535173565e-8,1,-2.333137949506181e-8,0.12284621596336365,-1.7298969368084728e-8,-0.9924257397651672],8,0.5018563270568848],[[773.0148315429688,222.69961547851563,47.11659240722656,-0.9954708218574524,-2.6175854372922914e-8,-0.09506729990243912,-2.54662353427193e-8,1,-8.67763016998424e-9,0.09506729990243912,-6.217321768531292e-9,-0.9954708218574524],8,0.516916036605835],[[772.74951171875,222.69961547851563,47.14303207397461,-0.9973732233047485,5.272901226760496e-9,-0.07243417203426361,4.548244447732941e-9,1,1.0169287634198554e-8,0.07243417203426361,9.813126311541965e-9,-0.9973732233047485],8,0.5307159423828125],[[772.5501098632813,222.69961547851563,47.15839767456055,-0.999477744102478,2.8332539869779795e-8,-0.032314687967300418,2.7591465112664083e-8,1,2.337900539828297e-8,0.032314687967300418,2.2475186156611927e-8,-0.999477744102478],8,0.5446991920471191],[[772.3502807617188,222.69961547851563,47.16642761230469,-0.9999539256095886,5.0808743878860699e-8,0.009601455181837082,5.115294854363128e-8,1,3.560354500109497e-8,-0.009601455181837082,3.609304854990114e-8,-0.9999539256095886],8,0.5582244396209717],[[772.0836791992188,222.69961547851563,47.16559600830078,-0.9995847940444946,8.133981310720628e-8,0.028814151883125306,8.285193331403207e-8,1,5.1284533952866698e-8,-0.028814151883125306,5.36505453396785e-8,-0.9995847940444946],8,0.571657657623291],[[771.9503784179688,222.69961547851563,47.162445068359378,-0.9980778098106384,9.512139342859882e-8,0.06197318434715271,9.894259278553364e-8,1,5.858999685415256e-8,-0.06197318434715271,6.460916068817824e-8,-0.9980778098106384],8,0.5839419364929199],[[771.6842041015625,222.69961547851563,47.1473274230957,-0.9961114525794983,6.620339831897582e-8,0.08810194581747055,6.983514566627491e-8,1,3.8139777558399149e-8,-0.08810194581747055,4.41440803911064e-8,-0.9961114525794983],8,0.5971863269805908],[[771.4849243164063,222.69961547851563,47.13072204589844,-0.9947835803031921,4.520113350281463e-8,0.10200776159763336,4.78089248190372e-8,1,2.3119794079207169e-8,-0.10200776159763336,2.787607300547279e-8,-0.9947835803031921],8,0.6100623607635498],[[771.285888671875,222.69961547851563,47.11090087890625,-0.9908512234687805,2.38852155831637e-8,0.1349586397409439,2.5310903595254787e-8,1,8.848074273259954e-9,-0.1349586397409439,1.218305012429255e-8,-0.9908512234687805],8,0.6225376129150391],[[771.1536254882813,222.69961547851563,47.09406661987305,-0.9880743026733398,1.0076498746514062e-8,0.15397799015045167,1.0140234429911743e-8,1,-3.714424878786815e-10,-0.15397799015045167,1.194360055301047e-9,-0.9880743026733398],8,0.6345124244689941],[[770.9558715820313,222.69961547851563,47.064170837402347,-0.9807522296905518,-1.0326768773438744e-8,0.19525645673274995,-1.3162961387536143e-8,1,-1.3227910322655135e-8,-0.19525645673274995,-1.5543456299838e-8,-0.9807522296905518],8,0.6464660167694092],[[770.7594604492188,222.69961547851563,47.026729583740237,-0.9764438271522522,-3.032999984498019e-8,0.21577173471450807,-3.671542714300813e-8,1,-2.558515710404663e-8,-0.21577173471450807,-3.290461947358381e-8,-0.9764438271522522],8,0.6579091548919678],[[770.5640258789063,222.69961547851563,46.98443603515625,-0.9669913649559021,-4.930245367518182e-8,0.2548092305660248,-6.072973235404788e-8,1,-3.697931916235575e-8,-0.2548092305660248,-5.1233179476639637e-8,-0.9669913649559021],8,0.6679391860961914],[[770.3702392578125,222.69961547851563,46.935001373291019,-0.9628667235374451,-6.879633218659365e-8,0.2699772119522095,-8.490466996136093e-8,1,-4.798755526280729e-8,-0.2699772119522095,-6.912794248137289e-8,-0.9628667235374451],8,0.6802966594696045],[[770.24169921875,222.69961547851563,46.89959716796875,-0.9554609060287476,-8.049072874882768e-8,0.29511773586273196,-1.0119937599029072e-7,1,-5.489780718903603e-8,-0.29511773586273196,-8.231843651174131e-8,-0.9554609060287476],8,0.6916403770446777],[[770.05029296875,222.69961547851563,46.841617584228519,-0.952847421169281,-6.252294326714036e-8,0.30344974994659426,-7.861194717406761e-8,1,-4.0804927436965957e-8,-0.30344974994659426,-6.273564423509015e-8,-0.952847421169281],8,0.703864336013794],[[769.859619140625,222.69961547851563,46.78129959106445,-0.951241672039032,-4.4957971567782809e-8,0.30844661593437197,-5.5965379885947189e-8,1,-2.6839751754437203e-8,-0.30844661593437197,-4.279342036284106e-8,-0.951241672039032],8,0.7147188186645508],[[769.7327270507813,222.69961547851563,46.74036407470703,-0.951241672039032,-3.3474211846851179e-8,0.30844661593437197,-4.087573302058445e-8,1,-1.7534608431901689e-8,-0.30844661593437197,-2.9287631875263288e-8,-0.951241672039032],8,0.7252941131591797],[[769.54248046875,222.69961547851563,46.67870330810547,-0.951241672039032,-1.6257768464811307e-8,0.30844661593437197,-1.825335438354614e-8,1,-3.584354812957713e-9,-0.30844661593437197,-9.039772486119091e-9,-0.951241672039032],8,0.7367222309112549],[[769.3522338867188,222.69961547851563,46.61701965332031,-0.9501581788063049,9.79317738014629e-10,0.31176817417144778,4.403093445404238e-9,1,1.0277885209575288e-8,-0.31176817417144778,1.1138361344364967e-8,-0.9501581788063049],8,0.7495205402374268],[[769.0988159179688,222.69961547851563,46.53401565551758,-0.9501601457595825,2.3902767765093814e-8,0.3117623031139374,3.45889823449852e-8,1,2.874723747936514e-8,-0.3117623031139374,3.8098018961818528e-8,-0.9501601457595825],8,0.762688159942627],[[768.9721069335938,222.69961547851563,46.49245071411133,-0.9523125886917114,3.562239214716101e-8,0.30512404441833498,4.9607482566216279e-8,1,3.80810298850065e-8,-0.30512404441833498,5.140148218174545e-8,-0.9523125886917114],8,0.775221586227417],[[768.78173828125,222.69961547851563,46.43117141723633,-0.953371524810791,5.2973874176132088e-8,0.30179911851882937,7.207422925148421e-8,1,5.215272125269621e-8,-0.30179911851882937,7.147286140707365e-8,-0.953371524810791],8,0.7861850261688232],[[768.5911254882813,222.69961547851563,46.37067413330078,-0.9549391865730286,7.050881833947642e-8,0.2968016266822815,9.445260928941934e-8,1,6.633278815115773e-8,-0.2968016266822815,9.137746559417792e-8,-0.9549391865730286],8,0.8002479076385498],[[768.3365478515625,222.69961547851563,46.29132080078125,-0.9564794898033142,4.98257080039366e-8,0.2917996346950531,6.588469148027798e-8,1,4.5207894316945388e-8,-0.2917996346950531,6.246555273037302e-8,-0.9564794898033142],8,0.8141415119171143],[[768.2091064453125,222.69961547851563,46.25223922729492,-0.9574952721595764,3.947069515675139e-8,0.2884490489959717,5.16469356171001e-8,1,3.460230146856702e-8,-0.2884490489959717,4.802905095857568e-8,-0.9574952721595764],8,0.8252620697021484],[[767.9537963867188,222.69961547851563,46.1751594543457,-0.958991527557373,1.858821541134148e-8,0.2834347188472748,2.330098958225335e-8,1,1.3256093112090639e-8,-0.2834347188472748,1.931679172173517e-8,-0.958991527557373],8,0.8389155864715576],[[767.8259887695313,222.69961547851563,46.13719177246094,-0.9604650735855103,8.129424244884831e-9,0.2784005403518677,9.193245276151174e-9,1,2.515681440939943e-9,-0.2784005403518677,4.9756287978652839e-9,-0.9604650735855103],8,0.848703145980835],[[766.8016357421875,222.69961547851563,45.84001159667969,-0.9637990593910217,-5.579751771733754e-8,0.266629695892334,-7.508987209803309e-8,1,-6.216122727664697e-8,-0.266629695892334,-7.99321142608278e-8,-0.9637990593910217],8,0.9184589385986328],[[766.3519287109375,222.69961547851563,45.715110778808597,-0.9745205044746399,-2.4947542698328108e-8,0.22429843246936799,-3.012791438550266e-8,1,-1.9673468187875188e-8,-0.22429843246936799,-2.5929841385163855e-8,-0.9745205044746399],8,0.949310302734375],[[766.1574096679688,222.69961547851563,45.66864776611328,-0.9752970337867737,-1.035936048054964e-8,0.22089740633964539,-1.0942652117762464e-8,1,-1.416837647205682e-9,-0.22089740633964539,-3.799041081720134e-9,-0.9752970337867737],8,0.9618947505950928],[[765.96240234375,222.69961547851563,45.6242561340332,-0.9704505801200867,4.3916568159829698e-9,0.24129988253116609,8.608673773835563e-9,1,1.6422038839891685e-8,-0.24129988253116609,1.8014048919212656e-8,-0.9704505801200867],8,0.9696173667907715],[[765.8328247070313,222.69961547851563,45.5927734375,-0.9647215008735657,1.375566149874885e-8,0.2632724940776825,2.1902454960809338e-8,1,2.800941167890869e-8,-0.2632724940776825,3.27875966377178e-8,-0.9647215008735657],8,0.9879326820373535],[[765.5753173828125,222.69961547851563,45.52354431152344,-0.9457052946090698,3.114528723813237e-8,0.32502537965774538,4.991319002556338e-8,1,4.940500986094776e-8,-0.32502537965774538,6.294563092978933e-8,-0.9457052946090698],8,0.9927964210510254],[[765.58154296875,222.69940185546876,45.486412048339847,-0.9374820590019226,0.04304524511098862,0.34536147117614748,0.043676696717739108,0.9990279674530029,-0.005956901703029871,-0.3452821969985962,0.00949976034462452,-0.938450813293457],8,1.0044410228729249],[[765.4501342773438,222.69970703125,45.41817092895508,-0.9193466901779175,0.033784378319978717,0.39199525117874148,0.034555256366729739,0.9993898272514343,-0.005090631544589996,-0.3919280469417572,0.008865442126989365,-0.9199531674385071],8,1.021718978881836],[[765.2694091796875,222.694091796875,45.33991241455078,-0.8869670033454895,0.010290615260601044,0.4617181122303009,0.01097213476896286,0.9999390840530396,-0.0012086746282875538,-0.4617024064064026,0.003993978723883629,-0.8870258927345276],8,1.027170181274414],[[765.0928344726563,222.69467163085938,45.25038528442383,-0.8749697804450989,-0.0007763271569274366,0.4841769337654114,-0.0006227548001334071,0.9999997019767761,0.00047799735330045223,-0.4841771721839905,0.00011670971434796229,-0.8749699592590332],8,1.0392673015594483],[[764.9766845703125,222.69564819335938,45.18697738647461,-0.868862509727478,-0.0024843886494636537,0.49504727125167849,-0.0025118759367614986,0.9999966621398926,0.0006098519079387188,-0.4950471520423889,-0.0007136198692023754,-0.8688658475875855],8,1.05857515335083],[[764.7451782226563,222.6973114013672,45.055763244628909,-0.8722888231277466,-0.0012380006955936552,0.4889894425868988,-0.0013039674377068878,0.9999991059303284,0.00020565545128192753,-0.4889892637729645,-0.0004582353576552123,-0.8722896575927734],8,1.0636343955993653],[[764.5714721679688,223.35983276367188,44.956878662109378,-0.8798630237579346,0.00015337193326558918,0.47522735595703127,0.000127581472042948,1,-0.00008652220276417211,-0.47522738575935366,-0.000015497476852033288,-0.8798630237579346],3,1.0802252292633057],[[764.397705078125,224.02235412597657,44.857994079589847,-0.8966986536979675,0.001550217973999679,0.4426388144493103,0.0015679590869694949,0.9999986886978149,-0.00032583947177045047,-0.4426387548446655,0.0004018597537651658,-0.8966999053955078],3,1.0967903137207032],[[764.2193603515625,224.66441345214845,44.767478942871097,-0.8758230209350586,0.0014449754962697626,0.4826302230358124,0.0014466826105490327,0.9999988675117493,-0.0003686796117108315,-0.48263019323349,0.0003753146156668663,-0.8758241534233093],5,1.1040759086608887],[[764.0386352539063,225.27581787109376,44.68136215209961,-0.8765416145324707,0.0007686617318540812,0.4813254475593567,0.000726160011254251,0.9999997019767761,-0.0002745585225056857,-0.48132550716400149,0.00010885731899179518,-0.8765419125556946],5,1.1144936084747315],[[763.9166870117188,225.66639709472657,44.627227783203128,-0.8963524699211121,0.0004078376805409789,0.4433419704437256,0.0003579024341888726,0.9999999403953552,-0.0001963065005838871,-0.443342000246048,-0.000017286640286329204,-0.8963525295257568],5,1.1243774890899659],[[763.7938232421875,226.0433349609375,44.575416564941409,-0.9043633937835693,0.00017022645624820143,0.42676326632499697,0.00012986767978873104,1,-0.00012367250747047365,-0.42676326632499697,-0.000056422126363031569,-0.9043633937835693],5,1.1339595317840577],[[763.6079711914063,226.58322143554688,44.5014533996582,-0.9004417061805725,0.000005379986305342754,0.4349766671657562,-0.000015430165149155074,1,-0.00004431030902196653,-0.4349766671657562,-0.00004661061393562704,-0.9004417061805725],5,1.1449198722839356],[[763.4830322265625,226.9261016845703,44.45488739013672,-0.9266461730003357,-0.000030730563594261187,0.3759346306324005,-0.00003928113801521249,1,-0.000015080158846103587,-0.3759346306324005,-0.000028741111236740836,-0.9266461730003357],5,1.155327558517456],[[763.2935791015625,227.41488647460938,44.390953063964847,-0.9438698887825012,-0.00003251658199587837,0.3303174376487732,-0.00003305896098027006,1,0.00000397564281229279,-0.3303174376487732,-0.000007167461717472179,-0.9438698887825012],5,1.1665081977844239],[[763.1004028320313,227.87301635742188,44.33952331542969,-0.957891583442688,-0.000017736394511302934,0.28713011741638186,-0.000016256988601526247,1,0.000007536518296547001,-0.28713011741638186,0.0000025512961201457076,-0.957891583442688],5,1.1789774894714356],[[762.9044189453125,228.30047607421876,44.29957962036133,-0.9803326725959778,-0.0000059403414525149859,0.19735212624073029,-0.000004918204922432778,1,0.000005669379788741935,-0.19735212624073029,0.000004587259809341049,-0.9803326725959778],5,1.1891064643859864],[[762.7725219726563,228.5684356689453,44.28117752075195,-0.9863624572753906,-0.0000016824433259898797,0.16458767652511598,-0.0000010966064110107255,1,0.000003650284497780376,-0.16458767652511598,0.0000034200156733277255,-0.9863624572753906],5,1.19651460647583],[[762.6399536132813,228.82275390625,44.26729965209961,-0.9960885643959045,4.930366799271724e-7,0.08836031705141068,6.771920766368567e-7,1,0.0000020541647245408969,-0.08836031705141068,0.000002105967041643453,-0.9960885643959045],5,1.2089831829071046],[[762.4402465820313,229.17869567871095,44.258628845214847,-0.9982650876045227,0.0000011416456118240604,0.05888013914227486,0.0000011761231917262194,1,5.508996991920867e-7,-0.05888013914227486,6.191942247824045e-7,-0.9982650876045227],5,1.2205135822296143],[[762.240478515625,229.5039825439453,44.26363754272461,-0.999520480632782,7.619217399223999e-7,0.030964748933911325,7.602108098581084e-7,1,-6.702639865352467e-8,-0.030964748933911325,-4.3454516429619619e-8,-0.999520480632782],5,1.2336699962615967],[[762.0408935546875,229.79859924316407,44.27619934082031,-0.9997316002845764,3.1836694347475716e-7,-0.023168273270130159,3.2297123198077318e-7,1,-1.949907044718202e-7,0.023168273270130159,-2.024210488116296e-7,-0.9997316002845764],5,1.2446749210357667],[[761.8422241210938,230.06256103515626,44.29865646362305,-0.9987813234329224,6.713062106200596e-8,-0.04935430735349655,7.413377289822165e-8,1,-1.4006492676799099e-7,0.04935430735349655,-1.435530521121109e-7,-0.9987813234329224],5,1.2553520202636719],[[761.710205078125,230.2215118408203,44.317501068115237,-0.9942659735679627,-2.400854626216642e-8,-0.10693547129631043,-1.4866415654068988e-8,1,-8.628919090369891e-8,0.10693547129631043,-8.420465746894479e-8,-0.9942659735679627],5,1.2652900218963624],[[761.5130004882813,230.43438720703126,44.35101318359375,-0.9933083057403565,-9.192184080575316e-8,-0.11549311131238938,-9.103107601049487e-8,1,-1.2987057651514533e-8,0.11549311131238938,-2.3866895126900546e-9,-0.9933083057403565],5,1.276348352432251],[[761.3825073242188,230.5592803955078,44.37808609008789,-0.9864538908004761,-1.0062574773428423e-7,-0.16403865814208985,-1.0541081252313234e-7,1,2.0465666494828839e-8,0.16403865814208985,3.7479882308844029e-8,-0.9864538908004761],5,1.288109302520752],[[761.2525634765625,230.6705322265625,44.407936096191409,-0.9864540100097656,-1.0868242128481143e-7,-0.16403818130493165,-1.1929101617624838e-7,1,5.4820631589791449e-8,0.16403818130493165,7.364631215978079e-8,-0.9864540100097656],5,1.2970130443572999],[[760.9930419921875,230.8521728515625,44.4689826965332,-0.9924927353858948,-8.082044189450244e-8,-0.12230350822210312,-9.117943733372158e-8,1,7.910230692687037e-8,0.12230350822210312,8.96600269584269e-8,-0.9924927353858948],5,1.3103899955749512],[[760.79931640625,230.95265197753907,44.518699645996097,-0.9878680109977722,-5.4307204067072237e-8,-0.15529565513134004,-7.010934410800474e-8,1,9.627814279156155e-8,0.15529565513134004,1.0599777056086168e-7,-0.9878680109977722],5,1.3241417407989503],[[760.6057739257813,231.0224609375,44.569271087646487,-0.9875969290733337,-3.0545379559043798e-8,-0.15701067447662354,-4.880851278699083e-8,1,1.1246214626225992e-7,0.15701067447662354,1.1873072480739211e-7,-0.9875969290733337],5,1.3499157428741456],[[760.2835083007813,231.07069396972657,44.65412521362305,-0.9953702092170715,1.1691648760248086e-9,-0.0961155816912651,-1.1996963422689078e-8,1,1.364043527019021e-7,0.0961155816912651,1.3692591949165945e-7,-0.9953702092170715],5,1.3678295612335206],[[760.0259399414063,231.04795837402345,44.72321319580078,-0.9916162490844727,3.7662804430738109e-8,-0.12921775877475739,1.7849137279313255e-8,1,1.5449354862084875e-7,0.12921775877475739,1.5089189275840909e-7,-0.9916162490844727],5,1.3743700981140137],[[759.8971557617188,231.0161590576172,44.75785446166992,-0.9808120727539063,6.402192553878194e-8,-0.19495554268360139,3.275476245789832e-8,1,1.6360478127808165e-7,0.19495554268360139,1.5407982800752507e-7,-0.9808120727539063],5,1.3834257125854493],[[759.7039794921875,230.9429168701172,44.80982208251953,-0.987042248249054,6.803214347428366e-8,-0.16046063601970673,4.568296319007459e-8,1,1.4297046391220648e-7,0.16046063601970673,1.3378758012549952e-7,-0.987042248249054],5,1.3938226699829102],[[759.5751953125,230.87704467773438,44.84429931640625,-0.9814836978912354,7.321889228251166e-8,-0.19154572486877442,5.1536680700792206e-8,1,1.1817792966439811e-7,0.19154572486877442,1.0611807965688058e-7,-0.9814836978912354],5,1.4048869609832764],[[759.4462890625,230.7975616455078,44.878562927246097,-0.9821468591690064,7.348882746782692e-8,-0.18811571598052979,5.691457616308071e-8,1,9.350814877961966e-8,0.18811571598052979,8.113221383609926e-8,-0.9821468591690064],5,1.413059949874878],[[759.2528076171875,230.65277099609376,44.929317474365237,-0.9878680109977722,7.165505877537726e-8,-0.15529592335224152,6.365048221823599e-8,1,5.6516523017080547e-8,0.15529592335224152,4.594620151010531e-8,-0.9878680109977722],5,1.423243522644043],[[758.86572265625,230.27125549316407,45.03055953979492,-0.9997402429580689,6.797008467174237e-8,-0.022790690883994104,6.839971433691972e-8,1,-1.807161709166394e-8,0.022790690883994104,-1.962580142844672e-8,-0.9997402429580689],5,1.4495995044708253],[[758.7376098632813,230.1168212890625,44.99647521972656,-0.9893513917922974,-0.00004815125066670589,-0.14554651081562043,-0.000015553740013274365,1,-0.00022510426060762256,0.14554651081562043,-0.00022044341312721372,-0.9893513917922974],5,1.45992112159729],[[758.566162109375,229.85963439941407,45.0056266784668,-0.9941486120223999,0.000008153159797075205,-0.10802073776721955,-0.0000021173716504563346,1,0.00009496456186752766,0.10802073776721955,0.00009463760943617672,-0.9941486120223999],5,1.4697847366333008],[[758.4437255859375,229.671142578125,45.02677536010742,-0.9904115796089172,0.000015264638932421805,-0.1381479650735855,0.000005248556590231601,1,0.00007286685286089778,0.1381479650735855,0.00007144310075091198,-0.9904115796089172],5,1.4801254272460938],[[758.2496948242188,229.36285400390626,45.066253662109378,-0.9946446418762207,0.000012289534424780868,-0.10335391014814377,0.000008849046935210936,1,0.00003374692823854275,0.10335391014814377,0.00003265161649324,-0.9946446418762207],5,1.4917323589324952],[[758.0538940429688,229.02392578125,45.106666564941409,-0.9946445822715759,0.00000811870540928794,-0.1033543050289154,0.00000714230009180028,1,0.00000981725133897271,0.1033543050289154,0.000009026488442032133,-0.9946445822715759],5,1.5019237995147706],[[757.8579711914063,228.65432739257813,45.1470832824707,-0.9940900802612305,0.000003930928414774826,-0.10855825990438461,0.000003932230356440414,1,2.020794909185497e-7,0.10855825990438461,-2.259908598034599e-7,-0.9940900802612305],5,1.5138661861419678],[[757.6622314453125,228.2540740966797,45.18833541870117,-0.9918196797370911,0.000001199382268168847,-0.12764698266983033,0.0000014593319974665065,1,-0.000001942951712408103,0.12764698266983033,-0.0000021133369045855945,-0.9918196797370911],5,1.5272443294525147],[[757.5321655273438,227.97021484375,45.21780776977539,-0.9846782088279724,1.6135082603341289e-7,-0.17438112199306489,4.7618891585443637e-7,1,-0.0000017636199345361093,0.17438112199306489,-0.000001819636509026168,-0.9846782088279724],5,1.537721872329712],[[757.402587890625,227.67271423339845,45.24919128417969,-0.9814833998680115,-2.842321862317476e-7,-0.1915472000837326,-4.886339155518726e-8,1,-0.000001233500483976968,0.1915472000837326,-0.0000012013006198685617,-0.9814833998680115],5,1.547330617904663],[[757.2018432617188,227.20257568359376,45.27983093261719,-0.9783021211624146,-0.0017619052669033409,-0.20717589557170869,0.0005041936528868973,0.9999406337738037,-0.010884732939302922,0.20718277990818025,-0.010753014124929905,-0.9782431721687317],5,1.5598194599151612],[[756.9979858398438,226.705078125,45.30959701538086,-0.972029447555542,-0.0033061369322240354,-0.23483577370643617,0.0007144167320802808,0.9998546838760376,-0.017033565789461137,0.2348579466342926,-0.016724897548556329,-0.9718858003616333],5,1.570345401763916],[[756.8038330078125,226.17697143554688,45.36333465576172,-0.9572701454162598,-0.0035843728110194208,-0.2891729176044464,-0.0006094351992942393,0.9999459981918335,-0.010377129539847374,0.2891944944858551,-0.00975748524069786,-0.9572206139564514],5,1.583144187927246],[[756.6174926757813,225.61819458007813,45.43595504760742,-0.9480102062225342,-0.002485537901520729,-0.3182302415370941,-0.0012165369698777795,0.9999905228614807,-0.004186355043202639,0.31823763251304629,-0.0035815683659166099,-0.9480041861534119],5,1.5939502716064454],[[756.4349975585938,225.02874755859376,45.51753616333008,-0.9388176202774048,-0.0012838572729378939,-0.344412237405777,-0.0010208284948021174,0.9999990463256836,-0.0009450422949157655,0.3444131016731262,-0.0005356365581974387,-0.9388180375099182],5,1.604863166809082],[[756.3147583007813,224.61875915527345,45.574951171875,-0.9117337465286255,-0.0006835842505097389,-0.41078105568885805,-0.0007365347701124847,0.9999997019767761,-0.000029359796826611274,0.41078096628189089,0.0002757862093858421,-0.9117340445518494],5,1.6169536113739014],[[756.1376342773438,223.9782257080078,45.66765213012695,-0.9215549826622009,-0.0001519525540061295,-0.38824784755706789,-0.00031110833515413105,0.9999998807907105,0.0003470744122751057,0.3882477581501007,0.00044063531095162034,-0.9215549230575562],5,1.627753734588623],[[755.9618530273438,223.30703735351563,45.76288604736328,-0.924245297908783,0.000046388864575419578,-0.38179922103881838,-0.00005971507198410109,0.9999999403953552,0.0002660566824488342,0.38179922103881838,0.0002687007945496589,-0.9242452383041382],5,1.6401607990264893],[[755.7899169921875,222.62063598632813,45.80464172363281,-0.9299233555793762,0.0037619813811033966,-0.3677341938018799,0.0015967899234965444,0.999979555606842,0.006192005705088377,0.367749959230423,0.005170896183699369,-0.9299103021621704],7,1.6525850296020508],[[755.6729736328125,222.45101928710938,45.81938934326172,-0.9332209825515747,0.006582000758498907,-0.3592425584793091,0.006589694879949093,0.9999775886535645,0.0012031178921461106,0.35924243927001955,-0.0012445240281522275,-0.933243453502655],7,1.6622211933135987],[[755.6416625976563,222.44496154785157,45.824493408203128,-0.9351484775543213,0.006606582086533308,-0.35419443249702456,0.006137575022876263,0.9999781847000122,0.0024475089740008117,0.35420289635658266,0.0001148891169577837,-0.9351686239242554],7,1.6721067428588868],[[755.6407470703125,222.5064697265625,45.882293701171878,-0.9830401539802551,0.0022121104411780836,-0.1833769828081131,0.0021282623056322338,0.9999974966049194,0.0006540496833622456,0.18337798118591309,0.00025268245371989906,-0.9830424189567566],7,1.6836092472076417],[[755.5252685546875,222.56924438476563,45.93484878540039,-0.9922341108322144,-0.00043603364611044526,-0.12438379228115082,-0.00042103385203517973,0.9999998807907105,-0.00014687996008433402,0.124383844435215,-0.00009336951188743114,-0.9922341704368591],8,1.6955277919769288],[[755.5331420898438,222.61170959472657,45.95753860473633,-0.9998751282691956,0.0003230225411243737,0.015798278152942659,0.00033482362050563097,0.9999996423721314,0.0007443458307534456,-0.01579803228378296,0.0007495425525121391,-0.9998749494552612],8,1.7066826820373536],[[755.5474853515625,222.62281799316407,45.97177505493164,-0.9901948571205139,0.00002421340104774572,0.13969293236732484,0.00039591247332282364,0.9999964833259583,0.002633041003718972,-0.13969236612319947,0.0026625299360603096,-0.9901914000511169],8,1.7163724899291993],[[755.5682373046875,222.63209533691407,45.9525260925293,-0.9713486433029175,-0.00044750975212082267,0.23765866458415986,0.00007298617128981277,0.999997615814209,0.0021812953054904939,-0.23765908181667329,0.0021361438557505609,-0.9713462591171265],8,1.7286653518676758],[[755.5853271484375,222.63169860839845,45.87874221801758,-0.9474148750305176,0.0001658551482250914,0.3200078308582306,0.00023341122141573578,0.9999999403953552,0.00017275237769354135,-0.3200078010559082,0.00023836159380152822,-0.9474148750305176],8,1.7390093803405762],[[755.6019287109375,222.63084411621095,45.761375427246097,-0.8770676851272583,0.0010486174141988159,0.48036569356918337,0.0009626790997572243,0.999999463558197,-0.0004252636863384396,-0.4803658723831177,0.00008945298759499565,-0.8770682215690613],8,1.7541308403015137],[[755.5337524414063,222.64588928222657,45.65240478515625,-0.800422191619873,0.000709373562131077,0.5994362235069275,0.00011192770034540445,0.999999463558197,-0.0010339445434510708,-0.5994366407394409,-0.0007604986312799156,-0.8004218935966492],8,1.7640581130981446],[[755.3355712890625,222.6678009033203,45.50383377075195,-0.7777338027954102,0.00005318145122146234,0.6285937428474426,-0.0000011445124528108864,1,-0.00008601991430623457,-0.6285937428474426,-0.00006762002885807306,-0.7777338027954102],8,1.783440113067627],[[755.179443359375,222.67904663085938,45.37949752807617,-0.7695243954658508,-0.00007341141463257372,0.6386173963546753,-0.000003986069259553915,1,0.00011015051859430969,-0.6386173963546753,0.00008221793541451916,-0.7695243954658508],8,1.7934346199035645],[[755.0765380859375,222.68435668945313,45.29478073120117,-0.7914289236068726,-0.00006317141378531232,0.6112611889839172,-0.0000035344714888196906,1,0.00009876977856038138,-0.6112611889839172,0.00007600877870572731,-0.7914289236068726],8,1.8044440746307374],[[754.9190673828125,222.68992614746095,45.17155838012695,-0.8112795352935791,-0.00002364082138228696,0.5846584439277649,-9.97797883428575e-7,1,0.0000390507084375713,-0.5846584439277649,0.00003109767203568481,-0.8112795352935791],8,1.8161365985870362],[[754.7610473632813,223.34902954101563,45.04903793334961,-0.8555938005447388,0.000014547247701557353,0.5176478028297424,0.000005790376690129051,1,-0.000018531976820668207,-0.5176478028297424,-0.000012858468835474924,-0.8555938005447388],3,1.8320481777191163],[[754.5382080078125,224.18467712402345,44.9033317565918,-0.8513213396072388,0.00001793953742890153,0.524644672870636,0.000004133399215788813,1,-0.000027486579710966909,-0.524644672870636,-0.000021231344362604433,-0.851321280002594],5,1.856316328048706],[[754.2422485351563,225.152587890625,44.75044631958008,-0.8587530851364136,0.000002954486717499094,0.512389600276947,-0.0000012380716043480789,1,-0.000007841073966119439,-0.512389600276947,-0.0000073679211709531959,-0.8587530851364136],5,1.862959623336792],[[754.1199951171875,225.5159149169922,44.697452545166019,-0.9207166433334351,-4.010218503935903e-7,0.39023181796073916,-0.0000018650737274583662,1,-0.0000033728222206264037,-0.39023181796073916,-0.000003833224582194816,-0.9207166433334351],5,1.8733680248260499],[[753.9948120117188,225.86561584472657,44.651763916015628,-0.9506564736366272,-0.0000014467175333265914,0.310245543718338,-0.0000018152693428419298,1,-8.992231528281991e-7,-0.310245543718338,-0.0000014180315019984847,-0.9506564736366272],5,1.8841183185577393],[[753.8026733398438,226.3646240234375,44.59701919555664,-0.9527455568313599,-0.0000011733025075955084,0.3037694990634918,-0.000001078602281268104,1,4.795377321897831e-7,-0.3037694990634918,1.2923094061534358e-7,-0.9527455568313599],5,1.8948445320129395],[[753.672607421875,226.6802520751953,44.56778335571289,-0.9716527462005615,-7.265545605150692e-7,0.2364126592874527,-5.967494871583767e-7,1,6.206152534105058e-7,-0.2364126592874527,4.6194338665372927e-7,-0.9716527462005615],5,1.9045724868774415],[[753.475830078125,227.12815856933595,44.53192901611328,-0.9707885980606079,-2.3435731577592379e-7,0.2399364709854126,-1.3559299816279236e-7,1,4.2813491063498079e-7,-0.2399364709854126,3.830948003269441e-7,-0.9707885980606079],5,1.9146509170532227],[[753.3440551757813,227.40972900390626,44.51192855834961,-0.9869344830513,-3.09190255620706e-8,0.1611221581697464,1.2128677617795347e-8,1,2.661907956280629e-7,-0.1611221581697464,2.646670509420801e-7,-0.9869344830513],5,1.92521333694458],[[753.0125122070313,228.05404663085938,44.47821044921875,-0.9727866053581238,8.626498271269156e-8,0.23170281946659089,8.667780804216818e-8,1,-8.398560069622363e-9,-0.23170281946659089,1.1913486197556722e-8,-0.9727866053581238],5,1.9435696601867676],[[752.8795776367188,228.28793334960938,44.46828079223633,-0.99239581823349,8.338651014128118e-8,0.12308742851018906,7.674139368418764e-8,1,-5.872793096273199e-8,-0.12308742851018906,-4.8835453014817179e-8,-0.99239581823349],5,1.9515345096588135],[[752.7465209960938,228.50819396972657,44.46022033691406,-0.9943939447402954,7.12082695031313e-8,0.10573863238096237,6.183056200370629e-8,1,-9.196569550340428e-8,-0.10573863238096237,-8.491225145235149e-8,-0.9943939447402954],5,1.9636306762695313],[[752.5467529296875,228.8130340576172,44.451622009277347,-0.9914946556091309,4.500641637150693e-8,0.13014748692512513,3.0281476881555139e-8,1,-1.1511935582575461e-7,-0.13014748692512513,-1.1019916712484701e-7,-0.9914946556091309],5,1.9741485118865967],[[752.4134521484375,228.99923706054688,44.44721221923828,-0.996241569519043,2.0591320648577495e-8,0.08661822974681854,9.355350272244323e-9,1,-1.3012424915359589e-7,-0.08661822974681854,-1.2882483702014725e-7,-0.996241569519043],5,1.98362398147583],[[752.2135009765625,229.2529754638672,44.442745208740237,-0.9938113689422607,-5.746728870548168e-9,0.11108087003231049,-2.2660755050196714e-8,1,-1.5100518169219868e-7,-0.11108087003231049,-1.5258784458183073e-7,-0.9938113689422607],5,1.9935383796691895],[[752.0802001953125,229.40512084960938,44.4409065246582,-0.9982723593711853,-2.9646404442473796e-8,0.058755889534950259,-3.840472828642305e-8,1,-1.4793369018661907e-7,-0.058755889534950259,-1.4993462116308366e-7,-0.9982723593711853],5,2.0044291019439699],[[751.8802490234375,229.60777282714845,44.44169998168945,-0.9963802695274353,-4.3851290598695417e-8,0.08500799536705017,-5.4011408678888986e-8,1,-1.1721969173095204e-7,-0.08500799536705017,-1.2138679039708223e-7,-0.9963802695274353],5,2.0155375003814699],[[751.6802978515625,229.77976989746095,44.444358825683597,-0.9969499707221985,-6.21836448999602e-8,0.07804327458143234,-6.91302020072726e-8,1,-8.630737369230701e-8,-0.07804327458143234,-9.143928281218905e-8,-0.9969499707221985],5,2.0264012813568117],[[751.5469970703125,229.87741088867188,44.44701385498047,-0.9995246529579163,-7.740871410533146e-8,0.030829818919301034,-7.947235758365423e-8,1,-6.571139721245345e-8,-0.030829818919301034,-6.813028363694684e-8,-0.9995246529579163],5,2.0372984409332277],[[751.4136962890625,229.96141052246095,44.451271057128909,-0.9995246529579163,-8.810526708202815e-8,0.030829740688204767,-8.952834207320848e-8,1,-4.477