[[[776,222.69961547851563,47,1,2.0643089015948136e-8,1.8556692776361753e-14,-2.0643089015948136e-8,1,1.1573746405701968e-7,-1.6167514375886595e-14,-1.1573746405701968e-7,1],8,0.0063626766204833988],[[776,222.69961547851563,47,1,1.7373933403064258e-8,1.8249919465722874e-14,-1.7373933403064258e-8,1,9.740862338958323e-8,-1.6557549331174677e-14,-9.740862338958323e-8,1],8,0.018073320388793947],[[776,222.69961547851563,47,1,1.0839814379437485e-8,1.7822879335035146e-14,-1.0839814379437485e-8,1,6.077443259755455e-8,-1.7164096072176325e-14,-6.077443259755455e-8,1],8,0.04590177536010742],[[776,222.69961547851563,47,1,1.0491021384950728e-9,1.7633591188246333e-14,-1.0491021384950728e-9,1,5.881814146846409e-9,-1.7627421400258533e-14,-5.881814146846409e-9,1],8,0.05881094932556152],[[775.90234375,222.69961547851563,46.97393035888672,0.9966417551040649,-3.141184645727435e-9,0.0818851962685585,4.894546545841649e-9,1,-2.1211704392953835e-8,-0.0818851962685585,2.1541261219226727e-8,0.9966417551040649],8,0.07276749610900879],[[775.718017578125,222.69961547851563,46.92469024658203,0.9804507493972778,-5.300800687280116e-9,0.19676454365253449,1.4805518588900668e-8,1,-4.683405308014699e-8,-0.19676454365253449,4.883168713831765e-8,0.9804507493972778],8,0.09259581565856934],[[775.4608764648438,222.69961547851563,46.856014251708987,0.9395282864570618,-4.792506391737561e-9,0.34247127175331118,3.347905774830906e-8,1,-7.785182987163353e-8,-0.34247127175331118,8.460961709033654e-8,0.9395282864570618],8,0.10010433197021485],[[775.2677001953125,222.69961547851563,46.804412841796878,0.8997796773910523,-2.157027889637675e-9,0.4363445043563843,5.026858573842219e-8,1,-9.871471462474801e-8,-0.4363445043563843,1.1075591288545184e-7,0.8997796773910523],8,0.1118161678314209],[[775.0745239257813,222.69961547851563,46.752803802490237,0.8565149307250977,5.465315977559726e-10,0.5161222219467163,5.135044744974948e-8,1,-8.627598901966849e-8,-0.5161222219467163,1.003997809334578e-7,0.8565149307250977],8,0.12301898002624512],[[774.9457397460938,222.69961547851563,46.7183952331543,0.8269888758659363,1.414098282914722e-9,0.5622182488441467,4.4796113485290337e-8,1,-6.840757293957722e-8,-0.5622182488441467,8.17574985489955e-8,0.8269888758659363],8,0.13457703590393067],[[774.7525634765625,222.69961547851563,46.66678237915039,0.7826781272888184,1.7795289686262095e-9,0.6224266290664673,3.2408280503659628e-8,1,-4.361121241913679e-8,-0.6224266290664673,5.430531757610879e-8,0.7826781272888184],8,0.1503124237060547],[[774.5593872070313,222.69961547851563,46.615169525146487,0.7390763163566589,1.1972201008347839e-9,0.6736217141151428,1.7603177582259378e-8,1,-2.109093522051353e-8,-0.6736217141151428,2.744569371770922e-8,0.7390763163566589],8,0.1601881980895996],[[774.3018188476563,222.69961547851563,46.54635238647461,0.6831783056259155,-7.69471097950003e-10,0.7302516102790833,-4.9579877980932e-9,1,5.692094351417154e-9,-0.7302516102790833,-7.509293631358105e-9,0.6831783056259155],8,0.17274689674377442],[[774.1730346679688,222.69961547851563,46.51194381713867,0.6568464040756226,-2.1773081115838979e-9,0.7540243864059448,-1.7152654407937008e-8,1,1.7829618670361925e-8,-0.7540243864059448,-2.4644840834753269e-8,0.6568464040756226],8,0.18225860595703126],[[773.593505859375,222.69961547851563,46.35710525512695,0.5454778671264648,-1.1100325991719729e-8,0.8381252288818359,-7.720137773503666e-8,1,6.34892813877741e-8,-0.8381252288818359,-9.933641820225603e-8,0.5454778671264648],8,0.22106075286865235],[[773.4647216796875,222.69961547851563,46.322696685791019,0.5240453481674194,-1.3559248834837945e-8,0.8516903519630432,-9.12105377892658e-8,1,7.204226903922972e-8,-0.8516903519630432,-1.1543654920842528e-7,0.5240453481674194],8,0.22775864601135255],[[773.3359375,222.69961547851563,46.28828811645508,0.5055195093154907,-1.1673448874205406e-8,0.8628152012825012,-7.761323672639264e-8,1,5.900272981307353e-8,-0.8628152012825012,-9.679290968733767e-8,0.5055195093154907],8,0.23781156539916993],[[773.2071533203125,222.69961547851563,46.25387954711914,0.4887290596961975,-9.675040324452766e-9,0.8724356293678284,-6.356685844366439e-8,1,4.669916719990397e-8,-0.8724356293678284,-7.828123216313543e-8,0.4887290596961975],8,0.24596452713012696],[[772.9495849609375,222.69961547851563,46.185062408447269,0.45815300941467287,-5.3935198529586618e-9,0.8888733386993408,-3.451117080999211e-8,1,2.385595365694826e-8,-0.8888733386993408,-4.160573752187702e-8,0.45815300941467287],8,0.2606062889099121],[[772.82080078125,222.69961547851563,46.15065383911133,0.44430890679359438,-3.1281190970844365e-9,0.8958736658096314,-1.959740103529839e-8,1,1.321103937357293e-8,-0.8958736658096314,-2.342657801079895e-8,0.44430890679359438],8,0.27202892303466799],[[772.6276245117188,222.69961547851563,46.09904098510742,0.425396203994751,4.001516618057366e-10,0.9050071835517883,3.1500448915977587e-9,1,-1.922820791477875e-9,-0.9050071835517883,3.6687737292595559e-9,0.425396203994751],8,0.28388023376464846],[[772.4988403320313,222.69961547851563,46.064632415771487,0.4138606786727905,2.829063650011676e-9,0.9103402495384216,1.8516889355169043e-8,1,-1.1525881582485909e-8,-0.9103402495384216,2.1626778590189134e-8,0.4138606786727905],8,0.2928903102874756],[[772.1768798828125,222.69961547851563,45.97861099243164,-0.9893695116043091,2.7686169801199868e-8,0.14542344212532044,3.293372330404054e-8,1,3.3677192590175767e-8,-0.14542344212532044,3.810852078345306e-8,-0.9893695116043091],8,0.3137683868408203],[[771.9193115234375,222.69961547851563,45.909793853759769,-0.973118245601654,3.0920460858396839e-8,0.23030617833137513,4.790421570532999e-8,1,6.815276520910629e-8,-0.23030617833137513,7.735333440450631e-8,-0.973118245601654],8,0.3380553722381592],[[771.6617431640625,222.69961547851563,45.84097671508789,-0.9768695831298828,4.010109222463143e-8,0.21383608877658845,6.337928937227844e-8,1,1.0200432853935126e-7,-0.21383608877658845,1.1319770720774614e-7,-0.9768695831298828],8,0.3452920913696289],[[771.4017944335938,222.69961547851563,45.78181838989258,-0.9808245897293091,2.640203078385639e-8,0.1948925405740738,4.1282227414285447e-8,1,7.228901921507713e-8,-0.1948925405740738,7.894845310829624e-8,-0.9808245897293091],8,0.3624539375305176],[[771.205810546875,222.69961547851563,45.74198913574219,-0.988101601600647,1.778472480395976e-8,0.1538025140762329,2.5678755122271469e-8,1,4.9339206498189017e-8,-0.1538025140762329,5.270160485792985e-8,-0.988101601600647],8,0.3734920024871826],[[770.8767700195313,222.69961547851563,45.68903350830078,-0.9951488375663757,9.058643835047064e-10,0.0983806625008583,1.8721395544929466e-9,1,9.729484773401964e-9,-0.0983806625008583,9.866467642893895e-9,-0.9951488375663757],8,0.3938934803009033],[[770.7443237304688,222.69961547851563,45.67399978637695,-0.9964261054992676,-6.868104751589499e-9,0.08446915447711945,-7.4212072043167158e-9,1,-6.233987548398545e-9,-0.08446915447711945,-6.83857104277763e-9,-0.9964261054992676],8,0.41568922996520998],[[770.412353515625,222.69961547851563,45.64497756958008,-0.9987684488296509,-2.6867262192808995e-8,0.049614425748586658,-2.9230148967940296e-8,1,-4.689940524826852e-8,-0.049614425748586658,-4.829188426924702e-8,-0.9987684488296509],8,0.4218566417694092],[[770.213134765625,223.3587188720703,45.6280517578125,-0.9991636276245117,-3.913653401355077e-8,0.04089035466313362,-4.209094228713184e-8,1,-7.139105662190559e-8,-0.04089035466313362,-7.305246185751457e-8,-0.9991636276245117],3,0.44081568717956545],[[769.9468383789063,224.19436645507813,45.61543273925781,-0.9929299354553223,-5.500703537109075e-8,0.11870166659355164,-6.71801529961158e-8,1,-9.855086346988173e-8,-0.11870166659355164,-1.0582850507034891e-7,-0.9929299354553223],5,0.4648315906524658],[[769.6802368164063,224.9755096435547,45.607669830322269,-0.9902563095092773,-7.889939723781936e-8,0.13925686478614808,-9.678127099732592e-8,1,-1.216375693502414e-7,-0.13925686478614808,-1.339298307811987e-7,-0.9902563095092773],5,0.47152018547058108],[[769.4802856445313,225.52560424804688,45.604820251464847,-0.9944483041763306,-7.717937933193753e-8,0.1052263155579567,-8.794806660716859e-8,1,-9.769821929239697e-8,-0.1052263155579567,-1.0641027614610721e-7,-0.9944483041763306],5,0.4813854694366455],[[769.3469848632813,225.87530517578126,45.603816986083987,-0.9977371692657471,-7.646036692676717e-8,0.06723473221063614,-8.219417679811159e-8,1,-8.251419814087058e-8,-0.06723473221063614,-8.785379179698794e-8,-0.9977371692657471],5,0.49094271659851076],[[769.2136840820313,226.2113800048828,45.60350799560547,-0.9977335929870606,-7.15289445452072e-8,0.06728842109441757,-7.627726716918915e-8,1,-6.799749030506064e-8,-0.06728842109441757,-7.297595061572793e-8,-0.9977335929870606],5,0.4983828067779541],[[769.0803833007813,226.53382873535157,45.6033821105957,-0.9984806776046753,-6.728788548571174e-8,0.055103424936532977,-7.037184701630395e-8,1,-5.402653258101964e-8,-0.055103424936532977,-5.782217726846284e-8,-0.9984806776046753],5,0.5105822086334229],[[768.8137817382813,227.13784790039063,45.605960845947269,-0.9941958785057068,-5.425053117846801e-8,0.10758525133132935,-5.7598509073386597e-8,1,-2.8011921671122765e-8,-0.10758525133132935,-3.4046088615014017e-8,-0.9941958785057068],5,0.5268771648406982],[[768.5471801757813,227.68736267089845,45.6121940612793,-0.9963822364807129,-4.4288871237085917e-8,0.08498489111661911,-4.47627535038464e-8,1,-3.6705547490356595e-9,-0.08498489111661911,-7.461433249034144e-9,-0.9963822364807129],5,0.5514919757843018],[[768.2808227539063,228.18238830566407,45.6241340637207,-0.9986532330513,-3.303629014794751e-8,0.051882173866033557,-3.2066846955558506e-8,1,1.9517910843092069e-8,-0.051882173866033557,1.7827927578650816e-8,-0.9986532330513],5,0.5586025714874268],[[768.1478271484375,228.40945434570313,45.63381576538086,-0.9997248649597168,-2.520352815338356e-8,-0.02345655858516693,-2.5935635861173979e-8,1,3.090697475727211e-8,0.02345655858516693,3.15068291456555e-8,-0.9997248649597168],5,0.5670623779296875],[[768.0150146484375,228.62290954589845,45.645347595214847,-0.9995366930961609,-1.8419395786395399e-8,-0.030436579138040544,-1.9709672116619005e-8,1,4.2092228369483567e-8,0.030436579138040544,4.267262099233449e-8,-0.9995366930961609],5,0.5755059719085693],[[767.8159790039063,228.9175262451172,45.664398193359378,-0.9999998211860657,-9.78973968557284e-9,-0.0006140561308711767,-9.825570579380383e-9,1,5.834803573634417e-8,0.0006140561308711767,5.835405758602974e-8,-0.9999998211860657],5,0.585791826248169],[[767.6832885742188,229.09690856933595,45.677650451660159,-0.9993000030517578,-6.331611901444489e-10,-0.037410710006952289,-3.220668398640214e-9,1,6.910461536335788e-8,0.037410710006952289,6.917672834561017e-8,-0.9993000030517578],5,0.5974941253662109],[[767.484375,229.34043884277345,45.69826889038086,-0.9999563694000244,8.016979968772376e-9,-0.009342057630419732,7.224303377739716e-9,1,8.488402158945974e-8,0.009342057630419732,8.481282520733657e-8,-0.9999563694000244],5,0.6083438396453857],[[767.2855224609375,229.55331420898438,45.719879150390628,-0.9998366236686707,1.9798550354721557e-8,-0.01807699166238308,1.7983690980827306e-8,1,1.0055859434032755e-7,0.01807699166238308,1.0021707197438445e-7,-0.9998366236686707],5,0.6208503246307373],[[767.0868530273438,229.73553466796876,45.74309158325195,-0.999168336391449,3.359102151989646e-8,-0.04077543318271637,2.886876515617587e-8,1,1.1640011621238955e-7,0.04077543318271637,1.1512616993059055e-7,-0.999168336391449],5,0.6460745334625244],[[766.7566528320313,229.97109985351563,45.78893280029297,-0.9996660351753235,4.533188402433552e-8,0.02584277093410492,4.902339156842572e-8,1,1.422113342641751e-7,-0.02584277093410492,1.4343073928557716e-7,-0.9996660351753235],5,0.6530876159667969],[[766.6246948242188,230.04148864746095,45.8076286315918,-0.9972556233406067,6.81650149658708e-8,-0.07403549551963806,5.6990621999375438e-8,1,1.5304543410366024e-7,0.07403549551963806,1.484060874190618e-7,-0.9972556233406067],5,0.6608757972717285],[[766.4927368164063,230.09825134277345,45.82632827758789,-0.9972556233406067,7.07990608361797e-8,-0.07403525710105896,6.006160901961266e-8,1,1.4725803509918479e-7,0.07403525710105896,1.4240721668556945e-7,-0.9972556233406067],5,0.6694824695587158],[[766.3607788085938,230.14138793945313,45.845027923583987,-0.9972556233406067,6.745061398305552e-8,-0.07403526455163956,5.834863969766957e-8,1,1.2510393787579233e-7,0.07403526455163956,1.204407453769818e-7,-0.9972556233406067],5,0.6798915863037109],[[766.162841796875,230.1805419921875,45.873077392578128,-0.999168336391449,5.8390408952391229e-8,-0.04077550396323204,5.46408038815116e-8,1,9.307176185302524e-8,0.04077550396323204,9.076635620886009e-8,-0.999168336391449],5,0.6943955421447754],[[765.9649047851563,230.1890411376953,45.901126861572269,-0.999168336391449,5.272183400961694e-8,-0.040775366127491,5.022579330216104e-8,1,6.22388469651014e-8,0.040775366127491,6.013911502122937e-8,-0.999168336391449],5,0.7035143375396729],[[765.8329467773438,230.17767333984376,45.91982650756836,-0.9972556233406067,5.0221796499272389e-8,-0.07403524965047836,4.722826929537405e-8,1,4.218449234372201e-8,0.07403524965047836,3.857216768210492e-8,-0.9972556233406067],5,0.7161734104156494],[[765.5030517578125,230.08966064453126,45.966575622558597,-0.9996660351753235,3.6144161441598047e-8,0.025842830538749696,3.600445452889289e-8,1,-5.871299890713999e-9,-0.025842830538749696,-4.9388817480178208e-9,-0.9996660351753235],5,0.7447059154510498],[[765.1731567382813,229.91648864746095,46.01332473754883,-0.9996660351753235,2.4230928374890938e-8,0.02584264427423477,2.288873623967902e-8,1,-5.223289178957202e-8,-0.02584264427423477,-5.162393890145722e-8,-0.9996660351753235],5,0.7515988349914551],[[765.0411987304688,229.8233642578125,46.03202438354492,-0.9972556233406067,1.2724372666639283e-8,-0.07403513044118881,1.8014489455708828e-8,1,-7.078637764834639e-8,0.07403513044118881,-7.1925818190266e-8,-0.9972556233406067],5,0.7609250545501709],[[764.9092407226563,229.7166290283203,46.050724029541019,-0.9972556233406067,6.174964539695793e-9,-0.07403513044118881,1.2822514605659308e-8,1,-8.931382211585515e-8,0.07403513044118881,-9.001803391583963e-8,-0.9972556233406067],5,0.7682766914367676],[[764.7772827148438,229.5962677001953,46.06942367553711,-0.9972556233406067,-7.000682256119717e-10,-0.07403513044118881,7.306075744395457e-9,1,-1.0786897064463119e-7,0.07403513044118881,-1.081138449876562e-7,-0.9972556233406067],5,0.7785220146179199],[[764.579345703125,229.3901824951172,46.09747314453125,-0.9988589882850647,-8.346099811262775e-9,-0.04775654897093773,-1.8641928001272847e-9,1,-1.3577266599895666e-7,0.04775654897093773,-1.355287224669155e-7,-0.9988589882850647],5,0.7951376438140869],[[764.3155517578125,229.0677032470703,46.136451721191409,-0.9998388290405273,-1.6800941082806277e-8,-0.017951669171452524,-1.4317688368237214e-8,1,-1.3845837543158269e-7,0.017951669171452524,-1.3817903266044596e-7,-0.9998388290405273],5,0.8248512744903565],[[763.9200439453125,228.48178100585938,46.19655990600586,-0.9990567564964294,-2.7859078599590249e-8,0.04342339560389519,-3.1831941527116217e-8,1,-9.079987961513325e-8,-0.04342339560389519,-9.209648510477564e-8,-0.9990567564964294],5,0.8333094120025635],[[763.788330078125,228.2592315673828,46.21715545654297,-0.9959678053855896,-4.480702031628425e-8,-0.08971152454614639,-3.819475935529226e-8,1,-7.54225411014886e-8,0.08971152454614639,-7.169190752165378e-8,-0.9959678053855896],5,0.8429262638092041],[[763.5907592773438,227.8998565673828,46.248291015625,-0.9985007047653198,-4.964600819334919e-8,-0.05473939701914787,-4.686606303039298e-8,1,-5.2068713785047296e-8,0.05473939701914787,-4.942522480178013e-8,-0.9985007047653198],5,0.8519802093505859],[[763.4590454101563,227.64324951171876,46.26889419555664,-0.9962755441665649,-5.553868120955485e-8,-0.08622666448354721,-5.2592742605384049e-8,1,-3.643674162390198e-8,0.08622666448354721,-3.176613816435747e-8,-0.9962755441665649],5,0.861957311630249],[[763.3273315429688,227.3730010986328,46.28927993774414,-0.9964245557785034,-5.960042770425389e-8,-0.08448757231235504,-5.806649028272659e-8,1,-2.0613150297776884e-8,0.08448757231235504,-1.563355134237554e-8,-0.9964245557785034],5,0.8712759017944336],[[763.1295776367188,226.9420928955078,46.319488525390628,-0.9990954399108887,-6.502416027842628e-8,-0.042523905634880069,-6.524214057890276e-8,1,3.738255482943487e-9,0.042523905634880069,6.509224714790207e-9,-0.9990954399108887],5,0.882908821105957],[[762.7337036132813,225.98831176757813,46.37664031982422,-0.9965062141418457,-7.854158212694529e-8,0.083518385887146,-7.419994574320299e-8,1,5.508812961352305e-8,-0.083518385887146,4.869860248390978e-8,-0.9965062141418457],5,0.9068067073822022],[[762.6013793945313,225.6431427001953,46.39300537109375,-0.9992331862449646,-7.482562836003126e-8,-0.039154112339019778,-7.77324302703164e-8,1,7.27176399095697e-8,0.039154112339019778,7.570542237544942e-8,-0.9992331862449646],5,0.9163479804992676],[[762.4688720703125,225.28433227539063,46.407569885253909,-0.999637246131897,-7.833326520767514e-8,-0.026932863518595697,-8.080978375346604e-8,1,9.086292607207725e-8,0.026932863518595697,9.300640613219002e-8,-0.999637246131897],5,0.9273231029510498],[[762.2698364257813,224.7205810546875,46.426795959472659,-0.9995245337486267,-8.745340807081448e-8,0.030834350734949113,-8.381800853385357e-8,1,1.1919351550204738e-7,-0.030834350734949113,1.1655236420438087e-7,-0.9995245337486267],5,0.9360134601593018],[[762.1369018554688,224.3277130126953,46.436866760253909,-0.9999524354934692,-8.694814113141547e-8,0.009754708036780358,-8.55985078374033e-8,1,1.3877460958156008e-7,-0.009754708036780358,1.379330285544711e-7,-0.9999524354934692],5,0.9461452960968018],[[761.9373168945313,223.71287536621095,46.44883346557617,-0.9983736276626587,-6.730603274718305e-8,0.05700954794883728,-6.046303724360769e-8,1,1.2175738106634527e-7,-0.05700954794883728,1.181123892024516e-7,-0.9983736276626587],5,0.9557783603668213],[[761.8041381835938,223.28594970703126,46.45506286621094,-1,-4.811186116171484e-8,0.0000756215158617124,-4.8103675709398888e-8,1,1.0821026563689884e-7,-0.0000756215158617124,1.0820662765809175e-7,-1],7,0.9670116901397705],[[761.6041870117188,222.62001037597657,46.46173858642578,-0.9999662041664124,-3.439958717876834e-8,0.008222498930990696,-3.369571643929703e-8,1,8.574165377694954e-8,-0.008222498930990696,8.54616928336327e-8,-0.9999662041664124],7,0.9792227745056152],[[761.4042358398438,222.4325408935547,46.46365737915039,-0.9999637603759766,-2.0891832264169353e-8,0.008513152599334717,-2.03581418389831e-8,1,6.277684150290952e-8,-0.008513152599334717,6.260125218204849e-8,-0.9999637603759766],7,0.98893141746521],[[761.2709350585938,222.4542999267578,46.46326446533203,-0.999857485294342,-1.2502310298145858e-8,0.016880575567483903,-1.170459551502745e-8,1,4.735516867526712e-8,-0.016880575567483903,4.715084145345827e-8,-0.999857485294342],7,0.9988424777984619],[[761.1376342773438,222.49942016601563,46.46148681640625,-0.9994193911552429,-4.418610366485609e-9,0.03407224267721176,-3.337483400756014e-9,1,3.17873158905968e-8,-0.03407224267721176,3.1655144283604389e-8,-0.9994193911552429],8,1.010507583618164],[[760.9376831054688,222.5641326904297,46.45542907714844,-0.9992305040359497,8.743836765745528e-9,0.03922224044799805,9.079567320213755e-9,1,8.3815692164535e-9,-0.03922224044799805,8.73124061939734e-9,-0.9992305040359497],8,1.0203111171722413],[[760.7378540039063,222.61158752441407,46.44783020019531,-0.9990134835243225,2.2014152278870826e-8,0.044407837092876437,2.136584775769279e-8,1,-1.5073513992547306e-8,-0.044407837092876437,-1.4109833301745312e-8,-0.9990134835243225],8,1.0317354202270508],[[760.5380859375,222.6432647705078,46.43916320800781,-0.9986794590950012,3.541921245187041e-8,0.0513746403157711,3.3480436201216438e-8,1,-3.8598567897452088e-8,-0.0513746403157711,-3.682755078671107e-8,-0.9986794590950012],8,1.0448744297027588],[[760.3383178710938,222.66375732421876,46.42916488647461,-0.998396635055542,4.891031579745686e-8,0.0566050261259079,4.546398457705436e-8,1,-6.217160120058907e-8,-0.0566050261259079,-5.9498429294535529e-8,-0.998396635055542],8,1.0570950508117676],[[760.2051391601563,222.67312622070313,46.42181396484375,-0.9983966946601868,5.777135214657392e-8,0.056604623794555667,5.344876186086367e-8,1,-7.787855338392547e-8,-0.056604623794555667,-7.472824137266798e-8,-0.9983966946601868],8,1.0673813819885255],[[760.0719604492188,222.6800537109375,46.4142951965332,-0.9983966946601868,6.66286297246188e-8,0.056604646146297458,6.143012853954133e-8,1,-9.357879093840893e-8,-0.056604646146297458,-8.995152001034512e-8,-0.9983966946601868],8,1.0776546001434327],[[759.8721923828125,222.6872100830078,46.402976989746097,-0.9983966946601868,5.8949812142827798e-8,0.05660464987158775,5.417274451247067e-8,1,-8.59279793985479e-8,-0.05660464987158775,-8.272377272078302e-8,-0.9983966946601868],8,1.0871245861053467],[[759.739013671875,222.6904754638672,46.39543151855469,-0.9983966946601868,4.68489496086022e-8,0.05660464987158775,4.293076472094981e-8,1,-7.043618666102702e-8,-0.05660464987158775,-6.789316842059634e-8,-0.9983966946601868],8,1.0969696044921876],[[759.6058349609375,222.69288635253907,46.38788604736328,-0.9983966946601868,3.475325982549293e-8,0.05660464987158775,3.1693591751036368e-8,1,-5.4951012629089749e-8,-0.05660464987158775,-5.306890216161264e-8,-0.9983966946601868],8,1.1070671081542969],[[759.4060668945313,222.6953582763672,46.37656784057617,-0.9983966946601868,1.6619416953744804e-8,0.05660464987158775,1.4846835760806698e-8,1,-3.173565588099336e-8,-0.05660464987158775,-3.0844372389537969e-8,-0.9983966946601868],8,1.1191182136535645],[[759.206298828125,222.69692993164063,46.36524963378906,-0.9983966946601868,-1.5027999955563587e-9,0.05660464987158775,-1.9891197577948107e-9,1,-8.535172568713279e-9,-0.05660464987158775,-8.634081005709504e-9,-0.9983966946601868],8,1.1332850456237794],[[758.93994140625,222.69815063476563,46.35015869140625,-0.9983966946601868,-2.564768486479352e-8,0.05660464987158775,-2.442027202675945e-8,1,2.2375679975539243e-8,-0.05660464987158775,2.095750417652198e-8,-0.9983966946601868],8,1.1429407596588135],[[758.8067626953125,222.69854736328126,46.342613220214847,-0.9983966946601868,-3.7712389655553127e-8,0.05660464987158775,-3.5628655581376736e-8,1,3.7821202170107429e-8,-0.05660464987158775,3.574381324256137e-8,-0.9983966946601868],8,1.152902603149414],[[758.673583984375,222.69883728027345,46.33506774902344,-0.9983966946601868,-4.977193412969427e-8,0.05660464987158775,-4.6832251854311838e-8,1,5.32601234226604e-8,-0.05660464987158775,5.052380913639354e-8,-0.9983966946601868],8,1.1637461185455323],[[758.4738159179688,222.69911193847657,46.32374954223633,-0.9983966946601868,-6.785158745969966e-8,0.05660464987158775,-6.36286614508208e-8,1,7.640614541060131e-8,-0.05660464987158775,7.268196355880718e-8,-0.9983966946601868],8,1.1741700172424317],[[758.2740478515625,222.69931030273438,46.31243133544922,-0.9983966946601868,-7.370033472398063e-8,0.05660464987158775,-6.89902179829005e-8,1,8.516494176546985e-8,-0.05660464987158775,8.112322547049189e-8,-0.9983966946601868],8,1.185985803604126],[[758.0742797851563,222.69943237304688,46.30111312866211,-0.9983966946601868,-5.511455114515229e-8,0.05660464987158775,-5.1507498710634539e-8,1,6.518255446508192e-8,-0.05660464987158775,6.21624778318619e-8,-0.9983966946601868],8,1.197045087814331],[[757.9411010742188,222.69949340820313,46.2935676574707,-0.9983966946601868,-4.2730647464850338e-8,0.05660464987158775,-3.985858043620283e-8,1,5.1868070727323359e-8,-0.05660464987158775,4.9528729562098309e-8,-0.9983966946601868],8,1.2080638408660889],[[757.7413330078125,222.6995391845703,46.282249450683597,-0.998193085193634,-2.4337264648011115e-8,0.060087721794843677,-2.2464289983759046e-8,1,3.184620922525028e-8,-0.060087721794843677,3.0438840781243928e-8,-0.998193085193634],8,1.2203927040100098],[[757.6082763671875,222.69956970214845,46.274356842041019,-0.998193085193634,-1.1966591273449012e-8,0.060087721794843677,-1.0874289912976565e-8,1,1.850543540626859e-8,-0.060087721794843677,1.781858571803241e-8,-0.998193085193634],8,1.230849027633667],[[757.40869140625,222.6995849609375,46.26235580444336,-0.9981929063796997,6.579458311506414e-9,0.0600908137857914,6.5013656680434909e-9,1,-1.4950941595870404e-9,-0.0600908137857914,-1.1017200485241574e-9,-0.9981929063796997],8,1.2424724102020264],[[757.2091064453125,222.6995849609375,46.25033950805664,-0.998193085193634,2.5113676471733016e-8,0.06008843705058098,2.386593500602885e-8,1,-2.1482760459434759e-8,-0.06008843705058098,-2.0009874646120808e-8,-0.998193085193634],8,1.255814790725708],[[757.009521484375,222.6995849609375,46.23832321166992,-0.9981929063796997,4.363607075674736e-8,0.0600908137857914,4.121933372402964e-8,1,-4.1457656863030937e-8,-0.0600908137857914,-3.890583499810418e-8,-0.9981929063796997],8,1.2667450904846192],[[756.8099365234375,222.6995849609375,46.2263069152832,-0.9981928467750549,6.214658299086295e-8,0.0600917674601078,5.856158935557687e-8,1,-6.141976882645395e-8,-0.0600917674601078,-5.77897054654386e-8,-0.9981928467750549],8,1.2784810066223145],[[756.6768798828125,222.6995849609375,46.21829605102539,-0.9982964396476746,7.437912330487961e-8,0.05834555998444557,7.014016745188201e-8,1,-7.47005017842639e-8,-0.05834555998444557,-7.048087269367898e-8,-0.9982964396476746],8,1.288985013961792],[[756.477294921875,222.6995849609375,46.20656204223633,-0.998397171497345,7.965569892576241e-8,0.05659608542919159,7.518454481214576e-8,1,-8.113038774126835e-8,-0.05659608542919159,-7.674519508782396e-8,-0.998397171497345],8,1.3003082275390626],[[756.2110595703125,222.6995849609375,46.1913948059082,-0.9984941482543945,5.182371864975721e-8,0.05485785752534866,4.894106453434688e-8,1,-5.389114576814791e-8,-0.05485785752534866,-5.112519474437249e-8,-0.9984941482543945],8,1.3162307739257813],[[756.077880859375,222.6995849609375,46.18402099609375,-0.9986799955368042,3.780425572585955e-8,0.05136352777481079,3.578018947791861e-8,1,-4.0326231243170699e-8,-0.05136352777481079,-3.84352034643598e-8,-0.9986799955368042],8,1.326347827911377],[[755.8781127929688,222.6995849609375,46.173606872558597,-0.9986801743507385,1.7054857082143827e-8,0.05136019363999367,1.604935917498551e-8,1,-1.9989792932051388e-8,-0.05136019363999367,-1.913911162887416e-8,-0.9986801743507385],8,1.3361330032348633],[[755.7449340820313,222.6995849609375,46.166751861572269,-0.9989359378814697,3.128747705360979e-9,0.04611979424953461,2.8315865208128345e-9,1,-6.508574124097777e-9,-0.04611979424953461,-6.371056127107977e-9,-0.9989359378814697],8,1.346043348312378],[[755.545166015625,222.6995849609375,46.157325744628909,-0.9990912079811096,-1.7620683578911668e-8,0.04262373596429825,-1.7055095113960307e-8,1,1.3632987183598289e-8,-0.04262373596429825,1.2893645262579412e-8,-0.9990912079811096],8,1.3572428226470948],[[755.4119873046875,222.6995849609375,46.151512145996097,-0.9992340207099915,-3.138622872711494e-8,0.03913310915231705,-3.03526057621184e-8,1,2.7007148517554925e-8,-0.03913310915231705,2.579866986707202e-8,-0.9992340207099915],8,1.3678960800170899],[[755.0790405273438,222.6995849609375,46.138309478759769,-0.9994829893112183,-6.570616761791826e-8,0.03215118497610092,-6.380414419027147e-8,1,6.018466791601895e-8,-0.03215118497610092,5.810217373891646e-8,-0.9994829893112183],8,1.3853089809417725],[[754.8124389648438,222.6995849609375,46.12946319580078,-0.9998345971107483,-7.91910892417036e-8,0.018186304718255998,-7.78598945316844e-8,1,7.390548262264929e-8,-0.018186304718255998,7.247727751291677e-8,-0.9998345971107483],8,1.4039716720581055],[[754.6791381835938,222.6995849609375,46.126556396484378,-0.999916136264801,-6.605485936006517e-8,0.012952227145433426,-6.525468165818893e-8,1,6.220185611027773e-8,-0.012952227145433426,6.135144303698326e-8,-0.999916136264801],8,1.4139361381530762],[[754.5458374023438,222.6995849609375,46.12458038330078,-0.9999552965164185,-5.308970330020202e-8,0.009456993080675602,-5.261403046574742e-8,1,5.054734231180191e-8,-0.009456993080675602,5.004751102433147e-8,-0.9999552965164185],8,1.422119140625],[[754.3458862304688,222.6995849609375,46.122520446777347,-0.9999969601631165,-3.362330147638204e-8,0.0024662218056619169,-3.3541503796641339e-8,1,3.320781871707368e-8,-0.0024662218056619169,3.312499785579348e-8,-0.9999969601631165],8,1.4337496757507325],[[754.1459350585938,222.6995849609375,46.12175369262695,-0.999999463558197,-1.4404325732186863e-8,-0.001029293518513441,-1.4420746374810279e-8,1,1.594613863176164e-8,0.001029293518513441,1.5960974764084314e-8,-0.999999463558197],8,1.4441564083099366],[[754.0126342773438,222.6995849609375,46.12175750732422,-0.9999897480010986,-1.619933409635621e-9,-0.004524256102740765,-1.6402600389042732e-9,1,4.489093985426962e-9,0.004524256102740765,4.496468974934942e-9,-0.9999897480010986],8,1.4531834125518799],[[753.8793334960938,222.6995849609375,46.122222900390628,-0.9999897480010986,1.1103149510915955e-8,-0.004524256102740765,1.113476688630044e-8,1,-6.963055021458331e-9,0.004524256102740765,-7.0133601148825168e-9,-0.9999897480010986],8,1.4631083011627198],[[753.6793823242188,222.6995849609375,46.12310791015625,-0.9998873472213745,3.010342908282837e-8,-0.015010072849690915,3.0466058120737219e-8,1,-2.393032616510027e-8,0.015010072849690915,-2.4384927854725903e-8,-0.9998873472213745],8,1.4752404689788819],[[753.4794311523438,223.35186767578126,46.1240119934082,-0.9998287558555603,4.908020301286342e-8,-0.018505511805415155,4.984411816622014e-8,1,-4.0819077895548619e-8,0.018505511805415155,-4.173447720745571e-8,-0.9998287558555603],3,1.4914934635162354],[[753.2128295898438,224.17388916015626,46.12839889526367,-0.9976677894592285,7.492062792380239e-8,0.0682564303278923,7.031977844462745e-8,1,-6.980807398804245e-8,-0.0682564303278923,-6.48454943075194e-8,-0.9976677894592285],5,1.5190751552581788],[[752.8129272460938,225.3047332763672,46.13767623901367,-0.9871464371681213,1.1208341987867243e-7,0.15981842577457429,9.356884334010829e-8,1,-1.2337292787378829e-7,-0.15981842577457429,-1.068331272335854e-7,-0.9871464371681213],5,1.5289180278778077],[[752.6796264648438,225.65443420410157,46.141876220703128,-0.9995337128639221,8.313637067658419e-8,0.03053366206586361,7.967272352971122e-8,1,-1.146536234841733e-7,-0.03053366206586361,-1.1216746287345814e-7,-0.9995337128639221],5,1.5370991230010987],[[752.5463256835938,225.99050903320313,46.14655685424805,-0.999631941318512,6.883866632279023e-8,0.027129579335451127,6.599718460620352e-8,1,-1.0563274344121965e-7,-0.027129579335451127,-1.0380338721915905e-7,-0.999631941318512],5,1.5463900566101075],[[752.4131469726563,226.31295776367188,46.15167999267578,-0.9996310472488403,5.51648078328526e-8,0.027161000296473504,5.257034985106657e-8,1,-9.623548891113387e-8,-0.027161000296473504,-9.477212614683595e-8,-0.9996310472488403],5,1.553708791732788],[[752.21337890625,226.77108764648438,46.159549713134769,-0.9984740018844605,3.749222443616418e-8,0.05522341653704643,3.306049478624118e-8,1,-8.116444405459333e-8,-0.05522341653704643,-7.921487821249684e-8,-0.9984740018844605],5,1.5638995170593262],[[752.1467895507813,226.91697692871095,46.16239547729492,-0.9999353289604187,2.5631459621422438e-8,-0.011375172063708306,2.6499305860738788e-8,1,-7.614226404939473e-8,0.011375172063708306,-7.643877353302742e-8,-0.9999353289604187],5,1.5715172290802003],[[751.947021484375,227.334228515625,46.17125701904297,-0.9987493753433228,1.0588832921598624e-8,0.04999633505940437,7.606502094859025e-9,1,-5.984124840097138e-8,-0.04999633505940437,-5.938611025158025e-8,-0.9987493753433228],5,1.5845551490783692],[[751.7472534179688,227.72080993652345,46.181034088134769,-0.998997688293457,-8.967986353525248e-9,0.04476119950413704,-1.088239010016423e-8,1,-4.252559193673733e-8,-0.04476119950413704,-4.297007549780574e-8,-0.998997688293457],5,1.5951659679412842],[[751.5474853515625,228.07675170898438,46.191856384277347,-0.9990741014480591,-2.787008845928085e-8,0.04302195832133293,-2.8929946438438493e-8,1,-2.4012706489884296e-8,-0.04302195832133293,-2.523509579077654e-8,-0.9990741014480591],5,1.6053409576416016],[[751.414306640625,228.29701232910157,46.199371337890628,-0.9999962449073792,-4.098625794313193e-8,0.0027338445652276279,-4.101703510173138e-8,1,-1.1202081928729513e-8,-0.0027338445652276279,-1.1314174486187767e-8,-0.9999962449073792],5,1.6182126998901368],[[751.2147216796875,228.6018524169922,46.21186447143555,-0.9994698166847229,-5.8779274780818017e-8,0.03255857899785042,-5.8501505861840999e-8,1,9.483971830093197e-9,-0.03255857899785042,7.574217697481345e-9,-0.9994698166847229],5,1.6285429000854493],[[751.01513671875,228.87603759765626,46.225181579589847,-0.9995772242546082,-7.650853461882434e-8,0.02907460741698742,-7.561843062831031e-8,1,3.171391682599278e-8,-0.02907460741698742,2.9501931564368534e-8,-0.9995772242546082],5,1.640857458114624],[[750.8155517578125,229.11956787109376,46.239200592041019,-0.9997560977935791,-9.366104336550052e-8,0.022085092961788179,-9.245572840654859e-8,1,5.5597229930981487e-8,-0.022085092961788179,5.3541775457688348e-8,-0.9997560977935791],5,1.6523144245147706],[[750.6161499023438,229.3324432373047,46.254486083984378,-0.9998270869255066,-1.1042946113093422e-7,0.018596848472952844,-1.0893493396224585e-7,1,8.137767792959494e-8,-0.018596848472952844,7.93377594732192e-8,-0.9998270869255066],5,1.6650793552398682],[[750.416748046875,229.51466369628907,46.27059555053711,-0.9999513030052185,-1.1239416863872975e-7,0.009871197864413262,-1.114340335561792e-7,1,9.78161764919605e-8,-0.009871197864413262,9.67114246464007e-8,-0.9999513030052185],5,1.6788372993469239],[[750.217529296875,229.66622924804688,46.28824996948242,-0.9999998211860657,-8.538000173530236e-8,-0.0006080520688556135,-8.543657514792358e-8,1,9.302324599502754e-8,0.0006080520688556135,9.307517956358424e-8,-0.9999998211860657],5,1.6942353248596192],[[749.9521484375,229.82061767578126,46.31459426879883,-0.9998557567596436,-5.284799087235115e-8,0.01698356866836548,-5.142286596537815e-8,1,8.434880527374844e-8,-0.01698356866836548,8.346329138930742e-8,-0.9998557567596436],5,1.722017526626587],[[749.5547485351563,229.9500274658203,46.360374450683597,-0.9979264736175537,-6.168588750909976e-9,0.06436459720134735,-1.943565308692996e-9,1,6.570465416189109e-8,-0.06436459720134735,6.544331654367852e-8,-0.9979264736175537],5,1.730154275894165],[[749.4886474609375,229.9596710205078,46.368900299072269,-0.9940480589866638,1.3307177582078112e-8,-0.10894265025854111,6.510243455437603e-9,1,6.274569841480116e-8,0.10894265025854111,6.166299471033199e-8,-0.9940480589866638],5,1.7383241653442383],[[749.2906494140625,229.96817016601563,46.396766662597659,-0.9987741112709045,3.3963129197900346e-8,-0.0495002344250679,3.142319826565654e-8,1,5.2089742297312117e-8,0.0495002344250679,5.047042961336956e-8,-0.9987741112709045],5,1.7477867603302003],[[749.1587524414063,229.95680236816407,46.416358947753909,-0.9961236119270325,5.1793435318359118e-8,-0.08796439319849014,4.807502662629304e-8,1,4.4390283449047277e-8,0.08796439319849014,3.998932029958269e-8,-0.9961236119270325],5,1.7575812339782715],[[749.0269775390625,229.93182373046876,46.43669128417969,-0.9956485033035278,6.774511973617337e-8,-0.09318850189447403,6.467416824307293e-8,1,3.5974206724631588e-8,0.09318850189447403,2.979077429188237e-8,-0.9956485033035278],5,1.7678523063659669],[[748.8295288085938,229.86878967285157,46.468318939208987,-0.9975163340568543,9.060447325737187e-8,-0.07043588161468506,8.930276607088672e-8,1,2.1629761093322487e-8,0.07043588161468506,1.528592186161859e-8,-0.9975163340568543],5,1.7780075073242188],[[748.63232421875,229.7751007080078,46.501834869384769,-0.9972641468048096,1.1388154064206901e-7,-0.07392042875289917,1.137941296747158e-7,1,5.394099833466726e-9,0.07392042875289917,-3.0323688005040596e-9,-0.9972641468048096],5,1.793154239654541],[[748.435302734375,229.6507568359375,46.53629684448242,-0.9971334338188171,1.3676422838670988e-7,-0.0756634995341301,1.381368264219418e-7,1,-1.2907295676711783e-8,0.0756634995341301,-2.3322211717413667e-8,-0.9971334338188171],5,1.802121639251709],[[748.303955078125,229.5508270263672,46.55953598022461,-0.994059681892395,1.507437445980031e-7,-0.10883623361587525,1.545006114156422e-7,1,-2.6085904991646204e-8,0.10883623361587525,-4.274621190347716e-8,-0.994059681892395],5,1.8123130798339844],[[748.1727294921875,229.43728637695313,46.58283233642578,-0.994059681892395,1.3220454775364488e-7,-0.10883647203445435,1.3654729968948232e-7,1,-3.244883473030313e-8,0.10883647203445435,-4.711740686502708e-8,-0.994059681892395],5,1.8217036724090577],[[747.9758911132813,229.2414093017578,46.6177864074707,-0.9984030723571777,1.0707981346058659e-7,-0.05649176239967346,1.094737100970633e-7,1,-3.928137815023547e-8,0.05649176239967346,-4.540300935218511e-8,-0.9984030723571777],5,1.8342971801757813],[[747.7784423828125,229.01487731933595,46.64967346191406,-0.9992376565933228,8.069956436429493e-8,-0.039040498435497287,8.246455251992302e-8,1,-4.359881344839778e-8,0.039040498435497287,-4.67850327368069e-8,-0.9992376565933228],5,1.8450078964233399],[[747.646484375,228.84683227539063,46.66877365112305,-0.9987668991088867,6.21901463659924e-8,-0.04964560642838478,6.451647038829833e-8,1,-4.5256051350861529e-8,0.04964560642838478,-4.8403204999658558e-8,-0.9987668991088867],5,1.8547992706298829],[[747.4479370117188,228.56919860839845,46.69293212890625,-0.9989174008369446,3.9704666221496157e-8,0.0465191975235939,3.770070833297723e-8,1,-4.395553432345878e-8,-0.0465191975235939,-4.215414151076402e-8,-0.9989174008369446],5,1.8662238121032715],[[747.3150024414063,228.36708068847657,46.7025146484375,-0.9986670017242432,2.2072944361184456e-8,0.05161656066775322,1.9952004493006826e-8,1,-4.1605563438906759e-8,-0.05161656066775322,-4.052024848988367e-8,-0.9986670017242432],5,1.8774223327636719],[[747.1151123046875,228.03836059570313,46.70735168457031,-0.991960883140564,-1.7212167247038224e-9,0.1265450417995453,-6.186777312677805e-9,1,-3.4895276002089307e-8,-0.1265450417995453,-3.5397654585267449e-8,-0.991960883140564],5,1.888000249862671],[[746.7152099609375,227.28895568847657,46.6983528137207,-0.8979750275611877,-4.484017068762114e-8,0.44004639983177187,-5.102992872707546e-8,1,-2.234828988534332e-9,-0.44004639983177187,-2.446235747299852e-8,-0.8979750275611877],5,1.912975549697876],[[746.5830078125,227.01190185546876,46.68740463256836,-0.9233816266059876,-6.461812063207617e-8,0.3838833272457123,-6.566244081795958e-8,1,1.0384999526991124e-8,-0.3838833272457123,-1.5617398929634875e-8,-0.9233816266059876],5,1.9216763973236085],[[746.4525146484375,226.72122192382813,46.666683197021487,-0.8919699192047119,-8.182278321555714e-8,0.45209476351737978,-7.909902421943116e-8,1,2.492582318325276e-8,-0.45209476351737978,-1.3527169606675216e-8,-0.8919699192047119],5,1.9312257766723633],[[746.1986083984375,226.0989990234375,46.59628677368164,-0.817147433757782,-1.173585246760922e-7,0.5764287114143372,-1.0179760323580922e-7,1,5.928724888804027e-8,-0.5764287114143372,-1.0232636071805246e-8,-0.817147433757782],5,1.9433839321136475],[[746.0759887695313,225.76744079589845,46.5468635559082,-0.7582578659057617,-1.3523336406251475e-7,0.6519547700881958,-1.1043550074418818e-7,1,7.898519527316239e-8,-0.6519547700881958,-1.2107803648575555e-8,-0.7582578659057617],5,1.9532732963562012],[[746.0634765625,225.4381561279297,46.499874114990237,-0.6901300549507141,-0.0005870704771950841,0.7236851453781128,0.0011196902487426997,0.999997615814209,0.0018789952155202628,-0.723684549331665,0.00210705422796309,-0.6901277303695679],5,1.964381217956543],[[746.0761108398438,224.94253540039063,46.435855865478519,-0.600002110004425,-0.00021493565873242915,0.7999983429908752,0.0024384786374866964,0.9999948143959045,0.002097537973895669,-0.799994707107544,0.0032093063928186895,-0.5999985337257385],5,1.9757614135742188],[[746.0687255859375,224.41624450683595,46.361175537109378,-0.4695315957069397,-0.00013209195458330214,0.8829156756401062,0.00164