[[[776,222.69961547851563,47,1,-2.4442762480703096e-8,2.1005609022474969e-14,2.4442762480703096e-8,1,-4.494599181725789e-8,-1.9907005595820247e-14,4.494599181725789e-8,1],8,0.0051348209381103519],[[776,222.69961547851563,47,1,-3.8712510530558578e-8,2.1977638621755586e-14,3.8712510530558578e-8,1,-7.118552503015963e-8,-1.9221867749840555e-14,7.118552503015963e-8,1],8,0.03033447265625],[[776,222.69961547851563,47,1,-5.297006211435473e-8,2.3322665955623213e-14,5.297006211435473e-8,1,-9.740263351432077e-8,-1.816324258423034e-14,9.740263351432077e-8,1],8,0.03849935531616211],[[776,222.69961547851563,47,1,-4.2156855784014627e-8,2.256573190296835e-14,4.2156855784014627e-8,1,-7.751903297048557e-8,-1.92977737603758e-14,7.751903297048557e-8,1],8,0.05398416519165039],[[776,222.69961547851563,47,1,-2.3003607907412517e-8,2.1667721124816499e-14,2.3003607907412517e-8,1,-4.229954697620997e-8,-2.0694678474130966e-14,4.229954697620997e-8,1],8,0.07103157043457031],[[775.8388671875,222.69961547851563,47.01207733154297,0.9885491132736206,-5.4905640034519369e-9,0.15089929103851319,6.4898650897760039e-9,1,-6.129827312406633e-9,-0.15089929103851319,7.038951643778546e-9,0.9885491132736206],8,0.09221529960632324],[[775.5765380859375,222.69961547851563,47.03173065185547,0.9909330606460571,8.331878298406537e-9,0.13435660302639008,-1.208752831161064e-8,1,2.713712454749384e-8,-0.13435660302639008,-2.851511382573335e-8,0.9909330606460571],8,0.11606621742248535],[[775.3107299804688,222.69961547851563,47.05165100097656,0.9966627955436707,2.376102514745071e-8,0.08162915706634522,-2.8830063669715856e-8,1,6.091973148159014e-8,-0.08162915706634522,-6.306979827286341e-8,0.9966627955436707],8,0.13106226921081544],[[775.0448608398438,222.69961547851563,47.07157897949219,0.998947262763977,3.9708513810410298e-8,0.04587337374687195,-4.412738263681604e-8,1,9.53148742155463e-8,-0.04587337374687195,-9.723880367573656e-8,0.998947262763977],8,0.1377580165863037],[[774.778564453125,222.69961547851563,47.08476257324219,0.9998800754547119,3.523778957514878e-8,0.015486623160541058,-3.650190194548486e-8,1,8.134332318832094e-8,-0.015486623160541058,-8.189886102627497e-8,0.9998800754547119],8,0.15718579292297364],[[774.57861328125,222.69961547851563,47.088985443115237,0.9998093247413635,2.7264562163509255e-8,-0.019526395946741105,-2.613113991856153e-8,1,5.8300756222706698e-8,0.019526395946741105,-5.777939193762904e-8,0.9998093247413635],8,0.17054510116577149],[[774.245361328125,222.69961547851563,47.083919525146487,0.9977765679359436,1.1941817312788317e-8,-0.06664745509624481,-1.0688740559317012e-8,1,1.9158150621478854e-8,0.06664745509624481,-1.8403177648451675e-8,0.9977765679359436],8,0.18883132934570313],[[773.9791870117188,222.69961547851563,47.06800842285156,0.9922792911529541,-1.4174057483273828e-9,-0.12402334064245224,-1.6952864112518285e-10,1,-1.2784895808692909e-8,0.12402334064245224,1.2707213059570677e-8,0.9922792911529541],8,0.20501494407653809],[[773.71435546875,222.69961547851563,47.03722381591797,0.9825243353843689,-1.6600516516973586e-8,-0.18613415956497193,8.31430213565909e-9,1,-4.529803732111759e-8,0.18613415956497193,4.295884892258073e-8,0.9825243353843689],8,0.22121691703796388],[[773.4519653320313,222.69961547851563,46.99007034301758,0.9557265639305115,-3.549819282966382e-8,-0.2942562401294708,1.2953810468729899e-8,1,-7.856380790371986e-8,0.2942562401294708,7.127378154336839e-8,0.9557265639305115],8,0.23755812644958497],[[773.1957397460938,222.69961547851563,46.916961669921878,0.9301170706748962,-5.525483004475973e-8,-0.36726319789886477,1.517121184235748e-8,1,-1.1202817518096708e-7,0.36726319789886477,9.86274883985061e-8,0.9301170706748962],8,0.25703001022338869],[[773.008544921875,222.69961547851563,46.846824645996097,0.8945350050926209,-5.513095757692099e-8,-0.4469979405403137,1.1207394123857739e-8,1,-1.0090774082982534e-7,0.4469979405403137,8.525582018137357e-8,0.8945350050926209],8,0.2778007984161377],[[772.7088623046875,222.69961547851563,46.70127487182617,0.8503836989402771,-3.23399440560479e-8,-0.5261631011962891,6.140814523547533e-9,1,-5.1538957990260317e-8,0.5261631011962891,4.059681657508918e-8,0.8503836989402771],8,0.28976964950561526],[[772.4803466796875,222.69961547851563,46.564109802246097,0.8023204803466797,-1.1488269890946868e-8,-0.5968934893608093,5.480532028201424e-9,1,-1.188005427366079e-8,0.5968934893608093,6.2603171535613459e-9,0.8023204803466797],8,0.30505919456481936],[[772.3180541992188,222.69961547851563,46.447471618652347,0.7564148306846619,6.221587245391902e-9,-0.6540921926498413,7.165501969552679e-9,1,1.7798225115939205e-8,0.6540921926498413,-1.8149739489103923e-8,0.7564148306846619],8,0.32021498680114748],[[772.06396484375,222.69961547851563,46.23186492919922,0.7199065089225769,3.739856779816364e-8,-0.6940710544586182,1.2641996782747356e-8,1,6.699547583366439e-8,0.6940710544586182,-5.7004925224646288e-8,0.7199065089225769],8,0.3370203971862793],[[771.87060546875,222.69961547851563,46.048362731933597,0.6989831328392029,6.321431555988966e-8,-0.7151381373405457,1.8184413974609016e-8,1,1.0616817291975167e-7,0.7151381373405457,-8.721413280454726e-8,0.6989831328392029],8,0.35513877868652346],[[771.8134765625,222.69961547851563,45.80691909790039,0.6889206171035767,5.5325539705108898e-8,-0.7248368263244629,1.518412240386624e-8,1,9.076001106222975e-8,0.7248368263244629,-7.353244768637524e-8,0.6889206171035767],8,0.3719475269317627],[[771.8182983398438,222.69961547851563,45.54094314575195,0.6889206767082214,3.5163054690201537e-8,-0.7248367667198181,9.159541569658814e-9,1,5.721736684449752e-8,0.7248367667198181,-4.605739789553809e-8,0.6889206767082214],8,0.39223790168762209],[[771.8233642578125,222.69961547851563,45.34101867675781,0.6889206171035767,2.0052496552125377e-8,-0.7248368263244629,4.644480799953499e-9,1,3.207918553016498e-8,0.7248368263244629,-2.546650357260205e-8,0.6889206171035767],8,0.40330934524536135],[[771.8319091796875,222.69961547851563,45.00778579711914,0.6876515746116638,-5.065730057651763e-9,-0.7260408401489258,-2.94740720718778e-9,1,-9.768760911299524e-9,0.7260408401489258,8.857441891052531e-9,0.6876515746116638],8,0.4233119487762451],[[771.839111328125,222.69961547851563,44.741214752197269,0.6977295875549316,-2.5052317553786453e-8,-0.7163612842559815,-8.547136332026639e-9,1,-4.329645975076346e-8,0.7163612842559815,3.6332057362642448e-8,0.6977295875549316],8,0.4380061626434326],[[771.8432006835938,222.69961547851563,44.47458267211914,0.7223235368728638,-4.3861767551334199e-8,-0.6915553212165833,-1.296867591094042e-8,1,-7.697048687305142e-8,0.6915553212165833,6.456614443095532e-8,0.7223235368728638],8,0.4552004337310791],[[771.8388061523438,222.69961547851563,44.207977294921878,0.7586929798126221,-6.037955557758323e-8,-0.6514483094215393,-1.5559026067535343e-8,1,-1.1080553719011732e-7,0.6514483094215393,9.420328694886848e-8,0.7586929798126221],8,0.4707190990447998],[[771.8207397460938,222.69961547851563,43.941978454589847,0.8085336089134216,-4.540357423366004e-8,-0.588450014591217,-9.807966883101927e-9,1,-9.063411710030778e-8,0.588450014591217,7.9052227874854e-8,0.8085336089134216],8,0.48744964599609377],[[771.7824096679688,222.69961547851563,43.678192138671878,0.8680638670921326,-2.063214132874691e-8,-0.4964525103569031,-5.916772849445806e-9,1,-5.190481999761687e-8,0.4964525103569031,4.799409580868996e-8,0.8680638670921326],8,0.5038535594940186],[[771.7176513671875,222.69961547851563,43.419700622558597,0.9180994629859924,6.185768008926118e-10,-0.3963501453399658,-6.2928795507843919e-9,1,-1.3016047795133545e-8,0.3963501453399658,1.4444209384123497e-8,0.9180994629859924],8,0.5208845138549805],[[771.6251220703125,222.69961547851563,43.169830322265628,0.9493703246116638,1.7810714680877028e-8,-0.31415924429893496,-1.0266628436284009e-8,1,2.5668141390156053e-8,0.31415924429893496,-2.1143215178653919e-8,0.9493703246116638],8,0.5383248329162598],[[771.4239501953125,222.69961547851563,43.0312385559082,0.9654021859169006,3.2528269855447436e-8,-0.2607654929161072,-1.6394022139820664e-8,1,6.404775376722682e-8,0.2607654929161072,-5.755684284736162e-8,0.9654021859169006],8,0.5553848743438721],[[771.16845703125,222.69961547851563,42.95808792114258,0.9714363217353821,4.702754807794918e-8,-0.23730036616325379,-2.3436040663682435e-8,1,1.0223720181556928e-7,0.23730036616325379,-9.375555265478397e-8,0.9714363217353821],8,0.5824596881866455],[[770.90966796875,222.69961547851563,42.89380645751953,0.9714303016662598,3.936147052741035e-8,-0.23732490837574006,-1.9087503133619067e-8,1,8.772484960672955e-8,0.23732490837574006,-8.068863621701894e-8,0.9714303016662598],8,0.5877676010131836],[[770.650634765625,223.56251525878907,42.83039093017578,0.9726616144180298,2.3426894202316363e-8,-0.23222705721855164,-1.0782208015314155e-8,1,5.57189778760403e-8,0.23222705721855164,-5.169179218000863e-8,0.9726616144180298],3,0.6089932918548584],[[770.391357421875,224.37091064453126,42.768245697021487,0.9898900985717773,8.813065832669054e-9,-0.14183634519577027,-5.562381222290469e-9,1,2.3315040564853008e-8,0.14183634519577027,-2.229038109646808e-8,0.9898900985717773],5,0.6295044422149658],[[770.132080078125,225.1248016357422,42.7063102722168,0.9951150417327881,-1.2459575593481987e-9,-0.09872233867645264,4.2321485205221167e-10,1,-8.354848368696821e-9,0.09872233867645264,8.272253992913648e-9,0.9951150417327881],5,0.6386611461639404],[[769.8723754882813,225.82420349121095,42.645931243896487,0.9956862330436707,-1.1292462076539778e-8,-0.09278438240289688,7.6757018518947e-9,1,-3.9337130885996888e-8,0.09278438240289688,3.845525142764927e-8,0.9956862330436707],5,0.6537060737609863],[[769.6124267578125,226.46910095214845,42.58620071411133,0.995891273021698,-2.244194519107623e-8,-0.09055717289447785,1.6172741368336575e-8,1,-6.99630149370023e-8,0.09055717289447785,6.821100129172919e-8,0.995891273021698],5,0.6716282367706299],[[769.3524169921875,227.0594940185547,42.52692794799805,0.9958969354629517,-3.4876521226578919e-8,-0.09049443900585175,2.588018510607526e-8,1,-1.0058656840783442e-7,0.09049443900585175,9.783184395928402e-8,0.9958969354629517],5,0.6887314319610596],[[769.0924072265625,227.5953826904297,42.46772384643555,0.9962078332901001,-4.825766808380649e-8,-0.08700575679540634,3.6956471660687387e-8,1,-1.3150099675840466e-7,0.08700575679540634,1.277868904026036e-7,0.9962078332901001],5,0.7044715881347656],[[768.8321533203125,228.0767822265625,42.40929412841797,0.9966500401496887,-5.7644715667493077e-8,-0.08178424835205078,4.587959523405516e-8,1,-1.4573483042568115e-7,0.08178424835205078,1.4149441085464788e-7,0.9966500401496887],5,0.7212789058685303],[[768.5716552734375,228.50367736816407,42.35215759277344,0.9973264932632446,-5.4681692063240919e-8,-0.07307399809360504,4.6830976430101148e-8,1,-1.0914850889776062e-7,0.07307399809360504,1.0543458017764351e-7,0.9973264932632446],5,0.7386455535888672],[[768.3107299804688,228.87606811523438,42.29716491699219,0.9981456398963928,-5.070817721275489e-8,-0.06087109446525574,4.6272496945221067e-8,1,-7.427972548157413e-8,0.06087109446525574,7.132532431342043e-8,0.9981456398963928],5,0.7544150352478027],[[768.0491333007813,229.1939697265625,42.245235443115237,0.999056339263916,-4.582631163430051e-8,-0.043433137238025668,4.409631060298125e-8,1,-4.078948379060421e-8,0.043433137238025668,3.8835750615362488e-8,0.999056339263916],5,0.7719564437866211],[[767.8010864257813,229.45736694335938,42.17293167114258,0.9991596937179565,-4.0098086628859167e-8,-0.040986597537994388,3.975046070081589e-8,1,-9.29644627944981e-9,0.040986597537994388,7.659397560644266e-9,0.9991596937179565],5,0.7914116382598877],[[767.5744018554688,229.666259765625,42.0671501159668,0.9991546273231506,-3.349569865918056e-8,-0.04110985994338989,3.440091944639789e-8,1,2.1312137832296686e-8,0.04110985994338989,-2.2708338320853728e-8,0.9991546273231506],5,0.812263011932373],[[767.3688354492188,229.82064819335938,41.92770004272461,0.9998262524604797,-2.6666182151302565e-8,-0.018640002235770227,2.7627850229805518e-8,1,5.133416181024586e-8,0.018640002235770227,-5.18402281102226e-8,0.9998262524604797],5,0.8239881992340088],[[767.1834716796875,229.92054748535157,41.754085540771487,0.9999992847442627,-1.947519834288869e-8,-0.0012128414819017053,1.9573457521460115e-8,1,8.100441561964544e-8,0.0012128414819017053,-8.102809800902833e-8,0.9999992847442627],5,0.8458826541900635],[[767.01318359375,229.9659423828125,41.551597595214847,0.9998377561569214,-1.2163812179721845e-8,0.018012555316090585,1.0176088416358198e-8,1,1.1044377146163242e-7,-0.018012555316090585,-1.1024255286429252e-7,0.9998377561569214],5,0.8547677993774414],[[766.8416748046875,229.9568328857422,41.34746170043945,0.9993662238121033,-4.427496147485499e-9,0.03559669852256775,-5.490645715866549e-10,1,1.397942241965211e-7,-0.03559669852256775,-1.3972517365345994e-7,0.9993662238121033],5,0.8713409900665283],[[766.6666259765625,229.8932342529297,41.146305084228519,0.9987521171569824,4.110351614627916e-9,0.049941856414079669,-1.2577419994386219e-8,1,1.6922423640153284e-7,-0.049941856414079669,-1.696412113005863e-7,0.9987521171569824],5,0.8879809379577637],[[766.4887084960938,229.77513122558595,40.947696685791019,0.9982411861419678,1.1759508922182249e-8,0.059283576905727389,-1.9351071856021919e-8,1,1.2748098754400417e-7,-0.059283576905727389,-1.2840396834690183e-7,0.9982411861419678],5,0.9041876792907715],[[766.308837890625,229.60252380371095,40.750797271728519,0.9978822469711304,1.917444869548035e-8,0.06504596024751663,-2.4845304480436427e-8,1,8.637337600703177e-8,-0.06504596024751663,-8.780654070505989e-8,0.9978822469711304],5,0.9212846755981445],[[766.152099609375,229.37542724609376,40.545555114746097,0.9999876022338867,2.52125289534888e-8,-0.004978709388524294,-2.4975680190664208e-8,1,4.7634340916147269e-8,0.004978709388524294,-4.750940263420489e-8,0.9999876022338867],5,0.9420065879821777],[[766.0326538085938,229.0938262939453,40.326622009277347,0.9995928406715393,2.4038381951640987e-8,-0.028533708304166795,-2.37726656138193e-8,1,9.65157198606903e-9,0.028533708304166795,-8.969320397511638e-9,0.9995928406715393],5,0.9642105102539063],[[765.9356689453125,228.66517639160157,40.03352737426758,0.9997521042823792,2.0951690160586624e-8,-0.022266168147325517,-2.1795328208895627e-8,1,-3.764611733458878e-8,0.022266168147325517,3.812208149156504e-8,0.9997521042823792],5,0.9783177375793457],[[765.9052734375,228.3671112060547,39.8470573425293,0.9998612403869629,1.935956817078477e-8,-0.01665724255144596,-2.0461678573724386e-8,1,-6.599353952196907e-8,0.01665724255144596,6.632522087102189e-8,0.9998612403869629],5,0.9904201030731201],[[765.89599609375,227.92201232910157,39.58591842651367,0.9999774694442749,1.763402757148924e-8,-0.006711114663630724,-1.8330631235130569e-8,1,-1.0373708647648528e-7,0.006711114663630724,1.0385776505472677e-7,0.9999774694442749],5,1.005915880203247],[[765.8970947265625,227.5524139404297,39.38609313964844,0.9999966025352478,1.6255613743965115e-8,-0.00259878346696496,-1.6598773910914134e-8,1,-1.3202458148953156e-7,0.00259878346696496,1.3206728510795075e-7,0.9999966025352478],5,1.02077054977417],[[765.8978881835938,226.86830139160157,39.05276870727539,0.9999997615814209,1.1412108591457582e-8,-0.0006785012083128095,-1.1509446729007778e-8,1,-1.43457342005604e-7,0.0006785012083128095,1.4346511534313323e-7,0.9999997615814209],5,1.0386085510253907],[[765.9076538085938,226.33506774902345,39.133094787597659,0.9999986886978149,-0.0011698163580149413,-0.001127823255956173,0.0011557650286704302,0.9999226927757263,-0.012380695901811123,0.0011422190582379699,0.012379376217722893,0.9999226927757263],5,1.0547499656677247],[[765.9088134765625,225.76174926757813,39.17494583129883,0.999976396560669,-0.0014025418786332012,-0.006725367624312639,0.0013873325660824776,0.9999964833259583,-0.002265614690259099,0.0067285215482115749,0.002256230916827917,0.9999748468399048],5,1.0712056159973145],[[765.9102172851563,225.1339111328125,39.179161071777347,0.9998577833175659,-0.0005357497720979154,-0.016854897141456605,0.0005420332308858633,0.9999997615814209,0.00036823167465627193,0.016854695975780488,-0.00037731524207629263,0.9998579025268555],5,1.0893397331237794],[[765.8936157226563,224.45156860351563,39.15185546875,0.9999341368675232,-0.00007343178731389344,-0.011475990526378155,0.00007867261592764407,0.9999998807907105,0.000456226640380919,0.01147595513612032,-0.00045709943515248597,0.9999340176582336],5,1.1063876152038575],[[765.880859375,224.50746154785157,39.15215301513672,0.9854807257652283,0.00003413108424865641,-0.16978719830513,-0.00008529646584065631,0.9999999403953552,-0.0002940559643320739,0.16978716850280763,0.00030426873126998544,0.9854807257652283],12,1.1273634433746338],[[765.8803100585938,224.69154357910157,39.151336669921878,0.9635378122329712,0.0000019810097455774668,-0.267572283744812,-0.000012907235941383988,1,-0.000039075799577403816,0.267572283744812,0.00004110462759854272,0.9635378122329712],12,1.1374127864837647],[[765.8803100585938,224.87815856933595,39.15134048461914,0.9777805805206299,0.0000010184764960285975,-0.20963089168071748,0.000004192879259790061,1,0.00002441525793983601,0.20963089168071748,-0.000024751721866778099,0.9777805805206299],12,1.1548194885253907],[[765.8668823242188,225.03076171875,39.13050842285156,0.9986733198165894,-0.0000023192978915176356,0.05149366334080696,0.0000017491944390712889,1,0.000011116399946331513,-0.05149366334080696,-0.00001101157977245748,0.9986733198165894],8,1.1714770793914796],[[765.8487548828125,225.91233825683595,39.24745178222656,0.9125478267669678,0.00677653681486845,0.40891385078430178,0.003734251717105508,0.9996829628944397,-0.0249002855271101,-0.4089529514312744,0.024249689653515817,0.9122332334518433],3,1.19059419631958],[[765.8353881835938,226.5747528076172,39.45677947998047,0.7357074618339539,0.02033330872654915,0.6769941449165344,0.014438174664974213,0.9988512992858887,-0.04569053649902344,-0.6771455407142639,0.04338942840695381,0.7345687747001648],3,1.2104895114898682],[[765.7689208984375,227.619384765625,39.63206481933594,0.5553228259086609,0.011358861811459065,0.8315572738647461,0.007895882241427899,0.9997896552085877,-0.018929827958345414,-0.8315973877906799,0.017078043892979623,0.5551162958145142],5,1.222952127456665],[[765.672607421875,228.39364624023438,39.641876220703128,0.564284086227417,0.00117053696885705,0.825579822063446,0.0033563869073987009,0.9999874830245972,-0.0037119099870324136,-0.8255738615989685,0.0048655373975634579,0.5642731189727783],5,1.2387142181396485],[[765.5556640625,229.11334228515626,39.67947769165039,0.6416987180709839,-0.00122795847710222,0.7669558525085449,0.0011119851842522622,0.9999991655349731,0.0006707008578814566,-0.7669560313224793,0.0004224556323606521,0.6416995525360107],5,1.2579066753387452],[[765.422119140625,229.77853393554688,39.75383758544922,0.7420531511306763,-0.0006582048372365534,0.6703407168388367,0.00013123656390234828,0.9999996423721314,0.000836619408801198,-0.6703410744667053,-0.0005328428815118969,0.7420529723167419],5,1.2778620719909669],[[765.2617797851563,230.3892364501953,39.85700225830078,0.8127304911613464,-0.000077753298683092,0.5826398134231567,-0.0001388019445585087,0.9999999403953552,0.0003270663437433541,-0.582639753818512,-0.0003466883208602667,0.8127304315567017],5,1.287595272064209],[[765.0654907226563,230.9454345703125,39.974422454833987,0.8504539132118225,0.00006808942271163687,0.5260495543479919,-0.00010915224265772849,1,0.00004702889418695122,-0.5260495543479919,-0.00009741539543028921,0.8504539132118225],5,1.304208517074585],[[764.8502807617188,231.44712829589845,40.070289611816409,0.8816787004470825,0.00004498652197071351,0.47185030579566958,-0.00003953403574996628,1,-0.000021469108105520719,-0.47185030579566958,2.747083271970041e-7,0.8816787004470825],5,1.3232848644256592],[[764.684814453125,231.78762817382813,40.116424560546878,0.9156859517097473,0.00001746914495015517,0.40189456939697268,-0.000010037268111773301,1,-0.000020597839466063307,-0.40189456939697268,0.000014827228369540535,0.9156859517097473],5,1.344069004058838],[[764.4034423828125,232.28701782226563,40.14397430419922,0.9112416505813599,-7.047011081340315e-7,0.41187211871147158,0.000003324345925648231,1,-0.000005643939857691294,-0.41187211871147158,0.000006512198524433188,0.9112416505813599],5,1.3548059463500977],[[764.1749267578125,232.62521362304688,40.12146759033203,0.934996485710144,-0.0000022091605842433639,0.35465699434280398,0.0000025146091502392666,1,-4.0035897086454499e-7,-0.35465699434280398,0.000001266157937607204,0.934996485710144],5,1.3709380626678467],[[763.945556640625,232.90890502929688,40.05926513671875,0.9411357045173645,-9.603143098502188e-7,0.33802899718284609,8.146034815581515e-7,1,5.729150984734588e-7,-0.33802899718284609,-2.638312537328602e-7,0.9411357045173645],5,1.3887298107147217],[[763.77392578125,233.08592224121095,39.98655319213867,0.9503440260887146,-2.865861006284831e-7,0.3112013339996338,1.642822837766289e-7,1,4.1921867932614989e-7,-0.3112013339996338,-3.4727707998172266e-7,0.9503440260887146],5,1.409111499786377],[[763.5460205078125,233.2742462158203,39.85776901245117,0.943112850189209,3.037384743720395e-8,0.3324728012084961,-7.864898776688278e-8,1,1.3174317814446113e-7,-0.3324728012084961,-1.5039732659261063e-7,0.943112850189209],5,1.4198596477508546],[[763.2620849609375,233.43299865722657,39.6834602355957,0.9363729357719421,9.03002330687741e-8,0.35100671648979189,-7.629087406257895e-8,1,-5.374121769818885e-8,-0.35100671648979189,2.354321537723081e-8,0.9363729357719421],5,1.4390873908996583],[[763.0358276367188,233.4987030029297,39.542362213134769,0.9485328793525696,6.938868324368741e-8,0.31667861342430117,-3.7029245447683937e-8,1,-1.0820190254889894e-7,-0.31667861342430117,9.090669550460007e-8,0.9485328793525696],5,1.4540092945098878],[[762.8671875,233.51220703125,39.434932708740237,0.9595571160316467,4.892495297781352e-8,0.28151410818099978,-7.572122484589272e-9,1,-1.4798217762290734e-7,-0.28151410818099978,1.3986569058488386e-7,0.9595571160316467],5,1.469721794128418],[[762.66943359375,233.4691162109375,39.4920768737793,0.9774496555328369,-0.00036023210850544274,0.21116840839385987,0.0003925045020878315,0.9999999403953552,-0.0001109130316763185,-0.2111683487892151,0.00019129645079374313,0.9774497151374817],5,1.4882688522338868],[[762.4985961914063,233.37457275390626,39.54758071899414,0.9637038707733154,-0.0005221915780566633,0.26697298884391787,0.0005337516195140779,0.9999998807907105,0.0000292651129711885,-0.26697295904159548,0.00011429437290644273,0.963703989982605],5,1.5047152042388917],[[762.2991333007813,233.22772216796876,39.605628967285159,0.9642707705497742,-0.0005441100802272558,0.26491814851760867,0.0005367618869058788,0.9999998211860657,0.00010012990969698876,-0.26491814851760867,0.00004564561095321551,0.9642708897590637],5,1.5212209224700928],[[762.0960693359375,233.0263671875,39.62412643432617,0.9645508527755737,-0.0001958056236617267,0.2638968825340271,0.00018456066027283669,1,0.00006740309618180618,-0.2638968825340271,-0.000016308735212078319,0.9645509123802185],5,1.5388925075531006],[[761.8897705078125,232.77052307128907,39.6030387878418,0.9661855101585388,-0.00002658375342434738,0.2578479051589966,0.00002090566704282537,1,0.000024762661269051024,-0.2578479051589966,-0.00001853484172897879,0.9661855101585388],5,1.5548195838928223],[[761.6807250976563,232.46017456054688,39.54232406616211,0.9679647088050842,0.000011621954399743118,0.2510862350463867,-0.000012822680218960159,1,0.0000031461211165151328,-0.2510862350463867,-0.0000062649328356201299,0.9679647088050842],5,1.570857286453247],[[761.4692993164063,232.09532165527345,39.44194793701172,0.9700823426246643,0.000008871936188370455,0.24277609586715699,-0.000008574142157158349,1,-0.0000022832259674032686,-0.24277609586715699,1.333205261744297e-7,0.9700823426246643],5,1.588090419769287],[[761.2567138671875,231.6759796142578,39.301937103271487,0.9717777967453003,0.0000027525807126949077,0.23589813709259034,-0.000002401910023763776,1,-0.0000017738921087584459,-0.23589813709259034,0.0000011572228686418385,0.9717777967453003],5,1.604590892791748],[[761.0418090820313,231.21334838867188,39.2243766784668,0.9858283400535584,-0.005185485351830721,0.16767705976963044,0.0051143476739525799,0.9999865293502808,0.0008560921996831894,-0.16767923533916474,0.000013598806617665105,0.9858416318893433],5,1.6213054656982422],[[760.8245239257813,230.72991943359376,39.24560546875,0.9898141026496887,-0.007423231843858957,0.14217239618301392,0.0073289452120661739,0.9999724626541138,0.0011868252186104656,-0.1421772986650467,-0.00013276255049277097,0.9898412227630615],5,1.638141393661499],[[760.6111450195313,230.19198608398438,39.227203369140628,0.9847023487091065,-0.002875316422432661,0.17422111332416535,0.0027806442230939867,0.9999958276748657,0.0007874902803450823,-0.1742226481437683,-0.000290996627882123,0.9847062230110169],5,1.653496265411377],[[760.4000854492188,229.59954833984376,39.1692008972168,0.9886146187782288,-0.00045692481216974556,0.1504688411951065,0.00041134783532470465,0.9999998807907105,0.00033402448752895,-0.15046896040439607,-0.0002683264610823244,0.9886146783828735],5,1.6714723110198975],[[760.186767578125,228.9617156982422,39.13344192504883,0.9974594712257385,-0.004198493901640177,0.07111214846372605,0.00417716708034277,0.9999911785125732,0.00044861622154712677,-0.07111340761184693,-0.00015042918676044792,0.9974682331085205],5,1.6889865398406983],[[760.0192260742188,228.4680633544922,39.16364669799805,0.9999446272850037,-0.006790277548134327,-0.00803760439157486,0.006793579086661339,0.9999768733978272,0.0003835328097920865,0.008034814149141312,-0.00043811570503748953,0.999967634677887],5,1.7035350799560547],[[759.7964477539063,227.57720947265626,39.21534729003906,0.9995357990264893,-0.0023902133107185365,0.030371546745300294,0.002399569610133767,0.999997079372406,-0.00027161487378180027,-0.030370809137821199,0.00034436743590049446,0.9995386600494385],5,1.7217586040496827],[[759.6365966796875,226.80320739746095,39.24251937866211,0.9993097186088562,-0.0005027524312026799,-0.037145741283893588,0.0004742196761071682,0.9999995827674866,-0.0007769369403831661,0.03714611753821373,0.0007587854051962495,0.9993095397949219],5,1.7385005950927735],[[759.486572265625,225.97470092773438,39.27009201049805,0.9974592924118042,-0.0000874577890499495,-0.07123852521181107,0.000008508113751304336,0.9999994039535523,-0.0011085467413067818,0.07123857736587525,0.0011051241308450699,0.9974586963653565],5,1.7548904418945313],[[759.3302612304688,225.09169006347657,39.25308609008789,0.9967801570892334,-0.00007579348311992362,-0.08018285036087036,0.00002884684181481134,0.9999998211860657,-0.0005866529536433518,0.08018288016319275,0.0005824510590173304,0.9967799782752991],5,1.771461009979248],[[759.1749877929688,224.15419006347657,39.1899299621582,0.9998936653137207,-0.000025250419639633038,0.014584187418222428,0.00002654288982739672,1,-0.0000884278051671572,-0.014584184624254704,0.00008880550012690946,0.9998936653137207],5,1.791930913925171],[[759.0722045898438,224.1315460205078,39.13816833496094,0.9983745217323303,-0.000006638904778810684,0.05699346959590912,0.000005367334324546391,1,0.00002246385884063784,-0.05699346959590912,-0.000022121441361377948,0.9983745217323303],12,1.8033788204193116],[[759.0442504882813,224.3517303466797,39.3174934387207,0.8754175305366516,0.001394849386997521,0.4833654463291168,-0.0006946153589524329,0.9999984502792358,-0.0016276893438771368,-0.4833669662475586,0.0010891547426581383,0.875417172908783],12,1.8210721015930176],[[758.92431640625,224.6306610107422,39.551456451416019,0.6369158029556274,0.003058756934478879,0.7709273099899292,0.001339287729933858,0.9999862313270569,-0.00507405586540699,-0.7709321975708008,0.004264239687472582,0.636902928352356],8,1.8413991928100587],[[758.7391357421875,225.5139923095703,39.61692428588867,0.4354511499404907,0.00616752915084362,0.9001912474632263,0.002552644582465291,0.9999640583992004,-0.008085903711616993,-0.9002087712287903,0.00581888435408473,0.4354197382926941],3,1.863635778427124],[[758.5595092773438,226.36326599121095,39.650020599365237,0.24399451911449433,0.00379262026399374,0.9697691798210144,0.00164417561609298,0.9999892711639404,-0.004324481822550297,-0.9697751998901367,0.0026496208738535644,0.24398566782474519],5,1.8771069049835206],[[758.3933715820313,227.1580352783203,39.710182189941409,0.17192605137825013,0.0008936804952099919,0.9851094484329224,0.0007067427504807711,0.9999992251396179,-0.0010305324103683234,-0.9851096272468567,0.0008733943104743958,0.17192527651786805],5,1.8892779350280762],[[758.2434692382813,227.89830017089845,39.80714797973633,0.1590861678123474,-0.00006964959902688861,0.9872646927833557,0.0001963692338904366,1,0.00003890544394380413,-0.9872646927833557,0.00018767909205053002,0.1590861827135086],5,1.9048783779144288],[[758.1102294921875,228.58407592773438,39.9404182434082,0.1585974246263504,-0.00013964565005153418,0.9873433113098145,0.000003252830538258422,1,0.00014091325283516198,-0.9873433113098145,-0.000019136818082188257,0.1585974246263504],5,1.9221820831298829],[[757.9937133789063,229.21534729003907,40.10982894897461,0.16198940575122834,-0.000053392806876217949,0.9867925047874451,-0.00003172913420712575,1,0.00005931600753683597,-0.9867925047874451,-0.000040918635932030159,0.16198940575122834],5,1.938342571258545],[[757.8936157226563,229.7921142578125,40.31540298461914,0.16887368261814118,-0.00000599162240177975,0.9856377243995667,-0.000019314813471282834,1,0.00000938822267926298,-0.9856377243995667,-0.000020622832380468027,0.16887368261814118],5,1.9541902542114258],[[757.8085327148438,230.31439208984376,40.55647277832031,0.18091151118278504,0.0000043948575694230389,0.9834993481636047,-0.0000059563508330029439,1,-0.000003372940909684985,-0.9834993481636047,-0.00000524786355526885,0.18091151118278504],5,1.9715673923492432],[[757.746826171875,230.6703338623047,40.7463493347168,0.22379770874977113,0.000003555576768121682,0.9746356010437012,-0.0000010914502581726993,1,-0.0000033974877169384856,-0.9746356010437012,-3.0341635692821e-7,0.22379770874977113],5,1.9875402450561524],[[757.6619262695313,231.09722900390626,40.999114990234378,0.19120831787586213,0.000001132318743657379,0.9815495014190674,7.068990726111224e-7,1,-0.0000012913091040900327,-0.9815495014190674,9.407654602000548e-7,0.19120831787586213],5,2.003432273864746],[[757.555419921875,231.55421447753907,41.31493377685547,0.16357971727848054,-3.5857013358508996e-8,0.9865301251411438,4.318967796734796e-7,1,-3.526758973748656e-8,-0.9865301251411438,4.318482353937725e-7,0.16357971727848054],5,2.021939992904663],[[757.4689331054688,231.85848999023438,41.56719970703125,0.19977454841136933,-1.302781384993068e-7,0.9798418879508972,1.1732107196849029e-7,1,1.0903838187914516e-7,-0.9798418879508972,9.317300708744369e-8,0.19977454841136933],5,2.039486885070801],[[757.381591796875,232.10826110839845,41.81914138793945,0.20319658517837525,-6.599746882329782e-8,0.9791379570960999,-4.8094136673171309e-8,1,7.738442775462318e-8,-0.9791379570960999,-6.281504738581134e-8,0.20319658517837525],5,2.0632710456848146],[[757.2932739257813,232.3035430908203,42.070777893066409,0.20661494135856629,1.0860278898405796e-8,0.9784223437309265,-1.211325866279367e-7,1,1.4479967447300624e-8,-0.9784223437309265,-1.2151060957421579e-7,0.20661494135856629],5,2.0712974071502687],[[757.2265014648438,232.4142303466797,42.25928497314453,0.240788996219635,6.087857684633491e-8,0.9705774784088135,-1.3220099503996608e-7,1,-2.992654657418825e-8,-0.9705774784088135,-1.2110533020859294e-7,0.240788996219635],5,2.0873560905456545],[[757.114501953125,232.5305938720703,42.57321548461914,0.18078631162643434,1.031782375093826e-7,0.9835224151611328,-1.1848467096342574e-7,1,-8.312757415751548e-8,-0.9835224151611328,-1.0150399987196579e-7,0.18078631162643434],5,2.105222225189209],[[757.0236206054688,232.56236267089845,42.82393264770508,0.22026821970939637,1.1209364458864002e-7,0.9754393696784973,-7.14611232410789e-8,1,-9.877910400746259e-8,-0.9754393696784973,-4.7948095271976857e-8,0.22026821970939637],5,2.121131420135498],[[756.9310913085938,232.53964233398438,43.074031829833987,0.22877874970436097,1.1349425221851561e-7,0.9734784364700317,-2.442518720613407e-8,1,-1.1084609496947451e-7,-0.9734784364700317,1.5818375498355409e-9,0.22877874970436097],5,2.138298988342285],[[756.83642578125,232.46241760253907,43.323341369628909,0.2406640499830246,1.1068878080777722e-7,0.9706084728240967,2.2721350134702335e-8,1,-1.196744108256098e-7,-0.9706084728240967,5.0854861655125208e-8,0.2406640499830246],5,2.1541593074798586],[[756.7388305664063,232.3306884765625,43.57152557373047,0.25082439184188845,1.0369829794854013e-7,0.9680325984954834,7.01421285498327e-8,1,-1.2529707760222664e-7,-0.9680325984954834,9.932742983664866e-8,0.25082439184188845],5,2.172745943069458],[[756.638671875,232.1444549560547,43.81864929199219,0.25927063822746279,8.425048747540132e-8,0.9658046960830689,1.0529832650263416e-7,1,-1.1550083911515685e-7,-0.9658046960830689,1.316436026854717e-7,0.25927063822746279],5,2.1882545948028566],[[756.5362548828125,231.9037322998047,44.064857482910159,0.260955810546875,3.6873242237334128e-8,0.9653507471084595,1.0445479148302184e-7,1,-6.643318783972063e-8,-0.9653507471084595,1.1817163425575927e-7,0.260955810546875],5,2.2044239044189455],[[756.43310546875,231.60850524902345,44.31078338623047,0.26264113187789919,-8.948766172522938e-9,0.9648935794830322,1.0243042680713188e-7,1,-1.8606897356221454e-8,-0.9648935794830322,1.0372140479830705e-7,0.26264113187789919],5,2.2214555740356447],[[756.464599609375,231.25877380371095,44.5230712890625,0.25996634364128115,0.0014105311129242182,0.9656166434288025,-0.00019288004841655493,0.9999989867210388,-0.0014088276075199247,-0.9656176567077637,0.00017999958072323352,0.25996634364128115],5,2.2402279376983644],[[756.5037231445313,230.85455322265626,44.74048614501953,0.2580050528049469,0.001197301666252315,0.9661428332328796,-0.000029642469598911704,0.9999992251396179,-0.0012313425540924073,-0.9661435484886169,0.0002890537434723228,0.25800490379333498],5,2.25473690032959],[[756.52734375,230.3958282470703,44.96560287475586,0.24733299016952516,0.0003065161290578544,0.9689304828643799,0.00011706439545378089,0.9999999403953552,-0.00034622708335518837,-0.9689305424690247,0.0001990606397157535,0.24733293056488038],5,2.2731189727783205],[[756.5131225585938,229.88259887695313,45.203826904296878,0.22708091139793397,-0.0000194114963960601,0.973875880241394,0.0000790590129327029,1,0.0000014978322724346072,-0.973875880241394,0.00007665353768970817,0.22708091139793397],5,2.288586139678955],[[756.4595947265625,229.31488037109376,45.44721221923828,0.19292671978473664,-0.00004692320362664759,0.9812131524085999,0.000020587072867783719,1,0.00004377377626951784,-0.9812131524085999,0.000011755176274164114,0.19292671978473664],5,2.305905342102051],[[756.3770751953125,228.69265747070313,45.698421478271487,0.13434699177742005,-0.000019518727640388535,0.9909343719482422,-0.000002672296432137955,1,0.000020059595044585877,-0.9909343719482422,-0.0000053430167099577378,0.13434699177742005],5,2.3215649127960207],[[756.3043212890625,228.01593017578126,45.95486068725586,0.03867609426379204,-0.000003516707920425688,0.9992517828941345,-0.0000043918057599512398,1,0.000003689326149469707,-0.9992517828941345,-0.000004531208560365485,0.03867609426379204],5,2.338075876235962],[[756.2525634765625,227.28469848632813,46.216217041015628,-0.09566570818424225,5.998297183396062e-7,0.9954135417938232,-0.0000016140476191139897,1,-7.577139626846474e-7,-0.9954135417938232,-0.0000016791320831543999,-0.09566570818424225],5,2.355058193206787],[[756.3472900390625,226.52813720703126,46.49882888793945,-0.18453282117843629,-0.00019136228365823627,0.9828263521194458,0.005397499073296785,0.9999846816062927,0.001208122936077416,-0.9828115105628967,0.005527742672711611,-0.18452896177768708],5,2.3718957901000978],[[756.45556640625,225.72061157226563,46.76443099975586,-0.30819883942604067,0.0003217966004740447,0.9513218998908997,0.0011962780263274909,0.9999992847442627,0.00004929462375002913,-0.9513211846351624,0.0011532381176948548,-0.3081989884376526],7,2.389134645462036],[[756.60009765625,225.58583068847657,47.02202606201172,-0.44709041714668276,-0.0001900271454360336,0.8944887518882752,-0.0018790755420923234,0.9999979734420776,-0.0007267726468853653,-0.8944867849349976,-0.002005744958296418,-0.44708988070487978],7,2.406768560409546],[[756.7596435546875,225.69488525390626,47.264347076416019,-0.6453140377998352,-0.00029566531884483993,0.7639173269271851,-0.000851823075208813,0.9999995827674866,-0.0003325336438138038,-0.7639169096946716,-0.0008653110708110035,-0.6453140377998352],8,2.423687696456909],[[756.92138671875,225.78309631347657,47.4750862121582,-0.711393415927887,-5.174362627258233e-7,0.7027940154075623,8.258270156602521e-8,1,8.198491627808835e-7,-0.7027940154075623,6.412739139705081e-7,-0.711393415927887],8,2.4389166831970217],[[757.1072387695313,225.835693359375,47.665958404541019,-0.7340079545974731,0.000042552350350888449,0.6791408658027649,0.00009708432480692863,1,0.000042271523852832618,-0.6791408658027649,0.00009696157212601975,-0.7340079545974731],8,2.4553215503692629],[[757.2960815429688,225.8435516357422,47.85426330566406,-0.7277361750602722,0.000010852718332898803,0.6858571767807007,0.000025284609364462086,1,0.00001100492590921931,-0.6858571767807007,0.000025350313080707566,-0.7277361750602722],8,2.473158836364746],[[757.4850463867188,225.79690551757813,48.04253005981445,-0.6945580840110779,-0.000002395676801825175,0.7194366455078125,-0.000004885742782789748,1,-0.000001386856752105814,-0.7194366455078125,-0.000004478235041460721,-0.6945580840110779],8,2.489461660385132],[[757.6740112304688,225.69577026367188,48.23079299926758,-0.6277929544448853,-0.000001601376197868376,0.7783803939819336,-0.000004291310688131489,1,-0.0000014037846085557249,-0.7783803939819336,-0.000004221558356221067,-0.6277929544448853],8,2.505216121673584],[[757.8629760742188,226.5586700439453,48.4190559387207,-0.5414533615112305,5.793052082481154e-7,0.8407307863235474,1.931229718366012e-7,1,-5.646732006425737e-7,-0.8407307863235474,-1.4337976494971373e-7,-0.5414533615112305],3,2.524050712585449],[[758.0325317382813,227.3670654296875,48.622920989990237,-0.5321710705757141,7.03709361005167e-7,0.8466368317604065,0.0000011796178114309442,1,-8.970894782578398e-8,-0.8466368317604065,9.509673759566795e-7,-0.5321710705757141],5,2.546013593673706],[[758.1698608398438,228.12095642089845,48.849727630615237,-0.4914637804031372,1.620653904410574e-7,0.8708980083465576,5.516454280041216e-7,1,1.2521368830675784e-7,-0.8708980083465576,5.419648800852883e-7,-0.4914637804031372],5,2.555583953857422],[[758.2769165039063,228.8203582763672,49.093505859375,-0.43641337752342226,-4.615347037884021e-8,0.899746298789978,1.1812497291430191e-7,1,1.085914931309162e-7,-0.899746298789978,1.5367328387583258e-7,-0.43641337752342226],5,2.5720512866973879],[[758.36376953125,229.4652557373047,49.34550094604492,-0.379459947347641,-5.636619349047578e-8,0.9252081513404846,-5.987195095258358e-8,1,3.6367151068361639e-8,-0.9252081513404846,-4.1594137911715737e-8,-0.379459947347641],5,2.5880661010742189],[[758.4340209960938,230.05564880371095,49.60265350341797,-0.31896770000457766,-1.6761809717991129e-8,0.947765588760376,-1.200137376144994e-7,1,-2.270465770948249e-8,-0.947765588760376,-1.2098693957796059e-7,-0.31896770000457766],5,2.6041829586029054],[[758.4876098632813,230.59153747558595,49.86377716064453,-0.22318659722805024,2.4490450556413635e-8,0.9747757315635681,-1.1513372299987168e-7,1,-5.1485436358689188e-8,-0.9747757315635681,-1.237204116932844e-7,-0.22318659722805024],5,2.6222877502441408],[[758.5189208984375,231.07293701171876,50.128334045410159,-0.1735447645187378,6.024335164056538e-8,0.9848259687423706,-1.1120679488385577e-7,1,-8.076828805769765e-8,-0.9848259687423706,-1.235362532270301e-7,-0.1735447645187378],5,2.6392645835876467