[[[776,222.69961547851563,47,1,0,0,0,1,0,0,0,1],8,0.006589651107788086],[[776,222.69961547851563,47,1,0,0,0,1,0,0,0,1],8,0.017465591430664064],[[776,222.69961547851563,47,1,0,0,0,1,0,0,0,1],8,0.04493141174316406],[[776,222.69961547851563,47,1,0,0,0,1,0,0,0,1],8,0.05242586135864258],[[776,222.69961547851563,47,1,0,0,0,1,0,0,0,1],8,0.060703277587890628],[[776,222.69961547851563,47,1,0,0,0,1,0,0,0,1],8,0.06935620307922363],[[776,222.69961547851563,47,1,0,0,0,1,0,0,0,1],8,0.07898068428039551],[[776,222.69961547851563,47,1,0,0,0,1,0,0,0,1],8,0.0889892578125],[[776,222.69961547851563,47,1,0,0,0,1,0,0,0,1],8,0.09908723831176758],[[776,222.69961547851563,47,1,0,0,0,1,0,0,0,1],8,0.11225366592407227],[[776,222.69961547851563,47,1,0,0,0,1,0,0,0,1],8,0.1224210262298584],[[776,222.69961547851563,47,1,0,0,0,1,0,0,0,1],8,0.1340949535369873],[[776,222.69961547851563,47,1,0,0,0,1,0,0,0,1],8,0.1560683250427246],[[776,222.69961547851563,47,1,0,0,0,1,0,0,0,1],8,0.16994357109069825],[[776,222.69961547851563,47,1,0,0,0,1,0,0,0,1],8,0.1819627285003662],[[776,222.69961547851563,47,1,0,0,0,1,0,0,0,1],8,0.19411110877990724],[[776,222.69961547851563,47,1,0,0,0,1,0,0,0,1],8,0.20437216758728028],[[776,222.69961547851563,47,1,0,0,0,1,0,0,0,1],8,0.2153630256652832],[[776,222.69961547851563,47,1,0,0,0,1,0,0,0,1],8,0.2249917984008789],[[776,222.69961547851563,47,1,0,0,0,1,0,0,0,1],8,0.24063348770141602],[[776,222.69961547851563,47,1,0,0,0,1,0,0,0,1],8,0.265657901763916],[[776,222.69961547851563,47,1,0,0,0,1,0,0,0,1],8,0.2748551368713379],[[776,222.69961547851563,47,-0.30979570746421816,0,0.9508031606674194,0,1,0,-0.9508031606674194,0,-0.30979570746421816],8,0.29620361328125],[[776,222.69961547851563,47,-0.23103949427604676,0,0.9729443788528442,0,1,0,-0.9729443788528442,0,-0.23103949427604676],8,0.31674766540527346],[[776,222.69961547851563,47,-0.318731427192688,0,0.9478451013565064,0,1,0,-0.9478451013565064,0,-0.318731427192688],8,0.32558131217956545],[[776,222.69961547851563,47,-0.3714238405227661,0,0.9284633994102478,0,1,0,-0.9284633994102478,0,-0.3714238405227661],8,0.33798980712890627],[[776,222.69961547851563,47,-0.43047967553138735,0,0.9026002883911133,0,1,0,-0.9026002883911133,0,-0.43047967553138735],8,0.34798145294189455],[[776,222.69961547851563,47,-0.5450422167778015,0,0.8384085893630981,0,1,0,-0.8384085893630981,0,-0.5450422167778015],8,0.3619401454925537],[[776,222.69961547851563,47,-0.6444573402404785,0,0.7646402716636658,0,1,0,-0.7646402716636658,0,-0.6444573402404785],8,0.37531423568725588],[[776,222.69961547851563,47,-0.6836453676223755,0,0.729814350605011,0,1,0,-0.729814350605011,0,-0.6836453676223755],8,0.38542914390563967],[[776,222.69961547851563,47,-0.7197374701499939,0,0.6942463517189026,0,1,0,-0.6942463517189026,0,-0.7197374701499939],8,0.3992011547088623],[[775.8837890625,222.69961547851563,46.88773727416992,-0.8032882809638977,0,0.5955904722213745,0,1,0,-0.5955904722213745,0,-0.8032882809638977],8,0.4182162284851074],[[775.67626953125,222.69961547851563,46.72645950317383,-0.8245770335197449,0,0.5657496452331543,0,1,0,-0.5657496452331543,0,-0.8245770335197449],8,0.4437589645385742],[[775.3480224609375,222.69961547851563,46.49809265136719,-0.8283793330192566,0,0.5601676106452942,0,1,0,-0.5601676106452942,0,-0.8283793330192566],8,0.45630860328674319],[[775.1825561523438,222.69961547851563,46.38573455810547,-0.828225314617157,0,0.5603952407836914,0,1,0,-0.5603952407836914,0,-0.828225314617157],8,0.4819779396057129],[[774.9616088867188,222.69961547851563,46.23627853393555,-0.8282210826873779,0,0.5604014992713928,0,1,0,-0.5604014992713928,0,-0.8282210826873779],8,0.4877183437347412],[[774.7958984375,222.69961547851563,46.12419509887695,-0.8282198905944824,0,0.5604032278060913,0,1,0,-0.5604032278060913,0,-0.8282198905944824],8,0.4992058277130127],[[774.574951171875,222.69961547851563,45.97475051879883,-0.8282197713851929,0,0.5604034066200256,0,1,0,-0.5604034066200256,0,-0.8282197713851929],8,0.5159006118774414],[[774.4092407226563,222.69961547851563,45.862667083740237,-0.8282197713851929,0,0.5604034066200256,0,1,0,-0.5604034066200256,0,-0.8282197713851929],8,0.5401291847229004],[[774.133056640625,222.69961547851563,45.67586135864258,-0.8282197713851929,0,0.5604034066200256,0,1,0,-0.5604034066200256,0,-0.8282197713851929],8,0.547311544418335],[[774.0225830078125,222.69961547851563,45.601139068603519,-0.8282197713851929,0,0.5604034066200256,0,1,0,-0.5604034066200256,0,-0.8282197713851929],8,0.558603048324585],[[773.8016357421875,222.69961547851563,45.45169448852539,-0.8272386193275452,0,0.5618507862091065,0,1,0,-0.5618507862091065,0,-0.8272386193275452],8,0.5711853504180908],[[773.6361083984375,222.69961547851563,45.33937454223633,-0.8203054070472717,0,0.5719257593154907,0,1,0,-0.5719257593154907,0,-0.8203054070472717],8,0.5989477634429932],[[773.3624267578125,222.69961547851563,45.149131774902347,-0.8321101069450378,0,0.5546104907989502,0,1,0,-0.5546104907989502,0,-0.8321101069450378],8,0.6193475723266602],[[773.0855102539063,222.69961547851563,44.96358108520508,-0.8722375631332398,0,0.489082396030426,0,1,0,-0.489082396030426,0,-0.8722375631332398],8,0.628187894821167],[[772.9705810546875,222.69961547851563,44.89611053466797,-0.8863764405250549,0,0.4629652798175812,0,1,0,-0.4629652798175812,0,-0.8863764405250549],8,0.6361916065216065],[[772.6759033203125,222.69961547851563,44.740379333496097,-0.9072146415710449,0,0.4206680655479431,0,1,0,-0.4206680655479431,0,-0.9072146415710449],8,0.657259464263916],[[772.5556640625,222.69961547851563,44.68282699584961,-0.9172330498695374,0,0.3983510434627533,0,1,0,-0.3983510434627533,0,-0.9172330498695374],8,0.6668179035186768],[[772.3115234375,222.69961547851563,44.57548904418945,-0.9374479055404663,0,0.3481256365776062,0,1,0,-0.3481256365776062,0,-0.9374479055404663],8,0.6810817718505859],[[772.1871948242188,222.69961547851563,44.52732467651367,-0.9473674893379211,0,0.32014819979667666,0,1,0,-0.32014819979667666,0,-0.9473674893379211],8,0.6971836090087891],[[771.9349975585938,222.69961547851563,44.44057846069336,-0.9656134247779846,0,0.2599821388721466,0,1,0,-0.2599821388721466,0,-0.9656134247779846],8,0.7083432674407959],[[771.7425537109375,222.69961547851563,44.38627624511719,-0.9800439476966858,0,0.19878093898296357,0,1,0,-0.19878093898296357,0,-0.9800439476966858],8,0.7185189723968506],[[771.547119140625,222.69961547851563,44.34408187866211,-0.9852171540260315,0,0.17131012678146363,0,1,0,-0.17131012678146363,0,-0.9852171540260315],8,0.732210636138916],[[771.4159545898438,222.69961547851563,44.3201789855957,-0.9919775128364563,0,0.12641453742980958,0,1,0,-0.12641453742980958,0,-0.9919775128364563],8,0.7427253723144531],[[771.1517944335938,222.69961547851563,44.28453826904297,-0.9940350651741028,0,0.10906118899583817,0,1,0,-0.10906118899583817,0,-0.9940350651741028],8,0.7554807662963867],[[770.8873901367188,223.56251525878907,44.250572204589847,-0.9979611039161682,0,0.06382474303245545,0,1,0,-0.06382474303245545,0,-0.9979611039161682],3,0.7764012813568115],[[770.6215209960938,224.37091064453126,44.23078155517578,-0.9891875982284546,0,0.14665555953979493,0,1,0,-0.14665555953979493,0,-0.9891875982284546],5,0.8034882545471191],[[770.2886352539063,225.3047637939453,44.21201705932617,-0.9777303338050842,0,0.20986518263816834,0,1,0,-0.20986518263816834,0,-0.9777303338050842],5,0.8133950233459473],[[770.0888671875,225.82420349121095,44.20184326171875,-0.9888399839401245,0,0.14898140728473664,0,1,0,-0.14898140728473664,0,-0.9888399839401245],5,0.8232157230377197],[[769.9556884765625,226.15347290039063,44.195186614990237,-0.9928129315376282,0,0.11967679858207703,0,1,0,-0.11967679858207703,0,-0.9928129315376282],5,0.8328723907470703],[[769.6893310546875,226.7711181640625,44.181095123291019,-0.9809789657592773,0,0.19411401450634004,0,1,0,-0.19411401450634004,0,-0.9809789657592773],5,0.8469142913818359],[[769.5562744140625,227.0594940185547,44.17312240600586,-0.9912698268890381,0,0.13184909522533418,0,1,0,-0.13184909522533418,0,-0.9912698268890381],5,0.8600687980651856],[[769.2901611328125,227.5953826904297,44.155826568603519,-0.9785269498825073,0,0.20611904561519624,0,1,0,-0.20611904561519624,0,-0.9785269498825073],5,0.8733294010162354],[[769.0906982421875,227.9615478515625,44.14130783081055,-0.9839289784431458,0,0.17856016755104066,0,1,0,-0.17856016755104066,0,-0.9839289784431458],5,0.8851125240325928],[[768.957763671875,228.18861389160157,44.13090515136719,-0.9877492189407349,0,0.15604963898658753,0,1,0,-0.15604963898658753,0,-0.9877492189407349],5,0.8962349891662598],[[768.692138671875,228.6018829345703,44.107364654541019,-0.973993718624115,0,0.2265750616788864,0,1,0,-0.2265750616788864,0,-0.973993718624115],5,0.9118328094482422],[[768.4930419921875,228.87606811523438,44.08854293823242,-0.9806610345840454,0,0.19571399688720704,0,1,0,-0.19571399688720704,0,-0.9806610345840454],5,0.9228577613830566],[[768.2940063476563,229.11959838867188,44.069244384765628,-0.9806609749794006,0,0.1957143396139145,0,1,0,-0.1957143396139145,0,-0.9806609749794006],5,0.9348328113555908],[[768.1613159179688,229.26492309570313,44.056331634521487,-0.9866360425949097,0,0.16293947398662568,0,1,0,-0.16293947398662568,0,-0.9866360425949097],5,0.9462878704071045],[[767.9622802734375,229.45736694335938,44.036956787109378,-0.9806610345840454,0,0.19571398198604585,0,1,0,-0.19571398198604585,0,-0.9806610345840454],5,0.9592363834381104],[[767.6968994140625,229.666259765625,44.01112365722656,-0.9739953875541687,0,0.22656771540641786,0,1,0,-0.22656771540641786,0,-0.9739953875541687],5,0.9752202033996582],[[767.4315185546875,229.82064819335938,43.985687255859378,-0.9739953875541687,0,0.22656795382499696,0,1,0,-0.22656795382499696,0,-0.9739953875541687],5,1.0004844665527344],[[767.1661376953125,229.92054748535157,43.96031188964844,-0.9743901491165161,0,0.22486405074596406,0,1,0,-0.22486405074596406,0,-0.9743901491165161],5,1.0077557563781739],[[767.033447265625,229.95005798339845,43.94779586791992,-0.9872000217437744,0,0.1594870239496231,0,1,0,-0.1594870239496231,0,-0.9872000217437744],5,1.016934871673584],[[766.76806640625,229.96820068359376,43.922882080078128,-0.9743900895118713,0,0.22486428916454316,0,1,0,-0.22486428916454316,0,-0.9743900895118713],5,1.0333101749420167],[[766.5690307617188,229.946044921875,43.904205322265628,-0.9813396334648132,0,0.19228225946426392,0,1,0,-0.19228225946426392,0,-0.9813396334648132],5,1.0474307537078858],[[766.3699951171875,229.8932342529297,43.885528564453128,-0.9810018539428711,0,0.19399826228618623,0,1,0,-0.19399826228618623,0,-0.9810018539428711],5,1.056473970413208],[[766.2373046875,229.84100341796876,43.87290573120117,-0.9866359829902649,0,0.16293984651565553,0,1,0,-0.16293984651565553,0,-0.9866359829902649],5,1.0654687881469727],[[766.0382690429688,229.73709106445313,43.853607177734378,-0.9803170561790466,0,0.19742974638938905,0,1,0,-0.19742974638938905,0,-0.9803170561790466],5,1.0780539512634278],[[765.8392333984375,229.60252380371095,43.833953857421878,-0.9785564541816711,0,0.20597894489765168,0,1,0,-0.20597894489765168,0,-0.9785564541816711],5,1.0900743007659913],[[765.5985717773438,229.37542724609376,43.810123443603519,-0.9870736598968506,0,0.16026732325553895,0,1,0,-0.16026732325553895,0,-0.9870736598968506],5,1.1084938049316407],[[765.4439697265625,229.16934204101563,43.794822692871097,-0.990487813949585,0,0.1376005858182907,0,1,0,-0.1376005858182907,0,-0.990487813949585],5,1.1329092979431153],[[765.2357788085938,228.75772094726563,43.774208068847659,-0.9876323938369751,0,0.15678738057613374,0,1,0,-0.15678738057613374,0,-0.9876323938369751],5,1.140751838684082],[[765.0675048828125,228.1513671875,43.757545471191409,-0.9823908805847168,0,0.18683724105358125,0,1,0,-0.18683724105358125,0,-0.9823908805847168],5,1.1649229526519776],[[765.0311889648438,227.92201232910157,43.75394821166992,-0.9796984195709229,0,0.20047703385353089,0,1,0,-0.20047703385353089,0,-0.9796984195709229],5,1.172563076019287],[[765.0047607421875,227.67901611328126,43.7513313293457,-0.9771739840507507,0,0.21244072914123536,0,1,0,-0.21244072914123536,0,-0.9771739840507507],5,1.1811015605926514],[[764.8821411132813,226.86830139160157,43.731842041015628,-0.9221676588058472,0,0.38679039478302,0,1,0,-0.38679039478302,0,-0.9221676588058472],5,1.2068662643432618],[[764.7883911132813,226.4169464111328,43.713478088378909,-0.9414159059524536,0,0.3372477889060974,0,1,0,-0.3372477889060974,0,-0.9414159059524536],5,1.228696346282959],[[764.6302490234375,225.76747131347657,43.679012298583987,-0.9272864460945129,0,0.3743525743484497,0,1,0,-0.3743525743484497,0,-0.9272864460945129],5,1.234898567199707],[[764.5369262695313,225.42230224609376,43.6573600769043,-0.9500627517700195,0,0.3120588958263397,0,1,0,-0.3120588958263397,0,-0.9500627517700195],5,1.2448465824127198],[[764.4341430664063,225.06349182128907,43.632694244384769,-0.9489594101905823,0,0.31539812684059145,0,1,0,-0.31539812684059145,0,-0.9489594101905823],5,1.2537329196929932],[[764.2003784179688,224.3050079345703,43.57386779785156,-0.9251925349235535,0,0.3794980049133301,0,1,0,-0.3794980049133301,0,-0.9251925349235535],5,1.2684986591339112],[[764.0083618164063,223.7003936767578,43.523780822753909,-0.9348613023757935,0,0.3550131320953369,0,1,0,-0.3550131320953369,0,-0.9348613023757935],5,1.2795004844665528],[[763.8795776367188,223.2802734375,43.489376068115237,-0.9556379914283752,0,0.2945437431335449,0,1,0,-0.2945437431335449,0,-0.9556379914283752],7,1.2920830249786378],[[763.6867065429688,222.6245574951172,43.436607360839847,-0.9558100700378418,0,0.2939848005771637,0,1,0,-0.2939848005771637,0,-0.9558100700378418],7,1.318584680557251],[[763.302734375,222.4811553955078,43.32456588745117,-0.9464049935340881,0,0.32298237085342409,0,1,0,-0.32298237085342409,0,-0.9464049935340881],7,1.3271305561065674],[[763.1759643554688,222.5265350341797,43.283203125,-0.9433655142784119,0,0.3317551910877228,0,1,0,-0.3317551910877228,0,-0.9433655142784119],8,1.3375115394592286],[[762.987060546875,222.58457946777345,43.21751022338867,-0.9398524761199951,0,0.34158068895339968,0,1,0,-0.34158068895339968,0,-0.9398524761199951],8,1.349518060684204],[[762.7989501953125,222.6253662109375,43.14960479736328,-0.9331240057945252,0,0.3595547378063202,0,1,0,-0.3595547378063202,0,-0.9331240057945252],8,1.3611862659454346],[[762.67431640625,222.64453125,43.10230255126953,-0.9299483895301819,0,0.3676900267601013,0,1,0,-0.3676900267601013,0,-0.9299483895301819],8,1.3708865642547608],[[762.4262084960938,222.66949462890626,43.004676818847659,-0.9227165579795837,0,0.38547906279563906,0,1,0,-0.38547906279563906,0,-0.9227165579795837],8,1.384767770767212],[[762.2413940429688,222.6804962158203,42.92826461791992,-0.9172433018684387,0,0.39832741022109988,0,1,0,-0.39832741022109988,0,-0.9172433018684387],8,1.3960950374603272],[[762.118896484375,222.6855010986328,42.87562942504883,-0.9020156264305115,0,0.4317033290863037,0,1,0,-0.4317033290863037,0,-0.9020156264305115],8,1.4062421321868897],[[761.9378662109375,222.69065856933595,42.790626525878909,-0.892768919467926,0,0.45051494240760805,0,1,0,-0.45051494240760805,0,-0.892768919467926],8,1.4187653064727784],[[761.7589111328125,222.69393920898438,42.7013053894043,-0.870531439781189,0,0.49211275577545168,0,1,0,-0.49211275577545168,0,-0.870531439781189],8,1.4322130680084229],[[761.583984375,222.69601440429688,42.60449981689453,-0.8582422733306885,0,0.5132448077201843,0,1,0,-0.5132448077201843,0,-0.8582422733306885],8,1.4459302425384522],[[761.4118041992188,222.6973419189453,42.50273895263672,-0.8311524391174316,0,0.5560445785522461,0,1,0,-0.5560445785522461,0,-0.8311524391174316],8,1.456969976425171],[[761.2445678710938,222.69818115234376,42.3931999206543,-0.802976131439209,0,0.5960111618041992,0,1,0,-0.5960111618041992,0,-0.802976131439209],8,1.468963623046875],[[761.136474609375,222.6985626220703,42.315185546875,-0.802976131439209,0,0.5960111618041992,0,1,0,-0.5960111618041992,0,-0.802976131439209],8,1.4801084995269776],[[760.9221801757813,222.69903564453126,42.1564826965332,-0.7772893905639648,0,0.629143238067627,0,1,0,-0.629143238067627,0,-0.7772893905639648],8,1.494138240814209],[[760.7138671875,222.69931030273438,41.99001693725586,-0.7571249604225159,0,0.6532700657844544,0,1,0,-0.6532700657844544,0,-0.7571249604225159],8,1.5107944011688233],[[760.5617065429688,222.6994171142578,41.86030197143555,-0.746759831905365,0,0.6650937795639038,0,1,0,-0.6650937795639038,0,-0.746759831905365],8,1.5208754539489747],[[760.4617919921875,222.69947814941407,41.77207565307617,-0.746759831905365,0,0.6650937795639038,0,1,0,-0.6650937795639038,0,-0.746759831905365],8,1.530940055847168],[[760.3621826171875,222.6995086669922,41.6834602355957,-0.746759831905365,0,0.6650937795639038,0,1,0,-0.6650937795639038,0,-0.746759831905365],8,1.5414390563964844],[[760.2127685546875,222.69955444335938,41.55044937133789,-0.7456016540527344,0,0.666391909122467,0,1,0,-0.666391909122467,0,-0.7456016540527344],8,1.5529475212097169],[[760.0635986328125,222.69956970214845,41.41722106933594,-0.7479199767112732,0,0.663788914680481,0,1,0,-0.663788914680481,0,-0.7479199767112732],8,1.564866065979004],[[759.9140625,222.69956970214845,41.284366607666019,-0.7594049572944641,0,0.6506181955337524,0,1,0,-0.6506181955337524,0,-0.7594049572944641],8,1.576056718826294],[[759.7644653320313,222.6791534423828,41.15160369873047,-0.7684208750724793,0,0.6399447917938232,0,1,0,-0.6399447917938232,0,-0.7684208750724793],8,1.588226079940796],[[759.6647338867188,222.64849853515626,41.06309509277344,-0.7945653200149536,0,0.6071786880493164,0,1,0,-0.6071786880493164,0,-0.7945653200149536],8,1.6004507541656495],[[759.51513671875,222.5769805908203,40.93033218383789,-0.8101986646652222,0,0.5861554145812988,0,1,0,-0.5861554145812988,0,-0.8101986646652222],8,1.612384557723999],[[759.2658081054688,223.6607208251953,40.70906066894531,-0.8445004224777222,0,0.5355548858642578,0,1,0,-0.5355548858642578,0,-0.8445004224777222],3,1.6329309940338135],[[759.0517578125,224.4691162109375,40.55152130126953,-0.8372227549552918,0,0.546862006187439,0,1,0,-0.546862006187439,0,-0.8372227549552918],5,1.6600496768951417],[[758.6425170898438,225.75267028808595,40.32789611816406,-0.7822075486183167,0,0.6230179667472839,0,1,0,-0.6230179667472839,0,-0.7822075486183167],5,1.6768255233764649],[[758.5228271484375,226.0887451171875,40.269248962402347,-0.8738614320755005,0,0.4861750900745392,0,1,0,-0.4861750900745392,0,-0.8738614320755005],5,1.6875154972076417],[[758.3421630859375,226.5673065185547,40.18353271484375,-0.8589521646499634,0,0.5120558738708496,0,1,0,-0.5120558738708496,0,-0.8589521646499634],5,1.6981794834136963],[[758.1610717773438,227.0152130126953,40.0986328125,-0.8607221245765686,0,0.5090750455856323,0,1,0,-0.5090750455856323,0,-0.8607221245765686],5,1.7086937427520753],[[758.0401611328125,227.29678344726563,40.04243087768555,-0.885453999042511,0,0.464726984500885,0,1,0,-0.464726984500885,0,-0.885453999042511],5,1.7185444831848145],[[757.8575439453125,227.69358825683595,39.96086120605469,-0.8754527568817139,0,0.4833037257194519,0,1,0,-0.4833037257194519,0,-0.8754527568817139],5,1.7302162647247315],[[757.6738891601563,228.05975341796876,39.88169479370117,-0.8886181712150574,0,0.458647757768631,0,1,0,-0.458647757768631,0,-0.8886181712150574],5,1.744330644607544],[[757.4883422851563,228.39524841308595,39.80715560913086,-0.8949425220489502,0,0.4461814761161804,0,1,0,-0.4461814761161804,0,-0.8949425220489502],5,1.7580859661102296],[[757.3015747070313,228.70008850097657,39.73567581176758,-0.9055832624435425,0,0.42416858673095705,0,1,0,-0.42416858673095705,0,-0.9055832624435425],5,1.768129587173462],[[757.1760864257813,228.88629150390626,39.690635681152347,-0.9246214032173157,0,0.3808874189853668,0,1,0,-0.3808874189853668,0,-0.9246214032173157],5,1.7789020538330079],[[756.9866943359375,229.14002990722657,39.62631607055664,-0.925233781337738,0,0.3793974816799164,0,1,0,-0.3793974816799164,0,-0.925233781337738],5,1.7922518253326417],[[756.7315673828125,229.43067932128907,39.548927307128909,-0.9197970628738403,0,0.39239445328712466,0,1,0,-0.39239445328712466,0,-0.9197970628738403],5,1.8042516708374024],[[756.5390625,229.61289978027345,39.49485778808594,-0.9472485184669495,0,0.3204999268054962,0,1,0,-0.3204999268054962,0,-0.9472485184669495],5,1.8178119659423829],[[756.3445434570313,229.76446533203126,39.448341369628909,-0.9558344483375549,0,0.293905645608902,0,1,0,-0.293905645608902,0,-0.9558344483375549],5,1.8308229446411133],[[756.1487426757813,229.88536071777345,39.407806396484378,-0.9720039963722229,0,0.23496435582637788,0,1,0,-0.23496435582637788,0,-0.9720039963722229],5,1.8470797538757325],[[755.8850708007813,229.99888610839845,39.36870193481445,-0.9799425005912781,0,0.19928033649921418,0,1,0,-0.19928033649921418,0,-0.9799425005912781],5,1.859755039215088],[[755.6859130859375,230.0482635498047,39.35182571411133,-0.9955900311470032,0,0.09381072223186493,0,1,0,-0.09381072223186493,0,-0.9955900311470032],5,1.8741018772125245],[[755.4193725585938,230.06640625,39.34915542602539,-0.9982519149780273,0,0.05910260230302811,0,1,0,-0.05910260230302811,0,-0.9982519149780273],5,1.9016716480255128],[[755.0868530273438,230.012451171875,39.3703498840332,-0.9999935030937195,0,-0.003607272868975997,0,1,0,0.003607272868975997,0,-0.9999935030937195],5,1.9109351634979249],[[754.954833984375,229.96702575683595,39.38752365112305,-0.9909005165100098,0,-0.13459624350070954,0,1,0,0.13459624350070954,0,-0.9909005165100098],5,1.9206581115722657],[[754.758544921875,229.8733367919922,39.42557144165039,-0.9911518692970276,0,-0.1327325850725174,0,1,0,0.1327325850725174,0,-0.9911518692970276],5,1.931943416595459],[[754.5636596679688,229.74899291992188,39.470497131347659,-0.9805081486701965,0,-0.19647829234600068,0,1,0,0.19647829234600068,0,-0.9805081486701965],5,1.943488359451294],[[754.4354858398438,229.64906311035157,39.50702667236328,-0.9661920666694641,0,-0.25782331824302676,0,1,0,0.25782331824302676,0,-0.9661920666694641],5,1.9542112350463868],[[754.2456665039063,229.4736328125,39.56987380981445,-0.9679995179176331,0,-0.2509520649909973,0,1,0,0.2509520649909973,0,-0.9679995179176331],5,1.966238260269165],[[754.0576782226563,229.26754760742188,39.63811492919922,-0.9561242461204529,0,-0.2929615080356598,0,1,0,0.2929615080356598,0,-0.9561242461204529],5,1.9782555103302003],[[753.8726196289063,229.03079223632813,39.71390151977539,-0.9453067779541016,0,-0.3261825144290924,0,1,0,0.3261825144290924,0,-0.9453067779541016],5,1.9900431632995606],[[753.7510375976563,228.85592651367188,39.76857376098633,-0.9281818866729736,0,-0.37212684750556948,0,1,0,0.37212684750556948,0,-0.9281818866729736],5,2.001098155975342],[[753.5704345703125,228.56808471679688,39.854469299316409,-0.9333378076553345,0,-0.3589994013309479,0,1,0,0.3589994013309479,0,-0.9333378076553345],5,2.0128095149993898],[[753.3319702148438,228.1365966796875,39.97384262084961,-0.9302176833152771,0,-0.3670083284378052,0,1,0,0.3670083284378052,0,-0.9302176833152771],5,2.025311231613159],[[753.0983276367188,227.65061950683595,40.10233688354492,-0.9089878797531128,0,-0.4168225824832916,0,1,0,0.4168225824832916,0,-0.9089878797531128],5,2.0431079864501955],[[752.984619140625,227.38719177246095,40.171897888183597,-0.8484681844711304,0,-0.5292463898658752,0,1,0,0.5292463898658752,0,-0.8484681844711304],5,2.054046154022217],[[752.7664794921875,226.8194580078125,40.32503128051758,-0.8674324750900269,0,-0.4975549578666687,0,1,0,0.4975549578666687,0,-0.8674324750900269],5,2.069547414779663],[[752.6070556640625,226.35789489746095,40.44575500488281,-0.8216508626937866,0,-0.5699911713600159,0,1,0,0.5699911713600159,0,-0.8216508626937866],5,2.082028388977051],[[752.45361328125,225.8656768798828,40.57398986816406,-0.7980987429618836,0,-0.6025267243385315,0,1,0,0.6025267243385315,0,-0.7980987429618836],5,2.0945918560028078],[[752.3057861328125,225.34280395507813,40.70859909057617,-0.787453830242157,0,-0.6163736581802368,0,1,0,0.6163736581802368,0,-0.787453830242157],5,2.1066246032714845],[[752.160888671875,224.78927612304688,40.84642791748047,-0.7699217796325684,0,-0.6381382346153259,0,1,0,0.6381382346153259,0,-0.7699217796325684],5,2.1202051639556886],[[752.0196533203125,224.205078125,40.987998962402347,-0.7620618343353272,0,-0.6475042700767517,0,1,0,0.6475042700767517,0,-0.7620618343353272],5,2.132474660873413],[[751.8805541992188,223.59024047851563,41.13169860839844,-0.7483262419700623,0,-0.6633308529853821,0,1,0,0.6633308529853821,0,-0.7483262419700623],5,2.1448326110839845],[[751.7443237304688,222.9447479248047,41.278072357177737,-0.7425047159194946,0,-0.6698408126831055,0,1,0,0.6698408126831055,0,-0.7425047159194946],5,2.1551413536071779],[[751.6096801757813,222.3858184814453,41.42593765258789,-0.6930281519889832,0,-0.7209105491638184,0,1,0,0.7209105491638184,0,-0.6930281519889832],7,2.174168586730957],[[751.2977294921875,222.47320556640626,41.77303695678711,-0.6784891486167908,0,-0.7346104383468628,0,1,0,0.7346104383468628,0,-0.6784891486167908],7,2.197303295135498],[[751.2081298828125,222.52732849121095,41.871788024902347,-0.6810483932495117,0,-0.7322384119033814,0,1,0,0.7322384119033814,0,-0.6810483932495117],8,2.2081639766693117],[[751.072265625,222.58807373046876,42.0185432434082,-0.6936912536621094,0,-0.7202724814414978,0,1,0,0.7202724814414978,0,-0.6936912536621094],8,2.2183432579040529],[[750.980224609375,222.61679077148438,42.115013122558597,-0.7098388671875,0,-0.7043640613555908,0,1,0,0.7043640613555908,0,-0.7098388671875],8,2.2289767265319826],[[750.8389282226563,222.64688110351563,42.25655746459961,-0.7515430450439453,0,-0.6596840023994446,0,1,0,0.6596840023994446,0,-0.7515430450439453],8,2.240490198135376],[[750.6903076171875,222.6661376953125,42.39022445678711,-0.7741268873214722,0,-0.6330304741859436,0,1,0,0.6330304741859436,0,-0.7741268873214722],8,2.2518794536590578],[[750.5364379882813,222.6783905029297,42.5179328918457,-0.8214403390884399,0,-0.5702944397926331,0,1,0,0.5702944397926331,0,-0.8214403390884399],8,2.2630300521850588],[[750.4285888671875,222.68394470214845,42.59618377685547,-0.8427484631538391,0,-0.5383075475692749,0,1,0,0.5383075475692749,0,-0.8427484631538391],8,2.27388072013855],[[750.2611083984375,222.68968200683595,42.70539474487305,-0.87406325340271,0,-0.48581209778785708,0,1,0,0.48581209778785708,0,-0.87406325340271],8,2.285872459411621],[[750.1456909179688,222.69229125976563,42.77204895019531,-0.8848711252212524,0,-0.46583595871925356,0,1,0,0.46583595871925356,0,-0.8848711252212524],8,2.2971341609954836],[[749.9103393554688,222.6956329345703,42.89735794067383,-0.8936565518379211,0,-0.4487515389919281,0,1,0,0.4487515389919281,0,-0.8936565518379211],8,2.3122103214263918],[[749.73193359375,222.6970977783203,42.98777770996094,-0.9043635129928589,0,-0.4267629384994507,0,1,0,0.4267629384994507,0,-0.9043635129928589],8,2.322113037109375],[[749.6117553710938,222.69775390625,43.045467376708987,-0.9073234796524048,0,-0.42043328285217287,0,1,0,0.42043328285217287,0,-0.9073234796524048],8,2.333447217941284],[[749.4304809570313,222.6984405517578,43.129913330078128,-0.9102359414100647,0,-0.41409000754356387,0,1,0,0.41409000754356387,0,-0.9102359414100647],8,2.345543146133423],[[749.24853515625,222.69886779785157,43.21299362182617,-0.9145267009735107,0,-0.40452560782432558,0,1,0,0.40452560782432558,0,-0.9145267009735107],8,2.359532117843628],[[749.0048217773438,222.69920349121095,43.321258544921878,-0.9187174439430237,0,-0.39491546154022219,0,1,0,0.39491546154022219,0,-0.9187174439430237],8,2.3724863529205324],[[748.8212280273438,222.69935607910157,43.40061569213867,-0.9221346974372864,0,-0.38686898350715639,0,1,0,0.38686898350715639,0,-0.9221346974372864],8,2.383870840072632],[[748.6369018554688,222.69944763183595,43.47831344604492,-0.9234808087348938,0,-0.3836446702480316,0,1,0,0.3836446702480316,0,-0.9234808087348938],8,2.396589994430542],[[748.4525146484375,223.35855102539063,43.55577850341797,-0.9234808683395386,0,-0.3836444318294525,0,1,0,0.3836444318294525,0,-0.9234808683395386],3,2.4142324924468996],[[748.206298828125,224.19419860839845,43.65822982788086,-0.9548361897468567,0,-0.29713279008865359,0,1,0,0.29713279008865359,0,-0.9548361897468567],5,2.4400925636291506],[[747.8983764648438,225.162109375,43.78611755371094,-0.9731663465499878,0,-0.23010274767875672,0,1,0,0.23010274767875672,0,-0.9731663465499878],5,2.4487171173095705],[[747.7752075195313,225.5254364013672,43.83727264404297,-0.9468986988067627,0,-0.3215320408344269,0,1,0,0.3215320408344269,0,-0.9468986988067627],5,2.45820951461792],[[747.5904541015625,226.0448760986328,43.914005279541019,-0.9571242332458496,0,-0.28967782855033877,0,1,0,0.28967782855033877,0,-0.9571242332458496],5,2.467792510986328],[[747.46728515625,226.3741455078125,43.96516036987305,-0.9469704031944275,0,-0.32132071256637576,0,1,0,0.32132071256637576,0,-0.9469704031944275],5,2.47965145111084],[[747.2825317382813,226.8424835205078,44.041893005371097,-0.957150936126709,0,-0.28958940505981448,0,1,0,0.28958940505981448,0,-0.957150936126709],5,2.489072799682617],[[747.1593627929688,227.13768005371095,44.093048095703128,-0.9469754099845886,0,-0.32130610942840578,0,1,0,0.32130610942840578,0,-0.9469754099845886],5,2.4990856647491457],[[746.974609375,227.554931640625,44.16978073120117,-0.957152783870697,0,-0.2895835041999817,0,1,0,0.2895835041999817,0,-0.957152783870697],5,2.5126280784606935],[[746.7898559570313,227.94151306152345,44.24651336669922,-0.9571529030799866,0,-0.2895830273628235,0,1,0,0.2895830273628235,0,-0.9571529030799866],5,2.5256664752960207],[[746.5435180664063,228.40928649902345,44.34882354736328,-0.966713011264801,0,-0.2558632493019104,0,1,0,0.2558632493019104,0,-0.966713011264801],5,2.5410664081573488],[[746.2971801757813,228.8225555419922,44.45076370239258,-0.9667127132415772,0,-0.2558642029762268,0,1,0,0.2558642029762268,0,-0.9667127132415772],5,2.5666069984436037],[[746.0508422851563,229.1813201904297,44.55264663696289,-0.9667127728462219,0,-0.2558639943599701,0,1,0,0.2558639943599701,0,-0.9667127728462219],5,2.575256824493408],[[745.8660888671875,229.41464233398438,44.629058837890628,-0.9571528434753418,0,-0.289583295583725,0,1,0,0.289583295583725,0,-0.9571528434753418],5,2.585371732711792],[[745.6813354492188,229.61729431152345,44.705726623535159,-0.9561355710029602,0,-0.29292458295822146,0,1,0,0.29292458295822146,0,-0.9561355710029602],5,2.597184181213379],[[745.4968872070313,229.78929138183595,44.78297424316406,-0.9524822235107422,0,-0.30459415912628176,0,1,0,0.30459415912628176,0,-0.9524822235107422],5,2.6100668907165529],[[745.3743896484375,229.88693237304688,44.835662841796878,-0.9388348460197449,0,-0.34436777234077456,0,1,0,0.34436777234077456,0,-0.9388348460197449],5,2.6202492713928224],[[745.1914672851563,230.00782775878907,44.91651916503906,-0.9436007142066956,0,-0.3310856521129608,0,1,0,0.3310856521129608,0,-0.9436007142066956],5,2.632132053375244],[[744.9495239257813,230.12135314941407,45.02877426147461,-0.9476193785667419,0,-0.3194017708301544,0,1,0,0.3194017708301544,0,-0.9476193785667419],5,2.6493568420410158],[[744.7698364257813,230.1707305908203,45.11654281616211,-0.9301869869232178,0,-0.36708611249923708,0,1,0,0.36708611249923708,0,-0.9301869869232178],5,2.6740238666534426],[[744.4732666015625,230.1848907470703,45.268577575683597,-0.9487720131874085,0,-0.31596148014068606,0,1,0,0.31596148014068606,0,-0.9487720131874085],5,2.6825673580169679],[[744.1785888671875,230.11390686035157,45.42444610595703,-0.9436888694763184,0,-0.330834299325943,0,1,0,0.330834299325943,0,-0.9436888694763184],5,2.702803373336792],[[744.0615234375,230.06167602539063,45.48833084106445,-0.903734564781189,0,-0.42809322476387026,0,1,0,0.42809322476387026,0,-0.903734564781189],5,2.7124722003936769],[[743.8867797851563,229.957763671875,45.58554458618164,-0.9146899580955505,0,-0.40415629744529726,0,1,0,0.40415629744529726,0,-0.9146899580955505],5,2.722813367843628],[[743.7706298828125,229.8714599609375,45.6511116027832,-0.8937840461730957,0,-0.44849759340286257,0,1,0,0.44849759340286257,0,-0.8937840461730957],5,2.7335798740386965],[[743.597900390625,229.71646118164063,45.7519645690918,-0.9045392870903015,0,-0.42639026045799258,0,1,0,0.42639026045799258,0,-0.9045392870903015],5,2.744558811187744],[[743.4262084960938,229.5308074951172,45.854557037353519,-0.9000186324119568,0,-0.43585145473480227,0,1,0,0.43585145473480227,0,-0.9000186324119568],5,2.7553975582122804],[[743.2555541992188,229.3144989013672,45.95889663696289,-0.8906858563423157,0,-0.4546193480491638,0,1,0,0.4546193480491638,0,-0.8906858563423157],5,2.7669081687927248],[[743.19921875,229.23558044433595,45.99452209472656,-0.8584394454956055,0,-0.5129148960113525,0,1,0,0.5129148960113525,0,-0.8584394454956055],5,2.7758679389953615],[[743.0308837890625,228.9783935546875,46.102508544921878,-0.8826115131378174,0,-0.47010305523872378,0,1,0,0.47010305523872378,0,-0.8826115131378174],5,2.787449836730957],[[742.8641967773438,228.6905517578125,46.21310806274414,-0.8751122951507568,0,-0.4839198589324951,0,1,0,0.4839198589324951,0,-0.8751122951507568],5,2.799971342086792],[[742.6444702148438,228.25906372070313,46.364253997802737,-0.8851234912872315,0,-0.46535617113113406,0,1,0,0.46535617113113406,0,-0.8851234912872315],5,2.8154165744781496],[[742.4810791015625,227.89968872070313,46.47963333129883,-0.8673975467681885,0,-0.49761584401130679,0,1,0,0.49761584401130679,0,-0.8673975467681885],5,2.8271291255950929],[[742.37255859375,227.64308166503907,46.557071685791019,-0.8503402471542358,0,-0.5262332558631897,0,1,0,0.5262332558631897,0,-0.8503402471542358],5,2.8367514610290529],[[742.2640380859375,227.37283325195313,46.63461685180664,-0.8503402471542358,0,-0.5262332558631897,0,1,0,0.5262332558631897,0,-0.8503402471542358],5,2.8465893268585207],[[742.1014404296875,226.94192504882813,46.750953674316409,-0.8665295243263245,0,-0.49912580847740176,0,1,0,0.49912580847740176,0,-0.8665295243263245],5,2.8580501079559328],[[741.90478515625,226.3197021484375,46.89162826538086,-0.8423827290534973,0,-0.5388796925544739,0,1,0,0.5388796925544739,0,-0.8423827290534973],5,2.8767833709716799],[[741.7403564453125,225.64297485351563,47.00919723510742,-0.8387261033058167,0,-0.5445535182952881,0,1,0,0.5445535182952881,0,-0.8387261033058167],5,2.9005281925201418],[[741.6082153320313,224.9117431640625,47.103660583496097,-0.8802112340927124,0,-0.47458213567733767,0,1,0,0.47458213567733767,0,-0.8802112340927124],5,2.9090776443481447],[[741.5303955078125,224.32754516601563,47.15934371948242,-0.899876594543457,0,-0.4361446499824524,0,1,0,0.4361446499824524,0,-0.899876594543457],5,2.9214892387390138],[[741.470703125,223.71270751953126,47.202030181884769,-0.9221442341804504,0,-0.38684627413749697,0,1,0,0.38684627413749697,0,-0.9221442341804504],5,2.932474374771118],[[741.4595336914063,223.0672149658203,47.21005630493164,-0.9658426642417908,0,-0.2591291069984436,0,1,0,0.2591291069984436,0,-0.9658426642417908],7,2.9438278675079347],[[741.458984375,222.5019073486328,47.21047592163086,-0.9821653366088867,0,-0.18801915645599366,0,1,0,0.18801915645599366,0,-0.9821653366088867],7,2.9540464878082277],[[741.458984375,222.43240356445313,47.21049499511719,-0.9818553924560547,0,-0.18963129818439485,0,1,0,0.18963129818439485,0,-0.9818553924560547],7,2.963743209838867],[[741.458984375,222.45419311523438,47.21049880981445,-0.9983233213424683,0,0.0578840970993042,0,1,0,-0.0578840970993042,0,-0.9983233213424683],7,2.97409987449646],[[741.458984375,222.5224609375,47.21049880981445,-0.9984052777290344,0,0.05645238608121872,0,1,0,-0.05645238608121872,0,-0.9984052777290344],8,2.986783742904663],[[741.458984375,222.58189392089845,47.21049880981445,-0.9582677483558655,0,0.2858722507953644,0,1,0,-0.2858722507953644,0,-0.9582677483558655],8,2.9983694553375246],[[741.458984375,222.62364196777345,47.21049880981445,-0.9392431974411011,0,0.3432524502277374,0,1,0,-0.3432524502277374,0,-0.9392431974411011],8,3.011317729949951],[[741.458984375,222.65110778808595,47.21049880981445,-0.8915868401527405,0,0.45284974575042727,0,1,0,-0.45284974575042727,0,-0.8915868401527405],8,3.0218403339385988],[[741.458984375,222.6637420654297,47.21049880981445,-0.89283686876297,0,0.4503801763057709,0,1,0,-0.4503801763057709,0,-0.89283686876297],8,3.0303561687469484],[[741.458984375,222.6768341064453,47.21049880981445,-0.8395627737045288,0,0.5432626605033875,0,1,0,-0.5432626605033875,0,-0.8395627737045288],8,3.04672908782959],[[741.458984375,222.68516540527345,47.21049880981445,-0.7870980501174927,0,0.6168279647827148,0,1,0,-0.6168279647827148,0,-0.7870980501174927],8,3.0578343868255617],[[741.458984375,222.69046020507813,47.21049880981445,-0.7371413707733154,0,0.6757385730743408,0,1,0,-0.6757385730743408,0,-0.7371413707733154],8,3.0693440437316896],[[741.458984375,222.69381713867188,47.21049880981445,-0.7169395089149475,0,0.6971353888511658,0,1,0,-0.6971353888511658,0,-0.7169395089149475],8,3.081631898880005],[[741.3666381835938,222.69647216796876,47.12074279785156,-0.6883975267410278,0,0.725333571434021,0,1,0,-0.725333571434021,0,-0.6883975267410278],8,3.102306842803955],[[741.2189331054688,223.56959533691407,46.977142333984378,-0.6730534434318543,0,0.7395938634872437,0,1,0,-0.7395938634872437,0,-0.6730534434318543],3,3.1315877437591554],[[740.9710693359375,224.78219604492188,46.717315673828128,-0.5463138818740845,0,0.8375805616378784,0,1,0,-0.8375805616378784,0,-0.5463138818740845],5,3.1544644832611086],[[740.7481689453125,225.6990203857422,46.470367431640628,-0.5381273031234741,0,0.8428635597229004,0,1,0,-0.8428635597229004,0,-0.5381273031234741],5,3.1624701023101808],[[740.6143188476563,226.20823669433595,46.32175064086914,-0.5917572379112244,0,0.8061162233352661,0,1,0,-0.8061162233352661,0,-0.5917572379112244],5,3.171926259994507],[[740.5250854492188,226.5306854248047,46.2226676940918,-0.6182153224945068,0,0.7860087752342224,0,1,0,-0.7860087752342224,0,-0.6182153224945068],5,3.1823959350585939],[[740.4358520507813,226.83950805664063,46.12358474731445,-0.6182069182395935,0,0.7860153913497925,0,1,0,-0.7860153913497925,0,-0.6182069182395935],5,3.190922975540161],[[740.1681518554688,227.68421936035157,45.82633590698242,-0.5082845091819763,0,0.8611891865730286,0,1,0,-0.8611891865730286,0,-0.5082845091819763],5,3.2145228385925295],[[740.0789184570313,227.93853759765626,45.72725296020508,-0.6182027459144592,0,0.7860186696052551,0,1,0,-0.7860186696052551,0,-0.6182027459144592],5,3.222964286804199],[[739.9896850585938,228.1792449951172,45.628170013427737,-0.618202805519104,0,0.7860186100006104,0,1,0,-0.7860186100006104,0,-0.618202805519104],5,3.2332515716552736],[[739.8558349609375,228.51473999023438,45.47954559326172,-0.591677188873291,0,0.8061749935150147,0,1,0,-0.8061749935150147,0,-0.591677188873291],5,3.244549512863159],[[739.7219848632813,228.819580078125,45.3309211730957,-0.5902713537216187,0,0.8072049021720886,0,1,0,-0.8072049021720886,0,-0.5902713537216187],5,3.2560698986053469],[[739.5883178710938,229.09376525878907,45.18210983276367,-0.5902712941169739,0,0.8072049617767334,0,1,0,-0.8072049617767334,0,-0.5902712941169739],5,3.268799066543579],[[739.4547119140625,229.33729553222657,45.03325653076172,-0.5930854678153992,0,0.8051394820213318,0,1,0,-0.8051394820213318,0,-0.5930854678153992],5,3.28019118309021],[[739.3654174804688,229.4826202392578,44.93424987792969,-0.625042200088501,0,0.7805909514427185,0,1,0,-0.7805909514427185,0,-0.625042200088501],5,3.290764570236206],[[739.23046875,229.67506408691407,44.7866096496582,-0.6139765977859497,0,0.7893242239952087,0,1,0,-0.7893242239952087,0,-0.6139765977859497],5,3.302178382873535],[[739.0931396484375,229.8368377685547,44.64127731323242,-0.6222132444381714,0,0.7828478217124939,0,1,0,-0.7828478217124939,0,-0.6222132444381714],5,3.3140547275543215],[[738.9540405273438,229.96795654296876,44.49760437011719,-0.6330927610397339,0,0.7740759253501892,0,1,0,-0.7740759253501892,0,-0.6330927610397339],5,3.3274247646331789],[[738.81298828125,230.0684356689453,44.355804443359378,-0.659741997718811,0,0