[[[773.957275390625,222.69961547851563,48.67145538330078,-0.45222771167755129,-3.781545032666145e-8,0.891902506351471,4.8099348504138109e-8,1,6.678678943217165e-8,-0.891902506351471,7.310276828320639e-8,-0.45222771167755129],8,0.005608320236206055],[[773.957275390625,222.69961547851563,48.67145538330078,-0.45222771167755129,-4.967956712675914e-8,0.891902506351471,6.318990131148894e-8,1,8.774029680580498e-8,-0.891902506351471,9.603783013290013e-8,-0.45222771167755129],8,0.017484426498413087],[[773.957275390625,222.69961547851563,48.67145538330078,-0.45222771167755129,-4.941981401884732e-8,0.891902506351471,6.285950604478785e-8,1,8.728154199388882e-8,-0.891902506351471,9.55356824761111e-8,-0.45222771167755129],8,0.028401851654052736],[[773.957275390625,222.69961547851563,48.67145538330078,-0.45222771167755129,-3.6786907742225597e-8,0.891902506351471,4.6791086560915576e-8,1,6.497025850649152e-8,-0.891902506351471,7.111444233487419e-8,-0.45222771167755129],8,0.04154539108276367],[[773.957275390625,222.69961547851563,48.67145538330078,-0.45222771167755129,-1.9955619379175006e-8,0.891902506351471,2.5382552948371996e-8,1,3.5244113405497049e-8,-0.891902506351471,3.8577127270400527e-8,-0.45222771167755129],8,0.05581021308898926],[[773.957275390625,222.69961547851563,48.67145538330078,-0.45222771167755129,-3.1387041854458177e-9,0.891902506351471,3.99231137038214e-9,1,5.543361325521801e-9,-0.891902506351471,6.067613966820318e-9,-0.45222771167755129],8,0.08132100105285645],[[773.957275390625,222.69961547851563,48.67145538330078,-0.45222771167755129,1.786224501643119e-8,0.891902506351471,-2.2719783387969984e-8,1,-3.154690375595237e-8,-0.891902506351471,-3.453021690802416e-8,-0.45222771167755129],8,0.09321022033691406],[[773.957275390625,222.69961547851563,48.67145538330078,-0.45222771167755129,2.6256348206743497e-8,0.891902506351471,-3.339663123824721e-8,1,-4.6371919637522299e-8,-0.891902506351471,-5.0757208214236019e-8,-0.45222771167755129],8,0.10358095169067383],[[773.957275390625,222.69961547851563,48.67145538330078,-0.45222771167755129,3.884078125793167e-8,0.891902506351471,-4.940334719094608e-8,1,-6.859757206711947e-8,-0.891902506351471,-7.508469224148939e-8,-0.45222771167755129],8,0.11645913124084473],[[773.957275390625,222.69961547851563,48.67145538330078,-0.45222771167755129,4.761252725415943e-8,0.891902506351471,-6.056053081238133e-8,1,-8.408954954575165e-8,-0.891902506351471,-9.204170936527589e-8,-0.45222771167755129],8,0.1297624111175537],[[773.957275390625,222.69961547851563,48.67145538330078,-0.45222771167755129,4.000571252049667e-8,0.891902506351471,-5.088508103767708e-8,1,-7.065498408564963e-8,-0.891902506351471,-7.733667217735274e-8,-0.45222771167755129],8,0.14199495315551759],[[773.957275390625,222.69961547851563,48.67145538330078,-0.45222771167755129,2.4801828146792105e-8,0.891902506351471,-3.154658756443496e-8,1,-4.3803069615933057e-8,-0.891902506351471,-4.794544139485879e-8,-0.45222771167755129],8,0.15528368949890138],[[773.957275390625,222.69961547851563,48.67145538330078,-0.45222771167755129,1.3407436938450701e-8,0.891902506351471,-1.7053560341651065e-8,1,-2.367919016421638e-8,-0.891902506351471,-2.5918499346744285e-8,-0.45222771167755129],8,0.16809654235839845],[[773.957275390625,222.69961547851563,48.67145538330078,-0.45222771167755129,2.0203441142285784e-9,0.891902506351471,-2.5698259076278875e-9,1,-3.568204398618491e-9,-0.891902506351471,-3.905675338700121e-9,-0.45222771167755129],8,0.18009233474731446],[[773.957275390625,222.69961547851563,48.67145538330078,-0.45222771167755129,-5.56699841780528e-9,0.891902506351471,7.080838582140814e-9,1,9.831960134931706e-9,-0.891902506351471,1.0761702640138538e-8,-0.45222771167755129],8,0.19019556045532227],[[773.957275390625,222.69961547851563,48.67145538330078,-0.45222771167755129,-1.694193763057683e-8,0.891902506351471,2.154910205831584e-8,1,2.9921473299054927e-8,-0.891902506351471,3.275101789768087e-8,-0.45222771167755129],8,0.2021043300628662],[[773.957275390625,222.69961547851563,48.67145538330078,-0.45222771167755129,-3.209719068308914e-8,0.891902506351471,4.082569660113222e-8,1,5.668747249387707e-8,-0.891902506351471,6.20481870328149e-8,-0.45222771167755129],8,0.21744084358215333],[[773.957275390625,222.69961547851563,48.67145538330078,-0.45222771167755129,-4.345513460179973e-8,0.891902506351471,5.52723307123415e-8,1,7.674697144466336e-8,-0.891902506351471,8.400463968882832e-8,-0.45222771167755129],8,0.23857402801513673],[[773.957275390625,222.69961547851563,48.67145538330078,-0.45222771167755129,-4.144476406509057e-8,0.891902506351471,5.2715247278456448e-8,1,7.319640360492486e-8,-0.891902506351471,8.011830487930638e-8,-0.45222771167755129],8,0.25721096992492678],[[773.957275390625,222.69961547851563,48.67145538330078,-0.45222771167755129,-2.364334683591096e-8,0.891902506351471,3.007291837775483e-8,1,4.1756980095897236e-8,-0.891902506351471,4.5705775164606169e-8,-0.45222771167755129],8,0.27971673011779787],[[773.957275390625,222.69961547851563,48.67145538330078,-0.45222771167755129,-5.8571321126521529e-9,0.891902506351471,7.449940664372434e-9,1,1.0344406220497149e-8,-0.891902506351471,1.1322647708311706e-8,-0.45222771167755129],8,0.2883799076080322],[[773.957275390625,222.69961547851563,48.67145538330078,-0.45222771167755129,7.472561236454567e-9,0.891902506351471,-9.50460421478283e-9,1,-1.319741382843631e-8,-0.891902506351471,-1.4445416418595869e-8,-0.45222771167755129],8,0.301011323928833],[[773.957275390625,222.69961547851563,48.67145538330078,-0.45222771167755129,2.079371519414508e-8,0.891902506351471,-2.6448281786883855e-8,1,-3.672414905508958e-8,-0.891902506351471,-4.019696930868122e-8,-0.45222771167755129],8,0.31328463554382326],[[773.957275390625,222.69961547851563,48.67145538330078,-0.45222771167755129,2.9669743994986676e-8,0.891902506351471,-3.7738033142886709e-8,1,-5.240026723640767e-8,-0.891902506351471,-5.735549990504296e-8,-0.45222771167755129],8,0.3235282897949219],[[773.957275390625,222.69961547851563,48.67145538330078,-0.45222771167755129,4.2976683545248309e-8,0.891902506351471,-5.46636123033295e-8,1,-7.590188744188709e-8,-0.891902506351471,-8.307954857400546e-8,-0.45222771167755129],8,0.33623170852661135],[[773.957275390625,222.69961547851563,48.67145538330078,-0.45222771167755129,4.812770271200861e-8,0.891902506351471,-6.12153741030852e-8,1,-8.499918635607173e-8,-0.891902506351471,-9.303713000008429e-8,-0.45222771167755129],8,0.3469882011413574],[[773.957275390625,222.69961547851563,48.67145538330078,-0.45222771167755129,3.6985849050097389e-8,0.891902506351471,-4.7043634765486789e-8,1,-6.532135898851266e-8,-0.891902506351471,-7.149846226184309e-8,-0.45222771167755129],8,0.3620774745941162],[[773.957275390625,222.69961547851563,48.67145538330078,-0.45222771167755129,2.2141144029319549e-8,0.891902506351471,-2.8162116194607735e-8,1,-3.910386325856052e-8,-0.891902506351471,-4.280171239656738e-8,-0.45222771167755129],8,0.37787747383117678],[[773.957275390625,222.69961547851563,48.67145538330078,-0.45222771167755129,7.309114202769251e-9,0.891902506351471,-9.296737601971472e-9,1,-1.2908761171104289e-8,-0.891902506351471,-1.4129483361102757e-8,-0.45222771167755129],8,0.39222073554992678],[[773.957275390625,222.69961547851563,48.67145538330078,-0.45222771167755129,-3.806595927358103e-9,0.891902506351471,4.841715028902627e-9,1,6.722880030451961e-9,-0.891902506351471,7.3586106097423e-9,-0.45222771167755129],8,0.4061117172241211],[[773.957275390625,222.69961547851563,48.67145538330078,-0.45222771167755129,-1.86164665905153e-8,0.891902506351471,2.367888818355368e-8,1,3.287883743041675e-8,-0.891902506351471,3.5987980595564298e-8,-0.45222771167755129],8,0.42020344734191897],[[773.957275390625,222.69961547851563,48.67145538330078,-0.45222771167755129,-2.601666082568954e-8,0.891902506351471,3.309143536966985e-8,1,4.5948436167009279e-8,-0.891902506351471,5.029349381402426e-8,-0.45222771167755129],8,0.43015480041503909],[[773.957275390625,222.69961547851563,48.67145538330078,-0.45222771167755129,-3.341369136933281e-8,0.891902506351471,4.249996266025846e-8,1,5.901245003769873e-8,-0.891902506351471,6.459288925952933e-8,-0.45222771167755129],8,0.44096922874450686],[[773.8347778320313,222.69961547851563,48.776859283447269,-0.47190889716148379,-4.809661646731911e-8,0.8816472887992859,5.9582635714150459e-8,1,8.644521898304447e-8,-0.8816472887992859,9.332514139259729e-8,-0.47190889716148379],8,0.45755505561828616],[[773.5855102539063,222.69961547851563,48.99265670776367,-0.5038956999778748,-4.156124333576372e-8,0.8637645244598389,4.911731465995217e-8,1,7.677004987272085e-8,-0.8637645244598389,8.110988858334167e-8,-0.5038956999778748],8,0.48340892791748049],[[773.3853149414063,222.69961547851563,49.168731689453128,-0.5270670056343079,-2.3583233144108818e-8,0.8498237133026123,2.5815211301960518e-8,1,4.376152062945948e-8,-0.8498237133026123,4.500363104398275e-8,-0.5270670056343079],8,0.4912853240966797],[[773.2855224609375,222.69961547851563,49.257164001464847,-0.5374047160148621,-1.4746942333943025e-8,0.8433244824409485,1.464966015163327e-8,1,2.682210364923776e-8,-0.8433244824409485,2.6768741889782178e-8,-0.5374047160148621],8,0.5018587112426758],[[773.185791015625,222.69961547851563,49.34567642211914,-0.5468419790267944,-6.005173691647769e-9,0.8372358679771423,3.770603829167385e-9,1,9.635393816154192e-9,-0.8372358679771423,8.425922182198065e-9,-0.5468419790267944],8,0.5116801261901856],[[773.0361938476563,222.69961547851563,49.47846221923828,-0.5596964955329895,6.941764940648909e-9,0.828697681427002,-1.2084699463343896e-8,1,-1.6538637126473078e-8,-0.828697681427002,-1.927118020716989e-8,-0.5596964955329895],8,0.5212042331695557],[[772.9364624023438,222.69961547851563,49.566986083984378,-0.5674505829811096,1.546863259704878e-8,0.8234074711799622,-2.23862866022273e-8,1,-3.421361327582417e-8,-0.8234074711799622,-3.7847570411031486e-8,-0.5674505829811096],8,0.5322928428649902],[[772.786865234375,222.69961547851563,49.699771881103519,-0.5779878497123718,2.8114458316963465e-8,0.816045343875885,-3.7495759386274588e-8,1,-6.100954408339021e-8,-0.816045343875885,-6.586101619632245e-8,-0.5779878497123718],8,0.5431039333343506],[[772.6372680664063,222.69961547851563,49.832557678222659,-0.5873941779136658,4.059874569861677e-8,0.80930095911026,-5.2255362703590438e-8,1,-8.80923707313741e-8,-0.80930095911026,-9.403526490814329e-8,-0.5873941779136658],8,0.5546903610229492],[[772.5375366210938,222.69961547851563,49.92108154296875,-0.5930448770523071,4.1699131259065328e-8,0.805169403553009,-5.2872834999107e-8,1,-9.07325699017747e-8,-0.805169403553009,-9.638007014700634e-8,-0.5930448770523071],8,0.5665469169616699],[[772.387939453125,222.69961547851563,50.05386734008789,-0.6007221937179565,3.268415227353216e-8,0.799457848072052,-4.0390062849837707e-8,1,-7.12324705887113e-8,-0.799457848072052,-7.508108268439173e-8,-0.6007221937179565],8,0.577960729598999],[[772.2383422851563,222.69961547851563,50.18665313720703,-0.6075832843780518,2.376377850055178e-8,0.7942559719085693,-2.8211282199208655e-8,1,-5.150037907242222e-8,-0.7942559719085693,-5.3697746693615048e-8,-0.6075832843780518],8,0.5907249450683594],[[772.0887451171875,222.69961547851563,50.31943893432617,-0.6136914491653442,1.4929838698662935e-8,0.7895459532737732,-1.6293023819002884e-8,1,-3.157349937055187e-8,-0.7895459532737732,-3.224047873118252e-8,-0.6136914491653442],8,0.6038064956665039],[[771.8892822265625,222.69961547851563,50.49648666381836,-0.62086421251297,3.2726146237394006e-9,0.7839181423187256,-7.368253784889589e-10,1,-4.758256011427875e-9,-0.7839181423187256,-3.531841485937548e-9,-0.62086421251297],8,0.6166274547576904],[[771.7894287109375,222.69961547851563,50.58488464355469,-0.6239949464797974,-2.508327545669431e-9,0.7814283967018127,6.9208616615412669e-9,1,8.736450674007301e-9,-0.7814283967018127,1.0859658061690425e-8,-0.6239949464797974],8,0.6298463344573975],[[771.5891723632813,222.69961547851563,50.76100158691406,-0.6292476058006287,-1.3989101432798634e-8,0.7772049307823181,2.2053272985544937e-8,1,3.58542138201301e-8,-0.7772049307823181,3.97010886388216e-8,-0.6292476058006287],8,0.6417186260223389],[[771.4383544921875,222.69961547851563,50.89236831665039,-0.6323494911193848,-2.253831610232737e-8,0.7746832370758057,3.3292359091774418e-8,1,5.626909782563416e-8,-0.7746832370758057,6.137276642448342e-8,-0.6323494911193848],8,0.6556911468505859],[[771.2870483398438,222.69961547851563,51.023162841796878,-0.6347709894180298,-3.1045399140339217e-8,0.772700309753418,4.4480053418283208e-8,1,7.671802393360849e-8,-0.772700309753418,8.306813015224179e-8,-0.6347709894180298],8,0.6685853004455566],[[771.1348876953125,222.69961547851563,51.15299606323242,-0.63646399974823,-3.9519346017868887e-8,0.7713063955307007,5.566313632243691e-8,1,9.716881521626419e-8,-0.7713063955307007,1.047777828944163e-7,-0.63646399974823],8,0.6812138557434082],[[770.9822387695313,222.69961547851563,51.282203674316409,-0.6376001834869385,-3.533902059871252e-8,0.770367443561554,4.928921981672829e-8,1,8.666751938335438e-8,-0.770367443561554,9.32300352474158e-8,-0.6376001834869385],8,0.6924867630004883],[[770.8289184570313,222.69961547851563,51.410648345947269,-0.6382251381874085,-2.4857783387233213e-8,0.7698497772216797,3.4217165989502976e-8,1,6.06560419669222e-8,-0.7698497772216797,6.505428729042251e-8,-0.6382251381874085],8,0.704779863357544],[[770.6751708984375,222.69961547851563,51.538509368896487,-0.6384507417678833,-1.4390517222295785e-8,0.7696626782417297,1.920469117067114e-8,1,3.4627852585344956e-8,-0.7696626782417297,3.688931471401702e-8,-0.6384507417678833],8,0.7178020477294922],[[770.5206909179688,222.75387573242188,51.66561508178711,-0.6382725238800049,-3.930415548580868e-9,0.7698104977607727,4.2209515882518648e-9,1,8.605407941786325e-9,-0.7698104977607727,8.741928070321592e-9,-0.6382725238800049],8,0.7310035228729248],[[770.3135986328125,222.8336181640625,51.83365249633789,-0.6373405456542969,1.0018371909836788e-8,0.7705822587013245,-1.576710495498901e-8,1,-2.6041849565672238e-8,-0.7705822587013245,-2.8747377811555454e-8,-0.6373405456542969],8,0.7457587718963623],[[770.1050415039063,222.9612579345703,51.99991989135742,-0.6356455683708191,2.3985453623254217e-8,0.7719810009002686,-3.583899044201644e-8,1,-6.057966572825535e-8,-0.7719810009002686,-6.617421632881815e-8,-0.6356455683708191],8,0.7645008563995361],[[769.9999389648438,223.01829528808595,52.081974029541019,-0.6344074010848999,3.0981624377091069e-8,0.7729988694190979,-4.5940446113945657e-8,1,-7.778353250387227e-8,-0.7729988694190979,-8.485836389127144e-8,-0.6344074010848999],8,0.7744097709655762],[[769.7880249023438,223.09844970703126,52.24388885498047,-0.6310118436813355,3.284242211520905e-8,0.7757732272148132,-4.8506638705703156e-8,1,-8.179025456911404e-8,-0.7757732272148132,-8.924076411176429e-8,-0.6310118436813355],8,0.7877135276794434],[[769.6807861328125,223.1246337890625,52.32316589355469,-0.628751814365387,2.7678837000166824e-8,0.7776060104370117,-4.0907227827347017e-8,1,-6.867144719535645e-8,-0.7776060104370117,-7.49870068261771e-8,-0.628751814365387],8,0.7997143268585205],[[769.5182495117188,223.1519317626953,52.439754486083987,-0.6244767904281616,1.9896313929734789e-8,0.7810433506965637,-2.9485994090805435e-8,1,-4.9049301509285218e-8,-0.7810433506965637,-5.365999200535043e-8,-0.6244767904281616],8,0.8122458457946777],[[769.35302734375,223.1693572998047,52.55242156982422,-0.6188176274299622,1.2056699638662849e-8,0.785534679889679,-1.799883619924003e-8,1,-2.9527273071039418e-8,-0.785534679889679,-3.2410707007102249e-8,-0.6188176274299622],8,0.8240530490875244],[[769.1859130859375,223.18045043945313,52.66240692138672,-0.612232506275177,4.145888077289328e-9,0.7906777858734131,-6.360597826216008e-9,1,-1.016855843971598e-8,-0.7906777858734131,-1.1254705611918326e-8,-0.612232506275177],8,0.8356742858886719],[[769.0161743164063,223.18746948242188,52.768104553222659,-0.6043555736541748,-3.847087537423022e-9,0.796714723110199,5.478926645707816e-9,1,8.984780919263358e-9,-0.796714723110199,9.795144251256716e-9,-0.6043555736541748],8,0.8484065532684326],[[768.844482421875,223.1919403076172,52.870750427246097,-0.5956020951271057,-1.193395959830923e-8,0.8032796382904053,1.7572501675999775e-8,1,2.788590336422203e-8,-0.8032796382904053,3.0724535804438349e-8,-0.5956020951271057],8,0.8625493049621582],[[768.6699829101563,223.19476318359376,52.968448638916019,-0.5854920148849487,-2.0124055311043777e-8,0.8106781840324402,2.998448067614845e-8,1,4.647926843404093e-8,-0.8106781840324402,5.1521006128041338e-8,-0.5854920148849487],8,0.8737306594848633],[[768.4922485351563,223.19654846191407,53.06013107299805,-0.5735901594161987,-2.843209401248714e-8,0.8191424012184143,4.2805197608686288e-8,1,6.468317792496237e-8,-0.8191424012184143,7.216518582708886e-8,-0.5735901594161987],8,0.8856594562530518],[[768.3125,223.19769287109376,53.14786148071289,-0.5606610178947449,-3.687005545316424e-8,0.8280454277992249,5.6038182094653169e-8,1,8.246948368650919e-8,-0.8280454277992249,9.263958133942651e-8,-0.5606610178947449],8,0.8978672027587891],[[768.0692749023438,223.19859313964845,53.2570686340332,-0.5415076017379761,-4.1590283217374238e-8,0.840695858001709,6.419485032438388e-8,1,9.082033614049578e-8,-0.840695858001709,1.0314824550050617e-7,-0.5415076017379761],8,0.9131951332092285],[[767.7626953125,223.1991424560547,53.387840270996097,-0.5171536803245544,-2.1996346077912677e-8,0.855892539024353,3.54226159515747e-8,1,4.710320666845291e-8,-0.855892539024353,5.4677549599091438e-8,-0.5171536803245544],8,0.9327433109283447],[[767.5765991210938,223.1993408203125,53.46122741699219,-0.5022889971733093,-9.990387184188876e-9,0.8646998405456543,1.7422840059566626e-8,1,2.1674214423228478e-8,-0.8646998405456543,2.595224657397921e-8,-0.5022889971733093],8,0.9478316307067871],[[767.32421875,223.19949340820313,53.54718780517578,-0.4795965552330017,6.3156204710423939e-9,0.8774890899658203,-7.417556346922538e-9,1,-1.1251481524254814e-8,-0.8774890899658203,-1.1904996100042809e-8,-0.4795965552330017],8,0.9647207260131836],[[767.0699462890625,223.19956970214845,53.627540588378909,-0.45624032616615298,2.2973669189241265e-8,0.8898565769195557,-3.331663123162798e-8,1,-4.2899113594785379e-8,-0.8898565769195557,-4.921932728052525e-8,-0.45624032616615298],8,0.9799234867095947],[[766.87744140625,223.19961547851563,53.68186569213867,-0.438151091337204,3.5687833133124516e-8,0.8989013433456421,-5.344254461192577e-8,1,-6.575108812967301e-8,-0.8989013433456421,-7.68484866853214e-8,-0.438151091337204],8,0.9936304092407227],[[766.6832275390625,223.19961547851563,53.7294921875,-0.41883090138435366,4.8589981815894137e-8,0.9080642461776733,-7.423405179451947e-8,1,-8.774874515893316e-8,-0.9080642461776733,-1.0416117390832369e-7,-0.41883090138435366],8,1.0138792991638184],[[766.3566284179688,223.19961547851563,53.796173095703128,-0.3836647570133209,3.148059590785124e-8,0.9234724640846252,-5.038029726733839e-8,1,-5.502031186210843e-8,-0.9234724640846252,-6.763417559341178e-8,-0.3836647570133209],8,1.0265429019927979],[[766.158935546875,223.19961547851563,53.82608413696289,-0.3607603907585144,2.101024954015429e-8,0.9326585531234741,-3.541020276998097e-8,1,-3.6224246713345568e-8,-0.9326585531234741,-4.609390558130144e-8,-0.3607603907585144],8,1.04732346534729],[[765.8943481445313,223.19961547851563,53.858863830566409,-0.329551100730896,6.816853748148333e-9,0.9441377520561218,-1.4586078123102198e-8,1,-1.2311461183855954e-8,-0.9441377520561218,-1.7828522658192015e-8,-0.329551100730896],8,1.0578062534332276],[[765.62841796875,223.19961547851563,53.877349853515628,-0.2957291305065155,-7.630849729878264e-9,0.95527184009552,7.207900942773904e-9,1,1.021953277557941e-8,-0.95527184009552,9.907716425061608e-9,-0.2957291305065155],8,1.0787179470062256],[[765.362060546875,223.19961547851563,53.8887825012207,-0.2619200050830841,-2.232062712437255e-8,0.9650895595550537,2.9961217506979668e-8,1,3.125934355807658e-8,-0.9650895595550537,3.710270490842049e-8,-0.2619200050830841],8,1.0884544849395753],[[765.162109375,223.19961547851563,53.88822555541992,-0.23560306429862977,-3.3482269401474699e-8,0.9718493819236755,4.765376004911559e-8,1,4.600470049354044e-8,-0.9718493819236755,5.7151122945242608e-8,-0.23560306429862977],8,1.1016905307769776],[[764.962158203125,223.19961547851563,53.88322448730469,-0.20934881269931794,-4.475975501350149e-8,0.9778410196304321,6.582621381312492e-8,1,5.986698425886061e-8,-0.9778410196304321,7.690065473298091e-8,-0.20934881269931794],8,1.120405912399292],[[764.69580078125,223.19961547851563,53.86931228637695,-0.17435884475708009,-5.995841689809822e-8,0.9846822023391724,9.075407803038616e-8,1,7.696106507637524e-8,-0.9846822023391724,1.0278276363351324e-7,-0.17435884475708009],8,1.1301493644714356],[[764.4963989257813,223.19961547851563,53.854095458984378,-0.14867821335792542,-4.4722895609083937e-8,0.9888856410980225,6.919836437191407e-8,1,5.5629477913043959e-8,-0.9888856410980225,7.670016799465884e-8,-0.14867821335792542],8,1.1480324268341065],[[764.2307739257813,223.19961547851563,53.8298225402832,-0.11601147800683975,-2.4240350171567117e-8,0.9932478666305542,3.9369499660324439e-8,1,2.9003501822444379e-8,-0.9932478666305542,4.2468411010077037e-8,-0.11601147800683975],8,1.1572134494781495],[[764.0982666015625,223.19961547851563,53.81485366821289,-0.10014179348945618,-1.3935784970442456e-8,0.9949731826782227,2.404914845044459e-8,1,1.6426685789383556e-8,-0.9949731826782227,2.5573257289579489e-8,-0.10014179348945618],8,1.1689653396606446],[[763.9000854492188,223.19961547851563,53.78781509399414,-0.07626582682132721,1.5917532847353755e-9,0.9970875382423401,6.159593390897555e-10,1,-1.5492856997312288e-9,-0.9970875382423401,4.960097887973802e-10,-0.07626582682132721],8,1.1886181831359864],[[763.6363525390625,223.19961547851563,53.74861145019531,-0.04568035155534744,2.2412898204038357e-8,0.9989560842514038,-3.140595694617332e-8,1,-2.387245068291577e-8,-0.9989560842514038,-3.2463670862625807e-8,-0.04568035155534744],8,1.1977133750915528],[[763.4389038085938,223.19961547851563,53.7166862487793,-0.024148613214492799,3.810374238355507e-8,0.999708354473114,-5.5913968566301267e-8,1,-3.9465493983925629e-8,-0.999708354473114,-5.685069837113588e-8,-0.024148613214492799],8,1.2109434604644776],[[763.2418212890625,223.19961547851563,53.682586669921878,-0.0038488302379846575,5.384792345353162e-8,0.9999926090240479,-8.076856516936459e-8,1,-5.415918735707237e-8,-0.9999926090240479,-8.097641313042914e-8,-0.0038488302379846575],8,1.228123664855957],[[762.9793701171875,223.19961547851563,53.635406494140628,0.021220054477453233,5.485686926931521e-8,0.9997748136520386,-8.382687610719586e-8,1,-5.3090012386292076e-8,-0.9997748136520386,-8.268142437373172e-8,0.021220054477453233],8,1.2404494285583497],[[762.7830200195313,223.19961547851563,53.597076416015628,0.03906065970659256,4.056153457554501e-8,0.9992368221282959,-6.301690547161343e-8,1,-3.8129151391785857e-8,-0.9992368221282959,-6.147946152168515e-8,0.03906065970659256],8,1.258765697479248],[[762.4564819335938,223.19961547851563,53.530128479003909,0.06691207736730576,1.6677047298685467e-8,0.9977588653564453,-2.7604604824205127e-8,1,-1.4863277719712187e-8,-0.9977588653564453,-2.6548207188170637e-8,0.06691207736730576],8,1.2742540836334229],[[762.261474609375,223.19961547851563,53.485626220703128,0.08319384604692459,2.316868696894403e-9,0.9965333938598633,-5.990434370772846e-9,1,-1.824828288476965e-9,-0.9965333938598633,-5.817853754308544e-9,0.08319384604692459],8,1.2856905460357667],[[762.067138671875,223.19961547851563,53.43855285644531,0.09901317954063416,-1.206205890724732e-8,0.995086133480072,1.5870876168833094e-8,1,1.0542436257310328e-8,-0.995086133480072,1.4749047316797715e-8,0.09901317954063416],8,1.3031201362609864],[[761.8091430664063,223.19961547851563,53.370994567871097,0.12010745704174042,-3.125908065726435e-8,0.9927608966827393,4.537765363465951e-8,1,2.5997081820605673e-8,-0.9927608966827393,4.1926718097329288e-8,0.12010745704174042],8,1.3139333724975587],[[761.61669921875,223.19961547851563,53.316497802734378,0.13593143224716187,-4.567347744455219e-8,0.9907182455062866,6.776161143307036e-8,1,3.680414906170881e-8,-0.9907182455062866,6.212982128772637e-8,0.13593143224716187],8,1.3255059719085694],[[761.4249267578125,223.19961547851563,53.25962829589844,0.1513815075159073,-6.010005648704464e-8,0.9884753823280335,9.033432490923588e-8,1,4.696638100654127e-8,-0.9884753823280335,8.218341918109218e-8,0.1513815075159073],8,1.3451809883117676],[[761.1708374023438,223.19961547851563,53.1787109375,0.17218375205993653,-5.8387009005400617e-8,0.9850648641586304,8.889180236337779e-8,1,4.373446671479542e-8,-0.9850648641586304,8.003382845345186e-8,0.17218375205993653],8,1.354642629623413],[[760.9815063476563,223.19961547851563,53.11421203613281,0.18783970177173615,-4.137391229619425e-8,0.9821996688842773,6.377312899985555e-8,1,2.992750580688153e-8,-0.9821996688842773,5.701637562083306e-8,0.18783970177173615],8,1.373995304107666],[[760.7300415039063,223.19961547851563,53.02535629272461,0.20800821483135224,-1.867736898475414e-8,0.9781270623207092,2.988149816474106e-8,1,1.2740443366965338e-8,-0.9781270623207092,2.657778708226033e-8,0.20800821483135224],8,1.3827507495880128],[[760.6048583984375,223.19961547851563,52.97945022583008,0.21771053969860078,-7.325038797745265e-9,0.9760133624076843,1.2780706271087184e-8,1,4.654183261010303e-9,-0.9760133624076843,1.1460875803948057e-8,0.21771053969860078],8,1.3951714038848878],[[760.4176635742188,223.19961547851563,52.90892028808594,0.23180291056632996,9.707036063844044e-9,0.9727627635002136,-1.3041751678599667e-8,1,-6.871068602976038e-9,-0.9727627635002136,-1.1093796103978093e-8,0.23180291056632996],8,1.4146127700805665],[[760.1685791015625,223.19961547851563,52.813724517822269,0.24931874871253968,3.24206190782661e-8,0.968421459197998,-4.774527795348149e-8,1,-2.1185844190085846e-8,-0.968421459197998,-4.095552341709663e-8,0.24931874871253968],8,1.4240405559539796],[[759.9821166992188,223.19961547851563,52.741432189941409,0.2613198757171631,4.9456875927944569e-8,0.9652522802352905,-7.393438039571265e-8,1,-3.122122294030305e-8,-0.9652522802352905,-6.32065990657793e-8,0.2613198757171631],8,1.4360945224761963],[[759.7958984375,223.19961547851563,52.66843032836914,0.2723345458507538,6.64923831550368e-8,0.9622026085853577,-1.0022774432627557e-7,1,-4.073664783277309e-8,-0.9622026085853577,-8.534539830407084e-8,0.2723345458507538],8,1.4578187465667725],[[759.48583984375,223.19961547851563,52.54607391357422,0.2888689339160919,5.0333348156073046e-8,0.9573686718940735,-7.663942369617871e-8,1,-2.9450099248151674e-8,-0.9573686718940735,-6.486496317847923e-8,0.2888689339160919],8,1.4689016342163087],[[759.3006591796875,223.19961547851563,52.470516204833987,0.2982843816280365,3.395961201135833e-8,0.9544770121574402,-5.221385279696733e-8,1,-1.9261893413613508e-8,-0.9544770121574402,-4.4091400752677148e-8,0.2982843816280365],8,1.4894518852233887],[[758.9929809570313,223.19961547851563,52.34237289428711,0.3131663501262665,6.679359731975865e-9,0.949698269367218,-1.1260872234686304e-8,1,-3.3198266358169805e-9,-0.949698269367218,-9.654772981093629e-9,0.3131663501262665],8,1.5005877017974854],[[758.8091430664063,223.19961547851563,52.26353073120117,0.3217366337776184,-9.682598722804414e-9,0.9468291997909546,1.3436832091429097e-8,1,5.660447222055609e-9,-0.9468291997909546,1.0901212377234515e-8,0.3217366337776184],8,1.5148320198059083],[[758.5646362304688,223.19961547851563,52.157135009765628,0.33249351382255556,-3.149057192786131e-8,0.9431055188179016,4.649058737982159e-8,1,1.6999955221308484e-8,-0.9431055188179016,3.8193157081423126e-8,0.33249351382255556],8,1.5348320007324219],[[758.3202514648438,223.19961547851563,52.05058670043945,0.34200742840766909,-5.328846697238987e-8,0.939697265625,7.96467674035739e-8,1,2.7720290063371068e-8,-0.939697265625,6.536330232620458e-8,0.34200742840766909],8,1.5472626686096192],[[758.1980590820313,223.19961547851563,51.997310638427737,0.346217542886734,-6.418324716150892e-8,0.9381542801856995,9.624851315948035e-8,1,3.289472516598835e-8,-0.9381542801856995,7.890722031334008e-8,0.346217542886734],8,1.563908338546753],[[758.0169677734375,223.19961547851563,51.74412155151367,0.444108247756958,-5.722254314832753e-8,0.8959731459617615,8.870296142049483e-8,1,1.9898839909160416e-8,-0.8959731459617615,7.063823659336777e-8,0.444108247756958],8,1.57497239112854],[[757.943115234375,223.19961547851563,51.55866241455078,0.5105235576629639,-3.932049708055274e-8,0.8598637580871582,6.250363782100976e-8,1,8.618711966335013e-9,-0.8598637580871582,4.934455333227561e-8,0.5105235576629639],8,1.594527244567871],[[757.8458862304688,223.19961547851563,51.31035614013672,0.5871667861938477,-1.535457450074773e-8,0.8094659447669983,2.6394905816573556e-8,1,-1.7744689051468755e-10,-0.8094659447669983,2.1469968913834238e-8,0.5871667861938477],8,1.6111595630645753],[[757.7720336914063,223.19961547851563,51.1245002746582,0.6349502801895142,2.7171229710631907e-9,0.7725529670715332,-1.0774720005102268e-9,1,-2.6315112311436907e-9,-0.7725529670715332,8.384745675549254e-10,0.6349502801895142],8,1.6188502311706544],[[757.6963500976563,223.19961547851563,50.93937301635742,0.674765944480896,2.088878403583294e-8,0.7380317449569702,-2.8586162770238844e-8,1,-2.1676773709344845e-9,-0.7380317449569702,-1.9634821768477196e-8,0.674765944480896],8,1.629668951034546],[[757.64501953125,223.19961547851563,50.81631088256836,0.6975007057189941,3.306383078438557e-8,0.7165840864181519,-4.6866908576248537e-8,1,-5.220999743649202e-10,-0.7165840864181519,-3.3219915707149997e-8,0.6975007057189941],8,1.6396446228027344],[[757.5667114257813,223.19961547851563,50.63229751586914,0.7268929481506348,5.142067394103833e-8,0.6867507696151733,-7.413768798869569e-8,1,3.595902464681444e-9,-0.6867507696151733,-5.3527948296050457e-8,0.7268929481506348],8,1.649482011795044],[[757.4855346679688,223.19961547851563,50.44953536987305,0.7512903809547424,6.989228751308474e-8,0.6599717736244202,-1.0119796911567392e-7,1,9.298543268698723e-9,-0.6599717736244202,-7.377371247230258e-8,0.7512903809547424],8,1.662083387374878],[[757.4302368164063,223.19961547851563,50.328216552734378,0.765099823474884,8.226896852647769e-8,0.6439116597175598,-1.1912209174624877e-7,1,1.3777238017098626e-8,-0.6439116597175598,-8.724506983526226e-8,0.765099823474884],8,1.672825574874878],[[757.3442993164063,223.19961547851563,50.14762878417969,0.7824352979660034,6.307388389359403e-8,0.6227318644523621,-9.121831823222237e-8,1,1.3326034498106765e-8,-0.6227318644523621,-6.723131207309052e-8,0.7824352979660034],8,1.6840181350708008],[[757.2564697265625,223.19961547851563,49.96794509887695,0.7967613935470581,4.3789032844188117e-8,0.6042940616607666,-6.344310321537705e-8,1,1.1186574333521549e-8,-0.6042940616607666,-4.7251322854435787e-8,0.7967613935470581],8,1.6959493160247803],[[757.1968994140625,223.19961547851563,49.84864044189453,0.8048567175865173,3.088672073658927e-8,0.5934691429138184,-4.500574135590796e-8,1,8.991957400894535e-9,-0.5934691429138184,-3.394675829326843e-8,0.8048567175865173],8,1.7072510719299317],[[757.0737915039063,223.19961547851563,49.612098693847659,0.8178374171257019,4.988540247552464e-9,0.5754493474960327,-8.319796407363356e-9,1,3.1552731538653235e-9,-0.5754493474960327,-7.368122556528078e-9,0.8178374171257019],8,1.7206165790557862],[[757.010986328125,223.19961547851563,49.49448013305664,0.823075532913208,-8.001469709029152e-9,0.5679318904876709,9.941049761152954e-9,1,-3.1828689683877089e-10,-0.5679318904876709,5.907813349637081e-9,0.823075532913208],8,1.7334885597229005],[[756.880615234375,223.19961547851563,49.26185989379883,0.8308075070381165,-3.4042177077253658e-8,0.5565598607063294,4.6335404846331588e-8,1,-8.002055906786154e-9,-0.5565598607063294,3.2436595631679668e-8,0.8308075070381165],8,1.7464337348937989],[[756.813720703125,223.19961547851563,49.14653015136719,0.8336268663406372,-4.708553547061456e-8,0.5523279905319214,6.44878355160472e-8,1,-1.2082062461615806e-8,-0.5523279905319214,4.569037059809489e-8,0.8336268663406372],8,1.7578680515289307],[[756.677734375,223.19961547851563,48.91718673706055,0.8377037048339844,-7.319965789065464e-8,0.5461249947547913,1.007380348028164e-7,1,-2.0487917140599167e-8,-0.5461249947547913,7.217836639483721e-8,0.8377037048339844],8,1.7710304260253907],[[756.5386352539063,223.19961547851563,48.689666748046878,0.8401995301246643,-6.208939140606162e-8,0.5422773361206055,8.559899100646362e-8,1,-1.8128810452822109e-8,-0.5422773361206055,6.165021204651566e-8,0.8401995301246643],8,1.7889626026153565],[[756.4320068359375,223.19961547851563,48.52043914794922,0.8410856127738953,-4.444699186478829e-8,0.5409020781517029,6.14625434991467e-8,1,-1.340033239927152e-8,-0.5409020781517029,4.4516042407849457e-8,0.8410856127738953],8,1.801037073135376],[[756.3238525390625,223.19961547851563,48.35224151611328,0.8412734270095825,-2.6811600051246388e-8,0.5406098365783691,3.736495202133483e-8,1,-8.550607333290828e-9,-0.5406098365783691,2.7393259216523803e-8,0.8412734270095825],8,1.8131017684936524],[[756.2130126953125,223.19961547851563,48.18578338623047,0.8406214118003845,-9.189303540324545e-9,0.5416231751441956,1.3293302458805556e-8,1,-3.665520553752799e-9,-0.5416231751441956,1.0281276274781704e-8,0.8406214118003845],8,1.8251500129699708],[[756.1380615234375,223.19961547851563,48.075531005859378,0.8398281335830689,2.5484740984182965e-9,0.5428524017333984,-2.7488267217989916e-9,1,-4.419841992397977e-10,-0.5428524017333984,-1.1210163908259574e-9,0.8398281335830689],8,1.8362197875976563],[[756.0226440429688,223.19961547851563,47.91218185424805,0.8378168940544128,2.013464950323396e-8,0.5459513664245606,-2.6814419129550516e-8,1,4.269471443052453e-9,-0.5459513664245606,-1.8216402608572936e-8,0.8378168940544128],8,1.8477835655212403],[[755.90576171875,223.19961547851563,47.749916076660159,0.8353237509727478,3.769125100916426e-8,0.5497583150863648,-5.089234988986391e-8,1,8.768100023814896e-9,-0.5497583150863648,-3.530269410134679e-8,0.8353237509727478],8,1.859912633895874],[[755.7870483398438,223.19961547851563,47.5889892578125,0.8324212431907654,5.521545887177126e-8,0.5541434288024902,-7.498871923417028e-8,1,1.300519514302323e-8,-0.5541434288024902,-5.238030809096017e-8,0.8324212431907654],8,1.871858835220337],[[755.66748046875,223.19961547851563,47.42866897583008,0.8294036984443665,7.270556778848914e-8,0.5586497187614441,-9.910025511317144e-8,1,1.698479934475472e-8,-0.5586497187614441,-6.944958386156941e-8,0.8294036984443665],8,1.8842966556549073],[[755.58740234375,223.19961547851563,47.322052001953128,0.8274167776107788,8.434686549207982e-8,0.5615884065628052,-1.1518013565137153e-7,1,1.950736461253655e-8,-0.5615884065628052,-8.082454172608777e-8,0.8274167776107788],8,1.895228385925293],[[755.4671020507813,223.19961547851563,47.162235260009769,0.8245787620544434,6.37883204035461e-8,0.5657472014427185,-8.728351019726688e-8,1,1.4465481257275315e-8,-0.5657472014427185,-6.130832730377733e-8,0.8245787620544434],8,1.906121015548706],[[755.3468017578125,223.19961547851563,47.0024299621582,0.82197105884552,4.3264602567205659e-8,0.5695292353630066,-5.936896130265268e-8,1,9.718494453636595e-9,-0.5695292353630066,-4.180068202686016e-8,0.82197105884552],8,1.917405366897583],[[755.2666015625,223.19961547851563,46.89589309692383,0.8203803300857544,2.9600293771636644e-8,0.5718182325363159,-4.075213411169898e-8,1,6.701353250093689e-9,-0.5718182325363159,-2.8800471341128288e-8,0.8203803300857544],8,1.9288725852966309],[[755.106201171875,223.19961547851563,46.68281936645508,0.8174852132797241,2.3121220493749208e-9,0.5759496092796326,-3.509796897560591e-9,1,9.672459500009723e-10,-0.5759496092796326,-2.812175381450288e-9,0.8174852132797241],8,1.9416120052337647],[[754.9859008789063,223.19961547851563,46.523014068603519,0.815555989742279,-1.812063565864719e-8,0.5786781907081604,2.442391000556654e-8,1,-3.1078237761050788e-9,-0.5786781907081604,1.6668188607127378e-8,0.815555989742279],8,1.9548485279083253],[[754.8656005859375,223.19961547851563,46.36320877075195,0.8138366341590881,-3.852688124084125e-8,0.5810937881469727,5.23546965780497e-8,1,-7.023453374443989e-9,-0.5810937881469727,3.613893184706285e-8,0.8138366341590881],8,1.9673986434936524],[[754.7453002929688,223.19961547851563,46.20340347290039,0.8122960925102234,-5.890822407650376e-8,0.5832452774047852,8.027924280895604e-8,1,-1.080555733778965e-8,-0.5832452774047852,5.559979854297126e-8,0.8122960925102234],8,1.9806935787200928],[[754.625,223.19961547851563,46.04359817504883,0.8109143376350403,-7.926603728947157e-8,0.5851649045944214,1.0819491080837906e-7,1,-1.4475864063001609e-8,-0.5851649045944214,7.505055066303612e-8,0.8109143376350403],8,1.996915578842163],[[754.464599609375,223.19961547851563,45.83052444458008,0.8092762231826782,-6.654518358573114e-8,0.5874283313751221,9.094829778177882e-8,1,-1.201357058278063e-8,-0.5874283313751221,6.314790113037816e-8,0.8092762231826782],8,2.008552312850952],[[754.3442993164063,223.19961547851563,45.670719146728519,0.808194100856781,-4.7063359431831489e-8,0.5889162421226502,6.440431832288596e-8,1,-8.46950598543117e-9,-0.5889162421226502,4.4773752705395967e-8,0.808194100856781],8,2.020890951156616],[[754.2239990234375,223.19961547851563,45.51091384887695,0.8072328567504883,-2.7600568941466009e-8,0.5902330875396729,3.7867909696842619e-8,1,-5.0279318486445849e-9,-0.5902330875396729,2.6409605169419593e-8,0.8072328567504883],8,2.0329749584198],[[754.1036987304688,223.19961547851563,45.35110855102539,0.8063734769821167,-8.156040287587985e-9,0.5914066433906555,1.13409699409317e-8,1,-1.6723127327367138e-9,-0.5914066433906555,8.055633493597725e-9,0.8063734769821167],8,2.0454561710357668],[[753.9432983398438,223.19961547851563,45.13803482055664,0.8053566813468933,1.7742706859280589e-8,0.5927905440330505,-2.401112020322671e-8,1,2.6903390626387137e-9,-0.5927905440330505,-1.640024827054276e-8,0.8053566813468933],8,2.0630664825439455],[[753.7826538085938,223.19961547851563,44.92519760131836,0.804376482963562,4.36110596524486e-8,0.5941199064254761,-5.93421276562367e-8,1,6.938591035066111e-9,-0.5941199064254761,-4.083758042838781e-8,0.804376482963562],8,2.0821094512939455],[[753.62158203125,223.19961547851563,44.712642669677737,0.8033930063247681,6.944920727391946e-8,0.5954491496086121,-9.465185257795383e-8,1,1.1073034045239183e-8,-0.5954491496086121,-6.525636564447268e-8,0.8033930063247681],8,2.0972344875335695],[[753.46044921875,223.19961547851563,44.5001335144043,0.8024964928627014,6.986734746305956e-8,0.5966567993164063,-9.529721722856266e-8,1,1.1075606209942635e-8,-0.5966567993164063,-6.574786937108002e-8,0.8024964928627014],8,2.111989736557007],[[753.3798828125,223.19961547851563,44.39387893676758,0.8020965456962586,5.738462149906809e-8,0.5971943736076355,-7.830124815200179e-8,1,9.076675411279212e-9,-0.5971943736076355,-5.4041432662188529e-8,0.8020965456962586],8,2.1225242614746095],[[753.2200927734375,223.19961547851563,44.301170349121097,0.7712072730064392,3.87413976454809e-8,0.6365841627120972,-5.309017936383498e-8,1,3.459294628527232e-9,-0.6365841627120972,-3.646420054792543e-8,0.7712072730064392],8,2.1354544162750246],[[753.0254516601563,223.19961547851563,44.26781463623047,0.7245065569877625,2.028691703515051e-8,0.6892679333686829,-2.7658817458586783e-8,1,-3.5968955591769716e-10,-0.6892679333686829,-1.8803739010309074e-8,0.7245065569877625],8,2.157766819000244],[[752.6954345703125,223.19961547851563,44.222023010253909,0.641130268573761,-1.0134887595825149e-8,0.7674320340156555,1.4897118205681182e-8,1,7.608405017123232e-10,-0.7674320340156555,1.0944728678907723e-8,0.641130268573761],8,2.166214942932129],[[752.5633544921875,223.19961547851563,44.20383834838867,0.6092317700386047,-2.2225863816061066e-8,0.7929921746253967,3.176954521677544e-8,1,3.620272304161176e-9,-0.7929921746253967,2.2987416414821383e-8,0.6092317700386047],8,2.176961660385132],[[752.365234375,223.19961547851563,44.176567077