[[[776,222.69961547851563,47,1,0,0,0,1,0,0,0,1],8,0.006793022155761719],[[776,222.69961547851563,47,1,0,0,0,1,0,0,0,1],8,0.01805424690246582],[[776,222.69961547851563,47,1,0,0,0,1,0,0,0,1],8,0.04601263999938965],[[776,222.69961547851563,47,1,0,0,0,1,0,0,0,1],8,0.05436205863952637],[[776,222.69961547851563,47,1,0,0,0,1,0,0,0,1],8,0.06319355964660645],[[776,222.69961547851563,47,1,0,0,0,1,0,0,0,1],8,0.0742044448852539],[[776,222.69961547851563,47,1,0,0,0,1,0,0,0,1],8,0.08283591270446778],[[776,222.69961547851563,47,1,0,0,0,1,0,0,0,1],8,0.09539532661437988],[[776,222.69961547851563,47,1,0,0,0,1,0,0,0,1],8,0.10699605941772461],[[776,222.69961547851563,47,1,0,0,0,1,0,0,0,1],8,0.11873960494995117],[[776,222.69961547851563,47,1,0,0,0,1,0,0,0,1],8,0.12839365005493165],[[776,222.69961547851563,47,1,0,0,0,1,0,0,0,1],8,0.1389014720916748],[[776,222.69961547851563,47,1,0,0,0,1,0,0,0,1],8,0.15095186233520509],[[776,222.69961547851563,47,1,0,0,0,1,0,0,0,1],8,0.16045165061950684],[[776,222.69961547851563,47,1,0,0,0,1,0,0,0,1],8,0.17131972312927247],[[776,222.69961547851563,47,1,0,0,0,1,0,0,0,1],8,0.18222856521606446],[[776,222.69961547851563,47,1,0,0,0,1,0,0,0,1],8,0.19354581832885743],[[776,222.69961547851563,47,1,0,0,0,1,0,0,0,1],8,0.2059316635131836],[[776,222.69961547851563,47,1,0,0,0,1,0,0,0,1],8,0.2161242961883545],[[776,222.69961547851563,47,1,0,0,0,1,0,0,0,1],8,0.22701144218444825],[[776,222.69961547851563,47,1,0,0,0,1,0,0,0,1],8,0.2376999855041504],[[775.8385009765625,222.69961547851563,47.00810623168945,0.988888680934906,0,0.14865800738334657,0,1,0,-0.14865800738334657,0,0.988888680934906],8,0.2567408084869385],[[775.57568359375,222.69961547851563,47.021297454833987,0.9414911866188049,0,0.3370375633239746,0,1,0,-0.3370375633239746,0,0.9414911866188049],8,0.28569889068603518],[[775.109619140625,222.69961547851563,47.0446891784668,0.7959120273590088,0,0.6054123044013977,0,1,0,-0.6054123044013977,0,0.7959120273590088],8,0.30902862548828127],[[774.7766723632813,222.69961547851563,47.05781555175781,0.6793025135993958,0,0.7338583469390869,0,1,0,-0.7338583469390869,0,0.6793025135993958],8,0.32918667793273928],[[774.4434204101563,222.69961547851563,47.0673828125,0.5719514489173889,0,0.8202874660491943,0,1,0,-0.8202874660491943,0,0.5719514489173889],8,0.3371908664703369],[[774.3101196289063,222.69961547851563,47.070526123046878,0.5328806042671204,0,0.8461904525756836,0,1,0,-0.8461904525756836,0,0.5328806042671204],8,0.3482651710510254],[[774.1101684570313,222.69961547851563,47.07414627075195,0.47959309816360476,0,0.8774909973144531,0,1,0,-0.8774909973144531,0,0.47959309816360476],8,0.36120080947875979],[[773.9102172851563,222.69961547851563,47.07698440551758,0.4310253858566284,0,0.9023398160934448,0,1,0,-0.9023398160934448,0,0.4310253858566284],8,0.37299680709838869],[[773.7102661132813,222.69961547851563,47.079124450683597,0.38691446185112,0,0.9221156239509583,0,1,0,-0.9221156239509583,0,0.38691446185112],8,0.38361549377441409],[[773.5103149414063,222.69961547851563,47.080848693847659,0.3469560146331787,0,0.9378814101219177,0,1,0,-0.9378814101219177,0,0.3469560146331787],8,0.39630651473999026],[[773.3770141601563,222.69961547851563,47.08160400390625,0.3226926326751709,0,0.9465038180351257,0,1,0,-0.9465038180351257,0,0.3226926326751709],8,0.40572237968444826],[[773.1770629882813,222.69961547851563,47.0822868347168,0.289449542760849,0,0.9571932554244995,0,1,0,-0.9571932554244995,0,0.289449542760849],8,0.421766996383667],[[772.7105102539063,222.69961547851563,47.083683013916019,0.2206195741891861,0,0.9753599166870117,0,1,0,-0.9753599166870117,0,0.2206195741891861],8,0.44752955436706545],[[772.5772094726563,222.69961547851563,47.08407974243164,0.20376966893672944,0,0.9790188670158386,0,1,0,-0.9790188670158386,0,0.20376966893672944],8,0.45804810523986819],[[772.3772583007813,222.69961547851563,47.08439254760742,0.18192636966705323,0,0.9833121299743652,0,1,0,-0.9833121299743652,0,0.18192636966705323],8,0.4679410457611084],[[772.2439575195313,222.69961547851563,47.084388732910159,0.16896983981132508,0,0.9856212139129639,0,1,0,-0.9856212139129639,0,0.16896983981132508],8,0.4777400493621826],[[772.1106567382813,222.69961547851563,47.08415985107422,0.15716663002967835,0,0.9875720739364624,0,1,0,-0.9875720739364624,0,0.15716663002967835],8,0.48589134216308596],[[771.9107055664063,222.69961547851563,47.08372116088867,0.14102229475975038,0,0.9900064468383789,0,1,0,-0.9900064468383789,0,0.14102229475975038],8,0.4963240623474121],[[771.7774047851563,222.69961547851563,47.08342361450195,0.1312069594860077,0,0.9913550019264221,0,1,0,-0.9913550019264221,0,0.1312069594860077],8,0.5083467960357666],[[771.5774536132813,222.69961547851563,47.082977294921878,0.11775489896535874,0,0.9930427074432373,0,1,0,-0.9930427074432373,0,0.11775489896535874],8,0.5211906433105469],[[771.3775024414063,222.69961547851563,47.0825309753418,0.10562730580568314,0,0.9944058060646057,0,1,0,-0.9944058060646057,0,0.10562730580568314],8,0.5326957702636719],[[771.1775512695313,222.69961547851563,47.08208465576172,0.09474838525056839,0,0.9955012798309326,0,1,0,-0.9955012798309326,0,0.09474838525056839],8,0.5445458889007568],[[771.0442504882813,222.69961547851563,47.081787109375,0.0881715938448906,0,0.9961053133010864,0,1,0,-0.9961053133010864,0,0.0881715938448906],8,0.5546700954437256],[[770.7776489257813,222.69961547851563,47.08119201660156,0.07627691328525543,0,0.9970866441726685,0,1,0,-0.9970866441726685,0,0.07627691328525543],8,0.5672037601470947],[[770.5776977539063,222.69961547851563,47.08046340942383,0.06850465387105942,0,0.9976508021354675,0,1,0,-0.9976508021354675,0,0.06850465387105942],8,0.580669641494751],[[770.3777465820313,222.69961547851563,47.0807991027832,0.06122693791985512,0,0.9981238842010498,0,1,0,-0.9981238842010498,0,0.06122693791985512],8,0.5926597118377686],[[770.2444458007813,222.6894073486328,47.08118438720703,0.05644426867365837,0,0.9984057545661926,0,1,0,-0.9984057545661926,0,0.05644426867365837],8,0.6047844886779785],[[769.9778442382813,223.56253051757813,47.08196258544922,0.046892374753952029,0,0.9988999366760254,0,1,0,-0.9988999366760254,0,0.046892374753952029],3,0.6252307891845703],[[769.7112426757813,224.38455200195313,47.08275604248047,0.03934837505221367,0,0.9992255568504334,0,1,0,-0.9992255568504334,0,0.03934837505221367],5,0.6522397994995117],[[768.8447875976563,226.6797332763672,47.08533477783203,0.020543094724416734,0,0.9997889399528503,0,1,0,-0.9997889399528503,0,0.020543094724416734],5,0.6902072429656982],[[768.7114868164063,226.98175048828126,47.085731506347659,0.01839592307806015,0,0.9998307824134827,0,1,0,-0.9998307824134827,0,0.01839592307806015],5,0.696333646774292],[[768.5781860351563,227.27012634277345,47.08612823486328,0.01670772209763527,0,0.999860405921936,0,1,0,-0.999860405921936,0,0.01670772209763527],5,0.7051520347595215],[[768.4448852539063,227.54489135742188,47.086524963378909,0.015253531746566296,0,0.9998836517333984,0,1,0,-0.9998836517333984,0,0.015253531746566296],5,0.7130820751190186],[[768.3115844726563,227.80601501464845,47.08692169189453,0.01394474133849144,0,0.9999027848243713,0,1,0,-0.9999027848243713,0,0.01394474133849144],5,0.7251172065734863],[[768.1116333007813,228.17218017578126,47.08751678466797,0.012164270505309105,0,0.9999260306358337,0,1,0,-0.9999260306358337,0,0.012164270505309105],5,0.7354733943939209],[[767.9116821289063,228.50767517089845,47.088111877441409,0.010565129108726979,0,0.9999442100524902,0,1,0,-0.9999442100524902,0,0.010565129108726979],5,0.7452776432037354],[[767.7117309570313,228.81251525878907,47.088706970214847,0.00913324486464262,0,0.9999582767486572,0,1,0,-0.9999582767486572,0,0.00913324486464262],5,0.7628350257873535],[[767.4451293945313,229.17127990722657,47.089900970458987,0.007280188612639904,0,0.999973475933075,0,1,0,-0.999973475933075,0,0.007280188612639904],5,0.7913496494293213],[[767.1118774414063,229.54310607910157,47.09199523925781,0.004981180652976036,0,0.9999876022338867,0,1,0,-0.9999876022338867,0,0.004981180652976036],5,0.7995197772979736],[[766.9119262695313,229.72532653808595,47.09328842163086,0.003748405957594514,0,0.9999929666519165,0,1,0,-0.9999929666519165,0,0.003748405957594514],5,0.8099400997161865],[[766.7119750976563,229.87689208984376,47.094581604003909,0.002661877777427435,0,0.9999964833259583,0,1,0,-0.9999964833259583,0,0.002661877777427435],5,0.8202755451202393],[[766.5786743164063,229.9608917236328,47.09544372558594,0.002008289098739624,0,0.9999979734420776,0,1,0,-0.9999979734420776,0,0.002008289098739624],5,0.830186128616333],[[766.4453735351563,230.03128051757813,47.09648513793945,0.001344342716038227,0,0.9999991059303284,0,1,0,-0.9999991059303284,0,0.001344342716038227],5,0.8418002128601074],[[766.2454223632813,230.11131286621095,47.098121643066409,0.0003695941995829344,0,0.9999999403953552,0,1,0,-0.9999999403953552,0,0.0003695941995829344],5,0.8525338172912598],[[765.9788208007813,230.1703338623047,47.100318908691409,-0.0008213158580474556,0,0.9999996423721314,0,1,0,-0.9999996423721314,0,-0.0008213158580474556],5,0.867668628692627],[[765.7788696289063,230.1788330078125,47.10224914550781,-0.001720957807265222,0,0.9999985098838806,0,1,0,-0.9999985098838806,0,-0.001720957807265222],5,0.8945231437683106],[[765.4456176757813,230.1248779296875,47.106597900390628,-0.003562917234376073,0,0.9999936819076538,0,1,0,-0.9999936819076538,0,-0.003562917234376073],5,0.9037704467773438],[[765.2456665039063,230.0516357421875,47.109291076660159,-0.004615923389792442,0,0.9999893307685852,0,1,0,-0.9999893307685852,0,-0.004615923389792442],5,0.9130799770355225],[[765.1123657226563,229.9857635498047,47.11109161376953,-0.005248899105936289,0,0.9999862313270569,0,1,0,-0.9999862313270569,0,-0.005248899105936289],5,0.9245090484619141],[[764.7124633789063,229.7064208984375,47.116493225097659,-0.006943096406757832,0,0.9999759197235107,0,1,0,-0.9999759197235107,0,-0.006943096406757832],5,0.9462919235229492],[[764.5791625976563,229.5860595703125,47.11829376220703,-0.007431915029883385,0,0.999972403049469,0,1,0,-0.999972403049469,0,-0.007431915029883385],5,0.9565880298614502],[[764.3792114257813,229.37997436523438,47.120994567871097,-0.008076474070549012,0,0.9999673962593079,0,1,0,-0.9999673962593079,0,-0.008076474070549012],5,0.9667408466339111],[[764.2459106445313,229.2255401611328,47.12279510498047,-0.008462755009531975,0,0.99996417760849,0,1,0,-0.99996417760849,0,-0.008462755009531975],5,0.9771621227264404],[[764.0459594726563,228.96835327148438,47.12549591064453,-0.008989289402961731,0,0.9999595880508423,0,1,0,-0.9999595880508423,0,-0.008989289402961731],5,0.9885830879211426],[[763.9126586914063,228.7798614501953,47.127296447753909,-0.009308661334216595,0,0.9999566674232483,0,1,0,-0.9999566674232483,0,-0.009308661334216595],5,0.999398946762085],[[763.7127075195313,228.47157287597657,47.12999725341797,-0.009745625779032708,0,0.999952495098114,0,1,0,-0.999952495098114,0,-0.009745625779032708],5,1.010831356048584],[[763.5127563476563,228.1326446533203,47.13269805908203,-0.010138921439647675,0,0.9999486207962036,0,1,0,-0.9999486207962036,0,-0.010138921439647675],5,1.0227525234222413],[[763.3128051757813,227.76304626464845,47.135398864746097,-0.010491280816495419,0,0.9999449849128723,0,1,0,-0.9999449849128723,0,-0.010491280816495419],5,1.033128261566162],[[763.1128540039063,227.36279296875,47.138099670410159,-0.010806594043970108,0,0.9999415874481201,0,1,0,-0.9999415874481201,0,-0.010806594043970108],5,1.0462875366210938],[[762.9129028320313,226.931884765625,47.14080047607422,-0.011088653467595578,0,0.9999385476112366,0,1,0,-0.9999385476112366,0,-0.011088653467595578],5,1.0585734844207764],[[762.7796020507813,226.62757873535157,47.142601013183597,-0.011258960701525212,0,0.9999366402626038,0,1,0,-0.9999366402626038,0,-0.011258960701525212],5,1.0706613063812256],[[762.4463500976563,225.80722045898438,47.14710235595703,-0.013586346991360188,0,0.9999076724052429,0,1,0,-0.9999076724052429,0,-0.013586346991360188],5,1.0903608798980713],[[762.1797485351563,225.08961486816407,47.15070343017578,-0.013484149239957333,0,0.9999091029167175,0,1,0,-0.9999091029167175,0,-0.013484149239957333],5,1.1192905902862549],[[761.8464965820313,224.115966796875,47.15520477294922,-0.011946710757911206,0,0.9999286532402039,0,1,0,-0.9999286532402039,0,-0.011946710757911206],5,1.1281871795654297],[[761.7131958007813,223.70266723632813,47.15682601928711,-0.011781200766563416,0,0.9999306201934815,0,1,0,-0.9999306201934815,0,-0.011781200766563416],5,1.1376969814300538],[[761.5132446289063,223.0571746826172,47.159183502197269,-0.010005167685449124,0,0.9999499320983887,0,1,0,-0.9999499320983887,0,-0.010005167685449124],7,1.1474230289459229],[[761.3799438476563,222.60980224609376,47.16057586669922,-0.009987925179302693,0,0.999950110912323,0,1,0,-0.999950110912323,0,-0.009987925179302693],7,1.1570353507995606],[[761.1799926757813,222.42445373535157,47.16258239746094,-0.009985863231122494,0,0.999950110912323,0,1,0,-0.999950110912323,0,-0.009985863231122494],7,1.1671116352081299],[[761.0466918945313,222.44790649414063,47.163917541503909,-0.009984899312257767,0,0.9999501705169678,0,1,0,-0.9999501705169678,0,-0.009984899312257767],7,1.177489995956421],[[760.8467407226563,222.5181884765625,47.165916442871097,-0.00823829136788845,0,0.9999660849571228,0,1,0,-0.9999660849571228,0,-0.00823829136788845],8,1.1911351680755616],[[760.6467895507813,222.57904052734376,47.16762924194336,-0.008238428272306919,0,0.9999660849571228,0,1,0,-0.9999660849571228,0,-0.008238428272306919],8,1.2008123397827149],[[760.4468383789063,222.62168884277345,47.169281005859378,-0.006491825450211763,0,0.9999788999557495,0,1,0,-0.9999788999557495,0,-0.006491825450211763],8,1.2128987312316895],[[760.2468872070313,222.6497344970703,47.17064666748047,-0.006491946056485176,0,0.9999788999557495,0,1,0,-0.9999788999557495,0,-0.006491946056485176],8,1.2254726886749268],[[760.0469360351563,222.6677703857422,47.17195129394531,-0.002998440060764551,0,0.9999955296516419,0,1,0,-0.9999955296516419,0,-0.002998440060764551],8,1.2387621402740479],[[759.9136352539063,222.67601013183595,47.17247009277344,-0.002998440060764551,0,0.9999955296516419,0,1,0,-0.9999955296516419,0,-0.002998440060764551],8,1.2481515407562256],[[759.7136840820313,222.68450927734376,47.173091888427737,-0.001251908834092319,0,0.9999992251396179,0,1,0,-0.9999992251396179,0,-0.001251908834092319],8,1.259044885635376],[[759.5803833007813,222.68836975097657,47.173316955566409,0.002241516951471567,0,0.9999974966049194,0,1,0,-0.9999974966049194,0,0.002241516951471567],8,1.268028736114502],[[759.3804321289063,222.69235229492188,47.17300796508789,0.0022412785328924658,0,0.9999974966049194,0,1,0,-0.9999974966049194,0,0.0022412785328924658],8,1.2877182960510255],[[758.9805297851563,222.6964874267578,47.172119140625,0.005734557285904884,0,0.999983549118042,0,1,0,-0.999983549118042,0,0.005734557285904884],8,1.3160474300384522],[[758.7139282226563,222.69775390625,47.17072677612305,0.005734318867325783,0,0.999983549118042,0,1,0,-0.999983549118042,0,0.005734318867325783],8,1.323805332183838],[[758.5139770507813,222.69830322265626,47.16958236694336,0.00748081598430872,0,0.9999720454216003,0,1,0,-0.9999720454216003,0,0.00748081598430872],8,1.3348944187164307],[[758.3806762695313,222.6985626220703,47.16864776611328,0.00748081598430872,0,0.9999720454216003,0,1,0,-0.9999720454216003,0,0.00748081598430872],8,1.3436710834503174],[[758.2473754882813,222.69876098632813,47.167659759521487,0.00748093519359827,0,0.9999720454216003,0,1,0,-0.9999720454216003,0,0.00748093519359827],8,1.3530516624450684],[[758.0474243164063,222.69894409179688,47.166160583496097,0.007481173612177372,0,0.9999720454216003,0,1,0,-0.9999720454216003,0,0.007481173612177372],8,1.3654534816741944],[[757.8474731445313,222.69906616210938,47.1646614074707,0.007481292821466923,0,0.9999719858169556,0,1,0,-0.9999719858169556,0,0.007481292821466923],8,1.3763864040374756],[[757.6475219726563,222.6991424560547,47.16316223144531,0.007481531240046024,0,0.9999719858169556,0,1,0,-0.9999719858169556,0,0.007481531240046024],8,1.3882949352264405],[[757.5142211914063,222.6991729736328,47.16216278076172,0.007481292821466923,0,0.9999719858169556,0,1,0,-0.9999719858169556,0,0.007481292821466923],8,1.3992183208465577],[[757.3142700195313,222.69921875,47.16066360473633,0.007481531240046024,0,0.9999719858169556,0,1,0,-0.9999719858169556,0,0.007481531240046024],8,1.409085988998413],[[757.1143188476563,222.69921875,47.15916442871094,0.007481292821466923,0,0.9999719858169556,0,1,0,-0.9999719858169556,0,0.007481292821466923],8,1.4209673404693604],[[756.9810180664063,222.69921875,47.158164978027347,0.007481531240046024,0,0.9999719858169556,0,1,0,-0.9999719858169556,0,0.007481531240046024],8,1.4310472011566163],[[756.6477661132813,222.69921875,47.15566635131836,0.007481888867914677,0,0.9999719858169556,0,1,0,-0.9999719858169556,0,0.007481888867914677],8,1.453704595565796],[[756.5144653320313,222.69921875,47.154666900634769,0.0074820080772042278,0,0.9999719858169556,0,1,0,-0.9999719858169556,0,0.0074820080772042278],8,1.4627318382263184],[[756.3145141601563,222.69921875,47.153167724609378,0.007481650449335575,0,0.9999719858169556,0,1,0,-0.9999719858169556,0,0.007481650449335575],8,1.4764842987060547],[[756.1145629882813,222.69921875,47.151668548583987,0.007481531240046024,0,0.9999719858169556,0,1,0,-0.9999719858169556,0,0.007481531240046024],8,1.4869694709777833],[[755.9146118164063,222.69921875,47.150169372558597,0.007481769658625126,0,0.9999719858169556,0,1,0,-0.9999719858169556,0,0.007481769658625126],8,1.5041143894195557],[[755.6480102539063,222.69921875,47.148170471191409,0.007481888867914677,0,0.9999719858169556,0,1,0,-0.9999719858169556,0,0.007481888867914677],8,1.515068531036377],[[755.5147094726563,222.69921875,47.14717102050781,0.0057351537980139259,0,0.999983549118042,0,1,0,-0.999983549118042,0,0.0057351537980139259],8,1.5254297256469727],[[755.3147583007813,222.69921875,47.14595413208008,0.005734796170145273,0,0.999983549118042,0,1,0,-0.999983549118042,0,0.005734796170145273],8,1.5370070934295655],[[755.1148071289063,222.69921875,47.144805908203128,0.003988043405115604,0,0.9999920725822449,0,1,0,-0.9999920725822449,0,0.003988043405115604],8,1.548353672027588],[[754.9148559570313,222.69921875,47.143943786621097,0.000494625826831907,0,0.9999998807907105,0,1,0,-0.9999998807907105,0,0.000494625826831907],8,1.5587365627288819],[[754.7815551757813,222.69921875,47.14375686645508,0.000494625826831907,0,0.9999998807907105,0,1,0,-0.9999998807907105,0,0.000494625826831907],8,1.5686886310577393],[[754.5816040039063,222.69921875,47.143638610839847,-0.0029989168979227545,0,0.9999955296516419,0,1,0,-0.9999955296516419,0,-0.0029989168979227545],8,1.5796513557434083],[[754.4483032226563,222.69921875,47.143917083740237,-0.004745200276374817,0,0.9999887347221375,0,1,0,-0.9999887347221375,0,-0.004745200276374817],8,1.5902395248413087],[[754.3150024414063,222.69921875,47.14447021484375,-0.008238433860242367,0,0.9999660849571228,0,1,0,-0.9999660849571228,0,-0.008238433860242367],8,1.5996148586273194],[[754.1817016601563,222.69921875,47.14543914794922,-0.008238433860242367,0,0.9999660849571228,0,1,0,-0.9999660849571228,0,-0.008238433860242367],8,1.6085631847381592],[[753.9817504882813,222.69921875,47.147064208984378,-0.008238433860242367,0,0.9999660849571228,0,1,0,-0.9999660849571228,0,-0.008238433860242367],8,1.6177899837493897],[[753.8484497070313,222.69921875,47.148162841796878,-0.008238433860242367,0,0.9999660849571228,0,1,0,-0.9999660849571228,0,-0.008238433860242367],8,1.62748384475708],[[753.6484985351563,223.35150146484376,47.149810791015628,-0.008238433860242367,0,0.9999660849571228,0,1,0,-0.9999660849571228,0,-0.008238433860242367],3,1.6439175605773926],[[753.3818969726563,224.17352294921876,47.152008056640628,-0.008238433860242367,0,0.9999660849571228,0,1,0,-0.9999660849571228,0,-0.008238433860242367],5,1.6723363399505616],[[752.9819946289063,225.3043670654297,47.155303955078128,-0.015616590157151223,0,0.9998780488967896,0,1,0,-0.9998780488967896,0,-0.015616590157151223],5,1.683260202407837],[[752.7153930664063,225.99014282226563,47.159488677978519,-0.02613893896341324,0,0.9996583461761475,0,1,0,-0.9996583461761475,0,-0.02613893896341324],5,1.7105212211608887],[[752.3821411132813,226.77072143554688,47.168216705322269,-0.030066505074501039,0,0.9995478987693787,0,1,0,-0.9995478987693787,0,-0.030066505074501039],5,1.7183632850646973],[[752.2488403320313,227.05909729003907,47.172218322753909,-0.030819831416010858,0,0.9995249509811401,0,1,0,-0.9995249509811401,0,-0.030819831416010858],5,1.7276287078857422],[[752.1155395507813,227.3338623046875,47.176326751708987,-0.030899973586201669,0,0.9995225071907044,0,1,0,-0.9995225071907044,0,-0.030899973586201669],5,1.736971378326416],[[751.9822387695313,227.59498596191407,47.180450439453128,-0.03092716448009014,0,0.9995216131210327,0,1,0,-0.9995216131210327,0,-0.03092716448009014],5,1.7456321716308594],[[751.8489379882813,227.84249877929688,47.18457794189453,-0.030936451628804208,0,0.9995213747024536,0,1,0,-0.9995213747024536,0,-0.030936451628804208],5,1.7547452449798585],[[751.6489868164063,228.18821716308595,47.19076919555664,-0.030939245596528055,0,0.9995212554931641,0,1,0,-0.9995212554931641,0,-0.030939245596528055],5,1.7686140537261963],[[751.3823852539063,228.6014862060547,47.19902420043945,-0.030940841883420945,0,0.9995211958885193,0,1,0,-0.9995211958885193,0,-0.030940841883420945],5,1.7966127395629883],[[750.9824829101563,229.11920166015626,47.21140670776367,-0.030941149219870569,0,0.9995211958885193,0,1,0,-0.9995211958885193,0,-0.030941149219870569],5,1.8071298599243165],[[750.8491821289063,229.2645263671875,47.21553421020508,-0.030941268429160119,0,0.9995211958885193,0,1,0,-0.9995211958885193,0,-0.030941268429160119],5,1.815467357635498],[[750.7158813476563,229.39622497558595,47.219661712646487,-0.030941268429160119,0,0.9995211958885193,0,1,0,-0.9995211958885193,0,-0.030941268429160119],5,1.8275892734527588],[[750.4492797851563,229.61874389648438,47.2279167175293,-0.030941268429160119,0,0.9995211958885193,0,1,0,-0.9995211958885193,0,-0.030941268429160119],5,1.8537006378173829],[[750.1160278320313,229.82025146484376,47.23823547363281,-0.030941268429160119,0,0.9995211958885193,0,1,0,-0.9995211958885193,0,-0.030941268429160119],5,1.865410327911377],[[749.8494262695313,229.92015075683595,47.246490478515628,-0.029355792328715326,0,0.9995689988136292,0,1,0,-0.9995689988136292,0,-0.029355792328715326],5,1.880202293395996],[[749.5828247070313,229.96554565429688,47.25434875488281,-0.029258696362376214,0,0.9995718598365784,0,1,0,-0.9995718598365784,0,-0.029258696362376214],5,1.9102063179016114],[[749.1162719726563,229.91384887695313,47.267967224121097,-0.027784736827015878,0,0.9996139407157898,0,1,0,-0.9996139407157898,0,-0.027784736827015878],5,1.924689531326294],[[748.9163208007813,229.84060668945313,47.273521423339847,-0.024020686745643617,0,0.9997114539146423,0,1,0,-0.9997114539146423,0,-0.024020686745643617],7,1.9348318576812745],[[748.6497192382813,229.69525146484376,47.28004837036133,-0.025716783478856088,0,0.9996692538261414,0,1,0,-0.9996692538261414,0,-0.025716783478856088],7,1.953139305114746],[[748.5164184570313,229.66232299804688,47.283416748046878,-0.025704044848680497,0,0.99966961145401,0,1,0,-0.99966961145401,0,-0.025704044848680497],7,1.9605114459991456],[[748.3831176757813,229.6584930419922,47.28683853149414,-0.02570314146578312,0,0.99966961145401,0,1,0,-0.99966961145401,0,-0.02570314146578312],7,1.967677116394043],[[748.2498168945313,229.66380310058595,47.29026412963867,-0.02570292539894581,0,0.99966961145401,0,1,0,-0.99966961145401,0,-0.02570292539894581],8,1.9802608489990235],[[748.0498657226563,229.67437744140626,47.29540252685547,-0.025702865794301034,0,0.99966961145401,0,1,0,-0.99966961145401,0,-0.025702865794301034],8,1.9892420768737794],[[747.9165649414063,229.68035888671876,47.298828125,-0.02570275589823723,0,0.99966961145401,0,1,0,-0.99966961145401,0,-0.02570275589823723],8,1.997406005859375],[[747.7832641601563,229.68508911132813,47.30225372314453,-0.025702759623527528,0,0.99966961145401,0,1,0,-0.99966961145401,0,-0.025702759623527528],8,2.006227731704712],[[747.6499633789063,229.688720703125,47.30567932128906,-0.025702761486172677,0,0.99966961145401,0,1,0,-0.99966961145401,0,-0.025702761486172677],8,2.015347480773926],[[747.5166625976563,229.6914520263672,47.309104919433597,-0.025702761486172677,0,0.99966961145401,0,1,0,-0.99966961145401,0,-0.025702761486172677],8,2.024965286254883],[[747.3833618164063,229.69349670410157,47.312530517578128,-0.025702761486172677,0,0.99966961145401,0,1,0,-0.99966961145401,0,-0.025702761486172677],8,2.0340094566345217],[[747.1167602539063,229.6961212158203,47.31938171386719,-0.025702761486172677,0,0.99966961145401,0,1,0,-0.99966961145401,0,-0.025702761486172677],8,2.048783779144287],[[746.9834594726563,229.6969451904297,47.32280731201172,-0.025702761486172677,0,0.99966961145401,0,1,0,-0.99966961145401,0,-0.025702761486172677],8,2.058576822280884],[[746.7835083007813,229.69778442382813,47.327945709228519,-0.025702761486172677,0,0.99966961145401,0,1,0,-0.99966961145401,0,-0.025702761486172677],8,2.0679171085357668],[[746.3836059570313,229.69866943359376,47.33822250366211,-0.025702761486172677,0,0.99966961145401,0,1,0,-0.99966961145401,0,-0.025702761486172677],8,2.094367027282715],[[745.7837524414063,229.69912719726563,47.3536376953125,-0.025702761486172677,0,0.99966961145401,0,1,0,-0.99966961145401,0,-0.025702761486172677],8,2.1301019191741945],[[745.3171997070313,229.69921875,47.36562728881836,-0.025702761486172677,0,0.99966961145401,0,1,0,-0.99966961145401,0,-0.025702761486172677],8,2.1632907390594484],[[745.1172485351563,229.69921875,47.370765686035159,-0.025702761486172677,0,0.99966961145401,0,1,0,-0.99966961145401,0,-0.025702761486172677],8,2.172429323196411],[[744.1841430664063,229.69921875,47.394744873046878,-0.025702761486172677,0,0.99966961145401,0,1,0,-0.99966961145401,0,-0.025702761486172677],8,2.23000431060791],[[744.0508422851563,229.69921875,47.398170471191409,-0.025702761486172677,0,0.99966961145401,0,1,0,-0.99966961145401,0,-0.025702761486172677],8,2.2393927574157717],[[743.9175415039063,229.69921875,47.40159606933594,-0.025702761486172677,0,0.99966961145401,0,1,0,-0.99966961145401,0,-0.025702761486172677],8,2.245760440826416],[[743.7175903320313,229.69921875,47.406734466552737,-0.025702761486172677,0,0.99966961145401,0,1,0,-0.99966961145401,0,-0.025702761486172677],8,2.2587716579437258],[[743.1843872070313,229.69921875,47.42043685913086,-0.025702761486172677,0,0.99966961145401,0,1,0,-0.99966961145401,0,-0.025702761486172677],8,2.2948191165924074],[[742.9844360351563,229.69921875,47.425575256347659,-0.025702761486172677,0,0.99966961145401,0,1,0,-0.99966961145401,0,-0.025702761486172677],8,2.3130786418914797],[[742.6511840820313,229.69921875,47.434139251708987,-0.025702761486172677,0,0.99966961145401,0,1,0,-0.99966961145401,0,-0.025702761486172677],8,2.338994026184082],[[742.3179321289063,229.69921875,47.44270324707031,-0.025702761486172677,0,0.99966961145401,0,1,0,-0.99966961145401,0,-0.025702761486172677],8,2.3485474586486818],[[742.1179809570313,229.69921875,47.44784164428711,-0.025702761486172677,0,0.99966961145401,0,1,0,-0.99966961145401,0,-0.025702761486172677],8,2.4503068923950197],[[741.0515747070313,229.69921875,47.47524642944336,-0.025702761486172677,0,0.99966961145401,0,1,0,-0.99966961145401,0,-0.025702761486172677],8,2.47259783744812],[[740.6516723632813,229.69921875,47.48552322387695,-0.025702781975269319,0,0.99966961145401,0,1,0,-0.99966961145401,0,-0.025702781975269319],8,2.491245985031128],[[740.3850708007813,229.69921875,47.491580963134769,-0.025381339713931085,0,0.999677836894989,0,1,0,-0.999677836894989,0,-0.025381339713931085],8,2.499406337738037],[[739.5852661132813,229.69921875,47.50934600830078,-0.024117538705468179,0,0.9997091293334961,0,1,0,-0.9997091293334961,0,-0.024117538705468179],8,2.558608055114746],[[739.3853149414063,229.69921875,47.51378631591797,-0.023879729211330415,0,0.9997148513793945,0,1,0,-0.9997148513793945,0,-0.023879729211330415],8,2.565690279006958],[[739.1853637695313,229.69921875,47.516815185546878,-0.023148205131292344,0,0.9997320175170898,0,1,0,-0.9997320175170898,0,-0.023148205131292344],8,2.613370180130005],[[738.5188598632813,229.69921875,47.52471923828125,-0.019467851147055627,0,0.9998104572296143,0,1,0,-0.9998104572296143,0,-0.019467851147055627],8,2.6200509071350099],[[738.3855590820313,229.69921875,47.52576446533203,-0.018651600927114488,0,0.9998260140419006,0,1,0,-0.9998260140419006,0,-0.018651600927114488],8,2.6284427642822267],[[738.1856079101563,229.69921875,47.5270881652832,-0.017425762489438058,0,0.9998481869697571,0,1,0,-0.9998481869697571,0,-0.017425762489438058],8,2.6384003162384035],[[738.1189575195313,229.69921875,47.52745056152344,-0.0170123353600502,0,0.9998552799224854,0,1,0,-0.9998552799224854,0,-0.0170123353600502],8,2.6438486576080324],[[737.8523559570313,229.69921875,47.528743743896487,-0.015371712855994702,0,0.9998818635940552,0,1,0,-0.9998818635940552,0,-0.015371712855994702],8,2.6579809188842775],[[737.6524047851563,229.69921875,47.52941131591797,-0.014138380996882916,0,0.9999000430107117,0,1,0,-0.9999000430107117,0,-0.014138380996882916],8,2.6718404293060304],[[736.6526489257813,229.69921875,47.529052734375,-0.006931631825864315,0,0.9999759793281555,0,1,0,-0.9999759793281555,0,-0.006931631825864315],8,2.7359633445739748],[[736.5193481445313,229.69921875,47.528812408447269,-0.006152469664812088,0,0.9999810457229614,0,1,0,-0.9999810457229614,0,-0.006152469664812088],8,2.7650210857391359],[[735.7861938476563,229.69921875,47.522335052490237,-0.0007177013903856278,0,0.9999997615814209,0,1,0,-0.9999997615814209,0,-0.0007177013903856278],8,2.789712905883789],[[735.6528930664063,229.69921875,47.520931243896487,0.00017453936743550003,0,1,0,1,0,-1,0,0.00017453936743550003],8,2.796135425567627],[[735.5195922851563,229.69921875,47.51947784423828,0.0009601363562978804,0,0.9999995231628418,0,1,0,-0.9999995231628418,0,0.0009601363562978804],8,2.8030660152435304],[[735.3862915039063,229.69921875,47.51801300048828,0.0016740602441132069,0,0.9999985694885254,0,1,0,-0.9999985694885254,0,0.0016740602441132069],8,2.8118789196014406],[[735.2529907226563,229.69921875,47.51654815673828,0.0023316405713558199,0,0.9999972581863403,0,1,0,-0.9999972581863403,0,0.0023316405713558199],8,2.8530430793762209],[[734.6531372070313,229.69921875,47.50995635986328,0.004973216447979212,0,0.9999876618385315,0,1,0,-0.9999876618385315,0,0.004973216447979212],8,2.8586466312408449],[[734.5864868164063,229.69921875,47.50922393798828,0.005224672611802816,0,0.9999863505363464,0,1,0,-0.9999863505363464,0,0.005224672611802816],8,2.8661954402923586],[[734.4531860351563,229.69921875,47.50775909423828,0.005663128104060888,0,0.9999839663505554,0,1,0,-0.9999839663505554,0,0.005663128104060888],8,2.8732242584228517],[[734.3198852539063,229.69921875,47.50629425048828,0.006049384828656912,0,0.999981701374054,0,1,0,-0.999981701374054,0,0.006049384828656912],8,2.8811533451080324],[[734.1199340820313,229.69921875,47.50409698486328,0.00656950892880559,0,0.9999784231185913,0,1,0,-0.9999784231185913,0,0.00656950892880559],8,2.8911232948303224],[[733.9866333007813,229.69921875,47.50263214111328,0.006883619353175163,0,0.9999763369560242,0,1,0,-0.9999763369560242,0,0.006883619353175163],8,2.899360418319702],[[733.7866821289063,229.69921875,47.50043487548828,0.007312812376767397,0,0.9999732375144959,0,1,0,-0.9999732375144959,0,0.007312812376767397],8,2.9130606651306154],[[733.5200805664063,229.69921875,47.49750518798828,0.007823033258318901,0,0.9999694228172302,0,1,0,-0.9999694228172302,0,0.007823033258318901],8,2.9835405349731447],[[732.4536743164063,232.8238067626953,47.48578643798828,0.009804920293390751,0,0.999951958656311,0,1,0,-0.999951958656311,0,0.009804920293390751],3,3.0013136863708498],[[732.2537231445313,233.31259155273438,47.483306884765628,0.010126187466084957,0,0.9999487400054932,0,1,0,-0.9999487400054932,0,0.010126187466084957],5,3.0197222232818605],[[731.9871215820313,233.91661071777345,47.47991943359375,0.010491877794265747,0,0.9999449849128723,0,1,0,-0.9999449849128723,0,0.010491877794265747],5,3.024874448776245],[[731.9204711914063,234.05909729003907,47.47907257080078,0.010574362240731717,0,0.9999440908432007,0,1,0,-0.9999440908432007,0,0.010574362240731717],5,3.03080153465271],[[731.7205200195313,234.46612548828126,47.476531982421878,0.010801286436617375,0,0.9999416470527649,0,1,0,-0.9999416470527649,0,0.010801286436617375],5,3.041567325592041],[[731.5872192382813,234.72044372558595,47.47483825683594,0.010938256047666073,0,0.9999401569366455,0,1,0,-0.9999401569366455,0,0.010938256047666073],5,3.050873041152954],[[731.4539184570313,234.96115112304688,47.47314453125,0.011064372025430203,0,0.9999387860298157,0,1,0,-0.9999387860298157,0,0.011064372025430203],5,3.093395233154297],[[730.6541137695313,236.11920166015626,47.462982177734378,0.011736596003174782,0,0.9999310970306397,0,1,0,-0.9999310970306397,0,0.011736596003174782],5,3.111252546310425],[[730.5208129882813,236.2645263671875,47.46128845214844,0.011822925880551339,0,0.9999300837516785,0,1,0,-0.9999300837516785,0,0.011822925880551339],5,3.1162915229797365],[[730.3875122070313,236.39622497558595,47.4595947265625,0.01189250499010086,0,0.9999293088912964,0,1,0,-0.9999293088912964,0,0.01189250499010086],5,3.1234493255615236],[[730.2542114257813,236.51429748535157,47.45790100097656,0.011953194625675679,0,0.9999285340309143,0,1,0,-0.9999285340309143,0,0.011953194625675679],5,3.133521556854248],[[730.1209106445313,236.61874389648438,47.456207275390628,0.01200812216848135,0,0.9999278783798218,0,1,0,-0.9999278783798218,0,0.01200812216848135],5,3.144268035888672],[[729.9209594726563,236.74986267089845,47.45366668701172,0.012083039619028569,0,0.9999269843101502,0,1,0,-0.9999269843101502,0,0.012083039619028569],5,3.1557233333587648],[[729.7210083007813,236.850341796875,47.45112609863281,0.012150387279689312,0,0.9999262094497681,0,1,0,-0.9999262094497681,0,0.012150387279689312],5,3.166464328765869],[[729.5877075195313,236.90028381347657,47.449432373046878,0.012191100046038628,0,0.9999256730079651,0,1,0,-0.9999256730079651,0,0.012191100046038628],5,3.176021099090576],[[728.6546020507813,236.86842346191407,47.43757629394531,0.012441879138350487,0,0.9999225735664368,0,1,0,-0.9999225735664368,0,0.012441879138350487],5,3.2362396717071535],[[728.5213012695313,236.8093719482422,47.435882568359378,0.012468243949115277,0,0.9999222755432129,0,1,0,-0.9999222755432129,0,0.012468243949115277],7,3.255666494369507],[[728.1880493164063,236.66232299804688,47.43164825439453,0.012515327893197537,0,0.9999216794967651,0,1,0,-0.9999216794967651,0,0.012515327893197537],7,3.2611474990844728],[[728.0547485351563,236.6584930419922,47.429954528808597,0.012530764564871788,0,0.9999215006828308,0,1,0,-0.9999215006828308,0,0.012530764564871788],7,3.2721307277679445],[[727.9214477539063,236.66380310058595,47.428260803222659,0.012544536963105202,0,0.9999213218688965,0,1,0,-0.9999213218688965,0,0.012544536963105202],7,3.2787601947784426],[[727.7881469726563,236.67095947265626,47.42656707763672,0.012557124719023705,0,0.9999211430549622,0,1,0,-0.9999211430549622,0,0.012557124719023705],8,3.290269136428833],[[727.6548461914063,236.67752075195313,47.42487335205078,0.012568746693432331,0,0.9999210238456726,0,1,0,-0.9999210238456726,0,0.012568746693432331],8,3.297487735748291],[[727.4548950195313,236.68508911132813,47.422332763671878,0.01258474588394165,0,0.9999207854270935,0,1,0,-0.9999207854270935,0,0.01258474588394165],8,3.3088948726654054],[[727.3215942382813,236.688720703125,47.42063903808594,0.01259448193013668,0,0.999920666217804,0,1,0,-0.999920666217804,0,0.01259448193013668],8,3.3177356719970705],[[727.1882934570313,236.6914520263672,47.4189453125,0.01260346919298172,0,0.9999205470085144,0,1,0,-0.9999205470085144,0,0.01260346919298172],8,3.3695735931396486],[[726.1218872070313,236.69857788085938,47.4053955078125,0.012667183764278889,0,0.9999197721481323,0,1,0,-0.9999197721481323,0,0.012667183764278889],8,3.4095654487609865],[[725.9219360351563,236.69882202148438,47.402854919433597,0.012675018049776554,0,0.9999196529388428,0,1,0,-0.9999196529388428,0,0.012675018049776554],8,3.4158225059509279],[[725.7886352539063,236.69894409179688,47.401161193847659,0.012678761966526509,0,0.999919593334198,0,1,0,-0.999919593334198,0,0.012678761966526509],8,3.423499822616577],[[725.6553344726563,236.69903564453126,47.39946746826172,0.012681957334280014,0,0.999919593334198,0,1,0,-0.999919593334198,0,0.012681957334280014],8,3.432033061981201],[[725.5220336914063,236.6990966796875,47.39777374267578,0.012684821151196957,0,0.9999195337295532,0,1,0,-0.9999195337295532,0,0.012684821151196957],8,3.4436416625976564],[[725.3887329101563,236.6991424560547,47.396080017089847,0.0126874428242445,0,0.9999195337295532,0,1,0,-0.9999195337295532,0,0.0126874428242445],8,3.4501848220825197],[[724.3223266601563,236.69921875,47.382530212402347,0.01270594634115696,0,0.9999192953109741,0,1,0,-0.9999192953109741,0,0.01270594634115696],8,3.5196101665496828],[[724.0557250976563,236.69921875,47.37914276123047,0.012723215855658055,0,0.999919056892395,0,1,0,-0.999919056892395,0,0.012723215855658055],8,3.533820390701294],[[723.9224243164063,236.69921875,47.37744903564453,0.012721908278763295,0,0.999919056892395,0,1,0,-0.999919056892395,0,0.012721908278763295],8,3.5432987213134767],[[723.7891235351563,236.69921875,47.375755310058597,0.012721830978989602,0,0.999919056892395,0,1,0,-0.999919056892395,0,0.012721830978989602],8,3.550811767578125],[[723.5891723632813,236.69921875,47.37321472167969,0.012721730396151543,0,0.999919056892395,0,1,0,-0.999919056892395,0,0.012721730396151543],8,3.5616514682769777],[[723.5225219726563,236.69921875,47.37236785888672,0.012721732258796692,0,0.999919056892395,0,1,0,-0.999919056892395,0,0.012721732258796692],8,3.568699359893799],[[722.7893676757813,236.69921875,47.36305236816406,0.012721735052764416,0,0.999919056892395,0,1,0,-0.999919056892395,0,0.012721735052764416],8,3.610353708267212],[[722.6560668945313,236.69921875,47.361358642578128,0.012721735052764416,0,0.999919056892395,0,1,0,-0.999919056892395,0,0.012721735052764416],8,3.6219780445098879],[[722.2561645507813,236.69921875,47.35627746582031,0.012721735052764416,0,0.999919056892395,0,1,0,-0.999919056892395,0,0.012721735052764416],8,3.6494882106781008],[[721.1897583007813,236.69921875,47.34272766113281,0.012721735052764416,0,0.999919056892395,0,1,0,-0.999919056892395,0,0.012721735052764416],8,3.7573862075805666],[[720.4566040039063,236.69921875,47.333412170410159,0.012721735052764416,0,0.999919056892395,0,1,0,-0.999919056892395,0,0.012721735052764416],8,3.7641677856445314],[[720.3233032226563,236.69921875,47.33171844482422,0.012721735052764416,0,0.999919056892395,0,1,0,-0.999919056892395,0,0.012721735052764416],8,3.772737503051758],[[720.1900024414063,236.69921875,47.33002471923828,0.012721735052764416,0,0.999919056892395,0,1,0,-0.999919056892395,0,0.012721735052764416],8,3.7802648544311525],[[720.1233520507813,236.69921875,47.32917785644531,0.012721735052764416,0,0.999919056892395,0,1,0,-0.999919056892395,0,0.012721735052764416],8,3.7868478298187258],[[719.9234008789063,236.69921875,47.326637268066409,0.012721735052764416,0,0.999919056892395,0,1,0,-0.999919056892395,0,0.012721735052764416],8,3.795344591140747],[[719.7901000976563,236.69921875,47.32494354248047,0.012721735052764416,0,0.999919056892395,0,1,0,-0.999919056892395,0,0.012721735052764416],8,3.806997537612915],[[719.6567993164063,236.69921875,47.32324981689453,0.012721735052764416,0,0.999919056892395,0,1,0,-0.999919056892395,0,0.012721735052764416],8,3.8134446144104006],[[719.5234985351563,236.69921875,47.321556091308597,0.012721735052764416,0,0.999919056892395,0,1,0,-0.999919056892395,0,0.012721735052764416],8,3.824846029281616],[[719.32354736328