[[[776,222.69961547851563,47,1,-8.228387571307394e-8,1.2591927419378438e-14,8.228387571307394e-8,1,-4.891653304639476e-8,-8.566885299299363e-15,4.891653304639476e-8,1],8,0.017072677612304689],[[776,222.69961547851563,47,1,-4.567846190184355e-8,1.1446102752947236e-14,4.567846190184355e-8,1,-2.7155151016700075e-8,-1.0205697540592671e-14,2.7155151016700075e-8,1],8,0.035373687744140628],[[776,222.69961547851563,47,1,-1.6422276871708165e-8,1.1101151126276764e-14,1.6422276871708165e-8,1,-9.762773700572325e-9,-1.0940823882987522e-14,9.762773700572325e-9,1],8,0.044320106506347659],[[776,222.69961547851563,47,1,-1.8035610782618506e-9,1.1119310665632949e-14,1.8035610782618506e-9,1,-1.0721570298244388e-9,-1.1117376889414367e-14,1.0721570298244388e-9,1],8,0.05236649513244629],[[776,222.69961547851563,47,1,1.2808906824091082e-8,1.1264376916311509e-14,-1.2808906824091082e-8,1,7.6147470551291e-9,-1.1166840225402229e-14,-7.6147470551291e-9,1],8,0.06297540664672852],[[776,222.69961547851563,47,1,2.7415131498287338e-8,1.1536192330184256e-14,-2.7415131498287338e-8,1,1.6297938998377505e-8,-1.1089382450507612e-14,-1.6297938998377505e-8,1],8,0.07170820236206055],[[776,222.69961547851563,47,1,4.93127636502777e-8,1.2181219777979667e-14,-4.93127636502777e-8,1,2.9315772920313067e-8,-1.0735577635472438e-14,-2.9315772920313067e-8,1],8,0.08196878433227539],[[776,222.69961547851563,47,1,6.390338569417509e-8,1.2769203791942238e-14,-6.390338569417509e-8,1,3.79896967217519e-8,-1.0341533673245002e-14,-3.79896967217519e-8,1],8,0.09238886833190918],[[776,222.69961547851563,47,1,7.848777983099353e-8,1.3483371998123176e-14,-7.848777983099353e-8,1,4.66599132664669e-8,-9.821139500341535e-15,-4.66599132664669e-8,1],8,0.10241055488586426],[[776,222.69961547851563,47,1,1.0035267905550427e-7,1.479086560803207e-14,-1.0035267905550427e-7,1,5.965829785736787e-8,-8.803996079257207e-15,-5.965829785736787e-8,1],8,0.11250901222229004],[[776,222.69961547851563,47,1,7.651798483720995e-8,1.3697295251149933e-14,-7.651798483720995e-8,1,4.548889620537011e-8,-1.0216576831767206e-14,-4.548889620537011e-8,1],8,0.12301325798034668],[[776,222.69961547851563,47,1,6.063667967737274e-8,1.3162603162096814e-14,-6.063667967737274e-8,1,3.604766973808182e-8,-1.0976792290059729e-14,-3.604766973808182e-8,1],8,0.1342458724975586],[[776,222.69961547851563,47,1,3.682744065258703e-8,1.264410210783046e-14,-3.682744065258703e-8,1,2.1893390211857878e-8,-1.1837824997866249e-14,-2.1893390211857878e-8,1],8,0.14557266235351563],[[776,222.69961547851563,47,1,2.0963092595138734e-8,1.2486083876355435e-14,-2.0963092595138734e-8,1,1.2462244569633185e-8,-1.2224836045532633e-14,-1.2462244569633185e-8,1],8,0.15600299835205079],[[776,222.69961547851563,47,1,-1.0745269563017246e-8,1.2618700436775252e-14,1.0745269563017246e-8,1,-6.3879634915053888e-9,-1.2550060274861552e-14,6.3879634915053888e-9,1],8,0.16920161247253419],[[776,222.69961547851563,47,1,-3.45087585174042e-8,1.3109830468384029e-14,3.45087585174042e-8,1,-2.0515050991321006e-8,-1.2401881178101832e-14,2.0515050991321006e-8,1],8,0.18300175666809083],[[776,222.69961547851563,47,1,-5.825701876460698e-8,1.3935927302281045e-14,5.825701876460698e-8,1,-3.4633089285307508e-8,-1.1918306680382563e-14,3.4633089285307508e-8,1],8,0.20269441604614259],[[776,222.69961547851563,47,1,-8.989768929268394e-8,1.555732878134354e-14,8.989768929268394e-8,1,-5.344306686083655e-8,-1.075292063506747e-14,5.344306686083655e-8,1],8,0.21137285232543946],[[776,222.69961547851563,47,1,-9.052788385588429e-8,1.5702698269817219e-14,9.052788385588429e-8,1,-5.381770762369342e-8,-1.0830694353251413e-14,5.381770762369342e-8,1],8,0.22046947479248048],[[776,222.69961547851563,47,1,-7.598104900807812e-8,1.5085023209954544e-14,7.598104900807812e-8,1,-4.516979146274025e-8,-1.16529744566881e-14,4.516979146274025e-8,1],8,0.22951674461364747],[[776,222.69961547851563,47,1,-5.417245318994901e-8,1.4388179368643798e-14,5.417245318994901e-8,1,-3.220484501298415e-8,-1.2643563394876007e-14,3.220484501298415e-8,1],8,0.23897457122802735],[[776,222.69961547851563,47,1,-3.964115435906024e-8,1.407954851475159e-14,3.964115435906024e-8,1,-2.356616235488218e-8,-1.3145358418323664e-14,2.356616235488218e-8,1],8,0.2491912841796875],[[776,222.69961547851563,47,1,-2.511606567168201e-8,1.3896196374857135e-14,2.511606567168201e-8,1,-1.4931169189935646e-8,-1.3521183548888608e-14,1.4931169189935646e-8,1],8,0.25978589057922366],[[776,222.69961547851563,47,1,-3.340071330626415e-9,1.385605971865149e-14,3.340071330626415e-9,1,-1.985596576048465e-9,-1.3849427450674489e-14,1.985596576048465e-9,1],8,0.26996493339538576],[[776,222.69961547851563,47,1,1.1169504432473332e-8,1.3985732839579598e-14,-1.1169504432473332e-8,1,6.640175964633954e-9,-1.3911564940652117e-14,-6.640175964633954e-9,1],8,0.28122568130493166],[[775.9098510742188,222.69961547851563,46.72243118286133,0.9988130331039429,5.4271158234087127e-8,0.048709094524383548,-5.5794426856436988e-8,1,2.991313863276446e-8,-0.048709094524383548,-3.259533087884847e-8,0.9988130331039429],8,0.3071019649505615],[[775.7837524414063,222.69961547851563,46.48884963989258,0.9944872260093689,8.233624981812682e-8,0.10485782474279404,-8.712869004057211e-8,1,4.1123470850834568e-8,-0.10485782474279404,-5.0032891607543209e-8,0.9944872260093689],8,0.3248021602630615],[[775.6650390625,222.69961547851563,46.32829666137695,0.9876918792724609,1.0292359320374089e-7,0.15641213953495027,-1.1154132550927898e-7,1,4.631907657426382e-8,-0.15641213953495027,-6.319539380683637e-8,0.9876918792724609],8,0.33239150047302248],[[775.572998046875,222.69961547851563,46.23223114013672,0.9807111024856567,8.593893596753333e-8,0.19546276330947877,-9.462976180429905e-8,1,3.512447932507712e-8,-0.19546276330947877,-5.294356242302456e-8,0.9807111024856567],8,0.341902494430542],[[775.4733276367188,222.69961547851563,46.14387893676758,0.9714531302452087,6.917731809608085e-8,0.2372315227985382,-7.732027995643875e-8,1,2.5020757021820829e-8,-0.2372315227985382,-4.264930097974684e-8,0.9714531302452087],8,0.3502237796783447],[[775.367919921875,222.69961547851563,46.0623893737793,0.9598416090011597,5.2632259439633347e-8,0.2805425524711609,-5.958404969419462e-8,1,1.625061685217588e-8,-0.2805425524711609,-3.231387779578654e-8,0.9598416090011597],8,0.3595559597015381],[[775.2015380859375,222.69961547851563,45.95151138305664,0.9378867745399475,2.8191022849455295e-8,0.3469415307044983,-3.22459960955257e-8,1,5.914739364953903e-9,-0.3469415307044983,-1.6734830410314318e-8,0.9378867745399475],8,0.36829447746276858],[[775.086669921875,222.69961547851563,45.8839111328125,0.9206135272979736,1.2119955705713892e-8,0.3904750645160675,-1.3616674010563657e-8,1,1.064697108255075e-9,-0.3904750645160675,-6.297145915823421e-9,0.9206135272979736],8,0.3783433437347412],[[774.968505859375,222.69961547851563,45.82228469848633,0.901309609413147,-3.798855896519626e-9,0.4331754446029663,5.236611588799178e-9,1,-2.126049558626164e-9,-0.4331754446029663,4.184600221890378e-9,0.901309609413147],8,0.3880116939544678],[[774.784423828125,222.69961547851563,45.7443733215332,0.867530107498169,-2.7435842042677906e-8,0.497384637594223,3.37505383640746e-8,1,-3.7069221026087009e-9,-0.497384637594223,2.0002865142032534e-8,0.867530107498169],8,0.3986239433288574],[[774.6597290039063,222.69961547851563,45.697261810302737,0.8428924083709717,-4.306280843024979e-8,0.5380821824073792,5.277567893813284e-8,1,-2.6416222542735569e-9,-0.5380821824073792,3.0624256908140526e-8,0.8428924083709717],8,0.40876317024230959],[[774.4706420898438,222.69961547851563,45.63216018676758,0.8038519620895386,-6.636182092734089e-8,0.5948293805122376,8.111824456591421e-8,1,1.9413313179228455e-9,-0.5948293805122376,4.6690971089446978e-8,0.8038519620895386],8,0.4198474884033203],[[774.2792358398438,222.69961547851563,45.57432174682617,0.7628010511398315,-8.954681618433824e-8,0.6466332674026489,1.0901074887215145e-7,1,9.88706627680358e-9,-0.6466332674026489,6.294811782936449e-8,0.7628010511398315],8,0.4324922561645508],[[774.0866088867188,222.69961547851563,45.52063751220703,0.7212636470794678,-8.261529416131452e-8,0.6926606297492981,9.984803028828537e-8,1,1.530120385950795e-8,-0.6926606297492981,5.812459846765705e-8,0.7212636470794678],8,0.4441537857055664],[[773.95751953125,222.69961547851563,45.48712921142578,0.6938828825950623,-6.797853302487056e-8,0.7200878858566284,8.153622133022509e-8,1,1.5834107358614348e-8,-0.7200878858566284,4.772622830273576e-8,0.6938828825950623],8,0.4541807174682617],[[773.7623901367188,222.69961547851563,45.44328689575195,0.6524172425270081,-4.601996295150457e-8,0.7578599452972412,5.4208424415946868e-8,1,1.4057280672830075e-8,-0.7578599452972412,3.191118480572186e-8,0.6524172425270081],8,0.46597766876220705],[[773.6317138671875,222.69961547851563,45.4166145324707,0.6250325441360474,-3.137028414812448e-8,0.7805987000465393,3.616461796696058e-8,1,1.1230125274153125e-8,-0.7805987000465393,2.121085884709828e-8,0.6250325441360474],8,0.4763965606689453],[[773.4345703125,222.69961547851563,45.38333511352539,0.5835950374603272,-9.36984001498331e-9,0.8120448589324951,9.453369642642429e-9,1,4.7446890860669559e-9,-0.8120448589324951,4.907583228686008e-9,0.5835950374603272],8,0.4879491329193115],[[773.2366943359375,222.69961547851563,45.35396957397461,0.5428292751312256,1.2669496562978111e-8,0.8398430943489075,-1.672149174680726e-8,1,-4.2776822084533709e-9,-0.8398430943489075,-1.1721377646267684e-8,0.5428292751312256],8,0.5006225109100342],[[773.038330078125,222.69961547851563,45.32831954956055,0.5033828616142273,3.47509860887385e-8,0.8640635013580322,-4.228368410963412e-8,1,-1.558462159323426e-8,-0.8640635013580322,-2.869075643729957e-8,0.5033828616142273],8,0.511599063873291],[[772.90576171875,222.69961547851563,45.31426239013672,0.47774016857147219,4.9495238130248256e-8,0.8785011768341065,-5.8960125670637356e-8,1,-2.4277280630258248e-8,-0.8785011768341065,-4.0198308681738129e-8,0.47774016857147219],8,0.5214366912841797],[[772.7066040039063,222.69961547851563,45.295841217041019,0.4404996931552887,7.16442585257937e-8,0.8977527618408203,-8.341081780827153e-8,1,-3.88768732761946e-8,-0.8977527618408203,-5.775704181587571e-8,0.4404996931552887],8,0.5326862335205078],[[772.5736694335938,222.69961547851563,45.285404205322269,0.4166080057621002,8.642999205221713e-8,0.9090862274169922,-9.93373774349493e-8,1,-4.9550024527889039e-8,-0.9090862274169922,-6.966330090563133e-8,0.4166080057621002],8,0.5427021980285645],[[772.3741455078125,222.69961547851563,45.2713508605957,0.3824504613876343,6.784485861999201e-8,0.9239760041236877,-7.639552990212906e-8,1,-4.1805584771736906e-8,-0.9239760041236877,-5.459907015392673e-8,0.3824504613876343],8,0.5537021160125732],[[772.174560546875,222.69961547851563,45.2584114074707,0.35054224729537966,4.9239329058536899e-8,0.9365469217300415,-5.400970337632316e-8,1,-3.235998491391001e-8,-0.9365469217300415,-3.923907598846199e-8,0.35054224729537966],8,0.5661733150482178],[[772.0413818359375,222.69961547851563,45.25130081176758,0.33040890097618105,3.682749749600589e-8,0.9438378810882568,-3.9387693107073576e-8,1,-2.523044884128467e-8,-0.9438378810882568,-2.8839231447364e-8,0.33040890097618105],8,0.5762820243835449],[[771.8416137695313,222.69961547851563,45.24242401123047,0.3016798198223114,1.8202248597276595e-8,0.9534093141555786,-1.7892014980702699e-8,1,-1.3430311973650078e-8,-0.9534093141555786,-1.3006753896149803e-8,0.3016798198223114],8,0.5857841968536377],[[771.6417236328125,222.69961547851563,45.23528289794922,0.2746610939502716,-4.2688011459013355e-10,0.9615411162376404,3.0961364583248498e-9,1,-4.404439035710084e-10,-0.9615411162376404,3.0980389364998475e-9,0.2746610939502716],8,0.5973739624023438],[[771.5084228515625,222.69961547851563,45.232810974121097,0.25725531578063967,-1.2845939423300479e-8,0.9663434624671936,1.6816425585375329e-8,1,8.816562591107413e-9,-0.9663434624671936,1.3982337954132618e-8,0.25725531578063967],8,0.6087093353271484],[[771.3084716796875,222.69961547851563,45.2318000793457,0.23185792565345765,-3.1470303696323756e-8,0.972749650478363,3.699289408132245e-8,1,2.353453254499982e-8,-0.972749650478363,3.052815955584265e-8,0.23185792565345765],8,0.6185119152069092],[[771.1751708984375,222.69961547851563,45.232479095458987,0.21560439467430116,-4.3881644984367088e-8,0.9764807820320129,5.01837860156229e-8,1,3.385811808698236e-8,-0.9764807820320129,4.1703547282168077e-8,0.21560439467430116],8,0.6292638778686523],[[771.0418701171875,222.69961547851563,45.23573303222656,0.19943799078464509,-5.628743338093045e-8,0.9799104332923889,6.315468681350467e-8,1,4.458773616988765e-8,-0.9799104332923889,5.2993453181215958e-8,0.19943799078464509],8,0.6394264698028565],[[770.842041015625,222.69961547851563,45.2431526184082,0.1755712926387787,-7.488265652000337e-8,0.9844667315483093,8.220261094038506e-8,1,6.140405162113893e-8,-0.9844667315483093,7.014494940449367e-8,0.1755712926387787],8,0.6514136791229248],[[770.57568359375,223.56251525878907,45.253482818603519,0.14378848671913148,-9.964367819748077e-8,0.9896084666252136,1.0677967310357417e-7,1,8.51750883157365e-8,-0.9896084666252136,9.342287654590109e-8,0.14378848671913148],3,0.6674900054931641],[[770.3760375976563,224.17391967773438,45.265296936035159,0.12193363904953003,-1.1818400480478886e-7,0.9925382733345032,1.2476674271511e-7,1,1.0374485981401449e-7,-0.9925382733345032,1.1118577702973198e-7,0.12193363904953003],5,0.6872754096984863],[[770.0436401367188,225.1248016357422,45.28958511352539,0.08858594298362732,-8.493678649301728e-8,0.99606853723526,8.71677059421927e-8,1,7.75197150915119e-8,-0.99606853723526,7.995785722414439e-8,0.08858594298362732],5,0.6965854167938232],[[769.9771728515625,225.3047637939453,45.29496765136719,0.08235619962215424,-7.82987825687087e-8,0.9966029524803162,7.982753658097863e-8,1,7.196896945060871e-8,-0.9966029524803162,7.36292662395499e-8,0.08235619962215424],5,0.7051312923431397],[[769.7779541015625,225.82420349121095,45.31232452392578,0.0647052526473999,-5.840908556820068e-8,0.9979044198989868,5.815484627191836e-8,1,5.476091757827817e-8,-0.9979044198989868,5.448966078347439e-8,0.0647052526473999],5,0.7145278453826904],[[769.6451416015625,226.15347290039063,45.32389831542969,0.053940724581480029,-4.517010765425766e-8,0.9985441565513611,4.398405195615851e-8,1,4.285997334818603e-8,-0.9985441565513611,4.1608117840041817e-8,0.053940724581480029],5,0.7239580154418945],[[769.5123291015625,226.46910095214845,45.33543014526367,0.044018760323524478,-3.1947863021741799e-8,0.9990307092666626,3.001600035190677e-8,1,3.065630949095066e-8,-0.9990307092666626,2.8637451521262848e-8,0.044018760323524478],5,0.734163761138916],[[769.3131103515625,226.91700744628907,45.35272216796875,0.03036879189312458,-1.2145771499660896e-8,0.999538779258728,9.392870481406135e-9,1,1.1865994409276937e-8,-0.999538779258728,9.028181757742005e-9,0.03036879189312458],5,0.7441551685333252],[[769.1802978515625,227.19857788085938,45.36425018310547,0.022060776129364969,1.03481911928327e-9,0.9997566342353821,-4.1613357204539629e-9,1,-9.4324670296686e-10,-0.9997566342353821,-4.13951450894956e-9,0.022060776129364969],5,0.7541158199310303],[[769.0474853515625,227.46652221679688,45.37577819824219,0.014391938224434853,1.4199067699394164e-8,0.9998964071273804,-1.7578933864115244e-8,1,-1.3947517807366694e-8,-0.9998964071273804,-1.737638122278895e-8,0.014391938224434853],5,0.7647151947021484],[[768.8482666015625,227.8428955078125,45.393070220947269,0.0038369614630937578,3.391544822761716e-8,0.9999926090240479,-3.748013455151522e-8,1,-3.377189017328419e-8,-0.9999926090240479,-3.7350275761127708e-8,0.0038369614630937578],5,0.7762272357940674],[[768.5826416015625,228.2970428466797,45.4161262512207,-0.008746873587369919,6.014926867692339e-8,0.9999617338180542,-6.365389282336764e-8,1,-6.070835922855622e-8,-0.9999617338180542,-6.418246556449958e-8,-0.008746873587369919],5,0.7911422252655029],[[768.2506103515625,228.7880859375,45.4449462890625,-0.02232024259865284,9.285687951887667e-8,0.9997508525848389,-9.590719685093063e-8,1,-9.502122821913872e-8,-0.9997508525848389,-9.800420031069734e-8,-0.02232024259865284],5,0.8130805492401123],[[768.0513916015625,229.0418243408203,45.46223831176758,-0.02928145043551922,1.1243830044804781e-7,0.9995712041854858,-1.1508442554486465e-7,1,-1.1585781578560273e-7,-0.9995712041854858,-1.184275646437527e-7,-0.02928145043551922],5,0.822516918182373],[[767.9185791015625,229.1939697265625,45.4737663269043,-0.03339875116944313,1.0052956156414439e-7,0.9994421005249023,-1.023906719410661e-7,1,-1.0400730587889484e-7,-0.9994421005249023,-1.0580725984254969e-7,-0.03339875116944313],5,0.8338966369628906],[[767.7193603515625,229.39662170410157,45.491058349609378,-0.038987185806035998,8.268845874681574e-8,0.9992396831512451,-8.3532270878095e-8,1,-8.601053735901587e-8,-0.9992396831512451,-8.682206953380956e-8,-0.038987185806035998],5,0.8444733619689941],[[767.5865478515625,229.5146942138672,45.502586364746097,-0.04237138479948044,7.08085465817021e-8,0.9991019368171692,-7.10653864643973e-8,1,-7.388604217339889e-8,-0.9991019368171692,-7.413222391505769e-8,-0.04237138479948044],5,0.8541598320007324],[[767.3873291015625,229.666259765625,45.51987838745117,-0.046998847275972369,5.3008939460141849e-8,0.9988949298858643,-5.250159063052706e-8,1,-5.553782500555826e-8,-0.9988949298858643,-5.5053789083103769e-8,-0.046998847275972369],5,0.8658225536346436],[[767.2545166015625,229.75025939941407,45.53140640258789,-0.04980848357081413,4.1155605146059318e-8,0.9987587928771973,-4.0206039386703199e-8,1,-4.321184121636179e-8,-0.9987587928771973,-4.230845007668904e-8,-0.04980848357081413],5,0.8775851726531982],[[767.0552978515625,229.85073852539063,45.54869842529297,-0.05365344136953354,2.3394354897732229e-8,0.9985595941543579,-2.1867222699256673e-8,1,-2.460304315832218e-8,-0.9985595941543579,-2.3155763528848184e-8,-0.05365344136953354],5,0.8881015777587891],[[766.8560791015625,229.92054748535157,45.56599044799805,-0.0571141354739666,5.654784196451601e-9,0.9983676671981812,-3.6366658573427914e-9,1,-5.872074826385187e-9,-0.9983676671981812,-3.966108330644147e-9,-0.0571141354739666],5,0.9001410007476807],[[766.6568603515625,229.95970153808595,45.583282470703128,-0.06021415814757347,-1.2064025334268536e-8,0.9981854557991028,1.4501428502455838e-8,1,1.296073381951146e-8,-0.9981854557991028,1.525553550152381e-8,-0.06021415814757347],5,0.9102382659912109],[[766.5240478515625,229.96878051757813,45.594810485839847,-0.06208640709519386,-2.3865467824180088e-8,0.9980707764625549,2.6549539455800187e-8,1,2.556315159552014e-8,-0.9980707764625549,2.80854433043487e-8,-0.06208640709519386],5,0.9203267097473145],[[766.3248291015625,229.9568328857422,45.61210250854492,-0.06464440375566483,-4.1551661666971998e-8,0.997908353805542,4.456498103877493e-8,1,4.4525670261919006e-8,-0.997908353805542,4.7350102505561156e-8,-0.06464440375566483],5,0.9331881999969482],[[766.1256103515625,229.91424560546876,45.629112243652347,-0.06683630496263504,-5.9219456005621399e-8,0.9977639317512512,6.25276967980426e-8,1,6.354065362756956e-8,-0.9977639317512512,6.663470486500955e-8,-0.06683630496263504],5,0.9482400417327881],[[765.9262084960938,229.84100341796876,45.64521026611328,-0.06841561198234558,-7.687024350389038e-8,0.9976568818092346,8.047225463769792e-8,1,8.256927230831934e-8,-0.9976568818092346,8.593273292945014e-8,-0.06841561198234558],5,0.9601430892944336],[[765.726806640625,229.73709106445313,45.66055679321289,-0.06942624598741532,-9.450584315118249e-8,0.9975870847702026,9.84207559895367e-8,1,1.0158394303516616e-7,-0.9975870847702026,1.0523586979616084e-7,-0.06942624598741532],5,0.9703969955444336],[[765.5274047851563,229.60252380371095,45.67548751831055,-0.07006298750638962,-1.0045690146398556e-7,0.9975425601005554,1.0429113217469421e-7,1,1.0802932592923753e-7,-0.9975425601005554,1.1160370405605136e-7,-0.07006298750638962],5,0.9819962978363037],[[765.3944702148438,229.49578857421876,45.685394287109378,-0.07038775086402893,-8.886454594403404e-8,0.9975197315216065,9.210506135559626e-8,1,9.558468860859648e-8,-0.9975197315216065,9.860460181698727e-8,-0.07038775086402893],5,0.9927153587341309],[[765.195068359375,229.3101348876953,45.70024871826172,-0.07080618292093277,-7.148641856247196e-8,0.9974901080131531,7.385112610336364e-8,1,7.690857017905728e-8,-0.9974901080131531,7.911136634675131e-8,-0.07080618292093277],5,1.005608081817627],[[764.9956665039063,229.0938262939453,45.71510314941406,-0.07117395848035813,-5.4120633308230029e-8,0.9974639415740967,5.5622166428292988e-8,1,5.822715110070931e-8,-0.9974639415740967,5.962536420156539e-8,-0.07117395848035813],5,1.0180060863494874],[[764.7962646484375,228.84686279296876,45.729957580566409,-0.07150132209062576,-3.6767030309192708e-8,0.9974405169487,3.741553911140727e-8,1,3.954350447088473e-8,-0.9974405169487,4.014718513190019e-8,-0.07150132209062576],5,1.0288379192352296],[[764.663330078125,228.66517639160157,45.73986053466797,-0.07169873267412186,-2.5204673903544973e-8,0.9974263310432434,2.5289274674378249e-8,1,2.7087597942454523e-8,-0.9974263310432434,2.7166334959360939e-8,-0.07169873267412186],5,1.0391147136688233],[[764.4639282226563,228.3671112060547,45.75471496582031,-0.07196834683418274,-7.871118867797123e-9,0.9974068999290466,7.115874112173515e-9,1,8.405031337588298e-9,-0.9974068999290466,7.702318782776274e-9,-0.07196834683418274],5,1.0511035919189454],[[764.2645263671875,228.03839111328126,45.769569396972659,-0.07221086323261261,9.450545235267782e-9,0.9973893761634827,-1.1039537284318613e-8,1,-1.0274542994181957e-8,-0.9973893761634827,-1.1752651296603745e-8,-0.07221086323261261],5,1.063103199005127],[[764.131591796875,227.80221557617188,45.77947235107422,-0.07235749065876007,2.0991757665456136e-8,0.9973787665367127,-2.3133727822255424e-8,1,-2.2725224368969067e-8,-0.9973787665367127,-2.471742988063852e-8,-0.07235749065876007],5,1.0742847919464112],[[763.9321899414063,227.4224090576172,45.79432678222656,-0.07255791127681732,3.8293794801802508e-8,0.9973642230033875,-4.126163233308944e-8,1,-4.139676690328997e-8,-0.9973642230033875,-4.415653975797795e-8,-0.07255791127681732],5,1.0856053829193116],[[763.7327880859375,227.01193237304688,45.809181213378909,-0.07273823767900467,5.558415239192982e-8,0.9973510503768921,-5.937420510804259e-8,1,-6.006202823982676e-8,-0.9973510503768921,-6.358573045872618e-8,-0.07273823767900467],5,1.0974812507629395],[[763.5333862304688,226.57080078125,45.823753356933597,-0.07279077917337418,7.2863052480443e-8,0.9973472356796265,-7.748017338826685e-8,1,-7.871170026874097e-8,-0.9973472356796265,-8.300412446260452e-8,-0.07279077917337418],5,1.1084887981414796],[[763.333984375,226.09902954101563,45.83826446533203,-0.07278097420930863,9.013083257514154e-8,0.9973479509353638,-9.557885505273589e-8,1,-9.734532113725436e-8,-0.9973479509353638,-1.0241026160429101e-7,-0.07278097420930863],5,1.1205787658691407],[[763.2010498046875,225.76747131347657,45.847938537597659,-0.07276645302772522,1.0163656583017655e-7,0.9973490238189697,-1.0763915270217695e-7,1,-1.0976005881957463e-7,-0.9973490238189697,-1.1534065436080709e-7,-0.07276645302772522],5,1.1322102546691895],[[763.0016479492188,225.24459838867188,45.862449645996097,-0.07274295389652252,9.545225765350551e-8,0.9973506927490234,-1.0096611902099539e-7,1,-1.030698939530339e-7,-0.9973506927490234,-1.0819623952329494e-7,-0.07274295389652252],5,1.1445159912109376],[[762.7357788085938,224.49974060058595,45.88178634643555,-0.07271329313516617,7.159678006019021e-8,0.9973528981208801,-7.557868286767189e-8,1,-7.729696704927847e-8,-0.9973528981208801,-8.099913628711875e-8,-0.07271329313516617],5,1.1566860675811768],[[762.6028442382813,224.10687255859376,45.89145278930664,-0.0726998895406723,5.967663696537784e-8,0.9973538517951965,-6.289263865255634e-8,1,-6.441938893431143e-8,-0.9973538517951965,-6.740950198036444e-8,-0.0726998895406723],7,1.1683602333068848],[[762.4034423828125,223.5968780517578,45.90595245361328,-0.07268168777227402,4.180592583225007e-8,0.9973551630973816,-4.387322860566201e-8,1,-4.511402451612412e-8,-0.9973551630973816,-4.703615630319291e-8,-0.07268168777227402],7,1.1796009540557862],[[762.2040405273438,223.55653381347657,45.92045211791992,-0.07266535609960556,2.394661358096073e-8,0.9973563551902771,-2.4865496328629889e-8,1,-2.5821737636988474e-8,-0.9973563551902771,-2.6676108433321134e-8,-0.07266535609960556],7,1.1929810047149659],[[762.004638671875,223.6290740966797,45.93495178222656,-0.0726507306098938,6.098700211509822e-9,0.9973574280738831,-5.869521757517759e-9,1,-6.5424141659775618e-9,-0.9973574280738831,-6.329322399523107e-9,-0.0726507306098938],7,1.2165095806121827],[[761.6723022460938,223.73573303222657,45.9591178894043,-0.07262927293777466,-2.3622504841114279e-8,0.9973589777946472,2.5764133937400403e-8,1,2.5561242011917785e-8,-0.9973589777946472,2.755258599052013e-8,-0.07262927293777466],8,1.2268447875976563],[[761.472900390625,224.39483642578126,45.97361755371094,-0.07261677086353302,-4.144003895589776e-8,0.9973599314689636,4.47285160021238e-8,1,4.480637372239471e-8,-0.9973599314689636,4.7864123331464728e-8,-0.07261677086353302],3,1.2371737957000733],[[761.2734985351563,225.0266876220703,45.98811721801758,-0.07260647416114807,-5.924619017605437e-8,0.9973606467247009,6.368092186903596e-8,1,6.40388577721751e-8,-0.9973606467247009,6.816247832830413e-8,-0.07260647416114807],5,1.2475759983062745],[[761.1405639648438,225.43087768554688,45.99778366088867,-0.07260064035654068,-7.111063382581051e-8,0.9973610639572144,7.630917053802477e-8,1,7.685353864417266e-8,-0.9973610639572144,8.168741771896748e-8,-0.07260064035654068],5,1.256772518157959],[[761.0076293945313,225.8214569091797,46.007450103759769,-0.07259536534547806,-8.297001841128804e-8,0.9973614811897278,8.893206882021332e-8,1,8.966264886112185e-8,-0.9973614811897278,9.520651644834288e-8,-0.07259536534547806],5,1.2680294513702393],[[760.8082275390625,226.3817596435547,46.021949768066409,-0.07258817553520203,-1.0074961664940929e-7,0.9973620176315308,1.0785638693278088e-7,1,1.0886590473546676e-7,-0.9973620176315308,1.1547424350055735e-7,-0.07258817553520203],5,1.278801441192627],[[760.6088256835938,226.9114227294922,46.03644943237305,-0.0725817158818245,-9.506393894298526e-8,0.997362494468689,1.0169720354724632e-7,1,1.0271621420088195e-7,-0.997362494468689,1.0888429358146823e-7,-0.0725817158818245],5,1.291161298751831],[[760.2100219726563,227.87876892089845,46.06544876098633,-0.07257038354873657,-6.026458265750989e-8,0.997363269329071,6.433477750533712e-8,1,6.510504135803785e-8,-0.997363269329071,6.888983961061968e-8,-0.07257038354873657],5,1.3147962093353272],[[760.0770874023438,228.17396545410157,46.07511520385742,-0.07256712764501572,-4.867469627356513e-8,0.9973635077476502,5.189112428638509e-8,1,5.25789083383188e-8,-0.9973635077476502,5.556981363952218e-8,-0.07256712764501572],5,1.3233723640441895],[[759.9441528320313,228.45553588867188,46.084781646728519,-0.07256422936916352,-3.7089755267061267e-8,0.9973637461662293,3.945272197825034e-8,1,4.0058218075955668e-8,-0.9973637461662293,4.2255507537447559e-8,-0.07256422936916352],5,1.3322184085845948],[[759.8112182617188,228.72348022460938,46.09444808959961,-0.07256157696247101,-2.5509759637998287e-8,0.9973639249801636,2.7019579462717048e-8,1,2.7542949254666383e-8,-0.9973639249801636,2.8946914198968444e-8,-0.07256157696247101],5,1.3433663845062256],[[759.61181640625,229.099853515625,46.10894775390625,-0.07255794107913971,-8.149029895321292e-9,0.9973642230033875,8.379743121622596e-9,1,8.780189908463854e-9,-0.9973642230033875,8.99472762938558e-9,-0.07255794107913971],5,1.3536341190338135],[[759.4788818359375,229.333740234375,46.118614196777347,-0.07255572825670243,3.4186153907711516e-9,0.997364342212677,-4.0402263756789129e-9,1,-3.7215657222589017e-9,-0.997364342212677,-4.299598899137891e-9,-0.07255572825670243],5,1.3643746376037598],[[759.2794799804688,229.65902709960938,46.133113861083987,-0.07255271077156067,2.0760820618193067e-8,0.9973645806312561,-2.266028964470479e-8,1,-2.2464089255436194e-8,-0.9973645806312561,-2.4230400796909636e-8,-0.07255271077156067],5,1.3763666152954102],[[759.080078125,229.95364379882813,46.147613525390628,-0.07254999130964279,3.8091922505145706e-8,0.9973647594451904,-4.1268481965062168e-8,1,-4.119450736084218e-8,-0.9973647594451904,-4.414839338551246e-8,-0.07254999130964279],5,1.3866126537322999],[[758.8806762695313,230.2176055908203,46.162113189697269,-0.0725475624203682,5.541192393820893e-8,0.9973649382591248,-5.986479578723447e-8,1,-5.991284268702657e-8,-0.9973649382591248,-6.405358021766006e-8,-0.0725475624203682],5,1.3976757526397706],[[758.7477416992188,230.37655639648438,46.17177963256836,-0.0725460946559906,6.695242404930468e-8,0.9973650574684143,-7.225573739333413e-8,1,-7.238502774953304e-8,-0.9973650574684143,-7.731659934506752e-8,-0.0725460946559906],5,1.4087262153625489],[[758.54833984375,230.5894317626953,46.186279296875,-0.07254408299922943,8.425393360766975e-8,0.9973652362823486,-9.083224483674712e-8,1,-9.108326537443645e-8,-0.9973652362823486,-9.72004698951423e-8,-0.07254408299922943],5,1.41957688331604],[[758.4154052734375,230.71432495117188,46.195945739746097,-0.07254285365343094,9.578212001315478e-8,0.9973652958869934,-1.0320998455881636e-7,1,-1.0354207091722856e-7,-0.9973652958869934,-1.1044929237868928e-7,-0.07254285365343094],5,1.4311654567718506],[[758.1495361328125,230.9232177734375,46.21527862548828,-0.07254064083099365,9.539596135255124e-8,0.9973654747009277,-1.0273132744487157e-7,1,-1.0311983089650312e-7,-0.9973654747009277,-1.099410553706548e-7,-0.07254064083099365],5,1.446666955947876],[[757.9501342773438,231.0441131591797,46.22977828979492,-0.07253917306661606,7.754137953952523e-8,0.9973655343055725,-8.346489721589023e-8,1,-8.381666560808299e-8,-0.9973655343055725,-8.932500605851601e-8,-0.07253917306661606],5,1.4732050895690919],[[757.5513305664063,231.1939697265625,46.2587776184082,-0.07253662496805191,4.186652802218305e-8,0.9973657727241516,-4.49689494530503e-8,1,-4.5247617208588056e-8,-0.9973657727241516,-4.8132598351458e-8,-0.07253662496805191],5,1.4813265800476075],[[757.4183959960938,231.21665954589845,46.2684440612793,-0.07253589481115341,2.998506687390545e-8,0.9973658323287964,-3.214789856542666e-8,1,-3.2402297733824528e-8,-0.9973658323287964,-3.441354579081235e-8,-0.07253589481115341],5,1.4900410175323487],[[757.2854614257813,231.22573852539063,46.27811050415039,-0.07253523916006088,1.8108679000761186e-8,0.9973658323287964,-1.933231530415469e-8,1,-1.95624831889063e-8,-0.9973658323287964,-2.070036053680724e-8,-0.07253523916006088],5,1.5003275871276856],[[757.1525268554688,231.22117614746095,46.287776947021487,-0.07253465056419373,6.237365290928665e-9,0.9973658919334412,-6.522197892877557e-9,1,-6.728173573833374e-9,-0.9973658919334412,-6.993043477621086e-9,-0.07253465056419373],5,1.5108203887939454],[[756.953125,231.18881225585938,46.302276611328128,-0.07253383845090866,-1.1560098656104856e-8,0.9973659515380859,1.2682731309610063e-8,1,1.2512986202750654e-8,-0.9973659515380859,1.3556939570946725e-8,-0.07253383845090866],5,1.5219693183898926],[[756.7537231445313,231.1257781982422,46.316776275634769,-0.07253310829401016,-2.9346161056764687e-8,0.9973660111427307,3.187536989912587e-8,1,3.174178786480297e-8,-0.9973660111427307,3.4093741163587768e-8,-0.07253310829401016],5,1.5326051712036133],[[756.5543212890625,231.03208923339845,46.331275939941409,-0.07253246009349823,-4.7120821022872408e-8,0.9973660707473755,5.105571787566987e-8,1,5.095823851775094e-8,-0.9973660707473755,5.4617366629372557e-8,-0.07253246009349823],5,1.547590732574463],[[756.2882690429688,230.85948181152345,46.3502197265625,-0.07237129658460617,-7.080294039951696e-8,0.9973777532577515,7.662143275410927e-8,1,7.654886502450609e-8,-0.9973777532577515,8.196045087061066e-8,-0.07237129658460617],5,1.5735139846801758],[[755.9556274414063,230.5670928955078,46.37228012084961,-0.0714651569724083,-1.003798217880103e-7,0.9974430799484253,1.0862446941928283e-7,1,1.084199041656575e-7,-0.9974430799484253,1.1609497363451737e-7,-0.0714651569724083],5,1.5821912288665772],[[755.8224487304688,230.42630004882813,46.378604888916019,-0.07017941772937775,-1.0051289933699081e-7,0.9975343942642212,1.0888108192830259e-7,1,1.0842143183253938e-7,-0.9975343942642212,1.1622157813917511e-7,-0.07017941772937775],5,1.5921952724456788],[[755.62255859375,230.18954467773438,46.38554763793945,-0.06698853522539139,-8.317641686517163e-8,0.9977537393569946,9.039050041792507e-8,1,8.943243301473558e-8,-0.9977537393569946,9.61784039077429e-8,-0.06698853522539139],5,1.6024112701416016],[[755.4892578125,230.01467895507813,46.3890266418457,-0.06437044590711594,-7.161889925555443e-8,0.9979260563850403,7.806779223074045e-8,1,7.680343827587422e-8,-0.9979260563850403,8.284975905326064e-8,-0.06437044590711594],5,1.6131718158721924],[[755.35595703125,229.82618713378907,46.39119338989258,-0.06129588931798935,-6.006057873264581e-8,0.9981196522712708,6.573981892188385e-8,1,6.42109014847847e-8,-0.9981196522712708,6.955206544034809e-8,-0.06129588931798935],5,1.6226310729980469],[[755.156005859375,229.5178985595703,46.393898010253909,-0.0565154068171978,-4.2720607495994048e-8,0.9984017014503479,4.717488977235007e-8,1,4.545937315469928e-8,-0.9984017014503479,4.9668646084910509e-8,-0.0565154068171978],5,1.6339330673217774],[[754.889404296875,229.05917358398438,46.39702606201172,-0.05039464309811592,-1.9596678058064755e-8,0.998729407787323,2.2256671172726784e-8,1,2.0744653994597685e-8,-0.998729407787323,2.3273811322610528e-8,-0.05039464309811592],5,1.6484873294830323],[[754.756103515625,228.8093719482422,46.39855194091797,-0.04760301858186722,-8.033667953100121e-9,0.9988663196563721,9.730066530266868e-9,1,8.506491511184322e-9,-0.9988663196563721,1.0123970106690195e-8,-0.04760301858186722],5,1.6581964492797852],[[754.55615234375,228.40911865234376,46.400840759277347,-0.04380566626787186,9.310804571782683e-9,0.9990400671958923,-9.129847988731399e-9,1,-9.720074523045242e-9,-0.9990400671958923,-9.546877954846878e-9,-0.04380566626787186],5,1.6690537929534913],[[754.4228515625,228.12525939941407,46.40219497680664,-0.04144124314188957,2.0873232031703993e-8,0.9991409182548523,-2.1742554423553885e-8,1,-2.1792992299651816e-8,-0.9991409182548523,-2.2627004270248109e-8,-0.04144124314188957],5,1.6793603897094727],[[754.222900390625,227.6739044189453,46.404144287109378,-0.03814389556646347,3.821530114578309e-8,0.9992722272872925,-4.071125303539702e-8,1,-3.979715046398269e-8,-0.9992722272872925,-4.21996446675621e-8,-0.03814389556646347],5,1.689518928527832],[[754.089599609375,227.35598754882813,46.40544128417969,-0.03612769395112991,4.97752310479882e-8,0.9993472099304199,-5.338377206953737e-8,1,-5.1737636397319878e-8,-0.9993472099304199,-5.5218084327179898e-8,-0.03612769395112991],5,1.7013916969299317],[[753.8896484375,226.85354614257813,46.407386779785159,-0.03336210921406746,6.711218247801298e-8,0.9994433522224426,-7.242358890380274e-8,1,-6.956711473549149e-8,-0.9994433522224426,-7.470417529020779e-8,-0.03336210921406746],5,1.7135231494903565],[[753.689697265625,226.32044982910157,46.409332275390628,-0.030870255082845689,8.444487775705056e-8,0.999523401260376,-9.14920121886098e-8,1,-8.731086609259364e-8,-0.999523401260376,-9.414371504590236e-8,-0.030870255082845689],5,1.7246229648590088],[[753.48974609375,225.75669860839845,46.411277770996097,-0.02863704226911068,1.017725352880916e-7,0.9995898604393005,-1.1057923643420509e-7,1,-1.0498224867205863e-7,-0.9995898604393005,-1.1354026696608344e-7,-0.02863704226911068],5,1.7365424633026124],[[753.289794921875,225.16229248046876,46.41322326660156,-0.026638517156243326,9.561088631926396e-8,0.9996451139450073,-1.0411464756998612e-7,1,-9.841927095521896e-8,-0.9996451139450073,-1.066994457232795e-7,-0.026638517156243326],5,1.7487835884094239],[[753.156494140625,224.74899291992188,46.414520263671878,-0.02543165720999241,8.367751291871173e-8,0.9996765851974487,-9.126068079012839e-8,1,-8.602624745890353e-8,-0.9996765851974487,-9.34189543499997e-8,-0.02543165720999241],5,1.7598106861114503],[[752.95654296875,224.10350036621095,46.416465759277347,-0.023782623931765558,6.57833325590218e-8,0.9997171759605408,-7.194255857712051e-8,1,-6.7513411750042e-8,-0.9997171759605408,-7.352785758030223e-8,-0.023782623931765558],7,1.772186279296875],[[752.756591796875,223.54385375976563,46.41841125488281,-0.022299030795693399,4.7896620003484716e-8,0.9997513294219971,-5.258888080561519e-8,1,-4.908150685878354e-8,-0.9997513294219971,-5.367027355873688e-8,-0.022299030795693399],7,1.7838799953460694],[[752.556640625,223.50704956054688,46.42035675048828,-0.020969999954104425,3.0017815788596638e-8,0.9997801184654236,-3.320710462162424e-8,1,-3.0720922694627009e-8,-0.9997801184654236,-3.384402091910488e-8,-0.020969999954104425],7,1.7952675819396973],[[752.15673828125,223.67625427246095,46.42424774169922,-0.018642621114850045,-5.714619888408379e-9,0.999826192855835,5.6143298898803099e-9,1,5.820297133141139e-9,-0.999826192855835,5.721859874796564e-9,-0.018642621114850045],8,1.8200654983520508],[[752.0234375,223.71826171875,46.42554473876953,-0.017973683774471284,-1.761771351027619e-8,0.9998384714126587,1.8566451487345149e-8,1,1.795432069684466e-8,-0.9998384714126587,1.8886158414943567e-8,-0.017973683774471284],8,1.8289399147033692],[[751.89013671875,223.75048828125,46.426841735839847,-0.0173773393034935,-2.9516757038550169e-8,0.9998490214347839,3.152153382757206e-8,1,3.0069060130699657e-8,-0.9998490214347839,3.2039295660979408e-8,-0.0173773393034935],8,1.8383193016052247],[[751.690185546875,223.78448486328126,46.42878723144531,-0.01656971499323845,-4.735752412443617e-8,0.9998627305030823,5.09574071827501e-8,1,4.8208491421064539e-8,-0.9998627305030823,5.1749214691199089e-8,-0.01656971499323845],8,1.8489854335784913],[[751.556884765625,223.80007934570313,46.430084228515628,-0.01608097180724144,-5.924606938378929e-8,0.9998707175254822,6.39153654447e-8,1,6.028168542115964e-8,-0.9998707175254822,6.487648818165326e-8,-0.01608097180724144],8,1.8589701652526856],[[751.423583984375,223.8116455078125,46.43138122558594,-0.015630586072802545,-7.113029454330899e-8,0.9998778104782105,7.687270908718347e-8,1,7.234069698824897e-8,-0.9998778104782105,7.799404500019591e-8,-0.015630586072802545],8,1.8686399459838868],[[751.2236328125,223.8236083984375,46.433326721191409,-0.015011189505457878,-6.526734352974018e-8,0.9998873472213745,7.065889207069631e-8,1,6.633548821355362e-8,-0.9998873472213745,7.164670279280472e-8,-0.015011189505457878],8,1.8802704811096192],[[751.023681640625,223.83119201660157,46.435272216796878,-0.014452578499913216,-4.757049509862554e-8,0.9998955726623535,5.1616499519013817e-8,1,4.832153166489661e-8,-0.9998955726623535,5.2309477638345928e-8,-0.014452578499913216],8,1.8916325569152833],[[750.82373046875,223.83599853515626,46.437217712402347,-0.013951842673122883,-2.988372926893135e-8,0.9999026656150818,3.257137493051232e-8,1,3.034111273336748e-8,-0.9999026656150818,3.299151885016727e-8,-0.013951842673122883],8,1.9029674530029297],[[750.623779296875,223.83905029296876,46.438594818115237,-0.013285074383020401,-1.2206952781923519e-8,0.9999117255210877,1.3529936282452582e-8,1,1.2387792125423403e-8,-0.9999117255210877,1.369331492639958e-8,-0.013285074383020401],8,1.9151723384857178],[[750.490478515625,223.84043884277345,46.43925857543945,-0.012748188339173794,-4.277683485209849e-10,0.9999187588691711,8.344744895083522e-10,1,4.3844200492415555e-10,-0.9999187588691711,8.399960171878718e-10,-0.012748188339173794],8,1.9278697967529297],[[750.223876953125,223.84222412109376,46.43966293334961,-0.01132411789149046,2.311851154956912e-8,0.9999358654022217,-2.4570185885863795e-8,1,-2.3398246895567355e-8,-0.9999358654022217,-2.4833575196225867e-8,-0.01132411789149046],8,1.9427669048309327],[[750.02392578125,223.84300231933595,46.4395751953125,-0.010142385959625245,4.076810000697151e-8,0.9999485611915588,-4.364150640867592e-8,1,-4.121285002156583e-8,-0.9999485611915588,-4.4057255621510197e-8,-0.010142385959625