[[[776,222.69961547851563,47,1,8.201481271896683e-9,5.1220090790797017e-15,-8.201481271896683e-9,1,5.354899812459735e-8,-4.682828001642504e-15,-5.354899812459735e-8,1],8,0.004201173782348633],[[776,222.69961547851563,47,1,1.2934853188539819e-8,5.504786232559235e-15,-1.2934853188539819e-8,1,8.445402954748715e-8,-4.412385628177256e-15,-8.445402954748715e-8,1],8,0.02808547019958496],[[776,222.69961547851563,47,1,1.766417945248122e-8,6.033283969669083e-15,-1.766417945248122e-8,1,1.1533265364960244e-7,-3.996027429987352e-15,-1.1533265364960244e-7,1],8,0.037403106689453128],[[776,222.69961547851563,47,1,1.1836173818835505e-8,5.545453554906335e-15,-1.1836173818835505e-8,1,7.728053219580033e-8,-4.6307477573640999e-15,-7.728053219580033e-8,1],8,0.05359935760498047],[[776,222.69961547851563,47,1,6.013149977945886e-9,5.289542031651235e-15,-6.013149977945886e-9,1,3.9260918072159259e-8,-5.053459973207832e-15,-3.9260918072159259e-8,1],8,0.0706324577331543],[[776,222.69961547851563,47,1,1.9510254523069649e-10,5.2559724218856529e-15,-1.9510254523069649e-10,1,1.2737909615978538e-9,-5.255723817715633e-15,-1.2737909615978538e-9,1],8,0.08795404434204102],[[776,222.69961547851563,47,1,-5.6179723095795e-9,5.44329714630273e-15,5.6179723095795e-9,1,-3.668087700248179e-8,-5.237225041664073e-15,3.668087700248179e-8,1],8,0.10529208183288574],[[776,222.69961547851563,47,1,-1.1426078749821045e-8,5.850733122942731e-15,1.1426078749821045e-8,1,-7.460311479690063e-8,-4.998312199110946e-15,7.460311479690063e-8,1],8,0.1201941967010498],[[776,222.69961547851563,47.00002670288086,-0.4252241253852844,-1.3362710937769862e-8,0.9050880670547485,1.7554608433556497e-8,1,2.301140966665116e-8,-0.9050880670547485,2.567347401338793e-8,-0.4252241253852844],8,0.14110684394836427],[[776,222.69961547851563,47.000003814697269,-0.37805595993995669,-8.748671120883955e-8,0.9257827401161194,-1.4596030162294938e-8,1,8.853977817580017e-8,-0.9257827401161194,1.9960237906957447e-8,-0.37805595993995669],8,0.16582679748535157],[[776,222.69961547851563,47.000003814697269,-0.36379918456077578,-9.253820820731562e-8,0.931477427482605,-3.033213502590115e-8,1,8.749906754701442e-8,-0.931477427482605,3.578390028735612e-9,-0.36379918456077578],8,0.18236231803894044],[[776,222.69961547851563,47.000003814697269,-0.41016095876693728,-9.580934090536175e-8,0.9120131731033325,-4.1952393559085979e-8,1,8.618528113402135e-8,-0.9120131731033325,-2.9112980914902666e-9,-0.41016095876693728],8,0.19727468490600587],[[776,222.69961547851563,47.000003814697269,-0.48950326442718508,-1.0044052345392629e-7,0.8720014691352844,-5.719466855680366e-8,1,8.307731746981517e-8,-0.8720014691352844,-9.207218099049897e-9,-0.48950326442718508],8,0.20400762557983399],[[775.9208984375,222.69961547851563,46.85905456542969,-0.5937528014183044,-1.058835579215156e-7,0.8046475052833557,-7.249570188605503e-8,1,7.809510549350307e-8,-0.8046475052833557,-1.1964298884947766e-8,-0.5937528014183044],8,0.22251558303833009],[[775.7693481445313,222.69961547851563,46.64421081542969,-0.699482798576355,-1.1281397860329889e-7,0.7146494388580322,-8.770755499654115e-8,1,7.20129946785164e-8,-0.7146494388580322,-1.2308301045038661e-8,-0.699482798576355],8,0.2461855411529541],[[775.588623046875,222.69961547851563,46.44869613647461,-0.7902791500091553,-1.2131566506923264e-7,0.6127469539642334,-1.027412253051807e-7,1,6.547794129119211e-8,-0.6127469539642334,-1.1208524774986018e-8,-0.7902791500091553],8,0.25366902351379397],[[775.3829956054688,222.69961547851563,46.27947998046875,-0.8643440008163452,-1.3107904806020088e-7,0.5029010772705078,-1.175399191311044e-7,1,5.862809260293034e-8,-0.5029010772705078,-8.436112253207284e-9,-0.8643440008163452],8,0.272430419921875],[[775.1566162109375,222.69961547851563,46.13908004760742,-0.9379702806472778,-1.0622189705600249e-7,0.3467155992984772,-9.874107576024471e-8,1,3.9241669469447518e-8,-0.3467155992984772,2.572448032367447e-9,-0.9379702806472778],8,0.28807783126831057],[[774.910400390625,222.69961547851563,46.03798294067383,-0.9651451110839844,-4.7024091287539707e-8,0.2617154121398926,-4.45916654712164e-8,1,1.5232824779332078e-8,-0.2617154121398926,3.0315607801867374e-9,-0.9651451110839844],8,0.3061559200286865],[[774.654541015625,222.69961547851563,45.963653564453128,-0.9828269481658936,1.1823819257017476e-8,0.18452976644039155,1.1277062839099017e-8,1,-4.0124623623682968e-9,-0.18452976644039155,-1.862602405644509e-9,-0.9828269481658936],8,0.3286585807800293],[[774.3931884765625,222.69961547851563,45.911136627197269,-0.9928624033927918,7.008573277289543e-8,0.11926569044589997,6.824743792321897e-8,1,-1.94977953782427e-8,-0.11926569044589997,-1.1219049689259464e-8,-0.9928624033927918],8,0.33649253845214846],[[774.1288452148438,222.69961547851563,45.876686096191409,-0.9979724287986755,9.160475400449286e-8,0.06364782899618149,9.032515180251721e-8,1,-2.2981842207059345e-8,-0.06364782899618149,-1.7186245315770067e-8,-0.9979724287986755],8,0.35464978218078616],[[773.8629150390625,222.69961547851563,45.857479095458987,-0.99986332654953,7.683807723424252e-8,0.016531070694327356,7.654560363334895e-8,1,-1.8325158279708377e-8,-0.016531070694327356,-1.705727292744541e-8,-0.99986332654953],8,0.37056660652160647],[[773.5963745117188,222.69961547851563,45.85118103027344,-0.9997206330299377,6.224825455092287e-8,-0.02363653853535652,6.260207641162197e-8,1,-1.4229162736967283e-8,0.02363653853535652,-1.5704882727618498e-8,-0.9997206330299377],8,0.3874831199645996],[[773.3297729492188,222.69961547851563,45.855873107910159,-0.9985781908035278,4.792356023131106e-8,-0.053306594491004947,4.8555094167568316e-8,1,-1.0552088980375629e-8,0.053306594491004947,-1.3125393216739667e-8,-0.9985781908035278],8,0.40352749824523928],[[773.0634155273438,222.69961547851563,45.868896484375,-0.9972412586212158,3.381869717600239e-8,-0.07422863692045212,3.444618101866581e-8,1,-7.173187821507554e-9,0.07422863692045212,-9.710292125930664e-9,-0.9972412586212158],8,0.4209480285644531],[[772.7974853515625,222.69961547851563,45.88784408569336,-0.9962590932846069,1.9890066482730618e-8,-0.0864165872335434,2.03090984030041e-8,1,-3.969793382907483e-9,0.0864165872335434,-5.709985817503593e-9,-0.9962590932846069],8,0.43688511848449709],[[772.5317993164063,222.69961547851563,45.910396575927737,-0.9952990412712097,6.033585631115557e-9,-0.09684953093528748,6.1513425464454489e-9,1,-9.172982928795648e-10,0.09684953093528748,-1.5087407989611279e-9,-0.9952990412712097],8,0.4536571502685547],[[772.266357421875,222.69961547851563,45.93580627441406,-0.9944155216217041,-7.763594211951386e-9,-0.10553556680679321,-8.02040123204506e-9,1,2.0089703234305036e-9,0.10553556680679321,2.8441888844099596e-9,-0.9944155216217041],8,0.4714179039001465],[[772.0011596679688,222.69961547851563,45.96359634399414,-0.9924203157424927,-2.1484725110099135e-8,-0.12288971990346909,-2.2228945795177425e-8,1,4.684955534628443e-9,0.12288971990346909,7.3811543543911288e-9,-0.9924203157424927],8,0.4882984161376953],[[771.7364501953125,222.6996612548828,45.99568176269531,-0.9908429384231567,-3.515306090662307e-8,-0.13501933217048646,-3.6456984986443788e-8,1,7.1848114124861699e-9,0.13501933217048646,1.2041417640773489e-8,-0.9908429384231567],8,0.5037775039672852],[[771.47216796875,222.69969177246095,46.03119659423828,-0.9888604283332825,-4.872990899684737e-8,-0.14884555339813233,-5.07063653287787e-8,1,9.483729357384619e-9,0.14884555339813233,1.69255027770987e-8,-0.9888604283332825],8,0.5206201076507568],[[771.2084350585938,222.69969177246095,46.070335388183597,-0.9869667887687683,-6.225604920473416e-8,-0.160924032330513,-6.497057825072261e-8,1,1.1606450911472166e-8,0.160924032330513,2.1910510739076018e-8,-0.9869667887687683],8,0.537621021270752],[[770.9451904296875,222.69969177246095,46.112762451171878,-0.985522985458374,-7.578719163348069e-8,-0.16954194009304048,-7.9240592754104e-8,1,1.36027447084075e-8,0.16954194009304048,2.6840421440965657e-8,-0.985522985458374],8,0.5536627769470215],[[770.6823120117188,222.69969177246095,46.15762710571289,-0.98492431640625,-8.940615003893981e-8,-0.1729857623577118,-9.350529950324926e-8,1,1.554748152443608e-8,0.1729857623577118,3.14881773988418e-8,-0.98492431640625],8,0.5716891288757324],[[770.4196166992188,222.69969177246095,46.20361328125,-0.9849242568016052,-1.031076664048669e-7,-0.1729860007762909,-1.0775781333904888e-7,1,1.7490553005927724e-8,0.1729860007762909,3.5867465442152027e-8,-0.9849242568016052],8,0.5957114696502686],[[770.1569213867188,223.57281494140626,46.249725341796878,-0.9849242568016052,-1.1679748013193603e-7,-0.1729860007762909,-1.2199815557778494e-7,1,1.9431968922845045e-8,0.1729860007762909,4.02429911616764e-8,-0.9849242568016052],3,0.606468915939331],[[769.8941650390625,224.39483642578126,46.29582977294922,-0.9970695376396179,-1.1485127515697968e-7,-0.07650047540664673,-1.2136341354107572e-7,1,8.04764965778304e-8,0.07650047540664673,8.952502383863248e-8,-0.9970695376396179],5,0.6279635429382324],[[769.4339599609375,225.70223999023438,46.37430191040039,-0.997314989566803,-8.542198060013107e-8,0.07323123514652252,-6.875934843719733e-8,1,2.3005554794508499e-7,-0.07323123514652252,2.2440251257194178e-7,-0.997314989566803],5,0.6521682739257813],[[769.30224609375,226.0451202392578,46.39529800415039,-0.9977472424507141,-5.020573468073053e-8,-0.06708560883998871,-6.692973641975186e-8,1,2.470459321557428e-7,0.06708560883998871,2.509794114757824e-7,-0.9977472424507141],5,0.6584208011627197],[[769.1041259765625,226.53390502929688,46.42279052734375,-0.9995929002761841,-5.5952909860934599e-8,-0.02853192575275898,-6.33517771575498e-8,1,2.584149285667081e-7,0.02853192575275898,2.601172752747516e-7,-0.9995929002761841],5,0.6706447601318359],[[768.839599609375,227.13792419433595,46.45716857910156,-0.9999496340751648,-6.291365650668013e-8,0.01003920566290617,-6.029788579553497e-8,1,2.608576608054136e-7,-0.01003920566290617,2.602391759864986e-7,-0.9999496340751648],5,0.6872093677520752],[[768.5748901367188,227.68743896484376,46.49011993408203,-0.999908447265625,-6.322886036969067e-8,0.013531590811908245,-5.972085403982419e-8,1,2.5964985184145919e-7,-0.013531590811908245,2.5881797682814069e-7,-0.999908447265625],5,0.7050516605377197],[[768.3101806640625,228.18246459960938,46.52207946777344,-0.9998236894607544,-6.473402436313336e-8,0.018776187673211099,-5.988498941178477e-8,1,2.58816811538054e-7,-0.018776187673211099,2.576467750259326e-7,-0.9998236894607544],5,0.7213459014892578],[[768.0452270507813,228.62298583984376,46.552711486816409,-0.9996214509010315,-6.713373323918859e-8,0.027512487024068834,-6.004170671758402e-8,1,2.5860080654638298e-7,-0.027512487024068834,2.5685102400530015e-7,-0.9996214509010315],5,0.7379162311553955],[[767.780029296875,229.00900268554688,46.58116912841797,-0.9992104768753052,-7.029062487617921e-8,0.039729390293359759,-6.006326458418698e-8,1,2.5861922381409388e-7,-0.039729390293359759,2.560287555297691e-7,-0.9992104768753052],5,0.753441333770752],[[767.5145874023438,229.34051513671876,46.60651397705078,-0.998557448387146,-7.383189881693397e-8,0.05369408801198006,-6.003001118415341e-8,1,2.586593552678096e-7,-0.05369408801198006,2.55062985843324e-7,-0.998557448387146],5,0.7714619636535645],[[767.2487182617188,229.61753845214845,46.62822341918945,-0.9980508089065552,-7.610100283272914e-8,0.06240658089518547,-6.007661568219192e-8,1,2.5865043085104846e-7,-0.06240658089518547,2.5439709361307907e-7,-0.9980508089065552],5,0.7873046398162842],[[766.9827270507813,229.84005737304688,46.64740753173828,-0.9974673390388489,-7.834744053525356e-8,0.07112620770931244,-6.010320419136406e-8,1,2.586452580999321e-7,-0.07112620770931244,2.537152852255531e-7,-0.9974673390388489],5,0.8039252758026123],[[766.716552734375,230.00807189941407,46.66426086425781,-0.9970813393592835,-7.972587212634608e-8,0.07634636014699936,-6.015603304376782e-8,1,2.586293419426511e-7,-0.07634636014699936,2.5328179731332059e-7,-0.9970813393592835],5,0.8203282356262207],[[766.4503784179688,230.12159729003907,46.67958450317383,-0.9969462156295776,-8.023523179190306e-8,0.07809127122163773,-6.022394671845177e-8,1,2.58610185710495e-7,-0.07809127122163773,2.531174914111034e-7,-0.9969462156295776],5,0.8381712436676025],[[766.1839599609375,230.1806182861328,46.69430160522461,-0.9966668486595154,-8.112528604442559e-8,0.0815792977809906,-6.022843024311442e-8,1,2.5861473318400387e-7,-0.0815792977809906,2.5283932814090806e-7,-0.9966668486595154],5,0.8536303043365479],[[765.9175415039063,230.1851348876953,46.708152770996097,-0.9965225458145142,-8.158374953382008e-8,0.08332349359989166,-6.024489351830198e-8,1,2.586108394098119e-7,-0.08332349359989166,2.5269173420383597e-7,-0.9965225458145142],5,0.8713781833648682],[[765.651123046875,230.13516235351563,46.72146987915039,-0.9960715770721436,-8.287236141768517e-8,0.08855185657739639,-6.020714238275105e-8,1,2.586251639513648e-7,-0.08855185657739639,2.522777435842727e-7,-0.9960715770721436],5,0.8879585266113281],[[765.3847045898438,230.0306854248047,46.73352813720703,-0.9955933094024658,-8.417453045694856e-8,0.09377633780241013,-6.018641585114892e-8,1,2.586295693163265e-7,-0.09377633780241013,2.5184581886605886e-7,-0.9955933094024658],5,0.9050202369689941],[[765.1182861328125,229.8717041015625,46.74418640136719,-0.9943729043006897,-8.71541985247859e-8,0.10593666136264801,-6.009080522062504e-8,1,2.5865952579806619e-7,-0.10593666136264801,2.508381840016227e-7,-0.9943729043006897],5,0.9292750358581543],[[764.8516235351563,229.65823364257813,46.75185775756836,-0.9921548366546631,-9.182628701864815e-8,0.1250150203704834,-5.995562446514669e-8,1,2.586971277196426e-7,-0.1250150203704834,2.49172273925069e-7,-0.9921548366546631],5,0.937812328338623],[[764.5849609375,229.3902587890625,46.75469207763672,-0.989059329032898,-9.736612582855742e-8,0.14751818776130677,-5.985530293628472e-8,1,2.587184440017154e-7,-0.14751818776130677,2.4705815349079787e-7,-0.989059329032898],5,0.953404426574707],[[764.3182983398438,229.06777954101563,46.751609802246097,-0.9851564168930054,-1.0332481537034255e-7,0.1716591864824295,-5.97996177020832e-8,1,2.587268568277068e-7,-0.1716591864824295,2.446212477025256e-7,-0.9851564168930054],5,0.9706690311431885],[[764.0517578125,228.6907958984375,46.74207305908203,-0.9792748689651489,-1.1086397222470623e-7,0.20253579318523408,-5.96938534158653e-8,1,2.5875567644106925e-7,-0.20253579318523408,2.4130278575285049e-7,-0.9792748689651489],5,0.9887948036193848],[[763.7855834960938,228.25930786132813,46.72443771362305,-0.969924807548523,-1.2071610910879827e-7,0.24340485036373139,-5.951156722971973e-8,1,2.588049028418027e-7,-0.24340485036373139,2.365358824363284e-7,-0.969924807548523],5,1.003598928451538],[[763.5203857421875,227.77333068847657,46.696083068847659,-0.9537672400474548,-1.3427576561753086e-7,0.30054616928100588,-5.920679058135647e-8,1,2.588829488558986e-7,-0.30054616928100588,2.2911969210781536e-7,-0.9537672400474548],5,1.0205011367797852],[[763.2572631835938,227.23284912109376,46.652767181396487,-0.9278782606124878,-1.5116874862997066e-7,0.37288326025009158,-5.885039300324024e-8,1,2.5896238753375658e-7,-0.37288326025009158,2.1834124197539496e-7,-0.9278782606124878],5,1.0389785766601563],[[762.9979248046875,226.6378631591797,46.59120178222656,-0.8941760659217835,-1.6839415195590846e-7,0.44771552085876467,-5.864508523245604e-8,1,2.5899285560626597e-7,-0.44771552085876467,2.0532888811430895e-7,-0.8941760659217835],5,1.0536572933197022],[[762.7442626953125,225.98838806152345,46.50920104980469,-0.8553542494773865,-1.842998500478643e-7,0.518043577671051,-5.8611572484323918e-8,1,2.5898631861309698e-7,-0.518043577671051,1.9116168914479204e-7,-0.8553542494773865],5,1.07035231590271],[[762.4981079101563,225.28440856933595,46.40696716308594,-0.81305330991745,-1.984679727229377e-7,0.5821892619132996,-5.866613861371661e-8,1,2.589695213828236e-7,-0.5821892619132996,1.764012296234796e-7,-0.81305330991745],5,1.0877830982208253],[[762.2606811523438,224.5259246826172,46.285797119140628,-0.7395118474960327,-2.1742887668096956e-7,0.6731435656547546,-5.816497150590294e-8,1,2.5910549084073866e-7,-0.6731435656547546,1.5245819895426394e-7,-0.7395118474960327],5,1.1053197383880616],[[762.0210571289063,223.71295166015626,46.18574523925781,-0.7004115581512451,-1.914020941740091e-7,0.7137392163276672,-5.0633467196803397e-8,1,2.1848012465852663e-7,-0.7137392163276672,1.1688690193523144e-7,-0.7004115581512451],5,1.1225426197052003],[[761.7607421875,222.84547424316407,46.187660217285159,-0.6918825507164002,-5.170910455376543e-8,0.72201007604599,-2.6814678477649069e-8,1,4.592248359358564e-8,-0.72201007604599,1.2412495919988942e-8,-0.6918825507164002],7,1.1472630500793458],[[761.494384765625,222.43260192871095,46.19301986694336,-0.646953821182251,8.020851538503848e-8,0.762529194355011,-1.4390395541852286e-8,1,-1.1739673055899402e-7,-0.762529194355011,-8.692335740079216e-8,-0.646953821182251],7,1.15509033203125],[[761.2284545898438,222.49948120117188,46.17564392089844,-0.5875937342643738,9.488288554848623e-8,0.8091561198234558,-1.1972982605357175e-9,1,-1.181309912112738e-7,-0.8091561198234558,-7.038183724716873e-8,-0.5875937342643738],8,1.1715631484985352],[[760.9647216796875,222.58201599121095,46.13710403442383,-0.5403013229370117,1.0712340525742548e-7,0.8414716124534607,1.1962217882910409e-8,1,-1.19624004923935e-7,-0.8414716124534607,-5.456714546880903e-8,-0.5403013229370117],8,1.1872150897979737],[[760.7037353515625,222.6342315673828,46.082611083984378,-0.5061052441596985,1.1758841367282003e-7,0.8624717593193054,2.5044942120189263e-8,1,-1.2164228735400685e-7,-0.8624717593193054,-3.996324338118029e-8,-0.5061052441596985],8,1.2040114402770997],[[760.4453125,222.663818359375,46.016990661621097,-0.48791858553886416,1.267551539285705e-7,0.8728891611099243,3.8071927832561417e-8,1,-1.2393229553708807e-7,-0.8728891611099243,-2.7236298549837558e-8,-0.48791858553886416],8,1.2217302322387696],[[760.1885375976563,222.68011474609376,45.94522476196289,-0.47721073031425478,1.3542658905407735e-7,0.8787888884544373,5.105891176526711e-8,1,-1.2637930524306285e-7,-0.8787888884544373,-1.543955185923096e-8,-0.47721073031425478],8,1.236499309539795],[[759.9326782226563,222.6890106201172,45.86997985839844,-0.47106125950813296,9.110297582992644e-8,0.882100522518158,4.017494958930001e-8,1,-8.18252701151323e-8,-0.882100522518158,-3.1063696059874248e-9,-0.47106125950813296],8,1.2536890506744385],[[759.689453125,222.69386291503907,45.91704177856445,-0.4664326012134552,2.9145683200226814e-8,0.8845567107200623,2.1671931804689849e-8,1,-2.1521724846707003e-8,-0.8845567107200623,9.131618128321861e-9,-0.4664326012134552],8,1.2727279663085938],[[759.4534301757813,222.69650268554688,46.03898620605469,-0.45869219303131106,-3.2854515552571686e-8,0.8885952234268189,3.7114575857088995e-9,1,3.888939659191237e-8,-0.8885952234268189,2.113624653077295e-8,-0.45869219303131106],8,1.2928035259246827],[[759.2166748046875,222.69793701171876,46.161556243896487,-0.4368310272693634,-9.522788957383455e-8,0.8995435833930969,-1.2752664702020411e-8,1,9.966957748019922e-8,-0.8995435833930969,3.206718801607167e-8,-0.4368310272693634],8,1.3036448955535889],[[758.9772338867188,222.69873046875,46.27890396118164,-0.41629141569137576,-8.536549245263814e-8,0.9092312455177307,-1.534305660300106e-8,1,8.68627338945771e-8,-0.9092312455177307,2.220982331380128e-8,-0.41629141569137576],8,1.321458101272583],[[758.735107421875,222.6991424560547,46.39073944091797,-0.39553841948509219,-7.529080647827868e-8,0.9184494018554688,-1.822112416505206e-8,1,7.41289056804817e-8,-0.9184494018554688,1.258564896744474e-8,-0.39553841948509219],8,1.3402705192565919],[[758.4905395507813,222.69937133789063,46.497047424316409,-0.3810500204563141,-6.493139181884544e-8,0.9245544075965881,-2.1296402863413279e-8,1,6.145273800939322e-8,-0.9245544075965881,3.726884134636066e-9,-0.3810500204563141],8,1.353348970413208],[[758.2442626953125,222.6995086669922,46.5992431640625,-0.3761982023715973,-5.441108541504036e-8,0.9265391826629639,-2.443540303431746e-8,1,4.880368820181502e-8,-0.9265391826629639,-4.2804990663114499e-9,-0.3761982023715973],8,1.3703439235687256],[[757.9972534179688,222.69956970214845,46.69976043701172,-0.3761982023715973,-4.3881140499024698e-8,0.9265391826629639,-2.757171913003731e-8,1,3.6165449301961419e-8,-0.9265391826629639,-1.1940900712659186e-8,-0.3761982023715973],8,1.3855922222137452],[[757.7501831054688,222.69960021972657,46.800086975097659,-0.3729580342769623,-3.331819797836033e-8,0.927848219871521,-3.074946164360881e-8,1,2.354904538037772e-8,-0.927848219871521,-1.9748027213495335e-8,-0.3729580342769623],8,1.4051706790924073],[[757.5028686523438,222.69960021972657,46.8996696472168,-0.37133872509002688,-2.277173827280876e-8,0.9284974932670593,-3.394647052346045e-8,1,1.0948978612645988e-8,-0.9284974932670593,-2.7453433304458487e-8,-0.37133872509002688],8,1.4208829402923585],[[757.2553100585938,222.69960021972657,46.99876022338867,-0.3697182834148407,-1.2220838563337111e-8,0.9291439056396484,-3.716271379516911e-8,1,-1.6347259101934242e-9,-0.9291439056396484,-3.513389756903962e-8,-0.3697182834148407],8,1.4365594387054444],[[757.0077514648438,222.6655731201172,47.0977897644043,-0.3680958151817322,-1.6654987389230769e-9,0.9297878742218018,-4.039815593159801e-8,1,-1.4202049314349097e-8,-0.9297878742218018,-4.278943066537977e-8,-0.3680958151817322],8,1.4531517028808594],[[756.7601928710938,223.5386962890625,47.19681930541992,-0.36647123098373415,8.894265768333299e-9,0.9304293990135193,-4.3652754300183008e-8,1,-2.6752964288334625e-8,-0.9304293990135193,-5.041999528998531e-8,-0.36647123098373415],3,1.4734835624694825],[[756.51220703125,224.3607177734375,47.294734954833987,-0.36647123098373415,1.9370324011447339e-8,0.9304293990135193,-4.69045708939575e-8,1,-3.9293148290653338e-8,-0.9304293990135193,-5.804119851404721e-8,-0.36647123098373415],5,1.4942715167999268],[[756.26416015625,225.12823486328126,47.3924674987793,-0.3635195791721344,3.003838600079689e-8,0.9315865635871887,-5.018234006115563e-8,1,-5.182626239275123e-8,-0.9315865635871887,-6.558905596421028e-8,-0.3635195791721344],5,1.5039474964141846],[[756.0157470703125,225.8412628173828,47.48945617675781,-0.360379695892334,4.073928039360908e-8,0.9328057169914246,-5.3494122909114597e-8,1,-6.434081001316372e-8,-0.9328057169914246,-7.3086745544515e-8,-0.360379695892334],5,1.5200741291046143],[[755.7669677734375,226.49978637695313,47.58557891845703,-0.357129842042923,5.146201331740485e-8,0.9340547323226929,-5.684618287205012e-8,1,-7.683006231218315e-8,-0.9340547323226929,-8.05357558419928e-8,-0.357129842042923],5,1.5372545719146729],[[755.5179443359375,227.1038055419922,47.68083190917969,-0.3538641929626465,6.219899262305262e-8,0.9352968335151672,-6.023930154697155e-8,1,-8.929307426797095e-8,-0.9352968335151672,-8.79392487718178e-8,-0.3538641929626465],5,1.553847074508667],[[755.2684936523438,227.6533203125,47.775211334228519,-0.3520806133747101,7.27972420122569e-8,0.9359697103500366,-6.366694549342356e-8,1,-1.0172673370334451e-7,-0.9359697103500366,-9.54063423819207e-8,-0.3520806133747101],5,1.5710105895996094],[[755.0189819335938,228.14834594726563,47.86909103393555,-0.3518705368041992,8.321946864953134e-8,0.936048686504364,-6.711566413741821e-8,1,-1.1413455069941847e-7,-0.936048686504364,-1.0298411012854558e-7,-0.3518705368041992],5,1.586503505706787],[[754.7694702148438,228.5888671875,47.9629020690918,-0.35180407762527468,9.361184538647649e-8,0.9360736608505249,-7.056973316821314e-8,1,-1.265269702344085e-7,-0.9360736608505249,-1.1057117177415421e-7,-0.35180407762527468],5,1.6045374870300294],[[754.5199584960938,228.97488403320313,48.05671310424805,-0.35179635882377627,1.0398809990874725e-7,0.9360765814781189,-7.402191215533094e-8,1,-1.3890823424844712e-7,-0.9360765814781189,-1.181575868258733e-7,-0.35179635882377627],5,1.6205730438232422],[[754.3121337890625,229.2991943359375,48.15205764770508,-0.33001595735549929,0.025147046893835069,0.9436403512954712,0.0018589162500575185,0.9996604919433594,-0.02598981373012066,-0.9439735412597656,-0.006822905037552118,-0.3299506604671478],5,1.6375598907470704],[[754.3323974609375,229.5295867919922,48.26826477050781,-0.29611465334892275,0.02166864648461342,0.9549065828323364,-0.0032993496861308815,0.9997134804725647,-0.0237085223197937,-0.9551467299461365,-0.0101710120216012,-0.2959583103656769],5,1.6532533168792725],[[754.3720703125,229.70553588867188,48.4046745300293,-0.34553924202919009,0.007043356541544199,0.938377857208252,-0.0018943481845781208,0.9999645352363586,-0.008203175850212574,-0.9384024143218994,-0.004612133838236332,-0.34551364183425906],5,1.671476125717163],[[754.3851318359375,229.82691955566407,48.53359603881836,-0.3495903015136719,0.000872455071657896,0.9369022846221924,-0.0005125973257236183,0.9999992251396179,-0.0011224793270230294,-0.9369025230407715,-0.0008726614760234952,-0.34958958625793459],5,1.6881599426269532],[[754.3602294921875,229.89381408691407,48.6566047668457,-0.33822372555732729,-0.00039521572762168944,0.9410656690597534,-0.000008905932190828026,0.9999999403953552,0.00041676528053358197,-0.9410657286643982,0.00013257884711492807,-0.33822372555732729],5,1.7050323486328126],[[754.2963256835938,229.9062042236328,48.773841857910159,-0.2557598650455475,-0.0002936463279183954,0.9667403101921082,0.00006286604184424505,0.9999999403953552,0.00032038067001849413,-0.9667403697967529,0.0001427156530553475,-0.2557598352432251],5,1.7206685543060303],[[754.1937866210938,229.8640899658203,48.882347106933597,-0.013463616371154786,-0.00010537132766330615,0.9999093413352966,0.000011419151633162983,1,0.0001055346365319565,-0.9999093413352966,0.000012838977454521228,-0.013463614508509636],5,1.737584114074707],[[754.3766479492188,230.17221069335938,48.82223129272461,0.4195607900619507,-0.003643763717263937,0.9077199101448059,0.008287878707051278,0.9999656677246094,0.00018328279838897288,-0.9076893925666809,0.007446174044162035,0.41957658529281618],7,1.7542893886566163],[[754.5889282226563,230.46795654296876,48.7488899230957,0.7708890438079834,-0.004751182626932859,0.636951744556427,0.00837723445147276,0.9999613165855408,-0.0026798255275934936,-0.6369143724441528,0.00740174250677228,0.7708989977836609],7,1.770514965057373],[[754.6127319335938,230.6820068359375,48.68926239013672,0.9348715543746948,-0.002704460406675935,0.35497593879699709,0.0030949602369219066,0.9999950528144836,-0.0005322698852978647,-0.3549727499485016,0.0015962403267621995,0.9348753094673157],8,1.7867276668548585],[[754.6162719726563,231.5653533935547,48.64453125,0.9575093984603882,0.001960416790097952,0.28839531540870669,-0.0025318595580756666,0.9999955296516419,0.0016084571834653617,-0.2883908748626709,-0.0022702892310917379,0.9575100541114807],3,1.804741621017456],[[754.6219482421875,232.4140625,48.57773208618164,0.9061079025268555,0.0014110073680058122,0.423044353723526,-0.002217988483607769,0.999996542930603,0.001415299135260284,-0.42304089665412905,-0.0022207212168723346,0.9061078429222107],5,1.821209192276001],[[754.5980834960938,233.20828247070313,48.47673034667969,0.7448365688323975,0.0001012728171190247,0.6672468781471252,-0.0006864593597128987,0.9999995827674866,0.0006145057268440723,-0.6672465801239014,-0.0009157442837022245,0.7448363304138184],5,1.8373332023620606],[[754.5440673828125,233.947998046875,48.351741790771487,0.5047274827957153,-0.00019007333321496844,0.8632786870002747,-0.00001114998394768918,1,0.00022669507598038763,-0.8632787466049194,-0.00012404477456584573,0.5047274827957153],5,1.8533124923706055],[[754.4520263671875,234.63320922851563,48.2208137512207,0.29177165031433108,-0.00007871173875173554,0.9564880132675171,0.00009382409189129248,1,0.0000536719016963616,-0.9564880132675171,0.00007408169039990753,0.29177165031433108],5,1.8716089725494385],[[754.322021484375,235.263916015625,48.09980773925781,0.1493837982416153,-0.0000055298205552389849,0.9887793064117432,0.000049964488425757739,1,-0.0000019560111468308607,-0.9887793064117432,0.00004969604924554005,0.1493837982416153],5,1.8865795135498047],[[754.1575927734375,235.8401336669922,47.998291015625,0.059301845729351047,0.00000755146629671799,0.9982401132583618,0.000013213224519859068,1,-0.000008349728886969388,-0.9982401132583618,0.00001368512494082097,0.059301845729351047],5,1.9040210247039796],[[753.96240234375,236.36184692382813,47.921756744384769,0.02089492231607437,0.0000039052151805663019,0.9997816681861877,3.986076251294435e-7,1,-0.000003914398348570103,-0.9997816681861877,4.80311655337573e-7,0.02089492231607437],5,1.9210143089294434],[[753.7389526367188,236.8290557861328,47.87310028076172,-0.009488740004599095,9.026928751154628e-7,0.9999549984931946,-0.000001378978254251706,1,-9.158188163382874e-7,-0.9999549984931946,-0.0000013876061757400749,-0.009488740004599095],5,1.9375219345092774],[[753.4898071289063,237.24176025390626,47.85464859008789,-0.03304444998502731,-4.725113811332449e-8,0.9994539022445679,-7.075884695950663e-7,1,2.388230946337444e-8,-0.9994539022445679,-7.064128908496059e-7,-0.03304444998502731],5,1.9537467956542969],[[753.2247924804688,237.5999755859375,47.86138153076172,-0.0512116476893425,-1.2974911101082399e-7,0.9986878037452698,-1.7542429020522833e-7,1,1.2092402812413639e-7,-0.9986878037452698,-1.6900138177788905e-7,-0.0512116476893425],5,1.9704484939575196],[[752.92919921875,237.97109985351563,47.87169647216797,-0.07042834907770157,-3.654565006172561e-8,0.9975168108940125,5.2618666757098256e-8,1,4.035169709482034e-8,-0.9975168108940125,5.532990954293382e-8,-0.07042834907770157],5,1.9894444942474366],[[752.7815551757813,238.15289306640626,47.87684631347656,-0.09032031148672104,7.409174163086618e-9,0.9959127902984619,1.0295967456386279e-7,1,1.8979335880686678e-9,-0.9959127902984619,1.0271028116903835e-7,-0.09032031148672104],5,2.0125362873077394],[[752.6194458007813,238.3476104736328,47.882503509521487,-0.11120938509702683,4.929306740564243e-8,0.9937970042228699,1.2882856026408263e-7,1,-3.518437097227434e-8,-0.9937970042228699,1.2411659611188953e-7,-0.11120938509702683],5,2.0266366004943849],[[752.4970703125,238.48782348632813,47.886775970458987,-0.13375522196292878,6.452280132407395e-8,0.9910144209861755,1.0695368501956182e-7,1,-5.067250796741973e-8,-0.9910144209861755,9.921492960529577e-8,-0.13375522196292878],5,2.037885904312134],[[752.4143676757813,238.5735321044922,47.8896598815918,-0.1475914716720581,7.831535953073399e-8,0.989048421382904,8.531593920224623e-8,1,-6.645120009807215e-8,-0.989048421382904,7.457396833387975e-8,-0.1475914716720581],5,2.0541915893554689],[[752.3713989257813,238.60475158691407,47.89115905761719,-0.15104690194129945,9.097722397655161e-8,0.9885265827178955,6.375191219376575e-8,1,-8.229186221342388e-8,-0.9885265827178955,5.059053265199509e-8,-0.15104690194129945],5,2.0709519386291506],[[752.3637084960938,238.5814666748047,47.89142990112305,-0.15104690194129945,1.0336836453461729e-7,0.9885265827178955,4.2206313111137209e-8,1,-9.811898848965939e-8,-0.9885265827178955,2.6901494365461077e-8,-0.15104690194129945],5,2.0861873626708986],[[752.363525390625,238.50367736816407,47.89143371582031,-0.15622559189796449,1.1588848991550549e-7,0.9877213835716248,2.0762294994369769e-8,1,-1.1404519995039664e-7,-0.9877213835716248,2.690584199882551e-9,-0.15622559189796449],5,2.104846954345703],[[752.363525390625,238.3713836669922,47.89143371582031,-0.16139963269233704,1.2827096895762225e-7,0.986889123916626,-5.797166635623796e-10,1,-1.300698642126008e-7,-0.986889123916626,-2.1565345065255316e-8,-0.16139963269233704],5,2.1208105087280275],[[752.363525390625,238.18460083007813,47.89143371582031,-0.16484497487545014,1.4055429176096369e-7,0.9863194823265076,-2.184744474220679e-8,1,-1.4615521592986625e-7,-0.9863194823265076,-4.564151367958402e-8,-0.16484497487545014],5,2.1363041400909426],[[752.363525390625,237.9433135986328,47.89143371582031,-0.1734538972377777,1.5249909779413429e-7,0.9848420023918152,-4.2955811352385356e-8,1,-1.6241179423559516e-7,-0.9848420023918152,-7.047564309914378e-8,-0.1734538972377777],5,2.1534924507141115],[[752.363525390625,237.64752197265626,47.89143371582031,-0.18204794824123383,1.200135528733881e-7,0.9832896590232849,-4.480869009171329e-8,1,-1.3034906487519039e-7,-0.9832896590232849,-6.778969918741496e-8,-0.18204794824123383],5,2.1714835166931154],[[752.363525390625,237.29722595214845,47.89143371582031,-0.19405490159988404,7.261099455035947e-8,0.9809906482696533,-4.088724026019008e-8,1,-8.210614765857827e-8,-0.9809906482696533,-5.6043102603098308e-8,-0.19405490159988404],5,2.1875202655792238],[[752.363525390625,236.89244079589845,47.89143371582031,-0.20774371922016145,2.5295733507846309e-8,0.9781832695007324,-3.764306910625237e-8,1,-3.385443747561112e-8,-0.9781832695007324,-4.3854868181369969e-8,-0.20774371922016145],5,2.2035534381866457],[[752.363525390625,236.4331512451172,47.89143371582031,-0.22479838132858277,-2.195946358085621e-8,0.9744052886962891,-3.524427683032627e-8,1,1.4405307169340631e-8,-0.9744052886962891,-3.1103922992770097e-8,-0.22479838132858277],5,2.220266580581665],[[752.363525390625,235.9193572998047,47.89143371582031,-0.24517124891281129,-6.905213467689464e-8,0.9694797992706299,-3.3858661652175218e-8,1,6.266346019856428e-8,-0.9694797992706299,-1.74620087278754e-8,-0.24517124891281129],5,2.2367820739746095],[[752.363525390625,235.35107421875,47.89143371582031,-0.27048414945602419,-1.1589179393922677e-7,0.9627244472503662,-3.3737823201818176e-8,1,1.1090011753367435e-7,-0.9627244472503662,-2.4835051792848619e-9,-0.27048414945602419],5,2.2533233165740969],[[752.363525390625,234.72828674316407,47.89143371582031,-0.3006165325641632,-1.4436874096190878e-7,0.9537450671195984,-3.196764453150536e-8,1,1.412942935985484e-7,-0.9537450671195984,1.1986416303955139e-8,-0.3006165325641632],5,2.2703285217285158],[[752.4022216796875,234.05099487304688,48.01423263549805,-0.36158302426338198,-4.867656500096018e-8,0.9323399066925049,-5.255756274635814e-9,1,5.017072624013963e-8,-0.9323399066925049,1.3240732066321926e-8,-0.36158302426338198],7,2.289327383041382],[[752.4935302734375,233.5465850830078,48.25518798828125,-0.4305255711078644,4.69901060284883e-8,0.9025784134864807,2.8190051182264143e-8,1,-3.861556052697779e-8,-0.9025784134864807,8.818746621841456e-9,-0.4305255711078644],7,2.3109190464019777],[[752.6055297851563,233.54954528808595,48.496883392333987,-0.5235813856124878,8.637302073566389e-8,0.851975679397583,4.331923619815825e-8,1,-7.475785679389446e-8,-0.851975679397583,-2.2348813910610944e-9,-0.5235813856124878],8,2.3209500312805177],[[752.7405395507813,233.60708618164063,48.72663116455078,-0.6141418218612671,1.04881536344692e-7,0.7891956567764282,5.126316793280239e-8,1,-9.30044166125299e-8,-0.7891956567764282,-1.6661234170101126e-8,-0.6141418218612671],8,2.3365931510925295],[[752.8993530273438,233.6472625732422,48.94059371948242,-0.6798946857452393,1.2152140982379934e-7,0.7333097457885742,6.006997921303992e-8,1,-1.1002192223941165e-7,-0.7333097457885742,-3.0753422919360676e-8,-0.6798946857452393],8,2.3550496101379396],[[753.0774536132813,233.6705322265625,49.13886260986328,-0.7197225689888,8.696552811215952e-8,0.6942617893218994,4.386736307537831e-8,1,-7.978719196444217e-8,-0.6942617893218994,-2.6969212640892694e-8,-0.7197225689888],8,2.369472026824951],[[753.267578125,233.68345642089845,49.32566833496094,-0.7398728728294373,3.6504523848179818e-8,0.6727467179298401,1.7739193225452256e-8,1,-3.4752719813013758e-8,-0.6727467179298401,-1.3778610252757062e-8,-0.7398728728294373],8,2.3875784873962404],[[753.36669921875,233.69058227539063,49.421546936035159,-0.7560887336730957,-1.3429470868686622e-8,0.6544691324234009,-9.459937722056111e-9,1,9.590856109298329e-9,-0.6544691324234009,1.0603004030329544e-9,-0.7560887336730957],8,2.4047091007232668],[[753.3731079101563,233.69451904296876,49.42774963378906,-0.777387261390686,-6.293099374943267e-8,0.6290222406387329,-3.809095971973875e-8,1,5.2970406727581579e-8,-0.6290222406387329,1.721845599433891e-8,-0.777387261390686],8,2.4277267456054689],[[753.3731689453125,233.6967010498047,49.42787170410156,-0.804107666015625,-9.440356762979718e-8,0.5944837331771851,-5.798192859174378e-8,1,8.037201126853688e-8,-0.5944837331771851,3.015843930143092e-8,-0.804107666015625],8,2.43796968460083],[[753.3731689453125,233.69789123535157,49.42787170410156,-0.8341437578201294,-7.332059936970836e-8,0.551547110080719,-4.527695551814759e-8,1,6.446069988896852e-8,-0.551547110080719,2.879711402670182e-8,-0.8341437578201294],8,2.4546329975128176],[[753.3731689453125,233.6985321044922,49.42787170410156,-0.857422947883606,-5.263671098987288e-8,0.5146123766899109,-3.190102404460049e-8,1,4.9132204082980027e-8,-0.5146123766899109,2.5710418682933779e-8,-0.857422947883606],8,2.470787525177002],[[753.3731689453125,233.69888305664063,49.42787170410156,-0.87571781873703,-3.2317942100235089e-8,0.4828232526779175,-1.7983870392868085e-8,1,3.4317206853984319e-8,-0.4828232526779175,2.1369160663198273e-8,-0.87571781873703],8,2.487393617630005],[[753.3731689453125,233.69908142089845,49.42787170410156,-0.896735668182373,-1.1990431758590603e-8,0.44256651401519778,-3.4209024502018794e-9,1,2.0161458280654189e-8,-0.44256651401519778,1.65655222872374e-8,-0.896735668182373],8,2.503635883331299],[[753.3731689453125,233.69918823242188,49.42787170410156,-0.9102075099945068,7.843834026743935e-9,0.4141525626182556,1.1567132141010461e-8,1,6.482289371945171e-9,-0.4141525626182556,1.0690785146039162e-8,-0.9102075099945068],8,2.5207204818725588],[[753.3731689453125,233.69920349121095,49.42787170410156,-0.9234502911567688,2.7485295817086809e-8,0.38371801376342776,2.6987692081092974e-8,1,-6.680693775962254e-9,-0.38371801376342776,4.1863748023729389e-9,-0.9234502911567688],8,2.5369083881378176],[[753.2542724609375,233.69920349121095,49.37846755981445,-0.9338127374649048,4.686606303039298e-8,0.3577621579170227,4.275658582741926e-8,1,-1.9396727779508184e-8,-0.3577621579170227,-2.8162225884642568e-9,-0.9338127374649048],8,2.5569043159484865],[[753.013916015625,233.69342041015626,49.28546905517578,-0.941693902015686,6.604808788779337e-8,0.3364708423614502,5.87963704390404e-8,1,-3.17409458716611e-8,-0.3364708423614502,-1.0106989911662368e-8,-0.941693902015686],8,2.5770063400268556],[[752.7632446289063,233.6951141357422,49.19495391845703,-0.9457363486289978,8.516119720525239e-8,0.3249349594116211,7.497202147987991e-8,1,-4.387780094816662e-8,-0.3249349594116211,-1.7135802110601618e-8,-0.9457363486289978],8,2.586939573287964],[[752.51123046875,233.6967315673828,49.10783386230469,-0.9479837417602539,1.0426452234924e-7,0.3183187246322632,9.121817612367522e-8,1,-5.589106422121404e-8,-0.3183187246322632,-2.3947364979903797e-8,-0.9479837417602539],8,2.603950262069702],[[752.259033203125,234.55963134765626,49.0211181640625,-0.9485400319099426,1.2343110711299233e-7,0.31665724515914919,1.074714575111102e-7,1,-6.786559936244885e-8,-0.31665724515914919,-3.034162077142355e-8,-0.9485400319099426],3,2.6241579055786135],[[752.0061645507813,235.36802673339845,48.936302185058597,-0.9154165983200073,8.163252829263001e-8,0.4025076627731323,8.649263349980174e-8,1,-6.101099625510642e-9,-0.4025076627731323,2.9228900189082198e-8,-0.9154165983200073],5,2.6432230472564699],[[751.7532348632813,236.12191772460938,48.851802825927737,-0.9001412391662598,-7.099147580902354e-8,0.4355981945991516,-8.045502042364206e-9,1,1.4634906619903632e-7,-0.4355981945991516,1.2823022643715377e-7,-0.9001412391662598],5,2.6540582180023195],[[751.5003051757813,236.82131958007813,48.76730728149414,-0.8982972502708435,-1.5465904823486199e-7,0.4393882155418396,-5.88344626351045e-8,1,2.317044618393993e-7,-0.4393882155418396,1.8228831777378219e-7,-0.8982972502708435],5,2.670790195465088],[[751.2473754882813,237.46621704101563,48.68281173706055,-0.8980827331542969,-1.7421011477836147e-7,0.4398265480995178,-6.705845834176216e-8,1,2.591614247648977e-7,-0.4398265480995178,2.0325431648871018e-7,-0.8980827331542969],5,2.687427282333374],[[750.9944458007813,238.05661010742188,48.59831237792969,-0.8957391381263733,-1.7343765534