[[[776,222.69961547851563,47,1,0,0,0,1,0,0,0,1],8,0.018815994262695314],[[776,222.69961547851563,47,1,0,0,0,1,0,0,0,1],8,0.03795742988586426],[[776,222.69961547851563,47,1,0,0,0,1,0,0,0,1],8,0.04461216926574707],[[776,222.69961547851563,47,1,0,0,0,1,0,0,0,1],8,0.05091071128845215],[[776,222.69961547851563,47,1,0,0,0,1,0,0,0,1],8,0.06181764602661133],[[776,222.69961547851563,47,1,0,0,0,1,0,0,0,1],8,0.07087850570678711],[[776,222.69961547851563,47,1,0,0,0,1,0,0,0,1],8,0.08103489875793457],[[776,222.69961547851563,47,1,0,0,0,1,0,0,0,1],8,0.09257698059082031],[[776,222.69961547851563,47,1,0,0,0,1,0,0,0,1],8,0.10326504707336426],[[776,222.69961547851563,47,1,0,0,0,1,0,0,0,1],8,0.11622428894042969],[[776,222.69961547851563,47,1,0,0,0,1,0,0,0,1],8,0.12569236755371095],[[776,222.69961547851563,47,1,0,0,0,1,0,0,0,1],8,0.13719463348388673],[[776,222.69961547851563,47,1,0,0,0,1,0,0,0,1],8,0.14702796936035157],[[776,222.69961547851563,47,1,0,0,0,1,0,0,0,1],8,0.15744423866271974],[[776,222.69961547851563,47,1,0,0,0,1,0,0,0,1],8,0.16627120971679688],[[776,222.69961547851563,47,1,0,0,0,1,0,0,0,1],8,0.17596864700317384],[[776,222.69961547851563,47,1,0,0,0,1,0,0,0,1],8,0.18727922439575196],[[776,222.69961547851563,47,1,0,0,0,1,0,0,0,1],8,0.1991884708404541],[[775.774658203125,222.69961547851563,46.983428955078128,0.9830527305603027,0,0.18332313001155854,0,1,0,-0.18332313001155854,0,0.9830527305603027],8,0.2223367691040039],[[775.5101318359375,222.69961547851563,46.96318817138672,0.9350247383117676,0,0.3545825183391571,0,1,0,-0.3545825183391571,0,0.9350247383117676],8,0.2481229305267334],[[775.2442626953125,222.69961547851563,46.94271469116211,0.8673182129859924,0,0.4977540671825409,0,1,0,-0.4977540671825409,0,0.8673182129859924],8,0.2548818588256836],[[775.111328125,222.69961547851563,46.93230438232422,0.8302063345909119,0,0.5574561953544617,0,1,0,-0.5574561953544617,0,0.8302063345909119],8,0.26545190811157229],[[774.9119262695313,222.69961547851563,46.91660690307617,0.7735963463783264,0,0.6336787343025208,0,1,0,-0.6336787343025208,0,0.7735963463783264],8,0.27617645263671877],[[774.7789916992188,222.69961547851563,46.9061393737793,0.7359514236450195,0,0.6770343780517578,0,1,0,-0.6770343780517578,0,0.7359514236450195],8,0.2870748043060303],[[774.4466552734375,222.69961547851563,46.87997055053711,0.6427660584449768,0,0.7660624980926514,0,1,0,-0.7660624980926514,0,0.6427660584449768],8,0.3060750961303711],[[774.2472534179688,222.69961547851563,46.8642692565918,0.5900481939315796,0,0.8073680400848389,0,1,0,-0.8073680400848389,0,0.5900481939315796],8,0.3167908191680908],[[774.1143188476563,222.69961547851563,46.85380172729492,0.5575370192527771,0,0.8301520943641663,0,1,0,-0.8301520943641663,0,0.5575370192527771],8,0.3266012668609619],[[773.9813842773438,222.69961547851563,46.84367752075195,0.5268734693527222,0,0.8499437570571899,0,1,0,-0.8499437570571899,0,0.5268734693527222],8,0.333937406539917],[[773.781982421875,222.69961547851563,46.82864761352539,0.48357337713241579,0,0.8753038048744202,0,1,0,-0.8753038048744202,0,0.48357337713241579],8,0.34653735160827639],[[773.5825805664063,222.69961547851563,46.81391906738281,0.4433799684047699,0,0.8963337540626526,0,1,0,-0.8963337540626526,0,0.4433799684047699],8,0.3578681945800781],[[773.4495849609375,222.69961547851563,46.80448532104492,0.41846776008605959,0,0.9082316160202026,0,1,0,-0.9082316160202026,0,0.41846776008605959],8,0.3678617477416992],[[773.3165283203125,222.69961547851563,46.79533386230469,0.3950934112071991,0,0.9186409711837769,0,1,0,-0.9186409711837769,0,0.3950934112071991],8,0.37745141983032229],[[773.116943359375,222.69961547851563,46.781707763671878,0.36242198944091799,0,0.9320141077041626,0,1,0,-0.9320141077041626,0,0.36242198944091799],8,0.38848280906677248],[[772.98388671875,222.69961547851563,46.77314758300781,0.34211933612823489,0,0.9396564960479736,0,1,0,-0.9396564960479736,0,0.34211933612823489],8,0.4001929759979248],[[772.7177734375,222.69961547851563,46.75754928588867,0.3042103350162506,0,0.9526048898696899,0,1,0,-0.9526048898696899,0,0.3042103350162506],8,0.41224050521850588],[[772.5845947265625,222.69961547851563,46.750205993652347,0.2868068814277649,0,0.957988440990448,0,1,0,-0.957988440990448,0,0.2868068814277649],8,0.4242594242095947],[[772.3848266601563,222.69961547851563,46.739925384521487,0.26270392537117007,0,0.9648764729499817,0,1,0,-0.9648764729499817,0,0.26270392537117007],8,0.4346885681152344],[[772.1184692382813,223.56251525878907,46.72636032104492,0.2309739589691162,0,0.9729599356651306,0,1,0,-0.9729599356651306,0,0.2309739589691162],3,0.45583677291870119],[[771.8521118164063,224.37091064453126,46.71443557739258,0.20407624542713166,0,0.9789549708366394,0,1,0,-0.9789549708366394,0,0.20407624542713166],5,0.47945427894592287],[[771.5189819335938,225.3047637939453,46.70193099975586,0.17530801892280579,0,0.9845136404037476,0,1,0,-0.9845136404037476,0,0.17530801892280579],5,0.48793983459472659],[[771.3856811523438,225.6544647216797,46.697731018066409,0.16495569050312043,0,0.9863010048866272,0,1,0,-0.9863010048866272,0,0.16495569050312043],5,0.4979097843170166],[[771.2523803710938,225.99053955078126,46.69408416748047,0.15531772375106812,0,0.9878645539283752,0,1,0,-0.9878645539283752,0,0.15531772375106812],5,0.5069785118103027],[[771.0524291992188,226.46910095214845,46.68938446044922,0.14172548055648805,0,0.9899060130119324,0,1,0,-0.9899060130119324,0,0.14172548055648805],5,0.5164399147033691],[[770.9191284179688,226.7711181640625,46.686866760253909,0.13316471874713899,0,0.9910939335823059,0,1,0,-0.9910939335823059,0,0.13316471874713899],5,0.525550365447998],[[770.7858276367188,227.0594940185547,46.685203552246097,0.1248699277639389,0,0.9921731352806091,0,1,0,-0.9921731352806091,0,0.1248699277639389],5,0.5356118679046631],[[770.5858764648438,227.46652221679688,46.68363571166992,0.11289115995168686,0,0.9936073422431946,0,1,0,-0.9936073422431946,0,0.11289115995168686],5,0.5473527908325195],[[770.4525756835938,227.72084045410157,46.683040618896487,0.1053268313407898,0,0.9944376349449158,0,1,0,-0.9944376349449158,0,0.1053268313407898],5,0.5565202236175537],[[770.2526245117188,228.0767822265625,46.68231964111328,0.09477250277996063,0,0.9954989552497864,0,1,0,-0.9954989552497864,0,0.09477250277996063],5,0.5689177513122559],[[770.0526733398438,228.40206909179688,46.682186126708987,0.08497872203588486,0,0.9963827729225159,0,1,0,-0.9963827729225159,0,0.08497872203588486],5,0.5792241096496582],[[769.9193725585938,228.6018829345703,46.68218231201172,0.07897081971168518,0,0.9968769550323486,0,1,0,-0.9968769550323486,0,0.07897081971168518],5,0.5898535251617432],[[769.7194213867188,228.87606811523438,46.68274688720703,0.07050123810768128,0,0.9975116848945618,0,1,0,-0.9975116848945618,0,0.07050123810768128],5,0.6030659675598145],[[769.5194702148438,229.11959838867188,46.68372344970703,0.06264243274927139,0,0.9980360269546509,0,1,0,-0.9980360269546509,0,0.06264243274927139],5,0.615121603012085],[[769.3195190429688,229.3324737548828,46.68505096435547,0.05540313944220543,0,0.998464047908783,0,1,0,-0.998464047908783,0,0.05540313944220543],5,0.6266512870788574],[[769.1195678710938,229.5146942138672,46.68701171875,0.04862695559859276,0,0.9988170266151428,0,1,0,-0.9988170266151428,0,0.04862695559859276],5,0.6380469799041748],[[768.9862670898438,229.619140625,46.68891906738281,0.04426303505897522,0,0.9990199208259583,0,1,0,-0.9990199208259583,0,0.04426303505897522],5,0.6482584476470947],[[768.8529663085938,229.7099609375,46.691162109375,0.040044885128736499,0,0.9991979002952576,0,1,0,-0.9991979002952576,0,0.040044885128736499],5,0.6580383777618408],[[768.5863647460938,229.85073852539063,46.695804595947269,0.032161302864551547,0,0.9994826912879944,0,1,0,-0.9994826912879944,0,0.032161302864551547],5,0.6699981689453125],[[768.3864135742188,229.92054748535157,46.699012756347659,0.0269940048456192,0,0.9996355772018433,0,1,0,-0.9996355772018433,0,0.0269940048456192],5,0.6858041286468506],[[768.1864624023438,229.95970153808595,46.7021598815918,0.02245674841105938,0,0.9997478127479553,0,1,0,-0.9997478127479553,0,0.02245674841105938],5,0.7083337306976318],[[767.9198608398438,229.96421813964845,46.706356048583987,0.01712409406900406,0,0.9998533725738525,0,1,0,-0.9998533725738525,0,0.01712409406900406],5,0.7151527404785156],[[767.7865600585938,229.946044921875,46.70845413208008,0.01475064642727375,0,0.9998912215232849,0,1,0,-0.9998912215232849,0,0.01475064642727375],5,0.7221450805664063],[[767.6532592773438,229.91424560546876,46.71055221557617,0.01258452981710434,0,0.9999207854270935,0,1,0,-0.9999207854270935,0,0.01258452981710434],5,0.7322909832000732],[[767.4533081054688,229.84100341796876,46.71369934082031,0.009618641808629036,0,0.9999537467956543,0,1,0,-0.9999537467956543,0,0.009618641808629036],5,0.741595983505249],[[767.3200073242188,229.77513122558595,46.715797424316409,0.007816769182682038,0,0.9999694228172302,0,1,0,-0.9999694228172302,0,0.007816769182682038],5,0.7524998188018799],[[767.1867065429688,229.69564819335938,46.7178955078125,0.00615449296310544,0,0.9999810457229614,0,1,0,-0.9999810457229614,0,0.00615449296310544],5,0.7614595890045166],[[766.9867553710938,229.5508575439453,46.72104263305664,0.003867315361276269,0,0.9999925494194031,0,1,0,-0.9999925494194031,0,0.003867315361276269],5,0.7707750797271729],[[766.8534545898438,229.43731689453126,46.723140716552737,0.002475399523973465,0,0.9999969601631165,0,1,0,-0.9999969601631165,0,0.002475399523973465],5,0.7797322273254395],[[766.6535034179688,229.24143981933595,46.726287841796878,0.0005690014804713428,0,0.9999998211860657,0,1,0,-0.9999998211860657,0,0.0005690014804713428],5,0.7906742095947266],[[766.3869018554688,228.93258666992188,46.73048400878906,-0.0016994316829368473,0,0.9999985694885254,0,1,0,-0.9999985694885254,0,-0.0016994316829368473],5,0.8108582496643066],[[766.2536010742188,228.75772094726563,46.732582092285159,-0.002711803885176778,0,0.9999963045120239,0,1,0,-0.9999963045120239,0,-0.002711803885176778],5,0.8184773921966553],[[766.1203002929688,228.56922912597657,46.73468017578125,-0.003636241890490055,0,0.9999933838844299,0,1,0,-0.9999933838844299,0,-0.003636241890490055],5,0.8295292854309082],[[765.9203491210938,228.2609405517578,46.73782730102539,-0.004902288783341646,0,0.9999879598617554,0,1,0,-0.9999879598617554,0,-0.004902288783341646],5,0.840599775314331],[[765.7203979492188,227.92201232910157,46.74097442626953,-0.006042287219315767,0,0.9999817609786987,0,1,0,-0.9999817609786987,0,-0.006042287219315767],5,0.8510267734527588],[[765.5870971679688,227.67901611328126,46.74272537231445,-0.006606421433389187,0,0.9999781847000122,0,1,0,-0.9999781847000122,0,-0.006606421433389187],5,0.8627092838287354],[[765.3871459960938,227.2889862060547,46.74433898925781,-0.006924042012542486,0,0.9999760389328003,0,1,0,-0.9999760389328003,0,-0.006924042012542486],5,0.8730587959289551],[[765.2538452148438,227.01193237304688,46.74510955810547,-0.006920936983078718,0,0.9999760389328003,0,1,0,-0.9999760389328003,0,-0.006920936983078718],5,0.8822336196899414],[[765.0538940429688,226.57080078125,46.74616622924805,-0.00679785618558526,0,0.9999768733978272,0,1,0,-0.9999768733978272,0,-0.00679785618558526],5,0.8922860622406006],[[764.8539428710938,226.09902954101563,46.74721908569336,-0.006646427791565657,0,0.9999778866767883,0,1,0,-0.9999778866767883,0,-0.006646427791565657],5,0.904287576675415],[[764.7206420898438,225.76747131347657,46.747920989990237,-0.006548736710101366,0,0.9999785423278809,0,1,0,-0.9999785423278809,0,-0.006548736710101366],5,0.9146826267242432],[[764.5873413085938,225.42230224609376,46.74862289428711,-0.006457158830016851,0,0.9999791383743286,0,1,0,-0.9999791383743286,0,-0.006457158830016851],5,0.9250996112823486],[[764.3207397460938,224.69107055664063,46.7496223449707,-0.006128376349806786,0,0.9999812245368958,0,1,0,-0.9999812245368958,0,-0.006128376349806786],5,0.9367926120758057],[[764.1874389648438,224.3050079345703,46.75008773803711,-0.0059483773075044159,0,0.9999822974205017,0,1,0,-0.9999822974205017,0,-0.0059483773075044159],5,0.9485294818878174],[[763.9874877929688,223.7003936767578,46.75078582763672,-0.005694419611245394,0,0.9999837875366211,0,1,0,-0.9999837875366211,0,-0.005694419611245394],5,0.9580690860748291],[[763.8541870117188,223.2802734375,46.751251220703128,-0.005538527853786945,0,0.9999846816062927,0,1,0,-0.9999846816062927,0,-0.005538527853786945],7,0.9707672595977783],[[763.6542358398438,222.6245574951172,46.751949310302737,-0.005324455909430981,0,0.9999858140945435,0,1,0,-0.9999858140945435,0,-0.005324455909430981],7,0.9801735877990723],[[763.4542846679688,222.43910217285157,46.752647399902347,-0.0051314951851964,0,0.9999868273735046,0,1,0,-0.9999868273735046,0,-0.0051314951851964],7,0.9919183254241943],[[763.2543334960938,222.4810028076172,46.75334548950195,-0.004958561155945063,0,0.9999877214431763,0,1,0,-0.9999877214431763,0,-0.004958561155945063],7,1.0071334838867188],[[763.0543823242188,222.5475311279297,46.75404357910156,-0.00480381166562438,0,0.9999884366989136,0,1,0,-0.9999884366989136,0,-0.00480381166562438],8,1.0300655364990235],[[762.7211303710938,223.61764526367188,46.75520706176758,-0.0045525385066866879,0,0.9999896287918091,0,1,0,-0.9999896287918091,0,-0.0045525385066866879],3,1.0376410484313965],[[762.5878295898438,224.02183532714845,46.755672454833987,-0.004468157887458801,0,0.9999900460243225,0,1,0,-0.9999900460243225,0,-0.004468157887458801],5,1.0497233867645264],[[762.3878784179688,224.6025848388672,46.756370544433597,-0.004361857660114765,0,0.9999904632568359,0,1,0,-0.9999904632568359,0,-0.004361857660114765],5,1.0714795589447022],[[762.1212768554688,225.32923889160157,46.757301330566409,-0.004239765461534262,0,0.9999909996986389,0,1,0,-0.9999909996986389,0,-0.004239765461534262],5,1.0781795978546143],[[761.9879760742188,225.672119140625,46.75776672363281,-0.0041857147589325909,0,0.999991238117218,0,1,0,-0.999991238117218,0,-0.0041857147589325909],5,1.0856575965881348],[[761.8546752929688,226.0013885498047,46.75823211669922,-0.004136441275477409,0,0.9999914169311523,0,1,0,-0.9999914169311523,0,-0.004136441275477409],5,1.093400478363037],[[761.7213745117188,226.3170166015625,46.758697509765628,-0.004090995993465185,0,0.9999916553497315,0,1,0,-0.9999916553497315,0,-0.004090995993465185],5,1.1020562648773194],[[761.5214233398438,226.76492309570313,46.759395599365237,-0.004028478171676397,0,0.9999918937683106,0,1,0,-0.9999918937683106,0,-0.004028478171676397],5,1.1125082969665528],[[761.3881225585938,227.04649353027345,46.75986099243164,-0.00399043271318078,0,0.9999920129776001,0,1,0,-0.9999920129776001,0,-0.00399043271318078],5,1.1208178997039796],[[761.2548217773438,227.31443786621095,46.76032638549805,-0.003955317661166191,0,0.9999921917915344,0,1,0,-0.9999921917915344,0,-0.003955317661166191],5,1.1313087940216065],[[761.1215209960938,227.56875610351563,46.76079177856445,-0.0039227684028446678,0,0.999992311000824,0,1,0,-0.999992311000824,0,-0.0039227684028446678],5,1.139556884765625],[[760.9882202148438,227.80946350097657,46.76125717163086,-0.0038925439585000278,0,0.9999924302101135,0,1,0,-0.9999924302101135,0,-0.0038925439585000278],5,1.1493682861328126],[[760.7882690429688,228.14495849609376,46.76195526123047,-0.003850830951705575,0,0.9999926090240479,0,1,0,-0.9999926090240479,0,-0.003850830951705575],5,1.158080816268921],[[760.5883178710938,228.44979858398438,46.76265335083008,-0.0038131619803607466,0,0.9999927282333374,0,1,0,-0.9999927282333374,0,-0.0038131619803607466],5,1.170302152633667],[[760.4550170898438,228.63600158691407,46.763118743896487,-0.0037903639022260906,0,0.9999927878379822,0,1,0,-0.9999927878379822,0,-0.0037903639022260906],5,1.1796495914459229],[[760.3217163085938,228.80856323242188,46.76358413696289,-0.003769353497773409,0,0.9999929070472717,0,1,0,-0.9999929070472717,0,-0.003769353497773409],5,1.1895155906677247],[[760.1884155273438,228.96751403808595,46.7640495300293,-0.0037498921155929567,0,0.9999929666519165,0,1,0,-0.9999929666519165,0,-0.0037498921155929567],5,1.1997449398040772],[[759.9884643554688,229.18038940429688,46.764747619628909,-0.003723065136000514,0,0.999993085861206,0,1,0,-0.999993085861206,0,-0.003723065136000514],5,1.2119042873382569],[[759.7885131835938,229.36260986328126,46.765445709228519,-0.0036988486535847189,0,0.9999931454658508,0,1,0,-0.9999931454658508,0,-0.0036988486535847189],5,1.2219150066375733],[[759.6552124023438,229.46705627441407,46.76591110229492,-0.003684193128719926,0,0.9999932050704956,0,1,0,-0.9999932050704956,0,-0.003684193128719926],5,1.232426404953003],[[759.4552612304688,229.59817504882813,46.76660919189453,-0.00366415549069643,0,0.9999932646751404,0,1,0,-0.9999932646751404,0,-0.00366415549069643],5,1.255464792251587],[[759.1220092773438,229.74859619140626,46.76777267456055,-0.003634572960436344,0,0.9999933838844299,0,1,0,-0.9999933838844299,0,-0.003634572960436344],5,1.264190435409546],[[758.9887084960938,229.78492736816407,46.768409729003909,-0.003686842741444707,0,0.9999932050704956,0,1,0,-0.9999932050704956,0,-0.003686842741444707],5,1.2727982997894288],[[758.8554077148438,229.8076171875,46.76927185058594,-0.003835983807221055,0,0.9999926686286926,0,1,0,-0.9999926686286926,0,-0.003835983807221055],5,1.2826976776123047],[[758.6554565429688,229.8161163330078,46.77065658569336,-0.004127209540456533,0,0.9999914765357971,0,1,0,-0.9999914765357971,0,-0.004127209540456533],5,1.3037149906158448],[[758.1889038085938,229.71673583984376,46.774662017822269,-0.005129318684339523,0,0.9999868273735046,0,1,0,-0.9999868273735046,0,-0.005129318684339523],5,1.331359624862671],[[757.9223022460938,229.5850067138672,46.77778244018555,-0.005970895290374756,0,0.9999821782112122,0,1,0,-0.9999821782112122,0,-0.005970895290374756],5,1.336897850036621],[[757.8556518554688,229.54356384277345,46.778812408447269,-0.006262741982936859,0,0.9999803900718689,0,1,0,-0.9999803900718689,0,-0.006262741982936859],5,1.3435852527618409],[[757.7223510742188,229.450439453125,46.781246185302737,-0.006996762473136187,0,0.9999755024909973,0,1,0,-0.9999755024909973,0,-0.006996762473136187],5,1.3518385887145997],[[757.5223999023438,229.2852325439453,46.78535079956055,-0.00830125343054533,0,0.9999655485153198,0,1,0,-0.9999655485153198,0,-0.00830125343054533],5,1.3642687797546387],[[757.3890991210938,229.15805053710938,46.78848648071289,-0.009295297786593438,0,0.9999567866325378,0,1,0,-0.9999567866325378,0,-0.009295297786593438],5,1.3735864162445069],[[757.1891479492188,228.94174194335938,46.79448699951172,-0.011250718496739865,0,0.9999366998672485,0,1,0,-0.9999366998672485,0,-0.011250718496739865],5,1.382765293121338],[[757.0558471679688,228.78050231933595,46.7988395690918,-0.01267662551254034,0,0.9999196529388428,0,1,0,-0.9999196529388428,0,-0.01267662551254034],5,1.3915481567382813],[[756.9225463867188,228.6056365966797,46.803253173828128,-0.01407486479729414,0,0.9999009370803833,0,1,0,-0.9999009370803833,0,-0.01407486479729414],5,1.4017114639282227],[[756.7225952148438,228.3177947998047,46.81017303466797,-0.01615946926176548,0,0.9998694062232971,0,1,0,-0.9998694062232971,0,-0.01615946926176548],5,1.411696195602417],[[756.5892944335938,228.10885620117188,46.81482696533203,-0.017474332824349405,0,0.9998472929000855,0,1,0,-0.9998472929000855,0,-0.017474332824349405],5,1.421100378036499],[[756.4560546875,227.8863067626953,46.819828033447269,-0.018824974074959756,0,0.9998227953910828,0,1,0,-0.9998227953910828,0,-0.018824974074959756],5,1.4314675331115723],[[756.2562866210938,227.5269317626953,46.82777404785156,-0.020924746990203859,0,0.99978107213974,0,1,0,-0.99978107213974,0,-0.020924746990203859],5,1.4416964054107667],[[756.1231079101563,227.27032470703126,46.83329772949219,-0.022328712046146394,0,0.9997506737709045,0,1,0,-0.9997506737709045,0,-0.022328712046146394],5,1.452601432800293],[[755.92333984375,226.85984802246095,46.84195327758789,-0.024450130760669709,0,0.9997010231018066,0,1,0,-0.9997010231018066,0,-0.024450130760669709],5,1.4635241031646729],[[755.7235717773438,226.41871643066407,46.8509635925293,-0.026556486263871194,0,0.999647319316864,0,1,0,-0.999647319316864,0,-0.026556486263871194],5,1.474153995513916],[[755.5903930664063,226.10760498046876,46.85718536376953,-0.027941754087805749,0,0.9996095299720764,0,1,0,-0.9996095299720764,0,-0.027941754087805749],5,1.4851405620574952],[[755.3240356445313,225.4445037841797,46.869747161865237,-0.030564522370696069,0,0.9995328187942505,0,1,0,-0.9995328187942505,0,-0.030564522370696069],5,1.5043489933013917],[[755.124267578125,224.91140747070313,46.87917709350586,-0.03232667222619057,0,0.9994773268699646,0,1,0,-0.9994773268699646,0,-0.03232667222619057],5,1.5131809711456299],[[755.0576782226563,224.72689819335938,46.88239288330078,-0.032889727503061298,0,0.9994589686393738,0,1,0,-0.9994589686393738,0,-0.032889727503061298],5,1.5213780403137208],[[754.85791015625,224.15292358398438,46.892147064208987,-0.03452274575829506,0,0.9994038939476013,0,1,0,-0.9994038939476013,0,-0.03452274575829506],5,1.5310490131378174],[[754.6581420898438,223.54830932617188,46.901920318603519,-0.03602663055062294,0,0.9993508458137512,0,1,0,-0.9993508458137512,0,-0.03602663055062294],5,1.540621042251587],[[754.5249633789063,223.12818908691407,46.90861129760742,-0.037003785371780398,0,0.9993151426315308,0,1,0,-0.9993151426315308,0,-0.037003785371780398],7,1.5514295101165772],[[754.3251953125,222.57630920410157,46.91872787475586,-0.03840436786413193,0,0.999262273311615,0,1,0,-0.999262273311615,0,-0.03840436786413193],7,1.5635230541229249],[[754.1254272460938,222.49566650390626,46.928855895996097,-0.039686765521764758,0,0.9992121458053589,0,1,0,-0.9992121458053589,0,-0.039686765521764758],7,1.5746734142303467],[[753.9922485351563,222.5210418701172,46.93560791015625,-0.040465522557497028,0,0.9991809129714966,0,1,0,-0.9991809129714966,0,-0.040465522557497028],7,1.5832691192626954],[[753.8590698242188,222.55662536621095,46.942359924316409,-0.04118384048342705,0,0.9991515874862671,0,1,0,-0.9991515874862671,0,-0.04118384048342705],8,1.5934712886810303],[[753.7258911132813,222.58958435058595,46.94911193847656,-0.041849520057439807,0,0.9991239309310913,0,1,0,-0.9991239309310913,0,-0.041849520057439807],8,1.6028552055358887],[[753.526123046875,222.6277618408203,46.9592399597168,-0.04276730492711067,0,0.9990850687026978,0,1,0,-0.9990850687026978,0,-0.04276730492711067],8,1.613095760345459],[[753.3929443359375,222.64605712890626,46.96599197387695,-0.04332622513175011,0,0.9990609884262085,0,1,0,-0.9990609884262085,0,-0.04332622513175011],8,1.6233537197113038],[[753.1265869140625,223.51918029785157,46.979496002197269,-0.044425155967473987,0,0.9990127086639404,0,1,0,-0.9990127086639404,0,-0.044425155967473987],3,1.642590045928955],[[752.8602294921875,224.34120178222657,46.99300003051758,-0.04533640667796135,0,0.9989717602729797,0,1,0,-0.9989717602729797,0,-0.04533640667796135],5,1.6670598983764649],[[752.5272827148438,225.29208374023438,47.00988006591797,-0.04626866802573204,0,0.9989290237426758,0,1,0,-0.9989290237426758,0,-0.04626866802573204],5,1.6734991073608399],[[752.460693359375,225.4720458984375,47.01325607299805,-0.0464337058365345,0,0.9989213943481445,0,1,0,-0.9989213943481445,0,-0.0464337058365345],5,1.682680606842041],[[752.3275146484375,225.82174682617188,47.0200080871582,-0.04673673212528229,0,0.9989072680473328,0,1,0,-0.9989072680473328,0,-0.04673673212528229],5,1.6904499530792237],[[752.0611572265625,226.4802703857422,47.033512115478519,-0.04727907478809357,0,0.9988816976547241,0,1,0,-0.9988816976547241,0,-0.04727907478809357],5,1.7042503356933594],[[751.927978515625,226.78909301757813,47.04026412963867,-0.04752125218510628,0,0.9988702535629273,0,1,0,-0.9988702535629273,0,-0.04752125218510628],5,1.716489315032959],[[751.7282104492188,227.22677612304688,47.050392150878909,-0.047849059104919437,0,0.9988545775413513,0,1,0,-0.9988545775413513,0,-0.047849059104919437],5,1.7394657135009766],[[751.395263671875,227.88812255859376,47.0672721862793,-0.04833097383379936,0,0.9988313913345337,0,1,0,-0.9988313913345337,0,-0.04833097383379936],5,1.7469356060028077],[[751.3286743164063,228.0101776123047,47.070648193359378,-0.0484175868332386,0,0.9988271594047546,0,1,0,-0.9988271594047546,0,-0.0484175868332386],5,1.7527034282684327],[[751.0623168945313,228.46432495117188,47.08415222167969,-0.04872868210077286,0,0.9988120794296265,0,1,0,-0.9988120794296265,0,-0.04872868210077286],5,1.7689173221588135],[[750.9291381835938,228.67095947265626,47.090904235839847,-0.04886651784181595,0,0.9988053441047669,0,1,0,-0.9988053441047669,0,-0.04886651784181595],5,1.7765617370605469],[[750.7959594726563,228.8639678955078,47.09765625,-0.04899219423532486,0,0.9987991452217102,0,1,0,-0.9987991452217102,0,-0.04899219423532486],5,1.7833788394927979],[[750.6627807617188,229.04335021972657,47.104408264160159,-0.0491081066429615,0,0.9987934827804565,0,1,0,-0.9987934827804565,0,-0.0491081066429615],5,1.7911384105682374],[[750.5296020507813,229.2091064453125,47.11116027832031,-0.04921552538871765,0,0.9987881779670715,0,1,0,-0.9987881779670715,0,-0.04921552538871765],5,1.7992982864379883],[[750.3964233398438,229.3612518310547,47.11791229248047,-0.04931526631116867,0,0.9987832903862,0,1,0,-0.9987832903862,0,-0.04931526631116867],5,1.8109893798828126],[[750.0634765625,229.68197631835938,47.13479232788086,-0.04954167827963829,0,0.9987720847129822,0,1,0,-0.9987720847129822,0,-0.04954167827963829],5,1.8306806087493897],[[749.9302978515625,229.7864227294922,47.141544342041019,-0.049621693789958957,0,0.9987680912017822,0,1,0,-0.9987680912017822,0,-0.049621693789958957],5,1.8402349948883057],[[749.7305297851563,229.91754150390626,47.15167236328125,-0.04972878471016884,0,0.9987627863883972,0,1,0,-0.9987627863883972,0,-0.04972878471016884],5,1.8504505157470704],[[749.5973510742188,229.98793029785157,47.158424377441409,-0.049793317914009097,0,0.9987595677375794,0,1,0,-0.9987595677375794,0,-0.049793317914009097],5,1.8596632480621338],[[749.3975830078125,230.06796264648438,47.168270111083987,-0.04977225884795189,0,0.9987605810165405,0,1,0,-0.9987605810165405,0,-0.04977225884795189],5,1.8734219074249268],[[749.1312255859375,230.12698364257813,47.180519104003909,-0.0493476428091526,0,0.998781681060791,0,1,0,-0.998781681060791,0,-0.0493476428091526],5,1.8988006114959717],[[748.8648681640625,230.13150024414063,47.191837310791019,-0.04850108548998833,0,0.9988231062889099,0,1,0,-0.9988231062889099,0,-0.04850108548998833],5,1.904834270477295],[[748.6651000976563,230.09913635253907,47.20022201538086,-0.04782584309577942,0,0.998855710029602,0,1,0,-0.998855710029602,0,-0.04782584309577942],5,1.916140079498291],[[748.5985107421875,230.08152770996095,47.2030143737793,-0.04761392995715141,0,0.9988658428192139,0,1,0,-0.9988658428192139,0,-0.04761392995715141],5,1.9237384796142579],[[748.46533203125,230.03610229492188,47.20859909057617,-0.04721365496516228,0,0.9988847970962524,0,1,0,-0.9988847970962524,0,-0.04721365496516228],5,1.9336247444152833],[[748.2655639648438,229.94241333007813,47.216976165771487,-0.04666023328900337,0,0.9989108443260193,0,1,0,-0.9989108443260193,0,-0.04666023328900337],5,1.9421627521514893],[[748.1323852539063,229.86293029785157,47.22256088256836,-0.046322863548994067,0,0.9989265203475952,0,1,0,-0.9989265203475952,0,-0.046322863548994067],5,1.9511744976043702],[[747.9992065429688,229.76980590820313,47.228145599365237,-0.04601133614778519,0,0.9989409446716309,0,1,0,-0.9989409446716309,0,-0.04601133614778519],5,1.959514856338501],[[747.8660278320313,229.66307067871095,47.23373031616211,-0.04572249948978424,0,0.998954176902771,0,1,0,-0.998954176902771,0,-0.04572249948978424],5,1.9696943759918213],[[747.7328491210938,229.54270935058595,47.239315032958987,-0.04545426741242409,0,0.99896639585495,0,1,0,-0.99896639585495,0,-0.04545426741242409],5,1.9794325828552247],[[747.5330810546875,229.3366241455078,47.2476921081543,-0.045084089040756229,0,0.9989832043647766,0,1,0,-0.9989832043647766,0,-0.045084089040756229],5,1.990072250366211],[[747.3333129882813,229.09986877441407,47.25579071044922,-0.04464057460427284,0,0.9990031123161316,0,1,0,-0.9990031123161316,0,-0.04464057460427284],5,2.00618052482605],[[747.0000610351563,228.6371612548828,47.26763916015625,-0.043242182582616809,0,0.9990646243095398,0,1,0,-0.9990646243095398,0,-0.043242182582616809],5,2.0212113857269289],[[746.8667602539063,228.42822265625,47.272125244140628,-0.042593084275722507,0,0.9990925192832947,0,1,0,-0.9990925192832947,0,-0.042593084275722507],5,2.0324432849884035],[[746.6668090820313,228.08929443359376,47.27877426147461,-0.04163706302642822,0,0.9991328120231628,0,1,0,-0.9991328120231628,0,-0.04163706302642822],5,2.0415022373199465],[[746.5335083007813,227.84629821777345,47.28302764892578,-0.04097921401262283,0,0.9991599917411804,0,1,0,-0.9991599917411804,0,-0.04097921401262283],5,2.050995111465454],[[746.4002075195313,227.58969116210938,47.287227630615237,-0.040330614894628528,0,0.9991863965988159,0,1,0,-0.9991863965988159,0,-0.040330614894628528],5,2.060108184814453],[[746.2669067382813,227.31944274902345,47.291419982910159,-0.03971375152468681,0,0.9992110729217529,0,1,0,-0.9992110729217529,0,-0.03971375152468681],5,2.0697131156921388],[[746.0669555664063,226.88853454589845,47.29770278930664,-0.038853470236063007,0,0.9992449283599854,0,1,0,-0.9992449283599854,0,-0.038853470236063007],5,2.0798652172088625],[[745.9336547851563,226.584228515625,47.3018913269043,-0.03832745552062988,0,0.9992652535438538,0,1,0,-0.9992652535438538,0,-0.03832745552062988],5,2.0890309810638429],[[745.7337036132813,226.10223388671876,47.30817413330078,-0.03760597109794617,0,0.9992926716804504,0,1,0,-0.9992926716804504,0,-0.03760597109794617],5,2.101788282394409],[[745.5337524414063,225.58958435058595,47.314456939697269,-0.036955930292606357,0,0.9993168711662293,0,1,0,-0.9993168711662293,0,-0.036955930292606357],5,2.111722707748413],[[745.4004516601563,225.23077392578126,47.31864547729492,-0.036562729626894,0,0.9993313550949097,0,1,0,-0.9993313550949097,0,-0.036562729626894],5,2.1210336685180666],[[745.2671508789063,224.8583526611328,47.32283401489258,-0.03620043024420738,0,0.999344527721405,0,1,0,-0.999344527721405,0,-0.03620043024420738],5,2.1319162845611574],[[745.0671997070313,224.27415466308595,47.32911682128906,-0.03570220246911049,0,0.9993624687194824,0,1,0,-0.9993624687194824,0,-0.03570220246911049],5,2.142676591873169],[[744.9338989257813,223.86767578125,47.33296203613281,-0.035273775458335879,0,0.9993776679039002,0,1,0,-0.9993776679039002,0,-0.035273775458335879],5,2.1531107425689699],[[744.7339477539063,223.23239135742188,47.33857345581055,-0.03456177935004234,0,0.9994025826454163,0,1,0,-0.9994025826454163,0,-0.03456177935004234],5,2.1642279624938967],[[744.6006469726563,222.79183959960938,47.34230041503906,-0.03410230949521065,0,0.999418318271637,0,1,0,-0.999418318271637,0,-0.03410230949521065],7,2.174128532409668],[[744.4006958007813,222.4018096923828,47.34788513183594,-0.03346201404929161,0,0.9994400143623352,0,1,0,-0.9994400143623352,0,-0.03346201404929161],7,2.184358835220337],[[744.2673950195313,222.4004669189453,47.35160827636719,-0.03307061269879341,0,0.9994530081748962,0,1,0,-0.9994530081748962,0,-0.03307061269879341],7,2.194139003753662],[[744.0674438476563,222.47434997558595,47.35719299316406,-0.032533809542655948,0,0.9994706511497498,0,1,0,-0.9994706511497498,0,-0.032533809542655948],7,2.2038943767547609],[[743.9341430664063,222.525390625,47.36091613769531,-0.03220750018954277,0,0.999481201171875,0,1,0,-0.999481201171875,0,-0.03220750018954277],8,2.217266321182251],[[743.7341918945313,222.58551025390626,47.36650085449219,-0.03176073357462883,0,0.9994955062866211,0,1,0,-0.9994955062866211,0,-0.03176073357462883],8,2.227891683578491],[[743.5342407226563,222.6262664794922,47.37208557128906,-0.03135848045349121,0,0.9995082020759583,0,1,0,-0.9995082020759583,0,-0.03135848045349121],8,2.237689256668091],[[743.4009399414063,222.64520263671876,47.37580871582031,-0.031115205958485605,0,0.9995158314704895,0,1,0,-0.9995158314704895,0,-0.031115205958485605],8,2.2478866577148439],[[743.2009887695313,222.66490173339845,47.38139343261719,-0.030782654881477357,0,0.9995260834693909,0,1,0,-0.9995260834693909,0,-0.030782654881477357],8,2.2580955028533937],[[743.0676879882813,222.67388916015626,47.38511657714844,-0.030580740422010423,0,0.9995322823524475,0,1,0,-0.9995322823524475,0,-0.030580740422010423],8,2.270383596420288],[[742.8677368164063,222.68316650390626,47.39070129394531,-0.03030438907444477,0,0.9995407462120056,0,1,0,-0.9995407462120056,0,-0.03030438907444477],8,2.2808046340942385],[[742.7344360351563,222.68739318847657,47.39442443847656,-0.03013652190566063,0,0.9995458126068115,0,1,0,-0.9995458126068115,0,-0.03013652190566063],8,2.290475845336914],[[742.5344848632813,222.69174194335938,47.40000915527344,-0.02990674041211605,0,0.9995526671409607,0,1,0,-0.9995526671409607,0,-0.02990674041211605],8,2.3005616664886476],[[742.3345336914063,222.6945037841797,47.40559387207031,-0.029699871316552163,0,0.9995588660240173,0,1,0,-0.9995588660240173,0,-0.029699871316552163],8,2.314135789871216],[[741.9346313476563,223.98545837402345,47.41676330566406,-0.029296480119228364,0,0.9995707869529724,0,1,0,-0.9995707869529724,0,-0.029296480119228364],3,2.338998317718506],[[741.8013305664063,224.3896484375,47.42048645019531,-0.02918592467904091,0,0.9995740056037903,0,1,0,-0.9995740056037903,0,-0.02918592467904091],5,2.3581628799438478],[[741.5347290039063,225.15716552734376,47.42793273925781,-0.02900654450058937,0,0.9995792508125305,0,1,0,-0.9995792508125305,0,-0.02900654450058937],5,2.363909959793091],[[741.4014282226563,225.52049255371095,47.43165588378906,-0.028929028660058976,0,0.9995814561843872,0,1,0,-0.9995814561843872,0,-0.028929028660058976],5,2.3731625080108644],[[741.2681274414063,225.8701934814453,47.43537902832031,-0.028858723118901254,0,0.9995834827423096,0,1,0,-0.9995834827423096,0,-0.028858723118901254],5,2.3814053535461427],[[741.1348266601563,226.20626831054688,47.43910217285156,-0.028794020414352418,0,0.9995853900909424,0,1,0,-0.9995853900909424,0,-0.028794020414352418],5,2.3899874687194826],[[741.0015258789063,226.52871704101563,47.44282531738281,-0.0287341121584177,0,0.9995871186256409,0,1,0,-0.9995871186256409,0,-0.0287341121584177],5,2.3992652893066408],[[740.8682250976563,226.83753967285157,47.44654846191406,-0.02867850847542286,0,0.999588668346405,0,1,0,-0.999588668346405,0,-0.02867850847542286],5,2.406999111175537],[[740.7349243164063,227.1327362060547,47.45027160644531,-0.028626851737499238,0,0.9995901584625244,0,1,0,-0.9995901584625244,0,-0.028626851737499238],5,2.416048049926758],[[740.5349731445313,227.54998779296876,47.45585632324219,-0.028555547818541528,0,0.9995921850204468,0,1,0,-0.9995921850204468,0,-0.028555547818541528],5,2.4249367713928224],[[740.4016723632813,227.8111114501953,47.45957946777344,-0.028512103483080865,0,0.9995934367179871,0,1,0,-0.9995934367179871,0,-0.028512103483080865],5,2.4340760707855226],[[740.2683715820313,228.05862426757813,47.46330261230469,-0.028471993282437326,0,0.9995945692062378,0,1,0,-0.9995945692062378,0,-0.028471993282437326],5,2.4431345462799074],[[740.0684204101563,228.4043426513672,47.46888732910156,-0.028416791930794717,0,0.9995961785316467,0,1,0,-0.9995961785316467,0,-0.028416791930794717],5,2.457334280014038],[[739.8684692382813,228.7194061279297,47.47418975830078,-0.02825767733156681,0,0.9996006488800049,0,1,0,-0.9996006488800049,0,-0.02825767733156681],5,2.481228828430176],[[739.5352172851563,229.17637634277345,47.48292541503906,-0.027921972796320916,0,0.9996101260185242,0,1,0,-0.9996101260185242,0,-0.027921972796320916],5,2.487955331802368],[[739.4019165039063,229.3353271484375,47.48624801635742,-0.027734413743019105,0,0.9996153116226196,0,1,0,-0.9996153116226196,0,-0.027734413743019105],5,2.4971513748168947],[[739.2686157226563,229.48065185546876,47.48951721191406,-0.027524713426828386,0,0.9996211528778076,0,1,0,-0.9996211528778076,0,-0.027524713426828386],5,2.5065581798553469],[[739.1353149414063,229.6123504638672,47.49260330200195,-0.02725386619567871,0,0.9996285438537598,0,1,0,-0.9996285438537598,0,-0.02725386619567871],5,2.5160419940948488],[[738.9353637695313,229.7843475341797,47.49686813354492,-0.02670050412416458,0,0.9996435046195984,0,1,0,-0.9996435046195984,0,-0.02670050412416458],5,2.5260982513427736],[[738.7354125976563,229.92568969726563,47.50077819824219,-0.026011617854237558,0,0.9996616244316101,0,1,0,-0.9996616244316101,0,-0.026011617854237558],5,2.53771710395813],[[738.6021118164063,230.0028839111328,47.50334167480469,-0.025547051802277566,0,0.99967360496521,0,1,0,-0.99967360496521,0,-0.025547051802277566],5,2.547950029373169],[[737.9356079101563,230.18450927734376,47.51615905761719,-0.02340882271528244,0,0.9997259974479675,0,1,0,-0.9997259974479675,0,-0.02340882271528244],5,2.5905704498291017],[[737.7356567382813,230.1725616455078,47.51943588256836,-0.02269071340560913,0,0.9997425079345703,0,1,0,-0.9997425079345703,0,-0.02269071340560913],5,2.599870443344116],[[737.6023559570313,230.1475830078125,47.521018981933597,-0.02202436700463295,0,0.9997574090957642,0,1,0,-0.9997574090957642,0,-0.02202436700463295],5,2.618992328643799],[[737.3357543945313,230.05673217773438,47.52305221557617,-0.02020399644970894,0,0.9997958540916443,0,1,0,-0.9997958540916443,0,-0.02020399644970894],5,2.62534761428833],[[737.2024536132813,229.99085998535157,47.523468017578128,-0.019095156341791154,0,0.9998176693916321,0,1,0,-0.9998176693916321,0,-0.019095156341791154],5,2.632147789001465],[[737.0691528320313,229.911376953125,47.523380279541019,-0.017820902168750764,0,0.9998412132263184,0,1,0,-0.9998412132263184,0,-0.017820902168750764],5,2.642594575881958],[[736.9358520507813,229.81825256347657,47.52281951904297,-0.016391459852457048,0,0.9998656511306763,0,1,0,-0.9998656511306763,0,-0.016391459852457048],5,2.651837110519409],[[736.8025512695313,229.71151733398438,47.521968841552737,-0.014879877679049969,0,0.9998893141746521,0,1,0,-0.9998893141746521,0,-0.014879877679049969],5,2.6620757579803469],[[736.6692504882813,229.59115600585938,47.520530700683597,-0.013204027898609639,0,0.9999127984046936,0,1,0,-0.9999127984046936,0,-0.013204027898609639],5,2.6702206134796144],[[736.4692993164063,229.38507080078126,47.51782989501953,-0.010544046759605408,0,0.9999443888664246,0,1,0,-0.9999443888664246,0,-0.010544046759605408],5,2.6806859970092775],[[736.2693481445313,229.1483154296875,47.51447296142578,-0.007786526344716549,0,0.9999696612358093,0,1,0,-0.9999696612358093,0,-0.007786526344716549],5,2.6905031204223635],[[736.1360473632813,228.97344970703126,47.51197814941406,-0.005963107105344534,0,0.9999822378158569,0,1,0,-0.9999822378158569,0,-0.005963107105344534],5,2.7012174129486086],[[735.9360961914063,228.68560791015626,47.50786590576172,-0.003259048331528902,0,0.999994695186615,0,1,0,-0.999994695186615,0,-0.003259048331528902],5,2.7177441120147707],[[735.7361450195313,228.36709594726563,47.50367736816406,-0.0007345242192968726,0,0.9999997019767761,0,1,0,-0.9999997019767761,0,-0.0007345242192968726],5,2.7277588844299318],[[735.5361938476563,228.0179443359375,47.499488830566409,0.001548945321701467,0,0.9999988079071045,0,1,0,-0.9999988079071045,0,0.001548945321701467],5,2.7374913692474367],[[735.4028930664063,227.7681427001953,47.49669647216797,0.002931516617536545,0,0.9999957084655762,0,1,0,-0.9999957084655762,0,0.002931516617536545],5,2.7476284503936769],[[735.2695922851563,227.5047149658203,47.49390411376953,0.0042057521641254429,0,0.9999911785125732,0,1,0,-0.9999911785125732,0,0.0042057521641254429],5,2.7572667598724367],[[735.0696411132813,227.0840301513672,47.489715576171878,0.0059582386165857319,0,0.9999822378158569,0,1,0,-0.9999822378158569,0,0.0059582386165857319],5,2.7690186500549318],[[734.8696899414063,226.63267517089845,47.485809326171878,0.007429460994899273,0,0.999972403049469,0,1,0,-0.999972403049469,0,0.007429460994899273],5,2.780261516571045],[[734.7363891601563,226.314758