[[[776,222.69961547851563,47,1,4.9728274831295496e-8,-5.869374624045904e-15,-4.9728274831295496e-8,1,-3.092284117656163e-8,4.331635436216662e-15,3.092284117656163e-8,1],8,0.007307767868041992],[[776,222.69961547851563,47,1,2.1585060849815819e-8,-5.49416952159835e-15,-2.1585060849815819e-8,1,-1.3422361888615342e-8,5.2044474077041738e-15,1.3422361888615342e-8,1],8,0.02813553810119629],[[776,222.69961547851563,47,1,-2.5280217030854147e-8,-5.9659605204718909e-15,2.5280217030854147e-8,1,1.572018959450361e-8,5.568550872828539e-15,-1.572018959450361e-8,1],8,0.037854909896850589],[[776,222.69961547851563,47,1,-4.401231024075969e-8,-6.536685391101207e-15,4.401231024075969e-8,1,2.7368496802182564e-8,5.332134659887444e-15,-2.7368496802182564e-8,1],8,0.06395077705383301],[[776,222.69961547851563,47,1,-8.522700056801114e-8,-8.679367886562945e-15,8.522700056801114e-8,1,5.299731498098481e-8,4.162565542362336e-15,-5.299731498098481e-8,1],8,0.07325577735900879],[[776,222.69961547851563,47,1,-7.406951851862687e-8,-8.222589276130066e-15,7.406951851862687e-8,1,4.605917780509117e-8,4.81100865051755e-15,-4.605917780509117e-8,1],8,0.08325815200805664],[[776,222.69961547851563,47,1,-5.734223407216632e-8,-7.643101002628456e-15,5.734223407216632e-8,1,3.5657532038158027e-8,5.598418101581673e-15,-3.5657532038158027e-8,1],8,0.0985114574432373],[[776,222.69961547851563,47,1,-4.0625675268302078e-8,-7.225666225562592e-15,4.0625675268302078e-8,1,2.5262547609372633e-8,6.199358331505445e-15,-2.5262547609372633e-8,1],8,0.10788345336914063],[[776,222.69961547851563,47,1,-2.3919827896179414e-8,-6.979648047131422e-15,2.3919827896179414e-8,1,1.487422629509183e-8,6.623859480933778e-15,-1.487422629509183e-8,1],8,0.12090492248535156],[[776,222.69961547851563,47,1,-1.6620186338300869e-9,-6.920763587187724e-15,1.6620186338300869e-9,1,1.0334838540515535e-9,6.919045804370692e-15,-1.0334838540515535e-9,1],8,0.13541007041931153],[[776,222.69961547851563,47,1,2.0576772286062807e-8,-7.169383427316385e-15,-2.0576772286062807e-8,1,-1.279543493382107e-8,6.906094670607174e-15,1.279543493382107e-8,1],8,0.15038084983825684],[[776,222.69961547851563,47,1,3.724339592281467e-8,-7.557239813864129e-15,-3.724339592281467e-8,1,-2.3159369533232167e-8,6.694706587191549e-15,2.3159369533232167e-8,1],8,0.16376495361328126],[[776,222.69961547851563,47,1,6.499736571186077e-8,-8.586303529615168e-15,-6.499736571186077e-8,1,-4.0417841518092248e-8,5.9592499019472687e-15,4.0417841518092248e-8,1],8,0.18387198448181153],[[776,222.69961547851563,47,1,5.6901146905374847e-8,-8.81355230496813e-15,-5.6901146905374847e-8,1,-3.538330162200509e-8,6.80020199967323e-15,3.538330162200509e-8,1],8,0.23574256896972657],[[775.8644409179688,222.69961547851563,46.912078857421878,0.9958029389381409,1.8724554351479129e-8,0.09152325242757797,-1.7523653639273108e-8,1,-1.3924849717739108e-8,-0.09152325242757797,1.2262584725419856e-8,0.9958029389381409],8,0.2509424686431885],[[775.6995239257813,222.69961547851563,46.80516052246094,0.9836409687995911,-1.1232896390822589e-8,0.18014021217823029,1.0214079360082451e-8,1,6.583258382875101e-9,-0.18014021217823029,-4.6355959071320289e-9,0.9836409687995911],8,0.2717928886413574],[[775.4759521484375,222.69961547851563,46.66020965576172,-0.9096782207489014,-3.415971505660309e-8,0.4153137505054474,-3.637252987687134e-8,1,2.58218380011499e-9,-0.4153137505054474,-1.2757054967948989e-8,-0.9096782207489014],8,0.28189873695373537],[[775.3080444335938,222.69961547851563,46.551422119140628,-0.8595324754714966,-6.21101747810826e-8,0.5110811591148377,-7.149736092060266e-8,1,1.2832996887368609e-9,-0.5110811591148377,-3.5437913936675616e-8,-0.8595324754714966],8,0.2989804744720459],[[775.14013671875,222.69961547851563,46.44263458251953,-0.8713439702987671,-9.289077240737243e-8,0.4906727075576782,-1.065029522351324e-7,1,1.8356889619486339e-10,-0.4906727075576782,-5.20981409124488e-8,-0.8713439702987671],8,0.307096004486084],[[774.9675903320313,222.69961547851563,46.341583251953128,-0.8823169469833374,-7.732199946985929e-8,0.47065573930740359,-8.806476614608983e-8,1,-8.053349098702256e-10,-0.47065573930740359,-4.2158745827691749e-8,-0.8823169469833374],8,0.3181033134460449],[[774.8505249023438,222.69961547851563,46.27775192260742,-0.8938693404197693,-6.724027912241582e-8,0.44832751154899599,-7.576773697337558e-8,1,-1.0844333209192314e-9,-0.44832751154899599,-3.4938103965487247e-8,-0.8938693404197693],8,0.3284308910369873],[[774.67236328125,222.69961547851563,46.1870231628418,-0.9132527112960815,-5.209553322060856e-8,0.40739351511001589,-5.73326346398062e-8,1,-6.471670976893051e-10,-0.40739351511001589,-2.394797249394287e-8,-0.9132527112960815],8,0.33919191360473635],[[774.4905395507813,222.69961547851563,46.10392379760742,-0.9222413301467896,-3.597945763544885e-8,0.3866146206855774,-3.892411370998161e-8,1,2.1217699819331416e-10,-0.3866146206855774,-1.4852952645583173e-8,-0.9222413301467896],8,0.35372400283813479],[[774.3064575195313,222.69961547851563,46.02572250366211,-0.9314141273498535,-1.9697818487429687e-8,0.3639611005783081,-2.055389636268501e-8,1,1.5211200077303034e-9,-0.3639611005783081,-6.064026170093939e-9,-0.9314141273498535],8,0.3644676208496094],[[774.1826171875,222.69961547851563,45.976375579833987,-0.9480960369110107,-8.887459657103136e-9,0.31798410415649416,-8.370915516309197e-9,1,2.9908044929527479e-9,-0.31798410415649416,1.737520405331594e-10,-0.9480960369110107],8,0.37532782554626467],[[773.9304809570313,222.69961547851563,45.889644622802737,-0.9620340466499329,1.3283000477315455e-8,0.27292951941490176,1.5813849785217827e-8,1,7.073112762157052e-9,-0.27292951941490176,1.112064129671353e-8,-0.9620340466499329],8,0.3890571594238281],[[773.7385864257813,222.69961547851563,45.833316802978519,-0.9675445556640625,3.0115089089122196e-8,0.25270044803619387,3.387073377325578e-8,1,1.0511877590602126e-8,-0.25270044803619387,1.8729858553001578e-8,-0.9675445556640625],8,0.4009866714477539],[[773.4808349609375,222.69961547851563,45.76504135131836,-0.9772828817367554,5.299267158420662e-8,0.21193906664848329,5.77154821712611e-8,1,1.6097452260055435e-8,-0.21193906664848329,2.7963929838392688e-8,-0.9772828817367554],8,0.4159684181213379],[[772.9601440429688,222.69961547851563,45.650360107421878,-0.9811737537384033,9.770189279834085e-8,0.19312693178653718,1.0512075476754035e-7,1,2.8167146837176916e-8,-0.19312693178653718,4.793851360318513e-8,-0.9811737537384033],8,0.4520227909088135],[[772.7640991210938,222.69961547851563,45.61102294921875,-0.9942795634269714,1.1805963850974877e-7,0.1068088486790657,1.2241484625974409e-7,1,3.421948946424891e-8,-0.1068088486790657,4.7098730249217627e-8,-0.9942795634269714],8,0.4632303714752197],[[772.5657348632813,222.69961547851563,45.58635330200195,-0.995675265789032,8.508300908260935e-8,0.09290201961994171,8.782388505323979e-8,1,2.5414570004045346e-8,-0.09290201961994171,3.3463674498079857e-8,-0.995675265789032],8,0.4852876663208008],[[772.3003540039063,222.69961547851563,45.56085205078125,-0.9984124898910523,4.145532983557132e-8,0.05632541701197624,4.219829463636415e-8,1,1.2001218685497861e-8,-0.05632541701197624,1.4359002875607985e-8,-0.9984124898910523],8,0.49283862113952639],[[772.1673583984375,222.69961547851563,45.55207443237305,-0.9988662004470825,1.919464587274433e-8,0.04760611429810524,1.9459502453855749e-8,1,5.100044830896877e-9,-0.04760611429810524,6.020653753324723e-9,-0.9988662004470825],8,0.5037920475006104],[[771.9675903320313,222.69961547851563,45.54202651977539,-0.999434232711792,-1.4281816618222365e-8,0.03363404422998428,-1.4482460564124722e-8,1,-5.721866536134712e-9,-0.03363404422998428,-6.205732816511045e-9,-0.999434232711792],8,0.5165286064147949],[[771.7677001953125,222.69961547851563,45.53474426269531,-0.9996445775032044,-4.786204144124895e-8,0.026658717542886735,-4.832637046092714e-8,1,-1.677329031224417e-8,-0.026658717542886735,-1.805564764367773e-8,-0.9996445775032044],8,0.5262649059295654],[[771.6343994140625,222.69961547851563,45.530921936035159,-0.99980628490448,-7.033309401549559e-8,0.019683286547660829,-7.082500275146231e-8,1,-2.4294132927593638e-8,-0.019683286547660829,-2.5683494442318989e-8,-0.99980628490448],8,0.5364937782287598],[[771.4344482421875,222.69961547851563,45.52667999267578,-0.9999975562095642,-1.0427226726505978e-7,0.002223493531346321,-1.0435291386556855e-7,1,-3.615658172861913e-8,-0.002223493531346321,-3.638852064113962e-8,-0.9999975562095642],8,0.5476768016815186],[[771.2344970703125,222.69961547851563,45.52555847167969,-0.9999499320983887,-8.606929213783587e-8,-0.010005129501223565,-8.577212895488629e-8,1,-3.0130038908282589e-8,0.010005129501223565,-2.9270371015854836e-8,-0.9999499320983887],8,0.5606465339660645],[[771.0345458984375,222.69961547851563,45.527061462402347,-0.9997900724411011,-6.774327232506039e-8,-0.020489750429987909,-6.726742896034921e-8,1,-2.3912983593277205e-8,0.020489750429987909,-2.252967057359001e-8,-0.9997900724411011],8,0.5718872547149658],[[770.8345947265625,222.69961547851563,45.530738830566409,-0.9989104270935059,-4.9693856141175277e-8,-0.046668801456689838,-4.89436580153324e-8,1,-1.721768860818429e-8,0.046668801456689838,-1.4914787627162697e-8,-0.9989104270935059],8,0.58559250831604],[[770.5682373046875,222.69961547851563,45.54213333129883,-0.9972158074378967,-2.528817510949466e-8,-0.07456962764263153,-2.4789088115539927e-8,1,-7.618445430068732e-9,0.07456962764263153,-5.748721054743555e-9,-0.9972158074378967],8,0.6000642776489258],[[770.3687744140625,222.69961547851563,45.55596923828125,-0.9962297081947327,-6.768130500489633e-9,-0.08675486594438553,-6.776011751696842e-9,1,-2.0363509489751409e-10,0.08675486594438553,3.849846552661518e-10,-0.9962297081947327],8,0.6118583679199219],[[770.2359008789063,222.69961547851563,45.56706619262695,-0.9945617318153381,5.625303334255705e-9,-0.10414902120828629,5.1381356946933469e-9,1,4.9458983575334518e-9,0.10414902120828629,4.383869267599039e-9,-0.9945617318153381],8,0.6239175796508789],[[770.0369262695313,222.69961547851563,45.58716583251953,-0.993614912033081,2.4231942674646235e-8,-0.11282479763031006,2.2931763155042974e-8,1,1.2821662842554815e-8,0.11282479763031006,1.0152524154705134e-8,-0.993614912033081],8,0.6367120742797852],[[769.8380737304688,222.67919921875,45.60795593261719,-0.9932152032852173,4.2823913304346209e-8,-0.1162906065583229,4.0686423119495888e-8,1,2.0754372442866044e-8,0.1162906065583229,1.588210984948546e-8,-0.9932152032852173],8,0.6494379043579102],[[769.5729370117188,222.60427856445313,45.63572692871094,-0.9930095076560974,6.757549186886536e-8,-0.1180344745516777,6.432300381220557e-8,1,3.136492665589685e-8,0.1180344745516777,2.355333705850171e-8,-0.9930095076560974],8,0.6641256809234619],[[769.3078002929688,223.47740173339845,45.66349792480469,-0.992591381072998,9.235994014034077e-8,-0.12150026857852936,8.790223660071206e-8,1,4.204879289204655e-8,0.12150026857852936,3.1057126648192937e-8,-0.992591381072998],3,0.7108118534088135],[[768.6461181640625,225.43026733398438,45.74380111694336,-0.9875466823577881,1.522112853535873e-7,0.15732625126838685,1.5829249377929956e-7,1,2.6123771590391699e-8,-0.15732625126838685,5.070200970180849e-8,-0.9875466823577881],5,0.731290340423584],[[768.3816528320313,226.1160430908203,45.77777862548828,-0.9999908208847046,1.364521295954546e-7,0.004287688061594963,1.3649368213464187e-7,1,9.398736899868254e-9,-0.004287688061594963,9.983892823584029e-9,-0.9999908208847046],5,0.7367458343505859],[[768.183349609375,226.5946044921875,45.80345916748047,-0.9995835423469544,1.0729205257575814e-7,-0.028857089579105378,1.0743655565192967e-7,1,-3.4570657447829946e-9,0.028857089579105378,-6.555932241525397e-9,-0.9995835423469544],5,0.7516560554504395],[[768.0511474609375,226.89662170410157,45.820587158203128,-0.998068630695343,8.732339296102509e-8,-0.06212064251303673,8.817298891017345e-8,1,-1.0935183425431206e-8,0.06212064251303673,-1.63914268824783e-8,-0.998068630695343],5,0.760512113571167],[[767.9189453125,227.18499755859376,45.83771514892578,-0.9980687499046326,6.768885896235588e-8,-0.06211865320801735,6.889779058383283e-8,1,-1.7319639056267989e-8,0.06211865320801735,-2.1566028962638485e-8,-0.9980687499046326],5,0.7689793109893799],[[767.7867431640625,227.4597625732422,45.85484313964844,-0.9980688095092773,4.810532061583217e-8,-0.06211784482002258,4.9607127294848399e-8,1,-2.263448628525566e-8,0.06211784482002258,-2.567226253802346e-8,-0.9980688095092773],5,0.776989221572876],[[767.5884399414063,227.84634399414063,45.88053512573242,-0.9995841383934021,1.972813024053721e-8,-0.028837550431489946,2.0548643675510904e-8,1,-2.8156595277550879e-8,0.028837550431489946,-2.8737456858607403e-8,-0.9995841383934021],5,0.7882194519042969],[[767.4562377929688,228.08705139160157,45.89766311645508,-0.9980688691139221,-7.366871557223931e-10,-0.06211746856570244,1.1830451063232772e-9,1,-3.086809030605764e-8,0.06211746856570244,-3.088196720568703e-8,-0.9980688691139221],5,0.7970280647277832],[[767.3240356445313,228.31411743164063,45.914791107177737,-0.997959315776825,-2.025436707242534e-8,-0.06385327875614166,-1.821049622208193e-8,1,-3.2590847354185828e-8,0.06385327875614166,-3.1361537367047279e-8,-0.997959315776825],5,0.8086071014404297],[[767.125732421875,228.62918090820313,45.94075393676758,-0.9995323419570923,-4.834760147787165e-8,-0.030579788610339166,-4.736731540333494e-8,1,-3.278105253912145e-8,0.030579788610339166,-3.131723858018631e-8,-0.9995323419570923],5,0.8196778297424316],[[766.9274291992188,228.91358947753907,45.9667854309082,-0.9990836977958679,-7.788339217995599e-8,-0.042799629271030429,-7.662540468800216e-8,1,-3.1033017933168597e-8,0.042799629271030429,-2.7725041817916464e-8,-0.9990836977958679],5,0.8317136764526367],[[766.79541015625,229.08615112304688,45.9853401184082,-0.9971035718917847,-9.816126578243711e-8,-0.07605532556772232,-9.624156405152462e-8,1,-2.890604910987804e-8,0.07605532556772232,-2.1502643221538166e-8,-0.9971035718917847],5,0.8406076431274414],[[766.6634521484375,229.24510192871095,46.004249572753909,-0.9971035718917847,-1.1754026729704492e-7,-0.07605533301830292,-1.1591892956630545e-7,1,-2.5732431296887627e-8,0.07605533301830292,-1.6841646299781133e-8,-0.9971035718917847],5,0.8504073619842529],[[766.3995361328125,229.52212524414063,46.042179107666019,-0.9999154806137085,-1.5531654184997024e-7,-0.012999330647289753,-1.5513447237935908e-7,1,-1.5014565590831809e-8,0.012999330647289753,-1.2996652642982554e-8,-0.9999154806137085],5,0.8629469871520996],[[766.267578125,229.64019775390626,46.061492919921878,-0.9971035718917847,-1.4008337245741132e-7,-0.0760556161403656,-1.4002921489009169e-7,1,-6.044805989091628e-9,0.0760556161403656,4.622710214619019e-9,-0.9971035718917847],5,0.8742060661315918],[[766.0696411132813,229.79176330566407,46.09006118774414,-0.9995841979980469,-1.1686904599628179e-7,-0.02883421629667282,-1.1706172386993785e-7,1,4.994073599107196e-9,0.02883421629667282,8.36737967802037e-9,-0.9995841979980469],5,0.8858451843261719],[[765.8713989257813,229.91265869140626,46.116275787353519,-0.9997215867042542,-9.374770826298118e-8,-0.023595234379172326,-9.410249646180091e-8,1,1.392608339756407e-8,0.023595234379172326,1.6142577052846719e-8,-0.9997215867042542],5,0.8976032733917236],[[765.6729125976563,230.00291442871095,46.14114761352539,-0.9999139904975891,-7.083894359993792e-8,-0.013116524554789067,-7.111668054449183e-8,1,2.0708540660052678e-8,0.013116524554789067,2.1639563030362298e-8,-0.9999139904975891],5,0.9095642566680908],[[765.5404663085938,230.04605102539063,46.156558990478519,-0.9990779757499695,-5.475851239111762e-8,-0.04293224215507507,-5.5857658054492279e-8,1,2.4402275755619486e-8,0.04293224215507507,2.6777870587579856e-8,-0.9990779757499695],5,0.920935869216919],[[765.275390625,230.09144592285157,46.185916900634769,-0.999719500541687,-2.5918495794030606e-8,0.02368483506143093,-2.525372266859449e-8,1,2.8366594406747937e-8,-0.02368483506143093,2.776050678221509e-8,-0.999719500541687],5,0.9359076023101807],[[764.8114013671875,230.0397491455078,46.2369499206543,-0.9895638227462769,2.4193978376274573e-8,0.1440953016281128,2.7932212987025197e-8,1,2.3919797698113144e-8,-0.1440953016281128,2.7695067572608424e-8,-0.9895638227462769],5,0.9657416343688965],[[764.5458374023438,229.93527221679688,46.26136779785156,-0.9979616403579712,5.7265818753649e-8,0.06381687521934509,5.852965756503181e-8,1,1.7934606688640998e-8,-0.06381687521934509,2.1633228541872996e-8,-0.9979616403579712],5,0.9877324104309082],[[764.2798461914063,229.7762908935547,46.2806282043457,-0.996550440788269,8.796975237146398e-8,0.08298902213573456,8.894409830872974e-8,1,8.043614663222343e-9,-0.08298902213573456,1.5397251473814323e-8,-0.996550440788269],5,1.0059404373168946],[[764.0135498046875,229.5628204345703,46.29477310180664,-0.9961017966270447,1.1929223830975389e-7,0.08821132779121399,1.192752279166598e-7,1,-5.463767216440374e-9,-0.08821132779121399,5.078957698856357e-9,-0.9961017966270447],5,1.013554334640503],[[763.88037109375,229.43563842773438,46.30095672607422,-0.9997251033782959,1.3497913187165978e-7,0.023445455357432367,1.347090972103615e-7,1,-1.3097117168570094e-8,-0.023445455357432367,-9.935200218080809e-9,-0.9997251033782959],5,1.0245027542114258],[[763.6806030273438,229.21932983398438,46.309688568115237,-0.9982879757881165,1.589163360904422e-7,0.058490391820669177,1.5761993665819319e-7,1,-2.6777938089139753e-8,-0.058490391820669177,-1.7512840955191679e-8,-0.9982879757881165],5,1.0338976383209229],[[763.5474243164063,229.05809020996095,46.31527328491211,-0.9995884895324707,1.394258077880295e-7,0.028685996308922769,1.3860224612471939e-7,1,-3.069769149988133e-8,-0.028685996308922769,-2.670911491975403e-8,-0.9995884895324707],5,1.0455093383789063],[[763.34765625,228.79067993164063,46.322998046875,-0.9979676604270935,1.121829527050977e-7,0.06372196972370148,1.1022813595218395e-7,1,-3.419279082095272e-8,-0.06372196972370148,-2.7099346766590317e-8,-0.9979676604270935],5,1.055351972579956],[[763.147705078125,228.49261474609376,46.33030700683594,-0.9977388978004456,8.429279318988847e-8,0.06720972806215286,8.209936197545176e-8,1,-3.539764747984009e-8,-0.06720972806215286,-2.9799734235780307e-8,-0.9977388978004456],5,1.0676610469818116],[[763.014404296875,228.27687072753907,46.33478927612305,-0.9991626739501953,6.485073100748196e-8,0.04091322049498558,6.346458292227908e-8,1,-3.5178956636627848e-8,-0.04091322049498558,-3.25529612155151e-8,-0.9991626739501953],5,1.0771584510803223],[[762.881103515625,228.04751586914063,46.33847427368164,-0.9990898370742798,4.633665540154652e-8,0.04265541955828667,4.492845206982565e-8,1,-3.39721353270761e-8,-0.04265541955828667,-3.202477572017415e-8,-0.9990898370742798],5,1.0848379135131837],[[762.68115234375,227.67791748046876,46.3433723449707,-0.997114896774292,1.959177176047433e-8,0.07590669393539429,1.737125998602096e-8,1,-2.9913408639004049e-8,-0.07590669393539429,-2.850851288371814e-8,-0.997114896774292],5,1.0975637435913087],[[762.41455078125,227.13743591308595,46.349769592285159,-0.9940329790115356,-1.6529904556250586e-8,0.10908001661300659,-1.8882866825720158e-8,1,-2.0538031719752327e-8,-0.10908001661300659,-2.2475225236462394e-8,-0.9940329790115356],5,1.1143946647644044],[[762.214599609375,226.69630432128907,46.35456466674805,-0.9969801306724548,-4.4982083835520828e-8,0.07765696197748184,-4.600136094268237e-8,1,-1.1336552141472112e-8,-0.07765696197748184,-1.487464285077067e-8,-0.9969801306724548],5,1.1257011890411378],[[762.081298828125,226.38519287109376,46.35758590698242,-0.999013364315033,-6.38619894743897e-8,0.04441109299659729,-6.411329422917334e-8,1,-4.234157913174386e-9,-0.04441109299659729,-7.077321395598801e-9,-0.999013364315033],5,1.1349990367889405],[[761.88134765625,225.89297485351563,46.362037658691409,-0.996979296207428,-9.133857759024977e-8,0.07766787707805634,-9.092709518654374e-8,1,8.834392772882893e-9,-0.07766787707805634,1.7455918932540727e-9,-0.996979296207428],5,1.1464381217956544],[[761.681396484375,225.37010192871095,46.366477966308597,-0.9968414902687073,-1.1911895114735671e-7,0.07941678166389466,-1.1755338391594705e-7,1,2.4388535635466725e-8,-0.07941678166389466,1.497579305009822e-8,-0.9968414902687073],5,1.159775972366333],[[761.548095703125,225.00448608398438,46.369266510009769,-0.9988518357276917,-1.36965709884862e-7,0.04790687933564186,-1.3540079635276926e-7,1,3.591093289401215e-8,-0.04790687933564186,2.9383068422816906e-8,-0.9988518357276917],5,1.170807123184204],[[761.281494140625,224.2323760986328,46.37433624267578,-0.9932433366775513,-1.4032059425517219e-7,0.1160503402352333,-1.35250616040139e-7,1,5.156234905712154e-8,-0.1160503402352333,3.551808092083775e-8,-0.9932433366775513],5,1.186568260192871],[[760.9482421875,223.19061279296876,46.38005828857422,-0.9885640144348145,-9.861218330797783e-8,0.15080179274082185,-9.123039035330294e-8,1,5.586870344131967e-8,-0.15080179274082185,4.1472080880566867e-8,-0.9885640144348145],5,1.2188372611999512],[[760.54833984375,223.06185913085938,46.386207580566409,-0.9998279213905335,-4.93271095081127e-8,0.018549641594290735,-4.848762458209421e-8,1,4.570594569486275e-8,-0.018549641594290735,4.4798653675570679e-8,-0.9998279213905335],7,1.2300851345062256],[[760.4150390625,223.06153869628907,46.388057708740237,-0.9998922944068909,-3.4147763727787608e-8,-0.014675338752567768,-3.476431942317504e-8,1,4.1758099200706059e-8,0.014675338752567768,4.226378180760548e-8,-0.9998922944068909],7,1.2401282787322999],[[760.081787109375,222.9254913330078,46.39255142211914,-0.9999443888664246,-7.765624948641303e-11,-0.010546543635427952,-4.1388861782287736e-10,1,3.187862773756933e-8,0.010546543635427952,3.1881221218554859e-8,-0.9999443888664246],8,1.2596700191497803],[[759.948486328125,222.84426879882813,46.39400100708008,-0.9999501705169678,1.3600383041989517e-8,-0.009985064156353474,1.3322164704732132e-8,1,2.792994635569812e-8,0.009985064156353474,2.7795531210017544e-8,-0.9999501705169678],8,1.2663178443908692],[[759.815185546875,222.7494354248047,46.39534378051758,-0.9999662637710571,2.724177150525975e-8,-0.008212990127503872,2.7045910400147478e-8,1,2.3958735440032798e-8,0.008212990127503872,2.3735799103974388e-8,-0.9999662637710571],8,1.2789812088012696],[[759.615234375,222.7215118408203,46.39705276489258,-0.9999791979789734,4.772529393903824e-8,-0.006453878711909056,4.761031391353754e-8,1,1.7968815768654168e-8,0.006453878711909056,1.7661170303995278e-8,-0.9999791979789734],8,1.2890923023223878],[[759.415283203125,222.72003173828126,46.39841079711914,-0.9999889731407166,6.820644671279297e-8,-0.00469778198748827,6.815107411739518e-8,1,1.1946578837296329e-8,0.00469778198748827,1.1626288376476169e-8,-0.9999889731407166],8,1.3018994331359864],[[759.21533203125,222.719970703125,46.39942169189453,-0.9999889731407166,8.8705547796053e-8,-0.004696983378380537,8.867868217521391e-8,1,5.928152635448214e-9,0.004696983378380537,5.511564982185746e-9,-0.9999889731407166],8,1.3125231266021729],[[759.08203125,222.719970703125,46.40005111694336,-0.9999956488609314,1.0235452663209799e-7,-0.002943929750472307,1.023493965135458e-7,1,1.8940353729846039e-9,0.002943929750472307,1.5927177354768674e-9,-0.9999956488609314],8,1.324972152709961],[[758.94873046875,222.719970703125,46.40050506591797,-0.9999956488609314,1.1600746319118116e-7,-0.002943938598036766,1.1601426308516239e-7,1,-2.138359267433998e-9,0.002943938598036766,-2.4798887388044479e-9,-0.9999956488609314],8,1.3332159519195557],[[758.68212890625,222.719970703125,46.401302337646487,-0.9999992847442627,8.999711553769885e-8,-0.001191093004308641,9.000455492014226e-8,1,-6.193497714690466e-9,0.001191093004308641,-6.300697297234592e-9,-0.9999992847442627],8,1.3470280170440674],[[758.482177734375,222.719970703125,46.40160369873047,-0.9999998211860657,5.719028450812402e-8,0.0005615848349407315,5.718571216561941e-8,1,-8.162298392733192e-9,-0.0005615848349407315,-8.130181861076835e-9,-0.9999998211860657],8,1.3589835166931153],[[758.348876953125,222.7097625732422,46.40159225463867,-0.9999998211860657,3.532348458179513e-8,0.0005615847767330706,3.531816972213164e-8,1,-9.474130813202919e-9,-0.0005615847767330706,-9.454295124555756e-9,-0.9999998211860657],8,1.3686442375183106],[[758.14892578125,222.69131469726563,46.4014892578125,-0.9999973177909851,2.5573168027648309e-9,0.0023141978308558466,2.5309803142192779e-9,1,-1.1383368914152925e-8,-0.0023141978308558466,-1.1377481179408733e-8,-0.9999973177909851],8,1.3808128833770753],[[758.015625,222.69021606445313,46.401241302490237,-0.9999973177909851,-1.9286131802687124e-8,0.0023141978308558466,-1.9315471888603498e-8,1,-1.2655513970116772e-8,-0.0023141978308558466,-1.2700180462843491e-8,-0.9999973177909851],8,1.390300989151001],[[757.815673828125,222.69219970703126,46.400787353515628,-0.9999973177909851,-5.20338048204394e-8,0.0023141978308558466,-5.2067644418229977e-8,1,-1.4562712813415147e-8,-0.0023141978308558466,-1.4683168458873297e-8,-0.9999973177909851],8,1.4027032852172852],[[757.61572265625,222.69454956054688,46.40032958984375,-0.9999973177909851,-8.476048662942049e-8,0.0023141978308558466,-8.47988275154421e-8,1,-1.6468689523208014e-8,-0.0023141978308558466,-1.666488635976293e-8,-0.9999973177909851],8,1.4150257110595704],[[757.34912109375,222.66342163085938,46.39971923828125,-0.9999973177909851,-9.338064899111487e-8,0.0023141978308558466,-9.341368922832771e-8,1,-1.4168028528160903e-8,-0.0023141978308558466,-1.4384168522951768e-8,-0.9999973177909851],8,1.447098731994629],[[756.882568359375,224.15817260742188,46.398651123046878,-0.9999973177909851,-4.727409219640322e-8,0.0023141978308558466,-4.727811386828762e-8,1,-1.6828261006907042e-9,-0.0023141978308558466,-1.7922324735408779e-9,-0.9999973177909851],3,1.4701170921325684],[[756.54931640625,225.12608337402345,46.39788818359375,-0.9921432733535767,-1.468765997714172e-8,0.12510690093040467,-1.3648883800954082e-8,1,9.16026099417877e-9,-0.12510690093040467,7.380721367411525e-9,-0.9921432733535767],5,1.4882311820983887],[[756.28271484375,225.839111328125,46.397674560546878,-0.9674302935600281,1.0890852664147133e-8,0.253137469291687,1.4351977384308157e-8,1,1.1826321255625772e-8,-0.253137469291687,1.5074165915507366e-8,-0.9674302935600281],5,1.5031967163085938],[[756.01611328125,226.4976348876953,46.39752197265625,-0.9253396987915039,3.623637212513131e-8,0.3791390657424927,4.230016870110376e-8,1,7.663812695568595e-9,-0.3791390657424927,2.3129276272015887e-8,-0.9253396987915039],5,1.5120024681091309],[[755.949462890625,226.65374755859376,46.39755630493164,-0.9122042059898377,4.256365215837832e-8,0.40973585844039919,4.915539975058891e-8,1,5.555072402074757e-9,-0.40973585844039919,2.520808983774714e-8,-0.9122042059898377],5,1.518846035003662],[[755.816162109375,226.9557647705078,46.39786911010742,-0.8829059600830078,5.523130042206503e-8,0.46954983472824099,6.259531204477753e-8,1,7.342311481028929e-11,-0.46954983472824099,2.945644439478201e-8,-0.8829059600830078],5,1.527742862701416],[[755.6162109375,227.3832244873047,46.39872741699219,-0.8316504955291748,7.431188464579464e-8,0.5552994012832642,8.184337474403947e-8,1,-1.1249432496640566e-8,-0.5552994012832642,3.609197918308382e-8,-0.8316504955291748],5,1.5383503437042237],[[755.416259765625,227.780029296875,46.400516510009769,-0.7731987833976746,9.355065344607283e-8,0.6341636776924133,9.967170200297915e-8,1,-2.5994250307803669e-8,-0.6341636776924133,4.310945200813876e-8,-0.7731987833976746],5,1.5514311790466309],[[755.282958984375,228.0275421142578,46.40200424194336,-0.7328562140464783,1.0648880532926342e-7,0.680383563041687,1.107231568653333e-7,1,-3.725054043002274e-8,-0.680383563041687,4.803492359428674e-8,-0.7328562140464783],5,1.56209397315979],[[755.0830078125,228.37326049804688,46.40489959716797,-0.6728509664535523,1.26075917705748e-7,0.7397780418395996,1.2612758837349248e-7,1,-5.570703720536585e-8,-0.7397780418395996,5.582388240554792e-8,-0.6728509664535523],5,1.570791244506836],[[754.94970703125,228.5867156982422,46.407432556152347,-0.6341163516044617,1.3925323116836808e-7,0.7732376456260681,1.3569955115144695e-7,1,-6.880669189968103e-8,-0.7732376456260681,6.129654650521843e-8,-0.6341163516044617],5,1.5816152095794678],[[754.749755859375,228.88133239746095,46.412052154541019,-0.5787275433540344,1.4314518637092989e-7,0.8155209422111511,1.3408413224169636e-7,1,-8.037439869212904e-8,-0.8155209422111511,6.283353570779582e-8,-0.5787275433540344],5,1.5937433242797852],[[754.483154296875,229.22647094726563,46.41920852661133,-0.5096725821495056,1.0537950601019475e-7,0.8603684306144714,9.275936463382095e-8,1,-6.753222692168493e-8,-0.8603684306144714,4.538790321362285e-8,-0.5096725821495056],5,1.6085591316223145],[[754.283203125,229.44956970214845,46.425533294677737,-0.46261781454086306,7.680995395276114e-8,0.8865578174591065,6.34383354736201e-8,1,-5.353543031105801e-8,-0.8865578174591065,3.1475309469897186e-8,-0.46261781454086306],5,1.6217880249023438],[[754.14990234375,229.58126831054688,46.43039321899414,-0.43407127261161806,5.766860056155565e-8,0.9008785486221314,4.4694903778008668e-8,1,-4.247834084480928e-8,-0.9008785486221314,2.1826050300433054e-8,-0.43407127261161806],5,1.6334037780761719],[[753.883544921875,229.8037872314453,46.441654205322269,-0.3823004961013794,1.9207037738055989e-8,0.9240380525588989,8.910494564418059e-9,1,-1.7099459626024328e-8,-0.9240380525588989,1.696504492443296e-9,-0.3823004961013794],5,1.6466681957244874],[[753.6837768554688,229.93490600585938,46.45168685913086,-0.34809568524360659,-9.762751496111833e-9,0.9374589920043945,-1.660317039409165e-8,1,4.248996265943106e-9,-0.9374589920043945,-1.4085734356683588e-8,-0.34809568524360659],5,1.6608436107635499],[[753.4840087890625,230.03538513183595,46.462886810302737,-0.31798526644706728,-3.880827748048432e-8,0.9480956792831421,-4.115750940059115e-8,1,2.7128903568041097e-8,-0.9480956792831421,-3.039466633936172e-8,-0.31798526644706728],5,1.6737027168273926],[[752.8187255859375,230.14886474609376,46.50531005859375,-0.23267507553100587,-1.209259181678135e-7,0.9725545048713684,-1.04378614196321e-7,1,9.936677969335506e-8,-0.9725545048713684,-7.839371818363361e-8,-0.23267507553100587],5,1.7142541408538819],[[752.619140625,230.1165008544922,46.51897048950195,-0.2131197303533554,-1.0507091019462678e-7,0.977026104927063,-8.812266827362692e-8,1,8.831926834318438e-8,-0.977026104927063,-6.727556467467366e-8,-0.2131197303533554],5,1.7372260093688965],[[752.353271484375,230.02565002441407,46.5394172668457,-0.19336892664432527,-8.393561756747659e-8,0.9811261296272278,-6.745054292878194e-8,1,7.225654030662554e-8,-0.9811261296272278,-5.220531917871085e-8,-0.19336892664432527],5,1.744640827178955],[[752.0210571289063,229.83543395996095,46.56694412231445,-0.17382828891277314,-5.753306808742309e-8,0.984775960445404,-4.255662133800797e-8,1,5.091058596917719e-8,-0.984775960445404,-3.305903817363287e-8,-0.17382828891277314],5,1.7649776935577393],[[751.8219604492188,229.68043518066407,46.5855598449707,-0.16477131843566895,-4.170308187667615e-8,0.9863318204879761,-2.8016060582558567e-8,1,3.760077049719257e-8,-0.9863318204879761,-2.1437603692220365e-8,-0.16477131843566895],5,1.7898175716400147],[[751.490234375,229.35398864746095,46.61835861206055,-0.15300221741199494,-1.5341793613288247e-8,0.9882258176803589,-4.232686645622152e-9,1,1.4869256936833608e-8,-0.9882258176803589,-1.9078207902367696e-9,-0.15300221741199494],5,1.7973060607910157],[[751.357666015625,229.19955444335938,46.63257598876953,-0.1493779718875885,-4.8053649948087699e-9,0.98878014087677,5.16552134399717e-9,1,5.640262923378714e-9,-0.98878014087677,5.950095971485325e-9,-0.1493779718875885],5,1.8085589408874512],[[751.1588134765625,228.94236755371095,46.65438461303711,-0.1449495553970337,1.0990451215775466e-8,0.989439070224762,1.9177512911028317e-8,1,-8.298317588639748e-9,-0.989439070224762,1.777214286846629e-8,-0.1449495553970337],5,1.8185081481933594],[[751.0262451171875,228.75387573242188,46.6689567565918,-0.14237307012081147,2.1515079495770807e-8,0.9898130893707275,2.847477453826741e-8,1,-1.7640743976699015e-8,-0.9898130893707275,2.5673136505588446e-8,-0.14237307012081147],5,1.8269059658050538],[[750.827392578125,228.44558715820313,46.69081497192383,-0.13889314234256745,3.7293116150749486e-8,0.9903073906898499,4.236547113123379e-8,1,-3.171625806430711e-8,-0.9903073906898499,3.7549668263636707e-8,-0.13889314234256745],5,1.8374180793762208],[[750.69482421875,228.22303771972657,46.705387115478519,-0.1367887556552887,4.780585527441872e-8,0.9906002283096314,5.159409255384162e-8,1,-4.1135020723004348e-8,-0.9906002283096314,4.5482309474209617e-8,-0.1367887556552887],5,1.8480477333068848],[[750.562255859375,227.9868621826172,46.7199592590332,-0.13484959304332734,5.8313826656331e-8,0.9908660650253296,6.080113479356442e-8,1,-5.057678365005813e-8,-0.9908660650253296,5.3425520007976959e-8,-0.13484959304332734],5,1.8558990955352784],[[750.3634033203125,227.6070556640625,46.741817474365237,-0.132182314991951,7.406685398336777e-8,0.9912254214286804,7.457477124717116e-8,1,-6.477778669022882e-8,-0.9912254214286804,6.535793062312223e-8,-0.132182314991951],5,1.8691370487213135],[[750.2308349609375,227.33680725097657,46.75638961791992,-0.13055898249149323,8.456292022174239e-8,0.9914405345916748,8.373626769753173e-8,1,-7.426607595562018e-8,-0.9914405345916748,7.332342732979669e-8,-0.13055898249149323],5,1.8793957233428956],[[749.9656982421875,226.7554473876953,46.7855339050293,-0.12761744856834413,1.05540813422067e-7,0.9918234944343567,1.0201486588812259e-7,1,-9.328468308922311e-8,-0.9918234944343567,8.927598571517592e-8,-0.12761744856834413],5,1.8928401470184327],[[749.8331298828125,226.4443359375,46.800106048583987,-0.12629863619804383,1.16022640384017e-7,0.9919922351837158,1.1113650089100702e-7,1,-1.0280952267294197e-7,-0.9919922351837158,9.726184657665726e-8,-0.12629863619804383],5,1.9037561416625977],[[749.63427734375,225.95211791992188,46.821964263916019,-0.12451160699129105,1.3173654167530913e-7,0.9922181367874146,1.248030088163432e-7,1,-1.1710843494938672e-7,-0.9922181367874146,1.0925045046406012e-7,-0.12451160699129105],5,1.918579339981079],[[749.369140625,225.24813842773438,46.85110855102539,-0.12239397317171097,9.82211787459164e-8,0.9924815893173218,9.204349993297001e-8,1,-8.761433178960942e-8,-0.9924815893173218,8.062801981623125e-8,-0.12239397317171097],5,1.931239128112793],[[749.1851806640625,225.25868225097657,46.871341705322269,-0.12181661278009415,7.310458016718258e-8,0.992552638053894,6.761894866258445e-8,1,-6.535418606290477e-8,-0.992552638053894,5.915414291735033e-8,-0.12181661278009415],12,1.9460220336914063],[[749.0558471679688,225.41690063476563,46.88581085205078,-0.1395532786846161,0.00035262954770587385,0.9902145266532898,0.0023357265163213016,0.9999972581863403,-0.000026933830667985604,-0.9902117848396301,0.0023091116454452278,-0.1395537257194519],12,1.96114182472229],[[749.1066284179688,225.54461669921876,46.879581451416019,-0.1593734472990036,0.0004624335851985961,0.9872182607650757,0.0033102219458669426,0.9999945163726807,0.00006597367610083893,-0.9872128367424011,0.0032784261275082828,-0.15937410295009614],12,1.9735321998596192],[[749.1281127929688,225.63735961914063,46.87650680541992,-0.16260315477848054,0.0002814149484038353,0.9866915345191956,0.002050261478871107,0.9999979138374329,0.00005266553853289224,-0.9866894483566284,0.002031539333984256,-0.16260339319705964],12,1.983285903930664],[[749.1419677734375,225.7772674560547,46.87459945678711,-0.1639367789030075,0.00005732217323384248,0.9864708185195923,0.0004403302154969424,0.9999998807907105,0.00001506800253991969,-0.9864707589149475,0.0004368431109469384,-0.1639367789030075],12,1.9959602355957032],[[749.1432495117188,225.91725158691407,46.87456512451172,-0.16420111060142518,-0.00002341824074392207,0.9864268898963928,-0.00015751385944895446,1,-0.0000024793632746877849,-0.9864268898963928,-0.00015578301099594682,-0.16420111060142518],12,2.0069894790649416],[[749.143310546875,226.05723571777345,46.87462615966797,-0.16425351798534394,-0.000024610095351818019,0.9864181280136108,-0.00017637741984799504,1,-0.000004420558070705738,-0.9864181280136108,-0.0001747079804772511,-0.16425353288650514],12,2.0189483165740969],[[749.143310546875,226.1972198486328,46.87464141845703,-0.16426391899585725,-0.000009273105206375476,0.9864163994789124,-0.00006850613135611638,1,-0.0000020072463939868614,-0.9864163994789124,-0.00006790529005229473,-0.16426391899585725],12,2.031770944595337],[[749.143310546875,226.3372039794922,46.874637603759769,-0.164265975356102,-3.640930117398966e-7,0.9864161014556885,-0.000003767077942029573,1,-2.5821734084274797e-7,-0.9864161014556885,-0.000003758322691282956,-0.164265975356102],12,2.043555974960327],[[749.143310546875,226.43052673339845,46.8746337890625,-0.16426630318164826,0.0000014568171309292666,0.9864160418510437,0.000009953253538697027,1,1.8062061712953437e-7,-0.9864160418510437,0.000009847718501987402,-0.16426630318164826],12,2.055365562438965],[[749.143310546875,226.61717224121095,46.874629974365237,-0.1642664670944214,9.95481514109997e-7,0.9864159822463989,0.000007223348347906722,1,1.9370364157111909e-7,-0.9864159822463989,0.0000071570452746527739,-0.1642664670944214],12,2.0675864219665529],[[749.143310546875,226.7104949951172,46.87462615966797,-0.16426649689674378,4.378874507438013e-7,0.9864159822463989,0.0000033035885280696677,1,1.0622439816643237e-7,-0.9864159822463989,0.0000032761615784693278,-0.16426649689674378],12,2.0786471366882326],[[749.143310546875,226.8971405029297,46.87462615966797,-0.16426649689674378,-6.521741369169831e-8,0.9864159822463989,-3.973821947056422e-7,1,-5.998630064896204e-11,-0.9864159822463989,-3.919940070318262e-7,-0.16426649689674378],12,2.0920846462249758],[[749.143310546875,226.99046325683595,46.87462615966797,-0.16426649689674378,-9.25937655438247e-8,0.9864159822463989,-6.399339440577023e-7,1,-1.2698438744962459e-8,-0.9864159822463989,-6.333270334835106e-7,-0.16426649689674378],12,2.1040146350860597],[[749.143310546875,227.17710876464845,46.87462615966797,-0.16426649689674378,-3.6492590282932727e-8,0.9864159822463989,-2.818015900629689e-7,1,-9.932898947795366e-9,-0.9864159822463989,-2.7960524562331559e-7,-0.16426649689674378],12,2.1189160346984865],[[749.143310546875,227.3170928955078,46.87462615966797,-0.16426649689674378,-1.3945495869194247e-9,0.9864159822463989,-3.927097935729762e-8,1,-5.125988078447108e-9,-0.9864159822463989,-3.957955030386984e-8,-0.16426649689674378],12,2.1290366649627687],[[749.143310546875,227.41041564941407,46.87462615966797,-0.16426649689674378,8.165031317730609e-9,0.9864159822463989,3.95175163703243e-8,1,-1.6966749116775759e-9,-0.9864159822463989,3.870200160349668e-8,-0.16426649689674378],12,2.140495538711548],[[749.143310546875,227.5037384033203,46.87462615966797,-0.16426649689674378,1.1753876094644511e-8,0.9864159822463989,7.584689143413925e-8,1,7.149388303595572e-10,-0.9864159822463989,7.493402875979882e-8,-0.16426649689674378],12,2.150341749191284],[[749.143310546875,227.6437225341797,46.87462615966797,-0.16426649689674378,1.2347055822203857e-8,0.9864159822463989,9.233489350890523e-8,1,2.8593143408528478e-9,-0.9864159822463989,9.155030511465157e-8,-0.16426649689674378],12,2.162342071533203],[[749.143310546875,227.78370666503907,46.87462615966797,-0.16426649689674378,1.0547016593420722e-8,0.9864159822463989,8.982993193740185e-8,1,4.266995201618329e-9,-0.9864159822463989,8.931061046268951e-8,-0.16426649689674378],12,2.1747312545776369],[[749.143310546875,227.92369079589845,46.87462615966797,-0.16426649689674378,8.748130220226358e-9,0.9864159822463989,8.732658329790866e-8,1,5.673774339243209e-9,-0.9864159822463989,8.707235110705369e-8,-0.16426649689674378],12,2.185335874557495],[[749.143310546875,228.29698181152345,46.87462615966797,-0.16426649689674378,3.956733607424212e-9,0.9864159822463989,8.065881473839909e-8,1,9.420779711888372e-9,-0.9864159822463989,8.111066307492365e-8,-0.16426649689674378],12,2.2200605869293215],[[749.143310546875,228.3903045654297,46.87462615966797,-0.16426649689674378,2.760163209103