[[[776,222.69961547851563,47,1,0,0,0,1,0,0,0,1],8,0.0069544315338134769],[[776,222.69961547851563,47,1,0,0,0,1,0,0,0,1],8,0.022728919982910157],[[776,222.69961547851563,47,1,0,0,0,1,0,0,0,1],8,0.04699873924255371],[[776,222.69961547851563,47,1,0,0,0,1,0,0,0,1],8,0.054851531982421878],[[776,222.69961547851563,47,1,0,0,0,1,0,0,0,1],8,0.07143592834472656],[[776,222.69961547851563,47,1,0,0,0,1,0,0,0,1],8,0.08820843696594238],[[776,222.69961547851563,47,1,0,0,0,1,0,0,0,1],8,0.10576462745666504],[[776,222.69961547851563,47,1,0,0,0,1,0,0,0,1],8,0.12354111671447754],[[776,222.69961547851563,47,1,0,0,0,1,0,0,0,1],8,0.13882732391357423],[[776,222.69961547851563,47,1,0,0,0,1,0,0,0,1],8,0.15475821495056153],[[776,222.69961547851563,47,1,0,0,0,1,0,0,0,1],8,0.17174911499023438],[[776,222.69961547851563,47,1,0,0,0,1,0,0,0,1],8,0.1873183250427246],[[776,222.69961547851563,47,1,0,0,0,1,0,0,0,1],8,0.20266032218933106],[[776,222.69961547851563,47,1,0,0,0,1,0,0,0,1],8,0.22076201438903809],[[776,222.69961547851563,47,1,0,0,0,1,0,0,0,1],8,0.23804283142089845],[[776,222.69961547851563,47.00000762939453,-0.0910104513168335,-1.6630542276629968e-8,0.9958499670028687,-9.491319730159376e-9,1,1.583243935954215e-8,-0.9958499670028687,-8.01101229797041e-9,-0.0910104513168335],8,0.26290392875671389],[[776,222.69961547851563,47.00000762939453,-0.02484324760735035,-5.520397650116138e-8,0.999691367149353,-2.855125380563095e-8,1,5.451149220903062e-8,-0.999691367149353,-2.7188198359340278e-8,-0.02484324760735035],8,0.2759683132171631],[[776,222.69961547851563,47.00000762939453,-0.020944349467754365,-9.573318493494298e-8,0.9997806549072266,-4.752590498924292e-8,1,9.475856899143764e-8,-0.9997806549072266,-4.5530821779493638e-8,-0.020944349467754365],8,0.288318395614624],[[776,222.69961547851563,47.00000762939453,-0.06146121770143509,-7.976173321821989e-8,0.9981094598770142,-3.913476476213873e-8,1,7.750298181008475e-8,-0.9981094598770142,-3.42973507372335e-8,-0.06146121770143509],8,0.30384349822998049],[[776,222.69961547851563,47.00000762939453,-0.13417169451713563,-5.843582329134733e-8,0.9909580945968628,-2.6270726039001603e-8,1,5.541206604675608e-8,-0.9909580945968628,-1.8598457884877463e-8,-0.13417169451713563],8,0.32053065299987795],[[776,222.69961547851563,47.00000762939453,-0.23816564679145814,-3.64667691599152e-8,0.9712245464324951,-1.1460338456004138e-8,1,3.473688181543366e-8,-0.9712245464324951,-2.857430070335454e-9,-0.23816564679145814],8,0.3380699157714844],[[776,222.69961547851563,47.0000114440918,-0.35213905572891238,-1.3203392157379313e-8,0.9359477162361145,5.516604950628334e-9,1,1.6182532647235349e-8,-0.9359477162361145,1.0861755050939337e-8,-0.35213905572891238],8,0.3538856506347656],[[776,222.69961547851563,47.00001525878906,-0.5238308310508728,1.7508797967025204e-8,0.8518223166465759,3.0354755153894078e-8,1,-1.8877654994753358e-9,-0.8518223166465759,2.4867990333632407e-8,-0.5238308310508728],8,0.37171196937561037],[[776,222.69961547851563,47.00001907348633,-0.6157276034355164,3.671373605129702e-8,0.787959098815918,4.6182304203057359e-8,1,-1.0505641689917411e-8,-0.787959098815918,2.992115000211015e-8,-0.6157276034355164],8,0.38672399520874026],[[776,222.69961547851563,47.000022888183597,-0.700325608253479,6.157366527759223e-8,0.7138235569000244,6.82868659396263e-8,1,-1.926333403901026e-8,-0.7138235569000244,3.525416758520805e-8,-0.700325608253479],8,0.4031538963317871],[[775.8428955078125,222.69961547851563,46.83753204345703,-0.764615535736084,9.167982284452592e-8,0.644486665725708,9.659033395337247e-8,1,-2.7658215273618226e-8,-0.644486665725708,4.110328077899794e-8,-0.764615535736084],8,0.4229729175567627],[[775.6937866210938,222.69961547851563,46.706451416015628,-0.8176628351211548,1.1114596532024734e-7,0.5756974220275879,1.1390753940077048e-7,1,-3.1280329437777257e-8,-0.5756974220275879,3.9999516587840847e-8,-0.8176628351211548],8,0.4430508613586426],[[775.4235229492188,222.69961547851563,46.51162338256836,-0.8558058142662048,7.383466993360344e-8,0.5172972679138184,7.517021316516548e-8,1,-1.8371576260278745e-8,-0.5172972679138184,2.3162844087210034e-8,-0.8558058142662048],8,0.4622623920440674],[[775.2537841796875,222.69961547851563,46.405921936035159,-0.8825350999832153,4.1073210610420577e-8,0.47024649381637576,4.125546482214304e-8,1,-9.917800802838883e-9,-0.47024649381637576,1.0647430492838339e-8,-0.8825350999832153],8,0.4705216884613037],[[774.9607543945313,222.69961547851563,46.24717712402344,-0.8984200358390808,-1.5042173728829767e-8,0.4391371011734009,-1.5678061515700393e-8,1,2.1785642179139588e-9,-0.4391371011734009,-4.927553032274545e-9,-0.8984200358390808],8,0.48788881301879885],[[774.7816772460938,222.69961547851563,46.15815734863281,-0.9081587791442871,-4.899852967810148e-8,0.4186258912086487,-4.9964832271598428e-8,1,8.653382899126428e-9,-0.4186258912086487,-1.3057926295800826e-8,-0.9081587791442871],8,0.5033373832702637],[[774.5399169921875,222.69961547851563,46.045654296875,-0.9139190912246704,-9.427358804714459e-8,0.4058964252471924,-9.57624095576648e-8,1,1.664092508235626e-8,-0.4058964252471924,-2.3661161918653307e-8,-0.9139190912246704],8,0.5206766128540039],[[774.2964477539063,222.69961547851563,45.93689727783203,-0.9181222319602966,-8.693370290302482e-8,0.3962973654270172,-8.819110774993533e-8,1,1.5048012613760876e-8,-0.3962973654270172,-2.1133988781230074e-8,-0.9181222319602966],8,0.538200855255127],[[774.0517578125,222.69961547851563,45.830833435058597,-0.9222256541252136,-6.203462277198924e-8,0.3866521418094635,-6.278323638753136e-8,1,1.0692605911799547e-8,-0.3866521418094635,-1.4414275106844343e-8,-0.9222256541252136],8,0.5531101226806641],[[773.7445068359375,222.69961547851563,45.70155715942383,-0.934546947479248,-3.111412283374193e-8,0.35583990812301638,-3.089091293873025e-8,1,6.309346378685632e-9,-0.35583990812301638,-5.095838417901177e-9,-0.934546947479248],8,0.5713937282562256],[[773.5580444335938,222.69961547851563,45.62921905517578,-0.9464056491851807,-1.247043357466282e-8,0.3229803740978241,-1.1691745349651228e-8,1,4.351039084582453e-9,-0.3229803740978241,3.4164365780853247e-10,-0.9464056491851807],8,0.5872392654418945],[[773.30615234375,222.69961547851563,45.54174041748047,-0.9596028923988342,1.2607885402360353e-8,0.2813579738140106,1.3977519586205745e-8,1,2.8610624980274226e-9,-0.2813579738140106,6.678170461071886e-9,-0.9596028923988342],8,0.6030597686767578],[[773.05078125,222.69961547851563,45.46505355834961,-0.9726181626319885,3.7959967613687698e-8,0.232408806681633,3.966733430615932e-8,1,2.6728876889592358e-9,-0.232408806681633,1.1818737100099952e-8,-0.9726181626319885],8,0.6208622455596924],[[772.7919311523438,222.69961547851563,45.401123046875,-0.983456015586853,6.353560877414566e-8,0.18114712834358216,6.53098055636292e-8,1,3.829531802779229e-9,-0.18114712834358216,1.5596860691857729e-8,-0.983456015586853],8,0.6362953186035156],[[772.5300903320313,222.69961547851563,45.35076904296875,-0.9911360740661621,8.920950023139085e-8,0.13285058736801148,9.084322982744198e-8,1,6.236362981582033e-9,-0.13285058736801148,1.8249661337677027e-8,-0.9911360740661621],8,0.6536486148834229],[[772.2000732421875,222.69961547851563,45.304527282714847,-0.9946433305740356,1.2091615531062417e-7,0.103366419672966,1.2262604798252142e-7,1,1.0187341636935799e-8,-0.103366419672966,2.2808187338796416e-8,-0.9946433305740356],8,0.6712565422058106],[[772.0012817382813,222.69961547851563,45.28272247314453,-0.9956719279289246,8.789968575229068e-8,0.09293761849403382,8.902588177761572e-8,1,7.9718285306285e-9,-0.09293761849403382,1.6211179953984357e-8,-0.9956719279289246],8,0.6860716342926025],[[771.73583984375,222.69961547851563,45.257469177246097,-0.9965913891792297,4.3766139157241926e-8,0.08249624073505402,4.429255184845715e-8,1,4.550953391913026e-9,-0.08249624073505402,8.189410038994538e-9,-0.9965913891792297],8,0.7039964199066162],[[771.4701538085938,222.69961547851563,45.235050201416019,-0.9974013566970825,-4.11222778051723e-10,0.07204555720090866,-3.6428082772488326e-10,1,6.646985184488585e-10,-0.07204555720090866,6.367263938322765e-10,-0.9974013566970825],8,0.7190289497375488],[[771.2042846679688,222.69961547851563,45.21541976928711,-0.9983106851577759,-4.4625270589904179e-8,0.05810157582163811,-4.492434868552664e-8,1,-3.841325479925217e-9,-0.05810157582163811,-6.445011635491937e-9,-0.9983106851577759],8,0.7365541458129883],[[770.9381713867188,222.69961547851563,45.19937515258789,-0.9991732239723206,-8.891622371720587e-8,0.04065560922026634,-8.936090267752661e-8,1,-9.120459942835169e-9,-0.04065560922026634,-1.2745941191383281e-8,-0.9991732239723206],8,0.7534379959106445],[[770.6718139648438,222.69961547851563,45.187835693359378,-0.999769926071167,-9.706423043098767e-8,0.021451016888022424,-9.73227898271034e-8,1,-1.1009563927188993e-8,-0.021451016888022424,-1.3094703099625349e-8,-0.999769926071167],8,0.7701201438903809],[[770.3385620117188,222.69961547851563,45.179908752441409,-0.9998953938484192,-6.17826145798972e-8,0.014463871717453003,-6.190229839830863e-8,1,-7.826928438703363e-9,-0.014463871717453003,-8.721457334104344e-9,-0.9998953938484192],8,0.7884023189544678],[[770.1386108398438,223.3587188720703,45.175594329833987,-0.9999397993087769,-4.060839486896839e-8,0.010970370844006539,-4.0674962065168077e-8,1,-5.844804196186715e-9,-0.010970370844006539,-6.290671983322227e-9,-0.9999397993087769],3,0.8059673309326172],[[769.8053588867188,224.39476013183595,45.1715087890625,-0.9914842844009399,-2.2068681104769895e-8,0.13022631406784059,-1.8823723024752327e-8,1,2.6148748943910506e-8,-0.13022631406784059,2.347473149200141e-8,-0.9914842844009399],5,0.8278954029083252],[[769.6054077148438,224.9755096435547,45.16987228393555,-0.9948619604110718,-3.962971817372818e-8,0.10124067962169647,-3.045677132718083e-8,1,9.215104768145466e-8,-0.10124067962169647,8.859411337880374e-8,-0.9948619604110718],5,0.8364362716674805],[[769.3388061523438,225.70216369628907,45.16865539550781,-0.9911413788795471,-5.5970712509179069e-8,0.13281115889549256,-3.8637342214542517e-8,1,1.3308854818205874e-7,-0.13281115889549256,1.2677810445893557e-7,-0.9911413788795471],5,0.8544559478759766],[[769.0055541992188,226.53382873535157,45.168338775634769,-0.9860873222351074,-7.273089153159163e-8,0.16622811555862428,-4.7236188294164097e-8,1,1.5732526037481876e-7,-0.16622811555862428,1.4728446728895506e-7,-0.9860873222351074],5,0.8714919090270996],[[768.7389526367188,227.13784790039063,45.16819381713867,-0.991068959236145,-6.845767330787567e-8,0.13335025310516358,-4.774434003707029e-8,1,1.5852791079851159e-7,-0.13335025310516358,1.5074537884629536e-7,-0.991068959236145],5,0.8882162570953369],[[768.5390014648438,227.5550994873047,45.16808319091797,-0.9949606657028198,-6.27183922574659e-8,0.10026628524065018,-4.76319890196919e-8,1,1.528573250197951e-7,-0.10026628524065018,1.473111410632555e-7,-0.9949606657028198],5,0.9032289981842041],[[768.2057495117188,228.18238830566407,45.16790008544922,-0.9848904609680176,-8.484347802095727e-8,0.17317833006381989,-5.735677532925365e-8,1,1.6372334243897058e-7,-0.17317833006381989,1.5131661257328234e-7,-0.9848904609680176],5,0.9215054512023926],[[768.0057983398438,228.51788330078126,45.166664123535159,-0.9934626221656799,-7.589004979990932e-8,0.11415804177522659,-5.8249195689086267e-8,1,1.578657986556209e-7,-0.11415804177522659,1.501841637718826e-7,-0.9934626221656799],5,0.9373695850372315],[[767.7391967773438,228.9175262451172,45.1630859375,-0.9885885119438171,-8.574163956609482e-8,0.15064100921154023,-6.264897933760949e-8,1,1.580418285129781e-7,-0.15064100921154023,1.4680082927043259e-7,-0.9885885119438171],5,0.9544150829315186],[[767.4725952148438,229.26266479492188,45.1584358215332,-0.9893640875816345,-8.304115794999234e-8,0.14546045660972596,-6.153860709900982e-8,1,1.5232367900352984e-7,-0.14546045660972596,1.4175213891576278e-7,-0.9893640875816345],5,0.970905065536499],[[767.2059936523438,229.55331420898438,45.15483474731445,-0.9893640875816345,-7.599131635060985e-8,0.14546042680740357,-5.509510003776086e-8,1,1.4768417599952955e-7,-0.14546042680740357,1.3809926713292953e-7,-0.9893640875816345],5,0.9874575138092041],[[766.9393920898438,229.78945922851563,45.15143585205078,-0.9893640875816345,-7.755778597129393e-8,0.14546039700508119,-5.54465522384362e-8,1,1.5606279646362965e-7,-0.14546039700508119,1.463376406718453e-7,-0.9893640875816345],5,1.0030403137207032],[[766.6727905273438,229.97109985351563,45.148040771484378,-0.9893640875816345,-7.71265433741064e-8,0.1454603672027588,-5.471636654874601e-8,1,1.5806460851308658e-7,-0.1454603672027588,1.4842439099993499e-7,-0.9893640875816345],5,1.0196847915649415],[[766.4061889648438,230.09825134277345,45.14464569091797,-0.9893640875816345,-8.028236919699339e-8,0.1454603374004364,-5.7730630942387509e-8,1,1.5925823504403525e-7,-0.1454603374004364,1.4916686552624015e-7,-0.9893640875816345],5,1.0374608039855958],[[766.1395874023438,230.1708984375,45.14125061035156,-0.9893640279769898,-7.934114876206877e-8,0.1454605609178543,-5.763149601989426e-8,1,1.5346164161655907e-7,-0.1454605609178543,1.4344632859319973e-7,-0.9893640279769898],5,1.0612597465515137],[[765.8729858398438,230.1890411376953,45.137855529785159,-0.9893640279769898,-7.413993330374069e-8,0.1454605609178543,-5.3145331690984679e-8,1,1.4821789307006839e-7,-0.1454605609178543,1.3891090588913358e-7,-0.9893640279769898],5,1.0745937824249268],[[765.6063842773438,230.15269470214845,45.13446044921875,-0.9893640279769898,-7.741490293255993e-8,0.1454605609178543,-5.529226854150693e-8,1,1.5612972958933825e-7,-0.1454605609178543,1.4642628798355873e-7,-0.9893640279769898],5,1.087587594985962],[[765.3397827148438,230.0618438720703,45.131065368652347,-0.9893640279769898,-7.793997980343193e-8,0.1454605609178543,-5.555268955959036e-8,1,1.5796821628555336e-7,-0.1454605609178543,1.4820736282672443e-7,-0.9893640279769898],5,1.1045770645141602],[[765.0731811523438,229.91648864746095,45.12767028808594,-0.9893637299537659,-8.128787953864958e-8,0.14546291530132295,-5.875629582874353e-8,1,1.591919982502077e-7,-0.14546291530132295,1.4895192634867272e-7,-0.9893637299537659],5,1.1219778060913087],[[764.8065795898438,229.7166290283203,45.124271392822269,-0.9891077876091003,-8.028781195434931e-8,0.14719286561012269,-5.8331032448677436e-8,1,1.5348658166658425e-7,-0.14719286561012269,1.43228859883493e-7,-0.9891077876091003],5,1.1432719230651856],[[764.5399780273438,229.4622802734375,45.12047576904297,-0.9891079068183899,-7.465313700549814e-8,0.14719238877296449,-5.340738695736036e-8,1,1.4829211636424589e-7,-0.14719238877296449,1.3881573579510587e-7,-0.9891079068183899],5,1.154693841934204],[[764.2067260742188,229.0677032470703,45.115638732910159,-0.9851914644241333,-8.433703868604425e-8,0.17145784199237824,-5.743926578816172e-8,1,1.6183780360279344e-7,-0.17145784199237824,1.495928074746189e-7,-0.9851914644241333],5,1.1721522808074952],[[764.0067749023438,228.79006958007813,45.114158630371097,-0.9961122870445252,-7.053807848933502e-8,0.08809281140565872,-5.6915482105068807e-8,1,1.5715097845259152e-7,-0.08809281140565872,1.515261800477674e-7,-0.9961122870445252],5,1.1873338222503663],[[763.7401733398438,228.37220764160157,45.1165771484375,-0.9944078922271729,-7.728126405481817e-8,0.10560769587755203,-6.091845250466577e-8,1,1.581653208404532e-7,-0.10560769587755203,1.5084738436144108e-7,-0.9944078922271729],5,1.203819751739502],[[763.4069213867188,227.77325439453126,45.12508010864258,-0.9926091432571411,-7.775209098781488e-8,0.12135502696037293,-5.9807661045852e-8,1,1.5150965282373364e-7,-0.12135502696037293,1.4313191343262589e-7,-0.9926091432571411],5,1.2213859558105469],[[763.2071533203125,227.3730010986328,45.13339614868164,-0.9993590116500855,-6.185123879731691e-8,0.03579897806048393,-5.662526092464759e-8,1,1.4699504902182526e-7,-0.03579897806048393,1.4487369526250405e-7,-0.9993590116500855],5,1.2377700805664063],[[762.87451171875,226.63778686523438,45.153953552246097,-0.9963919520378113,-7.353889941441594e-8,0.08487089723348618,-6.009271658058424e-8,1,1.6098572075406992e-7,-0.08487089723348618,1.5530476105141134e-7,-0.9963919520378113],5,1.2549915313720704],[[762.6751098632813,226.15579223632813,45.169578552246097,-0.999996542930603,-5.88841011506247e-8,0.0026229058858007194,-5.847297401828655e-8,1,1.5682086029755738e-7,-0.0026229058858007194,1.5666695674099174e-7,-0.999996542930603],5,1.271031379699707],[[762.40966796875,225.46543884277345,45.19483184814453,-0.9997189044952393,-6.476933833710064e-8,0.023708026856184007,-6.10332762107646e-8,1,1.583101152391464e-7,-0.023708026856184007,1.568186434042218e-7,-0.9997189044952393],5,1.2874958515167237],[[762.14453125,224.7205810546875,45.223487854003909,-0.9999125003814697,-6.173058864078485e-8,0.013230114243924618,-5.971248384639694e-8,1,1.529338788941459e-7,-0.013230114243924618,1.5213048243367667e-7,-0.9999125003814697],5,1.303070068359375],[[761.8797607421875,223.92123413085938,45.25499725341797,-0.9999525547027588,-5.524085366914733e-8,0.009738168679177761,-5.3800697230599329e-8,1,1.48150050449658e-7,-0.009738168679177761,1.4761910449578864e-7,-0.9999525547027588],5,1.3208439350128174],[[761.6151123046875,223.0673828125,45.28770065307617,-0.9999805092811585,-5.586949214375636e-8,0.00624610623344779,-5.489442145290013e-8,1,1.5628012306478923e-7,-0.00624610623344779,1.5593420243931178e-7,-0.9999805092811585],5,1.3371353149414063],[[761.3505859375,222.9388427734375,45.321346282958987,-0.9950790405273438,-3.7278063302892409e-8,-0.0990842878818512,-4.6084302596227647e-8,1,8.6587476744171e-8,0.0990842878818512,9.072761031347909e-8,-0.9950790405273438],7,1.3545029163360596],[[761.0862426757813,222.93629455566407,45.35669708251953,-0.9891388416290283,-3.651547331173788e-8,-0.14698415994644166,-3.9471839130555966e-8,1,1.71968057571803e-8,0.14698415994644166,2.2811764921470968e-8,-0.9891388416290283],7,1.3703029155731202],[[760.822509765625,222.85855102539063,45.39585494995117,-0.9863860607147217,-3.9917189553762e-8,-0.16444624960422517,-3.1783368825699657e-8,1,-5.209312092802065e-8,0.16444624960422517,-4.615727178247653e-8,-0.9863860607147217],8,1.3876674175262452],[[760.5594482421875,222.7237091064453,45.43915557861328,-0.9836385250091553,-3.332246478748857e-8,-0.18015329539775849,-1.8172693572182653e-8,1,-8.574421173079827e-8,0.18015329539775849,-8.106744076030736e-8,-0.9836385250091553],8,1.4031753540039063],[[760.2307739257813,223.8074493408203,45.493953704833987,-0.9813591837882996,-1.125178883398803e-8,-0.19218268990516663,4.825602140101637e-9,1,-8.318874478163707e-8,0.19218268990516663,-8.256543537754624e-8,-0.9813591837882996],3,1.423037052154541],[[759.9688720703125,224.6158447265625,45.54411315917969,-0.9941381812095642,7.736544183067906e-10,-0.10811690241098404,8.125417672033564e-9,1,-6.755774251132607e-8,0.10811690241098404,-6.804022945061661e-8,-0.9941381812095642],5,1.4431443214416505],[[759.7728271484375,225.18637084960938,45.58363723754883,-0.9937635660171509,-1.3112830821171429e-8,-0.11150790005922318,-1.1182685000221682e-8,1,-1.793492465651525e-8,0.11150790005922318,-1.6576116479427584e-8,-0.9937635660171509],5,1.4540653228759766],[[759.5118408203125,225.89939880371095,45.63825225830078,-0.996636688709259,-4.245665508051388e-8,-0.08194673806428909,-4.943118270261948e-8,1,8.308172994020424e-8,0.08194673806428909,8.685302788080662e-8,-0.996636688709259],5,1.471449375152588],[[759.1861572265625,226.7140350341797,45.7088737487793,-0.9986799955368042,-4.9737792551241e-8,-0.05136401206254959,-5.696852056757962e-8,1,1.3931014564150247e-7,0.05136401206254959,1.4205238585418557e-7,-0.9986799955368042],5,1.4921834468841553],[[758.9908447265625,227.1619415283203,45.75196838378906,-0.9930561184883118,-3.9770590376519979e-8,-0.11764153838157654,-5.8541139935641698e-8,1,1.5610170578383987e-7,0.11764153838157654,1.619046230416643e-7,-0.9930561184883118],5,1.5045528411865235],[[758.66552734375,227.84031677246095,45.823997497558597,-0.9985944628715515,-4.4892281891861788e-8,-0.05300060659646988,-5.325822272084224e-8,1,1.5643379924767943e-7,0.05300060659646988,1.590366451864611e-7,-0.9985944628715515],5,1.5216095447540284],[[758.4052734375,228.32171630859376,45.882022857666019,-0.9962750673294067,-3.859603125988542e-8,-0.08623205870389939,-5.2188688925980389e-8,1,1.553744652937894e-7,0.08623205870389939,1.592960501284324e-7,-0.9962750673294067],5,1.539036512374878],[[758.2100830078125,228.64700317382813,45.92558670043945,-0.9928493499755859,-3.589647334933943e-8,-0.11937426775693894,-5.521143364717318e-8,1,1.5849447265736672e-7,0.11937426775693894,1.6395195245877404e-7,-0.9928493499755859],5,1.5538976192474366],[[757.9498291015625,229.03302001953126,45.983673095703128,-0.996275007724762,-4.3016321171762686e-8,-0.08623270690441132,-5.690566595717428e-8,1,1.5861003532791074e-7,0.08623270690441132,1.629263408631232e-7,-0.996275007724762],5,1.5699501037597657],[[757.6895751953125,229.36453247070313,46.0417594909668,-0.9962750673294067,-4.64041960412942e-8,-0.08623246848583222,-6.031739019363158e-8,1,1.587396667446228e-7,0.08623246848583222,1.6334968222508906e-7,-0.9962750673294067],5,1.5865402221679688],[[757.4293212890625,229.6415557861328,46.09984588623047,-0.9962749481201172,-4.609027470792171e-8,-0.08623341470956803,-5.947951819962327e-8,1,1.526981208144207e-7,0.08623341470956803,1.5725844093594788e-7,-0.9962749481201172],5,1.603557825088501],[[757.10400390625,229.91119384765626,46.17245101928711,-0.9987733364105225,-4.756511273740216e-8,-0.04951537027955055,-5.5105566332258607e-8,1,1.5092000182903576e-7,0.04951537027955055,1.534634463951079e-7,-0.9987733364105225],5,1.623448133468628],[[756.9086303710938,230.03208923339845,46.2154655456543,-0.9936586618423462,-3.909003964963631e-8,-0.11243884265422821,-5.688074722343117e-8,1,1.5501767336445483e-7,0.11243884265422821,1.6043026107581682e-7,-0.9936586618423462],5,1.6438727378845215],[[756.64794921875,230.14561462402345,46.271873474121097,-0.9971233606338501,-4.5065071674343929e-8,-0.07579562813043595,-5.71330751597543e-8,1,1.570493424196684e-7,0.07579562813043595,1.6092801047307149e-7,-0.9971233606338501],5,1.6534135341644288],[[756.38720703125,230.2046356201172,46.327362060546878,-0.9973821640014648,-4.799833774882245e-8,-0.07231023907661438,-5.963870819414297e-8,1,1.5881914805504494e-7,0.07231023907661438,1.6271587810479105e-7,-0.9973821640014648],5,1.6704764366149903],[[756.0609741210938,230.20176696777345,46.39555740356445,-0.9993678331375122,-5.23977483624094e-8,-0.035552069544792178,-5.7851035961675737e-8,1,1.5236005879160076e-7,0.035552069544792178,1.543204746212723e-7,-0.9993678331375122],5,1.688300609588623],[[755.7997436523438,230.13816833496095,46.449222564697269,-0.9979756474494934,-4.676938658576546e-8,-0.06359686702489853,-5.646899126077187e-8,1,1.5071958614498727e-7,0.06359686702489853,1.5400573261104e-7,-0.9979756474494934],5,1.7051289081573487],[[755.6036376953125,230.05470275878907,46.48854446411133,-0.995796799659729,-4.398419051199198e-8,-0.09158971160650253,-5.840736605478014e-8,1,1.547955434944015e-7,0.09158971160650253,1.594944194494019e-7,-0.995796799659729],5,1.7210750579833985],[[755.3419189453125,229.89572143554688,46.539546966552737,-0.9986786246299744,-5.0057181510965168e-8,-0.05139044672250748,-5.820006521162213e-8,1,1.5695481181410288e-7,0.05139044672250748,1.5973834877058835e-7,-0.9986786246299744],5,1.7371482849121094],[[755.079833984375,229.6822509765625,46.588783264160159,-0.9990134835243225,-5.28366363994337e-8,-0.044407330453395846,-5.994971985501252e-8,1,1.5884634763096984e-7,0.044407330453395846,1.613518634258071e-7,-0.9990134835243225],5,1.7550907135009766],[[754.8173828125,229.41427612304688,46.63618087768555,-0.9992326498031616,-5.224233845524395e-8,-0.03916744515299797,-5.830196059264381e-8,1,1.5356846461145325e-7,0.03916744515299797,1.557341704483406e-7,-0.9992326498031616],5,1.7706563472747803],[[754.5546875,229.091796875,46.6821403503418,-0.9993635416030884,-4.747850823605404e-8,-0.03567182645201683,-5.280793047290899e-8,1,1.4845919338313252e-7,0.03567182645201683,1.5024845367861418e-7,-0.9993635416030884],5,1.7871966361999512],[[754.2918090820313,228.71481323242188,46.72711181640625,-0.9995366334915161,-4.967730404814574e-8,-0.030439289286732675,-5.4459732723444179e-8,1,1.5628461369487923e-7,0.030439289286732675,1.5786990559263359e-7,-0.9995366334915161],5,1.8043670654296876],[[753.962890625,228.1669464111328,46.78163528442383,-0.9999513626098633,-5.259799706891499e-8,0.009859905578196049,-5.111127876489263e-8,1,1.5103621819889668e-7,-0.009859905578196049,1.505249116462437e-7,-0.9999513626098633],5,1.8210244178771973],[[753.6995239257813,227.66734313964845,46.82352066040039,-0.9999157786369324,-4.941248832324163e-8,-0.012978953309357167,-5.14484312930108e-8,1,1.565310867590597e-7,0.012978953309357167,1.571856529380966e-7,-0.9999157786369324],5,1.840111255645752],[[753.4357299804688,227.1132354736328,46.8627815246582,-0.9999909996986389,-4.857387381207445e-8,-0.004243193194270134,-4.923357366237724e-8,1,1.553682125177147e-7,0.004243193194270134,1.555757194182661e-7,-0.9999909996986389],5,1.855588674545288],[[753.2376708984375,226.66188049316407,46.89052963256836,-0.9995845556259155,-4.336082426448229e-8,-0.028821729123592378,-4.7692665816612137e-8,1,1.496102868259186e-7,0.028821729123592378,1.5092273031314108e-7,-0.9995845556259155],5,1.8705456256866456],[[752.9071655273438,225.84152221679688,46.933685302734378,-0.9989970922470093,-6.336492219816137e-8,0.04477473348379135,-5.619212473106927e-8,1,1.6145602899086953e-7,-0.04477473348379135,1.5877812131748215e-7,-0.9989970922470093],5,1.8889245986938477],[[752.7086791992188,225.3084259033203,46.9582405090332,-0.9998896718025208,-5.4873265042942879e-8,-0.014854850247502327,-5.7206275272392307e-8,1,1.5662863006582484e-7,0.014854850247502327,1.5746114456760552e-7,-0.9998896718025208],5,1.903289794921875],[[752.4437866210938,224.54994201660157,46.98906707763672,-0.9995812773704529,-6.650299866350906e-8,0.02893543802201748,-6.195453039481436e-8,1,1.5809017384071923e-7,-0.02893543802201748,1.562312945679878e-7,-0.9995812773704529],5,1.9209835529327393],[[752.1786499023438,223.73696899414063,47.017242431640628,-0.9990027546882629,-6.760585335996439e-8,0.04464897885918617,-6.082493086978502e-8,1,1.5323037416692387e-7,-0.04464897885918617,1.503617852449679e-7,-0.9990027546882629],5,1.9389441013336182],[[751.7847290039063,222.86949157714845,47.043983459472659,-0.9995008111000061,-3.468164067044199e-8,-0.031593162566423419,-3.674972504086327e-8,1,6.487918824404915e-8,0.031593162566423419,6.600784274723992e-8,-0.9995008111000061],7,1.9557321071624756],[[751.0026245117188,222.45455932617188,47.071311950683597,-0.999321699142456,-1.4652914437363052e-8,-0.03682572394609451,-1.2985370112517103e-8,1,-4.5521225899847198e-8,0.03682572394609451,-4.5012150451384517e-8,-0.999321699142456],7,1.971158742904663],[[750.4331665039063,222.5106201171875,47.0804557800293,-0.9997164011001587,-3.1330060767942315e-9,-0.023813704028725625,-1.2987435571432116e-9,1,-7.704097271243882e-8,0.023813704028725625,-7.698819359802656e-8,-0.9997164011001587],8,1.9873504638671876],[[749.6668701171875,222.5882110595703,47.08753204345703,-0.9999502301216126,1.198253052336895e-8,-0.009976206347346306,1.2940727600607716e-8,1,-9.598367967100785e-8,0.009976206347346306,-9.61080033334838e-8,-0.9999502301216126],8,2.0046660900115969],[[748.9002685546875,222.63763427734376,47.090763092041019,-0.9999998807907105,2.702584822600329e-8,0.0004660965350922197,2.6972223565735477e-8,1,-1.1505782993026514e-7,-0.0004660965350922197,-1.1504524621841483e-7,-0.9999998807907105],8,2.021470069885254],[[748.1336669921875,222.66566467285157,47.091060638427737,-0.9999400973320007,3.0770184622497257e-8,0.010944385081529618,2.9677913460091078e-8,1,-9.996423955271894e-8,-0.010944385081529618,-9.963344638208582e-8,-0.9999400973320007],8,2.037712812423706],[[747.3670654296875,222.68112182617188,47.08856201171875,-0.9998391270637512,2.252078701303617e-8,0.017935799434781076,2.161772805209239e-8,1,-5.054338814147741e-8,-0.017935799434781076,-5.014752701981706e-8,-0.9998391270637512],8,2.0566883087158205],[[746.6004638671875,222.68955993652345,47.08406066894531,-0.9997315406799316,1.384531689296864e-8,0.023168938234448434,1.3823002298352094e-8,1,-1.1232931251825562e-9,-0.023168938234448434,-8.027273290522885e-10,-0.9997315406799316],8,2.0712790489196779],[[745.6422119140625,222.69493103027345,47.0765495300293,-0.9996445775032044,2.6867161828647569e-9,0.026659492403268815,4.304505196728314e-9,1,6.062602153633634e-8,-0.026659492403268815,6.071923053241335e-8,-0.9996445775032044],8,2.088973045349121],[[745.0672607421875,222.69667053222657,47.07135009765625,-0.999491274356842,-4.322366908837694e-9,0.03189410641789436,-1.2077782107766666e-9,1,9.767332187493594e-8,-0.03189410641789436,9.758510799429132e-8,-0.999491274356842],8,2.103940486907959],[[744.1090087890625,222.69825744628907,47.06093215942383,-0.9992441534996033,-8.916552829418834e-9,0.038873713463544849,-5.60206681043951e-9,1,8.537184470469583e-8,-0.038873713463544849,8.508954607577835e-8,-0.9992441534996033],8,2.1218974590301515],[[743.5341796875,222.6987762451172,47.05342483520508,-0.9989482760429382,-1.077215117106789e-8,0.04585118964314461,-7.712515959212851e-9,1,6.690659404284816e-8,-0.04585118964314461,6.648259898156539e-8,-0.9989482760429382],8,2.1378629207611086],[[742.5762329101563,222.69923400878907,47.03843307495117,-0.9986943602561951,-1.3221134409491242e-8,0.05108403414487839,-1.1387971454723811e-8,1,3.6176295736822797e-8,-0.05108403414487839,3.5547319754414278e-8,-0.9986943602561951],8,2.155503511428833],[[742.00146484375,222.6993865966797,47.02841567993164,-0.9986943602561951,-1.4480554533236046e-8,0.05108403414487839,-1.3591360037423783e-8,1,1.7753874814729899e-8,-0.05108403414487839,1.703639185279826e-8,-0.9986943602561951],8,2.1708602905273439],[[741.235107421875,222.6995086669922,47.014801025390628,-0.9986943602561951,-1.6158526960907694e-8,0.05108403414487839,-1.652701620002972e-8,1,-6.790988216209826e-9,-0.05108403414487839,-7.62638840967611e-9,-0.9986943602561951],8,2.1870458126068117],[[740.46875,222.69956970214845,47.00117492675781,-0.9986035823822022,-1.7821715658783434e-8,0.05282880365848541,-1.950300543285266e-8,1,-3.130972103804197e-8,-0.05282880365848541,-3.2296320284785909e-8,-0.9986035823822022],8,2.204195022583008],[[739.5481567382813,222.64854431152345,46.9841423034668,-0.9986034035682678,-1.9915253446356475e-8,0.05283261463046074,-2.3219534739382653e-8,1,-6.192866663923269e-8,-0.05283261463046074,-6.306892430529843e-8,-0.9986034035682678],8,2.2220025062561037],[[738.8563232421875,222.54640197753907,46.970516204833987,-0.998603105545044,-2.1588272502981455e-8,0.05283737555146217,-2.619002081871713e-8,1,-8.640027004958029e-8,-0.05283737555146217,-8.76633876600863e-8,-0.998603105545044],8,2.239518404006958],[[738.2042236328125,222.3897705078125,46.95689010620117,-0.998603105545044,-2.3260163573013416e-8,0.05283737555146217,-2.9157966707771267e-8,1,-1.108509550817871e-7,-0.05283737555146217,-1.1223674079019475e-7,-0.998603105545044],8,2.2658450603485109],[[737.40771484375,223.4735107421875,46.939857482910159,-0.998603105545044,-2.5348015242343537e-8,0.05283737555146217,-3.286433170046621e-8,1,-1.4138491621906724e-7,-0.05283737555146217,-1.4292388073045005e-7,-0.998603105545044],3,2.288184642791748],[[736.6484375,224.47549438476563,46.923011779785159,-0.9845548272132874,-4.4072830718278058e-8,0.17507639527320863,-6.940076957562269e-8,1,-1.38545431127568e-7,-0.17507639527320863,-1.4855601193630719e-7,-0.9845548272132874],5,2.3064687252044679],[[736.085693359375,225.21575927734376,46.910037994384769,-0.9534045457839966,-1.1290406831676592e-7,0.30169475078582766,-1.351136802441033e-7,1,-5.274844028235748e-8,-0.30169475078582766,-9.105369258577412e-8,-0.9534045457839966],5,2.3233394622802736],[[735.5626220703125,225.9015350341797,46.89801025390625,-0.9050013422966003,-1.355117973389497e-7,0.4254087209701538,-1.2132524318531069e-7,1,6.044139411187644e-8,-0.4254087209701538,3.086725319789707e-9,-0.9050013422966003],5,2.3306386470794679],[[735.4380493164063,226.06446838378907,46.895206451416019,-0.8903366923332214,-1.299261782605754e-7,0.45530271530151369,-1.0674661865550661e-7,1,7.662099221761309e-8,-0.45530271530151369,1.9616456015114637e-8,-0.8903366923332214],5,2.3397486209869386],[[734.9646606445313,226.68211364746095,46.8851318359375,-0.8219582438468933,-1.283416821706851e-7,0.569547712802887,-5.795898161409241e-8,1,1.416945707433115e-7,-0.569547712802887,8.345661939301863e-8,-0.8219582438468933],5,2.3538942337036135],[[734.5308837890625,227.24525451660157,46.877105712890628,-0.7414667010307312,-1.2794041026609194e-7,0.6709896326065064,-2.560437728504894e-8,1,1.6238048772265757e-7,-0.6709896326065064,1.0321944898805669e-7,-0.7414667010307312],5,2.3699824810028078],[[734.1367797851563,227.75389099121095,46.871585845947269,-0.6591524481773377,-1.386069214959207e-7,0.7520093321800232,-1.7979463251549533e-8,1,1.6855602780196933e-7,-0.7520093321800232,9.758339558629814e-8,-0.6591524481773377],5,2.3880615234375],[[733.7821655273438,228.20803833007813,46.869773864746097,-0.5822718739509583,-1.386865875474541e-7,0.812994122505188,-2.3638184742935665e-8,1,1.536576093030817e-7,-0.812994122505188,7.025279558092734e-8,-0.5822718739509583],5,2.4048829078674318],[[733.4669799804688,228.60768127441407,46.87348937988281,-0.5133782625198364,-1.4321936703254324e-7,0.8581624031066895,-3.6869366226710557e-8,1,1.448343880383618e-7,-0.8581624031066895,4.2714923154107967e-8,-0.5133782625198364],5,2.4210712909698488],[[733.1887817382813,228.95281982421876,46.885833740234378,-0.45329928398132326,-1.4006944581979043e-7,0.8913583755493164,-5.292206495255414e-8,1,1.3022810207985459e-7,-0.8913583755493164,1.1859779824874295e-8,-0.45329928398132326],5,2.437845468521118],[[732.85595703125,229.3076171875,46.90946578979492,-0.3894895017147064,-1.6247420830950433e-7,0.9210308790206909,-8.826616948454103e-8,1,1.390783523902428e-7,-0.9210308790206909,-2.7126306534341894e-8,-0.3894895017147064],5,2.4578428268432619],[[732.6566772460938,229.4796142578125,46.9262809753418,-0.3573041260242462,-1.3503643003787148e-7,0.933988094329834,-8.007862106751418e-8,1,1.1394578791623644e-7,-0.933988094329834,-3.407917859021836e-8,-0.3573041260242462],5,2.4810314178466799],[[732.3248901367188,229.69815063476563,46.95822525024414,-0.3126540184020996,-9.939682144022299e-8,0.9498670697212219,-7.469153473493862e-8,1,8.005774532193755e-8,-0.9498670697212219,-4.591665003772505e-8,-0.3126540184020996],5,2.488417625427246],[[732.0596923828125,229.81167602539063,46.98572540283203,-0.2831699848175049,-7.730309192766072e-8,0.9590697288513184,-7.54185194296042e-8,1,5.833447858094587e-8,-0.9590697288513184,-5.58130430761139e-8,-0.2831699848175049],5,2.5071403980255129],[[731.7945556640625,229.87069702148438,47.0142822265625,-0.25854119658470156,-5.894437293818555e-8,0.9660002589225769,-7.907647869842549e-8,1,3.985490693025895e-8,-0.9660002589225769,-6.608376423855589e-8,-0.25854119658470156],5,2.5226058959960939],[[731.595703125,229.8791961669922,47.03608703613281,-0.24267975986003877,-4.692373423154095e-8,0.9701064825057983,-8.317452682149451e-8,1,2.7562911952827563e-8,-0.9701064825057983,-7.399918189321397e-8,-0.24267975986003877],5,2.5479209423065187],[[731.33056640625,229.8428497314453,47.065242767333987,-0.22420360147953034,-3.2564965835035767e-8,0.9745423197746277,-8.992179800770828e-8,1,1.2728206932877129e-8,-0.9745423197746277,-8.477888968627667e-8,-0.22420360147953034],5,2.5538299083709719],[[730.9991455078125,229.72076416015626,47.10169219970703,-0.20432184636592866,-1.6619596365785584e-8,0.9789037704467773,-9.986627702573969e-8,1,-3.8668410695663628e-9,-0.9789037704467773,-9.854955607124794e-8,-0.20432184636592866],5,2.5726866722106935],[[730.80029296875,229.6066436767578,47.123558044433597,-0.19410152733325959,-7.862755779797226e-9,0.9809814691543579,-1.0643152847933379e-7,1,-1.3043840674242802e-8,-0.9809814691543579,-1.0693918284232496e-7,-0.19410152733325959],5,2.58712100982666],[[730.4689331054688,229.3483123779297,47.16000747680664,-0.17943640053272248,5.806437108901719e-9,0.9837695956230164,-1.1805691002564345e-7,1,-2.7435431704248005e-8,-0.9837695956230164,-1.210637066151321e-7,-0.17943640053272248],5,2.605079174041748],[[730.2849731445313,229.4285430908203,47.18025207519531,-0.17624659836292268,1.3673957077742216e-8,0.9843460321426392,-1.2514291825027613e-7,1,-3.629818223771508e-8,-0.9843460321426392,-1.2958136608176574e-7,-0.17624659836292268],12,2.62185001373291],[[730.0276489257813,229.6585693359375,47.20855712890625,-0.17551064491271974,1.4471028819684762e-8,0.9844775199890137,-7.098646648273643e-8,1,-2.735452042657016e-8,-0.9844775199890137,-7.468559459766766e-8,-0.17551064491271974],12,2.6391220092773439],[[729.9609985351563,229.83213806152345,47.2207145690918,-0.11410587280988693,0.012508607469499112,0.9933898448944092,-0.005171281285583973,0.999899685382843,-0.013184579089283944,-0.9934551119804382,-0.006641536019742489,-0.11402974277734757],12,2.6556220054626467],[[729.95068359375,229.97146606445313,47.224212646484378,-0.101880744099617,0.00706694507971406,0.9947715401649475,-0.002983032027259469,0.9999681115150452,-0.007409373298287392,-0.9947921633720398,-0.003722307737916708,-0.10185641795396805],12,2.6710498332977297],[[729.9505004882813,230.20474243164063,47.22416305541992,-0.09904368966817856,-0.0001814566203393042,0.9950830936431885,0.00007545015978394076,1,0.00018986301438417286,-0.9950830936431885,0.0000938839148147963,-0.09904367476701737],12,2.6884164810180666],[[729.950927734375,230.39138793945313,47.22395324707031,-0.09886200726032257,-0.0006085327477194369,0.9951009750366211,0.00025780891883186996,0.9999997615814209,0.0006371414638124406,-0.9951010942459106,0.0003195350000169128,-0.09886182844638825],12,2.705258369445801],[[729.950927734375,230.5313720703125,47.22392654418945,-0.09884286671876908,-0.00023602406145073473,0.9951030015945435,0.00010017383465310559,0.9999999403953552,0.0002471357292961329,-0.9951030611991882,0.00012411089846864343,-0.09884284436702728],12,2.720547914505005],[[729.9509887695313,230.718017578125,47.22393798828125,-0.09883866459131241,0.000018439803170622328,0.9951034784317017,-0.000007743394235149026,1,-0.000019299650375614875,-0.9951034784317017,-0.00000961302976065781,-0.09883866459131241],12,2.737475872039795],[[729.9509887695313,230.9046630859375,47.22395324707031,-0.09883818030357361,0.00003209926580893807,0.9951035380363464,-0.00001360211263090605,1,-0.000033608233934501189,-0.9951035380363464,-0.000016857287846505643,-0.09883818030357361],12,2.754392623901367],[[729.9509887695313,231.09130859375,47.22395706176758,-0.09883812069892883,0.0000062415815591521099,0.9951035380363464,-0.000002653030605870299,1,-0.0000065358044594177049,-0.9951035380363464,-0.0000032860268674994588,-0.09883812069892883],12,2.7717092037200929],[[729.9509887695313,231.32461547851563,47.22395706176758,-0.09883811324834824,-0.000002222957618869259,0.9951035380363464,9.408971664015553e-7,1,0.0000023273498754861068,-0.9951035380363464,0.0000011663208852041863,-0.09883811324834824],12,2.7888646125793459],[[729.9509887695313,231.464599609375,47.22395706176758,-0.09883811324834824,-0.0000012650523331103614,0.9951035380363464,5.364556727727177e-7,1,0.0000013245603440736887,-0.9951035380363464,6.647459258601884e-7,-0.09883811324834824],12,2.8044447898864748],[[729.9509887695313,231.6512451171875,47.22395706176758,-0.09883811324834824,-8.916302363104478e-8,0.9951035380363464,3.812996141050462e-8,1,9.338899786826005e-8,-0.9951035380363464,4.717364987527617e-8,-0.09883811324834824],12,2.821103572845459],[[729.9509887695313,231.88455200195313,47.22395706176758,-0.09883811324834824,1.237298477008153e-7,0.9951035380363464,-5.2437901132407208e-8,1,-1.295470326567738e-7,-0.9951035380363464,-6.498532911791699e-8,-0.09883811324834824],12,2.8380634784698488],[[729.9509887695313,232.0245361328125,47.22395706176758,-0.09883811