[[[776,222.69961547851563,47,1,1.1832995028271398e-8,6.015257838002091e-15,-1.1832995028271398e-8,1,1.0747661605137182e-7,-4.743487419127173e-15,-1.0747661605137182e-7,1],8,0.007451534271240234],[[776,222.69961547851563,47,1,9.641389020487168e-9,5.829856725408228e-15,-9.641389020487168e-9,1,8.757071157106111e-8,-4.985553765342928e-15,-8.757071157106111e-8,1],8,0.02308201789855957],[[776,222.69961547851563,47,1,4.166469835809039e-9,5.5675357038412549e-15,-4.166469835809039e-9,1,3.784314017707402e-8,-5.409863485325182e-15,-3.784314017707402e-8,1],8,0.03549695014953613],[[776,222.69961547851563,47,1,-2.0925490507028855e-10,5.555367228520999e-15,2.0925490507028855e-10,1,-1.900684276634479e-9,-5.5549695465522637e-15,1.900684276634479e-9,1],8,0.06466269493103028],[[776,222.69961547851563,47,1,-5.67365354697813e-9,5.784459994600134e-15,5.67365354697813e-9,1,-5.15327265304677e-8,-5.492081161866894e-15,5.15327265304677e-8,1],8,0.07276558876037598],[[776,222.69961547851563,47,1,-7.857778427933227e-9,5.951876056624946e-15,7.857778427933227e-9,1,-7.137069957252607e-8,-5.391061047962031e-15,7.137069957252607e-8,1],8,0.08215761184692383],[[776,222.69961547851563,47,1,-1.0040969833369218e-8,6.1625081631351469e-15,1.0040969833369218e-8,1,-9.120019939246049e-8,-5.2467694089137349e-15,9.120019939246049e-8,1],8,0.09343171119689942],[[776,222.69961547851563,47,1,-1.1373957775617783e-8,6.340132242723794e-15,1.1373957775617783e-8,1,-1.0330746391673529e-7,-5.165117550380788e-15,1.0330746391673529e-7,1],8,0.1035923957824707],[[776,222.69961547851563,47,1,-8.82723405482011e-9,6.1419714258124928e-15,8.82723405482011e-9,1,-8.017605779286896e-8,-5.434238552448319e-15,8.017605779286896e-8,1],8,0.11668038368225098],[[776,222.69961547851563,47,1,-7.130324775062036e-9,6.039915814129611e-15,7.130324775062036e-9,1,-6.476335556726554e-8,-5.578132086011406e-15,6.476335556726554e-8,1],8,0.12697815895080567],[[776,222.69961547851563,47,1,-4.586321100674695e-9,5.934939632844596e-15,4.586321100674695e-9,1,-4.165664435618055e-8,-5.743888810492547e-15,4.165664435618055e-8,1],8,0.1368579864501953],[[776,222.69961547851563,47,1,4.967964928326296e-10,5.900560259581439e-15,-4.967964928326296e-10,1,4.512372253628882e-9,-5.89831858688653e-15,-4.512372253628882e-9,1],8,0.16268515586853028],[[776,222.69961547851563,47,1,2.1897212931776268e-9,5.941162783908074e-15,-2.1897212931776268e-9,1,1.9888895863573454e-8,-5.8976117378920469e-15,-1.9888895863573454e-8,1],8,0.17223167419433595],[[776,222.69961547851563,47,1,5.573401296032898e-9,6.100296981291107e-15,-5.573401296032898e-9,1,5.0622240621578388e-8,-5.818159200406646e-15,-5.0622240621578388e-8,1],8,0.186478853225708],[[776,222.69961547851563,47,1,7.26415683161008e-9,6.218763432810567e-15,-7.26415683161008e-9,1,6.597906576644164e-8,-5.7394812745515097e-15,-6.597906576644164e-8,1],8,0.19643950462341309],[[776,222.69961547851563,47,1,8.954189389953627e-9,6.3631190228463818e-15,-8.954189389953627e-9,1,8.132933260185382e-8,-5.634880752378602e-15,-8.132933260185382e-8,1],8,0.20685601234436036],[[776,222.69961547851563,47,1,1.1487885309691137e-8,6.6281209036914149e-15,-1.1487885309691137e-8,1,1.0434244046564345e-7,-5.429447310582175e-15,-1.0434244046564345e-7,1],8,0.21828842163085938],[[776,222.69961547851563,47,1,6.525085805009212e-9,6.3323522451032638e-15,-6.525085805009212e-9,1,5.926618484863866e-8,-5.9456351178695768e-15,-5.926618484863866e-8,1],8,0.2498304843902588],[[776,222.69961547851563,47,1,3.2027687169033926e-9,6.236387223827614e-15,-3.2027687169033926e-9,1,2.9090150732713483e-8,-6.143218258310851e-15,-2.9090150732713483e-8,1],8,0.2629580497741699],[[776,222.69961547851563,47,1,-1.2236751611993669e-9,6.264693794375432e-15,1.2236751611993669e-9,1,-1.1114487996621847e-8,-6.251093409857843e-15,1.1114487996621847e-8,1],8,0.27753400802612307],[[776,222.69961547851563,47,1,-4.541025777626828e-9,6.4025899111554849e-15,4.541025777626828e-9,1,-4.124542840600043e-8,-6.21529356234214e-15,4.124542840600043e-8,1],8,0.2913947105407715],[[776,222.69961547851563,47,1,-7.856249872872923e-9,6.640231357254783e-15,7.856249872872923e-9,1,-7.135705715199947e-8,-6.079632765509891e-15,7.135705715199947e-8,1],8,0.30176210403442385],[[776,222.69961547851563,47,1,-1.006521888058387e-8,6.853975462813196e-15,1.006521888058387e-8,1,-9.142075896306778e-8,-5.933805455728223e-15,9.142075896306778e-8,1],8,0.31190013885498049],[[776,222.69961547851563,47,1,-1.1425406398757332e-8,7.0357817675789119e-15,1.1425406398757332e-8,1,-1.0377511472370316e-7,-5.8501088596606049e-15,1.0377511472370316e-7,1],8,0.32178354263305666],[[776,222.69961547851563,47,1,-8.882981461511008e-9,6.837028874637479e-15,8.882981461511008e-9,1,-8.06826605526112e-8,-6.1203259223618828e-15,8.06826605526112e-8,1],8,0.33419251441955569],[[776,222.69961547851563,47,1,-2.9569897641579247e-9,6.5896008098656048e-15,2.9569897641579247e-9,1,-2.6857801316282349e-8,-6.5101825772145679e-15,2.6857801316282349e-8,1],8,0.3644740581512451],[[776,222.69961547851563,47,1,-2.111143038163732e-9,6.580104299977463e-15,2.111143038163732e-9,1,-1.917510417115409e-8,-6.539622901362285e-15,1.917510417115409e-8,1],8,0.373302698135376],[[776,222.69961547851563,47,1,4.253131735687532e-10,6.590549486766529e-15,-4.253131735687532e-10,1,3.8631413623591019e-9,-6.5889066663653299e-15,-3.8631413623591019e-9,1],8,0.383988618850708],[[776,222.69961547851563,47,1,2.9601436857262799e-9,6.659336185380104e-15,-2.9601436857262799e-9,1,2.6886626258715297e-8,-6.579748122623142e-15,-2.6886626258715297e-8,1],8,0.3963043689727783],[[776,222.69961547851563,47,-0.9954923987388611,3.0570883602365486e-9,0.0948411300778389,2.6970559119376959e-9,1,-3.924348845885106e-9,-0.0948411300778389,-3.6508676082291915e-9,-0.9954923987388611],8,0.41422080993652346],[[775.774169921875,222.69961547851563,47.01071548461914,-0.9999946355819702,1.1807979483080544e-8,0.0032680309377610685,1.166973451205422e-8,1,-4.232125760950112e-8,-0.0032680309377610685,-4.228289540719743e-8,-0.9999946355819702],8,0.44271087646484377],[[775.4425659179688,222.69961547851563,47.02645492553711,-0.999678909778595,2.0226176289384058e-8,-0.025338785722851754,2.2267149901722406e-8,1,-8.026523801163421e-8,0.025338785722851754,-8.080369440222057e-8,-0.999678909778595],8,0.46227025985717776],[[775.176025390625,222.69961547851563,47.03433609008789,-0.9999470710754395,3.083135524661884e-8,0.010288169607520104,2.969232504312913e-8,1,-1.1086545015359661e-7,-0.010288169607520104,-1.1055410453764125e-7,-0.9999470710754395],8,0.4803805351257324],[[774.909423828125,222.69961547851563,47.0330696105957,-0.9990578293800354,2.6523562013380798e-8,0.043398644775152209,2.2690192835739255e-8,1,-8.882179969305071e-8,-0.043398644775152209,-8.775339210842503e-8,-0.9990578293800354],8,0.48807644844055178],[[774.7761840820313,222.69961547851563,47.02845001220703,-0.9981478452682495,2.1463895549800328e-8,0.06083480641245842,1.730417409362417e-8,1,-6.890417836302731e-8,-0.06083480641245842,-6.772386740294678e-8,-0.9981478452682495],8,0.49791955947875979],[[774.5765380859375,222.69961547851563,47.017120361328128,-0.9969329237937927,1.2767324975015982e-8,0.07826055586338043,9.752336715962429e-9,1,-3.890720279287052e-8,-0.07826055586338043,-3.802464831892394e-8,-0.9969329237937927],8,0.5083770751953125],[[774.443603515625,222.69961547851563,47.00732421875,-0.9955796003341675,6.782796990734141e-9,0.0939212515950203,5.035271755104986e-9,1,-1.8843264726342569e-8,-0.0939212515950203,-1.828705187278956e-8,-0.9955796003341675],8,0.5226297378540039],[[774.1780395507813,222.69961547851563,46.982994079589847,-0.9925660490989685,-5.861652496719216e-9,0.1217069998383522,-3.268434412007082e-9,1,2.1506695091488838e-8,-0.1217069998383522,2.0949025625327523e-8,-0.9925660490989685],8,0.5318179130554199],[[774.0455932617188,222.69961547851563,46.96773147583008,-0.9912360310554504,-1.265308924303099e-8,0.1321026235818863,-7.2060952760466538e-9,1,4.171111456230392e-8,-0.1321026235818863,4.0393615563516508e-8,-0.9912360310554504],8,0.543250322341919],[[773.8472900390625,222.69961547851563,46.941856384277347,-0.9882494211196899,-2.335000637287976e-8,0.15284991264343263,-1.247324732389643e-8,1,7.211863106704186e-8,-0.15284991264343263,6.936465979379136e-8,-0.9882494211196899],8,0.5529654026031494],[[773.7153930664063,222.69961547851563,46.922218322753909,-0.9868771433830261,-3.051995989267198e-8,0.16147297620773316,-1.5805765585241717e-8,1,9.240935128218553e-8,-0.16147297620773316,8.864446954248706e-8,-0.9868771433830261],8,0.5637619495391846],[[773.5179443359375,222.69961547851563,46.89036560058594,-0.9851305484771729,-3.5303624912330636e-8,0.17180749773979188,-1.7533380969325664e-8,1,1.0494860447352039e-7,-0.17180749773979188,1.0037570774557025e-7,-0.9851305484771729],8,0.5783171653747559],[[773.2551879882813,222.69961547851563,46.84497833251953,-0.9809760451316834,-2.6754678472684647e-8,0.19412875175476075,-1.2680735572700997e-8,1,7.374065091880766e-8,-0.19412875175476075,6.987611556041884e-8,-0.9809760451316834],8,0.603184700012207],[[772.927978515625,222.69961547851563,46.78116226196289,-0.972387969493866,-1.6029096272518474e-8,0.2333700805902481,-8.190863987067587e-9,1,3.4556265404717126e-8,-0.2333700805902481,3.1690596813405139e-8,-0.972387969493866],8,0.6118340492248535],[[772.7980346679688,222.69961547851563,46.751399993896487,-0.9685989022254944,-1.112523229096496e-8,0.24862854182720185,-6.642708161308519e-9,1,1.886795608641023e-8,-0.24862854182720185,1.6623914689262166e-8,-0.9685989022254944],8,0.622499942779541],[[772.6041259765625,222.69961547851563,46.70246124267578,-0.9645708799362183,-3.2893521240140446e-9,0.263823926448822,-4.6917287832570768e-9,1,-4.685521748371002e-9,-0.263823926448822,-5.757307963705216e-9,-0.9645708799362183],8,0.6326351165771484],[[772.4754028320313,222.69961547851563,46.667842864990237,-0.9558015465736389,2.287579237147952e-9,0.2940126061439514,-3.88571441689578e-9,1,-2.0412564083471808e-8,-0.2940126061439514,-2.0652809240573334e-8,-0.9558015465736389],8,0.6435825824737549],[[772.0927124023438,222.69961547851563,46.551536560058597,-0.9420546293258667,1.9356226843569858e-8,0.33545950055122378,-3.530049808020408e-9,1,-6.761390380916055e-8,-0.33545950055122378,-6.488018300387921e-8,-0.9420546293258667],8,0.664374828338623],[[771.9666137695313,222.69961547851563,46.50823974609375,-0.9378815293312073,2.553337985489179e-8,0.3469555974006653,-3.603860987411167e-9,1,-8.333451262387826e-8,-0.3469555974006653,-7.940828083974339e-8,-0.9378815293312073],8,0.6864585876464844],[[771.6537475585938,222.69961547851563,46.39327621459961,-0.9310423731803894,4.0507078580276359e-8,0.3649110794067383,-4.542759501902083e-9,1,-1.225958357053969e-7,-0.3649110794067383,-1.1579962944097133e-7,-0.9310423731803894],8,0.6962285041809082],[[771.5293579101563,222.69961547851563,46.34524154663086,-0.927165687084198,3.471607001870325e-8,0.37465164065361025,-3.753554356222821e-9,1,-1.0195134336754563e-7,-0.37465164065361025,-9.593205874125488e-8,-0.927165687084198],8,0.7049567699432373],[[771.4055786132813,222.69961547851563,46.295711517333987,-0.9265086650848389,2.788409680931636e-8,0.37627336382865908,-2.9285793790023719e-9,1,-8.131707573966196e-8,-0.37627336382865908,-7.644292310260426e-8,-0.9265086650848389],8,0.7147214412689209],[[771.22021484375,222.69961547851563,46.2205810546875,-0.9258487224578857,1.75237886423929e-8,0.37789440155029299,-1.6376376921201086e-9,1,-5.038442907334684e-8,-0.37789440155029299,-4.726721414272106e-8,-0.9258487224578857],8,0.7249126434326172],[[771.0350341796875,222.69961547851563,46.14506912231445,-0.9258475303649902,7.03660019141239e-9,0.3778972625732422,-3.474295295902152e-10,1,-1.947160654935942e-8,-0.3778972625732422,-1.8159031611730826e-8,-0.9258475303649902],8,0.7355189323425293],[[770.91162109375,222.69961547851563,46.09468460083008,-0.9258478283882141,4.876409345766497e-11,0.37789660692214968,5.122359203468818e-10,1,1.125938786650238e-9,-0.37789660692214968,1.2360201750993838e-9,-0.9258478283882141],8,0.7473516464233398],[[770.7265014648438,222.69961547851563,46.019107818603519,-0.9258464574813843,-1.0427378072108695e-8,0.3778999149799347,1.801156002123605e-9,1,3.200575449113785e-8,-0.3778999149799347,3.031307116430071e-8,-0.9258464574813843],8,0.7579419612884522],[[770.5413818359375,222.69961547851563,45.94353103637695,-0.9258454442024231,-2.0896882446663768e-8,0.3779023289680481,3.089329458916268e-9,1,6.286578013714461e-8,-0.3779023289680481,5.9371458860368878e-8,-0.9258454442024231],8,0.7708187103271484],[[770.2945556640625,223.56251525878907,45.8427619934082,-0.9271601438522339,-3.463811992787669e-8,0.37466534972190859,4.661954378093469e-9,1,1.0398746042028506e-7,-0.37466534972190859,9.815969548299108e-8,-0.9271601438522339],3,0.7891604900360107],[[769.9854736328125,224.5644989013672,45.717742919921878,-0.8808318972587586,-5.2501519576253489e-8,0.47342920303344729,2.2973065227915869e-8,1,1.536384388600709e-7,-0.47342920303344729,1.4620576394008823e-7,-0.8808318972587586],5,0.818913459777832],[[769.61279296875,225.6544647216797,45.57255554199219,-0.8537125587463379,-2.7987484330083136e-8,0.5207445621490479,3.274348969739549e-8,1,1.0742505196503771e-7,-0.5207445621490479,1.0876111389279686e-7,-0.8537125587463379],5,0.8311045169830322],[[769.4252319335938,226.15347290039063,45.503135681152347,-0.9039158225059509,-1.9642811821540819e-9,0.4277103841304779,3.824835559385065e-8,1,8.542596674487868e-8,-0.4277103841304779,9.357709984669782e-8,-0.9039158225059509],5,0.8456885814666748],[[769.2369384765625,226.62181091308595,45.43569564819336,-0.9112161993980408,1.3488454797538907e-8,0.4119285047054291,4.364587269378717e-8,1,6.380322759014234e-8,-0.4119285047054291,7.61175158459082e-8,-0.9112161993980408],5,0.8595070838928223],[[769.047607421875,227.0594940185547,45.37125778198242,-0.9189574718475342,2.8300549459459036e-8,0.39435669779777529,4.898457817148483e-8,1,4.238344075702116e-8,-0.39435669779777529,5.826597515579124e-8,-0.9189574718475342],5,0.8700587749481201],[[768.920654296875,227.33425903320313,45.33050537109375,-0.9359577894210815,3.940876780461622e-8,0.3521122634410858,5.27021164486996e-8,1,2.816769217872661e-8,-0.3521122634410858,4.4920831498984629e-8,-0.9359577894210815],5,0.8816020488739014],[[768.7293701171875,227.72084045410157,45.272159576416019,-0.9327999949455261,5.176082140678773e-8,0.3603944480419159,5.8071485398158987e-8,1,6.682293385296134e-9,-0.3603944480419159,2.71618834091214e-8,-0.9327999949455261],5,0.8923804759979248],[[768.60107421875,227.9615478515625,45.235923767089847,-0.9482412338256836,6.108751904321253e-8,0.317550927400589,6.182536083088053e-8,1,-7.75360042837292e-9,-0.317550927400589,1.2280417571730596e-8,-0.9482412338256836],5,0.9035165309906006],[[768.3433227539063,228.40206909179688,45.16767120361328,-0.9340087175369263,7.733157048050998e-8,0.3572501540184021,6.847358946515669e-8,1,-3.7443339095943887e-8,-0.3572501540184021,-1.051020515063783e-8,-0.9340087175369263],5,0.9151685237884522],[[768.2137451171875,228.6018829345703,45.13618087768555,-0.9592504501342773,8.412636276489138e-8,0.28255727887153628,7.220128850349283e-8,1,-5.261677316070745e-8,-0.28255727887153628,-3.0071664269826218e-8,-0.9592504501342773],5,0.9251008033752441],[[768.083740234375,228.7880859375,45.10658264160156,-0.962634265422821,9.154303626246474e-8,0.27080488204956057,7.592004180878576e-8,1,-6.816643605134232e-8,-0.27080488204956057,-4.5059827868954019e-8,-0.962634265422821],5,0.9354958534240723],[[767.8881225585938,229.0418243408203,45.06482696533203,-0.9601979851722717,1.038583121726333e-7,0.2793203592300415,8.129456574579308e-8,1,-9.236504894261088e-8,-0.2793203592300415,-6.598151003345265e-8,-0.9601979851722717],5,0.9470691680908203],[[767.691650390625,229.26492309570313,45.027469635009769,-0.9630712866783142,1.1497807861360343e-7,0.2692466080188751,8.645886140357107e-8,1,-1.1778062258827049e-7,-0.2692466080188751,-9.015237623088979e-8,-0.9630712866783142],5,0.9579648971557617],[[767.4946899414063,229.45736694335938,44.99266815185547,-0.9658394455909729,1.1230505236881072e-7,0.2591412663459778,8.139289064956756e-8,1,-1.300163035011792e-7,-0.2591412663459778,-1.044826163365542e-7,-0.9658394455909729],5,0.9705822467803955],[[767.29736328125,229.619140625,44.959957122802737,-0.9718865156173706,8.019279107429611e-8,0.23544982075691224,5.478433706684882e-8,1,-1.1445594338965748e-7,-0.23544982075691224,-9.833922121060823e-8,-0.9718865156173706],5,0.9825313091278076],[[767.0994262695313,229.75025939941407,44.93156051635742,-0.9773539900779724,4.852842749869524e-8,0.21161086857318879,2.8385397143892989e-8,1,-9.82267422955374e-8,-0.21161086857318879,-8.999563760880847e-8,-0.9773539900779724],5,0.9947640895843506],[[766.967041015625,229.82064819335938,44.915611267089847,-0.9859747886657715,2.5150674431984045e-8,0.16689430177211762,1.0762351010384919e-8,1,-8.71166250249189e-8,-0.16689430177211762,-8.409862317648731e-8,-0.9859747886657715],5,1.0059478282928467],[[766.7681274414063,229.9006805419922,44.894840240478519,-0.9819064140319824,-1.7808383656614524e-9,0.18936674296855927,-1.5121138119411627e-8,1,-6.900210536286977e-8,-0.18936674296855927,-7.061705531441476e-8,-0.9819064140319824],5,1.017686367034912],[[766.5689697265625,229.95005798339845,44.87632751464844,-0.986242949962616,-3.217057908955212e-8,0.16530238091945649,-4.097536177027905e-8,1,-4.985458090800421e-8,-0.16530238091945649,-5.594205276793218e-8,-0.986242949962616],5,1.0303106307983399],[[766.3694458007813,229.96878051757813,44.86216735839844,-0.9879218339920044,-6.126690976770988e-8,0.15495289862155915,-6.658839879492007e-8,1,-2.9152225522466325e-8,-0.15495289862155915,-3.911818424739977e-8,-0.9879218339920044],5,1.0422797203063965],[[766.1697998046875,229.9568328857422,44.8505973815918,-0.99095219373703,-9.045486137893022e-8,0.13421544432640077,-9.22273244441385e-8,1,-6.98876734261944e-9,-0.13421544432640077,-1.9303865173014857e-8,-0.99095219373703],5,1.0556893348693848],[[765.969970703125,229.91424560546876,44.84284591674805,-0.9935476183891296,-1.190990772670375e-7,0.11341595649719238,-1.1795066257036524e-7,1,1.6836043670309665e-8,-0.11341595649719238,3.3499236717915439e-9,-0.9935476183891296],5,1.066826581954956],[[765.77001953125,229.84100341796876,44.83926773071289,-0.9946821331977844,-1.4719960006459588e-7,0.10299274325370789,-1.43554743203822e-7,1,4.2801794108981997e-8,-0.10299274325370789,2.778908303469052e-8,-0.9946821331977844],5,1.0792908668518067],[[765.50341796875,229.69564819335938,44.83795166015625,-0.992925226688385,-1.1734498883697597e-7,0.11874128878116608,-1.1194718041451779e-7,1,5.212852727254358e-8,-0.11874128878116608,3.8466978935502996e-8,-0.992925226688385],5,1.0964386463165284],[[765.303466796875,229.5508575439453,44.84012985229492,-0.9976727366447449,-9.235518660943853e-8,0.06818462163209915,-8.860462230586563e-8,1,5.8030284577625937e-8,-0.06818462163209915,5.185376039662515e-8,-0.9976727366447449],5,1.1182312965393067],[[765.036865234375,229.3101348876953,44.84786605834961,-0.9958555698394775,-6.316533784911371e-8,0.09094856679439545,-5.764565358390428e-8,1,6.331696056349756e-8,-0.09094856679439545,5.7811757159242919e-8,-0.9958555698394775],5,1.1273038387298585],[[764.8370971679688,229.0938262939453,44.85588836669922,-0.9985278844833374,-3.809557114209383e-8,0.05424126982688904,-3.4565978523914967e-8,1,6.601020885455e-8,-0.05424126982688904,6.403813301858463e-8,-0.9985278844833374],5,1.136782169342041],[[764.6373291015625,228.84686279296876,44.864864349365237,-0.9985278844833374,-1.51681920357305e-8,0.05424131453037262,-1.1537508726178203e-8,1,6.724887668951851e-8,-0.05424131453037262,6.652406625562435e-8,-0.9985278844833374],5,1.1485443115234376],[[764.3709716796875,228.46987915039063,44.877037048339847,-0.996167004108429,1.3237026585954937e-8,0.08747181296348572,1.9096473735658038e-8,1,6.614988734554572e-8,-0.08747181296348572,6.756673798236079e-8,-0.996167004108429],5,1.1671631336212159],[[764.1712036132813,228.1513671875,44.88616943359375,-0.9983320832252502,3.834621153941953e-8,0.057732656598091128,4.2107956232939617e-8,1,6.394147078481183e-8,-0.057732656598091128,6.62658266037397e-8,-0.9983320832252502],5,1.1790790557861329],[[763.705078125,227.2889862060547,44.90598678588867,-0.9808006286621094,8.345595148284701e-8,0.19501303136348725,9.48787501897641e-8,1,4.92335630042362e-8,-0.19501303136348725,6.67909034746117e-8,-0.9808006286621094],5,1.2076637744903565],[[763.5052490234375,226.86830139160157,44.913570404052737,-0.9927319884300232,1.1198854110716639e-7,0.12034612149000168,1.1772813479637989e-7,1,4.058244229554475e-8,-0.12034612149000168,5.445561157557677e-8,-0.9927319884300232],5,1.2283077239990235],[[763.2386474609375,226.2596893310547,44.91032409667969,-0.9805353283882141,1.3968039525025234e-7,0.1963426023721695,1.4739235609795288e-7,1,2.4666167774967108e-8,-0.1963426023721695,5.312544715252443e-8,-0.9805353283882141],5,1.2357337474822999],[[763.1055297851563,225.93495178222657,44.90328598022461,-0.9879420399665833,1.579634982817879e-7,0.15482425689697267,1.6235038913237077e-7,1,1.5690496013576195e-8,-0.15482425689697267,4.0637079479211027e-8,-0.9879420399665833],5,1.245849370956421],[[762.97265625,225.59658813476563,44.892513275146487,-0.9844801425933838,1.5609255399340328e-7,0.17549608647823335,1.5943513176353009e-7,1,4.946913545467169e-9,-0.17549608647823335,3.285038019384956e-8,-0.9844801425933838],5,1.2729976177215577],[[762.5086059570313,224.3050079345703,44.8423957824707,-0.9201297163963318,8.364033732277676e-8,0.39161378145217898,8.313455168718065e-8,1,-1.8246991473347408e-8,-0.39161378145217898,1.5767035677072273e-8,-0.9201297163963318],5,1.2945561408996583],[[762.1139526367188,223.0651092529297,44.77739334106445,-0.9248982071876526,2.6341677283880928e-8,0.3802148103713989,1.7800708462800686e-8,1,-2.597961490380385e-8,-0.3802148103713989,-1.7260406437458188e-8,-0.9248982071876526],5,1.3207855224609376],[[761.7864379882813,222.67770385742188,44.71521759033203,-0.9747956395149231,-2.55791459125021e-8,0.22309967875480653,-3.296663919627463e-8,1,-2.938861776158319e-8,-0.22309967875480653,-3.600274212089971e-8,-0.9747956395149231],7,1.330125331878662],[[761.5901489257813,222.74339294433595,44.67687225341797,-0.982477605342865,-5.566794669675801e-8,0.18638068437576295,-6.27833642852238e-8,1,-3.22743005654047e-8,-0.18638068437576295,-4.3410384620301559e-8,-0.982477605342865],7,1.340092420578003],[[761.4591674804688,222.7898712158203,44.6517333984375,-0.9851576089859009,-7.54875983943748e-8,0.17165212333202363,-8.263312167855475e-8,1,-3.448282015483528e-8,-0.17165212333202363,-4.815516518874574e-8,-0.9851576089859009],7,1.3498389720916749],[[761.327880859375,222.82870483398438,44.628273010253909,-0.9877184629440308,-9.540233492089101e-8,0.15624432265758515,-1.024406799388089e-7,1,-3.699472372886703e-8,-0.15624432265758515,-5.25461452127729e-8,-0.9877184629440308],8,1.3603482246398926],[[761.1304321289063,222.87158203125,44.59634017944336,-0.9877152442932129,-9.064600448027704e-8,0.15626436471939088,-9.658540989221365e-8,1,-3.0415623797352967e-8,-0.15626436471939088,-4.513483276014085e-8,-0.9877152442932129],8,1.3694913387298585],[[760.932861328125,222.8997802734375,44.56504821777344,-0.9877116084098816,-6.914886796494102e-8,0.15628764033317567,-7.296354453956156e-8,1,-1.867117127574147e-8,-0.15628764033317567,-2.984503311154185e-8,-0.9877116084098816],8,1.3834874629974366],[[760.66943359375,222.92233276367188,44.523372650146487,-0.9877118468284607,-4.0509100074359597e-8,0.15628580749034882,-4.1491418301120578e-8,1,-3.0230924430441066e-9,-0.15628580749034882,-9.470463524507977e-9,-0.9877118468284607],8,1.3987045288085938],[[760.4718627929688,222.9322509765625,44.49211883544922,-0.9877113699913025,-1.90452826842602e-8,0.1562890112400055,-1.7904945082136693e-8,1,8.704159171202264e-9,-0.1562890112400055,5.79885117701906e-9,-0.9877113699913025],8,1.4131793975830079],[[760.2084350585938,222.9401092529297,44.45044708251953,-0.9877114295959473,9.551713198163725e-9,0.156288743019104,1.3520177866155337e-8,1,2.4328821623953446e-8,-0.156288743019104,2.6142906506265718e-8,-0.9877114295959473],8,1.4287021160125733],[[760.0767211914063,222.94256591796876,44.42961120605469,-0.98771071434021,2.384093811258481e-8,0.15629297494888307,2.9222706032783209e-8,1,3.213607868701729e-8,-0.15629297494888307,3.630845668567417e-8,-0.98771071434021],8,1.438091516494751],[[759.879150390625,222.94509887695313,44.39835739135742,-0.9877108335494995,4.5263522707728046e-8,0.15629227459430695,5.2763912350428657e-8,1,4.384073193364202e-8,-0.15629227459430695,5.1548557422620436e-8,-0.9877108335494995],8,1.4495737552642823],[[759.7474365234375,222.94625854492188,44.37752151489258,-0.9877115488052368,5.95378324419471e-8,0.1562878042459488,6.844962996410686e-8,1,5.163973426647317e-8,-0.1562878042459488,6.170300537178264e-8,-0.9877115488052368],8,1.4588954448699952],[[759.5498657226563,222.94744873046876,44.34626770019531,-0.9877117276191711,8.093758196991985e-8,0.15628662705421449,9.19656244491307e-8,1,6.333202406949568e-8,-0.15628662705421449,7.692678138937481e-8,-0.9877117276191711],8,1.468446969985962],[[759.4181518554688,222.94798278808595,44.32543182373047,-0.98771071434021,8.152236574687777e-8,0.15629321336746217,9.224131503060562e-8,1,6.132936647418319e-8,-0.15629321336746217,7.499236431840473e-8,-0.98771071434021],8,1.4789414405822755],[[759.2205810546875,222.9485321044922,44.2941780090332,-0.9890385270118713,6.254822437767871e-8,0.1476576328277588,6.97274415983884e-8,1,4.344441251191711e-8,-0.1476576328277588,5.3263988775142937e-8,-0.9890385270118713],8,1.4914066791534424],[[759.0887451171875,222.94879150390626,44.274192810058597,-0.9890386462211609,4.947110809894184e-8,0.14765669405460359,5.472622532920468e-8,1,3.152747041212933e-8,-0.14765669405460359,3.9262580742160938e-8,-0.9890386462211609],8,1.501314640045166],[[758.8909912109375,222.94906616210938,44.2446174621582,-0.9890389442443848,2.986591596254584e-8,0.14765480160713197,3.223645705929812e-8,1,1.36615625478953e-8,-0.14765480160713197,1.827168460977191e-8,-0.9890389442443848],8,1.5114991664886475],[[758.6932373046875,222.94921875,44.21508026123047,-0.9890380501747131,1.0273101480606784e-8,0.14766092598438264,9.760994679197666e-9,1,-4.192753699783225e-9,-0.14766092598438264,-2.705475399267243e-9,-0.9890380501747131],8,1.5237128734588624],[[758.4954833984375,223.6083221435547,44.185543060302737,-0.989798903465271,-9.321372118620275e-9,0.14247168600559236,-1.2606171218010332e-8,1,-2.2153185952333844e-8,-0.14247168600559236,-2.3723220721194595e-8,-0.989798903465271],3,1.5406913757324219],[[757.9676513671875,225.22511291503907,44.109344482421878,-0.939530611038208,-5.856602669496169e-8,0.34246495366096499,-8.22387846710626e-8,1,-5.460363183829031e-8,-0.34246495366096499,-7.946568558736544e-8,-0.939530611038208],5,1.5812854766845704],[[757.63720703125,226.12490844726563,44.065914154052737,-0.9593077898025513,-1.0385964088754918e-7,0.28236252069473269,-1.2831516471578653e-7,1,-6.811843888954172e-8,-0.28236252069473269,-1.0157793894904899e-7,-0.9593077898025513],5,1.5889320373535157],[[757.5048828125,226.4609832763672,44.049617767333987,-0.9835531711578369,-1.181131423777515e-7,0.18061888217926026,-1.3192286019148015e-7,1,-6.444510347591859e-8,-0.18061888217926026,-8.721294619817854e-8,-0.9835531711578369],5,1.598670244216919],[[757.3724365234375,226.78343200683595,44.034095764160159,-0.9847874641418457,-1.1002259014958327e-7,0.17376312613487245,-1.2090463030745014e-7,1,-5.204084985166446e-8,-0.17376312613487245,-7.225794007581499e-8,-0.9847874641418457],5,1.608745813369751],[[757.173583984375,227.24156188964845,44.012237548828128,-0.9812414050102234,-9.550971924454643e-8,0.19278302788734437,-1.0422622409578253e-7,1,-3.507242851696901e-8,-0.19278302788734437,-5.4507566460415549e-8,-0.9812414050102234],5,1.6188299655914307],[[757.0408935546875,227.52993774414063,43.99922561645508,-0.9882117509841919,-8.841892906730209e-8,0.1530933678150177,-9.326884509164302e-8,1,-2.4497706974102586e-8,-0.1530933678150177,-3.8487762310523979e-8,-0.9882117509841919],5,1.6293511390686036],[[756.8416748046875,227.9369659423828,43.98149490356445,-0.9835242629051209,-7.344301877765247e-8,0.18077608942985536,-7.65515437706199e-8,1,-1.0218617951807119e-8,-0.18077608942985536,-2.388894593252644e-8,-0.9835242629051209],5,1.6398310661315919],[[756.5093994140625,228.54722595214845,43.95402526855469,-0.9710018038749695,-4.872082826068436e-8,0.23907220363616944,-4.7875495567950568e-8,1,9.342937978829014e-9,-0.23907220363616944,-2.3736905774285334e-9,-0.9710018038749695],5,1.6610119342803956],[[756.2435302734375,228.97412109375,43.93381118774414,-0.9808781147003174,-2.895163220273389e-8,0.19462312757968903,-2.5001597236951058e-8,1,2.275225341463738e-8,-0.19462312757968903,1.7451297296133818e-8,-0.9808781147003174],5,1.679567813873291],[[756.0439453125,229.25852966308595,43.92082977294922,-0.9879240393638611,-1.2650819947168657e-8,0.15493908524513246,-7.839485505201083e-9,1,3.166407935850657e-8,-0.15493908524513246,3.006706350561217e-8,-0.9879240393638611],5,1.6892213821411133],[[755.9108276367188,229.43109130859376,43.91315841674805,-0.9931620359420776,-7.644491706315648e-10,0.11674405634403229,3.5984981661130179e-9,1,3.7161129284868369e-8,-0.11674405634403229,3.732712627879664e-8,-0.9931620359420776],5,1.6997206211090088],[[755.6444702148438,229.73536682128907,43.89948272705078,-0.9841279983520508,1.8425119208131947e-8,0.1774602085351944,2.6999472879651877e-8,1,4.59022295729028e-8,-0.1774602085351944,4.996499924914133e-8,-0.9841279983520508],5,1.7143492698669434],[[755.5112915039063,229.8670654296875,43.893280029296878,-0.9946963787078857,3.33528262785876e-8,0.10285492986440659,3.869994102956298e-8,1,4.999144209705264e-8,-0.10285492986440659,5.370678834992759e-8,-0.9946963787078857],5,1.725219488143921],[[755.3114624023438,230.0390625,43.885643005371097,-0.9911874532699585,4.874708992019805e-8,0.13246671855449677,5.652479018181111e-8,1,5.4953975592297868e-8,-0.13246671855449677,6.195734414404797e-8,-0.9911874532699585],5,1.7474756240844727],[[755.0448608398438,230.220703125,43.876712799072269,-0.9879040718078613,7.04894489444996e-8,0.1550661027431488,8.072261437064299e-8,1,5.969550187501227e-8,-0.1550661027431488,7.14907670840148e-8,-0.9879040718078613],5,1.764740228652954],[[754.7116088867188,230.37112426757813,43.86881637573242,-0.983478844165802,9.853317806118867e-8,0.18102307617664338,1.1170418190431519e-7,1,6.256399842641258e-8,-0.18102307617664338,8.175140919775004e-8,-0.983478844165802],5,1.7733218669891358],[[754.5783081054688,230.40745544433595,43.86651611328125,-0.996914267539978,1.1896368334873842e-7,0.07849785685539246,1.2433399376732269e-7,1,6.352591697122989e-8,-0.07849785685539246,7.308984351084291e-8,-0.996914267539978],5,1.784177541732788],[[754.3783569335938,230.43638610839845,43.863956451416019,-0.9943172931671143,1.3596991266240367e-7,0.10645739734172821,1.4357789268615307e-7,1,6.380088279911434e-8,-0.10645739734172821,7.872324658819707e-8,-0.9943172931671143],5,1.7957866191864014],[[754.1838989257813,230.43466186523438,43.875335693359378,-0.9959571361541748,1.5590639179663413e-7,0.0898297056555748,1.6241278899542523e-7,1,6.512074435249815e-8,-0.0898297056555748,7.944696278627817e-8,-0.9959571361541748],5,1.810025691986084],[[753.937744140625,230.3846893310547,43.92272186279297,-0.9944928288459778,1.1681153466724936e-7,0.10480450093746185,1.21857539170378e-7,1,4.1743529521909298e-8,-0.10480450093746185,5.428486105074626e-8,-0.9944928288459778],5,1.8332855701446534],[[753.5966186523438,230.20753479003907,44.062747955322269,-0.9897048473358154,5.752862008989723e-8,0.14312362670898438,6.036806610154599e-8,1,1.549674166767545e-8,-0.14312362670898438,2.397729659264769e-8,-0.9897048473358154],5,1.8557994365692139],[[753.3884887695313,230.02130126953126,44.20186233520508,-0.9964334964752197,1.9265865347506407e-8,0.08438193053007126,1.9484005520098436e-8,1,1.7616255121311042e-9,-0.08438193053007126,3.3994405068682455e-9,-0.9964334964752197],5,1.8635036945343018],[[753.2904052734375,229.9077606201172,44.28506088256836,-0.9996103048324585,-7.784791700160554e-10,0.027913929894566537,-8.97942720179401e-10,1,-4.267175945926738e-9,-0.027913929894566537,-4.290578559107416e-9,-0.9996103048324585],5,1.8729441165924073],[[753.1964111328125,229.78057861328126,44.377098083496097,-0.9996607899665833,-2.109019270335466e-8,0.026044057682156564,-2.134201082526488e-8,1,-9.39096000962536e-9,-0.026044057682156564,-9.94360771500169e-9,-0.9996607899665833],5,1.8832461833953858],[[753.0584106445313,229.56427001953126,44.52146530151367,-0.9988076090812683,-5.139885672633682e-8,0.048819925636053088,-5.219495236019611e-8,1,-1.5031954347932698e-8,-0.048819925636053088,-1.7562184595476539e-8,-0.9988076090812683],5,1.8941175937652588],[[752.9669189453125,229.4030303955078,44.618412017822269,-0.9997842907905579,-7.24339344060354e-8,0.020770220085978509,-7.282241654138488e-8,1,-1.794730764004271e-8,-0.020770220085978509,-1.94559746091727e-8,-0.9997842907905579],5,1.9053163528442383],[[752.8299560546875,229.1356201171875,44.764183044433597,-0.99912029504776,-1.0298543884346145e-7,0.041936468333005908,-1.0392960803073947e-7,1,-2.0334164574364878e-8,-0.041936468333005908,-2.467471738043514e-8,-0.99912029504776],5,1.9228992462158204],[[752.6483154296875,228.73138427734376,44.959442138671878,-0.9979061484336853,-1.440856181034178e-7,0.06467883288860321,-1.456772196206657e-7,1,-1.989175046901437e-8,-0.06467883288860321,-2.9272332113805534e-8,-0.9979061484336853],5,1.9329426288604737],[[752.376953125,228.02285766601563,45.25339126586914,-0.9937039017677307,-1.1785437692424239e-7,0.11203819513320923,-1.192572085528809e-7,1,-5.819223325431722e-9,-0.11203819513320923,-1.914394687219101e-8,-0.9937039017677307],5,1.9570934772491456],[[752.2420043945313,227.6226043701172,45.40099334716797,-0.9995083808898926,-9.753917851185179e-8,0.031353168189525607,-9.753816954116701e-8,1,1.561502371849599e-9,-0.031353168189525607,-1.4973958739616933e-9,-0.9995083808898926],5,1.9714348316192628],[[752.0625610351563,227.04124450683595,45.59823226928711,-0.9984469413757324,-6.894465798268357e-8,0.0557110458612442,-6.856497947183016e-8,1,8.726482647603007e-9,-0.0557110458612442,4.8931032559096369e-9,-0.9984469413757324],5,1.9862749576568604],[[751.962890625,226.59400939941407,45.59394836425781,-0.9998246431350708,-0.0024376693181693556,0.01856750249862671,-0.0024630811531096699,0.9999960660934448,-0.0013458715984597803,-0.018564149737358094,-0.0013913679867982865,-0.9998267292976379],5,2.001837968826294],[[751.8983154296875,226.14205932617188,45.50322723388672,-0.999955415725708,-0.006460864562541246,-0.006882588844746351,-0.006456874310970306,0.9999789595603943,-0.0006018189014866948,0.006886332295835018,-0.000557352090254426,-0.9999761581420898],5,2.012014389038086],[[751.846923828125,225.82373046875,45.462249755859378,-0.9999774098396301,-0.005156448110938072,-0.004315142519772053,-0.0051559810526669029,0.9999867081642151,-0.0001193685457110405,0.0043157003819942478,-0.00009711705206427723,-0.999990701675415],5,2.0204551219940187],[[751.7738647460938,225.32069396972657,45.418392181396487,-0.9996692538261414,-0.002518969587981701,-0.025593826547265054,-0.0025225961580872537,0.9999968409538269,0.00010940533684333786,0.02559347078204155,0.00017393211601302028,-0.9996724128723145],5,2.0330352783203127],[[751.7078247070313,224.7869873046875,45.39561080932617,-0.9988818168640137,-0.0008200878510251641,-0.047270454466342929,-0.0008258925518020988,0.9999996423721314,0.00010326688061468303,0.04727035015821457,0.00014219172589946538,-0.9988821148872376],5,2.0559000968933107],[[751.6135864257813,223.82936096191407,45.404598236083987,-0.9986770153045654,0.00005840111043653451,-0.051422443240880969,0.00005703633723896928,1,0.00002800788206513971,0.051422443240880969,0.00002503787982277572,-0.9986770153045654],5,2.0641427040100099],[[751.6142578125,223.42706298828126,45.390098571777347,-0.9990401268005371,0.0009871679358184338,-0.04379357770085335,0.0009578096214681864,0.9999992847442627,0.0006913587567396462,0.04379422962665558,0.0006487492355518043,-0.9990403652191162],5,2.074004888534546],[[751.6140747070313,223.0111541748047,45.39033889770508,-0.9987618327140808,0.0010597945656627417,-0.04973563179373741,0.0010271879145875574,0.9999992251396179,0.0006811534985899925,0.04973631724715233,0.0006292222533375025,-0.9987621903419495],5,2.083645820617676],[[751.6143798828125,222.58160400390626,45.40045166015625,-0.9986638426780701,0.0008007625583559275,-0.05167059227824211,0.0007761866436339915,0.9999995827674866,0.0004956917255185545,0.05167096480727196,0.0004549233999568969,-0.9986640810966492],5,2.0953121185302736],[[751.6268920898438,221.91802978515626,45.41162872314453,-0.9991047382354736,0.0013325089821591974,-0.04228396341204643,0.001298879855312407,0.9999988079071045,0.0008227804792113602,0.0422850102186203,0.000767122081015259,-0.9991052746772766],5,2.1035633087158205],[[751.631103515625,221.79037475585938,45.420894622802737,-0.9987167119979858,0.0006596801104024053,-0.05064097419381142,0.0006411016220226884,0.9999997019767761,0.00038310824311338365,0.05064121261239052,0.0003501505998428911,-0.9987168312072754],12,2.117072820663452],[[751.63134765625,221.7836456298828,45.421546936035159,-0.9986332058906555,0.00010773540270747617,-0.05226544663310051,0.00010508280684007332,1,0.0000535004583070986,0.05226545408368111,0.00004793513653567061,-0.9986332058906555],12,2.1447222232818605],[[751.6314697265625,221.7832794189453,45.421627044677737,-0.9986171722412109,-0.000060946036683162677,-0.05257182568311691,-0.00005911153493798338,1,-0.00003645006290753372,0.05257182940840721,-0.00003329205355839804,-0.9986171722412109],12,2.162156343460083],[[751.6314697265625,221.7832794189453,45.421627044677737,-0.9986122846603394,-0.000004089665708306711,-0.052663654088974,-0.000003996580289822305,1,-0.000001872853886197845,0.052663654088974,-0.0000016597804233242642,-0.9986122846603394],12,2.1745307445526125],[[751.6314697265625,221.7832794189453,45.421627044677737,-0.998612105846405,0.000004174415153102018,-0.05266701802611351,0.000004038972292619292,1,0.0000026781201540870826,0.05266701802611351,0.000002461682697685319,-0.998612105846405],12,2.184417724609375],[[751.6314697265625,221.7832794189453,45.421627044677737,-0.998612105846405,0.0000038984185266599528,-0.052667222917079929,0.0000037793192859680859,1,0.0000023609420622960899,0.052667222917079929,0.0000021586190541711405,-0.998612105846405],12,2.195457935333252],[[751.6314697265625,221.7832794189453,45.421627044677737,-0.998612105846405,0.000002362090299357078,-0.05266768857836723,0.000002292616954946425,1,0.000001379503373755142,0.05266768857836723,0.0000012568418696901063,-0.998612105846405],12,2.2041923999786379],[[751.6314697265625,221.7832794189453,45.421627044677737,-0.9990336894989014,9.579304105500342e-7,-0.04395082965493202,9.350481491310347e-7,1,5.411924348663888e-7,0.04395082965493202,4.995733320356521e-7,-0.9990336894989014],12,2.213561773300171],[[751.6314697265625,221.7832794189453,45.421627044677737,-0.999774158000946,-9.087752772529712e-8,-0.021251635625958444,-8.97569236713025e-8,1,-5.36841291420842e-8,0.021251635625958444,-5.176452333444104e-8,-0.999774158000946],12,2.2221992015838625],[[751.6314697265625,221.7832794189453,45.421627044677737,-0.9997081160545349,-2.431219172649435e-7,0.02415916509926319,-2.464086890086037e-7,1,-1.3307034407716856e-7,-0.02415916509926319,-1.3898453232741304e-7,-0.9997081160545349],12,2.2331018447875978],[[751.6314697265625,221.7832794189453,45.421627044677737,-0.9767221808433533,-1.844961587949001e-7,0.21450835466384889,-2.1153175566723804e-7,1,-1.030803176149675e-7,-0.21450835466384889,-1.4605615206164658e-7,-0.9767221808433533],12,2.2435078620910646],[[751.6314697265625,221.7832794189453,45.421627044677737,-0.9342898726463318,-8.229112324897869e-8,0.3565143346786499,-1.0930519778185044e-7,1,-5.562641192113915e-8,-0.3565143346786499,-9.09400625