[[[776,222.69961547851563,47,1,0,0,0,1,0,-0,0,1],8,0.021990299224853517],[[776,222.69961547851563,47,1,0,0,0,1,0,-0,0,1],8,0.04498481750488281],[[776,222.69961547851563,47,1,0,0,0,1,0,-0,0,1],8,0.05680489540100098],[[776,222.69961547851563,47,1,0,0,0,1,0,-0,0,1],8,0.06621575355529785],[[776,222.69961547851563,47,1,0,0,0,1,0,-0,0,1],8,0.0764927864074707],[[776,222.69961547851563,47,1,0,0,0,1,0,-0,0,1],8,0.08580636978149414],[[776,222.69961547851563,47,1,0,0,0,1,0,-0,0,1],8,0.09691715240478516],[[776,222.69961547851563,47,1,0,0,0,1,0,-0,0,1],8,0.11017417907714844],[[776,222.69961547851563,47,1,0,0,0,1,0,-0,0,1],8,0.12206363677978516],[[776,222.69961547851563,47,1,0,0,0,1,0,-0,0,1],8,0.13549447059631349],[[776,222.69961547851563,47,1,0,0,0,1,0,-0,0,1],8,0.14668798446655274],[[776,222.69961547851563,47,1,0,0,0,1,0,-0,0,1],8,0.15735459327697755],[[776,222.69961547851563,47,1,0,0,0,1,0,-0,0,1],8,0.1687941551208496],[[776,222.69961547851563,47,1,0,0,0,1,0,-0,0,1],8,0.1927659511566162],[[776,222.69961547851563,47,1,0,0,0,1,0,-0,0,1],8,0.2018582820892334],[[775.8392333984375,222.69961547851563,46.983375549316409,0.9908863306045532,0,0.13470067083835603,0,1,0,-0.13470067083835603,0,0.9908863306045532],8,0.22140073776245118],[[775.51123046875,222.69961547851563,46.94947052001953,0.9374356269836426,0,0.34815865755081179,0,1,0,-0.34815865755081179,0,0.9374356269836426],8,0.253267765045166],[[775.1138305664063,222.69961547851563,46.905216217041019,0.832971453666687,0,0.5533159375190735,0,1,0,-0.5533159375190735,0,0.832971453666687],8,0.27384257316589358],[[774.8486938476563,222.69961547851563,46.87665939331055,0.7564023733139038,0,0.6541065573692322,0,1,0,-0.6541065573692322,0,0.7564023733139038],8,0.28089213371276858],[[774.7160034179688,222.69961547851563,46.8635139465332,0.719186007976532,0,0.6948176026344299,0,1,0,-0.6948176026344299,0,0.719186007976532],8,0.28870606422424319],[[774.5833129882813,222.69961547851563,46.85068130493164,0.6833579540252686,0,0.7300835251808167,0,1,0,-0.7300835251808167,0,0.6833579540252686],8,0.29961514472961428],[[774.3176879882813,222.69961547851563,46.8262939453125,0.6138090491294861,0,0.7894545197486877,0,1,0,-0.7894545197486877,0,0.6138090491294861],8,0.31279540061950686],[[774.118408203125,222.69961547851563,46.8095703125,0.5643001198768616,0,0.825569748878479,0,1,0,-0.825569748878479,0,0.5643001198768616],8,0.32764363288879397],[[773.9854736328125,222.69961547851563,46.79948806762695,0.5331682562828064,0,0.8460092544555664,0,1,0,-0.8460092544555664,0,0.5331682562828064],8,0.3360788822174072],[[773.785888671875,222.69961547851563,46.78620147705078,0.4887237250804901,0,0.8724386096000671,0,1,0,-0.8724386096000671,0,0.4887237250804901],8,0.34798526763916018],[[773.5863037109375,222.69961547851563,46.77412033081055,0.44698792695999148,0,0.894540011882782,0,1,0,-0.894540011882782,0,0.44698792695999148],8,0.36023473739624026],[[773.3865966796875,222.69961547851563,46.762813568115237,0.4083138704299927,0,0.9128416180610657,0,1,0,-0.9128416180610657,0,0.4083138704299927],8,0.37184858322143557],[[773.1868286132813,222.69961547851563,46.75277328491211,0.3725040853023529,0,0.9280305504798889,0,1,0,-0.9280305504798889,0,0.3725040853023529],8,0.3847029209136963],[[773.0536499023438,222.69961547851563,46.7465934753418,0.35032790899276736,0,0.9366270899772644,0,1,0,-0.9366270899772644,0,0.35032790899276736],8,0.39499926567077639],[[772.8538208007813,222.69961547851563,46.738914489746097,0.31900501251220705,0,0.9477530121803284,0,1,0,-0.9477530121803284,0,0.31900501251220705],8,0.4049246311187744],[[772.6538696289063,222.69961547851563,46.732418060302737,0.2898751497268677,0,0.9570644497871399,0,1,0,-0.9570644497871399,0,0.2898751497268677],8,0.4176933765411377],[[772.4539184570313,222.69961547851563,46.72697830200195,0.2629883587360382,0,0.9647989869117737,0,1,0,-0.9647989869117737,0,0.2629883587360382],8,0.4309806823730469],[[772.2539672851563,222.69961547851563,46.72343444824219,0.23789317905902863,0,0.9712913036346436,0,1,0,-0.9712913036346436,0,0.23789317905902863],8,0.44399070739746096],[[772.0540161132813,222.69961547851563,46.72197723388672,0.2142803966999054,0,0.9767721891403198,0,1,0,-0.9767721891403198,0,0.2142803966999054],8,0.4552445411682129],[[771.8540649414063,222.69961547851563,46.721763610839847,0.19230186939239503,0,0.9813358187675476,0,1,0,-0.9813358187675476,0,0.19230186939239503],8,0.46759676933288576],[[771.7207641601563,222.69961547851563,46.72279357910156,0.17844317853450776,0,0.9839501976966858,0,1,0,-0.9839501976966858,0,0.17844317853450776],8,0.4782254695892334],[[771.5208129882813,222.69961547851563,46.725406646728519,0.15879064798355103,0,0.9873122572898865,0,1,0,-0.9873122572898865,0,0.15879064798355103],8,0.4959523677825928],[[771.2542114257813,222.69961547851563,46.7307243347168,0.1343417465686798,0,0.9909350872039795,0,1,0,-0.9909350872039795,0,0.1343417465686798],8,0.5059585571289063],[[771.0542602539063,222.69961547851563,46.736053466796878,0.11747942119836807,0,0.9930753111839294,0,1,0,-0.9930753111839294,0,0.11747942119836807],8,0.5182337760925293],[[770.8543090820313,222.69961547851563,46.74220657348633,0.10200801491737366,0,0.9947835803031921,0,1,0,-0.9947835803031921,0,0.10200801491737366],8,0.531757116317749],[[770.6543579101563,222.69961547851563,46.749061584472659,0.08778346329927445,0,0.9961395859718323,0,1,0,-0.9961395859718323,0,0.08778346329927445],8,0.5437169075012207],[[770.4544067382813,223.35189819335938,46.756019592285159,0.07381851226091385,0,0.997271716594696,0,1,0,-0.997271716594696,0,0.07381851226091385],3,0.5580408573150635],[[770.2545776367188,223.97352600097657,46.763572692871097,0.06157833710312843,0,0.9981022477149963,0,1,0,-0.9981022477149963,0,0.06157833710312843],5,0.582552433013916],[[769.921630859375,224.94143676757813,46.77689743041992,0.04394245892763138,0,0.99903404712677,0,1,0,-0.99903404712677,0,0.04394245892763138],5,0.5900630950927734],[[769.7218627929688,225.4813232421875,46.784942626953128,0.03483613580465317,0,0.9993930459022522,0,1,0,-0.9993930459022522,0,0.03483613580465317],5,0.6014084815979004],[[769.5886840820313,225.82420349121095,46.79047775268555,0.02938014827668667,0,0.9995682835578919,0,1,0,-0.9995682835578919,0,0.02938014827668667],5,0.6119613647460938],[[769.388916015625,226.31298828125,46.79914474487305,0.02179725281894207,0,0.9997624158859253,0,1,0,-0.9997624158859253,0,0.02179725281894207],5,0.6227600574493408],[[769.1891479492188,226.7711181640625,46.808162689208987,0.014802530407905579,0,0.9998904466629028,0,1,0,-0.9998904466629028,0,0.014802530407905579],5,0.6329386234283447],[[769.0559692382813,227.0594940185547,46.81439208984375,0.010464977473020554,0,0.9999452233314514,0,1,0,-0.9999452233314514,0,0.010464977473020554],5,0.6441738605499268],[[768.856201171875,227.46652221679688,46.824100494384769,0.004344498738646507,0,0.9999905824661255,0,1,0,-0.9999905824661255,0,0.004344498738646507],5,0.6592206954956055],[[768.6564331054688,227.8428955078125,46.83416748046875,-0.0013565159169957042,0,0.9999991059303284,0,1,0,-0.9999991059303284,0,-0.0013565159169957042],5,0.6682043075561523],[[768.5232543945313,228.0767822265625,46.840919494628909,-0.0048522078432142738,0,0.9999881982803345,0,1,0,-0.9999881982803345,0,-0.0048522078432142738],5,0.679893970489502],[[768.1237182617188,228.69668579101563,46.86119842529297,-0.014275782741606236,0,0.9998980760574341,0,1,0,-0.9998980760574341,0,-0.014275782741606236],5,0.7006890773773193],[[767.9239501953125,228.9606475830078,46.871337890625,-0.01827625371515751,0,0.9998329877853394,0,1,0,-0.9998329877853394,0,-0.01827625371515751],5,0.712921142578125],[[767.790771484375,229.11959838867188,46.87809753417969,-0.020618058741092683,0,0.999787449836731,0,1,0,-0.999787449836731,0,-0.020618058741092683],5,0.7236640453338623],[[767.5910034179688,229.3324737548828,46.88823699951172,-0.02378632314503193,0,0.9997170567512512,0,1,0,-0.9997170567512512,0,-0.02378632314503193],5,0.7346751689910889],[[767.3912353515625,229.5146942138672,46.89837646484375,-0.026625724509358407,0,0.999645471572876,0,1,0,-0.999645471572876,0,-0.026625724509358407],5,0.7462911605834961],[[767.1914672851563,229.666259765625,46.90851593017578,-0.029166482388973237,0,0.9995745420455933,0,1,0,-0.9995745420455933,0,-0.029166482388973237],5,0.7592315673828125],[[766.99169921875,229.7871551513672,46.91865539550781,-0.03143909201025963,0,0.9995056986808777,0,1,0,-0.9995056986808777,0,-0.03143909201025963],5,0.7716648578643799],[[766.7919311523438,229.87741088867188,46.928794860839847,-0.03347163274884224,0,0.9994396567344666,0,1,0,-0.9994396567344666,0,-0.03347163274884224],5,0.7872335910797119],[[766.5255737304688,229.95005798339845,46.94231414794922,-0.03587283939123154,0,0.9993563890457153,0,1,0,-0.9993563890457153,0,-0.03587283939123154],5,0.812314510345459],[[766.192626953125,229.96421813964845,46.95921325683594,-0.03845708817243576,0,0.9992602467536926,0,1,0,-0.9992602467536926,0,-0.03845708817243576],5,0.823925256729126],[[766.0594482421875,229.946044921875,46.965797424316409,-0.039294008165597919,0,0.9992277026176453,0,1,0,-0.9992277026176453,0,-0.039294008165597919],5,0.833533763885498],[[765.8596801757813,229.8932342529297,46.97559356689453,-0.04034615680575371,0,0.9991857409477234,0,1,0,-0.9991857409477234,0,-0.04034615680575371],5,0.8456835746765137],[[765.659912109375,229.8097686767578,46.9850959777832,-0.04115217551589012,0,0.9991528987884522,0,1,0,-0.9991528987884522,0,-0.04115217551589012],5,0.8568742275238037],[[765.4601440429688,229.69564819335938,46.99396896362305,-0.04159138724207878,0,0.9991347193717957,0,1,0,-0.9991347193717957,0,-0.04159138724207878],5,0.86781907081604],[[765.2603759765625,229.5508575439453,47.002716064453128,-0.04185499995946884,0,0.9991236925125122,0,1,0,-0.9991236925125122,0,-0.04185499995946884],5,0.8807520866394043],[[765.127197265625,229.43731689453126,47.00836944580078,-0.04193197563290596,0,0.9991204738616943,0,1,0,-0.9991204738616943,0,-0.04193197563290596],5,0.8918583393096924],[[764.86083984375,229.16934204101563,47.01917266845703,-0.04180940240621567,0,0.999125599861145,0,1,0,-0.999125599861145,0,-0.04180940240621567],5,0.9053182601928711],[[764.660888671875,228.93258666992188,47.0263671875,-0.041328296065330508,0,0.9991456270217896,0,1,0,-0.9991456270217896,0,-0.041328296065330508],5,0.9168639183044434],[[764.527587890625,228.75772094726563,47.03086853027344,-0.040860362350940707,0,0.999164879322052,0,1,0,-0.999164879322052,0,-0.040860362350940707],5,0.92873215675354],[[764.32763671875,228.46987915039063,47.03723907470703,-0.04000033438205719,0,0.9991996884346008,0,1,0,-0.9991996884346008,0,-0.04000033438205719],5,0.9385249614715576],[[764.127685546875,228.1513671875,47.04325485229492,-0.03902279958128929,0,0.9992383122444153,0,1,0,-0.9992383122444153,0,-0.03902279958128929],5,0.9513969421386719],[[763.927734375,227.80221557617188,47.04892349243164,-0.03795833885669708,0,0.9992793202400208,0,1,0,-0.9992793202400208,0,-0.03795833885669708],5,0.9655060768127441],[[763.79443359375,227.5524139404297,47.05265808105469,-0.03726758435368538,0,0.9993053078651428,0,1,0,-0.9993053078651428,0,-0.03726758435368538],5,0.9760124683380127],[[763.52783203125,227.01193237304688,47.06011962890625,-0.035990528762340549,0,0.9993521571159363,0,1,0,-0.9993521571159363,0,-0.035990528762340549],5,0.9885878562927246],[[763.39453125,226.72125244140626,47.063507080078128,-0.03528931364417076,0,0.9993771314620972,0,1,0,-0.9993771314620972,0,-0.03528931364417076],5,0.9991228580474854],[[763.194580078125,226.2596893310547,47.068424224853519,-0.03421112149953842,0,0.9994146227836609,0,1,0,-0.9994146227836609,0,-0.03421112149953842],5,1.010061264038086],[[763.061279296875,225.93495178222657,47.071346282958987,-0.03340548649430275,0,0.9994418621063232,0,1,0,-0.9994418621063232,0,-0.03340548649430275],5,1.0214684009552003],[[762.794677734375,225.24459838867188,47.076568603515628,-0.03159285709261894,0,0.9995008111000061,0,1,0,-0.9995008111000061,0,-0.03159285709261894],5,1.0343337059020997],[[762.5947265625,224.69107055664063,47.08013916015625,-0.03019064851105213,0,0.9995441436767578,0,1,0,-0.9995441436767578,0,-0.03019064851105213],5,1.0478601455688477],[[762.394775390625,224.10687255859376,47.0833625793457,-0.028762761503458024,0,0.999586284160614,0,1,0,-0.999586284160614,0,-0.028762761503458024],5,1.0613434314727784],[[762.19482421875,223.49203491210938,47.08623504638672,-0.027303799986839296,0,0.9996271729469299,0,1,0,-0.9996271729469299,0,-0.027303799986839296],5,1.0728461742401124],[[761.994873046875,222.84654235839845,47.08904266357422,-0.02592436410486698,0,0.9996638894081116,0,1,0,-0.9996638894081116,0,-0.02592436410486698],7,1.0844924449920655],[[761.861572265625,222.50820922851563,47.09074020385742,-0.02501753345131874,0,0.9996870160102844,0,1,0,-0.9996870160102844,0,-0.02501753345131874],7,1.095642328262329],[[761.66162109375,222.4439697265625,47.093204498291019,-0.02371089905500412,0,0.9997188448905945,0,1,0,-0.9997188448905945,0,-0.02371089905500412],7,1.1092824935913087],[[761.5283203125,222.4810028076172,47.09484100341797,-0.02290312945842743,0,0.9997376799583435,0,1,0,-0.9997376799583435,0,-0.02290312945842743],7,1.1172153949737549],[[761.26171875,222.56692504882813,47.098106384277347,-0.021432213485240938,0,0.9997702836990356,0,1,0,-0.9997702836990356,0,-0.021432213485240938],8,1.132812738418579],[[761.061767578125,222.61326599121095,47.100276947021487,-0.020346637815237047,0,0.9997929930686951,0,1,0,-0.9997929930686951,0,-0.020346637815237047],8,1.1437158584594727],[[760.86181640625,222.6442108154297,47.102386474609378,-0.01932528428733349,0,0.9998132586479187,0,1,0,-0.9998132586479187,0,-0.01932528428733349],8,1.1547610759735108],[[760.661865234375,222.66421508789063,47.10392379760742,-0.01818101294338703,0,0.9998347163200378,0,1,0,-0.9998347163200378,0,-0.01818101294338703],8,1.1674120426177979],[[760.4619140625,222.67701721191407,47.10505294799805,-0.016931302845478059,0,0.9998566508293152,0,1,0,-0.9998566508293152,0,-0.016931302845478059],8,1.1804986000061036],[[760.128662109375,222.6888427734375,47.106815338134769,-0.014945898205041886,0,0.9998883008956909,0,1,0,-0.9998883008956909,0,-0.014945898205041886],8,1.201495885848999],[[759.995361328125,222.6915740966797,47.10734558105469,-0.01417624019086361,0,0.9998995065689087,0,1,0,-0.9998995065689087,0,-0.01417624019086361],8,1.2107796669006348],[[759.79541015625,222.6943817138672,47.10805892944336,-0.013080245815217495,0,0.9999144673347473,0,1,0,-0.9999144673347473,0,-0.013080245815217495],8,1.221848964691162],[[759.662109375,222.69566345214845,47.108360290527347,-0.012342692352831364,0,0.999923825263977,0,1,0,-0.999923825263977,0,-0.012342692352831364],8,1.2303521633148194],[[759.462158203125,222.69699096679688,47.10873031616211,-0.01126656774431467,0,0.9999365210533142,0,1,0,-0.9999365210533142,0,-0.01126656774431467],8,1.2434108257293702],[[759.26220703125,222.6978302001953,47.10908508300781,-0.010275027714669705,0,0.999947190284729,0,1,0,-0.999947190284729,0,-0.010275027714669705],8,1.2549707889556885],[[759.062255859375,222.69834899902345,47.10915756225586,-0.009271886199712754,0,0.9999570250511169,0,1,0,-0.9999570250511169,0,-0.009271886199712754],8,1.2670562267303467],[[758.8623046875,222.69866943359376,47.10888671875,-0.00820665992796421,0,0.9999663233757019,0,1,0,-0.9999663233757019,0,-0.00820665992796421],8,1.2800893783569337],[[758.72900390625,222.69882202148438,47.10866165161133,-0.0075187962502241138,0,0.9999717473983765,0,1,0,-0.9999717473983765,0,-0.0075187962502241138],8,1.290522575378418],[[758.529052734375,222.69898986816407,47.108036041259769,-0.006450722925364971,0,0.9999791979789734,0,1,0,-0.9999791979789734,0,-0.006450722925364971],8,1.300577163696289],[[758.395751953125,222.69906616210938,47.10740661621094,-0.00570015050470829,0,0.9999837279319763,0,1,0,-0.9999837279319763,0,-0.00570015050470829],8,1.312685489654541],[[758.19580078125,222.6991424560547,47.10637664794922,-0.004593573044985533,0,0.9999894499778748,0,1,0,-0.9999894499778748,0,-0.004593573044985533],8,1.325348138809204],[[757.995849609375,222.69918823242188,47.10505294799805,-0.0034609693102538587,0,0.9999940395355225,0,1,0,-0.9999940395355225,0,-0.0034609693102538587],8,1.3358495235443116],[[757.7958984375,222.69921875,47.10338592529297,-0.0022735323291271927,0,0.9999974370002747,0,1,0,-0.9999974370002747,0,-0.0022735323291271927],8,1.3488430976867676],[[757.595947265625,222.69921875,47.10136795043945,-0.0010294464882463217,0,0.999999463558197,0,1,0,-0.999999463558197,0,-0.0010294464882463217],8,1.3623082637786866],[[757.39599609375,222.69921875,47.099002838134769,0.000267146184341982,0,0.9999999403953552,0,1,0,-0.9999999403953552,0,0.000267146184341982],8,1.3717868328094483],[[757.2626953125,222.69921875,47.097381591796878,0.0010971020674332977,0,0.9999994039535523,0,1,0,-0.9999994039535523,0,0.0010971020674332977],8,1.3830418586730958],[[756.99609375,222.69921875,47.09413146972656,0.002625079359859228,0,0.999996542930603,0,1,0,-0.999996542930603,0,0.002625079359859228],8,1.397217035293579],[[756.796142578125,222.69921875,47.09169387817383,0.003642776980996132,0,0.9999933838844299,0,1,0,-0.9999933838844299,0,0.003642776980996132],8,1.4107322692871094],[[756.59619140625,222.69921875,47.089256286621097,0.004546753596514463,0,0.9999896883964539,0,1,0,-0.9999896883964539,0,0.004546753596514463],8,1.4206459522247315],[[756.462890625,222.69921875,47.08763122558594,0.005091592203825712,0,0.9999870657920837,0,1,0,-0.9999870657920837,0,0.005091592203825712],8,1.4308340549468995],[[756.32958984375,222.69921875,47.08600616455078,0.005593090318143368,0,0.9999843835830689,0,1,0,-0.9999843835830689,0,0.005593090318143368],8,1.440532922744751],[[756.129638671875,222.69921875,47.08356857299805,0.006282420363277197,0,0.9999802708625794,0,1,0,-0.9999802708625794,0,0.006282420363277197],8,1.4506092071533204],[[755.996337890625,222.69921875,47.08194351196289,0.006701776757836342,0,0.9999775290489197,0,1,0,-0.9999775290489197,0,0.006701776757836342],8,1.4621188640594483],[[755.79638671875,222.69921875,47.079505920410159,0.007276060525327921,0,0.9999735355377197,0,1,0,-0.9999735355377197,0,0.007276060525327921],8,1.4716436862945557],[[755.596435546875,222.69921875,47.07706832885742,0.007793142460286617,0,0.9999696612358093,0,1,0,-0.9999696612358093,0,0.007793142460286617],8,1.4836492538452149],[[755.463134765625,222.69921875,47.075443267822269,0.008105858229100705,0,0.9999671578407288,0,1,0,-0.9999671578407288,0,0.008105858229100705],8,1.4949040412902833],[[755.26318359375,222.69921875,47.07300567626953,0.008533336222171784,0,0.9999635815620422,0,1,0,-0.9999635815620422,0,0.008533336222171784],8,1.5047101974487305],[[755.1298828125,222.69921875,47.071380615234378,0.008792889304459095,0,0.9999613165855408,0,1,0,-0.9999613165855408,0,0.008792889304459095],8,1.5160508155822755],[[754.929931640625,222.69921875,47.06894302368164,0.009148134849965573,0,0.9999581575393677,0,1,0,-0.9999581575393677,0,0.009148134849965573],8,1.527282476425171],[[754.796630859375,222.69921875,47.067317962646487,0.009363922290503979,0,0.9999561309814453,0,1,0,-0.9999561309814453,0,0.009363922290503979],8,1.537454605102539],[[754.5966796875,222.69921875,47.065162658691409,0.009549984708428383,0,0.9999544024467468,0,1,0,-0.9999544024467468,0,0.009549984708428383],8,1.5488903522491456],[[754.396728515625,222.69921875,47.063072204589847,0.009661120362579823,0,0.9999533295631409,0,1,0,-0.9999533295631409,0,0.009661120362579823],8,1.5600731372833253],[[754.263427734375,222.69921875,47.061683654785159,0.009719837456941605,0,0.9999527335166931,0,1,0,-0.9999527335166931,0,0.009719837456941605],8,1.569749355316162],[[754.130126953125,222.69921875,47.06046676635742,0.009709091857075692,0,0.9999528527259827,0,1,0,-0.9999528527259827,0,0.009709091857075692],8,1.579986810684204],[[753.93017578125,222.69921875,47.05872344970703,0.009630663320422173,0,0.9999536275863648,0,1,0,-0.9999536275863648,0,0.009630663320422173],8,1.5886330604553223],[[753.796875,222.69921875,47.05756378173828,0.00956934317946434,0,0.9999542236328125,0,1,0,-0.9999542236328125,0,0.00956934317946434],8,1.5994491577148438],[[753.66357421875,222.69921875,47.056575775146487,0.009446616284549237,0,0.9999553561210632,0,1,0,-0.9999553561210632,0,0.009446616284549237],8,1.6093113422393799],[[753.5302734375,222.69921875,47.05581283569336,0.009231100790202618,0,0.9999573826789856,0,1,0,-0.9999573826789856,0,0.009231100790202618],8,1.617671251296997],[[753.330322265625,222.69921875,47.05476379394531,0.008847691118717194,0,0.9999608397483826,0,1,0,-0.9999608397483826,0,0.008847691118717194],8,1.6280219554901124],[[753.13037109375,222.69921875,47.05400466918945,0.008362976834177971,0,0.9999650120735169,0,1,0,-0.9999650120735169,0,0.008362976834177971],8,1.637895107269287],[[752.9970703125,222.69921875,47.05353927612305,0.008029588498175145,0,0.9999677538871765,0,1,0,-0.9999677538871765,0,0.008029588498175145],8,1.649578332901001],[[752.73046875,223.56211853027345,47.052608489990237,0.007366296369582415,0,0.9999728798866272,0,1,0,-0.9999728798866272,0,0.007366296369582415],3,1.6661317348480225],[[752.530517578125,224.17352294921876,47.05220413208008,0.006825905758887529,0,0.9999766945838928,0,1,0,-0.9999766945838928,0,0.006825905758887529],5,1.6891872882843018],[[752.06396484375,225.48092651367188,47.0514030456543,0.005612613167613745,0,0.9999842643737793,0,1,0,-0.9999842643737793,0,0.005612613167613745],5,1.7071506977081299],[[751.9306640625,225.8238067626953,47.05117416381836,0.00531445536762476,0,0.9999858736991882,0,1,0,-0.9999858736991882,0,0.00531445536762476],5,1.714611291885376],[[751.79736328125,226.153076171875,47.05094528198242,0.005051812622696161,0,0.9999872446060181,0,1,0,-0.9999872446060181,0,0.005051812622696161],5,1.7280573844909669],[[751.597412109375,226.6214141845703,47.050601959228519,0.004698151722550392,0,0.9999889731407166,0,1,0,-0.9999889731407166,0,0.004698151722550392],5,1.7357101440429688],[[751.464111328125,226.91661071777345,47.05037307739258,0.004484572913497686,0,0.999989926815033,0,1,0,-0.999989926815033,0,0.004484572913497686],5,1.744359016418457],[[751.330810546875,227.19818115234376,47.05014419555664,0.004287866875529289,0,0.9999908208847046,0,1,0,-0.9999908208847046,0,0.004287866875529289],5,1.75474214553833],[[751.064208984375,227.72044372558595,47.05008316040039,0.003769239876419306,0,0.9999929070472717,0,1,0,-0.9999929070472717,0,0.003769239876419306],5,1.7669174671173096],[[750.930908203125,227.96115112304688,47.05009078979492,0.0035042327363044025,0,0.9999938607215881,0,1,0,-0.9999938607215881,0,0.0035042327363044025],5,1.7767579555511475],[[750.797607421875,228.18821716308595,47.05009841918945,0.0032559058163315059,0,0.999994695186615,0,1,0,-0.999994695186615,0,0.0032559058163315059],5,1.7854788303375245],[[750.664306640625,228.40167236328126,47.050106048583987,0.0030243033543229105,0,0.9999954104423523,0,1,0,-0.9999954104423523,0,0.0030243033543229105],5,1.794935703277588],[[750.531005859375,228.6014862060547,47.050113677978519,0.002808708231896162,0,0.9999960660934448,0,1,0,-0.9999960660934448,0,0.002808708231896162],5,1.8048186302185059],[[750.3310546875,228.87567138671876,47.05012512207031,0.0025108586996793749,0,0.9999968409538269,0,1,0,-0.9999968409538269,0,0.0025108586996793749],5,1.8145060539245606],[[750.19775390625,229.0414276123047,47.050132751464847,0.002329340437427163,0,0.9999972581863403,0,1,0,-0.9999972581863403,0,0.002329340437427163],5,1.8243627548217774],[[749.997802734375,229.2645263671875,47.05014419555664,0.002080625854432583,0,0.9999978542327881,0,1,0,-0.9999978542327881,0,0.002080625854432583],5,1.8343088626861573],[[749.864501953125,229.39622497558595,47.05015182495117,0.0019294866360723973,0,0.999998152256012,0,1,0,-0.999998152256012,0,0.0019294866360723973],5,1.8522069454193116],[[749.53125,229.66586303710938,47.0501708984375,0.0015894589014351369,0,0.9999987483024597,0,1,0,-0.9999987483024597,0,0.0015894589014351369],5,1.875988483428955],[[749.2646484375,229.82025146484376,47.05018615722656,0.0013569321017712355,0,0.9999991059303284,0,1,0,-0.9999991059303284,0,0.0013569321017712355],5,1.8826076984405518],[[749.13134765625,229.87701416015626,47.050193786621097,0.0012551043182611466,0,0.9999992251396179,0,1,0,-0.9999992251396179,0,0.0012551043182611466],5,1.8887560367584229],[[748.998046875,229.92015075683595,47.050201416015628,0.0011624883627519012,0,0.9999993443489075,0,1,0,-0.9999993443489075,0,0.0011624883627519012],5,1.9051024913787842],[[748.7314453125,229.96554565429688,47.05021667480469,0.0009950415696948767,0,0.9999995231628418,0,1,0,-0.9999995231628418,0,0.0009950415696948767],5,1.9160716533660889],[[748.59814453125,229.96780395507813,47.05022430419922,0.0009200366330333054,0,0.9999995827674866,0,1,0,-0.9999995827674866,0,0.0009200366330333054],5,1.923724889755249],[[748.398193359375,229.94564819335938,47.050235748291019,0.0008184354519471526,0,0.9999996423721314,0,1,0,-0.9999996423721314,0,0.0008184354519471526],5,1.9336023330688477],[[748.1982421875,229.89283752441407,47.05024719238281,0.0007273300434462726,0,0.9999997615814209,0,1,0,-0.9999997615814209,0,0.0007273300434462726],5,1.946603536605835],[[747.998291015625,229.8093719482422,47.05025863647461,0.000645787687972188,0,0.9999998211860657,0,1,0,-0.9999998211860657,0,0.000645787687972188],5,1.9604637622833253],[[747.79833984375,229.69525146484376,47.050270080566409,0.0005728426622226834,0,0.9999998211860657,0,1,0,-0.9999998211860657,0,0.0005728426622226834],5,1.9883382320404053],[[747.3984375,229.37503051757813,47.05029296875,0.0004451806889846921,0,0.9999998807907105,0,1,0,-0.9999998807907105,0,0.0004451806889846921],5,2.002565860748291],[[747.198486328125,229.1689453125,47.04945373535156,0.0007192717166617513,0,0.9999997615814209,0,1,0,-0.9999997615814209,0,0.0007192717166617513],5,2.0111963748931886],[[747.065185546875,229.01451110839845,47.048770904541019,0.0009931992972269655,0,0.9999995231628418,0,1,0,-0.9999995231628418,0,0.0009931992972269655],5,2.0204663276672365],[[746.931884765625,228.84646606445313,47.04790496826172,0.0013360159937292338,0,0.9999991059303284,0,1,0,-0.9999991059303284,0,0.0013360159937292338],5,2.0303611755371095],[[746.73193359375,228.56883239746095,47.04652404785156,0.001887012622319162,0,0.9999982118606567,0,1,0,-0.9999982118606567,0,0.001887012622319162],5,2.042235851287842],[[746.531982421875,228.2605438232422,47.04485321044922,0.002520329551771283,0,0.9999968409538269,0,1,0,-0.9999968409538269,0,0.002520329551771283],5,2.052206039428711],[[746.398681640625,228.03799438476563,47.04352569580078,0.003005914855748415,0,0.9999954700469971,0,1,0,-0.9999954700469971,0,0.003005914855748415],5,2.0629074573516847],[[746.19873046875,227.67861938476563,47.041446685791019,0.003749375231564045,0,0.9999929666519165,0,1,0,-0.9999929666519165,0,0.003749375231564045],5,2.0727412700653078],[[745.998779296875,227.28858947753907,47.03907775878906,0.0045549338683485989,0,0.9999896287918091,0,1,0,-0.9999896287918091,0,0.0045549338683485989],5,2.083962917327881],[[745.865478515625,227.01153564453126,47.037113189697269,0.005207180045545101,0,0.999986469745636,0,1,0,-0.999986469745636,0,0.005207180045545101],5,2.0953638553619386],[[745.66552734375,226.57040405273438,47.03399658203125,0.0062411935068666939,0,0.9999805092811585,0,1,0,-0.9999805092811585,0,0.0062411935068666939],5,2.1059820652008058],[[745.465576171875,226.0986328125,47.030296325683597,0.007438986096531153,0,0.9999723434448242,0,1,0,-0.9999723434448242,0,0.007438986096531153],5,2.1168322563171388],[[745.332275390625,225.76707458496095,47.02757263183594,0.008304687216877938,0,0.999965488910675,0,1,0,-0.999965488910675,0,0.008304687216877938],5,2.126455545425415],[[745.13232421875,225.24420166015626,47.023399353027347,0.009584128856658936,0,0.9999540448188782,0,1,0,-0.9999540448188782,0,0.009584128856658936],5,2.1378564834594728],[[744.932373046875,224.690673828125,47.018367767333987,0.01109618041664362,0,0.999938428401947,0,1,0,-0.999938428401947,0,0.01109618041664362],5,2.149541139602661],[[744.799072265625,224.3046112060547,47.01471710205078,0.012185212224721909,0,0.9999257326126099,0,1,0,-0.9999257326126099,0,0.012185212224721909],5,2.160792589187622],[[744.59912109375,223.6999969482422,47.00886535644531,0.013893312774598599,0,0.9999035000801086,0,1,0,-0.9999035000801086,0,0.013893312774598599],5,2.1716933250427248],[[744.4658203125,223.27987670898438,47.00457000732422,0.015114829875528813,0,0.9998857378959656,0,1,0,-0.9998857378959656,0,0.015114829875528813],7,2.183215618133545],[[744.265869140625,222.62416076660157,46.997676849365237,0.01704620197415352,0,0.9998546838760376,0,1,0,-0.9998546838760376,0,0.01704620197415352],7,2.1950809955596926],[[743.865966796875,222.4807891845703,46.98310089111328,0.020959043875336648,0,0.9997803568840027,0,1,0,-0.9997803568840027,0,0.020959043875336648],7,2.218379497528076],[[743.732666015625,222.5261688232422,46.97821807861328,0.022123612463474275,0,0.9997552633285523,0,1,0,-0.9997552633285523,0,0.022123612463474275],8,2.2298269271850588],[[743.53271484375,222.58421325683595,46.97089385986328,0.023666799068450929,0,0.9997199177742004,0,1,0,-0.9997199177742004,0,0.023666799068450929],8,2.2393176555633547],[[743.332763671875,222.62501525878907,46.96356964111328,0.025038639083504678,0,0.9996864795684815,0,1,0,-0.9996864795684815,0,0.025038639083504678],8,2.250493288040161],[[743.199462890625,222.64418029785157,46.95868682861328,0.025865629315376283,0,0.9996654391288757,0,1,0,-0.9996654391288757,0,0.025865629315376283],8,2.2611329555511476],[[742.99951171875,222.6642303466797,46.95136260986328,0.026994960382580758,0,0.9996355772018433,0,1,0,-0.9996355772018433,0,0.026994960382580758],8,2.2752411365509035],[[742.799560546875,222.67701721191407,46.944602966308597,0.02779216878116131,0,0.9996137022972107,0,1,0,-0.9996137022972107,0,0.02779216878116131],8,2.2857484817504885],[[742.599609375,222.68515014648438,46.938255310058597,0.028283260762691499,0,0.9995999336242676,0,1,0,-0.9995999336242676,0,0.028283260762691499],8,2.2977967262268068],[[742.46630859375,222.6888427734375,46.93406677246094,0.028526904061436654,0,0.9995930194854736,0,1,0,-0.9995930194854736,0,0.028526904061436654],8,2.308814525604248],[[742.266357421875,222.69265747070313,46.92835235595703,0.028618840500712396,0,0.9995903968811035,0,1,0,-0.9995903968811035,0,0.028618840500712396],8,2.3188188076019289],[[742.06640625,222.695068359375,46.92276382446289,0.028581026941537858,0,0.9995914697647095,0,1,0,-0.9995914697647095,0,0.028581026941537858],8,2.3309054374694826],[[741.866455078125,222.6966094970703,46.918033599853519,0.028190409764647485,0,0.9996025562286377,0,1,0,-0.9996025562286377,0,0.028190409764647485],8,2.3429982662200929],[[741.733154296875,222.6973114013672,46.915348052978519,0.027717506512999536,0,0.9996157884597778,0,1,0,-0.9996157884597778,0,0.027717506512999536],8,2.3528573513031008],[[741.533203125,222.69802856445313,46.91177749633789,0.0267891027033329,0,0.9996411204338074,0,1,0,-0.9996411204338074,0,0.0267891027033329],8,2.365108013153076],[[741.333251953125,222.69847106933595,46.9085693359375,0.025728901848196985,0,0.9996689558029175,0,1,0,-0.9996689558029175,0,0.025728901848196985],8,2.3771581649780275],[[741.13330078125,222.69874572753907,46.90542984008789,0.024694548919796945,0,0.9996950626373291,0,1,0,-0.9996950626373291,0,0.024694548919796945],8,2.3874382972717287],[[741,222.69888305664063,46.9036865234375,0.023931678384542466,0,0.9997135996818543,0,1,0,-0.9997135996818543,0,0.023931678384542466],8,2.398740291595459],[[740.800048828125,222.69903564453126,46.9012336730957,0.02275816723704338,0,0.9997410178184509,0,1,0,-0.9997410178184509,0,0.02275816723704338],8,2.410618305206299],[[740.666748046875,222.6990966796875,46.89960861206055,0.022017542272806169,0,0.9997575879096985,0,1,0,-0.9997575879096985,0,0.022017542272806169],8,2.4205234050750734],[[740.466796875,222.69915771484376,46.89717102050781,0.020992040634155275,0,0.9997796416282654,0,1,0,-0.9997796416282654,0,0.020992040634155275],8,2.433368444442749],[[740.266845703125,222.69920349121095,46.89473342895508,0.020064804702997209,0,0.9997986555099487,0,1,0,-0.9997986555099487,0,0.020064804702997209],8,2.4463608264923097],[[740.06689453125,222.69921875,46.892295837402347,0.019233068451285363,0,0.999815046787262,0,1,0,-0.999815046787262,0,0.019233068451285363],8,2.456540107727051],[[739.866943359375,222.69921875,46.88985824584961,0.018488580361008645,0,0.9998290538787842,0,1,0,-0.9998290538787842,0,0.018488580361008645],8,2.4682669639587404],[[739.733642578125,222.69921875,46.88823318481445,0.01803898625075817,0,0.9998372793197632,0,1,0,-0.9998372793197632,0,0.01803898625075817],8,2.477389335632324],[[739.53369140625,222.69921875,46.88579559326172,0.017424670979380609,0,0.9998481869697571,0,1,0,-0.9998481869697571,0,0.017424670979380609],8,2.4894752502441408],[[739.333740234375,222.69921875,46.88364028930664,0.016762692481279374,0,0.9998595118522644,0,1,0,-0.9998595118522644,0,0.016762692481279374],8,2.5017032623291017],[[739.200439453125,222.69921875,46.88241958618164,0.01626405492424965,0,0.9998677372932434,0,1,0,-0.9998677372932434,0,0.01626405492424965],8,2.5126917362213136],[[739.00048828125,222.69921875,46.880958557128909,0.01539525669068098,0,0.9998815059661865,0,1,0,-0.9998815059661865,0,0.01539525669068098],8,2.5238232612609865],[[738.800537109375,222.69921875,46.88041305541992,0.014202498830854893,0,0.99989914894104,0,1,0,-0.99989914894104,0,0.014202498830854893],8,2.5350067615509035],[[738.667236328125,222.69921875,46.880348205566409,0.013298952020704747,0,0.9999115467071533,0,1,0,-0.9999115467071533,0,0.013298952020704747],8,2.545990228652954],[[738.46728515625,222.69921875,46.880348205566409,0.011950463987886906,0,0.9999285936355591,0,1,0,-0.9999285936355591,0,0.011950463987886906],8,2.555250406265259],[[738.267333984375,222.69921875,46.8803596496582,0.010698272846639157,0,0.9999427795410156,0,1,0,-0.9999427795410156,0,0.010698272846639157],8,2.5668537616729738],[[738.20068359375,222.69921875,46.880435943603519,0.010286283679306507,0,0.9999470710754395,0,1,0,-0.9999470710754395,0,0.010286283679306507],8,2.5760183334350588],[[738.000732421875,222.69921875,46.88077163696289,0.009068387560546399,0,0.999958872795105,0,1,0,-0.999958872795105,0,0.009068387560546399],8,2.5863983631134035],[[737.867431640625,222.69921875,46.88100814819336,0.008305571973323822,0,0.999965488910675,0,1,0,-0.999965488910675,0,0.008305571973323822],8,2.595829725265503],[[737.600830078125,222.69921875,46.8814811706543,0.006910719908773899,0,0.9999760985374451,0,1,0,-0.9999760985374451,0,0.006910719908773899],8,2.609929323196411],[[737.467529296875,222.69921875,46.881893157958987,0.0062210652977228169,0,0.999980628490448,0,1,0,-0.999980628490448,0,0.0062210652977228169],8,2.6187026500701906],[[737.334228515625,222.69921875,46.882354736328128,0.0055518136359751228,0,0.9999845623970032,0,1,0,-0.9999845623970032,0,0.0055518136359751228],8,2.6284029483795168],[[737.200927734375,222.69921875,46.88282775878906,0.004919093102216721,0,0.9999879002571106,0,1,0,-0.9999879002571106,0,0.004919093102216721],8,2.6374449729919435],[[737.0009765625,222.69921875,46.88353729248047,0.0040389965288341049,0,0.9999918341636658,0,1,0,-0.9999918341636658,0,0.0040389965288341049],8,2.64809250831604],[[736.86767578125,222.69921875,46.884010314941409,0.0035013635642826559,0,0.9999938607215881,0,1,0,-0.9999938607215881,0,0.0035013635642826559],8,2.6610145568847658],[[736.667724609375,222.69921875,46.88471984863281,0.0027641586493700744,0,0.9999961853027344,0,1,0,-0.9999961853027344,0,0.0027641586493700744],8,2.671027421951294],[[736.4677734375,222.69921875,46.88542938232422,0.002100040204823017,0,0.9999977946281433,0,1,0,-0.9999977946281433,0,0.002100040204823017],8,2.6806442737579347],[[736.33447265625,222.69921875,46.885902404785159,0.0016983419191092253,0,0.9999985694885254,0,1,0,-0.9999985694885254,0,0.0016983419191092253],8,2.690223455429077],[[736.201171875,222.69921875,46.886375427246097,0.0013282212894409896,0,0.9999991059303284,0,1,0,-0.9999991059303284,0,0.0013282212894409896],8,2.7008891105651857],[[735.80126953125,222.69921875,46.887794494628909,0.0003283838741481304,0,0.9999999403953552,0,1,0,-0.9999999403953552,0,0.0003283838741481304],8,2.7228105068206789],[[735.66796875,222.69921875,46.888267517089847,0.00003926491626771167,0,1,0,1,0,-1,0,0.00003926491626771167],8,2.7322568893432619],[[735.468017578125,222.69921875,46.88897705078125,-0.0003421029541641474,0,0.9999999403953552,0,1,0,-0.9999999403953552,0,-0.0003421029541641474],8,2.7435197830200197],[[735.334716796875,222.69921875,46.88945007324219,-0.0005706825177185237,0,0.9999998211860657,0,1,0,-0.9999998211860657,0,-0.0005706825177185237],8,2.7538363933563234],[[735.134765625,222.69921875,46.890159606933597,-0.0008822700474411249,0,0.9999995827674866,0,1,0,-0.9999995827674866,0,-0.0008822700474411249],8,2.764695882797241],[[735.00146484375,222.69921875,46.89063262939453,-0.0010712677612900735,0,0.9999994039535523,0,1,0,-0.9999994039535523,0,-0.0010712677612900735],8,2.7736730575561525],[[734.668212890625,222.69921875,46.891815185546878,-0.0014962019631639124,0,0.9999988675117493,0,1,0,-0.9999988675117493,0,-0.0014962019631639124],8,2.794196844100952],[[734.534912109375,222.69921875,46.892459869384769,-0.001708667608909309,0,0.9999985694885254,0,1,0,-0.9999985694885254,0,-0.001708667608909309],8,2.803544521331787],[[734.268310546875,222.69921875,46.89385986328125,-0.0021758065558969976,0,0.999997615814209,0,1,0,-0.999997615814209,0,-0.0021758065558969976],8,2.816478729248047],[[734.135009765625,222.69921875,46.8949089050293,-0.002521864604204893,0,0.9999968409538269,0,1,0,-0.9999968409538269,0,-0.002521864604204893],8,2.827941656112671],[[733.93505859375,222.69921875,46.896644592285159,-0.003121346002444625,0,0.9999951124191284,0,1,0,-0.9999951124191284,0,-0.003121346002444625],8,2.8458168506622316],[[733.66845703125,222.69921875,46.89897918701172,-0.0038942955434322359,0,0.9999924302101135,0,1,0,-0.9999924302101135,0,-0.0038942955434322359],8,2.857353687286377],[[733.468505859375,222.69921875,46.90073013305664,-0.004413347691297531,0,0.9999902844429016,0,1,0,-0.9999902844429016,0,-0.004413347691297531],8,2.868370532989502],[[733.2685546875,222.69921875,46.90248107910156,-0.0048751565627753738,0,0.9999881386756897,0,1,0,-0.9999881386756897,0,-0.0048751565627753738],8,2.880100727081299],[[733.13525390625,222.69921875,46.903648376464847,-0.005153614096343517,0,0.9999867081642151,0,1,0,-0.9999867081642151,0,-0.005153614096343517],8,2.889399528503418],[[732.935302734375,222.69921875,46.905399322509769,-0.00553392106667161,0,0.9999846816062927,0,1,0,-0.9999846816062927,0,-0.00553392106667161],8,2.9040656089782717],[[732.668701171875,222.69921875,46.90813446044922,-0.006146715953946114,0,0.9999811053276062,0,1,0,-0.9999811053276062,0,-0.006146715953946114],8,2.9181249141693117],[[732.535400390625,222.69921875,46.90953826904297,-0.006452798377722502,0,0.9999791979789734,0,1,0,-0.9999791979789734,0,-0.006452798377722502],8,2.9287445545196535],[[732.33544921875,222.69921875,46.911643981933597,-0.006877190433442593,0,0.9999763369560242,0,1,0,-0.9999763369560242,0,-0.006877190433442593],8,2.9404456615448],[[732.135498046875,222.69921875,46.91374969482422,-0.007261107210069895,0,0.9999736547470093,0,1,0,-0.9999736547470093,0,-0.007261107210069895],8,2.9540584087371828],[[731.935546875,222.69921875,46.915855407714847,-0.007605528924614191,0,0.9999710917472839,0,1,0,-0.9999710917472839,0,-0.007605528924614191],8,2.9647467136383058],[[731.735595703125,222.69921875,46.91796112060547,-0.007913829758763314,0,0.9999687075614929,0,1,0,-0.9999687075614929,0,-0.007913829758763314],8,2.9776642322540285],[[731.53564453125,222.69921875,46.920066833496097,-0.00818963348865509,0,0.9999664425849915,0,1,0,-0.9999664425849915,0,-0.00818963348865509],8,2.9880919456481935],[[731.40234375