[[[776.0277099609375,222.69961547851563,47.142364501953128,-0.9955048561096191,1.7089751835897005e-9,-0.0947105810046196,8.048708366459323e-10,1,9.584170790333247e-9,0.0947105810046196,9.46485823050125e-9,-0.9955048561096191],8,0.0036988258361816408],[[776.0277099609375,222.69961547851563,47.142364501953128,-0.9955048561096191,-1.5513693663038453e-9,-0.0947105810046196,-7.288835091046053e-10,1,-8.718797239737342e-9,0.0947105810046196,-8.610571811118462e-9,-0.9955048561096191],8,0.013902902603149414],[[776.0277099609375,222.69961547851563,47.142364501953128,-0.9955048561096191,-6.439273114722255e-9,-0.0947105810046196,-3.028285622264093e-9,1,-3.6158581906420298e-8,0.0947105810046196,-3.570923112761193e-8,-0.9955048561096191],8,0.024651765823364259],[[776.0277099609375,222.69961547851563,47.142364501953128,-0.9955048561096191,-9.696134561920644e-9,-0.0947105810046196,-4.560401389852586e-9,1,-5.4441997576759607e-8,0.0947105810046196,-5.376535483492262e-8,-0.9955048561096191],8,0.03484606742858887],[[776.0277099609375,222.69961547851563,47.142364501953128,-0.9955048561096191,-1.4578818152699569e-8,-0.0947105810046196,-6.857347578659301e-9,1,-8.18524696910572e-8,0.0947105810046196,-8.083506486400438e-8,-0.9955048561096191],8,0.04661846160888672],[[776.0277099609375,222.69961547851563,47.142364501953128,-0.9955048561096191,-1.945836913819221e-8,-0.0947105810046196,-9.152820723556943e-9,1,-1.0924537008349944e-7,0.0947105810046196,-1.0788742343947888e-7,-0.9955048561096191],8,0.057563066482543948],[[776.0277099609375,222.69961547851563,47.142364501953128,-0.9955048561096191,-1.7856004674854377e-8,-0.0947105810046196,-8.39924929607605e-9,1,-1.0024762531202214e-7,0.0947105810046196,-9.90015038837555e-8,-0.9955048561096191],8,0.07043695449829102],[[776.0277099609375,222.69961547851563,47.142364501953128,-0.9955048561096191,-1.3016308031410518e-8,-0.0947105810046196,-6.122860884971715e-9,1,-7.307494342967402e-8,0.0947105810046196,-7.216656427999624e-8,-0.9955048561096191],8,0.09958124160766602],[[776.0277099609375,222.69961547851563,47.142364501953128,-0.9955048561096191,-1.7357471016055115e-9,-0.0947105810046196,-8.169616649844613e-10,1,-9.739753892290537e-9,0.0947105810046196,-9.618597474059243e-9,-0.9955048561096191],8,0.11046314239501953],[[776.0277099609375,222.69961547851563,47.142364501953128,-0.9955048561096191,1.4841713413815683e-9,-0.0947105810046196,6.9755196063781e-10,1,8.338614243541543e-9,0.0947105810046196,8.235065074302384e-9,-0.9955048561096191],8,0.12116837501525879],[[776.0277099609375,222.69961547851563,47.142364501953128,-0.9955048561096191,6.311468681019505e-9,-0.0947105810046196,2.9681088697941506e-9,1,3.544167981317514e-8,0.0947105810046196,3.5001249898414247e-8,-0.9955048561096191],8,0.13219594955444337],[[776.0277099609375,222.69961547851563,47.142364501953128,-0.9953383207321167,1.1196655158585145e-8,-0.09644521027803421,5.190006646671463e-9,1,6.253128503885819e-8,0.09644521027803421,6.173923594587905e-8,-0.9953383207321167],8,0.14725065231323243],[[776.0277099609375,222.69961547851563,47.142364501953128,-0.9953383207321167,1.6017766668596779e-8,-0.09644521027803421,7.410479785363577e-9,1,8.960353170550661e-8,0.09644521027803421,8.847112553667103e-8,-0.9953383207321167],8,0.1670694351196289],[[776.0277099609375,222.69961547851563,47.142364501953128,-0.99787837266922,1.553305217782963e-8,-0.06510590761899948,9.124775601776492e-9,1,9.872586304027209e-8,0.06510590761899948,9.79223244712557e-8,-0.99787837266922],8,0.17702937126159669],[[776.0277099609375,222.69961547851563,47.142364501953128,-0.999308168888092,1.0277895867716325e-8,-0.03719193488359451,7.273027069487625e-9,1,8.092884939969736e-8,0.03719193488359451,8.060236211804295e-8,-0.999308168888092],8,0.18794012069702149],[[776.0277099609375,222.69961547851563,47.142364501953128,-0.999769389629364,5.242687617368347e-9,-0.0214742049574852,4.077695514581592e-9,1,5.429454930094835e-8,0.0214742049574852,5.419446225118918e-8,-0.999769389629364],8,0.19996237754821778],[[776.0277099609375,222.69961547851563,47.142364501953128,-0.9999790191650391,-3.803562673154737e-11,0.006474209949374199,1.4180119578544038e-10,1,2.7776955846547936e-8,-0.006474209949374199,2.777729157799058e-8,-0.9999790191650391],8,0.21251511573791505],[[776.0277099609375,222.69961547851563,47.142364501953128,-0.9997908473014832,-4.188022817430692e-9,0.020451311022043229,-4.161612388031699e-9,1,1.3339336302209404e-9,-0.020451311022043229,1.2485442679732728e-9,-0.9997908473014832],8,0.22423195838928224],[[776.0277099609375,222.69961547851563,47.142364501953128,-0.9985618591308594,-7.986448835595184e-9,0.053611546754837039,-9.336675432791708e-9,1,-2.4934905695772615e-8,-0.053611546754837039,-2.539960064495972e-8,-0.9985618591308594],8,0.2369706630706787],[[776.0277099609375,222.69961547851563,47.142364501953128,-0.9972185492515564,-1.120913761809561e-8,0.07453270256519318,-1.5057606717050477e-8,1,-5.107272116333661e-8,-0.07453270256519318,-5.2052950394454459e-8,-0.9972185492515564],8,0.24881815910339356],[[776.0277099609375,222.69961547851563,47.142364501953128,-0.9923818111419678,-1.2405194205200587e-8,0.12320059537887573,-2.204517102200043e-8,1,-7.688300485142463e-8,-0.12320059537887573,-7.901327592207963e-8,-0.9923818111419678],8,0.2610745429992676],[[776.0277099609375,222.69961547851563,47.142364501953128,-0.977487325668335,-9.276774015631873e-9,0.21099412441253663,-2.961650658050985e-8,1,-9.323949257122877e-8,-0.21099412441253663,-9.738933215430734e-8,-0.977487325668335],8,0.28595733642578127],[[776.0277099609375,222.69961547851563,47.142364501953128,-0.960857629776001,-1.0480405432389262e-9,0.2770426869392395,-2.0754136187406403e-8,1,-6.819789888368178e-8,-0.2770426869392395,-7.127825085717632e-8,-0.960857629776001],8,0.30678415298461916],[[776.0277099609375,222.69961547851563,47.142364501953128,-0.9415484070777893,6.060889123915558e-9,0.336877703666687,-3.404757809022385e-9,1,-2.750741145973734e-8,-0.336877703666687,-2.7046546335895983e-8,-0.9415484070777893],8,0.31819844245910647],[[776.0277099609375,222.69961547851563,47.142364501953128,-0.9311323165893555,7.911403088201041e-9,0.36468151211738589,4.0095864406453078e-9,1,-1.1456427806422198e-8,-0.36468151211738589,-9.205227691211349e-9,-0.9311323165893555],8,0.32980918884277346],[[776.0277099609375,222.69961547851563,47.142364501953128,-0.9078449606895447,1.0018349705376295e-8,0.41930606961250307,1.653386405564561e-8,1,1.190499254732913e-8,-0.41930606961250307,1.7740637403562688e-8,-0.9078449606895447],8,0.3406505584716797],[[776.0277099609375,222.69961547851563,47.142364501953128,-0.8965469002723694,1.1123589160888514e-8,0.4429488778114319,2.965752443628844e-8,1,3.491548028478064e-8,-0.4429488778114319,4.4440131574674527e-8,-0.8965469002723694],8,0.353060245513916],[[776.0277099609375,222.69961547851563,47.142364501953128,-0.8771947026252747,1.0823785423497157e-8,0.48013484477996828,4.3725023601837168e-8,1,5.7341335235605587e-8,-0.48013484477996828,7.12934209445848e-8,-0.8771947026252747],8,0.36484265327453616],[[776.0277099609375,222.69961547851563,47.142364501953128,-0.8703981041908264,1.0874028788521173e-8,0.4923485517501831,5.330628738420273e-8,1,7.215145103600662e-8,-0.4923485517501831,8.904576276336229e-8,-0.8703981041908264],8,0.3759613037109375],[[776.0277099609375,222.69961547851563,47.142364501953128,-0.861666202545166,9.870022132929535e-9,0.5074754953384399,6.265175045427896e-8,1,8.693005781879038e-8,-0.5074754953384399,1.0669891992165503e-7,-0.861666202545166],8,0.3921329975128174],[[776.0277099609375,222.69961547851563,47.142364501953128,-0.8571988940238953,4.867759972881913e-9,0.5149855017662048,4.079622684116657e-8,1,5.8453533569036156e-8,-0.5149855017662048,7.111577104979006e-8,-0.8571988940238953],8,0.4081721305847168],[[776.0277099609375,222.69961547851563,47.142364501953128,-0.8563005328178406,6.778220762448939e-10,0.5164778828620911,1.8909851462467487e-8,1,3.003941628776374e-8,-0.5164778828620911,3.548928972918475e-8,-0.8563005328178406],8,0.42218732833862307],[[776.0277099609375,222.69961547851563,47.142364501953128,-0.855398952960968,-2.4313011603993574e-9,0.5179697275161743,2.470246895924788e-9,1,8.773384685412111e-9,-0.5179697275161743,8.78425687744766e-9,-0.855398952960968],8,0.4374833106994629],[[776.0277099609375,222.69961547851563,47.142364501953128,-0.8535858392715454,-5.507255096404151e-9,0.5209522843360901,-1.4032902839744566e-8,1,-1.2421543793550427e-8,-0.5209522843360901,-1.7913325933704983e-8,-0.8535858392715454],8,0.4483487606048584],[[776.0277099609375,222.69961547851563,47.142364501953128,-0.852675199508667,-7.5051005410387e-9,0.5224413275718689,-2.5053756402826367e-8,1,-2.65247344088948e-8,-0.5224413275718689,-3.5706101186860909e-8,-0.852675199508667],8,0.4582252502441406],[[776.0277099609375,222.69961547851563,47.142364501953128,-0.852675199508667,-9.533350997514845e-9,0.5224413275718689,-3.60698955148564e-8,1,-4.062189518094783e-8,-0.5224413275718689,-5.348168841123879e-8,-0.852675199508667],8,0.4678075313568115],[[776.0277099609375,222.69961547851563,47.142364501953128,-0.852675199508667,-1.257409909527496e-8,0.5224413275718689,-5.258527480123121e-8,1,-6.175633160410143e-8,-0.5224413275718689,-8.013081753688312e-8,-0.852675199508667],8,0.4799518585205078],[[776.0277099609375,222.69961547851563,47.142364501953128,-0.8517564535140991,-1.547215688901815e-8,0.5239379405975342,-6.912712535722676e-8,1,-8.284820296466933e-8,-0.5239379405975342,-1.0678481032755372e-7,-0.8517564535140991],8,0.4909017086029053],[[776.0277099609375,222.69961547851563,47.142364501953128,-0.8517569303512573,-1.3659168018875789e-8,0.5239371061325073,-6.292643917049645e-8,1,-7.622836051268678e-8,-0.5239371061325073,-9.789753363520504e-8,-0.8517569303512573],8,0.5113749504089356],[[776.0277099609375,222.69961547851563,47.142364501953128,-0.8517590761184692,-8.011997287837858e-9,0.5239336490631104,-3.951701188498191e-8,1,-4.895080607525415e-8,-0.5239336490631104,-6.239858407752763e-8,-0.8517590761184692],8,0.5205800533294678],[[776.0277099609375,222.69961547851563,47.142364501953128,-0.8517587184906006,-3.779447865781549e-9,0.5239342451095581,-2.1973047381607104e-8,1,-2.8507942673172694e-8,-0.5239342451095581,-3.579432217293288e-8,-0.8517587184906006],8,0.5311360359191895],[[776.0277099609375,222.69961547851563,47.142364501953128,-0.851751446723938,-9.58787382820958e-10,0.5239460468292236,-1.0283131679500457e-8,1,-1.4886810006942142e-8,-0.5239460468292236,-1.8067668250409953e-8,-0.851751446723938],8,0.5424575805664063],[[776.0277099609375,222.69961547851563,47.142364501953128,-0.8508327603340149,4.709566070459914e-9,0.5254365801811218,1.3129350051599431e-8,1,1.2297041607212123e-8,-0.5254365801811218,1.73613656784255e-8,-0.8508327603340149],8,0.564791202545166],[[775.8353881835938,222.69961547851563,47.02360534667969,-0.8499147295951843,1.1718393366777491e-8,0.5269202589988709,4.242600937232055e-8,1,4.619313287435034e-8,-0.5269202589988709,6.161534571447192e-8,-0.8499147295951843],8,0.5849051475524902],[[775.6098022460938,222.69961547851563,46.88385009765625,-0.8489930033683777,1.7236626348449137e-8,0.5284041166305542,6.588808787455491e-8,1,7.324299389210864e-8,-0.5284041166305542,9.699832759224592e-8,-0.8489930033683777],8,0.6012530326843262],[[775.4400634765625,222.69961547851563,46.77824020385742,-0.8489934802055359,1.8431013160125077e-8,0.5284032821655273,7.15973698106609e-8,1,8.015598496058374e-8,-0.5284032821655273,1.0588419740997779e-7,-0.8489934802055359],8,0.6092169284820557],[[775.2703247070313,222.69961547851563,46.67256546020508,-0.8489904403686523,1.3581946234353382e-8,0.5284081697463989,5.356228882646974e-8,1,6.035471500354106e-8,-0.5284081697463989,7.954332659210195e-8,-0.8489904403686523],8,0.6191649436950684],[[775.1571655273438,222.69961547851563,46.602108001708987,-0.8480677604675293,1.0212642287399376e-8,0.5298877954483032,4.152233046283982e-8,1,4.7181892171010989e-8,-0.5298877954483032,6.201561575380765e-8,-0.8480677604675293],8,0.6304948329925537],[[774.987548828125,222.69961547851563,46.496185302734378,-0.8480685353279114,5.369450217784788e-9,0.5298866033554077,2.3472074062169669e-8,1,2.7433182836489324e-8,-0.5298866033554077,3.5702754530575478e-8,-0.8480685353279114],8,0.6400690078735352],[[774.8179931640625,222.69961547851563,46.39021301269531,-0.8462046980857849,4.0401029743897256e-10,0.5328580141067505,5.364268140795048e-9,1,7.760526443689742e-9,-0.5328580141067505,9.425386693351357e-9,-0.8462046980857849],8,0.652003288269043],[[774.705078125,222.69961547851563,46.31926727294922,-0.8452779054641724,-2.837422741208684e-9,0.5343269109725952,-6.723904988348295e-9,1,-5.3266000499263559e-9,-0.5343269109725952,-8.095220493942179e-9,-0.8452779054641724],8,0.6636126041412354],[[774.5360107421875,222.69961547851563,46.21247482299805,-0.84340900182724,-7.644180399779544e-9,0.537272036075592,-2.491480799449164e-8,1,-2.488347128348778e-8,-0.537272036075592,-3.437297380060045e-8,-0.84340900182724],8,0.6737759113311768],[[774.3672485351563,222.69961547851563,46.105133056640628,-0.8386808633804321,-1.2175368269140563e-8,0.5446231961250305,-4.326417979427788e-8,1,-4.4268169574479546e-8,-0.5446231961250305,-6.068954405691329e-8,-0.8386808633804321],8,0.6865959167480469],[[774.1993408203125,222.69961547851563,45.99649429321289,-0.8348538875579834,-1.657971182567053e-8,0.5504716038703919,-6.173674194087653e-8,1,-6.35118055924977e-8,-0.5504716038703919,-8.700740039557786e-8,-0.8348538875579834],8,0.6995425224304199],[[774.0321655273438,222.69961547851563,45.88663864135742,-0.8241239786148071,-1.973076635408688e-8,0.5664094090461731,-8.056353806296102e-8,1,-8.238489357381695e-8,-0.5664094090461731,-1.1352732087743789e-7,-0.8241239786148071],8,0.7119960784912109],[[773.8668823242188,222.69961547851563,45.77397155761719,-0.8161247968673706,-1.4341711818133263e-8,0.5778756737709045,-6.232399840655489e-8,1,-6.32012202572696e-8,-0.5778756737709045,-8.759560898852215e-8,-0.8161247968673706],8,0.7216808795928955],[[773.7577514648438,222.69961547851563,45.69734573364258,-0.7965023517608643,-8.895551850685024e-9,0.60463547706604,-4.9753388964290937e-8,1,-5.082920395693691e-8,-0.60463547706604,-7.056824102846804e-8,-0.7965023517608643],8,0.7340991497039795],[[773.5445556640625,222.69961547851563,45.537227630615237,-0.7825613021850586,-2.229486151250626e-9,0.6225735545158386,-2.4073010251868255e-8,1,-2.667816545454116e-8,-0.6225735545158386,-3.58645202425123e-8,-0.7825613021850586],8,0.7478530406951904],[[773.387451171875,222.69961547851563,45.413414001464847,-0.7534912824630737,3.193635578213616e-9,0.6574579477310181,-4.025285438302717e-9,1,-9.470801032307464e-9,-0.6574579477310181,-9.782621823717364e-9,-0.7534912824630737],8,0.7602741718292236],[[773.2859497070313,222.69961547851563,45.32698440551758,-0.7240713834762573,6.1447495980360149e-9,0.6897250413894653,9.820522173242808e-9,1,1.4005714366049916e-9,-0.6897250413894653,7.78757325292645e-9,-0.7240713834762573],8,0.770632266998291],[[773.043212890625,222.69961547851563,45.09856033325195,-0.7032771706581116,1.2223872580818807e-8,0.710915744304657,4.5200131637557209e-8,1,2.7519925893670917e-8,-0.710915744304657,5.148762127760165e-8,-0.7032771706581116],8,0.7897481918334961],[[772.9017944335938,222.69961547851563,44.95719528198242,-0.6970318555831909,1.555761031113434e-8,0.7170401215553284,6.654590123389426e-8,1,4.299202416291337e-8,-0.7170401215553284,7.768289833620656e-8,-0.6970318555831909],8,0.8011167049407959],[[772.8086547851563,222.69961547851563,44.861839294433597,-0.6932751536369324,1.76731322909518e-8,0.7206729650497437,8.082250246843614e-8,1,5.322677765207118e-8,-0.7206729650497437,9.514739218730029e-8,-0.6932751536369324],8,0.8130202293395996],[[772.6697998046875,222.69961547851563,44.7178840637207,-0.6932713985443115,1.8474045404559548e-8,0.720676600933075,8.769686843379532e-8,1,5.8727707141770227e-8,-0.720676600933075,1.0391531901632334e-7,-0.6932713985443115],8,0.8239586353302002],[[772.577392578125,222.69961547851563,44.621803283691409,-0.6932750344276428,1.503724966767095e-8,0.720673143863678,7.290930170711363e-8,1,4.927191810111253e-8,-0.720673143863678,8.670276230304808e-8,-0.6932750344276428],8,0.834510087966919],[[772.4387817382813,222.69961547851563,44.47766876220703,-0.6907577514648438,9.581598625629795e-9,0.7230862379074097,5.0690509567630218e-8,1,3.5173211898609227e-8,-0.7230862379074097,6.094978033388543e-8,-0.6907577514648438],8,0.8465776443481445],[[772.3004760742188,222.69961547851563,44.3331413269043,-0.689484715461731,4.32445101949952e-9,0.72430020570755,2.846121027744175e-8,1,2.112262009745791e-8,-0.72430020570755,3.5178185697759548e-8,-0.689484715461731],8,0.8581736087799072],[[772.1625366210938,222.69961547851563,44.188331604003909,-0.6932793259620667,-6.374670791231551e-10,0.7206690311431885,6.320207024401725e-9,1,6.964550713917106e-9,-0.7206690311431885,9.383156474029875e-9,-0.6932793259620667],8,0.8714017868041992],[[772.0239868164063,222.69961547851563,44.044063568115237,-0.7020470499992371,-5.665907742979925e-9,0.7121305465698242,-1.5631796301818214e-8,1,-7.454179495880453e-9,-0.7121305465698242,-1.636506397062476e-8,-0.7020470499992371],8,0.8834612369537354],[[771.8839721679688,222.69961547851563,43.901302337646487,-0.7069939970970154,-1.0919870341297156e-8,0.7072195410728455,-3.746875520960202e-8,1,-2.201623772180028e-8,-0.7072195410728455,-4.20639842957371e-8,-0.7069939970970154],8,0.8955657482147217],[[771.7427978515625,222.69961547851563,43.7596549987793,-0.7155908346176148,-1.6570252725500724e-8,0.6985196471214294,-5.9112092998248048e-8,1,-3.683478411176111e-8,-0.6985196471214294,-6.764959437077778e-8,-0.7155908346176148],8,0.9069299697875977],[[771.6000366210938,222.69961547851563,43.61960983276367,-0.7204532623291016,-2.2175893121811897e-8,0.6935034394264221,-8.063757661602722e-8,1,-5.179456863402265e-8,-0.6935034394264221,-9.323800753691103e-8,-0.7204532623291016],8,0.9196810722351074],[[771.4561157226563,222.69961547851563,43.4807014465332,-0.727672278881073,-2.433905521570523e-8,0.6859249472618103,-8.749579905042992e-8,1,-5.733748764669144e-8,-0.6859249472618103,-1.0173845765848455e-7,-0.727672278881073],8,0.9313924312591553],[[771.2623291015625,222.69961547851563,43.29747772216797,-0.7312623858451843,-1.5949655818303655e-8,0.6820963025093079,-5.809071268458865e-8,1,-3.889465105544332e-8,-0.6820963025093079,-6.80656526697021e-8,-0.7312623858451843],8,0.9487473964691162],[[771.1162109375,222.69961547851563,43.16090774536133,-0.7418912053108215,-1.0330055033591634e-8,0.6705203056335449,-3.627331324196348e-8,1,-2.4728253222860986e-8,-0.6705203056335449,-4.266766495675256e-8,-0.7418912053108215],8,0.9634122848510742],[[770.9187622070313,222.69961547851563,42.98164367675781,-0.7534865736961365,-2.1638300040649485e-9,0.6574633121490479,-7.539210145068865e-9,1,-5.349140241861505e-9,-0.6574633121490479,-8.987258937054321e-9,-0.7534865736961365],8,0.9786369800567627],[[770.5173950195313,222.69961547851563,42.630462646484378,-0.7659892439842224,1.546034589239298e-8,0.6428533792495728,4.910046058625994e-8,1,3.4455879927008939e-8,-0.6428533792495728,5.795723367896244e-8,-0.7659892439842224],8,1.0129201412200928],[[770.4156494140625,222.69961547851563,42.544246673583987,-0.7858211994171143,2.1719211318327326e-8,0.6184537410736084,6.29257428386154e-8,1,4.483629112428389e-8,-0.6184537410736084,7.414996616716962e-8,-0.7858211994171143],8,1.0190415382385255],[[770.3116455078125,222.69961547851563,42.46087646484375,-0.7901206016540527,2.6678950604264174e-8,0.6129514575004578,7.667232893027176e-8,1,5.530851510116008e-8,-0.6129514575004578,9.069680828588389e-8,-0.7901206016540527],8,1.0282196998596192],[[770.20654296875,222.69961547851563,42.37882995605469,-0.7922528982162476,3.1435614999963948e-8,0.6101928353309631,9.037646009346645e-8,1,6.582411060662707e-8,-0.6101928353309631,1.072964153081557e-7,-0.7922528982162476],8,1.0374131202697755],[[770.0482177734375,222.69961547851563,42.25663757324219,-0.7954447269439697,2.8490259040836464e-8,0.6060261130332947,8.153195096838317e-8,1,6.000385610605008e-8,-0.6060261130332947,9.714024429285928e-8,-0.7954447269439697],8,1.0485169887542725],[[769.942626953125,222.6894073486328,42.17527389526367,-0.8017523288726807,2.3781511870879514e-8,0.5976564288139343,6.598921942213565e-8,1,4.873284353834606e-8,-0.5976564288139343,7.851055272567464e-8,-0.8017523288726807],8,1.0582032203674317],[[769.7842407226563,222.64854431152345,42.0532341003418,-0.8059040904045105,1.574562524808698e-8,0.5920461416244507,4.2806060918110236e-8,1,3.167313167296015e-8,-0.5920461416244507,5.08686710531947e-8,-0.8059040904045105],8,1.0700490474700928],[[769.6258544921875,222.5770263671875,41.93119430541992,-0.8110423684120178,7.611379970740018e-9,0.5849874019622803,1.978749430975313e-8,1,1.4422729677221469e-8,-0.5849874019622803,2.327288051162668e-8,-0.8110423684120178],8,1.0821635723114014],[[769.4674682617188,222.474853515625,41.80915451049805,-0.8231222629547119,-4.748932913578585e-10,0.567864179611206,-2.8500271032072534e-9,1,-3.294850170476593e-9,-0.567864179611206,-4.33049285319953e-9,-0.8231222629547119],8,1.097029209136963],[[769.2562866210938,223.33775329589845,41.64643478393555,-0.8396168351173401,-1.20243806023268e-8,0.5431791543960571,-3.229677858485047e-8,1,-2.778556051907799e-8,-0.5431791543960571,-4.0872158990623578e-8,-0.8396168351173401],3,1.1232833862304688],[[768.9231567382813,224.5299072265625,41.42527389526367,-0.7783998847007752,-2.9493165243366094e-8,0.6277687549591065,-8.214965419028886e-8,1,-5.4880260336176437e-8,-0.6277687549591065,-9.42897742106652e-8,-0.7783998847007752],5,1.1419596672058106],[[768.6932983398438,225.25656127929688,41.290245056152347,-0.8137245178222656,-5.5363425843779626e-8,0.5812507271766663,-1.1719902914819613e-7,1,-6.882450520606653e-8,-0.5812507271766663,-1.241262168605317e-7,-0.8137245178222656],5,1.151759147644043],[[768.576171875,225.5994415283203,41.22657775878906,-0.8659886121749878,-7.883968322630608e-8,0.5000637173652649,-1.3474861759732449e-7,1,-7.569251891936801e-8,-0.5000637173652649,-1.329317456111312e-7,-0.8659886121749878],5,1.1631758213043213],[[768.3973388671875,226.08822631835938,41.13706588745117,-0.8570168018341065,-7.005328228615326e-8,0.5152884721755981,-1.1705589741950462e-7,1,-5.8735228236628248e-8,-0.5152884721755981,-1.1065463212389659e-7,-0.8570168018341065],5,1.1741371154785157],[[768.2168579101563,226.54635620117188,41.0510139465332,-0.8649842739105225,-6.420948750474054e-8,0.5017989873886108,-9.951101986871436e-8,1,-4.3575180797006399e-8,-0.5017989873886108,-8.762637548898056e-8,-0.8649842739105225],5,1.1862318515777588],[[768.0349731445313,226.97381591796876,40.967838287353519,-0.8819823861122131,-5.8628515375858117e-8,0.47128236293792727,-8.23590937670815e-8,1,-2.9729006811862747e-8,-0.47128236293792727,-6.503484684117211e-8,-0.8819823861122131],5,1.1990001201629639],[[767.8505859375,227.37062072753907,40.89040756225586,-0.8908767700195313,-5.0333930801116369e-8,0.45424512028694155,-6.533609564485232e-8,1,-1.7330901158629787e-8,-0.45424512028694155,-4.5118298430679718e-8,-0.8908767700195313],5,1.2128968238830567],[[767.66455078125,227.73678588867188,40.81705093383789,-0.9091334939002991,-4.1806050177228829e-8,0.41650480031967165,-4.8674273500637358e-8,1,-5.871152453096329e-9,-0.41650480031967165,-2.5610729537106637e-8,-0.9091334939002991],5,1.225245475769043],[[767.412841796875,228.17730712890626,40.72914505004883,-0.9098078608512878,-2.721318814735696e-8,0.4150296747684479,-2.6509058059787095e-8,1,7.457392037224509e-9,-0.4150296747684479,-4.2172523251338138e-9,-0.9098078608512878],5,1.239398717880249],[[767.2218627929688,228.471923828125,40.669761657714847,-0.9335134625434876,-1.534245974710302e-8,0.35854238271713259,-1.0079575396559904e-8,1,1.6547669901001428e-8,-0.35854238271713259,1.1833516389003762e-8,-0.9335134625434876],5,1.2520287036895753],[[767.029296875,228.7358856201172,40.6159553527832,-0.9402289390563965,-2.3883541810931776e-9,0.3405429720878601,6.38470121216983e-9,1,2.464133963542281e-8,-0.3405429720878601,2.5342766107883109e-8,-0.9402289390563965],5,1.266573429107666],[[766.8355712890625,228.96920776367188,40.56618881225586,-0.9431662559509277,1.118115022791244e-8,0.3323211967945099,2.2999403270773656e-8,1,3.1629376451292049e-8,-0.3323211967945099,3.747495114225785e-8,-0.9431662559509277],5,1.2789599895477296],[[766.5118408203125,229.28993225097657,40.486961364746097,-0.925030529499054,3.222925570867119e-8,0.3798927664756775,5.131207103659108e-8,1,4.0105987864080819e-8,-0.3798927664756775,5.6592348585127186e-8,-0.925030529499054],5,1.2997753620147706],[[766.31689453125,229.44149780273438,40.44213104248047,-0.9510061144828796,5.141549408449464e-8,0.3091720640659332,6.848530631486938e-8,1,4.43586394283102e-8,-0.3091720640659332,6.335908153687342e-8,-0.9510061144828796],5,1.310640573501587],[[766.12158203125,229.56239318847657,40.39923095703125,-0.9526147842407227,6.738388691474029e-8,0.30417928099632265,8.592115108285725e-8,1,4.7557069393633358e-8,-0.30417928099632265,7.143900404571468e-8,-0.9526147842407227],5,1.322037935256958],[[765.9912109375,229.6259765625,40.37135696411133,-0.967715859413147,8.202019330383337e-8,0.25204360485076907,9.76485594605947e-8,1,4.949886545091431e-8,-0.25204360485076907,7.251253464346519e-8,-0.967715859413147],5,1.3331947326660157],[[765.794921875,229.69578552246095,40.33313751220703,-0.9617069959640503,9.701922465410462e-8,0.27407965064048769,1.1551721712521612e-7,1,5.13518187972295e-8,-0.27407965064048769,8.104632343020057e-8,-0.9617069959640503],5,1.3452479839324952],[[765.59814453125,229.7349395751953,40.29735565185547,-0.9681211709976196,1.162868699111641e-7,0.2504822313785553,1.3369883333780309e-7,1,5.249791712458318e-8,-0.2504822313785553,8.431352682691795e-8,-0.9681211709976196],5,1.357806921005249],[[765.400634765625,229.74343872070313,40.26589584350586,-0.9739556312561035,1.3627567341245595e-7,0.22673876583576203,1.522408297205402e-7,1,5.292499238862547e-8,-0.22673876583576203,8.606549073419956e-8,-0.9739556312561035],5,1.370774745941162],[[765.1362915039063,229.70709228515626,40.230648040771487,-0.9727262258529663,1.3131456455539593e-7,0.23195624351501466,1.4462224839917327e-7,1,4.0366629150412339e-8,-0.23195624351501466,7.281171576778434e-8,-0.9727262258529663],5,1.3879125118255616],[[764.87109375,229.61624145507813,40.20269775390625,-0.9788270592689514,1.0011044082602894e-7,0.2046891301870346,1.0569699782081443e-7,1,1.6359622989625678e-8,-0.2046891301870346,3.7648266726364457e-8,-0.9788270592689514],5,1.4091179370880128],[[764.6052856445313,229.47088623046876,40.182167053222659,-0.9835382699966431,6.662246931909977e-8,0.18070004880428315,6.704649990751932e-8,1,-3.7613050452023348e-9,-0.18070004880428315,8.415918628656982e-9,-0.9835382699966431],5,1.418156623840332],[[764.47216796875,229.3777618408203,40.17485427856445,-0.9947164058685303,4.906715034280751e-8,0.10266099125146866,4.798648944870365e-8,1,-1.2996205001059025e-8,-0.10266099125146866,-8.001197926432724e-9,-0.9947164058685303],5,1.4295363426208497],[[764.2723388671875,229.21255493164063,40.16701889038086,-0.9921126961708069,2.2107752073452504e-8,0.12534910440444947,1.916828651360447e-8,1,-2.4656349850715743e-8,-0.12534910440444947,-2.205915095032651e-8,-0.9921126961708069],5,1.4414927959442139],[[764.0723876953125,229.0166778564453,40.16144561767578,-0.9941514134407044,-5.9083271608528779e-9,0.10799533873796463,-9.68901048281623e-9,1,-3.448312213549798e-8,-0.10799533873796463,-3.532781178705591e-8,-0.9941514134407044],5,1.4566898345947266],[[763.8057861328125,228.70782470703126,40.158531188964847,-0.9918765425682068,-4.255464958191624e-8,0.12720434367656709,-4.854169333157188e-8,1,-4.3966416285456947e-8,-0.12720434367656709,-4.978397072363805e-8,-0.9918765425682068],5,1.4703428745269776],[[763.6058349609375,228.44041442871095,40.15913391113281,-0.9960424304008484,-7.323181705487514e-8,0.0888792872428894,-7.790806932916894e-8,1,-4.9144432523462459e-8,-0.0888792872428894,-5.587435225606896e-8,-0.9960424304008484],5,1.4813721179962159],[[763.4725341796875,228.2451171875,40.1603889465332,-0.9989784359931946,-9.515011356597825e-8,0.04518948122859001,-9.759602903613995e-8,1,-5.19194784942556e-8,-0.04518948122859001,-5.627675392361198e-8,-0.9989784359931946],5,1.493267297744751],[[763.2059326171875,227.81362915039063,40.1656608581543,-0.9945071935653687,-1.3109733743021935e-7,0.10466816276311875,-1.3745399485287636e-7,1,-5.3518153464438e-8,-0.10466816276311875,-6.76112463793288e-8,-0.9945071935653687],5,1.5078036785125733],[[762.9393310546875,227.32765197753907,40.17295455932617,-0.9960297346115112,-1.2431534912593634e-7,0.08902107179164887,-1.280354524624272e-7,1,-3.6078702692066147e-8,-0.08902107179164887,-4.733331238071514e-8,-0.9960297346115112],5,1.5229301452636719],[[762.68310546875,226.78717041015626,40.203067779541019,-0.9985681772232056,-1.0136636774404906e-7,0.05349411442875862,-1.0238710501653259e-7,1,-1.6340759856348087e-8,-0.05349411442875862,-2.1794470228542197e-8,-0.9985681772232056],5,1.5410411357879639],[[762.443603515625,226.1921844482422,40.26919174194336,-0.9995834827423096,-7.67649126487413e-8,0.02885935828089714,-7.678296753965697e-8,1,4.824526889102287e-10,-0.02885935828089714,-1.7336554414271177e-9,-0.9995834827423096],5,1.5641424655914307],[[762.2213745117188,225.54270935058595,40.37111282348633,-0.999729573726654,-5.138731751230807e-8,0.02325521968305111,-5.105626144086273e-8,1,1.4829518946157805e-8,-0.02325521968305111,1.3638183915531954e-8,-0.999729573726654],5,1.5726637840270997],[[762.1200561523438,225.52561950683595,40.42525863647461,-0.9983046650886536,-3.7582722711704267e-8,-0.058204252272844318,-3.8833853466258009e-8,1,2.036442303676722e-8,0.058204252272844318,2.2590196380178896e-8,-0.9983046650886536],12,1.5822923183441163],[[762.0275268554688,225.60342407226563,40.47472381591797,-0.997110903263092,-2.497484352659285e-8,-0.07595941424369812,-2.6968491440015897e-8,1,2.5220485255772475e-8,0.07595941424369812,2.7196131568985039e-8,-0.997110903263092],12,1.5914509296417237],[[761.9051513671875,225.7410125732422,40.54014205932617,-0.9967304468154907,-6.778390293504799e-9,-0.08079890161752701,-9.411745161003182e-9,1,3.221061461999852e-8,0.08079890161752701,3.286575989136509e-8,-0.9967304468154907],12,1.602196216583252],[[761.8024291992188,225.88088989257813,40.595027923583987,-0.9966496229171753,1.1227319518525292e-8,-0.08178982138633728,8.053732791779567e-9,1,3.9131641926815067e-8,0.08178982138633728,3.834182393802621e-8,-0.9966496229171753],12,1.6139931678771973],[[761.7449340820313,225.97421264648438,40.625770568847659,-0.996745228767395,2.3146135674778635e-8,-0.08061598986387253,1.9685288066284558e-8,1,4.372479622816172e-8,0.08061598986387253,4.199553416128765e-8,-0.996745228767395],12,1.6234538555145264],[[761.6751098632813,226.11419677734376,40.66310119628906,-0.9975309371948242,4.063899083917022e-8,-0.07022882997989655,3.7189213486499287e-8,1,5.0429427744802527e-8,0.07022882997989655,4.769315964381349e-8,-0.9975309371948242],12,1.6339962482452393],[[761.6394653320313,226.20751953125,40.6821403503418,-0.9979950785636902,5.2253412263780777e-8,-0.0632917582988739,4.8882018433005217e-8,1,5.4815956218590148e-8,0.0632917582988739,5.161222560445822e-8,-0.9979950785636902],12,1.6458990573883057],[[761.6299438476563,226.34750366210938,40.68721389770508,-0.9983131289482117,6.989264278445262e-8,-0.058059100061655048,6.644567207558794e-8,1,6.130052554453869e-8,0.058059100061655048,5.7339345715945458e-8,-0.9983131289482117],12,1.6565804481506348],[[761.6294555664063,226.48748779296876,40.68748092651367,-0.998781681060791,8.728867584295586e-8,-0.04934785142540932,8.405380214071556e-8,1,6.762768123280694e-8,0.04934785142540932,6.339741531746768e-8,-0.998781681060791],12,1.6683225631713868],[[761.6294555664063,226.580810546875,40.68749237060547,-0.9987816214561462,9.921492960529577e-8,-0.04934846609830856,9.578626247730426e-8,1,7.184355865774705e-8,0.04934846609830856,6.702912003220263e-8,-0.9987816214561462],12,1.6791398525238038],[[761.6294555664063,226.72079467773438,40.68749237060547,-0.9987816214561462,8.656664363115851e-8,-0.04934842512011528,8.378500382377752e-8,1,5.843589079290723e-8,0.04934842512011528,5.423003912596869e-8,-0.9987816214561462],12,1.6902458667755128],[[761.6294555664063,226.81411743164063,40.68749237060547,-0.9987816214561462,6.796511797801941e-8,-0.04934841766953468,6.592703272190193e-8,1,4.292759570034832e-8,0.04934841766953468,3.962189865092114e-8,-0.9987816214561462],12,1.7011120319366456],[[761.6294555664063,226.9541015625,40.68749237060547,-0.9987816214561462,4.00777189213386e-8,-0.04934841766953468,3.915436508350467e-8,1,1.967757690124472e-8,0.04934841766953468,1.7721395906278304e-8,-0.9987816214561462],12,1.7125091552734376],[[761.6294555664063,227.09408569335938,40.68749237060547,-0.9987816214561462,1.2208181132677965e-8,-0.04934841766953468,1.239884639403499e-8,1,-3.5575420387345959e-9,0.04934841766953468,-4.165070954798011e-9,-0.9987816214561462],12,1.7225568294525147],[[761.6294555664063,227.18740844726563,40.68749237060547,-0.9987816214561462,-6.361591697867652e-9,-0.04934841766953468,-5.4286442008333328e-9,1,-1.9039347876059766e-8,0.04934841766953468,-1.8748254504430407e-8,-0.9987816214561462],12,1.7332782745361329],[[761.6294555664063,227.327392578125,40.68749237060547,-0.9987816214561462,-3.420138128262806e-8,-0.04934841766953468,-3.2155607954109658e-8,1,-4.224965266530489e-8,0.04934841766953468,-4.061135072674915e-8,-0.9987816214561462],12,1.743919849395752],[[761.6294555664063,227.42071533203126,40.68749237060547,-0.9987816214561462,-5.27513357440057e-8,-0.04934841766953468,-4.996407199087116e-8,1,-5.771492439521353e-8,0.04934841766953468,-5.5178958291435268e-8,-0.9987816214561462],12,1.7544031143188477],[[761.6294555664063,227.56069946289063,40.68749237060547,-0.9987816214561462,-8.056141354018109e-8,-0.04934841766953468,-7.666250922966356e-8,1,-8.090044190112167e-8,0.04934841766953468,-7.70187043031001e-8,-0.9987816214561462],12,1.7660388946533204],[[761.6294555664063,227.70068359375,40.68749237060547,-0.9987816214561462,-6.74060061101045e-8,-0.04934841766953468,-6.428032861549582e-8,1,-6.49259348506348e-8,0.04934841766953468,-6.167469734918996e-8,-0.9987816214561462],12,1.7773959636688233],[[761.603515625,227.84934997558595,40.716121673583987,-0.9987816214561462,-5.8640420519395778e-8,-0.04934841766953468,-5.602995756248674e-8,1,-5.428195137824332e-8,0.04934841766953468,-5.145082582203031e-8,-0.9987816214561462],8,1.7884974479675294],[[761.4200439453125,228.19017028808595,40.889381408691409,-0.9999288320541382,-0.003838875098153949,-0.011293457821011544,-0.0038398760370910169,0.9999926090240479,0.00006695037882309407,0.011293117888271809,0.0001103110917028971,-0.9999362230300903],8,1.8087377548217774],[[761.3094482421875,228.32260131835938,40.867431640625,-0.9999600648880005,-0.004647332709282637,-0.0076303924433887009,-0.004640584345906973,0.999988853931427,-0.0009018982527777553,0.00763449864462018,-0.0008664527558721602,-0.9999704957008362],8,1.819612741470337],[[761.205078125,228.4275665283203,40.80179214477539,-0.9994524121284485,-0.0019268995383754373,-0.033032216131687167,-0.001818551099859178,0.999992847442627,-0.003309813793748617,0.03303835913538933,-0.003247930435463786,-0.9994487762451172],8,1.8316571712493897],[[761.130126953125,228.48574829101563,40.78788757324219,-0.9999602437019348,-0.0026064279954880478,-0.008526654914021492,-0.0025597254280000927,0.999981701374054,-0.0054835970513522629,0.00854079145938158,-0.005461553111672401,-0.9999486207962036],8,1.841688871383667],[[761.0328979492188,228.54806518554688,40.709049224853519,-0.9993411898612976,-0.00036960982833988965,-0.03629082068800926,-0.00005261456681182608,0.9999618530273438,-0.008735427632927895,0.036292664706707,-0.00872776284813881,-0.9993031024932861],8,1.8532705307006837],[[760.86865234375,228.5907440185547,40.64216232299805,-0.9993993639945984,0.0008486008737236261,-0.03464293107390404,0.0011690491810441018,0.9999567270278931,-0.00923082698136568,0.03463359922170639,-0.009265782311558724,-0.9993571043014526],8,1.8665008544921876],[[760.6731567382813,228.6083984375,40.575843811035159,-0.9995840787887573,0.001627635327167809,-0.028793668374419214,0.002012069569900632,0.9999091625213623,-0.01332741230726242,0.02876936085522175,-0.01337980292737484,-0.9994965195655823],8,1.886817455291748],[[760.4085083007813,228.58419799804688,40.568180084228519,-0.9995846152305603,0.0022697628010064365,-0.028730381280183793,0.002628663554787636,0.9999189376831055,-0.012460433878004551,0.02869977056980133,-0.012530780397355557,-0.9995095133781433],8,1.8949530124664307],[[760.2760620117188,228.55186462402345,40.564823150634769,-0.9994539618492127,0.002304318593814969,-0.03296131640672684,0.002703819191083312,0.9999233484268189,-0.012080857530236245,0.032930951565504077,-0.012163382023572922,-0.9993836283683777],8,1.9036643505096436],[[760.1436157226563,228.50616455078126,40.56386947631836,-0.9994468092918396,0.0023013795726001264,-0.03317835181951523,0.0026880016084760429,0.9999289512634277,-0.011612952686846257,0.033149268478155139,-0.011695711873471737,-0.999381959438324],8,1.9128973484039307],[[759.9447631835938,228.4127197265625,40.56461715698242,-0.9995015263557434,0.002230491256341338,-0.031491782516241077,0.002575833350419998,0.9999369382858276,-0.010929795913398266,0.03146541863679886,-0.011005465872585774,-0.9994442462921143],8,1.922966480255127],[[759.8121948242188,228.3339080810547,40.56297302246094,-0.9994411468505859,0.0021254203747957947,-0.033359989523887637,0.0024853430222719909,0.9999391436576843,-0.010751294903457165,0.03333510458469391,-0.010828197933733464,-0.9993855953216553],8,1.9327175617218018],[[759.6796264648438,228.241943359375,40.562255859375,-0.9994379878044128,0.002048163441941142,-0.033459316939115527,0.0024026359897106888,0.9999414086341858,-0.010557363741099835,0.03343573212623596,-0.010631821118295193,-0.999384343624115],8,1.9431817531585694],[[759.4805908203125,228.07943725585938,40.56281280517578,-0.9994930624961853,0.0019626449793577196,-0.03177688270807266,0.00228852778673172,0.9999451041221619,-0.010222222656011582,0.031755078583955768,-0.010289762169122696,-0.9994426965713501],8,1.954153060913086],[[759.28125,227.8873291015625,40.56308364868164,-0.9994670152664185,0.001622268813662231,-0.032604191452264789,0.0019113667076453567,0.9999591112136841,-0.008837684988975525,0.032588519155979159,-0.008895293809473515,-0.9994292855262756],8,1.9649052619934083],[[759.1483154296875,227.74278259277345,40.56455993652344,-0.9994027018547058,0.0013748218771070243,-0.03452955558896065,0.0016424162313342095,0.9999688267707825,-0.007722552865743637,0.034517861902713779,-0.007774652447551489,-0.9993738532066345],8,1.9746825695037842],[[758.9483642578125,227.50039672851563,40.57279586791992,-0.9996494054794312,0.0006237445631995797,0.026469293981790544,0.0005214933189563453,0.9999923706054688,-0.0038697400595992805,-0.02647150680422783,-0.003854579757899046,-0.9996421337127686],5,1.986163854598999],[[758.8224487304688,227.5262451171875,40.577999114990237,-0.9999241232872009,0.00003355510489200242,-0.012319291941821576,0.00005431926911114715,0.9999985694885254,-0.0016851212130859495,0.012319217436015606,-0.0016856625443324447,-0.9999226927757263],12,1.9981017112731934],[[758.6522827148438,227.65579223632813,40.58462142944336,-0.9996384382247925,-0.00014383763482328504,-0.02688790298998356,-0.00014535608352161944,1,0.00005451918696053326,0.02688789553940296,0.000058407793403603139,-0.9996384382247925],12,2.0086612701416017],[[758.5045776367188,227.79522705078126,40.589996337890628,-0.9993836283683777,-0.00008089438051683828,-0.035104576498270038,-0.00009376672096550465,0.9999999403953552,0.0003650392172858119,0.03510454669594765,0.0003681058587972075,-0.9993835687637329],12,2.0192360877990724],[[758.379150390625,227.93519592285157,40.59443283081055,-0.9993250966072083,-0.000016981715816655197,-0.03673340380191803,