[[[775.8387451171875,222.69961547851563,46.9891242980957,0.9904388189315796,0,0.1379525512456894,0,1,0,-0.1379525512456894,0,0.9904388189315796],8,0.020255565643310548],[[775.5097045898438,222.69961547851563,46.96693420410156,0.9343928098678589,0,0.3562444746494293,0,1,0,-0.3562444746494293,0,0.9343928098678589],8,0.03643226623535156],[[775.2435913085938,222.69961547851563,46.94898986816406,0.8651883602142334,0,0.5014470219612122,0,1,0,-0.5014470219612122,0,0.8651883602142334],8,0.04442763328552246],[[775.1105346679688,222.69961547851563,46.94001770019531,0.827477753162384,0,0.5614985227584839,0,1,0,-0.5614985227584839,0,0.827477753162384],8,0.05272960662841797],[[774.9109497070313,222.69961547851563,46.92655944824219,0.7700366973876953,0,0.6379995942115784,0,1,0,-0.6379995942115784,0,0.7700366973876953],8,0.06289005279541016],[[774.6448364257813,222.69961547851563,46.90861511230469,0.693045437335968,0,0.720893919467926,0,1,0,-0.720893919467926,0,0.693045437335968],8,0.07989954948425293],[[774.5117797851563,222.69961547851563,46.89964294433594,0.6558104157447815,0,0.7549256086349487,0,1,0,-0.7549256086349487,0,0.6558104157447815],8,0.08923149108886719],[[774.3121948242188,222.69961547851563,46.88618469238281,0.6027922034263611,0,0.7978981733322144,0,1,0,-0.7978981733322144,0,0.6027922034263611],8,0.10237383842468262],[[774.1126098632813,222.69961547851563,46.87272644042969,0.5528799891471863,0,0.8332608938217163,0,1,0,-0.8332608938217163,0,0.5528799891471863],8,0.11455297470092774],[[773.8464965820313,222.69961547851563,46.85478210449219,-0.9985742568969727,0,-0.05337978154420853,0,1,0,0.05337978154420853,0,-0.9985742568969727],8,0.13161802291870118],[[773.6469116210938,222.69961547851563,46.84132385253906,-0.9994207620620728,0,0.03403105214238167,0,1,0,-0.03403105214238167,0,-0.9994207620620728],8,0.15335440635681153],[[773.3807983398438,222.69961547851563,46.82337951660156,-0.9981257319450378,0,0.0611966997385025,0,1,0,-0.0611966997385025,0,-0.9981257319450378],8,0.15987205505371095],[[773.2477416992188,222.69961547851563,46.81440734863281,-0.997767984867096,0,0.06677587330341339,0,1,0,-0.06677587330341339,0,-0.997767984867096],8,0.16856694221496583],[[773.1146850585938,222.69961547851563,46.80543518066406,-0.9977446794509888,0,0.06712345033884049,0,1,0,-0.06712345033884049,0,-0.9977446794509888],8,0.17826008796691895],[[772.9151000976563,222.69961547851563,46.79197692871094,-0.9977375864982605,0,0.06722860038280487,0,1,0,-0.06722860038280487,0,-0.9977375864982605],8,0.18904852867126466],[[772.7155151367188,222.69961547851563,46.77851867675781,-0.9977335929870606,0,0.06728791445493698,0,1,0,-0.06728791445493698,0,-0.9977335929870606],8,0.20196914672851563],[[772.5159301757813,222.69961547851563,46.76506042480469,-0.9977328181266785,0,0.06729952245950699,0,1,0,-0.06729952245950699,0,-0.9977328181266785],8,0.2147073745727539],[[772.3828735351563,222.69961547851563,46.75608825683594,-0.9977326393127441,0,0.067301906645298,0,1,0,-0.067301906645298,0,-0.9977326393127441],8,0.22537612915039063],[[772.1832885742188,222.69961547851563,46.74263000488281,-0.9977326393127441,0,0.06730218976736069,0,1,0,-0.06730218976736069,0,-0.9977326393127441],8,0.2370903491973877],[[771.9837036132813,222.69961547851563,46.72917175292969,-0.9977326393127441,0,0.06730238348245621,0,1,0,-0.06730238348245621,0,-0.9977326393127441],8,0.24814295768737794],[[771.7841186523438,222.69961547851563,46.71571350097656,-0.9977326393127441,0,0.06730237603187561,0,1,0,-0.06730237603187561,0,-0.9977326393127441],8,0.26070547103881838],[[771.5180053710938,222.69961547851563,46.69776916503906,-0.9977326393127441,0,0.06730237603187561,0,1,0,-0.06730237603187561,0,-0.9977326393127441],8,0.2765510082244873],[[771.3184204101563,222.69961547851563,46.68431091308594,-0.9977326393127441,0,0.06730237603187561,0,1,0,-0.06730237603187561,0,-0.9977326393127441],8,0.2926754951477051],[[771.0523071289063,222.69961547851563,46.66636657714844,-0.9977327585220337,0,0.0673002377152443,0,1,0,-0.0673002377152443,0,-0.9977327585220337],8,0.3074808120727539],[[770.7861938476563,222.69961547851563,46.64842224121094,-0.9980717897415161,0,0.062070298939943317,0,1,0,-0.062070298939943317,0,-0.9980717897415161],8,0.33213186264038088],[[770.5200805664063,222.69961547851563,46.63166046142578,-0.9986674189567566,0,0.05160783603787422,0,1,0,-0.05160783603787422,0,-0.9986674189567566],8,0.3393714427947998],[[770.3869018554688,222.69961547851563,46.62441635131836,-0.9992237091064453,0,0.03939471021294594,0,1,0,-0.03939471021294594,0,-0.9992237091064453],8,0.3498070240020752],[[770.2537231445313,222.69961547851563,46.61869430541992,-0.9994746446609497,0,0.03241047263145447,0,1,0,-0.03241047263145447,0,-0.9994746446609497],8,0.35808539390563967],[[770.0537719726563,222.69961547851563,46.611873626708987,-0.9996767640113831,0,0.025423690676689149,0,1,0,-0.025423690676689149,0,-0.9996767640113831],8,0.36984729766845705],[[769.9204711914063,222.6894073486328,46.60753631591797,-0.9998300075531006,0,0.018439244478940965,0,1,0,-0.018439244478940965,0,-0.9998300075531006],8,0.377976655960083],[[769.7205200195313,223.3485107421875,46.601036071777347,-0.9999529123306274,0,0.009702811017632485,0,1,0,-0.009702811017632485,0,-0.9999529123306274],3,0.3931136131286621],[[769.5205688476563,223.98036193847657,46.598228454589847,-0.9976344108581543,0,0.06874245405197144,0,1,0,-0.06874245405197144,0,-0.9976344108581543],5,0.4152212142944336],[[769.1873168945313,224.96530151367188,46.59597396850586,-0.9879433512687683,0,0.15481576323509217,0,1,0,-0.15481576323509217,0,-0.9879433512687683],5,0.4219093322753906],[[769.1206665039063,225.15206909179688,46.595924377441409,-0.999534010887146,0,0.03052489273250103,0,1,0,-0.03052489273250103,0,-0.999534010887146],5,0.42905473709106448],[[768.9207153320313,225.69195556640626,46.59630584716797,-0.9954540729522705,0,0.0952426940202713,0,1,0,-0.0952426940202713,0,-0.9954540729522705],5,0.438462495803833],[[768.7874145507813,226.0348358154297,46.59680938720703,-0.9980589747428894,0,0.06227549910545349,0,1,0,-0.06227549910545349,0,-0.9980589747428894],5,0.44869256019592287],[[768.6541137695313,226.36410522460938,46.59737014770508,-0.9980568289756775,0,0.06231069192290306,0,1,0,-0.06231069192290306,0,-0.9980568289756775],5,0.46137094497680666],[[768.4541625976563,226.8324432373047,46.59822082519531,-0.9954266548156738,0,0.0955289974808693,0,1,0,-0.0955289974808693,0,-0.9954266548156738],5,0.47173237800598147],[[768.2542114257813,227.27012634277345,46.59907913208008,-0.9954260587692261,0,0.09553483873605728,0,1,0,-0.09553483873605728,0,-0.9954260587692261],5,0.480684757232666],[[768.1209106445313,227.54489135742188,46.59965133666992,-0.9980558753013611,0,0.06232582777738571,0,1,0,-0.06232582777738571,0,-0.9980558753013611],5,0.4896237850189209],[[767.9209594726563,227.9314727783203,46.60050964355469,-0.995425820350647,0,0.09553782641887665,0,1,0,-0.09553782641887665,0,-0.995425820350647],5,0.5024275779724121],[[767.7876586914063,228.17218017578126,46.60108184814453,-0.9980555176734924,0,0.062330927699804309,0,1,0,-0.062330927699804309,0,-0.9980555176734924],5,0.5133876800537109],[[767.5877075195313,228.50767517089845,46.6019287109375,-0.9954250454902649,0,0.09554538130760193,0,1,0,-0.09554538130760193,0,-0.9954250454902649],5,0.5246648788452148],[[767.3877563476563,228.81251525878907,46.60277557373047,-0.9954249262809753,0,0.09554685652256012,0,1,0,-0.09554685652256012,0,-0.9954249262809753],5,0.5373618602752686],[[767.1211547851563,229.17127990722657,46.603904724121097,-0.9916898012161255,0,0.12865205109119416,0,1,0,-0.12865205109119416,0,-0.9916898012161255],5,0.5516490936279297],[[766.9878540039063,229.33023071289063,46.604469299316409,-0.9979444742202759,0,0.06408427655696869,0,1,0,-0.06408427655696869,0,-0.9979444742202759],5,0.5617411136627197],[[766.8545532226563,229.47555541992188,46.604862213134769,-0.9978308081626892,0,0.06583098322153092,0,1,0,-0.06583098322153092,0,-0.9978308081626892],5,0.5727519989013672],[[766.4546508789063,229.82977294921876,46.60523986816406,-0.9802359938621521,0,0.19783174991607667,0,1,0,-0.19783174991607667,0,-0.9802359938621521],5,0.592057466506958],[[766.3880004882813,229.87689208984376,46.605289459228519,-0.9994116425514221,0,0.034298382699489596,0,1,0,-0.034298382699489596,0,-0.9994116425514221],5,0.6015257835388184],[[766.1880493164063,229.99778747558595,46.60515594482422,-0.9949105381965637,0,0.10076192021369934,0,1,0,-0.10076192021369934,0,-0.9949105381965637],5,0.613210916519165],[[765.9880981445313,230.08804321289063,46.60496139526367,-0.9947329163551331,0,0.10250106453895569,0,1,0,-0.10250106453895569,0,-0.9947329163551331],5,0.623805046081543],[[765.8547973632813,230.1311798095703,46.60466003417969,-0.9975951910018921,0,0.06930940598249436,0,1,0,-0.06930940598249436,0,-0.9975951910018921],5,0.6330373287200928],[[765.6548461914063,230.1703338623047,46.604122161865237,-0.9945518970489502,0,0.1042424887418747,0,1,0,-0.1042424887418747,0,-0.9945518970489502],5,0.6427350044250488],[[765.5215454101563,230.17941284179688,46.60358428955078,-0.9973464608192444,0,0.0728011280298233,0,1,0,-0.0728011280298233,0,-0.9973464608192444],5,0.6553306579589844],[[765.2549438476563,230.15667724609376,46.60200119018555,-0.9902862310409546,0,0.13904374837875367,0,1,0,-0.13904374837875367,0,-0.9902862310409546],5,0.6707608699798584],[[764.9883422851563,230.07945251464845,46.600337982177737,-0.9900411367416382,0,0.14077816903591157,0,1,0,-0.14077816903591157,0,-0.9900411367416382],5,0.6914215087890625],[[764.7883911132813,229.9857635498047,46.59880828857422,-0.9941802620887756,0,0.10772904753684998,0,1,0,-0.10772904753684998,0,-0.9941802620887756],5,0.7103135585784912],[[764.4551391601563,229.76148986816407,46.596153259277347,-0.9844958186149597,0,0.1754080057144165,0,1,0,-0.1754080057144165,0,-0.9844958186149597],5,0.7174265384674072],[[764.3884887695313,229.7064208984375,46.59554672241211,-0.9989963173866272,0,0.044792190194129947,0,1,0,-0.044792190194129947,0,-0.9989963173866272],5,0.724977970123291],[[764.1885375976563,229.52076721191407,46.59333801269531,-0.9937974214553833,0,0.11120550334453583,0,1,0,-0.11120550334453583,0,-0.9937974214553833],5,0.7350828647613525],[[764.0552368164063,229.37997436523438,46.59181213378906,-0.9969500303268433,0,0.07804279774427414,0,1,0,-0.07804279774427414,0,-0.9969500303268433],5,0.7445218563079834],[[763.9219360351563,229.2255401611328,46.59027862548828,-0.9965276718139648,0,0.0832621157169342,0,1,0,-0.0832621157169342,0,-0.9965276718139648],5,0.7522177696228027],[[763.7219848632813,228.96835327148438,46.58713150024414,-0.9927865862846375,0,0.11989503353834152,0,1,0,-0.11989503353834152,0,-0.9927865862846375],5,0.7641730308532715],[[763.5886840820313,228.7798614501953,46.584564208984378,-0.9952658414840698,0,0.09719022363424301,0,1,0,-0.09719022363424301,0,-0.9952658414840698],5,0.7733128070831299],[[763.3887329101563,228.47157287597657,46.578834533691409,-0.9905397891998291,0,0.13722574710845948,0,1,0,-0.13722574710845948,0,-0.9905397891998291],5,0.7873401641845703],[[763.1887817382813,228.1326446533203,46.57158279418945,-0.9893028736114502,0,0.14587590098381043,0,1,0,-0.14587590098381043,0,-0.9893028736114502],5,0.7975704669952393],[[763.0556030273438,227.8896484375,46.565704345703128,-0.9919411540031433,0,0.12669962644577027,0,1,0,-0.12669962644577027,0,-0.9919411540031433],5,0.8076028823852539],[[762.85595703125,227.49961853027345,46.55420684814453,-0.9860309362411499,0,0.16656234860420228,0,1,0,-0.16656234860420228,0,-0.9860309362411499],5,0.8185164928436279],[[762.58984375,226.931884765625,46.53655242919922,-0.9788732528686523,0,0.20446810126304627,0,1,0,-0.20446810126304627,0,-0.9788732528686523],5,0.833745002746582],[[762.390380859375,226.47032165527345,46.522239685058597,-0.9832879900932312,0,0.1820569932460785,0,1,0,-0.1820569932460785,0,-0.9832879900932312],5,0.847611665725708],[[762.2574462890625,226.1455841064453,46.51153564453125,-0.9882807731628418,0,0.1526469886302948,0,1,0,-0.1526469886302948,0,-0.9882807731628418],5,0.8563897609710693],[[761.9918212890625,225.45523071289063,46.48866271972656,-0.9755418300628662,0,0.2198137789964676,0,1,0,-0.2198137789964676,0,-0.9755418300628662],5,0.8722493648529053],[[761.7926025390625,224.90170288085938,46.4710807800293,-0.9819942712783814,0,0.18891072273254395,0,1,0,-0.18891072273254395,0,-0.9819942712783814],5,0.8855061531066895],[[761.7261962890625,224.7103729248047,46.465126037597659,-0.99217689037323,0,0.12483999878168106,0,1,0,-0.12483999878168106,0,-0.99217689037323],5,0.892951250076294],[[761.5269775390625,224.115966796875,46.44687271118164,-0.9816613793373108,0,0.1906328946352005,0,1,0,-0.1906328946352005,0,-0.9816613793373108],5,0.9023890495300293],[[761.3941650390625,223.70266723632813,46.43464660644531,-0.9874672293663025,0,0.15782399475574494,0,1,0,-0.15782399475574494,0,-0.9874672293663025],5,0.9120285511016846],[[761.1949462890625,223.0571746826172,46.41630172729492,-0.9916635155677795,0,0.12885434925556184,0,1,0,-0.12885434925556184,0,-0.9916635155677795],7,0.9243791103363037],[[761.0621337890625,222.60980224609376,46.40407180786133,-0.995205283164978,0,0.09780807048082352,0,1,0,-0.09780807048082352,0,-0.995205283164978],7,0.9352827072143555],[[760.8629150390625,222.42454528808595,46.38572692871094,-0.995549738407135,0,0.09423767775297165,0,1,0,-0.09423767775297165,0,-0.995549738407135],7,0.9460470676422119],[[760.6636962890625,222.47056579589845,46.36738204956055,-0.9957376718521118,0,0.09223058819770813,0,1,0,-0.09223058819770813,0,-0.9957376718521118],7,0.9569847583770752],[[760.4644775390625,222.5407257080078,46.349037170410159,-0.9959334135055542,0,0.09009265899658203,0,1,0,-0.09009265899658203,0,-0.9959334135055542],8,0.9697167873382568],[[760.2652587890625,222.595458984375,46.33097457885742,-0.9965448379516602,0,0.08305684477090836,0,1,0,-0.08305684477090836,0,-0.9965448379516602],8,0.9807066917419434],[[760.1324462890625,222.6219940185547,46.319664001464847,-0.9972342848777771,0,0.07432249933481217,0,1,0,-0.07432249933481217,0,-0.9972342848777771],8,0.9921326637268066],[[759.9330444335938,222.65008544921876,46.3044319152832,-0.9974870681762695,0,0.0708489939570427,0,1,0,-0.0708489939570427,0,-0.9974870681762695],8,1.0028364658355713],[[759.7335815429688,222.6681365966797,46.29011154174805,-0.9978447556495667,0,0.06561888754367829,0,1,0,-0.06561888754367829,0,-0.9978447556495667],8,1.0173346996307374],[[759.5339965820313,222.67965698242188,46.27678298950195,-0.9984787702560425,0,0.055137474089860919,0,1,0,-0.055137474089860919,0,-0.9984787702560425],8,1.0272619724273682],[[759.3342895507813,222.68695068359376,46.26534652709961,-0.9988393187522888,0,0.048166632652282718,0,1,0,-0.048166632652282718,0,-0.9988393187522888],8,1.0414509773254395],[[759.134521484375,223.34605407714845,46.25419998168945,-0.9995802044868469,0,0.02897184155881405,0,1,0,-0.02897184155881405,0,-0.9995802044868469],3,1.0572688579559327],[[758.8679809570313,224.18170166015626,46.24542236328125,-0.9935050010681152,0,0.11378833651542664,0,1,0,-0.11378833651542664,0,-0.9935050010681152],5,1.0786857604980469],[[758.5347290039063,225.1496124267578,46.237796783447269,-0.9881901144981384,0,0.1532326489686966,0,1,0,-0.1532326489686966,0,-0.9881901144981384],5,1.0925471782684327],[[758.4014282226563,225.512939453125,46.2378044128418,-0.9985724091529846,0,0.05341480299830437,0,1,0,-0.05341480299830437,0,-0.9985724091529846],5,1.1005785465240479],[[758.2681274414063,225.86264038085938,46.23920822143555,-0.9987451434135437,0,0.050081830471754077,0,1,0,-0.050081830471754077,0,-0.9987451434135437],5,1.1095612049102784],[[758.0681762695313,226.3616485595703,46.24231719970703,-0.9969414472579956,0,0.07815233618021012,0,1,0,-0.07815233618021012,0,-0.9969414472579956],5,1.1193368434906006],[[757.9348754882813,226.67727661132813,46.245018005371097,-0.9991411566734314,0,0.041436225175857547,0,1,0,-0.041436225175857547,0,-0.9991411566734314],5,1.1285252571105958],[[757.8015747070313,226.9792938232422,46.24822998046875,-0.9991410374641419,0,0.04143953323364258,0,1,0,-0.04143953323364258,0,-0.9991410374641419],5,1.1371517181396485],[[757.6682739257813,227.26766967773438,46.25156784057617,-0.9993442296981812,0,0.03620901331305504,0,1,0,-0.03620901331305504,0,-0.9993442296981812],5,1.1463491916656495],[[757.4683227539063,227.67469787597657,46.257450103759769,-0.9978204369544983,0,0.06598774343729019,0,1,0,-0.06598774343729019,0,-0.9978204369544983],5,1.157475233078003],[[757.2683715820313,228.0510711669922,46.26408767700195,-0.9983587861061096,0,0.05726919323205948,0,1,0,-0.05726919323205948,0,-0.9983587861061096],5,1.1684637069702149],[[757.1351928710938,228.2849578857422,46.269466400146487,-0.9997901916503906,0,0.02048434317111969,0,1,0,-0.02048434317111969,0,-0.9997901916503906],5,1.178837537765503],[[756.9354248046875,228.61024475097657,46.27851486206055,-0.9987350702285767,0,0.05028124153614044,0,1,0,-0.05028124153614044,0,-0.9987350702285767],5,1.1898741722106934],[[756.80224609375,228.81005859375,46.285003662109378,-0.9999499917030335,0,0.010003277100622654,0,1,0,-0.010003277100622654,0,-0.9999499917030335],5,1.200077772140503],[[756.6024780273438,229.08424377441407,46.29603958129883,-0.9991357326507568,0,0.04156625643372536,0,1,0,-0.04156625643372536,0,-0.9991357326507568],5,1.2118895053863526],[[756.4028930664063,229.32777404785157,46.3076286315918,-0.9993399977684021,0,0.036326512694358829,0,1,0,-0.036326512694358829,0,-0.9993399977684021],5,1.223919153213501],[[756.2698364257813,229.4730987548828,46.315921783447269,-0.9999954700469971,0,0.003017816226929426,0,1,0,-0.003017816226929426,0,-0.9999954700469971],5,1.2333104610443116],[[756.0702514648438,229.66554260253907,46.32860565185547,-0.9994605183601379,0,0.03284338116645813,0,1,0,-0.03284338116645813,0,-0.9994605183601379],5,1.2447738647460938],[[755.9371948242188,229.77679443359376,46.337425231933597,-0.9999921917915344,0,-0.003953063860535622,0,1,0,0.003953063860535622,0,-0.9999921917915344],5,1.2560832500457764],[[755.7376098632813,229.9181365966797,46.351383209228519,-0.9996185898780823,0,0.02761659398674965,0,1,0,-0.02761659398674965,0,-0.9996185898780823],5,1.2674462795257569],[[755.5382080078125,230.02882385253907,46.365760803222659,-0.9996185898780823,0,0.027617115527391435,0,1,0,-0.027617115527391435,0,-0.9996185898780823],5,1.2786734104156495],[[755.3388061523438,230.10885620117188,46.380210876464847,-0.9996185898780823,0,0.027616677805781366,0,1,0,-0.027616677805781366,0,-0.9996185898780823],5,1.2902140617370606],[[755.139404296875,230.15823364257813,46.3946647644043,-0.9996185898780823,0,0.027616724371910096,0,1,0,-0.027616724371910096,0,-0.9996185898780823],5,1.3035533428192139],[[755.0064697265625,230.1741180419922,46.404300689697269,-0.9999837875366211,0,-0.005695940461009741,0,1,0,0.005695940461009741,0,-0.9999837875366211],5,1.31358003616333],[[754.7406005859375,230.16500854492188,46.4235725402832,-0.9981439709663391,0,0.060898590832948688,0,1,0,-0.060898590832948688,0,-0.9981439709663391],5,1.3280088901519776],[[754.5411987304688,230.12242126464845,46.438026428222659,-0.9996185898780823,0,0.0276167094707489,0,1,0,-0.0276167094707489,0,-0.9996185898780823],5,1.3513529300689698],[[754.2088623046875,229.98330688476563,46.46211624145508,-0.9953959584236145,0,0.09584824740886688,0,1,0,-0.09584824740886688,0,-0.9953959584236145],5,1.3602309226989747],[[754.0758666992188,229.90382385253907,46.471580505371097,-0.9999998807907105,0,-0.0004671680508181453,0,1,0,0.0004671680508181453,0,-0.9999998807907105],5,1.3702483177185059],[[753.9428100585938,229.81069946289063,46.480648040771487,-0.9999885559082031,0,0.004778021480888128,0,1,0,-0.004778021480888128,0,-0.9999885559082031],5,1.3791849613189698],[[753.8097534179688,229.70396423339845,46.48908615112305,-0.9999498128890991,0,0.010021100752055645,0,1,0,-0.010021100752055645,0,-0.9999498128890991],5,1.3889274597167969],[[753.5435791015625,229.44961547851563,46.50440979003906,-0.9950686097145081,0,0.09918875247240067,0,1,0,-0.09918875247240067,0,-0.9950686097145081],5,1.4025530815124512],[[753.34375,229.22308349609376,46.51205825805664,-0.9966593980789185,0,0.08167058974504471,0,1,0,-0.08167058974504471,0,-0.9966593980789185],5,1.4140174388885499],[[753.143798828125,228.9658966064453,46.516334533691409,-0.9927853345870972,0,0.11990517377853394,0,1,0,-0.11990517377853394,0,-0.9927853345870972],5,1.4265942573547364],[[753.010498046875,228.77740478515626,46.51498794555664,-0.9940018057823181,0,0.10936365276575089,0,1,0,-0.10936365276575089,0,-0.9940018057823181],5,1.437002182006836],[[752.8106689453125,228.4691162109375,46.50747299194336,-0.9809895157814026,0,0.19406074285507203,0,1,0,-0.19406074285507203,0,-0.9809895157814026],5,1.4505927562713624],[[752.6113891601563,228.13018798828126,46.4904670715332,-0.9755688309669495,0,0.21969398856163026,0,1,0,-0.21969398856163026,0,-0.9755688309669495],5,1.4626522064208985],[[752.4789428710938,227.88719177246095,46.47529220581055,-0.9695080518722534,0,0.24505934119224549,0,1,0,-0.24505934119224549,0,-0.9695080518722534],5,1.4729197025299073],[[752.2161865234375,227.36033630371095,46.430015563964847,-0.9408528208732605,0,0.3388155698776245,0,1,0,-0.3388155698776245,0,-0.9408528208732605],5,1.4936697483062745],[[751.8248901367188,226.46786499023438,46.346981048583987,-0.8777646422386169,0,0.4790920615196228,0,1,0,-0.4790920615196228,0,-0.8777646422386169],5,1.5097787380218506],[[751.6325073242188,225.97564697265626,46.29283142089844,-0.8956941366195679,0,0.444670706987381,0,1,0,-0.444670706987381,0,-0.8956941366195679],5,1.5241310596466065],[[751.4443969726563,225.45277404785157,46.225181579589847,-0.8615812659263611,0,0.5076196789741516,0,1,0,-0.5076196789741516,0,-0.8615812659263611],5,1.5362582206726075],[[751.2612915039063,224.8992462158203,46.14496994018555,-0.8395490646362305,0,0.5432838797569275,0,1,0,-0.5432838797569275,0,-0.8395490646362305],5,1.548816442489624],[[751.0825805664063,224.31504821777345,46.05522918701172,-0.7824819087982178,0,0.6226733326911926,0,1,0,-0.6226733326911926,0,-0.7824819087982178],5,1.5626165866851807],[[750.967529296875,223.9085693359375,45.98816680908203,-0.7671066522598267,0,0.6415196061134338,0,1,0,-0.6415196061134338,0,-0.7671066522598267],5,1.572126865386963],[[750.8033447265625,223.27328491210938,45.874271392822269,-0.7019374370574951,0,0.712238609790802,0,1,0,-0.712238609790802,0,-0.7019374370574951],5,1.582298755645752],[[750.545166015625,222.4374542236328,45.663578033447269,-0.5796112418174744,0,0.8148931264877319,0,1,0,-0.8148931264877319,0,-0.5796112418174744],7,1.6015911102294922],[[750.4573974609375,222.4290008544922,45.5639762878418,-0.5561152696609497,0,0.8311051726341248,0,1,0,-0.8311051726341248,0,-0.5561152696609497],7,1.609828233718872],[[750.3800659179688,222.46925354003907,45.45566177368164,-0.492753803730011,0,0.8701687455177307,0,1,0,-0.8701687455177307,0,-0.492753803730011],7,1.6207640171051026],[[750.3115844726563,222.51744079589845,45.341426849365237,-0.36188772320747378,0,0.9322217106819153,0,1,0,-0.9322217106819153,0,-0.36188772320747378],7,1.6310701370239258],[[750.2333374023438,222.5786895751953,45.15779495239258,-0.3019203245639801,0,0.9533331394195557,0,1,0,-0.9533331394195557,0,-0.3019203245639801],8,1.6407108306884766],[[750.1699829101563,222.62161254882813,44.96820068359375,-0.24460498988628388,0,0.969622790813446,0,1,0,-0.969622790813446,0,-0.24460498988628388],8,1.6533679962158204],[[750.1351928710938,222.64175415039063,44.83955383300781,-0.1438109576702118,0,0.989605188369751,0,1,0,-0.989605188369751,0,-0.1438109576702118],8,1.6640095710754395],[[750.1019897460938,222.66281127929688,44.64253616333008,-0.10454852879047394,0,0.9945197701454163,0,1,0,-0.9945197701454163,0,-0.10454852879047394],8,1.6726105213165284],[[750.0863037109375,222.6724395751953,44.51016616821289,-0.06906708329916,0,0.9976119995117188,0,1,0,-0.9976119995117188,0,-0.06906708329916],8,1.683422327041626],[[750.0708618164063,222.68238830566407,44.3108024597168,-0.0395394004881382,0,0.9992179870605469,0,1,0,-0.9992179870605469,0,-0.0395394004881382],8,1.6936109066009522],[[750.0645141601563,222.68690490722657,44.177635192871097,-0.0011936178198084236,0,0.9999992847442627,0,1,0,-0.9999992847442627,0,-0.0011936178198084236],8,1.704010248184204],[[750.0628662109375,222.69024658203126,44.04433822631836,-0.0012029322097077966,0,0.9999992847442627,0,1,0,-0.9999992847442627,0,-0.0012029322097077966],8,1.7139792442321778],[[750.0623779296875,222.6936798095703,43.84434509277344,0.00752817839384079,0,0.9999716877937317,0,1,0,-0.9999716877937317,0,0.00752817839384079],8,1.7255706787109376],[[750.0635986328125,222.69586181640626,43.64434814453125,0.01276610977947712,0,0.999918520450592,0,1,0,-0.999918520450592,0,0.01276610977947712],8,1.7368886470794678],[[750.0659790039063,222.69725036621095,43.44436264038086,0.009272852912545205,0,0.9999570250511169,0,1,0,-0.9999570250511169,0,0.009272852912545205],8,1.7477691173553467],[[750.0673217773438,222.6978759765625,43.311038970947269,-0.0012076436541974545,0,0.9999992847442627,0,1,0,-0.9999992847442627,0,-0.0012076436541974545],8,1.758197546005249],[[750.0674438476563,222.69851684570313,43.11104202270508,-0.0431157611310482,0,0.9990701079368591,0,1,0,-0.9990701079368591,0,-0.0431157611310482],8,1.7700145244598389],[[750.0672607421875,222.6786346435547,42.91104507446289,-0.11102228611707688,0,0.993817925453186,0,1,0,-0.993817925453186,0,-0.11102228611707688],8,1.7828693389892579],[[750.0670776367188,222.6280975341797,42.7110481262207,-0.15429943799972535,0,0.988024115562439,0,1,0,-0.988024115562439,0,-0.15429943799972535],8,1.7938361167907715],[[750.06689453125,223.28038024902345,42.511051177978519,-0.2584991753101349,0,0.9660114645957947,0,1,0,-0.9660114645957947,0,-0.2584991753101349],3,1.8116481304168702],[[750.0419311523438,224.10240173339845,42.24763488769531,-0.2959243655204773,0,0.9552114009857178,0,1,0,-0.9552114009857178,0,-0.2959243655204773],5,1.8321752548217774],[[749.9780883789063,224.8699188232422,41.99201202392578,-0.38961756229400637,0,0.9209767580032349,0,1,0,-0.9209767580032349,0,-0.38961756229400637],5,1.838620901107788],[[749.9319458007813,225.23324584960938,41.86865234375,-0.506064772605896,0,0.862495481967926,0,1,0,-0.862495481967926,0,-0.506064772605896],5,1.8470666408538819],[[749.876708984375,225.58294677734376,41.749298095703128,-0.5604853630065918,0,0.8281643390655518,0,1,0,-0.8281643390655518,0,-0.5604853630065918],5,1.8569886684417725],[[749.812744140625,225.9190216064453,41.63449478149414,-0.6085758805274963,0,0.7934956550598145,0,1,0,-0.7934956550598145,0,-0.6085758805274963],5,1.867464542388916],[[749.740234375,226.24147033691407,41.524776458740237,-0.6506016850471497,0,0.7594191431999207,0,1,0,-0.7594191431999207,0,-0.6506016850471497],5,1.877131700515747],[[749.6160888671875,226.69960021972657,41.3707389831543,-0.6969356536865234,0,0.717133641242981,0,1,0,-0.717133641242981,0,-0.6969356536865234],5,1.886706829071045],[[749.4749145507813,227.12705993652345,41.231075286865237,-0.726374089717865,0,0.6872996091842651,0,1,0,-0.6872996091842651,0,-0.726374089717865],5,1.8984217643737794],[[749.3723754882813,227.39500427246095,41.14638900756836,-0.7737727761268616,0,0.6334632635116577,0,1,0,-0.6334632635116577,0,-0.7737727761268616],5,1.9080917835235596],[[749.2108764648438,227.77137756347657,41.028621673583987,-0.7759000062942505,0,0.630855917930603,0,1,0,-0.630855917930603,0,-0.7759000062942505],5,1.919731855392456],[[749.1002807617188,228.00526428222657,40.954132080078128,-0.834837019443512,0,0.5504971742630005,0,1,0,-0.5504971742630005,0,-0.834837019443512],5,1.9296555519104005],[[748.92822265625,228.33055114746095,40.8524169921875,-0.8337991237640381,0,0.5520679354667664,0,1,0,-0.5520679354667664,0,-0.8337991237640381],5,1.9415106773376465],[[748.751953125,228.6251678466797,40.757991790771487,-0.8642157912254334,0,0.5031213164329529,0,1,0,-0.5031213164329529,0,-0.8642157912254334],5,1.9526302814483643],[[748.6315307617188,228.80455017089845,40.700904846191409,-0.8926131129264832,0,0.45082348585128786,0,1,0,-0.45082348585128786,0,-0.8926131129264832],5,1.964245080947876],[[748.4479370117188,229.04808044433595,40.62163162231445,-0.8979989886283875,0,0.4399975538253784,0,1,0,-0.4399975538253784,0,-0.8979989886283875],5,1.976130485534668],[[748.2611083984375,229.26095581054688,40.55032730102539,-0.9055483937263489,0,0.42424291372299197,0,1,0,-0.42424291372299197,0,-0.9055483937263489],5,1.9871485233306885],[[748.0726928710938,229.44317626953126,40.4832649230957,-0.9113896489143372,0,0.41154447197914126,0,1,0,-0.41154447197914126,0,-0.9113896489143372],5,1.997762680053711],[[747.9464721679688,229.54762268066407,40.440303802490237,-0.9317424893379211,0,0.3631196618080139,0,1,0,-0.3631196618080139,0,-0.9317424893379211],5,2.0073816776275636],[[747.6923828125,229.71563720703126,40.359432220458987,-0.9084395170211792,0,0.41801631450653078,0,1,0,-0.41801631450653078,0,-0.9084395170211792],5,2.0230746269226076],[[747.5012817382813,229.80589294433595,40.300445556640628,-0.926528811454773,0,0.3762238025665283,0,1,0,-0.3762238025665283,0,-0.926528811454773],5,2.035660743713379],[[747.37353515625,229.84902954101563,40.26244354248047,-0.9385470747947693,0,0.34515124559402468,0,1,0,-0.34515124559402468,0,-0.9385470747947693],5,2.047574520111084],[[747.11767578125,229.89442443847657,40.18720245361328,-0.9197660684585571,0,0.39246702194213869,0,1,0,-0.39246702194213869,0,-0.9197660684585571],5,2.0615460872650148],[[746.9251098632813,229.8927001953125,40.133270263671878,-0.9360666871070862,0,0.3518226444721222,0,1,0,-0.3518226444721222,0,-0.9360666871070862],5,2.0739901065826418],[[746.73193359375,229.86033630371095,40.08152389526367,-0.939704179763794,0,0.34198832511901858,0,1,0,-0.34198832511901858,0,-0.939704179763794],5,2.088958501815796],[[746.3444213867188,229.70361328125,39.982486724853519,-0.9061303734779358,0,0.4229985177516937,0,1,0,-0.4229985177516937,0,-0.9061303734779358],5,2.1199429035186769],[[746.0852661132813,229.531005859375,39.9194450378418,-0.933539092540741,0,0.35847559571266177,0,1,0,-0.35847559571266177,0,-0.933539092540741],5,2.12691068649292],[[745.95556640625,229.4242706298828,39.88848876953125,-0.9553359150886536,0,0.2955220639705658,0,1,0,-0.2955220639705658,0,-0.9553359150886536],5,2.1339199542999269],[[745.8258056640625,229.3039093017578,39.857635498046878,-0.9553359150886536,0,0.2955220639705658,0,1,0,-0.2955220639705658,0,-0.9553359150886536],5,2.1438615322113039],[[745.696044921875,229.169921875,39.82679748535156,-0.9563643336296082,0,0.29217684268951418,0,1,0,-0.29217684268951418,0,-0.9563643336296082],5,2.1542141437530519],[[745.5014038085938,228.94338989257813,39.78110122680664,-0.9461013674736023,0,0.32387056946754458,0,1,0,-0.32387056946754458,0,-0.9461013674736023],5,2.164078950881958],[[745.2416381835938,228.59365844726563,39.7203369140625,-0.9322842359542847,0,0.36172664165496828,0,1,0,-0.36172664165496828,0,-0.9322842359542847],5,2.182023286819458],[[744.9175415039063,228.07984924316407,39.64239501953125,-0.9127200841903687,0,0.40858545899391177,0,1,0,-0.40858545899391177,0,-0.9127200841903687],5,2.2021658420562746],[[744.6593017578125,227.6074981689453,39.57597351074219,-0.9141959547996521,0,0.4052724540233612,0,1,0,-0.4052724540233612,0,-0.9141959547996521],5,2.2180092334747316],[[744.4029541015625,227.0806427001953,39.50238800048828,-0.897182822227478,0,0.4416593015193939,0,1,0,-0.4416593015193939,0,-0.897182822227478],5,2.2339553833007814],[[744.3394775390625,226.94041442871095,39.48212432861328,-0.9206073880195618,0,0.39048948884010317,0,1,0,-0.39048948884010317,0,-0.9206073880195618],5,2.241917133331299],[[744.1521606445313,226.49928283691407,39.41231155395508,-0.8845489025115967,0,0.4664474427700043,0,1,0,-0.4664474427700043,0,-0.8845489025115967],5,2.251918315887451],[[744.0283813476563,226.18817138671876,39.362857818603519,-0.892622172832489,0,0.45080557465553286,0,1,0,-0.45080557465553286,0,-0.892622172832489],5,2.2615301609039308],[[743.9053955078125,225.86343383789063,39.3114013671875,-0.8926222920417786,0,0.45080533623695376,0,1,0,-0.45080533623695376,0,-0.8926222920417786],5,2.2686984539031984],[[743.7825927734375,225.5250701904297,39.259437561035159,-0.892622172832489,0,0.45080551505088808,0,1,0,-0.45080551505088808,0,-0.892622172832489],5,2.2779431343078615],[[743.6597900390625,225.17308044433595,39.207401275634769,-0.892622172832489,0,0.45080551505088808,0,1,0,-0.45080551505088808,0,-0.892622172832489],5,2.2876815795898439],[[743.4755859375,224.6195526123047,39.129329681396487,-0.8762670159339905,0,0.4818258285522461,0,1,0,-0.4818258285522461,0,-0.8762670159339905],5,2.3007259368896486],[[743.2915649414063,224.0353546142578,39.050994873046878,-0.8779429793357849,0,0.47876524925231936,0,1,0,-0.47876524925231936,0,-0.8779429793357849],5,2.3117411136627199],[[743.1073608398438,223.42051696777345,38.973121643066409,-0.8796136975288391,0,0.47568875551223757,0,1,0,-0.47568875551223757,0,-0.8796136975288391],5,2.323249340057373],[[742.9228515625,222.7750244140625,38.8958854675293,-0.9170328378677368,0,0.3988116681575775,0,1,0,-0.3988116681575775,0,-0.9170328378677368],7,2.336111068725586],[[742.799072265625,222.4404296875,38.84623336791992,-0.9345715045928955,0,0.35577529668807986,0,1,0,-0.35577529668807986,0,-0.9345715045928955],7,2.345893621444702],[[742.6121215820313,222.3740234375,38.77523422241211,-0.9427311420440674,0,0.3335535228252411,0,1,0,-0.3335535228252411,0,-0.9427311420440674],7,2.357560396194458],[[742.4237670898438,222.43385314941407,38.708099365234378,-0.9603238701820374,0,0.2788872718811035,0,1,0,-0.2788872718811035,0,-0.9603238701820374],7,2.3690619468688967],[[742.2963256835938,222.47494506835938,38.66909408569336,-0.9686933159828186,0,0.2482605278491974,0,1,0,-0.2482605278491974,0,-0.9686933159828186],8,2.3799779415130617],[[742.10302734375,222.54144287109376,38.61801528930664,-0.9827101826667786,0,0.18515056371688844,0,1,0,-0.18515056371688844,0,-0.9827101826667786],8,2.3916304111480715],[[741.9725341796875,222.5712890625,38.591094970703128,-0.9827141165733337,0,0.18512959778308869,0,1,0,-0.18512959778308869,0,-0.9827141165733337],8,2.399723768234253],[[741.7105712890625,222.62249755859376,38.5413703918457,-0.9926192760467529,0,0.12127207219600678,0,1,0,-0.12127207219600678,0,-0.9926192760467529],8,2.4138357639312746],[[741.5785522460938,222.64169311523438,38.52299880981445,-0.9986634850502014,0,0.051684170961380008,0,1,0,-0.051684170961380008,0,-0.9986634850502014],8,2.424351930618286],[[741.3790893554688,222.66246032714845,38.50968551635742,-0.9999334812164307,0,0.011532776989042759,0,1,0,-0.011532776989042759,0,-0.9999334812164307],8,2.437437057495117],[[741.1791381835938,222.65994262695313,38.50570297241211,-0.997259259223938,0,-0.07398615032434464,0,1,0,0.07398615032434464,0,-0.997259259223938],8,2.448474407196045],[[741.0460815429688,222.6616668701172,38.51254653930664,-0.9928730726242065,0,-0.1191764622926712,0,1,0,0.1191764622926712,0,-0.9928730726242065],8,2.4578893184661867],[[740.91357421875,222.6681671142578,38.526458740234378,-0.9928730726242065,0,-0.1191764622926712,0,1,0,0.1191764622926712,0,-0.9928730726242065],8,2.467916250228882],[[740.7149047851563,222.67813110351563,38.54998779296875,-0.9695608615875244,0,-0.24485045671463014,0,1,0,0.24485045671463014,0,-0.9695608615875244],8,2.4807052612304689],[[740.52001953125,222.68560791015626,38.59357452392578,-0.9609800577163696,0,-0.2766176760196686,0,1,0,0.2766176760196686,0,-0.9609800577163696],8,2.4908242225646974],[[740.3914794921875,222.68919372558595,38.62883758544922,-0.9522843956947327,0,-0.3052121698856354,0,1,0,0.3052121698856354,0,-0.9522843956947327],8,2.501532793045044],[[740.2005615234375,222.69297790527345,38.68846893310547,-0.9350535869598389,0,-0.3545064628124237,0,1,0,0.3545064628124237,0,-0.9350535869598389],8,2.5135602951049806],[[740.0128784179688,222.69540405273438,38.75740051269531,-0.9261417388916016,0,-0.37717559933662417,0,1,0,0.37717559933662417,0,-0.9261417388916016],8,2.526033639907837],[[739.8272705078125,222.6969451904297,38.83186721801758,-0.910255491733551,0,-0.414046972990036,0,1,0,0.414046972990036,0,-0.910255491733551],8,2.5376577377319338],[[739.6445922851563,222.6979217529297,38.91322708129883,-0.9021374583244324,0,-0.43144872784614565,0,1,0,0.43144872784614565,0,-0.9021374583244324],8,2.5495519638061525],[[739.5239868164063,222.69837951660157,38.97008514404297,-0.886519193649292,0,-0.4626917839050293,0,1,0,0.4626917839050293,0,-0.886519193649292],8,2.5596790313720705],[[739.3460693359375,222.6988525390625,39.061336517333987,-0.8791379332542419,0,-0.4765673875808716,0,1,0,0.4765673875808716,0,-0.8791379332542419],8,2.5708954334259035],[[739.1698608398438,222.69912719726563,39.15605545043945,-0.8715353608131409,0,-0.4903326630592346,0,1,0,0.4903326630592346,0,-0.8715353608131409],8,2.5814695358276369],[[738.9953002929688,222.69931030273438,39.253570556640628,-0.8574914336204529,0,-0.5144982933998108,0,1,0,0.5144982933998108,0,-0.8574914336204529],8,2.5930583477020265],[[738.7088623046875,222.69949340820313,39.42407989501953,-0.8408930897712708,0,-0.5412012934684753,0,1,0,0.5412012934684753,0,-0.8408930897712708],8,2.6142971515655519],[[738.59619140625,222.68931579589845,39.49531555175781,-0.8370943069458008,0,-0.547058641910553,0,1,0,0.547058641910553,0,-0.8370943069458008],8,2.6231462955474855],[[738.484375,222.66009521484376,39.56792449951172,-0.8342153429985046,0,-0.5514388680458069,0,1,0,0.5514388680458069,0,-0.8342153429985046],8,2.6335105895996095],[[738.3173828125,222.65386962890626,39.67799758911133,-0.8322842717170715,0,-0.5543490648269653,0,1,0,0.5543490648269653,0,-0.8322842717170715],8,2.6449203491210939],[[738.1505737304688,223.31297302246095,39.78822708129883,-0.8293710350990295,0,-0.5586981773376465,0,1,0,0.5586981773376465,0,-0.8293710350990295],3,2.6603236198425295],[[737.92919921875,224.14862060546876,39.936912536621097,-0.8729907274246216,0,-0.4877367913722992,0,1,0,0.4877367913722992,0,-0.8729907274246216],5,2.683871269226074],[[737.7091064453125,224.9297637939453,40.0875358581543,-0.8829088807106018,0,-0.46954432129859927,0,1,0,0.46954432129859927,0,-0.8829088807106018],5,2.6907336711883547],[[737.60009765625,225.29989624023438,40.16426086425781,-0.8473688960075378,0,-0.5310046672821045,0,1,0,0.5310046672821045,0,-0.8473688960075378],5,2.698918342590332],[[737.4918212890625,225.6564178466797,40.2420768737793,-0.8428418636322022,0,-0.5381612777709961,0,1,0,0.5381612777709961,0,-0.8428418636322022],5,2.707615375518799],[[737.33056640625,226.16563415527345,40.360355377197269,-0.852224588394165,0,-0.5231761336326599,0,1,0,0.5231761336326599,0,-0.852224588394165],5,2.720583915710449],[[737.22412109375,226.4880828857422,40.440650939941409,-0.8343519568443298,0,-0.5512321591377258,0,1,0,0.5512321591377258,0,-0.8343519568443298],5,2.727592945098877],[[737.0119018554688,227.09210205078126,40.60205841064453,-0.862214982509613,0,-0.5065425634384155,0,1,0,0.5065425634384155,0,-0.862214982509613],5,2.7441093921661379],[[736.8541870117188,227.5093536376953,40.72496032714844,-0.8392152786254883,0,-0.5437992811203003,0,1,0,0.5437992811203003,0,-0.8392152786254883],5,2.7589938640594484],[[736.6456909179688,228.0179901123047,40.8912353515625,-0.8523284792900086,0,-0.523006796836853,0,1,0,0.523006796836853,0,-0.8523284792900086],5,2.773574113845825],[[736.4904174804688,228.36370849609376,41.017295837402347,-0.8315317630767822,0,-0.5554772615432739,0,1,0,0.5554772615432739,0,-0.8315317630767822],5,2.7869579792022707],[[736.3873291015625,228.57716369628907,41.101898193359378,-0.8125672340393066,0,-0.582867443561554,0,1,0,0.582867443561554,0,-0.8125672340393066],5,2.7948052883148195],[[736.2329711914063,228.8717803955078,41.22901153564453,-0.8295824527740479,0,-0.5583842396736145,0,1,0,0.5583842396736145,0,-0.8295824527740479],5,2.8061537742614748],[[736.1302490234375,229.05116271972657,41.31