[[[776,222.69961547851563,47,1,0,0,0,1,0,0,0,1],8,0.006684780120849609],[[776,222.69961547851563,47,1,0,0,0,1,0,0,0,1],8,0.016817331314086915],[[776,222.69961547851563,47,1,0,0,0,1,0,0,0,1],8,0.0281980037689209],[[776,222.69961547851563,47,1,0,0,0,1,0,0,0,1],8,0.04087686538696289],[[776,222.69961547851563,47,1,0,0,0,1,0,0,0,1],8,0.06565499305725098],[[776,222.69961547851563,47,1,0,0,0,1,0,0,0,1],8,0.07303786277770996],[[776,222.69961547851563,47,1,0,0,0,1,0,0,0,1],8,0.08164620399475098],[[776,222.69961547851563,47,1,0,0,0,1,0,0,0,1],8,0.09003376960754395],[[776,222.69961547851563,47,1,0,0,0,1,0,0,0,1],8,0.09796953201293946],[[776,222.69961547851563,47,1,0,0,0,1,0,0,0,1],8,0.10817384719848633],[[776,222.69961547851563,47,1,0,0,0,1,0,0,0,1],8,0.13062405586242677],[[776,222.69961547851563,47,1,0,0,0,1,0,0,0,1],8,0.14049887657165528],[[776,222.69961547851563,47,1,0,0,0,1,0,0,0,1],8,0.14850306510925294],[[776,222.69961547851563,47,1,0,0,0,1,0,0,0,1],8,0.15829920768737794],[[776,222.69961547851563,47,1,0,0,0,1,0,0,0,1],8,0.16905736923217774],[[776,222.69961547851563,47,1,0,0,0,1,0,0,0,1],8,0.18542933464050294],[[776,222.69961547851563,47,1,0,0,0,1,0,0,0,1],8,0.19468021392822267],[[776,222.69961547851563,47,1,0,0,0,1,0,0,0,1],8,0.20357823371887208],[[776,222.69961547851563,47,1,0,0,0,1,0,0,0,1],8,0.21436810493469239],[[776,222.69961547851563,47,1,0,0,0,1,0,0,0,1],8,0.2243022918701172],[[776,222.69961547851563,47,1,0,0,0,1,0,0,0,1],8,0.232649564743042],[[776,222.69961547851563,47,1,0,0,0,1,0,0,0,1],8,0.24666047096252442],[[776,222.69961547851563,47,1,0,0,0,1,0,0,0,1],8,0.2615954875946045],[[776,222.69961547851563,47,1,0,0,0,1,0,0,0,1],8,0.2703206539154053],[[776,222.69961547851563,47,1,0,0,0,1,0,0,0,1],8,0.28007984161376955],[[776,222.69961547851563,47,1,0,0,0,1,0,0,0,1],8,0.2948272228240967],[[776,222.69961547851563,47,1,0,0,0,1,0,0,0,1],8,0.308363676071167],[[775.83837890625,222.69961547851563,46.99717712402344,0.989794909954071,0,0.14249922335147859,0,1,0,-0.14249922335147859,0,0.989794909954071],8,0.3350789546966553],[[775.509033203125,222.69961547851563,46.98373031616211,0.9311997890472412,0,0.3645092248916626,0,1,0,-0.3645092248916626,0,0.9311997890472412],8,0.350325345993042],[[775.3096313476563,222.69961547851563,46.96879196166992,0.8801514506340027,0,0.4746929407119751,0,1,0,-0.4746929407119751,0,0.8801514506340027],8,0.35966920852661135],[[775.1106567382813,222.69961547851563,46.94879913330078,0.8258572816848755,0,0.5638791918754578,0,1,0,-0.5638791918754578,0,0.8258572816848755],8,0.3699519634246826],[[774.9781494140625,222.69961547851563,46.93403625488281,0.7894136309623718,0,0.613861620426178,0,1,0,-0.613861620426178,0,0.7894136309623718],8,0.37651944160461428],[[774.845703125,222.69961547851563,46.918975830078128,0.7534523010253906,0,0.6575025916099548,0,1,0,-0.6575025916099548,0,0.7534523010253906],8,0.3856022357940674],[[774.7134399414063,222.69961547851563,46.9023323059082,0.7184983491897583,0,0.6955286860466003,0,1,0,-0.6955286860466003,0,0.7184983491897583],8,0.3958930969238281],[[774.5152587890625,222.69961547851563,46.87551498413086,0.668012797832489,0,0.7441497445106506,0,1,0,-0.7441497445106506,0,0.668012797832489],8,0.4049715995788574],[[774.3831787109375,222.69961547851563,46.85708236694336,0.6359593272209168,0,0.7717225551605225,0,1,0,-0.7717225551605225,0,0.6359593272209168],8,0.41606831550598147],[[774.1852416992188,222.69961547851563,46.82868576049805,0.5905893445014954,0,0.8069722652435303,0,1,0,-0.8069722652435303,0,0.5905893445014954],8,0.42705702781677248],[[774.0532836914063,222.69961547851563,46.809661865234378,0.5621609687805176,0,0.8270277976989746,0,1,0,-0.8270277976989746,0,0.5621609687805176],8,0.43752312660217287],[[773.8553466796875,222.69961547851563,46.78111267089844,0.5221914649009705,0,0.8528282642364502,0,1,0,-0.8528282642364502,0,0.5221914649009705],8,0.44795751571655276],[[773.6572875976563,222.69961547851563,46.75312423706055,0.48501765727996828,0,0.8745043277740479,0,1,0,-0.8745043277740479,0,0.48501765727996828],8,0.4604182243347168],[[773.5252075195313,222.69961547851563,46.734718322753909,0.4619794487953186,0,0.8868906497955322,0,1,0,-0.8868906497955322,0,0.4619794487953186],8,0.47266387939453127],[[773.326904296875,222.69961547851563,46.70859909057617,0.42940208315849306,0,0.9031134247779846,0,1,0,-0.9031134247779846,0,0.42940208315849306],8,0.4835371971130371],[[773.194580078125,222.69961547851563,46.69190979003906,0.4089905619621277,0,0.9125386476516724,0,1,0,-0.9125386476516724,0,0.4089905619621277],8,0.4931957721710205],[[772.9959106445313,222.69961547851563,46.66883087158203,0.37986400723457339,0,0.9250423312187195,0,1,0,-0.9250423312187195,0,0.37986400723457339],8,0.5042910575866699],[[772.7972412109375,222.69961547851563,46.64615249633789,0.35291412472724917,0,0.9356557130813599,0,1,0,-0.9356557130813599,0,0.35291412472724917],8,0.5145905017852783],[[772.6646728515625,222.69961547851563,46.63190460205078,0.33611470460891726,0,0.9418210387229919,0,1,0,-0.9418210387229919,0,0.33611470460891726],8,0.5266063213348389],[[772.3992919921875,222.69961547851563,46.60633087158203,0.30409345030784609,0,0.9526422023773193,0,1,0,-0.9526422023773193,0,0.30409345030784609],8,0.538794994354248],[[772.2664794921875,222.69961547851563,46.59428405761719,0.2892049252986908,0,0.9572672247886658,0,1,0,-0.9572672247886658,0,0.2892049252986908],8,0.5504770278930664],[[772.0672607421875,222.69961547851563,46.57646179199219,0.2686639428138733,0,0.9632339477539063,0,1,0,-0.9632339477539063,0,0.2686639428138733],8,0.5605175495147705],[[771.934326171875,222.69961547851563,46.56580352783203,0.2556910514831543,0,0.9667585492134094,0,1,0,-0.9667585492134094,0,0.2556910514831543],8,0.5713615417480469],[[771.7349243164063,222.69961547851563,46.55094528198242,0.2372155636548996,0,0.9714570641517639,0,1,0,-0.9714570641517639,0,0.2372155636548996],8,0.5816936492919922],[[771.5355224609375,223.35189819335938,46.53622817993164,0.21891535818576814,0,0.97574383020401,0,1,0,-0.97574383020401,0,0.21891535818576814],3,0.5989279747009277],[[771.2694091796875,224.17391967773438,46.519046783447269,0.19712688028812409,0,0.9803779721260071,0,1,0,-0.9803779721260071,0,0.19712688028812409],5,0.6238284111022949],[[770.8037109375,225.4813232421875,46.491943359375,0.1639159917831421,0,0.9864742755889893,0,1,0,-0.9864742755889893,0,0.1639159917831421],5,0.6399621963500977],[[770.6705322265625,225.82420349121095,46.484779357910159,0.1556517630815506,0,0.9878119826316834,0,1,0,-0.9878119826316834,0,0.1556517630815506],5,0.6467652320861816],[[770.537353515625,226.15347290039063,46.477943420410159,0.148193821310997,0,0.9889583587646484,0,1,0,-0.9889583587646484,0,0.148193821310997],5,0.6559748649597168],[[770.4041748046875,226.46910095214845,46.4711799621582,0.14132671058177949,0,0.9899629950523377,0,1,0,-0.9899629950523377,0,0.14132671058177949],5,0.6638031005859375],[[770.27099609375,226.7711181640625,46.46442794799805,0.1349640190601349,0,0.9908505082130432,0,1,0,-0.9908505082130432,0,0.1349640190601349],5,0.6752684116363525],[[770.0712280273438,227.19857788085938,46.45486831665039,0.12597009539604188,0,0.9920340180397034,0,1,0,-0.9920340180397034,0,0.12597009539604188],5,0.6862850189208984],[[769.9380493164063,227.46652221679688,46.44892120361328,0.12029422074556351,0,0.9927383065223694,0,1,0,-0.9927383065223694,0,0.12029422074556351],5,0.6958780288696289],[[769.73828125,227.8428955078125,46.44073486328125,0.1121416762471199,0,0.9936922192573547,0,1,0,-0.9936922192573547,0,0.1121416762471199],5,0.7085757255554199],[[769.538330078125,228.18861389160157,46.43382263183594,0.10419410467147827,0,0.9945569634437561,0,1,0,-0.9945569634437561,0,0.10419410467147827],5,0.7194669246673584],[[769.405029296875,228.40206909179688,46.42973327636719,0.09909254312515259,0,0.9950782060623169,0,1,0,-0.9950782060623169,0,0.09909254312515259],5,0.7286999225616455],[[769.205078125,228.69668579101563,46.424339294433597,0.09170112758874893,0,0.9957865476608276,0,1,0,-0.9957865476608276,0,0.09170112758874893],5,0.7402284145355225],[[769.07177734375,228.87606811523438,46.42118453979492,0.08697320520877838,0,0.9962106347084045,0,1,0,-0.9962106347084045,0,0.08697320520877838],5,0.7510254383087158],[[768.871826171875,229.11959838867188,46.417755126953128,0.07989082485437393,0,0.9968036413192749,0,1,0,-0.9968036413192749,0,0.07989082485437393],5,0.7621049880981445],[[768.671875,229.3324737548828,46.415164947509769,0.0730096623301506,0,0.9973312616348267,0,1,0,-0.9973312616348267,0,0.0730096623301506],5,0.7743253707885742],[[768.471923828125,229.5146942138672,46.41384506225586,0.06622365862131119,0,0.9978048205375671,0,1,0,-0.9978048205375671,0,0.06622365862131119],5,0.7879352569580078],[[768.27197265625,229.666259765625,46.41334915161133,0.05965937301516533,0,0.9982187747955322,0,1,0,-0.9982187747955322,0,0.05965937301516533],5,0.7985117435455322],[[768.072021484375,229.7871551513672,46.413841247558597,0.05327863246202469,0,0.9985796809196472,0,1,0,-0.9985796809196472,0,0.05327863246202469],5,0.8114943504333496],[[767.8720703125,229.87741088867188,46.41481399536133,0.04724639281630516,0,0.9988832473754883,0,1,0,-0.9988832473754883,0,0.04724639281630516],5,0.8232817649841309],[[767.73876953125,229.92054748535157,46.4160270690918,0.04334738850593567,0,0.9990600347518921,0,1,0,-0.9990600347518921,0,0.04334738850593567],5,0.8322393894195557],[[767.60546875,229.95005798339845,46.417572021484378,0.03956152871251106,0,0.99921715259552,0,1,0,-0.99921715259552,0,0.03956152871251106],5,0.8432269096374512],[[767.3388671875,229.96820068359376,46.42121124267578,0.032307494431734088,0,0.9994779825210571,0,1,0,-0.9994779825210571,0,0.032307494431734088],5,0.8575444221496582],[[767.072265625,229.93185424804688,46.425331115722659,0.025667691603302957,0,0.9996705055236816,0,1,0,-0.9996705055236816,0,0.025667691603302957],5,0.8837745189666748],[[766.8056640625,229.84100341796876,46.42992401123047,0.01969076134264469,0,0.9998061060905457,0,1,0,-0.9998061060905457,0,0.01969076134264469],5,0.8900365829467773],[[766.67236328125,229.77513122558595,46.43259811401367,0.01688617281615734,0,0.9998574256896973,0,1,0,-0.9998574256896973,0,0.01688617281615734],5,0.8977401256561279],[[766.5390625,229.69564819335938,46.43537521362305,0.014245599508285523,0,0.9998985528945923,0,1,0,-0.9998985528945923,0,0.014245599508285523],5,0.9094583988189697],[[766.40576171875,229.60252380371095,46.438167572021487,0.011778203770518303,0,0.9999306201934815,0,1,0,-0.9999306201934815,0,0.011778203770518303],5,0.9166951179504395],[[766.205810546875,229.43731689453126,46.44235610961914,0.00836368091404438,0,0.9999650120735169,0,1,0,-0.9999650120735169,0,0.00836368091404438],5,0.9283831119537354],[[766.072509765625,229.3101348876953,46.44514846801758,0.006281498819589615,0,0.9999802708625794,0,1,0,-0.9999802708625794,0,0.006281498819589615],5,0.93747878074646],[[765.87255859375,229.0938262939453,46.449337005615237,0.0034279273822903635,0,0.9999940991401672,0,1,0,-0.9999940991401672,0,0.0034279273822903635],5,0.94740891456604],[[765.7392578125,228.93258666992188,46.45212936401367,0.0016937553882598878,0,0.9999985694885254,0,1,0,-0.9999985694885254,0,0.0016937553882598878],5,0.9582159519195557],[[765.539306640625,228.66517639160157,46.45631790161133,-0.0006803660653531551,0,0.9999997615814209,0,1,0,-0.9999997615814209,0,-0.0006803660653531551],5,0.9688358306884766],[[765.33935546875,228.3671112060547,46.460506439208987,-0.002817802829667926,0,0.9999960064888,0,1,0,-0.9999960064888,0,-0.002817802829667926],5,0.9812355041503906],[[765.2060546875,228.1513671875,46.46329879760742,-0.004110436886548996,0,0.9999915361404419,0,1,0,-0.9999915361404419,0,-0.004110436886548996],5,0.9908478260040283],[[765.07275390625,227.92201232910157,46.46609115600586,-0.005301399156451225,0,0.999985933303833,0,1,0,-0.999985933303833,0,-0.005301399156451225],5,1.0012788772583008],[[764.872802734375,227.5524139404297,46.470279693603519,-0.0069391438737511639,0,0.9999759197235107,0,1,0,-0.9999759197235107,0,-0.0069391438737511639],5,1.0096373558044434],[[764.6728515625,227.15216064453126,46.47446823120117,-0.008416109718382359,0,0.9999645948410034,0,1,0,-0.9999645948410034,0,-0.008416109718382359],5,1.0235364437103272],[[764.472900390625,226.72125244140626,46.47865676879883,-0.009740019217133522,0,0.9999525547027588,0,1,0,-0.9999525547027588,0,-0.009740019217133522],5,1.0354804992675782],[[764.339599609375,226.4169464111328,46.481449127197269,-0.010539797134697438,0,0.9999444484710693,0,1,0,-0.9999444484710693,0,-0.010539797134697438],5,1.044384241104126],[[764.206298828125,226.09902954101563,46.4842414855957,-0.011276447214186192,0,0.9999364018440247,0,1,0,-0.9999364018440247,0,-0.011276447214186192],5,1.0601146221160889],[[763.939697265625,225.42230224609376,46.48903274536133,-0.012294978834688664,0,0.9999244213104248,0,1,0,-0.9999244213104248,0,-0.012294978834688664],5,1.0710699558258057],[[763.806396484375,225.06349182128907,46.49119186401367,-0.012624938040971756,0,0.9999203085899353,0,1,0,-0.9999203085899353,0,-0.012624938040971756],7,1.0816881656646729],[[763.6064453125,224.58970642089845,46.49406051635742,-0.012879311107099057,0,0.9999170303344727,0,1,0,-0.9999170303344727,0,-0.012879311107099057],7,1.0928492546081544],[[763.406494140625,224.2651824951172,46.49657440185547,-0.012912550009787083,0,0.9999166131019592,0,1,0,-0.9999166131019592,0,-0.012912550009787083],7,1.103327989578247],[[763.20654296875,224.17120361328126,46.498741149902347,-0.0127554377540946,0,0.9999186396598816,0,1,0,-0.9999186396598816,0,-0.0127554377540946],7,1.115412950515747],[[763.0732421875,224.23294067382813,46.499969482421878,-0.012550368905067444,0,0.9999212622642517,0,1,0,-0.9999212622642517,0,-0.012550368905067444],8,1.1277227401733399],[[762.67333984375,224.4815216064453,46.50221633911133,-0.011267431080341339,0,0.9999365210533142,0,1,0,-0.9999365210533142,0,-0.011267431080341339],8,1.1478745937347413],[[762.5400390625,224.5366668701172,46.50239562988281,-0.010643191635608673,0,0.9999433755874634,0,1,0,-0.9999433755874634,0,-0.010643191635608673],8,1.1568808555603028],[[762.40673828125,224.57852172851563,46.50225067138672,-0.009895185939967633,0,0.9999510645866394,0,1,0,-0.9999510645866394,0,-0.009895185939967633],8,1.1662490367889405],[[762.2734375,224.60986328125,46.50185775756836,-0.009060163982212544,0,0.9999589323997498,0,1,0,-0.9999589323997498,0,-0.009060163982212544],8,1.1747045516967774],[[762.073486328125,224.64247131347657,46.50117111206055,-0.00779782934114337,0,0.9999696016311646,0,1,0,-0.9999696016311646,0,-0.00779782934114337],8,1.1866698265075684],[[761.940185546875,224.65731811523438,46.500186920166019,-0.006817399524152279,0,0.9999767541885376,0,1,0,-0.9999767541885376,0,-0.006817399524152279],8,1.1968393325805665],[[761.740234375,224.67266845703126,46.497615814208987,-0.004948532674461603,0,0.999987781047821,0,1,0,-0.999987781047821,0,-0.004948532674461603],8,1.2085959911346436],[[761.406982421875,224.68682861328126,46.49245834350586,-0.0015484429895877839,0,0.9999988079071045,0,1,0,-0.9999988079071045,0,-0.0015484429895877839],8,1.2257263660430909],[[761.273681640625,224.69009399414063,46.489845275878909,-0.00010726417531259358,0,1,0,1,0,-1,0,-0.00010726417531259358],8,1.2378559112548829],[[761.007080078125,224.6942901611328,46.483489990234378,0.003054538043215871,0,0.9999953508377075,0,1,0,-0.9999953508377075,0,0.003054538043215871],8,1.2541553974151612],[[760.873779296875,224.6956024169922,46.48006057739258,0.004630701616406441,0,0.9999892711639404,0,1,0,-0.9999892711639404,0,0.004630701616406441],8,1.2628977298736573],[[760.673828125,224.6969451904297,46.474266052246097,0.007078046444803476,0,0.9999749660491943,0,1,0,-0.9999749660491943,0,0.007078046444803476],8,1.2736940383911133],[[760.27392578125,224.69833374023438,46.46176528930664,0.011965463869273663,0,0.9999284148216248,0,1,0,-0.9999284148216248,0,0.011965463869273663],8,1.3002772331237794],[[760.140625,224.69857788085938,46.45722961425781,0.01353913452476263,0,0.9999083280563355,0,1,0,-0.9999083280563355,0,0.01353913452476263],8,1.3094053268432618],[[760.00732421875,224.69874572753907,46.45259094238281,0.015027711167931557,0,0.9998870491981506,0,1,0,-0.9998870491981506,0,0.015027711167931557],8,1.315629482269287],[[759.8740234375,224.69888305664063,46.44793701171875,0.016421182081103326,0,0.9998651742935181,0,1,0,-0.9998651742935181,0,0.016421182081103326],8,1.3250603675842286],[[759.74072265625,224.69898986816407,46.44328308105469,0.01772024855017662,0,0.9998430013656616,0,1,0,-0.9998430013656616,0,0.01772024855017662],8,1.332165241241455],[[759.607421875,224.69906616210938,46.438629150390628,0.018929308280348779,0,0.9998208284378052,0,1,0,-0.9998208284378052,0,0.018929308280348779],8,1.3414018154144288],[[759.47412109375,224.69912719726563,46.43397521972656,0.02005384862422943,0,0.9997988939285278,0,1,0,-0.9997988939285278,0,0.02005384862422943],8,1.3509187698364258],[[759.274169921875,224.6991729736328,46.42699432373047,0.021606789901852609,0,0.9997665286064148,0,1,0,-0.9997665286064148,0,0.021606789901852609],8,1.3596844673156739],[[759.007568359375,224.69921875,46.417686462402347,0.023460661992430688,0,0.9997247457504273,0,1,0,-0.9997247457504273,0,0.023460661992430688],8,1.3798646926879883],[[758.874267578125,224.69921875,46.41303253173828,0.02428860031068325,0,0.9997050166130066,0,1,0,-0.9997050166130066,0,0.02428860031068325],8,1.3869009017944337],[[758.740966796875,224.69921875,46.40837860107422,0.025044720619916917,0,0.9996863603591919,0,1,0,-0.9996863603591919,0,0.025044720619916917],8,1.395019292831421],[[758.607666015625,224.69921875,46.403724670410159,0.025742582976818086,0,0.9996685981750488,0,1,0,-0.9996685981750488,0,0.025742582976818086],8,1.4032258987426758],[[758.474365234375,224.69921875,46.399070739746097,0.0263894684612751,0,0.9996517300605774,0,1,0,-0.9996517300605774,0,0.0263894684612751],8,1.412043809890747],[[758.2744140625,224.69921875,46.39208984375,0.027281444519758226,0,0.9996277689933777,0,1,0,-0.9996277689933777,0,0.027281444519758226],8,1.422391653060913],[[757.941162109375,224.69921875,46.380455017089847,0.028602851554751397,0,0.9995908737182617,0,1,0,-0.9995908737182617,0,0.028602851554751397],8,1.4435133934020997],[[757.807861328125,224.69921875,46.37580108642578,0.029067207127809526,0,0.9995774626731873,0,1,0,-0.9995774626731873,0,0.029067207127809526],8,1.4515798091888428],[[757.674560546875,224.69921875,46.37114715576172,0.029486577957868577,0,0.9995651841163635,0,1,0,-0.9995651841163635,0,0.029486577957868577],8,1.461374282836914],[[757.541259765625,224.69921875,46.366493225097659,0.02987183816730976,0,0.9995537400245667,0,1,0,-0.9995537400245667,0,0.02987183816730976],8,1.4717135429382325],[[757.34130859375,224.69921875,46.35951232910156,0.030400918796658517,0,0.9995377659797669,0,1,0,-0.9995377659797669,0,0.030400918796658517],8,1.4872217178344727],[[757.1414794921875,224.69921875,46.351959228515628,0.03109634853899479,0,0.9995163679122925,0,1,0,-0.9995163679122925,0,0.03109634853899479],8,1.4960522651672364],[[756.8751220703125,224.69921875,46.34132766723633,0.03223837912082672,0,0.9994801878929138,0,1,0,-0.9994801878929138,0,0.03223837912082672],8,1.5116658210754395],[[756.741943359375,224.69921875,46.336143493652347,0.03273327276110649,0,0.9994640946388245,0,1,0,-0.9994640946388245,0,0.03273327276110649],8,1.5193140506744385],[[756.6087646484375,224.69921875,46.33101272583008,0.033155571669340137,0,0.9994502067565918,0,1,0,-0.9994502067565918,0,0.033155571669340137],8,1.527104139328003],[[756.4755859375,224.69921875,46.325889587402347,0.03353402763605118,0,0.9994375705718994,0,1,0,-0.9994375705718994,0,0.03353402763605118],8,1.5373451709747315],[[756.3424072265625,224.69921875,46.320770263671878,0.0338805727660656,0,0.9994258880615234,0,1,0,-0.9994258880615234,0,0.0338805727660656],8,1.5484018325805665],[[756.1426391601563,224.69921875,46.31309127807617,0.034355778247117999,0,0.9994096755981445,0,1,0,-0.9994096755981445,0,0.034355778247117999],8,1.5584464073181153],[[755.8762817382813,224.69921875,46.302852630615237,0.03492147475481033,0,0.9993900656700134,0,1,0,-0.9993900656700134,0,0.03492147475481033],8,1.5731828212738038],[[755.7431030273438,224.69921875,46.297733306884769,0.035173941403627399,0,0.9993811845779419,0,1,0,-0.9993811845779419,0,0.035173941403627399],8,1.6029229164123536],[[755.2769775390625,224.69921875,46.279815673828128,0.03595170006155968,0,0.9993535280227661,0,1,0,-0.9993535280227661,0,0.03595170006155968],8,1.6092844009399415],[[755.0106201171875,224.69921875,46.26957702636719,0.036312807351350787,0,0.9993404746055603,0,1,0,-0.9993404746055603,0,0.036312807351350787],8,1.6257648468017579],[[754.9439697265625,224.69921875,46.26708984375,0.036367472261190417,0,0.9993385076522827,0,1,0,-0.9993385076522827,0,0.036367472261190417],8,1.6328566074371338],[[754.6773681640625,224.69921875,46.25847625732422,0.035981107503175738,0,0.9993524551391602,0,1,0,-0.9993524551391602,0,0.035981107503175738],8,1.6499536037445069],[[754.5440673828125,224.69921875,46.2546272277832,0.03556444123387337,0,0.999367356300354,0,1,0,-0.999367356300354,0,0.03556444123387337],8,1.6580355167388917],[[754.4107666015625,224.69921875,46.25088119506836,0.03508426249027252,0,0.999384343624115,0,1,0,-0.999384343624115,0,0.03508426249027252],8,1.665252923965454],[[754.2774658203125,224.69921875,46.2473258972168,0.03454045206308365,0,0.9994032979011536,0,1,0,-0.9994032979011536,0,0.03454045206308365],8,1.674057960510254],[[754.1441650390625,224.69921875,46.244171142578128,0.03385898843407631,0,0.9994266033172607,0,1,0,-0.9994266033172607,0,0.03385898843407631],8,1.682856798171997],[[753.8109130859375,225.7693328857422,46.236427307128909,0.03208589181303978,0,0.9994851350784302,0,1,0,-0.9994851350784302,0,0.03208589181303978],3,1.7051751613616944],[[753.6109619140625,226.37051391601563,46.231868743896487,0.03110126592218876,0,0.9995162487030029,0,1,0,-0.9995162487030029,0,0.03110126592218876],5,1.726320505142212],[[753.3443603515625,227.12440490722657,46.22581100463867,0.029931487515568734,0,0.9995519518852234,0,1,0,-0.9995519518852234,0,0.029931487515568734],5,1.732828140258789],[[753.2110595703125,227.48092651367188,46.22295379638672,0.02934696339070797,0,0.999569296836853,0,1,0,-0.999569296836853,0,0.02934696339070797],5,1.7400929927825928],[[753.0111083984375,227.99014282226563,46.218753814697269,0.02849224954843521,0,0.9995940327644348,0,1,0,-0.9995940327644348,0,0.02849224954843521],5,1.7527971267700196],[[752.8778076171875,228.31259155273438,46.21596145629883,0.02796132117509842,0,0.9996089935302734,0,1,0,-0.9996089935302734,0,0.02796132117509842],5,1.7618942260742188],[[752.6112060546875,228.91661071777345,46.21037673950195,0.026993034407496454,0,0.999635636806488,0,1,0,-0.999635636806488,0,0.026993034407496454],5,1.7757360935211182],[[752.5445556640625,229.05909729003907,46.208980560302737,0.026771267876029016,0,0.9996415972709656,0,1,0,-0.9996415972709656,0,0.026771267876029016],5,1.783893346786499],[[752.3446044921875,229.46612548828126,46.205074310302737,0.026049470528960229,0,0.9996606707572937,0,1,0,-0.9996606707572937,0,0.026049470528960229],5,1.7940781116485596],[[752.2113037109375,229.72044372558595,46.202510833740237,0.025577185675501825,0,0.9996728301048279,0,1,0,-0.9996728301048279,0,0.025577185675501825],5,1.8027853965759278],[[752.0780029296875,229.96115112304688,46.199947357177737,0.025132866576313974,0,0.9996840953826904,0,1,0,-0.9996840953826904,0,0.025132866576313974],5,1.8131277561187745],[[751.9447021484375,230.18821716308595,46.19755554199219,0.024655181914567949,0,0.9996960163116455,0,1,0,-0.9996960163116455,0,0.024655181914567949],5,1.821746587753296],[[751.7447509765625,230.50328063964845,46.194053649902347,0.023932496085762979,0,0.9997135996818543,0,1,0,-0.9997135996818543,0,0.023932496085762979],5,1.8318731784820557],[[751.6114501953125,230.6962890625,46.19172668457031,0.023478712886571885,0,0.9997243285179138,0,1,0,-0.9997243285179138,0,0.023478712886571885],5,1.841991662979126],[[751.4114990234375,230.9602508544922,46.188236236572269,0.022851331159472467,0,0.999738872051239,0,1,0,-0.999738872051239,0,0.022851331159472467],5,1.8540468215942383],[[751.2781982421875,231.11920166015626,46.18608093261719,0.02240624465048313,0,0.999748945236206,0,1,0,-0.999748945236206,0,0.02240624465048313],5,1.8628172874450684],[[751.0782470703125,231.3320770263672,46.18292999267578,0.02173374406993389,0,0.9997637867927551,0,1,0,-0.9997637867927551,0,0.02173374406993389],5,1.8729312419891358],[[750.9449462890625,231.45697021484376,46.18083190917969,0.021311640739440919,0,0.9997729063034058,0,1,0,-0.9997729063034058,0,0.021311640739440919],5,1.8819775581359864],[[750.8116455078125,231.56822204589845,46.178733825683597,0.02091878093779087,0,0.9997811913490295,0,1,0,-0.9997811913490295,0,0.02091878093779087],5,1.8926723003387452],[[750.6116943359375,231.70956420898438,46.175872802734378,0.020266782492399217,0,0.999794602394104,0,1,0,-0.999794602394104,0,0.020266782492399217],5,1.9043562412261963],[[750.4117431640625,231.82025146484376,46.173641204833987,0.019403157755732538,0,0.9998117685317993,0,1,0,-0.9998117685317993,0,0.019403157755732538],5,1.9198203086853028],[[750.0784912109375,231.93661499023438,46.170143127441409,0.01790565811097622,0,0.9998396635055542,0,1,0,-0.9998396635055542,0,0.01790565811097622],5,1.944535732269287],[[749.8118896484375,231.9683837890625,46.16854476928711,0.016371391713619233,0,0.9998660087585449,0,1,0,-0.9998660087585449,0,0.016371391713619233],5,1.9522790908813477],[[749.6785888671875,231.9638214111328,46.16836166381836,0.015407808125019074,0,0.9998812675476074,0,1,0,-0.9998812675476074,0,0.015407808125019074],5,1.9601962566375733],[[749.6119384765625,231.95643615722657,46.168487548828128,0.014854605309665203,0,0.9998896718025208,0,1,0,-0.9998896718025208,0,0.014854605309665203],5,1.9690515995025635],[[749.4119873046875,231.91384887695313,46.16940689086914,0.01297665387392044,0,0.9999157786369324,0,1,0,-0.9999157786369324,0,0.01297665387392044],5,1.9779901504516602],[[749.2786865234375,231.86842346191407,46.17026901245117,0.01166375633329153,0,0.9999319911003113,0,1,0,-0.9999319911003113,0,0.01166375633329153],5,1.9871726036071778],[[749.0787353515625,231.7747344970703,46.171653747558597,0.009757810272276402,0,0.9999523758888245,0,1,0,-0.9999523758888245,0,0.009757810272276402],5,1.996837854385376],[[748.9454345703125,231.69525146484376,46.17275619506836,0.008513993583619595,0,0.9999637603759766,0,1,0,-0.9999637603759766,0,0.008513993583619595],5,2.0073137283325197],[[748.8121337890625,231.6021270751953,46.1740837097168,0.00725987832993269,0,0.9999736547470093,0,1,0,-0.9999736547470093,0,0.00725987832993269],5,2.0159926414489748],[[748.6788330078125,231.49539184570313,46.17564392089844,0.005980523303151131,0,0.9999821186065674,0,1,0,-0.9999821186065674,0,0.005980523303151131],5,2.0266644954681398],[[748.4788818359375,231.3097381591797,46.17835998535156,0.004011563025414944,0,0.9999919533729553,0,1,0,-0.9999919533729553,0,0.004011563025414944],5,2.036224842071533],[[748.2789306640625,231.0934295654297,46.181148529052737,0.0021455322857946159,0,0.9999976754188538,0,1,0,-0.9999976754188538,0,0.0021455322857946159],5,2.047407627105713],[[748.1456298828125,230.93218994140626,46.18301010131836,0.0010029576951637865,0,0.9999995231628418,0,1,0,-0.9999995231628418,0,0.0010029576951637865],5,2.0586585998535158],[[747.9456787109375,230.66477966308595,46.186370849609378,-0.0007835299475118518,0,0.9999997019767761,0,1,0,-0.9999997019767761,0,-0.0007835299475118518],5,2.0718557834625246],[[747.7457275390625,230.36671447753907,46.19042205810547,-0.0027245834935456516,0,0.9999963045120239,0,1,0,-0.9999963045120239,0,-0.0027245834935456516],5,2.080533742904663],[[747.6124267578125,230.15097045898438,46.19321060180664,-0.003987027797847986,0,0.9999920725822449,0,1,0,-0.9999920725822449,0,-0.003987027797847986],5,2.0918993949890138],[[747.4791259765625,229.92161560058595,46.19617462158203,-0.005235584452748299,0,0.9999862909317017,0,1,0,-0.9999862909317017,0,-0.005235584452748299],5,2.1006569862365724],[[747.2791748046875,229.55201721191407,46.200706481933597,-0.007028947118669748,0,0.999975323677063,0,1,0,-0.999975323677063,0,-0.007028947118669748],5,2.1116461753845217],[[747.1458740234375,229.28858947753907,46.204078674316409,-0.008261763490736485,0,0.9999658465385437,0,1,0,-0.9999658465385437,0,-0.008261763490736485],7,2.1224985122680666],[[746.9459228515625,228.86790466308595,46.20930099487305,-0.010082272812724114,0,0.9999491572380066,0,1,0,-0.9999491572380066,0,-0.010082272812724114],7,2.1319873332977297],[[746.8126220703125,228.57040405273438,46.21279525756836,-0.011216700077056885,0,0.999937117099762,0,1,0,-0.999937117099762,0,-0.011216700077056885],7,2.1412060260772707],[[746.4793701171875,228.51882934570313,46.22153091430664,-0.013790849596261979,0,0.9999049305915833,0,1,0,-0.9999049305915833,0,-0.013790849596261979],8,2.163949489593506],[[746.3460693359375,228.55503845214845,46.225196838378909,-0.014763186685740948,0,0.9998910427093506,0,1,0,-0.9998910427093506,0,-0.014763186685740948],8,2.171994686126709],[[746.1461181640625,228.60289001464845,46.230777740478519,-0.016129078343510629,0,0.9998699426651001,0,1,0,-0.9998699426651001,0,-0.016129078343510629],8,2.1809794902801515],[[746.0794677734375,228.61573791503907,46.232784271240237,-0.016602773219347,0,0.9998621940612793,0,1,0,-0.9998621940612793,0,-0.016602773219347],8,2.1898601055145265],[[745.8795166015625,228.64553833007813,46.23902130126953,-0.018062451854348184,0,0.9998368620872498,0,1,0,-0.9998368620872498,0,-0.018062451854348184],8,2.200040340423584],[[745.7462158203125,228.65945434570313,46.24320983886719,-0.018994785845279695,0,0.9998195767402649,0,1,0,-0.9998195767402649,0,-0.018994785845279695],8,2.2083213329315187],[[745.6129150390625,228.66981506347657,46.247398376464847,-0.019866513088345529,0,0.9998026490211487,0,1,0,-0.9998026490211487,0,-0.019866513088345529],8,2.2199459075927736],[[745.4129638671875,228.68057250976563,46.25368118286133,-0.021073149517178537,0,0.9997779130935669,0,1,0,-0.9997779130935669,0,-0.021073149517178537],8,2.228466033935547],[[745.2796630859375,228.68545532226563,46.257869720458987,-0.02180900238454342,0,0.9997621774673462,0,1,0,-0.9997621774673462,0,-0.02180900238454342],8,2.2383358478546144],[[745.0797119140625,228.6905059814453,46.26415252685547,-0.022817468270659448,0,0.9997396469116211,0,1,0,-0.9997396469116211,0,-0.022817468270659448],8,2.2478690147399904],[[744.9464111328125,228.6927947998047,46.268341064453128,-0.02343032695353031,0,0.9997254610061646,0,1,0,-0.9997254610061646,0,-0.02343032695353031],8,2.2580347061157228],[[744.8131103515625,228.69448852539063,46.27252960205078,-0.023995744064450265,0,0.9997120499610901,0,1,0,-0.9997120499610901,0,-0.023995744064450265],8,2.26985239982605],[[744.6131591796875,228.6962432861328,46.278812408447269,-0.024773728102445604,0,0.9996930956840515,0,1,0,-0.9996930956840515,0,-0.024773728102445604],8,2.279846429824829],[[744.4798583984375,228.69703674316407,46.28300094604492,-0.025247184559702874,0,0.9996812343597412,0,1,0,-0.9996812343597412,0,-0.025247184559702874],8,2.2896854877471926],[[744.2799072265625,228.69786071777345,46.289283752441409,-0.025895629078149797,0,0.9996646642684937,0,1,0,-0.9996646642684937,0,-0.025895629078149797],8,2.298863172531128],[[744.1466064453125,228.69822692871095,46.29347229003906,-0.02628961019217968,0,0.9996543526649475,0,1,0,-0.9996543526649475,0,-0.02628961019217968],8,2.3085029125213625],[[744.0133056640625,228.69850158691407,46.29766082763672,-0.026653073728084565,0,0.9996447563171387,0,1,0,-0.9996447563171387,0,-0.026653073728084565],8,2.318301200866699],[[743.8133544921875,228.6987762451172,46.3039436340332,-0.027153171598911287,0,0.9996312856674194,0,1,0,-0.9996312856674194,0,-0.027153171598911287],8,2.3281829357147219],[[743.6134033203125,228.69894409179688,46.31022644042969,-0.02760426700115204,0,0.9996189475059509,0,1,0,-0.9996189475059509,0,-0.02760426700115204],8,2.3395490646362306],[[743.4801025390625,228.69903564453126,46.314414978027347,-0.027877202257514,0,0.9996113777160645,0,1,0,-0.9996113777160645,0,-0.027877202257514],8,2.352464437484741],[[743.2801513671875,228.69912719726563,46.32069778442383,-0.028250347822904588,0,0.999600887298584,0,1,0,-0.999600887298584,0,-0.028250347822904588],8,2.361560821533203],[[743.1468505859375,228.69915771484376,46.324886322021487,-0.02847691997885704,0,0.9995944499969482,0,1,0,-0.9995944499969482,0,-0.02847691997885704],8,2.371492385864258],[[743.0135498046875,228.69918823242188,46.32907485961914,-0.028685905039310457,0,0.9995884895324707,0,1,0,-0.9995884895324707,0,-0.028685905039310457],8,2.3804659843444826],[[742.8135986328125,228.69921875,46.335357666015628,-0.028973432257771493,0,0.9995802044868469,0,1,0,-0.9995802044868469,0,-0.028973432257771493],8,2.390317916870117],[[742.6136474609375,228.69921875,46.34164047241211,-0.02923278510570526,0,0.9995726346969605,0,1,0,-0.9995726346969605,0,-0.02923278510570526],8,2.40307354927063],[[742.4803466796875,228.69921875,46.345829010009769,-0.029389701783657075,0,0.9995680451393127,0,1,0,-0.9995680451393127,0,-0.029389701783657075],8,2.412238121032715],[[742.2803955078125,228.69921875,46.35211181640625,-0.02960423193871975,0,0.9995617270469666,0,1,0,-0.9995617270469666,0,-0.02960423193871975],8,2.422614574432373],[[742.1470947265625,228.69921875,46.356300354003909,-0.029734492301940919,0,0.9995578527450562,0,1,0,-0.9995578527450562,0,-0.029734492301940919],8,2.43165922164917],[[742.0137939453125,228.69921875,46.36048889160156,-0.02985464408993721,0,0.9995542764663696,0,1,0,-0.9995542764663696,0,-0.02985464408993721],8,2.4420106410980226],[[741.8804931640625,228.69921875,46.36467742919922,-0.029965991154313089,0,0.9995509386062622,0,1,0,-0.9995509386062622,0,-0.029965991154313089],8,2.4512741565704347],[[741.6805419921875,228.69921875,46.3709602355957,-0.030119510367512704,0,0.9995462894439697,0,1,0,-0.9995462894439697,0,-0.030119510367512704],8,2.4619264602661135],[[741.4139404296875,229.56211853027345,46.379337310791019,-0.0303199402987957,0,0.9995402693748474,0,1,0,-0.9995402693748474,0,-0.0303199402987957],3,2.4816832542419435],[[741.1473388671875,230.37051391601563,46.38771438598633,-0.03048458695411682,0,0.9995352625846863,0,1,0,-0.9995352625846863,0,-0.03048458695411682],5,2.5078487396240236],[[740.8140869140625,231.3043670654297,46.39818572998047,-0.030652083456516267,0,0.9995301365852356,0,1,0,-0.9995301365852356,0,-0.030652083456516267],5,2.513577699661255],[[740.7474365234375,231.48092651367188,46.4002799987793,-0.030681710690259935,0,0.9995291829109192,0,1,0,-0.9995291829109192,0,-0.030681710690259935],5,2.522280216217041],[[740.6141357421875,231.8238067626953,46.40446853637695,-0.030736105516552926,0,0.9995275139808655,0,1,0,-0.9995275139808655,0,-0.030736105516552926],5,2.5285913944244386],[[740.4808349609375,232.153076171875,46.40865707397461,-0.030785799026489259,0,0.9995260238647461,0,1,0,-0.9995260238647461,0,-0.030785799026489259],5,2.537428379058838],[[740.3475341796875,232.4687042236328,46.412845611572269,-0.03083167038857937,0,0.9995245933532715,0,1,0,-0.9995245933532715,0,-0.03083167038857937],5,2.545133113861084],[[740.1475830078125,232.91661071777345,46.41912841796875,-0.030894804745912553,0,0.9995226263999939,0,1,0,-0.9995226263999939,0,-0.030894804745912553],5,2.556412696838379],[[740.0142822265625,233.19818115234376,46.423316955566409,-0.030933229252696039,0,0.9995214343070984,0,1,0,-0.9995214343070984,0,-0.030933229252696039],5,2.5684762001037599],[[739.7476806640625,233.72044372558595,46.43209457397461,-0.031163563951849939,0,0.9995142817497253,0,1,0,-0.9995142817497253,0,-0.031163563951849939],5,2.593904972076416],[[739.4144287109375,234.29664611816407,46.443668365478519,-0.03171620890498161,0,0.9994969367980957,0,1,0,-0.9994969367980957,0,-0.03171620890498161],5,2.6018965244293215],[[739.3478393554688,234.40167236328126,46.4462890625,-0.03192866966128349,0,0.9994901418685913,0,1,0,-0.9994901418685913,0,-0.03192866966128349],5,2.6095919609069826],[[739.2146606445313,234.6014862060547,46.45230484008789,-0.032670799642801288,0,0.9994661808013916,0,1,0,-0.9994661808013916,0,-0.032670799642801288],5,2.6177022457122804],[[739.014892578125,234.87567138671876,46.46254348754883,-0.0343608595430851,0,0.9994094967842102,0,1,0,-0.9994094967842102,0,-0.0343608595430851],5,2.6267178058624269],[[738.8817749023438,235.0414276123047,46.47003173828125,-0.035755883902311328,0,0.9993605613708496,0,1,0,-0.9993605613708496,0,-0.035755883902311328],5,2.6368086338043215],[[738.7487182617188,235.19357299804688,46.47820281982422,-0.03739083930850029,0,0.9993007183074951,0,1,0,-0.9993007183074951,0,-0.03739083930850029],5,2.645719528198242],[[738.4163208007813,235.51429748535157,46.5026969909668,-0.043125513941049579,0,0.9990696907043457,0,1,0,-0.9990696907043457,0,-0.043125513941049579],5,2.666123628616333],[[738.217041015625,235.66586303710938,46.51939392089844,-0.04715576767921448,0,0.9988875389099121,0,1,0,-0.9988875389099121,0,-0.04715576767921448],5,2.6802375316619875],[[738.0179443359375,235.78675842285157,46.53815841674805,-0.05175517126917839,0,0.9986597895622253,0,1,0,-0.9986597895622253,0,-0.05175517126917839],5,2.6997833251953127],[[737.7525634765625,235.90028381347657,46.56450653076172,-0.05809781327843666,0,0.998310923576355,0,1,0,-0.998310923576355,0,-0.05809781327843666],5,2.706442356109619],[[737.6234130859375,235.93661499023438,46.58430862426758,-0.0892067402601242,0,0.9960131049156189,0,1,0,-0.9960131049156189,0,-0.0892067402601242],5,2.7186522483825685],[[737.4384765625,235.96554565429688,46.63041687011719,-0.1595834344625473,0,0.987184464931488,0,1,0,-0.987184464931488,0,-0.1595834344625473],5,2.7411305904388429],[[737.15380859375,235.94564819335938,46.750999450683597,-0.27860766649246218,0,0.9604049921035767,0,1,0,-0.9604049921035767,0,-0.27860766649246218],5,2.74657940864563],[[737.0481567382813,235.91384887695313,46.81454086303711,-0.32065388560295107,0,0.9471964240074158,0,1,0,-0.9471964240074158,0,-0.32065388560295107],5,2.754390001296997],[[736.9970703125,235.89283752441407,46.84959030151367,-0.339852511882782,0,0.9404787421226502,0,1,0,-0.9404787421226502,0,-0.339852511882782],5,2.7623536586761476],[[736.29296875,235.0934295654297,47.62038803100586,-0.5954883694648743,0,0.8033639192581177,0,1,0,-0.8033639192581177,0,-0.5954883694648743],5,2.831599235534668],[[736.208740234375,234.93218994140626,47.72372055053711,-0.6158053874969482,0,0.7878983020782471,0,1,0,-0.7878983020782471,0,-0.6158053874969482],5,2.840876579284668],[[735.703369140625,233.67861938476563,48.34371566772461,-0.6878148913383484,0,0.7258861064910889,0,1,0,-0.7258861064910889,0,-0.6878148913383484],5,2.8879518508911135],[[735.5230712890625,233.15176391601563,48.52852249145508,-0.649702250957489,0,0.7601887583732605,0,1,0,-0.7601887583732605,0,-0.649702250957489],5,2.9165213108062746],[[735.162353515625,232.0986328125,48.76770782470703,-0.5375577807426453,0,0.8432269096374512,0,1,0,-0.8432269096374512,0,-0.5375577807426453],5,2.974996328353882],[[734.416748046875,229.90493774414063,48.93528366088867,-0.3606697916984558,0,0.932693600654602,0,1,0,-0.932693600654602,0,-0.3606697916984558],5,2.9887630939483644],[[734.217041015625,229.27987670898438,48.9448127746582,-0.3243112862110138,0,0.945950448513031,0,1,0,-0.945950448513031,0,-0.3243112862110138],5,2.994588851928711],[[734.083740234375,228.8461456298828,48.948299407958987,-0.3032439947128296,0,0.9529129266738892,0,1,0,-0.9529129266738892,0,-0.3032439947128296],5,3.004629373550415],[[733.950439453125,228.39877319335938,48.95119094848633,-0.2837895452976227,0,0.9588865637779236,0,1,0,-0.9588865637779236,0,-0.2837895452976227],5,3.0248560905456545],[[733.550537109375,226.9749298095703,48.95330047607422,-0.2281646728515625,0,0.9736225605010986,0,1,0,-0.9736225605010986,0,-0.22816467