[[[776,222.69961547851563,47,1,-9.079088592045537e-9,-2.8161871909438385e-15,9.079088592045537e-9,1,7.203142615708203e-8,2.1622076636871334e-15,-7.203142615708203e-8,1],8,0.004093170166015625],[[776,222.69961547851563,47,1,-1.0980740761112884e-8,-2.978502844076759e-15,1.0980740761112884e-8,1,8.711869270427997e-8,2.0218750566343035e-15,-8.711869270427997e-8,1],8,0.02051997184753418],[[776,222.69961547851563,47,1,-1.28807684518506e-8,-3.169324544016576e-15,1.28807684518506e-8,1,1.0219307000625122e-7,1.852999133324898e-15,-1.0219307000625122e-7,1],8,0.0375211238861084],[[776,222.69961547851563,47,1,-1.4779172552437103e-8,-3.388578598896878e-15,1.4779172552437103e-8,1,1.172545722738505e-7,1.6556530562297366e-15,-1.172545722738505e-7,1],8,0.054345130920410159],[[776,222.69961547851563,47,1,-1.6675954839229236e-8,-3.636192163884201e-15,1.6675954839229236e-8,1,1.3230321371793253e-7,1.4299100936987562e-15,-1.3230321371793253e-7,1],8,0.07071638107299805],[[776,222.69961547851563,47,1,-9.677526335849507e-9,-2.9994891441361686e-15,9.677526335849507e-9,1,7.677927982285837e-8,2.2564555374204617e-15,-7.677927982285837e-8,1],8,0.08759236335754395],[[776,222.69961547851563,47,1,-2.6850792700372496e-9,-2.7989479528848454e-15,2.6850792700372496e-9,1,2.1302779984466725e-8,2.7417484532314729e-15,-2.1302779984466725e-8,1],8,0.10997533798217774],[[776,222.69961547851563,47,1,4.301393019545685e-9,-2.991381556523287e-15,-4.301393019545685e-9,1,-3.412633375887708e-8,2.8445909585223538e-15,3.412633375887708e-8,1],8,0.12102580070495606],[[776,222.69961547851563,47,1,1.1281895417880606e-8,-3.570918957935838e-15,-1.1281895417880606e-8,1,-8.950809160523932e-8,2.5610981366805224e-15,8.950809160523932e-8,1],8,0.1368722915649414],[[776,222.69961547851563,47,1,1.1328577187441624e-8,-3.670634641101929e-15,-1.1328577187441624e-8,1,-8.987844779539955e-8,2.652439840371821e-15,8.987844779539955e-8,1],8,0.15459680557250977],[[776,222.69961547851563,47,1,8.501807258198824e-9,-3.4785063928409727e-15,-8.501807258198824e-9,1,-6.745145952891107e-8,2.905047088099682e-15,6.745145952891107e-8,1],8,0.17294836044311524],[[776,222.69961547851563,47,1,6.807194807834094e-9,-3.387858409133475e-15,-6.807194807834094e-9,1,-5.400676172939711e-8,3.0202238754102434e-15,5.400676172939711e-8,1],8,0.18878674507141114],[[776,222.69961547851563,47,-0.3412182331085205,4.792817165366614e-8,0.9399840831756592,-2.2897921780895559e-8,1,-5.930032287437825e-8,-0.9399840831756592,-4.175803525185984e-8,-0.3412182331085205],8,0.21094942092895509],[[776,222.69961547851563,47,-0.26184970140457156,5.079794362927714e-8,0.9651086926460266,-3.505072498910522e-8,1,-6.214425951611702e-8,-0.9651086926460266,-5.01002119790428e-8,-0.26184970140457156],8,0.22843313217163087],[[776,222.69961547851563,47,-0.15058474242687226,5.426034022093518e-8,0.9885970950126648,-5.3786099130093137e-8,1,-6.307899269586415e-8,-0.9885970950126648,-6.26715177531878e-8,-0.15058474242687226],8,0.23758888244628907],[[775.7765502929688,222.69961547851563,47.03407287597656,-0.010712734423577786,5.958280979712072e-8,0.9999426007270813,-7.76678419356358e-8,1,-6.041830857839159e-8,-0.9999426007270813,-7.831063442154118e-8,-0.010712734423577786],8,0.25701260566711428],[[775.5783081054688,222.69961547851563,47.042884826660159,0.023955008015036584,6.064620805545928e-8,0.9997130632400513,-9.17029865377117e-8,1,-5.846624162586522e-8,-0.9997130632400513,-9.027611014289505e-8,0.023955008015036584],8,0.276630163192749],[[775.311767578125,222.69961547851563,47.039031982421878,0.10575056821107865,6.587470835484055e-8,0.9943926930427551,-1.0997707278193048e-7,1,-5.455045126723235e-8,-0.9943926930427551,-1.0359165969475726e-7,0.10575056821107865],8,0.2874023914337158],[[775.04638671875,222.69961547851563,47.014286041259769,0.2276957631111145,6.666381580089365e-8,0.9737323522567749,-1.1105577613079731e-7,1,-4.2493081053862627e-8,-0.9737323522567749,-9.8463104336588e-8,0.2276957631111145],8,0.30513525009155276],[[774.78564453125,222.69961547851563,46.959651947021487,0.295263409614563,3.50174289565075e-8,0.9554159045219421,-5.962233728951105e-8,1,-1.822571249476823e-8,-0.9554159045219421,-5.158274518635153e-8,0.295263409614563],8,0.32153892517089846],[[774.5299682617188,222.69961547851563,46.884334564208987,0.35456418991088869,3.0174071574684549e-11,0.9350316524505615,-6.754547587917159e-9,1,2.5290551874945779e-9,-0.9350316524505615,-7.212428432268325e-9,0.35456418991088869],8,0.33802080154418948],[[774.2797241210938,222.69961547851563,46.79229736328125,0.40444886684417727,-3.768782974589158e-8,0.9145606160163879,4.711138146262783e-8,1,2.037446655833719e-8,-0.9145606160163879,3.484578670054361e-8,0.40444886684417727],8,0.3536229133605957],[[774.0350341796875,222.69961547851563,46.686466217041019,0.4423985183238983,-7.71880479533138e-8,0.8968185782432556,1.0163066832546974e-7,1,3.593456909811721e-8,-0.8968185782432556,7.524686651549928e-8,0.4423985183238983],8,0.3718574047088623],[[773.7353515625,222.69961547851563,46.540550231933597,0.47344914078712466,-5.9050218936818058e-8,0.880821168422699,7.99831951781016e-8,1,2.404829402280484e-8,-0.880821168422699,5.906524691567938e-8,0.47344914078712466],8,0.3899209499359131],[[773.5585327148438,222.69961547851563,46.44704818725586,0.5024167895317078,-4.855711566165155e-8,0.8646255731582642,6.67765078787852e-8,1,1.7357200121637108e-8,-0.8646255731582642,4.9016126268952578e-8,0.5024167895317078],8,0.41194701194763186],[[773.2696533203125,222.69961547851563,46.280792236328128,0.5396828055381775,-2.996738857063974e-8,0.8418684005737305,4.4318724690128877e-8,1,7.185604555814962e-9,-0.8418684005737305,3.343258825339035e-8,0.5396828055381775],8,0.42345619201660159],[[773.1004028320313,222.69961547851563,46.174278259277347,0.5528514385223389,-1.8089963305101265e-8,0.8332798480987549,3.076137033986015e-8,1,1.3002787735416633e-9,-0.8332798480987549,2.4913967777706604e-8,0.5528514385223389],8,0.43691349029541018],[[772.8778076171875,222.69961547851563,46.02743911743164,0.5716272592544556,-2.1308608211256798e-9,0.8205134272575378,1.2525045889333342e-8,1,-6.1288414343607659e-9,-0.8205134272575378,1.3780380392347525e-8,0.5716272592544556],8,0.4532771110534668],[[772.6585083007813,222.69961547851563,45.875755310058597,0.5886996984481812,1.4086723787443134e-8,0.8083518147468567,-5.8472751085503209e-9,1,-1.3168071077984678e-8,-0.8083518147468567,3.0253839433669329e-9,0.5886996984481812],8,0.47138047218322756],[[772.4424438476563,222.69961547851563,45.71945571899414,0.6055133938789368,3.0512062210164007e-8,0.7958350777626038,-2.4347277971514815e-8,1,-1.9814985208199688e-8,-0.7958350777626038,-7.378179400774343e-9,0.6055133938789368],8,0.4869358539581299],[[772.229736328125,222.69961547851563,45.558658599853519,0.6206923723220825,4.7125944035997239e-8,0.784054160118103,-4.2955658585697168e-8,1,-2.6099849392835496e-8,-0.784054160118103,-1.7479585778801267e-8,0.6206923723220825],8,0.5036838054656982],[[772.0202026367188,222.69961547851563,45.39374923706055,0.6206925511360169,6.358962423291814e-8,0.7840540409088135,-6.154814258252373e-8,1,-3.2379343650745798e-8,-0.7840540409088135,-2.8159449882991795e-8,0.6206925511360169],8,0.5193367004394531],[[771.8112182617188,222.69961547851563,45.22824478149414,0.620692789554596,8.003924278909835e-8,0.7840538620948792,-8.012472818563765e-8,1,-3.865346798193059e-8,-0.7840538620948792,-3.883017285488677e-8,0.620692789554596],8,0.5369987487792969],[[771.6022338867188,222.69961547851563,45.0627326965332,0.620692789554596,9.647479259911052e-8,0.7840538620948792,-9.86854402640347e-8,1,-4.492223126817407e-8,-0.7840538620948792,-4.9491795550693499e-8,0.620692789554596],8,0.5535528659820557],[[771.3932495117188,222.69961547851563,44.897220611572269,0.620692789554596,1.128962949792367e-7,0.7840538620948792,-1.1723029302856958e-7,1,-5.1185637062189929e-8,-0.7840538620948792,-6.014430908862778e-8,0.620692789554596],8,0.5706291198730469],[[771.1842651367188,222.69961547851563,44.73170852661133,0.620692789554596,6.760329540611565e-8,0.7840538620948792,-7.106854127414408e-8,1,-2.996167580704423e-8,-0.7840538620948792,-3.712456830839983e-8,0.620692789554596],8,0.586524486541748],[[770.9752807617188,222.69961547851563,44.56619644165039,0.620692789554596,2.2349013306666167e-8,0.7840538620948792,-2.4946242405121667e-8,1,-8.75585381976407e-9,-0.7840538620948792,-1.4124503344703499e-8,0.620692789554596],8,0.6027388572692871],[[770.7662963867188,222.69961547851563,44.40068435668945,0.620692789554596,-2.2866588622605378e-8,0.7840538620948792,2.113663377656394e-8,1,1.243184133414843e-8,-0.7840538620948792,8.85590534238645e-9,0.620692789554596],8,0.6196873188018799],[[770.5573120117188,222.69961547851563,44.235172271728519,0.620692789554596,-6.804354768519261e-8,0.7840538620948792,6.718012457440637e-8,1,3.3601427418261667e-8,-0.7840538620948792,3.181667196372473e-8,0.620692789554596],8,0.6374742984771729],[[770.3483276367188,222.69961547851563,44.06966018676758,0.6151993870735169,-8.158578879147172e-8,0.7883715629577637,8.158214370723727e-8,1,3.9824499253882098e-8,-0.7883715629577637,3.9817031449729259e-8,0.6151993870735169],8,0.6544437408447266],[[770.0870971679688,223.7697296142578,43.862770080566409,0.6082910299301148,-5.923192247792031e-8,0.7937141060829163,6.037115696244655e-8,1,2.8358691395169445e-8,-0.7937141060829163,3.066709908239318e-8,0.6082910299301148],3,0.6729369163513184],[[769.9287719726563,224.37091064453126,43.74064254760742,0.6082910299301148,-4.6041378709560379e-8,0.7937141060829163,4.765542627183095e-8,1,2.1485078605110176e-8,-0.7937141060829163,2.475560378911723e-8,0.6082910299301148],5,0.692401647567749],[[769.7171020507813,225.1248016357422,43.578407287597659,0.6045075058937073,-2.833728629525467e-8,0.7965994477272034,3.076931065493227e-8,1,1.2223214440609809e-8,-0.7965994477272034,1.7121791984209268e-8,0.6045075058937073],5,0.7037906646728516],[[769.5047607421875,225.82420349121095,43.417144775390628,0.6017452478408814,-1.0711701747823099e-8,0.7986881136894226,1.3929302156157064e-8,1,2.9170468263117756e-9,-0.7986881136894226,9.369848896767508e-9,0.6017452478408814],5,0.7198028564453125],[[769.291748046875,226.46910095214845,43.256675720214847,0.5976471304893494,6.883247749556176e-9,0.8017592430114746,-2.8491855541545876e-9,1,-6.461341239827334e-9,-0.8017592430114746,1.5772413375358952e-9,0.5976471304893494],5,0.736870288848877],[[769.0779418945313,227.0594940185547,43.09727096557617,0.59092777967453,2.442160251803216e-8,0.806724488735199,-1.9537383266765575e-8,1,-1.5961360233518463e-8,-0.806724488735199,-6.329273993799234e-9,0.59092777967453],5,0.7532815933227539],[[768.86279296875,227.5953826904297,42.939632415771487,0.5826809406280518,4.18535144319776e-8,0.8127010464668274,-3.6120166413411428e-8,1,-2.5602259867696376e-8,-0.8127010464668274,-1.4436947637364029e-8,0.5826809406280518],5,0.7707858085632324],[[768.6461181640625,228.0767822265625,42.78419876098633,0.5715978741645813,5.911640243994043e-8,0.8205339312553406,-5.2569113506706347e-8,1,-3.542572812875733e-8,-0.8205339312553406,-2.2885469519451364e-8,0.5715978741645813],5,0.7868504524230957],[[768.4273681640625,228.50367736816407,42.631690979003909,0.5575591921806336,7.613722630139819e-8,0.8301371932029724,-6.885429826297696e-8,1,-4.547065302062947e-8,-0.8301371932029724,-3.1805935662987397e-8,0.5575591921806336],5,0.8045623302459717],[[768.2060546875,228.87606811523438,42.48291015625,0.5404291749000549,9.283478163979453e-8,0.841389536857605,-8.494253478374958e-8,1,-5.577601669415344e-8,-0.841389536857605,-4.1326774891103926e-8,0.5404291749000549],5,0.8207111358642578],[[767.9817504882813,229.1939697265625,42.338687896728519,0.5187357068061829,1.0904303593406439e-7,0.8549346923828125,-1.0078957046744108e-7,1,-6.639090344151555e-8,-0.8549346923828125,-5.1729166727909617e-8,0.5187357068061829],5,0.8367946147918701],[[767.7538452148438,229.45736694335938,42.20021438598633,0.48805755376815798,1.2431902973730758e-7,0.8728114366531372,-1.1632132412842111e-7,1,-7.739075158497144e-8,-0.8728114366531372,-6.375544359116248e-8,0.48805755376815798],5,0.8535945415496826],[[767.521240234375,229.666259765625,42.0698356628418,0.45325714349746706,1.3877991023036885e-7,0.8913798332214356,-1.3146433275323944e-7,1,-8.884289570687543e-8,-0.8913798332214356,-7.691596692893654e-8,0.45325714349746706],5,0.8716535568237305],[[767.28369140625,229.82064819335938,41.94877624511719,0.4114745259284973,1.520046879477377e-7,0.9114212393760681,-1.4613739551805339e-7,1,-1.0080176338078673e-7,-0.9114212393760681,-9.171537129759599e-8,0.4114745259284973],5,0.8882970809936523],[[767.040771484375,229.92054748535157,41.838802337646487,0.34608572721481326,1.0439206477030894e-7,0.9382029175758362,-1.0378040826708457e-7,1,-7.298543636125032e-8,-0.9382029175758362,-7.210785923916774e-8,0.34608572721481326],5,0.9042787551879883],[[766.791259765625,229.9659423828125,41.745086669921878,0.3001103401184082,6.044297151674982e-8,0.9539045095443726,-6.267730157105689e-8,1,-4.364468964013213e-8,-0.9539045095443726,-4.6689937249766447e-8,0.3001103401184082],5,0.9215507507324219],[[766.5369262695313,229.9568328857422,41.665077209472659,0.2585911452770233,1.837502416890402e-8,0.9659868478775024,-2.277444188791833e-8,1,-1.2925387871121075e-8,-0.9659868478775024,-1.8657420497447675e-8,0.2585911452770233],5,0.9378321170806885],[[766.2793579101563,229.8932342529297,41.59602355957031,0.2222401648759842,-2.2093074036888539e-8,0.9749919772148132,1.5990979207458623e-8,1,1.9014757768331948e-8,-0.9749919772148132,1.1365233199001068e-8,0.2222401648759842],5,0.9543147087097168],[[766.0193481445313,229.77513122558595,41.53666687011719,0.19389879703521729,-6.132906804623417e-8,0.981021523475647,5.382309709034416e-8,1,5.187738594258917e-8,-0.981021523475647,4.274265563708468e-8,0.19389879703521729],5,0.9697659015655518],[[765.7578125,229.60252380371095,41.48493576049805,0.1645067036151886,-9.944702128450445e-8,0.9863759875297546,9.065919215345275e-8,1,8.570056309054053e-8,-0.9863759875297546,7.532573675916865e-8,0.1645067036151886],5,0.9883325099945068],[[765.4948120117188,229.37542724609376,41.44093704223633,0.13674306869506837,-1.0805386096990333e-7,0.9906065464019775,1.0025921426404239e-7,1,9.523873245598225e-8,-0.9906065464019775,8.629420022998602e-8,0.13674306869506837],5,1.0040621757507325],[[765.230712890625,229.0938262939453,41.40436935424805,0.10421726107597351,-8.73444747639951e-8,0.9945545792579651,8.420183661428382e-8,1,7.899937770616816e-8,-0.9945545792579651,7.55102220750814e-8,0.10421726107597351],5,1.0208563804626465],[[764.9655151367188,228.75772094726563,41.376380920410159,0.07134228199720383,-6.703992738721354e-8,0.997451901435852,6.86993075760256e-8,1,6.22975022679384e-8,-0.997451901435852,6.407980635003696e-8,0.07134228199720383],5,1.0370094776153565],[[764.6995239257813,228.3671112060547,41.35720443725586,0.038226936012506488,-4.718549817539497e-8,0.9992690682411194,5.375258993467469e-8,1,4.516371276963582e-8,-0.9992690682411194,5.19868308401783e-8,0.038226936012506488],5,1.054624319076538],[[764.4330444335938,227.92201232910157,41.34686279296875,0.009808816947042942,-2.8094753190543998e-8,0.9999518990516663,3.926561120692895e-8,1,2.7710935768254786e-8,-0.9999518990516663,3.899191369782784e-8,0.009808816947042942],5,1.0710625648498536],[[764.1664428710938,227.4224090576172,41.34417724609375,-0.01991387829184532,-9.395603406403552e-9,0.9998016953468323,2.5294369265793649e-8,1,9.901275355161943e-9,-0.9998016953468323,2.548652666689577e-8,-0.01991387829184532],5,1.0866422653198243],[[763.8998413085938,226.86830139160157,41.349342346191409,-0.060632478445768359,9.147062662862027e-9,0.998160183429718,1.2069770960465576e-8,1,-8.430753872801234e-9,-0.998160183429718,1.1536387845012542e-8,-0.060632478445768359],5,1.1045734882354737],[[763.6336669921875,226.2596893310547,41.36520004272461,-0.08617415279150009,2.6847057910117657e-8,0.9962800741195679,-6.920866102433365e-10,1,-2.700716272840964e-8,-0.9962800741195679,-3.0168314513190355e-9,-0.08617415279150009],5,1.1215291023254395],[[763.5673217773438,225.47573852539063,41.42047119140625,0.0023950429167598488,0.00044147364678792655,0.9999970197677612,0.009516984224319458,0.9999545812606812,-0.0004642485873773694,-0.9999518394470215,0.009518067352473736,0.002390732755884528],5,1.144859790802002],[[763.6470336914063,224.7979736328125,41.50016784667969,-0.1037755161523819,0.000173516760696657,0.9946007132530212,0.0044442471116781239,0.9999901056289673,0.000289250718196854,-0.9945908188819885,0.0044502685777843,-0.103775255382061],5,1.1578879356384278],[[763.6760864257813,224.25387573242188,41.56721496582031,-0.12733960151672364,-0.00002862465044017881,0.9918591976165772,0.0015711800660938025,0.9999987483024597,0.00023057512589730322,-0.9918579459190369,0.0015877507394179702,-0.12733939290046693],5,1.1718134880065919],[[763.6717529296875,223.27891540527345,41.66289138793945,-0.1292915791273117,-0.00003499731974443421,0.991606593132019,-0.00004509804421104491,1,0.000029413398806354963,-0.991606593132019,-0.00004091661321581341,-0.1292915791273117],5,1.1894562244415284],[[763.6397094726563,222.65306091308595,41.71577835083008,-0.09743060171604157,-0.000015610703485435807,0.9952422976493836,-0.0001465298846596852,1,0.0000013405872323346558,-0.9952422976493836,-0.00014570212806575,-0.09743060171604157],5,1.2054328918457032],[[763.6572875976563,221.56170654296876,41.76982879638672,0.11105974018573761,0.016986217349767686,0.9936685562133789,-0.006509202998131514,0.9998449087142944,-0.016364281997084619,-0.9937924146652222,-0.004650577902793884,0.11115308105945587],5,1.2342679500579835],[[764.0675659179688,221.80311584472657,41.67713165283203,0.6564827561378479,0.013111613690853119,0.7542270421981812,-0.005188047420233488,0.9999037384986877,-0.012866799719631672,-0.7543231844902039,0.004533866420388222,0.6564876437187195],7,1.251744270324707],[[764.1435546875,222.0789794921875,41.575904846191409,0.9293983578681946,0.006650626193732023,0.36901822686195376,-0.003628077916800976,0.9999539256095886,-0.008884085342288018,-0.36906030774116518,0.006918027065694332,0.9293797016143799],7,1.2581427097320557],[[764.122802734375,222.3231201171875,41.46543502807617,0.9844316840171814,-0.00027414364740252495,0.17576755583286286,0.00027696043252944946,0.9999999403953552,0.00000850566357257776,-0.17576754093170167,0.00004030741183669306,0.9844316840171814],7,1.272017002105713],[[764.0874633789063,222.661865234375,41.31618881225586,0.9997121691703796,-0.0012136874720454217,0.023959986865520479,0.0011719828471541405,0.9999977946281433,0.0017545621376484633,-0.02396206371486187,-0.0017259764717891813,0.9997113943099976],8,1.2918767929077149],[[764.1347045898438,223.7646484375,41.19607925415039,0.9313552379608154,0.013989916071295739,0.3638429641723633,-0.011304184794425965,0.9998908638954163,-0.009510084986686707,-0.36393630504608157,0.004744318779557943,0.9314117431640625],3,1.3171448707580567],[[764.1507568359375,224.81777954101563,41.04512405395508,0.7414767146110535,0.007816986180841923,0.6709330677986145,-0.00579455541446805,0.9999694228172302,-0.005246751941740513,-0.6709535717964172,0.0000025856261345325039,0.7414993643760681],5,1.333726406097412],[[764.1670532226563,225.59896850585938,40.88519287109375,0.3457012474536896,0.001417253166437149,0.9383435845375061,-0.002617001300677657,0.9999964237213135,-0.0005462258122861385,-0.938340961933136,-0.002266815397888422,0.34570372104644778],5,1.3479723930358887],[[764.1661376953125,225.96913146972657,40.79588317871094,-0.05347023159265518,-0.0005378663190640509,0.9985693097114563,-0.0016484650550410152,0.9999985694885254,0.00045036606024950743,-0.998568058013916,-0.0016220255056396127,-0.05347103998064995],5,1.357757329940796],[[764.1527709960938,226.66856384277345,40.59173583984375,-0.15208245813846589,-0.0007129659061320126,0.9883675575256348,-0.0003872993402183056,0.9999997019767761,0.00066176219843328,-0.9883677363395691,-0.00028215168276801705,-0.1520826816558838],5,1.3749744892120362],[[764.1270141601563,227.15736389160157,40.419681549072269,-0.23774436116218568,-0.00035792883136309683,0.9713277220726013,0.000010206781553279143,0.9999999403953552,0.00037099260953255,-0.9713277816772461,0.00009811553172767162,-0.23774433135986329],5,1.3970222473144532],[[764.0609741210938,227.76141357421876,40.17641830444336,-0.23251794278621674,-0.00005780371429864317,0.9725921154022217,0.00010245527664665133,1,0.00008392665768042207,-0.9725921154022217,0.00011916164658032358,-0.23251792788505555],5,1.4048049449920655],[[763.9673461914063,228.31097412109376,39.92765808105469,-0.2646612823009491,0.00002410480556136463,0.9643414616584778,0.00005331521242624149,1,-0.000010363894944021013,-0.9643414616584778,0.000048671146942069757,-0.2646612823009491],5,1.4207866191864014],[[763.8384399414063,228.92127990722657,39.620277404785159,-0.2863641083240509,0.00001615639848751016,0.9581208825111389,0.000007031180757621769,1,-0.000014761102647753433,-0.9581208825111389,0.000002509670821382315,-0.2863641083240509],5,1.4406123161315919],[[763.9152221679688,229.34820556640626,39.40113067626953,-0.3782566785812378,0.0021444899030029775,0.9256982803344727,0.0004931723815388978,0.999997615814209,-0.0021150943357497455,-0.9257006049156189,-0.00034351975773461163,-0.3782568573951721],5,1.4578371047973633],[[764.0059204101563,229.6326446533203,39.24738311767578,-0.474803626537323,0.0010221651755273343,0.8800911903381348,0.0000409033200412523,0.9999993443489075,-0.0011393632739782334,-0.8800917863845825,-0.0005049751489423215,-0.4748033583164215],5,1.4710519313812256],[[764.0864868164063,229.96420288085938,39.045021057128909,-0.544735848903656,0.00006001123983878642,0.8386077284812927,-0.00019677479576785117,0.9999999403953552,-0.00019937989418394864,-0.838607668876648,-0.00027362623950466514,-0.5447357892990112],5,1.4873850345611573],[[764.1351318359375,230.2412567138672,38.849185943603519,-0.6137154698371887,-0.00009260581282433122,0.7895272970199585,-0.00010928084520855919,1,0.000032346528314519676,-0.7895272970199585,-0.00006642864173045382,-0.6137154698371887],5,1.5044898986816407],[[764.1390380859375,230.4638214111328,38.65243148803711,-0.6828744411468506,-0.00005490604235092178,0.7305358052253723,-0.000029243325116112829,1,0.00004782315227203071,-0.7305358052253723,0.000011293912393739447,-0.6828744411468506],5,1.5205714702606202],[[764.103515625,230.6318817138672,38.45983123779297,-0.7463216185569763,-0.000011598846867855173,0.665585458278656,0.000002810538489939063,1,0.000020577992472681218,-0.665585458278656,0.000017228454453288579,-0.7463216185569763],5,1.5365931987762452],[[764.029052734375,230.7454376220703,38.27509689331055,-0.8025774955749512,0.0000029880065994802864,0.5965479016304016,0.000006618427960347617,1,0.000003895403096976224,-0.5965479016304016,0.0000070745718403486539,-0.8025774955749512],5,1.5542223453521729],[[763.916748046875,230.8044891357422,38.102264404296878,-0.8533782362937927,0.0000032796390314615566,0.5212922096252441,0.000003233567667848547,1,-9.97871779873094e-7,-0.5212922096252441,8.340716135535331e-7,-0.8533782362937927],5,1.5716981887817383],[[763.768310546875,230.80905151367188,37.94579315185547,-0.8994468450546265,0.0000011331878795317608,0.43703019618988039,7.087288622642518e-7,1,-0.0000011343013284204063,-0.43703019618988039,-7.105078907443385e-7,-0.8994468450546265],5,1.587629795074463],[[763.5865478515625,230.7591094970703,37.81063461303711,-0.9402301907539368,3.0159750252778397e-8,0.34053951501846316,-1.3691740718968504e-7,1,-4.6659383201586027e-7,-0.34053951501846316,-4.853313839703333e-7,-0.9402301907539368],5,1.6059985160827637],[[763.3184814453125,230.6200408935547,37.67949295043945,-0.9597357511520386,-1.4496997380319954e-7,0.2809044420719147,-1.604681045819234e-7,1,-3.217112265474498e-8,-0.2809044420719147,-7.595198070475817e-8,-0.9597357511520386],5,1.6229734420776368],[[763.092041015625,230.4474639892578,37.61368942260742,-0.988172173500061,-7.49133022281967e-8,0.15334844589233399,-6.047867628922177e-8,1,9.879434514914465e-8,-0.15334844589233399,8.835151277253317e-8,-0.988172173500061],5,1.6406967639923096],[[762.925048828125,230.2822723388672,37.59025192260742,-0.9989399909973145,-6.028504806465662e-9,0.04603198915719986,-3.940184012396486e-10,1,1.2241278568581039e-7,-0.04603198915719986,1.2226487910993456e-7,-0.9989399909973145],5,1.6634104251861573],[[762.708251953125,230.0143280029297,37.5932502746582,-0.9998389482498169,5.5588078140544897e-8,0.01794617436826229,5.7776688322519479e-8,1,1.2143570415901196e-7,-0.01794617436826229,1.2245301661550912e-7,-0.9998389482498169],5,1.6718056201934815],[[762.4998168945313,229.69187927246095,37.63505935668945,-0.9997395277023315,9.92578250702536e-8,-0.022823918610811235,9.728529448693735e-8,1,8.75342465178619e-8,0.022823918610811235,8.529101336307576e-8,-0.9997395277023315],5,1.6888487339019776],[[762.3014526367188,229.31494140625,37.71528244018555,-0.9977772831916809,1.4071279963445705e-7,-0.06663661450147629,1.3752242011833005e-7,1,5.2464383060168987e-8,0.06663661450147629,4.318374280387616e-8,-0.9977772831916809],5,1.7053937911987305],[[762.1150512695313,228.8834991455078,37.8333854675293,-0.9955492615699768,1.4363381239945739e-7,-0.09424255043268204,1.428324338803577e-7,1,1.5248817319957199e-8,0.09424255043268204,1.7200548763085522e-9,-0.9955492615699768],5,1.7212519645690919],[[761.9423828125,228.39755249023438,37.9887580871582,-0.9928538203239441,1.0976975062249039e-7,-0.11933666467666626,1.133588298785071e-7,1,-2.3287022088425148e-8,0.11933666467666626,-3.6648472701017457e-8,-0.9928538203239441],5,1.7378127574920655],[[761.8279418945313,227.87033081054688,37.986183166503909,-0.9937301874160767,0.0019552106969058515,-0.11178784817457199,0.0019470473052933813,0.9999980926513672,0.0001821948535507545,0.11178798973560333,-0.000036603716580430049,-0.9937320947647095],5,1.7556276321411133],[[761.7423706054688,227.28860473632813,37.919227600097659,-0.9898987412452698,0.0009329231106676161,-0.14177297055721284,0.000921362719964236,0.9999995827674866,0.00014718520105816424,0.1417730450630188,0.000015074116163305007,-0.989899218082428],5,1.7719426155090333],[[761.658447265625,226.6523895263672,37.8775749206543,-0.9886024594306946,0.00023316887381952256,-0.15054939687252046,0.0002107172185787931,0.9999999403953552,0.000165084027685225,0.15054942667484284,0.00013147912977728993,-0.9886024594306946],5,1.788355827331543],[[761.5580444335938,225.961669921875,37.879600524902347,-0.9883912205696106,0.000010782527169794776,-0.15193024277687074,0.000006864273927931208,1,0.00002631430652400013,0.15193024277687074,0.000024965938791865484,-0.9883912205696106],5,1.8040924072265626],[[761.4518432617188,225.21644592285157,37.92092514038086,-0.9883630275726318,-0.000020577354007400573,-0.15211337804794312,-0.000020079960449947977,1,-0.000004806042397831334,0.15211337804794312,-0.0000016956844319793163,-0.9883630275726318],5,1.8214082717895508],[[761.3558959960938,224.41673278808595,37.92685317993164,-0.9893712401390076,0.0000014385070699063363,-0.1454116255044937,-0.000018845084923668766,1,0.00013811339158564806,0.1454116255044937,0.00013938570918980986,-0.9893712401390076],5,1.838054895401001],[[761.2432250976563,223.56251525878907,37.96111297607422,-0.9967234134674072,0.000006142362963146297,-0.08088517934083939,0.0000029225111575215125,1,0.0000399260752601549,0.08088517934083939,0.00003955886495532468,-0.9967234134674072],5,1.854562759399414],[[761.1285400390625,222.659912109375,37.993526458740237,-0.9914650917053223,0.0027472907677292825,0.13034360110759736,-0.000835196755360812,0.9996235966682434,-0.027422327548265458,-0.1303698718547821,-0.027297142893075944,-0.9910895824432373],5,1.8707025051116944],[[760.972412109375,222.48263549804688,37.72998046875,-0.8755624294281006,-0.003943425603210926,0.4830888509750366,-0.010539188049733639,0.9998846054077148,-0.010939491912722588,-0.48298996686935427,-0.014669572934508324,-0.8755030035972595],7,1.8878772258758546],[[760.8250122070313,222.46372985839845,37.59173583984375,-0.18050839006900788,-0.0011859218357130886,0.9835727214813232,-0.005866878665983677,0.9999827742576599,0.00012899967259727418,-0.9835559725761414,-0.005747216288000345,-0.1805122345685959],7,1.9045345783233643],[[760.7030639648438,222.3907928466797,37.5838737487793,0.10588870197534561,-0.0004657891404349357,0.994377851486206,-0.0026593629736453296,0.9999961853027344,0.0007516095065511763,-0.9943744540214539,-0.0027239988557994367,0.10588705539703369],8,1.9227535724639893],[[760.5963745117188,223.27413940429688,37.57644271850586,0.017477845773100854,-0.0005532888462767005,0.9998471140861511,0.0007986485143192112,0.9999995231628418,0.0005394124309532344,-0.9998469352722168,0.0007890986744314432,0.017478279769420625],3,1.9385383129119874],[[760.47998046875,224.1234130859375,37.505218505859378,-0.26168352365493777,0.00003686235868372023,0.9651537537574768,0.00047833696589805186,0.9999998807907105,0.00009149895049631596,-0.9651536345481873,0.000485612457850948,-0.26168352365493777],5,1.954529047012329],[[760.3358764648438,224.91818237304688,37.44837188720703,-0.6379191875457764,0.00015206041280180216,0.7701032757759094,0.00026217923732474446,0.9999999403953552,0.000019723032892215998,-0.7701032757759094,0.00021448680490721017,-0.6379191875457764],5,1.970710277557373],[[760.1580200195313,225.658447265625,37.39822006225586,-0.8581826090812683,0.00008341218199348077,0.5133445262908936,0.00007735451072221622,1,-0.00003317047594464384,-0.5133445262908936,0.000011243186236242764,-0.8581826090812683],5,1.9875736236572266],[[759.9584350585938,226.34422302246095,37.37936019897461,-0.9376920461654663,0.000012891987353214063,0.3474673926830292,0.000004256557531334693,1,-0.00002561577821325045,-0.3474673926830292,-0.000022540696591022426,-0.9376920461654663],5,2.0067219734191896],[[759.749755859375,226.97549438476563,37.39888000488281,-0.9628133773803711,-0.0000063506067817797888,0.2701672911643982,-0.000008906435141398106,1,-0.000008234262168116402,-0.2701672911643982,-0.000010334285434510094,-0.9628133773803711],5,2.0208218097686769],[[759.5380859375,227.55226135253907,37.45795822143555,-0.9722880125045776,-0.000004991105925000738,0.23378631472587586,-0.0000052224190767447,1,-3.703787001541059e-7,-0.23378631472587586,-0.0000015810447848707554,-0.9722880125045776],5,2.0375890731811525],[[759.3262939453125,228.07452392578126,37.556739807128909,-0.9778918027877808,-0.0000016203723589569564,0.20911145210266114,-0.0000014441897064898513,1,9.952161690307549e-7,-0.20911145210266114,6.712172080369783e-7,-0.9778918027877808],5,2.0538461208343508],[[759.1168823242188,228.54229736328126,37.695152282714847,-0.9815790057182312,-1.1714790559835819e-7,0.19105665385723115,-1.3408483212629108e-8,1,5.442701080937695e-7,-0.19105665385723115,5.316823035173002e-7,-0.9815790057182312],5,2.0717389583587648],[[758.9122314453125,228.95556640625,37.863521575927737,-0.9834015965461731,1.6513348555236008e-7,0.18144236505031587,1.914416287718268e-7,1,1.2748132860451734e-7,-0.18144236505031587,1.6010095293950145e-7,-0.9834015965461731],5,2.087371826171875],[[758.7005615234375,229.3143310546875,38.01130294799805,-0.9825511574745178,1.0946633466346612e-7,0.18599256873130799,1.019708051330781e-7,1,-4.9866525131392339e-8,-0.18599256873130799,-3.003059845241296e-8,-0.9825511574745178],5,2.1058871746063234],[[758.4791870117188,229.60205078125,38.023765563964847,-0.9962011575698853,0.0061427513137459759,0.08686479181051254,0.006103689316660166,0.9999811053276062,-0.000715282978489995,-0.08686754107475281,-0.00018236976757179946,-0.9962198734283447],5,2.12638258934021],[[758.2354125976563,229.81871032714845,37.9862174987793,-0.9967263340950012,0.0049464949406683449,0.08069822192192078,0.004896517377346754,0.9999876618385315,-0.0008171968511305749,-0.08070126920938492,-0.00041938130743801594,-0.9967382550239563],5,2.138965129852295],[[757.9724731445313,229.98086547851563,37.98100280761719,-0.9988316893577576,0.0015600478509441019,0.04829905182123184,0.0015331872273236514,0.9999986290931702,-0.0005931732011958957,-0.04829991236329079,-0.0005184286856092513,-0.9988327622413635],5,2.1556568145751955],[[757.7061767578125,230.08853149414063,37.999351501464847,-0.9999181032180786,0.00010356774873798713,-0.01279708556830883,0.00010693019430618733,0.9999999403953552,-0.0002620666637085378,0.012797057628631592,-0.0002634136180859059,-0.9999181032180786],5,2.1728153228759767],[[757.4608154296875,230.14169311523438,38.01118469238281,-0.9973222613334656,-0.00012815392983611673,-0.07313201576471329,-0.0001328963553532958,1,0.000059981528465868908,0.07313200831413269,0.00006953989213798195,-0.9973222613334656],5,2.18766450881958],[[757.2210083007813,230.14035034179688,38.03634262084961,-0.9904947876930237,-0.00007008087413851172,-0.1375502198934555,-0.00007409763929899782,1,0.000024081775336526335,0.1375502198934555,0.00003404502058401704,-0.9904947876930237],5,2.2043612003326418],[[756.9794311523438,230.08450317382813,38.0749626159668,-0.9746949672698975,-0.000014087439922150225,-0.2235390990972519,-0.000017567717804922723,1,0.00001358029567199992,0.2235390990972519,0.000017163718439405785,-0.9746949672698975],5,2.2210464477539064],[[756.7315063476563,229.9741668701172,38.15192413330078,-0.9442492723464966,0.0000030555111152352767,-0.3292313814163208,0.0000015518936606895296,1,0.000004829845238418784,0.3292313814163208,0.000004049646122439299,-0.9442492723464966],5,2.2377243041992189],[[756.4999389648438,229.809326171875,38.25886535644531,-0.8903865218162537,0.00000322654636875086,-0.4552052915096283,0.0000032867897061805708,1,6.591162104996329e-7,0.4552052915096283,-9.092958634937531e-7,-0.8903865218162537],5,2.256624698638916],[[756.2979125976563,229.58998107910157,38.392276763916019,-0.8188952803611755,9.458126442041248e-7,-0.5739429593086243,0.0000014835137562840828,1,-4.687396142344369e-7,0.5739429593086243,-0.0000012353009424259654,-0.8188952803611755],5,2.2787535190582277],[[756.127685546875,229.31614685058595,38.54948806762695,-0.6932869553565979,-1.0480145107294448e-7,-0.7206616401672363,3.021141878889466e-7,1,-4.360621517207619e-7,0.7206616401672363,-5.200383270675957e-7,-0.6932869553565979],5,2.2873694896698],[[755.9918823242188,228.98780822753907,38.726261138916019,-0.5925472378730774,-1.8104181265243825e-7,-0.8055356740951538,-6.619136172503204e-8,1,-1.760571279874057e-7,0.8055356740951538,-5.100266875501802e-8,-0.5925472378730774],5,2.304424285888672],[[755.8927612304688,228.60496520996095,38.91838455200195,-0.46790170669555666,-5.59649926401562e-8,-0.8837804794311523,-1.106994602650957e-7,1,-4.716695034545637e-9,0.8837804794311523,9.562707248278457e-8,-0.46790170669555666],5,2.3205182552337648],[[755.8316650390625,228.16761779785157,39.12144470214844,-0.32658612728118899,5.504060140992806e-8,-0.9451674222946167,-9.984324123024635e-8,1,9.273279744093088e-8,0.9451674222946167,1.2465382326354303e-7,-0.32658612728118899],5,2.337960720062256],[[755.809814453125,227.67578125,39.330101013183597,-0.18602439761161805,1.0528215454996826e-7,-0.9825451374053955,-6.306285627033503e-8,1,1.1909212105365441e-7,0.9825451374053955,8.411614516035115e-8,-0.18602439761161805],5,2.355384588241577],[[755.8275756835938,227.1294403076172,39.538719177246097,-0.06553876399993897,1.4506747447740055e-7,-0.9978500008583069,-2.924017472594187e-8,1,1.4730052555478324e-7,0.9978500008583069,3.883120314185362e-8,-0.06553876399993897],5,2.37248158454895],[[755.8847045898438,226.52859497070313,39.742103576660159,0.049407944083213809,1.596344532117655e-7,-0.9987787008285523,8.672139673038259e-10,1,1.598725560825187e-7,0.9987787008285523,-8.765129067000999e-9,0.049407944083213809],5,2.387582778930664],[[755.9800415039063,225.87326049804688,39.93526840209961,0.16411082446575166,1.1406883970721538e-7,-0.9864419102668762,3.5195778735896968e-8,1,1.2149205019795773e-7,0.9864419102668762,-5.465674846050206e-8,0.16411082446575166],5,2.4062039852142336],[[756.1118774414063,225.16342163085938,40.113014221191409,0.26883503794670107,6.220954418267866e-8,-0.9631862044334412,7.231353293946086e-8,1,8.477068291767864e-8,0.9631862044334412,-9.244072884939669e-8,0.26883503794670107],5,2.420748472213745],[[756.2776489257813,224.39907836914063,40.27024841308594,0.3508054316043854,6.418432452193201e-9,-0.936448335647583,1.1139835720541669e-7,1,4.858525315398765e-8,0.936448335647583,-1.2136277405261354e-7,0.3508054316043854],5,2.437842607498169],[[756.4743041992188,223.58023071289063,40.40259552001953,0.38093191385269167,-4.72558951969404e-8,-0.9246031045913696,1.505187441352973e-7,1,1.090359447175615e-8,0.9246031045913696,-1.4332361786273396e-7,0.38093191385269167],5,2.45448899269104],[[756.7232055664063,222.70689392089845,40.48432159423828,0.4553852081298828,-5.973149797000588e-8,-0.8902944922447205,1.0351804746733251e-7,1,-1.4142406357109394e-8,0.8902944922447205,-8.572130383299737e-8,0.4553852081298828],7,2.4704997539520265],[[756.97900390625,222.3216094970703,40.559165954589847,0.47904497385025027,-5.923313395328478e-8,-0.8777903318405151,5.70237261854345e-8,1,-3.6359715238631909e-8,0.8777903318405151,-3.2636936708740907e-8,0.47904497385025027],7,2.4875221252441408],[[757.1233520507813,222.43032836914063,40.662113189697269,0.5770972371101379,-0.004646713845431805,-0.8166621923446655,0.0025652055628597738,0.9999892115592957,-0.003877111477777362,0.8166713714599609,0.00014256399299483746,0.5771029591560364],8,2.5057263374328615],[[757.224853515625,223.31361389160157,40.8022575378418,0.5853316187858582,-0.007744063623249531,-0.810757040977478,0.010263337753713131,0.9999450445175171,-0.002141433535143733,0.8107290267944336,-0.0070676240138709549,0.585378885269165],3,2.521090507507324],[[757.3927612304688,224.1969451904297,40.905174255371097,0.5818285346031189,-0.005320683587342501,-0.8132941126823425,0.017805710434913636,0.9998222589492798,0.0061971829272806648,0.8131165504455566,-0.018086975440382959,0.5818198323249817],3,2.536849021911621],[[757.5604858398438,225.0802764892578,41.00798034667969,0.5817787051200867,-0.0020978122483938934,-0.813344419002533,0.025120984762907029,0.9995659589767456,0.015390714630484581,0.8129590749740601,-0.0293860025703907,0.5815788507461548],3,2.5535662174224855],[[757.7511596679688,225.92970275878907,41.108978271484378,0.44956710934638979,0.0008660022867843509,-0.8932461142539978,0.015180950984358788,0.9998477101325989,0.008609862998127938,0.8931175470352173,-0.01743103750050068,0.44948551058769228],5,2.571336507797241],[[757.9793701171875,226.724609375,41.19692611694336,0.39387568831443789,-0.00017184318858198822,-0.919163703918457,0.004608691204339266,0.999987781047821,0.0017879406223073602,0.9191522002220154,-0.004940367769449949,0.3938716650009155],5,2.587074041366577],[[758.2334594726563,227.4649658203125,41.27360534667969,0.3873044550418854,-0.00040646817069500685,-0.9219517707824707,0.00048703228821977973,0.9999998807907105,-0.00023627952032256871,0.9219517111778259,-0.0003575081645976752,0.3873046040534973],5,2.604849100112915],[[758.4894409179688,228.15081787109376,41.34852600097656,0.3865509331226349,-0.00014631502563133836,-0.9222680330276489,-0.00032346451189368963,0.9999998807907105,-0.00029422089573927224,0.9222680330276489,0.00041205232264474034,0.3865508437156677],5,2.628188133239746],[[758.7455444335938,228.7821807861328,41.42318344116211,0.3864649534225464,0.000005371697170630796,-0.922304093837738,-0.00022501482453662902,1,-0.0000884617620613426,0.922304093837738,0.0002417194627923891,0.386464923620224],5,2.638585090637207],[[758.9860229492188,229.35903930664063,41.5172004699707,0.368161678314209,0.00002917003985203337,-0.9297617673873901,-0.00007287267362698913,1,0.0000025179713247780457,0.9297617673873901,0.00006682721141260117,0.368161678314209],5,2.6546804904937746],[[759.2015991210938,229.8813934326172,41.6422119140625,0.31981921195983889,0.000013663713616551832,-0.9474785923957825,-0.0000072318407546845268,1,0.000011980040653725155,0.9474785923957825,0.000003020566964551108,0.31981921195983889],5,2.6723456