[[[776,222.69961547851563,47,1,6.141971198303509e-8,-5.045944673383318e-15,-6.141971198303509e-8,1,-2.2520739051401507e-8,3.662727165022837e-15,2.2520739051401507e-8,1],8,0.010567188262939453],[[776,222.69961547851563,47,1,8.892145331174106e-8,-5.91021431759777e-15,-8.892145331174106e-8,1,-3.260478109723408e-8,3.010949711670756e-15,3.260478109723408e-8,1],8,0.03698110580444336],[[776,222.69961547851563,47,1,1.0625839763633849e-7,-6.671374217626482e-15,-1.0625839763633849e-7,1,-3.8961704973417e-8,2.5313657979242388e-15,3.8961704973417e-8,1],8,0.045565128326416019],[[776,222.69961547851563,47,1,8.598228617984205e-8,-6.050965782443017e-15,-8.598228617984205e-8,1,-3.152707250819731e-8,3.3401958651914757e-15,3.152707250819731e-8,1],8,0.05966639518737793],[[776,222.69961547851563,47,1,4.5456037156554888e-8,-5.295404346679182e-15,-4.5456037156554888e-8,1,-1.6667332403130787e-8,4.537773609425205e-15,1.6667332403130787e-8,1],8,0.07237744331359863],[[776,222.69961547851563,47,1,1.5084077986671219e-8,-5.13005970372688e-15,-1.5084077986671219e-8,1,-5.530858881996892e-9,5.046631617103541e-15,5.530858881996892e-9,1],8,0.08608412742614746],[[775.9884033203125,222.69961547851563,46.899635314941409,0.9999743103981018,-1.529350868167967e-8,0.007171949837356806,1.525304149652129e-8,1,5.697154303874186e-9,-0.007171949837356806,-5.58761348301573e-9,0.9999743103981018],8,0.1010904312133789],[[775.958984375,222.69961547851563,46.64415740966797,0.9997827410697937,-5.588501394981904e-8,0.020845046266913415,5.544867676121612e-8,1,2.1510381031930593e-8,-0.020845046266913415,-2.0349876450609373e-8,0.9997827410697937],8,0.12492489814758301],[[775.9132080078125,222.69961547851563,46.24697494506836,0.999195396900177,-9.97534073121642e-8,0.04010709747672081,9.822429092309904e-8,1,4.009632448287448e-8,-0.04010709747672081,-3.612457177837314e-8,0.999195396900177],8,0.1368715763092041],[[775.8079223632813,222.69961547851563,46.091224670410159,0.9955790638923645,-7.850090355532302e-8,0.09392710030078888,7.547762237436473e-8,1,3.574005802420288e-8,-0.09392710030078888,-2.849266245164017e-8,0.9955790638923645],8,0.15973782539367677],[[775.6137084960938,222.69961547851563,45.91001892089844,0.9821827411651611,-4.9489639053490467e-8,0.18792836368083955,4.5104115997673946e-8,1,2.7612404807086933e-8,-0.18792836368083955,-1.8644083610297458e-8,0.9821827411651611],8,0.17594003677368165],[[775.3799438476563,222.69961547851563,45.672508239746097,0.9576030373573303,-1.1988916526206595e-8,0.2880910634994507,9.465253469898017e-9,1,1.0152905183247185e-8,-0.2880910634994507,-6.995597434666934e-9,0.9576030373573303],8,0.1854851245880127],[[775.2457885742188,222.69961547851563,45.52422332763672,0.02146804891526699,1.2975582386332008e-8,0.9997695088386536,1.4499661027400635e-8,1,-1.3289924716275437e-8,-0.9997695088386536,1.4781628365767574e-8,0.02146804891526699],8,0.2025468349456787],[[775.1156005859375,222.69961547851563,45.37244415283203,0.05869034305214882,3.6025035399234187e-8,0.9982762336730957,1.8836374238162535e-8,1,-3.7194663349282567e-8,-0.9982762336730957,2.0986872684147785e-8,0.05869034305214882],8,0.22225117683410645],[[774.9429321289063,222.69961547851563,45.16926956176758,0.124742291867733,6.642163441483717e-8,0.9921891689300537,2.199562310067904e-8,1,-6.970990540366984e-8,-0.9921891689300537,3.051959041044938e-8,0.124742291867733],8,0.23044466972351075],[[774.8603515625,222.69961547851563,45.06462478637695,0.17060783505439759,8.090770364788114e-8,0.9853389859199524,2.2734203852792235e-8,1,-8.604788348520742e-8,-0.9853389859199524,3.7081342441069867e-8,0.17060783505439759],8,0.24182987213134767],[[774.7052612304688,222.69961547851563,44.84773635864258,0.1897324025630951,1.121190535968708e-7,0.9818358421325684,2.352570938057852e-8,1,-1.1873944316675989e-7,-0.9818358421325684,4.562710387290281e-8,0.1897324025630951],8,0.25627875328063967],[[774.6300659179688,222.69961547851563,44.73766326904297,0.2189708948135376,9.311375492870866e-8,0.975731372833252,1.7750620529000117e-8,1,-9.941324208284641e-8,-0.975731372833252,3.908844448119453e-8,0.2189708948135376],8,0.2668638229370117],[[774.4862670898438,222.69961547851563,44.513084411621097,0.22919028997421266,5.753733844926501e-8,0.9733816385269165,6.610692437902799e-9,1,-6.066731117471136e-8,-0.9733816385269165,2.0339085082810017e-8,0.22919028997421266],8,0.281052827835083],[[774.3242797851563,222.69961547851563,44.42127990722656,0.23769168555736543,3.100617362861158e-8,0.9713406562805176,-1.4842654882940565e-9,1,-3.155780348151893e-8,-0.9713406562805176,6.059300172722715e-9,0.23769168555736543],8,0.2936367988586426],[[774.1319580078125,222.69961547851563,44.37116622924805,0.24108418822288514,4.6505679307529139e-9,0.9705042243003845,-9.472374884467172e-9,1,-2.4388646657769188e-9,-0.9705042243003845,-8.60500826149746e-9,0.24108418822288514],8,0.31603145599365237],[[773.8732299804688,222.69961547851563,44.3068733215332,0.24108438193798066,-3.043550478309953e-8,0.9705041646957398,-2.0115226817551958e-8,1,3.635736334217654e-8,-0.9705041646957398,-2.8287104214541615e-8,0.24108438193798066],8,0.3244035243988037],[[773.7438354492188,222.69961547851563,44.27473068237305,0.24108438193798066,-4.796730124212445e-8,0.9705041646957398,-2.543324484349796e-8,1,5.574304751121417e-8,-0.9705041646957398,-3.812184701246224e-8,0.24108438193798066],8,0.35286521911621096],[[773.2262573242188,222.69961547851563,44.14616012573242,0.24108438193798066,-7.362896070617353e-8,0.9705041646957398,-2.9250401212266298e-8,1,8.313285349004218e-8,-0.9705041646957398,-4.842966916385194e-8,0.24108438193798066],8,0.36611509323120119],[[772.9674682617188,222.69961547851563,44.08187484741211,0.24447283148765565,-4.9297327109343317e-8,0.9696561694145203,-1.6733890717546275e-8,1,5.50590115722116e-8,-0.9696561694145203,-2.968655365975792e-8,0.24447283148765565],8,0.3945755958557129],[[772.4503784179688,222.69961547851563,43.95163345336914,0.23939131200313569,-1.1899752294652899e-9,0.9709231853485107,8.560396835832762e-9,1,-8.850436494789449e-10,-0.9709231853485107,8.523358907552847e-9,0.23939131200313569],8,0.4238581657409668],[[772.1915893554688,222.69961547851563,43.88759994506836,0.21557973325252534,2.3118941427924257e-8,0.9764862656593323,2.1870629751674643e-8,1,-2.850404356991021e-8,-0.9764862656593323,2.7501263488716178e-8,0.21557973325252534],8,0.43251991271972659],[[771.9965209960938,222.69961547851563,43.84357833862305,0.2019108235836029,4.156266086852156e-8,0.9794039130210877,3.2134163774344418e-8,1,-4.90613700776521e-8,-0.9794039130210877,4.137834963557907e-8,0.2019108235836029],8,0.4448421001434326],[[771.80078125,222.69961547851563,43.80263137817383,0.1882055252790451,6.018683507136302e-8,0.982129693031311,4.26771933348391e-8,1,-6.946019226461431e-8,-0.982129693031311,5.4987328468314448e-8,0.1882055252790451],8,0.45795774459838869],[[771.5389404296875,222.69961547851563,43.75187683105469,0.15378661453723908,8.611945645498054e-8,0.9881041049957275,5.76647707362099e-8,1,-9.613108886696864e-8,-0.9881041049957275,7.176247152074211e-8,0.15378661453723908],8,0.47110748291015627],[[771.4074096679688,222.69961547851563,43.73017883300781,0.11744694411754608,8.669720585885443e-8,0.9930791854858398,5.648392686907755e-8,1,-9.398149813932832e-8,-0.9930791854858398,6.71308484356814e-8,0.11744694411754608],8,0.48413777351379397],[[771.0784301757813,223.7697296142578,43.67728805541992,0.08791022002696991,4.865279024102165e-8,0.9961283802986145,2.938726240131473e-8,1,-5.143536796481385e-8,-0.9961283802986145,3.379518176416241e-8,0.08791022002696991],3,0.5039403438568115],[[770.8132934570313,224.5644989013672,43.65031051635742,0.0657743364572525,1.7499854010338823e-8,0.9978345036506653,6.841851085681583e-9,1,-1.798882642845001e-8,-0.9978345036506653,8.010238694566852e-9,0.0657743364572525],5,0.531010627746582],[[770.480712890625,225.4813232421875,43.62809371948242,0.03233952075242996,-2.209889871096493e-8,0.999476969242096,-2.2766165841403564e-8,1,2.28470948826498e-8,-0.999476969242096,-2.349312211435972e-8,0.03233952075242996],5,0.5410921573638916],[[770.2808227539063,225.99053955078126,43.62132263183594,0.01675867848098278,-4.6420115751288907e-8,0.9998595714569092,-4.0860815175847168e-8,1,4.711150580760659e-8,-0.9998595714569092,-4.1644604209523098e-8,0.01675867848098278],5,0.5537269115447998],[[770.0142211914063,226.62181091308595,43.616859436035159,-0.006845983676612377,-7.936053947332766e-8,0.9999765753746033,-6.570601129851639e-8,1,7.891256359471299e-8,-0.9999765753746033,-6.516423667335403e-8,-0.006845983676612377],5,0.5679900646209717],[[769.3477172851563,227.9615478515625,43.622398376464847,-0.026136675849556924,-9.161649927591498e-8,0.9996584057807922,-7.366296728150701e-8,1,8.972184417643803e-8,-0.9996584057807922,-7.129277435069526e-8,-0.026136675849556924],5,0.6191728115081787],[[769.0811157226563,228.40206909179688,43.63056945800781,-0.11702395975589752,-7.495921749978152e-8,0.9931290745735169,-5.196829278020232e-8,1,6.935420771014833e-8,-0.9931290745735169,-4.349512039425463e-8,-0.11702395975589752],5,0.628028154373169],[[768.88232421875,228.69668579101563,43.65024948120117,-0.13633085787296296,-5.847223505384136e-8,0.9906633496284485,-3.5693133781933287e-8,1,5.411137848909675e-8,-0.9906633496284485,-2.7982828498807068e-8,-0.13633085787296296],5,0.6389837265014648],[[768.750244140625,228.87606811523438,43.668212890625,-0.15613310039043427,-4.7410459558250298e-8,0.9877360463142395,-2.4734363890388523e-8,1,4.408931886246137e-8,-0.9877360463142395,-1.754722056546143e-8,-0.15613310039043427],5,0.6509261131286621],[[768.5526123046875,229.11959838867188,43.6989631652832,-0.16167548298835755,-3.006261550808631e-8,0.986844003200531,-8.277706520232187e-9,1,2.910724816729271e-8,-0.986844003200531,-3.4628759859600679e-9,-0.16167548298835755],5,0.6618602275848389],[[768.355224609375,229.3324737548828,43.73128128051758,-0.16569603979587556,-1.2624802536720381e-8,0.9861768484115601,8.204149359869462e-9,1,1.418021255972235e-8,-0.9861768484115601,1.0440347253393157e-8,-0.16569603979587556],5,0.674055814743042],[[768.1580200195313,229.5146942138672,43.764381408691409,-0.1660558134317398,4.822981569674312e-9,0.986116349697113,2.4671543030763133e-8,1,-7.363514797908977e-10,-0.986116349697113,2.4206737947451985e-8,-0.1660558134317398],5,0.6882131099700928],[[767.9608154296875,229.666259765625,43.7976188659668,-0.1661875993013382,2.2258065612845713e-8,0.9860941767692566,4.112890295004945e-8,1,-1.5640445383269254e-8,-0.9860941767692566,3.795772229864269e-8,-0.1661875993013382],5,0.6998519897460938],[[767.7636108398438,229.7871551513672,43.83086395263672,-0.16782771050930024,3.974544071638775e-8,0.9858163595199585,5.7599368830096867e-8,1,-3.0511436932556538e-8,-0.9858163595199585,5.166173622228598e-8,-0.16782771050930024],5,0.7131829261779785],[[767.5006713867188,229.9006805419922,43.875579833984378,-0.16944554448127747,6.305065625156203e-8,0.9855395555496216,7.957425651738959e-8,1,-5.029443173043546e-8,-0.9855395555496216,6.99014108818119e-8,-0.16944554448127747],5,0.7263612747192383],[[767.3035888671875,229.95005798339845,43.909446716308597,-0.16959938406944276,8.04598556669589e-8,0.9855130910873413,9.604885065073177e-8,1,-6.511331918090946e-8,-0.9855130910873413,8.361422487723758e-8,-0.16959938406944276],5,0.7399754524230957],[[767.1065673828125,229.96878051757813,43.94337463378906,-0.16964983940124513,9.784787380340276e-8,0.9855043888092041,1.1251638909470785e-7,1,-7.991794603867675e-8,-0.9855043888092041,9.732733019518492e-8,-0.16964983940124513],5,0.7545256614685059],[[766.8438720703125,229.946044921875,43.988616943359378,-0.16965967416763307,1.2100869639652957e-7,0.9855027198791504,1.3445786350985146e-7,1,-9.96411415599141e-8,-0.9855027198791504,1.1560350543504683e-7,-0.16965967416763307],5,0.7793915271759033],[[766.5155029296875,229.84100341796876,44.045169830322269,-0.16966204345226289,8.537855222812141e-8,0.985502302646637,9.210570084405845e-8,1,-7.07778298192352e-8,-0.985502302646637,7.8762070643279e-8,-0.16966204345226289],5,0.7892439365386963],[[766.3841552734375,229.77513122558595,44.06779098510742,-0.16966232657432557,7.113705891015343e-8,0.9855022430419922,7.517751043906174e-8,1,-5.924113111177576e-8,-0.9855022430419922,6.403661956255746e-8,-0.16966232657432557],5,0.8007571697235107],[[766.1214599609375,229.60252380371095,44.113033294677737,-0.16809967160224915,4.2560287738524497e-8,0.9857699871063232,4.1390123328710618e-8,1,-3.611656040902744e-8,-0.9857699871063232,3.472995757647368e-8,-0.16809967160224915],5,0.8165407180786133],[[765.8585205078125,229.37542724609376,44.15788650512695,-0.16487446427345277,1.3992266012508026e-8,0.9863145351409912,7.716318251027588e-9,1,-1.2896537171513956e-8,-0.9863145351409912,5.484407594735785e-9,-0.16487446427345277],5,0.8443982601165772],[[765.464111328125,228.93258666992188,44.22382354736328,-0.1588124781847,-2.866534565271195e-8,0.9873087406158447,-4.2510968967235388e-8,1,2.2195765225774268e-8,-0.9873087406158447,-3.844648688300367e-8,-0.1588124781847],5,0.85498046875],[[765.33251953125,228.75772094726563,44.24507141113281,-0.14782041311264039,-4.240732920379742e-8,0.989014208316803,-5.911859446428025e-8,1,3.404237602921967e-8,-0.989014208316803,-5.343697040416373e-8,-0.14782041311264039],5,0.868354082107544],[[765.06884765625,228.3671112060547,44.2847785949707,-0.13976944983005525,-7.027918513813347e-8,0.9901840686798096,-9.211782980855787e-8,1,5.797298285870056e-8,-0.9901840686798096,-8.311075561096004e-8,-0.13976944983005525],5,0.8803911209106445],[[764.8707885742188,228.03839111328126,44.31283187866211,-0.12431318312883377,-9.012941859509738e-8,0.9922430515289307,-1.165963823268612e-7,1,7.622623598990686e-8,-0.9922430515289307,-1.0621602086757776e-7,-0.12431318312883377],5,0.8937971591949463],[[764.67236328125,227.67901611328126,44.338043212890628,-0.11703917384147644,-9.856956495468694e-8,0.9931272864341736,-1.260120825463673e-7,1,8.440127885478432e-8,-0.9931272864341736,-1.152677882032549e-7,-0.11703917384147644],5,0.9078681468963623],[[764.2750854492188,226.86830139160157,44.384788513183597,-0.09590563923120499,-6.655218953710573e-8,0.9953904151916504,-8.604829559999416e-8,1,5.856965401562775e-8,-0.9953904151916504,-8.003448925819612e-8,-0.09590563923120499],5,0.9322729110717773],[[764.0759887695313,226.4169464111328,44.40406036376953,-0.08774450421333313,-5.127951752115223e-8,0.9961429834365845,-6.611485758867275e-8,1,4.5654388713955998e-8,-0.9961429834365845,-6.185393175428544e-8,-0.08774450421333313],5,0.945451021194458],[[763.8767700195313,225.93495178222657,44.42161178588867,-0.07543998956680298,-3.593531161527608e-8,0.9971503615379334,-4.634345174281407e-8,1,3.253186875440406e-8,-0.9971503615379334,-4.3757186318771349e-8,-0.07543998956680298],5,0.9578404426574707],[[763.6109008789063,225.24459838867188,44.44192886352539,-0.06849288940429688,-1.6248831613552285e-8,0.9976515769958496,-2.010787092388e-8,1,1.4906591516705704e-8,-0.9976515769958496,-1.903965518579298e-8,-0.06849288940429688],5,0.971879243850708],[[763.4113159179688,224.69107055664063,44.4556770324707,-0.05458002910017967,-1.4701827533158963e-9,0.998509407043457,-6.319959555689536e-10,1,1.4378316315344364e-9,-0.998509407043457,-5.525769841696615e-10,-0.05458002910017967],5,0.9846911430358887],[[763.2116088867188,224.10687255859376,44.4669075012207,-0.03590712696313858,1.3023996103811442e-8,0.999355137348175,1.8577571481159795e-8,1,-1.236490287936931e-8,-0.999355137348175,1.812160377312466e-8,-0.03590712696313858],5,0.9973618984222412],[[763.0117797851563,223.49203491210938,44.474510192871097,-0.025081127882003785,2.7279309477989956e-8,0.9996854066848755,3.762775335758306e-8,1,-2.6343849768295514e-8,-0.9996854066848755,3.695518202562198e-8,-0.025081127882003785],5,1.0108184814453126],[[762.7896728515625,223.36949157714845,44.48024368286133,-0.0032904341351240875,4.5740165433016958e-8,0.9999945759773254,6.257580054125356e-8,1,-4.553450949629223e-8,-0.9999945759773254,6.242563443947802e-8,-0.0032904341351240875],7,1.0261914730072022],[[762.6046752929688,223.36715698242188,44.48141098022461,0.021602684631943704,5.862692731284369e-8,0.9997666478157044,8.089943293043689e-8,1,-6.038866473545568e-8,-0.9997666478157044,8.218511027280329e-8,0.021602684631943704],7,1.0388538837432862],[[762.4144897460938,223.36703491210938,44.47820281982422,0.04433901980519295,7.119037803704487e-8,0.999016523361206,9.886685603532897e-8,1,-7.564843684804146e-8,-0.999016523361206,1.0212380630036933e-7,0.04433901980519295],7,1.051987648010254],[[762.21826171875,223.29864501953126,44.470359802246097,0.054815053939819339,5.297963312500542e-8,0.9984965324401856,7.320788597553474e-8,1,-5.707834560553238e-8,-0.9984965324401856,7.622656994499266e-8,0.054815053939819339],8,1.0662956237792969],[[761.955322265625,224.17176818847657,44.459007263183597,0.0705062672495842,2.8944358021476547e-8,0.9975113272666931,3.941459780776313e-8,1,-3.180247887257792e-8,-0.9975113272666931,4.155878485789799e-8,0.0705062672495842],3,1.084355115890503],[[761.623291015625,225.19078063964845,44.43661117553711,0.07356163114309311,2.874200044633568e-10,0.9972906708717346,-2.6716420187256064e-9,1,-9.113656357362388e-11,-0.9972906708717346,-2.6576996159377588e-9,0.07356163114309311],5,1.1117594242095948],[[761.2909545898438,226.1246337890625,44.41209030151367,0.07384983450174332,-2.8194776291456948e-8,0.9972693920135498,-4.470958003821579e-8,1,3.158281103310401e-8,-0.9972693920135498,-4.691987953719945e-8,0.07384983450174332],5,1.123039960861206],[[761.091552734375,226.64407348632813,44.39729309082031,0.07398290187120438,-4.5263721659694059e-8,0.9972594976425171,-6.990785550442524e-8,1,5.057430385591033e-8,-0.9972594976425171,-7.345790464796664e-8,0.07398290187120438],5,1.1347694396972657],[[760.8921508789063,227.1328582763672,44.38249588012695,0.07398950308561325,-6.232777849390914e-8,0.9972590208053589,-9.508961795745563e-8,1,6.955405496000822e-8,-0.9972590208053589,-9.997524585969586e-8,0.07398950308561325],5,1.1461198329925538],[[760.6927490234375,227.5909881591797,44.367698669433597,0.0756230503320694,-7.920686329043747e-8,0.9971364736557007,-1.2023102158309485e-7,1,8.855266742102686e-8,-0.9971364736557007,-1.2658335890591844e-7,0.0756230503320694],5,1.1579785346984864],[[760.559814453125,227.87936401367188,44.357662200927737,0.07568932324647904,-8.082112401552877e-8,0.9971314668655396,-1.22327278972989e-7,1,9.033913528355697e-8,-0.9971314668655396,-1.2881407940312784e-7,0.07568932324647904],5,1.1696019172668458],[[760.3604125976563,228.28639221191407,44.342525482177737,0.07081539928913117,-6.93324935241435e-8,0.9974894523620606,-1.0339629596956002e-7,1,7.684747060920927e-8,-0.9974894523620606,-1.0857870336167253e-7,0.07081539928913117],5,1.1830201148986817],[[760.0944213867188,228.7814178466797,44.32352066040039,0.05959763750433922,-5.449432549653466e-8,0.9982224702835083,-7.790131917317922e-8,1,5.924236745613598e-8,-0.9982224702835083,-8.12935567751083e-8,0.05959763750433922],5,1.196678638458252],[[759.9097900390625,229.11691284179688,44.31045150756836,0.04476999118924141,-4.359648642093816e-8,0.9989973306655884,-5.8640925004738168e-8,1,4.6268233688806507e-8,-0.9989973306655884,-6.065355506734704e-8,0.04476999118924141],5,1.2128081321716309],[[759.6515502929688,229.6079559326172,44.292179107666019,0.03397400304675102,-2.4052278391195615e-8,0.9994227290153503,-2.636930318544728e-8,1,2.4962560019048398e-8,-0.9994227290153503,-2.7202158747741124e-8,0.03397400304675102],5,1.242739200592041],[[759.4552612304688,230.0138397216797,44.278282165527347,0.028644394129514695,-4.016049270916255e-9,0.9995896816253662,5.977118355815492e-9,1,3.846416518626938e-9,-0.9995896816253662,5.864487562234899e-9,0.028644394129514695],5,1.2532014846801758],[[759.3671875,230.21649169921876,44.27204513549805,0.028638219460844995,8.082307267898159e-9,0.9995898604393005,2.5368393608005136e-8,1,-8.81242723238529e-9,-0.9995898604393005,2.561036183124088e-8,0.028638219460844995],5,1.2651262283325196],[[759.3013916015625,230.38848876953126,44.26738739013672,0.026891835033893586,2.0217601814920273e-8,0.9996383786201477,4.476931181329746e-8,1,-2.1429279684070935e-8,-0.9996383786201477,4.5329393572046686e-8,0.026891835033893586],5,1.2767000198364258],[[759.2579345703125,230.5298309326172,44.26430892944336,0.02689172886312008,3.230042011637124e-8,0.9996383786201477,6.415778841528663e-8,1,-3.403804171853153e-8,-0.9996383786201477,6.50499316634523e-8,0.02689172886312008],5,1.2896137237548829],[[759.234619140625,230.6706085205078,44.26266098022461,0.02514614351093769,4.851233015301659e-8,0.9996837973594666,9.001906420280648e-8,1,-5.079202125557458e-8,-0.9996837973594666,9.126782174462278e-8,0.02514614351093769],5,1.3046350479125977],[[759.21337890625,230.74041748046876,44.26185989379883,0.023509731516242029,6.073626224178952e-8,0.9997236132621765,1.0941592165636394e-7,1,-6.332610524850679e-8,-0.9997236132621765,1.1087445983548605e-7,0.023509731516242029],5,1.321937084197998],[[759.1503295898438,230.7858123779297,44.26001739501953,0.01711530238389969,7.75945920850063e-8,0.9998535513877869,1.353328826780853e-7,1,-7.992255746103183e-8,-0.9998535513877869,1.366809669889335e-7,0.01711530238389969],5,1.3482778072357178],[[759.015625,230.7659149169922,44.25687789916992,0.015158609487116337,6.286514775410979e-8,0.999885082244873,1.0771882585913773e-7,1,-6.450542855418462e-8,-0.999885082244873,1.0868426159049705e-7,0.015158609487116337],5,1.3574814796447755],[[758.905029296875,230.71310424804688,44.254695892333987,0.013107537291944027,4.881002269030432e-8,0.9999141097068787,8.213984159510801e-8,1,-4.9890960696075129e-8,-0.9999141097068787,8.278673391259872e-8,0.013107537291944027],5,1.3678233623504639],[[758.7720947265625,230.629638671875,44.25238800048828,0.011351564899086953,3.4681544747172668e-8,0.9999355673789978,5.655290280515146e-8,1,-3.532578674025899e-8,-0.9999355673789978,5.695026317198426e-8,0.011351564899086953],5,1.3795430660247803],[[758.6710815429688,230.5569610595703,44.2508430480957,0.009545090608298779,2.5270804115962166e-8,0.9999544620513916,3.9487268566062997e-8,1,-2.5648882129303275e-8,-0.9999544620513916,3.9730288392547666e-8,0.009545090608298779],5,1.3913817405700684],[[758.439208984375,230.3707275390625,44.24799728393555,0.004742350894957781,6.456354562089928e-9,0.9999887347221375,5.275009318239654e-9,1,-6.481443382000407e-9,-0.9999887347221375,5.305687000856096e-9,0.004742350894957781],5,1.4048218727111817],[[758.309326171875,230.25718688964845,44.24716567993164,0.0026528143789619209,-3.0379996296403535e-9,0.9999964833259583,-1.1837270719183835e-8,1,3.0694125019437026e-9,-0.9999964833259583,-1.18453709063715e-8,0.0026528143789619209],5,1.4171290397644044],[[757.9766235351563,229.9136962890625,44.246238708496097,-0.0035630592610687019,-2.6869074076785183e-8,0.9999936819076538,-5.473658859500574e-8,1,2.6674213060573494e-8,-0.9999936819076538,-5.464119823272995e-8,-0.0035630592610687019],5,1.4358470439910889],[[757.7766723632813,229.66673278808595,44.246883392333987,-0.007569581735879183,-4.1346559953581166e-8,0.999971330165863,-8.050800914816137e-8,1,4.0738314055488448e-8,-0.999971330165863,-8.019733144237762e-8,-0.007569581735879183],5,1.4468374252319337],[[757.6433715820313,229.48504638671876,44.24782180786133,-0.01127956435084343,-5.114712564591173e-8,0.9999364018440247,-9.771486730869583e-8,1,5.004812919651158e-8,-0.9999364018440247,-9.714413096162389e-8,-0.01127956435084343],5,1.4575378894805909],[[757.4434204101563,229.18698120117188,44.249977111816409,-0.011393300257623196,-6.538810737310996e-8,0.9999350905418396,-1.2352356293376943e-7,1,6.398492047310356e-8,-0.9999350905418396,-1.227865453756749e-7,-0.011393300257623196],5,1.4685125350952149],[[757.3101196289063,228.9712371826172,44.25150680541992,-0.013192927464842797,-7.509185451226586e-8,0.9999129772186279,-1.4073664544866916e-7,1,7.324150175236355e-8,-0.9999129772186279,-1.3975812862554449e-7,-0.013192927464842797],5,1.4799485206604005],[[757.0435180664063,228.49888610839845,44.254974365234378,-0.014806295745074749,-6.023637411090022e-8,0.9998903870582581,-1.1196389948509023e-7,1,5.858502660771592e-8,-0.9998903870582581,-1.1108419784022772e-7,-0.014806295745074749],5,1.491499662399292],[[757.05419921875,228.2701416015625,44.265663146972659,-0.012460689060389996,0.00023508160666096956,0.9999223351478577,-0.0000011065154694733793,1,-0.0002351136354263872,-0.9999223351478577,-0.000004036107384308707,-0.012460688129067421],5,1.5040533542633057],[[757.1392211914063,227.94329833984376,44.29356002807617,-0.015030946582555771,0.00018899717542808503,0.9998869895935059,-0.000003246797177780536,1,-0.00018906734476331621,-0.9998870491981506,-0.000006088291684136493,-0.015030945651233197],5,1.5152487754821778],[[757.201904296875,227.58578491210938,44.319515228271487,-0.015026080422103405,0.00009184845112031326,0.9998871088027954,-0.000002159108817068045,1,-0.00009189127013087273,-0.9998871088027954,-0.0000035396305975154975,-0.015026080422103405],5,1.5261719226837159],[[757.2313842773438,227.33042907714845,44.33573913574219,-0.015025092288851738,0.000045802491513313728,0.9998871088027954,-0.0000012909777069580742,1,-0.00004582706242217682,-0.9998871088027954,-0.00000197938788915053,-0.015025092288851738],5,1.5377888679504395],[[757.2569580078125,226.9218292236328,44.35845184326172,-0.015024947933852673,0.000009402197065355722,0.9998871088027954,-4.2669699951147779e-7,1,-0.00000940967038332019,-0.9998871088027954,-5.680286676579271e-7,-0.015024947933852673],5,1.5501158237457276],[[757.2603149414063,226.48257446289063,44.37921905517578,-0.015024857595562935,-0.0000021936277789791349,0.9998871088027954,-5.6622166511033359e-8,1,0.000002193024556618184,-0.9998871088027954,-2.366589235691663e-8,-0.015024857595562935],5,1.5612778663635255],[[757.2413940429688,226.01266479492188,44.39804458618164,-0.015024872496724129,-0.000003471272975730244,0.9998871088027954,4.312341062018277e-8,1,0.000003472312755548046,-0.9998871088027954,9.528960021043531e-8,-0.015024872496724129],5,1.572671890258789],[[757.2002563476563,225.51210021972657,44.41492462158203,-0.016662126407027246,-0.000002107965201503248,0.9998611807823181,4.3275420580357607e-8,1,0.0000021089790607220495,-0.9998611807823181,7.840949223236749e-8,-0.016662126407027246],5,1.585082769393921],[[757.1749267578125,225.4935760498047,44.42338562011719,-0.016728365793824197,-0.000001042934627548675,0.9998600482940674,2.639515628288791e-8,1,0.000001043522274812858,-0.9998600482940674,4.3847883546277447e-8,-0.016728365793824197],12,1.5989086627960206],[[757.1525268554688,225.6623077392578,44.43086242675781,-0.01675177551805973,6.857853662722846e-8,0.9998596906661987,1.585351294686177e-9,1,-6.85616043938353e-8,-0.9998596906661987,4.366003392153317e-10,-0.01675177551805973],12,1.6125385761260987],[[757.1513061523438,225.80197143554688,44.43125534057617,-0.01676938682794571,1.6128551294514183e-7,0.9998593926429749,-2.6677942077668605e-9,1,-1.6135294345076546e-7,-0.9998593926429749,-5.373208988856959e-9,-0.01676938682794571],12,1.625378131866455],[[757.1361083984375,225.92144775390626,44.43160629272461,-0.015024452470242978,1.4477760146291986e-7,0.9998871088027954,-4.151261112639304e-9,1,-1.4485631538718736e-7,-0.9998871088027954,-6.327179669085581e-9,-0.015024452470242978],8,1.6367406845092774],[[757.0985717773438,226.01025390625,44.43229293823242,-0.003563379868865013,1.2833764628794598e-7,0.999993622303009,-5.3298667701540129e-9,1,-1.2835744200856426e-7,-0.999993622303009,-5.787219592434667e-9,-0.003563379868865013],5,1.6499488353729249],[[757.0386962890625,226.0684051513672,44.43305969238281,0.07862430065870285,1.1186171633426057e-7,0.9969043135643005,-4.474929760078794e-9,1,-1.1185615278463956e-7,-0.9969043135643005,4.333534864287003e-9,0.07862430065870285],5,1.6624157428741456],[[757.0341186523438,226.0805206298828,44.431007385253909,0.12951239943504334,0.0012677866034209729,0.9915769696235657,0.003407936543226242,0.9999927282333374,-0.0017236658604815603,-0.9915719628334045,0.0036024677101522686,0.1295071393251419],5,1.674574851989746],[[757.2911987304688,226.06121826171876,44.427085876464847,0.4203782379627228,0.0006024108733981848,0.9073487520217896,0.002396349562332034,0.9999955296516419,-0.0017741594929248095,-0.9073457717895508,0.0029201428405940534,0.42037492990493777],5,1.6890182495117188],[[757.570068359375,226.39837646484376,44.426719665527347,0.7228166460990906,-0.00004837457163375802,0.6910398602485657,-0.000006476530415966408,1,0.00007677698158659041,-0.6910398602485657,-0.000059971222071908417,0.7228166460990906],7,1.711524248123169],[[757.6447143554688,226.84585571289063,44.42708969116211,0.9233477711677551,0.00028456683503463864,0.3839645981788635,-0.0005739870830439031,0.9999996423721314,0.0006391811184585094,-0.38396427035331728,-0.0008105772431008518,0.9233475923538208],7,1.7234692573547364],[[757.6448364257813,227.07347106933595,44.427146911621097,0.930290937423706,-0.00005603933459497057,0.3668225109577179,-0.00006234824104467407,0.9999999403953552,0.0003108896780759096,-0.3668225109577179,-0.0003120885812677443,0.9302908778190613],8,1.7449119091033936],[[757.6449584960938,227.94659423828126,44.42715835571289,0.9154207706451416,-0.000341778650181368,0.4024980366230011,0.0004432278510648757,0.9999998807907105,-0.00015891104703769088,-0.40249794721603396,0.0003238688223063946,0.9154208302497864],3,1.75357985496521],[[757.6478271484375,228.56822204589845,44.42714309692383,0.8915331959724426,-0.00017290121468249708,0.45295536518096926,0.0003306768194306642,0.9999998807907105,-0.0002691394474823028,-0.4529552757740021,0.00038972857873886824,0.8915331363677979],5,1.7655787467956544],[[757.6478881835938,229.15919494628907,44.427093505859378,0.8580825328826904,-0.00006839714478701353,0.5135117769241333,0.00017192050290759653,1,-0.0001540857192594558,-0.5135117769241333,0.00022050146071705967,0.8580825328826904],5,1.7759666442871094],[[757.6478881835938,229.71949768066407,44.42705154418945,0.7613373398780823,0.000002666752152435947,0.6483559608459473,0.00005461265755002387,1,-0.0000682424652040936,-0.6483559608459473,0.00008736398012842983,0.7613373398780823],5,1.7883806228637696],[[757.6478881835938,230.0760040283203,44.42703628540039,0.7006080746650696,0.000013946619219495915,0.7135463356971741,0.000014722942978551146,1,-0.000034001481253653768,-0.7135463356971741,0.00003432721132412553,0.7006080746650696],5,1.7996697425842286],[[757.6478881835938,230.58522033691407,44.42702865600586,0.5644997358322144,0.000013175702406442725,0.8254332542419434,-0.000008767715371504892,1,-0.00000996607468550792,-0.8254332542419434,-0.000001611317429706105,0.5644997358322144],5,1.8118269443511963],[[757.6478881835938,231.0637664794922,44.427024841308597,0.4949069917201996,0.0000056225435400847349,0.8689459562301636,-0.0000098066275313613,1,-8.851816915012023e-7,-0.8689459562301636,-0.000008083346983767115,0.4949069917201996],5,1.823235273361206],[[757.6478881835938,231.5116729736328,44.42702865600586,0.3820066452026367,8.647236882097786e-7,0.924159586429596,-0.000005689856607205002,1,0.000001416248323948821,-0.924159586429596,-0.000005799352038593497,0.3820066452026367],5,1.8359355926513672],[[757.6478881835938,231.92892456054688,44.42702865600586,0.34785592555999758,-4.0790149569147618e-7,0.9375479817390442,-0.0000022361248284141768,1,0.0000012647361700146576,-0.9375479817390442,-0.0000025364204248035095,0.34785592555999758],5,1.8479080200195313],[[757.6478881835938,232.3155059814453,44.42702865600586,0.3082582950592041,-4.957494752488856e-7,0.951302707195282,-5.039652819505136e-7,1,6.844308586551051e-7,-0.951302707195282,-6.904050451339572e-7,0.3082582950592041],5,1.8597705364227296],[[757.6478881835938,232.6714324951172,44.42702865600586,0.294936865568161,-2.674365191523975e-7,0.9555167555809021,7.674801594248493e-8,1,2.561972110015631e-7,-0.9555167555809021,-2.227984685632123e-9,0.294936865568161],5,1.8730440139770508],[[757.6478881835938,232.99671936035157,44.42702865600586,0.2647540271282196,-9.568292114181532e-8,0.9643159508705139,1.596136911530266e-7,1,5.540150027627533e-8,-0.9643159508705139,1.392502610997326e-7,0.2647540271282196],5,1.8866145610809327],[[757.6239624023438,233.3827362060547,44.42045593261719,0.22013670206069947,3.3174533342616999e-8,0.9754690527915955,1.0350105128509313e-7,1,-5.736616159879304e-8,-0.9754690527915955,1.1359047391579225e-7,0.22013670206069947],5,1.9042549133300782],[[757.5614013671875,233.71424865722657,44.40480041503906,0.1644660085439682,1.1533966670640439e-7,0.9863827228546143,3.5017770017020669e-8,1,-1.2277070027266746e-7,-0.9863827228546143,5.473253139598455e-8,0.1644660085439682],5,1.925957441329956],[[757.3939208984375,234.1093292236328,44.3702507019043,0.09834587574005127,1.2286818673601375e-7,0.9951522946357727,-3.9455777312014109e-8,1,-1.1956750256558736e-7,-0.9951522946357727,-2.7505537403271775e-8,0.09834587574005127],5,1.9423973560333253],[[757.2767944335938,234.26089477539063,44.35108184814453,0.06102289259433746,1.2343048183538486e-7,0.9981363415718079,-7.639537358272719e-8,1,-1.1899037133389356e-7,-0.9981363415718079,-6.899185933662011e-8,0.06102289259433746],5,1.9664764404296876],[[757.0321044921875,234.4453582763672,44.3232536315918,0.033681731671094897,1.0235417846615747e-7,0.9994326233863831,-1.0785535664581403e-7,1,-9.877746975917035e-8,-0.9994326233863831,-1.0446716913747878e-7,0.033681731671094897],5,1.9757359027862549],[[756.8560180664063,234.51516723632813,44.31163787841797,0.02152426727116108,6.998513413236651e-8,0.9997683167457581,-1.0014711904204887e-7,1,-6.784525652392404e-8,-0.9997683167457581,-9.866359818033743e-8,0.02152426727116108],5,1.9881350994110108],[[756.7271728515625,234.544677734375,44.307430267333987,0.015249546617269516,4.870488723440758e-8,0.9998837113380432,-9.508867293561707e-8,1,-4.7260321878184189e-8,-0.9998837113380432,-9.435692049919453e-8,0.015249546617269516],5,1.9993813037872315],[[756.5278930664063,234.5634002685547,44.30405807495117,0.014962181448936463,1.7763007065241255e-8,0.9998880624771118,-8.747903024186599e-8,1,-1.6455970808237909e-8,-0.9998880624771118,-8.722301458874426e-8,0.014962181448936463],5,2.009829044342041],[[756.3945922851563,234.558837890625,44.30208206176758,0.018087605014443399,-2.538265597706868e-9,0.9998363852500916,-8.233535453427976e-8,1,4.028173794523582e-9,-0.9998363852500916,-8.239474169613459e-8,0.018087605014443399],5,2.0205554962158205],[[756.1946411132813,234.8570556640625,44.298580169677737,0.040795497596263888,-3.151485472585591e-8,0.9991675019264221,-7.392863210498035e-8,1,3.4559580086579447e-8,-0.9991675019264221,-7.527696510578608e-8,0.040795497596263888],7,2.0332322120666506],[[755.9948120117188,235.2041778564453,44.29127502441406,0.18392044305801392,-5.1547811352747888e-8,0.9829411506652832,-6.111777395290119e-8,1,6.387831064103011e-8,-0.9829411506652832,-7.182369898828256e-8,0.18392044305801392],7,2.0451033115386965],[[755.7974853515625,235.46383666992188,44.26065444946289,0.308928519487381,-7.309447624948007e-8,0.9510852694511414,-4.45307151153429e-8,1,9.131808553775045e-8,-0.9510852694511414,-7.056326722931772e-8,0.308928519487381],7,2.0566678047180177],[[755.6056518554688,235.6383819580078,44.2049674987793,0.6283860206604004,-7.483253483542285e-8,0.7779016494750977,-1.8601923557071133e-8,1,1.112245016088309e-7,-0.7779016494750977,-8.436239085085617e-8,0.6283860206604004],8,2.068255662918091],[[755.4146728515625,236.2974853515625,44.14569854736328,0.8657068014144898,-7.132970836210007e-8,0.5005514025688171,1.2932619419814273e-8,1,1.2013521200060496e-7,-0.5005514025688171,-9.75284351056871e-8,0.8657068014144898],3,2.0837948322296144],[[755.1754760742188,237.1331329345703,44.047142028808597,0.9160388708114624,-9.93871012155978e-8,0.40108945965766909,5.289972904165552e-8,1,1.269764027256315e-7,-0.40108945965766909,-9.509779630434423e-8,0.9160388708114624],5,2.105912446975708],[[754.9622802734375,237.91427612304688,43.91864013671875,0.9495772123336792,-1.2872965271526483e-7,0.31353333592414858,9.240318377123913e-8,1,1.307219861246267e-7,-0.31353333592414858,-9.51591374587224e-8,0.9495772123336792],5,2.1150474548339845],[[754.8208618164063,238.46437072753907,43.80388641357422,0.9353134632110596,-1.295543228252427e-7,0.35382014513015749,9.67558690945225e-8,1,1.1038729041956685e-7,-0.35382014513015749,-6.901254323565809e-8,0.9353134632110596],5,2.125948190689087],[[754.6952514648438,238.9838104248047,43.67335510253906,0.9009380340576172,-1.1593614601679292e-7,0.4339478015899658,9.168090286948427e-8,1,7.682337610503964e-8,-0.4339478015899658,-2.942837262764897e-8,0.9009380340576172],5,2.13724684715271],[[754.6194458007813,239.31307983398438,43.576786041259769,0.7511546015739441,-1.0682851581123032e-7,0.6601263284683228,9.505544795729293e-8,1,5.3667271515678297e-8,-0.6601263284683228,2.243619334763025e-8,0.7511546015739441],5,2.148329734802246],[[754.516845703125,239.7814178466797,43.440834045410159,0.6323192119598389,-8.289056552257535e-8,0.7747079730033875,1.050871958341304e-7,1,2.1223367951961337e-8,-0.7747079730033875,6.799194096629435e-8,0.6323192119598389],5,2.1614136695861818],[[754.427734375,240.21910095214845,43.322723388671878,0.3623674809932709,-3.940498061183462e-8,0.9320353269577026,1.2424821704826173e-7,1,-6.028240573385801e-9,-0.9320353269577026,1.1798816501595866e-7,0.3623674809932709],5,2.182248830795288],[[754.30908203125,240.8804473876953,43.165504455566409,0.11606784164905548,1.8162621628903254e-8,0.9932413101196289,1.492567491823138e-7,1,-3.572800721940439e-8,-0.9932413101196289,1.5239484696394357e-7,0.11606784164905548],5,2.1910080909729006],[[754.2720947265625,241.12115478515626,43.11648941040039,-0.08304402232170105,5.2331188271637077e-8,0.9965458512306213,1.3248222785477993e-7,1,-4.1472585365909256e-8,-0.9965458512306213,1.2858056663844764e-7,-0.08304402232170105],5,2.2037813663482668],[[754.216064453125,241.56167602539063,43.042240142822269,-0.15759950876235963,7.048745942483947e-8,0.9875031113624573,9.991185123681135e-8,1,-5.543415682041086e-8,-0.9875031113624573,8.992686417741425e-8,-0.15759950876235963],5,2.224142074584961],[[754.1897583007813,241.85629272460938,43.007362365722659,-0.3185552954673767,9.085875518621833e-8,0.9479042887687683,7.75661703755759e-8,1,-6.978515187938683e-8,-0.9479042887687683,5.1294872349672008e-8,-0.3185552954673767],5,2.232523202896118],[[754.1768798828125,242.12025451660157,42.990325927734378,-0.3645132780075073,9.973852854727738e-8,0.9311981797218323,5.596265140184187e-8,1,-8.520141392409642e-8,-0.9311981797218323,2.105527308060573e-8,-0.3645132780075073],5,2.2428009510040285],[[754.1751098632813,242.27920532226563,42.98796463012695,-0.4111957848072052,1.049949389653193e-7,0.911547064781189,4.210657422731856e-8,1,-9.618910468134345e-8,-0.911547064781189,-1.1704329727635355e-9,-0.4111957848072052],5,2.2541112899780275],[[754.1748657226563,242.49208068847657,42.98759841918945,-0.4583790600299835,1.1126338961275906e-7,0.8887568116188049,2.2224940110504577e-8,1,-1.13727331552127e-7,-0.8887568116188049,-3.2377659664462047e-8,-0.4583790600299835],5,2.2656409740448],[[754.1748657226563,242.67430114746095,42.98758316040039,-0.5473809242248535,1.138117937671268e-7,0.8368836045265198,4.264629094308248e-9,1,-1.3320540404038184e-7,-0.8368836045265198,-6.934509855227589e-8,-0.5473809242248535],5,2.2768523693084719],[[754.1748657226563,242.82586669921876,42.98758316040039,-0.5848077535629273,1.1701207824899029e-7,0.8111719489097595,-1.2782005676115205e-8,1,-1.5346573434271705e-7,-0.8111719489097595,-1.0011635254159046e-7,-0.5848077535629273],5,2.2876033782958986],[[754.1748657226563,242.9098663330078,42.98758316040039,-0.6466999053955078,1.1309712277807194e-7,0.7627445459365845,-2.3045213737304949e-8,1,-1.678156422713073e-7,-0.7627445459365845,-1.261039699329558e-7,-0.6466999053955078],5,2.3008179664611818],[[754.1748657226563,243.03701782226563,42.98758316040039,-0.6690608263015747,7.638497834250302e-8,0.7432076930999756,-2.650826580463672e-8,1,-1.2664108339777159e-7,-0.74320