[[[776,222.69961547851563,47,1,-3.18443120761458e-8,-1.890006976878328e-14,3.18443120761458e-8,1,4.375407414158872e-8,1.750675139252679e-14,-4.375407414158872e-8,1],8,0.014573812484741211],[[776,222.69961547851563,47,1,-5.7280971077489088e-9,-1.8513219657376874e-14,5.7280971077489088e-9,1,7.870361251605118e-9,1.846813717579221e-14,-7.870361251605118e-9,1],8,0.04484272003173828],[[776,222.69961547851563,47,1,2.0360227281912559e-8,-1.906207837247282e-14,-2.0360227281912559e-8,1,-2.7975039174066297e-8,1.8492501231487033e-14,2.7975039174066297e-8,1],8,0.05284476280212402],[[776,222.69961547851563,47,1,3.078775279163892e-8,-1.9542960999485716e-14,-3.078775279163892e-8,1,-4.2302481517708659e-8,1.8240563139787503e-14,4.2302481517708659e-8,1],8,0.06225109100341797],[[776,222.69961547851563,47,1,4.642069129090487e-8,-2.054369315721699e-14,-4.642069129090487e-8,1,-6.378216710345441e-8,1.7582881019760113e-14,6.378216710345441e-8,1],8,0.07516193389892578],[[776,222.69961547851563,47,1,6.204360403216924e-8,-2.1879140548451173e-14,-6.204360403216924e-8,1,-8.52480894764085e-8,1.659004151503135e-14,8.52480894764085e-8,1],8,0.0857081413269043],[[776,222.69961547851563,47,1,6.211177350223807e-8,-2.199865181511107e-14,-6.211177350223807e-8,1,-8.534175321983639e-8,1.6697924713391343e-14,8.534175321983639e-8,1],8,0.09668588638305664],[[776,222.69961547851563,47,1,4.670662434591577e-8,-2.1014756978305315e-14,-4.670662434591577e-8,1,-6.417502618205617e-8,1.8017358099724734e-14,6.417502618205617e-8,1],8,0.10891175270080567],[[776,222.69961547851563,47,1,3.131134462819318e-8,-2.0356182085551519e-14,-3.131134462819318e-8,1,-4.3021856299674258e-8,1.900911001414922e-14,4.3021856299674258e-8,1],8,0.12070751190185547],[[776,222.69961547851563,47,1,1.5925932572713465e-8,-2.0023076214648398e-14,-1.5925932572713465e-8,1,-2.188224357269064e-8,1.967458144915956e-14,2.188224357269064e-8,1],8,0.13328838348388673],[[776,222.69961547851563,47,1,5.50379297692416e-10,-2.0014970109343174e-14,-5.50379297692416e-10,1,-7.561748449624872e-10,2.0014553369133125e-14,7.561748449624872e-10,1],8,0.1461925506591797],[[776,222.69961547851563,47,1,-1.4815319637762059e-8,-2.033126745844098e-14,1.4815319637762059e-8,1,2.0356356600359505e-8,2.0029681377571087e-14,-2.0356356600359505e-8,1],8,0.15844106674194337],[[776,222.69961547851563,47,1,-3.528760217363924e-8,-2.1256557779692106e-14,3.528760217363924e-8,1,4.848535795076714e-8,1.9545625765137778e-14,-4.848535795076714e-8,1],8,0.17302751541137696],[[776,222.69961547851563,47,1,-5.063033370333869e-8,-2.2327390384138148e-14,5.063033370333869e-8,1,6.956634024390951e-8,1.8805224101547427e-14,-6.956634024390951e-8,1],8,0.19765424728393556],[[776,222.69961547851563,47,1,-6.541381480928976e-8,-2.3784141363748617e-14,6.541381480928976e-8,1,8.987892385903251e-8,1.7904817914220738e-14,-8.987892385903251e-8,1],8,0.20757341384887696],[[776,222.69961547851563,47,1,-4.8446484157693706e-8,-2.264866151070223e-14,4.8446484157693706e-8,1,6.656572537622196e-8,1.9423786851938825e-14,-6.656572537622196e-8,1],8,0.21867036819458009],[[776,222.69961547851563,47,-0.058881789445877078,-4.909628970040103e-8,0.9982649683952332,6.9102014776945e-8,1,5.325754415252959e-8,-0.9982649683952332,7.211802000028911e-8,-0.058881789445877078],8,0.23462557792663575],[[776,222.69961547851563,47,-0.03556371480226517,-3.001440163075131e-8,0.9993674159049988,9.87548034458996e-8,1,3.354771394015188e-8,-0.9993674159049988,9.988541904704107e-8,-0.03556371480226517],8,0.25780487060546877],[[776,222.69961547851563,47,-0.005659937858581543,-5.796874535946017e-9,0.9999839663505554,1.0065645028589643e-7,1,6.366685845193842e-9,-0.9999839663505554,1.0069086897601665e-7,-0.005659937858581543],8,0.267352819442749],[[776,222.69961547851563,47,0.0026113688945770265,3.911112322896315e-9,0.9999966025352478,7.989669370545016e-8,1,-4.1197663058767379e-9,-0.9999966025352478,7.990718131622998e-8,0.0026113688945770265],8,0.2782120704650879],[[776,222.69961547851563,47,0.014938107691705227,1.3472856608132134e-8,0.9998884201049805,5.9018557152512588e-8,1,-1.435608432132085e-8,-0.9998884201049805,5.92264264298592e-8,0.014938107691705227],8,0.28940796852111819],[[776,222.69961547851563,47,0.021954162046313287,2.8873863300304948e-8,0.9997589588165283,2.7610736808014736e-8,1,-2.9487141617323688e-8,-0.9997589588165283,2.8251447403704334e-8,0.021954162046313287],8,0.29900360107421877],[[776,222.69961547851563,47,0.027210626751184465,3.926463776338096e-8,0.9996297359466553,6.6304721713095209e-9,1,-3.945966753349239e-8,-0.9996297359466553,7.70173969044663e-9,0.027210626751184465],8,0.3092918395996094],[[776,222.69961547851563,47,0.03594189137220383,5.499711974721322e-8,0.9993538856506348,-2.4952639066100347e-8,1,-5.413525272501829e-8,-0.9993538856506348,-2.2990793269173083e-8,0.03594189137220383],8,0.32228636741638186],[[776,222.69961547851563,47,0.044669631868600848,7.624846176668143e-8,0.9990018010139465,-6.720122769365844e-8,1,-7.331979645641695e-8,-0.9990018010139465,-6.385897677319008e-8,0.044669631868600848],8,0.33529019355773928],[[776,222.69961547851563,47,0.04990392550826073,6.121065609931975e-8,0.9987540245056152,-6.793734286247855e-8,1,-5.789244639231583e-8,-0.9987540245056152,-6.496363624819424e-8,0.04990392550826073],8,0.3652005195617676],[[775.57568359375,222.69961547851563,46.97880172729492,0.0533929243683815,6.483878323138015e-9,0.9985736012458801,-4.1526366345578938e-8,1,-4.272759035472973e-9,-0.9985736012458801,-4.12389979942418e-8,0.0533929243683815],8,0.39435887336730959],[[775.3094482421875,222.69961547851563,46.96470260620117,0.0533926859498024,-2.0957612534289184e-8,0.9985736012458801,-2.8337804991451777e-8,1,2.2502742780261543e-8,-0.9985736012458801,-2.9498865572463729e-8,0.0533926859498024],8,0.4131805896759033],[[774.9765014648438,222.69961547851563,46.94690704345703,0.0533929243683815,-5.522649004774394e-8,0.9985736012458801,-1.1867932414588722e-8,1,5.593994956143433e-8,-0.9985736012458801,-1.4837801209921509e-8,0.0533929243683815],8,0.4305896759033203],[[774.7101440429688,222.69961547851563,46.93267059326172,0.05339280515909195,-8.261526573960509e-8,0.9985736012458801,1.2953026429229909e-9,1,8.266401607670559e-8,-0.9985736012458801,-3.120208758033982e-9,0.05339280515909195],8,0.4490807056427002],[[774.4437866210938,222.69961547851563,46.918434143066409,0.0533926859498024,-1.0998063260103663e-7,0.9985736012458801,1.4447286034169338e-8,1,1.0936525285387688e-7,-0.9985736012458801,8.587373478974314e-9,0.0533926859498024],8,0.4564073085784912],[[774.3106079101563,222.69961547851563,46.91131591796875,0.05339173227548599,-1.2365453017082474e-7,0.9985736608505249,2.101904961193668e-8,1,1.2270731986063766e-7,-0.9985736608505249,1.4437513407017378e-8,0.05339173227548599],8,0.4668540954589844],[[774.0442504882813,222.69961547851563,46.89707946777344,0.053391970694065097,-7.950416147650685e-8,0.9985736608505249,1.8465703632841725e-8,1,7.86303999689153e-8,-0.9985736608505249,1.4241132717529581e-8,0.053391970694065097],8,0.4801294803619385],[[773.844482421875,222.69961547851563,46.88640213012695,0.0533922053873539,-4.6416143817396008e-8,0.9985736012458801,1.6552119674884126e-8,1,4.5597431608257469e-8,-0.9985736012458801,1.409396244156369e-8,0.0533922053873539],8,0.49326443672180178],[[773.6447143554688,222.69961547851563,46.87572479248047,0.05339185148477554,-1.3349331418055499e-8,0.9985736608505249,1.4639773837643589e-8,1,1.2585638309303704e-8,-0.9985736608505249,1.3946921839647075e-8,0.05339185148477554],8,0.506385087966919],[[773.4449462890625,222.69961547851563,46.865047454833987,0.05339173227548599,1.9696285491477285e-8,0.9985736608505249,1.2728656351157497e-8,1,-2.0404995026979124e-8,-0.9985736608505249,1.3799959397431394e-8,0.05339173227548599],8,0.5196332931518555],[[773.311767578125,222.69961547851563,46.85792922973633,0.053391970694065097,4.1714923071367596e-8,0.9985736608505249,1.1455253634551355e-8,1,-4.238700057612732e-8,-0.9985736608505249,1.3702040391194715e-8,0.053391970694065097],8,0.5290946960449219],[[773.1785888671875,222.69961547851563,46.85081100463867,0.05339173227548599,6.372415839450696e-8,0.9985736608505249,1.0182400700387007e-8,1,-6.435961097395193e-8,-0.9985736608505249,1.3604148030310626e-8,0.05339173227548599],8,0.5370242595672607],[[772.9788208007813,222.69961547851563,46.84013366699219,0.053392328321933749,9.672036327401656e-8,0.9985736012458801,8.274121832130277e-9,1,-9.730092642712407e-8,-0.9985736012458801,1.3457442271658238e-8,0.053392328321933749],8,0.5470728874206543],[[772.8456420898438,222.69961547851563,46.83301544189453,0.053392328321933749,1.0103494219038112e-7,0.9985736012458801,6.339274882805057e-9,1,-1.0151821783210835e-7,-0.9985736012458801,1.1750526773823822e-8,0.053392328321933749],8,0.557208776473999],[[772.6458740234375,222.69961547851563,46.82233810424805,0.053392089903354648,8.100514747866328e-8,0.9985736012458801,2.4438595591647074e-9,1,-8.125152817228809e-8,-0.9985736012458801,6.778562600118221e-9,0.053392089903354648],8,0.5678932666778565],[[772.5126953125,222.69961547851563,46.81521987915039,0.05339256674051285,6.765908011630018e-8,0.9985736012458801,-1.516902436993206e-10,1,-6.774762084660324e-8,-0.9985736012458801,3.465745468389514e-9,0.05339256674051285],8,0.5779664516448975],[[772.3795166015625,222.69961547851563,46.808101654052737,0.05339173227548599,5.4318725517532587e-8,0.9985736608505249,-2.746141980480843e-9,1,-5.424948312793276e-8,-0.9985736608505249,1.5424868327063025e-10,0.05339173227548599],8,0.5876867771148682],[[772.1797485351563,222.69961547851563,46.79742431640625,0.055136170238256457,3.431852135804547e-8,0.9984788298606873,-6.60038246280692e-9,1,-3.400633019623456e-8,-0.9984788298606873,-4.715363655094507e-9,0.055136170238256457],8,0.6006684303283691],[[771.97998046875,222.69961547851563,46.78646469116211,0.05687972530722618,1.4339678777730569e-8,0.9983810186386108,-1.041681851887688e-8,1,-1.376946467956941e-8,-0.9983810186386108,-9.616750062946267e-9,0.05687972530722618],8,0.6124906539916992],[[771.713623046875,222.69961547851563,46.77136993408203,0.06036762148141861,-1.2256244907860037e-8,0.9981762170791626,-1.540735716787367e-8,1,1.3210443405853312e-8,-0.9981762170791626,-1.6176741723938904e-8,0.06036762148141861],8,0.6290524005889893],[[771.447509765625,222.69961547851563,46.755409240722659,0.06385359168052674,-3.880635190967041e-8,0.9979592561721802,-2.0299451009009318e-8,1,4.018455257437381e-8,-0.9979592561721802,-2.2823954282102933e-8,0.06385359168052674],8,0.6518888473510742],[[771.181396484375,222.69961547851563,46.73851776123047,0.07430903613567352,-6.514896000453519e-8,0.9972352385520935,-2.4904640127942913e-8,1,6.71853470635142e-8,-0.9972352385520935,-2.9828264302977917e-8,0.07430903613567352],8,0.6621718406677246],[[770.98193359375,222.69961547851563,46.72405242919922,0.08127447217702866,-8.486201608093325e-8,0.9966917634010315,-2.8214484970590094e-8,1,8.744441970520711e-8,-0.9966917634010315,-3.522814395751084e-8,0.08127447217702866],8,0.6718425750732422],[[770.8489990234375,222.69961547851563,46.71347427368164,0.08823605626821518,-9.788875132699104e-8,0.996099591255188,-3.032550566217651e-8,1,1.0095833857803882e-7,-0.996099591255188,-3.911538826173455e-8,0.08823605626821518],8,0.6817164421081543],[[770.7161865234375,222.69961547851563,46.701988220214847,0.09519308805465698,-1.1088234685985299e-7,0.9954588413238525,-3.2341198163976517e-8,1,1.1448088343968266e-7,-0.9954588413238525,-4.309212187081357e-8,0.09519308805465698],8,0.6918470859527588],[[770.51708984375,222.69961547851563,46.68325424194336,0.10388296097517014,-9.640146458878007e-8,0.9945895075798035,-2.630529216673949e-8,1,9.967341441097233e-8,-0.9945895075798035,-3.651733848641925e-8,0.10388296097517014],8,0.701906681060791],[[770.3843994140625,222.6894073486328,46.67057418823242,0.10388284176588059,-7.567749094050669e-8,0.9945895671844482,-1.9323913136304328e-8,1,7.810751156966944e-8,-0.9945895671844482,-2.7333392438322336e-8,0.10388284176588059],8,0.7118258476257324],[[770.1853637695313,223.3485107421875,46.65154266357422,0.10388236492872238,-4.4608139404545e-8,0.9945895671844482,-8.857418798413619e-9,1,4.57759377070488e-8,-0.9945895671844482,-1.3564809719923688e-8,0.10388236492872238],3,0.7285723686218262],[[769.920166015625,224.1841583251953,46.62418746948242,0.10388273000717163,-3.2132976279797278e-9,0.9945895671844482,5.087455345886838e-9,1,2.699404033634778e-9,-0.9945895671844482,4.7795083446544599e-9,0.10388273000717163],5,0.7554440498352051],[[769.5887451171875,225.15206909179688,46.58957290649414,0.10388293862342835,4.8480544023732367e-8,0.9945895075798035,2.2501781771211428e-8,1,-5.1094538378038126e-8,-0.9945895075798035,2.7687887538263568e-8,0.10388293862342835],5,0.7626316547393799],[[769.389892578125,225.69195556640626,46.56880187988281,0.10388291627168656,7.947035385313939e-8,0.9945895075798035,3.294145045629193e-8,1,-8.334333045922904e-8,-0.9945895075798035,4.142117049354965e-8,0.10388291627168656],5,0.7726659774780273],[[769.25732421875,226.0348358154297,46.554954528808597,0.10388302057981491,1.0011918050167879e-7,0.9945895075798035,3.9897511072695127e-8,1,-1.0483104517788888e-7,-0.9945895075798035,5.057180985090781e-8,0.10388302057981491],5,0.7826547622680664],[[769.124755859375,226.36410522460938,46.541107177734378,0.10388254374265671,1.207592248420042e-7,0.9945895671844482,4.685060517317652e-8,1,-1.2630957257897536e-7,-0.9945895671844482,5.971848082708675e-8,0.10388254374265671],5,0.7923717498779297],[[768.9921875,226.6797332763672,46.527259826660159,0.10388278216123581,1.2571365459734808e-7,0.9945895671844482,4.7984045181692639e-8,1,-1.3140936516720104e-7,-0.9945895671844482,6.13756014899991e-8,0.10388278216123581],5,0.8018245697021484],[[768.7933349609375,227.1276397705078,46.50648880004883,0.1038825660943985,1.0963380958628477e-7,0.9945895671844482,4.096108341400395e-8,1,-1.1450848802496694e-7,-0.9945895671844482,5.263490265861037e-8,0.1038825660943985],5,0.8118512630462647],[[768.594482421875,227.54489135742188,46.4857177734375,0.10388224571943283,9.356426033946264e-8,0.994589626789093,3.394260872369159e-8,1,-9.761845376488054e-8,-0.994589626789093,4.38997922458384e-8,0.10388224571943283],5,0.8232524394989014],[[768.3956298828125,227.9314727783203,46.46494674682617,0.10388273745775223,7.750496422431752e-8,0.9945895671844482,2.692864420339447e-8,1,-8.073922685980506e-8,-0.9945895671844482,3.517035906952515e-8,0.10388273745775223],5,0.8350510597229004],[[768.2630615234375,228.17218017578126,46.45109939575195,0.10388251394033432,6.68045103680015e-8,0.9945895671844482,2.2255163045770133e-8,1,-6.949241537768103e-8,-0.9945895671844482,2.9353799391174108e-8,0.10388251394033432],5,0.8459594249725342],[[768.064208984375,228.50767517089845,46.430328369140628,0.09410582482814789,5.106692313461281e-8,0.9955621957778931,1.5034325784313297e-8,1,-5.271568070952526e-8,-0.9955621957778931,1.9928458883100576e-8,0.09410582482814789],5,0.8604335784912109],[[767.798828125,228.90731811523438,46.40499496459961,0.07957836985588074,3.001760262577591e-8,0.9968286156654358,5.03526065287474e-9,1,-3.0515074911363629e-8,-0.9968286156654358,7.447631844570424e-9,0.07957836985588074],5,0.8898406028747559],[[767.20068359375,229.6072540283203,46.35768508911133,0.05766528844833374,-1.7761141890559885e-8,0.9983359575271606,-1.871391219765428e-8,1,1.887168821212981e-8,-0.9983359575271606,-1.9771011494640335e-8,0.05766528844833374],5,0.9111261367797852],[[767.0675659179688,229.72532653808595,46.35007095336914,0.047392088919878009,-2.8629658643808399e-8,0.9988763928413391,-2.4063622205972025e-8,1,2.980357294291025e-8,-0.9988763928413391,-2.5449036655800229e-8,0.047392088919878009],5,0.9214396476745606],[[766.8677978515625,229.87689208984376,46.34050750732422,0.0468507818877697,-4.4615354966026646e-8,0.998901903629303,-3.211591348417642e-8,1,4.617070814560975e-8,-0.998901903629303,-3.424378292038455e-8,0.0468507818877697],5,0.9300620555877686],[[766.8012084960938,229.92059326171876,46.33740234375,0.04645668715238571,-4.994828728399625e-8,0.9989203214645386,-3.4804052972958746e-8,1,5.162090488397553e-8,-0.9989203214645386,-3.716461094427359e-8,0.04645668715238571],5,0.9380977153778076],[[766.6014404296875,230.03128051757813,46.32811737060547,0.046462126076221469,-6.589669965251233e-8,0.9989200234413147,-4.286922461460563e-8,1,6.796189211399906e-8,-0.9989200234413147,-4.598058467308874e-8,0.046462126076221469],5,0.947310209274292],[[766.46826171875,230.08804321289063,46.321929931640628,0.046419691294431689,-7.65244791978148e-8,0.9989220499992371,-4.824497779054582e-8,1,7.88489984415719e-8,-0.9989220499992371,-5.1853113802735609e-8,0.046419691294431689],5,0.9577007293701172],[[766.1353149414063,230.1703338623047,46.306461334228519,0.046415336430072787,-1.0306865760867368e-7,0.9989222288131714,-6.167564947645588e-8,1,1.060456469303972e-7,-0.9989222288131714,-6.653132089695646e-8,0.046415336430072787],5,0.9786107540130615],[[765.935546875,230.1788330078125,46.29718017578125,0.04641163721680641,-1.1898155349854278e-7,0.9989224076271057,-6.972741317667897e-8,1,1.2234956159318245e-7,-0.9989224076271057,-7.533071766374633e-8,0.04641163721680641],5,1.0065627098083497],[[765.5360107421875,230.10386657714845,46.27861785888672,0.04641145095229149,-1.359405104039979e-7,0.9989224076271057,-7.748200658852511e-8,1,1.396870885628232e-7,-0.9989224076271057,-8.388159500327674e-8,0.04641145095229149],5,1.0140628814697266],[[765.40283203125,230.0516357421875,46.272430419921878,0.04641133174300194,-1.168677528085027e-7,0.9989224076271057,-6.617845826895064e-8,1,1.2006856309199066e-7,-0.9989224076271057,-7.16796861865987e-8,0.04641133174300194],5,1.0219309329986573],[[765.2030639648438,229.94772338867188,46.26314926147461,0.04641133174300194,-8.827387887322402e-8,0.9989224076271057,-4.923218455132883e-8,1,9.065649919648422e-8,-0.9989224076271057,-5.338662134590777e-8,0.04641133174300194],5,1.0344183444976807],[[765.0032958984375,229.8131561279297,46.253868103027347,0.04641133174300194,-5.96983298351006e-8,0.9989224076271057,-3.2296767926709438e-8,1,6.12632859997575e-8,-0.9989224076271057,-3.51052769076432e-8,0.04641133174300194],5,1.0472328662872315],[[764.8035278320313,229.64794921875,46.24458694458008,0.04641133174300194,-3.11411092468461e-8,0.9989224076271057,-1.537220306602194e-8,1,3.188891994909682e-8,-0.9989224076271057,-1.6835645766377639e-8,0.04641133174300194],5,1.0603423118591309],[[764.603759765625,229.4520721435547,46.23530578613281,0.04641133174300194,-2.602196458312278e-9,0.9989224076271057,1.5415181353617414e-9,1,2.5333826147999618e-9,-0.9989224076271057,1.4222792943385799e-9,0.04641133174300194],5,1.074172019958496],[[764.4705810546875,229.30445861816407,46.22911834716797,0.04641133174300194,1.64135816049793e-8,0.9989224076271057,1.281131112307321e-8,1,-1.7026518861484875e-8,-0.9989224076271057,1.3587730052222469e-8,0.04641133174300194],5,1.083491563796997],[[764.2708129882813,229.0574951171875,46.2198371887207,0.04641133174300194,4.492201099992599e-8,0.9989224076271057,2.9706976434340505e-8,1,-4.635069927871882e-8,-0.9989224076271057,3.1826161261960809e-8,0.04641133174300194],5,1.0933177471160889],[[764.1376342773438,228.8758087158203,46.21364974975586,0.04641133174300194,6.391747575662521e-8,0.9989224076271057,4.096473915637944e-8,1,-6.588970791199245e-8,-0.9989224076271057,4.39786234096573e-8,0.04641133174300194],5,1.1028430461883546],[[764.0044555664063,228.68051147460938,46.207462310791019,0.04641133174300194,8.290481900985469e-8,0.9989224076271057,5.2217689727740438e-8,1,-8.542036056269353e-8,-0.9989224076271057,5.612589504266907e-8,0.04641133174300194],5,1.113917589187622],[[763.8046875,228.36199951171876,46.19818115234375,0.04641133174300194,1.1137061761701261e-7,0.9989224076271057,6.908810945560617e-8,1,-1.1470068983499005e-7,-0.9989224076271057,7.433707338577733e-8,0.04641133174300194],5,1.1249983310699463],[[763.6049194335938,228.01284790039063,46.188899993896487,0.04150396212935448,1.2490720280311508e-7,0.999138355255127,7.671557966659748e-8,1,-1.2820167683003093e-7,-0.999138355255127,8.19703487309198e-8,0.04150396212935448],5,1.139460802078247],[[763.3385620117188,227.49961853027345,46.17771911621094,0.015985576435923578,1.0391847382607011e-7,0.9998722076416016,6.105438643544403e-8,1,-1.0490786905847927e-7,-0.9998722076416016,6.272360053571902e-8,0.015985576435923578],5,1.165330410003662],[[763.0053100585938,226.78143310546876,46.17219543457031,-0.06832146644592285,8.051890887372793e-8,0.9976633787155151,3.8072816010981117e-8,1,-7.810021429577319e-8,-0.9976633787155151,3.264793235757679e-8,-0.06832146644592285],5,1.1738338470458985],[[762.8722534179688,226.47032165527345,46.1777458190918,-0.12180691957473755,7.072381436046271e-8,0.9925538301467896,2.8441153432368084e-8,1,-6.776406991093609e-8,-0.9925538301467896,1.997524279317986e-8,-0.12180691957473755],5,1.1837005615234376],[[762.673583984375,225.9781036376953,46.19999313354492,-0.170880526304245,5.441490458224507e-8,0.9852917790412903,1.333979238182792e-8,1,-5.2913659231990098e-8,-0.9852917790412903,4.101673223289026e-9,-0.170880526304245],5,1.1946780681610108],[[762.5421142578125,225.6329345703125,46.22162628173828,-0.22577813267707826,4.304524736653548e-8,0.9741787314414978,2.7620157272423286e-9,1,-4.354605920298127e-8,-0.9741787314414978,-7.1410504176583348e-9,-0.22577813267707826],5,1.2047109603881837],[[762.3469848632813,225.08961486816407,46.265037536621097,-0.33254680037498476,2.462833492700156e-8,0.9430867433547974,-1.4744076182182653e-8,1,-3.1313589943238188e-8,-0.9430867433547974,-2.431817591741492e-8,-0.33254680037498476],5,1.2162175178527833],[[762.15625,224.51564025878907,46.323944091796878,-0.39101868867874148,5.62768720513418e-9,0.9203827381134033,-3.289436278919311e-8,1,-2.0089466090666975e-8,-0.9203827381134033,-3.813076077108235e-8,-0.39101868867874148],5,1.2282500267028809],[[761.9717407226563,223.91102600097657,46.400787353515628,-0.5160289406776428,-1.691723738872497e-8,0.8565711379051209,-5.219158083491493e-8,1,-1.1692114831873824e-8,-0.8565711379051209,-5.073927411558543e-8,-0.5160289406776428],7,1.240112543106079],[[761.8552856445313,223.49090576171876,46.46525955200195,-0.5699025392532349,-3.15402459705183e-8,0.8217122554779053,-6.537506891390876e-8,1,-6.957631359938432e-9,-0.8217122554779053,-5.7684665932811188e-8,-0.5699025392532349],7,1.249671459197998],[[761.6891479492188,223.30380249023438,46.576332092285159,-0.6198209524154663,-5.221943055744305e-8,0.7847433090209961,-8.555744557270373e-8,1,-1.0332875666207997e-9,-0.7847433090209961,-6.778108740945754e-8,-0.6198209524154663],7,1.2629570960998536],[[761.5305786132813,223.33206176757813,46.69815444946289,-0.7069427371025086,-7.670481494415071e-8,0.7072708010673523,-1.0627456958900439e-7,1,2.2265647103836274e-9,-0.7072708010673523,-7.359084719382736e-8,-0.7069427371025086],7,1.2747242450714112],[[761.3856811523438,223.3867950439453,46.83570098876953,-0.7405542731285095,-8.37227318584155e-8,0.671996533870697,-1.0960979324181608e-7,1,3.795750380675145e-9,-0.671996533870697,-7.084644693122755e-8,-0.7405542731285095],8,1.2859554290771485],[[761.2494506835938,223.43072509765626,46.98207473754883,-0.7955134510993958,-6.611148251067789e-8,0.6059359312057495,-7.807766166934016e-8,1,6.600781699006575e-9,-0.6059359312057495,-4.2059049576437249e-8,-0.7955134510993958],8,1.2975120544433594],[[761.166259765625,223.45217895507813,47.08612060546875,-0.817038357257843,-5.2028397590220268e-8,0.5765833258628845,-5.7149225796138128e-8,1,9.253285249144483e-9,-0.5765833258628845,-2.5390999525143344e-8,-0.817038357257843],8,1.3084216117858887],[[761.0109252929688,223.48056030273438,47.30282211303711,-0.8516419529914856,-2.2403904509360474e-8,0.5241239666938782,-1.573434182944311e-8,1,1.7178910738380183e-8,-0.5241239666938782,6.383535033904764e-9,-0.8516419529914856],8,1.3228671550750733],[[760.939208984375,223.48959350585938,47.415164947509769,-0.8650714755058289,-6.681010411568877e-9,0.5016486048698425,4.849150858632356e-9,1,2.1680259365552957e-8,-0.5016486048698425,2.118754416358115e-8,-0.8650714755058289],8,1.3332560062408448],[[760.8377075195313,223.4989471435547,47.58748245239258,-0.8901612162590027,1.7747716185567698e-8,0.45564568042755129,3.5312087476313539e-8,1,3.0035909759362769e-8,-0.45564568042755129,4.282660270860106e-8,-0.8901612162590027],8,1.344534158706665],[[760.7753295898438,223.50320434570313,47.70527648925781,-0.9002754092216492,3.424686312314407e-8,0.43532082438468935,5.547826376073317e-8,1,3.606271548051154e-8,-0.43532082438468935,5.661721758087879e-8,-0.9002754092216492],8,1.3558802604675294],[[760.6871948242188,223.50759887695313,47.88481140136719,-0.9191084504127502,6.006650465906205e-8,0.39400461316108706,8.527005235237084e-8,1,4.646118512141584e-8,-0.39400461316108706,7.62996634762203e-8,-0.9191084504127502],8,1.3673889636993409],[[760.6067504882813,223.5103759765625,48.067893981933597,-0.9271644353866577,6.158894905183843e-8,0.3746546506881714,8.349228153292643e-8,1,4.223123184488031e-8,-0.3746546506881714,7.043606586876195e-8,-0.9271644353866577],8,1.3791954517364503],[[760.5530395507813,223.5121307373047,48.17060852050781,-0.9615616798400879,-0.00003104277129750699,0.27458900213241579,0.0000017727095382724656,1,0.00011925947910640389,-0.27458900213241579,0.00011516211816342548,-0.9615616798400879],8,1.3908905982971192],[[760.5319213867188,223.50277709960938,48.184505462646487,-0.9666385054588318,0.004128063563257456,0.2561112642288208,-0.0004378747835289687,0.9998420476913452,-0.017768362537026407,-0.2561441659927368,-0.017287727445364,-0.966484010219574],8,1.41347074508667],[[760.5261840820313,223.5027313232422,48.18611526489258,-0.960152268409729,0.0042938473634421829,0.27944448590278628,-0.0006277920911088586,0.999846339225769,-0.017520342022180558,-0.2794767916202545,-0.016997629776597024,-0.9600020051002502],8,1.4229726791381837],[[760.5134887695313,223.50271606445313,48.1947135925293,-0.963653028011322,0.003809699323028326,0.2671298682689667,-0.0008362173102796078,0.9998503923416138,-0.017276063561439515,-0.2671557068824768,-0.016871510073542596,-0.9635056853294373],8,1.4404094219207764],[[760.5084228515625,223.50303649902345,48.17067337036133,-0.9571399092674255,0.003508628811687231,0.28960469365119936,-0.001165928435511887,0.9998718500137329,-0.01596705988049507,-0.2896236181259155,-0.015620369464159012,-0.9570131301879883],8,1.4533894062042237],[[760.5101928710938,224.16314697265626,48.083927154541019,-0.9196270704269409,0.007812941446900368,0.39271485805511477,-0.0023077456280589105,0.9996774196624756,-0.02529236301779747,-0.39278578758239748,-0.02416582778096199,-0.9193124175071716],3,1.4675626754760743],[[760.5413208007813,224.8251953125,47.89649200439453,-0.8005751967430115,0.01877478137612343,0.5989381074905396,-0.005194874480366707,0.999254047870636,-0.038267165422439578,-0.5992097854614258,-0.033747151494026187,-0.7998804450035095],3,1.4887356758117676],[[760.5548095703125,225.92819213867188,47.72963333129883,-0.6121700406074524,0.039699751883745196,0.7897288799285889,-0.014526019804179669,0.9980056881904602,-0.06142990663647652,-0.7905926704406738,-0.049077168107032779,-0.6103725433349609],3,1.4971320629119874],[[760.576416015625,226.35360717773438,47.571746826171878,-0.44484713673591616,0.039951782673597339,0.8947149515151978,-0.01087559387087822,0.9986898899078369,-0.05000186711549759,-0.8955404758453369,-0.03197374567389488,-0.44382986426353457],5,1.5063230991363526],[[760.5369262695313,226.9652557373047,47.54664993286133,-0.3508283197879791,0.02174324542284012,0.9361873269081116,-0.003503592684864998,0.9996929168701172,-0.024531126022338868,-0.9364332556724548,-0.011886232532560826,-0.35064440965652468],5,1.5169389247894288],[[760.51123046875,227.35475158691407,47.54315948486328,-0.29786860942840578,0.01107574999332428,0.9545426368713379,0.00028976856265217066,0.9999337196350098,-0.011512008495628834,-0.954606831073761,-0.0031524691730737688,-0.2978520691394806],5,1.5295510292053223],[[760.490966796875,227.91326904296876,47.54508972167969,-0.3415283262729645,0.0020872231107205154,0.9398691654205322,0.0013507961994037033,0.999997615814209,-0.0017299033934250475,-0.9398705363273621,0.0006787606980651617,-0.34153032302856448],5,1.5506739616394044],[[760.4880981445313,228.77597045898438,47.54537582397461,-0.6387757658958435,-0.0008862931281328201,0.7693924307823181,-0.00006023765308782458,0.9999994039535523,0.001101926900446415,-0.7693929672241211,0.0006575377774424851,-0.6387754082679749],5,1.5593969821929932],[[760.4881591796875,229.0972137451172,47.545310974121097,-0.7358888983726502,-0.0006823099101893604,0.6771019697189331,-0.00013625722203869373,0.9999996423721314,0.000859603809658438,-0.6771023273468018,0.0005403128452599049,-0.7358887195587158],5,1.5691735744476319],[[760.4882202148438,229.4048309326172,47.54524612426758,-0.8119498491287231,-0.0004083951935172081,0.5837270617485046,-0.000110407687316183,0.9999998211860657,0.000546059338375926,-0.583727240562439,0.0003789248294197023,-0.8119497299194336],5,1.5791378021240235],[[760.4883422851563,229.97918701171876,47.54515838623047,-0.8659504055976868,-0.00008785098179941997,0.5001298785209656,-0.000025566896511008964,1,0.00013138850044924766,-0.5001299381256104,0.00010098915663547814,-0.8659504055976868],5,1.5937256813049317],[[760.4883422851563,230.3741912841797,47.54513168334961,-0.9218417406082153,-9.849032949205139e-7,0.387566477060318,0.000006158532869449118,1,0.000017189557183883154,-0.387566477060318,0.000018232891306979583,-0.9218417406082153],5,1.6086606979370118],[[760.4883422851563,230.85316467285157,47.54512405395508,-0.9414666891098023,0.00001423025423719082,0.33710601925849917,0.000009824995686358307,1,-0.000014773832845094148,-0.33710601925849917,-0.00001059700662153773,-0.9414666891098023],5,1.6235718727111817],[[760.4883422851563,231.1766357421875,47.54512405395508,-0.949428915977478,0.000008498253919242416,0.3139820396900177,0.000005288919965096284,1,-0.00001107324624172179,-0.3139820396900177,-0.00000885263489180943,-0.949428915977478],5,1.634239912033081],[[760.4883422851563,231.46945190429688,47.545127868652347,-0.9526681900024414,0.0000033967808121815325,0.30401208996772768,0.0000019067102812186932,1,-0.000005198209237278206,-0.30401208996772768,-0.000004372505827632267,-0.9526681900024414],5,1.64760422706604],[[760.4883422851563,231.6476287841797,47.545127868652347,-0.9583327770233154,0.0000013739925179834245,0.285654217004776,6.76593231219158e-7,1,-0.0000025401027414773127,-0.285654217004776,-0.0000022409919893107146,-0.9583327770233154],5,1.659292459487915],[[760.4883422851563,231.96310424804688,47.545127868652347,-0.9627038240432739,-1.1194028814998092e-7,0.2705574035644531,-1.6431738458777546e-7,1,-1.709385344383918e-7,-0.2705574035644531,-2.090204702653864e-7,-0.9627038240432739],5,1.672529935836792],[[760.4843139648438,232.16395568847657,47.559471130371097,-0.9644564986228943,-2.2880361427723984e-7,0.26424160599708559,-1.8287953196249874e-7,1,1.9839511367081287e-7,-0.26424160599708559,1.4301907924618718e-7,-0.9644564986228943],5,1.6872248649597169],[[760.474365234375,232.3341522216797,47.59535217285156,-0.9662265181541443,-1.4738400011538034e-7,0.2576943039894104,-1.0110989734357645e-7,1,1.9282124696928805e-7,-0.2576943039894104,1.6025354909743329e-7,-0.9662265181541443],5,1.7104785442352296],[[760.445068359375,232.54966735839845,47.703147888183597,-0.9678773283958435,3.4205720478297509e-9,0.25142285227775576,4.0832588865669098e-8,1,1.4358425914906548e-7,-0.25142285227775576,1.4923820401691047e-7,-0.9678773283958435],5,1.7200524806976319],[[760.4200439453125,232.6381072998047,47.79668045043945,-0.9689175486564636,5.5357887163154376e-8,0.24738389253616334,7.989328310031851e-8,1,8.91412668124758e-8,-0.24738389253616334,1.0613484846544452e-7,-0.9689175486564636],5,1.733811378479004],[[760.3897094726563,232.69589233398438,47.91191482543945,-0.9698014259338379,1.0700517805162235e-7,0.24389593303203584,1.1910552188965085e-7,1,3.486537281105484e-8,-0.24389593303203584,6.286183662496114e-8,-0.9698014259338379],5,1.7440011501312256],[[760.3666381835938,232.71739196777345,48.00082015991211,-0.9698656797409058,1.2328172260822613e-7,0.24364028871059419,1.283148662878375e-7,1,4.787631180391827e-9,-0.24364028871059419,3.5906030149135407e-8,-0.9698656797409058],5,1.7525050640106202],[[760.3278198242188,232.7240753173828,48.15230941772461,-0.9698815941810608,1.2083462763712306e-7,0.2435768097639084,1.1675500388719229e-7,1,-3.118561764381411e-8,-0.2435768097639084,-1.807546334831045e-9,-0.9698815941810608],5,1.764643907546997],[[760.3427734375,232.7410888671875,48.139617919921878,-0.9690458178520203,-0.007303909864276648,0.24677278101444245,0.001130289165303111,0.9994205236434937,0.03401906415820122,-0.2468782663345337,0.03324496001005173,-0.9684760570526123],5,1.7760517597198487],[[760.377197265625,232.74131774902345,48.120853424072269,-0.9653106331825256,-0.007345111574977636,0.26100075244903567,0.0012229999992996455,0.999466061592102,0.03265034779906273,-0.26110121607780459,0.03183693066239357,-0.9647862911224365],5,1.786818504333496],[[760.3616943359375,232.7203369140625,48.07597351074219,-0.9349277019500732,-0.0061307079158723358,0.3547852337360382,-0.0008084123255684972,0.9998849630355835,0.015147741883993149,-0.3548372685909271,0.013875231146812439,-0.9348251223564148],5,1.7995762825012208],[[760.317626953125,232.71998596191407,47.994720458984378,-0.8933141827583313,-0.0056005860678851608,0.4493978023529053,-0.008988271467387677,0.9999449849128723,-0.0054051741026341919,-0.4493428170681,-0.00886782817542553,-0.8933153748512268],5,1.811187505722046],[[760.2539672851563,233.16348266601563,47.98191833496094,-0.6729406118392944,0.00007107768033165485,0.7396965622901917,-0.009277865290641785,0.9999205470085144,-0.008536641485989094,-0.7396383285522461,-0.012607458047568798,-0.6728864312171936],7,1.8240549564361573],[[760.1847534179688,233.51480102539063,48.032352447509769,-0.48679155111312868,0.002743419259786606,0.8735138773918152,-0.004145002458244562,0.9999765753746033,-0.005450522992759943,-0.8735083341598511,-0.006273985840380192,-0.48676878213882449],7,1.8356995582580567],[[759.9638671875,234.05352783203126,48.16172409057617,0.007212014868855476,0.0003299147356301546,0.9999739527702332,0.0045599499717354778,0.9999895095825195,-0.00036280753556638956,-0.9999635815620422,0.004562447313219309,0.0072104353457689289],7,1.8469717502593995],[[759.772705078125,234.30935668945313,48.193519592285159,0.20777851343154908,-0.001505979453213513,0.9781747460365295,0.003491923213005066,0.9999935626983643,0.0007978361682035029,-0.9781696796417236,0.00324993790127337,0.20778244733810426],8,1.8599879741668702],[[759.6412353515625,234.7510223388672,48.20112609863281,0.4592334032058716,-0.0022301431745290758,0.888312816619873,0.002034983830526471,0.9999968409538269,0.0014584994642063976,-0.8883132934570313,0.001137910527177155,0.4592365026473999],3,1.8729126453399659],[[759.3782958984375,235.63438415527345,48.216339111328128,0.5105469226837158,-0.002145117148756981,0.8598471879959106,-0.0007950137369334698,0.9999952912330627,0.002966804662719369,-0.8598495125770569,-0.002198283327743411,0.5105428099632263],3,1.8856360912322999],[[759.1810913085938,236.29690551757813,48.227745056152347,0.49043354392051699,-0.0021149921230971815,0.8714760541915894,-0.0029354861471801998,0.9999873638153076,0.004078857135027647,-0.8714736700057983,-0.0045586139895021919,0.4904211461544037],3,1.896958589553833],[[758.7210083007813,237.8427734375,48.25435256958008,0.358039528131485,-0.0026159225963056089,0.9337027668952942,-0.008256600238382817,0.9999480843544006,0.005967612378299236,-0.933669924736023,-0.009845851920545102,0.35799935460090639],3,1.928067922592163],[[758.590576171875,238.27423095703126,48.25537109375,0.24173863232135774,-0.002994989510625601,0.9703367948532105,-0.007136487402021885,0.9999626874923706,0.004864334594458342,-0.970315158367157,-0.008100694045424462,0.24170823395252229],5,1.9359731674194337],[[758.460693359375,238.6920623779297,48.24683380126953,0.20333300530910493,-0.0021778822410851719,0.9791072010993958,-0.004817710258066654,0.9999831914901733,0.0032248208299279215,-0.9790977835655212,-0.005372767336666584,0.20331910252571107],5,1.9461166858673096],[[758.265380859375,239.29324340820313,48.21619415283203,0.17850430309772492,-0.0009312016190961003,0.9839386940002441,-0.0019165553385391832,0.9999973177909851,0.0012940973974764348,-0.9839372634887695,-0.002116774907335639,0.17850203812122346],5,1.95644211769104],[[758.1343994140625,239.67701721191407,48.192874908447269,0.15412208437919618,-0.00043377187103033066,0.98805171251297,-0.0007870796835049987,0.9999995231628418,0.0005617904243990779,-0.9880514740943909,-0.0008642597822472453,0.15412166714668275],5,1.9671430587768555],[[757.93701171875,240.22711181640626,48.16172790527344,0.15006840229034425,-0.00004803212505066767,0.988675594329834,-0.000033110540243797007,1,0.000053608051530318338,-0.988675594329834,-0.0000407804582209792,0.15006840229034425],5,1.9778456687927247],[[757.7392578125,240.74655151367188,48.13181686401367,0.14919328689575196,0.00005166976552573033,0.9888080358505249,0.00013183629198465496,1,-0.0000721463147783652,-0.9888080358505249,0.00014112453209236264,0.14919328689575196],5,1.9891057014465333],[[757.607421875,241.07582092285157,48.1119499206543,0.14894907176494599,0.00005346319449017756,0.9888448715209961,0.00012028336641378701,1,-0.00007218452083179727,-0.9888448715209961,0.00012969340605195612,0.14894907176494599],5,1.9987480640411378],[[757.4755859375,241.39144897460938,48.09209060668945,0.1489175260066986,0.00003977245796704665,0.9888496398925781,0.00008420188532909378,1,-0.00005290146509651095,-0.9888496398925781,0.0000911409588297829,0.1489175260066986],5,2.0110368728637697],[[757.2119140625,241.9818572998047,48.0523681640625,0.14890873432159425,0.000012740803867927753,0.9888509511947632,0.00002438798219372984,1,-0.00001655698179092724,-0.9888509511947632,0.0000265815579041373,0.14890873432159425],5,2.028393268585205],[[756.9482421875,242.51776123046876,48.012657165527347,0.1489022970199585,0.000001398100721416995,0.9888519048690796,0.0000017431526657674113,1,-0.0000016763482335591107,-0.9888519048690796,0.000001973332018678775,0.1489022970199585],5,2.0514354705810549],[[756.6845703125,242.99916076660157,47.97295379638672,0.14890146255493165,-8.150694839059725e-7,0.9888520240783691,-0.000001999284677367541,1,0.000001125310859606543,-0.9888520240783691,-0.0000021445571292133538,0.14890146255493165],5,2.0603911876678469],[[756.48681640625,243.32444763183595,47.94317626953125,0.14890135824680329,-6.631836981796369e-7,0.9888520836830139,-0.0000014255999758461258,1,8.853270401232294e-7,-0.9888520836830139,-0.0000015415338339153096,0.14890135824680329],5,2.0692503452301027],[[756.35498046875,243.52427673339845,47.92332458496094,0.14890135824680329,-4.291818243018497e-7,0.9888520836830139,-8.78292837569461e-7,1,5.662735702571808e-7,-0.9888520836830139,-9.528205850983795e-7,0.14890135824680329],5,2.0786049365997316],[[756.22314453125,243.71047973632813,47.903472900390628,0.14890135824680329,-2.3488901490509307e-7,0.9888520836830139,-4.5741455778625097e-7,1,3.064145630560233e-7,-0.9888520836830139,-4.979409027328074e-7,0.14890135824680329],5,2.0886664390563967],[[756.025390625,243.9642333984375,47.873695373535159,0.14890135824680329,-6.39625241660724e-8,0.9888520836830139,-1.0855934107212306e-7,1,8.103047832719312e-8,-0.9888520836830139,-1.1941467903398007e-7,0.14890135824680329],5,2.0986101627349855],[[755.8935546875,244.1163787841797,47.853843688964847,0.14890135824680329,-1.3392503106501863e-8,0.9888520836830139,-1.2203144272859845e-8,1,1.5381035112227438e-8,-0.9888520836830139,-1.4357361521888379e-8,0.14890135824680329],5,2.1090409755706789],[[755.69580078125,244.31903076171876,47.824066162109378,0.14890135824680329,2.5921094604086649e-8,0.9888520836830139,5.7887341142759399e-8,1,-3.492999667287222e-8,-0.9888520836830139,6.244314221248715e-8,0.14890135824680