[[[776.0742797851563,222.69961547851563,47.648887634277347,-0.9936693906784058,7.060999962504866e-8,-0.11234389990568161,6.359180559911693e-8,1,6.605408486848319e-8,0.11234389990568161,5.8491767873647407e-8,-0.9936693906784058],8,0.005820512771606445],[[776.0742797851563,222.69961547851563,47.648887634277347,-0.9936693906784058,8.149179109295801e-8,-0.11234389990568161,7.33920018092249e-8,1,7.623383169175213e-8,0.11234389990568161,6.750607894900895e-8,-0.9936693906784058],8,0.018604516983032228],[[776.0742797851563,222.69961547851563,47.648887634277347,-0.9936693906784058,6.423977794156599e-8,-0.11234389990568161,5.7854730783901689e-8,1,6.009499742276603e-8,0.11234389990568161,5.321493290466606e-8,-0.9936693906784058],8,0.031789541244506839],[[776.0742797851563,222.69961547851563,47.648887634277347,-0.9936693906784058,4.125429953205639e-8,-0.11234389990568161,3.715386043268154e-8,1,3.859263841832217e-8,0.11234389990568161,3.417431315710928e-8,-0.9936693906784058],8,0.04921078681945801],[[776.0742797851563,222.69961547851563,47.648887634277347,-0.9936693906784058,1.8288456971049528e-8,-0.11234389990568161,1.6470673713797625e-8,1,1.7108648719954546e-8,0.11234389990568161,1.5149961285487735e-8,-0.9936693906784058],8,0.07293486595153809],[[776.0742797851563,222.69961547851563,47.648887634277347,-0.9936693906784058,-1.0391262961206849e-8,-0.11234389990568161,-9.358465113962211e-9,1,-9.720531046752967e-9,0.11234389990568161,-8.607627499657156e-9,-0.9936693906784058],8,0.0855715274810791],[[776.0742797851563,222.69961547851563,47.648887634277347,-0.9936693906784058,-2.758439521244327e-8,-0.11234389990568161,-2.484270922309406e-8,1,-2.5804288483755046e-8,0.11234389990568161,-2.2850004555152738e-8,-0.9936693906784058],8,0.0981900691986084],[[776.0742797851563,222.69961547851563,47.648887634277347,-0.9936693906784058,-4.476650872220489e-8,-0.11234389990568161,-4.031703326745628e-8,1,-4.187773683383966e-8,0.11234389990568161,-3.708325380102906e-8,-0.9936693906784058],8,0.110809326171875],[[776.0742797851563,222.69961547851563,47.648887634277347,-0.9936693906784058,-6.76588740589068e-8,-0.11234389990568161,-6.093404181228834e-8,1,-6.329298685159302e-8,0.11234389990568161,-5.604673347647804e-8,-0.9936693906784058],8,0.1238255500793457],[[776.0742797851563,222.69961547851563,47.648887634277347,-0.9936693906784058,-8.481530500148438e-8,-0.11234389990568161,-7.638523413788789e-8,1,-7.934242063356578e-8,0.11234389990568161,-7.025871440191622e-8,-0.9936693906784058],8,0.1401653289794922],[[776.0742797851563,222.69961547851563,47.648887634277347,-0.9936693906784058,-6.753023029659744e-8,-0.11234389990568161,-6.081817360836794e-8,1,-6.317273459899298e-8,0.11234389990568161,-5.594025864752439e-8,-0.9936693906784058],8,0.16213417053222657],[[776.0742797851563,222.69961547851563,47.648887634277347,-0.9936693906784058,-2.922723041365316e-8,-0.11234389990568161,-2.6322231505560013e-8,1,-2.7341355846033367e-8,0.11234389990568161,-2.4211125548845304e-8,-0.9936693906784058],8,0.1762077808380127],[[776.0742797851563,222.69961547851563,47.648887634277347,-0.9936693906784058,-6.2650622467685938e-9,-0.11234389990568161,-5.6423461458621208e-9,1,-5.860896212794842e-9,0.11234389990568161,-5.189909835223716e-9,-0.9936693906784058],8,0.18798422813415528],[[776.0742797851563,222.69961547851563,47.648887634277347,-0.9936693906784058,9.034875070312865e-9,-0.11234389990568161,8.136882279075053e-9,1,8.45176373331924e-9,0.11234389990568161,7.484129760371161e-9,-0.9936693906784058],8,0.1992640495300293],[[776.0742797851563,222.69961547851563,47.648887634277347,-0.9936693906784058,3.961514494221774e-8,-0.11234389990568161,3.567768303014418e-8,1,3.7058743629359017e-8,0.11234389990568161,3.28159686091567e-8,-0.9936693906784058],8,0.21429157257080079],[[776.0742797851563,222.69961547851563,47.648887634277347,-0.9936693906784058,6.253320350424474e-8,-0.11234389990568161,5.6317841057307308e-8,1,5.849793893730748e-8,0.11234389990568161,5.180064732712708e-8,-0.9936693906784058],8,0.22431302070617677],[[776.0742797851563,222.69961547851563,47.648887634277347,-0.9936693906784058,7.780374744470464e-8,-0.11234389990568161,7.007059821262374e-8,1,7.278310931724264e-8,0.11234389990568161,6.445034017588114e-8,-0.9936693906784058],8,0.23667263984680177],[[776.0742797851563,222.69961547851563,47.648887634277347,-0.9936693906784058,7.357370890304083e-8,-0.11234389990568161,6.626099491313653e-8,1,6.882605418923049e-8,0.11234389990568161,6.094631999076228e-8,-0.9936693906784058],8,0.2479877471923828],[[775.9135131835938,222.69961547851563,47.66572189331055,-0.9994630813598633,5.0811824081620219e-8,0.03276553750038147,5.2130697980601329e-8,1,3.939758741466903e-8,-0.03276553750038147,4.1084526003487556e-8,-0.9994630813598633],8,0.266155481338501],[[775.5847778320313,222.69961547851563,47.69034957885742,-0.9626783728599548,2.587049685587317e-8,0.27064794301986697,2.918419284014817e-8,1,8.219146252486098e-9,-0.27064794301986697,1.5811036035984217e-8,-0.9626783728599548],8,0.292161226272583],[[775.3184814453125,222.69961547851563,47.70217514038086,-0.900431215763092,8.280928831538859e-9,0.43499842286109927,5.548934201016209e-9,1,-7.550592151517322e-9,-0.43499842286109927,-4.385011020957563e-9,-0.900431215763092],8,0.30046868324279787],[[775.1851806640625,222.69961547851563,47.7059326171875,-0.8634255528450012,4.335535749855346e-11,0.5044763088226318,-7.238750043825348e-9,1,-1.2475268817979668e-8,-0.5044763088226318,-1.4423243044348056e-8,-0.8634255528450012],8,0.3098180294036865],[[774.9852294921875,222.69961547851563,47.70996856689453,-0.804398775100708,-1.1817632206145845e-8,0.5940897464752197,-2.697706769083652e-8,1,-1.663500626136738e-8,-0.5940897464752197,-2.9407978274775816e-8,-0.804398775100708],8,0.32071995735168459],[[774.7852783203125,222.69961547851563,47.71288299560547,-0.7431535124778748,-2.323462133801968e-8,0.6691209673881531,-4.692933330829874e-8,1,-1.7397571383526157e-8,-0.6691209673881531,-4.433046640883731e-8,-0.7431535124778748],8,0.33283400535583498],[[774.6519775390625,222.69961547851563,47.71331024169922,-0.7022688984870911,-3.0663471761727126e-8,0.7119117975234985,-6.016428955035735e-8,1,-1.6277345693538338e-8,-0.7119117975234985,-5.426273830266837e-8,-0.7022688984870911],8,0.3427727222442627],[[774.4520263671875,222.69961547851563,47.71244430541992,-0.6417642831802368,-4.16051371132653e-8,0.766901969909668,-7.974487914452766e-8,1,-1.248174719137296e-8,-0.766901969909668,-6.916684469615575e-8,-0.6417642831802368],8,0.3545098304748535],[[774.2520751953125,222.69961547851563,47.709617614746097,-0.5828222632408142,-5.236523037410734e-8,0.8125996589660645,-9.886900897981832e-8,1,-6.47038556067514e-9,-0.8125996589660645,-8.411200980162903e-8,-0.5828222632408142],8,0.3671376705169678],[[774.0521240234375,222.69961547851563,47.70583724975586,-0.5267087817192078,-6.29935144047522e-8,0.8500458002090454,-1.1744623407139443e-7,1,1.3335118564938853e-9,-0.8500458002090454,-9.913230769598158e-8,-0.5267087817192078],8,0.3785979747772217],[[773.9188232421875,222.69961547851563,47.70287322998047,-0.4914098381996155,-6.048975365047227e-8,0.8709284663200378,-1.1196608795671637e-7,1,6.278948916360605e-9,-0.8709284663200378,-9.442891268918174e-8,-0.4914098381996155],8,0.39023733139038088],[[773.6522216796875,222.69961547851563,47.69631576538086,-0.42518413066864016,-3.6588140517324066e-8,0.9051068425178528,-6.563242749280107e-8,1,9.5925409837605e-9,-0.9051068425178528,-5.532576352607066e-8,-0.42518413066864016],8,0.4041118621826172],[[773.3856201171875,222.69961547851563,47.68927764892578,-0.36512428522109988,-1.2938445870247506e-8,0.9309588074684143,-1.9510185467197517e-8,1,6.246037465018617e-9,-0.9309588074684143,-1.5882598347616296e-8,-0.36512428522109988],8,0.42020225524902346],[[773.1856689453125,222.69961547851563,47.68366241455078,-0.3248399794101715,4.666621755688993e-9,0.9457690119743347,1.4710565210407367e-8,1,1.1837791857871594e-10,-0.9457690119743347,1.3951249933086274e-8,-0.3248399794101715],8,0.433490514755249],[[772.9857177734375,222.69961547851563,47.67741775512695,-0.2884160280227661,2.2175873581886664e-8,0.9575051665306091,4.853312773889229e-8,1,-8.54109405423742e-9,-0.9575051665306091,4.400733288889569e-8,-0.2884160280227661],8,0.44701623916625979],[[772.8524169921875,222.69961547851563,47.67282485961914,-0.26607605814933779,3.380044333312071e-8,0.9639520645141602,7.084907593934986e-8,1,-1.5508241801853729e-8,-0.9639520645141602,6.416874498427205e-8,-0.26607605814933779],8,0.45708775520324709],[[772.652587890625,222.69961547851563,47.665199279785159,-0.23498030006885529,5.1170420789503626e-8,0.9720001220703125,1.0396933447509582e-7,1,-2.7509948097304006e-8,-0.9720001220703125,9.459391492327996e-8,-0.23498030006885529],8,0.46851062774658205],[[772.4528198242188,222.69961547851563,47.656864166259769,-0.2064288705587387,4.264260056174862e-8,0.9784616231918335,8.498852110960797e-8,1,-2.5650992441228483e-8,-0.9784616231918335,7.786290012745667e-8,-0.2064288705587387],8,0.4800281524658203],[[772.2530517578125,222.69961547851563,47.647830963134769,-0.18033760786056519,3.4157032757775599e-8,0.9836047887802124,6.619375625405155e-8,1,-2.2590176840253663e-8,-0.9836047887802124,6.10346333473899e-8,-0.18033760786056519],8,0.4906797409057617],[[772.119873046875,222.69961547851563,47.641029357910159,-0.16417475044727326,2.8522304518219245e-8,0.9864312410354614,5.3770516927897918e-8,1,-1.9965447961567407e-8,-0.9864312410354614,4.9763098530775099e-8,-0.16417475044727326],8,0.5016412734985352],[[771.9201049804688,222.69961547851563,47.62993621826172,-0.14151358604431153,2.0102238096342263e-8,0.9899362921714783,3.529437009319736e-8,1,-1.526118786898678e-8,-0.9899362921714783,3.2779514214098529e-8,-0.14151358604431153],8,0.5145421028137207],[[771.7205200195313,222.69961547851563,47.61754608154297,-0.12041684240102768,1.1719508918872635e-8,0.9927234053611755,1.7003687347028064e-8,1,-9.742871398543685e-9,-0.9927234053611755,1.5706751455013547e-8,-0.12041684240102768],8,0.5253188610076904],[[771.5209350585938,222.69961547851563,47.6046142578125,-0.10108586400747299,3.3728462245363745e-9,0.9948776960372925,-1.1032169622282595e-9,1,-3.5023046685012106e-9,-0.9948776960372925,-1.4515999513520229e-9,-0.10108586400747299],8,0.5369422435760498],[[771.3213500976563,222.69961547851563,47.59104537963867,-0.0834149420261383,-4.9392814283066858e-9,0.9965149164199829,-1.9037397436250104e-8,1,3.362998990397159e-9,-0.9965149164199829,-1.8690526459863578e-8,-0.0834149420261383],8,0.5510919094085693],[[771.1882934570313,222.69961547851563,47.581912994384769,-0.07264137268066406,-1.0462287036716589e-8,0.9973581433296204,-3.0905361825261937e-8,1,8.239046778157899e-9,-0.9973581433296204,-3.022521966045133e-8,-0.07264137268066406],8,0.5626189708709717],[[770.92236328125,222.69961547851563,47.56284713745117,-0.05277804657816887,-2.1466449950935386e-8,0.998606264591217,-5.444589845637893e-8,1,1.8618850461393778e-8,-0.998606264591217,-5.3387349652211927e-8,-0.05277804657816887],8,0.5738754272460938],[[770.7894287109375,222.69961547851563,47.55307388305664,-0.04373984783887863,-2.6948182352271034e-8,0.9990429282188416,-6.612901870539645e-8,1,2.4078753213530036e-8,-0.9990429282188416,-6.501252869384189e-8,-0.04373984783887863],8,0.585308313369751],[[770.5235595703125,222.69961547851563,47.53301239013672,0.08646152913570404,-2.989416714171966e-8,0.9962552189826965,-8.801380602108111e-8,1,3.7644948491788458e-8,-0.9962552189826965,-9.093904651535922e-8,0.08646152913570404],8,0.6008343696594238],[[770.3241577148438,222.67919921875,47.517913818359378,0.08177050203084946,-3.90257390847637e-8,0.9966511726379395,-1.0448655274331031e-7,1,4.772949324660658e-8,-0.9966511726379395,-1.0803950800664097e-7,0.08177050203084946],8,0.6202163696289063],[[770.0582885742188,223.5523223876953,47.497772216796878,0.08539385348558426,-5.033045269442482e-8,0.9963472485542297,-1.263812379193041e-7,1,6.134671792779045e-8,-0.9963472485542297,-1.3115823094267399e-7,0.08539385348558426],3,0.632394552230835],[[769.85888671875,224.1739501953125,47.48238754272461,0.0795321837067604,-5.9494730919595898e-8,0.9968323111534119,-1.4304420403732366e-7,1,7.109656507964246e-8,-0.9968323111534119,-1.4824554739334418e-7,0.0795321837067604],5,0.6495556831359863],[[769.593017578125,224.95509338378907,47.4617919921875,0.0793301984667778,-5.683208215145896e-8,0.9968484044075012,-1.339821835699695e-7,1,6.767420046571715e-8,-0.9968484044075012,-1.3892854155983515e-7,0.0793301984667778],5,0.6596224308013916],[[769.4600830078125,225.32522583007813,47.45132064819336,0.0789862722158432,-4.8748319159130918e-8,0.9968757033348084,-1.1374714148359999e-7,1,5.791372359453817e-8,-0.9968757033348084,-1.1796614529657745e-7,0.0789862722158432],5,0.6696803569793701],[[769.2606811523438,225.85488891601563,47.43553161621094,0.08062057197093964,-3.6351398335909838e-8,0.9967448711395264,-8.344134272419979e-8,1,4.3219170464681159e-8,-0.9967448711395264,-8.665408302022115e-8,0.08062057197093964],5,0.6795635223388672],[[769.1277465820313,226.1909637451172,47.424827575683597,0.0806879997253418,-2.8218975600680097e-8,0.996739387512207,-6.324714263428177e-8,1,3.3431266643901839e-8,-0.996739387512207,-6.573842625812176e-8,0.0806879997253418],5,0.6893651485443115],[[768.9948120117188,226.51341247558595,47.4140739440918,0.0823955312371254,-1.998172827200051e-8,0.9965997338294983,-4.307947065740336e-8,1,2.361156958841093e-8,-0.9965997338294983,-4.4878476046505969e-8,0.0823955312371254],5,0.6991345882415772],[[768.79541015625,226.97154235839845,47.39764404296875,0.082423634827137,-7.805215140876954e-9,0.996597409248352,-1.2842569674376137e-8,1,8.894009084770005e-9,-0.996597409248352,-1.3531948006573203e-8,0.082423634827137],5,0.7088441848754883],[[768.5960083007813,227.3990020751953,47.38115310668945,0.08246275782585144,4.3607943922552298e-9,0.9965941309928894,1.7375189287349714e-8,1,-5.813399983622958e-9,-0.9965941309928894,1.7795400708564558e-8,0.08246275782585144],5,0.7208371162414551],[[768.4630737304688,227.6669464111328,47.37015914916992,0.08247081190347672,1.2466536247757176e-8,0.9965934753417969,3.7509561678916728e-8,1,-1.5613167647643423e-8,-0.9965934753417969,3.8669416113634728e-8,0.08247081190347672],5,0.7306363582611084],[[768.263671875,228.04331970214845,47.353668212890628,0.08410383015871048,2.4551482624701749e-8,0.9964569807052612,6.767206173208251e-8,1,-3.0350495450193196e-8,-0.9964569807052612,6.998489254783635e-8,0.08410383015871048],5,0.7426855564117432],[[768.130859375,228.27720642089845,47.34250259399414,0.08417031913995743,3.2641437996971948e-8,0.9964513778686523,8.77685479849788e-8,1,-4.01714999043179e-8,-0.9964513778686523,9.083834129341995e-8,0.08417031913995743],5,0.7535302639007568],[[767.931640625,228.6024932861328,47.32566833496094,0.08419543504714966,4.477764647958793e-8,0.9964492321014404,1.1789525444783067e-7,1,-5.489881971243449e-8,-0.9964492321014404,1.2209886790515157e-7,0.08419543504714966],5,0.7654283046722412],[[767.666015625,228.98851013183595,47.30320739746094,0.08420850336551666,4.8403684616005196e-8,0.9964481592178345,1.2572071739214153e-7,1,-5.9200711888252047e-8,-0.9964481592178345,1.3025938017108275e-7,0.08420850336551666],5,0.7798247337341309],[[767.333984375,229.39439392089845,47.27513122558594,0.0842125192284584,3.725891417616367e-8,0.9964478015899658,9.512415033441357e-8,1,-4.543093723441416e-8,-0.9964478015899658,9.86121051482769e-8,0.0842125192284584],5,0.806304931640625],[[767.134765625,229.5970458984375,47.25828552246094,0.08584365993738175,3.040572238433015e-8,0.9963086247444153,7.680066715920475e-8,1,-3.713565277507769e-8,-0.9963086247444153,7.970502480247888e-8,0.08584365993738175],5,0.8151657581329346],[[767.001953125,229.71511840820313,47.246883392333987,0.08590966463088989,2.5945290360596119e-8,0.9963029026985169,6.459053736307396e-8,1,-3.1611108397555657e-8,-0.9963029026985169,6.706743960194217e-8,0.08590966463088989],5,0.8255650997161865],[[766.736328125,229.91038513183595,47.223968505859378,0.0875139832496643,1.6927058865690016e-8,0.9961633086204529,4.020706256824269e-8,1,-2.052448522249506e-8,-0.9961633086204529,4.184898116932345e-8,0.0875139832496643],5,0.8476722240447998],[[766.470703125,230.05116271972657,47.200653076171878,0.08920776844024658,7.955165415296506e-9,0.9960130453109741,1.5863937719018396e-8,1,-9.407861156773834e-9,-0.9960130453109741,1.6639942757024074e-8,0.08920776844024658],5,0.862154483795166],[[766.205078125,230.13743591308595,47.176876068115237,0.0893629640340805,-9.327911776324527e-10,0.9959990978240967,-8.45934611248822e-9,1,1.695527052092416e-9,-0.9959990978240967,-8.57701909495745e-9,0.0893629640340805],5,0.8708550930023193],[[766.005859375,230.16636657714845,47.15898895263672,0.08942544460296631,-7.590414519142996e-9,0.9959934949874878,-2.6687986931506204e-8,1,1.0017132900941306e-8,-0.9959934949874878,-2.747684746395862e-8,0.08942544460296631],5,0.8839800357818604],[[765.806640625,230.16464233398438,47.1411018371582,0.08943192660808563,-1.4244162294119178e-8,0.9959929585456848,-4.4904869156425778e-8,1,1.833355511848822e-8,-0.9959929585456848,-4.636453709849775e-8,0.08943192660808563],5,0.9038851261138916],[[765.541015625,230.1146697998047,47.117252349853519,0.08311331272125244,-2.34320491898643e-8,0.9965401291847229,-6.923604445319143e-8,1,2.9287818392731425e-8,-0.9965401291847229,-7.1430704906561e-8,0.08311331272125244],5,0.9125754833221436],[[765.408203125,230.06924438476563,47.10601806640625,0.07762535661458969,-2.8280377151190806e-8,0.9969825744628906,-8.142089313878387e-8,1,3.4705422535807887e-8,-0.9969825744628906,-8.386923155967452e-8,0.07762535661458969],5,0.9225311279296875],[[765.2752685546875,230.01019287109376,47.09550476074219,0.07238072901964188,-3.3177141034457239e-8,0.9973770976066589,-9.362890551756209e-8,1,4.005914178151215e-8,-0.9973770976066589,-9.628283947904493e-8,0.07238072901964188],5,0.9335803985595703],[[765.0758666992188,229.8960723876953,47.080867767333987,0.062420494854450229,-4.085295302047598e-8,0.9980499148368836,-1.1199815475038122e-7,1,4.793741581465838e-8,-0.9980499148368836,-1.1477203543108772e-7,0.062420494854450229],5,0.9447739124298096],[[764.8097534179688,229.6962127685547,47.06402587890625,0.05562286078929901,-5.0587999567142108e-8,0.998451828956604,-1.3654693020725973e-7,1,5.827334703667475e-8,-0.998451828956604,-1.3957686917365209e-7,0.05562286078929901],5,0.9581639766693115],[[764.6100463867188,229.51055908203126,47.052833557128909,0.040142279118299487,-5.953950577008982e-8,0.9991939663887024,-1.550327084487435e-7,1,6.581592515431112e-8,-0.9991939663887024,-1.575497492467548e-7,0.040142279118299487],5,0.9723799228668213],[[764.6980590820313,229.2954864501953,47.03755569458008,-0.002505034441128373,0.00440079253166914,0.9999871850013733,-0.002617048332467675,0.9999868869781494,-0.004407347179949284,-0.9999934434890747,-0.002628055401146412,-0.0024934844113886358],5,0.9868483543395996],[[764.7406616210938,229.10537719726563,47.0345573425293,0.02217385359108448,0.00353054772131145,0.9997478723526001,-0.0007434797007590532,0.9999935626983643,-0.0035149252507835628,-0.9997538328170776,-0.0006653527962043881,0.022176336497068406],5,1.0003986358642579],[[764.7564086914063,228.9615936279297,47.03230667114258,0.008726196363568306,0.002256261883303523,0.999959409236908,-0.00018370278121437877,0.9999974370002747,-0.0022547447588294746,-0.9999619126319885,-0.0001640199770918116,0.008726588450372219],5,1.0118017196655274],[[764.7615966796875,228.72039794921876,47.0289192199707,0.004809448961168528,0.0008404613472521305,0.9999880790710449,0.00010095708421431482,0.9999996423721314,-0.0008409565780311823,-0.9999884366989136,0.00010500042117200792,0.004809362348169088],5,1.022005558013916],[[764.752685546875,228.5425567626953,47.026763916015628,-0.0025847123470157387,0.00032548693707212806,0.9999966025352478,0.00011790728603955358,0.9999999403953552,-0.0003251832677051425,-0.9999966621398926,0.00011706638179020956,-0.0025847505312412979],5,1.032714605331421],[[764.720947265625,228.25025939941407,47.02386474609375,-0.006048986688256264,-0.000003840654244413599,0.999981701374054,0.00007441107300110161,1,0.00000429084457209683,-0.999981701374054,0.00007443566573783755,-0.006048986222594976],5,1.0446913242340088],[[764.6669311523438,227.92730712890626,47.02149200439453,-0.0112758232280612,-0.00006716829375363886,0.9999364018440247,0.00003080596070503816,1,0.00006751994806108996,-0.9999364018440247,0.00003156534512527287,-0.01127582136541605],5,1.056443691253662],[[764.6555786132813,227.58255004882813,47.027313232421878,0.0032022837549448015,0.004542912822216749,0.9999845623970032,0.0019979055505245926,0.9999876618385315,-0.0045493245124816898,-0.999992847442627,0.00201244349591434,0.003193167969584465],5,1.0684924125671387],[[764.6800537109375,227.21353149414063,47.045597076416019,-0.01593703217804432,0.007122647948563099,0.9998476505279541,0.0015808871248736978,0.9999735355377197,-0.00709834648296237,-0.9998717308044434,0.001467519672587514,-0.015947870910167695],5,1.0800225734710694],[[764.6844482421875,227.21762084960938,47.04981231689453,-0.02143094874918461,0.004788538906723261,0.9997588396072388,0.0008865904528647661,0.9999881982803345,-0.004770632367581129,-0.999769926071167,0.0007841375190764666,-0.02143494226038456],12,1.0914037227630616],[[764.685302734375,227.34378051757813,47.05058288574219,-0.021906061097979547,0.0012452935334295035,0.9997592568397522,0.00013647663581650704,0.9999992251396179,-0.0012426020111888648,-0.9997600317001343,0.00010922326328000054,-0.021906213834881784],12,1.101278305053711],[[764.6856079101563,227.48304748535157,47.05068588256836,-0.022172050550580026,-0.0002453804772812873,0.9997541308403015,-0.0000986992017715238,0.9999999403953552,0.00024325191043317318,-0.9997541904449463,-0.00009328153828391805,-0.022172072902321817],12,1.1136209964752198],[[764.685791015625,227.509521484375,47.050716400146487,-0.02397003211081028,-0.00038576425868086517,0.9997125864028931,-0.00008332886500284076,0.9999999403953552,0.00038387716631405056,-0.9997126460075378,-0.0000741033727535978,-0.023970061913132669],12,1.12845778465271],[[764.6859130859375,227.48529052734376,47.050716400146487,-0.023980125784873964,-0.00010543734242673963,0.9997124075889587,-0.000014511342669720762,1,0.00010511959408177063,-0.9997124075889587,-0.00001198638892674353,-0.02398012764751911],8,1.151592493057251],[[764.6859130859375,227.40655517578126,47.05072021484375,-0.02398255094885826,0.0000071752956500859,0.999712347984314,0.000004945465207129018,1,-0.000007058721166686155,-0.999712347984314,0.000004774756689585047,-0.02398255094885826],5,1.1598377227783204],[[764.6859130859375,227.39378356933595,47.05072021484375,-0.023982882499694825,0.000015936093404889108,0.999712347984314,0.000004860611170443008,1,-0.00001582407276146114,-0.999712347984314,0.0000044797061491408389,-0.023982882499694825],12,1.1698482036590577],[[764.6859130859375,227.3917999267578,47.05072021484375,-0.016997497528791429,0.000010110084986081347,0.9998555183410645,0.0000020786435470654398,1,-0.00001007620903692441,-0.9998555183410645,0.000001907072942231025,-0.016997497528791429],12,1.1804697513580323],[[764.6859130859375,227.39169311523438,47.05072021484375,-0.0012785419821739197,0.000004603981778927846,0.9999991655349731,6.928372613401734e-7,1,-0.000004603099569067126,-0.9999991655349731,6.869514663776499e-7,-0.0012785419821739197],12,1.1901462078094483],[[764.6859130859375,227.3916778564453,47.05072021484375,0.09464961290359497,-1.1821589041005609e-8,0.9955106377601624,2.7394811752401439e-8,1,9.270298306773839e-9,-0.9955106377601624,2.6394396002160648e-8,0.09464961290359497],12,1.2008631229400635],[[764.6859130859375,227.3916778564453,47.05072021484375,0.19313335418701173,-9.035891253006412e-7,0.981172502040863,-3.0440233445006018e-8,1,9.269197107641958e-7,-0.981172502040863,-2.088862345317466e-7,0.19313335418701173],12,1.2136948108673096],[[764.7521362304688,227.3923797607422,47.0494499206543,0.4747048616409302,-0.00148031918797642,0.8801437616348267,0.0004956308985128999,0.9999988675117493,0.0014145859749987722,-0.8801448941230774,-0.00023528440215159208,0.4747050702571869],12,1.2245430946350098],[[764.9331665039063,227.51365661621095,47.04688262939453,0.6248871684074402,-0.004834823776036501,0.7807000875473023,0.0024533953983336689,0.9999880194664002,0.004229115322232246,-0.7807111740112305,-0.000727353966794908,0.6248915791511536],8,1.2364006042480469],[[765.0631713867188,227.65110778808595,47.0468864440918,0.7582525014877319,-0.005814972333610058,0.6519350409507752,0.0036747553385794164,0.999982476234436,0.004645367618650198,-0.6519505977630615,-0.0011266599176451564,0.7582606077194214],8,1.2477927207946778],[[765.1641845703125,228.3135986328125,47.047119140625,0.9217643141746521,-0.000312945427140221,0.38775044679641726,-0.0002094732626574114,0.9999991059303284,0.001305040786974132,-0.387750506401062,-0.0012841633288189769,0.9217634797096252],3,1.2638752460479737],[[765.2078247070313,229.36666870117188,47.04737854003906,0.9661411643028259,-8.346385698132508e-7,0.2580140233039856,-0.00006488238432211801,0.9999999403953552,0.000246188894379884,-0.2580140233039856,-0.00025459378957748413,0.9661411643028259],5,1.2854795455932618],[[765.2337646484375,230.51785278320313,47.04744338989258,0.8932395577430725,-0.00021997655858285725,0.44958096742630007,0.00019191460160072893,1,0.000107991298136767,-0.44958096742630007,-0.000010180948265769985,0.8932395577430725],5,1.3050761222839356],[[765.2337646484375,230.8743133544922,47.047447204589847,0.8345819711685181,-0.00011637645366135985,0.5508837699890137,0.00011316112795611843,1,0.00003981641566497274,-0.5508837699890137,0.00002910856346716173,0.8345819711685181],5,1.3155198097229005],[[765.2200927734375,231.54638671875,47.0267219543457,0.700745165348053,-0.000009409615813638084,0.7134116888046265,0.000028781734727090226,1,-0.000015081113815540448,-0.7134116888046265,0.00003110124453087337,0.700745165348053],5,1.329545259475708],[[765.1924438476563,232.01467895507813,46.992088317871097,0.6205148100852966,0.000009396182576892898,0.7841947078704834,0.000004402121248858748,1,-0.000015465246178791859,-0.7841947078704834,0.00001304853503825143,0.6205148100852966],5,1.3486459255218506],[[765.1272583007813,232.59136962890626,46.925758361816409,0.44735220074653628,0.000008025317583815195,0.8943578600883484,-0.000003335368091939017,1,-0.000007304942755581578,-0.8943578600883484,2.8486900305324527e-7,0.44735220074653628],5,1.358229637145996],[[765.0812377929688,232.85926818847657,46.88678741455078,0.3938305675983429,0.000004773790351464413,0.919183075428009,-0.00000313528289552778,1,-0.000003850180291919969,-0.919183075428009,-0.0000013655802604262136,0.3938305675983429],5,1.3691933155059815],[[764.993896484375,233.23558044433595,46.82509994506836,0.36268022656440737,0.000001528661414340604,0.9319136738777161,-0.0000018063033166981768,1,-9.373731586492795e-7,-0.9319136738777161,-0.0000013433519825412077,0.36268022656440737],5,1.3799209594726563],[[764.8843383789063,233.58123779296876,46.760841369628909,0.34213221073150637,1.636860673670526e-7,0.9396518468856812,-7.162360020629421e-7,1,8.658669514716166e-8,-0.9396518468856812,-7.02636555161007e-7,0.34213221073150637],5,1.3912012577056885],[[764.7525024414063,233.896240234375,46.695274353027347,0.32484713196754458,-1.8560710657311575e-7,0.9457665681838989,-1.698535072591767e-7,1,2.5459087282797557e-7,-0.9457665681838989,-2.43344885575425e-7,0.32484713196754458],5,1.403667688369751],[[764.5983276367188,234.1805877685547,46.629783630371097,0.31896883249282839,-1.667379194714158e-7,0.9477651715278626,1.767158330778784e-8,1,1.6998011176383444e-7,-0.9477651715278626,-3.746984944541509e-8,0.31896883249282839],5,1.4196455478668213],[[764.4218139648438,234.4342803955078,46.56538391113281,0.2901993989944458,-9.411787260660276e-8,0.95696622133255,8.990068067760149e-8,1,7.108793198540298e-8,-0.95696622133255,6.540223296269687e-8,0.2901993989944458],5,1.4312920570373536],[[764.2317504882813,234.6573028564453,46.50657653808594,0.27485039830207827,-2.5684746773890766e-8,0.9614869952201843,1.0961549889998423e-7,1,-4.6210888449138569e-9,-0.9614869952201843,1.0666398964076507e-7,0.27485039830207827],5,1.4436287879943848],[[764.0396118164063,234.8496856689453,46.45135498046875,0.26096200942993166,3.8347405251215608e-8,0.9653490781784058,1.1350378059660216e-7,1,-7.040725336082687e-8,-0.9653490781784058,1.279443893054122e-7,0.26096200942993166],5,1.457765817642212],[[763.7822265625,235.05850219726563,46.381595611572269,0.23393407464027406,7.605908791674665e-8,0.9722524881362915,7.84616744908817e-8,1,-9.710846882171609e-8,-0.9722524881362915,9.900153230546494e-8,0.23393407464027406],5,1.472459316253662],[[763.587890625,235.17935180664063,46.33435821533203,0.21574024856090547,1.0338797551412427e-7,0.9764508008956909,5.258796775819974e-8,1,-1.1750035611157728e-7,-0.9764508008956909,7.669911639140992e-8,0.21574024856090547],5,1.4931004047393799],[[763.262451171875,235.31263732910157,46.26240539550781,0.20699596405029298,1.4632458089636203e-7,0.978341817855835,9.977762616131259e-9,1,-1.5167495348578087e-7,-0.978341817855835,4.1157765195976029e-8,0.20699596405029298],5,1.513643503189087],[[762.8710327148438,235.36016845703126,46.18001174926758,0.20119236409664155,1.263370990045587e-7,0.9795517325401306,-2.425861467258983e-8,1,-1.239918674400542e-7,-0.9795517325401306,1.1836481794702536e-9,0.20119236409664155],5,1.5277068614959717],[[762.6751098632813,235.33795166015626,46.13981628417969,0.19536545872688294,9.853454230324133e-8,0.9807305335998535,-3.7413418141341029e-8,1,-9.30176540236971e-8,-0.9807305335998535,-1.8520042388558978e-8,0.19536545872688294],5,1.5426292419433594],[[762.47900390625,235.2850799560547,46.100643157958987,0.18056243658065797,7.04362079773091e-8,0.9835635423660278,-5.108719491886404e-8,1,-6.223469739552456e-8,-0.9835635423660278,-3.901025280583781e-8,0.18056243658065797],5,1.5572547912597657],[[762.2824096679688,235.20155334472657,46.06416702270508,0.15730810165405274,4.1657543192741289e-8,0.9875495433807373,-6.55276153338491e-8,1,-3.174475438072477e-8,-0.9875495433807373,-5.971806160687265e-8,0.15730810165405274],5,1.5679817199707032],[[762.0850219726563,235.08737182617188,46.03216552734375,0.1415436714887619,1.2864024512282413e-8,0.9899320006370544,-8.041835997119051e-8,1,-1.4963796868272539e-9,-0.9899320006370544,-7.939691215597122e-8,0.1415436714887619],5,1.581425428390503],[[761.8870849609375,234.94253540039063,46.00357437133789,0.10950805991888046,-1.762102641578167e-8,0.9939858913421631,-9.626179320321171e-8,1,2.8332864943081405e-8,-0.9939858913421631,-9.878554152464858e-8,0.10950805991888046],5,1.5924370288848878],[[761.7546997070313,234.8289337158203,45.9881706237793,0.09264720976352692,-3.788945335259086e-8,0.9956989884376526,-1.0714141041034964e-7,1,4.802235054057746e-8,-0.9956989884376526,-1.1112972941873523e-7,0.09264720976352692],5,1.6034862995147706],[[761.5556030273438,234.6330108642578,45.96916580200195,0.07888228446245194,-6.725925061346061e-8,0.9968839287757874,-1.2387612002839888e-7,1,7.72716717278854e-8,-0.9968839287757874,-1.2958548722963315e-7,0.07888228446245194],5,1.6149206161499024],[[761.3562622070313,234.4064178466797,45.953147888183597,0.05494055896997452,-7.672024082694407e-8,0.9984896183013916,-1.1387939480300702e-7,1,8.310235699582336e-8,-0.9984896183013916,-1.182730855475711e-7,0.05494055896997452],5,1.6267375946044922],[[761.1566162109375,234.149169921875,45.94162368774414,0.04387439042329788,-7.354320530339464e-8,0.9990370273590088,-9.018437197028106e-8,1,7.757468978297766e-8,-0.9990370273590088,-9.350107177397149e-8,0.04387439042329788],5,1.6385393142700196],[[760.9568481445313,233.86126708984376,45.932701110839847,0.021580781787633897,-7.113588651463943e-8,0.9997671246528626,-6.635705318558394e-8,1,7.258483236682878e-8,-0.9997671246528626,-6.790803297462844e-8,0.021580781787633897],5,1.649993896484375],[[760.8235473632813,233.6522979736328,45.92927551269531,0.008529183454811573,-6.899485072153766e-8,0.999963641166687,-5.045490780730688e-8,1,6.942771335616271e-8,-0.999963641166687,-5.104523381760373e-8,0.008529183454811573],5,1.6615674495697022],[[760.6235961914063,233.31329345703126,45.92719650268555,-0.023090656846761705,-6.607369584799017e-8,0.9997333884239197,-2.6404141095781598e-8,1,6.548146558316148e-8,-0.9997333884239197,-2.4885091320925313e-8,-0.023090656846761705],5,1.6728055477142335],[[760.4236450195313,232.9436492919922,45.931053161621097,-0.04426410421729088,-6.202788682685423e-8,0.9990198612213135,-2.3075377164616386e-9,1,6.19864977124962e-8,-0.9990198612213135,4.3850065245543137e-10,-0.04426410421729088],5,1.685208797454834],[[760.223876953125,232.5433349609375,45.93952941894531,-0.1067807525396347,-5.727638807684343e-8,0.994282603263855,2.1846622288990149e-8,1,5.995195806463016e-8,-0.994282603263855,2.8123432471716116e-8,-0.1067807525396347],7,1.6985325813293458],[[760.0248413085938,232.11236572265626,45.958702087402347,-0.14557339251041413,-5.1534577494294356e-8,0.9893474578857422,4.60049420780706e-8,1,5.885866727339817e-8,-0.9893474578857422,5.408312730992293e-8,-0.14557339251041413],7,1.7101871967315674],[[759.8267822265625,231.99771118164063,45.98628234863281,-0.2365407794713974,-4.171457845814075e-8,0.971621572971344,7.013721159410125e-8,1,6.000782093451562e-8,-0.971621572971344,8.234112414129413e-8,-0.2365407794713974],7,1.722304105758667],[[759.6317749023438,232.034912109375,46.03007507324219,-0.287130743265152,-3.27551177292662e-8,0.9578914046287537,9.415910540155892e-8,1,6.241948824481369e-8,-0.9578914046287537,1.0811675110744545e-7,-0.287130743265152],8,1.7350811958312989],[[759.4396362304688,232.08602905273438,46.08540344238281,-0.39707452058792117,-1.2429018703130624e-8,0.9177863597869873,8.620181546348249e-8,1,5.0837062559594418e-8,-0.9177863597869873,9.930095501431424e-8,-0.39707452058792117],8,1.7464454174041749],[[759.3157348632813,232.11376953125,46.1341438293457,-0.4520435035228729,-1.9665309658467579e-10,0.891995906829834,7.13654486617088e-8,1,3.638687218199266e-8,-0.891995906829834,8.010613328224281e-8,-0.4520435035228729],8,1.7567706108093262],[[759.1279907226563,232.14430236816407,46.132789611816409,-0.5776979923248291,2.0573459380557325e-8,0.8162505626678467,5.241519218657231e-8,1,1.1891803097796583e-8,-0.8162505626678467,4.965380284716048e-8,-0.5776979923248291],8,1.7711749076843262],[[758.8668823242188,232.16929626464845,46.08552551269531,-0.7093185782432556,4.075162607364291e-8,0.7048880457878113,3.308799989554245e-8,1,-2.4516934260532254e-8,-0.7048880457878113,5.933018520920541e-9,-0.7093185782432556],8,1.7922141551971436],[[758.467529296875,232.1874542236328,46.07612609863281,-0.8795718550682068,5.871191177675428e-8,0.4757660925388336,2.0835665637264357e-8,1,-8.488509450899073e-8,-0.4757660925388336,-6.474963498703801e-8,-0.8795718550682068],8,1.8099918365478516],[[758.3377075195313,232.19065856933595,46.10185623168945,-0.912501335144043,5.971495653511738e-8,0.40907374024391177,1.8194160844586805e-8,1,-1.0539117312191593e-7,-0.40907374024391177,-8.872683565641637e-8,-0.912501335144043],8,1.8200483322143555],[[758.1492919921875,232.1939697265625,46.167476654052737,-0.9439384341239929,4.489581684197219e-8,0.33012154698371889,1.2696108164789166e-8,1,-9.969501491013944e-8,-0.33012154698371889,-8.991469968577803e-8,-0.9439384341239929],8,1.8304855823516846],[[757.9675903320313,232.19606018066407,46.25069046020508,-0.9813002943992615,1.705319085942847e-8,0.1924830973148346,2.29420482611431e-9,1,-7.689967418400556e-8,-0.1924830973148346,-7.502007548509937e-8,-0.9813002943992615],8,1.8405067920684815],[[757.8541870117188,232.197021484375,46.32021713256836,-0.9888561367988586,3.865261888336136e-9,0.14887408912181855,-5.435203842552028e-9,1,-6.206517610962692e-8,-0.14887408912181855,-6.218269277269428e-8,-0.9888561367988586],8,1.8520259857177735],[[757.691650390625,232.197998046875,46.43659210205078,-0.9931320548057556,-1.3041341340169766e-8,0.11699887365102768,-1.78697927566418e-8,1,-4.0220232477850007e-8,-0.11699887365102768,-4.203474546216057e-8,-0.9931320548057556],8,1.8632853031158448],[[757.510498046875,232.19862365722657,46.47978210449219,-0.9953097701072693,-2.882388550062842e-8,0.09673922508955002,-3.077197874290505e-8,1,-1.8645634369818255e-8,-0.09673922508955002,-2.1535040417575148e-8,-0.9953097701072693],8,1.8763775825500489],[[757.31298828125,232.19900512695313,46.46518325805664,-0.9962595105171204,-4.3969134111421229e-8,0.0864117369055748,-4.389291419215624e-8,1,2.782015950941741e-9,-0.0864117369055748,-1.0212530821007704e-9,-0.9962595105171204],8,1.893669605255127],[[757.1138305664063,232.19924926757813,46.447750091552737,-0.9962575435638428,-5.8883383502461587e-8,0.08643461763858795,-5.700527694330049e-8,1,2.419688804877751e-8,-0.08643461763858795,1.917910275039958e-8,-0.9962575435638428],8,1.9021897315979005],[[756.9146118164063,232.1994171142578,46.43045425415039,-0.9962567090988159,-7.378826438753095e-8,0.0864441990852356,-7.010898883663686e-8,1,4.5598348208386599e-8,-0.0864441990852356,3.936714421115539e-8,-0.9962567090988159],8,1.9141371250152588],[[756.7153930664063,232.19952392578126,46.41316223144531,-0.9968356490135193,-8.84068782625036e-8,0.07949025183916092,-8.335319989782875e-8,1,6.689424481010065e-8,-0.07949025183916092,6.005679864529157e-8,-0.9968356490135193],8,1.9344065189361573],[[756.4495239257813,232.19960021972657,46.39168930053711,-0.9977325797080994,-7.96597063867921e-8,0.06730309128761292,-7.515222222309603e-8,1,6.950472908329175e-8,-0.06730309128761292,6.428916066170132e-8,-0.9977325797080994],8,1.9518022537231446],[[756.1834716796875,232.19964599609376,46.373260498046878,-0.9977327585220337,-4.381960749810787e-8,0.06729999929666519,-4.0777294429972247e-8,1,4.657894336901336e-8,-0.06729999929666519,4.3729027510153176e-8,-0.9977327585220337],8,1.968156337738037],[[755.98388671875,232.19964599609376,46.35979080200195,-0.9977326393127441,-1.6959868176513738e-8,0.06730189919471741,-1.5015411136687363e-8,1,2.9397412504295063e-8,-0.06730189919471741,2.8320192413389124e-8,-0.9977326393127441],8,1.9737811088562012],[[755.7843017578125,232.19964599609376,46.34633255004883,-0.9977324604988098,9.882664464555546e-9,0.06730451434850693,1.072991473449747e-8,1,1.2226828438599569e-8,-0.06730451434850693,1.2921275605037863e-8,-0.9977324604988098],8,1.9854846000671387],[[755.6512451171875,232.19964599609376,46.33736038208008,-0.9977323412895203,2.7768152222051868e-8,0.06730617582798004,2.788427622135714e-8,1,7.858584338826802e-10,-0.06730617582798004,2.6608604208888666e-9,-0.9977323412895203],8,1.9943428039550782],[[755.45166015625,232.19964599609376,46.32390213012695,-0.9977325201034546,5.4582091735255747e-8,0.06730356067419052,5.360211829952277e-8,1,-1.6366362487474363e-8,-0.06730356067419052,-1.2721639741641866e-8,-0.9977325201034546],8,2.0035362243652345],[[755.318603515625,232.19964599609376,46.3149299621582,-0.9979612231254578,7.240380028861182e-8,0.06382347643375397,7.077794350607292e-8,1,-2.773523455346094e-8,-0.06382347643375397,-2.3161394580029083e-8,-0.9979612231254578],8,2.015031337738037],[[755.1190185546875,232.19964599609376,46.302032470703128,-0.9979616403579712,9.918895216287638e-8,0.06381705403327942,9.652803356630102e-8,1,-4.477927362245282e-8,-0.06381705403327942,-3.85278617898166e-8,-0.9979616403579712],8,2.032731294631958],[[754.8529052734375,232.19964599609376,46.285011291503909,-0.997961699962616,8.431457843016688e-8,0.06381538510322571,8.180117561096267e-8,1,-4.1998220012828827e-8,-0.06381538510322571,-3.669244108550629e-8,-0.997961699962616],8,2.0430591106414797],[[754.6533203125,232.19964599609376,46.27225112915039,-0.9979619979858398,6.053074486089827e-8,0.06381110101938248,5.850952433661405e-8,1,-3.354378108610945e-8,-0.06381110101938248,-2.9741862306309487e-8,-0.9979619979858398],8,2.0532102584838869],[[754.4537353515625,232.19964599609376,46.259490966796878,-0.9979633092880249,3.676169058053347e-8,0.06379040330648