[[[776,222.69961547851563,47,1,9.181997029372724e-8,-1.629599063926023e-14,-9.181997029372724e-8,1,-7.717659400441335e-9,1.5587356099323707e-14,7.717659400441335e-9,1],8,0.01700901985168457],[[776,222.69961547851563,47,1,3.1193987837241369e-8,-1.605988528741078e-14,-3.1193987837241369e-8,1,-2.621919126255534e-9,1.5978095786023904e-14,2.621919126255534e-9,1],8,0.03909111022949219],[[776,222.69961547851563,47,1,-9.18016507256425e-9,-1.60749641679378e-14,9.18016507256425e-9,1,7.71613939409832e-10,1.606788127843286e-14,-7.71613939409832e-10,1],8,0.04679441452026367],[[776,222.69961547851563,47,1,-1.926831139087426e-8,-1.610013121086662e-14,1.926831139087426e-8,1,1.6195441654431875e-9,1.6068924823023878e-14,-1.6195441654431875e-9,1],8,0.05329251289367676],[[776,222.69961547851563,47,1,-4.951982290890555e-8,-1.622687275076428e-14,4.951982290890555e-8,1,4.162248323780204e-9,1.6020759141511209e-14,-4.162248323780204e-9,1],8,0.06626677513122559],[[776,222.69961547851563,47,1,-6.967672305790984e-8,-1.635401239614715e-14,6.967672305790984e-8,1,5.856479301513673e-9,1.5945952579741498e-14,-5.856479301513673e-9,1],8,0.07476067543029785],[[776,222.69961547851563,47,1,-9.98959208686756e-8,-1.660857628998317e-14,9.98959208686756e-8,1,8.396468409443969e-9,1.5769803608030494e-14,-8.396468409443969e-9,1],8,0.08422017097473145],[[776,222.69961547851563,47,1,-1.0247221382542193e-7,-1.6655064846260275e-14,1.0247221382542193e-7,1,8.613011637237378e-9,1.5772471761814345e-14,-8.613011637237378e-9,1],8,0.09430480003356934],[[776,222.69961547851563,47,1,-8.000440487876404e-8,-1.650924981845634e-14,8.000440487876404e-8,1,6.7245427004536399e-9,1.5971256842007773e-14,-6.7245427004536399e-9,1],8,0.10482311248779297],[[776,222.69961547851563,47,1,-6.50338591867694e-8,-1.6433216752979007e-14,6.50338591867694e-8,1,5.46623590835793e-9,1.6077727189411744e-14,-5.46623590835793e-9,1],8,0.11417102813720703],[[776,222.69961547851563,47,1,-5.0069715484823976e-8,-1.6375518562677939e-14,5.0069715484823976e-8,1,4.20846690829535e-9,1.616480048232359e-14,-4.20846690829535e-9,1],8,0.12541985511779786],[[775.8447265625,222.69961547851563,46.954978942871097,0.9929741024971008,-2.0033986913858827e-8,0.11833198368549347,1.9671320572456353e-8,1,4.232788786140418e-9,-0.11833198368549347,-1.8753032460239184e-9,0.9929741024971008],8,0.14348411560058595],[[775.592041015625,222.69961547851563,46.881690979003909,0.9628945589065552,1.0521392646012373e-8,0.26987797021865847,-1.0163571317889364e-8,1,-2.7232505139807019e-9,-0.26987797021865847,-1.2072089161652145e-10,0.9628945589065552],8,0.16541528701782227],[[775.3359985351563,222.69961547851563,46.807430267333987,-0.9933739900588989,2.1009162409768579e-8,0.11492637544870377,2.0716246496021996e-8,1,-3.743100940312161e-9,-0.11492637544870377,-1.3374560348111686e-9,-0.9933739900588989],8,0.17534112930297852],[[775.1439208984375,222.69961547851563,46.7517204284668,-0.9713988900184631,4.3816665851181827e-8,0.23745353519916535,4.373887207975713e-8,1,-5.595938379343579e-9,-0.23745353519916535,4.950059917518956e-9,-0.9713988900184631],8,0.19665288925170899],[[774.8878173828125,222.69961547851563,46.67744064331055,-0.9634778499603272,7.406983826285796e-8,0.26778799295425417,7.411571090187863e-8,1,-9.936957034994976e-9,-0.26778799295425417,1.027325868818707e-8,-0.9634778499603272],8,0.2049870491027832],[[774.695556640625,222.69961547851563,46.62228012084961,-0.963506281375885,9.689991031791578e-8,0.26768580079078677,9.685044233265217e-8,1,-1.3388462782870647e-8,-0.26768580079078677,1.3025620582141073e-8,-0.963506281375885],8,0.22606277465820313],[[774.3745727539063,222.69961547851563,46.53251647949219,-0.9633402824401856,9.948702484052774e-8,0.2682824730873108,9.933002331763419e-8,1,-1.4158259453722622e-8,-0.2682824730873108,1.300928076375385e-8,-0.9633402824401856],8,0.23413348197937013],[[774.2461547851563,222.69961547851563,46.49671936035156,-0.9632928967475891,7.926895762011554e-8,0.26845264434814455,7.910740151828577e-8,1,-1.141862959741502e-8,-0.26845264434814455,1.0237106273791597e-8,-0.9632928967475891],8,0.24714875221252442],[[774.0535278320313,222.69961547851563,46.443023681640628,-0.9628211259841919,4.8943597619199866e-8,0.2701397240161896,4.879678527913711e-8,1,-7.259281620264346e-9,-0.2701397240161896,6.192561130546892e-9,-0.9628211259841919],8,0.2561671733856201],[[773.8609008789063,222.69961547851563,46.38905715942383,-0.9618707299232483,1.8633810938695207e-8,0.27350446581840517,1.8520292854873334e-8,1,-2.996964454382578e-9,-0.27350446581840517,2.1826904728072806e-9,-0.9618707299232483],8,0.26812076568603518],[[773.6043090820313,222.69961547851563,46.31625747680664,-0.9599359035491943,-2.1735472088835196e-8,0.2802196443080902,-2.177751134979644e-8,1,2.9635915943515558e-9,-0.2802196443080902,-3.2576281672191955e-9,-0.9599359035491943],8,0.28569555282592776],[[773.3482055664063,222.69961547851563,46.24179458618164,-0.9589511156082153,-6.204304980883535e-8,0.2835715115070343,-6.201982927223071e-8,1,9.05967656450457e-9,-0.2835715115070343,-8.899270653728309e-9,-0.9589511156082153],8,0.30153608322143557],[[773.0924682617188,222.69961547851563,46.16630935668945,-0.9599361419677734,-1.023584133008626e-7,0.2802189588546753,-1.022488120838716e-7,1,1.5010018117322944e-8,-0.2802189588546753,-1.4243395796142977e-8,-0.9599361419677734],8,0.31720781326293948],[[772.9005737304688,222.69961547851563,46.11014175415039,-0.9651431441307068,-9.703251180326333e-8,0.261722594499588,-9.678130652446271e-8,1,1.3849409619126618e-8,-0.261722594499588,-1.19631913264584e-8,-0.9651431441307068],8,0.3321535587310791],[[772.707763671875,222.69961547851563,46.057090759277347,-0.9712538123130798,-7.383884081946235e-8,0.23804636299610139,-7.33916323270023e-8,1,1.0741356248900047e-8,-0.23804636299610139,-7.038027050043638e-9,-0.9712538123130798],8,0.34645676612854006],[[772.5137329101563,222.69961547851563,46.008544921875,-0.9744855761528015,-5.048784501582304e-8,0.22445014119148255,-4.9975824367720637e-8,1,7.962252190907293e-9,-0.22445014119148255,-3.4579807905998907e-9,-0.9744855761528015],8,0.3656909465789795],[[772.2540283203125,222.69961547851563,45.9481086730957,-0.9810593128204346,-1.933877413762275e-8,0.19370758533477784,-1.8677107860298748e-8,1,5.242038358943546e-9,-0.19370758533477784,1.5248529106060005e-9,-0.9810593128204346],8,0.37262558937072756],[[772.1234130859375,222.69961547851563,45.92121124267578,-0.9839827418327332,-3.706015494486792e-9,0.1782637983560562,-3.018348460059883e-9,1,4.128783537282743e-9,-0.1782637983560562,3.5245895091406966e-9,-0.9839827418327332],8,0.3814575672149658],[[771.9923706054688,222.69961547851563,45.89676284790039,-0.98909991979599,1.2006339922265852e-8,0.14724577963352204,1.2660964721078472e-8,1,3.508552115505381e-9,-0.14724577963352204,5.3345821093842009e-9,-0.98909991979599],8,0.39244866371154787],[[771.7947998046875,222.69961547851563,45.86603546142578,-0.9910604953765869,3.546680105159794e-8,0.13341306149959565,3.6178072093662197e-8,1,2.907191598566783e-9,-0.13341306149959565,7.707829929870514e-9,-0.9910604953765869],8,0.40361571311950686],[[771.5966796875,222.69961547851563,45.83876037597656,-0.9940267205238342,5.90167950065279e-8,0.10913675278425217,5.968776406461984e-8,1,2.881139105070929e-9,-0.10913675278425217,9.378058329900796e-9,-0.9940267205238342],8,0.4151458740234375],[[771.3980102539063,222.69961547851563,45.815982818603519,-0.994942307472229,8.24535959509376e-8,0.10044780373573303,8.318170330312569e-8,1,3.0603763967462784e-9,-0.10044780373573303,1.1400318022936063e-8,-0.994942307472229],8,0.42681050300598147],[[771.2654418945313,223.13787841796876,45.8012580871582,-0.9957814812660217,9.811307677409786e-8,0.09175664186477661,9.883432028345851e-8,1,3.3164848645128588e-9,-0.09175664186477661,1.2371199176186565e-8,-0.9957814812660217],3,0.43903088569641116],[[770.9999389648438,223.97352600097657,45.77605438232422,-0.9858852624893189,1.293833378213094e-7,0.16742248833179475,1.2995947429317312e-7,1,-7.51517337249652e-9,-0.16742248833179475,1.4349041066452628e-8,-0.9858852624893189],5,0.46178603172302248],[[770.7340698242188,224.75466918945313,45.75513458251953,-0.9831739664077759,1.6290931625917438e-7,0.18267172574996949,1.6084536014204787e-7,1,-2.6114337359217644e-8,-0.18267172574996949,3.7069618485929824e-9,-0.9831739664077759],5,0.4688854217529297],[[770.6010131835938,225.1248016357422,45.74705123901367,-0.9934589862823486,1.440579353584326e-7,0.11418953537940979,1.415154713413358e-7,1,-3.0371580805876877e-8,-0.11418953537940979,-1.4013333604623313e-8,-0.9934589862823486],5,0.4794886112213135],[[770.4678344726563,225.4813232421875,45.74028015136719,-0.9943898320198059,1.252097234782923e-7,0.10577718913555145,1.22318297712809e-7,1,-3.382248436878399e-8,-0.10577718913555145,-2.0694248092922863e-8,-0.9943898320198059],5,0.48737072944641116],[[770.26806640625,225.99053955078126,45.73200225830078,-0.9917047619819641,9.76816565412264e-8,0.1285364180803299,9.370511122597236e-8,1,-3.698448125533105e-8,-0.1285364180803299,-2.463316661760473e-8,-0.9917047619819641],5,0.49787473678588869],[[770.134765625,226.31298828125,45.72775650024414,-0.9962270259857178,7.781752486835103e-8,0.08678542822599411,7.477069630112965e-8,1,-3.835825168607698e-8,-0.08678542822599411,-3.1724521676324e-8,-0.9962270259857178],5,0.5059807300567627],[[769.934814453125,226.7711181640625,45.72330856323242,-0.9939848184585571,5.0468404566572647e-8,0.10951776057481766,4.653779939189917e-8,1,-3.844614226977683e-8,-0.10951776057481766,-3.311816598738915e-8,-0.9939848184585571],5,0.5170843601226807],[[769.801513671875,227.0594940185547,45.72162628173828,-0.9978266358375549,3.021251515633594e-8,0.06589380651712418,2.7780748368400056e-8,1,-3.7820644394059857e-8,-0.06589380651712418,-3.5907866902107347e-8,-0.9978266358375549],5,0.5254337787628174],[[769.534912109375,227.5953826904297,45.721336364746097,-0.9941611886024475,-5.798575841708953e-9,0.10790528357028961,-9.455804139690827e-9,1,-3.338128706786847e-8,-0.10790528357028961,-3.4206710353146266e-8,-0.9941611886024475],5,0.5455436706542969],[[769.401611328125,227.8428955078125,45.72384262084961,-0.9993432760238648,-2.7021130222237845e-8,0.036236006766557696,-2.8142556729449099e-8,1,-3.043779628342236e-8,-0.036236006766557696,-3.143757965062832e-8,-0.9993432760238648],5,0.5530948638916016],[[769.20166015625,228.18861389160157,45.729591369628909,-0.9980427622795105,-5.44238822897114e-8,0.06253552436828613,-5.602890595923782e-8,1,-2.3912175350915278e-8,-0.06253552436828613,-2.7369170041424696e-8,-0.9980427622795105],5,0.5657260417938232],[[769.068359375,228.40206909179688,45.734317779541019,-0.9996681809425354,-7.419016867515893e-8,0.02575969509780407,-7.469635221468707e-8,1,-1.8688039560288418e-8,-0.02575969509780407,-2.060599335607094e-8,-0.9996681809425354],5,0.5735988616943359],[[768.8685913085938,228.69668579101563,45.74231719970703,-0.998356819152832,-1.0184085397213494e-7,0.057303059846162799,-1.0249688386920752e-7,1,-8.509270621459564e-9,-0.057303059846162799,-1.436867336224168e-8,-0.998356819152832],5,0.5878515243530273],[[768.6688232421875,228.9606475830078,45.75076675415039,-0.9985508322715759,-1.303128982499402e-7,0.05381663143634796,-1.3028885348376208e-7,1,3.955165972513441e-9,-0.05381663143634796,-3.062273323806153e-9,-0.9985508322715759],5,0.6094722747802734],[[768.3358764648438,229.3324737548828,45.765987396240237,-0.9935681223869324,-1.4245853208194604e-7,0.11323610693216324,-1.40466255516003e-7,1,2.557253431234585e-8,-0.11323610693216324,9.502200803979122e-9,-0.9935681223869324],5,0.6171078681945801],[[768.269287109375,229.39662170410157,45.769351959228519,-0.9998043179512024,-1.314617747993907e-7,-0.01978248916566372,-1.3207427684847063e-7,1,2.9655801370154223e-8,0.01978248916566372,3.22627542459486e-8,-0.9998043179512024],5,0.6239733695983887],[[768.1361083984375,229.5146942138672,45.776336669921878,-0.9999085068702698,-1.1567540525447839e-7,0.013525979593396187,-1.1518698528334426e-7,1,3.6888792465106238e-8,-0.013525979593396187,3.5327403224982848e-8,-0.9999085068702698],5,0.6324255466461182],[[768.0029296875,229.619140625,45.78340148925781,-0.9999085068702698,-9.889789964745433e-8,0.01352782268077135,-9.83215286964878e-8,1,4.327183944496937e-8,-0.01352782268077135,4.193780611672082e-8,-0.9999085068702698],5,0.6402328014373779],[[767.8031616210938,229.75025939941407,45.79401397705078,-0.9989028573036194,-7.523505018980359e-8,0.04683014005422592,-7.293222381576925e-8,1,5.088260479624296e-8,-0.04683014005422592,4.7411351289383677e-8,-0.9989028573036194],5,0.6515402793884277],[[767.6699829101563,229.82064819335938,45.80109405517578,-0.9998834133148193,-5.691288862408328e-8,0.015269491821527481,-5.607641639926442e-8,1,5.520876911191408e-8,-0.015269491821527481,5.434607430743199e-8,-0.9998834133148193],5,0.6610219478607178],[[767.47021484375,229.9006805419922,45.81142807006836,-0.998151421546936,-3.42230777050645e-8,0.060775838792324069,-3.0663166228350749e-8,1,5.950709436319812e-8,-0.060775838792324069,5.753351217663294e-8,-0.998151421546936],5,0.67301344871521],[[767.3370361328125,229.93701171875,45.81706619262695,-0.999211311340332,-1.6151584958379318e-8,0.03970848396420479,-1.372077207406619e-8,1,6.14889898997717e-8,-0.03970848396420479,6.089566539912994e-8,-0.999211311340332],5,0.6814465522766113],[[767.2037353515625,229.95970153808595,45.821136474609378,-0.9985589981079102,-1.101200519659784e-10,0.05366535484790802,3.247313529186613e-9,1,6.2475209006152e-8,-0.05366535484790802,6.255945095290372e-8,-0.9985589981079102],5,0.690180778503418],[[767.0037841796875,229.96820068359376,45.8243293762207,-0.9947275519371033,2.222596329204407e-8,0.1025531068444252,2.870609883132147e-8,1,6.171225663820224e-8,-0.1025531068444252,6.433077714973479e-8,-0.9947275519371033],5,0.7001609802246094],[[766.8704833984375,229.9568328857422,45.824527740478519,-0.9947403073310852,3.929552505610445e-8,0.10242906957864762,4.567900901975008e-8,1,5.997542729119232e-8,-0.10242906957864762,6.43388347043583e-8,-0.9947403073310852],5,0.7142841815948486],[[766.6038818359375,229.8932342529297,45.81632995605469,-0.9826215505599976,6.819416853431903e-8,0.1856202781200409,7.931568291041913e-8,1,5.248957890557904e-8,-0.1856202781200409,6.629998949847504e-8,-0.9826215505599976],5,0.7332525253295898],[[766.4041137695313,229.8097686767578,45.806331634521487,-0.980649471282959,9.372355691539269e-8,0.1957717388868332,1.0438641595555964e-7,1,4.414799548158044e-8,-0.1957717388868332,6.372962246814495e-8,-0.980649471282959],5,0.739903450012207],[[766.2049560546875,229.69564819335938,45.78862762451172,-0.9755678176879883,1.1874368510689237e-7,0.21969838440418244,1.2923381120799605e-7,1,3.337607878961535e-8,-0.21969838440418244,6.095309146303407e-8,-0.9755678176879883],5,0.7507781982421875],[[766.1387329101563,229.65078735351563,45.781211853027347,-0.9793110489845276,1.2870678745002807e-7,0.202360600233078,1.3746802096648026e-7,1,2.9240688093068458e-8,-0.202360600233078,5.645383893693179e-8,-0.9793110489845276],5,0.7579801082611084],[[766.0070190429688,229.5508575439453,45.76060104370117,-0.9659941792488098,1.4325853214813834e-7,0.2585638463497162,1.5356482663264615e-7,1,1.9663229267052885e-8,-0.2585638463497162,5.870087704806792e-8,-0.9659941792488098],5,0.7662343978881836],[[765.8760375976563,229.43731689453126,45.73588943481445,-0.9588865041732788,1.5992539204034984e-7,0.2837897837162018,1.693877038633218e-7,1,8.802953921360768e-9,-0.2837897837162018,5.651153145436183e-8,-0.9588865041732788],5,0.7754995822906494],[[765.6806640625,229.24143981933595,45.69316864013672,-0.9409018158912659,1.3302086188105023e-7,0.3386794626712799,1.3870129578208435e-7,1,-7.430482007464434e-9,-0.3386794626712799,3.998392728021827e-8,-0.9409018158912659],5,0.7871983051300049],[[765.5511474609375,229.0938262939453,45.66162872314453,-0.9438669085502625,1.1699924584718247e-7,0.3303259611129761,1.1814503153573242e-7,1,-1.6608018071906373e-8,-0.3303259611129761,2.3350613886918837e-8,-0.9438669085502625],5,0.7974038124084473],[[765.3580932617188,228.84686279296876,45.609310150146487,-0.9238892197608948,9.057695393721588e-8,0.3826600909233093,8.685995567248028e-8,1,-2.6989944501565334e-8,-0.3826600909233093,8.302121656811324e-9,-0.9238892197608948],5,0.8054771423339844],[[765.2301635742188,228.66517639160157,45.571632385253909,-0.9191918969154358,7.306934435291623e-8,0.3938099443912506,6.582959599654714e-8,1,-3.189180830531768e-8,-0.3938099443912506,-3.3903444496274916e-9,-0.9191918969154358],5,0.8158762454986572],[[765.1038208007813,228.46987915039063,45.52899932861328,-0.9107365012168884,5.528480784278145e-8,0.41298794746398928,4.472573067459962e-8,1,-3.523456726384211e-8,-0.41298794746398928,-1.3618220329192355e-8,-0.9107365012168884],5,0.8235952854156494],[[764.9786987304688,228.2609405517578,45.4830436706543,-0.9107363820075989,3.6999033170559417e-8,0.41298815608024599,2.363328199805892e-8,1,-3.747164001310921e-8,-0.41298815608024599,-2.4366519468799198e-8,-0.9107363820075989],5,0.8316555023193359],[[764.7289428710938,227.80221557617188,45.38947296142578,-0.8588495850563049,2.181533176326411e-9,0.5122278332710266,-1.8529860312810343e-8,1,-3.532782599791062e-8,-0.5122278332710266,-3.983280194574945e-8,-0.8588495850563049],5,0.8480851650238037],[[764.54443359375,227.4224090576172,45.31235885620117,-0.8479839563369751,-2.665061415996206e-8,0.5300219058990479,-4.995958136078116e-8,1,-2.9648413502059158e-8,-0.5300219058990479,-5.162105054523636e-8,-0.8479839563369751],5,0.8596818447113037],[[764.424072265625,227.15216064453126,45.25509262084961,-0.8499033451080322,-4.744344650475796e-8,0.5269386768341065,-7.082500275146231e-8,1,-2.4198179460199755e-8,-0.5269386768341065,-5.7886545334895348e-8,-0.8499033451080322],5,0.869138240814209],[[764.246826171875,226.72125244140626,45.16252899169922,-0.8130033016204834,-7.534463719593987e-8,0.5822590589523315,-1.0152830753895614e-7,1,-1.2362555423806043e-8,-0.5822590589523315,-6.916657468991616e-8,-0.8130033016204834],5,0.881678581237793],[[764.07275390625,226.2596893310547,45.06405258178711,-0.7647753953933716,-1.0299758912424295e-7,0.6442970037460327,-1.3097434248265928e-7,1,4.394923980299836e-9,-0.6442970037460327,-8.102524162723057e-8,-0.7647753953933716],5,0.8947877883911133],[[763.9606323242188,225.93495178222657,44.99210739135742,-0.7300620079040527,-1.2177018504644367e-7,0.6833809018135071,-1.4964894035074395e-7,1,1.831655183082148e-8,-0.6833809018135071,-8.889500691111607e-8,-0.7300620079040527],5,0.9025270938873291],[[763.8538208007813,225.59658813476563,44.91261672973633,-0.6995294094085693,-1.2640192892376945e-7,0.714603841304779,-1.4977283058215108e-7,1,3.027053452342443e-8,-0.714603841304779,-8.585310951048086e-8,-0.6995294094085693],5,0.9115126132965088],[[763.7025756835938,225.06349182128907,44.781978607177737,-0.641162097454071,-1.0959302443325214e-7,0.7674055099487305,-1.2238125179919735e-7,1,4.056109048633516e-8,-0.7674055099487305,-6.79098164368952e-8,-0.641162097454071],5,0.9225099086761475],[[763.6061401367188,224.69107055664063,44.689964294433597,-0.6318342685699463,-1.0115964954593437e-7,0.7751035094261169,-1.0399547534234444e-7,1,4.573807643737382e-8,-0.7751035094261169,-5.170837980017495e-8,-0.6318342685699463],5,0.9323198795318604],[[763.513916015625,224.3050079345703,44.59372329711914,-0.595994770526886,-9.042041426710057e-8,0.8029882907867432,-8.546892615868274e-8,1,4.916806162214016e-8,-0.8029882907867432,-3.932663616978971e-8,-0.595994770526886],5,0.9403798580169678],[[763.3828125,223.7003936767578,44.44275665283203,-0.49653124809265139,-7.176554817078795e-8,0.8680188655853272,-5.753256004936702e-8,1,4.9767162835223647e-8,-0.8680188655853272,-2.5228395372778324e-8,-0.49653124809265139],5,0.9518482685089111],[[763.302978515625,223.2802734375,44.33607864379883,-0.5229997038841248,-6.154238718636407e-8,0.8523328900337219,-4.078285087416589e-8,1,4.717988844049614e-8,-0.8523328900337219,-1.0085496882084044e-8,-0.5229997038841248],7,0.9623324871063232],[[763.2283325195313,222.84654235839845,44.225643157958987,-0.5104613304138184,-4.9857884931725496e-8,0.859900712966919,-2.510329544236356e-8,1,4.3078955513919939e-8,-0.859900712966919,4.038006595763477e-10,-0.5104613304138184],7,0.9708740711212158],[[763.1578369140625,222.50611877441407,44.112491607666019,-0.5163875818252564,-3.821712368790031e-8,0.8563549518585205,-9.722554317193044e-9,1,3.8764902399179849e-8,-0.8563549518585205,1.1691756895970684e-8,-0.5163875818252564],7,0.9783129692077637],[[763.0537719726563,222.43170166015626,43.941707611083987,-0.4940676987171173,-2.104525975710203e-8,0.8694234490394592,1.2997980469720006e-8,1,3.15923642801863e-8,-0.8694234490394592,2.6909514616590969e-8,-0.4940676987171173],7,0.9884681701660156],[[762.9868774414063,222.46224975585938,43.82637405395508,-0.44426771998405459,-1.0897628577311025e-8,0.8958940505981445,2.7814728298380943e-8,1,2.595710313357813e-8,-0.8958940505981445,3.645095603133086e-8,-0.44426771998405459],7,0.9998722076416016],[[762.8958740234375,222.5212860107422,43.64832305908203,-0.4365502893924713,6.221388737515099e-9,0.8996798396110535,4.994675251168701e-8,1,1.7320472167625668e-8,-0.8996798396110535,5.2497345137680898e-8,-0.4365502893924713],8,1.012225866317749],[[762.8372802734375,222.5544891357422,43.52855682373047,-0.43662410974502566,1.7839250077145153e-8,0.8996440172195435,6.46927915681772e-8,1,1.156811180180739e-8,-0.8996440172195435,6.325139878526898e-8,-0.43662410974502566],8,1.019270658493042],[[762.7498779296875,222.59146118164063,43.34865951538086,-0.43348801136016848,3.502901790852775e-8,0.9011593461036682,8.676959595277367e-8,1,2.8680406938264015e-9,-0.9011593461036682,7.943649649178042e-8,-0.43348801136016848],8,1.0308399200439454],[[762.6340942382813,222.62191772460938,43.10841369628906,-0.46470940113067629,6.09788770589148e-8,0.8854632377624512,1.1657029119760409e-7,1,-7.68814345519786e-9,-0.8854632377624512,9.96459519342352e-8,-0.46470940113067629],8,1.0478143692016602],[[762.5731811523438,222.63160705566407,42.98981475830078,-0.4907981753349304,5.51387486780186e-8,0.8712732791900635,9.701275160978185e-8,1,-8.636863668698425e-9,-0.8712732791900635,8.028566611528731e-8,-0.4907981753349304],8,1.0543053150177003],[[762.5087890625,222.63877868652345,42.87308120727539,-0.5224173665046692,4.92772365134897e-8,0.8526899218559265,7.751150121748651e-8,1,-1.0301382857846875e-8,-0.8526899218559265,6.071165614685015e-8,-0.5224173665046692],8,1.0655291080474854],[[762.4403686523438,222.6440887451172,42.758670806884769,-0.5576906800270081,4.301336531398192e-8,0.8300488591194153,5.8105424471932568e-8,1,-1.2780586367000524e-8,-0.8300488591194153,4.110273010837773e-8,-0.5576906800270081],8,1.0739588737487794],[[762.3673706054688,222.64801025390626,42.647117614746097,-0.5976002216339111,3.6210234810596378e-8,0.8017942309379578,3.885197230601989e-8,1,-1.6204015906851056e-8,-0.8017942309379578,2.146776445499654e-8,-0.5976002216339111],8,1.0832483768463135],[[762.2586669921875,222.65203857421876,42.47767639160156,-0.638480007648468,0.0004974041949026287,0.7696382403373718,-0.000009072989087144379,0.9999997615814209,-0.0006538097513839603,-0.7696384191513062,-0.0004244273586664349,-0.6384798288345337],8,1.0961434841156006],[[762.1891479492188,222.65386962890626,42.35875701904297,-0.7192098498344421,0.0011767748510465026,0.6947919130325317,-0.00003404186645639129,0.9999985098838806,-0.0017289441311731935,-0.6947928667068481,-0.0012671257136389614,-0.7192087769508362],8,1.1049036979675294],[[762.099365234375,222.6552276611328,42.25966262817383,-0.756618082523346,0.0007812705589458346,0.653856635093689,-0.00004216059824102558,0.9999992251396179,-0.0012436509132385254,-0.6538571119308472,-0.0009685357799753547,-0.7566174268722534],8,1.1132175922393799],[[762.0009155273438,222.65621948242188,42.169734954833987,-0.7904938459396362,0.00030731409788131714,0.6124699115753174,-0.0000489322301291395,0.9999998211860657,-0.0005649169906973839,-0.6124699711799622,-0.00047653293586336076,-0.7904937267303467],8,1.1209161281585694],[[761.8445434570313,222.65724182128907,42.04525375366211,-0.8193721175193787,-0.000047588051529601219,0.5732620358467102,-0.0000390476816392038,1,0.000027201293050893584,-0.5732620358467102,-9.657233590587566e-8,-0.8193721175193787],8,1.132544755935669],[[761.7363891601563,222.65769958496095,41.967323303222659,-0.845417857170105,-0.00008866263669915497,0.5341054797172546,-0.000025235274733859116,1,0.00012605801748577505,-0.5341054797172546,0.00009309340384788811,-0.845417857170105],8,1.1405658721923829],[[761.5684204101563,222.65818786621095,41.8587646484375,-0.8696485757827759,-0.00005128929842612706,0.49367135763168337,-0.000007275693860719912,1,0.0000910767848836258,-0.49367135763168337,0.00007561299571534619,-0.8696485161781311],8,1.151064157485962],[[761.453369140625,222.65841674804688,41.79146194458008,-0.9101187586784363,-0.000017958695025299677,0.4143475294113159,9.124146345129702e-7,1,0.000045346238039201128,-0.4143475294113159,0.00004164851634413935,-0.9101187586784363],8,1.1601650714874268],[[761.2801513671875,223.31752014160157,41.6915168762207,-0.9266864061355591,0.00001986542520171497,0.37583547830581667,0.000013239694453659468,1,-0.000020211984519846739,-0.37583547830581667,-0.000013754223800788168,-0.9266864061355591],3,1.1750450134277344],[[761.100341796875,223.94937133789063,41.60496520996094,-0.9300416111946106,0.00002382490856689401,0.36745426058769228,0.000011987103789579124,1,-0.00003449790892773308,-0.36745426058769228,-0.00002767977821349632,-0.9300416111946106],5,1.195185661315918],[[760.8489990234375,224.744140625,41.51677322387695,-0.9301785826683044,0.000008321280802192632,0.3671073615550995,0.0000022149399683257799,1,-0.00001705493195913732,-0.3671073615550995,-0.000015051011359901168,-0.9301785826683044],5,1.2017617225646973],[[760.7849731445313,224.93431091308595,41.498382568359378,-0.9600333571434021,0.000004068779162480496,0.2798856496810913,4.872536578659492e-7,1,-0.00001286596670979634,-0.2798856496810913,-0.000012215381502755918,-0.9600333571434021],5,1.2077605724334717],[[760.5914916992188,225.48440551757813,41.44770050048828,-0.9574947953224182,-5.794203730147274e-7,0.28845056891441347,-0.0000018506733567846823,1,-0.000004134468326810747,-0.28845056891441347,-0.0000044925595830136448,-0.9574947953224182],5,1.2194933891296387],[[760.4610595703125,225.8341064453125,41.42012023925781,-0.9732615947723389,-0.0000016074351378847496,0.22969941794872285,-0.0000019349704416526949,1,-0.0000012006884162474308,-0.22969941794872285,-0.0000016130455833263114,-0.9732615947723389],5,1.2280404567718506],[[760.3297729492188,226.17018127441407,41.39696502685547,-0.9789331555366516,-0.0000015029322639747989,0.20418089628219605,-0.0000014978737681303756,1,1.7932094920070086e-7,-0.20418089628219605,-1.3029396939145955e-7,-0.9789331555366516],5,1.2363708019256592],[[760.1978759765625,226.4926300048828,41.37742614746094,-0.9833140969276428,-0.0000010454386938363314,0.18191596865653993,-9.442823056815541e-7,1,6.426736263165367e-7,-0.18191596865653993,4.6016998567210978e-7,-0.9833140969276428],5,1.2468335628509522],[[759.9993896484375,226.9507598876953,41.35319900512695,-0.985142707824707,-4.0485355157215965e-7,0.17173781991004945,-3.1012481827019658e-7,1,5.784186214441434e-7,-0.17173781991004945,5.165647394278494e-7,-0.985142707824707],5,1.2588307857513428],[[759.8665161132813,227.2391357421875,41.341976165771487,-0.9930090308189392,-1.1856663206799567e-7,0.11803856492042542,-7.232060994510903e-8,1,3.960706749239762e-7,-0.11803856492042542,3.847651157684595e-7,-0.9930090308189392],5,1.2668650150299073],[[759.6668090820313,227.6461639404297,41.33061218261719,-0.9910129904747009,4.24692885303557e-8,0.13376548886299134,6.428629006904885e-8,1,1.5877984083090269e-7,-0.13376548886299134,1.6595217289250287e-7,-0.9910129904747009],5,1.279348373413086],[[759.5336303710938,227.90048217773438,41.325401306152347,-0.9978278875350952,8.429695697032003e-8,0.0658748596906662,8.787296223999874e-8,1,5.138733172316279e-8,-0.0658748596906662,5.706433015006951e-8,-0.9978278875350952],5,1.287942886352539],[[759.3336791992188,228.2564239501953,41.324119567871097,-0.9965144991874695,8.115468830283135e-8,0.08341942727565766,7.78762512254616e-8,1,-4.255451813151012e-8,-0.08341942727565766,-3.590980313106229e-8,-0.9965144991874695],5,1.2983331680297852],[[759.2003784179688,228.4766845703125,41.32570266723633,-0.9994058609008789,6.419197262630405e-8,0.03446687385439873,6.13361024193182e-8,1,-8.39159071119866e-8,-0.03446687385439873,-8.1751984737366e-8,-0.9994058609008789],5,1.307295322418213],[[759.0670776367188,228.68331909179688,41.32936477661133,-0.9998241662979126,4.710117096351496e-8,0.018751688301563264,4.476741821690666e-8,1,-1.2487548417539075e-7,-0.018751688301563264,-1.2401406479511935e-7,-0.9998241662979126],5,1.3164970874786378],[[758.8673095703125,228.9677276611328,41.33824920654297,-0.9993394017219544,1.930862225663077e-8,0.03634248673915863,1.4658618319174366e-8,1,-1.282159729498744e-7,-0.03634248673915863,-1.2759853973420832e-7,-0.9993394017219544],5,1.3254711627960206],[[758.7342529296875,229.14028930664063,41.346153259277347,-0.9995964169502258,-9.043818138820825e-9,-0.028408335521817209,-5.337029485019684e-9,1,-1.3055826286745288e-7,0.028408335521817209,-1.303539534092124e-7,-0.9995964169502258],5,1.335261344909668],[[758.6014404296875,229.2992401123047,41.35765075683594,-0.9995964169502258,-2.9117414257484598e-8,-0.028408337384462358,-2.5371154066533564e-8,1,-1.3223230155290367e-7,0.028408337384462358,-1.3145817945314776e-7,-0.9995964169502258],5,1.3434395790100098],[[758.46875,229.44456481933595,41.370140075683597,-0.9985091686248779,-5.265274793941899e-8,-0.054584354162216189,-4.5418804717201058e-8,1,-1.3376826757394157e-7,0.054584354162216189,-1.3108967777952785e-7,-0.9985091686248779],5,1.3536291122436524],[[758.2701416015625,229.6370086669922,41.39331817626953,-0.9997732639312744,-7.847577165875919e-8,-0.02129315957427025,-7.563262016674344e-8,1,-1.3432959633519204e-7,0.02129315957427025,-1.3268868315208238e-7,-0.9997732639312744],5,1.3635060787200928],[[758.1378173828125,229.74826049804688,41.409393310546878,-0.9967366456985474,-1.0644849623986375e-7,-0.08072208613157273,-9.588483607103626e-8,1,-1.3474084425979528e-7,0.08072208613157273,-1.2656111891828915e-7,-0.9967366456985474],5,1.3741650581359864],[[758.0057983398438,229.8459014892578,41.42808151245117,-0.9967366456985474,-1.1388171827775295e-7,-0.08072208613157273,-1.0439669040351873e-7,1,-1.2172266394827603e-7,0.08072208613157273,-1.1289832002603362e-7,-0.9967366456985474],5,1.3821132183074952],[[757.7420654296875,230.0002899169922,41.46710968017578,-0.999843955039978,-9.751538954105854e-8,-0.017666086554527284,-9.62778656798946e-8,1,-7.090147136068481e-8,0.017666086554527284,-6.918955364199064e-8,-0.999843955039978],5,1.3978252410888672],[[757.6761474609375,230.03038024902345,41.477046966552737,-0.9930912852287293,-1.0085285850891523e-7,-0.11734455078840256,-9.46470990470516e-8,1,-5.845738826337765e-8,0.11734455078840256,-4.6947199905389428e-8,-0.9930912852287293],5,1.404660701751709],[[757.5443115234375,230.080322265625,41.497047424316409,-0.9964489340782166,-9.326366523509933e-8,-0.08419935405254364,-9.072667950249525e-8,1,-3.395706471565063e-8,0.08419935405254364,-2.6197351843393336e-8,-0.9964489340782166],5,1.4119131565093995],[[757.3465576171875,230.12969970703126,41.52711486816406,-0.9987006783485413,-8.341838508840738e-8,-0.05096082389354706,-8.36272420201567e-8,1,1.9661503536383408e-9,0.05096082389354706,6.225308712970445e-9,-0.9987006783485413],5,1.4228801727294922],[[757.1488037109375,230.14842224121095,41.55718994140625,-0.9988723993301392,-7.380700139947294e-8,-0.0474759116768837,-7.56582494432223e-8,1,3.719641838983989e-8,0.0474759116768837,4.074641779538979e-8,-0.9988723993301392],5,1.4343817234039307],[[757.0828857421875,230.14784240722657,41.56707000732422,-0.9934946894645691,-6.717428391311842e-8,-0.11387857049703598,-7.322216788452352e-8,1,4.892538285616865e-8,0.11387857049703598,5.6945541615505138e-8,-0.9934946894645691],5,1.441514253616333],[[756.8851318359375,230.1256866455078,41.59650421142578,-0.9994953274726868,-6.1016315555662e-8,-0.031766630709171298,-6.37010586501674e-8,1,8.350245650490251e-8,0.031766630709171298,8.548388308327049e-8,-0.9994953274726868],5,1.4523112773895264],[[756.7530517578125,230.09388732910157,41.61455535888672,-0.9986942410469055,-5.147155945905979e-8,-0.051085956394672397,-5.6985228980011018e-8,1,1.0647275416886259e-7,0.051085956394672397,1.092448727035844e-7,-0.9986942410469055],5,1.4609935283660889],[[756.6207275390625,230.0484619140625,41.630767822265628,-0.9999578595161438,-4.77773518525737e-8,-0.009183122776448727,-4.896504890439246e-8,1,1.2910969360291347e-7,0.009183122776448727,1.2955389649960126e-7,-0.9999578595161438],5,1.4706387519836426],[[756.4215087890625,229.95477294921876,41.6475830078125,-0.9986439943313599,-3.914898627499497e-8,0.05205973982810974,-3.1634861841212117e-8,1,1.4516061241920398e-7,-0.05205973982810974,1.4331686770674424e-7,-0.9986439943313599],5,1.480039119720459],[[756.2883911132813,229.8752899169922,41.654998779296878,-0.9985581636428833,-2.208276406179266e-8,0.05368102714419365,-1.4996418329360496e-8,1,1.324111735812039e-7,-0.05368102714419365,1.314152342501984e-7,-0.9985581636428833],5,1.4900660514831544],[[756.0217895507813,229.67543029785157,41.65998077392578,-0.9874224066734314,-1.0424296981170756e-9,0.1581045389175415,1.5493165861357739e-8,1,1.0335394762250871e-7,-0.1581045389175415,1.0450354182012234e-7,-0.9874224066734314],5,1.5064609050750733],[[755.8218383789063,229.48977661132813,41.65636444091797,-0.9781764149665833,1.8922570177437593e-8,0.2077759951353073,3.61142546978499e-8,1,7.894821152376608e-8,-0.2077759951353073,8.472895984823481e-8,-0.9781764149665833],5,1.5201830863952637],[[755.5631713867188,229.19454956054688,41.67362976074219,-0.9542231559753418,4.174872714202138e-8,0.2990955412387848,5.7494485616871319e-8,1,4.384499519005658e-8,-0.2990955412387848,5.9034256594259207e-8,-0.9542231559753418],5,1.5381858348846436],[[755.1961669921875,228.64952087402345,41.7709846496582,-0.8815144300460815,7.432504389726091e-8,0.4721570611000061,7.698647408460602e-8,1,-1.3682638133616365e-8,-0.4721570611000061,2.428826384459626e-8,-0.8815144300460815],5,1.5689198970794678],[[755.0147705078125,228.3310089111328,41.848907470703128,-0.8764838576316834,9.542114298710658e-8,0.481431245803833,8.47757348765299e-8,1,-4.386208374285161e-8,-0.481431245803833,2.3692796613516977e-9,-0.8764838576316834],5,1.5743329524993897],[[754.8907470703125,228.10165405273438,41.89723205566406,-0.8852177262306213,1.0947853468223912e-7,0.4651769697666168,8.970221188064898e-8,1,-6.4647544206764e-8,-0.4651769697666168,-1.5499745487090878e-8,-0.8852177262306213],5,1.5810868740081788],[[754.7656860351563,227.85865783691407,41.943443298339847,-0.868514895439148,1.240882454567327e-7,0.4956630766391754,9.520398691620358e-8,1,-8.3528853167536e-8,-0.4956630766391754,-2.535694676453204e-8,-0.868514895439148],7,1.5912015438079835],[[754.6386108398438,227.60205078125,41.98361587524414,-0.8621909022331238,1.0334389344279771e-7,0.506583571434021,7.537952484426569e-8,1,-7.570785243160572e-8,-0.506583571434021,-2.7088589149570909e-8,-0.8621909022331238],7,1.5998458862304688],[[754.4599609375,227.5190887451172,42.15767288208008,-0.8527196645736694,6.196763990828913e-8,0.522368848323822,3.7043278666715199e-8,1,-5.8158349247605659e-8,-0.522368848323822,-3.024251427063973e-8,-0.8527196645736694],7,1.614882230758667],[[754.39013671875,227.55282592773438,42.270484924316409,-0.8376792669296265,4.190842162188346e-8,0.5461624264717102,1.825397610843993e-8,1,-4.873539793948112e-8,-0.5461624264717102,-3.085499855615126e-8,-0.8376792669296265],7,1.6363563537597657],[[754.3242797851563,227.6261444091797,42.51704788208008,-0.8043880462646484,0.00007883751095505431,0.5941042304039002,-0.001049900776706636,0.9999982118606567,-0.0015542135806754232,-0.5941033363342285,-0.00187394127715379,-0.804386556148529],8,1.6452429294586182],[[754.323974609375,227.64414978027345,42.60770797729492,-0.8150977492332459,0.000016175141354324297,0.5793234705924988,-0.001429608790203929,0.9999969005584717,-0.0020393545273691417,-0.5793217420578003,-0.0024904790334403517,-0.8150951862335205],8,1.653541088104248],[[754.3195190429688,227.6585235595703,42.69937515258789,-0.8164419531822205,-0.00001550180240883492,0.5774275064468384,-0.0014904604759067298,0.9999967217445374,-0.0020805601961910726,-0.5774255990982056,-0.0025592895690351726,-0.8164393305778503],8,1.6624431610107422],[[754.3150634765625,227.6699676513672,42.79072189331055,-0.8160571455955505,0.00003227493289159611,0.5779712200164795,-0.0013338325079530478,0.9999972581863403,-0.0019391250098124147,-0.5779696702957153,-0.0023533536586910488,-0.8160548210144043],8,1.673814058303833],[[754.3080444335938,227.68312072753907,42.9273567199707,-0.8065335154533386,0.00039644347270950675,0.5911882519721985,-0.0008399055805057287,0.9999979734420776,-0.0018164344364777208,-0.5911877751350403,-0.001961557660251856,-0.806531548500061],8,1.6825470924377442],[[754.3036499023438,227.68983459472657,43.01812744140625,-0.8157176375389099,0.0006851815851405263,0.5784499049186707,-0.0004751512606162578,0.999998152256012,-0.0018545591738075019,-0.5784501433372498,-0.0017876478377729655,-0.8157157897949219],8,1.690765619277954],[[754.3001708984375,227.69764709472657,43.154151916503909,-0.8064357042312622,0.0015802945708855987,0.5913196802139282,0.00023028939904179424,0.9999971985816956,-0.002358413767069578,-0.5913217663764954,-0.0017657343996688724,-0.8064337968826294],8,1.700835943222046],[[754.30224609375,227.70166015625,43.24464797973633,-0.8157338500022888,0.0024398609530180694,0.5784223079681397,0.0008499105460941792,0.9999950528144836,-0.003019503550603986,-0.5784268379211426,-0.0019715039525181057,-0.8157318830490112],8,1.710603952407837],[[754.3027954101563,227.70494079589845,43.33509063720703,-0.8159180879592896,0.0032822289504110815,0.5781581997871399,0.0013841383624821902,0.9999921321868897,-0.0037236514035612346,-0.5781658887863159,-0.0022379434667527677,-0.8159161806106567],8,1.7216274738311768],[[754.30224609375,227.70762634277345,43.42552185058594,-0.8159815073013306,0.004075114149600267,0.5780636668205261,0.0018502642633393407,0.9999884366989136,-0.004437721334397793,-0.578075110912323,-0.002551527926698327,-0.8159795999526978],8,1.7287344932556153],[[754.3363647460938,227.7115936279297,43.60673141479492,-0.8240054845809937,0.0026417833287268879,0.5665757060050964,0.0013182248221710325,0.9999953508377075,-0.002745523350313306,-0.5665802955627441,-0.0015154520515352488,-0.824005126953125],8,1.7457351684570313],[[754.3889770507813,227.71546936035157,43.86714553833008,-0.8318508863449097,0.00023191679792944342,0.5549991130828857,0.00013095316535327584,0.9999999403953552,-0.00022159186482895166,-0.5549991726875305,-0.00011165250180056319,-0.8318508863449097],8,1.766993522644043],[[754.4423828125,227.71775817871095,44.128318786621097,-0.838551938533783,-0.0002426337159704417,0.5448216199874878,-0.00012161253107478842,0.9999999403953552,0.0002581675653345883,-0.5448216795921326,0.00015022976731415838,-0.838551938533783],8,1.7754261493682862],[[754.4824829101563,228.37686157226563,44.324241638183597,-0.8434510827064514,-0.00026845617685467005,0.5372058749198914,-0.00014183591702021658,0.9999999403953552,0.0002770344144664705,-0.5372059345245361,0.00015746989811304957,-0.8434510827064514],3,1.7973947525024415],[[754.5540771484375,229.41290283203126,44.64976119995117,-0.891409695148468,-0.00011040436947951093,0.45319828391075137,-0.00007160537643358111,1,0.00010276879038428888,-0.45319831371307375,0.000059157660871278497,-0.891409695148468],5,1.8109824657440186],[[754.5975341796875,229.99365234375,44.845001220703128,-0.8782238364219666,-0.0000431891021435149,0.47824984788894656,-0.00003321115582366474,1,0.000029319973691599445,-0.47824984788894656,0.0000098662