[[[776,222.69961547851563,47,1,0,0,0,1,0,0,0,1],8,0.003977060317993164],[[776,222.69961547851563,47,1,0,0,0,1,0,0,0,1],8,0.02869129180908203],[[776,222.69961547851563,47,1,0,0,0,1,0,0,0,1],8,0.037982940673828128],[[776,222.69961547851563,47,1,0,0,0,1,0,0,0,1],8,0.053174495697021487],[[776,222.69961547851563,47,1,0,0,0,1,0,0,0,1],8,0.07014703750610352],[[776,222.69961547851563,47,1,0,0,0,1,0,0,0,1],8,0.08641648292541504],[[776,222.69961547851563,47,1,0,0,0,1,0,0,0,1],8,0.10361409187316895],[[776,222.69961547851563,47,1,0,0,0,1,0,0,0,1],8,0.11999702453613281],[[776,222.69961547851563,47,1,0,0,0,1,0,0,0,1],8,0.13697218894958497],[[776,222.69961547851563,47,1,0,0,0,1,0,0,0,1],8,0.15357351303100587],[[776,222.69961547851563,47,1,0,0,0,1,0,0,0,1],8,0.17111873626708985],[[776,222.69961547851563,47,1,0,0,0,1,0,0,0,1],8,0.18725371360778809],[[776,222.69961547851563,47,1,0,0,0,1,0,0,0,1],8,0.20370244979858399],[[776,222.69961547851563,47,1,0,0,0,1,0,0,0,1],8,0.2200775146484375],[[776,222.69961547851563,47,1,0,0,0,1,0,0,0,1],8,0.23753905296325684],[[776,222.69961547851563,47,1,0,0,0,1,0,0,0,1],8,0.254378080368042],[[776,222.69961547851563,47,1,0,0,0,1,0,0,0,1],8,0.277768611907959],[[776,222.69961547851563,47,1,0,0,0,1,0,0,0,1],8,0.2941172122955322],[[776,222.69961547851563,47,1,0,0,0,1,0,0,0,1],8,0.30374670028686526],[[776,222.69961547851563,47,1,0,0,0,1,0,0,0,1],8,0.32074928283691409],[[776,222.69961547851563,47,1,0,0,0,1,0,0,0,1],8,0.3371410369873047],[[776,222.69961547851563,47,1,0,0,0,1,0,0,0,1],8,0.3542335033416748],[[776,222.69961547851563,47,1,0,0,0,1,0,0,0,1],8,0.37169766426086428],[[776,222.69961547851563,47,1,0,0,0,1,0,0,0,1],8,0.3864898681640625],[[776,222.69961547851563,47,1,0,0,0,1,0,0,0,1],8,0.4032886028289795],[[776,222.69961547851563,47,1,0,0,0,1,0,0,0,1],8,0.4210188388824463],[[776,222.69961547851563,47,1,0,0,0,1,0,0,0,1],8,0.4362514019012451],[[776,222.69961547851563,47,1,0,0,0,1,0,0,0,1],8,0.4536092281341553],[[776,222.69961547851563,47,1,0,0,0,1,0,0,0,1],8,0.4698188304901123],[[776.0000610351563,222.69961547851563,47.00001525878906,-0.992516279220581,-5.4035094620985549e-8,-0.12211219221353531,-7.4273245331824e-8,1,1.611822000313623e-7,0.12211219221353531,1.6904562016861747e-7,-0.992516279220581],8,0.49105143547058108],[[776.0000610351563,222.69961547851563,47.000003814697269,-0.9998152256011963,-7.173793648007632e-8,0.019221222028136255,-6.827264087405638e-8,1,1.8094080189712259e-7,-0.019221222028136255,1.7959509079901182e-7,-0.9998152256011963],8,0.511136531829834],[[775.8387451171875,222.69961547851563,46.98919677734375,-0.9983024597167969,-3.202522336209768e-8,0.05824287235736847,-2.5964263627997753e-8,1,1.0482027335001476e-7,-0.05824287235736847,1.0313009823903485e-7,-0.9983024597167969],8,0.5210921764373779],[[775.5097045898438,222.69961547851563,46.9671630859375,-0.9978348016738892,2.6707832390115983e-8,0.0657699704170227,2.7474174046915324e-8,1,1.074738698036981e-8,-0.0657699704170227,1.253109171983624e-8,-0.9978348016738892],8,0.544318437576294],[[775.3101196289063,222.69961547851563,46.953800201416019,-0.9977694749832153,6.241813821361575e-8,0.06675423681735993,5.9502962557189679e-8,1,-4.5658506309109728e-8,-0.06675423681735993,-4.158458821734712e-8,-0.9977694749832153],8,0.5537774562835693],[[775.0440063476563,222.69961547851563,46.935977935791019,-0.9977662563323975,5.984600193187362e-8,0.06680165976285935,5.5473872606626176e-8,1,-6.730437718260873e-8,-0.06680165976285935,-6.34482901773481e-8,-0.9977662563323975],8,0.5704107284545898],[[774.7778930664063,222.69961547851563,46.918155670166019,-0.9977654814720154,5.727428487034558e-8,0.06681321561336518,5.144738324247555e-8,1,-8.893240988072648e-8,-0.06681321561336518,-8.529632111731189e-8,-0.9977654814720154],8,0.5860509872436523],[[774.4452514648438,222.69961547851563,46.895877838134769,-0.9977654218673706,5.4061814580563808e-8,0.06681469082832337,4.64189433557749e-8,1,-1.1594153903615734e-7,-0.06681469082832337,-1.125809845348158e-7,-0.9977654218673706],8,0.6074841022491455],[[774.1791381835938,222.69961547851563,46.878055572509769,-0.9977653622627258,3.282490723677256e-8,0.06681492179632187,2.710247315462766e-8,1,-8.655251093614425e-8,-0.06681492179632187,-8.454824751424894e-8,-0.9977653622627258],8,0.6224150657653809],[[773.9795532226563,222.69961547851563,46.864688873291019,-0.9990251064300537,1.0315359233459276e-8,0.04414578527212143,8.018243846663609e-9,1,-5.221183130288409e-8,-0.04414578527212143,-5.180695694662063e-8,-0.9990251064300537],8,0.6395165920257568],[[773.6466064453125,222.69961547851563,46.84907913208008,-0.9992427825927734,-2.4229722228596985e-8,0.03890868276357651,-2.4060932801717173e-8,1,4.806361530995673e-9,-0.03890868276357651,3.866542641617343e-9,-0.9992427825927734],8,0.6648666858673096],[[773.3802490234375,222.69961547851563,46.83849334716797,-0.9992427825927734,-5.162208438491689e-8,0.038908205926418307,-4.969963640633068e-8,1,5.0377057192463329e-8,-0.038908205926418307,4.8405187413891329e-8,-0.9992427825927734],8,0.6785717010498047],[[773.1804809570313,222.69961547851563,46.83070755004883,-0.9993725419044495,-7.19816739547241e-8,0.03541898354887962,-6.903342608666208e-8,1,8.446223631608518e-8,-0.03541898354887962,8.196414569283661e-8,-0.9993725419044495],8,0.6867411136627197],[[772.9138793945313,222.69961547851563,46.82112503051758,-0.9991006851196289,-5.324782392790439e-8,0.0424002967774868,-5.0324697298265167e-8,1,7.000851098837302e-8,-0.0424002967774868,6.781176864478766e-8,-0.9991006851196289],8,0.7036054134368897],[[772.6475219726563,222.69961547851563,46.81008529663086,-0.9976469278335571,-3.571788198541981e-8,0.06856091320514679,-3.201672171826431e-8,1,5.5082370664649719e-8,-0.06856091320514679,5.2757663127067647e-8,-0.9976469278335571],8,0.7207205295562744],[[772.3814086914063,222.69961547851563,46.79283142089844,-0.9920405149459839,-1.9426050101856164e-8,0.1259191930294037,-1.4613896759385625e-8,1,3.913996948767817e-8,-0.1259191930294037,3.698826489539897e-8,-0.9920405149459839],8,0.7367424964904785],[[772.1166381835938,222.69961547851563,46.76152420043945,-0.9626272320747376,-5.400555558310316e-9,0.27082985639572146,3.8453285000628059e-10,1,2.1307537068082639e-8,-0.27082985639572146,2.0615358309328259e-8,-0.9626272320747376],8,0.7536633014678955],[[771.8583374023438,222.6996307373047,46.69645690917969,-0.927436113357544,1.0804903638472752e-8,0.37398162484169009,1.293233253818471e-8,1,3.179323915247778e-9,-0.37398162484169009,7.785073918853414e-9,-0.927436113357544],8,0.7704942226409912],[[771.5469360351563,222.69964599609376,46.57822799682617,-0.892747163772583,3.238891821411016e-8,0.45055800676345827,2.6277977127620035e-8,1,-1.9818376273406103e-8,-0.45055800676345827,-5.853046047832322e-9,-0.892747163772583],8,0.7886106967926025],[[771.3668212890625,222.69969177246095,46.49163055419922,-0.8707054853439331,4.595837310716888e-8,0.4918047785758972,3.3619553363450908e-8,1,-3.3927371134723219e-8,-0.4918047785758972,-1.3006491883515992e-8,-0.8707054853439331],8,0.8070135116577148],[[771.1336059570313,222.69969177246095,46.36237716674805,-0.8629195690155029,6.39184989381647e-8,0.5053412914276123,4.310966872367317e-8,1,-5.2871843791990616e-8,-0.5053412914276123,-2.3839053397978206e-8,-0.8629195690155029],8,0.8209755420684815],[[770.9031372070313,222.69969177246095,46.22819519042969,-0.860272228717804,8.178981403261787e-8,0.5098349452018738,5.2493788871288419e-8,1,-7.184848271890587e-8,-0.5098349452018738,-3.5046088697754388e-8,-0.860272228717804],8,0.8369457721710205],[[770.673583984375,222.69969177246095,46.09242630004883,-0.8593826293945313,9.958351654404396e-8,0.5113329887390137,6.183700662631964e-8,1,-9.082508256597066e-8,-0.5113329887390137,-4.643419870831167e-8,-0.8593826293945313],8,0.8542509078979492],[[770.4443359375,222.59922790527345,45.95613098144531,-0.8584877252578735,1.0180968246231714e-7,0.5128340721130371,6.180740541594787e-8,1,-9.5057615112637e-8,-0.5128340721130371,-4.9908855714875247e-8,-0.8584877252578735],8,0.8702163696289063],[[770.1580810546875,222.3877410888672,45.785247802734378,-0.8566898703575134,4.629688987733971e-8,0.5158317685127258,2.69700741739598e-8,1,-4.4960199119259417e-8,-0.5158317685127258,-2.4604926096571945e-8,-0.8566898703575134],8,0.8890664577484131],[[769.9290771484375,223.2608642578125,45.64849853515625,-0.8611629009246826,1.5737374736701782e-9,0.5083290338516235,-1.2216632150341412e-9,1,-5.165529337602948e-9,-0.5083290338516235,-5.069368924637274e-9,-0.8611629009246826],3,0.9082236289978027],[[769.7569580078125,223.8824920654297,45.546634674072269,-0.8430416584014893,-6.230574456367322e-8,0.5378482937812805,-3.463766162781212e-8,1,6.155035237043194e-8,-0.5378482937812805,3.325970610035256e-8,-0.8430416584014893],5,0.9279818534851074],[[769.524169921875,224.66363525390626,45.41653823852539,-0.8327594995498657,-1.4041224005723053e-7,0.5536348819732666,-5.928681900968513e-8,1,1.6444154482542218e-7,-0.5536348819732666,1.0411700657186884e-7,-0.8327594995498657],5,0.9379675388336182],[[769.2861938476563,225.39028930664063,45.29616928100586,-0.8578123450279236,-1.661475863556916e-7,0.513962984085083,-6.160683341249751e-8,1,2.2044484637717688e-7,-0.513962984085083,1.5743668768664066e-7,-0.8578123450279236],5,0.9533617496490479],[[769.0422973632813,226.06243896484376,45.188480377197269,-0.8888322710990906,-1.6061947860634974e-7,0.45823267102241518,-5.7356764671112617e-8,1,2.392647786564339e-7,-0.45823267102241518,1.863835024096261e-7,-0.8888322710990906],5,0.9705653190612793],[[768.5410766601563,227.24322509765626,45.00625228881836,-0.8579661846160889,-1.666707021286129e-7,0.5137061476707459,-4.980571333135231e-8,1,2.4126453013195717e-7,-0.5137061476707459,1.814113090858882e-7,-0.8579661846160889],5,1.002112865447998],[[768.4775390625,227.37548828125,44.98618698120117,-0.973394513130188,-1.0524455973381919e-7,0.2291356772184372,-5.163653327144857e-8,1,2.3995320930225719e-7,-0.2291356772184372,2.2173735203523393e-7,-0.973394513130188],5,1.0074381828308106],[[768.283447265625,227.75186157226563,44.93934631347656,-0.9749148488044739,-1.05356939172907e-7,0.22257813811302186,-5.3600750504756436e-8,1,2.3857137421146037e-7,-0.22257813811302186,2.206564175821768e-7,-0.9749148488044739],5,1.020326852798462],[[768.0196533203125,228.2060089111328,44.90119171142578,-0.9823971390724182,-9.679922641225858e-8,0.18680444359779359,-5.307544270749531e-8,1,2.3906315504973465e-7,-0.18680444359779359,2.249402371035103e-7,-0.9823971390724182],5,1.0373740196228028],[[767.7537231445313,228.60565185546876,44.88292694091797,-0.9919753074645996,-8.237001480893014e-8,0.12643198668956757,-5.250965884329162e-8,1,2.395100295871089e-7,-0.12643198668956757,2.309491407004316e-7,-0.9919753074645996],5,1.053870677947998],[[767.4871215820313,228.95079040527345,44.88193130493164,-0.9973640441894531,-6.943682961946252e-8,0.07255987823009491,-5.218483778435257e-8,1,2.396579361629847e-7,-0.07255987823009491,2.352396961669001e-7,-0.9973640441894531],5,1.0704643726348878],[[767.1691284179688,229.3055877685547,44.917518615722659,-0.9993290901184082,-5.352079668341503e-8,0.03662407398223877,-4.5897586176124608e-8,1,2.0898835373373004e-7,-0.03662407398223877,2.0716719006941276e-7,-0.9993290901184082],5,1.0895636081695557],[[766.9911499023438,229.4775848388672,44.9658088684082,-0.9973354935646057,-2.6776103112524653e-8,-0.0729513168334961,-4.043687340526958e-8,1,1.8578180061012973e-7,0.0729513168334961,1.8823669734047145e-7,-0.9973354935646057],5,1.1110749244689942],[[766.769775390625,229.6592254638672,45.06098937988281,-0.9956953525543213,-2.218976824508445e-8,-0.09268614649772644,-3.805734394290994e-8,1,1.6942935587849207e-7,0.09268614649772644,1.7222741632849648e-7,-0.9956953525543213],5,1.121304988861084],[[766.568115234375,229.786376953125,45.19065856933594,-0.9937875866889954,-1.971983998316773e-8,-0.11129339039325714,-3.791386049556422e-8,1,1.6136164049385116e-7,0.11129339039325714,1.6457875062769745e-7,-0.9937875866889954],5,1.1364526748657227],[[766.3870849609375,229.85902404785157,45.3542594909668,-0.9925600290298462,-2.3550269290240068e-8,-0.12175624817609787,-4.609595194438043e-8,1,1.8235391507914756e-7,0.12175624817609787,1.8660968237327325e-7,-0.9925600290298462],5,1.1543622016906739],[[766.2273559570313,229.87716674804688,45.55141830444336,-0.9920194745063782,-2.2574743852032954e-8,-0.12608471512794496,-4.610007664496152e-8,1,1.8366563381277957e-7,0.12608471512794496,1.880124074205014e-7,-0.9920194745063782],5,1.1705029010772706],[[766.084716796875,229.8408203125,45.774757385253909,-0.9917466640472412,-2.0864192151748285e-8,-0.12821273505687715,-4.3915470371302948e-8,1,1.7696237364361878e-7,0.12821273505687715,1.811323642186835e-7,-0.9917466640472412],5,1.1865324974060059],[[766.0311279296875,229.75814819335938,45.76681137084961,-0.9965523481369019,0.0010545655386522413,-0.08295971900224686,0.001055183238349855,0.999999463558197,0.00003639843998826109,0.08295971155166626,-0.00005126475662109442,-0.9965528845787048],5,1.2043883800506592],[[766.0061645507813,229.57815551757813,45.70448684692383,-0.995311439037323,0.0003578567993827164,-0.09672154486179352,0.00036867885501123965,0.9999999403953552,-0.00009401738498127088,0.09672150015830994,-0.0001292357628699392,-0.9953114986419678],5,1.2225325107574463],[[765.9900512695313,229.42929077148438,45.667572021484378,-0.9875933527946472,0.00009572067210683599,-0.15703289210796357,0.00010230871703242883,1,-0.00003387020842637867,0.15703289210796357,-0.000049515827413415539,-0.9875933527946472],5,1.2376890182495118],[[765.94970703125,229.18312072753907,45.65522003173828,-0.9912660121917725,-0.000011675290807033889,-0.13187776505947114,-0.000010839115930139087,1,-0.00000705838510839385,0.13187776505947114,-0.000005567299012909643,-0.9912660121917725],5,1.2535240650177003],[[765.8942260742188,228.8824462890625,45.67958450317383,-0.9910396337509155,-0.000016788013454061,-0.1335681825876236,-0.00001725594120216556,1,0.0000023456821054423928,0.1335681825876236,0.000004629508566722507,-0.9910396337509155],5,1.2702219486236573],[[765.8402099609375,228.5272674560547,45.676029205322269,-0.9906624555587769,-0.0000028449019282561496,-0.136337548494339,-0.000008756540410104208,1,0.000042760588257806379,0.136337548494339,0.00004355515557108447,-0.9906624555587769],5,1.2879717350006104],[[765.7777709960938,228.11758422851563,45.64796829223633,-0.9901878237724304,0.000008544964657630772,-0.13974307477474214,-0.0000018232177581012366,1,0.0000740665927878581,0.13974307477474214,0.00007359461596934125,-0.9901878237724304],5,1.3037753105163575],[[765.6948852539063,227.65341186523438,45.65712356567383,-0.9900769591331482,0.000008555874046578538,-0.14052614569664002,0.0000059583858273981608,1,0.000018904767784988509,0.14052614569664002,0.00001787986548151821,-0.9900769591331482],5,1.3205337524414063],[[765.6024780273438,227.13473510742188,45.7048454284668,-0.9900593757629395,0.0000038369767025869809,-0.14065021276474,0.000003863058736897074,1,8.758891567595129e-8,0.14065021276474,-4.5662176262339928e-7,-0.9900593757629395],5,1.33707857131958],[[765.5006103515625,226.56155395507813,45.791133880615237,-0.9964708685874939,7.31754937532969e-7,-0.08393951505422592,9.137646657109144e-7,1,-0.000002129925860572257,0.08393951505422592,-0.0000021991099856677467,-0.9964708685874939],5,1.3541405200958253],[[765.3248901367188,225.7877960205078,45.820255279541019,-0.9993154406547546,-0.0038268340285867454,0.03679733723402023,-0.004937727004289627,0.9995332956314087,-0.030146164819598199,-0.036664798855781558,-0.03030722215771675,-0.998867928981781],5,1.3719191551208497],[[765.190673828125,225.84449768066407,45.64794921875,-0.9627783894538879,-0.0004533354949671775,0.2702917456626892,-0.005621531046926975,0.9998158812522888,-0.01834697835147381,-0.2702336609363556,-0.019183525815606118,-0.9626036286354065],7,1.3869569301605225],[[764.9826049804688,226.1441192626953,45.38699722290039,-0.8000796437263489,0.011194550432264805,0.5997893214225769,0.0035303460899740459,0.9998964071273804,-0.013952953740954399,-0.5998834371566773,-0.009046010673046112,-0.8000362515449524],7,1.4038934707641602],[[764.7683715820313,226.37918090820313,45.27680206298828,-0.5123937726020813,0.007896051742136479,0.8587142825126648,-0.0016171380411833525,0.9999470710754395,-0.010159660130739212,-0.8587490916252136,-0.006594406440854073,-0.5123538970947266],7,1.4209740161895753],[[764.5775756835938,226.55795288085938,45.27886962890625,-0.3664757013320923,0.00030947287450544536,0.9304275512695313,-0.0011106390738859773,0.9999991059303284,-0.0007700704736635089,-0.9304269552230835,-0.0013155812630429865,-0.36647501587867739],8,1.4373397827148438],[[764.360107421875,227.662109375,45.273780822753909,-0.41719692945480349,-0.00467459112405777,0.9088040590286255,-0.0020159173291176559,0.9999890923500061,0.004218187183141708,-0.9088138937950134,-0.00007225908484542742,-0.41720181703567507],3,1.456615924835205],[[764.2210083007813,228.30416870117188,45.26061248779297,-0.5596293807029724,-0.0038706862833350899,0.8287339806556702,-0.0014282959746196867,0.9999921321868897,0.0037060619797557594,-0.8287417888641357,0.0008903437992557883,-0.5596305131912231],5,1.470698356628418],[[764.0048828125,229.11257934570313,45.23207473754883,-0.7416675686836243,-0.0011067837476730347,0.6707667708396912,-0.00010895964078372344,0.9999988079071045,0.0015295491321012378,-0.6707676649093628,0.0010613304330036045,-0.7416667938232422],5,1.4871482849121094],[[763.7642822265625,229.86648559570313,45.22469711303711,-0.8915998339653015,0.00014225619088392705,0.45282411575317385,0.00033500746940262616,0.9999998807907105,0.0003454684338066727,-0.45282402634620669,0.00045971907093189657,-0.8915997743606567],5,1.5041122436523438],[[763.5191650390625,230.56588745117188,45.256065368652347,-0.9632896780967712,0.00022873580746818334,0.26846396923065188,0.0002279901527799666,1,-0.0000339533289661631,-0.26846396923065188,0.00002850024975487031,-0.963289737701416],5,1.5204071998596192],[[763.2814331054688,231.21078491210938,45.32634735107422,-0.9928235411643982,0.00007954660395625979,0.11958834528923035,0.00007135023770388216,1,-0.00007281985745066777,-0.11958835273981095,-0.00006376461533363909,-0.9928235411643982],5,1.5377697944641114],[[763.0576782226563,231.8011932373047,45.4337272644043,-0.9971199631690979,0.000004830134002986597,0.07584024965763092,0.0000023544412215414924,1,-0.00003273293259553611,-0.07584024965763092,-0.00003246009873691946,-0.9971199631690979],5,1.5537683963775635],[[762.8300170898438,232.33709716796876,45.53200149536133,-0.9972354769706726,-0.000008819892173050903,0.07430637627840042,-0.000009303234037361108,1,-0.0000061585874391312249,-0.07430637627840042,-0.000006832851340732304,-0.9972354769706726],5,1.5719645023345948],[[762.5859985351563,232.81849670410157,45.59408187866211,-0.9974229335784912,-0.000005149718617758481,0.07174602150917053,-0.000005041037184128072,1,0.000001695880541774386,-0.07174602150917053,0.0000013298358680913225,-0.9974229335784912],5,1.593806266784668],[[762.3253784179688,233.2454071044922,45.621673583984378,-0.9977376461029053,-0.0000013147229083187995,0.06722746044397354,-0.0000011909019121958409,1,0.0000018818963098965469,-0.06722746044397354,0.0000017975775108425296,-0.9977376461029053],5,1.6042745113372803],[[762.0593872070313,233.61781311035157,45.639305114746097,-0.9981780648231506,5.8195794849780216e-8,0.060337282717227939,1.1010975953240632e-7,1,8.570713134758989e-7,-0.060337282717227939,8.621534561825683e-7,-0.9981780648231506],5,1.6204683780670167],[[761.7933959960938,233.9357147216797,45.65842056274414,-0.9985749125480652,1.8920272282230145e-7,0.05336847901344299,2.05981052658899e-7,1,3.08886228594929e-7,-0.05336847901344299,3.194389250893437e-7,-0.9985749125480652],5,1.6377792358398438],[[761.5274658203125,234.19911193847657,45.67938995361328,-0.9990793466567993,5.979173778314362e-8,0.042900294065475467,6.797424134674657e-8,1,1.8927421763237363e-7,-0.042900294065475467,1.920160741519794e-7,-0.9990793466567993],5,1.6536684036254883],[[761.2617797851563,234.40802001953126,45.7030029296875,-0.9995812773704529,-3.77927840133907e-8,0.028936337679624559,-3.178513452439802e-8,1,2.0807605949357822e-7,-0.028936337679624559,2.0706919201529673e-7,-0.9995812773704529],5,1.6709115505218506],[[760.9964599609375,234.5624237060547,45.73019027709961,-0.9999126195907593,-6.130423457761936e-8,0.013219325803220272,-5.825835103223653e-8,1,2.3079623190369603e-7,-0.013219325803220272,2.300059378512742e-7,-0.9999126195907593],5,1.6872918605804444],[[760.7315673828125,234.66232299804688,45.761470794677737,-0.9999820590019226,-5.609334152723022e-8,-0.005994684528559446,-5.753262755092692e-8,1,2.399213485659857e-7,0.005994684528559446,2.402619259100902e-7,-0.9999820590019226],5,1.704209566116333],[[760.4852905273438,234.7077178955078,45.74315643310547,-0.9996140003204346,1.4386166924396094e-7,-0.027783095836639406,5.796378133027247e-8,1,0.0000030925373266654789,0.027783095836639406,0.0000030897331271262375,-0.9996140003204346],5,1.720536708831787],[[760.2432861328125,234.69862365722657,45.69919967651367,-0.9978427290916443,-0.0000018381319932814222,-0.06565018743276596,1.7834564047802816e-8,1,-0.00002826995842042379,0.06565018743276596,-0.00002821014277287759,-0.9978426694869995],5,1.7378523349761963],[[760.0044555664063,234.63502502441407,45.669677734375,-0.9961705803871155,-0.000005722834430343937,-0.08743109554052353,-0.000002723931402215385,1,-0.000034419495932525027,0.08743109554052353,-0.00003404953167773783,-0.9961705803871155],5,1.753462791442871],[[759.75048828125,234.5169219970703,45.68504333496094,-0.9949727654457092,-0.0000052459517974057239,-0.100145623087883,-0.0000044863295443065,1,-0.000007810383067408111,0.100145623087883,-0.0000073218320721935019,-0.9949727654457092],5,1.7709159851074219],[[759.4453735351563,234.29266357421876,45.670127868652347,-0.9974332451820374,-0.0000037099880501045847,-0.07160239666700363,-0.0000022747817638446579,1,-0.000020125653463765049,0.07160239666700363,-0.00001991111639654264,-0.9974332451820374],5,1.7892756462097169],[[759.2689208984375,234.1172332763672,45.65127944946289,-0.9899097681045532,-0.000003479856331978226,-0.14169904589653016,-0.0000036281778648117326,1,7.883776902417594e-7,0.14169904589653016,0.0000012945321259394405,-0.9899097681045532],5,1.8044099807739258],[[759.0210571289063,233.83563232421876,45.661861419677737,-0.9930718541145325,-9.452774634155503e-7,-0.11750880628824234,-0.0000012935453241880169,1,0.0000028874935651401758,0.11750880628824234,0.0000030194914870662616,-0.9930718541145325],5,1.8201994895935059],[[758.719482421875,233.40699768066407,45.64397048950195,-0.9952104687690735,0.0000022074332264310216,-0.09775527566671372,2.6078700443576965e-7,1,0.000019926241293433124,0.09775527566671372,0.000019805311239906588,-0.9952104687690735],5,1.839343786239624],[[758.5438232421875,233.10894775390626,45.624305725097659,-0.9849669933319092,0.00001050438640959328,-0.17274250090122224,-0.000003733186304089031,1,0.00008209590305341408,0.17274250090122224,0.00008150663779815659,-0.9849669933319092],5,1.8603734970092774],[[758.2980346679688,232.66384887695313,45.6344108581543,-0.9901478290557861,0.000009465975381317549,-0.1400258094072342,0.0000058131768128077969,1,0.000026495619749766776,0.14002582430839539,0.000025420586098334753,-0.9901478290557861],5,1.8702216148376465],[[758.0452270507813,232.16424560546876,45.683631896972659,-0.9901478290557861,0.000005104666797706159,-0.14002607762813569,0.000004777216872753343,1,0.000002674614052011748,0.14002607762813569,0.000001979328317247564,-0.9901478290557861],5,1.8863608837127686],[[757.7452392578125,231.46311950683595,45.6719856262207,-0.9944159388542175,0.000008281506779894699,-0.10553182661533356,0.0000012602484957824345,1,0.00006659882637904957,0.10553182661533356,0.00006609393312828615,-0.9944159388542175],5,1.905280590057373],[[757.5082397460938,230.8408966064453,45.63203048706055,-0.9900599122047424,0.000021890249627176673,-0.14064638316631318,0.0000023230586521094667,1,0.0001392874983139336,0.14064638316631318,0.00013757623673882335,-0.9900599122047424],5,1.923499345779419],[[757.3203735351563,230.3384552001953,45.64151382446289,-0.9861185550689697,0.000023543496354250239,-0.16604258120059968,0.000014802167243033182,1,0.000053882587963016707,0.16604258120059968,0.00005067683014203794,-0.9861185550689697],5,1.9372432231903077],[[757.0658569335938,229.620849609375,45.688690185546878,-0.9932757616043091,0.000010608533557388,-0.1157725527882576,0.000010193704838457052,1,0.00000417520095652435,0.1157725527882576,0.0000029669745345017874,-0.9932757616043091],5,1.9539453983306885],[[756.8287353515625,228.8487548828125,45.697288513183597,-0.9955236911773682,0.000013376686183619313,-0.09451219439506531,0.0000016337855868187035,1,0.00012432484072633088,0.09451219439506531,0.00012361390690784901,-0.9955236911773682],5,1.9705071449279786],[[756.5919799804688,228.02215576171876,45.67856979370117,-0.9970064759254456,0.000019018712919205428,-0.07731777429580689,0.000011397988600947429,1,0.00009900496661430225,0.07731777429580689,0.00009782733104657382,-0.9970064759254456],5,1.9869434833526612],[[756.3381958007813,227.14105224609376,45.69633483886719,-0.9980857968330383,0.000014109011317486875,-0.061844516545534137,0.000012908757526020054,1,0.00001980715387617238,0.061844516545534137,0.000018970902601722629,-0.9980857968330383],5,2.0036933422088625],[[756.0774536132813,226.20545959472657,45.744224548339847,-0.998934805393219,0.000005459867224999471,-0.04614321142435074,0.000005588716248894343,1,-0.000002663359737198334,0.04614321142435074,-0.0000029184041068219814,-0.998934805393219],5,2.0203897953033449],[[755.74951171875,224.95932006835938,45.79788589477539,-0.9999877214431763,0.000006033723821019521,0.004960333462804556,0.000006401442533388035,1,0.00007411598198814318,-0.004960332997143269,0.0000741468247724697,-0.9999877214431763],5,2.0382304191589357],[[755.553466796875,224.8944549560547,45.78703308105469,-0.994060218334198,0.00020383979426696897,-0.10883132368326187,0.00017834377649705857,0.9999999403953552,0.00024400438996963203,0.10883136838674545,0.00022314570378512144,-0.994060218334198],7,2.05425763130188],[[755.2279663085938,225.2521514892578,45.78791427612305,-0.9945790767669678,-0.0014302398776635528,-0.10397321730852127,-0.0014571952633559704,0.999998927116394,0.0001832928683143109,0.10397284477949143,0.00033380839158780873,-0.994580090045929],7,2.0725033283233644],[[755.0321044921875,225.4154815673828,45.791053771972659,-0.9941614270210266,-0.001998734660446644,-0.10788452625274658,-0.0020165645983070137,0.9999979734420776,0.00005617197530227713,0.10788419842720032,0.00027340013184584677,-0.994163453578949],7,2.088972806930542],[[754.7711791992188,225.55343627929688,45.806968688964847,-0.9959441423416138,-0.00141506630461663,-0.08996269851922989,-0.001430537668056786,0.9999989867210388,0.0001074966203304939,0.08996246010065079,0.00023575568047817796,-0.995945155620575],8,2.1039958000183107],[[754.5097045898438,225.6126708984375,45.822052001953128,-0.996846079826355,-0.000719647912774235,-0.07935605943202973,-0.0007351787644438446,0.9999997019767761,0.0001664950541453436,0.07935591787099838,0.00022431084653362632,-0.9968463182449341],8,2.1210358142852785],[[754.2474365234375,225.54196166992188,45.81377029418945,-0.9969547390937805,0.0004721517616417259,-0.07798078656196594,0.0007696753018535674,0.9999925494194031,-0.0037853331305086614,0.07797841727733612,-0.0038338256999850275,-0.9969476461410523],8,2.1371328830718996],[[753.9843139648438,225.41751098632813,45.80522537231445,-0.996788740158081,0.0015731309540569783,-0.08006055653095246,0.002242591930553317,0.9999632835388184,-0.008272703737020493,0.08004459738731384,-0.008425681851804257,-0.9967556595802307],8,2.153655529022217],[[753.72119140625,225.3495330810547,45.80259704589844,-0.9967432618141174,0.002336920704692602,-0.08060681074857712,0.0033109704963862898,0.9999231100082398,-0.011952419765293599,0.08057267963886261,-0.012180379591882229,-0.9966742992401123],8,2.1697380542755129],[[753.4585571289063,225.3657684326172,45.80466079711914,-0.996765673160553,0.002595387166365981,-0.08032108843326569,0.0037842278834432365,0.9998854994773865,-0.014652421697974205,0.08027385920286179,-0.014908984303474427,-0.996661365032196],8,2.18683123588562],[[753.1961669921875,225.38275146484376,45.81185531616211,-0.9968255758285523,0.0027282964438199999,-0.07956948131322861,0.004013607744127512,0.9998639822006226,-0.015997860580682756,0.0795150175690651,-0.016266437247395517,-0.9967009425163269],8,2.2042555809020998],[[752.93408203125,225.39334106445313,45.818443298339847,-0.9968886375427246,0.002865555929020047,-0.0787704586982727,0.004192093852907419,0.9998520612716675,-0.016680346801877023,0.07871100306510925,-0.016958661377429963,-0.9967532157897949],8,2.220301866531372],[[752.6719360351563,225.39939880371095,45.824501037597659,-0.9968949556350708,0.0030350089073181154,-0.07868454605340958,0.004417640157043934,0.9998387694358826,-0.01740371249616146,0.07861904054880142,-0.017697272822260858,-0.996747612953186],8,2.2371103763580324],[[752.40966796875,225.4027862548828,45.82987976074219,-0.9968994855880737,0.0031739985570311548,-0.0786215215921402,0.004586272872984409,0.9998312592506409,-0.01778889261186123,0.07855179160833359,-0.018094317987561227,-0.9967458248138428],8,2.253129720687866],[[752.1475219726563,225.40469360351563,45.833396911621097,-0.9969099760055542,0.0032309899106621744,-0.07848606258630753,0.004630152601748705,0.9998334646224976,-0.017651457339525224,0.07841596752405167,-0.017960315570235254,-0.9967589378356934],8,2.270777940750122],[[751.8853759765625,225.40574645996095,45.836669921875,-0.9969124794006348,0.0032147765159606935,-0.07845515012741089,0.004602094646543264,0.9998361468315125,-0.017508545890450479,0.07838600873947144,-0.017815545201301576,-0.9967638850212097],8,2.2865302562713625],[[751.6232299804688,225.40634155273438,45.8396110534668,-0.9969148635864258,0.0031834905967116358,-0.07842568308115006,0.004557705484330654,0.9998390674591065,-0.01734974980354309,0.07835783064365387,-0.01765366457402706,-0.9967689514160156],8,2.303553581237793],[[751.3609619140625,225.40667724609376,45.8424186706543,-0.9969165921211243,0.003153402591124177,-0.0784047544002533,0.004514012951403856,0.9998421669006348,-0.017182499170303346,0.07833819836378098,-0.017483439296483995,-0.9967735409736633],8,2.3202626705169679],[[751.0986938476563,225.4068603515625,45.844688415527347,-0.996920108795166,0.003122940193861723,-0.07836189866065979,0.004468228667974472,0.999845564365387,-0.01699817180633545,0.0782967135310173,-0.0172959566116333,-0.9967800378799439],8,2.3369522094726564],[[750.8363647460938,225.40695190429688,45.84981155395508,-0.9971765279769898,0.0031235951464623214,-0.0750279352068901,0.004402043763548136,0.9998478293418884,-0.016880309209227563,0.07496379315853119,-0.017162924632430078,-0.9970385432243347],8,2.3536875247955324],[[750.5739135742188,225.40701293945313,45.8572998046875,-0.9976373910903931,0.003145188093185425,-0.06862752139568329,0.00430951127782464,0.9998492002487183,-0.016824383288621904,0.06856425851583481,-0.017080385237932206,-0.997500479221344],8,2.370969295501709],[[750.3109741210938,225.4070281982422,45.867034912109378,-0.9982348084449768,0.003188575617969036,-0.05930497497320175,0.0041937632486224178,0.9998494982719421,-0.016832731664180757,0.059242378920316699,-0.017051730304956437,-0.9980979561805725],8,2.3868448734283449],[[750.047607421875,225.4070281982422,45.87606430053711,-0.9987407922744751,0.003171739634126425,-0.0500677265226841,0.0040057445876300339,0.9998547434806824,-0.016565989702939988,0.05000791326165199,-0.016745688393712045,-0.998608410358429],8,2.404557704925537],[[749.7849731445313,225.40704345703126,45.88020324707031,-0.9990363121032715,0.002971372799947858,-0.043790385127067569,0.003650188446044922,0.9998742938041687,-0.015429681167006493,0.04373903200030327,-0.015574654564261437,-0.9989215731620789],8,2.4202098846435549],[[749.5231323242188,225.40704345703126,45.879661560058597,-0.9992053508758545,0.0027791119646281006,-0.03976079821586609,0.0033517503179609777,0.9998915195465088,-0.014342676848173142,0.03971662372350693,-0.014464547857642174,-0.9991062879562378],8,2.437046766281128],[[749.2603759765625,225.40704345703126,45.87895584106445,-0.9996310472488403,0.0025751320645213129,-0.02703995816409588,0.0029253896791487934,0.9999122023582459,-0.012921780347824097,0.027004310861229898,-0.012996114790439606,-0.9995508193969727],8,2.4539504051208498],[[748.929443359375,225.40370178222657,45.876956939697269,-0.9998874068260193,0.0015502613969147206,-0.01492497231811285,0.0016641280381008983,0.9999696016311646,-0.007619874551892281,0.014912704937160015,-0.007643853779882193,-0.9998595714569092],8,2.4716081619262697],[[748.7307739257813,225.4713134765625,45.87346267700195,-0.9999449849128723,0.0013062075013294817,-0.010406090877950192,0.0013744169846177102,0.9999775886535645,-0.006550302729010582,0.01039730105549097,-0.006564244627952576,-0.9999244213104248],8,2.4872028827667238],[[748.3995361328125,226.5755157470703,45.872657775878909,-0.9999716281890869,0.0008164597675204277,-0.007486800197511911,0.0008530924096703529,0.9999876618385315,-0.004891079384833574,0.007482714951038361,-0.0048973276279866699,-0.9999600052833557],3,2.505791187286377],[[748.2008056640625,227.238037109375,45.87217330932617,-0.999977171421051,0.0005160803557373583,-0.006741521880030632,0.0005423501133918762,0.9999922513961792,-0.0038954634219408037,0.006739459466189146,-0.003899030853062868,-0.9999696612358093],3,2.527529001235962],[[747.874267578125,228.27210998535157,45.807411193847659,-0.997575044631958,0.004973781760782003,0.06942106038331986,0.004755029920488596,0.9999831914901733,-0.00331598287448287,-0.06943638622760773,-0.002977842465043068,-0.997581958770752],5,2.538041591644287],[[747.6788330078125,228.84039306640626,45.76553726196289,-0.9970716238021851,0.004655653610825539,0.07633160799741745,0.004465362057089806,0.999986469745636,-0.0026634428650140764,-0.07634297758340836,-0.0023147950414568187,-0.9970789551734924],5,2.5541586875915529],[[747.4136962890625,229.55043029785157,45.744361877441409,-0.9915276169776917,0.0016937250038608909,0.1298852264881134,0.0015600334154441953,0.999998152256012,-0.0011310421396046877,-0.12988689541816712,-0.0009188342373818159,-0.9915283918380737],5,2.571279287338257],[[747.146728515625,230.20596313476563,45.74306106567383,-0.9909148216247559,0.00017759649199433625,0.1344909816980362,0.00014279359311331064,0.9999999403953552,-0.00026842087390832603,-0.13449102640151978,-0.00024677778128534555,-0.9909147620201111],5,2.58685564994812],[[746.8800048828125,230.80699157714845,45.74248504638672,-0.990842342376709,-0.00012961878383066505,0.13502374291419984,-0.0001286189944949001,1,0.00001612780397408642,-0.13502374291419984,-0.000001386508415635035,-0.990842342376709],5,2.6040852069854738],[[746.6134033203125,231.35353088378907,45.741859436035159,-0.9908345937728882,-0.00008050257747527212,0.13508084416389466,-0.000074511714046821,1,0.0000494059277116321,-0.13508084416389466,0.00003888799619744532,-0.9908345937728882],5,2.621284246444702],[[746.3467407226563,231.84556579589845,45.7412223815918,-0.9912992715835571,-0.000019608050934039057,0.1316273957490921,-0.000016476256860187278,1,0.00002488197605998721,-0.1316273957490921,0.00002249675708299037,-0.9912992715835571],5,2.637850284576416],[[746.080078125,232.28309631347657,45.74137878417969,-0.9919751882553101,0.0000017176367919091718,0.12643270194530488,0.0000025336482849525057,1,0.000006293304068094585,-0.12643270194530488,0.000006563137503690086,-0.9919751882553101],5,2.6535186767578127],[[745.8134155273438,232.66612243652345,45.742862701416019,-0.9926245808601379,0.000003423113412281964,0.12122899293899536,0.000003430092192502343,1,-1.511172769141922e-7,-0.12122899293899536,2.6582389978102585e-7,-0.9926245808601379],5,2.671410083770752],[[745.5467529296875,232.99465942382813,45.74574279785156,-0.9930422902107239,0.0000013225212569523138,0.11775851994752884,0.000001231486407959892,1,-8.458255251753144e-7,-0.11775851994752884,-6.949224484742445e-7,-0.9930422902107239],5,2.6878700256347658],[[745.2800903320313,233.26869201660157,45.74962615966797,-0.9938406348228455,9.688449864597715e-8,0.11081880331039429,6.758784820704023e-8,1,-2.6812185183189288e-7,-0.11081880331039429,-2.5898040689753545e-7,-0.9938406348228455],5,2.7037675380706789],[[745.013427734375,233.48822021484376,45.755245208740237,-0.9945908188819885,-1.915843625965863e-7,0.10387036204338074,-1.7854300438102656e-7,1,1.3485198735452287e-7,-0.10387036204338074,1.1557722245925106e-7,-0.9945908188819885],5,2.721067190170288],[[744.7467651367188,233.6532440185547,45.762718200683597,-0.9954600930213928,-1.5519066209890298e-7,0.09518016129732132,-1.310995401127002e-7,1,2.5936395786629875e-7,-0.09518016129732132,2.4570837808823855e-7,-0.9954600930213928],5,2.73783802986145],[[744.480224609375,233.76377868652345,45.772457122802737,-0.9959447979927063,-9.565716396764401e-8,0.08996619284152985,-7.211367147874626e-8,1,2.6494316784919649e-7,-0.08996619284152985,2.573810036210489e-7,-0.9959447979927063],5,2.7537968158721926],[[744.2138061523438,233.81980895996095,45.783721923828128,-0.9961009621620178,-7.173645855118593e-8,0.08822046220302582,-4.989719570858142e-8,1,2.497585569471994e-7,-0.08822046220302582,2.443827895604045e-7,-0.9961009621620178],5,2.7710390090942385],[[743.9473876953125,233.8213348388672,45.79559326171875,-0.9961009621620178,-6.854041600945493e-8,0.08822061866521836,-4.744106973930684e-8,1,2.412624553471687e-7,-0.08822061866521836,2.3613647215370293e-7,-0.9961009621620178],5,2.7874274253845217],[[743.6809692382813,233.76837158203126,45.80753707885742,-0.996253252029419,-6.995069412596422e-8,0.08648413419723511,-4.94530496553125e-8,1,2.391529676515347e-7,-0.08648413419723511,2.3398001758323518e-7,-0.996253252029419],5,2.804561138153076],[[743.41455078125,233.66090393066407,45.819881439208987,-0.9962531924247742,-7.129388279736304e-8,0.08648429065942764,-5.078670284319742e-8,1,2.3932054205033639e-7,-0.08648429065942764,2.3403161719670607e-7,-0.9962531924247742],5,2.8196797370910646],[[743.1481323242188,233.49893188476563,45.8322868347168,-0.9962531924247742,-7.169767712866815e-8,0.08648447692394257,-5.1158476566115499e-8,1,2.3970639517756356e-7,-0.08648447692394257,2.3438384744167707e-7,-0.9962531924247742],5,2.8369932174682619],[[742.8777465820313,233.28585815429688,45.808536529541019,-0.998220682144165,-0.0017500916728749872,0.059602040797472,-0.0017695763381198049,0.9999983906745911,-0.00027413215138949454,-0.05960146337747574,-0.0003791151975747198,-0.9982221722602844],5,2.8532023429870607],[[742.60009765625,233.0284423828125,45.73540496826172,-0.9985480308532715,-0.0025373464450240137,0.05380922928452492,-0.0025385681074112655,0.9999967813491821,0.00004564685150398873,-0.05380917340517044,-0.00009101782052312046,-0.9985512495040894],5,2.870595693588257],[[742.328125,232.71652221679688,45.70161437988281,-0.9965731501579285,-0.0009932267712429166,0.08270996063947678,-0.0009803993161767722,0.9999995231628418,0.00019570310541894287,-0.08271011710166931,0.00011394366447348148,-0.9965736269950867],5,2.8870368003845217],[[741.994140625,232.25,45.707088470458987,-0.9928747415542603,-0.00007378818554570898,0.11916285008192063,-0.00006400120764737949,1,0.00008595804683864117,-0.11916285008192063,0.00007771899981889874,-0.9928747415542603],5,2.905214309692383],[[741.7943725585938,231.92919921875,45.71628952026367,-0.9985826015472412,0.00004839141183765605,0.05322408303618431,0.0000499969937663991,1,0.000028835029297624716,-0.05322407931089401,0.00003145520167890936,-0.9985826015472412],5,2.9206128120422365],[[741.5279541015625,231.4537811279297,45.72868347167969,-0.9962537288665772,0.000042943996959365907,0.08647823333740235,0.000042727453546831387,1,-0.000004355006240075454,-0.08647823333740235,-6.43696523638936