[[[776,222.69961547851563,47,1,3.862725961312208e-8,1.2443884356110047e-13,-3.862725961312208e-8,1,5.326280927420157e-8,-1.2238144796606482e-13,-5.326280927420157e-8,1],8,0.009439468383789063],[[776,222.69961547851563,47,1,5.661777535692636e-8,1.2579119603589595e-13,-5.661777535692636e-8,1,7.806976753954587e-8,-1.2137106640899843e-13,-7.806976753954587e-8,1],8,0.03734898567199707],[[776,222.69961547851563,47,1,5.830376537119264e-8,1.2616382277005207e-13,-5.830376537119264e-8,1,8.03945638949699e-8,-1.2147650507027264e-13,-8.03945638949699e-8,1],8,0.046102046966552737],[[776,222.69961547851563,47,1,4.65120031378774e-8,1.2544633842988263e-13,-4.65120031378774e-8,1,6.41350013097508e-8,-1.2246329167756032e-13,-6.41350013097508e-8,1],8,0.054368019104003909],[[776,222.69961547851563,47,1,2.2943597244307058e-8,1.2460559385522874e-13,-2.2943597244307058e-8,1,3.163670925232509e-8,-1.2387973405327685e-13,-3.163670925232509e-8,1],8,0.06796503067016602],[[776,222.69961547851563,47,1,1.1166945590446176e-8,1.244746764429011e-13,-1.1166945590446176e-8,1,1.5397972674691119e-8,-1.2430273553087207e-13,-1.5397972674691119e-8,1],8,0.07969903945922852],[[776,222.69961547851563,47,1,-6.488596770992672e-9,1.246371034808666e-13,6.488596770992672e-9,1,-8.947123930624912e-9,-1.2457904445453e-13,8.947123930624912e-9,1],8,0.09200692176818848],[[776,222.69961547851563,47,1,-2.413282373936454e-8,1.2522884747408204e-13,2.413282373936454e-8,1,-3.327662412289101e-8,-1.2442577892492202e-13,3.327662412289101e-8,1],8,0.10306334495544434],[[776,222.69961547851563,47,1,-4.1765741087829159e-8,1.2624895974564649e-13,4.1765741087829159e-8,1,-5.759053323117769e-8,-1.2384364367346024e-13,5.759053323117769e-8,1],8,0.11510944366455078],[[776,222.69961547851563,47,1,-5.938735725408151e-8,1.2769660003887629e-13,5.938735725408151e-8,1,-8.188886368998283e-8,-1.2283343829924687e-13,8.188886368998283e-8,1],8,0.12655210494995118],[[776,222.69961547851563,47,1,-4.7236330402711249e-8,1.2709450191491362e-13,4.7236330402711249e-8,1,-6.5133875182255e-8,-1.2401782075247004e-13,6.5133875182255e-8,1],8,0.1489408016204834],[[776,222.69961547851563,47,1,-3.3729648407643256e-8,1.2647393169643723e-13,3.3729648407643256e-8,1,-4.650958018714846e-8,-1.2490517246801364e-13,4.650958018714846e-8,1],8,0.15992021560668946],[[776,222.69961547851563,47,1,-2.4730002934347796e-8,1.2619756856267068e-13,2.4730002934347796e-8,1,-3.410001170323085e-8,-1.2535427611291145e-13,3.410001170323085e-8,1],8,0.17113924026489259],[[776,222.69961547851563,47,1,-1.1237744956815732e-8,1.259915430448441e-13,1.1237744956815732e-8,1,-1.5495603022941397e-8,-1.2581740662341579e-13,1.5495603022941397e-8,1],8,0.18247389793395997],[[776,222.69961547851563,47,1,2.2458663817559456e-9,1.2603607664907896e-13,-2.2458663817559456e-9,1,3.096887413178706e-9,-1.260291242026479e-13,-3.096887413178706e-9,1],8,0.1938319206237793],[[776,222.69961547851563,47,1,1.572083618839315e-8,1.2633089832483208e-13,-1.572083618839315e-8,1,2.167746337988774e-8,-1.2599012002949273e-13,-2.167746337988774e-8,1],8,0.20871734619140626],[[776,222.69961547851563,47,1,2.9187168237854168e-8,1.2687557439123449e-13,-2.9187168237854168e-8,1,4.024613176056846e-8,-1.2570090909998222e-13,-4.024613176056846e-8,1],8,0.22180771827697755],[[776,222.69961547851563,47,1,5.1611880991231376e-8,1.283373093127066e-13,-5.1611880991231376e-8,1,7.116748435009868e-8,-1.2466420853517874e-13,-7.116748435009868e-8,1],8,0.24154424667358399],[[776,222.69961547851563,47,1,6.953440845336445e-8,1.3000395844477847e-13,-6.953440845336445e-8,1,9.588079308286979e-8,-1.2333694178814914e-13,-9.588079308286979e-8,1],8,0.2753865718841553],[[775.5789794921875,222.69961547851563,46.94415283203125,0.9500630497932434,2.8993294876045185e-8,0.31205806136131289,-3.732704811909571e-8,1,2.0732528582811939e-8,-0.31205806136131289,-3.134541515237288e-8,0.9500630497932434],8,0.306598424911499],[[775.1814575195313,222.69961547851563,46.900943756103519,0.8478018045425415,7.1205872309576538e-9,0.5303131341934204,2.4434945178342106e-9,1,-1.7333505297756348e-8,-0.5303131341934204,1.599119592299303e-8,0.8478018045425415],8,0.3272123336791992],[[774.9158325195313,222.69961547851563,46.877559661865237,0.7699345946311951,-4.7783856871319589e-9,0.6381227970123291,3.345412835642492e-8,1,-3.2876283029281697e-8,-0.6381227970123291,4.666042840995033e-8,0.7699345946311951],8,0.3334493637084961],[[774.7164306640625,222.69961547851563,46.86260223388672,0.7122080326080322,-1.276543493133886e-8,0.7019684910774231,5.769247479747719e-8,1,-4.0348830054881549e-8,-0.7019684910774231,6.923505679878872e-8,0.7122080326080322],8,0.34777021408081057],[[774.3172607421875,222.69961547851563,46.83549118041992,0.5993602275848389,-2.70888502740263e-8,0.8004794120788574,1.0708802022918462e-7,1,-4.634154748828223e-8,-0.8004794120788574,1.1349703754603979e-7,0.5993602275848389],8,0.369387149810791],[[774.1842041015625,222.69961547851563,46.82756805419922,0.5640118718147278,-2.70580482464311e-8,0.8257666826248169,1.0639002567813805e-7,1,-3.989891439459825e-8,-0.8257666826248169,1.1035680103077539e-7,0.5640118718147278],8,0.3785257339477539],[[773.9178466796875,222.69961547851563,46.814762115478519,0.4987630546092987,-1.855320164168006e-8,0.8667383790016174,6.909252192599524e-8,1,-1.835340235345484e-8,-0.8667383790016174,6.903913885025759e-8,0.4987630546092987],8,0.394542932510376],[[773.6514892578125,222.69961547851563,46.80241775512695,0.4396277964115143,-1.0694565233393405e-8,0.8981800675392151,3.003249915423112e-8,1,-2.7929318857644604e-9,-0.8981800675392151,2.820244127121896e-8,0.4396277964115143],8,0.4112849235534668],[[773.518310546875,222.69961547851563,46.7962532043457,0.4128395617008209,-6.955556131060803e-9,0.9108037352561951,1.009030636822672e-8,1,3.0630953329335854e-9,-0.9108037352561951,7.925721412505027e-9,0.4128395617008209],8,0.42053842544555666],[[773.3185424804688,222.69961547851563,46.78700637817383,0.3760918080806732,-1.5363158523129528e-9,0.926582396030426,-2.0132624456437044e-8,1,9.829704161745667e-9,-0.926582396030426,-2.2351407835685678e-8,0.3760918080806732],8,0.4330160617828369],[[773.1187744140625,222.69961547851563,46.77775955200195,0.3426671326160431,3.6914387102626735e-9,0.9394568800926209,-5.05806774242501e-8,1,1.4519981661464954e-8,-0.9394568800926209,-5.2493884794557746e-8,0.3426671326160431],8,0.4463958740234375],[[772.9190063476563,222.69961547851563,46.76879119873047,0.3122837245464325,8.759139191738541e-9,0.9499889016151428,-8.113789107255798e-8,1,1.7451680989211128e-8,-0.9499889016151428,-8.252997218960445e-8,0.3122837245464325],8,0.4584784507751465],[[772.6526489257813,222.69961547851563,46.75731658935547,0.2757398188114166,1.297957474832856e-8,0.9612323045730591,-1.0415401163754723e-7,1,1.6374645639416486e-8,-0.9612323045730591,-1.0463134003657615e-7,0.2757398188114166],8,0.47281575202941897],[[772.452880859375,222.69961547851563,46.74876403808594,0.25139012932777407,1.0905349512313478e-8,0.9678858518600464,-8.126680484110693e-8,1,9.840340098321576e-9,-0.9678858518600464,-8.113075722349095e-8,0.25139012932777407],8,0.4852287769317627],[[772.3197021484375,222.69961547851563,46.743408203125,0.23660697042942048,9.567792780273976e-9,0.9716054201126099,-6.590450141175097e-8,1,6.201770208491553e-9,-0.9716054201126099,-6.5500550761044e-8,0.23660697042942048],8,0.4968690872192383],[[772.1197509765625,222.69961547851563,46.73751449584961,0.21550151705741883,7.621615338848642e-9,0.9765034914016724,-4.275586817925614e-8,1,1.6306559436074509e-9,-0.9765034914016724,-4.21026626895582e-8,0.21550151705741883],8,0.5098206996917725],[[771.8531494140625,222.69961547851563,46.73503875732422,0.187812939286232,5.131434388516709e-9,0.982204794883728,-1.1751692063910469e-8,1,-2.9772941889660844e-9,-0.982204794883728,-1.0983393750052528e-8,0.187812939286232],8,0.5244529247283936],[[771.6531982421875,222.69961547851563,46.73634719848633,0.16780877113342286,3.337853549112424e-9,0.9858195781707764,1.1570655544801412e-8,1,-5.355451637711894e-9,-0.9858195781707764,1.2305270580270644e-8,0.16780877113342286],8,0.5356521606445313],[[771.5198974609375,222.69961547851563,46.73760223388672,0.15539446473121644,2.1746187073290459e-9,0.9878525137901306,2.7134619884350287e-8,1,-6.469778490725275e-9,-0.9878525137901306,2.7810369118697055e-8,0.15539446473121644],8,0.5464072227478027],[[771.2532958984375,222.69961547851563,46.74016189575195,0.13271982967853547,-8.283294883337789e-11,0.9911535978317261,5.827011406722704e-8,1,-7.719051176025005e-9,-0.9911535978317261,5.877910425056143e-8,0.13271982967853547],8,0.5608839988708496],[[771.1199951171875,222.69961547851563,46.7414436340332,0.12251617759466171,-1.1800609378553873e-9,0.9924665093421936,7.38308045811209e-8,1,-7.925110345752273e-9,-0.9924665093421936,7.424555548141143e-8,0.12251617759466171],8,0.5715937614440918],[[770.9200439453125,222.69961547851563,46.74336624145508,0.10866662114858628,-2.791593844975182e-9,0.9940782785415649,9.715273563415394e-8,1,-7.811924440659368e-9,-0.9940782785415649,9.742631590370365e-8,0.10866662114858628],8,0.5848016738891602],[[770.6534423828125,222.69961547851563,46.74592971801758,0.09222918748855591,-4.1406265083310249e-9,0.9957377910614014,1.1034499891593441e-7,1,-6.0622418196487619e-9,-0.9957377910614014,1.1043380254704971e-7,0.09222918748855591],8,0.5982766151428223],[[770.4534912109375,222.69961547851563,46.74785232543945,0.08138373494148255,-3.4917597702133209e-9,0.9966828227043152,8.001471485385992e-8,1,-3.0301885445283007e-9,-0.9966828227043152,7.999589968221699e-8,0.08138373494148255],8,0.6118738651275635],[[770.2535400390625,222.67919921875,46.74977493286133,0.07108336687088013,-2.8811319996435715e-9,0.9974703788757324,4.966798172745257e-8,1,-6.510827432748556e-10,-0.9974703788757324,4.9588621209295528e-8,0.07108336687088013],8,0.6240565776824951],[[770.0535888671875,222.62811279296876,46.7516975402832,0.0608854703605175,-2.3074244737131268e-9,0.9981447458267212,1.9314789767577169e-8,1,1.13353704200847e-9,-0.9981447458267212,1.9209940305131569e-8,0.0608854703605175],8,0.6355562210083008],[[769.7203369140625,222.474853515625,46.75490188598633,0.043914489448070529,-1.4321348551504798e-9,0.9990352988243103,-3.1269191680394218e-8,1,2.808014043509388e-9,-0.9990352988243103,-3.1362336727625009e-8,0.043914489448070529],8,0.655125617980957],[[769.5203857421875,223.12713623046876,46.7568244934082,0.03373265266418457,-9.551027746468322e-10,0.9994308948516846,-6.160581023095802e-8,1,3.0349571744636707e-9,-0.9994308948516846,-6.167312704974393e-8,0.03373265266418457],3,0.672914981842041],[[769.3204345703125,223.74876403808595,46.75874710083008,0.02721373736858368,-5.084365706231608e-10,0.9996296167373657,-9.191396088681359e-8,1,3.0108739945688969e-9,-0.9996296167373657,-9.196185857263117e-8,0.02721373736858368],5,0.6959130764007568],[[768.9205322265625,224.90003967285157,46.76259231567383,0.01904011145234108,3.3332794857621197e-10,0.999818742275238,-1.5245726103785274e-7,1,2.5699411487778436e-9,-0.999818742275238,-1.5247856310907083e-7,0.01904011145234108],5,0.706794023513794],[[768.7205810546875,225.42970275878907,46.76622009277344,0.01518781203776598,4.887407700771007e-10,0.9998846650123596,-1.3040295243627043e-7,1,1.4919667723489738e-9,-0.9998846650123596,-1.3041056945439778e-7,0.01518781203776598],5,0.7303597927093506],[[768.4539794921875,226.08822631835938,46.77156066894531,0.010339419357478619,7.106253918642835e-10,0.9999465346336365,-1.0101237535309338e-7,1,3.3380173625197076e-10,-0.9999465346336365,-1.0101042846599739e-7,0.010339419357478619],5,0.7370302677154541],[[768.3206787109375,226.3970489501953,46.774757385253909,0.007961401715874672,8.275644614030853e-10,0.9999682903289795,-8.63242846094181e-8,1,-1.403066274274778e-10,-0.9999682903289795,-8.632043346779028e-8,0.007961401715874672],5,0.7467896938323975],[[768.1207275390625,226.83473205566407,46.78007888793945,0.004434418864548206,1.0103615721845927e-9,0.9999901652336121,-6.430174437355163e-8,1,-7.252277667291196e-10,-0.9999901652336121,-6.429790033735117e-8,0.004434418864548206],5,0.7594459056854248],[[767.9207763671875,227.24176025390626,46.78577423095703,0.0010378950973972679,1.2018113171308187e-9,0.999999463558197,-4.2291382840176087e-8,1,-1.1579179837184484e-9,-0.999999463558197,-4.22901571539569e-8,0.0010378950973972679],5,0.7724485397338867],[[767.5875244140625,227.85202026367188,46.79538345336914,-0.03182404488325119,1.939393645677967e-10,0.9994934797286987,-5.6423044014763949e-9,1,-3.736895792805228e-10,-0.9994934797286987,-5.651338508272374e-9,-0.03182404488325119],5,0.7921626567840576],[[767.3875732421875,228.17730712890626,46.80143356323242,-0.030601250007748605,3.9951941754878819e-10,0.9995316863059998,1.6328195684423009e-8,1,1.001907376507738e-10,-0.9995316863059998,1.6323616236491035e-8,-0.030601250007748605],5,0.8154873847961426],[[767.0543212890625,228.65130615234376,46.81161880493164,-0.03364453837275505,7.860244677360129e-10,0.9994338750839233,5.291175853017194e-8,1,9.947305201762902e-10,-0.9994338750839233,5.291527216400027e-8,-0.03364453837275505],5,0.8253021240234375],[[766.9210205078125,228.8170623779297,46.816043853759769,-0.03396926820278168,9.398517519798589e-10,0.9994228482246399,6.753413828164412e-8,1,1.3550154331909426e-9,-0.9994228482246399,6.754118686558286e-8,-0.03396926820278168],5,0.8333008289337158],[[766.7210693359375,229.0401611328125,46.822837829589847,-0.035664305090904239,1.261196591606506e-9,0.9993638396263123,8.945504959001483e-8,1,1.9303838527662266e-9,-0.9993638396263123,8.946698670797559e-8,-0.035664305090904239],5,0.8446457386016846],[[766.5211181640625,229.23260498046876,46.829933166503909,-0.03575441613793373,1.4708798623530584e-9,0.9993606209754944,1.113617216219609e-7,1,2.512399621679151e-9,-0.9993606209754944,1.1138034494706517e-7,-0.03575441613793373],5,0.8576099872589111],[[766.3211669921875,229.39437866210938,46.837093353271487,-0.03580305352807045,1.6736372288050916e-9,0.9993588924407959,1.3325421832632856e-7,1,3.0992577393362809e-9,-0.9993588924407959,1.3327974102139707e-7,-0.03580305352807045],5,0.8689744472503662],[[766.1212158203125,229.52549743652345,46.84425735473633,-0.03581247478723526,1.871068411318788e-9,0.9993585348129273,1.5513265338995553e-7,1,3.6869807207295936e-9,-0.9993585348129273,1.5516518203639863e-7,-0.03581247478723526],5,0.881502628326416],[[765.9879150390625,229.59588623046876,46.84903335571289,-0.03244868665933609,1.4600193276592677e-9,0.9994733929634094,1.6971127081433225e-7,1,4.049021118390783e-9,-0.9994733929634094,1.697532923117251e-7,-0.03244868665933609],5,0.8935263156890869],[[765.7879638671875,229.67591857910157,46.855628967285159,-0.030772894620895387,9.587824978396498e-10,0.9995263814926148,1.3827288114498516e-7,1,3.29783644836823e-9,-0.9995263814926148,1.3830887723997876e-7,-0.030772894620895387],5,0.9041097164154053],[[765.5213623046875,229.7349395751953,46.86385726928711,-0.02431291714310646,-2.810592036883719e-10,0.9997044205665588,9.637916065230456e-8,1,2.6250939200167524e-9,-0.9997044205665588,9.641449594255391e-8,-0.02431291714310646],5,0.919635534286499],[[765.3214111328125,229.74343872070313,46.86884307861328,-0.014009826816618443,-1.5485411841709152e-9,0.9999018311500549,6.49779536843198e-8,1,2.4591124692108225e-9,-0.9999018311500549,6.500602722780968e-8,-0.014009826816618443],5,0.9431264400482178],[[764.9881591796875,229.68948364257813,46.8736457824707,-0.004345697816461325,-2.608366189704725e-9,0.9999905824661255,1.2686550476814773e-8,1,2.6635231797911276e-9,-0.9999905824661255,1.2698006202072066e-8,-0.004345697816461325],5,0.9510171413421631],[[764.7882080078125,229.61624145507813,46.87457275390625,0.006799719762057066,-2.9601174844628987e-9,0.9999768733978272,-1.8658726119724635e-8,1,3.087063049633798e-9,-0.9999768733978272,-1.867928745014069e-8,0.006799719762057066],5,0.9642741680145264],[[764.5882568359375,229.5123291015625,46.87342071533203,0.0074543459340929989,-3.1403546429942254e-9,0.9999722242355347,-4.998184266469252e-8,1,3.513034085855793e-9,-0.9999722242355347,-5.000664415888423e-8,0.0074543459340929989],5,0.980766773223877],[[764.3216552734375,229.3260955810547,46.8713493347168,-0.00016960466746240854,-3.822908656303525e-9,1,-9.17136944167396e-8,1,3.807353543550107e-9,-1,-9.171304782285006e-8,-0.00016960466746240854],5,1.0038211345672608],[[764.0550537109375,229.0853729248047,46.87124252319336,-0.000579528626985848,-4.15103640349912e-9,0.9999998211860657,-1.3341153248802585e-7,1,4.073721360242644e-9,-0.9999998211860657,-1.334091450644337e-7,-0.000579528626985848],5,1.0108730792999268],[[763.9217529296875,228.944580078125,46.87135314941406,-0.0008613110985606909,-4.322927793509734e-9,0.9999996423721314,-1.5424760135829275e-7,1,4.19007406549099e-9,-0.9999996423721314,-1.5424393495777623e-7,-0.0008613110985606909],5,1.0216963291168213],[[763.7218017578125,228.70782470703126,46.871524810791019,-0.0008769024279899895,-3.3147580236203568e-9,0.9999996423721314,-1.3230663853391889e-7,1,3.198739273457818e-9,-0.9999996423721314,-1.3230378215212114e-7,-0.0008769024279899895],5,1.0328927040100098],[[763.5218505859375,228.44041442871095,46.871707916259769,-0.0008859136723913252,-2.304633595073824e-9,0.9999995827674866,-1.103797586665678e-7,1,2.2068475935554945e-9,-0.9999995827674866,-1.1037776204148031e-7,-0.0008859136723913252],5,1.0461747646331788],[[763.3218994140625,228.14234924316407,46.871891021728519,-0.000887843722011894,-1.293941176427893e-9,0.9999995827674866,-8.846695465081211e-8,1,1.2153968942385518e-9,-0.9999995827674866,-8.846583909871697e-8,-0.000887843722011894],5,1.0687360763549805],[[762.9886474609375,227.57745361328126,46.872196197509769,-0.0008878681110218167,3.8953343328707037e-10,0.9999995827674866,-5.197682284574512e-8,1,-4.356821570183911e-10,-0.9999995827674866,-5.1977192327967717e-8,-0.0008878681110218167],5,1.0771613121032715],[[762.8553466796875,227.32765197753907,46.872318267822269,-0.0008879855740815401,1.0624175983409146e-9,0.9999995827674866,-3.739168974448148e-8,1,-1.095621260382984e-9,-0.9999995827674866,-3.739264542446108e-8,-0.0008879855740815401],5,1.0995373725891114],[[762.5220947265625,226.64353942871095,46.872623443603519,-0.0008881938410922885,2.7433766369711067e-9,0.9999995827674866,-9.561146319114756e-10,1,-2.7442270678079696e-9,-0.9999995827674866,-9.585516824728302e-10,-0.0008881938410922885],5,1.1067233085632325],[[762.3887939453125,226.34603881835938,46.872745513916019,-0.0008880678215064108,3.415261184969154e-9,0.9999995827674866,1.360721402221543e-8,1,-3.4031784057475535e-9,-0.9999995827674866,1.3604186221982673e-8,-0.0008880678215064108],5,1.1171796321868897],[[762.1888427734375,225.874267578125,46.872928619384769,-0.0008879532688297331,4.42254766142014e-9,0.9999995827674866,3.544053583937057e-8,1,-4.391079944099374e-9,-0.9999995827674866,3.543662430161021e-8,-0.0008879532688297331],5,1.1292476654052735],[[761.9888916015625,225.371826171875,46.873111724853519,-0.0008881873218342662,5.429198868256435e-9,0.9999995827674866,5.725986085280965e-8,1,-5.3783431042120359e-9,-0.9999995827674866,5.725506113662959e-8,-0.0008881873218342662],5,1.1413848400115967],[[761.6556396484375,224.46630859375,46.873416900634769,-0.0008880647365003824,7.105496191428529e-9,0.9999995827674866,9.359432340261265e-8,1,-7.022380899002201e-9,-0.9999995827674866,9.358804931025588e-8,-0.0008880647365003824],5,1.1607658863067628],[[761.5223388671875,224.0802459716797,46.873538970947269,-0.0008879496599547565,7.775505572737984e-9,0.9999995827674866,1.0811723427650577e-7,1,-7.679505920066277e-9,-0.9999995827674866,1.0811037043367833e-7,-0.0008879496599547565],5,1.172027826309204],[[761.3223876953125,223.4756317138672,46.873722076416019,-0.0008878482622094452,8.779985627427323e-9,0.9999995827674866,1.2988996900276107e-7,1,-8.664666317770298e-9,-0.9999995827674866,1.2988222408694129e-7,-0.0008878482622094452],5,1.1830580234527588],[[761.1224365234375,222.84034729003907,46.873905181884769,-0.0008879752713255584,6.145716380245858e-9,0.9999995827674866,9.638727505034694e-8,1,-6.060128843188295e-9,-0.9999995827674866,9.63818536092731e-8,-0.0008879752713255584],7,1.1956841945648194],[[760.9891357421875,222.50535583496095,46.874027252197269,-0.0008880957611836493,4.390475538684768e-9,0.9999995827674866,7.406407576127094e-8,1,-4.3247014858138758e-9,-0.9999995827674866,7.406021040878841e-8,-0.0008880957611836493],7,1.2048795223236085],[[760.7891845703125,222.4330291748047,46.874210357666019,-0.0008879771339707077,1.7589955048080697e-9,0.9999995827674866,4.059717539917074e-8,1,-1.7229467852430958e-9,-0.9999995827674866,4.059562996872046e-8,-0.0008879771339707077],7,1.2171077728271485],[[760.5892333984375,222.48367309570313,46.874393463134769,-0.006127902306616306,-6.58094412298027e-10,0.9999812245368958,7.138554192209767e-9,1,7.018519099233345e-10,-0.9999812245368958,7.1427206371765809e-9,-0.006127902306616306],7,1.2302191257476807],[[760.3226318359375,222.5556182861328,46.87582015991211,-0.013114181347191334,-4.111933016304192e-9,0.9999139904975891,-3.746108490076949e-8,1,3.6209730769343197e-9,-0.9999139904975891,-3.741037701843197e-8,-0.013114181347191334],8,1.257676601409912],[[759.9893798828125,222.6096954345703,46.879913330078128,-0.020100535824894906,-8.74871641798336e-9,0.9997979402542114,-9.318113569634079e-8,1,6.877114877568147e-9,-0.9997979402542114,-9.302407733002838e-8,-0.020100535824894906],8,1.2647671699523926],[[759.7894287109375,222.6278076171875,46.8836669921875,-0.023593127727508546,-1.0017132900941306e-8,0.9997216463088989,-1.0791968207968239e-7,1,7.473050622763822e-9,-0.9997216463088989,-1.077133333637903e-7,-0.023593127727508546],8,1.2781107425689698],[[759.5894775390625,222.63938903808595,46.888240814208987,-0.028831997886300088,-8.166355591754382e-9,0.9995842576026917,-8.530818718099909e-8,1,5.709123840347274e-9,-0.9995842576026917,-8.510811966289111e-8,-0.028831997886300088],8,1.2908194065093995],[[759.4561767578125,222.64466857910157,46.89189529418945,-0.04105139523744583,-7.597106055357017e-9,0.9991570115089417,-7.022867265504829e-8,1,4.718098356448763e-9,-0.9991570115089417,-6.997578338996391e-8,-0.04105139523744583],8,1.3001785278320313],[[759.25634765625,222.6501007080078,46.89961242675781,-0.04628647491335869,-5.551131554426547e-9,0.9989281892776489,-4.7613998077622458e-8,1,3.3508389396530448e-9,-0.9989281892776489,-4.740786607726477e-8,-0.04628647491335869],8,1.3117151260375977],[[759.1231689453125,222.65257263183595,46.90557861328125,-0.04628683254122734,-3.943642301607042e-9,0.9989281892776489,-3.2545596440058947e-8,1,2.4398247866486146e-9,-0.9989281892776489,-3.239778223473877e-8,-0.04628683254122734],8,1.3216166496276856],[[758.9234008789063,222.6551055908203,46.91480255126953,-0.06721370667219162,-2.2118469278353815e-9,0.9977385997772217,-9.93140325533659e-9,1,1.5478207604502359e-9,-0.9977385997772217,-9.804909772981319e-9,-0.06721370667219162],8,1.3333492279052735],[[758.7238159179688,222.65672302246095,46.92744827270508,-0.07592503726482392,1.1103041402948932e-10,0.9971135258674622,1.2675218208357819e-8,1,8.538004747649097e-10,-0.9971135258674622,1.2703456953033765e-8,-0.07592503726482392],8,1.34517240524292],[[758.5244140625,222.65774536132813,46.942264556884769,-0.0950678214430809,2.7619539988421595e-9,0.9954708218574524,3.527651060153403e-8,1,5.943991410184424e-10,-0.9954708218574524,3.5173243873032337e-8,-0.0950678214430809],8,1.357717752456665],[[758.3252563476563,222.65838623046876,46.960533142089847,-0.10202136635780335,5.4129998261487348e-9,0.9947822093963623,5.7864582458933e-8,1,4.929961994193377e-10,-0.9947822093963623,5.76129544072046e-8,-0.10202136635780335],8,1.369400978088379],[[758.126220703125,222.6588134765625,46.98063659667969,-0.11591234058141709,8.621345415349424e-9,0.9932594299316406,8.043739541108153e-8,1,7.071080942999686e-10,-0.9932594299316406,7.997716267027499e-8,-0.11591234058141709],8,1.3814103603363038],[[757.927490234375,222.65908813476563,47.00328063964844,-0.12284993380308151,1.1582234726859042e-8,0.992425262928009,1.0299369535005099e-7,1,1.0787040150006533e-9,-0.992425262928009,1.0234606406811509e-7,-0.12284993380308151],8,1.394200086593628],[[757.72900390625,222.6592559814453,47.02756118774414,-0.13324224948883058,1.2988970787830567e-8,0.9910835027694702,1.080576197409755e-7,1,1.4215446597631854e-9,-0.9910835027694702,1.0728353316835637e-7,-0.13324224948883058],8,1.4088466167449952],[[757.5307006835938,222.65936279296876,47.053802490234378,-0.13670313358306886,9.568124070824524e-9,0.9906120896339417,7.818476177590128e-8,1,1.1305910652126273e-9,-0.9906120896339417,7.760532128031628e-8,-0.13670313358306886],8,1.421811580657959],[[757.3325805664063,222.659423828125,47.080989837646487,-0.1384330689907074,5.910595124447582e-9,0.9903717637062073,4.833160716088969e-8,1,7.876818086671733e-10,-0.9903717637062073,4.797530195332911e-8,-0.1384330689907074],8,1.432218074798584],[[757.1344604492188,222.6594696044922,47.10860824584961,-0.13843271136283875,2.1199557664886017e-9,0.990371823310852,1.8497594567179477e-8,1,4.4500086948673358e-10,-0.990371823310852,1.8381099309294769e-8,-0.13843271136283875],8,1.4444658756256104],[[756.8703002929688,223.52236938476563,47.145503997802737,-0.14016246795654298,-2.8983218047784477e-9,0.9901285171508789,-2.125049114454214e-8,1,-8.099913101355938e-11,-0.9901285171508789,-2.105207030922429e-8,-0.14016246795654298],3,1.4652318954467774],[[756.6062622070313,224.3307647705078,47.18281173706055,-0.14173287153244019,-7.980845317945296e-9,0.9899049401283264,-6.096370697150633e-8,1,-6.664443441550816e-10,-0.9899049401283264,-6.044273703764702e-8,-0.14173287153244019],5,1.4900579452514649],[[756.2763671875,225.26461791992188,47.230037689208987,-0.14637182652950288,-1.4605867626471536e-8,0.9892296195030212,-1.1055376347712809e-7,1,-1.5932482000380333e-9,-0.9892296195030212,-1.0959627161355456e-7,-0.14637182652950288],5,1.4984815120697022],[[756.1444091796875,225.61431884765626,47.24946975708008,-0.14692449569702149,-1.720044551234423e-8,0.9891477227210999,-1.303746870462419e-7,1,-1.9762365077724555e-9,-0.9891477227210999,-1.2925018211262796e-7,-0.14692449569702149],5,1.506241798400879],[[755.8807373046875,226.27284240722657,47.288665771484378,-0.1485752910375595,-2.0109389708977689e-8,0.9889010787010193,-1.5196694391761413e-7,1,-2.4968571654682138e-9,-0.9889010787010193,-1.5065124614466186e-7,-0.1485752910375595],5,1.5242230892181397],[[755.7489013671875,226.5816650390625,47.30844497680664,-0.15208052098751069,-1.8453619077263285e-8,0.9883680939674377,-1.3572898183156213e-7,1,-2.21386486920494e-9,-0.9883680939674377,-1.344868820751799e-7,-0.15208052098751069],5,1.5337944030761719],[[755.5511474609375,227.01934814453126,47.3387565612793,-0.15215028822422028,-1.515483560865505e-8,0.9883573651313782,-1.1138468636318066e-7,1,-1.8134902468602832e-9,-0.9883573651313782,-1.1036379987672263e-7,-0.15215028822422028],5,1.5440559387207032],[[755.4193115234375,227.2941131591797,47.35905075073242,-0.1522398144006729,-1.2952840577895586e-8,0.9883435964584351,-9.516373467022277e-8,1,-1.5529697527938425e-9,-0.9883435964584351,-9.429088976276035e-8,-0.1522398144006729],5,1.5538454055786133],[[755.2215576171875,227.68069458007813,47.389503479003909,-0.1522500365972519,-9.635402697938389e-9,0.9883419871330261,-7.084527453571354e-8,1,-1.1643673802907984e-9,-0.9883419871330261,-7.019663428309286e-8,-0.1522500365972519],5,1.565253734588623],[[755.0238037109375,228.03663635253907,47.41995620727539,-0.1522558033466339,-6.3189498078486398e-9,0.9883410930633545,-4.654240015611322e-8,1,-7.764531240184169e-10,-0.9883410930633545,-4.611798587461635e-8,-0.1522558033466339],5,1.5795807838439942],[[754.8260498046875,228.36192321777345,47.450408935546878,-0.15225695073604585,-3.0041804599534318e-9,0.9883409142494202,-2.2255100873280754e-8,1,-3.888468158574909e-10,-0.9883409142494202,-2.205483262684993e-8,-0.15225695073604585],5,1.5900170803070069],[[754.6282958984375,228.6565399169922,47.48086166381836,-0.15225714445114137,3.0852451149421258e-10,0.9883409142494202,2.0166290859435777e-9,1,-1.4957438499579867e-12,-0.9883409142494202,1.992889187008018e-9,-0.15225714445114137],5,1.603959321975708],[[754.5469360351563,228.80520629882813,47.5019416809082,-0.07253018021583557,0.0029375185258686544,0.9973618984222412,-0.008681202307343483,0.9999558925628662,-0.003576473332941532,-0.9973284602165222,-0.008917702361941338,-0.07250148057937622],12,1.6313722133636475],[[754.5150146484375,229.08367919921876,47.51921081542969,-0.10444758832454682,0.0006394307129085064,0.994530200958252,-0.0021875216625630857,0.9999971985816956,-0.0008726837113499641,-0.9945279955863953,-0.0022667059674859049,-0.10444589704275131],12,1.6443922519683838],[[754.5147094726563,229.41030883789063,47.51878356933594,-0.12300902605056763,-0.00012583477655425668,0.9924055337905884,0.0004464382363948971,0.9999998807907105,0.0001821339101297781,-0.9924054741859436,0.00046545188524760306,-0.12300895899534226],12,1.6790287494659424],[[754.5147705078125,229.59695434570313,47.51874923706055,-0.11587585508823395,-0.000028483273126767018,0.9932637214660645,0.0001013243236229755,1,0.00004049711424158886,-0.9932637214660645,0.00010533440945437178,-0.11587585508823395],12,1.6856276988983155],[[754.5147705078125,229.69027709960938,47.51876449584961,-0.11069926619529724,-0.0000026334598715038739,0.9938539266586304,0.000009424936251889449,1,0.000003699530907397275,-0.9938539266586304,0.000009776545994100161,-0.11069926619529724],12,1.6969711780548096],[[754.5147705078125,229.83026123046876,47.51877975463867,-0.10027823597192764,0.000008335554412042257,0.9949594140052795,-0.000029229127903818154,1,-0.000011323678336339072,-0.9949594140052795,-0.000030217315725167283,-0.10027823597192764],12,1.7083120346069337],[[754.5147705078125,229.97024536132813,47.5187873840332,-0.09506428986787796,0.000005337018137652194,0.9954711198806763,-0.00001840414188336581,1,-0.000007118835128494538,-0.9954711198806763,-0.000018997539882548155,-0.09506428986787796],12,1.7193844318389893],[[754.5147705078125,230.06356811523438,47.5187873840332,-0.08984661847352982,0.000002493390184099553,0.9959555864334106,-0.000008359959792869632,1,-0.0000032576797366346,-0.9959555864334106,-0.000008618840183771681,-0.08984661847352982],12,1.7301020622253419],[[754.5147705078125,230.25021362304688,47.51879119873047,-0.0794040858745575,-2.64218272150174e-7,0.9968425035476685,0.000001062296860254719,1,3.4967308693012458e-7,-0.9968425035476685,0.0000010867081527976553,-0.0794040858745575],12,1.7429513931274415],[[754.5147705078125,230.34353637695313,47.51879119873047,-0.0741785317659378,-4.756113298753917e-7,0.9972449541091919,0.0000016563903955102433,1,6.001333190397418e-7,-0.9972449541091919,0.000001696344043011777,-0.0741785317659378],12,1.7547495365142823],[[754.5147705078125,230.4835205078125,47.51879119873047,-0.06372323632240296,-2.9116068844814438e-7,0.9979676008224487,9.38635253078246e-7,1,3.5168832823728737e-7,-0.9979676008224487,9.591382195139886e-7,-0.06372323632240296],12,1.7668015956878663],[[754.5147705078125,230.62350463867188,47.51879119873047,-0.05326057970523834,-7.001855806265667e-8,0.9985806345939636,1.7887012404571579e-7,1,7.965834925016679e-8,-0.9985806345939636,1.8285888359059755e-7,-0.05326057970523834],12,1.7795071601867676],[[754.5147705078125,230.76348876953126,47.51879119873047,-0.04802710935473442,1.9636337000861205e-8,0.9988460540771484,-8.530361128578079e-8,1,-2.37606414543734e-8,-0.9988460540771484,-8.634632564508138e-8,-0.04802710935473442],12,1.792403221130371],[[754.5147705078125,230.90347290039063,47.51879119873047,-0.037556592375040057,2.94707493964097e-8,0.9992945194244385,-9.440661585813359e-8,1,-3.3039651015087659e-8,-0.9992945194244385,-9.558087299410545e-8,-0.037556592375040057],12,1.8036048412322999],[[754.5147705078125,231.04345703125,47.51879119873047,-0.03406529128551483,3.2339542599402196e-8,0.999419629573822,-8.480325419668589e-8,1,-3.524884562011721e-8,-0.999419629573822,-8.595480238682285e-8,-0.03406529128551483],12,1.8167951107025147],[[754.4998779296875,231.16302490234376,47.5192985534668,-0.02533518336713314,3.562245609600723e-8,0.9996790289878845,-7.522569944740099e-8,1,-3.7540363706511928e-8,-0.9996790289878845,-7.615264507876418e-8,-0.02533518336713314],8,1.830927848815918],[[754.462646484375,231.25192260742188,47.52042007446289,-0.02533518336713314,3.8154261972067619e-8,0.9996790289878845,-6.565428378735305e-8,1,-3.983041096944362e-8,-0.9996790289878845,-6.66423218831369e-8,-0.02533518336713314],5,1.8418071269989014],[[754.403076171875,231.31016540527345,47.5220832824707,-0.017149586230516435,4.126529518089228e-8,0.9998529553413391,-5.608669084722351e-8,1,-4.223337057851495e-8,-0.9998529553413391,-5.680272963104471e-8,-0.017149586230516435],5,1.852924108505249],[[754.2888793945313,231.34014892578126,47.524818420410159,-0.015305962413549424,4.4767737961137757e-8,0.9998828768730164,-4.335673509103799e-8,1,-4.54366784197191e-8,-0.9998828768730164,-4.404710907124354e-8,-0.015305962413549424],5,1.869140863418579],[[754.2169189453125,231.33470153808595,47.52632522583008,-0.014929112046957016,4.647275630986769e-8,0.99988853931427,-3.700290207575563e-8,1,-4.703041867060165e-8,-0.99988853931427,-3.7700900179515887e-8,-0.014929112046957016],5,1.8803510665893555],[[754.0420532226563,231.61819458007813,47.52910232543945,-0.014886547811329365,4.900204331192981e-8,0.9998891949653626,-2.7480956177328154e-8,1,-4.94166165765364e-8,-0.9998891949653626,-2.8213554159606248e-8,-0.014886547811329365],7,1.8933384418487549],[[753.8433837890625,231.94891357421876,47.53206253051758,-0.013116194866597653,5.157703952818338e-8,0.9999139904975891,-1.7970487320440044e-8,1,-5.181720297287029e-8,-0.9999139904975891,-1.8648586674885338e-8,-0.013116194866597653],7,1.903498888015747],[[753.6434936523438,232.19642639160157,47.53474807739258,-0.013111529871821404,5.410048586895755e-8,0.9999140501022339,-8.466360945647012e-9,1,-5.4216151568198259e-8,-0.9999140501022339,-9.176489790263532e-9,-0.013111529871821404],7,1.91520357131958],[[753.4435424804688,232.36280822753907,47.53737258911133,-0.00961725041270256,5.665394198217655e-8,0.9999537467956543,1.0231916425240684e-9,1,-5.6646719315267549e-8,-0.9999537467956543,4.783585749734698e-10,-0.00961725041270256],8,1.9300761222839356],[[753.2435913085938,232.47064208984376,47.5394287109375,-0.007870828732848168,5.917312151382248e-8,0.9999690055847168,1.0502394509614988e-8,1,-5.909229017220241e-8,-0.9999690055847168,1.003696414869637e-8,-0.007870828732848168],8,1.9412314891815186],[[753.0436401367188,232.53958129882813,47.541072845458987,-0.007870718836784363,6.169160826630105e-8,0.9999690055847168,1.9975518128489967e-8,1,-6.153629072969125e-8,-0.9999690055847168,1.94905638295495e-8,-0.007870718836784363],8,1.9530854225158692],[[752.9103393554688,232.5709686279297,47.5421257019043,-0.007870720699429512,6.336970415077303e-8,0.9999690055847168,2.628755702005492e-8,1,-6.316475520407039e-8,-0.9999690055847168,2.5789590907265848e-8,-0.007870720699429512],8,1.9640774726867676],[[752.7103881835938,232.60337829589845,47.543704986572269,-0.007870721630752087,6.588550149899675e-8,0.9999690055847168,3.5750556293123739e-8,1,-6.560615162243266e-8,-0.9999690055847168,3.523308222952437e-8,-0.007870721630752087],8,1.974402904510498],[[752.5104370117188,232.6239471435547,47.545284271240237,-0.007870721630752087,6.839968591521029e-8,0.9999690055847168,4.5207489307586e-8,1,-6.80459777413489e-8,-0.9999690055847168,4.467051795131738e-8,-0.007870721630752087],8,1.9877197742462159],[[752.3104858398438,232.63697814941407,47.5468635559082,-0.007870721630752087,7.091225739941365e-8,0.9999690055847168,5.4658357839798558e-8,1,-7.048424066624648e-8,-0.9999690055847168,5.410190340171539e-8,-0.007870721630752087],8,2.0000345706939699],[[752.0438842773438,232.64724731445313,47.54896926879883,-0.007870721630752087,7.425985160125492e-8,0.9999690055847168,6.72500846121693e-8,1,-7.373282784328694e-8,-0.9999690055847168,6.666767404794882e-8,-0.007870721630752087],8,2.014514207839966],[[751.8439331054688,232.65174865722657,47.5505485534668,-0.007870721630752087,7.676866431438612e-8,0.9999690055847168,7.668681689665391e-8,1,-7.616744568395007e-8,-0.9999690055847168,7.608495167232832e-8,-0.007870721630752087],8,2.0270836353302],[[751.6439819335938,232.65460205078126,47.552127838134769,-0.007870721630752087,7.927587120093449e-8,0.9999690055847168,8.61175024624572e-8,1,-7.860050033059452e-8,-0.9999690055847168,8.549618968345385e-8,-0.007870721630752087],8,2.0392160415649416],[[751.5106811523438,232.65589904785157,47.55318069458008,-0.007870721630752087,8.094644954326213e-8,0.9999690055847168,9.240125820042522e-8,1,-8.02216675310774e-8,-0.9999690055847168,9.176699222734897e-8,-0.007870721630752087],8,2.0492870807647707],[[751.2440795898438,232.65756225585938,47.5552864074707,-0.006124467588961124,8.412508378796702e-8,0.9999812245368958,1.0495504909613374e-7,1,-8.348386160150767e-8,-0.9999812245368958,1.0444178144553007e-7,-0.006124467588961124],8,2.063843250274658],[[751.1107788085938,232.6580810546875,47.55615997314453,-0.006124467588961124,6.465330670835101e-8,0.9999812245368958,8.310647814369077e-8,1,-6.414552444766741e-8,-0.9999812245368958,8.271206297649769e-8,-0.006124467588961124],8,2.0734143257141115],[[750.9108276367188,232.6586151123047,47.557395935058597,-0.006124467588961124,3.546124105469062e-8,0.9999812245368958,5.035112593532176e-8,1,-3.515352631211499e-8,-0.9999812245368958,5.013488291183421e-8,-0.006124467588961124],8,2.086474895477295],[[750.7108764648438,232.658935546875,47.55862045288086,-0.006124467588961124,6.287888432154887e-9,0.9999812245368958,1.7616756053939754e-8,1,-6.1801110895487458e-9,-0.9999812245368958,1.7578576816390524e-8,-0.006124467588961124],8,2.0988833904266359],[[750.5109252929688,232.65914916992188,47.559844970703128,-0.006124467588961124,-2.2866764481932479e-8,0.9999812245368958,-1.5096640382239458e-8,1,2.277473143408315e-8,-0.9999812245368958,-1.4956873073401767e-8,-0.006124467588961124],8,2.111708879470825],[[750.3109741210938,232.6593017578125,47.56106948852539,-0.011364106088876725,-5.2080789458841539e-8,0.9999354481697083,-4.794025443288774e-8,1,5.153932036705555e-8,-0.9999354481697083,-4.7351459642186458e-8,-0.011364106088876725],8,2.12449312210083],[[750.298583984375,232.6565704345703,47.55801773071289,-0.033824387937784198,0.00531657412648201,0.9994136691093445,0.00008508702012477443,0.9999858736991882,-0.0053167385049164299,-0.9994277954101563,-0.0000947983207879588,-0.033824361860752109],8,2.138157367706299],[[750.2705688476563,232.65599060058595,47.45671081542969,-0.05114087834954262,0.012471570633351803,0.9986135959625244,0.002169719198718667,0.9999210238456726,-0.012376784346997738,-0.9986891150474548,0.0015337514923885465,-0.05116390064358711],8,2.161600112915039],[[750.3590087890625,232.6520538330078,47.16885757446289,-0.13207726180553437,0.019069990143179895,0.991055965423584,0.048120446503162387,0.9987594485282898,-0.01280524767935276,-0.9900707006454468,0.04599877446889877,-0.13283106684684754],8,2.198371648788452],[[750.3673706054688,232.65504455566407,46.86952209472656,-0.1626465767621994,0.01653578318655491,0.9865458011627197,0.01778445765376091,0.9997462630271912,-0.0138250095769763,-0.9865241050720215,0.015296589583158493,-0.16289938986301423],8,2.2199583053588869],[[750.4024658203125,232.65780639648438,46.55131912231445,-0.21358348429203034,0.015175369568169117,0.9768069386482239,0.003284872742369771,0.999884843826294,-0.014815648086369038,-0.9769192934036255,0.000044308777432888749,-0.2136087268590927],8,2.227123737335205],[[750.4039916992188,232.6583251953125,46.415191650390628,-0.258088618516922,0.012185937725007534,0.9660444259643555,0.0011755829909816385,0.9999236464500427,-0.012299230322241784,-0.9661205410957336,-0.0020386260002851488,-0.2580832242965698],8,2.2363107204437258],[[750.3928833007813,232.65866088867188,46.280982971191409,-0.2866028845310211,0.010625691153109074,0.9579905271530151,0.0006472488748840988,0.9999403953552246,-0.0108973458