[[[776,222.69961547851563,47,1,2.4468763015761398e-8,-3.1516334138802228e-15,-2.4468763015761398e-8,1,-3.889988064997851e-8,2.199801526985121e-15,3.889988064997851e-8,1],8,0.008110284805297852],[[776,222.69961547851563,47,1,1.9087408986706579e-8,-2.988892761966017e-15,-1.9087408986706579e-8,1,-3.0344683210614679e-8,2.409691209117053e-15,3.0344683210614679e-8,1],8,0.025830745697021486],[[776,222.69961547851563,47,1,1.3709501978098615e-8,-2.8721889860097934e-15,-1.3709501978098615e-8,1,-2.1794971161170907e-8,2.5733907023275505e-15,2.1794971161170907e-8,1],8,0.03289294242858887],[[776,222.69961547851563,47,1,1.012614703199688e-8,-2.8199389116254646e-15,-1.012614703199688e-8,1,-1.609820721171218e-8,2.6569261503769537e-15,1.609820721171218e-8,1],8,0.042990922927856448],[[776,222.69961547851563,47,1,6.544322861401497e-9,-2.788103813577622e-15,-6.544322861401497e-9,1,-1.040387598294501e-8,2.72001739945319e-15,1.040387598294501e-8,1],8,0.056760549545288089],[[776,222.69961547851563,47,1,-6.147348741158964e-10,-2.7855760555047785e-15,6.147348741158964e-10,1,9.77488645581559e-10,2.7849750856287016e-15,-9.77488645581559e-10,1],8,0.06513261795043946],[[776,222.69961547851563,47,1,-4.19196943823863e-9,-2.8148317264699948e-15,4.19196943823863e-9,1,6.6645244878316138e-9,2.786894250528943e-15,-6.6645244878316138e-9,1],8,0.07515954971313477],[[776,222.69961547851563,47,1,-9.55495504939563e-9,-2.896791481479268e-15,9.55495504939563e-9,1,1.51905226175586e-8,2.7516466684948499e-15,-1.51905226175586e-8,1],8,0.0879356861114502],[[776,222.69961547851563,47,1,-1.491450341006839e-8,-3.024364595972896e-15,1.491450341006839e-8,1,2.371105800591522e-8,2.6707257993953839e-15,-2.371105800591522e-8,1],8,0.11501455307006836],[[776,222.69961547851563,47,1,-2.5623297261745394e-8,-3.416000231773052e-15,2.5623297261745394e-8,1,4.073575610163971e-8,2.372215930431681e-15,-4.073575610163971e-8,1],8,0.12292957305908203],[[776,222.69961547851563,47,1,-2.9189845207611144e-8,-3.586891458222212e-15,2.9189845207611144e-8,1,4.6405808973304377e-8,2.2323134043578196e-15,-4.6405808973304377e-8,1],8,0.13284897804260255],[[776,222.69961547851563,47,1,-3.275486903930869e-8,-3.777913057937581e-15,3.275486903930869e-8,1,5.20734388942401e-8,2.0722542469963844e-15,-5.20734388942401e-8,1],8,0.1432666778564453],[[776,222.69961547851563,47,1,-4.877863446495212e-8,-4.885924056020983e-15,4.877863446495212e-8,1,7.754781705671121e-8,1.1032473906671622e-15,-7.754781705671121e-8,1],8,0.17770862579345704],[[776,222.69961547851563,47,1,-5.233528810322241e-8,-5.187198428766287e-15,5.233528810322241e-8,1,8.320213851220615e-8,8.327902470648969e-16,-8.320213851220615e-8,1],8,0.18818354606628419],[[776,222.69961547851563,47,1,-5.766741750790061e-8,-5.676531056460991e-15,5.766741750790061e-8,1,9.167909098550808e-8,3.896343087040309e-16,-9.167909098550808e-8,1],8,0.19830965995788575],[[776,222.69961547851563,47,1,-6.122026974253458e-8,-6.02766263551463e-15,6.122026974253458e-8,1,9.732737993317642e-8,6.925418800856495e-17,-9.732737993317642e-8,1],8,0.20840859413146974],[[775.89892578125,222.69961547851563,47.00022888183594,0.9951573014259338,-6.68119355395902e-8,0.09829533100128174,5.60925244030841e-8,1,1.1181665371395866e-7,-0.09829533100128174,-1.057615222066488e-7,0.9951573014259338],8,0.22358393669128419],[[775.6417846679688,222.69961547851563,47.000816345214847,-0.9811578989028931,8.288668595923809e-8,-0.19320765137672425,6.593586476810742e-8,1,9.416393709216209e-8,0.19320765137672425,7.965037696067157e-8,-0.9811578989028931],8,0.25029444694519045],[[774.8421020507813,222.69961547851563,47.002647399902347,-0.9992860555648804,9.140199352941636e-8,-0.03778143227100372,9.111547427664846e-8,1,9.305310300078418e-9,0.03778143227100372,5.85619286397332e-9,-0.9992860555648804],8,0.2925736904144287],[[774.6421508789063,222.69961547851563,47.00310516357422,-0.9994666576385498,5.672958991453925e-8,0.03265638276934624,5.633059885212788e-8,1,-1.3137965382270523e-8,-0.03265638276934624,-1.1291404256041915e-8,-0.9994666576385498],8,0.3000349998474121],[[774.4421997070313,222.69961547851563,46.99846267700195,-0.9991148114204407,2.2799689247676725e-8,0.042066313326358798,2.1347700496221479e-8,1,-3.496587552831443e-8,-0.042066313326358798,-3.4036904850154318e-8,-0.9991148114204407],8,0.3106677532196045],[[774.3089599609375,222.69961547851563,46.99342346191406,-0.9985564947128296,5.22529131075089e-10,0.05371125042438507,-2.123914377705205e-9,1,-4.9214598618618768e-8,-0.05371125042438507,-4.9257632639410079e-8,-0.9985564947128296],8,0.32033634185791018],[[774.17578125,222.69961547851563,46.98676300048828,-0.9979435801506043,-2.1625051971341237e-8,0.0640980675816536,-2.572960511315614e-8,1,-6.321004519804774e-8,-0.0640980675816536,-6.472927793765848e-8,-0.9979435801506043],8,0.32941699028015139],[[774.042724609375,222.69961547851563,46.9786491394043,-0.9970879554748535,-4.3483343148409406e-8,0.07626038789749146,-4.949270149268159e-8,1,-7.691060943670891e-8,-0.07626038789749146,-8.04609783244814e-8,-0.9970879554748535],8,0.33965086936950686],[[773.8433227539063,222.69961547851563,46.96392822265625,-0.9947479963302612,-5.3079311612691529e-8,0.10235419869422913,-6.064302482400308e-8,1,-7.078575947616628e-8,-0.10235419869422913,-7.662106327188667e-8,-0.9947479963302612],8,0.3525545597076416],[[773.5774536132813,223.56251525878907,46.94378662109375,-0.99080491065979,-5.1303604919894499e-8,0.13529826700687409,-5.8000690472681529e-8,1,-4.555684185447717e-8,-0.13529826700687409,-5.2985335230459898e-8,-0.99080491065979],3,0.371295690536499],[[773.31298828125,224.37091064453126,46.91008377075195,-0.9665930271148682,-5.1114373178506869e-8,0.2563159465789795,-5.69329614563685e-8,1,-1.5280487986046866e-8,-0.2563159465789795,-2.9362839271129816e-8,-0.9665930271148682],5,0.392045259475708],[[773.0498657226563,225.1248016357422,46.86698532104492,-0.9486496448516846,-5.68813121049061e-8,0.316328763961792,-5.440403327838794e-8,1,1.666287552382073e-8,-0.316328763961792,-1.4023303629429052e-9,-0.9486496448516846],5,0.4018850326538086],[[772.8533935546875,225.6544647216797,46.82955551147461,-0.950637936592102,-6.175593370016941e-8,0.3103022277355194,-5.168798011823128e-8,1,4.0668027168067059e-8,-0.3103022277355194,2.2621673423373069e-8,-0.950637936592102],5,0.42232394218444826],[[772.5927124023438,226.31298828125,46.773311614990237,-0.93226557970047,-6.918146056023034e-8,0.36177459359169009,-4.602883407756053e-8,1,7.261527201762874e-8,-0.36177459359169009,5.1044654725274088e-8,-0.93226557970047],5,0.4304811954498291],[[772.0740356445313,227.46652221679688,46.648921966552737,-0.8638273477554321,-9.097889375198065e-8,0.5037879347801209,-2.6003467823443317e-8,1,1.3600244130884676e-7,-0.5037879347801209,1.0438239428367524e-7,-0.8638273477554321],5,0.4614875316619873],[[771.9450073242188,227.72084045410157,46.615272521972659,-0.9335781931877136,-7.46338884027864e-8,0.3583737313747406,-2.1370313518787044e-8,1,1.525866082374705e-7,-0.3583737313747406,1.3479296967489064e-7,-0.9335781931877136],5,0.4711883068084717],[[771.8172607421875,227.9615478515625,46.577266693115237,-0.9297677278518677,-6.885362324737798e-8,0.36814674735069277,-1.3821969346849983e-8,1,1.5211979587093084e-7,-0.36814674735069277,1.3634755191560544e-7,-0.9297677278518677],5,0.48073768615722659],[[771.6266479492188,228.2970428466797,46.51677703857422,-0.912047803401947,-5.0569664011845819e-8,0.41008394956588747,8.751980806742665e-10,1,1.2526187731509709e-7,-0.41008394956588747,1.1460372206784086e-7,-0.912047803401947],5,0.4901912212371826],[[771.5,228.50367736816407,46.47493362426758,-0.9211700558662415,-3.221823519083955e-8,0.3891603350639343,1.0373077508063489e-8,1,1.0734291322478384e-7,-0.3891603350639343,1.0291786622929067e-7,-0.9211700558662415],5,0.4995551109313965],[[771.3108520507813,228.7880859375,46.40998458862305,-0.899467408657074,-1.4138196391400016e-8,0.43698790669441225,2.3041163643711117e-8,1,7.978017890764022e-8,-0.43698790669441225,8.182837518688757e-8,-0.899467408657074],5,0.5144016742706299],[[770.9977416992188,229.1939697265625,46.29570770263672,-0.86489337682724,1.897677925910557e-8,0.5019555687904358,4.068246894917138e-8,1,3.229214229349964e-8,-0.5019555687904358,4.835005285031002e-8,-0.86489337682724],5,0.5334372520446777],[[770.8103637695313,229.39662170410157,46.225643157958987,-0.8836610317230225,4.31783391263707e-8,0.4681272804737091,5.051681384315998e-8,1,3.1218039264757637e-9,-0.4681272804737091,2.640691576516474e-8,-0.8836610317230225],5,0.5457525253295898],[[770.5012817382813,229.666259765625,46.10081481933594,-0.8449673652648926,7.896087339531732e-8,0.5348178744316101,6.31656078553533e-8,1,-4.784432405813277e-8,-0.5348178744316101,-6.644797156951654e-9,-0.8449673652648926],5,0.5643582344055176],[[770.378173828125,229.75025939941407,46.04951477050781,-0.8762568235397339,9.27562737729204e-8,0.48184433579444888,6.795205820253614e-8,1,-6.89285144517271e-8,-0.48184433579444888,-2.7656771095507794e-8,-0.8762568235397339],5,0.5738918781280518],[[770.2567138671875,229.82064819335938,45.99444580078125,-0.8694345951080322,1.0747206857786296e-7,0.4940480887889862,7.212689467905875e-8,1,-9.060343586497766e-8,-0.4940480887889862,-4.313960388913074e-8,-0.8694345951080322],5,0.5832064151763916],[[770.1363525390625,229.87741088867188,45.93704605102539,-0.8624488711357117,1.2241436309068377e-7,0.5061441659927368,7.567540905029091e-8,1,-1.129089142182238e-7,-0.5061441659927368,-5.90755000473564e-8,-0.8624488711357117],5,0.593332052230835],[[769.9572143554688,229.93701171875,45.84809875488281,-0.8375614881515503,1.3109882956996445e-7,0.5463430881500244,7.054202910694585e-8,1,-1.3181377767068626e-7,-0.5463430881500244,-7.186199724174003e-8,-0.8375614881515503],5,0.6048054695129395],[[769.7793579101563,229.9659423828125,45.756591796875,-0.8219700455665588,1.0623588053704225e-7,0.569530725479126,4.6731550185086238e-8,1,-1.1908743147159839e-7,-0.569530725479126,-7.127124490580172e-8,-0.8219700455665588],5,0.6155388355255127],[[769.6039428710938,229.96421813964845,45.66061782836914,-0.8139302730560303,8.023263120549018e-8,0.580962598323822,2.3612560795527317e-8,1,-1.0502165537218389e-7,-0.580962598323822,-7.176229388505817e-8,-0.8139302730560303],5,0.6295785903930664],[[769.4301147460938,229.93185424804688,45.5617561340332,-0.7994809150695801,5.4731604137714388e-8,0.6006914973258972,1.3393069986378237e-9,1,-8.933180595249724e-8,-0.6006914973258972,-7.061456130941224e-8,-0.7994809150695801],5,0.6521327495574951],[[769.0874633789063,229.77513122558595,45.35545349121094,-0.7199829816818237,7.558253578565655e-9,0.6939917206764221,-3.9159868236993137e-8,1,-5.1517456967076217e-8,-0.6939917206764221,-6.426831333783412e-8,-0.7199829816818237],5,0.6668782234191895],[[768.974609375,229.69564819335938,45.284488677978519,-0.8058104515075684,-1.992536802220002e-8,0.5921735763549805,-5.317298246154678e-8,1,-3.870820464157987e-8,-0.5921735763549805,-6.267911345503308e-8,-0.8058104515075684],5,0.6751086711883545],[[768.862060546875,229.60252380371095,45.21295166015625,-0.8058104515075684,-3.905052281538701e-8,0.5921735763549805,-6.70052102691443e-8,1,-2.5234113465444353e-8,-0.5921735763549805,-6.001262420340936e-8,-0.8058104515075684],5,0.6837852001190186],[[768.7496337890625,229.49578857421876,45.141334533691409,-0.8058104515075684,-5.845199524401323e-8,0.5921735763549805,-8.066053425181963e-8,1,-1.1052674331324397e-8,-0.5921735763549805,-5.6671396464480497e-8,-0.8058104515075684],5,0.6938843727111816],[[768.5809936523438,229.3101348876953,45.033897399902347,-0.7856379151344299,-8.630384229491028e-8,0.6186865568161011,-1.0042918319186356e-7,1,1.1965457069607055e-8,-0.6186865568161011,-5.2733671651594707e-8,-0.7856379151344299],5,0.7028646469116211],[[768.3561401367188,229.01490783691407,44.890647888183597,-0.7612046003341675,-1.2533709536910465e-7,0.6485118269920349,-1.2542051308628289e-7,1,4.605378478572675e-8,-0.6485118269920349,-4.628032712616914e-8,-0.7612046003341675],5,0.7194161415100098],[[768.2439575195313,228.84686279296876,44.818580627441409,-0.8016545176506043,-1.4910094137121633e-7,0.5977876782417297,-1.3823763822529146e-7,1,6.403966068546652e-8,-0.5977876782417297,-3.129907000243293e-8,-0.8016545176506043],5,0.7293598651885986],[[768.0759887695313,228.56922912597657,44.71004104614258,-0.7812964916229248,-1.4417520333154244e-7,0.6241600513458252,-1.2496153090069129e-7,1,7.456934270066995e-8,-0.6241600513458252,-1.9735226786110617e-8,-0.7812964916229248],5,0.740680456161499],[[767.9640502929688,228.3671112060547,44.63763427734375,-0.7995603680610657,-1.2962146911377204e-7,0.6005856990814209,-1.0535669758837685e-7,1,7.556363357252849e-8,-0.6005856990814209,-2.8580389166421584e-9,-0.7995603680610657],5,0.7516467571258545],[[767.7964477539063,228.03839111328126,44.528541564941409,-0.7791122198104858,-1.0636572511657505e-7,0.6268845200538635,-7.619718900286898e-8,1,7.497325071881278e-8,-0.6268845200538635,1.064573762477039e-8,-0.7791122198104858],5,0.7631516456604004],[[767.62890625,227.67901611328126,44.41934585571289,-0.7769138216972351,-8.232827042320423e-8,0.6296069622039795,-4.730982894329827e-8,1,7.238263322051353e-8,-0.6296069622039795,2.644847185706567e-8,-0.7769138216972351],5,0.7741901874542236],[[767.5173950195313,227.4224090576172,44.346256256103519,-0.7964043617248535,-6.467324453751644e-8,0.6047645211219788,-2.8137742802414324e-8,1,6.988543077568466e-8,-0.6047645211219788,3.864035136302846e-8,-0.7964043617248535],5,0.7849767208099365],[[767.3504028320313,227.01193237304688,44.23624801635742,-0.7736093997955322,-4.0285090818770189e-8,0.6336628198623657,3.2369359970196856e-10,1,6.39701482896271e-8,-0.6336628198623657,4.9693021253460759e-8,-0.7736093997955322],5,0.7971491813659668],[[767.1837158203125,226.57080078125,44.125701904296878,-0.7669311165809631,-1.3961683364982492e-8,0.641729474067688,2.8504793192496437e-8,1,5.582242579293961e-8,-0.641729474067688,6.110432337891325e-8,-0.7669311165809631],5,0.8131463527679443],[[767.01806640625,226.09902954101563,44.01363754272461,-0.7544549107551575,1.2844756369645438e-8,0.6563518643379211,5.6310113905055917e-8,1,4.515669971283387e-8,-0.6563518643379211,7.102794086222275e-8,-0.7544549107551575],5,0.8227741718292236],[[766.8544311523438,225.59658813476563,43.8986930847168,-0.747533917427063,4.1287467666961677e-8,0.6642236709594727,8.380539640029383e-8,1,3.2157707607893829e-8,-0.6642236709594727,7.970449900085441e-8,-0.747533917427063],5,0.8341460227966309],[[766.692138671875,225.06349182128907,43.78178405761719,-0.7393590211868286,7.079049169078644e-8,0.6733114123344421,1.1094954288637382e-7,1,1.6695178572945225e-8,-0.6733114123344421,8.704732579190022e-8,-0.7393590211868286],5,0.8451323509216309],[[766.5848388671875,224.69107055664063,43.70265197753906,-0.7417900562286377,9.225818331515257e-8,0.6706321835517883,1.2881969269074035e-7,1,4.919229468214326e-9,-0.6706321835517883,9.003966994214352e-8,-0.7417900562286377],5,0.8559434413909912],[[766.4271850585938,224.10687255859376,43.57965087890625,-0.7080327868461609,1.205915367563648e-7,0.7061795592308044,1.5483787763059809e-7,1,-1.552189310416452e-8,-0.7061795592308044,9.835333258934043e-8,-0.7080327868461609],5,0.8669908046722412],[[766.2717895507813,223.49203491210938,43.45376205444336,-0.7260886430740356,9.673879475258218e-8,0.6876010894775391,1.1572654301517105e-7,1,-1.8486099762071718e-8,-0.6876010894775391,6.615114500618802e-8,-0.7260886430740356],7,0.8785696029663086],[[766.1707763671875,223.1743927001953,43.36674880981445,-0.7343173027038574,7.809160251781577e-8,0.6788063645362854,8.999730027881015e-8,1,-1.7685501063624544e-8,-0.6788063645362854,4.8103970584634229e-8,-0.7343173027038574],7,0.8898460865020752],[[766.0224609375,223.13792419433595,43.232582092285159,-0.7211924195289612,4.754875604362496e-8,0.6927347779273987,5.1583885607442428e-8,1,-1.4936233583284776e-8,-0.6927347779273987,2.4962053757349169e-8,-0.7211924195289612],7,0.9045913219451904],[[765.8290405273438,223.2451934814453,43.04903030395508,-0.6686485409736633,5.995638208133869e-9,0.7435785531997681,8.703506804152994e-10,1,-7.280574809698237e-9,-0.7435785531997681,-4.220971572266308e-9,-0.6686485409736633],8,0.9168753623962402],[[765.6931762695313,223.31459045410157,42.902381896972659,-0.6532896161079407,-2.361047002352734e-8,0.7571080923080444,-3.7005754904839708e-8,1,-7.462694351367816e-10,-0.7571080923080444,-2.8504885563052086e-8,-0.6532896161079407],8,0.9279382228851318],[[765.5618286132813,223.3626708984375,42.7515983581543,-0.6399986147880554,-5.278250014839614e-8,0.7683760523796082,-7.473776264532717e-8,1,6.442727240596469e-9,-0.7683760523796082,-5.330337060627244e-8,-0.6399986147880554],8,0.9440169334411621],[[765.4332885742188,223.3941650390625,42.598388671875,-0.625131368637085,-6.859246326484936e-8,0.7805195450782776,-9.495732200548446e-8,1,1.1827591350765943e-8,-0.7805195450782776,-6.67222437300552e-8,-0.625131368637085],8,0.9529759883880615],[[765.3494262695313,223.4086151123047,42.49475860595703,-0.6251329183578491,-6.273852193316998e-8,0.7805182933807373,-8.5310212227796e-8,1,1.205391342296025e-8,-0.7805182933807373,-5.905088329427599e-8,-0.6251329183578491],8,0.9631533622741699],[[765.2243041992188,223.42359924316407,42.338722229003909,-0.6223971843719482,-5.3754998674548918e-8,0.7827015519142151,-7.084618403041532e-8,1,1.2342551869437557e-8,-0.7827015519142151,-4.776944706463837e-8,-0.6223971843719482],8,0.9735825061798096],[[765.1412353515625,223.43040466308595,42.234439849853519,-0.6251331567764282,-4.807403541917665e-8,0.780518114566803,-6.120938422782274e-8,1,1.2568603047213856e-8,-0.780518114566803,-3.991798180891237e-8,-0.6251331567764282],8,0.9843235015869141],[[765.0162963867188,223.4374237060547,42.07826614379883,-0.6305678486824036,-3.9584502786738088e-8,0.7761341333389282,-4.676461529129483e-8,1,1.3008366828159979e-8,-0.7761341333389282,-2.8092957293779365e-8,-0.6305678486824036],8,0.9958138465881348],[[764.8904418945313,223.44189453125,41.92287063598633,-0.6546592712402344,-3.168675632991835e-8,0.7559241056442261,-3.235006218460512e-8,1,1.3901511053404647e-8,-0.7559241056442261,-1.5353439408727355e-8,-0.6546592712402344],8,1.008126974105835],[[764.716796875,223.44540405273438,41.72048568725586,-0.6742331385612488,-2.0404780087801556e-8,0.7385185956954956,-1.3182781088971751e-8,1,1.559407358797671e-8,-0.7385185956954956,7.783126920735128e-10,-0.6742331385612488],8,1.0286157131195069],[[764.5858764648438,224.09768676757813,41.569217681884769,-0.7604142427444458,-1.1403382238484028e-8,0.6494383811950684,9.14682163344338e-10,1,1.8629819464877074e-8,-0.6494383811950684,1.4760409783320938e-8,-0.7604142427444458],3,1.0414998531341553],[[764.39453125,224.91970825195313,41.38452911376953,-0.7675183415412903,1.6561805260550955e-9,0.6410269737243652,2.120970599150951e-8,1,2.2811299515979046e-8,-0.6410269737243652,3.110408641759932e-8,-0.7675183415412903],5,1.072270393371582],[[764.0164794921875,226.22711181640626,41.111793518066409,-0.7755155563354492,2.7751815068199904e-8,0.6313284635543823,5.794014512616741e-8,1,2.7215103060029834e-8,-0.6313284635543823,5.768499988789699e-8,-0.7755155563354492],5,1.0896718502044678],[[763.7252807617188,227.05877685546876,40.951316833496097,-0.856972873210907,5.7505623374254358e-8,0.515361487865448,8.4719843584935e-8,1,2.9293980574607305e-8,-0.515361487865448,6.876549463186166e-8,-0.856972873210907],5,1.1021149158477784],[[763.5411987304688,227.51690673828126,40.873619079589847,-0.9197705388069153,8.089216407825006e-8,0.39245662093162539,1.0103914860337682e-7,1,3.068024057029106e-8,-0.39245662093162539,6.787226425331028e-8,-0.9197705388069153],5,1.115814447402954],[[763.3517456054688,227.94436645507813,40.80996322631836,-0.9420295357704163,1.0006898065739733e-7,0.33553001284599306,1.175832551325584e-7,1,3.188363351114276e-8,-0.33553001284599306,6.948803132900139e-8,-0.9420295357704163],5,1.1287786960601807],[[763.158447265625,228.34117126464845,40.75910949707031,-0.9515736103057861,1.1797421706205569e-7,0.3074210286140442,1.3443907675991796e-7,1,3.238054446796923e-8,-0.3074210286140442,7.214187291992858e-8,-0.9515736103057861],5,1.1394641399383546],[[763.0284423828125,228.58868408203126,40.729854583740237,-0.97517991065979,1.349695253338723e-7,0.22141389548778535,1.458652008068384e-7,1,3.285834537791743e-8,-0.22141389548778535,6.433938182226484e-8,-0.97517991065979],5,1.1487085819244385],[[762.8971557617188,228.82257080078126,40.706947326660159,-0.9809852242469788,1.4804258796630166e-7,0.1940823495388031,1.5746161352581113e-7,1,3.3104104346648458e-8,-0.1940823495388031,6.303515220906775e-8,-0.9809852242469788],5,1.1587629318237305],[[762.6329345703125,229.2494659423828,40.671302795410159,-0.9773930311203003,1.3897491157877085e-7,0.21143051981925965,1.4739055131940405e-7,1,2.4043798063644318e-8,-0.21143051981925965,5.4663100712559756e-8,-0.9773930311203003],5,1.1758580207824708],[[762.4337768554688,229.53387451171876,40.65349578857422,-0.9876986742019653,1.1267370325640513e-7,0.15636907517910005,1.1570046609676865e-7,1,1.0254548321597668e-8,-0.15636907517910005,2.8220378922583224e-8,-0.9876986742019653],5,1.1866929531097413],[[762.3007202148438,229.70643615722657,40.645023345947269,-0.9943632483482361,9.409771450918925e-8,0.10602676868438721,9.483932217335678e-8,1,1.952530359616844e-9,-0.10602676868438721,1.1997030924248975e-8,-0.9943632483482361],5,1.1989023685455323],[[762.1009521484375,229.93975830078126,40.63630676269531,-0.993778645992279,6.422747844680998e-8,0.11137348413467407,6.367159954834278e-8,1,-8.547877961007089e-9,-0.11137348413467407,-1.4033700868054667e-9,-0.993778645992279],5,1.2083451747894288],[[761.9676513671875,230.07826232910157,40.63375473022461,-0.9978188276290894,4.3895685308825708e-8,0.06601181626319885,4.302214051676856e-8,1,-1.465469701145139e-8,-0.06601181626319885,-1.1782763209566838e-8,-0.9978188276290894],5,1.2181055545806885],[[761.7677001953125,230.26048278808595,40.63325119018555,-0.9960510730743408,1.3807201604265629e-8,0.0887819156050682,1.1950141320937746e-8,1,-2.1448622433695165e-8,-0.0887819156050682,-2.030296641919449e-8,-0.9960510730743408],5,1.2285473346710206],[[761.6343994140625,230.36492919921876,40.634334564208987,-0.9992738366127014,-7.737729568191299e-9,0.03810267895460129,-8.706536824831801e-9,1,-2.5260309399754989e-8,-0.03810267895460129,-2.5573708484216696e-8,-0.9992738366127014],5,1.240344762802124],[[761.4344482421875,230.4960479736328,40.639312744140628,-0.997923731803894,-3.790148639382096e-8,0.0644063949584961,-3.9824502806595777e-8,1,-2.8573726496006203e-8,-0.0644063949584961,-3.107935242496751e-8,-0.997923731803894],5,1.2537415027618409],[[761.1678466796875,230.62319946289063,40.64846420288086,-0.9960389733314514,-7.86330147661829e-8,0.08891740441322327,-8.15128089470818e-8,1,-2.8756158343412609e-8,-0.08891740441322327,-3.58901601771322e-8,-0.9960389733314514],5,1.2676382064819337],[[761.03466796875,230.6663360595703,40.654056549072269,-0.9997490644454956,-1.0188432497670874e-7,0.022400787100195886,-1.0253432947138208e-7,1,-2.7868260588093109e-8,-0.022400787100195886,-3.0158116004486149e-8,-0.9997490644454956],5,1.2786922454833985],[[760.8348999023438,230.7054901123047,40.66285705566406,-0.9984481334686279,-1.326242085042395e-7,0.055690016597509387,-1.3416219246664696e-7,1,-2.3878406807398279e-8,-0.055690016597509387,-3.1312843873365639e-8,-0.9984481334686279],5,1.2885620594024659],[[760.6351318359375,230.7139892578125,40.67169952392578,-0.9984481334686279,-1.4724615482464288e-7,0.055690061300992969,-1.483109315358888e-7,1,-1.498671764466053e-8,-0.055690061300992969,-2.3222904488306996e-8,-0.9984481334686279],5,1.3017375469207764],[[760.4415893554688,230.69183349609376,40.69403839111328,-0.9990351796150208,-1.2722296105494025e-7,0.04391706362366676,-1.2743065269660293e-7,1,-1.929478798956552e-9,-0.04391706362366676,-7.52399742509624e-9,-0.9990351796150208],5,1.3157880306243897],[[760.1983032226563,230.61460876464845,40.75532913208008,-0.9974225759506226,-9.98507232452539e-8,0.07175106555223465,-9.929263455887849e-8,1,1.134485128062579e-8,-0.07175106555223465,4.19125800732445e-9,-0.9974225759506226],5,1.343146562576294],[[759.864501953125,230.39657592773438,40.914920806884769,-0.9894689917564392,-5.928603385996212e-8,0.1447451263666153,-5.6415046856272968e-8,1,2.3939275450857168e-8,-0.1447451263666153,1.5521367302540058e-8,-0.9894689917564392],5,1.3635241985321046],[[759.6617431640625,230.18310546875,41.06685256958008,-0.9930126070976257,-3.106193346980035e-8,0.11800847947597504,-2.7788743750534196e-8,1,2.9382302813019124e-8,-0.11800847947597504,2.589768932637071e-8,-0.9930126070976257],5,1.3707773685455323],[[759.516845703125,229.9872283935547,41.20204544067383,-0.9943914413452148,-9.614628204701603e-9,0.10576237738132477,-6.269037733375171e-9,1,3.196553066686647e-8,-0.10576237738132477,3.112322133347334e-8,-0.9943914413452148],5,1.3849036693572999],[[759.3716430664063,229.7606964111328,41.339420318603519,-0.9906904697418213,1.070690291982146e-8,0.13613377511501313,1.5284927101788527e-8,1,3.258359981828107e-8,-0.13613377511501313,3.436105444620807e-8,-0.9906904697418213],5,1.3951482772827149],[[759.2725830078125,229.5926513671875,41.42862319946289,-0.9937297701835632,2.588009095916277e-8,0.11180837452411652,2.969336243552334e-8,1,3.24402265050594e-8,-0.11180837452411652,3.555678773636828e-8,-0.9937297701835632],5,1.4045164585113526],[[759.1229858398438,229.3150177001953,41.56134796142578,-0.9889876842498779,4.620110871655925e-8,0.14799796044826508,5.129734859110613e-8,1,3.0617560042855987e-8,-0.14799796044826508,3.787229019280858e-8,-0.9889876842498779],5,1.4158310890197755],[[759.0225219726563,229.11289978027345,41.64897537231445,-0.9924360513687134,6.171228505991167e-8,0.12276265770196915,6.574914834800438e-8,1,2.8832406684387025e-8,-0.12276265770196915,3.668586145977315e-8,-0.9924360513687134],5,1.4269585609436036],[[758.8917846679688,229.16383361816407,41.739505767822269,-0.9981368184089661,0.0021468678023666145,0.06097790598869324,0.0021284848917275669,0.9999976754188538,-0.0003664234827738255,-0.06097855046391487,-0.000235950225032866,-0.9981390237808228],12,1.4386682510375977],[[758.79736328125,229.29701232910157,41.760215759277347,-0.9994565844535828,0.0030380478128790857,0.03282257169485092,0.0030255564488470556,0.9999953508377075,-0.00043023680336773396,-0.032823722809553149,-0.00033069640630856156,-0.9994611144065857],12,1.4496397972106934],[[758.6376953125,229.47059631347657,41.8019905090332,-0.9990187287330627,0.0017750319093465806,0.04425451159477234,0.001852340530604124,0.9999968409538269,0.001705956645309925,-0.04425134137272835,0.0017862569075077773,-0.9990188479423523],8,1.470094919204712],[[758.5733642578125,229.50978088378907,41.802616119384769,-0.9981996417045593,0.0029515244532376529,0.0599062442779541,0.003054124303162098,0.9999940395355225,0.0016211861511692405,-0.059901099652051929,0.0018012284999713302,-0.9982026815414429],5,1.481905221939087],[[758.4806518554688,229.53782653808595,41.78082275390625,-0.9972374439239502,0.0035701049491763117,0.07419360429048538,0.0036992570385336878,0.9999918937683106,0.0016033959109336138,-0.0741872787475586,0.0018734276527538896,-0.9972425699234009],5,1.4928016662597657],[[758.21484375,229.43673706054688,41.6434440612793,-0.9877569079399109,-0.0011142181465402246,0.15599681437015534,-0.0008205474587157369,0.9999977946281433,0.0019469255348667503,-0.15599863231182099,0.001795086427591741,-0.9877556562423706],5,1.5293748378753663],[[758.1542358398438,229.3788299560547,41.615543365478519,-0.9991790652275086,-0.0010388274677097798,0.0404977947473526,-0.0009752322221174836,0.9999982714653015,0.0015900626312941313,-0.04049937427043915,0.0015492625534534455,-0.9991783499717712],5,1.5370855331420899],[[758.0484619140625,229.2664031982422,41.58229446411133,-0.9970499873161316,-0.0006195512833073735,0.07675213366746903,-0.0005571037181653082,0.9999995231628418,0.0008350349380634725,-0.07675261795520783,0.0007898127078078687,-0.997049868106842],5,1.5487585067749024],[[757.9500122070313,229.1233367919922,41.555538177490237,-0.9999273419380188,-0.00019979507487732917,0.012051663361489773,-0.00019614139455370605,0.9999999403953552,0.0003043514443561435,-0.012051722966134549,0.00030196551233530045,-0.9999273419380188],5,1.5729906558990479],[[757.8338623046875,229.0928955078125,41.524085998535159,-0.9998857378959656,0.00002616230267449282,-0.01511817704886198,0.000026722787879407407,1,-0.000036871584597975019,0.015118176117539406,-0.00003727136936504394,-0.9998857378959656],12,1.5990872383117676],[[757.7734375,229.0926971435547,41.50782012939453,-0.9997423887252808,0.000009118196430790704,-0.02269596792757511,0.000009455914550926537,1,-0.000014772780559724197,0.02269596792757511,-0.000014983586879679934,-0.9997423887252808],12,1.6112873554229737],[[757.7709350585938,229.0926971435547,41.50713348388672,-0.9999569654464722,2.6311374767828968e-7,-0.009279386140406132,2.6820541165761826e-7,1,-5.474603312904947e-7,0.009279386140406132,-5.49925573523069e-7,-0.9999569654464722],12,1.6202759742736817],[[757.7708129882813,229.0926971435547,41.50709533691406,-0.9999507665634155,-0.0000015337200238718652,0.009923973120748997,-0.0000015101909411896486,1,0.0000023784318727848587,-0.009923973120748997,0.00000236332766689884,-0.9999507665634155],12,1.6313588619232178],[[757.7708129882813,229.0926971435547,41.5070915222168,-0.9990712404251099,-0.0000010382041182310787,0.04308835417032242,-9.690713795862394e-7,1,0.0000016253280819000793,-0.04308835417032242,0.0000015820628505025525,-0.9990712404251099],12,1.6445274353027344],[[757.7708129882813,229.0926971435547,41.5070915222168,-0.9860215187072754,-3.304021163330617e-7,0.16661813855171204,-2.7395162760512905e-7,1,3.617849699821818e-7,-0.16661813855171204,3.110824593477446e-7,-0.9860215187072754],12,1.658355474472046],[[757.7708129882813,229.0926971435547,41.5070915222168,-0.9660031795501709,4.2117875409530828e-8,0.2585301995277405,7.896794329553814e-9,1,-1.334062602609265e-7,-0.2585301995277405,-1.2682930616847444e-7,-0.9660031795501709],12,1.672328233718872],[[757.7708129882813,229.3447723388672,41.5070915222168,-0.7834464907646179,8.135939566500383e-8,0.6214592456817627,2.1656887838616968e-8,1,-1.0361481628251568e-7,-0.6214592456817627,-6.771779226255603e-8,-0.7834464907646179],12,1.6963424682617188],[[757.710205078125,229.46405029296876,41.3386344909668,-0.5597402453422546,-0.00031831167871132493,0.8286680579185486,0.001196552300825715,0.9999985694885254,0.001192358904518187,-0.8286672234535217,0.0016589559381827713,-0.5597391128540039],8,1.7198634147644044],[[757.5501708984375,229.59158325195313,41.1247444152832,-0.31233739852905276,-0.00014098981046117842,0.9499711990356445,0.0003279996744822711,0.9999999403953552,0.0002562565787229687,-0.9499711990356445,0.00039162879693321884,-0.31233730912208559],8,1.728731393814087],[[757.45068359375,230.2541046142578,41.01632308959961,-0.2981293499469757,0.00021139445016160607,0.9545254707336426,-0.0005079092807136476,0.9999998211860657,-0.00038010202115401626,-0.954525351524353,-0.000598131911829114,-0.2981291711330414],3,1.7413241863250733],[[757.3873901367188,230.685546875,40.93740463256836,-0.312278151512146,0.00024360745737794787,0.9499906897544861,-0.0006485445774160326,0.9999997019767761,-0.00046961900079622865,-0.9499905109405518,-0.0007627630257047713,-0.3122778832912445],5,1.760338306427002],[[757.2713012695313,231.507568359375,40.75186538696289,-0.36565935611724856,0.00006110493268352002,0.9307487607002258,-0.00036656431620940566,0.9999999403953552,-0.00020966195734217763,-0.930748701095581,-0.00041784413042478263,-0.36565929651260378],5,1.768272876739502],[[757.181884765625,232.08831787109376,40.588584899902347,-0.4653675854206085,-0.00003518162338878028,0.8851175308227539,-0.00016607849102001637,1,-0.00004757100032293238,-0.8851174712181091,-0.00016913698345888406,-0.4653675854206085],5,1.778529405593872],[[757.1132202148438,232.4584503173828,40.476436614990237,-0.5661901831626892,-0.00005142060763319023,0.8242746591567993,-0.00008367738337256014,1,0.000004905276000499725,-0.8242746591567993,-0.00006619582563871518,-0.5661901831626892],5,1.7913062572479249],[[756.9953002929688,232.9881134033203,40.31581497192383,-0.6583783626556397,-0.000034346565371379259,0.7526871562004089,-0.000019779628928517924,1,0.000028330607165116818,-0.7526871562004089,0.000003764385837712325,-0.6583783626556397],5,1.8010754585266114],[[756.8621215820313,233.48712158203126,40.16764831542969,-0.7005915641784668,-0.000011974848348472733,0.713562548160553,0.0000037456745758390754,1,0.00002045936525973957,-0.713562548160553,0.000017006432244670579,-0.7005915641784668],5,1.8118095397949219],[[756.764404296875,233.80274963378907,40.077491760253909,-0.7758898138999939,-0.000001784485448297346,0.6308684349060059,0.000007988083780219313,1,0.00001265296850760933,-0.6308684349060059,0.000014856739653623663,-0.7758898138999939],5,1.8220429420471192],[[756.6063842773438,234.2506561279297,39.955631256103519,-0.7713853716850281,0.0000026897255338553807,0.6363683342933655,0.000006805566954426467,1,0.000004022810117021436,-0.6363683342933655,0.000007433984137605876,-0.7713853716850281],5,1.833353042602539],[[756.4411010742188,234.66790771484376,39.84317398071289,-0.7856394648551941,0.0000027739856705011336,0.6186846494674683,0.000003630066430559964,1,1.2597338638897782e-7,-0.6186846494674683,0.0000023448360479960685,-0.7856394648551941],5,1.8446145057678223],[[756.3291015625,234.9290313720703,39.770835876464847,-0.8279673457145691,0.000002049595195785514,0.5607763528823853,0.000001964632247108966,1,-7.542114985881199e-7,-0.5607763528823853,4.772567763211555e-7,-0.8279673457145691],5,1.8550307750701905],[[756.1572265625,235.29519653320313,39.668601989746097,-0.8209748864173889,8.493601058034983e-7,0.5709643363952637,4.745295996144705e-7,1,-8.052748512454855e-7,-0.5709643363952637,-3.901709533238318e-7,-0.8209748864173889],5,1.8662984371185303],[[756.0410766601563,235.5222625732422,39.603084564208987,-0.8516607880592346,3.1977307912711697e-7,0.5240933895111084,2.1589388055076598e-8,1,-5.750621312472504e-7,-0.5240933895111084,-4.784429847859428e-7,-0.8516607880592346],5,1.877243995666504],[[755.8646240234375,235.8373260498047,39.508975982666019,-0.8606216311454773,-3.705627449335225e-8,0.509244978427887,-1.8684637836940966e-7,1,-2.4300240397678865e-7,-0.509244978427887,-3.0428370223489767e-7,-0.8606216311454773],5,1.888824224472046],[[755.68408203125,236.12173461914063,39.42304611206055,-0.873661458492279,-1.2455203091121803e-7,0.48653432726860049,-1.6326237073371886e-7,1,-3.7169037625517379e-8,-0.48653432726860049,-1.1190590498699749e-7,-0.873661458492279],5,1.9003655910491944],[[755.5009155273438,236.37547302246095,39.34265899658203,-0.8979467153549194,-1.1801525090504583e-7,0.4401041567325592,-9.913093634850157e-8,1,6.589566226011812e-8,-0.4401041567325592,1.554285589122628e-8,-0.8979467153549194],5,1.9129383563995362],[[755.3141479492188,236.59857177734376,39.27110290527344,-0.9069722890853882,-7.949510916205327e-8,0.4211903512477875,-2.8568560850317227e-8,1,1.2722090048100655e-7,-0.4211903512477875,1.0335303102237958e-7,-0.9069722890853882],5,1.9253482818603516],[[755.1256103515625,236.791015625,39.20454025268555,-0.9218093752861023,-2.8815884789423764e-8,0.3876435458660126,2.2856754711142459e-8,1,1.286889812490699e-7,-0.3876435458660126,1.2748698452469399e-7,-0.9218093752861023],5,1.936628818511963],[[754.9985961914063,236.9022674560547,39.16413879394531,-0.9391050338745117,9.428349656559476e-9,0.3436301648616791,5.717780027225672e-8,1,1.2882341593467573e-7,-0.3436301648616791,1.4062673869830179e-7,-0.9391050338745117],5,1.947901725769043],[[754.8068237304688,237.04360961914063,39.10737228393555,-0.9360234141349793,4.85534705774171e-8,0.3519377112388611,9.514909038443875e-8,1,1.151007893440692e-7,-0.3519377112388611,1.4122359459634027e-7,-0.9360234141349793],5,1.9602348804473878],[[754.61376953125,237.154296875,39.05508804321289,-0.9443513751029968,7.659494372092013e-8,0.32893848419189455,1.0764176749944454e-7,1,7.617445874075202e-8,-0.32893848419189455,1.0734297717363006e-7,-0.9443513751029968],5,1.9740204811096192],[[754.3546752929688,237.2541961669922,38.9919548034668,-0.9378100633621216,1.0709006659226361e-7,0.34714874625205996,1.229285260251345e-7,1,2.3602380494480714e-8,-0.34714874625205996,6.480903635974755e-8,-0.9378100633621216],5,1.9869437217712403],[[754.1597290039063,237.29335021972657,38.94752883911133,-0.9573062658309937,1.3418562616607233e-7,0.2890755832195282,1.3527666453683197e-7,1,-1.6204872110847647e-8,-0.2890755832195282,2.3592155784513126e-8,-0.9573062658309937],5,1.9990267753601075],[[754.0291137695313,237.30242919921876,38.92094802856445,-0.9703239798545837,1.501274340398595e-7,0.24180856347084046,1.4396916014902673e-7,1,-4.3136207494853809e-8,-0.24180856347084046,-7.043121197369828e-9,-0.9703239798545837],5,2.010380268096924],[[753.772705078125,237.27969360351563,38.89297103881836,-0.964897871017456,1.2970637897069538e-7,0.26262548565864565,1.1614948647320489e-7,1,-6.71450095524051e-8,-0.26262548565864565,-3.428425898732712e-8,-0.964897871017456],5,2.026045083999634],[[753.5859375,237.2268829345703,38.897457122802737,-0.9789711833000183,9.824753277598575e-8,0.2039985954761505,8.419852548513518e-8,1,-7.754760389389048e-8,-0.2039985954761505,-5.874048625287287e-8,-0.9789711833000183],5,2.0506863594055177],[[753.2863159179688,237.07073974609376,38.95319366455078,-0.9727030992507935,5.1184223082145766e-8,0.23205329477787019,3.101279943962254e-8,1,-9.057391281430682e-8,-0.23205329477787019,-8.090489700407488e-8,-0.9727030992507935],5,2.059135913848877],[[753.114013671875,236.93617248535157,39.015472412109378,-0.9879332184791565,1.4462292696748591e-8,0.15488028526306153,-6.731014634553389e-10,1,-9.767074260480513e-8,-0.15488028526306153,-9.659642330461793e-8,-0.9879332184791565],5,2.070127248764038],[[752.9481201171875,236.77096557617188,39.09917449951172,-0.9896305203437805,-1.714085406945287e-8,0.1436365246772766,-3.233072121133773e-8,1,-1.0341808831526578e-7,-0.1436365246772766,-1.069895674277177e-7,-0.9896305203437805],5,2.084054708480835],[[752.7890014648438,236.57508850097657,39.20414352416992,-0.9919863343238831,-4.9890278575048799e-8,0.12634512782096864,-6.405547026133718e-8,1,-1.08052205405329e-7,-0.12634512782096864,-1.1527940557698457e-7,-0.9919863343238831],5,2.1060266494750978],[[752.5387573242188,236.18051147460938,39.41878890991211,-0.9865230321884155,-9.749521012736295e-8,0.16362252831459046,-1.1732535654118692e-7,1,-1.1153078816050766e-7,-0.16362252831459046,-1.2922475889354247e-7,-0.9865230321884155],5,2.117523670196533],[[752.441162109375,235.9988250732422,39.50963592529297,-0.9974159002304077,-1.0438686359748317e-7,0.07184355705976486,-1.1123135834623099e-7,1,-9.126862465791419e-8,-0.07184355705976486,-9.902403519390646e-8,-0.9974159002304077],5,2.1263270378112795],[[752.3447875976563,235.80352783203126,39.601768493652347,-0.9979099035263062,-1.0021417296002255e-7,0.06462060660123825,-1.0505507930247404e-7,1,-7.151491132617594e-8,-0.06462060660123825,-7.815416580569945e-8,-0.9979099035263062],5,2.136430501937866],[[752.2014770507813,235.48501586914063,39.74128723144531,-0.9964770674705505,-9.130277334179482e-8,0.08386585861444473,-9.523233046593305e-8,1,-4.2854839676920167e-8,-0.08386585861444473,-5.069060549089954e-8,-0.9964770674705505],5,2.1468799114227297],[[752.0592041015625,235.1358642578125,39.88184356689453,-0.9970438480377197,-8.375126014925627e-8,0.07683490216732025,-8.516170169059478e-8,1,-1.5080209081475006e-8,-0.07683490216732025,-2.1579019460205019e-8,-0.9970438480377197],5,2.158022403717041],[[751.9649658203125,234.8860626220703,39.97616195678711,-0.9993240237236023,-7.87584184536172e-8,0.036762844771146777,-7.8694533556245e-8,1,3.1847988690714148e-9,-0.036762844771146777,2.8961105735803019e-10,-0.9993240237236023],5,2.1685919761657717],[[751.8255004882813,234.48580932617188,40.11946487426758,-0.9984267354011536,-7.002962121305245e-8,0