[[[776,222.69961547851563,47,1,1.620814238378898e-8,1.3377276886314838e-14,-1.620814238378898e-8,1,4.218424010105082e-8,-1.2693548503159378e-14,-4.218424010105082e-8,1],8,0.0048334598541259769],[[776,222.69961547851563,47,1,3.0059045030839118e-8,1.440251116611134e-14,-3.0059045030839118e-8,1,7.823340553159142e-8,-1.205088935948449e-14,-7.823340553159142e-8,1],8,0.026594877243041993],[[776,222.69961547851563,47,1,4.043945622811407e-8,1.5498080520748998e-14,-4.043945622811407e-8,1,1.0525006644002133e-7,-1.124182551112381e-14,-1.0525006644002133e-7,1],8,0.036565542221069339],[[776,222.69961547851563,47,1,2.5959273841635878e-8,1.443760882331377e-14,-2.5959273841635878e-8,1,6.756307868727163e-8,-1.2683721226905334e-14,-6.756307868727163e-8,1],8,0.0553281307220459],[[776,222.69961547851563,47,1,1.4386261959487001e-8,1.3965038977645228e-14,-1.4386261959487001e-8,1,3.7442472233806259e-8,-1.3426381927366012e-14,-3.7442472233806259e-8,1],8,0.07073307037353516],[[776,222.69961547851563,47,1,5.712992745543488e-9,1.3838349953790297e-14,-5.712992745543488e-9,1,1.4868899889108889e-8,-1.3753403560609005e-14,-1.4868899889108889e-8,1],8,0.0870814323425293],[[775.9646606445313,222.69961547851563,46.77676010131836,0.99981290102005,-8.502698989332203e-9,0.019344663247466089,8.940889806297037e-9,1,-2.2565242119299e-8,-0.019344663247466089,2.273397825547363e-8,0.99981290102005],8,0.10727334022521973],[[775.923095703125,222.69961547851563,46.51470184326172,0.9992755055427551,-1.9422142116809483e-8,0.038058970123529437,2.141783461695468e-8,1,-5.202915076552017e-8,-0.038058970123529437,5.280659820527944e-8,0.9992755055427551],8,0.12627720832824708],[[775.88134765625,222.69961547851563,46.251346588134769,0.998501718044281,-2.994976355807921e-8,0.05472073331475258,3.4439239016137438e-8,1,-8.110038862696456e-8,-0.05472073331475258,8.286341568464195e-8,0.998501718044281],8,0.13763952255249024],[[775.839599609375,222.69961547851563,45.98796463012695,0.997608482837677,-4.013591237139735e-8,0.0691181868314743,4.78432298223197e-8,1,-1.0985385046069496e-7,-0.0691181868314743,1.128979718600931e-7,0.997608482837677],8,0.15580368041992188],[[775.7978515625,222.69961547851563,45.72458267211914,0.9966742396354675,-2.6645890827126096e-8,0.08148917555809021,3.271277648764226e-8,1,-7.311511041052654e-8,-0.08148917555809021,7.553768455181853e-8,0.9966742396354675],8,0.17763805389404298],[[775.7665405273438,222.69961547851563,45.52704620361328,0.9959827065467835,-1.6736962038521598e-8,0.08954592049121857,2.0926753663275123e-8,1,-4.585047364003003e-8,-0.08954592049121857,4.754018334551802e-8,0.9959827065467835],8,0.18669629096984864],[[775.71435546875,222.69961547851563,45.197818756103519,0.9948655366897583,-5.605906294725571e-10,0.10120545327663422,6.511894357075221e-10,1,-8.621606206737908e-10,-0.10120545327663422,9.236377773724769e-10,0.9948655366897583],8,0.20402956008911134],[[775.6830444335938,222.69961547851563,45.000282287597659,0.994236409664154,8.964469166983236e-9,0.10720989108085633,-1.1809373923199474e-8,1,2.5900970257453083e-8,-0.10720989108085633,-2.7017769355097699e-8,0.994236409664154],8,0.22036218643188477],[[775.4656982421875,222.69961547851563,44.772281646728519,-0.2565191984176636,-1.1842975489173569e-8,0.9665391445159912,-5.573200212438678e-8,1,-2.5382855817213114e-9,-0.9665391445159912,-5.451828144487081e-8,-0.2565191984176636],8,0.24055695533752442],[[775.2504272460938,222.69961547851563,44.61526870727539,-0.18269336223602296,5.625172327938799e-9,0.9831699132919312,-9.188729421794051e-8,1,-2.279602995258756e-8,-0.9831699132919312,-9.450550919609668e-8,-0.18269336223602296],8,0.2608616352081299],[[775.0346069335938,222.69961547851563,44.458526611328128,-0.12883074581623078,1.6166657346161629e-8,0.9916666150093079,-9.453971472339617e-8,1,-2.858448588938245e-8,-0.9916666150093079,-9.743443740717339e-8,-0.12883074581623078],8,0.2705678939819336],[[774.783935546875,222.69961547851563,44.438289642333987,-0.09952504187822342,1.7744673286301805e-8,0.9950350522994995,-6.245952022254642e-8,1,-2.408051713587156e-8,-0.9950350522994995,-6.454602186067859e-8,-0.09952504187822342],8,0.28957533836364748],[[774.51904296875,222.69961547851563,44.46461868286133,-0.07324328273534775,1.8135603241375976e-8,0.9973140954971314,-3.030377371260329e-8,1,-2.0409970602486284e-8,-0.9973140954971314,-3.171727414041925e-8,-0.07324328273534775],8,0.31177210807800295],[[774.2532348632813,222.69961547851563,44.48516845703125,-0.05055961012840271,1.7545966457532815e-8,0.9987210631370544,1.89908200276534e-9,1,-1.7472297386689207e-8,-0.9987210631370544,1.0132605865464939e-9,-0.05055961012840271],8,0.32096099853515627],[[774.0535278320313,222.69961547851563,44.496158599853519,-0.03485117107629776,1.6549224213235904e-8,0.9993925094604492,2.606476279254366e-8,1,-1.565034324357839e-8,-0.9993925094604492,2.550349620378256e-8,-0.03485117107629776],8,0.33712100982666018],[[773.7203979492188,222.69961547851563,44.50844955444336,-0.020882830023765565,1.4561557293291117e-8,0.9997819066047669,6.634493843193923e-8,1,-1.3178961033588621e-8,-0.9997819066047669,6.605525726399719e-8,-0.020882830023765565],8,0.3561248779296875],[[773.4537963867188,222.69961547851563,44.51457214355469,-0.015643630176782609,1.2912733993175607e-8,0.9998776316642761,9.854799998265662e-8,1,-1.1372477182192143e-8,-0.9998776316642761,9.835803638225116e-8,-0.015643630176782609],8,0.3729093074798584],[[773.2538452148438,222.69961547851563,44.51791000366211,-0.012150662019848824,1.1592924842318553e-8,0.9999261498451233,1.2268682780813834e-7,1,-1.0102945147139053e-8,-0.9999261498451233,1.2255500791980013e-7,-0.012150662019848824],8,0.3929774761199951],[[772.9205932617188,222.69961547851563,44.52211380004883,-0.003417682135477662,3.1831635105561419e-9,0.999994158744812,7.162392279269625e-8,1,-2.9383928623616386e-9,-0.999994158744812,7.161346360362586e-8,-0.003417682135477662],8,0.40395593643188479],[[772.6539916992188,222.69961547851563,44.52336883544922,0.010556185618042946,-3.6834264527385587e-9,0.999944269657135,3.0896860181428568e-8,1,3.357460531816514e-9,-0.999944269657135,3.085969524363463e-8,0.010556185618042946],8,0.4215974807739258],[[772.4540405273438,222.69961547851563,44.521793365478519,0.028019852936267854,-8.617765168139613e-9,0.9996073842048645,4.614617299392165e-10,1,8.608214585592578e-9,-0.9996073842048645,2.2007963507153506e-10,0.028019852936267854],8,0.4410676956176758],[[772.1207885742188,222.69961547851563,44.513179779052737,0.041985366493463519,-1.5940237574341155e-8,0.9991182088851929,-5.0093735382006346e-8,1,1.8059365558542596e-8,-0.9991182088851929,-5.080779175159478e-8,0.041985366493463519],8,0.45361924171447756],[[771.8543701171875,222.6996307373047,44.50253677368164,0.041985366493463519,-2.1790802051668835e-8,0.9991182088851929,-9.049903582081243e-8,1,2.5613021037429463e-8,-0.9991182088851929,-9.149460566959533e-8,0.041985366493463519],8,0.4706995487213135],[[771.6546020507813,222.69964599609376,44.4941520690918,0.04372994229197502,-2.2422623757734074e-8,0.9990434050559998,-1.0311509868188296e-7,1,2.6957629017942965e-8,-0.9990434050559998,-1.0419531548677696e-7,0.04372994229197502],8,0.48723292350769045],[[771.3216552734375,222.69964599609376,44.47964096069336,0.04023924097418785,-1.2134421467635548e-8,0.999190092086792,-6.526148865759751e-8,1,1.477245881176259e-8,-0.999190092086792,-6.580306433079386e-8,0.04023924097418785],8,0.504690408706665],[[771.0552978515625,222.69964599609376,44.46877670288086,0.024526800960302354,-4.653869289938939e-9,0.9996991753578186,-3.485834554339817e-8,1,5.510490730387119e-9,-0.9996991753578186,-3.498301381910096e-8,0.024526800960302354],8,0.5207161903381348],[[770.8553466796875,222.69969177246095,44.46327590942383,0.00007550045847892761,8.724841404905703e-10,1,-1.1910128883130256e-8,1,-8.715849708629264e-10,-1,-1.1910063157927198e-8,0.00007550045847892761],8,0.5372641086578369],[[770.5220947265625,222.69969177246095,44.46224594116211,-0.022629432380199434,1.1226664042851553e-8,0.9997439384460449,2.6535680319739187e-8,1,-1.0628898650111296e-8,-0.9997439384460449,2.6288359933346329e-8,-0.022629432380199434],8,0.5546534061431885],[[770.2554931640625,223.56259155273438,44.4621696472168,-0.04357801005244255,2.026686374279052e-8,0.9990500211715698,5.741947362025712e-8,1,-1.778152913800568e-8,-0.9990500211715698,5.659004287394964e-8,-0.04357801005244255],3,0.5727910995483398],[[770.0556640625,224.1739959716797,44.46922302246094,-0.05666014924645424,2.7418684211966139e-8,0.9983935356140137,8.061903145062388e-8,1,-2.2887565620521856e-8,-0.9983935356140137,7.919270927914113e-8,-0.05666014924645424],5,0.5919356346130371],[[769.7228393554688,225.1248779296875,44.48775100708008,-0.06927598267793656,3.918195190522056e-8,0.9975975155830383,1.1934190524698352e-7,1,-3.098887191299582e-8,-0.9975975155830383,1.1690840295841554e-7,-0.06927598267793656],5,0.6043059825897217],[[769.456787109375,225.82427978515626,44.50625991821289,-0.08355958014726639,4.952712728822917e-8,0.9965027570724487,1.5037339551327023e-7,1,-3.7091705706870928e-8,-0.9965027570724487,1.4674814963200334e-7,-0.08355958014726639],5,0.6215369701385498],[[769.1911010742188,226.46917724609376,44.528480529785159,-0.08799543976783753,4.247088369879748e-8,0.9961208701133728,1.305478178892372e-7,1,-3.110393009819745e-8,-0.9961208701133728,1.2730440346331307e-7,-0.08799543976783753],5,0.6372556686401367],[[768.9254760742188,227.0595703125,44.55203628540039,-0.08869542181491852,2.9325276429403858e-8,0.9960588216781616,9.380156740235179e-8,1,-2.108862240390863e-8,-0.9960588216781616,9.15614108976115e-8,-0.08869542181491852],5,0.6537294387817383],[[768.7262573242188,227.4665985107422,44.56980895996094,-0.08886824548244477,1.9405868911803738e-8,0.9960433840751648,6.626482473848228e-8,1,-1.357072498819889e-8,-0.9960433840751648,6.479663738900854e-8,-0.08886824548244477],5,0.669560432434082],[[768.3942260742188,228.0768585205078,44.599430084228519,-0.0888838842511177,2.8594655532288017e-9,0.996042013168335,2.0409817835798095e-8,1,-1.0495155855494432e-9,-0.996042013168335,2.0235750852748425e-8,-0.0888838842511177],5,0.686805009841919],[[768.1286010742188,228.50375366210938,44.62312698364258,-0.08888822048902512,-1.0365893921004954e-8,0.9960415959358215,-1.623892487145895e-8,1,8.957903752104812e-9,-0.9960415959358215,-1.537839189325041e-8,-0.08888822048902512],5,0.7045712471008301],[[767.8629760742188,228.8761444091797,44.64682388305664,-0.0904679149389267,-2.360664907996579e-8,0.9958993792533875,-5.2871218514383148e-8,1,1.8901006981764114e-8,-0.9958993792533875,-5.094447885767295e-8,-0.0904679149389267],5,0.7213501930236816],[[767.5973510742188,229.1940460205078,44.670921325683597,-0.09056497365236283,-3.681700277979871e-8,0.9958905577659607,-8.947436924700014e-8,1,2.88322432595578e-8,-0.9958905577659607,-8.64954898815995e-8,-0.09056497365236283],5,0.7382996082305908],[[767.3981323242188,229.39669799804688,44.689048767089847,-0.08735982328653336,-4.641449891096272e-8,0.9961768388748169,-1.1688874224091706e-7,1,3.634206180436195e-8,-0.9961768388748169,-1.1326702065161953e-7,-0.08735982328653336],5,0.7530319690704346],[[767.0661010742188,229.6663360595703,44.71823501586914,-0.07811018824577332,-5.5239286922414979e-8,0.9969447255134583,-1.4535278580751766e-7,1,4.402024700311813e-8,-0.9969447255134583,-1.4147026661248675e-7,-0.07811018824577332],5,0.7724595069885254],[[766.86669921875,229.7872314453125,44.733970642089847,-0.07054290920495987,-4.4612832539314698e-8,0.9975087642669678,-1.2144535332936358e-7,1,3.6135745062892968e-8,-0.9975087642669678,-1.185936753245187e-7,-0.07054290920495987],5,0.7921531200408936],[[766.5341186523438,229.92062377929688,44.75751495361328,-0.06548003107309342,-2.8177391087069738e-8,0.9978538751602173,-8.168517240392248e-8,1,2.287774236719997e-8,-0.9978538751602173,-8.001183005035273e-8,-0.06548003107309342],5,0.8057737350463867],[[766.3345336914063,229.95977783203126,44.77061462402344,-0.0630754753947258,-1.853585374078648e-8,0.9980087876319885,-5.785830836657624e-8,1,1.4916114565721729e-8,-0.9980087876319885,-5.680225712012543e-8,-0.0630754753947258],5,0.8201956748962402],[[766.0018920898438,229.9569091796875,44.79161834716797,-0.06287220120429993,-2.824488642971801e-9,0.9980216026306152,-1.8175319027591287e-8,1,1.6851000594897415e-9,-0.9980216026306152,-1.8033414761475798e-8,-0.06287220120429993],5,0.837071418762207],[[765.7357788085938,229.893310546875,44.80835723876953,-0.059606168419122699,9.78390701789067e-9,0.9982219934463501,1.3505168539040824e-8,1,-8.994908817783198e-9,-0.9982219934463501,1.2945004179698572e-8,-0.059606168419122699],5,0.8534486293792725],[[765.5361938476563,229.80984497070313,44.82034683227539,-0.05448979139328003,1.9113185700803116e-8,0.9985143542289734,3.7208554459766677e-8,1,-1.711111963231815e-8,-0.9985143542289734,3.622089295163278e-8,-0.05448979139328003],5,0.8706181049346924],[[765.2032470703125,229.60260009765626,44.83857727050781,-0.05119638890028,3.462854181179864e-8,0.9986885786056519,7.663447831873782e-8,1,-3.0745450629865448e-8,-0.9986885786056519,7.495992804251728e-8,-0.05119638890028],5,0.886589527130127],[[765.0321655273438,229.3988494873047,44.869747161865237,0.01981954462826252,0.00008034912752918899,0.9998035430908203,0.00801161490380764,0.9999678730964661,-0.00023918009537737817,-0.9997714757919312,0.008014782331883908,0.019818264991044999],5,0.9042975902557373],[[765.0387573242188,229.227783203125,44.944828033447269,-0.020260434597730638,0.00010989759903168306,0.9997947216033936,0.0076939440332353119,0.9999703764915466,0.000045997832785360518,-0.999765157699585,0.007693296764045954,-0.020260680466890336],5,0.9194045066833496],[[765.0950317382813,228.95199584960938,45.10680389404297,-0.042949892580509189,-0.00005248860179563053,0.9990772008895874,0.003000769065693021,0.9999954700469971,0.0001815385912777856,-0.9990727305412293,0.00300579727627337,-0.04294953867793083],5,0.9375994205474854],[[765.1062622070313,228.5306396484375,45.28696823120117,-0.048251911997795108,-0.000021130625100340695,0.9988352060317993,0.0002525563177186996,0.9999999403953552,0.000033355801861034709,-0.9988351464271545,0.0002538716362323612,-0.04825190454721451],5,0.9541497230529785],[[765.0989379882813,228.13223266601563,45.39828872680664,-0.04359569400548935,-0.000006208183094713604,0.9990492463111877,-0.00012765137944370508,1,6.437448405449686e-7,-0.9990492463111877,-0.00012750194582622498,-0.04359569400548935],5,0.9719979763031006],[[765.0951538085938,228.07272338867188,45.45585250854492,-0.03834421560168266,-1.6142696779297695e-7,0.9992645978927612,-0.00008999138663057238,1,-0.000003291642769909231,-0.9992645978927612,-0.000090051420556847,-0.03834421560168266],12,0.9941244125366211],[[765.0921020507813,228.06942749023438,45.502262115478519,-0.034851640462875369,8.485868647767347e-7,0.9993925094604492,-0.0000024202436179621147,1,-9.335034292234923e-7,-0.9993925094604492,-0.000002451307409501169,-0.034851640462875369],12,1.0053961277008057],[[765.0919189453125,228.0694122314453,45.50505828857422,-0.031359557062387469,2.596622437067708e-7,0.9995081424713135,0.0000073122673711623069,1,-3.036768347897123e-8,-0.9995081424713135,0.00000730771898815874,-0.031359557062387469],12,1.0204057693481446],[[765.0919189453125,228.0694122314453,45.50520706176758,-0.02961336262524128,-5.859189755597072e-8,0.9995614290237427,0.0000032793664104247,1,1.5577329293137155e-7,-0.9995614290237427,0.000003282541229054914,-0.02961336262524128],12,1.0372474193572999],[[765.0919189453125,228.0694122314453,45.505210876464847,-0.02961336262524128,-3.128528547335918e-8,0.9995614290237427,-2.591796999240614e-7,1,2.3620462030748969e-8,-0.9995614290237427,-2.5836652639554816e-7,-0.02961336262524128],12,1.0539214611053467],[[765.0919189453125,228.0694122314453,45.505210876464847,-0.02961336262524128,-4.659483909819073e-9,0.9995614290237427,-3.765410951928061e-7,1,-6.494011994817583e-9,-0.9995614290237427,-3.7656826634702158e-7,-0.02961336262524128],12,1.0697498321533204],[[765.0919189453125,228.0694122314453,45.505210876464847,-0.027867071330547334,1.3273413479453211e-8,0.9996116161346436,-1.130210947053456e-7,1,-1.6429360982783693e-8,-0.9996116161346436,-1.1343504269234472e-7,-0.027867071330547334],12,1.0871484279632569],[[765.0919189453125,228.0694122314453,45.505210876464847,-0.02612069621682167,1.2151310180286146e-8,0.9996588230133057,7.523586731394971e-8,1,-1.0189573629304505e-8,-0.9996588230133057,7.494403320151832e-8,-0.02612069621682167],12,1.1037914752960206],[[765.0919189453125,228.0694122314453,45.505210876464847,-0.022628188133239747,1.4554618621431815e-9,0.9997439384460449,9.953346591373702e-8,1,7.970042958937995e-10,-0.9997439384460449,9.952601942586625e-8,-0.022628188133239747],12,1.121706247329712],[[765.0919189453125,228.0694122314453,45.505210876464847,-0.019135642796754838,-6.7118364199814099e-9,0.99981689453125,1.177717052769367e-7,1,8.967115938673942e-9,-0.99981689453125,1.1792173637559245e-7,-0.019135642796754838],12,1.1368486881256104],[[765.0919189453125,228.0694122314453,45.505210876464847,-0.015642983838915826,-1.107636116159938e-8,0.9998776316642761,7.786011479993249e-8,1,1.2295830131847652e-8,-0.9998776316642761,7.80429303404162e-8,-0.015642983838915826],12,1.1543467044830323],[[765.0919189453125,228.0694122314453,45.505210876464847,-0.008656895719468594,-1.2631002022089888e-8,0.9999625086784363,4.339162984479117e-8,1,1.3007126042907658e-8,-0.9999625086784363,4.350260596197586e-8,-0.008656895719468594],12,1.1697731018066407],[[765.0919189453125,228.0694122314453,45.505210876464847,0.005316447000950575,-1.4918958513021609e-8,0.9999858736991882,-1.3984606361816532e-8,1,1.4993519314998595e-8,-0.9999858736991882,-1.4064121423018605e-8,0.005316447000950575],12,1.1878511905670167],[[765.0919189453125,228.0694122314453,45.505210876464847,0.008810024708509446,-1.6213501652373453e-8,0.9999611973762512,-5.98356635350683e-8,1,1.674130523099393e-8,-0.9999611973762512,-5.99808274159841e-8,0.008810024708509446],12,1.2036857604980469],[[765.0919189453125,228.0694122314453,45.505210876464847,0.008810024708509446,-1.7220573411691477e-8,0.9999611973762512,-9.419824209544459e-8,1,1.8051164119015085e-8,-0.9999611973762512,-9.435361647547325e-8,0.008810024708509446],12,1.2194743156433106],[[765.0919189453125,228.0694122314453,45.505210876464847,0.008810024708509446,-1.1743686911813711e-8,0.9999611973762512,-8.716308741441026e-8,1,1.2512081148940979e-8,-0.9999611973762512,-8.72699317255865e-8,0.008810024708509446],12,1.2363626956939698],[[765.0919189453125,228.0694122314453,45.505210876464847,0.008810024708509446,-2.0645758436188545e-9,0.9999611973762512,-5.638198885549173e-8,1,2.5614019794062416e-9,-0.9999611973762512,-5.6402367221153329e-8,0.008810024708509446],12,1.2539324760437012],[[765.0919189453125,228.0694122314453,45.505210876464847,0.008810024708509446,3.737926856928198e-9,0.9999611973762512,-3.792911229538731e-8,1,-3.403902715248819e-9,-0.9999611973762512,-3.7897653015761537e-8,0.008810024708509446],12,1.2693793773651124],[[765.0919189453125,228.0694122314453,45.505210876464847,0.008810024708509446,1.1468811678128077e-8,0.9999611973762512,-1.3343673721522009e-8,1,-1.135169380717116e-8,-0.9999611973762512,-1.324314702344509e-8,0.008810024708509446],12,1.2865045070648194],[[765.0919189453125,228.0694122314453,45.505210876464847,0.008810024708509446,2.11231245828003e-8,0.9999611973762512,1.7358583903615e-8,1,-2.127688070174827e-8,-0.9999611973762512,1.754535894349374e-8,0.008810024708509446],12,1.3039824962615967],[[765.0919189453125,228.0694122314453,45.505210876464847,0.015796098858118058,2.6787665419192309e-8,0.9998752474784851,3.572217721625748e-8,1,-2.735534998521416e-8,-0.9998752474784851,3.614982801991573e-8,0.015796098858118058],12,1.320253610610962],[[765.0919189453125,228.0694122314453,45.505210876464847,0.0646599680185318,3.269938986250054e-8,0.9979073405265808,5.976347239311508e-8,1,-3.664037251382979e-8,-0.9979073405265808,6.20075795154662e-8,0.0646599680185318],12,1.3373408317565919],[[765.0919189453125,228.0694122314453,45.505210876464847,0.24932622909545899,3.0910570103515059e-8,0.9684195518493652,8.675809226588172e-8,1,-5.425503957212641e-8,-0.9684195518493652,9.754543839335384e-8,0.24932622909545899],12,1.3543086051940919],[[765.3265991210938,228.72714233398438,45.47931671142578,0.6883895993232727,-0.00833811517804861,0.7252932190895081,0.007895587012171746,0.9999608397483826,0.0040018982253968719,-0.7252981662750244,0.002971752779558301,0.6884284615516663],8,1.3745629787445069],[[765.5242919921875,229.1938934326172,45.215389251708987,0.9172765612602234,-0.015052741393446923,0.3979661762714386,0.010727906599640847,0.9998567700386047,0.01309188548475504,-0.39810624718666079,-0.007739535998553038,0.917306661605835],8,1.3918371200561524],[[765.5748901367188,229.83920288085938,45.0410270690918,0.9809755682945252,-0.0072151971980929379,0.19399720430374146,0.006824974901974201,0.9999731183052063,0.00267977942712605,-0.19401131570339204,-0.0013047719839960337,0.9809983968734741],8,1.404268741607666],[[765.5867919921875,230.1808624267578,44.913047790527347,0.9696395397186279,-0.005101533140987158,0.24448546767234803,0.004916155245155096,0.999987006187439,0.0013684569858014584,-0.24448926746845246,-0.0001249814231414348,0.969651997089386],8,1.420182228088379],[[765.60498046875,231.28501892089845,44.689205169677737,0.8804949522018433,0.0012581803603097797,0.47405385971069338,-0.00017143347940873355,0.9999972581863403,-0.002335664350539446,-0.4740554988384247,0.001975271850824356,0.8804927468299866],3,1.4400501251220704],[[765.5785522460938,232.13429260253907,44.499629974365237,0.7010206580162048,0.001949519501067698,0.7131382822990418,-0.000751998508349061,0.9999977350234985,-0.0019944917876273395,-0.713140606880188,0.0008619006839580834,0.7010205388069153],5,1.4605402946472169],[[765.5133666992188,232.92906188964845,44.30634307861328,0.4831247329711914,0.0008030530880205333,0.875551164150238,-0.0004675429954659194,0.9999997019767761,-0.0006592090358026326,-0.8755514025688171,-0.00009087778744287789,0.4831249415874481],5,1.4709727764129639],[[765.4400024414063,233.48936462402345,44.16865539550781,0.3065512776374817,0.00021595823636744171,0.9518541097640991,-0.00025322966394014657,0.9999999403953552,-0.00014532727072946727,-0.9518541097640991,-0.00019648746820166707,0.3065513074398041],5,1.4874629974365235],[[765.27587890625,234.3551025390625,43.96554946899414,0.2276604324579239,-0.000040527593228034678,0.9737405776977539,-0.000043789743358502167,1,0.00005185856207390316,-0.9737405776977539,-0.00005444599446491338,0.2276604324579239],5,1.505131721496582],[[765.1801147460938,234.9741973876953,43.83397674560547,0.13833783566951753,0.012959503568708897,0.9903002977371216,0.003966229502111673,0.9998990893363953,-0.013639171607792378,-0.9903771281242371,0.005814571864902973,0.1382724791765213],5,1.5215072631835938],[[765.1365356445313,235.51455688476563,43.7360725402832,0.10172688215970993,0.007957685738801957,0.9947805404663086,0.0055092331022024158,0.9999481439590454,-0.008562401868402958,-0.9947971105575562,0.0063515035435557369,0.10167776793241501],5,1.5385055541992188],[[765.128662109375,235.99758911132813,43.65388870239258,0.09641244262456894,0.006671982817351818,0.995319128036499,0.0023812158033251764,0.9999731183052063,-0.006933838594704866,-0.9953386187553406,0.0030385779682546856,0.09639396518468857],5,1.560631275177002],[[765.1223754882813,236.4261016845703,43.6114387512207,0.07765284925699234,0.002254707971587777,0.9969779253005981,0.0004584660637192428,0.9999972581863403,-0.002297245431691408,-0.9969803690910339,0.0006354681681841612,0.07765160501003266],5,1.5717508792877198],[[765.1211547851563,236.7117156982422,43.60447311401367,0.07849621772766113,0.0005706996307708323,0.996914267539978,-0.000004395852101879427,0.9999998211860657,-0.0005721198976971209,-0.9969143867492676,0.00004052696385770105,0.07849621027708054],5,1.586822509765625],[[765.120849609375,237.11962890625,43.60403060913086,0.07508985698223114,-0.0001272291992790997,0.9971767663955689,-0.00008206289203371853,1,0.0001337689463980496,-0.9971767663955689,-0.00009187590330839157,0.07508984208106995],5,1.6043322086334229],[[765.1209106445313,237.3846435546875,43.60404586791992,0.07511165738105774,-0.00009265049448003992,0.9971750974655151,-0.000031686577131040397,1,0.00009529973613098264,-0.9971751570701599,-0.00003875518814311363,0.07511165738105774],5,1.621046781539917],[[765.1209106445313,237.54763793945313,43.60405349731445,0.06988723576068878,-0.000041384286305401477,0.9975548982620239,-0.0000094125998657546,1,0.00004214515502098948,-0.9975548982620239,-0.000012334993698459585,0.06988723576068878],5,1.6378147602081299],[[765.1209106445313,237.75115966796876,43.60405731201172,0.05768558755517006,-0.0000029683690172532808,0.9983348250389099,0.0000013133975471646409,1,0.0000028974295673833696,-0.9983348250389099,0.0000011440705520726625,0.05768558755517006],5,1.6541359424591065],[[765.1209106445313,237.85267639160157,43.60405731201172,0.03674854338169098,0.0000019835699731629576,0.9993245601654053,0.0000012947836012244807,1,-0.000002032524434980587,-0.9993245601654053,0.00000136860126076499,0.03674854338169098],5,1.6714146137237549],[[765.1209106445313,237.90292358398438,43.60405731201172,0.0088089220225811,0.000001011083327284723,0.9999611973762512,3.230796039588313e-7,1,-0.00000101396858553926,-0.9999611973762512,3.319990469208278e-7,0.0088089220225811],5,1.6963651180267335],[[765.1209106445313,237.89219665527345,43.60405731201172,-0.02088412083685398,3.807709845204954e-7,0.9997819066047669,6.125340235030308e-8,1,-3.795745442403131e-7,-0.9997819066047669,5.33129629332052e-8,-0.02088412083685398],5,1.7067475318908692],[[765.0960693359375,237.83021545410157,43.604576110839847,-0.03832128643989563,2.914415198063125e-8,0.9992654919624329,-2.9170909243703137e-8,1,-3.0284262209079318e-8,-0.9992654919624329,-3.031001583053694e-8,-0.03832128643989563],5,1.7264411449432374],[[765.0513916015625,237.74795532226563,43.6058464050293,-0.04109005630016327,-6.2605991502096e-8,0.9991554617881775,-3.340815268870756e-8,1,6.128500729118969e-8,-0.9991554617881775,-3.0861730948572588e-8,-0.04109005630016327],5,1.7414560317993165],[[765.0479736328125,237.55995178222657,43.60979080200195,-0.006740016862750053,-0.0000015740909020678374,0.9999772906303406,-0.0008295716834254563,0.9999996423721314,-0.000004017327682959149,-0.9999769330024719,-0.0008295798907056451,-0.006740015931427479],5,1.755110502243042],[[765.2778930664063,238.2119903564453,43.69866180419922,0.2709726095199585,-0.0022654656786471607,0.962584376335144,0.0043754843063652519,0.9999898076057434,0.0011217782739549876,-0.9625771045684815,0.003907801583409309,0.27097976207733157],7,1.7732434272766114],[[765.4757690429688,238.68380737304688,43.7864990234375,0.5677539110183716,-0.026379672810435296,0.8227755427360535,0.020073698833584787,0.9996328949928284,0.01819823868572712,-0.8229535222053528,0.0061840275302529339,0.5680750012397766],7,1.7920761108398438],[[765.4354248046875,239.3582000732422,43.894981384277347,0.8098519444465637,-0.01105582993477583,0.5865300893783569,0.00876880157738924,0.9999388456344605,0.006740869954228401,-0.5865687727928162,-0.00031594105530530214,0.8098993897438049],8,1.8040387630462647],[[765.4213256835938,239.71531677246095,43.931915283203128,0.8935035467147827,-0.0010155688505619765,0.4490549862384796,0.0005835061310790479,0.9999992251396179,0.0011005406267940999,-0.4490557312965393,-0.0007213106146082282,0.8935034275054932],8,1.8199529647827149],[[765.4127807617188,240.2423858642578,43.94956588745117,0.8637815713882446,0.001367317046970129,0.503864586353302,-0.0011042619589716197,0.9999990463256836,-0.000820606539491564,-0.5038652420043945,0.00015242626250255853,0.8637822270393372],8,1.8375489711761475],[[765.4125366210938,240.60272216796876,43.949806213378909,0.7330313324928284,0.00030800511012785137,0.6801947951316834,-0.00024220530758611858,0.9999999403953552,-0.0001917994668474421,-0.6801947951316834,-0.00002415176095382776,0.7330313920974731],8,1.8537240028381348],[[765.4126586914063,240.8372039794922,43.94981002807617,0.5318353772163391,-0.00005071457781014033,0.8468477725982666,7.023405146355799e-8,1,0.000059842190239578488,-0.8468477725982666,-0.00003176671452820301,0.5318353772163391],8,1.8702259063720704],[[765.3765258789063,241.15989685058595,43.95808029174805,0.2913007438182831,-0.00007684111915295944,0.9566315412521362,0.000031279945687856528,1,0.00007079972419887781,-0.9566315412521362,0.000009299369594373275,0.2913007438182831],5,1.8889985084533692],[[765.3060302734375,241.3567352294922,43.980133056640628,0.17274640500545503,-0.000025318349798908458,0.9849663376808167,0.000009937541108229198,1,0.000023961911210790278,-0.9849663376808167,0.000005648809292324586,0.17274640500545503],5,1.9044787883758546],[[765.2020263671875,241.4990692138672,44.02328872680664,0.10176607221364975,-0.0000030644141588709319,0.9948083758354187,5.835385650243552e-7,1,0.0000030207120289560409,-0.9948083758354187,2.7310301220495605e-7,0.10176607221364975],5,1.9212477207183838],[[765.1038818359375,241.570068359375,44.07222366333008,0.0820646807551384,0.0000011729867992471555,0.9966270327568054,-8.445643970844685e-7,1,-0.000001107413140744029,-0.9966270327568054,-7.50836193219584e-7,0.0820646807551384],5,1.9372341632843018],[[764.90625,241.62025451660157,44.18971252441406,0.006785644683986902,0.0000010817105930982507,0.9999769926071167,-3.6925194990544698e-7,1,-0.0000010792298326123274,-0.9999769926071167,-3.6192020047565168e-7,0.006785644683986902],5,1.9548730850219727],[[764.7686157226563,241.6094970703125,44.2830924987793,0.04865853860974312,5.009351866647194e-7,0.9988154768943787,-6.082382242311724e-8,1,-4.985661803402763e-7,-0.9988154768943787,-3.649227409141531e-8,0.04865853860974312],5,1.9704642295837403],[[764.5609741210938,241.5009765625,44.44194412231445,0.10765736550092697,-2.1734771848969104e-7,0.9941880702972412,1.355805068214977e-7,1,2.039367501538436e-7,-0.9941880702972412,1.1283723466704032e-7,0.10765736550092697],7,1.9869911670684815],[[764.295166015625,241.283935546875,44.642852783203128,0.14414134621620179,-1.535680524966665e-7,0.9895570874214172,1.8459569872675276e-8,1,1.5249980833687005e-7,-0.9895570874214172,-3.714728302739445e-9,0.14414134621620179],7,2.0041561126708986],[[764.0809936523438,241.04898071289063,44.80170822143555,0.15292960405349732,4.393056940443785e-8,0.9882370829582214,-4.765601957501531e-8,1,-3.7078706327520197e-8,-0.9882370829582214,-4.1425014529750118e-8,0.15292960405349732],8,2.0222511291503908],[[763.9197387695313,240.8369903564453,44.91996383666992,0.1531493067741394,8.770410886427271e-8,0.9882030487060547,-4.160164124300536e-8,1,-8.230377801510258e-8,-0.9882030487060547,-2.8506102367487075e-8,0.1531493067741394],8,2.037135124206543],[[763.650634765625,240.60980224609376,45.11678695678711,0.1531691551208496,8.65800018345908e-8,0.9882000088691711,-1.564631801898031e-8,1,-8.518869520912631e-8,-0.9882000088691711,-2.413410138402128e-9,0.1531691551208496],8,2.0538604259490969],[[763.4891357421875,240.62359619140626,45.23487854003906,0.15317481756210328,7.480903718715126e-8,0.9881991147994995,2.2940822574923915e-9,1,-7.605797947007886e-8,-0.9881991147994995,1.3917177632549738e-8,0.15317481756210328],8,2.069444417953491],[[763.2738037109375,240.6535186767578,45.392333984375,0.15317511558532716,5.912611200642459e-8,0.9881990551948547,2.6196698144076437e-8,1,-6.38927915019849e-8,-0.9881990551948547,3.567433637385875e-8,0.15317511558532716],8,2.0870347023010256],[[763.004638671875,240.67750549316407,45.58915328979492,0.15317405760288239,3.954135507910905e-8,0.9881992340087891,5.6046214780280937e-8,1,-4.870089043151893e-8,-0.9881992340087891,6.284454201477274e-8,0.15317405760288239],8,2.1036877632141115],[[762.8431396484375,240.68563842773438,45.707244873046878,0.15317405760288239,2.780052099637942e-8,0.9881992340087891,7.394061896093263e-8,1,-3.9593537337623277e-8,-0.9881992340087891,7.913276078852505e-8,0.15317405760288239],8,2.1186091899871828],[[762.6278076171875,240.69212341308595,45.86470031738281,0.15317405760288239,1.2157780560073661e-8,0.9881992340087891,9.778197807008837e-8,1,-2.7459485352210323e-8,-0.9881992340087891,1.0083415702411003e-7,0.15317405760288239],8,2.136277198791504],[[762.358642578125,240.69627380371095,46.061519622802737,0.15144862234592439,-7.200823937125733e-9,0.9884651303291321,1.2752852285302652e-7,1,-1.2254550263435249e-8,-0.9884651303291321,1.2791343806384249e-7,0.15144862234592439],8,2.154730796813965],[[762.1436767578125,240.6979522705078,46.21929168701172,0.1393509954214096,-1.2003284588502084e-8,0.9902430772781372,7.933391543701873e-8,1,9.573649650818084e-10,-0.9902430772781372,7.842645288747008e-8,0.1393509954214096],8,2.1707024574279787],[[762.0352783203125,240.69886779785157,46.440773010253909,0.12030082195997238,-1.6855949525051984e-8,0.9927374720573425,3.093576594892511e-8,1,1.32304380784376e-8,-0.9927374720573425,2.9119460620563588e-8,0.12030082195997238],8,2.189271926879883],[[762.0079345703125,240.69935607910157,46.56878662109375,0.09772908687591553,-2.2546595701555817e-8,0.9952130317687988,-1.7686978992514925e-8,1,2.439189117353635e-8,-0.9952130317687988,-1.998610876796647e-8,0.09772908687591553],8,2.213038682937622],[[762.0064086914063,240.69956970214845,46.576236724853519,0.07336429506540299,-2.7792127710313254e-8,0.9973052144050598,-5.43203988456753e-8,1,3.186316988035287e-8,-0.9973052144050598,-5.6511634483058518e-8,0.07336429506540299],8,2.2246501445770265],[[762.00634765625,240.6997528076172,46.57664489746094,0.04895585775375366,-3.551232552467809e-8,0.9988009333610535,-1.0335724454080264e-7,1,4.062097502810502e-8,-0.9988009333610535,-1.0522194315853995e-7,0.04895585775375366],8,2.2372024059295656],[[762.00634765625,240.69985961914063,46.57665252685547,0.024519216269254686,-1.9571471554513665e-8,0.9996993541717529,-7.644170096909875e-8,1,2.145221245086759e-8,-0.9996993541717529,-7.694470838259804e-8,0.024519216269254686],8,2.253909111022949],[[762.00634765625,240.6999053955078,46.57665252685547,0.0018143318593502045,-1.0221144819411166e-8,0.9999983310699463,-6.004940900083966e-8,1,1.0330110988832076e-8,-0.9999983310699463,-6.0068053642226e-8,0.0018143318593502045],8,2.2705941200256349],[[762.00634765625,240.6999053955078,46.57665252685547,-0.01739894226193428,7.0980918920326989e-9,0.9998486042022705,-3.240148416239208e-8,1,-7.663003565028248e-9,-0.9998486042022705,-3.252990765645336e-8,-0.01739894226193428],8,2.287691593170166],[[762.00634765625,240.6999053955078,46.57665252685547,-0.03136802837252617,2.140580512843826e-8,0.9995079040527344,-1.0105630110501807e-8,1,-2.1733493227316104e-8,-0.9995079040527344,-1.0782394532782292e-8,-0.03136802837252617],8,2.303659677505493],[[762.00634765625,240.6999053955078,46.57665252685547,-0.04009605199098587,3.606115228649287e-8,0.9991958141326904,1.2293102535920753e-8,1,-3.5596873004806187e-8,-0.9991958141326904,1.0855922383257166e-8,-0.04009605199098587],8,2.3222458362579347],[[762.00634765625,240.6999053955078,46.57665252685547,-0.048821136355400088,4.720906687794013e-8,0.9988075494766235,2.9169692439268148e-8,1,-4.583963075788233e-8,-0.9988075494766235,2.6896966431877446e-8,-0.048821136355400088],8,2.3368239402770998],[[762.00634765625,240.6999053955078,46.57665252685547,-0.05928569659590721,6.589674228507647e-8,0.9982410669326782,5.745051723238248e-8,1,-6.260086138354382e-8,-0.9982410669326782,5.3638128605371097e-8,-0.05928569659590721],8,2.3537039756774904],[[762.00634765625,240.73043823242188,46.57665252685547,-0.08367735147476196,8.190118450102091e-8,0.9964929223060608,8.037423526729981e-8,1,-7.544026203731846e-8,-0.9964929223060608,7.377971655841975e-8,-0.08367735147476196],8,2.370999813079834],[[762.00634765625,240.75352478027345,46.57665252685547,-0.10801932215690613,8.211261359747368e-8,0.9941487908363342,8.418786734409878e-8,1,-7.344846153500839e-8,-0.9941487908363342,7.576141314302731e-8,-0.10801932215690613],8,2.387298822402954],[[762.00634765625,240.77764892578126,46.57665252685547,-0.1305641382932663,3.9241378146925857e-8,0.9914398789405823,4.4329329540460097e-8,1,-3.374239554432279e-8,-0.9914398789405823,3.954431804231717e-8,-0.1305641382932663],8,2.4035301208496095],[[762.00634765625,240.78573608398438,46.57665252685547,-0.14267586171627046,1.3002609655643483e-8,0.989769458770752,2.0145405343896529e-8,1,-1.023303664027253e-8,-0.989769458770752,1.8479299868090494e-8,-0.14267586171627046],8,2.4195289611816408],[[762.00634765625,240.79217529296876,46.57665252685547,-0.14267586171627046,-2.259648823610405e-8,0.989769458770752,-1.2075720867699147e-8,1,2.108932939393071e-8,-0.989769458770752,-8.943240814573983e-9,-0.14267586171627046],8,2.4365904331207277],[[762.00634765625,240.79627990722657,46.57665252685547,-0.14267586171627046,-6.705258215333743e-8,0.989769458770752,-5.231342470324307e-8,1,6.020464127232117e-8,-0.989769458770752,-4.318848212392368e-8,-0.14267586171627046],8,2.4542365074157717],[[762.1337890625,240.79794311523438,46.55828094482422,-0.14267586171627046,-8.749496771542909e-8,0.989769458770752,-7.18340658067973e-8,1,7.804441537473395e-8,-0.989769458770752,-5.996410834541166e-8,-0.14267586171627046],8,2.472088098526001],[[762.388916015625,240.79885864257813,46.52150344848633,-0.14267586171627046,-6.26743670295582e-8,0.989769458770752,-5.343845899119515e-8,1,5.5619000960405177e-8,-0.989769458770752,-4.495626626521698e-8,-0.14267586171627046],8,2.496018409729004],[[762.6526489257813,240.75819396972657,46.483482360839847,-0.14094804227352143,-3.779640778134308e-8,0.9900169968605042,-3.509770607479368e-8,1,3.3180697300849718e-8,-0.9900169968605042,-3.0070570034013147e-8,-0.14094804227352143],8,2.5123584270477297],[[762.9165649414063,240.6785430908203,46.445831298828128,-0.13402755558490754,-1.2807187310670543e-8,0.9909775853157044,-1.692970563738072e-8,1,1.0634084723903925e-8,-0.9909775853157044,-1.5351698579024743e-8,-0.13402755558490754],8,2.5218212604522707],[[763.1146850585938,240.6710205078125,46.41876220703125,-0.12883341312408448,5.843176609232614e-9,0.9916662573814392,-3.4026175210755129e-9,1,-6.3343361667023149e-9,-0.9916662573814392,-4.1903351899463818e-9,-0.12883341312408448],8,2.537461042404175],[[763.4448852539063,241.7411346435547,46.373958587646487,-0.11843463778495789,3.680990445786847e-8,0.9929618239402771,1.8825922154519504e-8,1,-3.4825369255031549e-8,-0.9929618239402771,1.4568891870681e-8,-0.11843463778495789],3,2.557990312576294],[[763.6845092773438,242.53590393066407,46.34145736694336,-0.10802239179611206,6.136992425354038e-8,0.9941484332084656,3.6352044929799379e-8,1,-5.778120026889155e-8,-0.9941484332084656,2.989766656469328e-8,-0.10802239179611206],5,2.577610731124878],[[763.8384399414063,243.09620666503907,46.320587158203128,-0.09585946798324585,7.9521967677465e-8,0.9953948855400086,4.927547792021869e-8,1,-7.514449862355832e-8,-0.9953948855400086,4.184524726724703e-8,-0.09585946798324585],5,2.5922799110412599],[[764.0092163085938,243.7956085205078,46.29742431640625,-0.08194132149219513,1.0360725610780719e-7,0.9966371655464172,6.616890857458202e-8,1,-9.851658688830867e-8,-0.9966371655464172,5.78738159617842e-8,-0.08194132149219513],5,2.6028380393981935],[[764.1672973632813,244.5932159423828,46.27598190307617,-0.07149149477481842,1.3381257701894357e-7,0.9974412322044373,8.695835163052834e-8,1,-1.2792312986675825e-7,-0.9974412322044373,7.759042830457474e-8,-0.07149149477481842],5,2.6211631298065187],[[764.2493286132813,245.16998291015626,46.26372146606445,-0.061997730284929278,1.2726641784865934e-7,0.998076319694519,8.3518898463808e-8,1,-1.2232375468101964e-7,-0.998076319694519,7.57744373913738e-8,-0.061997730284929278],5,2.6391372680664064],[[764.2918090820313,245.69224548339845,46.254817962646487,-0.051915500313043597,9.032731895786128e-8,0.9986515045166016,6.055810075622503e-8,1,-8.730113876254109e-8,-0.9986515045166016,5.594415597443003e-8,-0.051915500313043597],5,2.6586692333221437],[[764.2947387