[[[776,222.69961547851563,47,1,8.681779917196764e-8,-5.932067852340226e-14,-8.681779917196764e-8,1,-1.9050505173368039e-8,5.766675521432993e-14,1.9050505173368039e-8,1],8,0.01135563850402832],[[776,222.69961547851563,47,1,1.0460943400403267e-7,-5.972982931824397e-14,-1.0460943400403267e-7,1,-2.2954537826080924e-8,5.732856545167739e-14,2.2954537826080924e-8,1],8,0.0291595458984375],[[776,222.69961547851563,47,1,1.1097117891267772e-7,-5.993597003255136e-14,-1.1097117891267772e-7,1,-2.4350503835535166e-8,5.723376552422069e-14,2.4350503835535166e-8,1],8,0.07024908065795899],[[776,222.69961547851563,47,1,1.971110208387472e-8,-5.894498214184529e-14,-1.971110208387472e-8,1,-4.325218405654141e-9,5.885972319350646e-14,4.325218405654141e-9,1],8,0.07671332359313965],[[776,222.69961547851563,47,1,-3.0795479499801105e-9,-5.899043054166317e-14,3.0795479499801105e-9,1,6.757568948856374e-10,5.898835022874471e-14,-6.757568948856374e-10,1],8,0.08480310440063477],[[776,222.69961547851563,47,1,-2.586046043973056e-8,-5.914992345749937e-14,2.586046043973056e-8,1,5.674595460192222e-9,5.900316991718988e-14,-5.674595460192222e-9,1],8,0.09302830696105957],[[776,222.69961547851563,47,1,-4.863163738377807e-8,-5.94231762862836e-14,4.863163738377807e-8,1,1.067129851151094e-8,5.890420936389626e-14,-1.067129851151094e-8,1],8,0.10163187980651856],[[776,222.69961547851563,47,1,-7.139308166870251e-8,-5.981000606889928e-14,7.139308166870251e-8,1,1.566586682599791e-8,5.869157021281754e-14,-1.566586682599791e-8,1],8,0.11245560646057129],[[776,222.69961547851563,47,1,-1.055170173458464e-7,-6.060285601258361e-14,1.055170173458464e-7,1,2.3153718942126035e-8,5.815974871842267e-14,-2.3153718942126035e-8,1],8,0.1240842342376709],[[776,222.69961547851563,47,1,-6.838552479848659e-8,-6.002358712061534e-14,6.838552479848659e-8,1,1.500591118031025e-8,5.899739654062139e-14,-1.500591118031025e-8,1],8,0.1464247703552246],[[776,222.69961547851563,47,1,-5.6018937044655107e-8,-5.98819090017258e-14,5.6018937044655107e-8,1,1.2292295181737245e-8,5.919330509692594e-14,-1.2292295181737245e-8,1],8,0.15660929679870606],[[776,222.69961547851563,47,1,-3.7478962156001219e-8,-5.973082542898994e-14,3.7478962156001219e-8,1,8.224045444649164e-9,5.942260030387947e-14,-8.224045444649164e-9,1],8,0.16641879081726075],[[776,222.69961547851563,47,1,-4.3465139820675349e-10,-5.965377931210769e-14,4.3465139820675349e-10,1,9.536330058956821e-11,5.965373865452622e-14,-9.536330058956821e-11,1],8,0.1928391456604004],[[776,222.69961547851563,47,1,2.423517919680762e-8,-5.976937559248538e-14,-2.423517919680762e-8,1,-5.317971396578969e-9,5.964049105923117e-14,5.317971396578969e-9,1],8,0.20823168754577638],[[776,222.69961547851563,47,1,4.888392979296441e-8,-6.001818643854365e-14,-4.888392979296441e-8,1,-1.0726681765049762e-8,5.949382561034819e-14,1.0726681765049762e-8,1],8,0.22446537017822267],[[776,222.69961547851563,47,1,5.504282540869099e-8,-6.010116856232026e-14,-5.504282540869099e-8,1,-1.207813760117915e-8,5.943635611894288e-14,1.207813760117915e-8,1],8,0.23288369178771974],[[776,222.69961547851563,47,1,7.351161457336275e-8,-6.039989336589433e-14,-7.351161457336275e-8,1,-1.6130773161648905e-8,5.921409467358335e-14,1.6130773161648905e-8,1],8,0.2416377067565918],[[776,222.69961547851563,47,1,8.581756816283814e-8,-6.064047105170528e-14,-8.581756816283814e-8,1,-1.883108780020848e-8,5.902443383229775e-14,1.883108780020848e-8,1],8,0.25136375427246096],[[776,222.69961547851563,47,1,1.1655944831545639e-7,-6.13866189868098e-14,-1.1655944831545639e-7,1,-2.5576825990469844e-8,5.840539504938999e-14,2.5576825990469844e-8,1],8,0.2720026969909668],[[776,222.69961547851563,47,-0.9433367848396301,-7.738754703723316e-8,0.3318369388580322,-9.532284650504153e-8,1,-3.777156010187355e-8,-0.3318369388580322,-6.726294543568656e-8,-0.9433367848396301],8,0.28783249855041506],[[776,222.69961547851563,47,-0.9292545914649963,-4.7986862483639928e-8,0.3694400191307068,-7.027423976069258e-8,1,-4.687039023565376e-8,-0.3694400191307068,-6.951664488497045e-8,-0.9292545914649963],8,0.3109602928161621],[[776,222.69961547851563,47,-0.8637423515319824,-8.29543544966782e-9,0.5039337277412415,-4.292999378208151e-8,1,-5.7120644214592178e-8,-0.5039337277412415,-7.09713887658836e-8,-0.8637423515319824],8,0.31995534896850588],[[776,222.69961547851563,47,-0.7934024930000305,1.2045978436958649e-8,0.6086974143981934,-3.2738878275040409e-8,1,-6.246303030366107e-8,-0.6086974143981934,-6.948639708070914e-8,-0.7934024930000305],8,0.33037400245666506],[[776,222.69961547851563,47,-0.6294474601745606,6.154906628808021e-8,0.7770430445671082,-7.1493344577788779e-9,1,-8.500069270667155e-8,-0.7770430445671082,-5.9058809398493398e-8,-0.6294474601745606],8,0.35663938522338869],[[776,222.69961547851563,47,-0.5845525860786438,8.780043003753235e-8,0.8113558292388916,9.581129667424193e-9,1,-1.0131159910997667e-7,-0.8113558292388916,-5.144825010461318e-8,-0.5845525860786438],8,0.37822914123535159],[[776,222.69961547851563,47,-0.41543862223625185,1.1334424243614194e-7,0.9096212387084961,1.9164961173601115e-8,1,-1.1585303383299106e-7,-0.9096212387084961,-3.0696970299004536e-8,-0.41543862223625185],8,0.38588857650756838],[[776,222.69961547851563,47,-0.36719340085983279,1.1434319446834707e-7,0.9301446080207825,2.3946871152702444e-8,1,-1.1347704997888286e-7,-0.9301446080207825,-1.9393972650050274e-8,-0.36719340085983279],8,0.39504146575927737],[[776,222.69961547851563,47,-0.36947229504585268,9.034657466600038e-8,0.9292417764663696,2.1400467176135863e-8,1,-8.871716516978268e-8,-0.9292417764663696,-1.2892327205804577e-8,-0.36947229504585268],8,0.4033041000366211],[[776,222.69961547851563,47,-0.27558067440986636,6.724472711994167e-8,0.961277961730957,2.135465493324773e-8,1,-6.383147876931616e-8,-0.961277961730957,2.9370361698255467e-9,-0.27558067440986636],8,0.41500067710876467],[[776,222.69961547851563,47,-0.2334444373846054,3.117013136488822e-8,0.9723701477050781,2.2925624065806006e-8,1,-2.655189845768291e-8,-0.9723701477050781,1.6093798294036789e-8,-0.2334444373846054],8,0.4252934455871582],[[776,222.69961547851563,47,-0.1529713273048401,-6.113907602411928e-9,0.9882306456565857,2.754653927183881e-8,1,1.0450737164546809e-8,-0.9882306456565857,2.8820997144407557e-8,-0.1529713273048401],8,0.45677900314331057],[[775.64599609375,222.69961547851563,47.05479431152344,-0.010287195444107056,-9.343100515479819e-8,0.9999470710754395,5.032100247603921e-8,1,9.395363775865917e-8,-0.9999470710754395,5.1284857249811469e-8,-0.010287195444107056],8,0.4676089286804199],[[775.4467163085938,222.69961547851563,47.0642204284668,0.007756075821816921,-8.075191004763838e-8,0.9999698996543884,3.805979531534831e-8,1,8.045913801879579e-8,-0.9999698996543884,3.7434602973007716e-8,0.007756075821816921],8,0.485123872756958],[[775.2467651367188,222.69961547851563,47.0644645690918,0.05646433308720589,-6.899566784568379e-8,0.9984046220779419,2.4993012104346236e-8,1,6.769244720317147e-8,-0.9984046220779419,2.1130929894752627e-8,0.05646433308720589],8,0.5104222297668457],[[774.8472290039063,222.69961547851563,47.044158935546878,0.11352960020303726,-4.317722002156188e-8,0.9935346245765686,-2.59539278957277e-9,1,4.375476692075608e-8,-0.9935346245765686,-7.546073099717887e-9,0.11352960020303726],8,0.5176784992218018],[[774.714599609375,222.69961547851563,47.03101348876953,0.12729282677173615,-3.410509563650521e-8,0.9918651580810547,-1.1895520124483028e-8,1,3.5911444484781899e-8,-0.9918651580810547,-1.6370021782563528e-8,0.12729282677173615],8,0.5259857177734375],[[774.582275390625,222.69961547851563,47.014793395996097,0.1359487622976303,-2.500132190164095e-8,0.9907158613204956,-2.1259857874156297e-8,1,2.815294841695959e-8,-0.9907158613204956,-2.488983774640019e-8,0.1359487622976303],8,0.5363221168518066],[[774.3840942382813,222.69961547851563,46.9880485534668,0.14113731682300569,-1.1438438640709592e-8,0.9899900555610657,-3.535964765433164e-8,1,1.6595121721252327e-8,-0.9899900555610657,-3.734788833753555e-8,0.14113731682300569],8,0.5487155914306641],[[774.1201171875,222.69961547851563,46.95064163208008,0.1445917934179306,6.5881327060424159e-9,0.9894914031028748,-5.419895643399286e-8,1,1.2618522893248497e-9,-0.9894914031028748,-5.381185630426444e-8,0.1445917934179306],8,0.5620241165161133],[[773.9221801757813,222.69961547851563,46.92185592651367,0.14804774522781373,2.018816758209141e-8,0.988980233669281,-6.835793442405702e-8,1,-1.018011186459944e-8,-0.988980233669281,-6.609750613506549e-8,0.14804774522781373],8,0.5766298770904541],[[773.6585083007813,222.69961547851563,46.88252258300781,0.15150399506092072,3.828850125842109e-8,0.988456666469574,-8.72756302783273e-8,1,-2.5358616539961077e-8,-0.988456666469574,-8.242624005561083e-8,0.15150399506092072],8,0.5926449298858643],[[773.5266723632813,222.69961547851563,46.86244201660156,0.15323036909103394,4.736139658234606e-8,0.9881904721260071,-9.674164402895258e-8,1,-3.2926482873563148e-8,-0.9881904721260071,-9.055383287659424e-8,0.15323036909103394],8,0.6199359893798828],[[773.1314697265625,222.69961547851563,46.801239013671878,0.15323036909103394,5.456154283933756e-8,0.9881904721260071,-9.306628356853253e-8,1,-4.078258442063998e-8,-0.9881904721260071,-8.571809217983173e-8,0.15323036909103394],8,0.625913143157959],[[772.999755859375,222.69961547851563,46.78080749511719,0.15323036909103394,4.391974428585854e-8,0.9881904721260071,-7.048070216342239e-8,1,-3.3515767938752108e-8,-0.9881904721260071,-6.451272582808088e-8,0.15323036909103394],8,0.6328752040863037],[[772.8680419921875,222.69961547851563,46.7603759765625,0.15323036909103394,3.3282500311315746e-8,0.9881904721260071,-4.790477703409124e-8,1,-2.6252056528619506e-8,-0.9881904721260071,-4.331643310706568e-8,0.15323036909103394],8,0.641371488571167],[[772.736328125,222.69961547851563,46.73994445800781,0.15323036909103394,2.264980203392497e-8,0.9881904721260071,-2.5338508180539067e-8,1,-1.8991453742955856e-8,-0.9881904721260071,-2.212920513500194e-8,0.15323036909103394],8,0.6493983268737793],[[772.6046142578125,222.69961547851563,46.719512939453128,0.15495488047599793,1.2060241694200613e-8,0.9879215359687805,-2.769258378165773e-9,1,-1.1773335195641721e-8,-0.9879215359687805,-9.114742294258349e-10,0.15495488047599793],8,0.6602661609649658],[[772.0777587890625,222.69961547851563,46.636940002441409,0.14631904661655427,-3.041539287096384e-8,0.9892374277114868,8.71559251436338e-8,1,1.785498504602856e-8,-0.9892374277114868,8.360537862017736e-8,0.14631904661655427],8,0.6901423931121826],[[772.0118408203125,222.69961547851563,46.62696838378906,0.1394018828868866,-3.5133645326368426e-8,0.9902358651161194,9.835962799797926e-8,1,2.163335821592227e-8,-0.9902358651161194,9.438350190293932e-8,0.1394018828868866],8,0.6978683471679688],[[771.747802734375,222.69961547851563,46.589393615722659,0.1220875084400177,-3.3919263842108197e-8,0.9925193190574646,8.905492165922624e-8,1,2.3220476208507536e-8,-0.9925193190574646,8.555380759389664e-8,0.1220875084400177],8,0.7144830226898193],[[771.6155395507813,222.69961547851563,46.572513580322269,0.12208976596593857,-3.0679252915888358e-8,0.9925190806388855,7.543664537479344e-8,1,2.1631031188462658e-8,-0.9925190806388855,7.223137998835227e-8,0.12208976596593857],8,0.722210168838501],[[771.2847290039063,222.69961547851563,46.531715393066409,0.09952346980571747,-2.0936896660828098e-8,0.9950352311134338,4.151529608975579e-8,1,1.6889000420405865e-8,-0.9950352311134338,3.962832906267977e-8,0.09952346980571747],8,0.741368293762207],[[771.1521606445313,222.69961547851563,46.517669677734378,0.0751616507768631,-1.6726222185070584e-8,0.9971713423728943,2.8007303143340324e-8,1,1.4662622227490374e-8,-0.9971713423728943,2.682601341064128e-8,0.0751616507768631],8,0.7494237422943115],[[771.019287109375,222.69961547851563,46.5067024230957,0.0647074282169342,-1.3210192939538956e-8,0.9979043006896973,1.4529144998221e-8,1,1.2295817697349776e-8,-0.9979043006896973,1.3703065349091048e-8,0.0647074282169342],8,0.7596068382263184],[[770.88623046875,222.69961547851563,46.497581481933597,0.054246097803115848,-9.833263092673406e-9,0.9985275864601135,1.082273826114033e-9,1,9.788966970347701e-9,-0.9985275864601135,5.496670341109677e-10,0.054246097803115848],8,0.7695226669311523],[[770.6865234375,222.69961547851563,46.48625564575195,0.0367971695959568,-4.975851730648628e-9,0.999322772026062,-1.9008538743037208e-8,1,5.6791584768234319e-9,-0.999322772026062,-1.9204643209036477e-8,0.0367971695959568],8,0.7820508480072022],[[770.4201049804688,222.69961547851563,46.475730895996097,0.021083908155560495,1.179793485128755e-9,0.9997777342796326,-4.5686878280548629e-8,1,-2.1658370930044414e-10,-0.9997777342796326,-4.567215583506368e-8,0.021083908155560495],8,0.8072583675384522],[[770.0868530273438,223.7697296142578,46.46335220336914,0.005366269499063492,8.525134376213828e-9,0.9999855756759644,-7.888291264634972e-8,1,-8.101944004579309e-9,-0.9999855756759644,-7.883829766797135e-8,0.005366269499063492],3,0.8213415145874023],[[769.8202514648438,224.5644989013672,46.46067428588867,-0.0009784414432942868,1.4419363481010805e-8,0.9999995231628418,-1.0537757333395348e-7,1,-1.4522476554645891e-8,-0.9999995231628418,-1.0539173445067718e-7,-0.0009784414432942868],5,0.8408033847808838],[[769.6203002929688,225.1248016357422,46.46070861816406,-0.02267366275191307,1.6788055390293267e-8,0.9997429251670837,-1.2514107083916316e-7,1,-1.963050877407113e-8,-0.9997429251670837,-1.2555399564462278e-7,-0.02267366275191307],5,0.8475029468536377],[[769.4869995117188,225.4813232421875,46.463157653808597,-0.023728754371404649,1.980288999448021e-8,0.999718427658081,-1.3829890121996869e-7,1,-2.3091050849188833e-8,-0.999718427658081,-1.3880789140330308e-7,-0.023728754371404649],5,0.8550851345062256],[[769.3536987304688,225.82420349121095,46.46628952026367,-0.039270494133234027,2.0757600083243234e-8,0.9992285966873169,-1.513998739710587e-7,1,-2.6723762758251725e-8,-0.9992285966873169,-1.5233254657687213e-7,-0.039270494133234027],5,0.8651022911071777],[[769.220458984375,226.15347290039063,46.471073150634769,-0.03964950144290924,2.386246400476466e-8,0.9992136359214783,-1.644849447757224e-7,1,-3.0408124018777019e-8,-0.9992136359214783,-1.655612749118518e-7,-0.03964950144290924],5,0.8733587265014648],[[769.0872802734375,226.46910095214845,46.47633361816406,-0.03990533947944641,2.414227218139331e-8,0.9992034435272217,-1.599880761204986e-7,1,-3.055098574122894e-8,-0.9992034435272217,-1.6107978240142985e-7,-0.03990533947944641],5,0.8843579292297363],[[768.8875122070313,226.91700744628907,46.48432922363281,-0.0399826243519783,2.0322945104567226e-8,0.9992004036903381,-1.2689831407897146e-7,1,-2.5416998283844806e-8,-0.9992004036903381,-1.2781308100784373e-7,-0.0399826243519783],5,0.8942248821258545],[[768.6211547851563,227.46652221679688,46.49501037597656,-0.040025822818279269,1.5255409380188213e-8,0.9991986751556397,-8.281015340116937e-8,1,-1.8584847438773978e-8,-0.9991986751556397,-8.348767011057135e-8,-0.040025822818279269],5,0.9090080261230469],[[768.3547973632813,227.9615478515625,46.50569152832031,-0.040036194026470187,1.0198240474323939e-8,0.9991982579231262,-3.8759480958105999e-8,1,-1.1759451190584969e-8,-0.9991982579231262,-3.919920743555849e-8,-0.040036194026470187],5,0.924537181854248],[[768.2882080078125,228.0767822265625,46.50836181640625,-0.04003706946969032,8.934831541296262e-9,0.9991981983184815,-2.7752689035764889e-8,1,-1.0054029608852489e-8,-0.9991981983184815,-2.8132971507943695e-8,-0.04003706946969032],5,0.9388554096221924],[[768.0218505859375,228.50367736816407,46.51904296875,-0.0400368869304657,3.884048194180423e-9,0.9991981983184815,1.625097034718692e-8,1,-3.236004575413176e-9,-0.9991981983184815,1.6108380407331425e-8,-0.0400368869304657],5,0.9465279579162598],[[767.888671875,228.69668579101563,46.524383544921878,-0.04003771021962166,1.3602876602902825e-9,0.9991981983184815,3.823869576535799e-8,1,1.7083909287229916e-10,-0.9991981983184815,3.821487482014163e-8,-0.04003771021962166],5,0.9561712741851807],[[767.7554931640625,228.87606811523438,46.52972412109375,-0.04003734514117241,-1.1624219364847477e-9,0.9991981983184815,6.021702603220547e-8,1,3.5762193206778649e-9,-0.9991981983184815,6.031192611999359e-8,-0.04003734514117241],5,0.9647340774536133],[[767.5557250976563,229.11959838867188,46.53773498535156,-0.04003734141588211,-4.944445297638822e-9,0.9991981983184815,9.316692484162559e-8,1,8.681562135848253e-9,-0.9991981983184815,9.343980877929425e-8,-0.04003734141588211],5,0.9799258708953857],[[767.35595703125,229.3324737548828,46.545745849609378,-0.04003756120800972,-8.724022393380438e-9,0.9991981983184815,1.2609569921551157e-7,1,1.3783639118969404e-8,-0.9991981983184815,1.2654646752707777e-7,-0.04003756120800972],5,0.9899251461029053],[[767.2227783203125,229.45736694335938,46.55108642578125,-0.04003719985485077,-1.1242455855153822e-8,0.9991981983184815,1.4803650572048355e-7,1,1.7183200640147335e-8,-0.9991981983184815,1.4860577834951983e-7,-0.04003719985485077],5,0.9991490840911865],[[767.0230102539063,229.619140625,46.55909729003906,-0.040037207305431369,-1.051743403479577e-8,0.9991981983184815,1.286785931142731e-7,1,1.5681939302680804e-8,-0.9991981983184815,1.2920327208121308e-7,-0.040037207305431369],5,1.00994873046875],[[766.8898315429688,229.7099609375,46.56443786621094,-0.04003790393471718,-1.0034251651802606e-8,0.9991981387138367,1.1578020320257565e-7,1,1.468162125206618e-8,-0.9991981387138367,1.1627518858858821e-7,-0.04003790393471718],5,1.0203847885131837],[[766.6900634765625,229.82064819335938,46.57244873046875,-0.04003695771098137,-9.310115345328996e-9,0.9991981983184815,9.644296028454846e-8,1,1.3181967517539306e-8,-0.9991981983184815,9.689340174645622e-8,-0.04003695771098137],5,1.0297679901123047],[[766.556884765625,229.87741088867188,46.577789306640628,-0.040037091821432117,-8.82752981823387e-9,0.9991981983184815,8.35583477964974e-8,1,1.2182731268239877e-8,-0.9991981983184815,8.397910988833246e-8,-0.040037091821432117],5,1.041182279586792],[[766.3571166992188,229.93701171875,46.58580017089844,-0.04003656283020973,-8.104105830852859e-9,0.9991981983184815,6.424174614494405e-8,1,1.0684691353901599e-8,-0.9991981983184815,6.46180140506658e-8,-0.04003656283020973],5,1.0511462688446046],[[766.0907592773438,229.96878051757813,46.59648132324219,-0.04320717975497246,-6.91389079321425e-9,0.9990661144256592,3.8515633349334169e-8,1,8.586060751269997e-9,-0.9990661144256592,3.8850647143817699e-8,-0.04320717975497246],5,1.06764554977417],[[765.9575805664063,229.96421813964845,46.60216522216797,-0.04343317821621895,-6.419197173812563e-9,0.999056339263916,2.5660339630917407e-8,1,7.54082307707904e-9,-0.999056339263916,2.596364723217448e-8,-0.04343317821621895],5,1.078984022140503],[[765.7578125,229.93185424804688,46.61084747314453,-0.04348849877715111,-5.693660209971085e-9,0.999053955078125,6.386928319557228e-9,1,5.977073058716087e-9,-0.999053955078125,6.640819449899027e-9,-0.04348849877715111],5,1.090322494506836],[[765.5580444335938,229.8688201904297,46.61955642700195,-0.043519552797079089,-4.970741596110884e-9,0.9990525841712952,-1.287430961838254e-8,1,4.4146402089495499e-9,-0.9990525841712952,-1.2669988613822625e-8,-0.043519552797079089],5,1.1014721393585206],[[765.2916870117188,229.73709106445313,46.631168365478519,-0.04352584108710289,-4.008003262612192e-9,0.9990522861480713,-3.853679686471878e-8,1,2.3328678988576714e-9,-0.9990522861480713,-3.8398734858446917e-8,-0.04352584108710289],5,1.1211304664611817],[[764.958740234375,229.49578857421876,46.64568328857422,-0.045058343559503558,-2.8724265188628807e-9,0.9989843368530273,-7.057938233856476e-8,1,-3.0807623119244456e-10,-0.9989843368530273,-7.052157968701067e-8,-0.045058343559503558],5,1.147984266281128],[[764.5592041015625,229.0938262939453,46.663726806640628,-0.04520006850361824,-1.4451938534776332e-9,0.9989779591560364,-1.0898511249024523e-7,1,-3.4845017982121364e-9,-0.9989779591560364,-1.090312196083687e-7,-0.04520006850361824],5,1.1669023036956788],[[764.2928466796875,228.75772094726563,46.67579650878906,-0.04526970535516739,-4.92451135425398e-10,0.9989748001098633,-1.345614037973064e-7,1,-5.60484991751764e-9,-0.9989748001098633,-1.3467717963067117e-7,-0.04526970535516739],5,1.1785712242126465],[[764.2262573242188,228.66517639160157,46.67881393432617,-0.04527265578508377,-2.528380560473664e-10,0.9989746809005737,-1.4095205358444219e-7,1,-6.134726060480489e-9,-0.9989746809005737,-1.4108526613654249e-7,-0.04527265578508377],5,1.187364101409912],[[764.0264892578125,228.3671112060547,46.6878662109375,-0.04690774157643318,2.206762689249686e-10,0.9988992214202881,-1.601138279738734e-7,1,-7.739774154913448e-9,-0.9988992214202881,-1.6030062965910475e-7,-0.04690774157643318],5,1.1965837478637696],[[763.893310546875,228.1513671875,46.69407272338867,-0.04697541147470474,6.827053367075564e-10,0.998896062374115,-1.7288125775394293e-7,1,-8.813603180612973e-9,-0.998896062374115,-1.7310443922724517e-7,-0.04697541147470474],5,1.2053842544555665],[[763.626953125,227.67901611328126,46.706600189208987,-0.04699710011482239,1.0003573525096954e-9,0.9988950490951538,-1.2775549862453773e-7,1,-7.012243674608953e-9,-0.9988950490951538,-1.2794387771464245e-7,-0.04699710011482239],5,1.222783088684082],[[763.4937744140625,227.4224090576172,46.71287155151367,-0.04533210024237633,1.3837647694359135e-9,0.9989719986915588,-1.05205074873993e-7,1,-6.159263321592334e-9,-0.9989719986915588,-1.0537613803762724e-7,-0.04533210024237633],5,1.2317125797271729],[[763.2274169921875,226.86830139160157,46.725013732910159,-0.031056003645062448,3.3744684824199568e-9,0.9995176196098328,-6.010441921944221e-8,1,-5.2436006647837989e-9,-0.9995176196098328,-6.023827836543205e-8,-0.031056003645062448],5,1.2459917068481446],[[763.0941162109375,226.57080078125,46.729496002197269,-0.016525181010365487,4.473169390450948e-9,0.9998634457588196,-3.756338884386423e-8,1,-5.094606958522263e-9,-0.9998634457588196,-3.764245093407226e-8,-0.016525181010365487],5,1.2556579113006592],[[762.8941650390625,226.09902954101563,46.73322677612305,0.0018960917368531228,5.486750165317744e-9,0.9999982118606567,-3.769708989409537e-9,1,-5.479612319447824e-9,-0.9999982118606567,-3.759312416917737e-9,0.0018960917368531228],5,1.2657732963562012],[[762.7608642578125,225.76747131347657,46.73343276977539,0.06196464225649834,5.888870280301717e-9,0.9980783462524414,1.8701024728784433e-8,1,-7.06124181348855e-9,-0.9980783462524414,1.9102634141177078e-8,0.06196464225649834],5,1.2759630680084229],[[762.6277465820313,225.42230224609376,46.72725296020508,0.10523306578397751,5.181592488412434e-9,0.9944475889205933,4.107680595666352e-8,1,-9.55729717588838e-9,-0.9944475889205933,4.185447366467088e-8,0.10523306578397751],5,1.2887589931488038],[[762.369140625,224.69107055664063,46.736305236816409,0.13851577043533326,8.180106036981272e-10,0.9903602004051209,8.601125500717899e-8,1,-1.2855854158999591e-8,-0.9903602004051209,8.696287068232778e-8,0.13851577043533326],5,1.302187442779541],[[762.1820678710938,224.10687255859376,46.76822280883789,0.2626519799232483,-1.687114803416989e-8,0.9648906588554382,1.1995327042768623e-7,1,-1.516732872630655e-8,-0.9648906588554382,1.1972551305916569e-7,0.2626519799232483],5,1.3236663341522217],[[761.93701171875,223.2802734375,46.84517288208008,0.3549290895462036,-3.768136735970984e-8,0.9348931908607483,1.473621011882642e-7,1,-1.5640001294059404e-8,-0.9348931908607483,1.4331891406982323e-7,0.3549290895462036],5,1.3321561813354493],[[761.74755859375,222.6245574951172,46.90634536743164,0.4908563196659088,-2.984786107163018e-8,0.8712405562400818,7.49914121911388e-8,1,-7.991077133340241e-9,-0.8712405562400818,6.925802864543584e-8,0.4908563196659088],7,1.3443779945373536],[[761.6187744140625,222.45518493652345,46.94052505493164,0.5972850322723389,-1.6748344933148475e-8,0.802029013633728,2.7303441285653208e-8,1,5.491180843364418e-10,-0.802029013633728,2.1570171426787966e-8,0.5972850322723389],7,1.3535196781158448],[[761.421630859375,222.46005249023438,46.9732780456543,0.6313506960868836,1.4877208798225184e-8,0.7754974961280823,-4.358894045708439e-8,1,1.6302694305636579e-8,-0.7754974961280823,-4.409583098663461e-8,0.6313506960868836],7,1.3628695011138917],[[761.1566162109375,222.54779052734376,47.00236129760742,0.6566261649131775,3.622520239332516e-8,0.754216194152832,-8.357964986771549e-8,1,2.4734793768743658e-8,-0.754216194152832,-7.927864231760396e-8,0.6566261649131775],8,1.3808534145355225],[[760.9932861328125,222.60003662109376,47.09153747558594,0.6926875114440918,4.9108447086609888e-8,0.72123783826828,-9.998859695770079e-8,1,2.7941416291810129e-8,-0.72123783826828,-9.147023405375876e-8,0.6926875114440918],8,1.3920161724090577],[[760.8533935546875,222.63568115234376,47.23184585571289,0.7051816582679749,5.974690964194451e-8,0.7090266942977905,-1.1632864271859944e-7,1,3.143169280406255e-8,-0.7090266942977905,-1.0464516719821404e-7,0.7051816582679749],8,1.411794900894165],[[760.6657104492188,222.6646270751953,47.421180725097659,0.7027009129524231,4.492490290886053e-8,0.7114853858947754,-8.691779385117116e-8,1,2.270223120603987e-8,-0.7114853858947754,-7.77936151052927e-8,0.7027009129524231],8,1.42014741897583],[[760.5719604492188,222.67376708984376,47.51596450805664,0.7027007937431336,3.32838645533684e-8,0.7114855051040649,-6.369070604250737e-8,1,1.6123509638532597e-8,-0.7114855051040649,-5.664501401270172e-8,0.7027007937431336],8,1.4305734634399415],[[760.4782104492188,222.6805419921875,47.610816955566409,0.7027007937431336,2.164781420788131e-8,0.7114855051040649,-4.047354451586216e-8,1,9.547597379366835e-9,-0.7114855051040649,-3.5505443918282256e-8,0.7027007937431336],8,1.4404528141021729],[[760.3375854492188,222.68753051757813,47.75311279296875,0.7027007937431336,4.203057013540956e-9,0.7114855051040649,-5.666399793824439e-9,1,-3.11002307240571e-10,-0.7114855051040649,-3.813019677778584e-9,0.7027007937431336],8,1.44921875],[[760.2438354492188,222.69070434570313,47.84797668457031,0.7027007937431336,-7.420570824479e-9,0.7114855051040649,1.7525971784948525e-8,1,-6.879891323308129e-9,-0.7114855051040649,1.7303978694371837e-8,0.7027007937431336],8,1.4595401287078858],[[760.1500854492188,222.69305419921876,47.942840576171878,0.7027007937431336,-1.9039232412865205e-8,0.7114855051040649,4.0708432180736057e-8,1,-1.344597322372465e-8,-0.7114855051040649,3.841195450604573e-8,0.7027007937431336],8,1.4688329696655274],[[760.0094604492188,222.69546508789063,48.08513641357422,0.7027007937431336,-3.645791935014131e-8,0.7114855051040649,7.546355362819668e-8,1,-2.3289835837658758e-8,-0.7114855051040649,7.0057012635516e-8,0.7027007937431336],8,1.4788804054260255],[[759.9157104492188,222.69656372070313,48.18000030517578,0.7027007937431336,-4.806417663871798e-8,0.7114855051040649,9.862126404414085e-8,1,-2.9848905569451747e-8,-0.7114855051040649,9.114244647889791e-8,0.7027007937431336],8,1.490358591079712],[[759.7750854492188,222.6977081298828,48.322296142578128,0.7027007937431336,-4.0693024061511099e-8,0.7114855051040649,8.292235520457325e-8,1,-2.4704059242708355e-8,-0.7114855051040649,7.63576153417489e-8,0.7027007937431336],8,1.5007691383361817],[[759.6344604492188,222.69842529296876,48.46459197998047,0.7027007937431336,-3.3326593040783339e-8,0.7114855051040649,6.723350765014402e-8,1,-1.956251161061573e-8,-0.7114855051040649,6.158225573926757e-8,0.7027007937431336],8,1.5124704837799073],[[759.5407104492188,222.69874572753907,48.55945587158203,0.7027007937431336,-2.841826152177873e-8,0.7114855051040649,5.6779857260380598e-8,1,-1.613664402100312e-8,-0.7114855051040649,5.1737277573238319e-8,0.7027007937431336],8,1.5231661796569825],[[759.4000854492188,222.69906616210938,48.701751708984378,0.7027007937431336,-2.1059694432778998e-8,0.7114855051040649,4.110775719823323e-8,1,-1.1000587107901083e-8,-0.7114855051040649,3.697769201949086e-8,0.7027007937431336],8,1.533493995666504],[[759.2594604492188,222.69927978515626,48.84404754638672,0.7027007937431336,-1.370584357118787e-8,0.7114855051040649,2.5445698881298996e-8,1,-5.867820451754824e-9,-0.7114855051040649,2.222756734227005e-8,0.7027007937431336],8,1.5475728511810303],[[759.1188354492188,222.69943237304688,48.98634338378906,0.7027007937431336,-6.3567040520240429e-9,0.7114855051040649,9.793676980507371e-9,1,-7.383434974528313e-10,-0.7114855051040649,7.486893771613268e-9,0.7027007937431336],8,1.558626651763916],[[759.0250854492188,222.69949340820313,49.081207275390628,0.698965311050415,-1.4206010812145565e-9,0.7151555418968201,-6.531845619939247e-10,1,2.62481969492967e-9,-0.7151555418968201,-2.301786539149475e-9,0.698965311050415],8,1.5705604553222657],[[758.8851318359375,222.69955444335938,49.224098205566409,0.6696749925613403,5.829377869304153e-9,0.7426542639732361,-1.6504992927934837e-8,1,7.033695403890761e-9,-0.7426542639732361,-1.696779428073114e-8,0.6696749925613403],8,1.5807065963745118],[[758.7500610351563,222.69960021972657,49.371578216552737,0.6513181924819946,1.2749385547294878e-8,0.7588047385215759,-3.2449626985453509e-8,1,1.105112534816044e-8,-0.7588047385215759,-3.182072916274592e-8,0.6513181924819946],8,1.5921308994293213],[[758.6625366210938,222.69961547851563,49.47214889526367,0.6257825493812561,1.6575004480046119e-8,0.7799975275993347,-4.31566711256437e-8,1,1.337400057366267e-8,-0.7799975275993347,-4.203131354074685e-8,0.6257825493812561],8,1.6060612201690674],[[758.5363159179688,222.69961547851563,49.62725067138672,0.6257825493812561,2.390375364313968e-8,0.7799975275993347,-5.9208652203324166e-8,1,1.6856448681323856e-8,-0.7799975275993347,-5.6731074948856988e-8,0.6257825493812561],8,1.6149284839630128],[[758.4110717773438,222.69961547851563,49.783199310302737,0.6203134655952454,3.083055233332743e-8,0.784354031085968,-7.52742792542449e-8,1,2.0224412367042534e-8,-0.784354031085968,-7.158715931154802e-8,0.6203134655952454],8,1.6270973682403565],[[758.2868041992188,222.69961547851563,49.93990707397461,0.6148201823234558,3.764916201021151e-8,0.7886673212051392,-9.135273160154611e-8,1,2.3478007094013266e-8,-0.7886673212051392,-8.64816627199616e-8,0.6148201823234558],8,1.6386945247650147],[[758.1636352539063,222.69961547851563,50.097469329833987,0.6106814742088318,4.451040069852752e-8,0.7918763756752014,-1.0743768541487953e-7,1,2.6645320616580649e-8,-0.7918763756752014,-1.013491655044163e-7,0.6106814742088318],8,1.6519205570220948],[[758.0413208007813,222.69961547851563,50.255714416503909,0.5911386609077454,4.932923403089262e-8,0.8065699934959412,-1.2358492540442968e-7,1,2.9416654001579446e-8,-0.8065699934959412,-1.170692058849454e-7,0.5911386609077454],8,1.6665289402008057],[[757.9223022460938,222.69961547851563,50.41646194458008,0.5553610920906067,3.233125767110323e-8,0.831609308719635,-8.801084305787299e-8,1,1.9897010261615834e-8,-0.831609308719635,-8.424066066936575e-8,0.5553610920906067],8,1.6792240142822266],[[757.7727661132813,222.69961547851563,50.63721466064453,0.5348633527755737,1.448738373710512e-8,0.8449385762214661,-4.031829092809858e-8,1,8.376220606010066e-9,-0.8449385762214661,-3.8546613012613309e-8,0.5348633527755737],8,1.6940863132476807],[[757.6293334960938,222.69961547851563,50.86199188232422,0.4929197430610657,-3.175417928602542e-9,0.8700747489929199,7.839239479778826e-9,1,-7.91538945499326e-10,-0.8700747489929199,7.210889663156195e-9,0.4929197430610657],8,1.7083642482757569],[[757.4633178710938,222.69961547851563,51.151004791259769,0.4513511657714844,-2.251441877376692e-8,0.8923463821411133,6.845115052556139e-8,1,-9.392191024915065e-9,-0.8923463821411133,6.532130925052116e-8,0.4513511657714844],8,1.730736494064331],[[757.3715209960938,222.69961547851563,51.3286247253418,0.4372691810131073,-3.328428732629618e-8,0.8993306756019592,1.0486375146001592e-7,1,-1.3976390711434306e-8,-0.8993306756019592,1.0041863163223752e-7,0.4372691810131073],8,1.7439677715301514],[[757.3126831054688,222.69961547851563,51.4482536315918,0.43727025389671328,-2.9780816035440695e-8,0.8993301391601563,9.352947927254718e-8,1,-1.2361248913350665e-8,-0.8993301391601563,8.951909080678888e-8,0.43727025389671328],8,1.7532379627227784],[[757.22509765625,222.69961547851563,51.628074645996097,0.43570080399513247,-2.4372029727715018e-8,0.9000915884971619,7.653295597265242e-8,1,-9.969474135118617e-9,-0.9000915884971619,7.323037465312155e-8,0.43570080399513247],8,1.7622790336608887],[[757.1959228515625,222.6962127685547,51.68803024291992,0.4357018768787384,-2.2622003825745197e-8,0.9000910520553589,7.08698664197982e-8,1,-9.172550718972161e-9,-0.9000910520553589,6.778583383493242e-8,0.4357018768787384],8,1.7707335948944092],[[757.1083984375,222.6655731201172,51.867897033691409,0.43570294976234438,-1.7373990246483119e-8,0.9000905156135559,5.3887870166136057e-8,1,-6.7827783389873279e-9,-0.9000905156135559,5.145923864802171e-8,0.43570294976234438],8,1.7797541618347169],[[757.050048828125,222.62811279296876,51.98780822753906,0.4357040226459503,-1.3877191840094838e-8,0.9000899791717529,4.257259078599418e-8,1,-5.190433860491339e-9,-0.9000899791717529,4.0580655280564318e-8,0.4357040226459503],8,1.7903246879577637],[[756.9625244140625,222.54637145996095,52.16767501831055,0.4357050955295563,-8.634750692237958e-9,0.90008944272995,2.5608740017446509e-8,1,-2.803174581345047e-9,-0.90008944272995,2.4271514575957555e-8,0.4357050955295563],8,1.8014271259307862],[[756.875,222.43397521972657,52.34754180908203,0.4388459026813507,-3.480335575289928e-9,0.8985623717308044,8.664200912278375e-9,1,-3.582538155022519e-10,-0.8985623717308044,7.942542623595728e-9,0.4388459026813507],8,1.8342938423156739],[[756.6416015625,224.12911987304688,52.827186584472659,0.4684167504310608,1.021266271550303e-8,0.8835076689720154,-3.6227270072686227e-8,1,7.647695809964717e-9,-0.8835076689720154,-3.5589380331657597e-8,0.4684167504310608],3,1.8475861549377442],[[756.549072265625,224.70986938476563,53.004486083984378,0.4438117742538452,1.6600223418095085e-8,0.896120011806488,-5.3464471960751328e-8,1,7.954222169814784e-9,-0.896120011806488,-5.144076098417827e-8,0.4438117742538452],5,1.865959882736206],[[756.3507690429688,225.77940368652345,53.35183334350586,0.3679780662059784,3.192647213268174e-8,0.9298344850540161,-8.830392062009196e-8,1,6.102516825201576e-10,-0.9298344850540161,-8.233259052303765e-8,0.3679780662059784],5,1.8833820819854737],[[756.2803955078125,226.10867309570313,53.465049743652347,0.5140458345413208,5.3473595329478488e-8,0.8577627539634705,-1.003766385565541e-7,1,-2.1863904020591464e-9,-0.8577627539634705,-8.497543291241527e-8,0.5140458345413208],5,1.890596628189087],[[756.2056884765625,226.42430114746095,53.57546615600586,0.5288106799125671,6.420209075486128e-8,0.8487398028373718,-1.1256251752911339e-7,1,-5.511502365607157e-9,-0.8487398028373718,-9.262174671675894e-8,0.5288106799125671],5,1.9000136852264405],[[756.1284790039063,226.726318359375,53.68415832519531,0.5405716300010681,7.541986946080215e-8,0.84129798412323,-1.2486378864196014e-7,1,-9.416464941125469e-9,-0.84129798412323,-9.99573757098915e-8,0.5405716300010681],5,1.910625696182251],[[756.0099487304688,227.15377807617188,53.84523391723633,0.52269446849823,8.927696626415127e-8,0.8525201082229614,-1.4339515530537029e-7,1,-1.6803253899411176e-8,-0.8525201082229614,-1.1346428863134861e-7,0.52269446849823],5,1.9217174053192139],[[755.9296264648438,227.42172241210938,53.95165252685547,0.5681618452072144,1.0697537078385722e-7,0.8229168057441711,-1.560488414042993e-7,1,-2.22554366047234e-8,-0.8229168057441711,-1.1577051850508724e-7,0.5681618452072144],5,1.9318294525146485],[[755.8059692382813,227.798095703125,54.10883331298828,0.5521411895751953,1.1191551152478496e-7,0.8337506651878357,-1.57481778728652e-7,1,-2.994100967157465e-8,-0.8337506651878357,-1.1476887351591358e-7,0.5521411895751953],5,1.9429140090942383],[[755.679931640625,228.14381408691407,54.264095306396487,0.5651810765266419,9.84681989280034e-8,0.8249668478965759,-1.2383534908622097e-7,1,-3.452114683000218e-8,-0.8249668478965759,-8.264935758006686e-8,0.5651810765266419],5,1.9547054767608643],[[755.551513671875,228.45887756347657,54.417388916015628,0.599261999130249,8.460408196242497e-8,0.8005529642105103,-9.060378403091818e-8,1,-3.785967450653516e-8,-0.8005529642105103,-4.9845262140024718e-8,0.599261999130249],5,1.9669008255004883],[[755.41748046875,228.7432861328125,54.56581115722656,0.6213958263397217,6.679420749833298e-8,0.7834967970848084,-5.7640090034283278e-8,1,-3.953671878775822e-8,-0.7834967970848084,-2.059287496081197e-8,0.6213958263397217],5,1.9786431789398194],[[755.232666015625,229.07479858398438,54.75797653198242,0.6718993782997131,4.019035415581129e-8,0.7406424283981323,-1.411946470852854e-8,1,-4.145521970144728e-8,-0.7406424283981323,1.7396262208535519e-8,0.6718993782997131],5,1.997776746749878],[[755.084228515625,229.2876739501953,54.891719818115237,0.7196288704872131,1.5580525314362604e-8,0.6943588852882385,1.8475438068321638e-8,1,-4.158654220987046e-8,-0.6943588852882385,4.275545961718308e-8,0.7196288704872131],5,2.008641242980957],[[754.7711181640625,229.6214599609375,55.14066696166992,0.6908847689628601,-3.239529533516361e-8,0.722964882850647,8.343715762748616e-8,1,-3.492585065600906e-8,-0.722964882850647,8.44518766029978e-8,0.6908847689628601],5,2.0350446701049806],[[754.4989624023438,229.80593872070313,55.33302688598633,0.7673109173774719,-8.92110492145548e-8,0.6412752866744995,1.386043209095078e-7,1,-2.6730422320042636e-8,-0.6412752866744995,1.0939406536181196e-7,0.7673109173774719],5,2.053891181945801],[[754.385986328125,229.8558807373047,55.40361022949219,0.8584395051002502,-1.1287298207207641e-7,0.5129148364067078,1.4381619450887229e-7,1,-2.0636015563013644e-8,-0.5129148364067078,9.148022428462355e-8,0.8584395051002502],5,2.061549186706543],[[754.2688598632813,229.8922119140625,55.467098236083987,0.8749865889549255,-1.1036561176069881e-7,0.4841471314430237,1.320521079151149e-7,1,-1.0695540453298236e-8,-0.4841471314430237,7.329110474074696e-8,0.8749865889549255],5,2.071084499359131],[[754.1488647460938,229.91490173339845,55.525169372558597,0.8913630247116089,-1.0702514430249721e-7,0.45329010486602785,1.2061619258929569e-7,1,-1.0758511859165765e-9,-0.45329010486602785,5.563310168099633e-8,0.8913630247116089],5,2.0805881023406984],[[753.9656372070313,229.92340087890626,55.605186462402347,0.9109708070755005,-1.0046573351019106e-7,0.41247084736824038,1.043212165541263e-7,1,1.316977993326418e-8,-0.41247084736824038,3.103217238731304e-8,0.9109708070755005],5,2.0912253856658937],[[753.8406982421875,229.9120330810547,55.651512145996097,0.9242047071456909,-9.49066532029974e-8,0.3818974196910858,9.355620278483912e-8,1,2.2104284624901994e-8,-0.3818974196910858,1.52999888314298e-8,0.9242047071456909],5,2.1008565425872804],[[753.6513671875,229.86944580078126,55.71599197387695,0.9417295455932617,-8.56144453109664e-8,0.3363710641860962,7.821167713473187e-8,1,3.5556563915406517e-8,-0.3363710641860962,-7.176522487384318e-9,0.9417295455932617],5,2.1115832328796388],[[753.5231323242188,229.8240203857422,55.752105712890628,0.97380530834198,-7.718492156527646e-8,0.22738339006900788,6.877349534306632e-8,1,4.491500860126507e-8,-0.22738339006900788,-2.810052279755837e-8,0.97380530834198],5,2.1245999336242677],[[753.2613525390625,229.69229125976563,55.80149841308594,0.9764577150344849,-6.299483601424072e-8,0.21570903062820435,5.050701901154753e-8,1,6.340423652773097e-8,-0.21570903062820435,-5.101673394847239e-8,0.9764577150344849],5,2.1478447914123537],[[752.9298095703125,229.45098876953126,55.834197998046878,0.984616756439209,-4.3065984556278639e-8,0.1747278869152069,2.842700297378542e-8,1,8.628435210766838e-8,-0.1747278869152069,-7.999003059921961e-8,0.984616756439209],5,2.1572015285491945],[[752.7966918945313,229.33062744140626,55.838951110839847,0.9992396235466003,-2.3879154653627667e-8,0.0389888621866703,2.0157653324304193e-8,1,9.584346827296031e-8,-0.0389888621866703,-9.49846636899565e-8,0.9992396235466003],5,2.168689727783203],[[752.5967407226563,229.12454223632813,55.835365295410159,0.999999463558197,-8.176560761796737e-9,-0.0010409129317849875,8.291785036362853e-