[[[776,222.69961547851563,47,1,1.959334028356352e-8,3.304632636329588e-14,-1.959334028356352e-8,1,3.761980948979726e-8,-3.230923151633161e-14,-3.761980948979726e-8,1],8,0.0030820369720458986],[[776,222.69961547851563,47,1,1.3793075570589509e-9,3.2923269416718778e-14,-1.3793075570589509e-9,1,2.6482871451349867e-9,-3.2919613622518429e-14,-2.6482871451349867e-9,1],8,0.01936197280883789],[[776,222.69961547851563,47,1,-1.6819162951264844e-8,3.343658493528204e-14,1.6819162951264844e-8,1,-3.2293360874291469e-8,-3.289343691631648e-14,3.2293360874291469e-8,1],8,0.043410539627075198],[[776,222.69961547851563,47,1,-3.500208123341508e-8,3.458436201265666e-14,3.500208123341508e-8,1,-6.720516410041455e-8,-3.223203970978243e-14,6.720516410041455e-8,1],8,0.05236220359802246],[[776,222.69961547851563,47,1,-5.316946527500477e-8,3.636493707613424e-14,5.316946527500477e-8,1,-1.020871422952041e-7,-3.093701781298891e-14,1.020871422952041e-7,1],8,0.07023334503173828],[[776,222.69961547851563,47,1,-4.172998302465203e-8,3.547635546875122e-14,4.172998302465203e-8,1,-8.012295182879825e-8,-3.213282504660464e-14,8.012295182879825e-8,1],8,0.08566403388977051],[[776,222.69961547851563,47,-0.36908864974975588,1.0684002660354963e-7,0.9293941855430603,2.2501556173892824e-8,1,-1.0602062872067109e-7,-0.9293941855430603,-1.821819495262389e-8,-0.36908864974975588],8,0.10654592514038086],[[776,222.69961547851563,47,-0.2908283472061157,1.07581392683187e-7,0.9567752480506897,2.005429600160369e-9,1,-1.1183207249132465e-7,-0.9567752480506897,-3.06051894938264e-8,-0.2908283472061157],8,0.12943506240844727],[[776,222.69961547851563,47,-0.26387161016464236,5.927381607762072e-8,0.9645578265190125,-1.4525335600978906e-8,1,-6.542546060472887e-8,-0.9645578265190125,-3.127444614392516e-8,-0.26387161016464236],8,0.13637042045593263],[[776,222.69961547851563,47,-0.26214858889579775,1.0205572387178563e-8,0.9650275111198425,-3.114101687629045e-8,1,-1.9034841258758207e-8,-0.9650275111198425,-3.50418964956134e-8,-0.26214858889579775],8,0.1519615650177002],[[776,222.69961547851563,47,-0.2619492709636688,-3.887485533482504e-8,0.9650816321372986,-4.774438266963443e-8,1,2.732229908986028e-8,-0.9650816321372986,-3.892017019779814e-8,-0.2619492709636688],8,0.16910624504089356],[[776,222.69961547851563,47,-0.25686579942703249,-8.771591097911369e-8,0.9664470553398132,-6.408973973748289e-8,1,7.372720745024708e-8,-0.9664470553398132,-4.300134648360654e-8,-0.25686579942703249],8,0.1890101432800293],[[776,222.69961547851563,47,-0.2568630576133728,-8.496490977449867e-8,0.9664478302001953,-5.046713624778931e-8,1,7.450145034226807e-8,-0.9664478302001953,-2.963718159776363e-8,-0.2568630576133728],8,0.21143841743469239],[[776,222.69961547851563,47,-0.2669765055179596,-6.527782403509264e-8,0.9637030363082886,-2.6726034718649317e-8,1,6.033248922676649e-8,-0.9637030363082886,-9.648602805611972e-9,-0.2669765055179596],8,0.2191178798675537],[[776,222.69961547851563,47,-0.2938011884689331,-5.0538425000468126e-8,0.9558665752410889,-8.6437470514511e-9,1,5.0215042790568989e-8,-0.9558665752410889,6.49097042781932e-9,-0.2938011884689331],8,0.23580145835876466],[[776,222.69961547851563,47,-0.3303082287311554,-2.530052434224217e-8,0.9438731074333191,2.2092706331022783e-8,1,3.453634533912009e-8,-0.9438731074333191,3.226034905878805e-8,-0.3303082287311554],8,0.25336575508117678],[[776,222.69961547851563,47,-0.3679496943950653,-4.042689294436741e-9,0.9298456907272339,4.7141671899453289e-8,1,2.3002153071161048e-8,-0.9298456907272339,5.229811606000112e-8,-0.3679496943950653],8,0.2699239253997803],[[776,222.69961547851563,47,-0.41773635149002077,1.8718493421943095e-8,0.908568263053894,7.275627211811298e-8,1,1.2849278085980132e-8,-0.908568263053894,7.147165348442286e-8,-0.41773635149002077],8,0.28839635848999026],[[776,222.69961547851563,47,-0.43511664867401125,3.999599940129883e-8,0.9003741145133972,9.853916083102377e-8,1,3.1987021920087956e-9,-0.9003741145133972,9.011391455260309e-8,-0.43511664867401125],8,0.30849719047546389],[[775.9296875,222.69961547851563,46.85447311401367,-0.49842628836631777,6.62321255617826e-8,0.8669320940971375,1.2492392897911487e-7,1,-4.575629652947555e-9,-0.8669320940971375,1.0601994659964476e-7,-0.49842628836631777],8,0.32143473625183108],[[775.8339233398438,222.69961547851563,46.682918548583987,-0.5446160435676575,5.436929484403663e-8,0.8386855125427246,9.108843102012543e-8,1,-5.676828784828558e-9,-0.8386855125427246,7.330285711759643e-8,-0.5446160435676575],8,0.3424057960510254],[[775.6544189453125,222.69961547851563,46.402339935302737,-0.5877996683120728,2.8986276490172714e-8,0.8090065121650696,3.491752309514595e-8,1,-1.0459455523914585e-8,-0.8090065121650696,2.210044058870153e-8,-0.5877996683120728],8,0.3536720275878906],[[775.4993896484375,222.69961547851563,46.18543243408203,-0.6239189505577087,6.663618545843519e-9,0.7814890146255493,-9.756202956623384e-9,1,-1.631590151873752e-8,-0.7814890146255493,-1.7804167029566999e-8,-0.6239189505577087],8,0.3704402446746826],[[775.33447265625,222.69961547851563,45.97593307495117,-0.6548085808753967,-1.7333094959326446e-8,0.7557947635650635,-5.41206546245121e-8,1,-2.395567655355535e-8,-0.7557947635650635,-5.659049051587317e-8,-0.6548085808753967],8,0.3864295482635498],[[775.1611328125,222.69961547851563,45.773353576660159,-0.6782385110855103,-4.235931783114211e-8,0.7348418235778809,-9.818540291917088e-8,1,-3.297826367543166e-8,-0.7348418235778809,-9.451787263969891e-8,-0.6782385110855103],8,0.4034292697906494],[[774.9812622070313,222.69961547851563,45.57655334472656,-0.6960086226463318,-4.2236262487449497e-8,0.7180334329605103,-8.851079513760851e-8,1,-2.69736943891985e-8,-0.7180334329605103,-8.232763093474205e-8,-0.6960086226463318],8,0.42016100883483889],[[774.79638671875,222.69961547851563,45.3843994140625,-0.7157989144325256,-3.3550779932056687e-8,0.6983065009117127,-6.135755370451079e-8,1,-1.4848617446716617e-8,-0.6983065009117127,-5.347499865138161e-8,-0.7157989144325256],8,0.43665313720703127],[[774.6062622070313,222.69961547851563,45.1973991394043,-0.7409268021583557,-2.4529462905320544e-8,0.6715857982635498,-3.4690046391006038e-8,1,-1.7470898061588969e-9,-0.6715857982635498,-2.4591807701312974e-8,-0.7409268021583557],8,0.45198750495910647],[[774.40966796875,222.69961547851563,45.01724624633789,-0.7684175968170166,-1.4587882013472609e-8,0.6399487853050232,-8.617247360120928e-9,1,1.2448243325025033e-8,-0.6399487853050232,4.050852098202995e-9,-0.7684175968170166],8,0.46927976608276369],[[774.205810546875,222.69961547851563,44.84532928466797,-0.8060818314552307,-3.3719715908375749e-9,0.5918040871620178,1.651803849256339e-8,1,2.819659883357417e-8,-0.5918040871620178,3.250420732570092e-8,-0.8060818314552307],8,0.4872863292694092],[[773.9923095703125,222.69961547851563,44.685604095458987,-0.8252739906311035,8.640180126917585e-9,0.564732551574707,4.109594087253754e-8,1,4.475610992926704e-8,-0.564732551574707,6.014426645606363e-8,-0.8252739906311035],8,0.5027356147766113],[[773.7730712890625,222.69961547851563,44.533912658691409,-0.838836133480072,2.103072205272838e-8,0.5443839430809021,6.524093265625197e-8,1,6.189699774949986e-8,-0.5443839430809021,8.743755586237967e-8,-0.838836133480072],8,0.5199565887451172],[[773.5499267578125,222.69961547851563,44.38792419433594,-0.8482118248939514,3.3467074445070469e-8,0.5296571850776672,8.906263815333659e-8,1,7.944177582430712e-8,-0.5296571850776672,1.1455611570454494e-7,-0.8482118248939514],8,0.536318302154541],[[773.3240966796875,222.69961547851563,44.24608612060547,-0.8537191152572632,2.4179687585501598e-8,0.5207337737083435,5.9556185760811789e-8,1,5.120575607975297e-8,-0.5207337737083435,7.472824847809534e-8,-0.8537191152572632],8,0.5534179210662842],[[773.0966796875,222.69961547851563,44.10686111450195,-0.8573390245437622,1.422374928949921e-8,0.514752209186554,3.027290773616187e-8,1,2.2788430698028607e-8,-0.514752209186554,3.512045410047904e-8,-0.8573390245437622],8,0.5700740814208984],[[772.8682250976563,222.69961547851563,43.96935272216797,-0.8591333031654358,3.877575149857648e-9,0.5117518305778503,1.1140898203976236e-9,1,-5.706718209097517e-9,-0.5117518305778503,-4.332694203412757e-9,-0.8591333031654358],8,0.5867600440979004],[[772.6392211914063,222.69961547851563,43.832763671875,-0.8600253462791443,-6.589921053290482e-9,0.5102512836456299,-2.7970067151272816e-8,1,-3.422832151045441e-8,-0.5102512836456299,-4.370898665229106e-8,-0.8600253462791443],8,0.6030278205871582],[[772.4099731445313,222.69961547851563,43.696632385253909,-0.860026478767395,-1.7041006827867024e-8,0.5102494359016419,-5.7029307498623896e-8,1,-6.272561137166122e-8,-0.5102494359016419,-8.304485987764565e-8,-0.860026478767395],8,0.6189329624176025],[[772.1807250976563,222.69961547851563,43.560569763183597,-0.8600261211395264,-2.337260873730429e-8,0.5102500319480896,-7.346234554006515e-8,1,-7.801455126354995e-8,-0.5102500319480896,-1.045787101361384e-7,-0.8600261211395264],8,0.6365187168121338],[[771.9514770507813,222.69961547851563,43.42450714111328,-0.8600257635116577,-1.7372848049035384e-8,0.5102506279945374,-5.2093291458277238e-8,1,-5.375539657848094e-8,-0.5102506279945374,-7.281165892436548e-8,-0.8600257635116577],8,0.652824878692627],[[771.7222290039063,222.69961547851563,43.28844451904297,-0.858238935470581,-1.1123951537683752e-8,0.5132504105567932,-3.065800058266177e-8,1,-2.9591669559181356e-8,-0.5132504105567932,-4.113195473109954e-8,-0.858238935470581],8,0.6704561710357666],[[771.4932861328125,222.69961547851563,43.151695251464847,-0.8582385778427124,-5.134485281388379e-9,0.513251006603241,-9.24100174160003e-9,1,-5.448598461299525e-9,-0.513251006603241,-9.419149904488222e-9,-0.8582385778427124],8,0.687744140625],[[771.2645263671875,222.69961547851563,43.014827728271487,-0.8609152436256409,8.005717755388275e-10,0.508748471736908,1.2031062368578205e-8,1,1.8785614841476673e-8,-0.508748471736908,2.2293606960488434e-8,-0.8609152436256409],8,0.7029564380645752],[[771.0350952148438,222.69961547851563,42.87898635864258,-0.8644528388977051,6.935706231558925e-9,0.5027139782905579,3.3115064468347558e-8,1,4.314721024911705e-8,-0.5027139782905579,5.394613467046838e-8,-0.8644528388977051],8,0.7190725803375244],[[770.8046875,222.69961547851563,42.744686126708987,-0.8679434657096863,1.3286488353969617e-8,0.4966629445552826,5.401050628961457e-8,1,6.763455928648909e-8,-0.4966629445552826,8.552799357630647e-8,-0.8679434657096863],8,0.7361965179443359],[[770.5733642578125,222.69961547851563,42.61199951171875,-0.87395179271698,2.0300323200217464e-8,0.48601263761520388,7.458735495902147e-8,1,9.235444764499334e-8,-0.48601263761520388,1.1696372581582182e-7,-0.87395179271698],8,0.7531583309173584],[[770.340576171875,222.69961547851563,42.48197555541992,-0.8823057413101196,1.496204937723178e-8,0.4706766605377197,5.0078920565965748e-8,1,6.208693292819589e-8,-0.4706766605377197,7.835063797756448e-8,-0.8823057413101196],8,0.7700426578521729],[[770.1056518554688,222.69961547851563,42.35585021972656,-0.8935503959655762,9.501890829710647e-9,0.4489629566669464,2.6338181413620988e-8,1,3.125558833971809e-8,-0.4489629566669464,3.975330997718629e-8,-0.8935503959655762],8,0.7864999771118164],[[769.8703002929688,222.6655731201172,42.230323791503909,-0.9072225689888,3.3817819655723726e-9,0.4206509292125702,3.5978506840450565e-9,1,-2.798771769896291e-10,-0.4206509292125702,1.2595282594674018e-9,-0.9072225689888],8,0.8026583194732666],[[769.6349487304688,222.5770263671875,42.10480499267578,-0.9213621020317078,-3.935112236064242e-9,0.38870537281036379,-1.8008606161856734e-8,1,-3.2562802232405377e-8,-0.38870537281036379,-3.7002173769451477e-8,-0.9213621020317078],8,0.8196611404418945],[[769.3995971679688,222.43397521972657,41.979286193847659,-0.9331237077713013,-1.2448659880703872e-8,0.35955554246902468,-3.8572174787532279e-8,1,-6.548069819700686e-8,-0.35955554246902468,-7.497042986415181e-8,-0.9331237077713013],8,0.8364746570587158],[[769.1642456054688,222.23643493652345,41.85376739501953,-0.9428055882453919,-2.1884780210257305e-8,0.3333430588245392,-5.819118698013881e-8,1,-9.893170016539443e-8,-0.3333430588245392,-1.1267099608858189e-7,-0.9428055882453919],8,0.8539824485778809],[[768.9288940429688,221.98439025878907,41.728248596191409,-0.9495863914489746,-1.674243499394379e-8,0.31350547075271609,-4.093461214438321e-8,1,-7.058414297489435e-8,-0.31350547075271609,-7.98589638861813e-8,-0.9495863914489746],8,0.8796131610870361],[[768.6935424804688,222.85751342773438,41.60272979736328,-0.9559494853019714,-1.0919682935650599e-8,0.293531209230423,-2.4290283562322658e-8,1,-4.1905597214508819e-8,-0.293531209230423,-4.718959090155295e-8,-0.9559494853019714],3,0.8895103931427002],[[768.44873046875,223.67953491210938,41.50013732910156,-0.9282058477401733,-4.640853923376653e-9,0.37206709384918215,-9.88917125965827e-9,1,-1.219761802673247e-8,-0.37206709384918215,-1.5001335285091956e-8,-0.9282058477401733],5,0.9108295440673828],[[768.19384765625,224.44705200195313,41.422210693359378,-0.9182295799255371,-1.8345044372480857e-9,0.3960484564304352,4.993222724181123e-9,1,1.6208696607122876e-8,-0.3960484564304352,1.6860862928069765e-8,-0.9182295799255371],5,0.9193644523620606],[[767.9375610351563,225.1600799560547,41.34841537475586,-0.9213755130767822,2.2413102485074889e-9,0.38867366313934328,2.0660733568433899e-8,1,4.321101343407463e-8,-0.38867366313934328,4.784385154721349e-8,-0.9213755130767822],5,0.937476634979248],[[767.680419921875,225.818603515625,41.2777214050293,-0.9258748292922974,8.214495750280549e-9,0.3778303265571594,3.709503459958796e-8,1,6.916030770298676e-8,-0.3778303265571594,7.80494175955937e-8,-0.9258748292922974],5,0.9531159400939941],[[767.4869384765625,226.2767333984375,41.226959228515628,-0.9420963525772095,1.7099409888032825e-8,0.33534231781959536,4.960802968412281e-8,1,8.837577070153202e-8,-0.33534231781959536,9.989416582811828e-8,-0.9420963525772095],5,0.9686520099639893],[[767.1635131835938,226.97213745117188,41.146575927734378,-0.9224668741226196,2.095400297719152e-8,0.3860762417316437,7.256682010847726e-8,1,1.1911244257589715e-7,-0.3860762417316437,1.3789360764349113e-7,-0.9224668741226196],5,0.9863157272338867],[[766.904052734375,227.4671630859375,41.085365295410159,-0.9396831393241882,3.461462938503246e-8,0.34204623103141787,8.357810798997889e-8,1,1.2841044849665196e-7,-0.34204623103141787,1.4925271329957469e-7,-0.9396831393241882],5,1.0030477046966553],[[766.6436767578125,227.90768432617188,41.02771759033203,-0.9466476440429688,4.0939447387700059e-8,0.32227036356925967,7.440419125259723e-8,1,9.152287105962387e-8,-0.32227036356925967,1.1061817417612474e-7,-0.9466476440429688],5,1.0201716423034669],[[766.3822021484375,228.293701171875,40.97526931762695,-0.9542451500892639,4.5153246475138079e-8,0.2990255057811737,6.516619777130473e-8,1,5.6955940408442987e-8,-0.2990255057811737,7.383628286561361e-8,-0.9542451500892639],5,1.0371811389923096],[[766.1195678710938,228.62521362304688,40.9290885925293,-0.9617510437965393,4.71447698657812e-8,0.27392512559890749,5.589912177583756e-8,1,2.4153560929107699e-8,-0.27392512559890749,3.85418879034205e-8,-0.9617510437965393],5,1.053065538406372],[[765.8558349609375,228.90223693847657,40.889732360839847,-0.9681637287139893,4.68806895526086e-8,0.2503178119659424,4.651489859952562e-8,1,-7.37723926391709e-9,-0.2503178119659424,4.501131467549158e-9,-0.9681637287139893],5,1.0692024230957032],[[765.5912475585938,229.124755859375,40.856903076171878,-0.9739936590194702,4.465196923320036e-8,0.2265753298997879,3.6976725681370229e-8,1,-3.811921800433993e-8,-0.2265753298997879,-2.8749861158416935e-8,-0.9739936590194702],5,1.086925745010376],[[765.325927734375,229.2927703857422,40.83055877685547,-0.9806342720985413,4.036065703871827e-8,0.19584788382053376,2.745413496541005e-8,1,-6.861545642777856e-8,-0.19584788382053376,-6.190983725673505e-8,-0.9806342720985413],5,1.103389024734497],[[765.0598754882813,229.4062957763672,40.812294006347659,-0.9845240712165833,3.469690312840612e-8,0.1752493679523468,1.7579317557192554e-8,1,-9.922798227535168e-8,-0.1752493679523468,-9.461157901569095e-8,-0.9845240712165833],5,1.119725227355957],[[764.7935180664063,229.46531677246095,40.80001449584961,-0.9879817962646484,2.73640576864409e-8,0.1545703113079071,7.295786197403231e-9,1,-1.3039991131336138e-7,-0.1545703113079071,-1.2770502166858933e-7,-0.9879817962646484],5,1.1363599300384522],[[764.5269165039063,229.46983337402345,40.79332733154297,-0.990768313407898,1.8552086089584919e-8,0.1355658620595932,-3.5173712831237937e-9,1,-1.6255556545274886e-7,-0.1355658620595932,-1.6153174442479213e-7,-0.990768313407898],5,1.1529457569122315],[[764.2603149414063,229.41986083984376,40.791831970214847,-0.9921351075172424,2.4504420714777099e-9,0.12517182528972627,-1.3333949056004713e-8,1,-1.2526398052159494e-7,-0.12517182528972627,-1.2594782106134517e-7,-0.9921351075172424],5,1.1692254543304444],[[763.9937133789063,229.3153839111328,40.79347610473633,-0.9929852485656738,-1.145212547015717e-8,0.11823827028274536,-2.2123522569472699e-8,1,-8.894080139043581e-8,-0.11823827028274536,-9.093275110672039e-8,-0.9929852485656738],5,1.1862075328826905],[[763.7271118164063,229.15640258789063,40.79712677001953,-0.993392825126648,-2.353080397199392e-8,0.11476372182369232,-2.982199376333483e-8,1,-5.310171857786372e-8,-0.11476372182369232,-5.617334863927681e-8,-0.993392825126648],5,1.203040599822998],[[763.5271606445313,229.00140380859376,40.80064010620117,-0.9972102046012878,-3.339245324696094e-8,0.07464448362588883,-3.5459382985436608e-8,1,-2.6365055916244274e-8,-0.07464448362588883,-2.8938350382645696e-8,-0.9972102046012878],5,1.2185511589050294],[[763.1939086914063,228.67495727539063,40.80876541137695,-0.991675615310669,-4.453962176853565e-8,0.12876145541667939,-4.2462215077421209e-8,1,1.887892331353669e-8,-0.12876145541667939,1.3254270569973415e-8,-0.991675615310669],5,1.2365105152130128],[[762.9273071289063,228.35247802734376,40.818267822265628,-0.9966537952423096,-5.230707245118538e-8,0.08173897862434387,-4.789926322246174e-8,1,5.588629647945709e-8,-0.08173897862434387,5.1784049048819728e-8,-0.9966537952423096],5,1.25461745262146],[[762.6609497070313,227.97549438476563,40.8314208984375,-0.9978157877922058,-5.887423881745235e-8,0.06605764478445053,-5.2762104019166148e-8,1,9.427186142829669e-8,-0.06605764478445053,9.058061323230504e-8,-0.9978157877922058],5,1.2780935764312745],[[762.3948364257813,227.54400634765626,40.848690032958987,-0.9990584254264832,-6.30931111800237e-8,0.04338536038994789,-5.730915475510301e-8,1,1.3455968428388588e-7,-0.04338536038994789,1.3194660652970925e-7,-0.9990584254264832],5,1.286724328994751],[[762.129150390625,227.0580291748047,40.87171936035156,-0.9999999403953552,-4.1924796079229057e-8,-0.0002657648001331836,-4.195851488475455e-8,1,1.268674054699659e-7,0.0002657648001331836,1.2687856099091733e-7,-0.9999999403953552],5,1.3031980991363526],[[761.9307250976563,226.65777587890626,40.89668273925781,-0.99753338098526,-1.6303598471267834e-8,-0.07019397616386414,-2.4060472725295768e-8,1,1.0966077468310687e-7,0.07019397616386414,1.1107918140851325e-7,-0.99753338098526],5,1.318819522857666],[[761.6676635742188,226.076416015625,40.940338134765628,-0.9964656829833984,6.913925876261828e-9,-0.08400093764066696,-3.5306751966501795e-10,1,8.649600147236925e-8,0.08400093764066696,8.621995561952645e-8,-0.9964656829833984],5,1.33558988571167],[[761.3539428710938,225.27308654785157,40.917747497558597,-0.9953454732894898,0.000014446544810198248,-0.09637089818716049,0.0000013573035175795667,1,0.00013588706497102976,0.09637089818716049,0.00013512377336155623,-0.9953454732894898],5,1.3547263145446778],[[761.1001586914063,225.7037353515625,40.90765380859375,-0.9678294062614441,-0.0014020547969266773,-0.25160345435142519,-0.002185572637245059,0.999993622303009,0.002834687940776348,0.2515978515148163,0.003293391549959779,-0.967826247215271],7,1.371119737625122],[[760.8497314453125,226.3035888671875,40.89467239379883,-0.9608851075172424,-0.005172992590814829,-0.27689895033836367,-0.005144849419593811,0.9999864101409912,-0.0008281477494165301,0.27689945697784426,0.0006288484437391162,-0.9608986973762512],7,1.3866503238677979],[[760.8998413085938,226.648681640625,40.923709869384769,-0.9741221070289612,-0.003492517163977027,-0.22599543631076814,-0.002987808780744672,0.9999921917915344,-0.002575270365923643,0.22600267827510835,-0.0018333964981138707,-0.9741249680519104],8,1.4044530391693116],[[760.8446655273438,226.8609619140625,40.97706985473633,-0.9907718300819397,-0.0026180273853242399,-0.13551484048366548,-0.0015985607169568539,0.9999696016311646,-0.007631184998899698,0.13553069531917573,-0.007344134617596865,-0.9907459020614624],8,1.4196045398712159],[[760.778564453125,226.9795379638672,41.02803421020508,-0.9999542236328125,-0.0009012688533402979,-0.00952719897031784,-0.0008655868005007505,0.9999926090240479,-0.003748746821656823,0.009530507028102875,-0.003740328596904874,-0.9999476075172424],8,1.43672513961792],[[760.8024291992188,227.04217529296876,41.01805877685547,-0.9871500730514526,-0.00027793319895863533,0.15979576110839845,-0.0006753751076757908,0.9999968409538269,-0.002432881621643901,-0.15979456901550294,-0.0025095411110669376,-0.9871470928192139],8,1.4535918235778809],[[760.84619140625,227.0809783935547,40.83985900878906,-0.9267705082893372,0.0011512171477079392,0.37562623620033266,0.0014400831423699856,0.9999988675117493,0.00048827999853529036,-0.37562525272369387,0.000993456575088203,-0.9267711043357849],8,1.4707026481628419],[[760.8492431640625,227.10890197753907,40.696083068847659,-0.8286384344100952,0.0014925323193892837,0.5597822070121765,0.0012013191590085626,0.9999988675117493,-0.0008879730012267828,-0.5597829222679138,-0.00006333151395665482,-0.8286393284797669],8,1.4864704608917237],[[760.8201904296875,227.1343994140625,40.55847930908203,-0.6674051284790039,0.005252629518508911,0.7446762919425964,0.003341004252433777,0.9999861717224121,-0.004059151746332645,-0.7446873188018799,-0.00022113011800684035,-0.6674134731292725],8,1.5030806064605713],[[760.705078125,227.16001892089845,40.409481048583987,-0.6144900321960449,0.005564947612583637,0.7889049649238586,0.0040545412339270119,0.9999842047691345,-0.003895760281011462,-0.7889142036437988,0.0008047420415095985,-0.6145028471946716],8,1.5193753242492676],[[760.5393676757813,227.17747497558595,40.204044342041019,-0.608009397983551,0.0008412824245169759,0.7939293384552002,0.0006792685016989708,0.9999996423721314,-0.0005394440377131105,-0.7939295172691345,0.00021130418463144451,-0.6080097556114197],8,1.5373363494873047],[[760.3768920898438,227.18753051757813,39.99298858642578,-0.6333436965942383,-0.000421171251218766,0.7738705277442932,-0.00030700769275426865,0.9999998807907105,0.00029298162553459406,-0.773870587348938,-0.00005202612010180019,-0.6333437561988831],8,1.554316520690918],[[760.2147216796875,228.06065368652345,39.78153991699219,-0.6794973611831665,-0.0007367591606453061,0.7336776256561279,-0.0005806958652101457,0.9999997019767761,0.00046638690400868654,-0.7336777448654175,-0.00010913488949881867,-0.6794975996017456],3,1.571577548980713],[[760.0380249023438,228.88267517089845,39.582191467285159,-0.6669911742210388,-0.00044289155630394816,0.7450655102729797,-0.0003277222567703575,0.9999998807907105,0.00030105229234322906,-0.7450655698776245,-0.00004337532300269231,-0.6669912338256836],5,1.5931377410888672],[[759.845703125,229.6501922607422,39.39769744873047,-0.6965540051460266,-0.00012043316382914782,0.7175043225288391,-0.00006269905134104192,1,0.00010698176629375666,-0.7175043225288391,0.000029531740437960253,-0.6965540051460266],5,1.6023175716400147],[[759.639892578125,230.36322021484376,39.228431701660159,-0.7444655895233154,0.000001098444727176684,0.6676608920097351,0.000017935250070877374,1,0.000018353226550971159,-0.6676608324050903,0.000025638008082751186,-0.7444655895233154],5,1.6198630332946778],[[759.4219360351563,231.02174377441407,39.07499694824219,-0.7889617681503296,0.00001711556797090452,0.6144422888755798,0.000017554059013491498,1,-0.000005315528596838703,-0.6144422888755798,0.000006592207682842854,-0.7889617681503296],5,1.636939525604248],[[759.193603515625,231.62576293945313,38.93748092651367,-0.8259862065315247,0.000008058056664594915,0.5636903047561646,0.000005836995114805177,1,-0.000005742123448726488,-0.5636903047561646,-0.000001452657215850195,-0.8259862065315247],5,1.6534016132354737],[[758.9566650390625,232.17527770996095,38.815242767333987,-0.8624342083930969,0.0000014330283875096939,0.5061691999435425,2.5181171281474237e-7,1,-0.000002402076916041551,-0.5061691999435425,-0.000001944174073287286,-0.8624342083930969],5,1.6705882549285889],[[758.7122192382813,232.67030334472657,38.708953857421878,-0.8779187202453613,-4.4403961396710658e-7,0.47880974411964419,-7.379856583611399e-7,1,-4.2574694703034768e-7,-0.47880974411964419,-7.271258937180392e-7,-0.8779187202453613],5,1.6877720355987549],[[758.4636840820313,233.11082458496095,38.612308502197269,-0.8948911428451538,-4.2441538994353325e-7,0.4462844729423523,-4.090923653166101e-7,1,1.3068400050997298e-7,-0.4462844729423523,-6.562363097373236e-8,-0.8948911428451538],5,1.7027077674865723],[[758.2118530273438,233.49684143066407,38.524688720703128,-0.9135212898254395,-1.317083899721183e-7,0.40679094195365908,-8.293917375112869e-8,1,1.3751950689311344e-7,-0.40679094195365908,9.188809002580456e-8,-0.9135212898254395],5,1.7200751304626465],[[757.95654296875,233.82835388183595,38.44788360595703,-0.9310484528541565,4.9398114043697208e-8,0.3648955523967743,7.538870505641171e-8,1,5.698183969116144e-8,-0.3648955523967743,8.056185407667727e-8,-0.9310484528541565],5,1.7361550331115723],[[757.697998046875,234.10537719726563,38.3826789855957,-0.943801760673523,1.1773137487125496e-7,0.3305121064186096,1.1843568614722244e-7,1,-1.8007124680252674e-8,-0.3305121064186096,2.2149272638216645e-8,-0.943801760673523],5,1.7535886764526368],[[757.4371948242188,234.32789611816407,38.327327728271487,-0.9542497396469116,1.1494100249365147e-7,0.2990107834339142,1.0192564303679319e-7,1,-5.912323430834476e-8,-0.2990107834339142,-2.594146408796405e-8,-0.9542497396469116],5,1.7702076435089112],[[757.1746826171875,234.49591064453126,38.28080368041992,-0.9645728468894959,1.0919966797473535e-7,0.26381659507751467,8.590724576151843e-8,1,-9.982645110540034e-8,-0.26381659507751467,-7.362612564065785e-8,-0.9645728468894959],5,1.7863821983337403],[[756.91064453125,234.60943603515626,38.24380111694336,-0.9759373664855957,9.976119486054813e-8,0.21805094182491303,7.072384278217214e-8,1,-1.4097233247412078e-7,-0.21805094182491303,-1.2215876665777615e-7,-0.9759373664855957],5,1.8027985095977784],[[756.6452026367188,234.66845703125,38.21887969970703,-0.9868779182434082,6.056831836076526e-8,0.1614682674407959,3.9834130660665326e-8,1,-1.3164748224880896e-7,-0.1614682674407959,-1.2348805000783614e-7,-0.9868779182434082],5,1.819551944732666],[[756.3787841796875,234.6729736328125,38.20888137817383,-0.9949002265930176,1.212386901983109e-8,0.10086369514465332,1.4600635145356478e-9,1,-1.0579873332972056e-7,-0.10086369514465332,-1.0511191561590749e-7,-0.9949002265930176],5,1.836822509765625],[[756.1121826171875,234.6230010986328,38.2148551940918,-0.9992719292640686,-3.449654428777649e-8,0.038153067231178287,-3.755764055313193e-8,1,-7.951524594318471e-8,-0.038153067231178287,-8.089029535085501e-8,-0.9992719292640686],5,1.8568339347839356],[[755.8465576171875,234.51852416992188,38.23736572265625,-0.9996945261955261,-7.86922385032085e-8,-0.024716459214687349,-7.742223573359297e-8,1,-5.233985689301335e-8,0.024716459214687349,-5.0410264407219077e-8,-0.9996945261955261],5,1.8757789134979249],[[755.5828857421875,234.3595428466797,38.276519775390628,-0.9953632950782776,-1.2036032615014847e-7,-0.09618669003248215,-1.185883462540005e-7,1,-2.4138840259979589e-8,0.09618669003248215,-1.2620295031240403e-8,-0.9953632950782776],5,1.8867087364196778],[[755.322509765625,234.1460723876953,38.33353805541992,-0.9722638726234436,-1.4101679823852465e-7,-0.23388658463954926,-1.454290270430647e-7,1,1.6187108320409039e-9,0.23388658463954926,3.5587714108942239e-8,-0.9722638726234436],5,1.904449701309204],[[755.0697021484375,233.8780975341797,38.41627502441406,-0.9395052790641785,-1.0428161090203503e-7,-0.3425343930721283,-1.2219109635225323e-7,1,3.070516285674785e-8,0.3425343930721283,7.070231333727861e-8,-0.9395052790641785],5,1.9196741580963135],[[754.8291625976563,233.5556182861328,38.53013610839844,-0.8907139301300049,-6.34559995660311e-8,-0.45456433296203616,-1.0205086908854355e-7,1,6.037018351889856e-8,0.45456433296203616,1.0016125173706314e-7,-0.8907139301300049],5,1.9366610050201417],[[754.6038208007813,233.1786346435547,38.67182159423828,-0.8276440501213074,-1.9245375071363925e-8,-0.5612533092498779,-8.50264569862702e-8,1,9.10930282316258e-8,0.5612533092498779,1.231139918900226e-7,-0.8276440501213074],5,1.9528818130493165],[[754.3975219726563,232.7471466064453,38.839962005615237,-0.7575868368148804,2.6729379598577908e-8,-0.6527343392372131,-7.08626259893208e-8,1,1.2319556219608786e-7,0.6527343392372131,1.3958580780126796e-7,-0.7575868368148804],5,1.9700274467468262],[[754.2129516601563,232.26116943359376,39.03173828125,-0.6864150166511536,7.355100706263329e-8,-0.7272100448608398,-5.9205479630008998e-8,1,1.57025510816311e-7,0.7272100448608398,1.5083948312621943e-7,-0.6864150166511536],5,1.9861674308776856],[[754.0507202148438,231.72068786621095,39.242958068847659,-0.621736466884613,7.906734111884362e-8,-0.783226490020752,-2.883612459925189e-8,1,1.2384133185605607e-7,0.783226490020752,9.958188940117907e-8,-0.621736466884613],5,2.002652645111084],[[753.9094848632813,231.12570190429688,39.46891403198242,-0.5727225542068481,7.576112182050565e-8,-0.8197492361068726,2.1759107848851046e-9,1,9.089966113151604e-8,0.8197492361068726,5.027658644962685e-8,-0.5727225542068481],5,2.0207271575927736],[[753.7847290039063,230.47622680664063,39.704505920410159,-0.5466720461845398,6.555490728032965e-8,-0.8373467922210693,3.299825834801595e-8,1,5.674552028267499e-8,0.8373467922210693,3.3902054497048086e-9,-0.5466720461845398],5,2.036638021469116],[[753.6687622070313,229.77224731445313,39.944610595703128,-0.5437436103820801,5.095782285025052e-8,-0.8392513990402222,6.278149555782875e-8,1,2.0042609349957276e-8,0.8392513990402222,-4.179141654958585e-8,-0.5437436103820801],5,2.0534253120422365],[[753.5546875,229.01376342773438,40.18562316894531,-0.5554160475730896,3.3737730831262527e-8,-0.8315725922584534,9.089803398865115e-8,1,-2.014074595990678e-8,0.8315725922584534,-8.677480423102679e-8,-0.5554160475730896],5,2.069406509399414],[[753.4378662109375,228.20079040527345,40.425323486328128,-0.5968078374862671,1.6835180360885716e-8,-0.8023841977119446,1.1571447799951784e-7,1,-6.508619065925814e-8,0.8023841977119446,-1.3169142221158837e-7,-0.5968078374862671],5,2.0870487689971926],[[753.3167114257813,227.3517608642578,40.57541275024414,-0.7328484058380127,0.0026132201310247185,-0.6803869605064392,0.0017817957559600473,0.999996542930603,0.001921590301208198,0.6803896427154541,0.00019592374155763537,-0.7328504920005798],5,2.103689432144165],[[753.2044677734375,226.50355529785157,40.57542037963867,-0.8373414278030396,0.0036421017721295358,-0.5466681122779846,0.003067954210564494,0.9999933838844299,0.0019630782771855594,0.5466716289520264,-0.0000333859097736422,-0.8373470902442932],5,2.11938738822937],[[753.0343627929688,225.7146453857422,40.6973762512207,-0.8865514397621155,-0.0001437691244063899,-0.4626299738883972,-0.00010773528629215434,1,-0.00010430853581055999,0.4626299738883972,-0.00004263336450094357,-0.8865514397621155],7,2.1379141807556154],[[752.8095092773438,225.67919921875,40.836158752441409,-0.9667378664016724,-0.001436132355593145,-0.2557651698589325,-0.0013675971422344447,0.9999989867210388,-0.000445810699602589,0.25576552748680117,-0.00008119837002595887,-0.9667388200759888],7,2.152768135070801],[[752.5567626953125,225.7799072265625,40.917327880859378,-0.9997809529304504,-0.0004279727872926742,0.020924635231494905,-0.00043076006113551557,0.9999998807907105,-0.00012869882630184293,-0.020924579352140428,-0.00013768412463832647,-0.99978107213974],8,2.1698458194732668],[[752.2966918945313,225.85183715820313,40.8685302734375,-0.954585075378418,0.001166525762528181,0.2979361116886139,0.0004188545572105795,0.9999966025352478,-0.002573335077613592,-0.29793810844421389,-0.0023316754959523679,-0.9545823335647583],8,2.1865172386169435],[[752.0413208007813,225.89553833007813,40.61214828491211,-0.7969551682472229,0.0008813286549411714,0.6040378212928772,-0.00024460084387101233,0.9999983906745911,-0.001781781087629497,-0.604038417339325,-0.0015677479095757008,-0.7969536781311035],8,2.202960968017578],[[751.8206787109375,225.9201202392578,40.42249298095703,-0.5839946269989014,0.00020217489509377629,0.811757504940033,-0.00019995315233245492,0.9999998807907105,-0.00039290855056606233,-0.811757504940033,-0.000391769950510934,-0.5839945077896118],8,2.21941876411438],[[751.6529541015625,225.93360900878907,40.2171630859375,-0.38758087158203127,-0.00009242910164175555,0.921835720539093,0.00011524681031005457,1,0.00014872124302200973,-0.921835720539093,0.000163880133186467,-0.38758087158203127],8,2.2366886138916017],[[751.5380249023438,225.9409942626953,39.97760772705078,-0.2587440013885498,-0.00006326862057903782,0.9659459590911865,0.000058474804973229769,1,0.00008116254321066663,-0.9659459590911865,0.00007748381904093549,-0.2587440013885498],8,2.253262758255005],[[751.4609375,225.94500732421876,39.72270965576172,-0.2185230255126953,-0.000004473090484680142,0.9758318066596985,9.907801086228574e-7,1,0.000004805744993063854,-0.9758318066596985,0.000002017000724663376,-0.2185230255126953],8,2.26934814453125],[[751.3890991210938,225.91409301757813,39.46589279174805,-0.22095105051994325,0.000006493946784758009,0.9752848744392395,-0.000006493425644293893,1,-0.000008129600246320479,-0.9752848744392395,-0.000008129183697747067,-0.22095105051994325],8,2.286268711090088],[[751.3175659179688,225.8286895751953,39.20903396606445,-0.2787275016307831,0.000002041805373664829,0.9603702425956726,-0.0000018144997966373922,1,-0.0000026526815872784938,-0.9603702425956726,-0.000002481966930645285,-0.2787275016307831],8,2.303917646408081],[[751.2460327148438,226.70181274414063,38.95216751098633,-0.3369041979312897,-0.000002246287294838112,0.94153892993927,0.000002160959184038802,1,0.000003159002062602667,-0.94153892993927,0.0000030989081096777228,-0.3369041979312897],3,2.3212130069732668],[[751.1819458007813,227.3234405517578,38.7628059387207,-0.3470374047756195,-0.000002287164988956647,0.9378513097763062,0.0000024445537292194787,1,0.0000033432982036174509,-0.9378513097763062,0.000003452877535892185,-0.3470374047756195],5,2.3439524173736574],[[751.0509033203125,228.29135131835938,38.456443786621097,-0.33620020747184756,-4.739465850889246e-7,0.9417905211448669,9.607166475689156e-7,1,8.461963716399623e-7,-0.9417905211448669,0.0000011892851716766018,-0.33620020747184756],5,2.3531601428985597],[[750.9591674804688,228.83123779296876,38.278892517089847,-0.471047580242157,1.0133637573517263e-7,0.8821077942848206,4.2341855532868069e-7,1,1.1122666876417498e-7,-0.8821077942848206,4.258938588463934e-7,-0.471047580242157],5,2.3686630725860597],[[750.7789916992188,229.66290283203126,37.998722076416019,-0.4903985857963562,1.1349683859407378e-7,0.8714982867240906,3.483168953266613e-8,1,-1.1063180949122398e-7,-0.8714982867240906,-2.3897925416349609e-8,-0.4903985857963562],5,2.386380672454834],[[750.6160278320313,230.2669219970703,37.787925720214847,-0.5944539904594421,1.140950889322312e-8,0.8041296005249023,-8.43365270952745e-8,1,-7.653454048295316e-8,-0.8041296005249023,-1.1331376015277783e-7,-0.5944539904594421],5,2.4029743671417238],[[750.434814453125,230.81643676757813,37.592559814453128,-0.6636300086975098,-6.209091907294351e-8,0.748060941696167,-1.1809970601461828e-7,1,-2.17677396108229e-8,-0.748060941696167,-1.0279150330916309e-7,-0.6636300086975098],5,2.420147657394409],[[750.23681640625,231.31146240234376,37.41420364379883,-0.7275477051734924,-1.1979599889855309e-7,0.6860570907592773,-1.3873588500246115e-7,1,2.748898886295592e-8,-0.6860570907592773,-7.518118394500562e-8,-0.7275477051734924],5,2.4362423419952394],[[750.0238037109375,231.75198364257813,37.25417709350586,-0.7835314869880676,-1.2678826522005694e-7,0.6213520765304565,-1.1097507979229704e-7,1,6.411147523976979e-8,-0.6213520765304565,-1.872123434054629e-8,-0.7835314869880676],5,2.4527454376220705],[[749.797607421875,232.13800048828126,37.11324691772461,-0.8347445130348206,-1.2703067397978885e-7,0.550637423992157,-8.560717645877958e-8,1,1.0092040270137659e-7,-0.550637423992157,3.7104236128016058e-8,-0.8347445130348206],5,2.470043420791626],[[749.6200561523438,232.39173889160157,37.0215950012207,-0.8957296013832092,-1.1932476695619699e-7,0.4445992112159729,-6.890862636055317e-8,1,1.2955771921951965e-7,-0.4445992112159729,8.54119690529842e-8,-0.8957296013832092],5,2.485982656478882],[[749.3107299804688,232.7465362548828,36.8981819152832,-0.9258069396018982,-8.835090881120778e-8,0.3779967427253723,-3.6412441062338988e-8,1,1.4455156360781985e-7,-0.3779967427253723,1.2006306349121588e-7,-0.9258069396018982],5,2.5031824111938478],[[749.0545654296875,232.96905517578126,36.82632064819336,-0.9659422039985657,-2.4966244183133314e-8,0.2587578296661377,5.7581179824239829e-9,1,1.1798002219620685e-7,-0.2587578296661377,1.1545184008809884e-7,-0.9659422039985657],5,2.5206310749053957],[[748.79150390625,233.13706970214845,36.78495407104492,-0.9851316213607788,3.274339732683984e-8,0.17180125415325166,4.9293117143633938e-8,1,9.206458884136737e-8,-0.17180125415325166,9.916436027879172e-8,-0.9851316213607788],5,2.5370430946350099],[[748.5255737304688,233.25059509277345,36.768638610839847,-0.9962126016616821,8.817877983346989e-8,0.08695103228092194,9.429191294429984e-8,1,6.619826109499627e-8,-0.08695103228092194,7.414632108293518e-8,-0.9962126016616821],5,2.552255392074585],[[748.2592163085938,233.3096160888672,36.77559280395508,-0.9998522400856018,1.398873337166151e-7,0.017191242426633836,1.4058210240364134e-7,1,3.9205005464282297e-8,-0.017191242426633836,4.1615990653554039e-8,-0.9998522400856018],5,2.5696187019348146],[[747.9940795898438,233.3141326904297,36.802791595458987,-0.9991098642349243,1.345178191058949e-7,-0.04218341410160065,1.3428312684027333e-7,1,8.397120332404029e-9,0.04218341410160065,2.725125014535479e-9,-0.9991098642349243],5,2.587846040725708],[[747.7311401367188,233.26416015625,36.846858978271487,-0.9955288171768189,1.0861306520837388e-7,-0.09445863217115402,1.1133509758565197e-7,1,-2.3547144678559563e-8,0.09445863217115402,-3.395842185227593e-8,-0.9955288171768189],5,2.6033263206481935],[[747.470947265625,233.15968322753907,36.90503692626953,-0.9894691705703735,8.056536415779192e-8,-0.1447436362504959,8.937215767446105e-8,1,-5.43418323672995e-8,0.1447436362504959,-6.670561703003841e-8,-0.9894691705703735],5,2.622041940689087],[[747.214111328125,233.00070190429688,36.97639465332031,-0.9812086820602417,5.063384023173967e-8,-0.19294941425323487,6.821833409276224e-8,1,-8.449148225508907e-8,0.19294941425323487,-9.606646500515126e-8,-0.9812086820602417],5,2.6446328163146974],[[746.9609985351563,232.7872314453125,37.06028747558594,-0.9714365601539612,1.913885228077561e-8,-0.23729947209358216,4.765733407907646e-8,1,-1.1444282677075535e-7,0.23729947209358216,-1.224830015189582e-7,-0.9714365601539612],5,2.652876138687134],[[746.7119750976563,232.51925659179688,37.15571594238281,-0.961121678352356,-1.3562687861679024e-8,-0.27612513303756716,2.7428738391677144e-8,1,-1.445904018737565e-7,0.27612513303756716,-1.465427317270951e-7,-0.961121678352356],5,2.6700668334960939],[[746.4671020507813,232.19677734375,37.26126480102539,-0.9481492638587952,-4.387380769799165e-8,-0.31782546639442446,6.6581651303465609e-9,1,-1.5790661223036296e-7,0.31782546639442446,-1.5183516666184006e-7,-0.9481492638587952],5,2.6861956119537355],[[746.227