[[[776,222.69961547851563,47,1,6.81267380286954e-8,8.252475986640986e-14,-6.81267380286954e-8,1,6.02936580662572e-8,-7.841715151573128e-14,-6.02936580662572e-8,1],8,0.007458925247192383],[[776,222.69961547851563,47,1,8.810152962723805e-8,8.408604487610688e-14,-8.810152962723805e-8,1,7.797178369628455e-8,-7.72166076738745e-14,-7.797178369628455e-8,1],8,0.017581939697265626],[[776,222.69961547851563,47,1,7.445289185170623e-8,8.322697050847441e-14,-7.445289185170623e-8,1,6.589243639609777e-8,-7.832109120324907e-14,-6.589243639609777e-8,1],8,0.029093027114868165],[[776,222.69961547851563,47,1,5.399086333568448e-8,8.225173743058728e-14,-5.399086333568448e-8,1,4.7783093037878646e-8,-7.967189191368518e-14,-4.7783093037878646e-8,1],8,0.03953838348388672],[[776,222.69961547851563,47,1,4.0356798791663098e-8,8.180832584709502e-14,-4.0356798791663098e-8,1,3.5716645641059588e-8,-8.036691971635701e-14,-3.5716645641059588e-8,1],8,0.04952216148376465],[[776,222.69961547851563,47,1,2.6728560698074945e-8,8.152961812613047e-14,-2.6728560698074945e-8,1,2.3655351455431629e-8,-8.089734530045481e-14,-2.3655351455431629e-8,1],8,0.06060028076171875],[[776,222.69961547851563,47,1,-7.316557137926338e-9,8.155151901001467e-14,7.316557137926338e-9,1,-6.475342928524697e-9,-8.150413937507706e-14,6.475342928524697e-9,1],8,0.0789496898651123],[[776,222.69961547851563,47,1,-2.772617335722316e-8,8.205631676526035e-14,2.772617335722316e-8,1,-2.4538318044164954e-8,-8.137595957323496e-14,2.4538318044164954e-8,1],8,0.08858203887939453],[[776,222.69961547851563,47,1,-4.1325318278495618e-8,8.259725911043125e-14,4.1325318278495618e-8,1,-3.657386926647632e-8,-8.108582707187784e-14,3.657386926647632e-8,1],8,0.09906387329101563],[[776,222.69961547851563,47,1,-5.491865096018955e-8,8.330148230277848e-14,5.491865096018955e-8,1,-4.8604281488451309e-8,-8.063220365917348e-14,4.8604281488451309e-8,1],8,0.1099252700805664],[[776,222.69961547851563,47,1,-7.529775558623442e-8,8.466353161075413e-14,7.529775558623442e-8,1,-6.66402613092032e-8,-7.964566777363819e-14,6.66402613092032e-8,1],8,0.12046146392822266],[[776,222.69961547851563,47,1,-7.519330580407768e-8,8.490738223187328e-14,7.519330580407768e-8,1,-6.654783391013552e-8,-7.990343006388304e-14,6.654783391013552e-8,1],8,0.13686227798461915],[[776,222.69961547851563,47,1,-4.7844334716273809e-8,8.367141208403053e-14,4.7844334716273809e-8,1,-4.2343355488583259e-8,-8.164552611463275e-14,4.2343355488583259e-8,1],8,0.15558171272277833],[[776,222.69961547851563,47,1,-1.369097724079893e-8,8.305774687814016e-14,1.369097724079893e-8,1,-1.2116829317676548e-8,-8.28918571694863e-14,1.2116829317676548e-8,1],8,0.1709001064300537],[[776,222.69961547851563,47,1,6.783527073395135e-9,8.318467307122032e-14,-6.783527073395135e-9,1,6.003593622239123e-9,-8.314394772711634e-14,-6.003593622239123e-9,1],8,0.18660974502563477],[[776,222.69961547851563,47,1,2.724491032779497e-8,8.368205081784805e-14,-2.724491032779497e-8,1,2.4112404517495635e-8,-8.302511239274835e-14,-2.4112404517495635e-8,1],8,0.19743800163269044],[[776,222.69961547851563,47,1,4.769318096009556e-8,8.454916183408406e-14,-4.769318096009556e-8,1,4.220961358214481e-8,-8.253605589779445e-14,-4.220961358214481e-8,1],8,0.21837425231933595],[[776,222.69961547851563,47,1,7.493716225326352e-8,8.627923001698276e-14,-7.493716225326352e-8,1,6.632119209371013e-8,-8.130930824468141e-14,-6.632119209371013e-8,1],8,0.22646522521972657],[[776,222.69961547851563,47,1,8.85504150005545e-8,8.738975119720535e-14,-8.85504150005545e-8,1,7.836926130266875e-8,-8.045011868056812e-14,-7.836926130266875e-8,1],8,0.23651599884033204],[[776,222.69961547851563,47,1,5.460151442093775e-8,8.55521911451683e-14,-5.460151442093775e-8,1,4.832366684581757e-8,-8.291364285688968e-14,-4.832366684581757e-8,1],8,0.25783205032348635],[[776,222.69961547851563,47,1,3.424958094910835e-8,8.49392713282715e-14,-3.424958094910835e-8,1,3.031170692224805e-8,-8.390110709053517e-14,-3.031170692224805e-8,1],8,0.2669384479522705],[[776,222.69961547851563,47,1,2.0688872837126838e-8,8.473430290756312e-14,-2.0688872837126838e-8,1,1.8310148064415445e-8,-8.435548266849669e-14,-1.8310148064415445e-8,1],8,0.277451753616333],[[776,222.69961547851563,47,1,7.133958312977029e-9,8.469201224657261e-14,-7.133958312977029e-9,1,6.3137162165105568e-9,-8.464697042256941e-14,-6.3137162165105568e-9,1],8,0.286304235458374],[[776,222.69961547851563,47,1,-7.407397362158008e-8,8.784287316640493e-14,7.407397362158008e-8,1,-6.555733023105859e-8,-8.29867790696874e-14,6.555733023105859e-8,1],8,0.33486437797546389],[[776,222.69961547851563,47,-0.9993241429328919,5.8138187597478466e-8,-0.03675919398665428,5.967859095790118e-8,1,-4.080808224671273e-8,0.03675919398665428,-4.297423572552361e-8,-0.9993241429328919],8,0.3474268913269043],[[776,222.69961547851563,47,-0.9999086260795593,4.411742438037436e-8,0.013518818654119969,4.3850810982348779e-8,1,-2.001777055227194e-8,-0.013518818654119969,-1.942312799485535e-8,-0.9999086260795593],8,0.38480472564697268],[[776,222.69961547851563,47,-0.9987452030181885,-7.375696942091281e-9,0.05007975175976753,-5.56178525457085e-9,1,3.635981826732859e-8,-0.05007975175976753,3.6035661565847479e-8,-0.9987452030181885],8,0.4062480926513672],[[776,222.69961547851563,47,-0.9977835416793823,-3.1174174353054698e-8,0.06654337793588638,-2.7140195868469165e-8,1,6.1525774697202e-8,-0.06654337793588638,5.958340310030508e-8,-0.9977835416793823],8,0.41297411918640139],[[776,222.69961547851563,47,-0.9975405931472778,-4.297972111544368e-8,0.07009072601795197,-3.7876418446103347e-8,1,7.413901670361156e-8,-0.07009072601795197,7.130189061399506e-8,-0.9975405931472778],8,0.42110633850097659],[[776,222.69961547851563,47,-0.9971593022346497,-5.4941715177392328e-8,0.07532116770744324,-4.8541497932319547e-8,1,8.680307672648269e-8,-0.07532116770744324,8.29002928526279e-8,-0.9971593022346497],8,0.4318728446960449],[[776,222.69961547851563,47,-0.9966087341308594,-6.710315147984147e-8,0.08228597790002823,-5.911320499762951e-8,1,9.953595281331218e-8,-0.08228597790002823,9.433421155335964e-8,-0.9966087341308594],8,0.4402022361755371],[[776,222.69961547851563,47,-0.996009111404419,-5.804623270933007e-8,0.0892513245344162,-5.08581301517097e-8,1,8.281189423087199e-8,-0.0892513245344162,7.7942246434759e-8,-0.996009111404419],8,0.449859619140625],[[776,222.69961547851563,47,-0.9941108226776123,-4.4968373913434337e-8,0.10836796462535858,-3.896603217867778e-8,1,5.750611364874203e-8,-0.10836796462535858,5.294478100381639e-8,-0.9941108226776123],8,0.46009373664855959],[[776,222.69961547851563,47,-0.9927119612693787,-3.1057094673769828e-8,0.12051105499267578,-2.739155213760114e-8,1,3.2073177891334129e-8,-0.12051105499267578,2.8538440943748357e-8,-0.9927119612693787],8,0.47171688079833987],[[776,222.69961547851563,47,-0.99116450548172,-1.6857919504786879e-8,0.13263827562332154,-1.613608269224187e-8,1,6.517027362207273e-9,-0.13263827562332154,4.319184121470698e-9,-0.99116450548172],8,0.49257802963256838],[[776,222.69961547851563,47,-0.986504852771759,2.39446285021927e-9,0.16373194754123689,-2.217827699269037e-9,1,-2.798696563388603e-8,-0.16373194754123689,-2.7972408389587146e-8,-0.986504852771759],8,0.5002269744873047],[[776,222.69961547851563,47,-0.9850364327430725,7.481176567125658e-9,0.17234617471694947,1.1844085712198194e-9,1,-3.663841852130645e-8,-0.17234617471694947,-3.588604613469215e-8,-0.9850364327430725],8,0.5100629329681397],[[775.8408203125,222.69961547851563,46.972145080566409,-0.9834926128387451,2.715364821881394e-8,0.1809481829404831,1.4483290122768722e-8,1,-7.13432939392078e-8,-0.1809481829404831,-6.754487458238145e-8,-0.9834926128387451],8,0.5260143280029297],[[775.6474609375,222.69961547851563,46.93687438964844,-0.9805266261100769,4.272058973242565e-8,0.19638630747795106,2.4039897184024995e-8,1,-9.750594642810029e-8,-0.19638630747795106,-9.088606844898095e-8,-0.9805266261100769],8,0.5467188358306885],[[775.3206787109375,222.69961547851563,46.872074127197269,-0.9769464135169983,4.274988540942104e-8,0.21348468959331513,2.4430462985947089e-8,1,-8.844958898635014e-8,-0.21348468959331513,-8.119497607594895e-8,-0.9769464135169983],8,0.5547728538513184],[[775.1902465820313,222.69961547851563,46.844200134277347,-0.975811779499054,3.5700370659697e-8,0.21861231327056886,2.0744531425975766e-8,1,-7.070787688689961e-8,-0.21861231327056886,-6.446256861636357e-8,-0.975811779499054],8,0.574913501739502],[[774.929931640625,222.69961547851563,46.78620147705078,-0.9734659790992737,2.1433217867183886e-8,0.22883166372776032,1.3749608562818594e-8,1,-3.517188318369335e-8,-0.22883166372776032,-3.1092284302758347e-8,-0.9734659790992737],8,0.5830056667327881],[[774.7351684570313,222.69961547851563,46.74082946777344,-0.972254753112793,1.0398258254440407e-8,0.23392456769943238,8.64682903056746e-9,1,-8.512737181831654e-9,-0.23392456769943238,-6.253843221060151e-9,-0.972254753112793],8,0.5923793315887451],[[774.60546875,222.69961547851563,46.709835052490237,-0.9705939888954163,2.9808004953224555e-9,0.24072244763374329,5.3711786129895248e-9,1,9.273889212124687e-9,-0.24072244763374329,1.0294144203726319e-8,-0.9705939888954163],8,0.601931095123291],[[774.4760131835938,222.69961547851563,46.678001403808597,-0.9671372175216675,-4.621045768260501e-9,0.254255086183548,2.34556285505505e-9,1,2.7096909605006659e-8,-0.254255086183548,2.6802799979463999e-8,-0.9671372175216675],8,0.6123476028442383],[[774.2824096679688,222.69961547851563,46.62770080566406,-0.9648752212524414,-1.6036114658390944e-8,0.2627085745334625,-1.9564427855556234e-9,1,5.385583889960799e-8,-0.2627085745334625,5.1450189886281808e-8,-0.9648752212524414],8,0.6220355033874512],[[774.1536865234375,222.69961547851563,46.59299087524414,-0.962543785572052,-2.3934719095564107e-8,0.2711263597011566,-4.667070285790942e-9,1,7.170995530714208e-8,-0.2711263597011566,6.775860583729809e-8,-0.962543785572052],8,0.6329286098480225],[[773.9610595703125,222.69961547851563,46.53913879394531,-0.9606270790100098,-3.557603633908002e-8,0.2778409421443939,-8.543834972840614e-9,1,9.850454318893753e-8,-0.2778409421443939,9.225230712672783e-8,-0.9606270790100098],8,0.6432466506958008],[[773.7688598632813,222.69961547851563,46.48384475708008,-0.9556235074996948,-4.1371404080337018e-8,0.29459068179130556,-1.0162181318662533e-8,1,1.074717772553413e-7,-0.29459068179130556,9.970887759891412e-8,-0.9556235074996948],8,0.6614291667938232],[[773.5775146484375,222.69961547851563,46.42557907104492,-0.9524828791618347,-3.2657524684509556e-8,0.3045921325683594,-8.486895630710478e-9,1,8.067805623568347e-8,-0.3045921325683594,7.425942527561347e-8,-0.9524828791618347],8,0.6698386669158936],[[773.3868408203125,222.69961547851563,46.365074157714847,-0.9514111876487732,-2.3166593976498008e-8,0.30792325735092165,-6.906394123262771e-9,1,5.3895806928494497e-8,-0.30792325735092165,4.915043660957963e-8,-0.9514111876487732],8,0.6805465221405029],[[773.2599487304688,222.69961547851563,46.32415008544922,-0.950870156288147,-1.6755771881094007e-8,0.30959001183509829,-5.884562614966171e-9,1,3.6048696472334998e-8,-0.30959001183509829,3.245582647082301e-8,-0.950870156288147],8,0.6902313232421875],[[773.0062866210938,222.69961547851563,46.24168014526367,-0.9497821927070618,-3.88361165448714e-9,0.31291183829307558,-3.9669094675787168e-9,1,3.704298534579209e-10,-0.31291183829307558,-8.894651681856658e-10,-0.9497821927070618],8,0.7052550315856934],[[772.8162841796875,222.69961547851563,46.179229736328128,-0.9497820138931274,5.848236117600436e-9,0.3129122853279114,-2.5297568484461409e-9,1,-2.636826401669623e-8,-0.3129122853279114,-2.583569447267564e-8,-0.9497820138931274],8,0.7196860313415527],[[772.5631103515625,222.69961547851563,46.09579849243164,-0.9497820138931274,1.8814333202499257e-8,0.3129122853279114,-6.149853404302519e-10,1,-6.199320523592178e-8,-0.3129122853279114,-5.907246958258838e-8,-0.9497820138931274],8,0.7341547012329102],[[772.3732299804688,222.69961547851563,46.03322219848633,-0.950331449508667,2.8427610487824496e-8,0.31123974919319155,8.670196782745165e-10,1,-8.868936163253238e-8,-0.31123974919319155,-8.401443807315445e-8,-0.950331449508667],8,0.7479443550109863],[[772.1831665039063,222.69961547851563,45.97091293334961,-0.9524814486503601,3.7551380671629889e-8,0.3045966923236847,2.53432030916656e-9,1,-1.1535742316937103e-7,-0.3045966923236847,-1.0910385839224546e-7,-0.9524814486503601],8,0.7610390186309815],[[772.0562744140625,222.69961547851563,45.93006896972656,-0.9540641903877258,3.1766131058930117e-8,0.2996022403240204,2.620645922490894e-9,1,-9.768240261109895e-8,-0.2996022403240204,-9.241013287919486e-8,-0.9540641903877258],8,0.7702291011810303],[[771.8655395507813,222.69961547851563,45.86992263793945,-0.9581572413444519,2.2656331921666607e-8,0.2862423062324524,2.379804131535934e-9,1,-7.118481448742387e-8,-0.2862423062324524,-6.752504333462639e-8,-0.9581572413444519],8,0.7810940742492676],[[771.7379150390625,222.69961547851563,45.8312873840332,-0.9606238007545471,1.6857422124871847e-8,0.2778524160385132,2.064941329038561e-9,1,-5.3531266530626456e-8,-0.2778524160385132,-5.084965692958576e-8,-0.9606238007545471],8,0.7908952236175537],[[771.4825439453125,223.56251525878907,45.75444412231445,-0.9634844064712524,5.914887246660783e-9,0.2677643597126007,1.0656696636246466e-9,1,-1.8255345679563108e-8,-0.2677643597126007,-1.7303394272971674e-8,-0.9634844064712524],3,0.809927225112915],[[771.2901000976563,224.17391967773438,45.70012283325195,-0.9552016258239746,-2.9628184350372068e-9,0.2959558963775635,-5.675139802541196e-10,1,8.179354082926693e-9,-0.2959558963775635,7.644973543108336e-9,-0.9552016258239746],5,0.8331625461578369],[[770.966552734375,225.1248016357422,45.62025451660156,-0.9292663335800171,-1.9650899574230608e-8,0.3694104850292206,-2.4504967499616728e-10,1,5.257886215304097e-8,-0.3694104850292206,4.876924108998537e-8,-0.9292663335800171],5,0.8409900665283203],[[770.8366088867188,225.4813232421875,45.590511322021487,-0.9606701731681824,-1.9942968165764797e-8,0.2776919901371002,-3.472108989210909e-10,1,7.061569817778946e-8,-0.2776919901371002,6.774197203185395e-8,-0.9606701731681824],5,0.8496410846710205],[[770.7064208984375,225.82420349121095,45.56178283691406,-0.9620369076728821,-2.445018232322127e-8,0.2729193866252899,-1.8979126603646535e-10,1,8.89185471919518e-8,-0.2729193866252899,8.549112351374788e-8,-0.9620369076728821],5,0.859062910079956],[[770.4456787109375,226.46910095214845,45.5059700012207,-0.9451782703399658,-3.936939307891407e-8,0.3265548646450043,2.0375081621892834e-9,1,1.2645716651604744e-7,-0.3265548646450043,1.2018992379125849e-7,-0.9451782703399658],5,0.8740863800048828],[[770.3150634765625,226.7711181640625,45.47919464111328,-0.9692597985267639,-3.3275771471608098e-8,0.2460395246744156,2.700547119260932e-9,1,1.4588430019557564e-7,-0.2460395246744156,1.4206422349616333e-7,-0.9692597985267639],5,0.884688138961792],[[770.1184692382813,227.19857788085938,45.44229507446289,-0.9633861184120178,-3.132320003373934e-8,0.2681177854537964,6.551168052482126e-9,1,1.403655716103458e-7,-0.2681177854537964,1.3698273448881083e-7,-0.9633861184120178],5,0.894261360168457],[[769.7901611328125,227.8428955078125,45.38496017456055,-0.9564704895019531,-1.5324143731731966e-8,0.291828989982605,1.5523715646281745e-8,1,1.0338972344925424e-7,-0.291828989982605,1.0341949518988258e-7,-0.9564704895019531],5,0.9150028228759766],[[769.6581420898438,228.0767822265625,45.36630630493164,-0.9840682148933411,3.4534044512923858e-9,0.17779141664505006,1.9632457437523955e-8,1,8.924094174744823e-8,-0.17779141664505006,9.130965850090434e-8,-0.9840682148933411],5,0.9238641262054443],[[769.5257568359375,228.2970428466797,45.35059356689453,-0.9870229363441467,1.135723248779641e-8,0.16057947278022767,2.3753509381663208e-8,1,7.527753353997469e-8,-0.16057947278022767,7.811497226839492e-8,-0.9870229363441467],5,0.9336197376251221],[[769.3267822265625,228.6018829345703,45.330909729003909,-0.9843527674674988,1.9474116541573495e-8,0.1762090027332306,2.953004596406572e-8,1,5.444594819437043e-8,-0.1762090027332306,5.879747888570819e-8,-0.9843527674674988],5,0.9443807601928711],[[769.1939086914063,228.7880859375,45.31999206542969,-0.9920275807380676,2.8183755773625309e-8,0.12602093815803529,3.357905598022626e-8,1,4.0688433955438089e-8,-0.12602093815803529,4.4595712012096558e-8,-0.9920275807380676],5,0.9557890892028809],[[768.9277954101563,229.11959838867188,45.30329132080078,-0.987256646156311,3.8449314843092e-8,0.15913616120815278,4.1029906583389678e-8,1,1.2930640558295181e-8,-0.15913616120815278,1.929520365706594e-8,-0.987256646156311],5,0.9668490886688232],[[768.7945556640625,229.26492309570313,45.29859924316406,-0.9971352815628052,4.5099788792413167e-8,0.07563897967338562,4.515506546454162e-8,1,-9.794021149645005e-10,-0.07563897967338562,2.438886648192806e-9,-0.9971352815628052],5,0.9774885177612305],[[768.5946044921875,229.45736694335938,45.29594421386719,-0.9977498650550842,5.2855433807508237e-8,0.06704597920179367,5.148524806486421e-8,1,-2.216442140934305e-8,-0.06704597920179367,-1.866267140826494e-8,-0.9977498650550842],5,0.9885008335113525],[[768.3946533203125,229.619140625,45.300880432128909,-0.9990910887718201,5.970408523126025e-8,0.04262646287679672,5.7883610793396659e-8,1,-4.3941838612227e-8,-0.04262646287679672,-4.1434525144268267e-8,-0.9990910887718201],5,1.0032036304473878],[[768.1948852539063,229.75025939941407,45.31132125854492,-0.9999678134918213,6.440662048134982e-8,-0.008025860413908959,6.494123283573572e-8,1,-6.635041671643194e-8,0.008025860413908959,-6.686948950118676e-8,-0.9999678134918213],5,1.0135648250579835],[[768.0621337890625,229.82064819335938,45.32390594482422,-0.9978356957435608,6.449733547242431e-8,-0.06575610488653183,7.002466162475685e-8,1,-8.175323529258094e-8,0.06575610488653183,-8.618084734735021e-8,-0.9978356957435608],5,1.0234298706054688],[[767.86376953125,229.9006805419922,45.349117279052737,-0.998477578163147,7.142482161270891e-8,-0.055158670991659167,7.73881936311227e-8,1,-1.0597711508353314e-7,0.055158670991659167,-1.100844073675944e-7,-0.998477578163147],5,1.0369923114776612],[[767.6001586914063,229.95970153808595,45.389373779296878,-0.9982861280441284,7.870394114206647e-8,-0.05852232873439789,8.707947074526601e-8,1,-1.405666552045659e-7,0.05852232873439789,-1.454218221397241e-7,-0.9982861280441284],5,1.0651814937591553],[[767.272705078125,229.9568328857422,45.45146942138672,-0.9978613257408142,4.567371547636867e-8,-0.0653662160038948,5.278826264998315e-8,1,-1.0711420372899738e-7,0.0653662160038948,-1.1033569080609596e-7,-0.9978613257408142],5,1.076514720916748],[[767.012939453125,229.8932342529297,45.511234283447269,-0.9947783946990967,1.7999470358631698e-8,-0.10205858945846558,2.622749128988744e-8,1,-7.92786849501681e-8,0.10205858945846558,-8.154145803018764e-8,-0.9947783946990967],5,1.0991871356964112],[[766.7536010742188,229.77513122558595,45.57328796386719,-0.9945990443229675,-4.348408300103301e-9,-0.10379193723201752,8.142563845403572e-10,1,-4.9698144266585589e-8,0.10379193723201752,-4.951423804300248e-8,-0.9945990443229675],5,1.1066620349884034],[[766.6239624023438,229.69564819335938,45.60456466674805,-0.9854812026023865,-1.7677340480304339e-8,-0.1697845160961151,-1.1987263626167533e-8,1,-3.453859065416509e-8,0.1697845160961151,-3.200188203322796e-8,-0.9854812026023865],5,1.1140923500061036],[[766.4943237304688,229.60252380371095,45.635894775390628,-0.9854821562767029,-2.7347006437139499e-8,-0.16977889835834504,-2.4515474095210267e-8,1,-1.8774082732875287e-8,0.16977889835834504,-1.4339314624578492e-8,-0.9854821562767029],5,1.1231789588928223],[[766.3646850585938,229.49578857421876,45.66722869873047,-0.9857762455940247,-3.661596181814275e-8,-0.16806301474571229,-3.6745706921692548e-8,1,-2.3379169711290617e-9,0.16806301474571229,3.8709311311890819e-9,-0.9857762455940247],5,1.1339435577392579],[[766.1702270507813,229.3101348876953,45.713958740234378,-0.9915213584899902,-5.043480300059855e-8,-0.12994372844696046,-5.401221159218039e-8,1,2.4006245880059397e-8,0.12994372844696046,3.082125488163001e-8,-0.9915213584899902],5,1.1446192264556885],[[765.9755859375,229.0938262939453,45.75979995727539,-0.9926183223724365,-6.357712578619612e-8,-0.12128002196550369,-7.042611116503395e-8,1,5.2186059917858077e-8,0.12128002196550369,6.034211708083603e-8,-0.9926183223724365],5,1.1543774604797364],[[765.8455810546875,228.93258666992188,45.78939437866211,-0.9930205941200256,-7.156642567451854e-8,-0.11794103682041168,-8.064472467594897e-8,1,7.220085507242402e-8,0.11794103682041168,8.12082561196803e-8,-0.9930205941200256],5,1.1720707416534424],[[765.5838012695313,228.56922912597657,45.83986282348633,-0.9997991323471069,-9.806414880131342e-8,0.02004353515803814,-9.574758053076948e-8,1,1.165363698873989e-7,-0.02004353515803814,1.1459383841838644e-7,-0.9997991323471069],5,1.1822643280029297],[[765.3856201171875,228.2609405517578,45.865966796875,-0.9993656277656555,-7.710026039831064e-8,0.0356132835149765,-7.328089424163409e-8,1,1.0855086429728544e-7,-0.0356132835149765,1.0587223187030759e-7,-0.9993656277656555],5,1.19425630569458],[[765.2527465820313,228.03839111328126,45.876380920410159,-0.9932973980903626,-7.048226535744107e-8,0.11558686196804047,-5.917196688187687e-8,1,1.0128233896011807e-7,-0.11558686196804047,9.376397969163009e-8,-0.9932973980903626],5,1.204573154449463],[[765.0531005859375,227.67901611328126,45.87639236450195,-0.9783316254615784,-5.672768921272109e-8,0.2070440798997879,-3.9348027058849769e-8,1,8.805984919035837e-8,-0.2070440798997879,7.800495893661719e-8,-0.9783316254615784],5,1.2160577774047852],[[764.8540649414063,227.2889862060547,45.85870361328125,-0.9638554453849793,-3.9533336604336e-8,0.2664256989955902,-2.090314943359317e-8,1,7.276221225538393e-8,-0.2664256989955902,6.456312462432834e-8,-0.9638554453849793],5,1.2268288135528565],[[764.5250854492188,226.57080078125,45.80548858642578,-0.8714089393615723,-1.739868871197814e-8,0.4905572831630707,2.443024893494794e-9,1,3.980689555760364e-8,-0.4905572831630707,3.588652930375247e-8,-0.8714089393615723],5,1.2488734722137452],[[764.3955688476563,226.2596893310547,45.775840759277347,-0.8913755416870117,-1.721533249288143e-9,0.4532654881477356,1.1259452925571623e-8,1,2.5940501302557096e-8,-0.4532654881477356,2.822625155829428e-8,-0.8913755416870117],5,1.2595162391662598],[[764.1449584960938,225.59658813476563,45.6884880065918,-0.7936099767684937,2.188174619277561e-8,0.6084268689155579,2.3682984462425339e-8,1,-5.073236941655068e-9,-0.6084268689155579,1.0383192083907034e-8,-0.7936099767684937],5,1.2744741439819337],[[763.9082641601563,224.8789825439453,45.56721496582031,-0.7171376347541809,4.924387297933208e-8,0.6969315409660339,3.125194680819732e-8,1,-3.8500090226989417e-8,-0.6969315409660339,-5.829395188783337e-9,-0.7171376347541809],5,1.2892062664031983],[[763.8804321289063,224.33599853515626,45.47808837890625,-0.6908400058746338,0.00011804577661678195,0.7230076789855957,0.0017754173604771495,0.9999972581863403,0.0015331563772633672,-0.7230055332183838,0.002342805964872241,-0.6908382773399353],5,1.3040997982025147],[[763.8927612304688,223.58497619628907,45.358455657958987,-0.5770828127861023,0.0001446104288334027,0.8166856169700623,0.0016189084853976966,0.9999982118606567,0.0009668765123933554,-0.8166840076446533,0.0018801070982590318,-0.5770820379257202],5,1.3206405639648438],[[763.8190307617188,223.0814971923828,45.23776626586914,-0.5642520785331726,0.00006452167144743726,0.8256025314331055,0.00021685163665097207,1,0.00007005482621025294,-0.8256025314331055,0.00021856183593627065,-0.5642520785331726],7,1.3315157890319825],[[763.7412719726563,223.01026916503907,45.13517761230469,-0.4996587038040161,-0.00002897166632465087,0.8662223815917969,-0.0005269286339171231,0.9999998211860657,-0.00027049961499869823,-0.8662222027778626,-0.0005915948422625661,-0.49965861439704897],7,1.3410708904266358],[[763.6760864257813,223.0323028564453,44.977108001708987,-0.4457553029060364,0.0000272165380010847,0.8951548337936401,-0.0010226210579276085,0.9999993443489075,-0.0005396331544034183,-0.8951542973518372,-0.0011559484992176295,-0.4457549750804901],7,1.3588476181030274],[[763.5941772460938,223.09555053710938,44.75651550292969,-0.3704479932785034,0.00009595887968316674,0.9288532137870789,-0.0005723023787140846,0.9999997615814209,-0.0003315563080832362,-0.9288530349731445,-0.000654409290291369,-0.37044787406921389],8,1.3683230876922608],[[763.5750122070313,223.11892700195313,44.644691467285159,-0.3409513235092163,0.015056466683745385,0.9399603605270386,0.005850497167557478,0.9998863339424133,-0.013894225470721722,-0.9400627613067627,0.0007619837997481227,-0.34100067615509035],8,1.3781566619873047],[[763.515380859375,223.14683532714845,44.462989807128909,-0.2969883382320404,0.023730352520942689,0.9545862078666687,0.009354141540825367,0.9997155070304871,-0.021941998973488809,-0.9548352956771851,0.0024128169752657415,-0.29712581634521487],8,1.3892393112182618],[[763.4740600585938,223.1604461669922,44.337886810302737,-0.2830360233783722,0.024442806839942933,0.9587977528572083,0.009579694829881192,0.9996973872184753,-0.022657552734017373,-0.9590614438056946,0.0027720872312784197,-0.2831845283508301],8,1.3996555805206299],[[763.3794555664063,223.18173217773438,44.019134521484378,-0.23471695184707642,0.007893706671893597,0.9720317125320435,0.0022419854067265989,0.9999687671661377,-0.007579206023365259,-0.9720611572265625,0.0004003127396572381,-0.23472730815410615],8,1.4203770160675049],[[763.3350219726563,223.1885986328125,43.826332092285159,-0.22802391648292542,0.010419362224638462,0.9735997915267944,0.0021490314975380899,0.9999457001686096,-0.010197995230555535,-0.9736531376838684,-0.00023309033713303506,-0.22803393006324769],8,1.4309430122375489],[[763.3035278320313,223.19186401367188,43.6967887878418,-0.2300073355436325,0.0063529424369335178,0.973168134689331,0.0011942307464778424,0.9999797940254211,-0.006245716009289026,-0.9731881618499756,-0.0002743731893133372,-0.2300102710723877],8,1.43971848487854],[[763.259033203125,223.1758575439453,43.502262115478519,-0.22695153951644898,0.003218921599909663,0.9739007353782654,0.0005363103118725121,0.9999948143959045,-0.0031801890581846239,-0.9739059209823608,-0.00019943581719417125,-0.22695209085941316],8,1.451235294342041],[[763.230224609375,223.83682250976563,43.304237365722659,-0.24369989335536958,0.011020379140973091,0.9697880744934082,0.0006318931118585169,0.9999370574951172,-0.011204193346202374,-0.969850480556488,-0.0021176582667976619,-0.24369151890277863],3,1.468496322631836],[[763.187255859375,224.68348693847657,43.04151153564453,-0.2087886780500412,0.019781706854701043,0.9777606725692749,0.0005658183945342898,0.9997977018356323,-0.02010672725737095,-0.9779605865478516,-0.0036448221653699877,-0.20875763893127442],5,1.4934778213500977],[[763.1055908203125,225.65745544433595,42.72078323364258,-0.27178752422332766,0.013832868076860905,0.9622578620910645,0.00010145994747290388,0.9998971223831177,-0.014345291070640087,-0.9623572826385498,-0.0038012408185750248,-0.2717609703540802],5,1.5007719993591309],[[763.0586547851563,226.02320861816407,42.59642791748047,-0.41053369641304018,0.007231476251035929,0.9118167757987976,-0.0011507602175697685,0.999963641166687,-0.008448670618236065,-0.9118446707725525,-0.004517746157944202,-0.41051045060157778],5,1.5100419521331788],[[763.0029907226563,226.37530517578126,42.47584533691406,-0.46369317173957827,0.002906923647969961,0.885991096496582,-0.0016729268245398999,0.9999899864196777,-0.004156496841460466,-0.8859942555427551,-0.003409537486732006,-0.4636836349964142],5,1.5204086303710938],[[762.9224243164063,226.8734130859375,42.294464111328128,-0.49506935477256777,0.015390295535326004,0.8687171339988709,0.0010290041100233794,0.9998527765274048,-0.01712709479033947,-0.8688528537750244,-0.0075851865112781528,-0.4950123131275177],5,1.5323855876922608],[[762.840576171875,227.33287048339845,42.11570358276367,-0.596608579158783,0.023037254810333253,0.8022016882896423,0.00439959391951561,0.9996667504310608,-0.025435928255319597,-0.8025203347206116,-0.01164593081921339,-0.5965111255645752],5,1.5426006317138672],[[762.77197265625,227.6222381591797,42.003971099853519,-0.6627392768859863,0.016023118048906328,0.7486787438392639,0.0024431755300611259,0.9998120069503784,-0.01923510804772377,-0.7488462328910828,-0.010918708518147469,-0.6626538634300232],5,1.5527725219726563],[[762.6535034179688,228.03070068359376,41.84700012207031,-0.680169939994812,0.006368973292410374,0.7330268025398254,-0.00030611231341026723,0.9999597072601318,-0.008972285315394402,-0.7330543994903565,-0.006327067036181688,-0.6801405549049377],5,1.5708463191986085],[[762.4696655273438,228.527587890625,41.65811538696289,-0.7719488143920898,-0.0001729213836370036,0.6356846690177918,-0.001565704820677638,0.9999974370002747,-0.0016293032094836236,-0.6356827616691589,-0.002253033220767975,-0.7719470858573914],5,1.584528923034668],[[762.3145751953125,228.86448669433595,41.534400939941409,-0.8224754333496094,-0.000990969710983336,0.5687997937202454,-0.0010827298974618316,0.9999994039535523,0.0001766006025718525,-0.568799614906311,-0.000470606901217252,-0.8224759697914124],5,1.5950136184692383],[[761.9859619140625,229.44630432128907,41.3490104675293,-0.8506099581718445,-0.000292713928502053,0.5257971882820129,-0.00013293982192408293,0.9999999403953552,0.00034164119279012084,-0.5257972478866577,0.00022070399427320808,-0.8506098985671997],5,1.6179828643798829],[[761.8734741210938,229.61300659179688,41.306766510009769,-0.9472991824150086,-0.00006966786895645782,0.3203502297401428,0.0000017524725990369917,1,0.00022265626466833055,-0.3203502297401428,0.00021148349333088845,-0.9472991228103638],5,1.6370339393615723],[[761.6471557617188,229.905517578125,41.252037048339847,-0.9614871740341187,0.00004568299118545838,0.2748498022556305,0.00006338052480714396,1,0.000055508771765744316,-0.2748497724533081,0.00007079109491314739,-0.9614871740341187],5,1.6452569961547852],[[761.4779052734375,230.08912658691407,41.237056732177737,-0.9821228981018066,0.000041866394894896078,0.18824073672294618,0.000043343206925783309,1,0.0000037290631098585438,-0.18824073672294618,0.000011821355656138622,-0.9821228981018066],5,1.6546900272369385],[[761.3660888671875,230.1945037841797,41.239444732666019,-0.9947873950004578,0.000027698806661646814,0.10197101533412934,0.000026985093427356334,1,-0.000008378614438697696,-0.10197101533412934,-0.000005583242455031723,-0.9947873950004578],5,1.676393985748291],[[761.0928344726563,230.39834594726563,41.288394927978519,-0.9994330406188965,0.0000034765739655995277,0.03366956487298012,0.0000032084242320706837,1,-0.00000801818441686919,-0.03366956487298012,-0.000007905612619651948,-0.9994330406188965],5,1.6841256618499756],[[760.9874267578125,230.45603942871095,41.32484817504883,-0.9935640692710877,-8.736871563996829e-7,-0.11327148228883743,-2.939519561095949e-7,1,-0.00000513480563313351,0.11327148228883743,-0.000005068462087365333,-0.9935640692710877],5,1.696220874786377],[[760.8359985351563,230.51702880859376,41.39689636230469,-0.9833939075469971,-0.0000021098446723044619,-0.18148402869701386,-0.0000017899204749483034,1,-0.0000019266030903963839,0.18148402869701386,-0.0000015697677326897975,-0.9833939075469971],5,1.717503309249878],[[760.6055908203125,230.55055236816407,41.56145095825195,-0.9766333699226379,-8.468686587548291e-7,-0.21491211652755738,-8.890988283383194e-7,1,9.9831133582029e-8,0.21491211652755738,2.8857652978331318e-7,-0.9766333699226379],5,1.7254161834716797],[[760.5223388671875,230.54013061523438,41.64215850830078,-0.9382405877113342,-3.6936833680556449e-7,-0.34598350524902346,-4.882298867414647e-7,1,2.5639596401560996e-7,0.34598350524902346,4.094806058674294e-7,-0.9382405877113342],5,1.7344324588775635],[[760.4451293945313,230.5160675048828,41.7307243347168,-0.9198674559593201,-9.799026656764909e-8,-0.3922294080257416,-2.1516477488603415e-7,1,2.547815256548347e-7,0.3922294080257416,3.187591630648967e-7,-0.9198674559593201],5,1.7441542148590088],[[760.37451171875,230.4783935546875,41.82671356201172,-0.8979900479316711,3.38857120141256e-8,-0.4400157630443573,-5.666705149565132e-8,1,1.9265709738647275e-7,0.4400157630443573,1.9793854733052286e-7,-0.8979900479316711],5,1.7537579536437989],[[760.2820434570313,230.3963165283203,41.983577728271487,-0.8648364543914795,9.93634046153602e-8,-0.5020536780357361,6.242291306080006e-8,1,9.038435422326074e-8,0.5020536780357361,4.682803123046142e-8,-0.8648364543914795],5,1.7724263668060303],[[760.1866455078125,230.23919677734376,42.213260650634769,-0.8300711512565613,8.818236807428548e-8,-0.5576574802398682,1.157628659598231e-7,1,-1.4182628405023934e-8,0.5576574802398682,-7.632861809270253e-8,-0.8300711512565613],5,1.8052654266357422],[[760.1039428710938,229.83311462402345,42.657562255859378,-0.7966711521148682,5.202121400316173e-9,-0.6044129729270935,8.648233773556058e-8,1,-1.0538467165588372e-7,0.6044129729270935,-1.3622798178403173e-7,-0.7966711521148682],5,1.8127391338348389],[[760.1012573242188,229.6079864501953,42.85637664794922,-0.686249315738678,-4.5182279251321236e-8,-0.7273663878440857,7.036518212544252e-8,1,-1.2850514963247407e-7,0.7273663878440857,-1.3936784171164619e-7,-0.686249315738678],5,1.8242270946502686],[[760.1264038085938,229.26011657714845,43.121376037597659,-0.6792730093002319,-6.554491704946486e-8,-0.7338857054710388,2.9060553075055396e-8,1,-1.1621014550655673e-7,0.7338857054710388,-1.0026553809439065e-7,-0.6792730093002319],5,1.8376243114471436],[[760.1546630859375,228.96343994140626,43.319332122802737,-0.6085668206214905,-8.69395222480307e-8,-0.7935026288032532,-2.487002603857036e-9,1,-1.076568736380068e-7,0.7935026288032532,-6.354295578603342e-8,-0.6085668206214905],5,1.850632905960083],[[760.1943359375,228.63612365722657,43.51528549194336,-0.5539869666099548,-1.0200215427857984e-7,-0.832525372505188,-3.450187335829469e-8,1,-9.956281132872391e-8,0.832525372505188,-2.6432815047883197e-8,-0.5539869666099548],5,1.8655331134796143],[[760.2652587890625,228.15200805664063,43.772220611572269,-0.547523021697998,-1.1493961693531674e-7,-0.8367906212806702,-7.689234848839988e-8,1,-8.704601128783907e-8,0.8367906212806702,1.668310467550782e-8,-0.547523021697998],5,1.8792715072631837],[[760.3056030273438,227.88951110839845,43.899288177490237,-0.44403761625289919,-1.168331138501344e-7,-0.8960081338882446,-9.864893257827134e-8,1,-8.15051492963903e-8,0.8960081338882446,5.219889587237958e-8,-0.44403761625289919],5,1.8885385990142823],[[760.3524169921875,227.61338806152345,44.02405548095703,-0.41507771611213686,-1.1905785868293606e-7,-0.9097859859466553,-1.2052687736741064e-7,1,-7.587480865822727e-8,0.9097859859466553,7.815971514446574e-8,-0.41507771611213686],5,1.8978755474090577],[[760.4044799804688,227.32363891601563,44.14676284790039,-0.38582783937454226,-1.197054331214531e-7,-0.9225707650184631,-1.4255508062888112e-7,1,-7.013414204948276e-8,0.9225707650184631,1.0445744891285358e-7,-0.38582783937454226],5,1.9084866046905518],[[760.6321411132813,226.02841186523438,44.629005432128909,-0.4667570888996124,-5.245465928283011e-8,-0.8843855857849121,-9.492021035839571e-8,1,-9.21541243315005e-9,0.8843855857849121,7.96447068296402e-8,-0.4667570888996124],5,1.9466960430145264],[[760.7959594726563,225.10818481445313,44.91907501220703,-0.32463493943214419,3.323733732685241e-9,-0.9458394050598145,-6.793401041704783e-8,1,2.6830651478348956e-8,0.9458394050598145,7.296483062191328e-8,-0.32463493943214419],5,1.9588720798492432],[[760.8316650390625,224.91392517089845,44.97531509399414,-0.20683494210243226,2.0203010819841439e-8,-0.9783758521080017,-6.288881593263796e-8,1,3.394463732320219e-8,0.9783758521080017,6.854983780613111e-8,-0.20683494210243226],5,1.9666953086853028],[[760.9063720703125,224.5151824951172,45.08572769165039,-0.22733619809150697,3.449535412869409e-8,-0.9738163352012634,-5.2623366997295309e-8,1,4.770771511175553e-8,0.9738163352012634,6.209118197375574e-8,-0.22733619809150697],5,1.9758176803588868],[[761.0205688476563,223.8915252685547,45.24989318847656,-0.25033894181251528,5.605085107163177e-8,-0.9681582450866699,-3.6794606472767558e-8,1,6.740837221741458e-8,0.9681582450866699,5.2497941993578937e-8,-0.25033894181251528],5,1.9847805500030518],[[761.0724487304688,223.46218872070313,45.35774230957031,-0.18334679305553437,-0.02142464928328991,-0.9828147888183594,-0.0029669664800167085,0.9997699856758118,-0.02124076336622238,0.9830438494682312,-0.000978447264060378,-0.18336817622184754],7,1.9947524070739747],[[761.09423828125,223.03140258789063,45.46574401855469,-0.14799438416957856,-0.030301973223686219,-0.9885239005088806,-0.008019988425076008,0.9995344281196594,-0.029438793659210206,0.9889556765556336,0.003571173409000039,-0.14816850423812867],7,2.003765821456909],[[761.14892578125,222.87966918945313,45.6262092590332,-0.14089183509349824,-0.006880360655486584,-0.9900010824203491,-0.011178942397236824,0.9999231696128845,-0.005358388181775808,0.9899618625640869,0.010312211699783802,-0.14095792174339295],7,2.0139846801757814],[[761.1119384765625,222.92562866210938,45.72582244873047,-0.16148565709590913,-0.014093762263655663,-0.9867744445800781,-0.002318932441994548,0.9999006986618042,-0.013901746831834317,0.9868723154067993,0.000043330463086022067,-0.16150230169296266],7,2.0247116088867189],[[761.11083984375,223.00021362304688,45.86382293701172,-0.19494152069091798,-0.011487840674817562,-0.9807475805282593,0.005724244751036167,0.9999010562896729,-0.012849990278482437,0.9807981848716736,-0.008119035512208939,-0.19485647976398469],8,2.0373117923736574],[[761.0435180664063,223.05575561523438,45.993202209472659,-0.2792320251464844,-0.011387871578335762,-0.9601561427116394,0.010383403860032559,0.9998353719711304,-0.014878179877996445,0.9601675271987915,-0.014124153181910515,-0.27906784415245058],8,2.0492358207702638],[[760.9657592773438,223.09844970703126,46.16307830810547,-0.3761404752731323,-0.005988194607198238,-0.9265432953834534,0.008973243646323681,0.9999086856842041,-0.010105137713253498,0.9265192151069641,-0.012115050107240677,-0.3760523796081543],8,2.06121826171875],[[760.849365234375,223.12013244628907,46.28044891357422,-0.5511764287948608,-0.003974786959588528,-0.834379255771637,0.005334025714546442,0.9999514222145081,-0.00828709825873375,0.8343716859817505,-0.009018253535032273,-0.5511284470558167],8,2.0714190006256105],[[760.7835083007813,223.14581298828126,46.46864700317383,-0.6257967352867127,-0.0030337453354150059,-0.7799802422523499,0.0012241543736308814,0.9999873638153076,-0.00487163569778204,0.7799851894378662,-0.004003469832241535,-0.6257851719856262],8,2.0843000411987306],[[760.707763671875,223.1643524169922,46.662559509277347,-0.7616370916366577,-0.0031773995142430069,-0.6479960083961487,-0.0011913595953956247,0.9999931454658508,-0.003503098851069808,0.6480026841163635,-0.0018960937159135938,-0.7616356611251831],8,2.0954384803771974],[[760.6163940429688,223.17730712890626,46.82672882080078,-0.8553264141082764,-0.0019113993039354683,-0.5180859565734863,-0.001260819029994309,0.9999979138374329,-0.0016078095650300384,0.5180879831314087,-0.0007219893159344792,-0.8553270101547241],8,2.1112568378448488],[[760.40673828125,223.1880645751953,46.977413177490237,-0.8846427798271179,-0.00009656422480475157,-0.46626943349838259,-0.0001485763059463352,1,0.00007479092892026529,0.4662694036960602,0.00013543984096031636,-0.8846427798271179],8,2.13205885887146],[[760.1724853515625,223.19403076171876,47.104400634765628,-0.9356101751327515,0.00018522626487538218,-0.3530348241329193,0.00012834563676733524,1,0.0001845279330154881,0.3530348539352417,0.00012733571929857135,-0.9356101751327515],8,2.1397805213928224],[[760.0497436523438,223.19590759277345,47.155982971191409,-0.9426178932189941,0.0001264365273527801,-0.3338733911514282,0.00009693996980786324,1,0.00010500738426344469,0.3338734209537506,0.00006661616498604417,-0.9426178932189941],8,2.1493754386901857],[[759.8643798828125,223.8481903076172,47.23076629638672,-0.9483612775802612,0.0000