[[[776,222.69961547851563,47,1,-6.022253984383497e-8,1.0528055410428082e-14,6.022253984383497e-8,1,-7.956854375379408e-8,-5.7362358678141049e-15,7.956854375379408e-8,1],8,0.01163339614868164],[[776,222.69961547851563,47,1,-6.66073631805375e-8,1.1221906684336179e-14,6.66073631805375e-8,1,-8.800444106782379e-8,-5.360162980112089e-15,8.800444106782379e-8,1],8,0.04077625274658203],[[776,222.69961547851563,47,1,-2.8303539068019746e-8,9.269839636291601e-15,2.8303539068019746e-8,1,-3.739581444506257e-8,-8.211405900127467e-15,3.739581444506257e-8,1],8,0.06287717819213867],[[776,222.69961547851563,47,1,3.5788150221094385e-9,9.158963023496014e-15,-3.5788150221094385e-9,1,4.728512248419747e-9,-9.14204015224282e-15,-4.728512248419747e-9,1],8,0.07407569885253906],[[776,222.69961547851563,47,1,2.906018181647596e-8,1.0036941472445303e-14,-2.906018181647596e-8,1,3.8395590706841179e-8,-8.921158523554369e-15,-3.8395590706841179e-8,1],8,0.08726191520690918],[[776,222.69961547851563,47,1,4.1792699079223897e-8,1.0797021405466265e-14,-4.1792699079223897e-8,1,5.521834367527845e-8,-8.489297928363816e-15,-5.521834367527845e-8,1],8,0.09785318374633789],[[776,222.69961547851563,47,1,6.088126980330344e-8,1.2337686245095323e-14,-6.088126980330344e-8,1,8.043900123766434e-8,-7.440456840327337e-15,-8.043900123766434e-8,1],8,0.11153030395507813],[[776,222.69961547851563,47,1,5.831640947917549e-8,1.2346714769280107e-14,-5.831640947917549e-8,1,7.705018845172163e-8,-7.853424365629382e-15,-7.705018845172163e-8,1],8,0.12496638298034668],[[776,222.69961547851563,47,1,4.4936058429811968e-8,1.1574875477852413e-14,-4.4936058429811968e-8,1,5.937148017665095e-8,-8.906955475094809e-15,-5.937148017665095e-8,1],8,0.13820409774780274],[[776,222.69961547851563,47,1,2.71089266590252e-8,1.0891646844135832e-14,-2.71089266590252e-8,1,3.581748586611866e-8,-9.920672647907494e-15,-3.581748586611866e-8,1],8,0.15516304969787599],[[776,222.69961547851563,47,1,1.3748578275851742e-8,1.0651961084018336e-14,-1.3748578275851742e-8,1,1.8165195569963545e-8,-1.0402215960619247e-14,-1.8165195569963545e-8,1],8,0.16669321060180665],[[776,222.69961547851563,47,1,3.967918216218891e-10,1.0647598864339976e-14,-3.967918216218891e-10,1,5.242147826933774e-10,-1.0647390494234951e-14,-5.242147826933774e-10,1],8,0.17994308471679688],[[776,222.69961547851563,47,1,-1.7392279616501584e-8,1.1007526880550851e-14,1.7392279616501584e-8,1,-2.297951162688605e-8,-1.0607861160652488e-14,2.297951162688605e-8,1],8,0.19700026512145997],[[776,222.69961547851563,47,1,-3.516614910381577e-8,1.1784567801307634e-14,3.516614910381577e-8,1,-4.646315687750757e-8,-1.0150637010889353e-14,4.646315687750757e-8,1],8,0.2250351905822754],[[776,222.69961547851563,47,-0.6260504722595215,3.236976908738143e-8,0.7797825336456299,5.506597489102205e-8,1,2.69858313473037e-9,-0.7797825336456299,4.46289369904207e-8,-0.6260504722595215],8,0.24113154411315919],[[776,222.69961547851563,47,-0.5212332606315613,6.228847215794531e-9,0.8534142374992371,7.454914907611965e-8,1,3.8233075372318129e-8,-0.8534142374992371,8.35496507534117e-8,-0.5212332606315613],8,0.26778459548950198],[[776,222.69961547851563,47,-0.6121635437011719,-3.451724461811523e-9,0.7907311916351318,9.033229986243896e-8,1,7.429814985471239e-8,-0.7907311916351318,1.1691118828593972e-7,-0.6121635437011719],8,0.2788245677947998],[[776,222.69961547851563,47,-0.6505728960037231,-3.4358151879132494e-9,0.7594438195228577,8.34365465607334e-8,1,7.59995373300626e-8,-0.7594438195228577,1.1280860690021655e-7,-0.6505728960037231],8,0.2902665138244629],[[776,222.69961547851563,47,-0.7317662239074707,2.931161091623835e-9,0.6815556883811951,5.626653276635807e-8,1,5.611102693592329e-8,-0.6815556883811951,7.940893453906028e-8,-0.7317662239074707],8,0.3023216724395752],[[775.8822021484375,222.69961547851563,46.889366149902347,-0.8071050643920898,3.789992764069439e-9,0.5904078483581543,2.3350549938072619e-8,1,2.5501615041889637e-8,-0.5904078483581543,3.436883133645097e-8,-0.8071050643920898],8,0.3183128833770752],[[775.673583984375,222.69961547851563,46.72938537597656,-0.8620185852050781,-9.182545834818256e-10,0.5068766474723816,-6.076309233549182e-9,1,-8.522067496130603e-9,-0.5068766474723816,-1.042611952328798e-8,-0.8620185852050781],8,0.34516000747680666],[[775.3890380859375,222.69961547851563,46.55628967285156,-0.9217148423194885,-1.2396616178023124e-8,0.387868195772171,-3.6849403528549377e-8,1,-5.560658067338409e-8,-0.387868195772171,-6.554612497211565e-8,-0.9217148423194885],8,0.3539574146270752],[[775.2685546875,222.69961547851563,46.499664306640628,-0.9324855804443359,-1.829902629424396e-8,0.36120718717575076,-4.860171642917521e-8,1,-7.480851849095416e-8,-0.36120718717575076,-8.731315404020279e-8,-0.9324855804443359],8,0.3658130168914795],[[775.0829467773438,222.69961547851563,46.42525100708008,-0.9436069130897522,-2.333434601098361e-8,0.33106788992881777,-5.5799254994326478e-8,1,-8.855651145722732e-8,-0.33106788992881777,-1.0203588374224637e-7,-0.9436069130897522],8,0.37758493423461916],[[774.76904296875,222.69961547851563,46.313323974609378,-0.962863028049469,-2.055753967056262e-8,0.26999029517173769,-3.7741589409279189e-8,1,-5.845559059025618e-8,-0.26999029517173769,-6.647459116493337e-8,-0.962863028049469],8,0.3947582244873047],[[774.3846435546875,222.69961547851563,46.202796936035159,-0.9914965033531189,-1.7959145282020473e-8,0.13013331592082978,-2.0744259643379338e-8,1,-2.0046487136937686e-8,-0.13013331592082978,-2.2575539659897005e-8,-0.9914965033531189],8,0.42891955375671389],[[774.1217041015625,222.69961547851563,46.1602783203125,-0.9967589378356934,-1.1395931309721164e-8,0.08044609427452088,-1.0928363103346328e-8,1,6.252482087631961e-9,-0.08044609427452088,5.353073539993147e-9,-0.9967589378356934],8,0.43798041343688967],[[773.9226684570313,222.69961547851563,46.141395568847659,-0.9981900453567505,-5.566192395889402e-9,0.06013799458742142,-4.0011953750251909e-9,1,2.6143856857174798e-8,-0.06013799458742142,2.5855914742578535e-8,-0.9981900453567505],8,0.4509084224700928],[[773.72314453125,222.69961547851563,46.128334045410159,-0.9996760487556458,1.0515960324752883e-9,0.0254516564309597,2.2295456592047459e-9,1,4.625346861075741e-8,-0.0254516564309597,4.629523076005171e-8,-0.9996760487556458],8,0.4626286029815674],[[773.5232543945313,222.69961547851563,46.12186050415039,-0.9999119639396668,7.330156037710367e-9,0.013269308023154736,8.212290403264433e-9,1,6.64247963300113e-8,-0.013269308023154736,6.652792450267953e-8,-0.9999119639396668],8,0.475388765335083],[[773.3233032226563,222.69961547851563,46.11866760253906,-0.9999960660934448,1.3737680326642021e-8,0.00279882806353271,1.3980239188526867e-8,1,8.66446896452544e-8,-0.00279882806353271,8.668347817319955e-8,-0.9999960660934448],8,0.4878990650177002],[[773.1233520507813,222.69961547851563,46.117679595947269,-0.9999960660934448,1.94444780277081e-8,0.0028103238437324764,1.974484398203913e-8,1,1.068515445012963e-7,-0.0028103238437324764,1.0690661156331771e-7,-0.9999960660934448],8,0.5005412101745606],[[772.8567504882813,222.69961547851563,46.11690902709961,-0.9999801516532898,1.9532601314153909e-8,0.006299210712313652,2.01560350632235e-8,1,9.890673879908718e-8,-0.006299210712313652,9.903174458258946e-8,-0.9999801516532898],8,0.5146400928497315],[[772.6567993164063,222.69961547851563,46.11578369140625,-0.9997944831848145,1.3136553178583199e-8,0.020272521302103998,1.4495901368150044e-8,1,6.690680720566889e-8,-0.020272521302103998,6.718692446838759e-8,-0.9997944831848145],8,0.528273344039917],[[772.4568481445313,222.69961547851563,46.11227035522461,-0.9993523955345154,7.071955909765393e-9,0.03598317131400108,8.3374942505543e-9,1,3.5020228494886399e-8,-0.03598317131400108,3.529756043008092e-8,-0.9993523955345154],8,0.5418002605438232],[[772.2568969726563,222.69961547851563,46.10569763183594,-0.9990770816802979,1.8217320985058905e-9,0.04295337200164795,1.960897666464234e-9,1,3.197791142994788e-9,-0.04295337200164795,3.279067017913917e-9,-0.9990770816802979],8,0.5546627044677734],[[771.9905395507813,222.69961547851563,46.09455490112305,-0.9986637830734253,-4.873763614909876e-9,0.05167778581380844,-6.904861127310369e-9,1,-3.912457202659425e-8,-0.05167778581380844,-3.9429121301282069e-8,-0.9986637830734253],8,0.5699303150177002],[[771.790771484375,222.69961547851563,46.084556579589847,-0.9986637830734253,-9.870112727128344e-9,0.05167778581380844,-1.3549205313267976e-8,1,-7.084259578959973e-8,-0.05167778581380844,-7.14481345198692e-8,-0.9986637830734253],8,0.5992622375488281],[[771.3246459960938,224.17391967773438,46.0606575012207,-0.9980669021606445,-2.076592942046318e-8,0.06214877590537071,-2.981062863227635e-8,1,-1.4460579222941306e-7,-0.06214877590537071,-1.4617894805724064e-7,-0.9980669021606445],3,0.612058162689209],[[771.1250610351563,224.75466918945313,46.04864501953125,-0.9922255873680115,-2.0550107393546569e-8,0.1244523897767067,-3.8067156538090788e-8,1,-1.3837498613611388e-7,-0.1244523897767067,-1.4203675391399884e-7,-0.9922255873680115],5,0.6397225856781006],[[770.7258911132813,225.82420349121095,46.023807525634769,-0.968113362789154,-2.7815994840807435e-8,0.2505125105381012,-5.1448711957391427e-8,1,-8.778879845294796e-8,-0.2505125105381012,-9.78780505533905e-8,-0.968113362789154],5,0.648186206817627],[[770.5928344726563,226.15347290039063,46.01552200317383,-0.9917447566986084,-4.7111583967307527e-8,0.1282276064157486,-5.6724857699919087e-8,1,-7.131846047059298e-8,-0.1282276064157486,-7.800340284802587e-8,-0.9917447566986084],5,0.6579935550689697],[[770.3932495117188,226.62181091308595,46.00309371948242,-0.9869004487991333,-5.5477396898595546e-8,0.16133028268814088,-6.380503947411853e-8,1,-4.643781537083669e-8,-0.16133028268814088,-5.6123187874845829e-8,-0.9869004487991333],5,0.669689416885376],[[770.2601928710938,226.91700744628907,45.994808197021487,-0.9917160868644714,-6.412063413563374e-8,0.1284492164850235,-6.85195402638783e-8,1,-2.9827283754002568e-8,-0.1284492164850235,-3.83814757753953e-8,-0.9917160868644714],5,0.681567907333374],[[770.0606079101563,227.33425903320313,45.98237991333008,-0.9868855476379395,-7.304030447130572e-8,0.16142147779464723,-7.475049557115199e-8,1,-4.5215804433951238e-9,-0.16142147779464723,-1.652861669754202e-8,-0.9868855476379395],5,0.6936240196228027],[[769.8610229492188,227.72084045410157,45.96995162963867,-0.9868846535682678,-8.28561681487372e-8,0.1614268571138382,-8.047943111932909e-8,1,2.126194864615627e-8,-0.1614268571138382,7.991549644259522e-9,-0.9868846535682678],5,0.7051584720611572],[[769.6614379882813,228.0767822265625,45.957523345947269,-0.9868845343589783,-9.22821428162024e-8,0.16142788529396058,-8.570503240434846e-8,1,4.770659600694671e-8,-0.16142788529396058,3.324571906659912e-8,-0.9868845343589783],5,0.7173600196838379],[[769.4618530273438,228.40206909179688,45.94509506225586,-0.9866021871566773,-1.0139905981532138e-7,0.16314439475536347,-9.037275816581314e-8,1,7.5007768884916e-8,-0.16314439475536347,5.92590225778622e-8,-0.9866021871566773],5,0.7307627201080322],[[769.1957397460938,228.7880859375,45.92812728881836,-0.980621874332428,-1.154540569814344e-7,0.19591005146503449,-9.51364285128875e-8,1,1.1311921355172672e-7,-0.19591005146503449,9.228899244817512e-8,-0.980621874332428],5,0.7447245121002197],[[768.9961547851563,229.0418243408203,45.91535568237305,-0.9879892468452454,-1.0712481213204228e-7,0.1545228213071823,-8.834816611624774e-8,1,1.2838087570798963e-7,-0.1545228213071823,1.1318711301555595e-7,-0.9879892468452454],5,0.7590339183807373],[[768.7964477539063,229.26492309570313,45.903995513916019,-0.9887866377830505,-7.584022654327782e-8,0.1493351012468338,-5.933761215715094e-8,1,1.1496285168277609e-7,-0.1493351012468338,1.0481254264504969e-7,-0.9887866377830505],5,0.7729709148406982],[[768.5300903320313,229.5146942138672,45.89045715332031,-0.9857121706008911,-3.724109021163713e-8,0.16843855381011964,-2.1613235645645547e-8,1,9.46141014424029e-8,-0.16843855381011964,8.962177133753357e-8,-0.9857121706008911],5,0.7868185043334961],[[768.3302612304688,229.666259765625,45.882728576660159,-0.9937942624092102,-2.0307278081332926e-9,0.11123384535312653,6.754702130962187e-9,1,7.860477779786379e-8,-0.11123384535312653,7.886833230941193e-8,-0.9937942624092102],5,0.8009793758392334],[[768.1303100585938,229.7871551513672,45.87947463989258,-0.9963677525520325,2.9737275752950155e-8,0.08515481650829315,3.5104971374266827e-8,1,6.153717180268359e-8,-0.08515481650829315,6.430300913962128e-8,-0.9963677525520325],5,0.8149313926696777],[[767.8637084960938,229.9006805419922,45.88230895996094,-0.9967890381813049,6.959164977615728e-8,0.08007264137268067,7.27514759546466e-8,1,3.6544534509630469e-8,-0.08007264137268067,4.225259431223094e-8,-0.9967890381813049],5,0.830712080001831],[[767.5973510742188,229.95970153808595,45.89493942260742,-0.999396562576294,1.1054944337729467e-7,0.034734781831502917,1.109428424683756e-7,1,9.398445577346593e-9,-0.034734781831502917,1.3246348906648109e-8,-0.999396562576294],5,0.8592045307159424],[[767.1991577148438,229.946044921875,45.93244934082031,-0.9994473457336426,1.3526805275887455e-7,0.03324166312813759,1.34371163085234e-7,1,-2.9215154739858918e-8,-0.03324166312813759,-2.4732287329243264e-8,-0.9994473457336426],5,0.8702313899993897],[[767.00146484375,229.8932342529297,45.96251678466797,-0.9964603781700134,1.0799596594779359e-7,-0.08406396955251694,1.1221140283623754e-7,1,-4.542070897173289e-8,0.08406396955251694,-5.46928724531881e-8,-0.9964603781700134],5,0.8822884559631348],[[766.8047485351563,229.8097686767578,45.998313903808597,-0.9935250878334045,8.291750219768801e-8,-0.1136130839586258,9.040312676233953e-8,1,-6.073481273460857e-8,0.1136130839586258,-7.061253626261532e-8,-0.9935250878334045],5,0.894446611404419],[[766.6090698242188,229.69564819335938,46.03960418701172,-0.9924960732460022,5.8909595423983777e-8,-0.12227670103311539,6.857577261598635e-8,1,-7.484325692530547e-8,0.12227670103311539,-8.266685824764864e-8,-0.9924960732460022],5,0.9078006744384766],[[766.2189331054688,229.37542724609376,46.12748718261719,-0.9996585249900818,2.083227634841478e-8,-0.02613184228539467,2.337927362816572e-8,1,-9.716170268347924e-8,0.02613184228539467,-9.773946629820785e-8,-0.9996585249900818],5,0.9301779270172119],[[766.0889282226563,229.24143981933595,46.157249450683597,-0.9915993809700012,-5.197172914250814e-9,-0.12934711575508119,8.338801649188099e-9,1,-1.041068742324569e-7,0.12934711575508119,-1.0431091368445777e-7,-0.9915993809700012],5,0.9421141147613525],[[765.8930053710938,229.01490783691407,46.19734573364258,-0.9975373148918152,-2.267604592987027e-8,-0.07013801485300064,-1.4813189785911618e-8,1,-1.1262559951319418e-7,0.07013801485300064,-1.1130926935720709e-7,-0.9975373148918152],5,0.9546406269073486],[[765.6961059570313,228.75772094726563,46.232242584228519,-0.9999989867210388,-3.8536192903393388e-8,0.0014256425201892853,-3.870497877755952e-8,1,-1.1836436186740684e-7,-0.0014256425201892853,-1.1841942182400089e-7,-0.9999989867210388],5,0.9675617218017578],[[765.4312133789063,228.3671112060547,46.262184143066409,-0.9919062852859497,-5.5505410045952888e-8,0.12697191536426545,-7.141695590462405e-8,1,-1.207630617727773e-7,-0.12697191536426545,-1.288535855792361e-7,-0.9919062852859497],5,0.9811372756958008],[[765.2315063476563,228.03839111328126,46.269142150878909,-0.9885232448577881,-7.695638259974658e-8,0.1510688215494156,-9.622585395163697e-8,1,-1.2024395346088569e-7,-0.1510688215494156,-1.334006611841687e-7,-0.9885232448577881],5,0.9947648048400879],[[765.03173828125,227.67901611328126,46.261680603027347,-0.957341730594635,-8.240161974981675e-8,0.2889580726623535,-1.2081088129889395e-7,1,-1.1508824115935568e-7,-0.2889580726623535,-1.4508805179502816e-7,-0.957341730594635],5,1.008028507232666],[[764.8338012695313,227.2889862060547,46.23735427856445,-0.8956905603408814,-8.25705868123805e-8,0.4446778893470764,-1.4420606930798386e-7,1,-1.047801632125811e-7,-0.4446778893470764,-1.5797584751453543e-7,-0.8956905603408814],5,1.0210871696472169],[[764.6404418945313,226.86830139160157,46.19120407104492,-0.8534904718399048,-7.696313986116366e-8,0.5211083889007568,-1.360502466241087e-7,1,-7.513685318372154e-8,-0.5211083889007568,-1.350255161014502e-7,-0.8534904718399048],5,1.0351247787475587],[[764.3930053710938,226.2596893310547,46.096534729003909,-0.7286992073059082,-4.6256058539029257e-8,0.6848338842391968,-9.579446214047494e-8,1,-3.438686846379824e-8,-0.6848338842391968,-9.066097561571951e-8,-0.7286992073059082],5,1.0502657890319825],[[764.21826171875,225.76747131347657,46.00192642211914,-0.6222126483917236,-2.7810001412831299e-8,0.7828482985496521,-6.087124404530187e-8,1,-1.2856713027531442e-8,-0.7828482985496521,-5.5652556341101447e-8,-0.6222126483917236],5,1.0630567073822022],[[764.0560913085938,225.24459838867188,45.888893127441409,-0.5515624284744263,-1.511762981465381e-8,0.8341336250305176,-2.4035118784127009e-8,1,2.230771123379327e-9,-0.8341336250305176,-1.8818091973571428e-8,-0.5515624284744263],5,1.076298475265503],[[763.862060546875,224.49974060058595,45.71150207519531,-0.36742591857910159,3.3038858315848076e-9,0.9300528168678284,2.7777572242371208e-8,1,7.421421699405073e-9,-0.9300528168678284,2.8561430553963875e-8,-0.36742591857910159],5,1.090088129043579],[[763.7354125976563,223.90533447265626,45.56061935424805,-0.23612502217292787,1.4393148894953356e-8,0.9717226624488831,6.650240891303838e-8,1,1.34784816641087e-9,-0.9717226624488831,6.494015991620472e-8,-0.23612502217292787],5,1.1046130657196046],[[763.658203125,223.2802734375,45.378536224365237,-0.13980495929718018,2.2238422658915625e-8,0.9901790618896484,1.0389118187958957e-7,1,-7.790432299259465e-9,-0.9901790618896484,1.0178172971109234e-7,-0.13980495929718018],7,1.11911940574646],[[763.6043701171875,222.899169921875,45.1180305480957,-0.09768096357584,2.3092219691989159e-8,0.9952178001403809,1.0014432660909734e-7,1,-1.3373981921915857e-8,-0.9952178001403809,9.835903114208122e-8,-0.09768096357584],7,1.1327662467956544],[[763.5803833007813,222.95565795898438,44.91957473754883,0.015283230692148209,1.2712306762807657e-8,0.9998831748962402,8.39158573739951e-8,1,-1.3996446668329554e-8,-0.9998831748962402,8.411996788026954e-8,0.015283230692148209],7,1.1465795040130616],[[763.5780029296875,223.03199768066407,44.719818115234378,0.09651253372430802,6.430202592611067e-9,0.9953317642211914,6.773517213787273e-8,1,-1.3028315315466444e-8,-0.9953317642211914,6.867636415108791e-8,0.09651253372430802],8,1.1609063148498536],[[763.5997924804688,223.10565185546876,44.45418930053711,0.133287250995636,4.506394368775091e-9,0.9910774230957031,4.627123217915141e-8,1,-1.0769855229852965e-8,-0.9910774230957031,4.729385949531206e-8,0.133287250995636],8,1.1729028224945069],[[763.6161499023438,223.13021850585938,44.3218879699707,0.1329306811094284,4.8227541959988688e-9,0.9911253452301025,3.554780647618827e-8,1,-9.633644104667383e-9,-0.9911253452301025,3.6512936674171217e-8,0.1329306811094284],8,1.1856493949890137],[[763.6513671875,223.16236877441407,44.05756378173828,0.13464154303073884,5.355438315035599e-9,0.9908943772315979,1.4119192037753692e-8,1,-7.323150086335772e-9,-0.9908943772315979,1.4976627937812738e-8,0.13464154303073884],8,1.1993045806884766],[[763.67822265625,223.17657470703126,43.859375,0.12250405550003052,5.984407636105971e-9,0.992467999458313,-1.9601538170377354e-9,1,-5.787875068108406e-9,-0.992467999458313,-1.2363517987168394e-9,0.12250405550003052],8,1.2127623558044434],[[763.7031860351563,223.18560791015626,43.66094207763672,0.06512299180030823,6.349005321482082e-9,0.9978772401809692,-1.809089056337143e-8,1,-5.18187226461464e-9,-0.9978772401809692,-1.7715029443365894e-8,0.06512299180030823],8,1.225074291229248],[[763.7277221679688,223.17286682128907,43.46245193481445,-0.016926836222410203,5.320387241880553e-9,0.99985671043396,-3.42066535097274e-8,1,-5.900242960876767e-9,-0.99985671043396,-3.43016246517891e-8,-0.016926836222410203],8,1.2385103702545167],[[763.7604370117188,224.0357666015625,43.19778823852539,-0.11969682574272156,2.3569235452214345e-9,0.9928104877471924,-5.546588610627623e-8,1,-9.06115893428705e-9,-0.9928104877471924,-5.615170550754556e-8,-0.11969682574272156],3,1.2565724849700928],[[763.7639770507813,225.03775024414063,42.866920471191409,-0.11191025376319885,-3.1747087181344115e-9,0.9937183260917664,-8.251969774164536e-8,1,-6.0984000072039638e-9,-0.9937183260917664,-8.268381179732387e-8,-0.11191025376319885],5,1.2876214981079102],[[763.7073364257813,225.95457458496095,42.54024124145508,-0.25733262300491335,-2.747719918261282e-8,0.9663228988647461,-1.1093160878772324e-7,1,-1.1063833182944905e-9,-0.9663228988647461,-1.0748046008757228e-7,-0.25733262300491335],5,1.2967405319213868],[[763.6482543945313,226.4637908935547,42.350250244140628,-0.44584882259368899,-5.8383449186294459e-8,0.8951082825660706,-1.28785529796005e-7,1,1.077600231269571e-9,-0.8951082825660706,-1.147965562608988e-7,-0.44584882259368899],5,1.3094396591186524],[[763.5375366210938,227.09506225585938,42.1103515625,-0.4827389419078827,-7.843319593803244e-8,0.8757643103599548,-1.5317782242618706e-7,1,5.1250061972041298e-9,-0.8757643103599548,-1.3167363022148494e-7,-0.4827389419078827],5,1.3235788345336915],[[763.4312744140625,227.53274536132813,41.94239044189453,-0.6425109505653381,-1.1593105142537752e-7,0.766276478767395,-1.723211937587621e-7,1,6.8027530275571738e-9,-0.766276478767395,-1.2767483781317424e-7,-0.6425109505653381],5,1.3384435176849366],[[763.3069458007813,227.9397735595703,41.78746795654297,-0.7568361759185791,-1.1022183343811776e-7,0.6536046266555786,-1.3858900160812483e-7,1,8.158844266858978e-9,-0.6536046266555786,-8.440750320914958e-8,-0.7568361759185791],5,1.350031852722168],[[763.16650390625,228.31614685058595,41.64802551269531,-0.8058168292045593,-9.035908021814976e-8,0.5921648740768433,-1.0531954330872395e-7,1,9.272453915798451e-9,-0.5921648740768433,-5.489463106300718e-8,-0.8058168292045593],5,1.3629655838012696],[[763.0115356445313,228.661865234375,41.52546310424805,-0.8869834542274475,-7.026979176316672e-8,0.4618012011051178,-7.263988521799547e-8,1,1.2644861158150889e-8,-0.4618012011051178,-2.2329404103516027e-8,-0.8869834542274475],5,1.3764350414276124],[[762.843994140625,228.9769287109375,41.42136001586914,-0.9443948268890381,-4.433521283431219e-8,0.32881370186805727,-4.0687314850629266e-8,1,1.7974688404365226e-8,-0.32881370186805727,3.5966563061151648e-9,-0.9443948268890381],5,1.3895864486694337],[[762.6052856445313,229.3493194580078,41.313655853271487,-0.9557822942733765,-5.3645115016820459e-9,0.29407522082328799,1.5339940429015542e-9,1,2.3227647361068194e-8,-0.29407522082328799,2.2651683195817897e-8,-0.9557822942733765],5,1.402984380722046],[[762.3519897460938,229.66722106933595,41.24287033081055,-0.9967899322509766,3.9584705291417779e-8,0.08006134629249573,4.236861883555321e-8,1,3.307349416559191e-8,-0.08006134629249573,3.635941325796921e-8,-0.9967899322509766],5,1.420424222946167],[[761.9586791992188,230.0418701171875,41.20952224731445,-0.9971852898597717,1.0494738234001488e-7,-0.07497679442167282,1.0137690509282038e-7,1,5.14269302698267e-8,0.07497679442167282,4.36812612747417e-8,-0.9971852898597717],5,1.4432268142700196],[[761.8270263671875,230.13951110839845,41.218135833740237,-0.9615568518638611,1.321149341038108e-7,-0.274605929851532,1.2074767141712074e-7,1,5.8298770255760249e-8,0.274605929851532,2.2899557805544647e-8,-0.9615568518638611],5,1.4551684856414796],[[761.632568359375,230.26040649414063,41.24943923950195,-0.9514204263687134,1.4620127330999822e-7,-0.30789482593536379,1.342668412007697e-7,1,5.99459681893677e-8,0.30789482593536379,1.5693752075662816e-8,-0.9514204263687134],5,1.468031406402588],[[761.4428100585938,230.3506622314453,41.30256652832031,-0.9007880091667175,1.26467966765631e-7,-0.4342591464519501,1.2032170104703256e-7,1,4.16424583704611e-8,0.4342591464519501,-1.4739772957739206e-8,-0.9007880091667175],5,1.481217861175537],[[761.2012329101563,230.42330932617188,41.40614700317383,-0.8523147702217102,9.810403156507164e-8,-0.5230292081832886,1.0436139064040617e-7,1,1.750433575864463e-8,0.5230292081832886,-3.966485095929784e-8,-0.8523147702217102],5,1.494170904159546],[[761.0316162109375,230.44203186035157,41.50714111328125,-0.7506793737411499,7.064897999953246e-8,-0.6606667041778565,9.493405173088832e-8,1,-9.324744310035272e-10,0.6606667041778565,-6.341975478107997e-8,-0.7506793737411499],5,1.512317180633545],[[760.7777099609375,230.4051055908203,41.71585464477539,-0.7066199779510498,3.5443058266082519e-8,-0.7075932621955872,8.170327703282965e-8,1,-3.150129757045761e-8,0.7075932621955872,-8.007213381233669e-8,-0.7066199779510498],5,1.5422906875610352],[[760.5263671875,230.24838256835938,42.023399353027347,-0.60406893491745,-1.2604034260732533e-8,-0.79693204164505,7.038853055973959e-8,1,-6.916970818338086e-8,0.79693204164505,-9.78781500293735e-8,-0.60406893491745],5,1.5520579814910889],[[760.42236328125,230.12403869628907,42.19328689575195,-0.4278320372104645,-5.1570705039694079e-8,-0.9038582444190979,6.723635692651442e-8,1,-8.888182634336772e-8,0.9038582444190979,-9.879862972184128e-8,-0.4278320372104645],5,1.564354658126831],[[760.364013671875,230.02410888671876,42.31233596801758,-0.34724581241607668,-7.318394779076698e-8,-0.937774121761322,6.58781686979637e-8,1,-1.0243390136110975e-7,0.937774121761322,-9.73485825284115e-8,-0.34724581241607668],5,1.575916051864624],[[760.2738037109375,229.78338623046876,42.5619010925293,-0.35892537236213686,-9.922867860723272e-8,-0.9333662390708923,6.317965528523928e-8,1,-1.3060838455203339e-7,0.9333662390708923,-1.0584842158323227e-7,-0.35892537236213686],5,1.592700481414795],[[760.2089233398438,229.4881591796875,42.820396423339847,-0.20666325092315675,-1.3010189547912888e-7,-0.9784121513366699,5.6931686032157816e-8,1,-1.449977844458772e-7,0.9784121513366699,-8.566836839918324e-8,-0.20666325092315675],5,1.6090984344482422],[[760.177001953125,229.23097229003907,43.01716613769531,-0.09609554708003998,-1.201342172407749e-7,-0.9953721165657044,3.150817562413977e-8,1,-1.2373463675885433e-7,0.9953721165657044,-4.325270808180903e-8,-0.09609554708003998],5,1.621661901473999],[[760.1669921875,228.94313049316407,43.21628189086914,-0.06998638808727265,-1.0131941508007003e-7,-0.9975479245185852,6.20939033524337e-9,1,-1.0200410827110318e-7,0.9975479245185852,-1.3333063542120272e-8,-0.06998638808727265],5,1.633817195892334],[[760.1712646484375,228.62461853027345,43.4161491394043,-0.04033813998103142,-8.041060084451601e-8,-0.999186098575592,-1.910860625287114e-8,1,-7.9704669531111e-8,0.999186098575592,1.5877915870987637e-8,-0.04033813998103142],5,1.6464593410491944],[[760.1819458007813,228.2754669189453,43.615840911865237,-0.03160911798477173,-5.748516684889182e-8,-0.9995003342628479,-4.403621289839066e-8,1,-5.6121265856745597e-8,0.9995003342628479,4.22402663957655e-8,-0.03160911798477173],5,1.6596972942352296],[[760.19970703125,227.76223754882813,43.88191223144531,-0.050935953855514529,-2.5825579896832097e-8,-0.9987019300460815,-7.627497922158e-8,1,-2.1968958208162804e-8,0.9987019300460815,7.505695975851268e-8,-0.050935953855514529],5,1.6744635105133057],[[760.2156372070313,227.341552734375,44.081275939941409,-0.012401356361806393,4.089270255747124e-9,-0.9999231100082398,-1.0043194009767831e-7,1,5.335172748033301e-9,0.9999231100082398,1.0049037513226722e-7,-0.012401356361806393],5,1.6866044998168946],[[760.23291015625,226.89019775390626,44.28053283691406,-0.012401114217936993,3.3247431474592307e-8,-0.9999231100082398,-1.2406715654833534e-7,1,3.4788676828156898e-8,0.9999231100082398,1.2448903419226554e-7,-0.012401114217936993],5,1.6992433071136475],[[760.2503051757813,226.408203125,44.479766845703128,-0.024626240134239198,5.5670149379238867e-8,-0.9996967315673828,-1.3099757723011863e-7,1,5.891399368351813e-8,0.9996967315673828,1.3240868668162876e-7,-0.024626240134239198],5,1.711742639541626],[[760.2658081054688,225.8955535888672,44.679161071777347,-0.08217722177505493,5.8030551031151847e-8,-0.9966177344322205,-1.0495045899006073e-7,1,6.68812987214551e-8,0.9966177344322205,1.1009160516550765e-7,-0.08217722177505493],5,1.7261099815368653],[[760.2728271484375,225.16432189941407,44.945682525634769,-0.16375447809696198,6.011322994936563e-8,-0.9865010976791382,-6.991087531105222e-8,1,7.254067213580129e-8,0.9865010976791382,8.084601432756244e-8,-0.16375447809696198],5,1.7402315139770508],[[760.2684936523438,224.5801239013672,45.14559555053711,-0.2608758211135864,5.78930716699233e-8,-0.9653723835945129,-4.3605066224472469e-8,1,7.175322735974987e-8,0.9653723835945129,6.081380377054302e-8,-0.2608758211135864],5,1.755328893661499],[[760.2376098632813,223.75352478027345,45.40990447998047,-0.4468027949333191,5.087624188604423e-8,-0.8946324586868286,-9.924823629603452e-9,1,6.182503398122208e-8,0.8946324586868286,3.65026657789258e-8,-0.4468027949333191],5,1.7744290828704835],[[760.1578979492188,222.9829559326172,45.66381072998047,-0.5220919251441956,4.6683208410058799e-8,-0.8528892397880554,1.6040527128780014e-8,1,4.4916241392911618e-8,0.8528892397880554,9.769615338939275e-9,-0.5220919251441956],7,1.7876777648925782],[[760.06689453125,222.92599487304688,45.84131622314453,-0.6388943195343018,4.3121911375010316e-8,-0.7692945599555969,3.208625898309947e-8,1,2.9406399093545589e-8,0.7692945599555969,-5.896203969513181e-9,-0.6388943195343018],7,1.7997102737426758],[[759.9462890625,222.99244689941407,46.00015640258789,-0.6982753276824951,4.165628197938531e-8,-0.7158292531967163,4.659383634475489e-8,1,1.2741803168125898e-8,0.7158292531967163,-2.4455944824808286e-8,-0.6982753276824951],7,1.8119463920593262],[[759.4851684570313,223.15084838867188,46.481204986572269,-0.8146616816520691,3.940303727745231e-8,-0.5799365043640137,8.477370272430562e-8,1,-5.114154433272233e-8,0.5799365043640137,-9.082642549174125e-8,-0.8146616816520691],8,1.8549013137817383],[[759.3289184570313,223.16920471191407,46.60544204711914,-0.945551335811615,6.108820826966621e-8,-0.3254729211330414,8.982698318504845e-8,1,-7.327128770384661e-8,0.3254729211330414,-9.851801507920755e-8,-0.945551335811615],8,1.8644130229949952],[[759.1461181640625,223.180908203125,46.68288803100586,-0.9669049978256226,5.8338578412531208e-8,-0.2551366984844208,8.182996680261567e-8,1,-8.145917007595927e-8,0.2551366984844208,-9.964109892734996e-8,-0.9669049978256226],8,1.8781726360321046],[[758.9541625976563,223.1883544921875,46.7382698059082,-0.9739910364151001,3.596178999032418e-8,-0.22658652067184449,5.1125724098710637e-8,1,-6.105486249907699e-8,0.22658652067184449,-7.105128929651983e-8,-0.9739910364151001],8,1.8910255432128907],[[758.759765625,223.1930694580078,46.78517150878906,-0.9846963882446289,1.4506802870073443e-8,-0.17427858710289002,2.1633354663208594e-8,1,-3.899207001722971e-8,0.17427858710289002,-4.216558124880976e-8,-0.9846963882446289],8,1.9033949375152588],[[758.5650024414063,223.17665100097657,46.83074951171875,-0.9899150133132935,-9.278712020943658e-9,-0.1416625678539276,-7.087280984308109e-9,1,-1.5973919076373023e-8,0.1416625678539276,-1.4808819059908274e-8,-0.9899150133132935],8,1.9181549549102784],[[758.3052368164063,223.10707092285157,46.89141845703125,-0.9913416504859924,-4.265708852813077e-8,-0.13130779564380647,-4.502883399482016e-8,1,1.50933150422361e-8,0.13130779564380647,2.0875269512998785e-8,-0.9913416504859924],8,1.931227445602417],[[757.9155883789063,224.3809814453125,46.982421875,-0.9913422465324402,-9.290387481541984e-8,-0.1313033252954483,-1.0188009014200361e-7,1,6.164474086745031e-8,0.1313033252954483,7.448823424738294e-8,-0.9913422465324402],3,1.9584457874298096],[[757.6524047851563,225.16212463378907,47.02372360229492,-0.999214768409729,-1.0065794242564152e-7,-0.03962096944451332,-1.0401474526133825e-7,1,8.2661500755421e-8,0.03962096944451332,8.671776186019997e-8,-0.999214768409729],5,1.9840211868286133],[[757.3880004882813,225.88877868652345,47.058868408203128,-0.9960537552833557,-8.161200781842126e-8,0.08875173330307007,-7.457255435383559e-8,1,8.263201323188696e-8,-0.08875173330307007,7.568748117137148e-8,-0.9960537552833557],5,1.9921281337738038],[[757.189697265625,226.3979949951172,47.08513259887695,-0.9823204874992371,-6.658370210743669e-8,0.18720687925815583,-5.2738823086428968e-8,1,7.89355212305054e-8,-0.18720687925815583,6.766691029724825e-8,-0.9823204874992371],5,2.0035319328308107],[[757.0574951171875,226.72044372558595,47.10264205932617,-0.9676963686943054,-5.6171405304894509e-8,0.25211861729621889,-3.860371577957267e-8,1,7.462651296918921e-8,-0.25211861729621889,6.248308892509158e-8,-0.9676963686943054],5,2.0146777629852297],[[756.8591918945313,227.17857360839845,47.12890625,-0.9377215504646301,-3.992350272596923e-8,0.3473878502845764,-1.8324239903222407e-8,1,6.546132169660268e-8,-0.3473878502845764,5.501887656578219e-8,-0.9377215504646301],5,2.0266761779785158],[[756.5947875976563,227.74171447753907,47.16392517089844,-0.8832527995109558,-1.7025026721739779e-8,0.4688970744609833,6.44082698286752e-9,1,4.844113021817975e-8,-0.4688970744609833,4.58058515562243e-8,-0.8832527995109558],5,2.040156364440918],[[756.3963012695313,228.1282958984375,47.18878173828125,-0.8334507346153259,1.094938806289747e-9,0.5525938272476196,2.278800081967347e-8,1,3.238859491716539e-8,-0.5525938272476196,3.958680494520195e-8,-0.8334507346153259],5,2.069911003112793],[[755.998779296875,228.8095245361328,47.233489990234378,-0.7217479348182678,3.961196881618889e-8,0.6921560168266296,4.88468785420082e-8,1,-6.294583076993376e-9,-0.6921560168266296,2.9266558954077483e-8,-0.7217479348182678],5,2.079648494720459],[[755.7996215820313,229.10414123535157,47.25164794921875,-0.6657107472419739,5.988615470187142e-8,0.7462099194526672,5.872485075997247e-8,1,-2.7863997331678548e-8,-0.7462099194526672,2.527170472887974e-8,-0.6657107472419739],5,2.0919063091278078],[[755.6002197265625,229.36810302734376,47.26751708984375,-0.6128276586532593,8.070455947972732e-8,0.7902166247367859,6.68745272491833e-8,1,-5.026722860179689e-8,-0.7902166247367859,2.2040213210061667e-8,-0.6128276586532593],5,2.1042840480804445],[[755.400634765625,229.60142517089845,47.28020477294922,-0.5622020363807678,1.0198223066026913e-7,0.8269999027252197,7.350195829758377e-8,1,-7.334858764806995e-8,-0.8269999027252197,1.954938788628624e-8,-0.5622020363807678],5,2.116631507873535],[[755.2008056640625,229.8040771484375,47.28800964355469,-0.5131670832633972,1.2365323698304565e-7,0.8582887053489685,7.871924623259474e-8,1,-9.700362113562733e-8,-0.8582887053489685,1.7784772765594427e-8,-0.5131670832633972],5,2.128704071044922],[[755.0008544921875,229.97607421875,47.29228973388672,-0.46608954668045046,1.4566165873475257e-7,0.8847375512123108,8.269587681297708e-8,1,-1.2107317104437244e-7,-0.8847375512123108,1.6733206820163106e-8,-0.46608954668045046],5,2.1416923999786379],[[754.8009033203125,230.11741638183595,47.28972625732422,-0.4199656844139099,1.6795851820461395e-7,0.907539963722229,8.540396834177955e-8,1,-1.4554926508481004e-7,-0.907539963722229,1.6381818568333985e-8,-0.4199656844139099],5,2.1542463302612306],[[754.6009521484375,230.2281036376953,47.28292465209961,-0.37542518973350527,1.3715899171984348e-7,0.9268527030944824,6.231014282320757e-8,1,-1.2274463756511978e-7,-0.9268527030944824,1.1670895361248768e-8,-0.37542518973350527],5,2.168203592300415],[[754.3348388671875,230.3280029296875,47.26616287231445,-0.3178727924823761,9.572352155373665e-8,0.9481333494186401,3.424120365025374e-8,1,-8.948021701371545e-8,-0.9481333494186401,4.021902366702079e-9,-0.3178727924823761],5,2.180830955505371],[[754.201904296875,230.35751342773438,47.255821228027347,-0.2906958758831024,7.487592057486836e-8,0.9568154811859131,2.1402264849257336e-8,1,-7.175298577521971e-8,-0.9568154811859131,-3.8027794801998029e-10,-0.2906958758831024],5,2.194328784942627],[[753.93603515625,230.3756561279297,47.23421859741211,-0.24053369462490083,3.2989692755336367e-8,0.9706407785415649,-2.0234922626372055e-9,1,-3.448898056035432e-8,-0.9706407785415649,-1.0259846305871179e-8,-0.24053369462490083],5,2.2088840007781984],[[753.670166015625,230.3393096923828,47.2125358581543,-0.19605468213558198,-9.077179896621601e-9,0.9805929660797119,-2.283399958002974e-8,1,4.691516064525558e-9,-0.9805929660797119,-2.1471064926004148e-8,-0.19605468213558198],5,2.2364208698272707],[[753.3378295898438,230.21722412109376,47.18543243408203,-0.14808620512485505,-6.180186318260894e-8,0.9889744520187378,-4.587672464140269e-8,1,5.56214097002794e-8,-0.9889744520187378,-3.7134149977191558e-8,-0.14808620512485505],5,2.247251033782959],[[753.138427734375,230.1031036376953,47.16917037963867,-0.12337545305490494,-9.347195373266004e-8,0.9923600554466248,-5.8483973219836119e-8,1,8.692053654613119e-8,-0.9923600554466248,-4.731329994456246e-8,-0.12337545305490494],5,2.2578814029693605],[[753.0054931640625,230.00997924804688,47.158329010009769,-0.10872405767440796,-1.1458901383321063e-7,0.9940719604492188,-6.651897166420895e-8,1,1.0799701044561516e-7,-0.9940719604492188,-5.4382773839734e-8,-0.10872405767440796],5,2.268538475036621],[[752.8060913085938,229.8447723388672,47.142066955566409,-0.08879856765270233,-1.3008137500492013e-7,0.9960495829582214,-6.976113553491814e-8,1,1.2437801899523039e-7,-0.9960495829582214,-5.84409569626132e-8,-0.08879856765270233],5,2.2806594371795656],[[752.606689453125,229.64889526367188,47.12580490112305,-0.07088695466518402,-1.1322297410742977e-7,0.9974843263626099,-5.65584770129135e-8,1,1.0948915019071137e-7,-0.9974843263626099,-4.8654843709527998e-8,-0.07088695466518402],5,2.2938027381896974],[[752.3408203125,229.3400421142578,47.104122161865237,-0.04967580363154411,-9.077373164245728e-8,0.9987654089927673,-3.977445572900251e-8,1,8.890766878266732e-8,-0.9987654089927673,-3.530879055801961e-8,-0.04967580363154411],5,2.31284761428833],[[752.0087890625,228.87733459472657,47.07599639892578,-0.026385637000203134,-6.276436437246957e-8,0.9996518492698669,-1.985092978884495e-8,1,6.226226645367206e-8,-0.9996518492698669,-1.820118811224347e-8,-0.026385637000203134],5,2.3419508934020998],[[751.6105346679688,228.2096710205078,47.03894805908203,-0.0016842321492731572,-2.9237497756184895e-8,0.9999985694885254,2.8301907484262758e-9,1,2.924230457779231e-8,-0.9999985694885254,2.8794377993079935e-9,-0.0016842321492731572],5,2.3529834747314455],[[751.4116821289063,227.82986450195313,47.01743698120117,0.00988100003451109,-1.25110721782562e-8,0.999951183795929,1.3750486083097258e-8,1,1.2375807934006389e-8,-0.999951183795929,1.3627529327209232e-8,0.00988100003451109],5,2.367180585861206],[[751.213134765625,227.4193878173828,46.99332809448242,0.02125081606209278,4.189270708110371e-9,0.999774158000946,2.4413498778130817e-8,1,-4.7091410770860879e-9,-0.999774158000946,2.450805780540577e-8,0.02125081606209278],5,2.378441095352173],[[751.0808715820313,227.1287078857422,46.976436614990237,0.02859252505004406,1.5307763945315857e-8,0.9995911717414856,3.138352866471905e-8,1,-1.6211725295534053e-8,-0.9995911717414856,3.183423302743904e-8,0.02859252505004406],5,2.39070725440979],[[750.882568359375,226.66714477539063,46.95026397705078,0.039150647819042209,3.1962464674961669e-8,0.9992333054542542,4.16434140504407e-8,1,-3.3618604788898668e-8,-0.9992333054542542,4.292767741276293e-8,0.039150647819042209],5,2.401657819747925],[[750.6842651367188,226.1749267578125,46.92393493652344,0.04886471480131149,4.8589352985572989e-8,0.9988054037094116,5.170023698042314e-8,1,-5.117680501598443e-8,-0.9988054037094116,5.413921400077015e-8,0.04886471480131149],5,2.4132840633392336],[[750.4859619140625,225.6520538330078,46.89760208129883,0.05761518329381943,6.518893513884905e-8,0.9983388781547546,6.159316257026149e-8,1,-6.88520103153678e-8,-0.9983388781547546,6.545776898292388e-8,0.05761518329381943],7,2.4263501167297365],[[750.2876586914063,225.09852600097657,46.87126922607422,0.06545371562242508,8.176203891707701e-8,0.9978556036949158,7.135547974712608e-8,1,-8.661826456091149e-8,-0.9978556036949158,7.68719488064562e-8,0.06545371562242508],7,2.438943386077881],[[749.8910522460938,225.03833