[[[776,222.69961547851563,47,1,-1.4359967437371779e-8,-2.434150344260205e-15,1.4359967437371779e-8,1,7.889633479862823e-8,1.301201531539334e-15,-7.889633479862823e-8,1],8,0.003251314163208008],[[776,222.69961547851563,47,1,-1.8763813613986714e-8,-2.8756258221932777e-15,1.8763813613986714e-8,1,1.0309188525070567e-7,9.412290460987278e-16,-1.0309188525070567e-7,1],8,0.01982402801513672],[[776,222.69961547851563,47,1,-2.0024188529532695e-8,-3.0571794993824749e-15,2.0024188529532695e-8,1,1.1001661448517553e-7,8.541860875543037e-16,-1.1001661448517553e-7,1],8,0.038510799407958987],[[776,222.69961547851563,47,1,-1.1868377391976992e-8,-2.4600295301394289e-15,1.1868377391976992e-8,1,6.5207075294893e-8,1.686127395847815e-15,-6.5207075294893e-8,1],8,0.05834674835205078],[[776,222.69961547851563,47,1,-3.7195313495885786e-9,-2.2482329650849906e-15,3.7195313495885786e-9,1,2.0435829028997433e-8,2.1722210754313369e-15,-2.0435829028997433e-8,1],8,0.07012343406677246],[[776,222.69961547851563,47,1,4.4223558148814849e-9,-2.4031798550932725e-15,-4.4223558148814849e-9,1,-2.4297161616004815e-8,2.2957290670528546e-15,2.4297161616004815e-8,1],8,0.08659052848815918],[[776,222.69961547851563,47,1,1.2557290318682135e-8,-2.921893726387623e-15,-1.2557290318682135e-8,1,-6.899193039089369e-8,2.05554207518882e-15,6.899193039089369e-8,1],8,0.10393047332763672],[[775.7086181640625,222.69961547851563,46.98444366455078,-0.9827294945716858,-6.2406598999587e-8,-0.18504782021045686,-1.0303430997282703e-7,1,2.099363030083623e-7,0.18504782021045686,2.253768798254896e-7,-0.9827294945716858],8,0.13176870346069337],[[775.5093383789063,222.69961547851563,46.97377395629883,-0.9999849796295166,-8.197198297921205e-8,0.005484831519424915,-8.077477531287514e-8,1,2.184966518825604e-7,-0.005484831519424915,2.1805033156852006e-7,-0.9999849796295166],8,0.1493384838104248],[[775.2429809570313,222.69961547851563,46.959537506103519,-0.9962033629417419,-3.0260810746085556e-8,0.08705683797597885,-2.1072676048561335e-8,1,1.0646079573461975e-7,-0.08705683797597885,1.0422207452620569e-7,-0.9962033629417419],8,0.15669846534729005],[[775.0437622070313,222.69961547851563,46.942081451416019,-0.9918620586395264,1.8242324983930304e-8,0.12731720507144929,2.1160763807870354e-8,1,2.157001155467242e-8,-0.12731720507144929,2.408860488856135e-8,-0.9918620586395264],8,0.17106270790100099],[[774.5808715820313,222.69961547851563,46.88368225097656,-0.988353967666626,7.1935772893994e-8,0.15217225253582,5.778728962013702e-8,1,-9.73993437014542e-8,-0.15217225253582,-8.747140611831128e-8,-0.988353967666626],8,0.20046353340148927],[[774.514892578125,222.69961547851563,46.87413024902344,-0.9858051538467407,6.664244267540198e-8,0.16789352893829347,5.180114470704211e-8,1,-9.277671608742821e-8,-0.16789352893829347,-8.276268204099324e-8,-0.9858051538467407],8,0.20580434799194337],[[774.2518920898438,222.69961547851563,46.830318450927737,-0.984912097454071,4.0379752874741828e-8,0.173055499792099,2.7965956661546444e-8,1,-7.417126823838771e-8,-0.173055499792099,-6.821251474775636e-8,-0.984912097454071],8,0.22048449516296388],[[773.9891967773438,222.69961547851563,46.784393310546878,-0.9849116802215576,1.370720426052685e-8,0.17305779457092286,4.15097645145579e-9,1,-5.55817756264787e-8,-0.17305779457092286,-5.402478109317599e-8,-0.9849116802215576],8,0.23617076873779298],[[773.7265014648438,222.69961547851563,46.738250732421878,-0.9843012690544128,-1.275414707180289e-8,0.17649635672569276,-1.9578669352426915e-8,1,-3.6925190016745549e-8,-0.17649635672569276,-3.9801076212597766e-8,-0.9843012690544128],8,0.2533993721008301],[[773.4640502929688,222.69961547851563,46.691322326660159,-0.9823973774909973,-3.896345646126065e-8,0.18680305778980256,-4.309135803737263e-8,1,-1.803707760927864e-8,-0.18680305778980256,-2.576917523811062e-8,-0.9823973774909973],8,0.27171826362609866],[[773.2020263671875,222.69961547851563,46.64191436767578,-0.9786267876625061,-6.506555649821166e-8,0.20564426481723786,-6.621701942322034e-8,1,1.2827980899743353e-9,-0.20564426481723786,-1.2361770274083029e-8,-0.9786267876625061],8,0.28698229789733889],[[772.94091796875,222.69961547851563,46.587825775146487,-0.9716786742210388,-9.122648947368362e-8,0.2363060861825943,-8.87047093556248e-8,1,2.130296650193486e-8,-0.2363060861825943,-2.618242844754093e-10,-0.9716786742210388],8,0.3049125671386719],[[772.6815795898438,222.69961547851563,46.526031494140628,-0.9674026966094971,-1.1776697306231654e-7,0.2532431185245514,-1.108203377953032e-7,1,4.169545064769409e-8,-0.2532431185245514,1.2271802241059504e-8,-0.9674026966094971],8,0.32639169692993166],[[772.4234619140625,222.69961547851563,46.45918273925781,-0.9633018970489502,-9.077750462438417e-8,0.2684202790260315,-8.340960988562074e-8,1,3.8852750350315549e-8,-0.2684202790260315,1.5038098766240183e-8,-0.9633018970489502],8,0.33746933937072756],[[772.1664428710938,222.69961547851563,46.38821029663086,-0.9604361057281494,-4.589174196212298e-8,0.2785004675388336,-3.974893658664769e-8,1,2.7703473293172466e-8,-0.2785004675388336,1.553731898695787e-8,-0.9604361057281494],8,0.35332179069519045],[[771.9102172851563,222.69961547851563,46.31434631347656,-0.9594574570655823,-9.45842737465341e-10,0.28185340762138369,3.835263218121554e-9,1,1.641141977870575e-8,-0.28185340762138369,1.6827041093847585e-8,-0.9594574570655823],8,0.37021684646606448],[[771.6543579101563,222.69967651367188,46.23932647705078,-0.9589638710021973,4.3986201347934187e-8,0.28352832794189455,4.736243752745395e-8,1,5.052994467291683e-9,-0.28352832794189455,1.827423190547961e-8,-0.9589638710021973],8,0.3864583969116211],[[771.3986206054688,222.69969177246095,46.163787841796878,-0.9609209895133972,8.903578674335222e-8,0.27682268619537356,9.093063368936783e-8,1,-5.991653839743094e-9,-0.27682268619537356,1.9414157392816379e-8,-0.9609209895133972],8,0.4044642448425293],[[770.9501953125,222.69969177246095,46.03433609008789,-0.9678431749343872,7.666405110740016e-8,0.25155436992645266,7.622176667609892e-8,1,-1.1501835039950948e-8,-0.25155436992645266,8.041945775971726e-9,-0.9678431749343872],8,0.4320974349975586],[[770.69384765625,223.56259155273438,45.960514068603519,-0.9716774821281433,4.857062307905835e-8,0.2363109141588211,4.6967727485025537e-8,1,-1.241220726200254e-8,-0.2363109141588211,-9.61675739041823e-10,-0.9716774821281433],3,0.4511983394622803],[[770.4998779296875,224.1739959716797,45.91169738769531,-0.9595397114753723,4.70084104975399e-9,0.2815733850002289,1.1287397683190648e-8,1,2.1770041769286764e-8,-0.2815733850002289,2.406745025496093e-8,-0.9595397114753723],5,0.47316431999206545],[[770.2398681640625,224.94151306152345,45.8520393371582,-0.9424365758895874,-1.0095348557115358e-7,0.3343849778175354,-5.0163745157760789e-8,1,1.6052555906753697e-7,-0.3343849778175354,1.3451115421503347e-7,-0.9424365758895874],5,0.4783902168273926],[[770.109619140625,225.30484008789063,45.82321548461914,-0.9643511772155762,-1.1317791859255522e-7,0.2646258473396301,-6.230209947943877e-8,1,2.0064861416813074e-7,-0.2646258473396301,1.7700898524708465e-7,-0.9643511772155762],5,0.4889240264892578],[[769.848388671875,225.99061584472657,45.76912307739258,-0.949513852596283,-1.3456856606808288e-7,0.31372514367103579,-6.256632900658588e-8,1,2.395758826878591e-7,-0.31372514367103579,2.0785199694728363e-7,-0.949513852596283],5,0.5031695365905762],[[769.58642578125,226.62188720703126,45.7191047668457,-0.9531920552253723,-1.2922492942379905e-7,0.30236542224884035,-5.704095684677668e-8,1,2.4756118932600659e-7,-0.30236542224884035,2.187261429753562e-7,-0.9531920552253723],5,0.5210442543029785],[[769.3237915039063,227.1986541748047,45.672420501708987,-0.9557870030403137,-1.2407953420279228e-7,0.2940598130226135,-5.3940585331702098e-8,1,2.466294972691685e-7,-0.2940598130226135,2.198635087324874e-7,-0.9557870030403137],5,0.5372762680053711],[[769.060791015625,227.72091674804688,45.628173828125,-0.9578173160552979,-1.2141488525685419e-7,0.2873776853084564,-5.320711338185902e-8,1,2.451554053095606e-7,-0.2873776853084564,2.1952355666599034e-7,-0.9578173160552979],5,0.5541660785675049],[[768.7974243164063,228.18869018554688,45.585838317871097,-0.9583181142807007,-1.2092641554772855e-7,0.28570330142974856,-5.3268337296685789e-8,1,2.445837878894963e-7,-0.28570330142974856,2.1917013270922326e-7,-0.9583181142807007],5,0.571622371673584],[[768.2704467773438,228.96072387695313,45.50255584716797,-0.9154099225997925,-1.460645933093474e-7,0.4025229215621948,-5.18444167596499e-8,1,2.449691862693726e-7,-0.4025229215621948,2.0337864725661348e-7,-0.9154099225997925],5,0.6049389839172363],[[768.0067138671875,229.26499938964845,45.46290969848633,-0.9626918435096741,-1.1831345858581699e-7,0.27060002088546755,-5.432157479390298e-8,1,2.4397087372562967e-7,-0.27060002088546755,2.2016935474766798e-7,-0.9626918435096741],5,0.621457576751709],[[767.7427368164063,229.5147705078125,45.4251823425293,-0.9672706127166748,-1.1450998016471203e-7,0.25374701619148257,-5.4308451069573496e-8,1,2.442551192416431e-7,-0.25374701619148257,2.224802102546164e-7,-0.9672706127166748],5,0.6375229358673096],[[767.4780883789063,229.7100372314453,45.39166259765625,-0.9723774194717407,-1.0960270913074055e-7,0.23341402411460877,-5.403501646128461e-8,1,2.4445949975415717e-7,-0.23341402411460877,2.250943822446061e-7,-0.9723774194717407],5,0.6566941738128662],[[767.212890625,229.85081481933595,45.36355209350586,-0.9770562648773193,-1.0473095812812972e-7,0.21298125386238099,-5.389268409317083e-8,1,2.4450400815112518e-7,-0.21298125386238099,2.274160522119928e-7,-0.9770562648773193],5,0.6825876235961914],[[766.9470825195313,229.9370880126953,45.34100341796875,-0.9823020696640015,-9.87546187047883e-8,0.18730373680591584,-5.391830626422234e-8,1,2.4447220425827256e-7,-0.18730373680591584,2.3004645299806726e-7,-0.9823020696640015],5,0.6890089511871338],[[766.6808471679688,229.96885681152345,45.325218200683597,-0.9842118620872498,-9.61881738703596e-8,0.17699424922466279,-5.3757950979616e-8,1,2.44521828562938e-7,-0.17699424922466279,2.3114642999644276e-7,-0.9842118620872498],5,0.7052826881408691],[[766.4144287109375,229.9461212158203,45.31283187866211,-0.9860123991966248,-9.368253728325726e-8,0.16667211055755616,-5.367574829051591e-8,1,2.4453754576825306e-7,-0.16667211055755616,2.3217079103687866e-7,-0.9860123991966248],5,0.7225267887115479],[[766.1478271484375,229.868896484375,45.30325698852539,-0.9871521592140198,-9.199811756843701e-8,0.15978293120861054,-5.361200905440455e-8,1,2.445499376335647e-7,-0.15978293120861054,2.3284172812054749e-7,-0.9871521592140198],5,0.744110107421875],[[765.8811645507813,229.73716735839845,45.29568099975586,-0.9874293208122253,-9.151115420991118e-8,0.15806104242801667,-5.35266835299808e-8,1,2.445721918320487e-7,-0.15806104242801667,2.3303728369228339e-7,-0.9874293208122253],5,0.753180980682373],[[765.614501953125,229.55093383789063,45.288780212402347,-0.9879772663116455,-9.068074291462836e-8,0.1545991450548172,-5.351395060415598e-8,1,2.445691222874302e-7,-0.1545991450548172,2.3335552157277562e-7,-0.9879772663116455],5,0.7705895900726318],[[765.3478393554688,229.31021118164063,45.28274917602539,-0.9879764914512634,-9.064515182899413e-8,0.15460407733917237,-5.347511233821933e-8,1,2.445795814765006e-7,-0.15460407733917237,2.333713950974925e-7,-0.9879764914512634],5,0.7902214527130127],[[765.0811767578125,229.01498413085938,45.276851654052737,-0.9879774451255798,-9.062708983265111e-8,0.1545981764793396,-5.345780351717622e-8,1,2.4458233838231538e-7,-0.1545981764793396,2.3337734944561817e-7,-0.9879774451255798],5,0.8039507865905762],[[764.8145141601563,228.66525268554688,45.27095413208008,-0.9877059459686279,-9.101051290372198e-8,0.15632334351539613,-5.343243714150958e-8,1,2.4458904590574095e-7,-0.15632334351539613,2.332293149720499e-7,-0.9877059459686279],5,0.8210999965667725],[[764.5478515625,228.26101684570313,45.2646598815918,-0.985720157623291,-9.372666198714796e-8,0.16839160025119782,-5.329371077777978e-8,1,2.446320195303997e-7,-0.16839160025119782,2.3216449562823983e-7,-0.985720157623291],5,0.8369669914245606],[[764.2811889648438,227.8022918701172,45.255516052246097,-0.9823029041290283,-9.802868561337164e-8,0.18729913234710694,-5.3142699130148688e-8,1,2.44669877247361e-7,-0.18729913234710694,2.3038636243200018e-7,-0.9823029041290283],5,0.8540303707122803],[[764.0148315429688,227.2890625,45.24154281616211,-0.9781631827354431,-1.0275910966583979e-7,0.20783840119838715,-5.306378625391517e-8,1,2.446808196054917e-7,-0.20783840119838715,2.2830909074400552e-7,-0.9781631827354431],5,0.8705897331237793],[[763.7488403320313,226.72132873535157,45.22206497192383,-0.9735905528068543,-1.0750306955742417e-7,0.2283012568950653,-5.3043418546394608e-8,1,2.4467888692925046e-7,-0.2283012568950653,2.261071614384491e-7,-0.9735905528068543],5,0.886509895324707],[[763.4833374023438,226.09910583496095,45.197017669677737,-0.9654802680015564,-1.1481152739634126e-7,0.26047614216804507,-5.289285098797336e-8,1,2.447230542657053e-7,-0.26047614216804507,2.224979738230104e-7,-0.9654802680015564],5,0.9032659530639648],[[763.2186889648438,225.42237854003907,45.16364669799805,-0.9593190550804138,-1.1987943082658604e-7,0.2823241055011749,-5.2950387186001538e-8,1,2.446943483391806e-7,-0.2823241055011749,2.1979077757805499e-7,-0.9593190550804138],5,0.9207751750946045],[[762.9548950195313,224.69114685058595,45.123878479003909,-0.9510537981987,-1.25960951891102e-7,0.3090254068374634,-5.293248150906038e-8,1,2.4470256221320599e-7,-0.3090254068374634,2.16367823213659e-7,-0.9510537981987],5,0.9362237453460693],[[762.6923217773438,223.90541076660157,45.07694625854492,-0.9402756690979004,-1.3300412149419572e-7,0.34041398763656618,-5.285221504891524e-8,1,2.447269196181878e-7,-0.34041398763656618,2.1211913292518148e-7,-0.9402756690979004],5,0.9544448852539063],[[762.4315185546875,223.065185546875,45.02153396606445,-0.9265044927597046,-1.4096957556830604e-7,0.3762836456298828,-5.275038361673978e-8,1,2.4475181703564888e-7,-0.3762836456298828,2.069145494942859e-7,-0.9265044927597046],5,0.9700047969818115],[[762.1729736328125,222.45529174804688,44.9564094543457,-0.9436209797859192,-6.197420532316755e-8,0.33102792501449587,-3.7152368292936447e-8,1,8.13117395637164e-8,-0.33102792501449587,6.44289954720989e-8,-0.9436209797859192],7,0.9909031391143799],[[761.9174194335938,222.48135375976563,44.8802604675293,-0.9394252896308899,2.456154746255379e-8,0.34275367856025698,-1.3892844208385214e-8,1,-1.097372219760473e-7,-0.34275367856025698,-1.0785174708871637e-7,-0.9394252896308899],7,1.0063252449035645],[[761.6658935546875,222.5674285888672,44.791908264160159,-0.9197769165039063,4.7478490472485649e-8,0.39244166016578677,3.0449809340638014e-9,1,-1.138456795501952e-7,-0.39244166016578677,-1.0351764956340048e-7,-0.9197769165039063],8,1.023111343383789],[[761.4197387695313,222.6256561279297,44.68953323364258,-0.8903598189353943,4.552041588112843e-8,0.4552575349807739,1.7307739241800847e-8,1,-6.613905156882538e-8,-0.4552575349807739,-5.100807243252348e-8,-0.8903598189353943],8,1.0393178462982178],[[761.18115234375,222.65914916992188,44.5706672668457,-0.8463522791862488,4.0868606276944777e-8,0.5326235294342041,3.5746033688610626e-8,1,-1.9929405681295976e-8,-0.5326235294342041,2.1718800091719005e-9,-0.8463522791862488],8,1.0560312271118165],[[760.9537353515625,222.6776885986328,44.43172073364258,-0.7902899980545044,3.146202587345215e-8,0.612733006477356,5.8589893825455877e-8,1,2.4220959460308223e-8,-0.612733006477356,5.504154287905294e-8,-0.7902899980545044],8,1.070474624633789],[[760.7407836914063,222.68780517578126,44.27152633666992,-0.693934977054596,1.4170119300160877e-8,0.7200376987457275,8.745382729102858e-8,1,6.460377477424118e-8,-0.7200376987457275,1.0780086512340859e-7,-0.693934977054596],8,1.0903844833374024],[[760.5509033203125,222.69332885742188,44.08479309082031,-0.6502407789230347,-1.8965085057942589e-9,0.759728193283081,6.289494791644756e-8,1,5.63272095632783e-8,-0.759728193283081,8.440931509312577e-8,-0.6502407789230347],8,1.1063666343688965],[[760.4730834960938,222.68722534179688,43.8739013671875,-0.6092205047607422,0.008945750072598458,0.7929503917694092,0.006153286434710026,0.9999595880508423,-0.006553601007908583,-0.792976975440979,0.0008866654825396836,-0.6092509627342224],8,1.1238646507263184],[[760.4820556640625,222.6862030029297,43.78519821166992,-0.6313361525535584,0.011808675713837147,0.7754194140434265,0.02054666355252266,0.9997877478599548,0.001503291423432529,-0.7752370834350586,0.016881363466382028,-0.6314447522163391],8,1.1398324966430665],[[760.4682006835938,222.69100952148438,43.59212875366211,-0.6136066913604736,0.013908687978982926,0.7894893288612366,0.012632342055439949,0.9998897910118103,-0.007797275669872761,-0.7895107865333557,0.005188639275729656,-0.6137147545814514],8,1.1585888862609864],[[760.4600219726563,222.6938934326172,43.473976135253909,-0.6131161451339722,0.01425466313958168,0.7898641228675842,0.00970385130494833,0.9998976588249207,-0.01051271427422762,-0.7899331450462341,0.0012192092835903168,-0.6131917238235474],8,1.1718685626983643],[[760.43359375,222.69630432128907,43.308982849121097,-0.627216100692749,0.018395964056253434,0.7786279916763306,0.012348705902695656,0.9998302459716797,-0.013674738816916943,-0.7787473797798157,0.00103803223464638,-0.6273367404937744],8,1.1882059574127198],[[760.3560180664063,223.56942749023438,43.12955856323242,-0.6572966575622559,0.018738985061645509,0.7533989548683167,0.013008233159780503,0.9998239874839783,-0.013519290834665299,-0.7535197138786316,0.0009142045746557415,-0.6574246883392334],3,1.20749831199646],[[760.25146484375,224.3914794921875,42.94514465332031,-0.6203488707542419,0.009394200518727303,0.7842697501182556,0.005906553473323584,0.9999558925628662,-0.007305728271603584,-0.7843037843704224,0.00010023103095591068,-0.6203769445419312],5,1.2313380241394044],[[760.1080932617188,225.1590118408203,42.75605773925781,-0.6241979598999023,0.002132333116605878,0.7812632918357849,0.0007377156289294362,0.9999974370002747,-0.0021399278193712236,-0.7812658548355103,-0.0007593883783556521,-0.6241979002952576],5,1.236903190612793],[[759.92822265625,225.87203979492188,42.56917190551758,-0.6534590125083923,-0.00020710096578113735,0.7569618821144104,-0.0005042936536483467,0.9999998807907105,-0.00016174433403648436,-0.7569617033004761,-0.0004874243459198624,-0.6534590125083923],5,1.2546896934509278],[[759.6802978515625,226.68667602539063,42.3466682434082,-0.6674503087997437,-0.0003267526044510305,0.7446542382240295,-0.00026004380197264254,0.9999999403953552,0.00020571461936924607,-0.7446542978286743,-0.000056338441936532038,-0.6674503684043884],5,1.2735106945037842],[[759.5252075195313,227.13458251953126,42.22035217285156,-0.7557146549224854,-0.00015426616300828755,0.6549010276794434,-0.00008132956281770021,1,0.00014170723443385214,-0.6549010276794434,0.00005382742529036477,-0.7557146549224854],5,1.288059949874878],[[759.308837890625,227.68411254882813,42.06453323364258,-0.8047253489494324,-0.000018623102732817644,0.593647301197052,0.000012842454452766106,1,0.00004877938408753835,-0.593647301197052,0.00004687789623858407,-0.8047253489494324],5,1.3055803775787354],[[759.0798950195313,228.17913818359376,41.92848205566406,-0.8516147136688232,0.000014123795153864194,0.5241683125495911,0.00002001802386075724,1,0.000005578070613410091,-0.5241683125495911,0.000015243180314428173,-0.8516147136688232],5,1.3214194774627686],[[758.8386840820313,228.61965942382813,41.81520080566406,-0.8917313814163208,0.000009569345820636955,0.4525650441646576,0.000008594322025601287,1,-0.000004210485712974332,-0.4525650441646576,1.3486761929470959e-7,-0.8917313814163208],5,1.3396053314208985],[[758.5888061523438,229.00567626953126,41.722511291503909,-0.9278096556663513,0.000002409461330898921,0.3730539381504059,0.0000013840435713063926,1,-0.000003016540631506359,-0.3730539381504059,-0.000002282452669533086,-0.9278096556663513],5,1.353642225265503],[[758.3319091796875,229.3372039794922,41.65148162841797,-0.9593148827552795,-3.9399287743435709e-7,0.28233832120895388,-6.644645509368274e-7,1,-8.622203608865675e-7,-0.28233832120895388,-0.0000010147447255803855,-0.9593148827552795],5,1.3717334270477296],[[758.0696411132813,229.61422729492188,41.60437774658203,-0.9835867881774902,-6.385126312125067e-7,0.18043561279773713,-6.22910306447011e-7,1,1.4313289398160124e-7,-0.18043561279773713,2.8388416950519969e-8,-0.9835867881774902],5,1.3889179229736329],[[757.8133544921875,229.8367462158203,41.58660125732422,-0.9978927373886108,-2.9020353053965666e-7,0.0648847371339798,-2.6828476507034795e-7,1,3.465239615252358e-7,-0.0648847371339798,3.2838616448316318e-7,-0.9978927373886108],5,1.4074735641479493],[[757.5698852539063,230.00477600097657,41.60638427734375,-0.9993504881858826,-6.506412120188543e-8,-0.03603532537817955,-7.543278712773827e-8,1,2.863766894733999e-7,0.03603532537817955,2.8890892167510176e-7,-0.9993504881858826],5,1.4304916858673096],[[757.2871704101563,230.13816833496095,41.682579040527347,-0.9955484867095947,-8.074238166955184e-9,-0.09425088763237,-3.0042105692018598e-8,1,2.3165974027961057e-7,0.09425088763237,2.3345998556578707e-7,-0.9955484867095947],5,1.4408767223358155],[[757.1306762695313,230.1773223876953,41.75503158569336,-0.9743252992630005,1.357066636842319e-8,-0.22514484822750092,-3.467803111334433e-8,1,2.10346129847494e-7,0.22514484822750092,2.127531359974455e-7,-0.9743252992630005],5,1.4643659591674805],[[756.9398193359375,230.1818389892578,41.881431579589847,-0.9648607969284058,1.1282103251630815e-8,-0.26276153326034548,-3.918931312796303e-8,1,1.8683989821965953e-7,0.26276153326034548,1.9057193867411116e-7,-0.9648607969284058],5,1.4714810848236085],[[756.7715454101563,230.13186645507813,42.04047393798828,-0.936047375202179,2.3704535223600943e-8,-0.3518740236759186,-4.2708226288823428e-8,1,1.8097800591476699e-7,0.3518740236759186,1.8443189730987798e-7,-0.936047375202179],5,1.4895172119140626],[[756.629150390625,230.0273895263672,42.22959518432617,-0.9086273908615112,3.5080184090929836e-8,-0.4176078140735626,-4.4808462718037848e-8,1,1.814965600033247e-7,0.4176078140735626,1.836251044551318e-7,-0.9086273908615112],5,1.5050785541534424],[[756.5663452148438,229.868408203125,42.43645095825195,-0.8316371440887451,1.1489689200061548e-8,-0.5553194284439087,-3.794239589183235e-8,1,7.751213360052134e-8,0.5553194284439087,8.553212182960124e-8,-0.8316371440887451],7,1.521256446838379],[[756.5247192382813,229.98890686035157,42.66526412963867,-0.7682575583457947,-4.001410758291968e-8,-0.6401408314704895,-1.8774496624018867e-8,1,-3.9976292498522528e-8,0.6401408314704895,-1.8693766534738644e-8,-0.7682575583457947],7,1.5400571823120118],[[756.498291015625,230.38877868652345,42.916526794433597,-0.7147162556648254,-6.215502423856378e-8,-0.6994144916534424,4.997738223266879e-9,1,-9.397430034141508e-8,0.6994144916534424,-7.066045526471498e-8,-0.7147162556648254],8,1.5560967922210694],[[756.4918823242188,230.72547912597657,43.181156158447269,-0.6548182368278503,-6.568334498524564e-8,-0.7557864189147949,2.435665180655633e-8,1,-1.0801004890481636e-7,0.7557864189147949,-8.913537641319636e-8,-0.6548182368278503],8,1.570319652557373],[[756.5071411132813,230.97381591796876,43.4417610168457,-0.5879587531089783,-4.181015711424152e-8,-0.8088908791542053,2.401742627000658e-8,1,-6.914580552574989e-8,0.8088908791542053,-6.008236397292421e-8,-0.5879587531089783],8,1.5872058868408204],[[756.541748046875,231.1676483154297,43.68185043334961,-0.5271068811416626,-1.4891125665883465e-8,-0.8497989773750305,2.0832004565818353e-8,1,-3.044463525725405e-8,0.8497989773750305,-3.375059520749346e-8,-0.5271068811416626],8,1.6041414737701417],[[756.5894775390625,231.30699157714845,43.897029876708987,-0.47266510128974917,1.4199835085548785e-8,-0.8812421560287476,1.5225610994207274e-8,1,7.946987068407907e-9,0.8812421560287476,-9.661185629283864e-9,-0.47266510128974917],8,1.6205987930297852],[[756.6455688476563,231.39183044433595,44.08981704711914,-0.4321693181991577,4.4902293439008648e-8,-0.9017924666404724,7.888282027579408e-9,1,4.601193737130416e-8,0.9017924666404724,1.277135464050616e-8,-0.4321693181991577],8,1.6379132270812989],[[756.7063598632813,231.42742919921876,44.26662063598633,-0.40679919719696047,7.63707532769331e-8,-0.9135175943374634,-5.027701588389277e-10,1,8.382463789757822e-8,0.9135175943374634,3.455908625937809e-8,-0.40679919719696047],8,1.6539223194122315],[[756.7696533203125,231.5030975341797,44.433780670166019,-0.3972027599811554,9.243191811947327e-8,-0.9177308678627014,-7.506342214469442e-9,1,1.0396670546697351e-7,0.9177308678627014,4.81846669231345e-8,-0.3972027599811554],8,1.6719999313354493],[[756.833984375,231.62734985351563,44.59695053100586,-0.4068008065223694,6.143324071672396e-8,-0.9135168790817261,-9.519322219375681e-9,1,7.14882375518755e-8,0.9135168790817261,3.777753221356761e-8,-0.4068008065223694],8,1.6868209838867188],[[756.8570556640625,231.71885681152345,44.758148193359378,-0.45878568291664126,0.007940755225718022,-0.8885114789009094,0.00044336909195408225,0.9999619722366333,0.008707868866622448,0.8885468244552612,0.0036011063493788244,-0.4587717652320862],8,1.7035341262817383],[[756.821044921875,231.7516632080078,44.937835693359378,-0.5386102795600891,0.013131010346114636,-0.8424527049064636,-0.0004466259269975126,0.9998739361763,0.015870222821831704,0.8425549268722534,0.00892412569373846,-0.538536548614502],8,1.7206017971038819],[[756.7559814453125,231.78587341308595,45.15196228027344,-0.6473299264907837,0.011947066523134709,-0.7621163129806519,-0.0002518768887966871,0.9998737573623657,0.015888134017586709,0.7622098922729492,0.010476823896169663,-0.6472451686859131],8,1.7382123470306397],[[756.6583862304688,231.7030792236328,45.276676177978519,-0.7614357471466065,0.0036038749385625126,-0.6482303738594055,0.00011434344196459278,0.9999852776527405,0.005425164941698313,0.6482403874397278,0.004056793637573719,-0.7614249587059021],8,1.757282018661499],[[756.5745239257813,231.5443572998047,45.3476448059082,-0.8372645974159241,-0.000411947607062757,-0.5467978119850159,-0.00021082456805743277,0.9999998807907105,-0.0004305643087718636,0.5467979311943054,-0.0002452178450766951,-0.8372645378112793],8,1.7780489921569825],[[756.495361328125,231.3290252685547,45.40300369262695,-0.877744734287262,-0.00046363589353859425,-0.479128360748291,-0.00012258466449566185,0.9999997019767761,-0.0007430946570821106,0.47912856936454775,-0.0005935136578045785,-0.8777445554733276],8,1.787426233291626],[[756.4105224609375,231.0637664794922,45.4481315612793,-0.8983740210533142,-0.00017718189337756485,-0.4392312467098236,-0.00010867330274777487,1,-0.00018111785175278783,0.439231276512146,-0.00011497885861899704,-0.8983740210533142],8,1.8043897151947022],[[756.3209228515625,231.9368896484375,45.491798400878909,-0.9087281227111816,-0.00012759309902321547,-0.4173884689807892,-0.00023733300622552633,0.9999999403953552,0.00021102184837218374,0.4173884391784668,0.00029082156834192574,-0.9087281227111816],3,1.8235588073730469],[[756.2086181640625,232.7589111328125,45.54538345336914,-0.9489319324493408,-0.00005505487570189871,-0.31548091769218447,-0.00012809582403860986,0.9999999403953552,0.00021078719873912632,0.31548091769218447,0.00024043448502197862,-0.948931872844696],5,1.8416838645935059],[[756.0596313476563,233.52642822265626,45.61418533325195,-0.9654800891876221,0.0000022008064206602286,-0.26047685742378237,-0.000019003275156137535,1,0.00007888642721809447,0.26047685742378237,0.00008111319039016962,-0.9654800891876221],5,1.8535981178283692],[[755.873291015625,234.2394561767578,45.696285247802737,-0.9713172316551209,0.000012919029359181878,-0.23778729140758515,0.000010337275853089523,1,0.000012104326742701233,0.23778729140758515,0.000009299068551626988,-0.9713172316551209],5,1.8713626861572266],[[755.6484985351563,234.89797973632813,45.78828430175781,-0.9754297733306885,0.000006283792117756093,-0.22031067311763764,0.000007402749815810239,1,-0.000004253403858456295,0.22031067311763764,-0.000005779801540484186,-0.9754297733306885],5,1.8877317905426026],[[755.3999633789063,235.5019989013672,45.88139343261719,-0.9754422307014465,0.0000010148332876269706,-0.2202555239200592,0.0000018538272570367554,1,-0.000003602489186960156,0.2202555239200592,-0.000003922335508832475,-0.9754422307014465],5,1.9033198356628419],[[755.14990234375,236.051513671875,45.97415542602539,-0.9762061834335327,-5.148330046722549e-7,-0.21684446930885316,-2.901777804709127e-7,1,-0.0000010678606940928149,0.21684446930885316,-9.795287496672245e-7,-0.9762061834335327],5,1.9200596809387208],[[754.8995971679688,236.54653930664063,46.06616973876953,-0.9762064218521118,-4.3225765011811747e-7,-0.21684320271015168,-4.681782002080581e-7,1,1.1428033275251437e-7,0.21684320271015168,2.130824583446156e-7,-0.9762064218521118],5,1.9364609718322755],[[754.6492919921875,236.987060546875,46.158058166503909,-0.9762064814567566,-1.4171689599606908e-7,-0.21684299409389497,-2.251070014835932e-7,1,3.598641455937468e-7,0.21684299409389497,4.0011460100686238e-7,-0.9762064814567566],5,1.9528076648712159],[[754.3989868164063,237.37307739257813,46.24994659423828,-0.9762064814567566,-5.653636225844139e-9,-0.21684300899505616,-7.682759672889006e-8,1,3.197980049662874e-7,0.21684300899505616,3.2884841516533927e-7,-0.9762064814567566],5,1.9699289798736573],[[754.148681640625,237.70458984375,46.341835021972659,-0.9762064814567566,1.9203930889943878e-8,-0.21684300899505616,-3.938172810080687e-8,1,2.6585422574498809e-7,0.21684300899505616,2.6806827690961656e-7,-0.9762064814567566],5,1.9861245155334473],[[753.8983764648438,237.9816131591797,46.43372344970703,-0.9762064814567566,1.1208721062416771e-8,-0.21684300899505616,-4.285385202251746e-8,1,2.446144264922623e-7,0.21684300899505616,2.480867635767936e-7,-0.9762064814567566],5,2.0048394203186037],[[753.6480712890625,238.20413208007813,46.525611877441409,-0.9762064814567566,3.3943758914745105e-9,-0.21684300899505616,-5.019163396013937e-8,1,2.416115592041024e-7,0.21684300899505616,2.4674648102518406e-7,-0.9762064814567566],5,2.020589590072632],[[753.3977661132813,238.3721466064453,46.61750030517578,-0.9762065410614014,6.124311613397992e-10,-0.21684275567531587,-5.3373014452517967e-8,1,2.4310480739586639e-7,0.21684275567531587,2.488940538114548e-7,-0.9762065410614014],5,2.0371034145355226],[[753.1474609375,238.4856719970703,46.709388732910159,-0.9769569635391235,-4.686051546798353e-10,-0.21343640983104707,-5.384876189395982e-8,1,2.442850188799639e-7,0.21343640983104707,2.5014924176502975e-7,-0.9769569635391235],5,2.0552334785461427],[[752.8967895507813,238.54469299316407,46.800533294677737,-0.978061318397522,-1.4571217565872985e-9,-0.2083173394203186,-5.360031707368762e-8,1,2.4466169179504507e-7,0.2083173394203186,2.5046000473594179e-7,-0.978061318397522],5,2.07025146484375],[[752.6456909179688,238.54920959472657,46.89042282104492,-0.9841262102127075,-8.799869277709149e-9,-0.1774698793888092,-5.308320183416981e-8,1,2.4477787974319656e-7,0.1774698793888092,2.503130076547677e-7,-0.9841262102127075],5,2.0891318321228029],[[752.3922729492188,238.49923706054688,46.97335433959961,-0.9892179369926453,-1.64487072851216e-8,-0.14645080268383027,-5.286377557922606e-8,1,2.4475855298078388e-7,0.14645080268383027,2.498615003787563e-7,-0.9892179369926453],5,2.1093380451202394],[[752.1363525390625,238.39476013183595,47.04828643798828,-0.9950218796730042,-2.797195186587942e-8,-0.09965667128562927,-5.262866054067672e-8,1,2.447875715461123e-7,0.09965667128562927,2.4881379090402336e-7,-0.9950218796730042],5,2.121303081512451],[[751.8773193359375,238.23577880859376,47.11166763305664,-0.9991106390953064,-4.20419468127875e-8,-0.042165033519268039,-5.241176737058595e-8,1,2.4482872618136755e-7,0.042165033519268039,2.4682091748218229e-7,-0.9991106390953064],5,2.1386046409606935],[[751.6151123046875,238.02230834960938,47.16042709350586,-0.9998804926872253,-5.61139579247083e-8,0.015461458824574948,-5.2334712563606448e-8,1,2.448348652706045e-7,-0.015461458824574948,2.439964248424076e-7,-0.9998804926872253],5,2.154423952102661],[[751.3506469726563,237.75433349609376,47.19401550292969,-0.9979289770126343,-6.806976671214216e-8,0.06432505697011948,-5.2431502695071688e-8,1,2.448012139666389e-7,-0.06432505697011948,2.409215937859699e-7,-0.9979289770126343],5,2.170301675796509],[[751.084716796875,237.43185424804688,47.21429443359375,-0.9941697716712952,-7.86393812290953e-8,0.10782597213983536,-5.2552824314489047e-8,1,2.44773616486782e-7,-0.10782597213983536,2.3767996992773988e-7,-0.9941697716712952],5,2.188319444656372],[[750.818115234375,237.05487060546876,47.22272872924805,-0.9885143637657166,-8.89875764187309e-8,0.15112704038619996,-5.260026014752839e-8,1,2.447706606290012e-7,-0.15112704038619996,2.3400998827582954e-7,-0.9885143637657166],5,2.20348858833313],[[750.5514526367188,236.62338256835938,47.21951675415039,-0.980633020401001,-9.950937140956739e-8,0.19585423171520234,-5.258660706886076e-8,1,2.447800682148227e-7,-0.19585423171520234,2.2974009539211694e-7,-0.980633020401001],5,2.2204606533050539],[[750.2852172851563,236.1374053955078,47.20426940917969,-0.9703085422515869,-1.1019938028766774e-7,0.24187053740024568,-5.255247614854852e-8,1,2.447890494750027e-7,-0.24187053740024568,2.248100230417549e-7,-0.9703085422515869],5,2.2370617389678957],[[750.02001953125,235.596923828125,47.17660903930664,-0.9798386096954346,-5.2577970421907597e-8,0.1997906118631363,-3.7071718139713997e-8,1,8.135352658200645e-8,-0.1997906118631363,7.230674015090699e-8,-0.9798386096954346],7,2.254970073699951],[[749.7565307617188,235.0766143798828,47.13608169555664,-0.9794421195983887,1.0256218097026704e-8,0.2017252892255783,-1.208115918416297e-8,1,-1.0950046913649203e-7,-0.2017252892255783,-1.0968645369757724e-7,-0.9794421195983887],7,2.270749568939209],[[749.4948120117188,235.05319213867188,47.08505630493164,-0.9743784666061401,3.142887550211526e-8,0.22491474449634553,6.081902981236453e-9,1,-1.133887437276826e-7,-0.22491474449634553,-1.09115632085377e-7,-0.9743784666061401],8,2.2878453731536867],[[749.2346801757813,235.1074981689453,47.02632522583008,-0.9673951268196106,3.385191504889917e-8,0.25327184796333315,1.792792936328169e-8,1,-6.518104811448211e-8,-0.25327184796333315,-5.8515190914931739e-8,-0.9673951268196106],8,2.3036906719207765],[[748.9763793945313,235.14767456054688,46.95995330810547,-0.962840735912323,3.41214700938508e-8,0.2700699269771576,3.060611675209657e-8,1,-1.7227600679348144e-8,-0.2700699269771576,-8.321643818476332e-9,-0.962840735912323],8,2.320988178253174],[[748.7194213867188,235.17123413085938,46.88861846923828,-0.9569694995880127,3.354560718094035e-8,0.29018843173980715,4.4275125787862638e-8,1,3.0408990880914646e-8,-0.29018843173980715,4.1948609919018057e-8,-0.9569694995880127],8,2.337800979614258],[[748.4639892578125,235.184326171875,46.81203842163086,-0.9490385055541992,3.1692973578856257e-8,0.3151600956916809,5.917472023497794e-8,1,7.763075160482913e-8,-0.3151600956916809,9.232408615389432e-8,-0.9490385055541992],8,2.353485107421875],[[748.2105712890625,235.19149780273438,46.7289924621582,-0.9374508261680603,1.7636860860648086e-8,0.34811773896217348,4.7459742802402619e-8,1,7.714146477155737e-8,-0.34811773896217348,8.883790769687039e-8,-0.9374508261680603],8,2.3705894947052],[[747.9600830078125,235.19540405273438,46.63747024536133,-0.9233829975128174,5.24409925206637e-11,0.38388001918792727,2.5738740916381176e-8,1,6.17752249354453e-8,-0.38388001918792727,6.692278020636877e-8,-0.9233829975128174],8,2.388044595718384],[[747.7133178710938,235.19752502441407,46.53653335571289,-0.9079542756080627,-1.666441562520049e-8,0.4190693199634552,3.462510944629571e-9,1,4.7267164404729559e-8,-0.4190693199634552,4.43674537109473e-8,-0.9079542756080627],8,2.403435230255127],[[747.4705810546875,235.19866943359376,46.42618942260742,-0.8927609324455261,-3.233794387824673e-8,0.4505307674407959,-1.9287481833885068e-8,1,3.3557832068709106e-8,-0.4505307674407959,2.1269519479005795e-8,-0.8927609324455261],8,2.420457601547241],[[747.23193359375,235.1992950439453,46.307308197021487,-0.8739444017410278,-4.728791580532743e-8,0.486025869846344,-4.254987473473193e-8,1,2.078426319940263e-8,-0.486025869846344,-2.516048924761094e-9,-0.8739444017410278],8,2.4378933906555177],[[746.9981079101563,235.1996307373047,46.17911911010742,-0.8509803414344788,-6.123463691665165e-8,0.5251975655555725,-6.634780191916434e-8,1,9.089850649957043e-9,-0.5251975655555725,-2.7110418798770298e-8,-0.8509803414344788],8,2.454183578491211],[[746.770263671875,235.19979858398438,46.04063034057617,-0.82131028175354,-7.377535382602218e-8,0.5704817771911621,-9.072289230971364e-8,1,-1.290642814844034e-9,-0.5704817771911621,-5.2815774864711787e-8,-0.82131028175354],8,2.470762252807617],[[746.550048828125,235.19989013671876,45.89030838012695,-0.7838349938392639,-8.439592846798405e-8,0.6209691762924194,-1.156808338009796e-7,1,-1.0111220305475399e-8,-0.6209691762924194,-7.975975790941448e-8,-0.7838349938392639],8,2.487011194229126],[[746.3395385742188,235.19993591308595,45.72673416137695,-0.7182279825210571,-5.672141512036433e-8,0.6958078742027283,-8.88332465365238e-8,1,-1.0176817610840772e-8,-0.6958078742027283,-6.91201478275616e-8,-0.7182279825210571],8,2.5034244060516359],[[746.1453857421875,235.19993591308595,45.544158935546878,-0.6704987287521362,-2.1571265662601037e-8,0.7419106960296631,-4.446822998716016e-8,1,-1.1112693876214053e-8,-0.7419106960296631,-4.044250445645048e-8,-0.6704987287521362],8,2.520925521850586],[[745.9647216796875,235.19993591308595,45.348182678222659,-0.6198142766952515,1.1573638047934765e-8,0.7847484946250916,-3.0076183210603349e-10,1,-1.4985761964680934e-8,-0.7847484946250916,-9.524412369898983e-9,-0.6198142766952515],8,2.5376429557800295],[[745.7974243164063,235.19993591308595,45.14063262939453,-0.5635154247283936,4.2599353378136587e-8,0.826105535030365,4.3451116482629007e-8,1,-2.1926954474338346e-8,-0.826105535030365,2.353903205687402e-8,-0.5635154247283936],8,2.553448438644409],[[745.6448974609375,235.19993591308595,44.921993255615237,-0.4999372661113739,7.107597355116013e-8,0.8660616278648377,8.652195759850656e-8,1,-3.2122912330123657e-8,-0.8660616278648377,5.8873904862366547e-8,-0.4999372661113739],8,2.5703787803649904],[[745.509033203125,235.19993591308595,44.69264602661133,-0.42407047748565676,7.01253384249867e-8,0.9056292176246643,9.364361375219232e-8,1,-3.358311673196113e-8,-0.9056292176246643,7.056478779077224e-8,-0.42407047748565676],8,2.5867958068847658],[[745.3928833007813,235.19993591308595,44.452728271484378,-0.34017616510391238,4.1790890747961387e-8,0.940361738204956,6.699363552797877e-8,1,-2.020632372534692e-8,-0.940361738204956,5.612453790604377e-8,-0.34017616510391238],8,2.603025197982788],[[745.298828125,235.19993591308595,44.2033576965332,-0.25685787200927737,1.5110011020169624e-8,0.9664492011070252,4.16336938258155e-8,1,-4.569375988694446e-9,-0.9664492011070252,3.906317047608354e-8,-0.25685787200927737],8,2.6202406883239748],[[745.22705078125,235.19993591308595,43.94668960571289,-0.1801779717206955,-9.611668794207162e-9,0.9836340546607971,1.7600436663656184e-8,1,1.2995564624418421e-8,-0.9836340546607971,1.9653903393646034e-8,-0.1801779717206955],8,2.6375653743743898],[[745.1759643554688,235.19993591308595,43.685081481933597,-0.11627399176359177,-3.2450216735924189e-8,0.9932171702384949,-5.22869925134728e-9,1,3.205971310649147e-8,-0.9932171702384949,-1.4655231472815445e-9,-0.11627399176359177],8,2.6535887718200685],[[745.1423950195313,235.19993591308595,43.42061233520508,-0.07454688102006912,-5.393111734974809e-8,0.9972175359725952,-2.7220016463047615e-8,1,5.204676867265334e-8,-0.9972175359725952,-2.326435222244072e-8,-0.07454688102006912],8,2.6704490184783937],[[745.120849609375,235.2239990234375,43.155086517333987,-0.06234833598136902,-7.519503952835294e-8,0.9980544447898865,-4.894673821809192e-8,1,7.228391751823438e-8,-0.9980544447898865,-4.4344730554257697e-8,-0.06234833598136902],8,2.687743902206421],[[745.103759765625,235.242965698