[[[776,222.69961547851563,47,1,0,0,0,1,0,0,0,1],8,0.006534576416015625],[[776,222.69961547851563,47,1,0,0,0,1,0,0,0,1],8,0.02363109588623047],[[776,222.69961547851563,47,1,0,0,0,1,0,0,0,1],8,0.04724693298339844],[[776,222.69961547851563,47,1,0,0,0,1,0,0,0,1],8,0.05619335174560547],[[776,222.69961547851563,47,1,0,0,0,1,0,0,0,1],8,0.06525707244873047],[[776,222.69961547851563,47,1,0,0,0,1,0,0,0,1],8,0.07454681396484375],[[776,222.69961547851563,47,1,0,0,0,1,0,0,0,1],8,0.08744335174560547],[[776,222.69961547851563,47,1,0,0,0,1,0,0,0,1],8,0.09856486320495606],[[776,222.69961547851563,47,1,0,0,0,1,0,0,0,1],8,0.11299371719360352],[[776,222.69961547851563,47,1,0,0,0,1,0,0,0,1],8,0.12514829635620118],[[776,222.69961547851563,47,1,0,0,0,1,0,0,0,1],8,0.13814449310302735],[[776,222.69961547851563,47,1,0,0,0,1,0,0,0,1],8,0.15207624435424806],[[776,222.69961547851563,47,1,0,0,0,1,0,0,0,1],8,0.1662006378173828],[[776,222.69961547851563,47,1,0,0,0,1,0,0,0,1],8,0.1772465705871582],[[776,222.69961547851563,47,1,0,0,0,1,0,0,0,1],8,0.188370943069458],[[776,222.69961547851563,47,1,0,0,0,1,0,0,0,1],8,0.2011110782623291],[[776,222.69961547851563,47,1,0,0,0,1,0,0,0,1],8,0.2118244171142578],[[776,222.69961547851563,47,1,0,0,0,1,0,0,0,1],8,0.2245016098022461],[[776,222.69961547851563,47,1,0,0,0,1,0,0,0,1],8,0.23523378372192384],[[775.7747802734375,222.69961547851563,46.98057174682617,0.983338475227356,0,0.18178395926952363,0,1,0,-0.18178395926952363,0,0.983338475227356],8,0.25636839866638186],[[775.444091796875,222.69961547851563,46.95203399658203,0.9197829365730286,0,0.3924275040626526,0,1,0,-0.3924275040626526,0,0.9197829365730286],8,0.28754234313964846],[[774.979248046875,222.69961547851563,46.91192626953125,-0.9753836989402771,0,-0.22051440179347993,0,1,0,0.22051440179347993,0,-0.9753836989402771],8,0.3140881061553955],[[774.580810546875,222.69961547851563,46.87754821777344,-0.9987174868583679,0,0.05062943696975708,0,1,0,-0.05062943696975708,0,-0.9987174868583679],8,0.33480191230773928],[[774.248779296875,222.69961547851563,46.848899841308597,-0.995608925819397,0,0.09361006319522858,0,1,0,-0.09361006319522858,0,-0.995608925819397],8,0.3465747833251953],[[774.115966796875,222.69961547851563,46.83708953857422,-0.9959731101989746,0,0.0896523967385292,0,1,0,-0.0896523967385292,0,-0.9959731101989746],8,0.357985258102417],[[773.850341796875,222.69961547851563,46.813255310058597,-0.9956638216972351,0,0.09302440285682678,0,1,0,-0.09302440285682678,0,-0.9956638216972351],8,0.3742096424102783],[[773.518310546875,222.69961547851563,46.782413482666019,-0.9948214292526245,0,0.10163819789886475,0,1,0,-0.10163819789886475,0,-0.9948214292526245],8,0.39580607414245608],[[773.1865844726563,222.69961547851563,46.74888229370117,-0.9940880537033081,0,0.10857664048671723,0,1,0,-0.10857664048671723,0,-0.9940880537033081],8,0.41736650466918948],[[772.9877319335938,222.69961547851563,46.72743225097656,-0.9931018948554993,0,0.11725478619337082,0,1,0,-0.11725478619337082,0,-0.9931018948554993],8,0.4368929862976074],[[772.7228393554688,222.69961547851563,46.69651794433594,-0.9926862716674805,0,0.12072279304265976,0,1,0,-0.12072279304265976,0,-0.9926862716674805],8,0.44417333602905276],[[772.5905151367188,222.69961547851563,46.680545806884769,-0.9924740791320801,0,0.12245482951402664,0,1,0,-0.12245482951402664,0,-0.9924740791320801],8,0.45416688919067385],[[772.3258666992188,222.69961547851563,46.647979736328128,-0.992473840713501,0,0.12245696038007736,0,1,0,-0.12245696038007736,0,-0.992473840713501],8,0.4692199230194092],[[772.0612182617188,222.69961547851563,46.615325927734378,-0.99268639087677,0,0.12072185426950455,0,1,0,-0.12072185426950455,0,-0.99268639087677],8,0.4949042797088623],[[771.7304077148438,222.69961547851563,46.57501983642578,-0.9935053586959839,0,0.11378557980060578,0,1,0,-0.11378557980060578,0,-0.9935053586959839],8,0.5069787502288818],[[771.5979614257813,222.69961547851563,46.559608459472659,-0.9948222041130066,0,0.10163043439388275,0,1,0,-0.10163043439388275,0,-0.9948222041130066],8,0.51448655128479],[[771.3990478515625,222.69961547851563,46.538787841796878,-0.9955077171325684,0,0.09468017518520355,0,1,0,-0.09468017518520355,0,-0.9955077171325684],8,0.5293750762939453],[[771.1336669921875,222.69961547851563,46.513240814208987,-0.9968731999397278,0,0.07901795208454132,0,1,0,-0.07901795208454132,0,-0.9968731999397278],8,0.5425841808319092],[[771.0007934570313,222.69961547851563,46.502159118652347,-0.9977651238441467,0,0.06681900471448899,0,1,0,-0.06681900471448899,0,-0.9977651238441467],8,0.5528781414031982],[[770.8677978515625,222.69961547851563,46.49275588989258,-0.9982075691223145,0,0.059847138822078708,0,1,0,-0.059847138822078708,0,-0.9982075691223145],8,0.5618946552276611],[[770.6016845703125,223.57273864746095,46.47439956665039,-0.9985071420669556,0,0.05462076887488365,0,1,0,-0.05462076887488365,0,-0.9985071420669556],3,0.5817577838897705],[[770.33544921875,224.39476013183595,46.45927429199219,-0.9914343357086182,0,0.13060614466667176,0,1,0,-0.13060614466667176,0,-0.9914343357086182],5,0.6087424755096436],[[770.0025024414063,225.34564208984376,46.4456672668457,-0.9813368916511536,0,0.19229625165462495,0,1,0,-0.19229625165462495,0,-0.9813368916511536],5,0.615100622177124],[[769.8025512695313,225.87530517578126,46.43900680541992,-0.991580069065094,0,0.1294950544834137,0,1,0,-0.1294950544834137,0,-0.991580069065094],5,0.6275119781494141],[[769.6692504882813,226.2113800048828,46.434906005859378,-0.9954867362976074,0,0.09490106254816055,0,1,0,-0.09490106254816055,0,-0.9954867362976074],5,0.6369194984436035],[[769.4026489257813,226.8426513671875,46.42723846435547,-0.9877845644950867,0,0.15582574903964997,0,1,0,-0.15582574903964997,0,-0.9877845644950867],5,0.6518263816833496],[[769.3359985351563,226.99195861816407,46.425559997558597,-0.9986846446990967,0,0.051274076104164126,0,1,0,-0.051274076104164126,0,-0.9986846446990967],5,0.658886194229126],[[769.1360473632813,227.41941833496095,46.421688079833987,-0.9940441250801086,0,0.10897844284772873,0,1,0,-0.10897844284772873,0,-0.9940441250801086],5,0.6696915626525879],[[769.0027465820313,227.68736267089845,46.420143127441409,-0.9979749321937561,0,0.06360885500907898,0,1,0,-0.06360885500907898,0,-0.9979749321937561],5,0.6807963848114014],[[768.8027954101563,228.06373596191407,46.420230865478519,-0.9965576529502869,0,0.08290227502584458,0,1,0,-0.08290227502584458,0,-0.9965576529502869],5,0.6894514560699463],[[768.6694946289063,228.29762268066407,46.4219856262207,-0.9992988109588623,0,0.0374411940574646,0,1,0,-0.0374411940574646,0,-0.9992988109588623],5,0.7014510631561279],[[768.3362426757813,228.82272338867188,46.43114471435547,-0.9945750832557678,0,0.10402128845453263,0,1,0,-0.10402128845453263,0,-0.9945750832557678],5,0.7180652618408203],[[768.1365966796875,229.09690856933595,46.442352294921878,-0.9995841383934021,0,0.028836959972977639,0,1,0,-0.028836959972977639,0,-0.9995841383934021],5,0.747628927230835],[[767.7374267578125,229.55331420898438,46.47035217285156,-0.9917182922363281,0,0.12843210995197297,0,1,0,-0.12843210995197297,0,-0.9917182922363281],5,0.7653741836547852],[[767.4713134765625,229.78945922851563,46.48929977416992,-0.9980684518814087,0,0.062123317271471027,0,1,0,-0.062123317271471027,0,-0.9980684518814087],5,0.7713837623596191],[[767.40478515625,229.83998107910157,46.49403762817383,-0.9992860555648804,0,-0.03778006136417389,0,1,0,0.03778006136417389,0,-0.9992860555648804],5,0.7773342132568359],[[767.271728515625,229.93080139160157,46.50351333618164,-0.9999899864196777,0,-0.004476003814488649,0,1,0,0.004476003814488649,0,-0.9999899864196777],5,0.7874705791473389],[[767.0721435546875,230.04148864746095,46.51772689819336,-0.9995840191841126,0,0.028840279206633569,0,1,0,-0.028840279206633569,0,-0.9995840191841126],5,0.798576831817627],[[766.9390869140625,230.09825134277345,46.52720260620117,-0.9999899864196777,0,-0.00447144964709878,0,1,0,0.00447144964709878,0,-0.9999899864196777],5,0.8078813552856445],[[766.739501953125,230.15785217285157,46.54141616821289,-0.9995840191841126,0,0.02884053997695446,0,1,0,-0.02884053997695446,0,-0.9995840191841126],5,0.8201661109924316],[[766.5399169921875,230.18678283691407,46.55562973022461,-0.9995841979980469,0,0.028833916410803796,0,1,0,-0.028833916410803796,0,-0.9995841979980469],5,0.8356411457061768],[[766.2738037109375,230.17767333984376,46.574581146240237,-0.9980682730674744,0,0.062126580625772479,0,1,0,-0.062126580625772479,0,-0.9980682730674744],5,0.8629999160766602],[[765.8746337890625,230.0618438720703,46.60300827026367,-0.9928013682365418,0,0.11977255344390869,0,1,0,-0.11977255344390869,0,-0.9928013682365418],5,0.8809616565704346],[[765.475830078125,229.8233642578125,46.63456344604492,-0.9934139847755432,0,0.11458046734333039,0,1,0,-0.11458046734333039,0,-0.9934139847755432],5,0.905463457107544],[[765.276611328125,229.6581573486328,46.65135955810547,-0.9998620748519898,0,0.01660969853401184,0,1,0,-0.01660969853401184,0,-0.9998620748519898],5,0.912360429763794],[[765.143798828125,229.53097534179688,46.662506103515628,-0.9998604655265808,0,-0.016703534871339799,0,1,0,0.016703534871339799,0,-0.9998604655265808],5,0.9196639060974121],[[765.010986328125,229.3901824951172,46.67361068725586,-0.9999807476997376,0,-0.006205277983099222,0,1,0,0.006205277983099222,0,-0.9999807476997376],5,0.928241491317749],[[764.8780517578125,229.23574829101563,46.683677673339847,-0.9999968409538269,0,0.0025200864765793087,0,1,0,-0.0025200864765793087,0,-0.9999968409538269],5,0.9373905658721924],[[764.678466796875,228.9785614013672,46.696876525878909,-0.9988448023796082,0,0.04805244505405426,0,1,0,-0.04805244505405426,0,-0.9988448023796082],5,0.9479475021362305],[[764.5453491210938,228.79006958007813,46.70423126220703,-0.9995874762535095,0,0.028719747439026834,0,1,0,-0.028719747439026834,0,-0.9995874762535095],5,0.9582555294036865],[[764.3455810546875,228.48178100585938,46.71240997314453,-0.9971127510070801,0,0.07593518495559693,0,1,0,-0.07593518495559693,0,-0.9971127510070801],5,0.96856689453125],[[764.2122802734375,228.2592315673828,46.71611022949219,-0.9981907606124878,0,0.06012669950723648,0,1,0,-0.06012669950723648,0,-0.9981907606124878],5,0.9773437976837158],[[764.0123291015625,227.8998565673828,46.718143463134769,-0.9910821914672852,0,0.13325190544128419,0,1,0,-0.13325190544128419,0,-0.9910821914672852],5,0.9895575046539307],[[763.8790283203125,227.64324951171876,46.715065002441409,-0.994970440864563,0,0.10016907006502152,0,1,0,-0.10016907006502152,0,-0.994970440864563],5,0.9985485076904297],[[763.6790771484375,227.23277282714845,46.70854568481445,-0.9833803772926331,0,0.18155716359615327,0,1,0,-0.18155716359615327,0,-0.9833803772926331],5,1.0116522312164307],[[763.4796142578125,226.79164123535157,46.693904876708987,-0.9721153974533081,0,0.23450301587581635,0,1,0,-0.23450301587581635,0,-0.9721153974533081],5,1.0248205661773682],[[763.28125,226.3198699951172,46.66877365112305,-0.9559714198112488,0,0.2934597134590149,0,1,0,-0.2934597134590149,0,-0.9559714198112488],5,1.0357029438018799],[[763.1500854492188,225.98831176757813,46.644989013671878,-0.9565207362174988,0,0.29166433215141299,0,1,0,-0.29166433215141299,0,-0.9565207362174988],5,1.0472333431243897],[[762.8251342773438,225.09982299804688,46.570823669433597,-0.8973578810691834,0,0.4413036108016968,0,1,0,-0.4413036108016968,0,-0.8973578810691834],5,1.0675508975982667],[[762.6329345703125,224.52584838867188,46.51590347290039,-0.9012905955314636,0,0.43321502208709719,0,1,0,-0.43321502208709719,0,-0.9012905955314636],5,1.0779318809509278],[[762.4441528320313,223.92123413085938,46.44996643066406,-0.8888306617736816,0,0.45823585987091067,0,1,0,-0.45823585987091067,0,-0.8888306617736816],5,1.0894761085510255],[[762.2576904296875,223.28594970703126,46.377628326416019,-0.8627306222915649,0,0.5056638121604919,0,1,0,-0.5056638121604919,0,-0.8627306222915649],5,1.1047768592834473],[[762.0144653320313,222.5020751953125,46.268428802490237,-0.8719692230224609,0,0.48956066370010378,0,1,0,-0.48956066370010378,0,-0.8719692230224609],7,1.1214771270751954],[[761.8355102539063,222.43780517578126,46.179195404052737,-0.8788255453109741,0,0.477143257856369,0,1,0,-0.477143257856369,0,-0.8788255453109741],7,1.1312437057495118],[[761.7176513671875,222.47601318359376,46.116844177246097,-0.8805504441261292,0,0.47395241260528567,0,1,0,-0.47395241260528567,0,-0.8805504441261292],7,1.1398019790649415],[[761.5414428710938,222.5442657470703,46.02229309082031,-0.8807407021522522,0,0.47359877824783327,0,1,0,-0.47359877824783327,0,-0.8807407021522522],8,1.154165506362915],[[761.1891479492188,222.63417053222657,45.83296585083008,-0.8808501958847046,0,0.47339510917663576,0,1,0,-0.47339510917663576,0,-0.8808501958847046],8,1.177206039428711],[[761.0130004882813,222.6579132080078,45.73830032348633,-0.8808774352073669,0,0.4733443856239319,0,1,0,-0.4733443856239319,0,-0.8808774352073669],8,1.1893751621246338],[[760.8955688476563,222.66879272460938,45.67518997192383,-0.8808788657188416,0,0.47334176301956179,0,1,0,-0.47334176301956179,0,-0.8808788657188416],8,1.2053146362304688],[[760.6019897460938,222.6851806640625,45.51741409301758,-0.8792223930358887,0,0.4764115810394287,0,1,0,-0.4764115810394287,0,-0.8792223930358887],8,1.221017837524414],[[760.3674926757813,222.69175720214845,45.3904914855957,-0.8849862217903137,0,0.46561726927757265,0,1,0,-0.46561726927757265,0,-0.8849862217903137],8,1.2351691722869874],[[760.2496948242188,222.69381713867188,45.32803726196289,-0.8929796814918518,0,0.4500970244407654,0,1,0,-0.4500970244407654,0,-0.8929796814918518],8,1.243715524673462],[[760.1309204101563,222.69534301757813,45.26743698120117,-0.896878719329834,0,0.44227659702301028,0,1,0,-0.44227659702301028,0,-0.896878719329834],8,1.254492998123169],[[760.011474609375,222.6964569091797,45.2081184387207,-0.9007107019424439,0,0.4344194233417511,0,1,0,-0.4344194233417511,0,-0.9007107019424439],8,1.2647385597229005],[[759.8314819335938,222.69761657714845,45.120880126953128,-0.9088905453681946,0,0.417034775018692,0,1,0,-0.417034775018692,0,-0.9088905453681946],8,1.2754600048065186],[[759.6500854492188,222.69834899902345,45.03679656982422,-0.9132096767425537,0,0.40748998522758486,0,1,0,-0.40748998522758486,0,-0.9132096767425537],8,1.2865264415740967],[[759.4675903320313,222.69882202148438,44.95490264892578,-0.9181229472160339,0,0.3962956666946411,0,1,0,-0.3962956666946411,0,-0.9181229472160339],8,1.2979614734649659],[[759.2841186523438,222.6990966796875,44.87519454956055,-0.9281876683235169,0,0.3721123933792114,0,1,0,-0.3721123933792114,0,-0.9281876683235169],8,1.309666633605957],[[759.1607055664063,222.69923400878907,44.82472610473633,-0.933295726776123,0,0.35910868644714358,0,1,0,-0.35910868644714358,0,-0.933295726776123],8,1.3214147090911866],[[758.9743041992188,222.6993865966797,44.752281188964847,-0.9435479640960693,0,0.3312359154224396,0,1,0,-0.3312359154224396,0,-0.9435479640960693],8,1.335862398147583],[[758.72314453125,222.69949340820313,44.66282653808594,-0.9519038796424866,0,0.3063967823982239,0,1,0,-0.3063967823982239,0,-0.9519038796424866],8,1.3483366966247559],[[758.5965576171875,222.69952392578126,44.62110137939453,-0.9550614356994629,0,0.29640793800354006,0,1,0,-0.29640793800354006,0,-0.9550614356994629],8,1.3591675758361817],[[758.4057006835938,222.69956970214845,44.56130599975586,-0.9581152200698853,0,0.28638309240341189,0,1,0,-0.28638309240341189,0,-0.9581152200698853],8,1.3722147941589356],[[758.2142333984375,222.69956970214845,44.503623962402347,-0.963905394077301,0,0.2662450075149536,0,1,0,-0.2662450075149536,0,-0.963905394077301],8,1.3825745582580567],[[758.021728515625,222.69956970214845,44.449588775634769,-0.966641902923584,0,0.25613167881965639,0,1,0,-0.25613167881965639,0,-0.966641902923584],8,1.3947489261627198],[[757.5706787109375,222.69956970214845,44.32960891723633,-0.9815003871917725,0,0.1914599984884262,0,1,0,-0.1914599984884262,0,-0.9815003871917725],8,1.424990177154541],[[757.4403076171875,222.69956970214845,44.301856994628909,-0.9840797781944275,0,0.17772726714611054,0,1,0,-0.17772726714611054,0,-0.9840797781944275],8,1.4335832595825196],[[757.1124267578125,222.69956970214845,44.24170684814453,-0.986179530620575,0,0.16568024456501008,0,1,0,-0.16568024456501008,0,-0.986179530620575],8,1.4522051811218262],[[756.9810180664063,222.69956970214845,44.21919631958008,-0.989936113357544,0,0.1415148377418518,0,1,0,-0.1415148377418518,0,-0.989936113357544],8,1.4618034362792969],[[756.84912109375,222.69956970214845,44.19943618774414,-0.9915928840637207,0,0.12939678132534028,0,1,0,-0.12939678132534028,0,-0.9915928840637207],8,1.4713144302368165],[[756.65087890625,222.69956970214845,44.17295837402344,-0.9931011199951172,0,0.11726100742816925,0,1,0,-0.11726100742816925,0,-0.9931011199951172],8,1.4826042652130128],[[756.5185546875,222.69956970214845,44.15687942504883,-0.9961452484130859,0,0.08771920204162598,0,1,0,-0.08771920204162598,0,-0.9961452484130859],8,1.492586612701416],[[756.3193969726563,222.69956970214845,44.138145446777347,-0.9974008202552795,0,0.07205256819725037,0,1,0,-0.07205256819725037,0,-0.9974008202552795],8,1.503798246383667],[[756.0535278320313,222.69956970214845,44.11825180053711,-0.998310387134552,0,0.058106932789087298,0,1,0,-0.058106932789087298,0,-0.998310387134552],8,1.5206000804901124],[[755.9204711914063,222.69956970214845,44.11001205444336,-0.999769926071167,0,0.02145066112279892,0,1,0,-0.02145066112279892,0,-0.999769926071167],8,1.530571699142456],[[755.7205810546875,222.69956970214845,44.10425567626953,-0.999769926071167,0,0.02145066112279892,0,1,0,-0.02145066112279892,0,-0.999769926071167],8,1.539416790008545],[[755.3873291015625,223.76968383789063,44.09641647338867,-0.9999659657478333,0,-0.008250088430941105,0,1,0,0.008250088430941105,0,-0.9999659657478333],3,1.5658702850341797],[[755.1207275390625,224.564453125,44.09737014770508,-0.9971835017204285,0,0.07500045001506806,0,1,0,-0.07500045001506806,0,-0.9971835017204285],5,1.5901594161987305],[[754.7874755859375,225.4812774658203,44.1026611328125,-0.9905502200126648,0,0.13715055584907533,0,1,0,-0.13715055584907533,0,-0.9905502200126648],5,1.5971226692199708],[[754.6541748046875,225.82415771484376,44.10561752319336,-0.9992425441741943,0,0.03891395032405853,0,1,0,-0.03891395032405853,0,-0.9992425441741943],5,1.6054103374481202],[[754.5208740234375,226.15342712402345,44.109127044677737,-0.9993668794631958,0,0.035577863454818729,0,1,0,-0.035577863454818729,0,-0.9993668794631958],5,1.6147353649139405],[[754.3875732421875,226.46905517578126,44.11311340332031,-0.9995378851890564,0,0.030397329479455949,0,1,0,-0.030397329479455949,0,-0.9995378851890564],5,1.6245293617248536],[[754.1209716796875,227.0594482421875,44.122535705566409,-0.9964054822921753,0,0.08471217751502991,0,1,0,-0.08471217751502991,0,-0.9964054822921753],5,1.6437640190124512],[[753.8546142578125,227.5953369140625,44.13496398925781,-0.9980718493461609,0,0.06206941977143288,0,1,0,-0.06206941977143288,0,-0.9980718493461609],5,1.6561343669891358],[[753.7215576171875,227.8428497314453,44.143653869628909,-0.9992218017578125,0,-0.03944407030940056,0,1,0,0.03944407030940056,0,-0.9992218017578125],5,1.66768479347229],[[753.5225830078125,228.18856811523438,44.163387298583987,-0.9995840191841126,0,-0.028841566294431688,0,1,0,0.028841566294431688,0,-0.9995840191841126],5,1.6766636371612549],[[753.3902587890625,228.4020233154297,44.17966842651367,-0.9962505102157593,0,-0.0865156501531601,0,1,0,0.0865156501531601,0,-0.9962505102157593],5,1.6864330768585206],[[753.1265258789063,228.7880401611328,44.21929168701172,-0.9972529411315918,0,-0.07407126575708389,0,1,0,0.07407126575708389,0,-0.9972529411315918],5,1.7023251056671143],[[752.9304809570313,229.04177856445313,44.2584342956543,-0.9908462166786194,0,-0.13499540090560914,0,1,0,0.13499540090560914,0,-0.9908462166786194],5,1.7154395580291749],[[752.6708984375,229.33242797851563,44.31943893432617,-0.9830856919288635,0,-0.18314629793167115,0,1,0,0.18314629793167115,0,-0.9830856919288635],5,1.7314660549163819],[[752.5430908203125,229.4573211669922,44.357051849365237,-0.9623515009880066,0,-0.27180808782577517,0,1,0,0.27180808782577517,0,-0.9623515009880066],5,1.7425470352172852],[[752.2913818359375,229.6662139892578,44.444908142089847,-0.9687725901603699,0,-0.24795088171958924,0,1,0,0.24795088171958924,0,-0.9687725901603699],5,1.7569050788879395],[[752.1053466796875,229.787109375,44.518287658691409,-0.954417884349823,0,-0.29847365617752077,0,1,0,0.29847365617752077,0,-0.954417884349823],5,1.7704811096191407],[[751.982421875,229.85069274902345,44.56990051269531,-0.9318426251411438,0,-0.3628627359867096,0,1,0,0.3628627359867096,0,-0.9318426251411438],5,1.7801976203918458],[[751.8007202148438,229.92050170898438,44.65340805053711,-0.9374765157699585,0,-0.348048597574234,0,1,0,0.348048597574234,0,-0.9374765157699585],5,1.7901339530944825],[[751.6807250976563,229.95001220703126,44.71145248413086,-0.9253627061843872,0,-0.37908297777175906,0,1,0,0.37908297777175906,0,-0.9253627061843872],5,1.79805588722229],[[751.5609741210938,229.9658966064453,44.770015716552737,-0.9079315066337586,0,-0.41911858320236208,0,1,0,0.41911858320236208,0,-0.9079315066337586],5,1.809433937072754],[[751.3309326171875,229.956787109375,44.85820770263672,-0.9149878621101379,-0.00003893517714459449,-0.4034813344478607,-0.0000106267443698016,1,-0.00007239947444759309,0.4034813344478607,-0.0000619569473201409,-0.9149878621101379],5,1.8220748901367188],[[751.1624145507813,229.91419982910157,44.92431640625,-0.8726567625999451,0.000034197048080386597,-0.48833411931991579,-0.0000015432449345098576,1,0.00007278576958924532,0.48833411931991579,0.00006427060725400224,-0.8726567625999451],5,1.8370037078857422],[[751.0054931640625,229.84095764160157,45.00278854370117,-0.8556133508682251,-0.00002121621037076693,-0.5176154375076294,-0.0000029118461952748477,1,-0.00003617511174525134,0.5176154375076294,-0.000029444692700053566,-0.8556133508682251],5,1.8488049507141114],[[750.5455932617188,229.43727111816407,45.309715270996097,-0.9154770970344544,-0.000001987242740142392,-0.4023700952529907,-0.0000014249745845518192,1,-0.0000016967244391707937,0.4023700952529907,-9.799451845537988e-7,-0.9154770970344544],5,1.8872604370117188],[[750.34423828125,229.16929626464845,45.48390197753906,-0.748058021068573,-1.4724838592883317e-7,-0.6636333465576172,-7.967698252286937e-7,1,6.762494422218879e-7,0.6636333465576172,0.0000010346368526370498,-0.748058021068573],5,1.9039990901947022],[[749.8394165039063,228.1513214111328,46.03270721435547,-0.8056803345680237,-0.00008627639908809215,-0.5923506021499634,-0.00005947511817794293,1,-0.00006475635746028274,0.5923506021499634,-0.000016942800357355737,-0.8056803345680237],5,1.9599404335021973],[[749.6002197265625,227.42236328125,46.35885238647461,-0.5360934138298035,-0.000017930393369169907,-0.8441587090492249,-0.000019080694983131253,1,-0.000009123116797127296,0.8441587090492249,0.000011216291568416637,-0.5360934138298035],5,1.9721012115478516],[[749.5400390625,227.15211486816407,46.47064971923828,-0.3873136341571808,-0.000005093126219435362,-0.9219480156898499,-0.000010205052603851073,1,-0.000001237130618392257,0.9219480156898499,0.000008929369869292714,-0.3873136341571808],5,1.9885005950927735],[[749.4683837890625,226.72120666503907,46.63972091674805,-0.3577420711517334,0.0000013971651924293838,-0.9338204264640808,-0.0000027245494038652397,1,0.000002539943352530827,0.9338204264640808,0.0000034528845844761237,-0.3577420711517334],5,1.994384765625],[[749.4330444335938,226.41690063476563,46.7530403137207,-0.30615276098251345,0.000002233521172456676,-0.9519823789596558,-4.5138179416426285e-7,1,0.0000024913410925364589,0.9519823789596558,0.0000011924385034944863,-0.30615276098251345],5,2.0045669078826906],[[749.4075927734375,226.09898376464845,46.86656951904297,-0.28686198592185976,0.0000018716893919190625,-0.9579719305038452,5.152465405444673e-7,1,0.0000017995149619309814,0.9579719305038452,2.262072307246399e-8,-0.28686198592185976],5,2.012589693069458],[[749.3880615234375,225.59654235839845,47.036956787109378,-0.2938060760498047,9.345324656351295e-7,-0.9558650255203247,7.292513259926636e-7,1,7.535310260209371e-7,0.9558650255203247,-4.75673886057848e-7,-0.2938060760498047],5,2.0233678817749025],[[749.387451171875,225.2445526123047,47.150447845458987,-0.2525908946990967,4.416528440742695e-7,-0.9675731658935547,5.719580826735182e-7,1,3.071410503707739e-7,0.9675731658935547,-4.758302907248435e-7,-0.2525908946990967],5,2.030823230743408],[[749.3967895507813,224.87893676757813,47.263675689697269,-0.2405250072479248,1.4919471880148195e-7,-0.9706429243087769,3.739829139703943e-7,1,6.103425675973995e-8,0.9706429243087769,-3.4832362416636899e-7,-0.2405250072479248],5,2.0404727458953859],[[749.4293212890625,224.30496215820313,47.432743072509769,-0.25116682052612307,-2.633450080224975e-8,-0.9679437875747681,1.4404058390482533e-7,1,-6.458299850464755e-8,0.9679437875747681,-1.5564428679226695e-7,-0.25116682052612307],5,2.05368971824646],[[749.4634399414063,223.90528869628907,47.54473876953125,-0.22474965453147889,-6.535413632491327e-8,-0.9744165539741516,4.347663917769751e-8,1,-7.709792271270999e-8,0.9744165539741516,-5.969208416445326e-8,-0.22474965453147889],5,2.0616674423217775],[[749.5331420898438,223.2802276611328,47.71149826049805,-0.24672667682170869,-7.495913934008058e-8,-0.9690850973129273,-5.747338605033292e-8,1,-6.2717838034132e-8,0.9690850973129273,4.022244226575822e-8,-0.24672667682170869],5,2.0735459327697756],[[749.603515625,223.22857666015626,47.820899963378909,-0.20028330385684968,-6.663729834599508e-8,-0.9797379970550537,-1.0462937893862545e-7,1,-4.662651775788618e-8,0.9797379970550537,9.317087545923641e-8,-0.20028330385684968],7,2.083710193634033],[[749.7169799804688,223.45309448242188,47.98497772216797,-0.20001719892024995,-3.07900691609575e-8,-0.9797924160957336,-1.0949072759558476e-7,1,-9.07339092748316e-9,0.9797924160957336,1.0546335005301444e-7,-0.20001719892024995],7,2.0934031009674074],[[749.7919921875,223.6195831298828,48.09519577026367,-0.21060913801193238,-4.558143640309709e-9,-0.9775703549385071,-1.0004007577890661e-7,1,1.689004669458427e-8,0.9775703549385071,1.0135340744454879e-7,-0.21060913801193238],7,2.104316234588623],[[749.9014282226563,223.8188934326172,48.262611389160159,-0.23860867321491242,3.337268950076577e-8,-0.9711158275604248,-8.475975477040265e-8,1,5.519125778619127e-8,0.9711158275604248,9.548065094122649e-8,-0.23860867321491242],7,2.115705966949463],[[750.006103515625,223.95501708984376,48.43300247192383,-0.31692472100257876,6.624058102033814e-8,-0.9484506845474243,-6.643833927455489e-8,1,9.204119777450615e-8,0.9484506845474243,9.218362606588926e-8,-0.31692472100257876],8,2.126939296722412],[[750.0681762695313,224.01840209960938,48.550899505615237,-0.3660614788532257,7.372188548515624e-8,-0.9305906891822815,-4.851897728030963e-8,1,9.830618097339539e-8,0.9305906891822815,8.113741500892502e-8,-0.3660614788532257],8,2.138225793838501],[[750.1318359375,224.09674072265626,48.7828254699707,-0.44386717677116396,-0.0018895796965807677,-0.896090567111969,0.0011216667480766774,0.9999958276748657,-0.002664287341758609,0.896091878414154,-0.002187704900279641,-0.4438632130622864],8,2.1553947925567629],[[750.0877075195313,224.13792419433595,49.02244186401367,-0.5409104228019714,-0.0011966904858127237,-0.8410793542861939,0.0015882346779108048,0.999995768070221,-0.002444213954731822,0.8410786986351013,-0.0026579322293400766,-0.5409061908721924],8,2.1692588329315187],[[750.0001831054688,224.15802001953126,49.21144485473633,-0.6801612973213196,-0.0021407706663012506,-0.7330593466758728,0.00014338486653286964,0.9999953508377075,-0.0030533485114574434,0.7330624461174011,-0.002181879011914134,-0.6801578402519226],8,2.181204080581665],[[749.8494262695313,224.17613220214845,49.42740249633789,-0.7888538837432861,-0.0013821806060150266,-0.6145792007446289,-0.0006389052723534405,0.9999987483024597,-0.0014289061073213816,0.6145804524421692,-0.0007345402264036238,-0.7888538241386414],8,2.1986939907073976],[[749.6974487304688,224.18460083007813,49.5545768737793,-0.8581782579421997,-0.00015044285100884736,-0.5133517980575562,-0.00010769931395770982,1,-0.00011301731137791649,0.5133517980575562,-0.00004170136162429117,-0.8581782579421997],8,2.2261557579040529],[[749.4151000976563,224.19256591796876,49.731163024902347,-0.9233578443527222,0.00015635181625839323,-0.3839404881000519,0.00009851533832261339,1,0.00017030480375979096,0.38394051790237429,0.00011942825221922249,-0.9233578443527222],8,2.235332489013672],[[749.233642578125,224.1951446533203,49.81465148925781,-0.9339054226875305,0.00006087441579438746,-0.3575202226638794,0.00004061320214532316,1,0.00006417965778382495,0.3575202226638794,0.00004541768794297241,-0.9339054226875305],8,2.2441327571868898],[[749.10986328125,224.19630432128907,49.86402893066406,-0.9434205889701843,0.00001627734127396252,-0.3315984606742859,0.000011305849511700217,1,0.00001692158002697397,0.3315984606742859,0.000012215164133522194,-0.9434205889701843],8,2.2537200450897219],[[748.9855346679688,224.18716430664063,49.912208557128909,-0.9506237506866455,-0.0000046726627260795798,-0.3103458285331726,-0.0000032312600524164738,1,-0.000005158600743015995,0.3103458285331726,-0.000003901080162904691,-0.9506237506866455],8,2.263432502746582],[[748.674560546875,224.10472106933595,50.03219223022461,-0.9584094285964966,-0.000006250727892620489,-0.28539690375328066,-0.000004550271569314646,1,-0.000006621322427236009,0.28539690375328066,-0.000005047304512117989,-0.9584094285964966],8,2.279810667037964],[[748.4879760742188,224.7570037841797,50.104164123535159,-0.9603654742240906,-8.206417874134786e-7,-0.2787438631057739,-6.109834771450551e-7,1,-8.390296670768294e-7,0.2787438631057739,-6.354672450470389e-7,-0.9603654742240906],3,2.2945468425750734],[[748.2974243164063,225.37863159179688,50.16454315185547,-0.9759181141853333,0.0000011841640343845939,-0.21813713014125825,9.292631375501514e-7,1,0.0000012711237786788843,0.21813713014125825,0.0000010378058732385398,-0.9759181141853333],5,2.330045223236084],[[747.8493041992188,226.70986938476563,50.29488754272461,-0.9988563060760498,3.9686551644990688e-7,-0.04781314730644226,3.824034990884684e-7,1,3.1161701485871165e-7,0.04781314730644226,2.929766935722e-7,-0.9988563060760498],5,2.338151454925537],[[747.720947265625,227.0595703125,50.331058502197269,-0.9793094396591187,2.3722223829736323e-7,-0.20236842334270478,2.2245855291203044e-7,1,9.569909309448122e-8,0.20236842334270478,4.870043923688172e-8,-0.9793094396591187],5,2.346360206604004],[[747.592529296875,227.39564514160157,50.366764068603519,-0.9793280959129334,1.0693947416484662e-7,-0.20227816700935365,1.105953231217427e-7,1,-6.7710614892746438e-9,0.20227816700935365,-2.9002110935039128e-8,-0.9793280959129334],5,2.3530638217926027],[[747.33544921875,228.02691650390626,50.4379768371582,-0.9913292527198792,-3.051631836115121e-8,-0.1314011812210083,-2.242615693148764e-8,1,-6.304821908997838e-8,0.1314011812210083,-5.955472204277612e-8,-0.9913292527198792],5,2.3678925037384035],[[747.206787109375,228.32211303710938,50.47307586669922,-0.9807268381118774,-8.952601859846254e-8,-0.19538381695747376,-7.626566400631418e-8,1,-7.539124169397837e-8,0.19538381695747376,-5.903713784505271e-8,-0.9807268381118774],5,2.3790597915649416],[[747.0780639648438,228.6036834716797,50.50785827636719,-0.9807270765304565,-1.0720788878870735e-7,-0.19538256525993348,-9.607148854229308e-8,1,-6.64745698486513e-8,0.19538256525993348,-4.6422719890415468e-8,-0.9807270765304565],5,2.3857674598693849],[[746.9492797851563,228.8716278076172,50.54256820678711,-0.9807271957397461,-1.2465331167277328e-7,-0.19538210332393647,-1.1581621350842397e-7,1,-5.665416580313831e-8,0.19538210332393647,-3.293386541258769e-8,-0.9807271957397461],5,2.395559072494507],[[746.756103515625,229.2480010986328,50.5946159362793,-0.9866911768913269,-1.4956351890305087e-7,-0.162605419754982,-1.4504318812669227e-7,1,-3.9670837281846619e-8,0.162605419754982,-1.555805617670103e-8,-0.9866911768913269],5,2.4092090129852297],[[746.4341430664063,229.8071746826172,50.68136215209961,-0.9953283667564392,-1.3817118826864317e-7,-0.09654742479324341,-1.38408111638455e-7,1,-4.243184026364588e-9,0.09654742479324341,9.139585088746572e-9,-0.9953283667564392],5,2.4295103549957277],[[746.240966796875,230.10179138183595,50.7334098815918,-0.9869734644889832,-1.0895993085568989e-7,-0.16088297963142396,-1.1338306649122387e-7,1,1.8312357852323659e-8,0.16088297963142396,3.631521749980493e-8,-0.9869734644889832],5,2.4409499168395998],[[746.0477905273438,230.36575317382813,50.785186767578128,-0.9872527122497559,-8.076425217495853e-8,-0.15916061401367188,-8.80545130144128e-8,1,3.875206289194466e-8,0.15916061401367188,5.227288824016796e-8,-0.9872527122497559],5,2.453536033630371],[[745.9189453125,230.5247039794922,50.81949996948242,-0.9814031720161438,-5.998838048526523e-8,-0.19195790588855744,-7.121614231664353e-8,1,5.1591349858881588e-8,0.19195790588855744,6.430241228372324e-8,-0.9814031720161438],5,2.4610607624053957],[[745.7900390625,230.67002868652345,50.853759765625,-0.9814032316207886,-4.101875461515192e-8,-0.19195766746997834,-5.424234572615205e-8,1,6.363308813206459e-8,0.19195766746997834,7.286195113920258e-8,-0.9814032316207886],5,2.471846580505371],[[745.4677734375,230.97372436523438,50.93938064575195,-0.9956592917442322,-1.690762752026842e-9,-0.09307286888360977,-9.946326429144392e-9,1,8.823612773767309e-8,0.09307286888360977,8.877885449010137e-8,-0.9956592917442322],5,2.4892070293426515],[[745.2744140625,231.1150665283203,50.990753173828128,-0.9872527122497559,3.2654440929036357e-8,-0.15916065871715547,1.6673100233788319e-8,1,1.0174547782071386e-7,0.15916065871715547,9.779479626104148e-8,-0.9872527122497559],5,2.50642466545105],[[744.9521484375,231.2825164794922,51.07637405395508,-0.9959777593612671,7.2977044851541e-8,-0.08960060030221939,6.25403160370297e-8,1,1.1928797505333933e-7,0.08960060030221939,1.1320451420715472e-7,-0.9959777593612671],5,2.5225560665130617],[[744.1781005859375,231.3369598388672,51.279300689697269,-0.9892158508300781,6.844879862910602e-8,0.14646513760089875,7.604628393664825e-8,1,4.6273054721268639e-8,-0.14646513760089875,5.6912167423206486e-8,-0.9892158508300781],5,2.5748863220214845],[[744.049072265625,231.29833984375,51.31276321411133,-0.9901105761528015,7.59683658202448e-8,-0.14028923213481904,7.30881026811403e-8,1,2.5683112525598518e-8,0.14028923213481904,1.5175647405385463e-8,-0.9901105761528015],5,2.584242343902588],[[743.9189453125,231.24610900878907,51.34175109863281,-0.9915271401405335,6.974728705699818e-8,-0.1298995167016983,6.9632754673421e-8,1,5.423565596629487e-9,0.1298995167016983,-3.6676492953802155e-9,-0.9915271401405335],5,2.5923051834106447],[[743.7882690429688,231.18023681640626,51.368404388427737,-0.9928344488143921,6.347510606019569e-8,-0.11949813365936279,6.568458132960586e-8,1,-1.4550876947794223e-8,0.11949813365936279,-2.2295797208471414e-8,-0.9928344488143921],5,2.599797487258911],[[743.5263671875,231.00762939453126,51.4183235168457,-0.999424159526825,5.304523753579815e-8,-0.033931914716959,5.488815801868441e-8,1,-5.33808517388934e-8,0.033931914716959,-5.5212574068264078e-8,-0.999424159526825],5,2.616576910018921],[[743.2634887695313,230.78053283691407,51.46345520019531,-0.9999158382415772,4.095705818940587e-8,-0.01297534815967083,4.2146400147657917e-8,1,-9.138818057863318e-8,0.01297534815967083,-9.192735461738266e-8,-0.9999158382415772],5,2.633152484893799],[[742.5379638671875,229.87498474121095,51.571163177490237,-0.9702114462852478,2.2376799080348065e-8,0.24225975573062898,-1.065347188244914e-8,1,-1.3503240836598707e-7,-0.24225975573062898,-1.3359090189624113e-7,-0.9702114462852478],5,2.676839590072632],[[742.4057006835938,229.66604614257813,51.58819580078125,-0.9994245171546936,-2.1115882375966067e-8,0.03392048180103302,-2.5137286030485485e-8,1,-1.181274029704582e-7,-0.03392048180103302,-1.1891209084069487e-7,-0.9994245171546936],5,2.6851699352264406],[[742.2728271484375,229.44349670410157,51.59760284423828,-0.9984940886497498,-3.339665610724296e-8,0.0548592284321785,-3.8972054028363348e-8,1,-1.0056122334844986e-7,-0.0548592284321785,-1.0254775872908795e-7,-0.9984940886497498],5,2.693060874938965],[[742.1395874023438,229.2073211669922,51.60060119628906,-0.9969907999038696,-4.558004107479974e-8,0.0775197297334671,-5.21163237010569e-8,1,-8.229461201381128e-8,-0.0775197297334671,-8.608701307366573e-8,-0.9969907999038696],5,2.701780080795288],[[741.7396850585938,228.4170379638672,51.59735870361328,-0.9673401713371277,-7.51389706010741e-8,0.2534816265106201,-8.323343791971638e-8,1,-2.12089616979938e-8,-0.2534816265106201,-4.1614427459535366e-8,-0.9673401713371277],5,2.7313036918640138],[[741.4817504882813,227.82205200195313,51.617698669433597,-0.9781284332275391,-1.0425173257999632e-7,0.2080017775297165,-1.0240397330107953e-7,1,1.9651254845598488e-8,-0.2080017775297165,-2.0787560561785769e-9,-0.9781284332275391],5,2.7563252449035646],[[741.177978515625,227.00169372558595,51.695770263671878,-0.969245433807373,-1.3778846152945335e-7,0.2460961639881134,-1.2360195000837849e-7,1,7.309267147093124e-8,-0.2460961639881134,4.042676948756707e-8,-0.969245433807373],5,2.775867223739624],[[740.948974609375,226.28408813476563,51.8006591796875,-0.9734014868736267,-1.1633134278099533e-7,0.22910605370998383,-9.97993083728943e-8,1,8.374526316856645e-8,-0.22910605370998383,5.86531356816522e-8,-0.9734014868736267],5,2.7816083431243898],[[740.8389282226563,225.90484619140626,51.8673210144043,-0.9847281575202942,-9.425609448499017e-8,0.17409902811050416,-8.093245895679502e-8,1,8.362839309938863e-8,-0.17409902811050416,6.82609737623352e-8,-0.9847281575202942],5,2.7884609699249269],[[740.7318725585938,225.51197814941407,51.943443298339847,-0.9872381687164307,-7.45317620953756e-8,0.15925072133541108,-6.207710612216033e-8,1,8.318251332184446e-8,-0.15925072133541108,7.223513165399709e-8,-0.9872381687164307],5,2.7984182834625246],[[740.3678588867188,224.0296630859375,52.23473358154297,-0.9620240330696106,-1.70825380507722e-8,0.27296486496925356,3.0047966337320988e-9,1,7.317141381690817e-8,-0.27296486496925356,7.121285960920432e-8,-0.9620240330696106],5,2.8290886878967287],[[740.2698364257813,223.98448181152345,52.313724517822269,-0.9934821724891663,1.154667117475583e-8,0.11398760974407196,1.97218898989604e-8,1,7.059254869545839e-8,-0.11398760974407196,7.238049448687889e-8,-0.9934821724891663],12,2.8397715091705324],[[740.1373291015625,224.10301208496095,52.420528411865237,-0.9950295090675354,3.600938924819275e-8,0.09958064556121826,4.290269473017361e-8,1,6.708187783033282e-8,-0.09958064556121826,7.102072174802743e-8,-0.9950295090675354],12,2.850728988647461],[[740.022216796875,224.2418670654297,52.51331329345703,-0.9958103895187378,5.9409426711454219e-8,0.09144236892461777,6.552638609491624e-8,1,6.389194595612935e-8,-0.09144236892461777,6.961614928968629e-8,-0.9958103895187378],12,2.8990771770477297],[[739.7489624023438,224.75509643554688,52.73356246948242,-0.9976142644882202,6.374183669777267e-8,0.06903458386659622,6.53145804108135e-8,1,2.052474812330729e-8,-0.06903458386659622,2.4984746715972507e-8,-0.9976142644882202],12,2.90788197517395],[[739.7399291992188,224.9884033203125,52.740848541259769,-0.9984118342399597,2.1529690030774874e-8,0.05633653327822685,2.0539095757499127e-8,1,-1.8162500836638175e-8,-0.05633653327822685,-1.6976553496306225e-8,-0.9984118342399597],12,2.9344239234924318],[[739.7354125976563,225.07664489746095,52.81825637817383,-0.9996445178985596,-4.477086257281826e-9,0.02666253037750721,-5.602686758976461e-9,1,-4.214185977957641e-8,-0.02666253037750721,-4.227626249075911e-8,-0.9996445178985596],8,2.941864013671875],[[739.7315063476563,225.11129760742188,52.93076705932617,-0.9999401569366455,-2.2127739640609435e-8,0.010938439518213272,-2.2767814300550527e-8,1,-5.839152095177269e-8,-0.010938439518213272,-5.8637073863110348e-8,-0.9999401569366