[[[776,222.69961547851563,47,1,-9.761311048350763e-8,1.619000818283388e-14,9.761311048350763e-8,1,-1.0433242714213975e-8,-1.5171586589032144e-14,1.0433242714213975e-8,1],8,0.010277509689331055],[[776,222.69961547851563,47,1,-9.761311048350763e-8,1.619000818283388e-14,9.761311048350763e-8,1,-1.0433242714213975e-8,-1.5171586589032144e-14,1.0433242714213975e-8,1],8,0.010405540466308594],[[776,222.69961547851563,47,1,-4.4808583510302927e-8,1.5864378224723226e-14,4.4808583510302927e-8,1,-4.789300511731653e-9,-1.564977565127277e-14,4.789300511731653e-9,1],8,0.03176116943359375],[[776,222.69961547851563,47,1,-4.4808583510302927e-8,1.5864378224723226e-14,4.4808583510302927e-8,1,-4.789300511731653e-9,-1.564977565127277e-14,4.789300511731653e-9,1],8,0.03185582160949707],[[776,222.69961547851563,47,1,-9.64316182461289e-9,1.5812688886149979e-14,9.64316182461289e-9,1,-1.0306894226985719e-9,-1.5802749801546897e-14,1.0306894226985719e-9,1],8,0.06052255630493164],[[776,222.69961547851563,47,1,-9.64316182461289e-9,1.5812688886149979e-14,9.64316182461289e-9,1,-1.0306894226985719e-9,-1.5802749801546897e-14,1.0306894226985719e-9,1],8,0.060663700103759769],[[776,222.69961547851563,47,1,4.304863665538505e-8,1.5982549485260568e-14,-4.304863665538505e-8,1,4.601207859167289e-9,-1.5784474218676938e-14,-4.601207859167289e-9,1],8,0.07357001304626465],[[776,222.69961547851563,47,1,4.304863665538505e-8,1.5982549485260568e-14,-4.304863665538505e-8,1,4.601207859167289e-9,-1.5784474218676938e-14,-4.601207859167289e-9,1],8,0.0736703872680664],[[776,222.69961547851563,47,1,6.936920726730023e-8,1.6178502087278377e-14,-6.936920726730023e-8,1,7.4144508310780569e-9,-1.566416674104662e-14,-7.4144508310780569e-9,1],8,0.08568143844604492],[[776,222.69961547851563,47,1,6.936920726730023e-8,1.6178502087278377e-14,-6.936920726730023e-8,1,7.4144508310780569e-9,-1.566416674104662e-14,-7.4144508310780569e-9,1],8,0.08600473403930664],[[776,222.69961547851563,47,1,8.690687991474988e-8,1.6350160090303039e-14,-8.690687991474988e-8,1,9.288943836338604e-9,-1.5542886869592856e-14,-9.288943836338604e-9,1],8,0.09629344940185547],[[776,222.69961547851563,47,1,8.690687991474988e-8,1.6350160090303039e-14,-8.690687991474988e-8,1,9.288943836338604e-9,-1.5542886869592856e-14,-9.288943836338604e-9,1],8,0.09639430046081543],[[776,222.69961547851563,47,1,1.0443706344176462e-7,1.655458640992518e-14,-1.0443706344176462e-7,1,1.116263703693221e-8,-1.5388794635828354e-14,-1.116263703693221e-8,1],8,0.10587787628173828],[[776,222.69961547851563,47,1,1.0443706344176462e-7,1.655458640992518e-14,-1.0443706344176462e-7,1,1.116263703693221e-8,-1.5388794635828354e-14,-1.116263703693221e-8,1],8,0.10604238510131836],[[776,222.69961547851563,47,1,9.590638683221187e-8,1.6500693091623179e-14,-9.590638683221187e-8,1,1.0250842841230679e-8,-1.5517572442931214e-14,-1.0250842841230679e-8,1],8,0.11667537689208985],[[776,222.69961547851563,47,1,9.590638683221187e-8,1.6500693091623179e-14,-9.590638683221187e-8,1,1.0250842841230679e-8,-1.5517572442931214e-14,-1.0250842841230679e-8,1],8,0.1168816089630127],[[776,222.69961547851563,47,1,6.998079982167838e-8,1.6307705104920759e-14,-6.998079982167838e-8,1,7.479814101429838e-9,-1.5784262460440125e-14,-7.479814101429838e-9,1],8,0.12845396995544434],[[776,222.69961547851563,47,1,6.998079982167838e-8,1.6307705104920759e-14,-6.998079982167838e-8,1,7.479814101429838e-9,-1.5784262460440125e-14,-7.479814101429838e-9,1],8,0.12859058380126954],[[776,222.69961547851563,47,1,3.5439182255458948e-8,1.616199341513639e-14,-3.5439182255458948e-8,1,3.7878695735571458e-9,-1.6027753939589635e-14,-3.7878695735571458e-9,1],8,0.14432954788208009],[[776,222.69961547851563,47,1,3.5439182255458948e-8,1.616199341513639e-14,-3.5439182255458948e-8,1,3.7878695735571458e-9,-1.6027753939589635e-14,-3.7878695735571458e-9,1],8,0.14444470405578614],[[776,222.69961547851563,47,1,1.8179443728172374e-8,1.6136936486490714e-14,-1.8179443728172374e-8,1,1.9430803632758399e-9,-1.610161182445842e-14,-1.9430803632758399e-9,1],8,0.1559286117553711],[[776,222.69961547851563,47,1,1.8179443728172374e-8,1.6136936486490714e-14,-1.8179443728172374e-8,1,1.9430803632758399e-9,-1.610161182445842e-14,-1.9430803632758399e-9,1],8,0.1562201976776123],[[776,222.69961547851563,47,1,-7.696336901119594e-9,1.61589983066349e-14,7.696336901119594e-9,1,-8.226259118337964e-10,-1.6152665888321227e-14,8.226259118337964e-10,1],8,0.16678404808044434],[[776,222.69961547851563,47,1,-7.696336901119594e-9,1.61589983066349e-14,7.696336901119594e-9,1,-8.226259118337964e-10,-1.6152665888321227e-14,8.226259118337964e-10,1],8,0.16690421104431153],[[776,222.69961547851563,47,1,-3.355553346295892e-8,1.6252515826209458e-14,3.355553346295892e-8,1,-3.5865601599738285e-9,-1.6132165996931778e-14,3.5865601599738285e-9,1],8,0.1797924041748047],[[776,222.69961547851563,47,1,-3.355553346295892e-8,1.6252515826209458e-14,3.355553346295892e-8,1,-3.5865601599738285e-9,-1.6132165996931778e-14,3.5865601599738285e-9,1],8,0.17992305755615235],[[776,222.69961547851563,47,1,-6.800868135314886e-8,1.648812481675182e-14,6.800868135314886e-8,1,-7.2690515828810479e-9,-1.5993765895548109e-14,7.2690515828810479e-9,1],8,0.19443345069885255],[[776,222.69961547851563,47,1,-6.800868135314886e-8,1.648812481675182e-14,6.800868135314886e-8,1,-7.2690515828810479e-9,-1.5993765895548109e-14,7.2690515828810479e-9,1],8,0.19456267356872559],[[776,222.69961547851563,47,1,-1.0243238790508258e-7,1.685020429664872e-14,1.0243238790508258e-7,1,-1.0948396855781084e-8,-1.5728732674484027e-14,1.0948396855781084e-8,1],8,0.2241966724395752],[[776,222.69961547851563,47,1,-1.0243238790508258e-7,1.685020429664872e-14,1.0243238790508258e-7,1,-1.0948396855781084e-8,-1.5728732674484027e-14,1.0948396855781084e-8,1],8,0.2243030071258545],[[776,222.69961547851563,47,1,-9.106663867441967e-8,1.6797556116779183e-14,9.106663867441967e-8,1,-9.733576611381523e-9,-1.59111530781365e-14,9.733576611381523e-9,1],8,0.2341926097869873],[[776,222.69961547851563,47,1,-9.106663867441967e-8,1.6797556116779183e-14,9.106663867441967e-8,1,-9.733576611381523e-9,-1.59111530781365e-14,9.733576611381523e-9,1],8,0.2343134880065918],[[776,222.69961547851563,47,1,-5.300635308458368e-8,1.6562973730168893e-14,5.300635308458368e-8,1,-5.665533375776022e-9,-1.6262663280917565e-14,5.665533375776022e-9,1],8,0.2580575942993164],[[776,222.69961547851563,47,1,-5.300635308458368e-8,1.6562973730168893e-14,5.300635308458368e-8,1,-5.665533375776022e-9,-1.6262663280917565e-14,5.665533375776022e-9,1],8,0.25816869735717776],[[776,222.69961547851563,47,1,-1.4978585483049757e-8,1.6483925227399333e-14,1.4978585483049757e-8,1,-1.6009653602822028e-9,-1.6459945724662564e-14,1.6009653602822028e-9,1],8,0.2670729160308838],[[776,222.69961547851563,47,1,-1.4978585483049757e-8,1.6483925227399333e-14,1.4978585483049757e-8,1,-1.6009653602822028e-9,-1.6459945724662564e-14,1.6009653602822028e-9,1],8,0.267167329788208],[[776,222.69961547851563,47,1,1.3520915942422107e-8,1.6526039705536817e-14,-1.3520915942422107e-8,1,1.4451819740912697e-9,-1.6506500349509555e-14,-1.4451819740912697e-9,1],8,0.2765011787414551],[[776,222.69961547851563,47,1,1.3520915942422107e-8,1.6526039705536817e-14,-1.3520915942422107e-8,1,1.4451819740912697e-9,-1.6506500349509555e-14,-1.4451819740912697e-9,1],8,0.27661728858947756],[[776,222.69961547851563,47,1,3.2510435232779858e-8,1.6602284529250965e-14,-3.2510435232779858e-8,1,3.4748623978231309e-9,-1.6489315745075659e-14,-3.4748623978231309e-9,1],8,0.2883901596069336],[[776,222.69961547851563,47,1,3.2510435232779858e-8,1.6602284529250965e-14,-3.2510435232779858e-8,1,3.4748623978231309e-9,-1.6489315745075659e-14,-3.4748623978231309e-9,1],8,0.28852152824401858],[[776,222.69961547851563,47,1,6.097950233652227e-8,1.6788775773247945e-14,-6.097950233652227e-8,1,6.517757444868266e-9,-1.6391325891539598e-14,-6.517757444868266e-9,1],8,0.2986767292022705],[[776,222.69961547851563,47,1,6.097950233652227e-8,1.6788775773247945e-14,-6.097950233652227e-8,1,6.517757444868266e-9,-1.6391325891539598e-14,-6.517757444868266e-9,1],8,0.29880547523498537],[[776,222.69961547851563,47,1,7.994874096084459e-8,1.696111140263041e-14,-7.994874096084459e-8,1,8.545271157345269e-9,-1.627792850869298e-14,-8.545271157345269e-9,1],8,0.31050729751586916],[[776,222.69961547851563,47,1,7.994874096084459e-8,1.696111140263041e-14,-7.994874096084459e-8,1,8.545271157345269e-9,-1.627792850869298e-14,-8.545271157345269e-9,1],8,0.3144540786743164],[[776,222.69961547851563,47,-0.9591248631477356,-1.2497645585085593e-8,0.2829832434654236,-1.1099621666232906e-8,1,6.543576347439739e-9,-0.2829832434654236,3.1350999574186746e-9,-0.9591248631477356],8,0.3360152244567871],[[776,222.69961547851563,47,-0.9591248631477356,-1.2497645585085593e-8,0.2829832434654236,-1.1099621666232906e-8,1,6.543576347439739e-9,-0.2829832434654236,3.1350999574186746e-9,-0.9591248631477356],8,0.3361091613769531],[[776,222.69961547851563,47,-0.9992585182189941,4.723263913319897e-8,0.038501717150211337,4.7336587982726999e-8,1,1.7882688663206637e-9,-0.038501717150211337,3.609482712718659e-9,-0.9992585182189941],8,0.37052416801452639],[[776,222.69961547851563,47,-0.9992585182189941,4.723263913319897e-8,0.038501717150211337,4.7336587982726999e-8,1,1.7882688663206637e-9,-0.038501717150211337,3.609482712718659e-9,-0.9992585182189941],8,0.370607852935791],[[776,222.69961547851563,47,-0.9996943473815918,9.585046711890755e-8,-0.0247228741645813,9.586334925870688e-8,1,6.641576177912611e-10,0.0247228741645813,-1.7060628465515038e-9,-0.9996943473815918],8,0.3925442695617676],[[776,222.69961547851563,47,-0.9996943473815918,9.585046711890755e-8,-0.0247228741645813,9.586334925870688e-8,1,6.641576177912611e-10,0.0247228741645813,-1.7060628465515038e-9,-0.9996943473815918],8,0.39263319969177248],[[775.7081909179688,222.69961547851563,47.00619125366211,-0.9995957612991333,8.182144739521391e-8,-0.02843148075044155,8.186582078906213e-8,1,-3.967840223051411e-10,0.02843148075044155,-2.7241902067487446e-9,-0.9995957612991333],8,0.41455745697021487],[[775.7081909179688,222.69961547851563,47.00619125366211,-0.9995957612991333,8.182144739521391e-8,-0.02843148075044155,8.186582078906213e-8,1,-3.967840223051411e-10,0.02843148075044155,-2.7241902067487446e-9,-0.9995957612991333],8,0.4146301746368408],[[775.3754272460938,222.69961547851563,47.01530075073242,-0.9995515942573547,4.0104833232135209e-8,-0.029943883419036866,4.0160433201208437e-8,1,-1.2554072226222957e-9,0.029943883419036866,-2.4574036139313195e-9,-0.9995515942573547],8,0.43887925148010256],[[775.3754272460938,222.69961547851563,47.01530075073242,-0.9995515942573547,4.0104833232135209e-8,-0.029943883419036866,4.0160433201208437e-8,1,-1.2554072226222957e-9,0.029943883419036866,-2.4574036139313195e-9,-0.9995515942573547],8,0.4390692710876465],[[775.0421752929688,222.69961547851563,47.025211334228519,-0.9994977712631226,-1.567402541091667e-9,-0.03168962523341179,-1.498862922666433e-9,1,-2.186598235809356e-9,0.03168962523341179,-2.1380015535754639e-9,-0.9994977712631226],8,0.45641398429870608],[[775.0421752929688,222.69961547851563,47.025211334228519,-0.9994977712631226,-1.567402541091667e-9,-0.03168962523341179,-1.498862922666433e-9,1,-2.186598235809356e-9,0.03168962523341179,-2.1380015535754639e-9,-0.9994977712631226],8,0.45648980140686037],[[774.7755737304688,222.69961547851563,47.03358840942383,-0.9994978308677673,-3.486966093646515e-8,-0.031687043607234958,-3.479426524677365e-8,1,-2.9307682947177229e-9,0.031687043607234958,-1.8267691803686149e-9,-0.9994978308677673],8,0.46622228622436526],[[774.7755737304688,222.69961547851563,47.03358840942383,-0.9994978308677673,-3.486966093646515e-8,-0.031687043607234958,-3.479426524677365e-8,1,-2.9307682947177229e-9,0.031687043607234958,-1.8267691803686149e-9,-0.9994978308677673],8,0.466306209564209],[[774.5756225585938,222.69961547851563,47.0399284362793,-0.9995517134666443,-5.982444406527066e-8,-0.029939079657197,-5.974808914288588e-8,1,-3.444840412925032e-9,0.029939079657197,-1.6544933201245727e-9,-0.9995517134666443],8,0.48534727096557619],[[774.5756225585938,222.69961547851563,47.0399284362793,-0.9995517134666443,-5.982444406527066e-8,-0.029939079657197,-5.974808914288588e-8,1,-3.444840412925032e-9,0.029939079657197,-1.6544933201245727e-9,-0.9995517134666443],8,0.48543882369995119],[[774.3090209960938,222.69961547851563,47.0479850769043,-0.9997363686561585,-9.30639245666498e-8,-0.022961119189858438,-9.29989525388919e-8,1,-3.897665301622055e-9,0.022961119189858438,-1.7612776792574892e-9,-0.9997363686561585],8,0.49262380599975588],[[774.3090209960938,222.69961547851563,47.0479850769043,-0.9997363686561585,-9.30639245666498e-8,-0.022961119189858438,-9.29989525388919e-8,1,-3.897665301622055e-9,0.022961119189858438,-1.7612776792574892e-9,-0.9997363686561585],8,0.49271678924560549],[[774.1757202148438,222.69961547851563,47.05128479003906,-0.9998104572296143,-1.0967278996076857e-7,-0.019468598067760469,-1.0961441176959852e-7,1,-4.0658907352053578e-9,0.019468598067760469,-1.931081072825691e-9,-0.9998104572296143],8,0.5101916790008545],[[774.1757202148438,222.69961547851563,47.05128479003906,-0.9998104572296143,-1.0967278996076857e-7,-0.019468598067760469,-1.0961441176959852e-7,1,-4.0658907352053578e-9,0.019468598067760469,-1.931081072825691e-9,-0.9998104572296143],8,0.510277509689331],[[773.9091186523438,222.69961547851563,47.0566520690918,-0.9999423027038574,-8.948651242235428e-8,-0.010741355828940869,-8.946361873540809e-8,1,-2.6114985729464026e-9,0.010741355828940869,-1.6503873823126015e-9,-0.9999423027038574],8,0.5183501243591309],[[773.9091186523438,222.69961547851563,47.0566520690918,-0.9999423027038574,-8.948651242235428e-8,-0.010741355828940869,-8.946361873540809e-8,1,-2.6114985729464026e-9,0.010741355828940869,-1.6503873823126015e-9,-0.9999423027038574],8,0.5184357166290283],[[773.7758178710938,222.69961547851563,47.05838394165039,-0.999984860420227,-7.050651618101256e-8,-0.00550133315846324,-7.04980465116023e-8,1,-1.7340672231469512e-9,0.00550133315846324,-1.3462077008696838e-9,-0.999984860420227],8,0.5284476280212402],[[773.7758178710938,222.69961547851563,47.05838394165039,-0.999984860420227,-7.050651618101256e-8,-0.00550133315846324,-7.04980465116023e-8,1,-1.7340672231469512e-9,0.00550133315846324,-1.3462077008696838e-9,-0.999984860420227],8,0.5285658836364746],[[773.6425170898438,222.69961547851563,47.05934143066406,-0.999998927116394,-5.153339444063931e-8,0.0014769757399335504,-5.153491144938016e-8,1,-9.89322623823341e-10,-0.0014769757399335504,-1.065437404967895e-9,-0.999998927116394],8,0.542442798614502],[[773.6425170898438,222.69961547851563,47.05934143066406,-0.999998927116394,-5.153339444063931e-8,0.0014769757399335504,-5.153491144938016e-8,1,-9.89322623823341e-10,-0.0014769757399335504,-1.065437404967895e-9,-0.999998927116394],8,0.5425524711608887],[[773.3759155273438,222.69961547851563,47.05925369262695,-0.9998204708099365,-1.3607205140431234e-8,0.018948109820485116,-1.3612741156521225e-8,1,-1.632144974728078e-10,-0.018948109820485116,-4.211209159166174e-10,-0.9998204708099365],8,0.5516483783721924],[[773.3759155273438,222.69961547851563,47.05925369262695,-0.9998204708099365,-1.3607205140431234e-8,0.018948109820485116,-1.3612741156521225e-8,1,-1.632144974728078e-10,-0.018948109820485116,-4.211209159166174e-10,-0.9998204708099365],8,0.5517737865447998],[[773.1759643554688,222.69961547851563,47.056129455566409,-0.9995667934417725,1.4801488923410489e-8,0.029431117698550226,1.4812551185627854e-8,1,1.5785543705515438e-10,-0.029431117698550226,5.937370040065559e-10,-0.9995667934417725],8,0.5638360977172852],[[773.1759643554688,222.69961547851563,47.056129455566409,-0.9995667934417725,1.4801488923410489e-8,0.029431117698550226,1.4812551185627854e-8,1,1.5785543705515438e-10,-0.029431117698550226,5.937370040065559e-10,-0.9995667934417725],8,0.5639281272888184],[[773.0426635742188,222.69961547851563,47.05259704589844,-0.9989007711410523,3.371444279309799e-8,0.04687495529651642,3.375347290557329e-8,1,4.113948418038582e-11,-0.04687495529651642,1.6232868382815014e-9,-0.9989007711410523],8,0.5754714012145996],[[773.0426635742188,222.69961547851563,47.05259704589844,-0.9989007711410523,3.371444279309799e-8,0.04687495529651642,3.375347290557329e-8,1,4.113948418038582e-11,-0.04687495529651642,1.6232868382815014e-9,-0.9989007711410523],8,0.5755853652954102],[[772.8428955078125,222.69961547851563,47.0439453125,-0.9987308979034424,6.208176017707956e-8,0.050365086644887927,6.214889936018153e-8,1,-2.330637904890409e-10,-0.050365086644887927,2.89736656888806e-9,-0.9987308979034424],8,0.5855786800384522],[[772.8428955078125,222.69961547851563,47.0439453125,-0.9987308979034424,6.208176017707956e-8,0.050365086644887927,6.214889936018153e-8,1,-2.330637904890409e-10,-0.050365086644887927,2.89736656888806e-9,-0.9987308979034424],8,0.5856919288635254],[[772.709716796875,222.69961547851563,47.037384033203128,-0.9986405372619629,8.098192694205864e-8,0.05212515592575073,8.106871973723173e-8,1,-4.4911263596958408e-10,-0.05212515592575073,3.777217649769682e-9,-0.9986405372619629],8,0.5964791774749756],[[772.709716796875,222.69961547851563,47.037384033203128,-0.9986405372619629,8.098192694205864e-8,0.05212515592575073,8.106871973723173e-8,1,-4.4911263596958408e-10,-0.05212515592575073,3.777217649769682e-9,-0.9986405372619629],8,0.5965836048126221],[[772.5099487304688,222.69961547851563,47.02705001831055,-0.9986411333084106,1.0932486560477628e-7,0.052114445716142657,1.0943330153168063e-7,1,-7.727088968678686e-10,-0.052114445716142657,4.9313970684750078e-9,-0.9986411333084106],8,0.6089503765106201],[[772.5099487304688,222.69961547851563,47.02705001831055,-0.9986411333084106,1.0932486560477628e-7,0.052114445716142657,1.0943330153168063e-7,1,-7.727088968678686e-10,-0.052114445716142657,4.9313970684750078e-9,-0.9986411333084106],8,0.6090528964996338],[[772.2435913085938,222.69961547851563,47.013153076171878,-0.998640775680542,9.199339956467156e-8,0.0521206334233284,9.207955287138248e-8,1,-7.482844899264762e-10,-0.0521206334233284,4.051977420260755e-9,-0.998640775680542],8,0.6373291015625],[[772.2435913085938,222.69961547851563,47.013153076171878,-0.998640775680542,9.199339956467156e-8,0.0521206334233284,9.207955287138248e-8,1,-7.482844899264762e-10,-0.0521206334233284,4.051977420260755e-9,-0.998640775680542],8,0.6374397277832031],[[771.91064453125,222.69961547851563,46.99577713012695,-0.9986406564712524,4.740645564993429e-8,0.05212325230240822,4.744343229390324e-8,1,-5.278518178108982e-10,-0.05212325230240822,1.945771765932136e-9,-0.9986406564712524],8,0.6446716785430908],[[771.91064453125,222.69961547851563,46.99577713012695,-0.9986406564712524,4.740645564993429e-8,0.05212325230240822,4.744343229390324e-8,1,-5.278518178108982e-10,-0.05212325230240822,1.945771765932136e-9,-0.9986406564712524],8,0.6447789669036865],[[771.7774658203125,222.69961547851563,46.988826751708987,-0.9986408352851868,2.958502420824516e-8,0.05211944133043289,2.9602336582001955e-8,1,-4.398127972926602e-10,-0.05211944133043289,1.103642177646691e-9,-0.9986408352851868],8,0.6534876823425293],[[771.7774658203125,222.69961547851563,46.988826751708987,-0.9986408352851868,2.958502420824516e-8,0.05211944133043289,2.9602336582001955e-8,1,-4.398127972926602e-10,-0.05211944133043289,1.103642177646691e-9,-0.9986408352851868],8,0.653592586517334],[[771.5776977539063,222.69961547851563,46.97840118408203,-0.9986411333084106,2.8671538476743309e-9,0.05211396515369415,2.8549838049229949e-9,1,-3.079717592058273e-10,-0.05211396515369415,-1.5876874814857445e-10,-0.9986411333084106],8,0.6682109832763672],[[771.5776977539063,222.69961547851563,46.97840118408203,-0.9986411333084106,2.8671538476743309e-9,0.05211396515369415,2.8549838049229949e-9,1,-3.079717592058273e-10,-0.05211396515369415,-1.5876874814857445e-10,-0.9986411333084106],8,0.6683366298675537],[[771.3779296875,222.69961547851563,46.96797561645508,-0.9986410140991211,-2.3833596429767568e-8,0.05211634561419487,-2.3875221799585235e-8,1,-1.7615152392291834e-10,-0.05211634561419487,-1.4202015119479939e-9,-0.9986410140991211],8,0.6790573596954346],[[771.3779296875,222.69961547851563,46.96797561645508,-0.9986410140991211,-2.3833596429767568e-8,0.05211634561419487,-2.3875221799585235e-8,1,-1.7615152392291834e-10,-0.05211634561419487,-1.4202015119479939e-9,-0.9986410140991211],8,0.6791543960571289],[[771.2447509765625,222.69961547851563,46.96102523803711,-0.998640775680542,-4.1624581115229378e-8,0.0521206296980381,-4.168584055719293e-8,1,-8.824167091470159e-11,-0.0521206296980381,-2.2608139804702889e-9,-0.998640775680542],8,0.6928596496582031],[[771.2447509765625,222.69961547851563,46.96102523803711,-0.998640775680542,-4.1624581115229378e-8,0.0521206296980381,-4.168584055719293e-8,1,-8.824167091470159e-11,-0.0521206296980381,-2.2608139804702889e-9,-0.998640775680542],8,0.6929690837860107],[[770.9118041992188,222.69961547851563,46.94364929199219,-0.9986408948898315,-8.60688018633482e-8,0.05211920291185379,-8.617908520136553e-8,1,1.3130409259876075e-10,-0.05211920291185379,-4.3604595489910029e-9,-0.9986408948898315],8,0.7074670791625977],[[770.9118041992188,222.69961547851563,46.94364929199219,-0.9986408948898315,-8.60688018633482e-8,0.05211920291185379,-8.617908520136553e-8,1,1.3130409259876075e-10,-0.05211920291185379,-4.3604595489910029e-9,-0.9986408948898315],8,0.7075595855712891],[[770.7120361328125,222.69961547851563,46.933223724365237,-0.998640775680542,-1.1271254152234178e-7,0.052121106535196307,-1.1285222711876486e-7,1,2.6296911870282715e-10,-0.052121106535196307,-5.6193711905905278e-9,-0.998640775680542],8,0.7215731143951416],[[770.7120361328125,222.69961547851563,46.933223724365237,-0.998640775680542,-1.1271254152234178e-7,0.052121106535196307,-1.1285222711876486e-7,1,2.6296911870282715e-10,-0.052121106535196307,-5.6193711905905278e-9,-0.998640775680542],8,0.7217097282409668],[[770.3790893554688,223.7697296142578,46.91584777832031,-0.998640775680542,-1.57080847884572e-7,0.05212158337235451,-1.5726948277006159e-7,1,4.822435228923894e-10,-0.05212158337235451,-7.715546423980868e-9,-0.998640775680542],3,0.7483823299407959],[[770.3790893554688,223.7697296142578,46.91584777832031,-0.998640775680542,-1.57080847884572e-7,0.05212158337235451,-1.5726948277006159e-7,1,4.822435228923894e-10,-0.05212158337235451,-7.715546423980868e-9,-0.998640775680542],3,0.74849534034729],[[769.9795532226563,224.94143676757813,46.894996643066409,-0.9778701066970825,-1.1969677871093155e-7,0.20921285450458527,-1.1826543300230696e-7,1,1.9351293900626844e-8,-0.20921285450458527,-5.819596360367996e-9,-0.9778701066970825],5,0.7756586074829102],[[769.9795532226563,224.94143676757813,46.894996643066409,-0.9778701066970825,-1.1969677871093155e-7,0.20921285450458527,-1.1826543300230696e-7,1,1.9351293900626844e-8,-0.20921285450458527,-5.819596360367996e-9,-0.9778701066970825],5,0.775742769241333],[[769.6466064453125,225.82420349121095,46.8765983581543,-0.9761662483215332,-7.576812777188025e-8,0.21702410280704499,-7.032390669792221e-8,1,3.280879923295288e-8,-0.21702410280704499,1.6764857946327539e-8,-0.9761662483215332],5,0.7943756580352783],[[769.6466064453125,225.82420349121095,46.8765983581543,-0.9761662483215332,-7.576812777188025e-8,0.21702410280704499,-7.032390669792221e-8,1,3.280879923295288e-8,-0.21702410280704499,1.6764857946327539e-8,-0.9761662483215332],5,0.7944581508636475],[[769.3802490234375,226.46910095214845,46.86216354370117,-0.9841447472572327,-3.875920029372537e-8,0.17736726999282838,-3.215207655671293e-8,1,4.012523646679256e-8,-0.17736726999282838,3.378631419082012e-8,-0.9841447472572327],5,0.8027358055114746],[[769.3802490234375,226.46910095214845,46.86216354370117,-0.9841447472572327,-3.875920029372537e-8,0.17736726999282838,-3.215207655671293e-8,1,4.012523646679256e-8,-0.17736726999282838,3.378631419082012e-8,-0.9841447472572327],5,0.8028485774993897],[[769.2470703125,226.7711181640625,46.8558464050293,-0.9943296313285828,-1.7641154315128916e-8,0.10634197294712067,-1.3136092213983375e-8,1,4.3064360966127427e-8,-0.10634197294712067,4.142324883105175e-8,-0.9943296313285828],5,0.8121998310089111],[[769.2470703125,226.7711181640625,46.8558464050293,-0.9943296313285828,-1.7641154315128916e-8,0.10634197294712067,-1.3136092213983375e-8,1,4.3064360966127427e-8,-0.10634197294712067,4.142324883105175e-8,-0.9943296313285828],5,0.8122937679290772],[[769.1138916015625,227.0594940185547,46.850303649902347,-0.9950474500656128,1.3655057085060208e-9,0.0994013324379921,5.8859539464606318e-9,1,4.518347296311731e-8,-0.0994013324379921,4.5544769733396609e-8,-0.9950474500656128],5,0.8220937252044678],[[769.1138916015625,227.0594940185547,46.850303649902347,-0.9950474500656128,1.3655057085060208e-9,0.0994013324379921,5.8859539464606318e-9,1,4.518347296311731e-8,-0.0994013324379921,4.5544769733396609e-8,-0.9950474500656128],5,0.8222179412841797],[[768.9139404296875,227.46652221679688,46.84341812133789,-0.991414487361908,2.8151204034543299e-8,0.13075686991214753,3.448333529831871e-8,1,4.616257598399898e-8,-0.13075686991214753,5.027517957501004e-8,-0.991414487361908],5,0.8361570835113525],[[768.9139404296875,227.46652221679688,46.84341812133789,-0.991414487361908,2.8151204034543299e-8,0.13075686991214753,3.448333529831871e-8,1,4.616257598399898e-8,-0.13075686991214753,5.027517957501004e-8,-0.991414487361908],5,0.8362693786621094],[[768.7139892578125,227.8428955078125,46.837100982666019,-0.9920860528945923,5.6988959329373759e-8,0.1255597323179245,6.315970324521914e-8,1,4.5164949113996047e-8,-0.1255597323179245,5.273783187931258e-8,-0.9920860528945923],5,0.8463602066040039],[[768.7139892578125,227.8428955078125,46.837100982666019,-0.9920860528945923,5.6988959329373759e-8,0.1255597323179245,6.315970324521914e-8,1,4.5164949113996047e-8,-0.1255597323179245,5.273783187931258e-8,-0.9920860528945923],5,0.8464694023132324],[[768.3807373046875,228.40206909179688,46.828243255615237,-0.9825144410133362,1.0201839018009196e-7,0.1861865222454071,1.1091859164480411e-7,1,3.738576737077892e-8,-0.1861865222454071,5.7383601870242276e-8,-0.9825144410133362],5,0.8657310009002686],[[768.3807373046875,228.40206909179688,46.828243255615237,-0.9825144410133362,1.0201839018009196e-7,0.1861865222454071,1.1091859164480411e-7,1,3.738576737077892e-8,-0.1861865222454071,5.7383601870242276e-8,-0.9825144410133362],5,0.8658764362335205],[[768.2474365234375,228.6018829345703,46.82530212402344,-0.9964873194694519,1.2710798102943955e-7,0.08374396711587906,1.3037987400821295e-7,1,3.3601363469415449e-8,-0.08374396711587906,4.4401858190212809e-8,-0.9964873194694519],5,0.8751003742218018],[[768.2474365234375,228.6018829345703,46.82530212402344,-0.9964873194694519,1.2710798102943955e-7,0.08374396711587906,1.3037987400821295e-7,1,3.3601363469415449e-8,-0.08374396711587906,4.4401858190212809e-8,-0.9964873194694519],5,0.8751907348632813],[[768.1141357421875,228.7880859375,46.8228645324707,-0.9967741966247559,1.4712928475546506e-7,0.08025694638490677,1.4992954788795033e-7,1,2.8865132506439296e-8,-0.08025694638490677,4.080490612068388e-8,-0.9967741966247559],5,0.8842589855194092],[[768.1141357421875,228.7880859375,46.8228645324707,-0.9967741966247559,1.4712928475546506e-7,0.08025694638490677,1.4992954788795033e-7,1,2.8865132506439296e-8,-0.08025694638490677,4.080490612068388e-8,-0.9967741966247559],5,0.8843495845794678],[[767.9141845703125,229.0418243408203,46.819969177246097,-0.9943150877952576,1.4143702742330789e-7,0.10647788643836975,1.4385983604370268e-7,1,1.5073245762664557e-8,-0.10647788643836975,3.0305447040746e-8,-0.9943150877952576],5,0.8945870399475098],[[767.9141845703125,229.0418243408203,46.819969177246097,-0.9943150877952576,1.4143702742330789e-7,0.10647788643836975,1.4385983604370268e-7,1,1.5073245762664557e-8,-0.10647788643836975,3.0305447040746e-8,-0.9943150877952576],5,0.8947088718414307],[[767.7808837890625,229.1939697265625,46.818824768066409,-0.9973100423812866,1.2760990841798049e-7,0.07329818606376648,1.2826799888898678e-7,1,4.270981790455153e-9,-0.07329818606376648,1.3661304087975168e-8,-0.9973100423812866],5,0.904482364654541],[[767.7808837890625,229.1939697265625,46.818824768066409,-0.9973100423812866,1.2760990841798049e-7,0.07329818606376648,1.2826799888898678e-7,1,4.270981790455153e-9,-0.07329818606376648,1.3661304087975168e-8,-0.9973100423812866],5,0.9046046733856201],[[767.6475830078125,229.3324737548828,46.817893981933597,-0.9973100423812866,1.1275693623247207e-7,0.07329817861318588,1.1264997112903075e-7,1,-5.59344792705474e-9,-0.07329817861318588,2.67863531355772e-9,-0.9973100423812866],5,0.9139933586120606],[[767.6475830078125,229.3324737548828,46.817893981933597,-0.9973100423812866,1.1275693623247207e-7,0.07329817861318588,1.1264997112903075e-7,1,-5.59344792705474e-9,-0.07329817861318588,2.67863531355772e-9,-0.9973100423812866],5,0.9141011238098145],[[767.4476318359375,229.5146942138672,46.8165397644043,-0.9943150877952576,9.040695658768527e-8,0.10647799074649811,8.896292058580002e-8,1,-1.831166507315629e-8,-0.10647799074649811,-8.7349718569385e-9,-0.9943150877952576],5,0.9264430999755859],[[767.4476318359375,229.5146942138672,46.8165397644043,-0.9943150877952576,9.040695658768527e-8,0.10647799074649811,8.896292058580002e-8,1,-1.831166507315629e-8,-0.10647799074649811,-8.7349718569385e-9,-0.9943150877952576],5,0.9266402721405029],[[767.2476806640625,229.666259765625,46.815189361572269,-0.9943150281906128,6.793723628106818e-8,0.10647810995578766,6.521032247519543e-8,1,-2.909167129416801e-8,-0.10647810995578766,-2.1982813791510126e-8,-0.9943150281906128],5,0.9368042945861816],[[767.2476806640625,229.666259765625,46.815189361572269,-0.9943150281906128,6.793723628106818e-8,0.10647810995578766,6.521032247519543e-8,1,-2.909167129416801e-8,-0.10647810995578766,-2.1982813791510126e-8,-0.9943150281906128],5,0.93705153465271],[[767.1143798828125,229.75025939941407,46.81428909301758,-0.9973100423812866,5.1898311426157309e-8,0.07329841703176499,4.942830855725333e-8,1,-3.5511867224613528e-8,-0.07329841703176499,-3.179332708214133e-8,-0.9973100423812866],5,0.9476168155670166],[[767.1143798828125,229.75025939941407,46.81428909301758,-0.9973100423812866,5.1898311426157309e-8,0.07329841703176499,4.942830855725333e-8,1,-3.5511867224613528e-8,-0.07329841703176499,-3.179332708214133e-8,-0.9973100423812866],5,0.9477524757385254],[[766.9144287109375,229.85073852539063,46.81293869018555,-0.9943150281906128,3.0008663998160048e-8,0.10647822171449661,2.5547763016220416e-8,1,-4.32589644105974e-8,-0.10647822171449661,-4.029275757488904e-8,-0.9943150281906128],5,0.9589073657989502],[[766.9144287109375,229.85073852539063,46.81293869018555,-0.9943150281906128,3.0008663998160048e-8,0.10647822171449661,2.5547763016220416e-8,1,-4.32589644105974e-8,-0.10647822171449661,-4.029275757488904e-8,-0.9943150281906128],5,0.9590315818786621],[[766.7144775390625,229.92054748535157,46.811588287353519,-0.9943150281906128,6.7976100304179e-9,0.10647810250520706,1.56044832611002e-9,1,-4.9268653157241718e-8,-0.10647810250520706,-4.88224110029023e-8,-0.9943150281906128],5,0.9692528247833252],[[766.7144775390625,229.92054748535157,46.811588287353519,-0.9943150281906128,6.7976100304179e-9,0.10647810250520706,1.56044832611002e-9,1,-4.9268653157241718e-8,-0.10647810250520706,-4.88224110029023e-8,-0.9943150281906128],5,0.969388484954834],[[766.5145263671875,229.95970153808595,46.810237884521487,-0.9943150281906128,-1.671880056619557e-8,0.10647822171449661,-2.255247366633739e-8,1,-5.358337418215342e-8,-0.10647822171449661,-5.5680104082966866e-8,-0.9943150281906128],5,0.9807736873626709],[[766.5145263671875,229.95970153808595,46.810237884521487,-0.9943150281906128,-1.671880056619557e-8,0.10647822171449661,-2.255247366633739e-8,1,-5.358337418215342e-8,-0.10647822171449661,-5.5680104082966866e-8,-0.9943150281906128],5,0.9808990955352783],[[766.3812255859375,229.96878051757813,46.8093376159668,-0.9974369406700134,-3.458282193946616e-8,0.07155098021030426,-3.867662812240269e-8,1,-5.582976925211369e-8,-0.07155098021030426,-5.845402739623751e-8,-0.9974369406700134],5,0.9928395748138428],[[766.3812255859375,229.96878051757813,46.8093376159668,-0.9974369406700134,-3.458282193946616e-8,0.07155098021030426,-3.867662812240269e-8,1,-5.582976925211369e-8,-0.07155098021030426,-5.845402739623751e-8,-0.9974369406700134],5,0.9929566383361816],[[766.1812744140625,229.9568328857422,46.80827331542969,-0.9944998621940613,-5.666791480507527e-8,0.10473787784576416,-6.302798283286393e-8,1,-5.7413870990785657e-8,-0.10473787784576416,-6.369950966700344e-8,-0.9944998621940613],5,1.0041351318359376],[[766.1812744140625,229.9568328857422,46.80827331542969,-0.9944998621940613,-5.666791480507527e-8,0.10473787784576416,-6.302798283286393e-8,1,-5.7413870990785657e-8,-0.10473787784576416,-6.369950966700344e-8,-0.9944998621940613],5,1.0042710304260255],[[765.9813232421875,229.91424560546876,46.807273864746097,-0.994500458240509,-8.107417670544237e-8,0.10473206639289856,-8.75609771355812e-8,1,-5.733921071282566e-8,-0.10473206639289856,-6.61943175828128e-8,-0.994500458240509],5,1.0163853168487549],[[765.9813232421875,229.91424560546876,46.807273864746097,-0.994500458240509,-8.107417670544237e-8,0.10473206639289856,-8.75609771355812e-8,1,-5.733921071282566e-8,-0.10473206639289856,-6.61943175828128e-8,-0.994500458240509],5,1.0165534019470215],[[765.7813720703125,229.84100341796876,46.806278228759769,-0.9944998621940613,-1.0585705467747175e-7,0.10473786294460297,-1.1229679586222119e-7,1,-5.558732496524499e-8,-0.10473786294460297,-6.704331667606312e-8,-0.9944998621940613],5,1.0291051864624024],[[765.7813720703125,229.84100341796876,46.806278228759769,-0.9944998621940613,-1.0585705467747175e-7,0.10473786294460297,-1.1229679586222119e-7,1,-5.558732496524499e-8,-0.10473786294460297,-6.704331667606312e-8,-0.9944998621940613],5,1.0292384624481202],[[765.5814208984375,229.73709106445313,46.80528259277344,-0.9945002794265747,-1.3104238405503566e-7,0.10473418235778809,-1.3725637870720676e-7,1,-5.212358189510269e-8,-0.10473418235778809,-6.621235115744639e-8,-0.9945002794265747],5,1.0486841201782227],[[765.5814208984375,229.73709106445313,46.80528259277344,-0.9945002794265747,-1.3104238405503566e-7,0.10473418235778809,-1.3725637870720676e-7,1,-5.212358189510269e-8,-0.10473418235778809,-6.621235115744639e-8,-0.9945002794265747],5,1.048811674118042],[[765.2481689453125,229.49578857421876,46.80362319946289,-0.9853204488754273,-1.37074039230356e-7,0.17071513831615449,-1.4475666887392436e-7,1,-3.2555217188701138e-8,-0.17071513831615449,-5.678947445630911e-8,-0.9853204488754273],5,1.0614895820617676],[[765.2481689453125,229.49578857421876,46.80362319946289,-0.9853204488754273,-1.37074039230356e-7,0.17071513831615449,-1.4475666887392436e-7,1,-3.2555217188701138e-8,-0.17071513831615449,-5.678947445630911e-8,-0.9853204488754273],5,1.061640977859497],[[765.0482177734375,229.3101348876953,46.80262756347656,-0.994501531124115,-1.180653299570622e-7,0.10472182184457779,-1.19876887083592e-7,1,-1.1004530620084552e-8,-0.10472182184457779,-2.349774774756952e-8,-0.994501531124115],5,1.091186761856079],[[765.0482177734375,229.3101348876953,46.80262756347656,-0.994501531124115,-1.180653299570622e-7,0.10472182184457779,-1.19876887083592e-7,1,-1.1004530620084552e-8,-0.10472182184457779,-2.349774774756952e-8,-0.994501531124115],5,1.0912764072418213],[[764.6483154296875,228.84686279296876,46.800636291503909,-0.9794421792030335,-7.106777388798946e-8,0.20172499120235444,-6.788024364823286e-8,1,2.2719037318097436e-8,-0.20172499120235444,8.558844299955127e-9,-0.9794421792030335],5,1.0994889736175538],[[764.6483154296875,228.84686279296876,46.800636291503909,-0.9794421792030335,-7.106777388798946e-8,0.20172499120235444,-6.788024364823286e-8,1,2.2719037318097436e-8,-0.20172499120235444,8.558844299955127e-9,-0.9794421792030335],5,1.0995948314666749],[[764.5150146484375,228.66517639160157,46.80014419555664,-0.9975612163543701,-5.3145896572459608e-8,0.06979699432849884,-5.09533855108657e-8,1,3.319303587545619e-8,-0.06979699432849884,2.9555693004112983e-8,-0.9975612163543701],5,1.1088621616363526],[[764.5150146484375,228.66517639160157,46.80014419555664,-0.9975612163543701,-5.3145896572459608e-8,0.06979699432849884,-5.09533855108657e-8,1,3.319303587545619e-8,-0.06979699432849884,2.9555693004112983e-8,-0.9975612163543701],5,1.1089658737182618],[[764.3150634765625,228.3671112060547,46.79948806762695,-0.9950358867645264,-2.9719684491169575e-8,0.09951692074537277,-2.5174268003524959e-8,1,4.6930558994517926e-8,-0.09951692074537277,4.419232269015083e-8,-0.9950358867645264],5,1.1242339611053467],[[764.3150634765625,228.3671112060547,46.79948806762695,-0.9950358867645264,-2.9719684491169575e-8,0.09951692074537277,-2.5174268003524959e-8,1,4.6930558994517926e-8,-0.09951692074537277,4.419232269015083e-8,-0.9950358867645264],5,1.1245439052581788],[[764.1151123046875,228.03839111328126,46.799407958984378,-0.9953770041465759,-4.827521493666609e-9,0.09604515135288239,8.311357713175482e-10,1,5.887663334647186e-8,-0.09604515135288239,5.868427166433321e-8,-0.9953770041465759],5,1.139127492904663],[[764.1151123046875,228.03839111328126,46.799407958984378,-0.9953770041465759,-4.827521493666609e-9,0.09604515135288239,8.311357713175482e-10,1,5.887663334647186e-8,-0.09604515135288239,5.868427166433321e-8,-0.9953770041465759],5,1.1392359733581544],[[763.8485107421875,227.5524139404297,46.80026626586914,-0.9918490052223206,2.6732791980066396e-8,0.1274186074733734,3.6135482162080737e-8,1,7.148211267349325e-8,-0.1274186074733734,7.550379876875013e-8,-0.9918490052223206],5,1.1483376026153565],[[763.8485107421875,227.5524139404297,46.80026626586914,-0.9918490052223206,2.6732791980066396e-8,0.1274186074733734,3.6135482162080737e-8,1,7.148211267349325e-8,-0.1274186074733734,7.550379876875013e-8,-0.9918490052223206],5,1.148494005203247],[[763.7152099609375,227.2889862060547,46.80093765258789,-0.9981319308280945,4.901738037688119e-8,0.06109505891799927,5.383564172234401e-8,1,7.721893524603729e-8,-0.06109505891799927,8.036378318365678e-8,-0.9981319308280945],5,1.1589717864990235],[[763.7152099609375,227.2889862060547,46.80093765258789,-0.9981319308280945,4.901738037688119e-8,0.06109505891799927,5.383564172234401e-8,1,7.721893524603729e-8,-0.06109505891799927,8.036378318365678e-8,-0.9981319308280945],5,1.1590635776519776],[[763.5152587890625,226.86830139160157,46.802024841308597,-0.9955430030822754,7.251208700154166e-8,0.09430894255638123,8.079138069660985e-8,1,8.397093154144386e-8,-0.09430894255638123,9.121601607375851e-8,-0.9955430030822754],5,1.1683080196380616],[[763.5152587890625,226.86830139160157,46.802024841308597,-0.9955430030822754,7.251208700154166e-8,0.09430894255638123,8.079138069660985e-8,1,8.397093154144386e-8,-0.09430894255638123,9.121601607375851e-8,-0.9955430030822754],5,1.1684393882751465],[[763.3819580078125,226.57080078125,46.802757263183597,-0.9983389973640442,9.367018094508239e-8,0.057613104581832889,9.88993775763447e-8,1,8.791271710606452e-8,-0.057613104581832889,9.346459250991757e-8,-0.9983389973640442],5,1.179682731628418],[[763.3819580078125,226.57080078125,46.802757263183597,-0.9983389973640442,9.367018094508239e-8,0.057613104581832889,9.88993775763447e-8,1,8.791271710606452e-8,-0.057613104581832889,9.346459250991757e-8,-0.9983389973640442],5,1.1797823905944825],[[763.2486572265625,226.2596893310547,46.8038330078125,-0.9984379410743713,1.1190628157464744e-7,0.05587156489491463,1.1718226744505955e-7,1,9.115438359685868e-8,-0.05587156489491463,9.7559151868154e-8,-0.9984379410743713],5,1.1942903995513917],[[763.2486572265625,226.2596893310547,46.8038330078125,-0.9984379410743713,1.1190628157464744e-7,0.05587156489491463,1.1718226744505955e-7,1,9.115438359685868e-8,-0.05587156489491463,9.7559151868154e-8,-0.9984379410743713],5,1.194429874420166],[[762.9820556640625,225.59658813476563,46.80660629272461,-0.9925022125244141,1.1471968974774427e-7,0.12222669273614884,1.248673129339295e-7,1,7.536316815048849e-8,-0.12222669273614884,9.006023304891642e-8,-0.9925022125244141],5,1.