[[[776,222.69961547851563,47,1,-4.3727414578143e-8,-1.840330357994347e-14,4.3727414578143e-8,1,3.052281982718341e-8,1.7068620212427715e-14,-3.052281982718341e-8,1],8,0.02175450325012207],[[776,222.69961547851563,47,1,-7.2039743059804099e-9,-1.7992872071285506e-14,7.2039743059804099e-9,1,5.02850872052818e-9,1.7956646166197334e-14,-5.02850872052818e-9,1],8,0.047942161560058597],[[776,222.69961547851563,47,1,2.3196474074893559e-8,-1.8360308187540844e-14,-2.3196474074893559e-8,1,-1.619180167722334e-8,1.7984715144003447e-14,1.619180167722334e-8,1],8,0.05465364456176758],[[776,222.69961547851563,47,1,4.142115628269494e-8,-1.8889747825288039e-14,-4.142115628269494e-8,1,-2.8913111904671497e-8,1.769213471742876e-14,2.8913111904671497e-8,1],8,0.06452631950378418],[[776,222.69961547851563,47,1,5.356445598181381e-8,-1.9371181023716649e-14,-5.356445598181381e-8,1,-3.7389455087577519e-8,1.7368435994437847e-14,3.7389455087577519e-8,1],8,0.07448577880859375],[[776,222.69961547851563,47,1,7.176967642408272e-8,-2.0285710638405855e-14,-7.176967642408272e-8,1,-5.009718151427478e-8,1.6690252288955114e-14,5.009718151427478e-8,1],8,0.08573675155639649],[[776,222.69961547851563,47,1,8.390000516556029e-8,-2.1023459394805406e-14,-8.390000516556029e-8,1,-5.8564477711797738e-8,1.6109899194814357e-14,5.8564477711797738e-8,1],8,0.09602212905883789],[[776,222.69961547851563,47,1,1.020857851585788e-7,-2.2321847400531316e-14,-1.020857851585788e-7,1,-7.12586469830967e-8,1.5047352266658356e-14,7.12586469830967e-8,1],8,0.10758042335510254],[[776,222.69961547851563,47,1,7.547490810111413e-8,-2.0861567681662586e-14,-7.547490810111413e-8,1,-5.268353220344579e-8,1.688528331912631e-14,5.268353220344579e-8,1],8,0.11841535568237305],[[776,222.69961547851563,47,1,5.774380085199482e-8,-2.0194913788657878e-14,-5.774380085199482e-8,1,-4.030673039778776e-8,1.7867450208719668e-14,4.030673039778776e-8,1],8,0.12873506546020509],[[776,222.69961547851563,47,1,3.116134195124687e-8,-1.9617743844332903e-14,-3.116134195124687e-8,1,-2.1751443313178244e-8,1.893993960961054e-14,2.1751443313178244e-8,1],8,0.13911700248718263],[[776,222.69961547851563,47,1,1.344916977785715e-8,-1.9509059352804809e-14,-1.344916977785715e-8,1,-9.387857602405348e-9,1.9382800621687083e-14,9.387857602405348e-9,1],8,0.1488659381866455],[[776,222.69961547851563,47,1,-1.3104897611526667e-8,-1.9756994366795616e-14,1.3104897611526667e-8,1,9.14761777437434e-9,1.9637117181902504e-14,-9.14761777437434e-9,1],8,0.1620798110961914],[[776,222.69961547851563,47,1,-3.964194661421061e-8,-2.0496562549965868e-14,3.964194661421061e-8,1,2.7671216429325797e-8,1.9399621001953659e-14,-2.7671216429325797e-8,1],8,0.1889193058013916],[[775.800048828125,222.69961547851563,46.787357330322269,0.9931583404541016,-9.408625345486144e-8,0.11677562445402146,8.593149658508992e-8,1,7.486724484806473e-8,-0.11677562445402146,-6.432032506609176e-8,0.9931583404541016],8,0.20450735092163087],[[775.6183471679688,222.69961547851563,46.5928840637207,0.9790054559707642,-6.960932097399564e-8,0.2038339376449585,5.850775153248833e-8,1,6.048999523500243e-8,-0.2038339376449585,-4.72941721341158e-8,0.9790054559707642],8,0.22936034202575684],[[775.3846435546875,222.69961547851563,46.35526657104492,0.9541085958480835,-3.731028286324545e-8,0.29946088790893557,2.7604745156395439e-8,1,3.664036540840243e-8,-0.29946088790893557,-2.669234611119009e-8,0.9541085958480835],8,0.23664164543151856],[[775.2836303710938,222.69961547851563,46.26847839355469,0.9417663216590881,-2.3877136712258108e-8,0.3362680673599243,1.6200008445821369e-8,1,2.5635841893745238e-8,-0.3362680673599243,-1.8695425652026644e-8,0.9417663216590881],8,0.24609637260437013],[[775.1287231445313,222.69961547851563,46.14201354980469,0.9214820265769959,-3.179715823975471e-9,0.38842102885246279,2.1193317933931866e-10,1,7.683474301245497e-9,-0.38842102885246279,-6.997864065994008e-9,0.9214820265769959],8,0.2589836120605469],[[774.9639282226563,222.69961547851563,46.028968811035159,0.897601842880249,1.8174665328274388e-8,0.44080719351768496,-1.4416336568956467e-8,1,-1.1874884187079715e-8,-0.44080719351768496,4.304092637852364e-9,0.897601842880249],8,0.2701547145843506],[[774.8466186523438,222.69961547851563,45.96598815917969,0.8785936832427979,3.279763660657409e-8,0.47756999731063845,-2.3284545846991024e-8,1,-2.583910507780729e-8,-0.47756999731063845,1.1582074854743496e-8,0.8785936832427979],8,0.2790699005126953],[[774.6677856445313,222.69961547851563,45.876617431640628,0.847370445728302,5.534088742820131e-8,0.5310022234916687,-3.5184175573022e-8,1,-4.807297315778669e-8,-0.5310022234916687,2.2052740078493117e-8,0.847370445728302],8,0.2927978038787842],[[774.4775390625,222.69961547851563,45.816864013671878,0.8084263801574707,7.86451650469644e-8,0.5885973572731018,-4.4800110288178988e-8,1,-7.208250707435582e-8,-0.5885973572731018,3.1904175301633589e-8,0.8084263801574707],8,0.30361318588256838],[[773.95556640625,222.69961547851563,45.70803451538086,0.6778702735900879,7.552499425855786e-8,0.7351815104484558,-2.916746133507786e-8,1,-7.583602013028212e-8,-0.7351815104484558,2.996360493057182e-8,0.6778702735900879],8,0.3366060256958008],[[773.6901245117188,222.69961547851563,45.71441650390625,0.5971981883049011,3.8441854144366519e-8,0.8020937442779541,-8.40781044786354e-9,1,-4.16668584080071e-8,-0.8020937442779541,1.8139518331850014e-8,0.5971981883049011],8,0.35241127014160159],[[773.4052734375,222.69961547851563,45.56450653076172,0.5658851265907288,-9.327679961756985e-9,0.82448410987854,9.834036696076965e-9,1,4.5637564838330039e-9,-0.82448410987854,5.5254454345288199e-9,0.5658851265907288],8,0.374133825302124],[[773.228271484375,222.69961547851563,45.47224807739258,0.5556101202964783,-3.816254690036658e-8,0.8314429521560669,1.9778671145331829e-8,1,3.268211656859421e-8,-0.8314429521560669,-1.7136765340097782e-9,0.5556101202964783],8,0.3986358642578125],[[773.0652465820313,222.69961547851563,45.198551177978519,0.6105992197990418,-8.580375521205497e-8,0.7919397950172424,4.100907702309087e-8,1,7.67276091551139e-8,-0.7919397950172424,-1.4373097378950206e-8,0.6105992197990418],8,0.40797972679138186],[[772.96875,222.69961547851563,45.02385711669922,0.6452237963676453,-1.1367163210707077e-7,0.7639936208724976,5.5766086859421196e-8,1,1.0168935915544353e-7,-0.7639936208724976,-2.3007462601754015e-8,0.6452237963676453],8,0.43056368827819826],[[772.7361450195313,222.69961547851563,44.69872283935547,0.6866210699081421,-6.354481030257375e-8,0.727015495300293,3.2028488305968497e-8,1,5.715610740253396e-8,-0.727015495300293,-1.5959374266572014e-8,0.6866210699081421],8,0.4440450668334961],[[772.5535888671875,222.69961547851563,44.50484848022461,0.6963840126991272,-3.057258979310973e-8,0.7176693677902222,1.3603298931741392e-8,1,2.939998999806903e-8,-0.7176693677902222,-1.0711012521369412e-8,0.6963840126991272],8,0.4620966911315918],[[772.3534545898438,222.69961547851563,44.32880783081055,-0.8457759022712708,2.5721531571321067e-8,0.533538281917572,4.1474034873090207e-8,1,1.7536150309638289e-8,-0.533538281917572,3.6959637128575198e-8,-0.8457759022712708],8,0.4812808036804199],[[772.194580078125,222.69961547851563,44.20747375488281,-0.8192169666290283,4.6913964268924249e-8,0.5734836459159851,6.283837450382635e-8,1,7.958899317372925e-9,-0.5734836459159851,4.2556845158969739e-8,-0.8192169666290283],8,0.5052120685577393],[[771.927001953125,222.69961547851563,44.00865936279297,-0.829819917678833,8.737131196312476e-8,0.5580312609672546,9.931574851407277e-8,1,-8.88324169778798e-9,-0.5580312609672546,4.8049798806459879e-8,-0.829819917678833],8,0.5118863582611084],[[771.7626342773438,222.69961547851563,43.89474868774414,-0.8351751565933228,1.1174430625260357e-7,0.5499840378761292,1.2129970627938747e-7,1,-1.8978369098476834e-8,-0.5499840378761292,5.086264565079546e-8,-0.8351751565933228],8,0.5228574275970459],[[771.6516723632813,222.69961547851563,43.82086944580078,-0.8454182744026184,9.459663630195792e-8,0.5341048240661621,1.0043564202533162e-7,1,-1.813597094724173e-8,-0.5341048240661621,3.8310677297204168e-8,-0.8454182744026184],8,0.5313987731933594],[[771.4829711914063,222.69961547851563,43.713348388671878,-0.8635423183441162,6.876055635984813e-8,0.5042763352394104,6.913013095299903e-8,1,-1.7973798449588686e-8,-0.5042763352394104,1.9339553958275247e-8,-0.8635423183441162],8,0.5438821315765381],[[771.3684692382813,222.69961547851563,43.645050048828128,-0.8696365356445313,5.0924818140174469e-8,0.493692547082901,4.8270958785678889e-8,1,-1.8121864897580055e-8,-0.493692547082901,8.071577184409762e-9,-0.8696365356445313],8,0.5541927814483643],[[771.1948852539063,222.69961547851563,43.54574203491211,-0.873915433883667,2.3907743340600974e-8,0.4860779643058777,1.7001962504537006e-8,1,-1.8617312136370857e-8,-0.4860779643058777,-8.005676122024852e-9,-0.873915433883667],8,0.5645363330841065],[[771.0784912109375,222.69961547851563,43.48064041137695,-0.8739147782325745,5.860318008643617e-9,0.4860791862010956,-3.832919315271965e-9,1,-1.894745338404391e-8,-0.4860791862010956,-1.8421561165382628e-8,-0.8739147782325745],8,0.5754778385162354],[[770.9620361328125,222.69961547851563,43.41578674316406,-0.8739147186279297,-1.217940415187968e-8,0.48607930541038515,-2.465890247549396e-8,1,-1.9277456075883493e-8,-0.48607930541038515,-2.8833035514708173e-8,-0.8739147186279297],8,0.5845189094543457],[[770.7871704101563,222.69961547851563,43.318565368652347,-0.8739147186279297,-3.922454183680202e-8,0.48607927560806277,-5.588119478261433e-8,1,-1.977220343007957e-8,-0.48607927560806277,-4.4441907931513927e-8,-0.8739147186279297],8,0.5951745510101318],[[770.6705932617188,222.69961547851563,43.253753662109378,-0.8739147186279297,-5.724500695691859e-8,0.48607927560806277,-7.66849410638315e-8,1,-2.010185617962179e-8,-0.48607927560806277,-5.484227116880902e-8,-0.8739147186279297],8,0.6043295860290527],[[770.4957275390625,222.69961547851563,43.15653610229492,-0.8739147186279297,-8.42612664087028e-8,0.48607927560806277,-1.0787390891664472e-7,1,-2.059607417947973e-8,-0.48607927560806277,-7.04344813584612e-8,-0.8739147186279297],8,0.6169209480285645],[[770.3208618164063,222.69961547851563,43.05931854248047,-0.8739147186279297,-6.929455764748127e-8,0.48607927560806277,-8.673239904055663e-8,1,-1.3376760144012679e-8,-0.48607927560806277,-5.384897150406687e-8,-0.8739147186279297],8,0.6277296543121338],[[770.14599609375,222.69961547851563,42.962100982666019,-0.8739147186279297,-5.433743055505147e-8,0.48607927560806277,-6.560444631986684e-8,1,-6.162073962201475e-9,-0.48607927560806277,-3.727408781628583e-8,-0.8739147186279297],8,0.6434364318847656],[[769.912841796875,223.56251525878907,42.83247756958008,-0.8739147186279297,-3.4409502802645878e-8,0.48607927560806277,-3.7454888968113667e-8,1,3.450314034481039e-9,-0.48607927560806277,-1.5190764202088759e-8,-0.8739147186279297],3,0.6759951114654541],[[769.5048217773438,224.94143676757813,42.60563659667969,-0.7496721744537354,-3.192547615160635e-11,0.6618093848228455,1.4816740723233579e-8,1,1.6832071736416766e-8,-0.6618093848228455,2.2424393009146116e-8,-0.7496721744537354],5,0.6994972229003906],[[769.1603393554688,225.99053955078126,42.4024772644043,-0.7256094217300415,3.094624645427757e-8,0.6881068348884583,6.084917458792916e-8,1,1.9192501810039176e-8,-0.6881068348884583,5.579699191571308e-8,-0.7256094217300415],5,0.7210605144500732],[[768.9338989257813,226.62181091308595,42.26164627075195,-0.7780352830886841,6.024119159064867e-8,0.6282205581665039,9.198041794888923e-8,1,1.8023646575215936e-8,-0.6282205581665039,7.180702255027427e-8,-0.7780352830886841],5,0.7285499572753906],[[768.8201904296875,226.91700744628907,42.19200897216797,-0.8260776400566101,7.948450075900837e-8,0.5635563731193543,1.0775291059417214e-7,1,1.6906508193414994e-8,-0.5635563731193543,7.469093077361322e-8,-0.8260776400566101],5,0.737076997756958],[[768.70556640625,227.19857788085938,42.1239013671875,-0.8367494344711304,9.512913834441861e-8,0.5475859642028809,1.236516879998817e-7,1,1.5223804439301604e-8,-0.5475859642028809,8.044843724519524e-8,-0.8367494344711304],5,0.7470288276672363],[[768.53173828125,227.5953826904297,42.02506637573242,-0.8385831117630005,1.1762211471477713e-7,0.5447736978530884,1.4774280998608448e-7,1,1.1513972886234569e-8,-0.5447736978530884,9.014182467126375e-8,-0.8385831117630005],5,0.7584693431854248],[[768.3546752929688,227.9615478515625,41.932132720947269,-0.8479685187339783,1.2869688248429157e-7,0.5300465822219849,1.5462268265764579e-7,1,4.5624060085458499e-9,-0.5300465822219849,8.582600230511162e-8,-0.8479685187339783],5,0.7684316635131836],[[768.2354125976563,228.18861389160157,41.87249755859375,-0.8651537299156189,1.194923981984175e-7,0.5015068054199219,1.361829902180034e-7,1,-3.3363001250563686e-9,-0.5015068054199219,6.541028341189303e-8,-0.8651537299156189],5,0.7794919013977051],[[768.05615234375,228.50367736816407,41.78384780883789,-0.8796008229255676,1.0288746921105485e-7,0.47571247816085818,1.0914096293390685e-7,1,-1.4477197218809579e-8,-0.47571247816085818,3.91855650150319e-8,-0.8796008229255676],5,0.789663553237915],[[767.9341430664063,228.69668579101563,41.730289459228519,-0.9048593044281006,9.1785352651641e-8,0.4257107377052307,9.138980772149807e-8,1,-2.1353548262936785e-8,-0.4257107377052307,1.9583662691502469e-8,-0.9048593044281006],5,0.8013668060302734],[[767.7484130859375,228.9606475830078,41.656253814697269,-0.8995290398597717,7.1414113733681e-8,0.43686091899871828,6.482617465053409e-8,1,-2.998915604734975e-8,-0.43686091899871828,1.3439023227590497e-9,-0.8995290398597717],5,0.8120079040527344],[[767.5609741210938,229.1939697265625,41.58646774291992,-0.9084839820861816,5.039419903596354e-8,0.4179196059703827,3.840302298385723e-8,1,-3.710202634010784e-8,-0.4179196059703827,-1.765721968638445e-8,-0.9084839820861816],5,0.825814962387085],[[767.30908203125,229.45736694335938,41.49893569946289,-0.9183779358863831,2.0963772939808224e-8,0.3957044184207916,3.468235698633748e-9,1,-4.4929041820296337e-8,-0.3957044184207916,-3.988944285993057e-8,-0.9183779358863831],5,0.8404092788696289],[[767.1171264648438,229.619140625,41.44279861450195,-0.9372833371162415,-4.059481639728801e-9,0.3485684394836426,-2.2720307413237607e-8,1,-4.944763176695233e-8,-0.3485684394836426,-5.426602101010758e-8,-0.9372833371162415],5,0.8538823127746582],[[766.9238891601563,229.75025939941407,41.391387939453128,-0.9477806091308594,-2.951295563491385e-8,0.3189229965209961,-4.894215521744627e-8,1,-5.290766225130028e-8,-0.3189229965209961,-6.575363897809439e-8,-0.9477806091308594],5,0.8649389743804932],[[766.7291870117188,229.85073852539063,41.345638275146487,-0.9573376774787903,-5.60719612963112e-8,0.288971483707428,-7.527335554868842e-8,1,-5.5334396620310147e-8,-0.288971483707428,-7.472556262655417e-8,-0.9573376774787903],5,0.8773086071014404],[[766.5985717773438,229.9006805419922,41.31892395019531,-0.9707741141319275,-7.664877443858131e-8,0.23999512195587159,-9.293066938198536e-8,1,-5.652577783621382e-8,-0.23999512195587159,-7.717666505868692e-8,-0.9707741141319275],5,0.888225793838501],[[766.4017944335938,229.95005798339845,41.28313446044922,-0.9622411131858826,-9.978945314514931e-8,0.27219849824905398,-1.1963636836753722e-7,1,-5.6317663421623368e-8,-0.27219849824905398,-8.675601037566594e-8,-0.9622411131858826],5,0.8994190692901611],[[766.1393432617188,229.96820068359376,41.23646926879883,-0.969866931438446,-1.3767869688763313e-7,0.2436351627111435,-1.557117457196e-7,1,-5.475804343291202e-8,-0.2436351627111435,-9.104487475042333e-8,-0.969866931438446],5,0.9172611236572266],[[765.874755859375,229.93185424804688,41.20378875732422,-0.9829418659210205,-1.1630061891310106e-7,0.18391656875610352,-1.2433798701749766e-7,1,-3.216894484125987e-8,-0.18391656875610352,-5.4488019429754789e-8,-0.9829418659210205],5,0.9455883502960205],[[765.4088745117188,229.73709106445313,41.17699432373047,-0.9742830395698547,-6.749719005938459e-8,0.22532764077186585,-6.97607234201314e-8,1,-2.083621941650904e-9,-0.22532764077186585,-1.7749057334981445e-8,-0.9742830395698547],5,0.9645819664001465],[[765.2089233398438,229.60252380371095,41.17599868774414,-0.9963650703430176,-4.7481812259775327e-8,0.08518582582473755,-4.6883283033594128e-8,1,9.026678959855872e-9,-0.08518582582473755,5.000076352956739e-9,-0.9963650703430176],5,0.975583553314209],[[765.0756225585938,229.49578857421876,41.177547454833987,-0.9989085793495178,-3.2389174009495039e-8,0.046707913279533389,-3.169132156699561e-8,1,1.568126606343867e-8,-0.046707913279533389,1.4183916263732499e-8,-0.9989085793495178],5,0.9841823577880859],[[764.9423217773438,229.37542724609376,41.17996597290039,-0.9989085793495178,-1.7415962005884468e-8,0.04670783877372742,-1.642978020299779e-8,1,2.149774047666142e-8,-0.04670783877372742,2.0706877990050999e-8,-0.9989085793495178],5,0.9938287734985352],[[764.7423706054688,229.16934204101563,41.18391418457031,-0.9970721006393433,4.491990779342814e-9,0.07646726071834564,6.68200872411262e-9,1,2.838408974525919e-8,-0.07646726071834564,2.8811937724526616e-8,-0.9970721006393433],5,1.0034239292144776],[[764.5424194335938,228.93258666992188,41.18846130371094,-0.9972043633460999,2.7366496624381399e-8,0.0747227892279625,2.995392023308341e-8,1,3.350627508780235e-8,-0.0747227892279625,3.565084583101452e-8,-0.9972043633460999],5,1.014967679977417],[[764.4091186523438,228.75772094726563,41.191749572753909,-0.9991399645805359,4.399666053700457e-8,0.04146440327167511,4.553661980821744e-8,1,3.6194808927803027e-8,-0.04146440327167511,3.805183013128044e-8,-0.9991399645805359],5,1.023747444152832],[[764.2758178710938,228.56922912597657,41.19509506225586,-0.9991399645805359,5.957880233609103e-8,0.04146433249115944,6.121130269320929e-8,1,3.8101632071629868e-8,-0.04146433249115944,4.060694891450112e-8,-0.9991399645805359],5,1.0343396663665772],[[764.0758666992188,228.2609405517578,41.20012283325195,-0.9972043633460999,8.175755539241436e-8,0.07472269982099533,8.491687708556128e-8,1,3.9103561277897828e-8,-0.07472269982099533,4.5339458409898728e-8,-0.9972043633460999],5,1.0449037551879883],[[763.8759155273438,227.92201232910157,41.20515823364258,-0.9970721006393433,1.0559824659139849e-7,0.07646725326776505,1.0884541268296744e-7,1,3.8297137905374259e-8,-0.07646725326776505,4.650811646911279e-8,-0.9970721006393433],5,1.0574541091918946],[[763.7426147460938,227.67901611328126,41.208335876464847,-0.9989085793495178,1.2309401142829302e-7,0.04670779034495354,1.2495750922880689e-7,1,3.697716266515272e-8,-0.04670779034495354,4.2773294239850659e-8,-0.9989085793495178],5,1.0674915313720704],[[763.5426635742188,227.2889862060547,41.21245574951172,-0.9952494502067566,1.453221756264611e-7,0.09735783189535141,1.4920949809038576e-7,1,3.2647534453644769e-8,-0.09735783189535141,4.701915656823985e-8,-0.9952494502067566],5,1.07916259765625],[[763.3427124023438,226.86830139160157,41.2136116027832,-0.9935958981513977,1.5261244357134275e-7,0.11299191415309906,1.5619258419974359e-7,1,2.2832377766235369e-8,-0.11299191415309906,4.033465472730313e-8,-0.9935958981513977],5,1.0916762351989747],[[763.1427612304688,226.4169464111328,41.211585998535159,-0.9885226488113403,1.2558184891986458e-7,0.15107271075248719,1.2811159422199126e-7,1,7.01234137423512e-9,-0.15107271075248719,2.6286024024102518e-8,-0.9885226488113403],5,1.1025581359863282],[[763.0095825195313,226.09902954101563,41.2060432434082,-0.9900707602500916,1.0849487352970755e-7,0.14056994020938874,1.0929991844932374e-7,1,-1.993457843241231e-9,-0.14056994020938874,1.3390619280073679e-8,-0.9900707602500916],5,1.113529920578003],[[762.8101196289063,225.59658813476563,41.19224548339844,-0.9740058183670044,8.077576296727784e-8,0.22652287781238557,8.02848134640044e-8,1,-1.1380248743364519e-8,-0.22652287781238557,7.1019186087539769e-9,-0.9740058183670044],5,1.126539707183838],[[762.6115112304688,225.06349182128907,41.168701171875,-0.9664045572280884,5.3804964039727568e-8,0.2570257782936096,5.1054840355391209e-8,1,-1.7373102068063419e-8,-0.2570257782936096,-3.667034009779968e-9,-0.9664045572280884],5,1.136484146118164],[[762.4138793945313,224.49974060058595,41.138126373291019,-0.9563261270523071,2.656522646304893e-8,0.29230186343193056,2.1710860664825306e-8,1,-1.9851272625714956e-8,-0.29230186343193056,-1.2638166069223189e-8,-0.9563261270523071],5,1.147890329360962],[[762.2828979492188,224.10687255859376,41.113372802734378,-0.9421150088310242,8.379323013230078e-9,0.335289865732193,2.152013678369258e-9,1,-1.894443890648745e-8,-0.335289865732193,-1.7126291496083469e-8,-0.9421150088310242],5,1.1596739292144776],[[762.0892944335938,223.49203491210938,41.06360626220703,-0.9149515628814697,-1.8998884243615067e-8,0.40356364846229555,-2.6899682481484889e-8,1,-1.3908645790650099e-8,-0.40356364846229555,-2.3581470998124133e-8,-0.9149515628814697],5,1.1710336208343506],[[761.898681640625,222.84654235839845,41.00325393676758,-0.9054292440414429,-4.639326078859085e-8,0.42449718713760378,-5.46881970819868e-8,1,-7.357017661746568e-9,-0.42449718713760378,-2.9876247253923796e-8,-0.9054292440414429],7,1.183300256729126],[[761.7134399414063,222.45518493652345,40.92830276489258,-0.8995251655578613,-7.327981421667573e-8,0.43686890602111819,-8.200023415838587e-8,1,-1.102078317494204e-9,-0.43686890602111819,-3.681470062133485e-8,-0.8995251655578613],7,1.1947581768035889],[[761.5321655273438,222.46005249023438,40.843936920166019,-0.8601379990577698,-9.707753889642845e-8,0.5100613832473755,-1.0865545618798933e-7,1,7.094926424144887e-9,-0.5100613832473755,-4.931833785803974e-8,-0.8601379990577698],7,1.2058768272399903],[[761.4158935546875,222.50401306152345,40.77888107299805,-0.8367671966552734,-1.1283715650733939e-7,0.5475588440895081,-1.2615872435617349e-7,1,1.3280179622654487e-8,-0.5475588440895081,-5.7966904165596136e-8,-0.8367671966552734],7,1.217726469039917],[[761.2473754882813,222.56719970703126,40.671302795410159,-0.8101009726524353,-8.565670128746206e-8,0.5862903594970703,-9.52081222749257e-8,1,1.4546556847960801e-8,-0.5862903594970703,-4.4035420643240289e-8,-0.8101009726524353],8,1.2314105033874512],[[761.0301513671875,222.62539672851563,40.516605377197269,-0.7547754645347595,-4.897887606603035e-8,0.6559832692146301,-5.398710456461231e-8,1,1.2547170413768072e-8,-0.6559832692146301,-2.594434178604388e-8,-0.7547754645347595],8,1.2432501316070557],[[760.9276123046875,222.64456176757813,40.43157196044922,-0.7034382820129395,-3.0692373087504168e-8,0.7107563614845276,-3.352297639480639e-8,1,1.0004872486035766e-8,-0.7107563614845276,-1.6788858303584676e-8,-0.7034382820129395],8,1.2537596225738526],[[760.6907348632813,222.6737518310547,40.19722366333008,-0.6613200306892395,1.0801250560632525e-8,0.7501038312911987,1.7148217068552186e-8,1,7.188455386497594e-10,-0.7501038312911987,1.3338330440149094e-8,-0.6613200306892395],8,1.2731869220733643],[[760.60107421875,222.68052673339845,40.09857940673828,-0.6441171169281006,2.6673642850028047e-8,0.7649269104003906,3.7312034351089099e-8,1,-3.4517311231496707e-9,-0.7649269104003906,2.6317659163055397e-8,-0.6441171169281006],8,1.283705234527588],[[760.4713745117188,222.68751525878907,39.94636917114258,-0.6252250075340271,5.0276412366656589e-8,0.7804445624351502,6.737971602888138e-8,1,-1.0441392639393144e-8,-0.7804445624351502,4.6057913039021517e-8,-0.6252250075340271],8,1.2948241233825684],[[760.3873291015625,222.69068908691407,39.84288024902344,-0.6224915385246277,6.62757813074677e-8,0.7826265692710877,8.73977157311856e-8,1,-1.516872139006864e-8,-0.7826265692710877,5.895737231753628e-8,-0.6224915385246277],8,1.3051915168762208],[[760.2211303710938,222.69476318359376,39.63435745239258,-0.6252252459526062,7.197022000582365e-8,0.7804443836212158,9.299143499674756e-8,1,-1.7720200418125388e-8,-0.7804443836212158,6.149552689294069e-8,-0.6252252459526062],8,1.3183045387268067],[[760.1381225585938,222.68614196777345,39.53001022338867,-0.6320204138755798,6.184410494824988e-8,0.774951696395874,7.854764305648132e-8,1,-1.5743415460178768e-8,-0.774951696395874,5.0920469618631617e-8,-0.6320204138755798],8,1.330610990524292],[[759.9721069335938,222.62803649902345,39.32131576538086,-0.6573917269706726,4.2192301208388019e-8,0.7535490393638611,4.956334720418454e-8,1,-1.2752678024696707e-8,-0.7535490393638611,2.8964908693751569e-8,-0.6573917269706726],8,1.3435628414154053],[[759.8890991210938,222.57855224609376,39.21696853637695,-0.6743324995040894,3.219208721816358e-8,0.7384278774261475,3.505028800532273e-8,1,-1.1587506065779963e-8,-0.7384278774261475,1.8068279317162707e-8,-0.6743324995040894],8,1.3540751934051514],[[759.7645874023438,222.478759765625,39.060447692871097,-0.7120859026908875,1.7132311569412196e-8,0.7020922899246216,1.3230693873822475e-8,1,-1.0982773801515578e-8,-0.7020922899246216,1.4684897742256454e-9,-0.7120859026908875],8,1.367035150527954],[[759.6400756835938,222.3483123779297,38.903926849365237,-0.7302306890487671,1.2131241566848417e-9,0.6832006573677063,-8.583262101069522e-9,1,-1.0949762874190583e-8,-0.6832006573677063,-1.3859943415184262e-8,-0.7302306890487671],8,1.378796100616455],[[759.4740600585938,223.221435546875,38.69523239135742,-0.7616292238235474,-2.0694805868970435e-8,0.6480131149291992,-3.7616548098640126e-8,1,-1.2276072602901423e-8,-0.6480131149291992,-3.372583279315222e-8,-0.7616292238235474],3,1.3974852561950684],[[759.2902221679688,224.04345703125,38.5037956237793,-0.7435717582702637,-4.392928332208612e-8,0.6686561107635498,-6.75598315069692e-8,1,-9.431309955232337e-9,-0.6686561107635498,-5.2187154153671148e-8,-0.7435717582702637],5,1.4281837940216065],[[758.97509765625,225.17430114746095,38.25849151611328,-0.7163885831832886,-8.351893399094479e-8,0.6977015137672424,-1.1298317303953809e-7,1,3.696539963016221e-9,-0.6977015137672424,-7.618037045631354e-8,-0.7163885831832886],5,1.4367411136627198],[[758.86474609375,225.5240020751953,38.1837272644043,-0.8141707181930542,-1.0981995046677184e-7,0.580625593662262,-1.2872621368842375e-7,1,8.636947157469877e-9,-0.580625593662262,-6.770978444592402e-8,-0.8141707181930542],5,1.446514368057251],[[758.525146484375,226.49134826660157,37.97248077392578,-0.7822714447975159,-1.2572867547078204e-7,0.6229377388954163,-1.4134531056697598e-7,1,2.4333525416864178e-8,-0.6229377388954163,-6.901390747771075e-8,-0.7822714447975159],5,1.467973232269287],[[758.4083862304688,226.7865447998047,37.908329010009769,-0.8712326288223267,-1.2207719635171089e-7,0.4908703863620758,-1.228341233172614e-7,1,3.0680382678838217e-8,-0.4908703863620758,-3.3565882517905268e-8,-0.8712326288223267],5,1.4783833026885987],[[758.228759765625,227.20379638671876,37.820552825927737,-0.8685881495475769,-1.0194077759706488e-7,0.4955347180366516,-9.52773504536708e-8,1,3.871373976949144e-8,-0.4955347180366516,-1.3586936908893677e-8,-0.8685881495475769],5,1.4895668029785157],[[758.1073608398438,227.4649200439453,37.76542663574219,-0.8972998261451721,-8.853370303540942e-8,0.44142159819602969,-7.715725303114596e-8,1,4.372352435666471e-8,-0.44142159819602969,5.17423126566996e-9,-0.8972998261451721],5,1.4995498657226563],[[757.9844970703125,227.71243286132813,37.71364974975586,-0.9184995889663696,-7.37460581490268e-8,0.39542195200920107,-5.929956969907835e-8,1,4.87566005347162e-8,-0.39542195200920107,2.1334566113750954e-8,-0.9184995889663696],5,1.5105936527252198],[[757.796630859375,228.0581512451172,37.64501953125,-0.9149600863456726,-5.1960451941113209e-8,0.4035443961620331,-3.257228442521409e-8,1,5.49087388890257e-8,-0.4035443961620331,3.709494222903231e-8,-0.9149600863456726],5,1.5207645893096924],[[757.6068115234375,228.3732147216797,37.581993103027347,-0.9245551824569702,-2.8284496522701376e-8,0.38104820251464846,-5.930453017555237e-9,1,5.983879702853301e-8,-0.38104820251464846,5.306448258579621e-8,-0.9245551824569702],5,1.5319581031799317],[[757.4793701171875,228.56622314453126,37.54288864135742,-0.9532564878463745,-7.995359041501615e-9,0.3021623194217682,1.16784395487457e-8,1,6.330341761895397e-8,-0.3021623194217682,6.387318052247793e-8,-0.9532564878463745],5,1.5430152416229249],[[757.28564453125,228.83018493652345,37.49330139160156,-0.9505414962768555,1.5395491104186477e-8,0.31059759855270388,3.816249005694772e-8,1,6.722375900380939e-8,-0.31059759855270388,7.5752147665753e-8,-0.9505414962768555],5,1.5542504787445069],[[757.0905151367188,229.06350708007813,37.4494514465332,-0.9645912051200867,4.3726060994231378e-8,0.26374953985214236,6.465988633408415e-8,1,7.068938145948778e-8,-0.26374953985214236,8.524037298229814e-8,-0.9645912051200867],5,1.5665819644927979],[[756.8936157226563,229.2661590576172,37.41434097290039,-0.9711678624153137,7.12612262532275e-8,0.23839661478996278,9.132607203810039e-8,1,7.312068817100226e-8,-0.23839661478996278,9.278429047299142e-8,-0.9711678624153137],5,1.5782763957977296],[[756.6957397460938,229.4381561279297,37.38520050048828,-0.9823221564292908,1.0200166400409216e-7,0.18719831109046937,1.1817365930255619e-7,1,7.523004086351648e-8,-0.18719831109046937,9.60220489787389e-8,-0.9823221564292908],5,1.5891897678375245],[[756.5018310546875,229.57949829101563,37.37117004394531,-0.9889663457870483,1.3132475373822673e-7,0.1481405645608902,1.4448033880398726e-7,1,7.804367641028876e-8,-0.1481405645608902,9.858597138645564e-8,-0.9889663457870483],5,1.6052606105804444],[[756.2532348632813,229.72027587890626,37.385780334472659,-0.9959482550621033,1.1123429288772968e-7,0.08992819488048554,1.1636588936880799e-7,1,5.1820329360907638e-8,-0.08992819488048554,6.207493896681626e-8,-0.9959482550621033],5,1.6340687274932862],[[755.90478515625,229.82923889160157,37.477996826171878,-0.9976108074188232,7.422138992296823e-8,0.06908421218395233,7.555816949889049e-8,1,1.6736938945882686e-8,-0.06908421218395233,2.1916829240353765e-8,-0.9976108074188232],5,1.6462249755859376],[[755.7431640625,229.83773803710938,37.55513000488281,-0.9982981085777283,5.6002996018378329e-8,-0.05831725150346756,5.6084118682520059e-8,1,2.4570004364399269e-10,0.05831725150346756,-3.0253897165266609e-9,-0.9982981085777283],5,1.672302007675171],[[755.4957885742188,229.78378295898438,37.728206634521487,-0.9996569752693176,2.237459284515353e-8,-0.026189468801021577,2.3001001991929116e-8,1,-2.3617150901600327e-8,0.026189468801021577,-2.4211434634935359e-8,-0.9996569752693176],5,1.6800525188446046],[[755.4049072265625,229.7383575439453,37.81282043457031,-0.9937564134597778,6.261239970939414e-9,-0.11157140135765076,9.972803916014073e-9,1,-3.270818638156925e-8,0.11157140135765076,-3.3616650796375328e-8,-0.9937564134597778],5,1.688349723815918],[[755.31884765625,229.67930603027345,37.906105041503909,-0.9937025308609009,-7.757054554247134e-9,-0.11205022037029267,-3.1533686772888815e-9,1,-4.126314223640293e-8,0.11205022037029267,-4.0649954513583e-8,-0.9937025308609009],5,1.6964938640594483],[[755.2376708984375,229.60662841796876,38.008056640625,-0.9936808943748474,-2.181891822772286e-8,-0.11224211007356644,-1.6388453261129145e-8,1,-4.930435792971366e-8,0.11224211007356644,-4.715332124760607e-8,-0.9936808943748474],5,1.7056093215942383],[[755.1453857421875,229.6945343017578,38.089141845703128,-0.9960076808929443,-0.0015440034912899137,-0.08925426006317139,-0.0015567514346912504,0.9999988079071045,0.00007321468729060143,0.08925403654575348,0.00021186908998060971,-0.9960088729858398],12,1.7177371978759766],[[755.08203125,229.8300323486328,38.121150970458987,-0.9923924207687378,-0.0017823948292061687,-0.1231020912528038,-0.0018170668045058847,0.9999983310699463,0.00016938312910497189,0.12310158461332321,0.00039177906000986695,-0.992393970489502],12,1.728079080581665],[[755.05224609375,229.92251586914063,38.130863189697269,-0.9908609390258789,-0.001494713593274355,-0.13487890362739564,-0.0015352838672697545,0.9999988079071045,0.00019677700765896589,0.13487845659255982,0.0004020560591015965,-0.9908620715141296],12,1.7384538650512696],[[755.0254516601563,230.06239318847657,38.13959884643555,-0.9928799867630005,-0.0005542825092561543,-0.11911777406930924,-0.0005690232501365244,0.9999998211860657,0.00008973775402409956,0.11911770701408386,0.00015687959967181087,-0.99288010597229],12,1.7501893043518067],[[755.0186767578125,230.20237731933595,38.14182662963867,-0.9935609698295593,-0.000016459409380331637,-0.11329863220453263,-0.000017627082343096846,1,0.000009304354534833692,0.11329863220453263,0.00001124156824516831,-0.9935609698295593],12,1.7613685131072999],[[755.0182495117188,230.2957000732422,38.14195251464844,-0.994450569152832,0.00009115366992773488,-0.10520469397306442,0.00009279236110160127,1,-0.0000106815323306364,0.10520469397306442,-0.00002038444836216513,-0.994450569152832],12,1.7714850902557374],[[755.0181884765625,230.43568420410157,38.1419792175293,-0.9956556558609009,0.0000788544857641682,-0.09311168640851975,0.00008034781785681844,1,-0.000012289244295971003,0.09311167895793915,-0.00001971717574633658,-0.9956556558609009],12,1.7824783325195313],[[755.0181884765625,230.57566833496095,38.1419792175293,-0.9961272478103638,0.00002652110197232105,-0.08792345970869065,0.000027044128728448415,1,-0.0000047574512791470628,0.08792345970869065,-0.0000071168401518661998,-0.9961272478103638],12,1.7951302528381348],[[755.0181884765625,230.7156524658203,38.14198303222656,-0.9967160224914551,-6.330124620035349e-7,-0.08097656816244126,-6.22709364961338e-7,1,-1.5248936335865438e-7,0.08097656816244126,-1.0156372098890643e-7,-0.9967160224914551],12,1.805420160293579],[[755.0181884765625,230.9022979736328,38.14198303222656,-0.9971266984939575,-0.000005054824214312248,-0.07575159519910813,-0.000005132265869178809,1,8.276413154817419e-7,0.07575159519910813,0.0000012140405942773214,-0.9971266984939575],12,1.8224592208862305],[[755.0181884765625,230.99562072753907,38.14198303222656,-0.9971266984939575,-0.000003055929028050741,-0.07575203478336334,-0.0000031050658435560764,1,5.308757522470842e-7,0.07575203478336334,7.645654136467783e-7,-0.9971266984939575],12,1.8323101997375489],[[755.0181884765625,231.13560485839845,38.14198303222656,-0.9976320862770081,-6.152683909022016e-7,-0.06877655535936356,-6.248568524824805e-7,1,1.1790130116651199e-7,0.06877655535936356,1.6059762231179776e-7,-0.9976320862770081],12,1.8458690643310547],[[755.0181884765625,231.2755889892578,38.14198303222656,-0.9984959363937378,2.5792735414142955e-7,-0.05482562258839607,2.6088116555911258e-7,1,-4.671950293300142e-8,0.05482562258839607,-6.095220328461437e-8,-0.9984959363937378],12,1.8577251434326172],[[755.0181884765625,231.4155731201172,38.14198303222656,-0.9991642832756043,2.6870225156017116e-7,-0.04087446257472038,2.7104272248834607e-7,1,-5.1718384241894458e-8,0.04087446257472038,-6.275388386711711e-8,-0.9991642832756043],12,1.870060682296753],[[755.0181884765625,231.55555725097657,38.14198303222656,-0.9993643760681152,1.4664234981864866e-7,-0.03564811125397682,1.4778940737869562e-7,1,-2.954222644291349e-8,0.03564811125397682,-3.479186361232678e-8,-0.9993643760681152],12,1.8810749053955079],[[755.0131225585938,231.638671875,38.14743423461914,-0.999483048915863,6.521719342345023e-8,-0.03214990347623825,6.571665522869807e-8,1,-1.4478660048666825e-8,0.03214990347623825,-1.6583959094873536e-8,-0.999483048915863],8,1.8918368816375733],[[755.0012817382813,231.70816040039063,38.160133361816409,-0.9999920725822449,-1.6441205730188814e-8,-0.003977958578616381,-1.644500713382513e-8,1,9.231583830704437e-10,0.003977958578616381,9.88568671367318e-10,-0.9999920725822449],5,1.9020326137542725],[[754.970703125,231.78684997558595,38.1927604675293,-0.9993388056755066,-8.405793749943769e-8,0.036358367651700976,-8.34184987752451e-8,1,1.9104126280922175e-8,-0.036358367651700976,1.6058535834417854e-8,-0.9993388056755066],5,1.91251540184021],[[754.9249267578125,231.83486938476563,38.24168395996094,-0.9990159869194031,-1.1398869048662164e-7,0.044351253658533099,-1.1265937871485221e-7,1,3.247188473665119e-8,-0.044351253658533099,2.744334715032437e-8,-0.9990159869194031],5,1.9229629039764405],[[754.8858642578125,231.84986877441407,38.28335189819336,-0.9998028874397278,-1.2041273578233814e-7,0.019853418692946435,-1.1965353508003319e-7,1,3.942821535929397e-8,-0.019853418692946435,3.7044912915007447e-8,-0.9998028874397278],5,1.9335384368896485],[[754.8265380859375,231.84718322753907,38.309478759765628,-0.9999775886535645,-0.00014322708011604846,0.00669065210968256,-0.00014368855045177042,1,-0.00006849096098449081,-0.0066906423307955269,-0.00006945079803699628,-0.9999775886535645],5,1.9450061321258546],[[754.7848510742188,231.8574676513672,38.28196716308594,-0.9994596838951111,-0.00014153611846268177,-0.03286762908101082,-0.00013792840763926506,1,-0.00011203227040823549,0.03286764398217201,-0.00010743836173787713,-0.9994596838951111],7,1.9565773010253907],[[754.5877075195313,231.90260314941407,38.15476608276367,-0.9998398423194885,0.00017141515854746103,-0.017897002398967744,0.00019523384980857372,0.9999991059303284,-0.0013291373616084457,0.017896758392453195,-0.0013324185274541379,-0.9998389482498169],7,1.9818902015686036],[[754.5275268554688,231.90191650390626,38.14853286743164,-0.9996116757392883,0.00023298310406971723,-0.027864791452884675,0.0002666976652108133,0.9999992251396179,-0.0012062235036864877,0.0278644897043705,-0.0012131866533309222,-0.999610960483551],7,1.9939908981323243],[[754.4515380859375,231.8753204345703,38.148502349853519,-0.9997349977493286,0.00022988351702224463,-0.02301865443587303,0.00025297433603554964,0.999999463558197,-0.0010002286871895195,0.02301841229200363,-0.0010057868203148246,-0.9997345209121704],8,2.005232095718384],[[754.3980712890625,231.81814575195313,38.148162841796878,-0.999772310256958,0.0001546938146930188,-0.02133799158036709,0.00016916036838665605,0.9999997615814209,-0.0006761684198863804,0.021337881684303285,-0.0006796240340918303,-0.9997720718383789],8,2.0167384147644045],[[754.3748168945313,231.7630157470703,38.147891998291019,-0.9998047947883606,0.0001002225253614597,-0.01975894346833229,0.00010956903861369938,0.9999998807907105,-0.0004719447169918567,0.01975889317691326,-0.0004740175209008157,-0.999804675579071],8,2.02705454826355],[[754.358642578125,231.6548309326172,38.14104461669922,-0.9998742938041687,0.00004419341348693706,-0.015853727236390115,0.000055656877520959827,0.9999997615814209,-0.000722636585123837,0.01585368998348713,-0.0007234280928969383,-0.9998740553855896],8,2.0379769802093508],[[754.3569946289063,231.51608276367188,38.127132415771487,-0.9999080896377564,0.00003753153214347549,-0.013558417558670044,0.000057659945014165717,0.9999988675117493,-0.001484181615523994,0.013558346778154374,-0.0014848270220682026,-0.9999069571495056],8,2.0496268272399904],[[754.35693359375,231.34689331054688,38.12313461303711,-0.9999256134033203,0.000058690624427981678,-0.012195558287203312,0.00007531797018600628,0.9999990463256836,-0.0013629388995468617,0.012195467017591,-0.0013637561351060868,-0.9999247193336487],8,2.062840223312378],[[754.35693359375,231.42637634277345,38.12312698364258,-0.9999191761016846,0.00003540265606716275,-0.012714804150164128,0.000042695392039604488,0.9999998211860657,-0.0005732915597036481,0.012714781798422337,-0.00057378807105124,-0.9999189972877502],12,2.0738604068756105],[[754.35693359375,231.51681518554688,38.12310028076172,-0.9999170899391174,0.00001572648761793971,-0.012877990491688252,0.00001799805977498181,1,-0.00017627599299885333,0.012877987697720528,-0.00017649315122980624,-0.9999170303344727],12,2.084508180618286],[[754.3465576171875,231.63400268554688,38.13364028930664,-0.9999168515205383,-2.0537200384751487e-7,-0.012896796688437462,-0.0000010625160484778463,1,0.00006645492248935625,0.012896796688437462,0.00006646310066571459,-0.9999168515205383],8,2.097585439682007],[[754.3206176757813,231.7205352783203,38.160125732421878,-0.9993430972099304,-0.000003661851906144875,0.036240171641111377,-6.299525239228387e-7,1,0.00008367270493181422,-0.036240171641111377,0.00008359491039300337,-0.9993430972099304],5,2.1086089611053469],[[754.2861328125,231.77169799804688,38.176109313964847,-0.9996592998504639,0.0024086476769298317,0.025989456102252008,0.0024094427935779096,0.999997079372406,-7.190125188571983e-7,-0