[[[776,222.69961547851563,47,1,-1.369165669729e-8,-3.4986128374264217e-15,1.369165669729e-8,1,9.764364250486324e-8,2.1617096083141478e-15,-9.764364250486324e-8,1],8,0.0140838623046875],[[776,222.69961547851563,47,1,-1.0442352760264839e-8,-3.320393293675854e-15,1.0442352760264839e-8,1,7.44708614774936e-8,2.542742297438811e-15,-7.44708614774936e-8,1],8,0.039234161376953128],[[776,222.69961547851563,47,1,-6.620879400287549e-9,-3.1294267511020568e-15,6.620879400287549e-9,1,4.721757562720086e-8,2.8168048897206237e-15,-4.721757562720086e-8,1],8,0.04610919952392578],[[776,222.69961547851563,47,1,-4.711367296295066e-9,-3.0723324952923807e-15,4.711367296295066e-9,1,3.35996617195633e-8,2.914031990087682e-15,-3.35996617195633e-8,1],8,0.05337834358215332],[[776,222.69961547851563,47,1,-2.802671428270287e-9,-3.041147071515082e-15,2.802671428270287e-9,1,1.998756538057478e-8,2.985128547548419e-15,-1.998756538057478e-8,1],8,0.06333661079406738],[[776,222.69961547851563,47,1,-8.947911300793976e-10,-3.035899490648605e-15,8.947911300793976e-10,1,6.381284833878453e-9,3.030189429792927e-15,-6.381284833878453e-9,1],8,0.07152676582336426],[[776,222.69961547851563,47,1,1.012274042366812e-9,-3.05657704719874e-15,-1.012274042366812e-9,1,-7.2191834732393549e-9,3.0492692704463038e-15,7.2191834732393549e-9,1],8,0.0821068286895752],[[776,222.69961547851563,47,1,3.871343690065032e-9,-3.1361454164396779e-15,-3.871343690065032e-9,1,-2.7608992425598445e-8,3.02926150519921e-15,2.7608992425598445e-8,1],8,0.09330892562866211],[[776,222.69961547851563,47,1,6.728581247728016e-9,-3.2738816557509365e-15,-6.728581247728016e-9,1,-4.7985739826117427e-8,2.9510056135100429e-15,4.7985739826117427e-8,1],8,0.1032559871673584],[[776,222.69961547851563,47,1,8.632389025819976e-9,-3.397966900326008e-15,-8.632389025819976e-9,1,-6.156298582027375e-8,2.866531229438608e-15,6.156298582027375e-8,1],8,0.1147308349609375],[[776,222.69961547851563,47,1,1.148657524652208e-8,-3.632403809027606e-15,-1.148657524652208e-8,1,-8.191796752043956e-8,2.6914469781423027e-15,8.191796752043956e-8,1],8,0.12624764442443849],[[776,222.69961547851563,47,-0.8440730571746826,-5.590883134232172e-8,-0.5362282395362854,-2.679494137680649e-8,1,-6.208539815588665e-8,0.5362282395362854,-3.803640780120077e-8,-0.8440730571746826],8,0.1406092643737793],[[776,222.69961547851563,47,-0.8237193822860718,-5.7106817052954287e-8,-0.5669976472854614,-4.369266903836433e-8,1,-3.724233721413839e-8,0.5669976472854614,-5.903595390321925e-9,-0.8237193822860718],8,0.16263389587402345],[[776,222.69961547851563,47,-0.8326331377029419,-5.5686999900217418e-8,-0.5538249015808106,-5.812760051071564e-8,1,-1.3159449530064649e-8,0.5538249015808106,2.1235520009099674e-8,-0.8326331377029419],8,0.17235422134399415],[[776,222.69961547851563,47,-0.8408172130584717,-5.499710908907218e-8,-0.5413191318511963,-6.85751118112421e-8,1,4.917660945125135e-9,0.5413191318511963,4.12558733842161e-8,-0.8408172130584717],8,0.18358945846557618],[[776,222.69961547851563,47,-0.8517604470252991,-5.517123469189755e-8,-0.5239314436912537,-7.52849373952813e-8,1,1.7089066162156997e-8,0.5239314436912537,5.399993696642014e-8,-0.8517604470252991],8,0.19353604316711427],[[776,222.69961547851563,47,-0.8746482133865356,-5.6246282298388908e-8,-0.4847581684589386,-8.758010494602786e-8,1,4.199104353119765e-8,0.4847581684589386,7.918256272887447e-8,-0.8746482133865356],8,0.20738720893859864],[[776,222.69961547851563,47,-0.8870331645011902,-5.764144006548122e-8,-0.46170574426651,-9.339638751271196e-8,1,5.458942098357511e-8,0.46170574426651,9.154427971225232e-8,-0.8870331645011902],8,0.21743416786193849],[[776,222.69961547851563,47,-0.9003450274467468,-5.96758553683685e-8,-0.435176819562912,-9.883397922294535e-8,1,6.734923374551727e-8,0.435176819562912,1.0364779967630966e-7,-0.9003450274467468],8,0.2276897430419922],[[776,222.69961547851563,47,-0.9259138107299805,-4.938270592447225e-8,-0.37773481011390688,-7.926009715220062e-8,1,6.355071491270792e-8,0.37773481011390688,8.87817819261727e-8,-0.9259138107299805],8,0.23988056182861329],[[776,222.69961547851563,47,-0.9379385709762573,-2.7774017752335568e-8,-0.34680142998695376,-4.698139832726156e-8,1,4.6976875722748449e-8,0.34680142998695376,6.035463684384013e-8,-0.9379385709762573],8,0.25101256370544436],[[776,222.69961547851563,47,-0.9588741064071655,-7.2038410792174549e-9,-0.2838316857814789,-1.5892926086280569e-8,1,2.8310704891509887e-8,0.2838316857814789,3.165731854437581e-8,-0.9588741064071655],8,0.2640678882598877],[[776,222.69961547851563,47,-0.9588741064071655,9.128685363180012e-9,-0.2838316857814789,4.8216524106692308e-9,1,1.5873238723429496e-8,0.2838316857814789,1.3851899183237038e-8,-0.9588741064071655],8,0.2725832462310791],[[776,222.69961547851563,47,-0.9789201617240906,3.244771917820799e-8,-0.20424315333366395,3.424324646061905e-8,1,-5.256889146210142e-9,0.20424315333366395,-1.2140023208928597e-8,-0.9789201617240906],8,0.2870001792907715],[[776,222.69961547851563,47,-0.9826641082763672,6.529819529532688e-8,-0.18539492785930634,7.289449399650039e-8,1,-3.415737026557508e-8,0.18539492785930634,-4.707948875193324e-8,-0.9826641082763672],8,0.30683302879333498],[[776,222.69961547851563,47,-0.9888008832931519,7.254519118760072e-8,-0.14924079179763795,8.033115506123068e-8,1,-4.6142378806734999e-8,0.14924079179763795,-5.76143115438299e-8,-0.9888008832931519],8,0.31648826599121096],[[776,222.69961547851563,47,-0.9900677800178528,6.231425686564762e-8,-0.14059101045131684,6.902988758383799e-8,1,-4.289042010441335e-8,0.14059101045131684,-5.216940479613186e-8,-0.9900677800178528],8,0.3272879123687744],[[776,222.69961547851563,47,-0.9912577867507935,4.66783305341778e-8,-0.13193945586681367,5.2130257444105158e-8,1,-3.786731284094458e-8,0.13193945586681367,-4.441430689894332e-8,-0.9912577867507935],8,0.337691068649292],[[776,222.69961547851563,47,-0.9938057065010071,3.687872762725419e-8,-0.11113159358501435,4.094248851060911e-8,1,-3.428505479519117e-8,0.11113159358501435,-3.862268727061746e-8,-0.9938057065010071],8,0.3486459255218506],[[776,222.69961547851563,47,-0.9950905442237854,2.1276379769119559e-8,-0.09896870702505112,2.4236740614469455e-8,1,-2.8709809640758978e-8,0.09896870702505112,-3.096753786735462e-8,-0.9950905442237854],8,0.36052846908569338],[[775.839111328125,222.69961547851563,47.0160026550293,-0.9973412752151489,6.668833818501696e-10,-0.07287271320819855,2.181243408116984e-9,1,-2.0701310887716319e-8,0.07287271320819855,-2.0805224210107555e-8,-0.9973412752151489],8,0.3766345977783203],[[775.6431884765625,222.69961547851563,47.031227111816409,-0.9987385272979736,-1.4908922096878997e-8,-0.05021306872367859,-1.4207506282559735e-8,1,-1.4325738817433376e-8,0.05021306872367859,-1.3594265269034623e-8,-0.9987385272979736],8,0.3968076705932617],[[775.3770751953125,222.69961547851563,47.04553985595703,-0.9993425011634827,-3.6098811051488158e-8,-0.036256350576877597,-3.59220351242584e-8,1,-5.5271369703291388e-9,0.036256350576877597,-4.221100802226374e-9,-0.9993425011634827],8,0.40489959716796877],[[775.243896484375,222.69961547851563,47.05086898803711,-0.9994631409645081,-4.676760667621238e-8,-0.03276274353265762,-4.6756905902611837e-8,1,-1.0927545535110995e-9,0.03276274353265762,4.3971665197872769e-10,-0.9994631409645081],8,0.41513752937316897],[[775.0439453125,222.69961547851563,47.05763244628906,-0.9995192885398865,-6.278541064830279e-8,-0.031002439558506013,-6.298879640098676e-8,1,5.5838649259953858e-9,0.031002439558506013,7.533987655961028e-9,-0.9995192885398865],8,0.4257335662841797],[[774.843994140625,222.69961547851563,47.06391143798828,-0.9996216893196106,-7.881821773025877e-8,-0.02750490978360176,-7.918684019614375e-8,1,1.23129240137132e-8,0.02750490978360176,1.4486293054005728e-8,-0.9996216893196106],8,0.4369089603424072],[[774.64404296875,222.69961547851563,47.069549560546878,-0.9998236894607544,-9.493825103845666e-8,-0.018777579069137574,-9.531518685435003e-8,1,1.9178727939106467e-8,0.018777579069137574,2.0965133629147205e-8,-0.9998236894607544],8,0.4515047073364258],[[774.37744140625,222.69961547851563,47.07490539550781,-0.9999952912330627,-1.1656877063614957e-7,-0.0030654631555080415,-1.166571834687602e-7,1,2.866279480429057e-8,0.0030654631555080415,2.9020268854651478e-8,-0.9999952912330627],8,0.46842002868652346],[[774.11083984375,222.69961547851563,47.07634735107422,-0.9998396039009094,-8.714754784477918e-8,0.017909465357661248,-8.672927975794664e-8,1,2.413113087129659e-8,-0.017909465357661248,2.257398534766253e-8,-0.9998396039009094],8,0.4822530746459961],[[773.910888671875,222.69961547851563,47.07357406616211,-0.9995970129966736,-5.207235886928174e-8,0.02838677540421486,-5.161755467497642e-8,1,1.6754505338667515e-8,-0.02838677540421486,1.5282497045632227e-8,-0.9995970129966736],8,0.4963829517364502],[[773.777587890625,222.69961547851563,47.070186614990237,-0.9990273714065552,-2.8780720029430996e-8,0.044094983488321307,-2.8302379107003618e-8,1,1.1472259586753353e-8,-0.044094983488321307,1.0213107692891299e-8,-0.9990273714065552],8,0.5051939487457275],[[773.6444091796875,222.69961547851563,47.064903259277347,-0.9986948370933533,-5.336024955227003e-9,0.051074862480163577,-5.0346375957133208e-9,1,6.02954886019802e-9,-0.051074862480163577,5.764535959684736e-9,-0.9986948370933533],8,0.516390323638916],[[773.4446411132813,222.69961547851563,47.05504608154297,-0.9985098242759705,2.9898011177920128e-8,0.05457234010100365,2.98195352854691e-8,1,-2.2522790299461805e-9,-0.05457234010100365,-6.21600881878237e-10,-0.9985098242759705],8,0.5267248153686523],[[773.1782836914063,222.69961547851563,47.040653228759769,-0.9983134269714356,7.687044956128375e-8,0.05805462971329689,7.621826370041163e-8,1,-1.3448360647316804e-8,-0.05805462971329689,-9.00085606048151e-9,-0.9983134269714356],8,0.5442969799041748],[[772.9786376953125,222.69961547851563,47.029178619384769,-0.9982101917266846,1.1208760497538606e-7,0.05980348587036133,1.1097653640490535e-7,1,-2.190004977364879e-8,-0.05980348587036133,-1.5224069116470674e-8,-0.9982101917266846],8,0.5540831089019775],[[772.8455810546875,222.69961547851563,47.02127456665039,-0.9982101917266846,9.852706739366113e-8,0.05980348587036133,9.751377660904837e-8,1,-1.9862200772990947e-8,-0.05980348587036133,-1.3994986503007567e-8,-0.9982101917266846],8,0.5641970634460449],[[772.7125244140625,222.69961547851563,47.01331329345703,-0.9979954361915588,8.50205594815634e-8,0.06328564882278443,8.406395579640957e-8,1,-1.7778285510416937e-8,-0.06328564882278443,-1.2422606054940389e-8,-0.9979954361915588],8,0.5739753246307373],[[772.512939453125,222.69961547851563,47.000789642333987,-0.9977675080299377,6.47423306077144e-8,0.06678321957588196,6.391108797743073e-8,1,-1.4583428686876232e-8,-0.06678321957588196,-1.0282683149398509e-8,-0.9977675080299377],8,0.5852861404418945],[[772.3133544921875,222.69961547851563,46.987571716308597,-0.9972769021987915,4.450432555813677e-8,0.07374802976846695,4.379391072006911e-8,1,-1.1250079978708527e-8,-0.07374802976846695,-7.989729766677556e-9,-0.9972769021987915],8,0.5971837043762207],[[772.1139526367188,222.69961547851563,46.97309494018555,-0.9971460700035095,2.4223059114092395e-8,0.07549671083688736,2.3695497120002075e-8,1,-7.883618202697562e-9,-0.07549671083688736,-6.072186753414144e-9,-0.9971460700035095],8,0.6085550785064697],[[771.9810180664063,222.69961547851563,46.963104248046878,-0.99701327085495,1.071066257907205e-8,0.07723041623830795,1.0307627640315787e-8,1,-5.6172266837961619e-9,-0.07723041623830795,-4.80438711036868e-9,-0.99701327085495],8,0.6192290782928467],[[771.7816162109375,222.69961547851563,46.94773483276367,-0.9968774318695068,-9.55454293460889e-9,0.07896413654088974,-9.757512131614022e-9,1,-2.1845560915778607e-9,-0.07896413654088974,-2.9482281060921879e-9,-0.9968774318695068],8,0.6312265396118164],[[771.5822143554688,222.69961547851563,46.932010650634769,-0.9968774914741516,-2.981509084065692e-8,0.07896365970373154,-2.980979019184815e-8,1,1.2459049347768314e-9,-0.07896365970373154,-1.1118754805750087e-9,-0.9968774914741516],8,0.6432933807373047],[[771.3828125,222.69961547851563,46.916221618652347,-0.9968774318695068,-5.006264558460316e-8,0.07896413654088974,-4.984921275763554e-8,1,4.674177045416172e-9,-0.07896413654088974,7.232815457669517e-10,-0.9968774318695068],8,0.6546711921691895],[[771.1834106445313,222.69961547851563,46.900428771972659,-0.9968774318695068,-7.029721871276706e-8,0.07896413654088974,-6.987578160533303e-8,1,8.10025113651136e-9,-0.07896413654088974,2.5572766126913395e-9,-0.9968774318695068],8,0.6663813591003418],[[770.9840087890625,222.69961547851563,46.88463592529297,-0.9974046945571899,-9.04992418782058e-8,0.07199913263320923,-8.991293753979335e-8,1,1.1384251763502107e-8,-0.07199913263320923,4.881052451111145e-9,-0.9974046945571899],8,0.6784234046936035],[[770.85107421875,222.69961547851563,46.87479782104492,-0.9977685213088989,-1.0394627025789305e-7,0.06676823645830155,-1.0327519817110442e-7,1,1.3502380546981385e-8,-0.06676823645830155,6.57674714688028e-9,-0.9977685213088989],8,0.6887154579162598],[[770.6514892578125,222.69961547851563,46.8612060546875,-0.9987819790840149,-1.2401564219999273e-7,0.04934113100171089,-1.2336026600223705e-7,1,1.6327703633578495e-8,-0.04934113100171089,1.0221080870564947e-8,-0.9987819790840149],8,0.7009072303771973],[[770.4517211914063,222.69961547851563,46.85066223144531,-0.9987819790840149,-9.058525307636956e-8,0.04934113100171089,-9.010177137724895e-8,1,1.2022964845925799e-8,-0.04934113100171089,7.562596771037989e-9,-0.9987819790840149],8,0.7121999263763428],[[770.3185424804688,222.69961547851563,46.844051361083987,-0.9987819790840149,-6.831022858477809e-8,0.04934113100171089,-6.794128637466201e-8,1,9.154671687383598e-9,-0.04934113100171089,5.791220836215416e-9,-0.9987819790840149],8,0.7227482795715332],[[770.1187744140625,223.35189819335938,46.83415222167969,-0.9987819790840149,-3.491554423362686e-8,0.04934113100171089,-3.4718304675607217e-8,1,4.85452966714206e-9,-0.04934113100171089,3.1355762430962388e-9,-0.9987819790840149],3,0.7371904850006104],[[769.8524169921875,224.17391967773438,46.82099151611328,-0.9900178909301758,9.761414787590184e-9,0.14094163477420808,9.63776969342689e-9,1,-1.559867901512746e-9,-0.14094163477420808,-1.859340875709492e-10,-0.9900178909301758],5,0.7570042610168457],[[769.5860595703125,224.94143676757813,46.807838439941409,-0.9842243790626526,5.5012176147783978e-8,0.17692483961582185,5.348021403506209e-8,1,-1.3427439604640768e-8,-0.17692483961582185,-3.753635180459014e-9,-0.9842243790626526],5,0.7664546966552734],[[769.452880859375,225.3047637939453,46.80126190185547,-0.993327796459198,7.741873275790567e-8,0.11532532423734665,7.553182967967587e-8,1,-2.0731507177629284e-8,-0.11532532423734665,-1.1882448802680301e-8,-0.993327796459198],5,0.7766523361206055],[[769.3197021484375,225.6544647216797,46.79468536376953,-0.9932964444160461,1.0026028718357338e-7,0.11559473723173142,9.751182972195238e-8,1,-2.9431545200964139e-8,-0.11559473723173142,-1.7962394238679736e-8,-0.9932964444160461],5,0.7854723930358887],[[769.1865234375,225.99053955078126,46.788108825683597,-0.9932857751846314,1.2319809172822716e-7,0.11568652838468552,1.1942475452997315e-7,1,-3.9548130104094528e-8,-0.11568652838468552,-2.5466759367986925e-8,-0.9932857751846314],5,0.7957658767700195],[[768.9867553710938,226.46910095214845,46.77824401855469,-0.9888768792152405,1.4081197718951444e-7,0.14873626828193665,1.3453730218770944e-7,1,-5.224773858003573e-8,-0.14873626828193665,-3.1656004040314659e-8,-0.9888768792152405],5,0.806164026260376],[[768.8535766601563,226.7711181640625,46.77166748046875,-0.9932806491851807,1.26806924072298e-7,0.11573050916194916,1.2128494120133838e-7,1,-5.4755918910132098e-8,-0.11573050916194916,-4.035162604054676e-8,-0.9932806491851807],5,0.8161535263061523],[[768.65380859375,227.19857788085938,46.761802673339847,-0.9888741374015808,1.0894810742456684e-7,0.1487545371055603,1.0157798868704049e-7,1,-5.7142834464229966e-8,-0.1487545371055603,-4.139688414284137e-8,-0.9888741374015808],5,0.8270511627197266],[[768.4540405273438,227.5953826904297,46.75193786621094,-0.9888740181922913,8.986960153833934e-8,0.14875556528568269,8.210952273657313e-8,1,-5.8307900729914766e-8,-0.14875556528568269,-4.544491716274024e-8,-0.9888740181922913],5,0.8373103141784668],[[768.3208618164063,227.8428955078125,46.745361328125,-0.993280291557312,7.557109427125397e-8,0.11573360860347748,6.925042583816321e-8,1,-5.8634764599219127e-8,-0.11573360860347748,-5.0226152126242599e-8,-0.993280291557312],5,0.8476004600524902],[[768.1876831054688,228.0767822265625,46.73878479003906,-0.993280291557312,6.286214215833752e-8,0.11573358625173569,5.647839174116598e-8,1,-5.843823558393524e-8,-0.11573358625173569,-5.1509100984503678e-8,-0.993280291557312],5,0.8585896492004395],[[767.9879150390625,228.40206909179688,46.728919982910159,-0.990135908126831,4.5110656543556618e-8,0.14011014997959138,3.749118349105629e-8,1,-5.702146665953478e-8,-0.14011014997959138,-5.1206107798407177e-8,-0.990135908126831],5,0.8723173141479492],[[767.6549682617188,228.87606811523438,46.71503448486328,-0.9827072620391846,1.578860064910259e-8,0.1851658821105957,6.325798551642947e-9,1,-5.1695224101422357e-8,-0.1851658821105957,-4.962994992752101e-8,-0.9827072620391846],5,0.8958373069763184],[[767.3883666992188,229.1939697265625,46.70896911621094,-0.9913047552108765,-1.234449609199828e-8,0.13158592581748963,-1.855866038624754e-8,1,-4.599878522526524e-8,-0.13158592581748963,-4.804087438969873e-8,-0.9913047552108765],5,0.9058725833892822],[[767.1884155273438,229.39662170410157,46.70841979980469,-0.9961151480674744,-3.352464617023543e-8,0.08806032687425614,-3.726141173387987e-8,1,-4.079030091475033e-8,-0.08806032687425614,-4.391309005313815e-8,-0.9961151480674744],5,0.9161214828491211],[[767.0551147460938,229.5146942138672,46.709590911865237,-0.9988541007041931,-4.796863706246768e-8,0.04785914346575737,-4.979158063633804e-8,1,-3.6897620958598057e-8,-0.04785914346575737,-3.9238322813162088e-8,-0.9988541007041931],5,0.9273481369018555],[[766.9218139648438,229.619140625,46.711795806884769,-0.9988541007041931,-6.067877933446653e-8,0.0478590652346611,-6.230138183127565e-8,1,-3.241197532588558e-8,-0.0478590652346611,-3.5356517713580618e-8,-0.9988541007041931],5,0.9361014366149902],[[766.7218627929688,229.75025939941407,46.71550369262695,-0.9969837665557861,-7.879318530967794e-8,0.07761064916849137,-8.092261793990474e-8,1,-2.429243828316885e-8,-0.07761064916849137,-3.049962415957452e-8,-0.9969837665557861],5,0.9479093551635742],[[766.5219116210938,229.85073852539063,46.71982192993164,-0.996563196182251,-9.790922206320829e-8,0.08283612132072449,-9.946435142182963e-8,1,-1.4646810875262873e-8,-0.08283612132072449,-2.2835711988022923e-8,-0.996563196182251],5,0.9590356349945068],[[766.3886108398438,229.9006805419922,46.722267150878909,-0.9984956979751587,-1.1132069488439811e-7,0.05483025312423706,-1.1190154936002728e-7,1,-7.523618172911029e-9,-0.05483025312423706,-1.3647889929302437e-8,-0.9984956979751587],5,0.9696004390716553],[[766.1886596679688,229.95005798339845,46.72484588623047,-0.9954755902290344,-1.301325909253137e-7,0.09501748532056809,-1.302546621673173e-7,1,4.917422025130236e-9,-0.09501748532056809,-7.481297359390738e-9,-0.9954755902290344],5,0.9802963733673096],[[766.0553588867188,229.9659423828125,46.725738525390628,-0.9961269497871399,-1.431052965017443e-7,0.08792698383331299,-1.4240453083402827e-7,1,1.4242663937125144e-8,-0.08792698383331299,1.6663000979022514e-9,-0.9961269497871399],5,0.9916770458221436],[[765.7221069335938,229.946044921875,46.71968078613281,-0.9782482385635376,-1.5846975998101699e-7,0.20743773877620698,-1.5373441897281737e-7,1,3.894828282113849e-8,-0.20743773877620698,6.210766567704695e-9,-0.9782482385635376],5,1.0084035396575928],[[765.5222778320313,229.8932342529297,46.71200942993164,-0.9790168404579163,-1.25741252077205e-7,0.20377932488918305,-1.188941212149075e-7,1,4.5843233209552639e-8,-0.20377932488918305,2.0653132537518105e-8,-0.9790168404579163],5,1.0224840641021729],[[765.2568969726563,229.77513122558595,46.6867790222168,-0.9445436000823975,-8.331385714654971e-8,0.32838597893714907,-7.234854848547912e-8,1,4.560941491149606e-8,-0.32838597893714907,1.932183124608855e-8,-0.9445436000823975],5,1.0394923686981202],[[764.8714599609375,229.49578857421876,46.695953369140628,-0.8362157940864563,-1.751715750231142e-8,0.5484005212783814,-1.0144291628932934e-8,1,1.6473981290232588e-8,-0.5484005212783814,8.212668767271225e-9,-0.8362157940864563],5,1.068434238433838],[[764.6199951171875,229.24143981933595,46.751007080078128,-0.7964358925819397,2.8810998031758573e-8,0.6047229766845703,2.8427116660623143e-8,1,-1.0204047384831938e-8,-0.6047229766845703,9.063662709252185e-9,-0.7964358925819397],5,1.0840933322906495],[[764.426025390625,229.01490783691407,46.79644012451172,-0.7505093812942505,6.414179409830467e-8,0.6608598232269287,5.508079681249001e-8,1,-3.4505262647144266e-8,-0.6608598232269287,1.0504161096491771e-8,-0.7505093812942505],5,1.0918247699737549],[[764.2947387695313,228.84686279296876,46.8188362121582,-0.7383620142936707,8.846765808812052e-8,0.6744046211242676,7.204558016837837e-8,1,-5.2300858754961158e-8,-0.6744046211242676,9.970904102374334e-9,-0.7383620142936707],5,1.1014552116394044],[[764.1622924804688,228.66517639160157,46.833248138427737,-0.7146280407905579,1.1302325475526232e-7,0.6995046734809876,8.810246754364926e-8,1,-7.156887704695692e-8,-0.6995046734809876,1.048295850125669e-8,-0.7146280407905579],5,1.1129848957061768],[[763.896240234375,228.2609405517578,46.850868225097659,-0.6536213159561157,1.4477993204309315e-7,0.7568217515945435,1.0371760339467073e-7,1,-1.0172526998530884e-7,-0.7568217515945435,1.2005937577441728e-8,-0.6536213159561157],5,1.1249911785125733],[[763.7630004882813,228.03839111328126,46.85561752319336,-0.6406102776527405,1.336903352466834e-7,0.7678661942481995,9.076154583453899e-8,1,-9.838636572112591e-8,-0.7678661942481995,6.665405560823956e-9,-0.6406102776527405],5,1.1355810165405274],[[763.563232421875,227.67901611328126,46.85097122192383,-0.5918554067611694,1.1650663367390735e-7,0.8060441613197327,7.174953964295128e-8,1,-9.185760063701309e-8,-0.8060441613197327,3.466880116320681e-9,-0.5918554067611694],5,1.1473839282989503],[[763.36376953125,227.2889862060547,46.836971282958987,-0.5298449397087097,9.890255370237355e-8,0.8480945229530335,5.376212541818859e-8,1,-8.302961163053624e-8,-0.8480945229530335,1.6025450966239419e-9,-0.5298449397087097],5,1.1595871448516846],[[763.1657104492188,226.86830139160157,46.810325622558597,-0.4957221746444702,8.12541571804104e-8,0.8684811592102051,3.6314073526000359e-8,1,-7.283113490075266e-8,-0.8684811592102051,-4.565918310106554e-9,-0.4957221746444702],5,1.171241283416748],[[762.9712524414063,226.4169464111328,46.79518508911133,-0.4742162227630615,6.341498703932302e-8,0.8804084062576294,2.325576176076538e-8,1,-5.9502760052509987e-8,-0.8804084062576294,-7.742606555893872e-9,-0.4742162227630615],5,1.1863210201263428],[[762.7184448242188,225.76747131347657,46.80913162231445,-0.43357354402542117,3.98657071798425e-8,0.9011181592941284,9.039871962102098e-9,1,-3.9890725389568618e-8,-0.9011181592941284,-9.14957087871926e-9,-0.43357354402542117],5,1.2117609977722169],[[762.4098510742188,224.8789825439453,46.88191604614258,-0.34407907724380495,1.0948925321940806e-8,0.938940703868866,-5.658573165590042e-9,1,-1.373454416864206e-8,-0.938940703868866,-1.0038833764269839e-8,-0.34407907724380495],5,1.2211050987243653],[[762.2848510742188,224.49974060058595,46.924537658691409,-0.2986682653427124,-3.835573803012693e-10,0.9543569684028626,-1.113719783063516e-8,1,-3.0835105579996027e-9,-0.9543569684028626,-1.154980910911263e-8,-0.2986682653427124],5,1.2314941883087159],[[762.09423828125,223.90533447265626,46.984519958496097,-0.2634340226650238,-1.7653420059104975e-8,0.9646773934364319,-1.8787496003369598e-8,1,1.3169329626805393e-8,-0.9646773934364319,-1.4654623292642555e-8,-0.2634340226650238],5,1.2427074909210206],[[761.9658813476563,223.49203491210938,47.02032470703125,-0.18973107635974885,-2.825456668631432e-8,0.9818360805511475,-2.3081627276155815e-8,1,2.431695556026625e-8,-0.9818360805511475,-1.8048693206651479e-8,-0.18973107635974885],5,1.2530248165130616],[[761.7700805664063,222.84654235839845,47.06045913696289,-0.15202519297599793,-4.5225370115531408e-8,0.9883766174316406,-2.8813326835575027e-8,1,4.132536091105976e-8,-0.9883766174316406,-2.2195923321532974e-8,-0.15202519297599793],7,1.2648286819458008],[[761.5725708007813,222.45518493652345,47.091922760009769,-0.11031071096658707,-6.195749335802248e-8,0.9938971400260925,-3.376723611836496e-8,1,5.85901744898365e-8,-0.9938971400260925,-2.7098035815242839e-8,-0.11031071096658707],7,1.2757482528686524],[[761.4402465820313,222.444091796875,47.10801315307617,-0.029786331579089166,-7.13734422674861e-8,0.999556303024292,-3.611884125120923e-8,1,7.03288023373716e-8,-0.999556303024292,-3.400797865538152e-8,-0.029786331579089166],7,1.2862019538879395],[[761.2406005859375,222.50401306152345,47.117218017578128,0.00868256762623787,-8.771105086680109e-8,0.999962329864502,-3.8959612425060189e-8,1,8.80526371815904e-8,-0.999962329864502,-3.9722667821706639e-8,0.00868256762623787],7,1.296602487564087],[[761.1072998046875,222.54779052734376,47.117530822753909,0.040138911455869678,-9.82111743041969e-8,0.9991940855979919,-4.047878832125207e-8,1,9.991647687002114e-8,-0.9991940855979919,-4.445670498398613e-8,0.040138911455869678],8,1.307652473449707],[[760.907470703125,222.60003662109376,47.110923767089847,0.07675827294588089,-1.1419536605217218e-7,0.9970497488975525,-4.21019592522498e-8,1,1.177745048153156e-7,-0.9970497488975525,-5.1017913449413757e-8,0.07675827294588089],8,1.3172783851623536],[[760.7744750976563,222.6254119873047,47.102012634277347,0.07676006108522415,-9.331359507314119e-8,0.9970495700836182,-3.250067237559051e-8,1,9.609185980252733e-8,-0.9970495700836182,-3.978079732291917e-8,0.07676006108522415],8,1.3274402618408204],[[760.5750732421875,222.6522674560547,47.08686828613281,0.07676027715206146,-6.2007813994569e-8,0.9970495700836182,-1.8106392829508878e-8,1,6.358527571137529e-8,-0.9970495700836182,-2.2933793530910408e-8,0.07676027715206146],8,1.3365955352783204],[[760.442138671875,223.0939483642578,47.07667541503906,0.07676035165786743,-4.114844998071021e-8,0.9970495700836182,-8.51532533374666e-9,1,4.192578728634544e-8,-0.9970495700836182,-1.1708439551227912e-8,0.07676035165786743],3,1.3514180183410645],[[760.17626953125,223.94322204589845,47.05628967285156,0.07676026225090027,5.435427663513792e-10,0.9970495700836182,1.0654525262054904e-8,1,-1.3654154473741187e-9,-0.9970495700836182,1.072789945766317e-8,0.07676026225090027],3,1.3737359046936036],[[759.910400390625,224.7379913330078,47.035831451416019,0.07676038891077042,4.219990756837433e-8,0.9970495700836182,2.9808003176867717e-8,1,-4.461962888058224e-8,-0.9970495700836182,3.314507779350606e-8,0.07676038891077042],5,1.3812649250030518],[[759.7774658203125,225.11492919921876,47.02560043334961,0.0767604187130928,6.301473831626936e-8,0.9970495700836182,3.937860881819688e-8,1,-6.623287163165515e-8,-0.9970495700836182,4.43464891475287e-8,0.0767604187130928],5,1.3895182609558106],[[759.64453125,225.47825622558595,47.0153694152832,0.07676044851541519,8.382067306911267e-8,0.9970495700836182,4.894512528608175e-8,1,-8.783688087987685e-8,-0.9970495700836182,5.5543111443512319e-8,0.07676044851541519],5,1.3983941078186036],[[759.4451293945313,225.99769592285157,47.000022888183597,0.07676037400960922,1.1501291652393775e-7,0.9970495700836182,6.328723856086072e-8,1,-1.2022559303659364e-7,-0.9970495700836182,7.232907961451929e-8,0.07676037400960922],5,1.4092230796813965],[[759.3121948242188,226.32696533203126,46.98979187011719,0.07676040381193161,1.205803101811398e-7,0.9970495700836182,6.494393289813161e-8,1,-1.2593699239005219e-7,-0.9970495700836182,7.441929739115949e-8,0.07676040381193161],5,1.4183318614959717],[[759.11279296875,226.79530334472657,46.97444534301758,0.07676044851541519,1.0610973788516276e-7,0.9970495700836182,5.5582031421863579e-8,1,-1.1070285665937263e-7,-0.9970495700836182,6.391564255636695e-8,0.07676044851541519],5,1.428520679473877],[[758.9798583984375,227.0904998779297,46.96421432495117,0.07676035910844803,9.646785059658214e-8,0.9970495700836182,4.9344095032211047e-8,1,-1.0055219235027835e-7,-0.9970495700836182,5.6916931612249758e-8,0.07676035910844803],5,1.4370064735412598],[[758.846923828125,227.3720703125,46.953983306884769,0.07676038891077042,8.683007735044157e-8,0.9970495700836182,4.310882317781761e-8,1,-9.04058623518722e-8,-0.9970495700836182,4.992122271119115e-8,0.07676038891077042],5,1.4465930461883546],[[758.7139892578125,227.6400146484375,46.94375228881836,0.0767604187130928,7.719642525216841e-8,0.9970495700836182,3.687621585868328e-8,1,-8.026387376958155e-8,-0.9970495700836182,4.2928501642336417e-8,0.0767604187130928],5,1.456465482711792],[[758.5145874023438,228.01638793945313,46.92840576171875,0.07676046341657639,6.275366359886903e-8,0.9970495700836182,2.753229466634366e-8,1,-6.505900529418796e-8,-0.9970495700836182,3.244502266852578e-8,0.07676046341657639],5,1.4663586616516114],[[758.315185546875,228.3621063232422,46.91305923461914,0.0816575288772583,4.8148994125085667e-8,0.9966604709625244,1.8292025671939883e-8,1,-4.9809013802359917e-8,-0.9966604709625244,2.2298220159200356e-8,0.0816575288772583],5,1.4808118343353272],[[758.1157836914063,228.6771697998047,46.89685821533203,0.08345945179462433,3.367749812355214e-8,0.9965111613273621,9.080834750818667e-9,1,-3.4555938555058677e-8,-0.9965111613273621,1.1933173560407795e-8,0.08345945179462433],5,1.5013258457183838],[[757.8501586914063,229.049560546875,46.874610900878909,0.08363310992717743,1.4454703212152254e-8,0.9964966177940369,-3.1998190763715685e-9,1,-1.4236969825276447e-8,-0.9964966177940369,-1.997926712959952e-9,0.08363310992717743],5,1.5095903873443604],[[757.7173461914063,229.21531677246095,46.86344909667969,0.08371690660715103,4.851190116283988e-9,0.9964895844459534,-9.336567963202924e-9,1,-4.083897664486358e-9,-0.9964895844459534,-8.961901443171883e-9,0.08371690660715103],5,1.5193665027618409],[[757.5181274414063,229.43841552734376,46.84670639038086,0.08208999782800675,-9.562167058163596e-9,0.9966249465942383,-1.8562674952704584e-8,1,1.1123519882971778e-8,-0.9966249465942383,-1.9413153751202118e-8,0.08208999782800675],5,1.5287344455718995],[[757.3851928710938,229.5701141357422,46.835716247558597,0.08034820854663849,-1.919135961259144e-8,0.9967668652534485,-2.4727196290541543e-8,1,2.124684073123717e-8,-0.9967668652534485,-2.6354395998851033e-8,0.08034820854663849],5,1.541200876235962],[[757.0528564453125,229.83975219726563,46.80889129638672,0.0772605910897255,-4.3250327763644239e-8,0.9970109462738037,-4.020279931182813e-8,1,4.6495397754142689e-8,-0.9970109462738037,-4.367489125911561e-8,0.0772605910897255],5,1.5655593872070313],[[756.7869873046875,229.994140625,46.78828430175781,0.07373663038015366,-6.257625528860444e-8,0.9972777366638184,-5.263698099611247e-8,1,6.663893259428733e-8,-0.9972777366638184,-5.740741926274495e-8,0.07373663038015366],5,1.5775346755981446],[[756.5875854492188,230.0741729736328,46.773494720458987,0.0717753991484642,-7.705522619971816e-8,0.9974208474159241,-6.198933988343924e-8,1,8.171529941591871e-8,-0.9974208474159241,-6.769460725308818e-8,0.0717753991484642],5,1.5891122817993165],[[756.38818359375,230.12355041503907,46.75911331176758,0.0667135939002037,-9.176788040576867e-8,0.9977721571922302,-7.13980767841349e-8,1,9.674663914438497e-8,-0.9977721571922302,-7.769333620899488e-8,0.0667135939002037],5,1.6019957065582276],[[756.1220703125,230.14169311523438,46.74121856689453,0.06333214789628983,-1.111787852892121e-7,0.9979925155639648,-8.400316175993794e-8,1,1.167332328577686e-7,-0.9979925155639648,-9.122749133894104e-8,0.06333214789628983],5,1.6157042980194092],[[755.989013671875,230.1303253173828,46.73271942138672,0.0562090165913105,-1.2140755245582114e-7,0.9984190464019775,-9.035831283199514e-8,1,1.2668678550653568e-7,-0.9984190464019775,-9.733639672049321e-8,0.0562090165913105],5,1.6251370906829835],[[755.85595703125,230.1053466796875,46.72501754760742,0.05266467109322548,-1.3132542164839834e-7,0.9986122250556946,-9.675214585058711e-8,1,1.3661042430612725e-7,-0.9986122250556946,-1.0381242532275792e-7,0.05266467109322548],5,1.634089708328247],[[755.7227783203125,230.0667266845703,46.71788024902344,0.04744527116417885,-1.275874126349663e-7,0.9988738298416138,-9.316410398696462e-8,1,1.321564297995792e-7,-0.9988738298416138,-9.9329383829172e-8,0.04744527116417885],5,1.6437649726867676],[[755.589599609375,230.01449584960938,46.711395263671878,0.03886313736438751,-1.103244713362983e-7,0.9992445707321167,-7.936951362808031e-8,1,1.1349476380928536e-7,-0.9992445707321167,-8.372031601311392e-8,0.03886313736438751],5,1.6521461009979249],[[755.3898315429688,229.91058349609376,46.70335006713867,0.03376701846718788,-8.358141201370018e-8,0.9994297027587891,-5.8558377702411238e-8,1,8.56075743627116e-8,-0.9994297027587891,-6.141569741657804e-8,0.03376701846718788],5,1.665264368057251],[[755.1898803710938,229.77601623535157,46.69649887084961,0.02846476063132286,-5.6739459353138957e-8,0.9995948076248169,-3.762404432450239e-8,1,5.7833851485611379e-8,-0.9995948076248169,-3.9255024120166129e-8,0.02846476063132286],5,1.675713062286377],[[755.0565795898438,229.66928100585938,46.69258499145508,0.01630326919257641,-3.91140062561135e-8,0.9998670816421509,-2.3439650220780096e-8,1,3.9501397708363586e-8,-0.9998670816421509,-2.4080536675796794e-8,0.01630326919257641],5,1.6855807304382325],[[755.076904296875,229.5394287109375,46.689876556396487,0.005863537546247244,0.0009977143490687013,0.9999822974205017,-0.00008681284816702828,0.9999995231628418,-0.0009972224943339825,-0.9999828338623047,-0.00008096406236290932,0.005863621365278959],5,1.6965341567993165],[[755.154296875,229.4068145751953,46.68790054321289,0.00045513329678215086,0.0005710771074518561,0.9999997615814209,-0.00008242306648753583,0.9999998211860657,-0.0005710396799258888,-0.9999998807907105,-0.00008216314745368436,0.00045518027036450803],5,1.7075963020324708],[[755.1934204101563,229.30137634277345,46.6866569519043,-0.011628920212388039,0.00031580121139995754,0.9999323487281799,-0.0000577758728468325,0.9999999403953552,-0.00031649446464143693,-0.9999324083328247,-0.00006145245424704626,-0.011628901585936547],5,1.7171025276184083],[[755.2335815429688,229.11767578125,46.68506622314453,-0.018419843167066575,0.00008833605534164235,0.9998303651809692,-0.00002531860809540376,1,-0.00008881749090505764,-0.9998303651809692,-0.000026950317987939344,-0.018419841304421426],5,1.7290899753570557],[[755.25146484375,228.90330505371095,46.683937072753909,-0.023860400542616845,0.0000020856505216215739,0.9997153282165527,-0.000007404347343253903,1,-0.000002262965608679224,-0.9997153282165527,-0.0000074562344707373999,-0.023860400542616845],5,1.7411255836486817],[[755.2510375976563,228.7433624267578,46.68350601196289,-0.03271244838833809,-0.00001404420254402794,0.9994648098945618,-0.0000020229117581038737,1,0.000013985512850922533,-0.9994648098945618,-0.0000015643288406863576,-0.03271244838833809],5,1.7506444454193116],[[755.2317504882813,228.4779052734375,46.68350601196289,-0.0361860953271389,-0.00001424275524186669,0.999345064163208,8.29419377623708e-7,1,0.00001428212272003293,-0.999345064163208,0.0000013456904071063037,-0.0361860953271389],5,1.7618355751037598],[[755.2064819335938,228.28390502929688,46.683990478515628,-0.04329029843211174,-0.000009827994290390052,0.9990625381469727,0.0000010947313739961829,1,0.000009884652172331699,-0.9990625381469727,0.0000015216145357044298,-0.04329029843211174],5,1.772050142288208],[[755.1712646484375,228.07627868652345,46.68494415283203,-0.046850256621837619,-0.00000569857138543739,0.998901903629303,9.006466825667303e-7,1,0.000005747077466367045,-0.998901903629303,0.0000011689097618727829,-0.046850256621837619],5,1.7819244861602784],[[755.0999145507813,227.73928833007813,46.687374114990237,-0.050270289182662967,-0.0000017709610347083072,0.9987356662750244,4.5980860363670219e-7,1,0.0000017963469645110309,-0.9987356662750244,5.495301138580544e-7,-0.050270289182662967],5,1.792799949645996],[[755.0548095703125,227.74888610839845,46.688995361328128,-0.05053919926285744,-3.8986038930488578e-7,0.9987220764160156,2.0255259869372822e-7,1,4.006091671726608e-7,-0.9987220764160156,2.225402226940787e-7,-0.05053919926285744],12,1.8024094104766846],[[755.0057373046875,227.8759002685547,46.690757751464847,-0.05060528591275215,3.2867558275029298e-7,0.9987187385559082,-4.474834724987886e-9,1,-3.2932396720752879e-7,-0.9987187385559082,-2.1134635375119616e-8,-0.05060528591275215],12,1.812450885772705],[[754.9923095703125,227.95452880859376,46.69120407104492,-0.042796116322278979,-0.00003770648982026614,0.9990838170051575,-0.0009470055811107159,0.9999995231628418,-0.000002823927161443862,-0.999083399772644,-0.000946258835028857,-0.04279613122344017],8,1.825979471206665],[[754.9910888671875,228.0667724609375,46.69126892089844,-0.04093934968113899,-0.000057445777201792228,0.9991616606712341,-0.0013600876554846764,0.9999990463256836,0.0000017660992170931423,-0.9991607069969177,-0.001358875073492527,-0.040939390659332278],5,1.8448486328125],[[754.9910888671875,228.1151885986328,46.69145202636719,-0.04963405057787895,-0.000038072987081250179,0.9987674951553345,-0.0007154355407692492,0.9999997615814209,0.000002566176135587739,-0.9987671971321106,-0.0007144263363443315,-0.049634065479040149],5,1.8528258800506592],[[754.9910888671875,228.13294982910157,46.69158172607422,-0.05045010522007942,-0.000014361149624164682,0.9987266063690186,-0.00025444693164899945,0.9999999403953552,0.000001526218966318993,-0.9987265467643738,-0.0002540459099691361,-0.05045010522007942],5,1.8620455265045167],[[754.9910888671875,228.12774658203126,46.69162368774414,-0.05061884969472885,-0.000005545659860217711,0.9987180233001709,-0.00009250988659914583,1,8.640233204459946e-7,-0.9987180233001709,-0.0000923475599847734,-0.05061884969472885],5,1.8710639476776124],[[754.9937744140625,228.1089324951172,46.691646575927737,-0.04525504633784294,0.00004797649307874963,0.9989754557609558,-0.000011229428309889045,1,-0.0000485344062326476,-0.9989754557609558,-0.000013414350178209134,-0.04525504633784294],5,1.8841519355773926],[[754.9937744140625,228.03042602539063,46.69165802001953,0.005220552906394005,0.00003789099719142541,0.9999863505363464,0.000023637696358491668,1,-0.00003801491766353138,-0.9999863505363464,0.000023835833417251707,0.00522055197507143],5,1.903364658355713],[[755.1395263671875,228.0592041015625,46.69178009033203,0.1612754613161087,0.0037701930850744249,0.9869022369384766,-0.00032737854053266346,0.999992847442627,-0.0037667034193873407,-0.9869093894958496,0.0002843862457666546,0.16127555072307588],7,1.9121897220611573],[[755.2471313476563,228.0886688232422,46.69181823730469,0.29324689507484438,0.004400145262479782,0.9560266137123108,-0.00028284077416174114,0.9999897480010986,-0.00451572984457016,-0.9560366868972778,0.001053820364177227,0.2932451367378235],7,1.92045259475708],[[755.4890747070313,228.12460327148438,46.6919059753418,0.6199926137924194,0.003601053962484002,0.7845993638038635,-0.0006433256203308702,0.9999914765357971,-0.004081275314092636,-0.7846074104309082,0.002025607507675886,0.6199896335601807],7,1.934108018875122],[[755.5645141601563,228.1356964111328,46.691917419433597,0.7670706510543823,0.001854291302151978,0.6415599584579468,-0.0005024934653192759,0.9999972581863403,-0.0022894793655723335,-0.6415624022483826,0.0014338127803057433,0.7670694589614868],8,1.9527785778045655],[[755.6281127929688,228.7873077392578,46.69223403930664,0.9430907368659973,0.003436807543039322,0.3325178027153015,-0.002796175191178918,0.9999932050704956,-0.002405096311122179,-0.33252382278442385,0.0013384458143264056,0.9430938959121704],3,1.9617719650268555],[[755.6279907226563,229.408935546875,46.