[[[776,222.69961547851563,47,1,3.728417130588468e-9,5.721897294082984e-15,-3.728417130588468e-9,1,8.85799096295159e-8,-5.391634489267322e-15,-8.85799096295159e-8,1],8,0.006101131439208984],[[776,222.69961547851563,47,1,2.5340345377600217e-9,5.649934645433679e-15,-2.5340345377600217e-9,1,6.020368914505525e-8,-5.4973763883366548e-15,-6.020368914505525e-8,1],8,0.031161069869995118],[[776,222.69961547851563,47,1,5.450986884092401e-10,5.605891896791771e-15,-5.450986884092401e-10,1,1.2950391869992473e-8,-5.598832724209354e-15,-1.2950391869992473e-8,1],8,0.03980755805969238],[[776,222.69961547851563,47,1,-1.0445198039832349e-9,5.638315894496192e-15,1.0445198039832349e-9,1,-2.481590932745803e-8,-5.612394992244316e-15,2.481590932745803e-8,1],8,0.05603480339050293],[[776,222.69961547851563,47,1,-2.235841733977395e-9,5.70196195015288e-15,2.235841733977395e-9,1,-5.311945727726197e-8,-5.5831952254536188e-15,5.311945727726197e-8,1],8,0.0731501579284668],[[776,222.69961547851563,47,1,-4.2196810490224838e-9,5.88275054483247e-15,4.2196810490224838e-9,1,-1.0025173935446219e-7,-5.459720268117044e-15,1.0025173935446219e-7,1],8,0.08935284614562988],[[776,222.69961547851563,47,1,-4.256688335146919e-9,5.908928098067364e-15,4.256688335146919e-9,1,-1.0113095783026438e-7,-5.478445201965521e-15,1.0113095783026438e-7,1],8,0.10502910614013672],[[776,222.69961547851563,47,1,-3.1233922115347925e-9,5.825409802435143e-15,3.1233922115347925e-9,1,-7.420595693474752e-8,-5.593635330045001e-15,7.420595693474752e-8,1],8,0.12055540084838867],[[776,222.69961547851563,47,1,-1.6134614755358712e-9,5.761252562394787e-15,1.6134614755358712e-9,1,-3.833279649256838e-8,-5.699403910652172e-15,3.833279649256838e-8,1],8,0.13705062866210938],[[776,222.69961547851563,47,-0.9303783178329468,2.096621010139188e-8,0.3666008412837982,-8.992020461562334e-9,1,-8.00112474053094e-8,-0.3666008412837982,-7.773721222292807e-8,-0.9303783178329468],8,0.15869927406311036],[[776,222.69961547851563,47,-0.8808814883232117,3.111660618060341e-8,0.4733369052410126,-2.600831194854436e-8,1,-1.1414037004442435e-7,-0.4733369052410126,-1.1285482770517774e-7,-0.8808814883232117],8,0.17936158180236817],[[775.8610229492188,222.69961547851563,46.917484283447269,-0.8595556020736694,1.7373585237123735e-8,0.5110422968864441,-2.6095815286453218e-8,1,-7.788864309077326e-8,-0.5110422968864441,-8.028568032614203e-8,-0.8595556020736694],8,0.19190430641174317],[[775.6351318359375,222.69961547851563,46.78248596191406,-0.8573599457740784,-1.1334205796131869e-9,0.5147173404693604,-2.62975063947124e-8,1,-4.1601484923603496e-8,-0.5147173404693604,-4.9203229934846607e-8,-0.8573599457740784],8,0.2115039825439453],[[775.4637451171875,222.69961547851563,46.67958068847656,-0.8572063446044922,-1.5262012098560264e-8,0.5149731040000916,-2.6455779789102963e-8,1,-1.4400851178208996e-8,-0.5149731040000916,-2.5968514449914438e-8,-0.8572063446044922],8,0.22147846221923829],[[775.1781005859375,222.69961547851563,46.5079231262207,-0.8571922779083252,-3.881536869698721e-8,0.5149964690208435,-2.671977128443359e-8,1,3.089611055884234e-8,-0.5149964690208435,1.2723321063390359e-8,-0.8571922779083252],8,0.23918843269348145],[[774.9495849609375,222.69961547851563,46.3705940246582,-0.8571891188621521,-5.764069399560867e-8,0.5150017738342285,-2.693056799785154e-8,1,6.709900191026463e-8,-0.5150017738342285,4.364724048855351e-8,-0.8571891188621521],8,0.25634217262268069],[[774.7210693359375,222.69961547851563,46.2332649230957,-0.8589837551116943,-7.62969492029697e-8,0.5120028853416443,-2.7267583746493075e-8,1,1.0326999699827866e-7,-0.5120028853416443,7.474616836589121e-8,-0.8589837551116943],8,0.27211570739746096],[[774.4920654296875,222.69961547851563,46.09661102294922,-0.8634215593338013,-5.927619639578552e-8,0.5044831037521362,-1.771734936539815e-8,1,8.717567112626057e-8,-0.5044831037521362,6.633125337884849e-8,-0.8634215593338013],8,0.29091739654541018],[[774.2620239257813,222.69961547851563,45.961788177490237,-0.867794930934906,-3.0628957148337579e-8,0.49692243337631228,-4.483933224719294e-9,1,5.3806832767122617e-8,-0.49692243337631228,4.446513202083224e-8,-0.867794930934906],8,0.31236743927001955],[[774.088623046875,222.69961547851563,45.86211395263672,-0.8729562163352966,-9.127704814204663e-9,0.48779863119125368,5.695301119601481e-9,1,2.8904249660399729e-8,-0.48779863119125368,2.801030341004207e-8,-0.8729562163352966],8,0.32180309295654299],[[773.7979125976563,222.69961547851563,45.69913864135742,-0.8780204653739929,2.61921879740612e-8,0.47862303256988528,2.3079866906527969e-8,1,-1.2384677283705514e-8,-0.47862303256988528,1.7255592787979169e-10,-0.8780204653739929],8,0.33945584297180178],[[773.56396484375,222.69961547851563,45.571144104003909,-0.8821675777435303,5.418642601284773e-8,0.4709356427192688,3.726185582308972e-8,1,-4.526143726479859e-8,-0.4709356427192688,-2.2380238107189144e-8,-0.8821675777435303],8,0.35503268241882326],[[773.3876953125,222.69961547851563,45.47665786743164,-0.887054979801178,7.492847942103254e-8,0.4616638422012329,4.814805265596078e-8,1,-6.978782352007329e-8,-0.4616638422012329,-3.9677416907579757e-8,-0.887054979801178],8,0.37093043327331545],[[773.1513061523438,222.69961547851563,45.35316467285156,-0.892633855342865,1.0238958481068039e-7,0.45078244805336,6.305062072442525e-8,1,-1.022854121401906e-7,-0.45078244805336,-6.288130549592097e-8,-0.892633855342865],8,0.38818788528442385],[[772.9134521484375,222.69961547851563,45.232521057128909,-0.8988457918167114,6.846484268407949e-8,0.43826496601104739,4.135902997859375e-8,1,-7.139390589827599e-8,-0.43826496601104739,-4.604589420864613e-8,-0.8988457918167114],8,0.40500330924987795],[[772.6740112304688,222.69961547851563,45.11514663696289,-0.9048820734024048,3.48069093547565e-8,0.4256623685359955,1.9256798822198108e-8,1,-4.083465654503016e-8,-0.4256623685359955,-2.8753653680269055e-8,-0.9048820734024048],8,0.4221935272216797],[[772.4329833984375,222.69961547851563,45.00113296508789,-0.9114614725112915,1.3709828827757065e-9,0.4113854765892029,-3.3037845792449618e-9,1,-1.0652430049162831e-8,-0.4113854765892029,-1.1068408412029385e-8,-0.9114614725112915],8,0.4362156391143799],[[772.12939453125,222.69961547851563,44.863426208496097,-0.9191974997520447,-4.0026854719599217e-8,0.39379680156707766,-3.219641087071068e-8,1,2.64907988878349e-8,-0.39379680156707766,1.1671432709192686e-8,-0.9191974997520447],8,0.4571361541748047],[[771.94580078125,222.69961547851563,44.78399658203125,-0.9252737760543823,-6.452828671399402e-8,0.37929990887641909,-4.986503654436092e-8,1,4.848268631008068e-8,-0.37929990887641909,2.5945952941697216e-8,-0.9252737760543823],8,0.47118282318115237],[[771.6992797851563,222.69961547851563,44.68224334716797,-0.9336472749710083,-9.681771473424306e-8,0.3581937551498413,-7.40647863040067e-8,1,7.724123207708544e-8,-0.3581937551498413,4.558652477726355e-8,-0.9336472749710083],8,0.4871397018432617],[[771.45068359375,222.69961547851563,44.58588409423828,-0.9432914853096008,-8.029260101238833e-8,0.3319655954837799,-6.195915602802416e-8,1,6.581120715054567e-8,-0.3319655954837799,4.151084098680258e-8,-0.9432914853096008],8,0.5046596527099609],[[771.1995239257813,222.69961547851563,44.496315002441409,-0.954311192035675,-4.7573148975743609e-8,0.2988145053386688,-3.666635350896286e-8,1,4.210651027847234e-8,-0.2988145053386688,2.9226274733673564e-8,-0.954311192035675],8,0.5213503837585449],[[770.9454345703125,222.69961547851563,44.41530990600586,-0.965995728969574,-1.5112689766283439e-8,0.25855812430381777,-1.042478636748001e-8,1,1.9501960935031094e-8,-0.25855812430381777,1.614339772970652e-8,-0.965995728969574],8,0.5374884605407715],[[770.6883544921875,222.69961547851563,44.344757080078128,-0.978212296962738,1.692079010240377e-8,0.20760716497898103,1.6941331892894597e-8,1,-1.6789992729471238e-9,-0.20760716497898103,1.874723931649669e-9,-0.978212296962738],8,0.5543386936187744],[[770.36279296875,222.69961547851563,44.273502349853519,-0.9888095259666443,5.592377760876843e-8,0.14918343722820283,5.2625736657319069e-8,1,-2.6054825852384057e-8,-0.14918343722820283,-1.7912372030082225e-8,-0.9888095259666443],8,0.5726518630981445],[[770.1654663085938,222.69961547851563,44.24143600463867,-0.9963799118995667,7.798317369633878e-8,0.0850120335817337,7.491716758067924e-8,1,-3.9255741768329247e-8,-0.0850120335817337,-3.2744772227033539e-8,-0.9963799118995667],8,0.588386058807373],[[769.9017944335938,222.6655731201172,44.201534271240237,-0.9996227025985718,1.0705456077175768e-7,0.027468375861644746,1.0558079566180823e-7,1,-5.510356260174376e-8,-0.027468375861644746,-5.218263865458539e-8,-0.9996227025985718],8,0.6047155857086182],[[769.6381225585938,222.5770263671875,44.16175079345703,-0.9998061656951904,7.182106287473289e-8,-0.01968877762556076,7.255786727000668e-8,1,-3.670825066137695e-8,0.01968877762556076,-3.8129712720547107e-8,-0.9998061656951904],8,0.6209926605224609],[[769.3085327148438,223.6471405029297,44.11202621459961,-0.9978814721107483,2.923730058057572e-8,-0.06505803763866425,3.031852457979767e-8,1,-1.5632078742555678e-8,0.06505803763866425,-1.7571425203755099e-8,-0.9978814721107483],3,0.6406152248382568],[[769.1101684570313,224.24832153320313,44.097068786621097,-0.9999366998672485,4.37912728301626e-9,-0.01125286053866148,4.419760557539121e-9,1,-3.5860259206543789e-9,0.01125286053866148,-3.6355338739468836e-9,-0.9999366998672485],5,0.6604716777801514],[[768.844482421875,225.00221252441407,44.108070373535159,-0.999168872833252,-3.001380832756695e-8,0.04076237604022026,-2.939383136890683e-8,1,1.5808886644208543e-8,-0.04076237604022026,1.4597585362707833e-8,-0.999168872833252],5,0.6713426113128662],[[768.5787963867188,225.7016143798828,44.12990951538086,-0.9989305734634399,-6.416216535853892e-8,0.04623505473136902,-6.240234995402716e-8,1,3.9505803073325299e-8,-0.04623505473136902,3.657837766013472e-8,-0.9989305734634399],5,0.686647891998291],[[768.3131713867188,226.3465118408203,44.15275192260742,-0.9988915920257568,-9.776920961712676e-8,0.04707016050815582,-9.468718076277583e-8,1,6.770708438352813e-8,-0.04707016050815582,6.317510070630306e-8,-0.9988915920257568],5,0.7047181129455566],[[768.0475463867188,226.93690490722657,44.1756706237793,-0.9988870620727539,-1.1586707415744968e-7,0.04716632887721062,-1.1173288072541254e-7,1,9.028782699260774e-8,-0.04716632887721062,8.49173105166301e-8,-0.9988870620727539],5,0.7193338871002197],[[767.7819213867188,227.47279357910157,44.19858932495117,-0.9988865256309509,-8.739790757772426e-8,0.04717696085572243,-8.347118551910171e-8,1,8.520397898337251e-8,-0.04717696085572243,8.117119421058305e-8,-0.9988865256309509],5,0.7376260757446289],[[767.4498901367188,228.06602478027345,44.227237701416019,-0.996899425983429,-5.5003859245061906e-8,0.07868599146604538,-4.920659080198675e-8,1,7.561492054719565e-8,-0.07868599146604538,7.150860881210974e-8,-0.996899425983429],5,0.7568657398223877],[[767.2506713867188,228.38108825683595,44.24470901489258,-0.9999263286590576,-2.9667733159044475e-8,0.01213631872087717,-2.8831903975401475e-8,1,6.904500082782761e-8,-0.01213631872087717,6.868999946618715e-8,-0.9999263286590576],5,0.7715368270874023],[[766.9850463867188,228.75347900390626,44.26809310913086,-0.9989673495292664,-4.933097486059523e-9,0.04543442651629448,-2.299420431839394e-9,1,5.8018816417870769e-8,-0.04543442651629448,5.785442880323899e-8,-0.9989673495292664],5,0.7890312671661377],[[766.7194213867188,229.07138061523438,44.29148483276367,-0.9989672899246216,2.1699479546555268e-8,0.045434609055519107,2.376013519267417e-8,1,4.481426074676165e-8,-0.045434609055519107,4.584751422953559e-8,-0.9989672899246216],5,0.8042111396789551],[[766.3873901367188,229.39210510253907,44.32072448730469,-0.9968995451927185,5.32771160521861e-8,0.07868480682373047,5.5376130347895017e-8,1,2.4494205774772128e-8,-0.07868480682373047,2.877552240931891e-8,-0.9968995451927185],5,0.8227767944335938],[[766.1881713867188,229.54367065429688,44.3382682800293,-0.9999263882637024,7.438951143967643e-8,0.012133232317864895,7.452879202674012e-8,1,1.1027358581827685e-8,-0.012133232317864895,1.1930822552130849e-8,-0.9999263882637024],5,0.8381528854370117],[[765.8561401367188,229.7281494140625,44.36750793457031,-0.9968995451927185,1.0601960553913159e-7,0.07868514209985733,1.0508831138622554e-7,1,-1.5976524991856423e-8,-0.07868514209985733,-7.658101708329923e-9,-0.9968995451927185],5,0.8553698062896729],[[765.6569213867188,229.79795837402345,44.38505172729492,-0.9999263882637024,1.2418374240041886e-7,0.012133567593991757,1.2378190206163709e-7,1,-3.386885794043337e-8,-0.012133567593991757,-3.2364447122290588e-8,-0.9999263882637024],5,0.8688557147979736],[[765.3912963867188,229.84335327148438,44.408443450927737,-0.9989672899246216,1.5056315305628233e-7,0.04543452337384224,1.4793729974371673e-7,1,-6.115671169482084e-8,-0.04543452337384224,-5.4372097935129207e-8,-0.9989672899246216],5,0.8889813423156738],[[765.1256713867188,229.83424377441407,44.43183517456055,-0.9989672899246216,1.1123505316845694e-7,0.045434705913066867,1.0863608679301251e-7,1,-5.967140737084265e-8,-0.045434705913066867,-5.4673936489280098e-8,-0.9989672899246216],5,0.903449296951294],[[764.8600463867188,229.77064514160157,44.45522689819336,-0.9989673495292664,7.241822430614775e-8,0.04543442651629448,7.001234081371877e-8,1,-5.454422336015341e-8,-0.04543442651629448,-5.1306926707184178e-8,-0.9989673495292664],5,0.9203455448150635],[[764.5944213867188,229.6525421142578,44.47861862182617,-0.9989672899246216,3.40585089020351e-8,0.045434609055519107,3.201202858349461e-8,1,-4.5769905199222197e-8,-0.045434609055519107,-4.426818378533426e-8,-0.9989672899246216],5,0.9367818832397461],[[764.2623901367188,229.4282684326172,44.50785827636719,-0.9968995451927185,-1.2062936427525983e-8,0.07868480682373047,-1.4373950030233118e-8,1,-2.880413241257429e-8,-0.07868480682373047,-2.984583602483326e-8,-0.9968995451927185],5,0.955498456954956],[[764.0631713867188,229.25283813476563,44.5254020690918,-0.9999263882637024,-4.2054608684338748e-8,0.012133232317864895,-4.22597565830074e-8,1,-1.6651513945475928e-8,-0.012133232317864895,-1.7163035437306463e-8,-0.9999263882637024],5,0.9711353778839111],[[763.7975463867188,228.9712371826172,44.54879379272461,-0.9989672899246216,-7.875932084289161e-8,0.045434657484292987,-7.867043194664802e-8,1,3.744388799020726e-9,-0.045434657484292987,1.6615760156657445e-10,-0.9989672899246216],5,0.9867362976074219],[[763.4655151367188,228.54258728027345,44.578033447265628,-0.9967606663703919,-1.2540063210053632e-7,0.08042502403259278,-1.2289281414723519e-7,1,3.6131893921265149e-8,-0.08042502403259278,2.6131191432909874e-8,-0.9967606663703919],5,1.008443832397461],[[763.2662963867188,228.24452209472657,44.59529495239258,-0.9997442960739136,-1.3433709966648167e-7,0.022612549364566804,-1.3318972946763098e-7,1,5.2246477366679758e-8,-0.022612549364566804,4.9221355880035847e-8,-0.9997442960739136],5,1.021810531616211],[[762.9339599609375,227.67962646484376,44.621395111083987,-0.9961745142936707,-9.933254574434614e-8,0.08738592267036438,-9.453150795479815e-8,1,5.9078892888919657e-8,-0.08738592267036438,5.059216690028734e-8,-0.9961745142936707],5,1.0405731201171876],[[762.6793212890625,227.16639709472657,44.66413497924805,-0.9993517398834229,-6.74189095661859e-8,0.036001745611429217,-6.52772769171861e-8,1,6.066243685154405e-8,-0.036001745611429217,5.827301663430262e-8,-0.9993517398834229],5,1.0634849071502686],[[762.5001831054688,226.74571228027345,44.71942901611328,-0.9999979138374329,-4.3928260140546629e-8,0.002028736285865307,-4.3805790994611019e-8,1,6.041212685659048e-8,-0.002028736285865307,6.032313137893652e-8,-0.9999979138374329],5,1.0768465995788575],[[762.2770385742188,226.13710021972657,44.82414627075195,-0.9996214509010315,-1.7022280474066066e-8,0.027512570843100549,-1.543591032771019e-8,1,5.78722243460561e-8,-0.027512570843100549,5.742563757848984e-8,-0.9996214509010315],5,1.0870699882507325],[[762.0718994140625,225.4739990234375,44.96427917480469,-0.999626100063324,1.1294463142519362e-8,0.027344336733222009,1.2756034450944754e-8,1,5.327617103034754e-8,-0.027344336733222009,5.360505639373514e-8,-0.999626100063324],5,1.1037216186523438],[[761.8956298828125,224.7563934326172,45.12903594970703,-0.9989890456199646,3.9424655540187817e-8,-0.04495370760560036,3.7244358708221628e-8,1,4.933847819188486e-8,0.04495370760560036,4.761432847999458e-8,-0.9989890456199646],5,1.1223838329315186],[[761.7496337890625,224.80709838867188,45.28260040283203,-0.9972927570343018,6.356530235507307e-8,-0.07353353500366211,6.031567068021104e-8,1,4.641313822162374e-8,0.07353353500366211,4.1852260324048987e-8,-0.9972927570343018],12,1.1460487842559815],[[761.6309814453125,224.99107360839845,45.407371520996097,-0.9970440864562988,8.632594727941978e-8,-0.07683149725198746,8.321563171875823e-8,1,4.368384054487251e-8,0.07683149725198746,3.7161132837582048e-8,-0.9970440864562988],12,1.1589794158935547],[[761.5396728515625,225.1776885986328,45.503353118896487,-0.9970144033432007,1.0892777879689675e-7,-0.07721615582704544,1.0607954692432031e-7,1,4.098809114339019e-8,0.07721615582704544,3.267466297529609e-8,-0.9970144033432007],12,1.171604871749878],[[761.4757080078125,225.3643341064453,45.57054138183594,-0.9965925812721252,1.1399939836564954e-7,-0.08248137682676316,1.1158022061863449e-7,1,3.3939485888367929e-8,0.08248137682676316,2.462055093133131e-8,-0.9965925812721252],12,1.1879088878631592],[[761.4345092773438,225.59764099121095,45.614036560058597,-0.9961462616920471,5.4034330787544607e-8,-0.08770780265331269,5.3535110566826918e-8,1,8.044076516000587e-9,0.08770780265331269,3.317629726495852e-9,-0.9961462616920471],12,1.205920934677124],[[761.429443359375,225.7376251220703,45.61940002441406,-0.9958338141441345,1.8020795522488698e-8,-0.09118682146072388,1.879222644163292e-8,1,-7.601305362925359e-9,0.09118682146072388,-9.283240842705709e-9,-0.9958338141441345],12,1.2217016220092774],[[761.42919921875,225.9242706298828,45.61973190307617,-0.9953421950340271,-3.0025248065612689e-8,-0.09640485793352127,-2.7387095258291084e-8,1,-2.8688544873034517e-8,0.09640485793352127,-2.5914669521398538e-8,-0.9953421950340271],12,1.2377827167510987],[[761.42919921875,226.1109161376953,45.61973571777344,-0.994823694229126,-7.811667757096075e-8,-0.10161598771810532,-7.341599683741151e-8,1,-4.9999101747744137e-8,0.10161598771810532,-4.228005323625439e-8,-0.994823694229126],12,1.2543492317199708],[[761.42919921875,226.2975616455078,45.61973571777344,-0.9938983917236328,-7.844779759125231e-8,-0.11029960215091706,-7.396761958489151e-8,1,-4.471001702199828e-8,0.11029960215091706,-3.627861744348593e-8,-0.9938983917236328],12,1.2714483737945557],[[761.42919921875,226.4842071533203,45.61973571777344,-0.9931035041809082,-6.268766838957163e-8,-0.11724084615707398,-5.954190029910933e-8,1,-3.033408901842449e-8,0.11724084615707398,-2.3144147931475346e-8,-0.9931035041809082],12,1.2866835594177247],[[761.42919921875,226.6708526611328,45.61973571777344,-0.9924758076667786,-4.681002252482358e-8,-0.12244066596031189,-4.5203929488479847e-8,1,-1.5895148308686659e-8,0.12244066596031189,-1.0240750469847626e-8,-0.9924758076667786],12,1.3033099174499512],[[761.42919921875,226.8574981689453,45.61973571777344,-0.9918209910392761,-3.087868449824782e-8,-0.1276368945837021,-3.095397005381528e-8,1,-1.393713588981882e-9,0.1276368945837021,2.5685542581754818e-9,-0.9918209910392761],12,1.3210508823394776],[[761.42919921875,227.0441436767578,45.61973571777344,-0.9911388158798218,-1.4894138367083088e-8,-0.13283033668994904,-1.679227601414368e-8,1,1.3169717760774802e-8,0.13283033668994904,1.5283541543453795e-8,-0.9911388158798218],12,1.3379995822906495],[[761.42919921875,227.2307891845703,45.61973571777344,-0.9906690716743469,1.116330472505922e-9,-0.13628928363323213,-2.6935587094101267e-9,1,2.7770017396733239e-8,0.13628928363323213,2.787800035264354e-8,-0.9906690716743469],12,1.3547325134277344],[[761.42919921875,227.4174346923828,45.61973571777344,-0.9899413585662842,1.720578346464663e-8,-0.14147846400737763,1.131647486829479e-8,1,4.243145568239015e-8,0.14147846400737763,4.040361645252233e-8,-0.9899413585662842],12,1.371462106704712],[[761.42919921875,227.6040802001953,45.61973571777344,-0.9894416332244873,3.327641806549764e-8,-0.14493174850940705,2.5263334535452487e-8,1,5.712912454214347e-8,0.14493174850940705,5.286447546382078e-8,-0.9894416332244873],12,1.3880407810211182],[[761.42919921875,227.83738708496095,45.61973571777344,-0.9889296889305115,5.335382624593876e-8,-0.1483849287033081,4.261597652543969e-8,1,7.554422865041488e-8,0.1483849287033081,6.838435950839994e-8,-0.9889296889305115],12,1.4065749645233155],[[761.42919921875,227.9773712158203,45.61973571777344,-0.9884054064750671,6.551798747977955e-8,-0.15183794498443604,5.298004879250584e-8,1,8.662011197202446e-8,0.15183794498443604,7.757140707553845e-8,-0.9884054064750671],12,1.4218378067016602],[[761.42919921875,228.1640167236328,45.61973571777344,-0.9881391525268555,8.154212594035926e-8,-0.1535612791776657,6.676273045513881e-8,1,1.0140097117528058e-7,0.1535612791776657,8.994609856927127e-8,-0.9881391525268555],12,1.4374570846557618],[[761.4348754882813,228.34625244140626,45.65652847290039,-0.9878687858581543,5.329524555008902e-8,-0.15529097616672517,4.4100968210614158e-8,1,6.265190677368082e-8,0.15529097616672517,5.504337963202488e-8,-0.9878687858581543],8,1.4555606842041016],[[761.4429321289063,228.4147186279297,45.708038330078128,-0.9878687858581543,2.90326411800379e-8,-0.15529097616672517,2.4541265020161519e-8,1,3.083946609194754e-8,0.15529097616672517,2.6654307205831175e-8,-0.9878687858581543],5,1.4704158306121827],[[761.45361328125,228.45318603515626,45.7786750793457,-0.9907875061035156,-0.001245133695192635,-0.13541975617408753,-0.0012597127351909876,0.9999992251396179,0.000021968324290355669,0.13541962206363679,0.00019235593208577484,-0.9907883405685425],5,1.486445426940918],[[761.4527587890625,228.42359924316407,45.770137786865237,-0.9918936491012573,-0.001468749949708581,-0.12706252932548524,-0.0014436629135161639,0.999998927116394,-0.0002895290090236813,0.1270628124475479,-0.00010374649718869478,-0.9918946623802185],5,1.5045254230499268],[[761.4453735351563,228.57411193847657,45.69276428222656,-0.9947493672370911,-0.003246589098125696,-0.10228937119245529,-0.0032560257241129877,0.999994695186615,-0.00007471087883459404,0.10228907316923142,0.0002587382332421839,-0.9947546720504761],7,1.5214807987213135],[[761.447998046875,228.7070770263672,45.6308479309082,-0.9960799217224121,-0.003998139873147011,-0.08836711943149567,-0.00399810541421175,0.9999920129776001,-0.00017738933092914522,0.08836711943149567,0.0001766071654856205,-0.9960879683494568],7,1.537048101425171],[[761.4501953125,228.7745361328125,45.6260986328125,-0.9999434947967529,-0.0002039266546489671,0.010626204311847687,-0.00020473830227274448,1,-0.00007529430149588734,-0.010626188479363919,-0.00007746564369881526,-0.9999435544013977],8,1.5554733276367188],[[761.4442138671875,228.8382110595703,45.46609878540039,-0.9721435308456421,0.005174094345420599,0.23432916402816773,0.004847882781177759,0.9999862909317017,-0.0019681097473949196,-0.23433613777160645,-0.0007772848475724459,-0.9721553325653076],8,1.5713891983032227],[[761.3222045898438,228.88966369628907,45.20921325683594,-0.8311284184455872,0.005767992231994867,0.5560505986213684,0.0045050401240587238,0.9999832510948181,-0.003639288479462266,-0.5560622215270996,-0.0005196861457079649,-0.8311405181884766],8,1.5899813175201417],[[761.1561279296875,228.8998565673828,45.060237884521487,-0.555433452129364,0.0025503234937787058,0.8315570950508118,-0.00013547090929932892,0.9999949932098389,-0.003157396800816059,-0.8315609693527222,-0.0018663755618035794,-0.5554302930831909],8,1.6116154193878174],[[760.9829711914063,229.783203125,45.04701614379883,-0.3040052354335785,-0.0007681288407184184,0.9526700377464294,-0.0017203756142407656,0.9999985098838806,0.0002573025703895837,-0.9526687860488892,-0.0015607289969921113,-0.30400609970092776],3,1.62312912940979],[[760.8223266601563,230.63247680664063,45.022830963134769,-0.1423298567533493,-0.001180756837129593,0.9898185729980469,-0.0009903176687657834,0.9999989867210388,0.00105049938429147,-0.989818811416626,-0.0008307173266075552,-0.14233088493347169],5,1.6437709331512452],[[760.676513671875,231.42724609375,44.961578369140628,-0.31067994236946108,-0.0005867440486326814,0.9505143761634827,-0.0001843982026912272,0.9999998211860657,0.0005570195498876274,-0.950514554977417,-0.0000022183266992215069,-0.31068000197410586],5,1.6546659469604493],[[760.5402221679688,232.16751098632813,44.861942291259769,-0.4206490218639374,-0.00010715190728660673,0.9072234630584717,0.00008162995072780177,1,0.00015595878357999027,-0.9072234630584717,0.00013966050755698234,-0.420648992061615],5,1.6700413227081299],[[760.404052734375,232.85328674316407,44.722808837890628,-0.7140500545501709,0.00005805644832435064,0.7000946402549744,0.00009353365749120712,1,0.000012471546142478474,-0.7000946402549744,0.00007438771717716008,-0.7140500545501709],5,1.686863899230957],[[760.241943359375,233.48455810546876,44.56695556640625,-0.8267901539802551,0.000042791198211489248,0.5625104308128357,0.00003856616240227595,1,-0.00001938643617904745,-0.5625104308128357,0.00000566535527468659,-0.8267902135848999],5,1.7030105590820313],[[760.0437622070313,234.0613250732422,44.422943115234378,-0.8851929306983948,0.000011492829798953608,0.46522411704063418,0.00000598340920987539,1,-0.000013319081517693121,-0.46522411704063418,-0.000009006330401462037,-0.8851929306983948],5,1.7206709384918213],[[759.8163452148438,234.58358764648438,44.305294036865237,-0.9141006469726563,-7.988080596987857e-7,0.40548738837242129,-0.00000275008369499119,1,-0.000004229589649185073,-0.40548738837242129,-0.000004981394795322558,-0.9141006469726563],5,1.7373762130737305],[[759.5671997070313,235.05136108398438,44.21897888183594,-0.9302927255630493,-0.0000020829186269111234,0.36681801080703738,-0.0000023212066935229815,1,-2.0850453097409628e-7,-0.36681801080703738,-0.0000010454306220708532,-0.9302927255630493],5,1.755000114440918],[[759.3089599609375,235.46463012695313,44.15306854248047,-0.9425360560417175,-9.18903083402256e-7,0.33410438895225527,-7.888592108429293e-7,1,5.249102059678989e-7,-0.33410438895225527,2.3118549563605485e-7,-0.9425360560417175],5,1.7699477672576905],[[759.0482788085938,235.82339477539063,44.09678268432617,-0.9546761512756348,-1.4994164132531297e-7,0.29764658212661745,-6.211638492459315e-8,1,3.045242635835166e-7,-0.29764658212661745,2.7223330789638569e-7,-0.9546761512756348],5,1.7883245944976807],[[758.78564453125,236.12767028808595,44.05043411254883,-0.965407133102417,6.18893665205178e-8,0.26074716448783877,8.564281017697795e-8,1,7.973553550755241e-8,-0.26074716448783877,9.930837308047558e-8,-0.965407133102417],5,1.8047122955322266],[[758.5214233398438,236.37744140625,44.01420593261719,-0.9735279083251953,9.463347794280708e-8,0.22856824100017548,8.530965800446211e-8,1,-5.06725967852617e-8,-0.22856824100017548,-2.9832108339178379e-8,-0.9735279083251953],5,1.8212990760803223],[[758.2561645507813,236.5727081298828,43.98696517944336,-0.979181706905365,7.440397098434915e-8,0.2029857486486435,5.2847049403226268e-8,1,-1.1161920809854564e-7,-0.2029857486486435,-9.856828597776257e-8,-0.979181706905365],5,1.8399746417999268],[[757.923828125,236.7401580810547,43.96220779418945,-0.9758417010307312,3.599152620381574e-8,0.21847863495349885,7.676992375138525e-10,1,-1.6130809399328428e-7,-0.21847863495349885,-1.5724344848422334e-7,-0.9758417010307312],5,1.854924201965332],[[757.72412109375,236.7997589111328,43.950809478759769,-0.9905068874359131,-2.5565303207741864e-9,0.13746316730976106,-2.1494757973528068e-8,1,-1.3628505257656799e-7,-0.13746316730976106,-1.379460172756808e-7,-0.9905068874359131],5,1.871969223022461],[[757.3911743164063,236.83094787597657,43.937503814697269,-0.9802060723304749,-3.659326708316257e-8,0.19797982275485993,-5.591077467670402e-8,1,-9.198319617098605e-8,-0.19797982275485993,-1.0123169147391309e-7,-0.9802060723304749],5,1.8926000595092774],[[757.1912231445313,236.8087921142578,43.930755615234378,-0.9916694164276123,-6.777465699769891e-8,0.1288088709115982,-7.677402180661375e-8,1,-6.490072479437004e-8,-0.1288088709115982,-7.424924319821003e-8,-0.9916694164276123],5,1.9055979251861573],[[756.9246215820313,236.7315673828125,43.92281723022461,-0.9882040619850159,-9.809900092250246e-8,0.15314297378063203,-1.0339842049233994e-7,1,-2.664004128405395e-8,-0.15314297378063203,-4.216053639538586e-8,-0.9882040619850159],5,1.921201229095459],[[756.6580200195313,236.59983825683595,43.91700744628906,-0.989754855632782,-1.3014083322104853e-7,0.14277726411819459,-1.2946695449045365e-7,1,1.4009841287077052e-8,-0.14277726411819459,-4.6186303670481269e-9,-0.989754855632782],5,1.9377856254577637],[[756.3914184570313,236.41360473632813,43.91392135620117,-0.9918772578239441,-1.4455054042628036e-7,0.12719877064228059,-1.3927473219155218e-7,1,5.037073691482874e-8,-0.12719877064228059,3.224601030638041e-8,-0.9918772578239441],5,1.9545643329620362],[[756.0581665039063,236.10418701171876,43.91519546508789,-0.9892309904098511,-9.912020715319159e-8,0.14636264741420747,-8.967429465656096e-8,1,7.113574440609227e-8,-0.14636264741420747,5.7244715634396928e-8,-0.9892309904098511],5,1.9724516868591309],[[755.8582153320313,235.87765502929688,43.91859817504883,-0.9974430799484253,-6.597971946575854e-8,0.07146577537059784,-6.026270682468749e-8,1,8.215262425892434e-8,-0.07146577537059784,7.763584619624453e-8,-0.9974430799484253],5,1.987614631652832],[[755.5916137695313,235.52792358398438,43.925804138183597,-0.9948689341545105,-3.010604388009597e-8,0.1011720672249794,-2.076291316654988e-8,1,9.340195106233296e-8,-0.1011720672249794,9.082206986477104e-8,-0.9948689341545105],5,2.0044028759002687],[[755.2583618164063,235.0141143798828,43.93629455566406,-0.9911800622940064,1.524116477469306e-8,0.1325218379497528,2.904289075900124e-8,1,1.0221386048669956e-7,-0.1325218379497528,1.0516115622749567e-7,-0.9911800622940064],5,2.0238332748413088],[[755.0020751953125,234.54176330566407,43.967411041259769,-0.9970623254776001,5.869464203556163e-8,0.0765942931175232,6.7153372640405e-8,1,1.0785996806816911e-7,-0.0765942931175232,1.1268667776676011e-7,-0.9970623254776001],5,2.0477709770202638],[[754.76220703125,234.01490783691407,44.03468704223633,-0.9978571534156799,9.721109250904192e-8,0.06542985141277313,1.0474644085434193e-7,1,1.117363908065272e-7,-0.06542985141277313,1.1835050628405952e-7,-0.9978571534156799],5,2.062410354614258],[[754.5932006835938,233.58399963378907,44.10884475708008,-0.999275267124176,1.1546921285798817e-7,0.03806505352258682,1.1945765265863884e-7,1,1.0250536064404514e-7,-0.03806505352258682,1.0697823427108233e-7,-0.999275267124176],5,2.069169759750366],[[754.3823852539063,232.96177673339845,44.23930740356445,-0.9980494976043701,9.906256082103937e-8,0.06242762506008148,1.0304047037834607e-7,1,6.05010086474067e-8,-0.06242762506008148,6.681557351839729e-8,-0.9980494976043701],5,2.0877602100372316],[[754.1881713867188,232.28504943847657,44.40583801269531,-0.9980583786964417,8.431233311512188e-8,0.062284987419843677,8.576739674026612e-8,1,2.0687808799380038e-8,-0.062284987419843677,2.5989663754444338e-8,-0.9980583786964417],5,2.1031394004821779],[[754.0064086914063,231.55381774902345,44.59934997558594,-0.998062252998352,6.858947187993181e-8,0.062223564833402637,6.764694404637339e-8,1,-1.7254079054396244e-8,-0.062223564833402637,-1.301141061560429e-8,-0.998062252998352],5,2.1193742752075197],[[753.8259887695313,230.76808166503907,44.79568099975586,-0.9980624318122864,5.191429508499823e-8,0.06222032383084297,4.867242608952438e-8,1,-5.3618759210394276e-8,-0.06222032383084297,-5.048645590477463e-8,-0.9980624318122864],5,2.1402828693389894],[[753.6004638671875,229.70928955078126,45.04115676879883,-0.9962265491485596,3.155423300427174e-8,0.08679065853357315,2.322596870385496e-8,1,-9.69678808360186e-8,-0.08679065853357315,-9.458618421831489e-8,-0.9962265491485596],5,2.1564385890960695],[[753.46533203125,229.0331268310547,45.188636779785159,-0.9994078874588013,1.2157825857173066e-8,0.03440680727362633,7.944013447058751e-9,1,-1.2260701964805777e-7,-0.03440680727362633,-1.222610990225803e-7,-0.9994078874588013],5,2.168522596359253],[[753.28515625,228.08389282226563,45.385337829589847,-0.9981684684753418,-4.2308441194904848e-9,0.0604957714676857,-1.368413471425356e-8,1,-1.5584936363666203e-7,-0.0604957714676857,-1.5639174932857714e-7,-0.9981684684753418],5,2.187778949737549],[[753.0950927734375,226.8207244873047,45.64392852783203,-0.9999333620071411,-1.785777214990958e-8,-0.011544281616806984,-1.6383955525611783e-8,1,-1.2776105506873137e-7,0.011544281616806984,-1.2756339629049763e-7,-0.9999333620071411],5,2.206350326538086],[[752.9989013671875,226.8380889892578,45.69255065917969,-0.9999463558197022,0.008718756958842278,0.005587432999163866,0.008714643307030201,0.9999617338180542,-0.0007601157994940877,-0.005593846086412668,-0.0007113825413398445,-0.999984085559845],12,2.2287302017211916],[[752.9608154296875,226.97315979003907,45.67508316040039,-0.9982293248176575,0.006764681078493595,-0.05909733474254608,0.006813284941017628,0.9999765753746033,-0.0006209735292941332,0.05909175053238869,-0.0010225209407508374,-0.9982520341873169],12,2.23571515083313],[[752.9407958984375,227.15956115722657,45.66616439819336,-0.998652994632721,0.0010631643235683442,-0.05187518894672394,0.0010701100109145046,0.9999994039535523,-0.00010611829202389345,0.051875047385692599,-0.00016148750728461891,-0.9986535906791687],12,2.2548654079437258],[[752.9403076171875,227.34620666503907,45.66568374633789,-0.9986782073974609,-0.0005057887174189091,-0.051396869122982028,-0.000508659693878144,0.9999998807907105,0.000042778676288435239,0.05139683932065964,0.0000688656436977908,-0.9986783266067505],12,2.2704222202301027],[[752.9404296875,227.53285217285157,45.6656608581543,-0.9985066652297974,-0.0002548018528614193,-0.0546293705701828,-0.00025644779088906944,0.9999999403953552,0.0000231189260375686,0.0546293631196022,0.000037093981518410149,-0.9985067248344421],12,2.2885613441467287],[[752.9404907226563,227.71949768066407,45.66566467285156,-0.9983113408088684,-0.000007971672857820522,-0.05808982998132706,-0.000008064319445111323,1,0.0000013604525292976178,0.05808982998132706,0.0000018266101733388496,-0.9983113408088684],12,2.304778814315796],[[752.9404907226563,227.90614318847657,45.66566467285156,-0.9983115196228027,0.000027365460482542404,-0.058086954057216647,0.00002754662091319915,1,-0.0000023180800781119616,0.058086954057216647,-0.000003914265562343644,-0.9983115196228027],12,2.320338726043701],[[752.9404907226563,228.09278869628907,45.66566467285156,-0.9993097186088562,0.000008086210073088296,-0.037150122225284579,0.00000811915651866002,1,-7.359728328992787e-7,0.037150122225284579,-0.000001037092374644999,-0.9993097186088562],12,2.3378074169158937],[[752.9414672851563,228.24539184570313,45.69047164916992,-0.9946457743644714,-0.0000010421224487799919,0.10334277153015137,-9.863575769486488e-7,1,5.907137392568984e-7,-0.10334277153015137,4.856179884882295e-7,-0.9946457743644714],8,2.355647563934326],[[752.9310302734375,228.48582458496095,45.634525299072269,-0.9482254385948181,0.0073405178263783459,0.31751322746276858,0.007333921268582344,0.9999723434448242,-0.0012160256737843156,-0.3175133764743805,0.0011755505111068488,-0.9482530355453491],8,2.3705036640167238],[[752.79638671875,228.68472290039063,45.30343246459961,-0.7691178321838379,0.006469847168773413,0.6390742659568787,0.009344399906694889,0.9999557137489319,0.0011225356720387936,-0.6390386819839478,0.006835128180682659,-0.7691442370414734],8,2.389817714691162],[[752.4779052734375,228.84169006347657,45.101966857910159,-0.522119402885437,-0.0012185258092358709,0.8528715372085571,0.00448068929836154,0.9999812841415405,0.004171739798039198,-0.8528606295585632,0.005999598652124405,-0.5221042037010193],8,2.414224147796631],[[752.2286376953125,228.9046173095703,45.03680419921875,-0.4218311011791229,-0.0012589266989380122,0.9066735506057739,0.0006069449591450393,0.9999983906745911,0.0016708913026377559,-0.9066742062568665,0.0012551348190754653,-0.4218296706676483],8,2.4234988689422609],[[751.9868774414063,229.78797912597657,44.99929428100586,-0.5716834664344788,0.0003874693647958338,0.8204741477966309,-0.0010597275104373694,0.9999986886978149,-0.0012106384383514524,-0.8204735517501831,-0.0015615809243172408,-0.571682333946228],3,2.4483370780944826],[[751.7554931640625,230.6372528076172,44.94034194946289,-0.6895113587379456,0.0003278407675679773,0.7242748141288757,-0.0008667066576890647,0.9999988079071045,-0.0012777532683685423,-0.7242743372917175,-0.0015087592182680965,-0.6895102858543396],5,2.4639065265655519],[[751.5901489257813,231.23843383789063,44.87176513671875,-0.8490914702415466,-0.00015873854863457382,0.5282458662986755,-0.0005382804665714502,0.9999997019767761,-0.0005647196667268872,-0.5282456278800964,-0.0007638430688530207,-0.8490912914276123],5,2.4712679386138918],[[751.356689453125,231.99232482910157,44.757774353027347,-0.9213894009590149,-0.00018035581160802394,0.38864070177078249,-0.0002166821650462225,1,-0.000049641857913229617,-0.3886406719684601,-0.00012995098950341344,-0.9213894009590149],5,2.4886527061462404],[[751.109375,232.6917266845703,44.66292953491211,-0.9597578644752502,-0.00006319717067526653,0.28082892298698428,-0.000049155183660332116,1,0.00005704575960407965,-0.28082892298698428,0.00004094591713510454,-0.9597578644752502],5,2.5036439895629885],[[750.7844848632813,233.4893341064453,44.59486770629883,-0.9676174521446228,0.0000027901608063984897,0.25242117047309878,0.000009725040399644059,1,0.00002622584179334808,-0.25242117047309878,0.000027831389161292465,-0.9676174521446228],5,2.523529052734375],[[750.5857543945313,233.92701721191407,44.57394790649414,-0.9884881377220154,0.000010067401490232442,0.15129835903644563,0.000011493103556858842,1,0.000008548642654204741,-0.15129835903644563,0.000010189119166170713,-0.9884881377220154],5,2.5410921573638918],[[750.2529907226563,234.58837890625,44.55501174926758,-0.9825517535209656,0.0000040529994294047359,0.18598924577236176,0.000003900907813658705,1,-0.0000011836999647130143,-0.18598924577236176,-4.3751964540206247e-7,-0.9825517535209656],5,2.5567376613616945],[[750.0530395507813,234.94432067871095,44.549713134765628,-0.9960417151451111,0.0000012298461342652445,0.08888672292232514,0.00000109695497485518,1,-0.0000015439105709447177,-0.08888672292232514,-0.0000014402945680558333,-0.9960417151451111],5,2.571310520172119],[[749.7864379882813,235.3712158203125,44.551334381103519,-0.9960301518440247,-1.4184588792431897e-7,0.08901654183864594,-2.041196864865924e-7,1,-6.904724614287261e-7,-0.08901654183864594,-7.059014137666964e-7,-0.9960301518440247],5,2.5883352756500246],[[749.4534301757813,235.82818603515626,44.564697265625,-0.9955374002456665,-2.2373409080955754e-7,0.09436769038438797,-2.2975314095674549e-7,1,-5.291802196438766e-8,-0.09436769038438797,-7.436314319875237e-8,-0.9955374002456665],5,2.6050174236297609],[[749.2538452148438,236.06150817871095,44.578033447265628,-0.9998167157173157,-1.1042135383831919e-7,0.01914644055068493,-1.0915893966512158e-7,1,6.697961651980222e-8,-0.01914644055068493,6.487733372750881e-8,-0.9998167157173157],5,2.6204934120178224],[[748.9879760742188,236.3249053955078,44.599159240722659,-0.9986240863800049,1.2625016587719529e-8,0.052439358085393909,1.8159679981977207e-8,1,1.0506758485462342e-7,-0.052439358085393909,1.0587530852035343e-7,-0.9986240863800049],5,2.6381916999816896],[[748.7221069335938,236.53379821777345,44.62067413330078,-0.9988849759101868,8.666231821052861e-8,0.047210369259119037,9.066996398132687e-8,1,8.274764695670456e-8,-0.047210369259119037,8.693594111264247e-8,-0.9988849759101868],5,2.6536741256713869],[[748.4564819335938,236.6881866455078,44.64338684082031,-0.9988849759101868,1.4521002356104874e-7,0.04721054434776306,1.4738756703991386e-7,1,4.2643