[[[776,222.69961547851563,47,1,7.899757292761933e-8,-2.4011618837997338e-14,-7.899757292761933e-8,1,-6.632961913055624e-8,1.8771740889142464e-14,6.632961913055624e-8,1],8,0.004236459732055664],[[776,222.69961547851563,47,1,6.800344465318631e-8,-2.3583491117005335e-14,-6.800344465318631e-8,1,-5.709848238666382e-8,1.9700598913167424e-14,5.709848238666382e-8,1],8,0.02035665512084961],[[776,222.69961547851563,47,1,4.3409233541069628e-8,-2.26348192982782e-14,-4.3409233541069628e-8,1,-3.6448156492951969e-8,2.1052632903574739e-14,3.6448156492951969e-8,1],8,0.043762922286987308],[[776,222.69961547851563,47,1,1.8836038506719889e-8,-2.2187736673992543e-14,-1.8836038506719889e-8,1,-1.581546804629852e-8,2.18898368805091e-14,1.581546804629852e-8,1],8,0.05491137504577637],[[776,222.69961547851563,47,1,-5.716160433877349e-9,-2.224650551393894e-14,5.716160433877349e-9,1,4.799594943705188e-9,2.2219070116777374e-14,-4.799594943705188e-9,1],8,0.07063484191894531],[[776,222.69961547851563,47,1,-3.024737793566601e-8,-2.2810471908682116e-14,3.024737793566601e-8,1,2.539704979653834e-8,2.2042277400026456e-14,-2.539704979653834e-8,1],8,0.08780479431152344],[[776,222.69961547851563,47,1,-5.4757634870838959e-8,-2.387841274264623e-14,5.4757634870838959e-8,1,4.597691116714486e-8,2.1360825841433216e-14,-4.597691116714486e-8,1],8,0.10434889793395996],[[776,222.69961547851563,47,1,-7.92469450061617e-8,-2.544904730201504e-14,7.92469450061617e-8,1,6.653919371046868e-8,2.0176019871736424e-14,-6.653919371046868e-8,1],8,0.1209573745727539],[[776,222.69961547851563,47,1,-7.638448806801535e-8,-2.5475613643372725e-14,7.638448806801535e-8,1,6.413574737962336e-8,2.05766376566675e-14,-6.413574737962336e-8,1],8,0.13792681694030763],[[775.77392578125,222.69961547851563,46.9998779296875,0.9813694357872009,-3.6643701406546828e-8,0.1921301633119583,2.963042433634655e-8,1,3.93759407302241e-8,-0.1921301633119583,-3.294944761478291e-8,0.9813694357872009],8,0.1582326889038086],[[775.5086059570313,222.69961547851563,46.99974060058594,0.9285039305686951,-6.447488098970666e-10,0.3713225722312927,-2.9375841759105016e-9,1,9.081881024997074e-9,-0.3713225722312927,-9.5233536612227e-9,0.9285039305686951],8,0.18095111846923829],[[775.3086547851563,222.69961547851563,46.999637603759769,0.8743396997451782,2.894688932997269e-8,0.48531442880630495,-2.208456884034149e-8,1,-1.9858207522815975e-8,-0.48531442880630495,6.644858441262613e-9,0.8743396997451782],8,0.18683576583862306],[[775.0420532226563,222.69961547851563,46.9995002746582,0.7928827404975891,7.146661573642632e-8,0.6093742847442627,-4.084451532548883e-8,1,-6.413416286932261e-8,-0.6093742847442627,2.5961270466723364e-8,0.7928827404975891],8,0.20469927787780763],[[774.7754516601563,222.69961547851563,46.99936294555664,0.7080119848251343,9.924378474579498e-8,0.7062004208564758,-4.465383440788173e-8,1,-9.576366011287974e-8,-0.7062004208564758,3.62672594178548e-8,0.7080119848251343],8,0.22736430168151856],[[774.5088500976563,222.69961547851563,46.99922561645508,0.6255255341529846,7.400122825629296e-8,0.7802037000656128,-2.453557357284808e-8,1,-7.517728306538629e-8,-0.7802037000656128,2.788256381336396e-8,0.6255255341529846],8,0.23792219161987306],[[774.1755981445313,222.69961547851563,46.999053955078128,-0.985134482383728,-7.042879701657512e-8,-0.17178478837013246,-5.7172066192379137e-8,1,-8.211802082769282e-8,0.17178478837013246,-7.107600197286956e-8,-0.985134482383728],8,0.2575831413269043],[[773.9756469726563,222.69961547851563,46.99895095825195,-0.9993807077407837,-8.586727062720456e-8,-0.03518739715218544,-8.297157449987935e-8,1,-8.375369020541257e-8,0.03518739715218544,-8.07822715387374e-8,-0.9993807077407837],8,0.2778587341308594],[[773.7090454101563,222.69961547851563,46.99881362915039,-0.9999780654907227,-7.487089703772654e-8,0.006627456750720739,-7.521930456277915e-8,1,-5.232119804077229e-8,-0.006627456750720739,-5.281856374494964e-8,-0.9999780654907227],8,0.2865629196166992],[[773.4424438476563,222.69961547851563,46.995887756347659,-0.9997460246086121,-5.179383677500482e-8,0.022537298500537874,-5.205213327030833e-8,1,-1.0874160238927289e-8,-0.022537298500537874,-1.2044512942566144e-8,-0.9997460246086121],8,0.3051598072052002],[[773.1758422851563,222.69961547851563,46.990108489990237,-0.9994339942932129,-2.9477144281031543e-8,0.033640243113040927,-2.8473072788415267e-8,1,3.032637252431414e-8,-0.033640243113040927,2.9351369335017808e-8,-0.9994339942932129],8,0.32067251205444338],[[772.9092407226563,222.69961547851563,46.981536865234378,-0.9991716146469116,-7.523150102883847e-9,0.040695447474718097,-4.624245875106681e-9,1,7.132825174949176e-8,-0.040695447474718097,7.108097577201988e-8,-0.9991716146469116],8,0.33783555030822756],[[772.6428833007813,222.69961547851563,46.97096252441406,-0.9990986585617065,1.4494013989008181e-8,0.04244831204414368,1.9276358287356744e-8,1,1.1225346696619454e-7,-0.04244831204414368,1.1297053958969627e-7,-0.9990986585617065],8,0.35460329055786135],[[772.3765258789063,222.69961547851563,46.959720611572269,-0.9990986585617065,2.0353692065100405e-8,0.04244818910956383,2.3836925322484605e-8,1,8.15523080177627e-8,-0.04244818910956383,8.249063654375277e-8,-0.9990986585617065],8,0.37102460861206057],[[772.1101684570313,222.69961547851563,46.94839859008789,-0.9990230202674866,2.606426541262863e-8,0.044192951172590259,2.8340025437501027e-8,1,5.086947751919979e-8,-0.044192951172590259,5.2072206102593557e-8,-0.9990230202674866],8,0.3871021270751953],[[771.8438110351563,222.69961547851563,46.93667984008789,-0.9990230202674866,3.191390618439982e-8,0.04419342428445816,3.283926375274859e-8,1,2.0212848284018038e-8,-0.04419342428445816,2.164438051011075e-8,-0.9990230202674866],8,0.40393519401550295],[[771.5774536132813,222.69967651367188,46.92490005493164,-0.9989443421363831,3.7720745638125666e-8,0.04593735188245773,3.728118613821607e-8,1,-1.0425394769697505e-8,-0.04593735188245773,-8.701790399356924e-9,-0.9989443421363831],8,0.42075037956237795],[[771.3110961914063,222.69969177246095,46.9127197265625,-0.9989443421363831,4.356042282438466e-8,0.04593735188245773,4.171931422547459e-8,1,-4.103747386352552e-8,-0.04593735188245773,-3.9077676206034087e-8,-0.9989443421363831],8,0.43792176246643069],[[771.0447387695313,222.69969177246095,46.90046691894531,-0.9989443421363831,4.9395090684356549e-8,0.04593663290143013,4.61536728835199e-8,1,-7.162340409649915e-8,-0.04593663290143013,-6.94276494073165e-8,-0.9989443421363831],8,0.45404481887817385],[[770.7783813476563,222.69969177246095,46.888214111328128,-0.9992409944534302,5.473839692626825e-8,0.03895442560315132,5.0797702044746987e-8,1,-1.0215148193992718e-7,-0.03895442560315132,-1.0009515705178274e-7,-0.9992409944534302],8,0.4720947742462158],[[770.5120239257813,222.69969177246095,46.8775520324707,-0.9997298717498779,3.725504171825378e-8,0.023241346701979638,3.533416759182728e-8,1,-8.305963916654946e-8,-0.023241346701979638,-8.221599046009942e-8,-0.9997298717498779],8,0.49288487434387209],[[770.2454223632813,222.69969177246095,46.870731353759769,-0.999918520450592,1.326245957500305e-8,0.012763881124556065,1.2654383318988494e-8,1,-4.772117989659819e-8,-0.012763881124556065,-4.7555772653140596e-8,-0.999918520450592],8,0.5051329135894775],[[769.9788208007813,222.69969177246095,46.86690139770508,-0.999918520450592,-9.846768733723366e-9,0.012763881124556065,-1.0006020900732438e-8,1,-1.24129133638462e-8,-0.012763881124556065,-1.2539617344486942e-8,-0.999918520450592],8,0.5203027725219727],[[769.7122192382813,223.56259155273438,46.86343765258789,-0.999918520450592,-3.293625283617985e-8,0.012763881124556065,-3.2647065495439168e-8,1,2.286518530070225e-8,-0.012763881124556065,2.244661878592069e-8,-0.999918520450592],3,0.5406415462493897],[[769.4456176757813,224.37098693847657,46.86002731323242,-0.9945119023323059,-5.7030781874800598e-8,0.1046237051486969,-5.072719844179119e-8,1,6.291097065513896e-8,-0.1046237051486969,5.725843976733813e-8,-0.9945119023323059],5,0.5622632503509522],[[769.1790161132813,225.1248779296875,46.856624603271487,-0.9900388121604919,-7.922758271661223e-8,0.1407945603132248,-6.475591618482213e-8,1,1.0736717825921005e-7,-0.1407945603132248,9.718039706285708e-8,-0.9900388121604919],5,0.5731096267700195],[[768.9124145507813,225.82427978515626,46.85322189331055,-0.989436686038971,-7.685299863169348e-8,0.14496563374996186,-5.958951732054629e-8,1,1.2342887600880204e-7,-0.14496563374996186,1.134866280949609e-7,-0.989436686038971],5,0.5942857265472412],[[768.6458129882813,226.46917724609376,46.84981918334961,-0.9893659353256226,-5.0775661009083709e-8,0.1454477310180664,-3.52879112597293e-8,1,1.0906324376946941e-7,-0.1454477310180664,1.0277091178068076e-7,-0.9893659353256226],5,0.6041991710662842],[[768.3792114257813,227.0595703125,46.84641647338867,-0.9893577694892883,-2.520458686205984e-8,0.14550340175628663,-1.1708958247425017e-8,1,9.360769581689965e-8,-0.14550340175628663,9.090780395126785e-8,-0.9893577694892883],5,0.6214785575866699],[[768.1126098632813,227.595458984375,46.843013763427737,-0.9893568158149719,-9.619163104934714e-11,0.14550986886024476,1.121248605073788e-8,1,7.68974715015247e-8,-0.14550986886024476,7.77105597649097e-8,-0.9893568158149719],5,0.6387183666229248],[[767.8460083007813,228.0768585205078,46.8396110534668,-0.9893566966056824,2.463194981316974e-8,0.1455106884241104,3.3536505128495267e-8,1,5.8742191555438697e-8,-0.1455106884241104,6.299689658817442e-8,-0.9893566966056824],5,0.6546382904052734],[[767.5794067382813,228.50375366210938,46.83620834350586,-0.9893566966056824,4.9060670193057379e-8,0.14551064372062684,5.531302704753216e-8,1,3.8922532752394548e-8,-0.14551064372062684,4.655690233335008e-8,-0.9893566966056824],5,0.6708352565765381],[[767.3128051757813,228.8761444091797,46.83280563354492,-0.990105390548706,7.350475783596267e-8,0.1403259038925171,7.669051882430722e-8,1,1.7295038290399135e-8,-0.1403259038925171,2.788557829092042e-8,-0.990105390548706],5,0.6888036727905273],[[767.0462036132813,229.1940460205078,46.830596923828128,-0.9919695258140564,9.791419586235861e-8,0.12647691369056703,9.790832677936123e-8,1,-6.262903973208722e-9,-0.12647691369056703,6.170533861649119e-9,-0.9919695258140564],5,0.7119662761688232],[[766.7796020507813,229.4574432373047,46.831764221191409,-0.9926185607910156,1.2183971875856515e-7,0.12127795070409775,1.188015303910106e-7,1,-3.228209877192967e-8,-0.12127795070409775,-1.7635802151971803e-8,-0.9926185607910156],5,0.7211530208587647],[[766.5130004882813,229.6663360595703,46.83466339111328,-0.9926185607910156,1.4563956085567043e-7,0.12127811461687088,1.3924065456194513e-7,1,-6.123700302396174e-8,-0.12127811461687088,-4.3898140233977759e-8,-0.9926185607910156],5,0.7383203506469727],[[766.2463989257813,229.8207244873047,46.83777618408203,-0.9926185607910156,1.358573911147687e-7,0.12127827107906342,1.276252703519276e-7,1,-7.564578652363707e-8,-0.12127827107906342,-5.960923488146364e-8,-0.9926185607910156],5,0.7557551860809326],[[765.9797973632813,229.92062377929688,46.84088897705078,-0.9926185607910156,9.190949867843301e-8,0.12127794325351715,8.376994742320676e-8,1,-7.221337483542811e-8,-0.12127794325351715,-6.152089326860733e-8,-0.9926185607910156],5,0.7718980312347412],[[765.7131958007813,229.9660186767578,46.84400177001953,-0.9926185607910156,4.811039033825182e-8,0.12127809971570969,4.055140578884675e-8,1,-6.479578473772563e-8,-0.12127809971570969,-5.939949687672197e-8,-0.9926185607910156],5,0.7876541614532471],[[765.4465942382813,229.9569091796875,46.84711456298828,-0.9926185607910156,4.392107566530967e-9,0.12127824872732163,-2.0930766009286119e-9,1,-5.3346205675097738e-8,-0.12127824872732163,-5.32062784941445e-8,-0.9926185607910156],5,0.8057861328125],[[765.1799926757813,229.893310546875,46.85022735595703,-0.9930363893508911,-3.949699944882923e-8,0.1178077906370163,-4.426942368240816e-8,1,-3.789352120975309e-8,-0.1178077906370163,-4.284492760575631e-8,-0.9930363893508911],5,0.8219084739685059],[[764.9133911132813,229.77520751953126,46.8541374206543,-0.9930363893508911,-8.325034173140011e-8,0.11780793964862824,-8.598133405257613e-8,1,-1.8099377996350087e-8,-0.11780793964862824,-2.810262422769938e-8,-0.9930363893508911],5,0.84023118019104],[[764.6467895507813,229.60260009765626,46.85818099975586,-0.992405354976654,-1.269807228254649e-7,0.12301040440797806,-1.271458955898197e-7,1,6.507139715949961e-9,-0.12301040440797806,-9.182548055264306e-9,-0.992405354976654],5,0.8642978668212891],[[764.3135375976563,229.31021118164063,46.8617057800293,-0.9848818778991699,-1.2922636472012528e-7,0.1732272505760193,-1.2550538031064208e-7,1,3.2433661090180979e-8,-0.1732272505760193,1.0202374056689223e-8,-0.9848818778991699],5,0.8790502548217773],[[764.1135864257813,229.09390258789063,46.86086654663086,-0.9893755912780762,-1.0876560452288686e-7,0.14538221061229707,-1.0354001744872221e-7,1,4.35104254847829e-8,-0.14538221061229707,2.7995275431180745e-8,-0.9893755912780762],5,0.892615556716919],[[763.84716796875,228.75779724121095,46.85015869140625,-0.970416784286499,-8.405048390613956e-8,0.24143585562705995,-7.332972984386288e-8,1,5.3389275223025837e-8,-0.24143585562705995,3.410542248616366e-8,-0.970416784286499],5,0.9061620235443115],[[763.5256958007813,228.26101684570313,46.870513916015628,-0.9300190806388855,-5.442104367148204e-8,0.36751121282577517,-3.716037610956846e-8,1,5.4042384789454448e-8,-0.36751121282577517,3.6603594821826849e-8,-0.9300190806388855],5,0.9251887798309326],[[763.3405151367188,227.92208862304688,46.91146469116211,-0.9279608130455017,-3.4015755545624418e-8,0.3726777136325836,-1.5731504987570589e-8,1,5.210275588751756e-8,-0.3726777136325836,4.2486536955266277e-8,-0.9279608130455017],5,0.9450030326843262],[[763.098876953125,227.4224853515625,47.000396728515628,-0.8374618887901306,-1.3968237233541459e-8,0.5464957356452942,1.106033664655115e-8,1,4.2508744968472459e-8,-0.5464957356452942,4.164387945593262e-8,-0.8374618887901306],5,0.954355001449585],[[762.8483276367188,226.86837768554688,47.08548355102539,-0.7585130333900452,9.163304781623083e-9,0.6516578197479248,3.599171805035439e-8,1,2.78319127744453e-8,-0.6516578197479248,4.456515512174519e-8,-0.7585130333900452],5,0.9716036319732666],[[762.5881958007813,226.259765625,47.1409797668457,-0.6694053411483765,3.285644822881295e-8,0.7428973913192749,5.846388972940986e-8,1,8.452837541028657e-9,-0.7428973913192749,4.909104589501112e-8,-0.6694053411483765],5,0.988304853439331],[[762.3230590820313,225.59666442871095,47.163047790527347,-0.5797280669212341,5.748957931928089e-8,0.814810037612915,7.808437629819309e-8,1,-1.499966195694924e-8,-0.814810037612915,5.4928207759985528e-8,-0.5797280669212341],5,1.0044519901275635],[[762.0570678710938,224.87905883789063,47.152732849121097,-0.49294668436050417,8.316027333421516e-8,0.8700594902038574,9.463633432460483e-8,1,-4.196219549612579e-8,-0.8700594902038574,6.165411292613499e-8,-0.49294668436050417],5,1.019507646560669],[[761.7937622070313,224.10694885253907,47.113197326660159,-0.41354960203170779,1.1019101009424048e-7,0.9104815721511841,1.0808312111976193e-7,1,-7.193256834625572e-8,-0.9104815721511841,6.866000745731071e-8,-0.41354960203170779],5,1.0374977588653565],[[761.5352783203125,223.2803497314453,47.04851531982422,-0.34247300028800967,1.38766978352578e-7,0.939527690410614,1.1846956482486348e-7,1,-1.0451459786509077e-7,-0.939527690410614,7.551200553734816e-8,-0.34247300028800967],5,1.0546941757202149],[[761.2830810546875,222.50830078125,46.962059020996097,-0.3344847857952118,8.920683569613175e-8,0.9424011707305908,6.93472586021926e-8,1,-7.004578606029099e-8,-0.9424011707305908,4.192368763256127e-8,-0.3344847857952118],7,1.0719163417816163],[[761.0379638671875,222.46009826660157,46.857242584228519,-0.29100072383880618,3.6206262876703479e-8,0.9567228555679321,2.4540156573493733e-8,1,-3.0379808890756979e-8,-0.9567228555679321,1.4637580925125349e-8,-0.29100072383880618],7,1.0878410339355469],[[760.786865234375,222.5478057861328,46.87065505981445,-0.22470779716968537,-1.5983118828444277e-8,0.9744262099266052,-1.72090057759533e-8,1,1.2434108853653925e-8,-0.9744262099266052,-1.397486570908768e-8,-0.22470779716968537],8,1.107121467590332],[[760.52783203125,222.61358642578126,46.93165969848633,-0.15992304682731629,-6.609044334027203e-8,0.9871295094490051,-5.6001042025854988e-8,1,5.7879528725379717e-8,-0.9871295094490051,-4.602400949238472e-8,-0.15992304682731629],8,1.127004861831665],[[760.26513671875,222.6522674560547,46.976890563964847,-0.09413697570562363,-7.039286487042773e-8,0.9955592751502991,-5.6855530061739049e-8,1,6.533077367976148e-8,-0.9955592751502991,-5.045300710548872e-8,-0.09413697570562363],8,1.1376118659973145],[[760,222.67376708984376,47.00462341308594,0.011691275052726269,-5.792290025397051e-8,0.9999316334724426,-4.6493049410401e-8,1,5.847045869700196e-8,-0.9999316334724426,-4.717346513416487e-8,0.011691275052726269],8,1.157377004623413],[[759.7335205078125,222.685546875,47.006771087646487,0.07343725860118866,-4.797585262394932e-8,0.99729984998703,-3.675872051189799e-8,1,5.081251686078758e-8,-0.99729984998703,-4.039099721353523e-8,0.07343725860118866],8,1.1723132133483887],[[759.4674072265625,222.6919708251953,46.99028778076172,0.12395297735929489,-3.886315624868075e-8,0.9922881126403809,-2.7529168278306316e-8,1,4.260403585476524e-8,-0.9922881126403809,-3.259776093500477e-8,0.12395297735929489],8,1.1869902610778809],[[759.2025756835938,222.69546508789063,46.959388732910159,0.16007345914840699,-3.064458198309694e-8,0.987105131149292,-1.8622310804516929e-8,1,3.4064779441678186e-8,-0.987105131149292,-2.3835045936948519e-8,0.16007345914840699],8,1.2055752277374268],[[758.939208984375,222.6973876953125,46.918174743652347,0.1755494624376297,-2.326847514666497e-8,0.9844706058502197,-9.858998950562637e-9,1,2.5393562808062599e-8,-0.9844706058502197,-1.4163720862825358e-8,0.1755494624376297],8,1.219883918762207],[[758.6766357421875,222.69842529296876,46.87200164794922,0.17898471653461457,-1.6226646692985015e-8,0.9838518500328064,-1.1335511418408828e-9,1,1.6699196692115949e-8,-0.9838518500328064,-4.104147244277101e-9,0.17898471653461457],8,1.2385828495025635],[[758.4141845703125,222.698974609375,46.82441711425781,0.1789843887090683,-9.240374687635722e-9,0.9838519096374512,7.584437966556834e-9,1,8.012261076828509e-9,-0.9838519096374512,6.027894627891328e-9,0.1789843887090683],8,1.2540032863616944],[[758.1517333984375,222.69927978515626,46.77669143676758,0.17898426949977876,-2.260069908999185e-9,0.9838519096374512,1.6294979587883064e-8,1,-6.672500885152033e-10,-0.9838519096374512,1.6151274095932423e-8,0.17898426949977876],8,1.270484447479248],[[757.8236694335938,222.69949340820313,46.7170295715332,0.18070268630981446,6.42871267331202e-9,0.9835377931594849,2.715374236572643e-8,1,-1.152519768510274e-8,-0.9835377931594849,2.8789365558168357e-8,0.18070268630981446],8,1.2898616790771485],[[757.6270141601563,222.69955444335938,46.68095397949219,0.18242089450359345,1.160413010126149e-8,0.9832205176353455,3.365205003547089e-8,1,-1.8045765770580148e-8,-0.9832205176353455,3.637931200728417e-8,0.18242089450359345],8,1.3046374320983887],[[757.3648071289063,222.69961547851563,46.632381439208987,0.18242113292217256,1.8566549186971316e-8,0.9832205176353455,4.2309981296284607e-8,1,-2.6733356861541325e-8,-0.9832205176353455,4.6476770876324738e-8,0.18242113292217256],8,1.3213505744934083],[[757.1026000976563,222.69961547851563,46.583736419677737,0.18242137134075166,2.552301658909073e-8,0.9832204580307007,5.0960515807219056e-8,1,-3.541352810998433e-8,-0.9832204580307007,5.656560730926685e-8,0.18242137134075166],8,1.3370139598846436],[[756.8403930664063,222.69961547851563,46.535091400146487,0.18242113292217256,3.2473565170221266e-8,0.9832205176353455,5.9603664226415279e-8,1,-4.4086277739552318e-8,-0.9832205176353455,6.664581064796949e-8,0.18242113292217256],8,1.354261875152588],[[756.5781860351563,222.69961547851563,46.486446380615237,0.1841384321451187,3.930168901433717e-8,0.9829003214836121,6.822427423003319e-8,1,-5.2766694125239158e-8,-0.9829003214836121,7.677404312289582e-8,0.1841384321451187],8,1.3704602718353272],[[756.3159790039063,222.69961547851563,46.43741226196289,0.18413901329040528,4.624030580657745e-8,0.9829002022743225,7.683752301090863e-8,1,-6.143969955019202e-8,-0.9829002022743225,8.683706198553409e-8,0.18413901329040528],8,1.3877589702606202],[[756.0537719726563,222.69961547851563,46.388309478759769,0.18585529923439027,5.302131711459879e-8,0.9825771450996399,8.542825469248783e-8,1,-7.012030778241751e-8,-0.9825771450996399,9.697208014358694e-8,0.18585529923439027],8,1.4046242237091065],[[755.7918090820313,222.69961547851563,46.33881759643555,0.1910017430782318,5.943924108464671e-8,0.981589674949646,9.396608646738969e-8,1,-7.883836872224492e-8,-0.981589674949646,1.0729441157764086e-7,0.1910017430782318],8,1.4207184314727784],[[755.464599609375,222.69961547851563,46.275360107421878,0.197855606675148,5.864429297730567e-8,0.9802311658859253,9.122106803260977e-8,1,-7.823960146424725e-8,-0.9802311658859253,1.0489787882761448e-7,0.197855606675148],8,1.4425427913665772],[[755.203125,222.69961547851563,46.222869873046878,0.20469899475574494,3.0066040324072676e-8,0.9788249731063843,4.6649866192183256e-8,1,-4.0472219353659969e-8,-0.9788249731063843,5.394667823566124e-8,0.20469899475574494],8,1.465677261352539],[[755.00732421875,222.69961547851563,46.182193756103519,0.20469899475574494,9.19867648718764e-9,0.9788249731063843,1.324646525802109e-8,1,-1.2167869378743035e-8,-0.9788249731063843,1.5456722124440604e-8,0.20469899475574494],8,1.4719579219818116],[[754.746337890625,222.69961547851563,46.12762451171875,0.20469899475574494,-1.8603664386773745e-8,0.9788249731063843,-3.125809300286164e-8,1,2.554303968338445e-8,-0.9788249731063843,-3.58248364307201e-8,0.20469899475574494],8,1.4879469871520997],[[754.4853515625,222.69961547851563,46.07304382324219,0.20469899475574494,-4.638224382347289e-8,0.9788249731063843,-7.57246141347423e-8,1,6.322171941519628e-8,-0.9788249731063843,-8.706255982815492e-8,0.20469899475574494],8,1.5092616081237794],[[754.224365234375,222.69961547851563,46.018463134765628,0.20811696350574494,-3.987391394844053e-8,0.9781039357185364,-6.476165026469971e-8,1,5.454625906509136e-8,-0.9781039357185364,-7.469562746109659e-8,0.20811696350574494],8,1.5212786197662354],[[753.9635620117188,222.69961547851563,45.963096618652347,0.20811696350574494,-3.3675291888357609e-8,0.9781039357185364,-5.3808047795200767e-8,1,4.5878213228434109e-8,-0.9781039357185364,-6.21778966092279e-8,0.20811696350574494],8,1.54111909866333],[[753.7028198242188,222.69961547851563,45.90760040283203,0.21324163675308228,-2.715555069698894e-8,0.9769994616508484,-4.290935962103504e-8,1,3.71603192661496e-8,-0.9769994616508484,-4.984654822237644e-8,0.21324163675308228],8,1.5538318157196046],[[753.4422607421875,222.69961547851563,45.85093688964844,0.21835744380950929,-2.0705989811631299e-8,0.9758688807487488,-3.206577048331383e-8,1,2.83929448841036e-8,-0.9758688807487488,-3.749179811052272e-8,0.21835744380950929],8,1.5792903900146485],[[753.1820068359375,222.69961547851563,45.79291534423828,0.22687189280986787,-1.419502115851401e-8,0.9739246368408203,-2.130836307401296e-8,1,1.9538770601457146e-8,-0.9739246368408203,-2.5185537211314114e-8,0.22687189280986787],8,1.5890626907348633],[[752.9221801757813,222.69961547851563,45.73275375366211,0.23876644670963288,-7.708466753797439e-9,0.971077024936676,-1.0669146455200007e-8,1,1.0561366892147817e-8,-0.971077024936676,-1.2882263256130955e-8,0.23876644670963288],8,1.61130952835083],[[752.6630859375,222.69961547851563,45.669551849365237,0.2556850016117096,-1.310183739278159e-9,0.9667601585388184,-1.9725170108397806e-10,1,1.4073998633179486e-9,-0.9667601585388184,-5.505461087018659e-10,0.2556850016117096],8,1.6203207969665528],[[752.4050903320313,222.69961547851563,45.6020393371582,0.272538423538208,4.866547165249813e-9,0.9621449112892151,1.0104282743839122e-8,1,-7.92017118556032e-9,-0.9621449112892151,1.1880334938041415e-8,0.272538423538208],8,1.6380279064178467],[[752.1483154296875,222.69961547851563,45.53003692626953,0.2893024682998657,1.0819936058226176e-8,0.957237720489502,2.0232663544561548e-8,1,-1.7418134490299054e-8,-0.957237720489502,2.4406578091884513e-8,0.2893024682998657],8,1.6623201370239258],[[751.892822265625,222.69961547851563,45.45355987548828,0.30430808663368227,1.6591473084304199e-8,0.9525736570358276,3.020202754555612e-8,1,-2.7065826913030834e-8,-0.9525736570358276,3.70060071475109e-8,0.30430808663368227],8,1.6737370491027833],[[751.6386108398438,222.69961547851563,45.37301254272461,0.3126213550567627,2.241854879514449e-8,0.9498777985572815,4.007825182839042e-8,1,-3.679195970107685e-8,-0.9498777985572815,4.957139410066702e-8,0.3126213550567627],8,1.703660488128662],[[751.2584228515625,222.69961547851563,45.248313903808597,0.3126213550567627,3.1635366326554507e-8,0.9498777985572815,5.487675380777546e-8,1,-5.136556424645278e-8,-0.9498777985572815,6.81841854088816e-8,0.3126213550567627],8,1.7115020751953126],[[751.1317138671875,222.69961547851563,45.206634521484378,0.31261706352233889,3.47053195071112e-8,0.9498792290687561,5.980538730909757e-8,1,-5.621925680543427e-8,-0.9498792290687561,7.43829957627895e-8,0.31261706352233889],8,1.7292160987854005],[[750.8782958984375,222.69961547851563,45.12327575683594,0.31261706352233889,4.0840678394715727e-8,0.9498792290687561,6.965634469224824e-8,1,-6.592042467445936e-8,-0.9498792290687561,8.677297103076853e-8,0.31261706352233889],8,1.737940788269043],[[750.6248779296875,222.69961547851563,45.0399169921875,0.31261706352233889,4.697079347693034e-8,0.9498792290687561,7.949888214398016e-8,1,-7.561330050975812e-8,-0.9498792290687561,9.915234500113002e-8,0.31261706352233889],8,1.753793478012085],[[750.3714599609375,222.69961547851563,44.95655822753906,0.31261706352233889,5.309567541189608e-8,0.9498792290687561,8.933300676972067e-8,1,-8.529789141675792e-8,-0.9498792290687561,1.1152114609558339e-7,0.31261706352233889],8,1.7721362113952637],[[750.0546875,222.69961547851563,44.852359771728519,0.29764890670776369,4.6772242967563218e-8,0.9546754360198975,7.619517816692678e-8,1,-7.274896773878936e-8,-0.9546754360198975,9.439531112320765e-8,0.29764890670776369],8,1.7970869541168213],[[749.8639526367188,222.69961547851563,44.792259216308597,0.27085229754447939,3.0412309115490646e-8,0.9626209139823914,4.4467196147479629e-8,1,-4.410495435536177e-8,-0.9626209139823914,5.475098063811856e-8,0.27085229754447939],8,1.8109536170959473],[[749.7001953125,222.69961547851563,44.71891403198242,0.15856845676898957,0.00009753934864420444,0.9873479604721069,-0.000010913592632277869,1,-0.00009703650721348822,-0.9873479604721069,0.000004611415988620138,0.15856845676898957],8,1.8219451904296876],[[749.5968627929688,222.69956970214845,44.64375305175781,0.08727549016475678,0.00009482562745688483,0.996184229850769,-0.0000633102681604214,1,-0.00008964224980445579,-0.996184229850769,-0.000055245116527657959,0.08727549761533737],8,1.845970630645752],[[749.5333862304688,222.69883728027345,44.57189178466797,0.035936739295721057,0.001446171198040247,0.9993529915809631,-0.00015941217134241015,0.999998927116394,-0.0014413734897971154,-0.9993540644645691,-0.0001075107793440111,0.035936933010816577],8,1.8549494743347169],[[749.5441284179688,222.6964874267578,44.52157974243164,0.010154301300644875,0.006296378094702959,0.9999285936355591,-0.0006033896934241056,0.9999800324440002,-0.006290574558079243,-0.999948263168335,-0.0005394702311605215,0.010157897137105465],8,1.8791897296905518],[[749.5338745117188,222.69593811035157,44.49880599975586,-0.003975469619035721,0.014250870794057846,0.9998905658721924,-0.00025427789660170674,0.999898374080658,-0.014251993969082833,-0.9999920725822449,-0.0003109083918388933,-0.003971442114561796],8,1.88905668258667],[[749.5325927734375,222.69610595703126,44.502559661865237,-0.027085741981863977,0.01380962785333395,0.9995377063751221,-0.00015987646474968642,0.9999045133590698,-0.013819027692079544,-0.9996330738067627,-0.0005341011565178633,-0.027080947533249856],8,1.9117357730865479],[[749.5482177734375,222.69776916503907,44.511722564697269,-0.10041143745183945,0.010469221509993077,0.9948909282684326,-0.00038290509837679565,0.9999441504478455,-0.010561042465269566,-0.9949459433555603,-0.0014413985190913082,-0.10040181875228882],8,1.9228055477142335],[[749.6385498046875,222.69749450683595,44.420310974121097,-0.24630628526210786,0.012870226055383683,0.9691065549850464,0.000720932031981647,0.9999139904975891,-0.01309613324701786,-0.9691917896270752,-0.002526999916881323,-0.24629437923431397],8,1.9479169845581055],[[749.67041015625,222.6981658935547,44.252708435058597,-0.3467502295970917,0.01255783997476101,0.9378734230995178,0.0015514603583142162,0.999916672706604,-0.012814974412322045,-0.9379562139511108,-0.0029885219410061838,-0.34674081206321719],8,1.9608705043792725],[[749.6665649414063,222.6987762451172,44.06391143798828,-0.46989768743515017,0.011505387723445893,0.8826459050178528,0.0014147016918286682,0.999923586845398,-0.012280965223908425,-0.8827197551727295,-0.0045221163891255859,-0.46987804770469668],8,1.9706072807312012],[[749.5260620117188,222.69949340820313,43.75588607788086,-0.5823769569396973,0.008877437561750412,0.8128703832626343,0.0010470859706401826,0.999947726726532,-0.0101703479886055,-0.8129181861877441,-0.005071831401437521,-0.5823558568954468],8,2.0046942234039308],[[749.5197143554688,222.6995391845703,43.695953369140628,-0.7762445211410523,0.007628447376191616,0.6303858160972595,0.001001646276563406,0.9999404549598694,-0.010867107659578324,-0.6304311752319336,-0.007804109249264002,-0.7762058973312378],8,2.0101511478424074],[[749.4420166015625,222.69967651367188,43.59217071533203,-0.8177320957183838,0.007495090365409851,0.5755502581596375,0.0008779329364188016,0.9999303221702576,-0.011774217709898949,-0.5755983591079712,-0.009122860617935658,-0.8176816701889038],8,2.0207936763763429],[[749.3058471679688,222.6947784423828,43.489036560058597,-0.9004507660865784,0.0056420923210680489,0.4349212944507599,0.0010055935708805919,0.9999402165412903,-0.010889941826462746,-0.43495672941207888,-0.009368502534925938,-0.9004026055335999],8,2.0378756523132326],[[749.1473388671875,222.69631958007813,43.423458099365237,-0.9585962295532227,0.0037428210489451887,0.2847442924976349,0.000997644499875605,0.9999516010284424,-0.009785276837646962,-0.28476715087890627,-0.009096055291593075,-0.9585535526275635],8,2.0551798343658449],[[748.9789428710938,222.6976318359375,43.39598846435547,-0.9900104999542236,0.0020083682611584665,0.14097951352596284,0.0008564696181565523,0.9999657869338989,-0.00823087990283966,-0.1409912258386612,-0.008027912117540837,-0.9899783134460449],8,2.0709471702575685],[[748.8024291992188,222.6650390625,43.389041900634769,-0.9994334578514099,0.0009440853609703481,0.033643875271081927,0.0007554030162282288,0.9999839067459106,-0.005620493087917566,-0.03364863991737366,-0.005591894034296274,-0.9994180798530579],8,2.087707996368408],[[748.6184692382813,222.580322265625,43.3425178527832,-0.9991135001182556,0.001593300374224782,-0.0420677587389946,0.0020111603662371637,0.999949038028717,-0.009892568923532963,0.04204985126852989,-0.009968403726816178,-0.9990657567977905],8,2.1037960052490236],[[748.427490234375,222.4454345703125,43.28074264526367,-0.9931443333625794,0.0023022135719656946,-0.11687177419662476,0.004086797591298819,0.9998786449432373,-0.015032250434160233,0.1168229803442955,-0.015406826511025429,-0.993033230304718],8,2.121055841445923],[[748.2232055664063,222.26034545898438,43.234683990478519,-0.9802560806274414,0.0008405644330196083,-0.1977304071187973,0.0033736114855855705,0.9999164938926697,-0.012474100105464459,0.19770340621471406,-0.012894878163933754,-0.9801770448684692],8,2.1398258209228517],[[747.985595703125,222.02243041992188,43.211158752441409,-0.9539570808410645,-0.0019846565555781128,-0.2999366521835327,0.0013794972328469158,0.9999384880065918,-0.011004041880369187,0.2999400496482849,-0.010911145247519017,-0.953895628452301],8,2.155311346054077],[[747.74951171875,221.73216247558595,43.26302719116211,-0.9355224967002869,-0.0021397327072918417,-0.3532606065273285,0.0009817667305469514,0.9999620318412781,-0.008656827732920647,0.3532657325267792,-0.008445477113127709,-0.9354848861694336],8,2.171523332595825],[[747.530517578125,221.38885498046876,43.35932159423828,-0.94895339012146,-0.002056517405435443,-0.3154096007347107,0.000589015253353864,0.9999654293060303,-0.008292057551443577,0.31541574001312258,-0.008054557256400586,-0.948919415473938],5,2.1871957778930666],[[747.322998046875,221.00196838378907,43.4329719543457,-0.9520452618598938,-0.0014697276055812836,-0.3059537410736084,0.00008904695278033614,0.9999870657920837,-0.0050807856023311619,0.30595728754997256,-0.00486438162624836,-0.9520328044891357],5,2.2051782608032228],[[747.12744140625,220.57650756835938,43.487579345703128,-0.9491440653800964,-0.0013974037719890476,-0.3148390054702759,-0.001159822684712708,0.9999988675117493,-0.000941952399443835,0.3148399889469147,-0.0005288911052048206,-0.9491446018218994],5,2.220890760421753],[[746.9444580078125,220.10723876953126,43.54287338256836,-0.9505153298377991,-0.002096617827191949,-0.3106705844402313,-0.00102229171898216,0.9999929070472717,-0.003620873438194394,0.3106759786605835,-0.0031240996904671194,-0.9505107402801514],5,2.237238883972168],[[746.7947387695313,219.6059112548828,43.64329147338867,-0.9235305190086365,-0.00034620726364664733,-0.38352474570274355,-0.0053474195301532749,0.9999139904975891,0.01197400689125061,0.38348761200904848,0.013109228573739529,-0.9234529733657837],7,2.254887819290161],[[746.6430053710938,219.1074981689453,43.709129333496097,-0.916216254234314,-0.008184910751879216,-0.40060049295425417,-0.00985293835401535,0.9999492168426514,0.002104160375893116,0.40056294202804568,0.005874957889318466,-0.9162504076957703],7,2.270379066467285],[[746.4913940429688,219.06170654296876,43.74026107788086,-0.936741292476654,-0.009889597073197365,-0.3498827815055847,-0.007463944610208273,0.9999378323554993,-0.008280479349195958,0.3499429225921631,-0.005145161412656307,-0.9367569088935852],8,2.288443088531494],[[746.3574829101563,219.11163330078126,43.954959869384769,-0.9868472218513489,-0.0015897317789494992,-0.1616479754447937,-0.001142454450018704,0.999995231628418,-0.0028598951175808908,0.16165174543857575,-0.0026376040186733009,-0.9868443608283997],8,2.3036153316497804],[[746.1998901367188,219.14967346191407,44.16961669921875,-0.9999958872795105,0.0007151534082368016,-0.0027793736662715675,0.0007149620796553791,0.9999997615814209,0.00006983122875681147,0.002779423026368022,0.00006784379365853965,-0.9999961256980896],8,2.320324659347534],[[746.0169067382813,219.17210388183595,44.3631477355957,-0.9760956168174744,0.0003095828869845718,0.21734119951725007,0.00038843421498313546,0.9999998807907105,0.0003200777864549309,-0.2173410803079605,0.00039684929652139544,-0.9760956168174744],8,2.337798833847046],[[745.7991333007813,219.18458557128907,44.51560592651367,-0.9345861673355103,-0.000017139012925326825,0.3557368516921997,0.000016474701624247247,1,0.00009146097727352753,-0.3557368516921997,0.00009133882122114301,-0.9345861673355103],8,2.354335069656372],[[745.5598754882813,219.19143676757813,44.6324462890625,-0.8801146745681763,-0.00003721601751749404,0.47476115822792055,-0.000045721644710283729,1,-0.0000063700886130391158,-0.47476115822792055,-0.000027313268219586463,-0.8801146745681763],8,2.3701303005218508],[[745.3069458007813,219.19517517089845,44.71603775024414,-0.8234012126922607,-0.000005392763796407962,0.5674595832824707,-0.00001497328958066646,1,-0.000012223356861795765,-0.5674595832824707,-0.000018561464457889089,-0.8234012126922607],8,2.3876216411590578],[[745.0460815429688,219.1972198486328,44.770477294921878,-0.7728937864303589,0.000003069714466619189,0.6345354318618774,0.0000014900374480930623,1,-0.000003022800001417636,-0.6345354318618774,-0.0000013908218079450308,-0.7728937864303589],8,2.4047281742095949],[[744.7149047851563,219.19851684570313,44.8073844909668,-0.7244022488594055,7.930531182864797e-7,0.68937748670578,0.0000017197456827489078,1,6.567296395587618e-7,-0.68937748670578,0.0000016612904119028827,-0.7244022488594055],8,2.422834873199463],[[744.51513671875,219.19894409179688,44.81525421142578,-0.6708114743232727,-9.725717120545596e-8,0.7416279315948486,4.235661776874622e-7,1,5.142608756614209e-7,-0.7416279315948486,6.591005785594462e-7,-0.6708114743232727],8,2.4381661415100099],[[744.248779296875,219.19927978515626,44.80500030517578,-0.6091315746307373,-1.7630455317885208e-7,0.7930691838264465,-1.5329005975672772e-7,1,1.0456936649916315e-7,-0.7930691838264465,-5.787312318261684e-8,-0.6091315746307373],8,2.4554314613342287],[[744.018310546875,219.199462890625,44.90668487548828,-0.5391096472740173,-1.896644441501394e-8,0.8422356247901917,-9.890370478160549e-8,1,-4.0788460609064717e-8,-0.8422356247901917,-1.052896720921126e-7,-0.5391096472740173],8,2.4722042083740236],[[743.795166015625,219.19955444335938,45.05160140991211,-0.4666827917098999,7.519954436929766e-8,0.8844247460365295,-5.423427040796014e-9,1,-8.788826733052702e-8,-0.8844247460365295,-4.5812555526936197e-8,-0.4666827917098999],8,2.4967870712280275],[[743.56103515625,219.19961547851563,45.17890930175781,-0.3973981440067291,9.044788384926506e-8,0.9176462888717651,5.02367427657191e-8,1,-7.680944236199139e-8,-0.9176462888717651,1.5575631451270057e-8,-0.3973981440067291],8,2.5042223930358888],[[743.3176879882813,219.19961547851563,45.287654876708987,-0.33565887808799746,8.247513250125849e-8,0.9419835805892944,9.605750506125332e-8,1,-5.332638153277003e-8,-0.9419835805892944,7.258512368935044e-8,-0.33565887808799746],8,2.5206139087677],[[743.0046997070313,219.19961547851563,45.40204620361328,-0.2505241632461548,3.4115391400746378e-8,0.9681103229522705,8.33156690305259e-8,1,-1.3679023247448186e-8,-0.9681103229522705,7.723183159669134e-8,-0.2505241632461548],8,2.5418787002563478],[[742.74755859375,219.19961547851563,45.47220993041992,-0.1960488259792328,-1.0109340031760894e-8,0.9805941581726074,6.06513665957209e-8,1,2.2435346025417858e-8,-0.9805941581726074,6.387279682940061e-8,-0.1960488259792328],8,2.5589792728424074],[[742.4212036132813,219.19961547851563,45.53978729248047,-0.13750103116035462,-6.36557757616174e-8,0.9905016422271729,3.5074961601822e-8,1,6.9135296598688e-8,-0.9905016422271729,4.424797950264292e-8,-0.13750103116035462],8,2.5797159671783449],[[742.2894897460938,219.19961547851563,45.56014633178711,-0.08021027594804764,-8.599353407134913e-8,0.9967779517173767,2.594436843139647e-8,1,8.835923637207088e-8,-0.9967779517173767,3.294809403087129e-8,-0.08021027594804764],8,2.5879507064819338],[[742.02392578125,219.19961547851563,45.5841064453125,-0.026144880801439287,-1.0899574931499956e-7,0.9996581673622131,9.801168765477542e-9,1,1.0928935978427035e-7,-0.9996581673622131,1.2655175574138866e-8,-0.026144880801439287],8,2.603813886642456],[[741.6241455078125,219.19961547851563,45.59677505493164,0.024505171924829484,-5.865131313953498e-8,0.9996997117996216,-1.6964238014338663e-8,1,5.908476552463071e-8,-0.9996997117996216,-1.8407025237365816e-8,0.024505171924829484],8,2.6292285919189455],[[741.4241943359375,219.19961547851563,45.59380340576172,0.06463689357042313,-3.2466427768440556e-8,0.9979088306427002,-3.133051507120399e-8,1,3.4563811368570899e-8,-0.9979088306427002,-3.3499095053457498e-8,0.06463689357042313],8,2.641268491744995],[[741.0249633789063,219.19961547851563,45.56965637207031,0.10119014978408814,1.953164385781747e-8,0.9948670864105225,-6.181294054385944e-8,1,-1.3345283100818506e-8,-0.9948670864105225,-6.014525411046634e-8,0.10119014978408814],8,2.6651699542999269],[[740.8922119140625,219.19961547851563,45.55742645263672,0.13241446018218995,3.8314141193040999e-8,0.9911944270133972,-7.246163846730269e-8,1,-2.8974307397788836e-8,-0.9911944270133972,-6.798696006171667e-8,0.13241446018218995],8,2.6738691329956056],[[740.69384765625,219.19961547851563,4