[[[776,222.69961547851563,47,1,5.7108799467187057e-8,-2.227871817692302e-14,-5.7108799467187057e-8,1,-2.314747860054922e-8,2.0956792819658809e-14,2.314747860054922e-8,1],8,0.021600008010864259],[[776,222.69961547851563,47,1,9.437437853421216e-8,-2.378269971367239e-14,-9.437437853421216e-8,1,-3.825208239049971e-8,2.017268256192424e-14,3.825208239049971e-8,1],8,0.07394909858703613],[[776,222.69961547851563,47,1,3.101982315456553e-8,-2.2521704824435969e-14,-3.101982315456553e-8,1,-1.2573040386598678e-8,2.213169019793862e-14,1.2573040386598678e-8,1],8,0.08694291114807129],[[776,222.69961547851563,47,1,-7.736773710576017e-8,-2.4147689598776058e-14,7.736773710576017e-8,1,3.135892612249336e-8,2.1721519575428409e-14,-3.135892612249336e-8,1],8,0.14068341255187989],[[776,222.69961547851563,47,1,-8.955735353310956e-8,-2.4799044382687458e-14,8.955735353310956e-8,1,3.629966016660546e-8,2.154814209552082e-14,-3.629966016660546e-8,1],8,0.16120576858520509],[[776,222.69961547851563,47,1,-5.242544531824933e-8,-2.391092525529364e-14,5.242544531824933e-8,1,2.124924591839772e-8,2.279692446372373e-14,-2.124924591839772e-8,1],8,0.19955945014953614],[[776,222.69961547851563,47,1,6.903135840730101e-9,-2.3637514878381214e-14,-6.903135840730101e-9,1,-2.7980078254330466e-9,2.361820083311792e-14,2.7980078254330466e-9,1],8,0.2214488983154297],[[776,222.69961547851563,47,1,3.652941060749981e-8,-2.403458867746098e-14,-3.652941060749981e-8,1,-1.4806230907993268e-8,2.3493725953387113e-14,1.4806230907993268e-8,1],8,0.2312145233154297],[[776,222.69961547851563,47,1,5.8732503305236608e-8,-2.4565309029024423e-14,-5.8732503305236608e-8,1,-2.3805666771181678e-8,2.316714223617785e-14,2.3805666771181678e-8,1],8,0.24405932426452638],[[776,222.69961547851563,47,1,8.831449349600007e-8,-2.55827616171345e-14,-8.831449349600007e-8,1,-3.579594221037041e-8,2.242146186326021e-14,3.579594221037041e-8,1],8,0.2574324607849121],[[776,222.69961547851563,47,1,1.1048440029526319e-7,-2.6577725480494975e-14,-1.1048440029526319e-7,1,-4.4781927499570887e-8,2.1630021382400105e-14,4.4781927499570887e-8,1],8,0.2738192081451416],[[776,222.69961547851563,47,1,7.40216492545187e-8,-2.5392995743763435e-14,-7.40216492545187e-8,1,-3.000272030817541e-8,2.3172144812764335e-14,3.000272030817541e-8,1],8,0.28862547874450686],[[776,222.69961547851563,47,1,-5.335280306439927e-8,-2.55756346819163e-14,5.335280306439927e-8,1,2.162516210546528e-8,2.4421870775670486e-14,-2.162516210546528e-8,1],8,0.34997034072875979],[[775.8275756835938,222.69961547851563,47.14613342285156,0.961067795753479,-1.0062752409112363e-7,0.2763126492500305,8.587338840015946e-8,1,6.549600328753513e-8,-0.2763126492500305,-3.9218193137458e-8,0.961067795753479],8,0.369598388671875],[[775.5780639648438,222.69961547851563,47.21514129638672,0.8768504858016968,-7.359719944588505e-8,0.48076319694519045,5.079892062553881e-8,1,6.04333720843897e-8,-0.48076319694519045,-2.8568775789494795e-8,0.8768504858016968],8,0.39809370040893557],[[775.1796264648438,222.69961547851563,47.24518966674805,0.7344290614128113,-2.860521775005509e-8,0.6786854863166809,1.0072367828684037e-8,1,3.124831593481758e-8,-0.6786854863166809,-1.6113702372422268e-8,0.7344290614128113],8,0.4092264175415039],[[774.9130859375,222.69961547851563,47.24868392944336,0.645101010799408,3.661773773089294e-9,0.7640973329544067,-1.025516027652884e-8,1,3.865790798585067e-9,-0.7640973329544067,-1.0329766375605232e-8,0.645101010799408],8,0.42621564865112307],[[774.713134765625,222.69961547851563,47.24704360961914,0.585604727268219,2.8712804578390206e-8,0.810596764087677,-2.267095311481171e-8,1,-1.9043485011138729e-8,-0.810596764087677,-7.225047227166215e-9,0.585604727268219],8,0.4380192756652832],[[774.5132446289063,222.69961547851563,47.240272521972659,0.5327568054199219,5.431761351815112e-8,0.8462684154510498,-3.323692254753041e-8,1,-4.326100011553535e-8,-0.8462684154510498,-5.079764608950654e-9,0.5327568054199219],8,0.4505128860473633],[[774.3136596679688,222.69961547851563,47.22793960571289,0.48640546202659609,8.035320320232131e-8,0.8737332224845886,-4.240296291868617e-8,1,-6.835973920260585e-8,-0.8737332224845886,-3.798328762627534e-9,0.48640546202659609],8,0.4647865295410156],[[774.0477905273438,222.69961547851563,47.20690155029297,0.43256422877311709,1.1557542478612959e-7,0.901603102684021,-5.294616300943744e-8,1,-1.0278670004026935e-7,-0.901603102684021,-3.274579718492987e-9,0.43256422877311709],8,0.48090624809265139],[[773.8488159179688,222.69961547851563,47.186737060546878,0.39825719594955447,8.884259017349905e-8,0.917273759841919,-3.704927564740501e-8,1,-8.076917623611735e-8,-0.917273759841919,-1.8174244331703449e-9,0.39825719594955447],8,0.5023679733276367],[[773.5178833007813,222.69961547851563,47.14703369140625,0.35083651542663576,4.391433350292573e-8,0.9364367127418518,-1.3685836464105705e-8,1,-4.176773771291664e-8,-0.9364367127418518,1.8377338539821154e-9,0.35083651542663576],8,0.5113687515258789],[[773.3856811523438,222.69961547851563,47.130027770996097,0.33467546105384829,2.5842561868216764e-8,0.942333459854126,-5.181744811011413e-9,1,-2.5583680951513089e-8,-0.942333459854126,3.679302418291286e-9,0.33467546105384829],8,0.5231859683990479],[[773.1212768554688,222.69961547851563,47.09546661376953,0.3064996302127838,-1.042351360780458e-8,0.9518707990646362,1.0718996357184097e-8,1,7.499069809568937e-9,-0.9518707990646362,7.904639609535025e-9,0.3064996302127838],8,0.5386881828308106],[[772.7246704101563,222.69961547851563,47.043556213378909,0.2703232169151306,-6.505008798285417e-8,0.962769627571106,3.243848212264311e-8,1,5.845760853162574e-8,-0.962769627571106,1.5428337718503827e-8,0.2703232169151306],8,0.5620956420898438],[[772.5924682617188,222.69961547851563,47.02625274658203,0.25993943214416506,-8.330466982897633e-8,0.9656249284744263,3.92481744881934e-8,1,7.570488236297024e-8,-0.9656249284744263,1.8220333686258529e-8,0.25993943214416506],8,0.5728306770324707],[[772.3941650390625,222.69961547851563,47.00029754638672,0.24622927606105805,-1.107157814317361e-7,0.9692116379737854,4.919671781067336e-8,1,1.017343436160445e-7,-0.9692116379737854,2.26320580054562e-8,0.24622927606105805],8,0.5834226608276367],[[772.1958618164063,223.35189819335938,46.974342346191409,0.23288613557815553,-1.3815513000281499e-7,0.9725040197372437,5.8717166240285226e-8,1,1.2800019533187879e-7,-0.9725040197372437,2.7293209470258263e-8,0.23288613557815553],3,0.6013858318328857],[[771.733154296875,224.75466918945313,46.913780212402347,0.12359185516834259,-1.129304152414079e-7,0.9923331141471863,4.372610362679552e-8,1,1.0835698560640594e-7,-0.9923331141471863,2.999881942855609e-8,0.12359185516834259],5,0.6418130397796631],[[771.2704467773438,225.99053955078126,46.85321807861328,0.1296587735414505,-5.749817333366991e-8,0.9915586709976196,1.5961179045120845e-8,1,5.59005393085954e-8,-0.9915586709976196,8.578449950391587e-9,0.1296587735414505],5,0.6693787574768066],[[770.8738403320313,226.91700744628907,46.801307678222659,0.09754308313131333,-9.522890920266036e-9,0.9952313303947449,-5.909649214430601e-9,1,1.0147727991238753e-8,-0.9952313303947449,-6.871308411149357e-9,0.09754308313131333],5,0.6831436157226563],[[770.6084594726563,227.46652221679688,46.77538299560547,0.08048726618289948,2.2042135228161898e-8,0.9967556595802307,-2.003661059291062e-8,1,-2.0495939168085898e-8,-0.9967556595802307,-1.832194307382906e-8,0.08048726618289948],5,0.7128951549530029],[[770.209716796875,228.18861389160157,46.74372100830078,0.06812772154808045,6.926449458433126e-8,0.9976766109466553,-4.064354186539276e-8,1,-6.66504007540425e-8,-0.9976766109466553,-3.600836961936693e-8,0.06812772154808045],5,0.7275493144989014],[[769.943603515625,228.6018829345703,46.725772857666019,0.05808810889720917,1.0048504606174902e-7,0.998311460018158,-5.406515413142188e-8,1,-9.750915808126592e-8,-0.998311460018158,-4.830974020819667e-8,0.05808810889720917],5,0.7373385429382324],[[769.7440185546875,228.87606811523438,46.714080810546878,0.05221187323331833,1.2387522474455182e-7,0.99863600730896,-6.397073093467043e-8,1,-1.2069982346929465e-7,-0.99863600730896,-5.758151644386089e-8,0.05221187323331833],5,0.7495682239532471],[[769.61083984375,229.0418243408203,46.70701217651367,0.04163428023457527,1.3902372586471757e-7,0.9991329312324524,-7.042450533845113e-8,1,-1.3620976346828685e-7,-0.9991329312324524,-6.469244340223668e-8,0.04163428023457527],5,0.7607090473175049],[[769.344482421875,229.3324737548828,46.695613861083987,0.036688629537820819,1.2220017708841625e-7,0.999326765537262,-6.00210796619649e-8,1,-1.2007893701593276e-7,-0.999326765537262,-5.5575135604613027e-8,0.036688629537820819],5,0.7737622261047363],[[769.1445922851563,229.5146942138672,46.68824005126953,0.026229500770568849,9.723540728145963e-8,0.9996559619903565,-4.672617848200389e-8,1,-9.604284656461459e-8,-0.9996559619903565,-4.4190947789957138e-8,0.026229500770568849],5,0.7886803150177002],[[768.8779907226563,229.7099609375,46.681053161621097,0.020997919142246248,6.455110224123928e-8,0.9997795224189758,-2.9147285474095953e-8,1,-6.39531734236698e-8,-0.9997795224189758,-2.7797975477028559e-8,0.020997919142246248],5,0.8088104724884033],[[768.4780883789063,229.9006805419922,46.672786712646487,0.013001988641917706,1.5711846046428947e-8,0.9999154806137085,-3.210856247548577e-9,1,-1.5671423270191555e-8,-0.9999154806137085,-3.0068250111980889e-9,0.013001988641917706],5,0.8460729122161865],[[768.0781860351563,229.96878051757813,46.667884826660159,0.004397881217300892,-3.2831351859385907e-8,0.9999903440475464,2.2292709900284536e-8,1,3.273362736422314e-8,-0.9999903440475464,2.2148535450128294e-8,0.004397881217300892],5,0.8579244613647461],[[767.8115844726563,229.946044921875,46.666831970214847,-0.0017406597035005689,-6.498500226825854e-8,0.9999985098838806,3.909386592226838e-8,1,6.505315042204529e-8,-0.9999985098838806,3.920704116922025e-8,-0.0017406597035005689],5,0.8922669887542725],[[767.3450317382813,229.77513122558595,46.66781997680664,-0.006582365371286869,-1.2122394821290073e-7,0.9999783635139465,6.817811026849086e-8,1,1.2167535601292912e-7,-0.9999783635139465,6.897754190049454e-8,-0.006582365371286869],5,0.9043996334075928],[[767.0117797851563,229.5508575439453,46.67021942138672,-0.010657969862222672,-1.1544114641992565e-7,0.999943196773529,6.372940219989687e-8,1,1.1612696937390865e-7,-0.999943196773529,6.49634586125103e-8,-0.010657969862222672],5,0.9333724975585938],[[766.6785278320313,229.24143981933595,46.67385482788086,-0.01728523150086403,-7.900860765630569e-8,0.9998505711555481,4.2902289720814227e-8,1,7.976210270044248e-8,-0.9998505711555481,4.427458577538346e-8,-0.01728523150086403],5,0.9437315464019775],[[766.4785766601563,229.01490783691407,46.677249908447269,-0.019686833024024965,-5.7343726211911419e-8,0.9998062252998352,3.043882657038921e-8,1,5.795420321419442e-8,-0.9998062252998352,3.157386174734711e-8,-0.019686833024024965],5,0.9549374580383301],[[766.2786254882813,228.75772094726563,46.68117904663086,-0.023220552131533624,-3.5692661271014006e-8,0.9997303485870361,1.8055215988965757e-8,1,3.612165500044284e-8,-0.9997303485870361,1.8889112496367489e-8,-0.023220552131533624],5,0.9682209491729736],[[766.0786743164063,228.46987915039063,46.685752868652347,-0.03160058706998825,-1.400427773745605e-8,0.999500572681427,5.876082287414874e-9,1,1.4197055087095123e-8,-0.999500572681427,6.321783097007483e-9,-0.03160058706998825],5,0.9836297035217285],[[765.8120727539063,228.03839111328126,46.69401168823242,-0.03671102970838547,1.4701663886285133e-8,0.9993259310722351,-1.0205662093198953e-8,1,-1.5086493831972804e-8,-0.9993259310722351,-1.0752622792153943e-8,-0.03671102970838547],5,0.9941189289093018],[[765.6121215820313,227.67901611328126,46.70130920410156,-0.04548279568552971,3.608526455423089e-8,0.9989651441574097,-2.207283955613093e-8,1,-3.712762008944992e-8,-0.9989651441574097,-2.373866614391318e-8,-0.04548279568552971],5,1.008009672164917],[[765.412353515625,227.2889862060547,46.7102165222168,-0.04920381307601929,5.745866360484797e-8,0.9987887740135193,-3.384759494906575e-8,1,-5.9195794932520587e-8,-0.9987887740135193,-3.6719256968353878e-8,-0.04920381307601929],5,1.0205538272857667],[[765.2125854492188,226.86830139160157,46.720008850097659,-0.057735029608011249,7.857865114146989e-8,0.9983319640159607,-4.5439481510811677e-8,1,-8.133777384955465e-8,-0.9983319640159607,-5.0059725253959189e-8,-0.057735029608011249],5,1.034804344177246],[[765.012939453125,226.4169464111328,46.73135757446289,-0.06142020970582962,9.981771853517785e-8,0.9981120228767395,-5.693143378948662e-8,1,-1.0350989043672598e-7,-0.9981120228767395,-6.31815453289164e-8,-0.06142020970582962],5,1.0492157936096192],[[764.2811279296875,224.49974060058595,46.776611328125,-0.06647126376628876,1.0131824268455603e-7,0.9977883696556091,-5.6177128726631057e-8,1,-1.0528526672715089e-7,-0.9977883696556091,-6.305132416173365e-8,-0.06647126376628876],5,1.094919204711914],[[764.08154296875,223.90533447265626,46.79012680053711,-0.06864438205957413,7.665112633503668e-8,0.9976412057876587,-4.2106179876100217e-8,1,-7.972954563228996e-8,-0.9976412057876587,-4.747984405639727e-8,-0.06864438205957413],5,1.1059777736663819],[[763.8819580078125,223.2802734375,46.80389404296875,-0.06885287165641785,5.214102216655192e-8,0.9976268410682678,-2.8028720677752973e-8,1,-5.41995035518994e-8,-0.9976268410682678,-3.169399320768207e-8,-0.06885287165641785],5,1.1175408363342286],[[763.682373046875,222.6245574951172,46.81767272949219,-0.06889425963163376,2.765727913356386e-8,0.9976239800453186,-1.3958260325352967e-8,1,-2.868708470771253e-8,-0.9976239800453186,-1.5901470362678084e-8,-0.06889425963163376],7,1.1637041568756104],[[762.9505615234375,222.61605834960938,46.868194580078128,-0.06890195608139038,-6.197651458705877e-8,0.9976234436035156,3.75571431732169e-8,1,6.471808688957026e-8,-0.9976234436035156,4.192709113226556e-8,-0.06890195608139038],8,1.1783549785614014],[[762.7509765625,223.26834106445313,46.88197326660156,-0.0654187873005867,-8.653150729287518e-8,0.9978578686714172,5.1674522438815987e-8,1,9.010500434669666e-8,-0.9978578686714172,5.74583900458947e-8,-0.0654187873005867],3,1.199908971786499],[[762.4183349609375,224.287353515625,46.90391540527344,-0.0593038834631443,-1.2757605816204887e-7,0.9982399940490723,7.537575896776616e-8,1,1.3227894157807897e-7,-0.9982399940490723,8.308775534260349e-8,-0.0593038834631443],5,1.207385540008545],[[762.2852783203125,224.67111206054688,46.911949157714847,-0.055282361805438998,-1.2898620127543837e-7,0.9984707832336426,7.596088380523725e-8,1,1.3338949145236257e-7,-0.9984707832336426,8.321880784478708e-8,-0.055282361805438998],5,1.2180917263031006],[[762.0855102539063,225.22120666503907,46.92311096191406,-0.05349047854542732,-1.0794666849278656e-7,0.9985683560371399,6.340037117524844e-8,1,1.1149761292017502e-7,-0.9985683560371399,6.927366769104992e-8,-0.05349047854542732],5,1.2301514148712159],[[761.8857421875,225.7406463623047,46.93383026123047,-0.04839257895946503,-8.712999033377855e-8,0.9988284111022949,5.0722228195354549e-8,1,8.968964948508074e-8,-0.9988284111022949,5.5003113175189358e-8,-0.04839257895946503],5,1.243697166442871],[[761.619384765625,226.3855438232422,46.94683074951172,-0.04341791570186615,-5.91995465981654e-8,0.9990569949150086,3.367554057831512e-8,1,6.071892499903697e-8,-0.9990569949150086,3.6280074056094239e-8,-0.04341791570186615],5,1.2592175006866456],[[761.4196166992188,226.8334503173828,46.95558166503906,-0.03966539725661278,-3.8187344841844609e-8,0.9992130398750305,2.083020689269688e-8,1,3.904430911916279e-8,-0.9992130398750305,2.2362522500429806e-8,-0.03966539725661278],5,1.269385814666748],[[761.2864379882813,227.11502075195313,46.96094512939453,-0.036005858331918719,-2.4173804291649504e-8,0.9993515610694885,1.2222200140854511e-8,1,2.462984660667189e-8,-0.9993515610694885,1.3101093543355092e-8,-0.036005858331918719],5,1.2820892333984376],[[761.0198364257813,227.6372833251953,46.970638275146487,-0.029571088030934335,3.913799506705118e-9,0.999562680721283,-5.178785400516972e-9,1,-4.068721359828942e-9,-0.999562680721283,-5.296837191082204e-9,-0.029571088030934335],5,1.2983641624450684],[[760.8198852539063,227.99322509765626,46.97665786743164,-0.024115482345223428,2.5064798236940079e-8,0.9997091889381409,-1.833112683868876e-8,1,-2.55142822425114e-8,-0.9997091889381409,-1.894108514477466e-8,-0.024115482345223428],5,1.3109712600708008],[[760.5532836914063,228.4201202392578,46.983154296875,-0.02218281477689743,5.3245265974055658e-8,0.9997539520263672,-3.591325992147176e-8,1,-5.405522429668963e-8,-0.9997539520263672,-3.7103522032566619e-8,-0.02218281477689743],5,1.3274760246276856],[[760.2866821289063,228.79251098632813,46.98904037475586,-0.020299706608057023,8.143616270217535e-8,0.9997939467430115,-5.353655296858051e-8,1,-8.253994820961452e-8,-0.9997939467430115,-5.520105972323108e-8,-0.020299706608057023],5,1.3547582626342774],[[760.1045532226563,229.2838592529297,46.98462677001953,-0.03892597183585167,0.029736589640378953,0.9987995028495789,0.0022137879859656097,0.9995571970939636,-0.02967287041246891,-0.9992396235466003,0.0010560851078480483,-0.038974564522504809],5,1.3760411739349366],[[760.131591796875,229.41915893554688,46.980438232421878,-0.02045080065727234,0.014367288909852505,0.9996876120567322,0.0011087112361565233,0.9998964667320252,-0.014347609132528305,-0.9997902512550354,0.0008149449131451547,-0.020464612171053888],12,1.3904573917388917],[[760.1394653320313,229.6055145263672,46.979488372802737,-0.01878141239285469,0.00020422488159965724,0.9998235702514648,0.000032770905818324539,1,-0.00020364532247185707,-0.9998236298561096,0.000028940377887920478,-0.018781417980790139],12,1.4043455123901368],[[760.1405029296875,229.74549865722657,46.979522705078128,-0.023593759164214135,-0.0017325867665931583,0.9997201561927795,-0.00013583930558525026,0.9999985098838806,0.001729863346554339,-0.9997216463088989,-0.00009498731378698722,-0.023593958467245103],12,1.4175066947937012],[[760.1407470703125,229.88548278808595,46.97954177856445,-0.028790390118956567,-0.0010205007856711746,0.999584972858429,-0.00008400832302868366,0.999999463558197,0.0010185042629018427,-0.9995854496955872,-0.000054650314268656078,-0.028790460899472238],12,1.4311010837554932],[[760.1406860351563,230.1654510498047,46.97953414916992,-0.041002340614795688,0.00007028002437436953,0.999159038066864,0.000007018830274319043,1,-0.00007005114457570016,-0.999159038066864,0.000004140666987950681,-0.041002340614795688],12,1.4565041065216065],[[760.1406860351563,230.30543518066407,46.97953414916992,-0.0532134510576725,0.00008611193334218115,0.9985831379890442,0.000007959357390063815,1,-0.0000858099665492773,-0.9985831379890442,0.0000033818359952419998,-0.0532134510576725],12,1.4684271812438965],[[760.1406860351563,230.5387420654297,46.97953414916992,-0.056701626628637317,0.00001003491342999041,0.9983911514282227,8.256670298578683e-7,1,-0.000010004191608459223,-0.9983911514282227,2.5708473572194637e-7,-0.056701626628637317],12,1.4930484294891358],[[760.1406860351563,230.7253875732422,46.97953414916992,-0.060189444571733478,-0.000005433503247331828,0.9981869459152222,-5.494223955793132e-7,1,0.000005410242920333985,-0.9981869459152222,-2.2278679523424217e-7,-0.060189444571733478],12,1.504441261291504],[[760.1406860351563,230.86537170410157,46.97953414916992,-0.06193296238780022,-0.0000035839493648381905,0.998080313205719,-3.3982232139351256e-7,1,0.0000035697560178959977,-0.998080313205719,-1.1808440092409e-7,-0.06193296238780022],12,1.5186731815338135],[[760.1406860351563,231.00535583496095,46.97953414916992,-0.06541930139064789,-9.494280561739288e-7,0.9978578686714172,-8.014272623313446e-8,1,9.462120829084597e-7,-0.9978578686714172,-1.807051575042351e-8,-0.06541930139064789],12,1.533106803894043],[[760.1406860351563,231.23866271972657,46.97953414916992,-0.07064735889434815,3.076860366491019e-7,0.9975013732910156,3.4109170599094799e-8,1,-3.060409881072701e-7,-0.9975013732910156,1.2402956883761363e-8,-0.07064735889434815],12,1.5503382682800294],[[760.1406860351563,231.7052764892578,46.97953414916992,-0.0793568342924118,-6.208748715152979e-8,0.9968462586402893,-1.0635099911837642e-8,1,6.143726949403572e-8,-0.9968462586402893,-5.726092489055645e-9,-0.0793568342924118],12,1.5958549976348878],[[760.1406860351563,231.8452606201172,46.97953414916992,-0.08457940071821213,-9.19450116043663e-8,0.9964167475700378,-1.2046974084967133e-8,1,9.12530708774284e-8,-0.9964167475700378,-4.285676702409091e-9,-0.08457940071821213],12,1.637427806854248],[[760.1406860351563,232.31187438964845,46.97953414916992,-0.08979940414428711,-4.950629417521668e-8,0.9959598779678345,-2.8081461600493187e-9,1,4.945392362287748e-8,-0.9959598779678345,1.6441319417026535e-9,-0.08979940414428711],12,1.648921251296997],[[760.1406860351563,232.4518585205078,46.97953414916992,-0.08979940414428711,-2.6158167187873006e-8,0.9959598779678345,1.0436966846327778e-9,1,2.6358382143598648e-8,-0.9959598779678345,3.40644690233205e-9,-0.08979940414428711],12,1.6592178344726563],[[760.1406860351563,232.5918426513672,46.97953414916992,-0.08979940414428711,-2.825003342366017e-9,0.9959598779678345,4.8930708373973179e-9,1,3.2776401592826689e-9,-0.9959598779678345,5.167632100011588e-9,-0.08979940414428711],12,1.6703379154205323],[[760.1406860351563,232.68516540527345,46.97953414916992,-0.09153886139392853,1.2731161902479471e-8,0.9958015084266663,7.484806552326973e-9,1,-1.209680000613389e-8,-0.9958015084266663,6.346054792771838e-9,-0.09153886139392853],12,1.6810150146484376],[[760.1406860351563,232.7784881591797,46.97953414916992,-0.09153886139392853,2.827165346275251e-8,0.9958015084266663,1.0075435596945681e-8,1,-2.746467053782453e-8,-0.9958015084266663,7.519049383120091e-9,-0.09153886139392853],12,1.6878211498260499],[[760.1406860351563,232.87181091308595,46.97953414916992,-0.09153886139392853,4.380550677751671e-8,0.9958015084266663,1.2664957971253444e-8,1,-4.282597387827991e-8,-0.9958015084266663,8.691542596750424e-9,-0.09153886139392853],12,1.697021245956421],[[760.1406860351563,233.05845642089845,46.97953414916992,-0.09501717239618302,7.488339548444856e-8,0.9954756498336792,1.7947911601368106e-8,1,-7.351062691896004e-8,-0.9954756498336792,1.0881937129170183e-8,-0.09501717239618302],12,1.7407128810882569],[[760.1406860351563,233.47840881347657,46.97953414916992,-0.09501717239618302,9.070625139884214e-8,0.9954756498336792,1.8742609242394793e-8,1,-8.932953932117016e-8,-0.9954756498336792,1.0169969755224884e-8,-0.09501717239618302],12,1.7509958744049073],[[760.1406860351563,233.66505432128907,46.97953414916992,-0.09327851235866547,4.978678802558534e-8,0.9956400394439697,9.324864436166536e-9,1,-4.913118445415421e-8,-0.9956400394439697,4.7013246629035169e-9,-0.09327851235866547],12,1.7678329944610596],[[760.1406860351563,233.80503845214845,46.97953414916992,-0.08805966377258301,1.9108217230723313e-8,0.9961152076721191,2.4248063557053e-9,1,-1.8968378867612047e-8,-0.9961152076721191,7.45037420646355e-10,-0.08805966377258301],12,1.7793090343475342],[[760.1406860351563,233.9450225830078,46.97953414916992,-0.04100067913532257,-1.1581749781441886e-8,0.9991590976715088,-3.042070595427049e-9,1,1.1466664950887662e-8,-0.9991590976715088,-2.5693716043662109e-9,-0.04100067913532257],12,1.7926559448242188],[[760.1406860351563,234.1316680908203,46.97953414916992,0.10551538318395615,-5.1895916897137798e-8,0.994417667388916,-4.3192218690535359e-9,1,5.264554658879206e-8,-0.994417667388916,-9.850025683988406e-9,0.10551538318395615],12,1.8116521835327149],[[760.326171875,234.6854705810547,46.77177810668945,0.6470925211906433,-0.008804384618997574,0.7623606324195862,0.011405488476157189,0.9999331831932068,0.0018670816207304597,-0.762326180934906,0.007486920803785324,0.6471497416496277],8,1.8952827453613282],[[760.43359375,234.78807067871095,46.267234802246097,0.45674577355384829,-0.00640105688944459,0.8895742297172546,0.010698189027607441,0.999941349029541,0.0017023076070472599,-0.8895329236984253,0.008739311248064042,0.45678743720054629],3,1.9157788753509522],[[760.444091796875,234.6947784423828,46.1107063293457,0.390669047832489,-0.003073520492762327,0.9205260872840881,0.00554263312369585,0.9999841451644898,0.0009865409228950739,-0.9205145239830017,0.004716727416962385,0.39067986607551577],5,1.9394316673278809],[[760.509765625,234.45262145996095,45.826271057128909,0.331901490688324,0.00003680191730381921,0.9433140754699707,0.0005105223972350359,0.9999998211860657,-0.00021863881556782871,-0.9433138966560364,0.000554149504750967,0.3319014310836792],5,1.9489850997924805],[[760.5478515625,234.2855682373047,45.65494155883789,0.10912930220365524,0.00023477515787817538,0.9940275549888611,-0.00007375572749879211,1,-0.0002280884946230799,-0.9940275549888611,-0.00004842408816330135,0.10912931710481644],5,1.9618172645568848],[[760.5654296875,234.15716552734376,45.532066345214847,0.02383178099989891,0.00015949986118357629,0.9997159838676453,-0.0001670504716457799,1,-0.000155562927830033,-0.9997159838676453,-0.0001632956846151501,0.023831807076931],5,1.9729745388031006],[[760.5748291015625,233.9390106201172,45.33994674682617,-0.03888638690114021,0.000050854054279625419,0.9992436170578003,-0.00014204300532583147,1,-0.00005642026735586114,-0.9992436170578003,-0.00014412954624276608,-0.038886379450559619],5,1.983900547027588],[[760.5626220703125,233.69020080566407,45.143436431884769,-0.08593928068876267,-0.00000295528229798947,0.9963003993034363,-0.0000748310485505499,1,-0.000003488550419206149,-0.9963003993034363,-0.00007485400419682264,-0.08593928068876267],5,1.9974710941314698],[[760.5306396484375,233.41073608398438,44.94668960571289,-0.18282616138458253,-0.0000178087084350409,0.9831452369689941,-0.000027721662263502368,1,0.000012958882507518866,-0.9831452369689941,-0.000024885199309210294,-0.18282616138458253],5,2.011632204055786],[[760.4447631835938,232.87684631347657,44.62501525878906,-0.2133915275335312,-0.000007060042662487831,0.9769667387008667,0.0000011233689747314202,1,0.000007471861408703262,-0.9769667387008667,0.00000269192605628632,-0.2133915275335312],5,2.0312857627868654],[[760.3517456054688,232.38841247558595,44.375370025634769,-0.3360162675380707,-6.085203949623974e-7,0.9418562054634094,0.0000033363933198415909,1,0.0000018363767821938382,-0.9418562054634094,0.0000037594552395603388,-0.3360162675380707],5,2.048239231109619],[[759.9913330078125,230.5961151123047,43.66159439086914,-0.16965252161026,8.916588001284254e-8,0.9855039715766907,-4.86777516073289e-8,1,-9.885722107583206e-8,-0.9855039715766907,-6.474348879237368e-8,-0.16965252161026],5,2.0982117652893068],[[759.7806396484375,229.51602172851563,43.32185745239258,-0.6604844927787781,-1.0368140834771111e-7,0.7508397102355957,-1.3922594632731489e-7,1,1.5615624349152314e-8,-0.7508397102355957,-9.422248581358872e-8,-0.6604844927787781],5,2.12681245803833],[[759.499755859375,228.10093688964845,42.99205017089844,-0.725760281085968,-1.3546782895446086e-7,0.687947690486908,-1.0727004706723165e-7,1,8.374981774750268e-8,-0.687947690486908,-1.3013885080681576e-8,-0.725760281085968],5,2.166111707687378],[[759.172119140625,226.51893615722657,42.77448654174805,-0.816679060459137,-1.5584829782255839e-7,0.577092170715332,-8.189761757648739e-8,1,1.5415947984820378e-7,-0.577092170715332,7.863634010618625e-8,-0.816679060459137],5,2.193173885345459],[[758.8626708984375,225.0301055908203,42.68031311035156,-0.8908049464225769,-7.446963934398809e-8,0.4543859362602234,-2.7628439980276199e-8,1,1.0972630803962602e-7,-0.4543859362602234,8.519076288848737e-8,-0.8908049464225769],5,2.206000804901123],[[758.701416015625,224.2397003173828,42.666053771972659,-0.9497728943824768,-2.7145100389702749e-8,0.31293997168540957,5.406357028725495e-10,1,8.838302534286413e-8,-0.31293997168540957,8.411298324517702e-8,-0.9497728943824768],5,2.22304630279541],[[758.4283447265625,222.85423278808595,42.69173049926758,-0.9483098387718201,2.8300792820346034e-8,0.31734591722488406,4.671735709393943e-8,1,5.042364037421976e-8,-0.31734591722488406,6.264279761580838e-8,-0.9483098387718201],5,2.2531371116638185],[[758.0987548828125,222.36782836914063,42.894737243652347,-0.9935508966445923,9.808371714825626e-8,0.11338701099157334,1.0070753830859758e-7,1,1.741246080655401e-8,-0.11338701099157334,2.8719092881601683e-8,-0.9935508966445923],7,2.2842164039611818],[[757.6857299804688,222.5814208984375,43.23189926147461,-0.9992860555648804,6.497755578038778e-8,-0.03778102621436119,6.543031361161411e-8,1,-1.0747283951673126e-8,0.03778102621436119,-1.3211635341292549e-8,-0.9992860555648804],8,2.2987465858459474],[[757.497802734375,222.6345672607422,43.42084884643555,-0.9986484050750732,2.828361900242271e-8,-0.05197441577911377,2.9661489264753983e-8,1,-2.5739222309084654e-8,0.05197441577911377,-2.7246072065167938e-8,-0.9986484050750732],8,2.317249298095703],[[757.2730102539063,222.6691131591797,43.666996002197269,-0.9904007911682129,-1.981944564022342e-8,-0.13822531700134278,-1.324723353235413e-8,1,-4.846705792260764e-8,0.13822531700134278,-4.617070814560975e-8,-0.9904007911682129],8,2.33406400680542],[[757.1095581054688,222.68301391601563,43.877525329589847,-0.9808545112609863,-5.891615373343484e-8,-0.19474202394485475,-4.645107409828597e-8,1,-6.857487022671194e-8,0.19474202394485475,-5.821599557975787e-8,-0.9808545112609863],8,2.3502845764160158],[[756.9965209960938,222.68910217285157,44.0424690246582,-0.9680113196372986,-8.951423779990364e-8,-0.2509066164493561,-7.042688565661592e-8,1,-8.50524344286896e-8,0.2509066164493561,-6.466114399472645e-8,-0.9680113196372986],8,2.3641486167907717],[[756.8931274414063,222.69297790527345,44.213619232177737,-0.9508737921714783,-7.522764633449697e-8,-0.3095788359642029,-5.811788028609044e-8,1,-6.44904503133148e-8,0.3095788359642029,-4.3330214083425747e-8,-0.9508737921714783],8,2.376267194747925],[[756.6188354492188,222.69796752929688,44.74714279174805,-0.8976191282272339,-2.563212753159405e-8,-0.4407719373703003,-2.8933422768773199e-8,1,7.692570469508553e-10,0.4407719373703003,1.3443540503033092e-8,-0.8976191282272339],8,2.4144129753112795],[[756.5468139648438,222.69859313964845,44.933475494384769,-0.8756675720214844,-6.727011392371196e-9,-0.4829143285751343,-2.044877867035666e-8,1,2.314969727024163e-8,0.4829143285751343,3.0146448892764968e-8,-0.8756675720214844],8,2.4283077716827394],[[756.4884033203125,222.698974609375,45.124664306640628,-0.8492348790168762,1.3120062369864627e-8,-0.5280152559280396,-1.3141780108583135e-8,1,4.598450331627646e-8,0.5280152559280396,4.5990706354359648e-8,-0.8492348790168762],8,2.4417543411254885],[[756.425537109375,222.69927978515626,45.383750915527347,-0.837225079536438,3.849462615335142e-8,-0.5468584299087524,-4.073779980018344e-9,1,7.662914924821962e-8,0.5468584299087524,6.638362748390137e-8,-0.837225079536438],8,2.453277111053467],[[756.3165283203125,222.69943237304688,45.534095764160159,-0.8136240839958191,5.948930592580837e-8,-0.5813913345336914,1.7591029743968534e-9,1,9.986055005128947e-8,0.5813913345336914,8.022622211001362e-8,-0.8136240839958191],8,2.4859697818756105],[[755.8870239257813,222.69960021972657,45.84654235839844,-0.7699408531188965,5.042917550213133e-8,-0.6381152868270874,6.356024151443762e-9,1,7.135922430734354e-8,0.6381152868270874,5.088650922857596e-8,-0.7699408531188965],8,2.5137455463409426],[[755.5773315429688,222.69961547851563,46.09952163696289,-0.7330923676490784,1.3772679885448725e-8,-0.6801291108131409,1.037312991059025e-8,1,9.0691862908443e-9,0.6801291108131409,-4.0651651489476139e-10,-0.7330923676490784],8,2.524970054626465],[[755.4293212890625,222.69961547851563,46.23394775390625,-0.7002119421958923,-5.953031845251644e-9,-0.7139350175857544,1.3844470458934666e-8,1,-2.191669423723397e-8,0.7139350175857544,-2.523038489243845e-8,-0.7002119421958923],8,2.53672194480896],[[755.2412109375,222.69961547851563,46.422916412353519,-0.6799898743629456,-3.2891033896476077e-8,-0.7332214713096619,1.9621205993303194e-8,1,-6.305496214054074e-8,0.7332214713096619,-5.726342777734317e-8,-0.6799898743629456],8,2.5568675994873049],[[755.1044311523438,222.69961547851563,46.56880569458008,-0.6065202951431274,-5.789411616774487e-8,-0.7950680255889893,2.6887967408129044e-8,1,-9.332813277751484e-8,0.7950680255889893,-7.798316659091143e-8,-0.6065202951431274],8,2.5711965560913088],[[755.004638671875,222.69961547851563,46.676082611083987,-0.5099506974220276,-4.248817120355852e-8,-0.8602036237716675,2.1135560857032943e-8,1,-6.192285439965417e-8,0.8602036237716675,-4.975849066113369e-8,-0.5099506974220276],8,2.60164213180542],[[755.00439453125,222.69961547851563,46.67643356323242,-0.24636271595954896,1.780200165057977e-8,-0.9691777229309082,-2.3779660907052859e-8,1,2.4412884158664384e-8,0.9691777229309082,2.9061141049169238e-8,-0.24636271595954896],8,2.6707937717437746],[[755.00439453125,222.69961547851563,46.67643356323242,-0.15315839648246766,5.5876732574233759e-8,-0.9882016777992249,-5.0822396957528329e-8,1,6.44206679112358e-8,0.9882016777992249,6.008934150258938e-8,-0.15315839648246766],8,2.6849524974823],[[754.8170776367188,222.69961547851563,46.6463737487793,-0.09769290685653687,8.449985244851632e-8,-0.9952166080474854,-7.156852888101639e-8,1,9.193133365670292e-8,0.9952166080474854,8.02072221972594e-8,-0.09769290685653687],8,2.705577850341797],[[754.5552978515625,222.69961547851563,46.61844253540039,-0.01062206830829382,7.002090285368468e-8,-0.9999436140060425,-5.647012457643541e-8,1,7.062472207053361e-8,0.9999436140060425,5.721712170725368e-8,-0.01062206830829382],8,2.7367658615112306],[[754.0889282226563,222.69961547851563,46.60996627807617,0.04001549631357193,1.1729343718513974e-8,-0.9991990327835083,-7.476422148045004e-9,1,1.143933392455665e-8,0.9991990327835083,7.012683322926705e-9,0.04001549631357193],8,2.7570841312408449],[[753.8224487304688,222.69961547851563,46.61865234375,0.04525035247206688,-2.3106442981202237e-8,-0.9989756941795349,2.0663730282421967e-8,1,-2.2194136306552538e-8,0.9989756941795349,-1.963827145345931e-8,0.04525035247206688],8,2.7679219245910646],[[753.6226806640625,222.69961547851563,46.627464294433597,0.04525035247206688,-4.924115870608148e-8,-0.9989756941795349,4.175305789999584e-8,1,-4.74003698514025e-8,0.9989756941795349,-3.956540695071453e-8,0.04525035247206688],8,2.7821385860443117],[[753.5000610351563,222.69961547851563,46.63297653198242,0.04525035247206688,-7.535911805689466e-8,-0.9989756941795349,6.282886744202188e-8,1,-7.259044565444128e-8,0.9989756941795349,-5.947976688958079e-8,0.04525035247206688],8,2.823667526245117],[[753.1358642578125,225.3047637939453,46.64934158325195,0.04525035247206688,-1.883436056004939e-7,-0.9989756941795349,1.54001341456933e-7,1,-1.81560963596894e-7,0.9989756941795349,-1.4562789374394925e-7,0.04525035247206688],3,2.863884210586548],[[753.00927734375,226.46910095214845,46.65503692626953,0.04525035247206688,-1.0937956318457509e-7,-0.9989756941795349,8.905608694931289e-8,1,-1.0545777229253872e-7,0.9989756941795349,-8.419286245953117e-8,0.04525035247206688],5,2.891735553741455],[[753.0133666992188,227.5953826904297,46.65482711791992,0.028923800215125085,-1.7477242764130098e-8,-0.9995816349983215,1.699777563146654e-8,1,-1.6992713014474249e-8,0.9995816349983215,-1.6499170030215283e-8,0.028923800215125085],5,2.912613868713379],[[753.074951171875,228.0767822265625,46.65263366699219,0.010883496142923832,2.7873001684497468e-8,-0.9999407529830933,-1.826818873951197e-8,1,2.7675818969896683e-8,0.9999407529830933,1.7965897214367034e-8,0.010883496142923832],5,2.9435200691223146],[[753.2783203125,228.7880859375,46.6483268737793,-0.016213206574320794,1.0596370714210934e-7,-0.9998685717582703,-7.778302091310252e-8,1,1.07238918189978e-7,0.9998685717582703,7.951148717211254e-8,-0.016213206574320794],5,2.9571759700775148],[[753.4490966796875,229.11959838867188,46.64765167236328,-0.03742554411292076,9.412710966216764e-8,-0.9992994070053101,-7.011764324715841e-8,1,9.681912871428722e-8,0.9992994070053101,7.36920284793996e-8,-0.03742554411292076],5,2.978879451751709],[[753.7180786132813,229.45736694335938,46.65285873413086,-0.03948582708835602,8.156239772461049e-8,-0.9992201328277588,-6.028344756714432e-8,1,8.400824924592598e-8,0.9992201328277588,6.355357129450567e-8,-0.03948582708835602],5,3.0036985874176027],[[754.0410766601563,229.7099609375,46.66499710083008,-0.04025696590542793,6.917113637427974e-8,-0.9991893768310547,-5.039698081077404e-8,1,7.125773038296757e-8,0.9991893768310547,5.3224745499846907e-8,-0.04025696590542793],5,3.015477418899536],[[754.2407836914063,229.82064819335938,46.67304992675781,-0.04030948132276535,6.177129563411654e-8,-0.9991872310638428,-4.446809853675404e-8,1,6.361548798849981e-8,0.9991872310638428,4.699626288129366e-8,-0.04030948132276535],5,3.0279622077941896],[[754.5071411132813,229.92054748535157,46.683799743652347,-0.04031199589371681,5.1916025256559809e-8,-0.9991871118545532,-3.656860769751802e-8,1,5.3433613089737267e-8,0.9991871118545532,3.869289599833792e-8,-0.04031199589371681],5,3.0412747859954836],[[754.9066772460938,229.96820068359376,46.69993591308594,-0.04031262546777725,3.714909979635195e-8,-0.9991871118545532,-2.473197291408269e-8,1,3.817714144815909e-8,0.9991871118545532,2.625088946217602e-8,-0.04031262546777725],5,3.068020820617676],[[755.0398559570313,229.9568328857422,46.70531463623047,-0.0403127446770668,3.223100009108748e-8,-0.9991871118545532,-2.0789798327314203e-8,1,3.309599705403343e-8,0.9991871118545532,2.2107089492351407e-8,-0.0403127446770668],5,3.0775487422943117],[[755.4393920898438,229.84100341796876,46.72145080566406,-0.0403127446770668,1.748931843792434e-8,-0.9991871118545532,-8.973377596532828e-9,1,1.786558279093242e-8,0.9991871118545532,9.686294433208787e-9,-0.0403127446770668],5,3.102693557739258],[[755.63916015625,229.73709106445313,46.72951889038086,-0.0403127446770668,1.0125560834239878e-8,-0.9991871118545532,-3.0708453557792838e-9,1,1.0257693361381826e-8,0.9991871118545532,3.4818647964840467e-9,-0.0403127446770668],5,3.115017890930176],[[755.9786376953125,229.18218994140626,46.708221435546878,-0.09819146990776062,-0.03824659809470177,-0.9944323301315308,0.0038094772025942804,0.999239444732666,-0.03880763426423073,0.9951602220535278,-0.00759884575381875,-0.09797108918428421],5,3.160524368286133],[[755.9383544921875,229.26539611816407,46.687808990478519,-0.046391550451517108,-0.01864846795797348,-0.9987492561340332,0.0017071794718503953,0.9998227953910828,-0.018747810274362565,0.9989218711853027,-0.00257478398270905,-0.046351492404937747],12,3.1723592281341554],[[755.9168701171875,229.40235900878907,46.67730712890625,-0.04150296002626419,-0.002895827405154705,-0.9991341829299927,0.00019678269745782018,0.999995768070221,-0.002906498732045293,0.999138355255127,-0.0003172405995428562,-0.0415022149682045],12,3.183877468109131],[[755.9110107421875,229.5421905517578,46.67500305175781,-0.040542665868997577,0.0020629914943128826,-0.9991756677627564,-0.00022838353470433503,0.9999977946281433,0.002073955722153187,0.9991777539253235,0.00031227897852659225,-0.040542107075452808],12,3.2066471576690676],[[755.9100341796875,229.77549743652345,46.67478942871094,-0.04036574438214302,0.000922579609323293,-0.9991845488548279,-0.00008371406147489324,0.9999995827674866,0.0009267140994779766,0.9991849660873413,0.00012105330097256228,-0.04036565124988556],12,3.224086284637451],[[755.9102172851563,230.00880432128907,46.674808502197269,-0.04031631350517273,-0.00009154283907264471,-0.9991869330406189,0.00001109287313738605,1,-0.00009206491813529283,0.9991869926452637,-0.000014795571587455925,-0.04031630977988243],12,3.23775577545166],[[755.91015625,230.14878845214845,46.6748161315918,-0.04031293839216232,-0.00011183842434547842,-0.9991871118545532,0.000011031506801373326,1,-0.000112374487798661,0.9991871118545532,-0.000015552684999420309,-0.04031293839216232],12,3.249406576156616],[[755.9102172851563,230.2887725830078,46.67481994628906,-0.040312740951776507,-0.00004509127757046372,-0.9991871118545532,0.000004038606675749179,1,-0.000045290900743566456,0.99918711185