[[[776,222.69961547851563,47,1,1.6415037107364583e-9,1.2914978162164703e-14,-1.6415037107364583e-9,1,2.6282571674585144e-9,-1.2910664223364337e-14,-2.6282571674585144e-9,1],8,0.007333517074584961],[[776,222.69961547851563,47,1,-1.9375596238546678e-8,1.3484279170409685e-14,1.9375596238546678e-8,1,-3.102342560623583e-8,-1.2883181392357723e-14,3.102342560623583e-8,1],8,0.026738882064819337],[[776,222.69961547851563,47,1,-3.512663582228015e-8,1.4374457434898278e-14,3.512663582228015e-8,1,-5.6243322887894467e-8,-1.2398819153997508e-14,5.6243322887894467e-8,1],8,0.03399515151977539],[[776,222.69961547851563,47,1,-4.5621721511679428e-8,1.5188047827329084e-14,4.5621721511679428e-8,1,-7.304760885062933e-8,-1.185548902294829e-14,7.304760885062933e-8,1],8,0.04257845878601074],[[776,222.69961547851563,47,1,-5.086758037009531e-8,1.5660797243982444e-14,5.086758037009531e-8,1,-8.144706242774191e-8,-1.151778291610863e-14,8.144706242774191e-8,1],8,0.0526580810546875],[[776,222.69961547851563,47,1,-5.69571447783801e-8,1.6383602645126534e-14,5.69571447783801e-8,1,-9.119741406493631e-8,-1.1189258646417209e-14,9.119741406493631e-8,1],8,0.062117815017700198],[[776,222.69961547851563,47,1,-4.3766398505340479e-8,1.5478739370431393e-14,4.3766398505340479e-8,1,-7.007693625382672e-8,-1.2411723700948927e-14,7.007693625382672e-8,1],8,0.07226872444152832],[[776,222.69961547851563,47,1,-3.497726552836866e-8,1.502213101362091e-14,3.497726552836866e-8,1,-5.600413643946922e-8,-1.3063258902878093e-14,5.600413643946922e-8,1],8,0.08133625984191895],[[776,222.69961547851563,47,1,-2.1800607541422324e-8,1.456630023305601e-14,2.1800607541422324e-8,1,-3.490620770207897e-8,-1.3805323292143904e-14,3.490620770207897e-8,1],8,0.09188199043273926],[[776,222.69961547851563,47,1,-4.24486579220229e-9,1.4389536315425299e-14,4.24486579220229e-9,1,-6.796665008579339e-9,-1.4360686373241818e-14,6.796665008579339e-9,1],8,0.11180520057678223],[[776,222.69961547851563,47,1,4.5273793602973459e-9,1.4485948993613573e-14,-4.5273793602973459e-9,1,7.249101319217743e-9,-1.4453129855039258e-14,-7.249101319217743e-9,1],8,0.12169551849365235],[[776,222.69961547851563,47,1,1.7678718933211713e-8,1.4861218470565118e-14,-1.7678718933211713e-8,1,2.8306502031227866e-8,-1.436079648752496e-14,-2.8306502031227866e-8,1],8,0.1297595500946045],[[776,222.69961547851563,47,1,2.644159557974035e-8,1.5264946560478513e-14,-2.644159557974035e-8,1,4.233727324276515e-8,-1.4145481559365864e-14,-4.233727324276515e-8,1],8,0.14011502265930177],[[776,222.69961547851563,47,1,3.95788859464119e-8,1.6100471718111417e-14,-3.95788859464119e-8,1,6.337219105034819e-8,-1.3592271636019872e-14,-6.337219105034819e-8,1],8,0.14996671676635743],[[776,222.69961547851563,47,1,4.833240296875374e-8,1.6810549602190064e-14,-4.833240296875374e-8,1,7.738798046830198e-8,-1.3070202878979684e-14,-7.738798046830198e-8,1],8,0.17255306243896485],[[776,222.69961547851563,47,1,4.670390296723781e-8,1.6987855620907017e-14,-4.670390296723781e-8,1,7.478048047460106e-8,-1.3495315162679461e-14,-7.478048047460106e-8,1],8,0.19179129600524903],[[776,222.69961547851563,47,1,2.2138644695246513e-8,1.5926030364822077e-14,-2.2138644695246513e-8,1,3.5447509816322056e-8,-1.5141271279849913e-14,-3.5447509816322056e-8,1],8,0.20485138893127442],[[776,222.69961547851563,47,1,1.2319887332523649e-8,1.577324425586224e-14,-1.2319887332523649e-8,1,1.9726082101101384e-8,-1.5530220338899615e-14,-1.9726082101101384e-8,1],8,0.22241497039794923],[[776,222.69961547851563,47,1,-7.305042348804136e-9,1.5930614507132617e-14,7.305042348804136e-9,1,-1.169662766642432e-8,-1.584516921154539e-14,1.169662766642432e-8,1],8,0.22858047485351563],[[776,222.69961547851563,47,1,-1.2208654531775665e-8,1.6066214317592664e-14,1.2208654531775665e-8,1,-1.954811068571871e-8,-1.582755770250608e-14,1.954811068571871e-8,1],8,0.23803997039794923],[[776,222.69961547851563,47,1,-2.6913204109746404e-8,1.6703606610401525e-14,2.6913204109746404e-8,1,-4.3092494905749848e-8,-1.5543849099020937e-14,4.3092494905749848e-8,1],8,0.2486250400543213],[[776,222.69961547851563,47,1,-4.160832745014886e-8,1.7686356258662593e-14,4.160832745014886e-8,1,-6.662179430350079e-8,-1.4914335906687435e-14,6.662179430350079e-8,1],8,0.25887322425842287],[[776,222.69961547851563,47,1,-5.1399844380739526e-8,1.8533060557133358e-14,5.1399844380739526e-8,1,-8.229962134009838e-8,-1.4302871292394028e-14,8.229962134009838e-8,1],8,0.26950550079345705],[[776,222.69961547851563,47,1,-5.660452728761811e-8,1.9157439035740604e-14,5.660452728761811e-8,1,-9.063316497304186e-8,-1.4027192561248854e-14,9.063316497304186e-8,1],8,0.2789266109466553],[[776,222.69961547851563,47,1,-4.744216042240623e-8,1.8502118443570159e-14,4.744216042240623e-8,1,-7.596269568921343e-8,-1.489828293827107e-14,7.596269568921343e-8,1],8,0.2884335517883301],[[776,222.69961547851563,47,1,-3.828370864766839e-8,1.797813369800328e-14,3.828370864766839e-8,1,-6.129849339231441e-8,-1.5631400118515036e-14,6.129849339231441e-8,1],8,0.2986741065979004],[[776,222.69961547851563,47,1,-2.4553363786594674e-8,1.744228879710895e-14,2.4553363786594674e-8,1,-3.9313935218387999e-8,-1.647699988602258e-14,3.9313935218387999e-8,1],8,0.309506893157959],[[776,222.69961547851563,47,1,-1.540469263261457e-8,1.7252421279784215e-14,1.540469263261457e-8,1,-2.466538795431461e-8,-1.6872457546238986e-14,2.466538795431461e-8,1],8,0.322110652923584],[[776,222.69961547851563,47,1,7.449888261845672e-9,1.736325215280065e-14,-7.449888261845672e-9,1,1.1928603882438438e-8,-1.7274384844106519e-14,-1.1928603882438438e-8,1],8,0.3466005325317383],[[776,222.69961547851563,47,1,2.57159786798411e-8,1.8052923319114047e-14,-2.57159786798411e-8,1,4.117566376748982e-8,-1.6994050819883235e-14,-4.117566376748982e-8,1],8,0.3553755283355713],[[775.8989868164063,222.69961547851563,47.00244903564453,0.9950212240219116,3.873278942023717e-8,0.09966331720352173,-4.4832987100562607e-8,1,5.896838928265424e-8,-0.09966331720352173,-6.314300549092877e-8,0.9950212240219116],8,0.37148046493530276],[[775.7081909179688,222.69961547851563,46.99943161010742,0.971755862236023,4.986720014699131e-8,0.23598843812942506,-6.854198630890096e-8,1,7.093090914622735e-8,-0.23598843812942506,-8.51026413783984e-8,0.971755862236023],8,0.39436769485473635],[[775.3095092773438,222.69961547851563,46.974639892578128,-0.9853164553642273,-1.4661529768034143e-8,-0.17073804140090943,-2.3639781687734286e-8,1,5.0551921759733889e-8,0.17073804140090943,5.38458486687432e-8,-0.9853164553642273],8,0.42885303497314455],[[774.7791748046875,222.69961547851563,46.91855239868164,-0.9971789717674255,4.9015390857221067e-8,0.07506094872951508,5.18099447788245e-8,1,3.52832856265195e-8,-0.07506094872951508,3.907265622160594e-8,-0.9971789717674255],8,0.45179128646850588],[[774.44775390625,222.69961547851563,46.8824462890625,-0.9931392669677734,9.622419128163529e-8,0.11693768948316574,9.971326875302111e-8,1,2.3986880037796255e-8,-0.11693768948316574,3.548255023133606e-8,-0.9931392669677734],8,0.45818519592285159],[[774.3152465820313,222.69961547851563,46.86766052246094,-0.9944632053375244,1.1611324879368112e-7,0.105085588991642,1.1885057915606012e-7,1,1.9786520866205138e-8,-0.105085588991642,3.2166447283543678e-8,-0.9944632053375244],8,0.4670555591583252],[[774.1826782226563,222.69961547851563,46.85346221923828,-0.9944803714752197,9.924831800844913e-8,0.10492277890443802,1.0112196235922966e-7,1,1.2537710425419846e-8,-0.10492277890443802,2.3078504440832149e-8,-0.9944803714752197],8,0.4750044345855713],[[774.1163940429688,222.69961547851563,46.84645080566406,-0.9944872856140137,9.081663421284247e-8,0.10485707223415375,9.226025099451363e-8,1,8.917011129483399e-9,-0.10485707223415375,1.8541994606380287e-8,-0.9944872856140137],8,0.4841291904449463],[[773.9175415039063,222.69961547851563,46.825469970703128,-0.9944870471954346,6.5527096637652e-8,0.10485923290252686,6.568612320734246e-8,1,-1.9368380232975825e-9,-0.10485923290252686,4.961635990952118e-9,-0.9944870471954346],8,0.4927077293395996],[[773.7849731445313,222.69961547851563,46.811492919921878,-0.9944888353347778,4.867633762728474e-8,0.10484237223863602,4.7979547446175277e-8,1,-9.168164005757263e-9,-0.10484237223863602,-4.087346905379263e-9,-0.9944888353347778],8,0.5022456645965576],[[773.6524047851563,222.69961547851563,46.797515869140628,-0.9944890737533569,3.1832676938847729e-8,0.10484016686677933,3.0280560281426008e-8,1,-1.639627988936354e-8,-0.10484016686677933,-1.3131302267765932e-8,-0.9944890737533569],8,0.5119132995605469],[[773.4535522460938,222.69961547851563,46.77655029296875,-0.9944891333580017,6.580691991331378e-9,0.10483968257904053,3.746278842697848e-9,1,-2.72326126093958e-8,-0.10483968257904053,-2.6689779275557158e-8,-0.9944891333580017],8,0.5216302871704102],[[773.3209838867188,222.69961547851563,46.7625732421875,-0.9944891929626465,-1.024497464641172e-8,0.1048392802476883,-1.393378568081971e-8,1,-3.445297380721968e-8,-0.1048392802476883,-3.572391804596009e-8,-0.9944891929626465],8,0.5307040214538574],[[773.1884155273438,222.69961547851563,46.74859619140625,-0.9944891929626465,-2.7063446594866037e-8,0.10483906418085098,-3.160629447052088e-8,1,-4.1670254802284037e-8,-0.10483906418085098,-4.475419146388049e-8,-0.9944891929626465],8,0.5416905879974365],[[772.9895629882813,222.69961547851563,46.727630615234378,-0.9944891929626465,-5.2277670192779627e-8,0.10483907908201218,-5.8100898314705776e-8,1,-5.249039247701148e-8,-0.10483907908201218,-5.8292371818424729e-8,-0.9944891929626465],8,0.5550582408905029],[[772.7244262695313,222.69961547851563,46.699676513671878,-0.9944891929626465,-8.587150546190969e-8,0.10483907908201218,-9.340062945284444e-8,1,-6.6906451934301e-8,-0.10483907908201218,-7.632978338278918e-8,-0.9944891929626465],8,0.5768742561340332],[[772.4592895507813,222.69961547851563,46.671722412109378,-0.9944891929626465,-6.371845984176616e-8,0.10483907908201218,-6.85828709379166e-8,1,-4.279380760863205e-8,-0.10483907908201218,-4.9748145158901028e-8,-0.9944891929626465],8,0.585904598236084],[[772.3267211914063,222.69961547851563,46.657745361328128,-0.9944891929626465,-5.264903535362464e-8,0.10483907908201218,-5.618194265366583e-8,1,-3.0745209045335289e-8,-0.10483907908201218,-3.6465841901645038e-8,-0.9944891929626465],8,0.5940866470336914],[[771.9953002929688,222.69961547851563,46.622802734375,-0.9950253963470459,-2.5186686514189206e-8,0.09962183237075806,-2.5361082123254165e-8,1,-4.841723688642219e-10,-0.09962183237075806,-3.008281179717187e-9,-0.9950253963470459],8,0.6164412498474121],[[771.7962646484375,222.69961547851563,46.60268020629883,-0.9966133236885071,-8.657820238511249e-9,0.08223094791173935,-7.203966756463842e-9,1,1.7976820032572506e-8,-0.08223094791173935,1.7323550594028349e-8,-0.9966133236885071],8,0.6370840072631836],[[771.5305786132813,222.69961547851563,46.58005905151367,-0.9996506571769714,1.4410310278378802e-8,0.026429787278175355,1.557564921483845e-8,1,4.388604324390144e-8,-0.026429787278175355,4.4282376876481069e-8,-0.9996506571769714],8,0.6449434757232666],[[771.3307495117188,222.69961547851563,46.5726432800293,-0.9999946355819702,3.2271707084419179e-8,-0.0032667573541402818,3.206345411399525e-8,1,6.380182071552554e-8,0.0032667573541402818,6.369673855033398e-8,-0.9999946355819702],8,0.666621208190918],[[770.9308471679688,222.69961547851563,46.57264709472656,-0.9985460638999939,5.857503992956481e-8,-0.05390552431344986,5.378073097972447e-8,1,9.038965487206952e-8,0.05390552431344986,8.73591545769159e-8,-0.9985460638999939],8,0.6830990314483643],[[770.7310791015625,222.69961547851563,46.581504821777347,-0.9985460042953491,4.5244416213563457e-8,-0.05390575900673866,4.1713551723887579e-8,1,6.662583018623991e-8,0.05390575900673866,6.428035703720525e-8,-0.9985460042953491],8,0.6927552223205566],[[770.597900390625,222.69961547851563,46.588600158691409,-0.9988147020339966,3.602472986585781e-8,-0.04867437109351158,3.3590225712032409e-8,1,5.083408538553158e-8,0.04867437109351158,4.913884765755938e-8,-0.9988147020339966],8,0.7023181915283203],[[770.4647216796875,222.69961547851563,46.59525680541992,-0.9991302490234375,2.6802187136354406e-8,-0.04169895127415657,2.536035559330685e-8,1,3.510616863877658e-8,0.04169895127415657,3.401813231107553e-8,-0.9991302490234375],8,0.7103075981140137],[[770.33154296875,222.69961547851563,46.60108184814453,-0.999455988407135,1.7629597337531778e-8,-0.032979898154735568,1.6997143248431713e-8,1,1.9457340627582199e-8,0.032979898154735568,1.8886192165723515e-8,-0.999455988407135],8,0.7186403274536133],[[770.1982421875,222.69961547851563,46.60581588745117,-0.9998795390129089,8.426110476023041e-9,-0.015520145185291767,8.36560243300255e-9,1,3.96358279530773e-9,0.015520145185291767,3.833270145747747e-9,-0.9998795390129089],8,0.7271273136138916],[[770.06494140625,222.6894073486328,46.610260009765628,-0.9999769926071167,-4.748939574916733e-10,-0.006779099814593792,-3.972990547662647e-10,1,-1.1447541581333099e-8,0.006779099814593792,-1.1444584835373917e-8,-0.9999769926071167],8,0.7372250556945801],[[769.864990234375,222.64854431152345,46.61686706542969,-0.9999980926513672,-1.3668499221353159e-8,0.001961573027074337,-1.3736074500059204e-8,1,-3.443617302423263e-8,-0.001961573027074337,-3.4463052855926438e-8,-0.9999980926513672],8,0.7464244365692139],[[769.731689453125,222.60427856445313,46.62126159667969,-0.9999427199363709,-2.2224439177875867e-8,0.010702509433031083,-2.2757394191330606e-8,1,-4.967547084788748e-8,-0.010702509433031083,-4.991618851590829e-8,-0.9999427199363709],8,0.7562925815582275],[[769.598388671875,222.54637145996095,46.62565612792969,-0.9998730421066284,-3.0816888596518768e-8,0.015934133902192117,-3.18544337574167e-8,1,-6.486087045232125e-8,-0.015934133902192117,-6.536021146530402e-8,-0.9998730421066284],8,0.7662928104400635],[[769.3984375,222.43397521972657,46.63224792480469,-0.9998993277549744,-4.420461863219316e-8,0.014190301299095154,-4.5452981822791119e-8,1,-8.765055525827847e-8,-0.014190301299095154,-8.828672548588657e-8,-0.9998993277549744],8,0.7771492004394531],[[769.1318359375,223.30709838867188,46.64103698730469,-0.9999427199363709,-6.219745074531602e-8,0.010702509433031083,-6.346481029595452e-8,1,-1.1807709654476639e-7,-0.010702509433031083,-1.1874956840074447e-7,-0.9999427199363709],3,0.7935276031494141],[[768.931884765625,223.92872619628907,46.64054870605469,-0.997315526008606,-7.500906207269509e-8,0.07322417944669724,-8.518537697455031e-8,1,-1.358517920380109e-7,-0.07322417944669724,-1.4172472617701715e-7,-0.997315526008606],5,0.8126435279846191],[[768.665283203125,224.70986938476563,46.637786865234378,-0.9907938838005066,-6.573162636414054e-8,0.13537903130054475,-7.969694593157328e-8,1,-9.77375975708128e-8,-0.13537903130054475,-1.0762710900280581e-7,-0.9907938838005066],5,0.8203136920928955],[[768.5986328125,224.89663696289063,46.6370735168457,-0.9990507960319519,-7.48440385223148e-8,0.043559879064559939,-7.876804630768675e-8,1,-8.836657627853129e-8,-0.043559879064559939,-9.17138294198594e-8,-0.9990507960319519],5,0.8282954692840576],[[768.46533203125,225.2599639892578,46.63564682006836,-0.9970428347587586,-7.086222808538878e-8,0.07684818655252457,-7.64650209816864e-8,1,-6.996486234811528e-8,-0.07684818655252457,-7.563416204448004e-8,-0.9970428347587586],5,0.8381543159484863],[[768.265380859375,225.77940368652345,46.633506774902347,-0.9939031004905701,-6.694988741173802e-8,0.1102571040391922,-7.21509181289548e-8,1,-4.318205171216505e-8,-0.1102571040391922,-5.087392551672565e-8,-0.9939031004905701],5,0.8479394912719727],[[768.132080078125,226.10867309570313,46.632080078125,-0.99701327085495,-6.708118860387913e-8,0.07723065465688706,-6.92743427066489e-8,1,-2.5718358998005898e-8,-0.07723065465688706,-3.099164658237896e-8,-0.99701327085495],5,0.8569068908691406],[[767.998779296875,226.42430114746095,46.630653381347659,-0.9970118403434753,-6.530996188303107e-8,0.07724881917238236,-6.616709669060583e-8,1,-8.536268580883189e-9,-0.07724881917238236,-1.3622091898923827e-8,-0.9970118403434753],5,0.8659977912902832],[[767.798828125,226.87220764160157,46.62851333618164,-0.993884801864624,-6.213025471879519e-8,0.11042187362909317,-6.065471325200633e-8,1,1.672184701817514e-8,-0.11042187362909317,9.921982346838832e-9,-0.993884801864624],5,0.8760404586791992],[[767.66552734375,227.15377807617188,46.6270866394043,-0.9970111846923828,-5.9377054384412989e-8,0.07725747674703598,-5.696600169358135e-8,1,3.341182619465144e-8,-0.07725747674703598,2.8910916327617998e-8,-0.9970111846923828],5,0.8865857124328613],[[767.465576171875,227.5505828857422,46.62494659423828,-0.9938843846321106,-5.66937181645244e-8,0.11042558401823044,-5.0580631238972276e-8,1,5.8160630089787449e-8,-0.11042558401823044,5.221954424428077e-8,-0.9938843846321106],5,0.8962759971618652],[[767.332275390625,227.798095703125,46.62351989746094,-0.997011125087738,-5.1928701338965769e-8,0.07725824415683747,-4.6297341071976919e-8,1,7.468116791642388e-8,-0.07725824415683747,7.088110010045057e-8,-0.997011125087738],5,0.9149034023284912],[[766.932373046875,228.45887756347657,46.619239807128909,-0.9720914363861084,-5.54870069890967e-8,0.23460228741168977,-2.7453829432033673e-8,1,1.2275829419650109e-7,-0.23460228741168977,1.1289154855376182e-7,-0.9720914363861084],5,0.9357717037200928],[[766.665771484375,228.83126831054688,46.61042404174805,-0.9800938367843628,-4.424332544772369e-8,0.19853471219539643,-1.3701642487262689e-8,1,1.552092783185799e-7,-0.19853471219539643,1.493994119527997e-7,-0.9800938367843628],5,0.9494702816009522],[[766.4661865234375,229.07479858398438,46.59825897216797,-0.9827957153320313,-2.7412591308006996e-8,0.18469592928886414,-6.824597553745093e-10,1,1.4478864329703357e-7,-0.18469592928886414,1.421716149252461e-7,-0.9827957153320313],5,0.959348201751709],[[766.3333129882813,229.22012329101563,46.58754348754883,-0.9875948429107666,-1.0789495519247794e-8,0.15702372789382935,9.159542457837233e-9,1,1.263211117930041e-7,-0.15702372789382935,1.2619234723842966e-7,-0.9875948429107666],5,0.9693603515625],[[766.2005004882813,229.35182189941407,46.57569885253906,-0.9870389103889465,1.0741447731277277e-9,0.16048119962215424,1.8607991592034524e-8,1,1.0775509906579828e-7,-0.16048119962215424,1.093447039579587e-7,-0.9870389103889465],5,0.9781074523925781],[[766.0014038085938,229.52381896972657,46.55699157714844,-0.9804642200469971,1.5371558248489238e-8,0.1966974437236786,3.161111195026933e-8,1,7.942149693462852e-8,-0.1966974437236786,8.408775897805754e-8,-0.9804642200469971],5,0.9892585277557373],[[765.8687133789063,229.6214599609375,46.544071197509769,-0.984086811542511,2.8585832367866716e-8,0.1776883453130722,3.9943532925690309e-8,1,6.034199628857096e-8,-0.1776883453130722,6.647926653613468e-8,-0.984086811542511],5,0.998720645904541],[[765.6698608398438,229.7423553466797,46.52226257324219,-0.9745866060256958,4.274852472008206e-8,0.2240111529827118,5.0974016119198498e-8,1,3.093626332884014e-8,-0.2240111529827118,4.1568814168613247e-8,-0.9745866060256958],5,1.0095934867858887],[[765.4713745117188,229.83261108398438,46.49768829345703,-0.9705266356468201,5.883455855837383e-8,0.24099378287792207,6.079881842424584e-8,1,7.150143810363829e-10,-0.24099378287792207,1.534607818598488e-8,-0.9705266356468201],5,1.0203726291656495],[[765.33935546875,229.87574768066407,46.479248046875,-0.9730278253555298,6.964108933971147e-8,0.23068766295909882,6.685160514052768e-8,1,-1.990836295817644e-8,-0.23068766295909882,-3.949550464454887e-9,-0.9730278253555298],5,1.029874563217163],[[765.2077026367188,229.90525817871095,46.45805358886719,-0.9591167569160461,8.020392527896547e-8,0.2830106019973755,7.146365987864556e-8,1,-4.1206693168760469e-8,-0.2830106019973755,-1.9297058173606275e-8,-0.9591167569160461],5,1.041551113128662],[[765.0121459960938,229.92398071289063,46.4164924621582,-0.9393904209136963,9.709049209050136e-8,0.3428492844104767,7.628634790535216e-8,1,-7.416619496325439e-8,-0.3428492844104767,-4.351629456778028e-8,-0.9393904209136963],5,1.0528860092163087],[[764.818115234375,229.9120330810547,46.368221282958987,-0.9173868298530579,1.1501521868240161e-7,0.3979966938495636,7.839706483991904e-8,1,-1.0827923802025907e-7,-0.3979966938495636,-6.813217368062397e-8,-0.9173868298530579],5,1.0665862560272217],[[764.626953125,229.86944580078126,46.30964279174805,-0.90738445520401,1.1781362729834655e-7,0.4203016757965088,7.056344486500166e-8,1,-1.2796868986697519e-7,-0.4203016757965088,-8.645886140357107e-8,-0.90738445520401],5,1.0893926620483399],[[764.3117065429688,229.73033142089845,46.201473236083987,-0.8445669412612915,8.12653198067892e-8,0.5354499816894531,2.9562443160102704e-8,1,-1.0514120418747552e-7,-0.5354499816894531,-7.296957704738816e-8,-0.8445669412612915],5,1.0971806049346924],[[764.06494140625,229.55772399902345,46.10070037841797,-0.8465057611465454,4.306943779397443e-8,0.5323795676231384,-2.007721100483195e-9,1,-8.409223539729283e-8,-0.5323795676231384,-7.225342812944291e-8,-0.8465057611465454],5,1.1157464981079102],[[763.8825073242188,229.39251708984376,46.018741607666019,-0.8584458231925964,1.2637207724708333e-8,0.5129042267799377,-2.526592624008117e-8,1,-6.692602028124384e-8,-0.5129042267799377,-7.041136740326692e-8,-0.8584458231925964],5,1.1251482963562012],[[763.7615966796875,229.2653350830078,45.962493896484378,-0.8716493844985962,-8.56040216490328e-9,0.49012991786003115,-4.0655475430639856e-8,1,-5.483631326796967e-8,-0.49012991786003115,-6.772449978598161e-8,-0.8716493844985962],5,1.1370561122894288],[[763.5809936523438,229.0490264892578,45.876590728759769,-0.8493515849113464,-3.501177658904453e-8,0.5278275012969971,-6.285898024316339e-8,1,-3.481742893995943e-8,-0.5278275012969971,-6.27509351147637e-8,-0.8493515849113464],5,1.1475601196289063],[[763.4012451171875,228.80206298828126,45.788875579833987,-0.8484269380569458,-6.483595171857815e-8,0.5293125510215759,-8.4612388207006e-8,1,-1.3133016452115953e-8,-0.5293125510215759,-5.5928801145910259e-8,-0.8484269380569458],5,1.1609320640563965],[[762.9825439453125,228.1065673828125,45.58268356323242,-0.7615926265716553,-1.2937842086557794e-7,0.6480560302734375,-1.289531468273708e-7,1,4.8095618154775369e-8,-0.6480560302734375,-4.693959709811679e-8,-0.7615926265716553],5,1.189828634262085],[[762.8635864257813,227.87721252441407,45.52251434326172,-0.855805516242981,-1.565782952184236e-7,0.5172977447509766,-1.4274290549565195e-7,1,6.653446860127588e-8,-0.5172977447509766,-1.6900015609166986e-8,-0.855805516242981],5,1.1979689598083497],[[762.7449951171875,227.63421630859376,45.46151351928711,-0.8539950847625732,-1.4201104647781904e-7,0.5202811360359192,-1.2440952446013399e-7,1,6.87434678070531e-8,-0.5202811360359192,-6.02134386795683e-9,-0.8539950847625732],5,1.2067675590515137],[[762.626708984375,227.3776092529297,45.40001678466797,-0.8494136333465576,-1.2713104524664232e-7,0.5277276635169983,-1.0618700230224931e-7,1,6.998753576681338e-8,-0.5277276635169983,3.4105465118727808e-9,-0.8494136333465576],5,1.216554880142212],[[762.5088500976563,227.10736083984376,45.33763885498047,-0.8484876751899719,-1.1199746552392753e-7,0.5292151570320129,-8.808304841068093e-8,1,7.040631544441567e-8,-0.5292151570320129,1.3124009434761774e-8,-0.8484876751899719],5,1.225818395614624],[[762.3324584960938,226.67645263671876,45.24343490600586,-0.8294186592102051,-8.931591821692564e-8,0.5586274862289429,-6.116572137671028e-8,1,6.906915928084345e-8,-0.5586274862289429,2.311839431001772e-8,-0.8294186592102051],5,1.2354934215545655],[[762.2149658203125,226.3721466064453,45.18041229248047,-0.8475676774978638,-7.253670730733575e-8,0.5306873321533203,-4.3319015929910168e-8,1,6.749908010306172e-8,-0.5306873321533203,3.4221191214101057e-8,-0.8475676774978638],5,1.2463622093200684],[[762.038818359375,225.89015197753907,45.08580780029297,-0.8294203281402588,-4.9260830081720999e-8,0.5586249828338623,-1.6801589453052658e-8,1,6.323607237845863e-8,-0.5586249828338623,4.3063497656703478e-8,-0.8294203281402588],5,1.256892204284668],[[761.8626708984375,225.37750244140626,44.991188049316409,-0.828438937664032,-2.413607802509432e-8,0.5600793957710266,9.505361830974835e-9,1,5.715384077120689e-8,-0.5600793957710266,5.267222391580617e-8,-0.828438937664032],5,1.2682247161865235],[[761.7452392578125,225.01869201660157,44.92795944213867,-0.845699667930603,-5.084701104607348e-9,0.5336591601371765,2.702508083984867e-8,1,5.2355144219973229e-8,-0.5336591601371765,5.869890884468987e-8,-0.845699667930603],5,1.278228998184204],[[761.5692749023438,224.45494079589845,44.832794189453128,-0.8235118389129639,1.9218749258698155e-8,0.5672990679740906,5.295774840874401e-8,1,4.2997751137363596e-8,-0.5672990679740906,6.54520349030463e-8,-0.8235118389129639],5,1.2894365787506104],[[761.3355712890625,223.6555938720703,44.70442581176758,-0.7968270778656006,5.31322896790698e-8,0.604207456111908,8.683387164865053e-8,1,2.6579101586321486e-8,-0.604207456111908,7.364462106806968e-8,-0.7968270778656006],5,1.3053040504455567],[[761.2193603515625,223.2354736328125,44.63906478881836,-0.8510751128196716,7.65598571206283e-8,0.5250439643859863,1.0314722942439403e-7,1,2.1381405090892259e-8,-0.5250439643859863,7.235401966454447e-8,-0.8510751128196716],7,1.315460443496704],[[761.0460205078125,222.69105529785157,44.5392951965332,-0.8555672764778137,1.0006591821820621e-7,0.5176916718482971,1.2689982042957127e-7,1,1.642951197311504e-8,-0.5176916718482971,7.975152982453437e-8,-0.8555672764778137],7,1.327023983001709],[[760.9310302734375,222.63526916503907,44.471824645996097,-0.8504161238670349,8.518927785416963e-8,0.5261106491088867,1.0627204005686508e-7,1,9.857577865091116e-9,-0.5261106491088867,6.429389287632148e-8,-0.8504161238670349],7,1.3371832370758057],[[760.7603149414063,222.69505310058595,44.36758041381836,-0.8454279899597168,6.330159862955043e-8,0.5340893864631653,7.522830713924123e-8,1,5.589260720917366e-10,-0.5340893864631653,4.0651173094374829e-8,-0.8454279899597168],7,1.3468055725097657],[[760.6473388671875,222.74945068359376,44.296791076660159,-0.8401293158531189,4.869405145768724e-8,0.5423861145973206,5.448061202173449e-8,1,-5.389685586720816e-9,-0.5423861145973206,2.5021495986266019e-8,-0.8401293158531189],8,1.3584651947021485],[[760.4790649414063,222.81723022460938,44.188720703125,-0.8266576528549194,2.6768722349856945e-8,0.5627052187919617,2.3167842755356106e-8,1,-1.3536123333324213e-8,-0.5627052187919617,1.8469265006260117e-9,-0.8266576528549194],8,1.3695094585418702],[[760.3131713867188,222.8643341064453,44.07698059082031,-0.8177333474159241,5.4480882027974079e-9,0.5755972266197205,-8.248337124427963e-9,1,-2.1183264919955037e-8,-0.5755972266197205,-2.2069981397976336e-8,-0.8177333474159241],8,1.3805501461029053],[[760.1492309570313,222.8952178955078,43.96239471435547,-0.8085935711860657,-1.548078110147344e-8,0.5883676409721375,-3.97603976409755e-8,1,-2.8331298196349054e-8,-0.5883676409721375,-4.6302236711426306e-8,-0.8085935711860657],8,1.39217209815979],[[760.0410766601563,222.90939331054688,43.8844108581543,-0.7864775657653809,-2.7948305003633324e-8,0.6176188588142395,-6.091769932936586e-8,1,-3.232106493555875e-8,-0.6176188588142395,-6.304371424903366e-8,-0.7864775657653809],8,1.4028069972991944],[[759.8828735351563,222.92408752441407,43.76206970214844,-0.7744681239128113,-4.798409847239782e-8,0.632612943649292,-9.274573642414907e-8,1,-3.769211787130189e-8,-0.632612943649292,-8.786349781075842e-8,-0.7744681239128113],8,1.4136443138122559],[[759.6758422851563,222.93572998046876,43.594024658203128,-0.7484311461448669,-4.5110510882295787e-8,0.6632124781608582,-8.437737619715335e-8,1,-2.7201153329770024e-8,-0.6632124781608582,-7.631832232846136e-8,-0.7484311461448669],8,1.4400041103363038],[[759.325439453125,222.94483947753907,43.285762786865237,-0.7199796438217163,-2.6986882062374208e-8,0.6939951777458191,-3.888744615210271e-8,1,-1.45719891708751e-9,-0.6939951777458191,-2.8036854615720587e-8,-0.7199796438217163],8,1.4600181579589844],[[759.2284545898438,222.9460906982422,43.19429016113281,-0.7175532579421997,-2.2639918384470549e-8,0.6965036392211914,-2.587725056457657e-8,1,5.845786965608113e-9,-0.6965036392211914,-1.382893621837411e-8,-0.7175532579421997],8,1.4692459106445313],[[759.132568359375,222.947021484375,43.101661682128909,-0.7199808359146118,-1.8440928784002609e-8,0.6939939856529236,-1.289818207794724e-8,1,1.3191015391100791e-8,-0.6939939856529236,5.460176200067224e-10,-0.7199808359146118],8,1.477504014968872],[[758.9886474609375,222.94798278808595,42.96280288696289,-0.7284098267555237,-1.2065575205610913e-8,0.6851416230201721,6.423968912372402e-9,1,2.443999314039047e-8,-0.6851416230201721,2.22036611319254e-8,-0.7284098267555237],8,1.4875245094299317],[[758.891845703125,222.9484100341797,42.87114334106445,-0.759896457195282,-6.762923998593351e-9,0.6500441431999207,1.893089418558702e-8,1,3.253385472135051e-8,-0.6500441431999207,3.70282791095633e-8,-0.759896457195282],8,1.4968628883361817],[[758.7916259765625,222.94873046875,42.78321838378906,-0.7810425758361816,-1.2900505108603966e-9,0.6244778037071228,3.1157203039811068e-8,1,4.1034528663885797e-8,-0.6244778037071228,5.150669579734313e-8,-0.7810425758361816],8,1.506856918334961],[[758.6904907226563,222.93881225585938,42.69636917114258,-0.8034154772758484,4.838424327857638e-9,0.5954188108444214,4.305850254127108e-8,1,4.997397340389398e-8,-0.5954188108444214,6.578770239684673e-8,-0.8034154772758484],8,1.5170013904571534],[[758.5385131835938,222.8983917236328,42.56633377075195,-0.8276633620262146,1.394637383356212e-8,0.5612249374389648,6.03235719154327e-8,1,6.411196551425746e-8,-0.5612249374389648,8.691821307138525e-8,-0.8276633620262146],8,1.5280277729034424],[[758.3865356445313,222.82730102539063,42.43632507324219,-0.8759976029396057,2.8272115315530756e-8,0.48231542110443118,7.619767927735666e-8,1,7.977531879532762e-8,-0.48231542110443118,1.0663430316526501e-7,-0.8759976029396057],8,1.5389509201049805],[[758.2852172851563,222.76287841796876,42.34965515136719,-0.9000551700592041,3.280100102642791e-8,0.43577590584754946,7.42579615575778e-8,1,7.810267987906627e-8,-0.43577590584754946,1.0265654992736018e-7,-0.9000551700592041],8,1.5494141578674317],[[758.1332397460938,222.6407012939453,42.21965026855469,-0.9216429591178894,2.873731297370341e-8,0.3880390226840973,5.4575455266103748e-8,1,5.5565983814176437e-8,-0.3880390226840973,7.238940469278532e-8,-0.9216429591178894],8,1.5605230331420899],[[757.9812622070313,223.2998046875,42.08964538574219,-0.9576852917671204,2.6884142911853816e-8,0.2878173887729645,3.741246246136143e-8,1,3.107950163894202e-8,-0.2878173887729645,4.053234192724631e-8,-0.9576852917671204],3,1.5763988494873047],[[757.7667236328125,224.1354522705078,41.938087463378909,-0.9612802863121033,1.9448073373951048e-8,0.2755724787712097,1.8638672827364645e-8,1,-5.556017868002527e-9,-0.2755724787712097,-2.0458544580659322e-10,-0.9612802863121033],5,1.6007976531982422],[[757.3500366210938,225.46669006347657,41.7590446472168,-0.9708218574523926,7.081164543620844e-9,0.23980183899402619,-1.0098625935484052e-8,1,-7.041285243758466e-8,-0.23980183899402619,-7.078000408000662e-8,-0.9708218574523926],5,1.615788221359253],[[757.286865234375,225.64324951171876,41.74266815185547,-0.9999418258666992,-1.249412839854358e-8,0.010788967832922936,-1.3357133177294145e-8,1,-7.991747708047115e-8,-0.010788967832922936,-8.005693530321878e-8,-0.9999418258666992],5,1.6240124702453614],[[757.1591796875,225.9861297607422,41.717227935791019,-0.9999578595161438,-1.8894544595582375e-8,0.009181705303490162,-1.9804330619876965e-8,1,-9.899584796357886e-8,-0.009181705303490162,-9.917351917465567e-8,-0.9999578595161438],5,1.632721185684204],[[756.9644775390625,226.47491455078126,41.69742965698242,-0.999938428401947,-2.8342952873572359e-8,0.011095581576228142,-2.9762441400293939e-8,1,-1.2776767732702866e-7,-0.011095581576228142,-1.280900363553883e-7,-0.999938428401947],5,1.6422419548034669],[[756.8330688476563,226.7837371826172,41.696537017822269,-0.9985619783401489,-4.380800788794659e-8,-0.05360953509807587,-3.595856057359015e-8,1,-1.473834032594823e-7,0.05360953509807587,-1.452437317084332e-7,-0.9985619783401489],5,1.6519815921783448],[[756.7009887695313,227.0789337158203,41.70554733276367,-0.9966734051704407,-4.692348198886975e-8,-0.08149924874305725,-3.6225227262320917e-8,1,-1.3274673449359398e-7,0.08149924874305725,-1.2935279869452644e-7,-0.9966734051704407],5,1.6618597507476807],[[756.3712768554688,227.75730895996095,41.75220489501953,-0.999584972858429,-3.875337384329214e-8,-0.028807686641812326,-3.5935645570361888e-8,1,-9.832946545884625e-8,0.028807686641812326,-9.725343375066586e-8,-0.999584972858429],5,1.6884655952453614],[[756.0438842773438,228.3505401611328,41.815059661865237,-0.9968445897102356,-4.1228673808291208e-8,-0.0793779119849205,-3.607474852174164e-8,1,-6.636297200657282e-8,0.0793779119849205,-6.329003099381225e-8,-0.9968445897102356],5,1.7074530124664307],[[755.7847900390625,228.76380920410157,41.87805938720703,-0.9926270842552185,-4.079981508198216e-8,-0.12120834738016129,-3.597191522430876e-8,1,-4.201952563676059e-8,0.12120834738016129,-3.7349622061810808e-8,-0.9926270842552185],5,1.7184371948242188],[[755.6557006835938,228.95001220703126,41.911338806152347,-0.9813623428344727,-4.122748009649513e-8,-0.1921665370464325,-3.6111313050923857e-8,1,-3.012593197126989e-8,0.1921665370464325,-2.262506981765e-8,-0.9813623428344727],5,1.7304377555847169],[[755.3978881835938,229.28152465820313,41.979644775390628,-0.991979718208313,-3.5663514807993127e-8,-0.12639737129211427,-3.5095940376095316e-8,1,-6.717323586258317e-9,0.12639737129211427,-2.2274138089528607e-9,-0.991979718208313],5,1.744913101196289],[[755.2045288085938,229.49440002441407,42.03105926513672,-0.9872189164161682,-3.203732745760135e-8,-0.15937021374702454,-3.4174071572579126e-8,1,1.0666735050790522e-8,0.15937021374702454,1.5976731049249794e-8,-0.9872189164161682],5,1.7547340393066407],[[755.0756225585938,229.61929321289063,42.065338134765628,-0.9813624620437622,-2.863631998195615e-8,-0.19216600060462953,-3.3538665178411978e-8,1,2.2258182852397114e-8,0.19216600060462953,2.828833522983132e-8,-0.9813624620437622],5,1.7628569602966309],[[754.9467163085938,229.7305450439453,42.09961700439453,-0.9813624620437622,-2.5608358100726038e-8,-0.19216600060462953,-3.273099480338715e-8,1,3.389055081015613e-8,0.19216600060462953,3.9548694985569458e-8,-0.9813624620437622],5,1.771744728088379],[[754.8178100585938,229.82818603515626,42.13389587402344,-0.9813624620437622,-2.2394392118485486e-8,-0.19216600060462953,-3.1748744078186067e-8,1,4.559927901937044e-8,0.19216600060462953,5.0850449184736138e-8,-0.9813624620437622],5,1.7799975872039796],[[754.6889038085938,229.9121856689453,42.168174743652347,-0.9813624620437622,-1.8984470884220174e-8,-0.19216600060462953,-3.058872977135252e-8,1,5.741992836760801e-8,0.19216600060462953,6.222787618526127e-8,-0.9813624620437622],5,1.7899754047393799],[[754.5599975585938,229.98257446289063,42.20245361328125,-0.9813624620437622,-1.5367742633998206e-8,-0.19216600060462953,-2.9246898236579e-8,1,6.938826402347331e-8,0.19216600060462953,7.371529875399574e-8,-0.9813624620437622],5,1.7985730171203614],[[754.3666381835938,230.06260681152345,42.25387191772461,-0.987494170665741,-1.2398367665866772e-8,-0.15765565633773805,-2.654706854343658e-8,1,8.76385186643347e-8,0.15765565633773805,9.072782347629982e-8,-0.987494170665741],5,1.8088948726654053],[[754.2377319335938,230.09893798828126,42.28798294067383,-0.9816946387290955,-5.1914459398005878e-9,-0.19046179950237275,-2.4712177193464414e-8,1,1.001164804392829e-7,0.19046179950237275,1.0299053343487685e-7,-0.9816946387290955],5,1.8184833526611329],[[754.1088256835938,230.1216278076172,42.322044372558597,-0.9820277094841003,-9.43193856350888e-10,-0.18873673677444459,-2.2652066888895207e-8,1,1.1286496004458968e-7,0.18873673677444459,1.1511179565104612e-7,-0.9820277094841003],5,1.8285143375396729],[[753.9154052734375,230.130126953125,42.37284851074219,-0.9880388975143433,1.8548110825022946e-9,-0.15420471131801606,-1.880265010356652e-8,1,1.3250283359411697e-7,0.15420471131801606,1.3381742292040145e-7,-0.9880388975143433],5,1.841480016708374],[[753.7218627929688,230.10797119140626,42.42332077026367,-0.9885709881782532,8.840398635356906e-9,-0.15075618028640748,-1.4377679491417439e-8,1,1.529208049078079e-7,0.15075618028640748,1.5334059355609498e-7,-0.9885709881782532],5,1.8523991107940674],[[753.5927124023438,230.076171875,42.45659255981445,-0.9836348295211792,1.897198131928235e-8,-0.1801735758781433,-1.1317434100988067e-8,1,1.6708446537450073e-7,0.1801735758781433,1.6638919930755947e-7,-0.9836348295211792],5,1.8626658916473389],[[753.3988647460938,230.0029296875,42.505794525146487,-0.9910535216331482,1.7369996996308147e-8,-0.13346490263938905,-8.330556799940325e-10,1,1.363324599878979e-7,0.13346490263938905,1.3522395647669328e-7,-0.9910535216331482],5,1.875641107559204],[[753.1396484375,229.85757446289063,42.568119049072269,-0.9969719648361206,1.7614881997474187e-8,-0.0777619406580925,1.0225784663475679e-8,1,9.542021928155009e-8,0.0777619406580925,9.433610159703676e-8,-0.9969719648361206],5,1.895550012588501],[[752.8790893554688,229.65771484375,42.6248779296875,-0.9990034699440002,2.0897090280413978e-8,-0.04463305324316025,1.8479296315376815e-8,1,5.458310781136788e-8,0.04463305324316025,5.370392486270248e-8,-0.9990034699440002],5,1.9041037559509278],[[752.7481079101563,229.537353515625,42.64960861206055,-0.9959236979484558,2.5324732533249518e-8,-0.09019969403743744,2.2327988347115025e-8,1,3.4232471080031249e-8,0.09019969403743744,3.2078954603775858e-8,-0.9959236979484558],5,1.9129109382629395],[[752.6165771484375,229.4033660888672,42.671321868896487,-0.9975950121879578,2.6293314192571416e-8,-0.06931246817111969,2.5401512004918915e-8,1,1.3747770033489815e-8,0.06931246817111969,1.1954065293195982e-8,-0.9975950121879578],5,1.9290552139282227],[[752.3524780273438,229.09451293945313,42.708431243896487,-0.9994239807128906,2.8540807051058438e-8,0.03393764793872833,2.7615334019515104e-8,1,-2.7738565222534818e-8,-0.03393764793872833,-2.6785386353367359e-8,-0.9994239807128906],5,1.9421532154083253],[[752.1536254882813,228.8271026611328,42.72966384887695,-0.9997276067733765,2.9544068524955948e-8,0.023339617997407914,2.816982380693389e-8,1,-5.9209117608816089e-8,-0.023339617997407914,-5.8535515989888157e-8,-0.9997276067733765],5,1.957653522491455],[[751.8878173828125,228.42286682128907,42.75103759765625,-0.9983953237533569,3.2678965311561117e-8,0.05662820115685463,2.6948077547217509e-8,1,-1.0196565369824384e-7,-0.05662820115685463,-1.0027601149431575e-7,-0.9983953237533569],5,1.9713716506958008],[[751.6884155273438,228.0839385986328,42.76636505126953,-0.9997276067733765,2.876000060325623e-8,0.023340318351984025,2.5617657328780298e-8,1,-1.3493055917024322e-7,-0.023340318351984025,-1.3429587397695287e-7,-0.9997276067733765],5,1.9795448780059815],[[751.5554809570313,227.8409423828125,42.776573181152347,-0.9999502301216126,1.9569778686445717e-8,-0.00997409038245678,2.0970484015947478e-8,1,-1.4032978867817293e-7,0.00997409038245678,-1.405319665082061e-7,-0.9999502301216126],5,1.989281415939331],[[751.4225463867188,227.58433532714845,42.78677749633789,-0.9999502301216126,1.0886314072422465e-8,-0.009974096901714802,1.2172095331663968e-8,1,-1.2885131184248167e-7,0.009974096901714802,-1.289663202896918e-7,-0.9999502301216126],5,1.9984111785888672],[[751.22314453125,227.17385864257813,42.80207824707031,-0.9996398687362671,2.737158721899391e-9,0.02683611772954464,-2.519513209175983e-10,1,-1.1138046573933025e-7,-0.02683611772954464,-1.1134711996874103e-7,-0.9996398687362671],5,2.0093700885772707],[[751.0902099609375,226.8831787109375,42.81193542480469,-0.9999790191650391,-9.107107956651817e-9,-0.006476820446550846,-8.46073522353663e-9,1,-9.98253355533052e-8,0.006476820446550846,-9.976844239645288e-8,-0.9999790191650391],5,2.0192482471466066],[[750.8908081054688,226.42161560058595,42.82656478881836,-0.9997276067733765,-1.8237349408423144e-8,0.023339899256825448,-2.0160982217021229e-8,1,-8.218285074690357e-8,-0.023339899