[[[776,222.69961547851563,47,1,0,0,0,1,0,0,0,1],8,0.004669189453125],[[776,222.69961547851563,47,1,0,0,0,1,0,0,0,1],8,0.016680479049682618],[[775.949462890625,222.69961547851563,47.00070571899414,0.9983841180801392,0,0.05682561919093132,0,1,0,-0.05682561919093132,0,0.9983841180801392],8,0.029724836349487306],[[775.7081298828125,222.69961547851563,47.00407791137695,0.971193253993988,0,0.23829330503940583,0,1,0,-0.23829330503940583,0,0.971193253993988],8,0.047502994537353519],[[775.5086669921875,222.69961547851563,47.006866455078128,0.9287616014480591,0,0.370677649974823,0,1,0,-0.370677649974823,0,0.9287616014480591],8,0.05635476112365723],[[775.2420654296875,222.69961547851563,47.010589599609378,0.8540329933166504,0,0.5202189087867737,0,1,0,-0.5202189087867737,0,0.8540329933166504],8,0.07927250862121582],[[774.8421630859375,222.69961547851563,47.01617431640625,0.7228503823280335,0,0.6910045742988586,0,1,0,-0.6910045742988586,0,0.7228503823280335],8,0.09520602226257324],[[774.7088623046875,222.69961547851563,47.018035888671878,0.678921103477478,0,0.7342112064361572,0,1,0,-0.7342112064361572,0,0.678921103477478],8,0.10419702529907227],[[774.5089111328125,222.69961547851563,47.02082824707031,0.6171912550926209,0,0.7868131995201111,0,1,0,-0.7868131995201111,0,0.6171912550926209],8,0.11552143096923828],[[774.3756103515625,222.69961547851563,47.02268981933594,0.5782495737075806,0,0.8158599138259888,0,1,0,-0.8158599138259888,0,0.5782495737075806],8,0.12860989570617677],[[774.1756591796875,222.69961547851563,47.025482177734378,0.5229994058609009,0,0.8523330688476563,0,1,0,-0.8523330688476563,0,0.5229994058609009],8,0.13782668113708497],[[773.9757080078125,222.69961547851563,47.02827453613281,0.47137951850891116,0,0.8819304704666138,0,1,0,-0.8819304704666138,0,0.47137951850891116],8,0.1503283977508545],[[773.7757568359375,222.69961547851563,47.03106689453125,0.42372873425483706,0,0.9057891368865967,0,1,0,-0.9057891368865967,0,0.42372873425483706],8,0.1626276969909668],[[773.6424560546875,222.69961547851563,47.032928466796878,0.3943575620651245,0,0.9189571142196655,0,1,0,-0.9189571142196655,0,0.3943575620651245],8,0.17207121849060059],[[773.4425048828125,222.69961547851563,47.03572082519531,0.3535699248313904,0,0.9354081153869629,0,1,0,-0.9354081153869629,0,0.3535699248313904],8,0.1836991310119629],[[773.1759033203125,222.69961547851563,47.03944396972656,0.3041985332965851,0,0.9526086449623108,0,1,0,-0.9526086449623108,0,0.3041985332965851],8,0.20111513137817384],[[772.9093017578125,222.69961547851563,47.04316711425781,0.2605830729007721,0,0.9654514193534851,0,1,0,-0.9654514193534851,0,0.2605830729007721],8,0.2177114486694336],[[772.6427001953125,222.69961547851563,47.04689025878906,0.22259870171546937,0,0.9749101400375366,0,1,0,-0.9749101400375366,0,0.22259870171546937],8,0.23392796516418458],[[772.3760986328125,222.69961547851563,47.05061340332031,0.18968400359153748,0,0.9818452000617981,0,1,0,-0.9818452000617981,0,0.18968400359153748],8,0.24950814247131349],[[772.2427978515625,222.69961547851563,47.05247497558594,0.17509084939956666,0,0.984552264213562,0,1,0,-0.984552264213562,0,0.17509084939956666],8,0.25627565383911135],[[772.1094970703125,222.69961547851563,47.05433654785156,0.16176314651966096,0,0.9868296384811401,0,1,0,-0.9868296384811401,0,0.16176314651966096],8,0.2673349380493164],[[771.9095458984375,222.69961547851563,47.05712890625,0.1434827744960785,0,0.9896528124809265,0,1,0,-0.9896528124809265,0,0.1434827744960785],8,0.28060030937194826],[[771.7095947265625,222.69961547851563,47.05992126464844,0.12698695063591004,0,0.9919043779373169,0,1,0,-0.9919043779373169,0,0.12698695063591004],8,0.29281139373779299],[[771.5096435546875,222.69961547851563,47.062713623046878,0.11217815428972244,0,0.9936881065368652,0,1,0,-0.9936881065368652,0,0.11217815428972244],8,0.30338239669799807],[[771.3096923828125,222.69961547851563,47.06550598144531,0.09890605509281159,0,0.9950968027114868,0,1,0,-0.9950968027114868,0,0.09890605509281159],8,0.31690359115600588],[[771.0430908203125,222.69961547851563,47.06922912597656,0.08320101350545883,0,0.9965327978134155,0,1,0,-0.9965327978134155,0,0.08320101350545883],8,0.3320028781890869],[[770.8431396484375,222.69961547851563,47.07061004638672,0.07339257001876831,0,0.9973031282424927,0,1,0,-0.9973031282424927,0,0.07339257001876831],8,0.3566768169403076],[[770.5098876953125,222.69961547851563,47.06980895996094,0.06073105335235596,0,0.9981541633605957,0,1,0,-0.9981541633605957,0,0.06073105335235596],8,0.3638763427734375],[[770.3765869140625,222.69961547851563,47.067962646484378,0.0569828599691391,0,0.9983751773834229,0,1,0,-0.9983751773834229,0,0.0569828599691391],8,0.37515878677368166],[[770.2432861328125,222.69961547851563,47.065181732177737,0.05412909761071205,0,0.9985339641571045,0,1,0,-0.9985339641571045,0,0.05412909761071205],8,0.3837144374847412],[[770.0433349609375,222.69961547851563,47.0606803894043,0.0506475456058979,0,0.9987165927886963,0,1,0,-0.9987165927886963,0,0.0506475456058979],8,0.39655256271362307],[[769.9100341796875,222.69961547851563,47.05678939819336,0.0489366240799427,0,0.9988018870353699,0,1,0,-0.9988018870353699,0,0.0489366240799427],8,0.4043440818786621],[[769.7100830078125,222.69961547851563,47.05026626586914,0.04705515503883362,0,0.9988923072814941,0,1,0,-0.9988923072814941,0,0.04705515503883362],8,0.41581249237060549],[[769.5101318359375,223.35189819335938,47.043663024902347,0.045318569988012317,0,0.9989725947380066,0,1,0,-0.9989725947380066,0,0.045318569988012317],3,0.43093395233154299],[[769.310302734375,223.97352600097657,47.03618621826172,0.04423775151371956,0,0.999021053314209,0,1,0,-0.999021053314209,0,0.04423775151371956],5,0.4481492042541504],[[769.0439453125,224.75466918945313,47.02555465698242,0.04349290207028389,0,0.9990537166595459,0,1,0,-0.9990537166595459,0,0.04349290207028389],5,0.4554934501647949],[[768.9107666015625,225.1248016357422,47.01985549926758,0.04335600882768631,0,0.9990596771240234,0,1,0,-0.9990596771240234,0,0.04335600882768631],5,0.4668753147125244],[[768.777587890625,225.4813232421875,47.013877868652347,0.04338410124182701,0,0.9990584850311279,0,1,0,-0.9990584850311279,0,0.04338410124182701],5,0.47374939918518069],[[768.6444091796875,225.82420349121095,47.00766372680664,0.04354512318968773,0,0.9990514516830444,0,1,0,-0.9990514516830444,0,0.04354512318968773],5,0.4846949577331543],[[768.4446411132813,226.31298828125,46.9976806640625,0.04409234598278999,0,0.9990274310112,0,1,0,-0.9990274310112,0,0.04409234598278999],5,0.49739599227905276],[[768.3114624023438,226.62181091308595,46.990760803222659,0.04458136111497879,0,0.9990057349205017,0,1,0,-0.9990057349205017,0,0.04458136111497879],5,0.5048737525939941],[[768.1116943359375,227.0594940185547,46.980010986328128,0.04546213522553444,0,0.9989660382270813,0,1,0,-0.9989660382270813,0,0.04546213522553444],5,0.5158019065856934],[[767.978515625,227.33425903320313,46.97279739379883,0.04605446010828018,0,0.9989389181137085,0,1,0,-0.9989389181137085,0,0.04605446010828018],5,0.5264430046081543],[[767.8453369140625,227.5953826904297,46.96540832519531,0.046678103506565097,0,0.9989100098609924,0,1,0,-0.9989100098609924,0,0.046678103506565097],5,0.5333209037780762],[[767.6455688476563,227.9615478515625,46.95424270629883,0.047607421875,0,0.9988661408424377,0,1,0,-0.9988661408424377,0,0.047607421875],5,0.544886589050293],[[767.5125122070313,228.18861389160157,46.946624755859378,0.04825076460838318,0,0.9988352656364441,0,1,0,-0.9988352656364441,0,0.04825076460838318],5,0.5536670684814453],[[767.3129272460938,228.50367736816407,46.93511199951172,0.04920082166790962,0,0.9987888932228088,0,1,0,-0.9987888932228088,0,0.04920082166790962],5,0.5657992362976074],[[767.1798706054688,228.69668579101563,46.92742919921875,0.04979284107685089,0,0.9987595677375794,0,1,0,-0.9987595677375794,0,0.04979284107685089],5,0.573115348815918],[[767.0468139648438,228.87606811523438,46.91974639892578,0.05034276843070984,0,0.9987319707870483,0,1,0,-0.9987319707870483,0,0.05034276843070984],5,0.5846011638641357],[[766.7141723632813,229.26492309570313,46.90053939819336,0.05159137398004532,0,0.9986682534217835,0,1,0,-0.9986682534217835,0,0.05159137398004532],5,0.6016912460327148],[[766.5811157226563,229.39662170410157,46.89285659790039,0.052032701671123508,0,0.9986453652381897,0,1,0,-0.9986453652381897,0,0.052032701671123508],5,0.6132888793945313],[[766.4480590820313,229.5146942138672,46.88517379760742,0.05243164673447609,0,0.9986245036125183,0,1,0,-0.9986245036125183,0,0.05243164673447609],5,0.6219921112060547],[[766.2484741210938,229.666259765625,46.87364959716797,0.05297547206282616,0,0.9985958337783814,0,1,0,-0.9985958337783814,0,0.05297547206282616],5,0.6334705352783203],[[766.1154174804688,229.75025939941407,46.865966796875,0.05330532789230347,0,0.9985782504081726,0,1,0,-0.9985782504081726,0,0.05330532789230347],5,0.6444036960601807],[[765.9158325195313,229.85073852539063,46.85444259643555,0.05375662446022034,0,0.9985540509223938,0,1,0,-0.9985540509223938,0,0.05375662446022034],5,0.656383752822876],[[765.7162475585938,229.92054748535157,46.842918395996097,0.05416282266378403,0,0.9985321164131165,0,1,0,-0.9985321164131165,0,0.05416282266378403],5,0.6748688220977783],[[765.4498901367188,229.9659423828125,46.82794952392578,0.05448303744196892,0,0.998514711856842,0,1,0,-0.998514711856842,0,0.05448303744196892],5,0.6819577217102051],[[765.3167114257813,229.96820068359376,46.82084655761719,0.05446793884038925,0,0.9985155463218689,0,1,0,-0.9985155463218689,0,0.05446793884038925],5,0.692185640335083],[[765.1835327148438,229.9568328857422,46.81418991088867,0.05424563214182854,0,0.9985276460647583,0,1,0,-0.9985276460647583,0,0.05424563214182854],5,0.70135498046875],[[765.0503540039063,229.93185424804688,46.80799865722656,0.05380755662918091,0,0.9985513091087341,0,1,0,-0.9985513091087341,0,0.05380755662918091],5,0.7093305587768555],[[764.8505859375,229.8688201904297,46.79889678955078,0.05301344022154808,0,0.998593807220459,0,1,0,-0.998593807220459,0,0.05301344022154808],5,0.7219109535217285],[[764.7174072265625,229.8097686767578,46.79353332519531,0.05223896726965904,0,0.9986346364021301,0,1,0,-0.9986346364021301,0,0.05223896726965904],5,0.7296667098999023],[[764.5174560546875,229.69564819335938,46.78694152832031,0.050474029034376147,0,0.9987253546714783,0,1,0,-0.9987253546714783,0,0.050474029034376147],5,0.7413105964660645],[[764.3841552734375,229.60252380371095,46.7830810546875,0.04907764866948128,0,0.9987949728965759,0,1,0,-0.9987949728965759,0,0.04907764866948128],5,0.7497200965881348],[[764.1175537109375,229.37542724609376,46.775604248046878,0.04625222459435463,0,0.9989297986030579,0,1,0,-0.9989297986030579,0,0.04625222459435463],5,0.7652900218963623],[[763.8509521484375,229.0938262939453,46.76974105834961,0.043052926659584048,0,0.999072790145874,0,1,0,-0.999072790145874,0,0.043052926659584048],5,0.7808141708374023],[[763.7176513671875,228.93258666992188,46.76763153076172,0.04124709963798523,0,0.999148964881897,0,1,0,-0.999148964881897,0,0.04124709963798523],7,0.7940213680267334],[[763.5177001953125,228.66517639160157,46.76621627807617,0.03796256333589554,0,0.9992791414260864,0,1,0,-0.9992791414260864,0,0.03796256333589554],7,0.8046863079071045],[[763.3843994140625,228.46987915039063,46.76601791381836,0.035545170307159427,0,0.9993680715560913,0,1,0,-0.9993680715560913,0,0.035545170307159427],7,0.8151559829711914],[[763.1844482421875,228.1513671875,46.76740264892578,0.031402938067913058,0,0.9995068311691284,0,1,0,-0.9995068311691284,0,0.031402938067913058],7,0.8255529403686523],[[763.0511474609375,228.0692138671875,46.76889419555664,0.028522666543722154,0,0.9995931386947632,0,1,0,-0.9995931386947632,0,0.028522666543722154],8,0.8350460529327393],[[762.9178466796875,228.06570434570313,46.77119445800781,0.02547779493033886,0,0.9996753931045532,0,1,0,-0.9996753931045532,0,0.02547779493033886],8,0.8432369232177734],[[762.7178955078125,228.09786987304688,46.77556610107422,0.020735250785946847,0,0.9997850060462952,0,1,0,-0.9997850060462952,0,0.020735250785946847],8,0.8532001972198486],[[762.5179443359375,228.1309051513672,46.78009796142578,0.01623096875846386,0,0.9998682737350464,0,1,0,-0.9998682737350464,0,0.01623096875846386],8,0.8656890392303467],[[762.3179931640625,228.15501403808595,46.7849235534668,0.012029540725052357,0,0.9999276399612427,0,1,0,-0.9999276399612427,0,0.012029540725052357],8,0.8790326118469238],[[762.1846923828125,228.16647338867188,46.788352966308597,0.00938468985259533,0,0.999955952167511,0,1,0,-0.999955952167511,0,0.00938468985259533],8,0.8893342018127441],[[761.9847412109375,228.1785125732422,46.793582916259769,0.00568893738090992,0,0.9999838471412659,0,1,0,-0.9999838471412659,0,0.00568893738090992],8,0.9012696743011475],[[761.8514404296875,228.18402099609376,46.797420501708987,0.003302360884845257,0,0.9999945759773254,0,1,0,-0.9999945759773254,0,0.003302360884845257],8,0.9085218906402588],[[761.6514892578125,228.1897430419922,46.803340911865237,-0.00009673011663835496,0,1,0,1,0,-1,0,-0.00009673011663835496],8,0.9191713333129883],[[761.5181884765625,228.19235229492188,46.80730056762695,-0.002189943566918373,0,0.999997615814209,0,1,0,-0.999997615814209,0,-0.002189943566918373],8,0.9269654750823975],[[761.3848876953125,228.19427490234376,46.811431884765628,-0.0041908263228833679,0,0.999991238117218,0,1,0,-0.999991238117218,0,-0.0041908263228833679],8,0.9354808330535889],[[761.1849365234375,228.85337829589845,46.81766891479492,-0.007170374039560556,0,0.9999743103981018,0,1,0,-0.9999743103981018,0,-0.007170374039560556],3,0.9503376483917236],[[761.0516357421875,229.27801513671876,46.82185363769531,-0.008957743644714356,0,0.9999598860740662,0,1,0,-0.9999598860740662,0,-0.008957743644714356],5,0.9681270122528076],[[760.7850341796875,230.08641052246095,46.830230712890628,-0.012105030007660389,0,0.999926745891571,0,1,0,-0.999926745891571,0,-0.012105030007660389],5,0.9735877513885498],[[760.6517333984375,230.4701690673828,46.83441925048828,-0.01350316684693098,0,0.9999088048934937,0,1,0,-0.9999088048934937,0,-0.01350316684693098],5,0.9837467670440674],[[760.5184326171875,230.84030151367188,46.83860778808594,-0.014778628945350647,0,0.9998908042907715,0,1,0,-0.9998908042907715,0,-0.014778628945350647],5,0.9902207851409912],[[760.3851318359375,231.1968231201172,46.842796325683597,-0.015955282375216485,0,0.9998726844787598,0,1,0,-0.9998726844787598,0,-0.015955282375216485],5,0.9996688365936279],[[760.2518310546875,231.53970336914063,46.84698486328125,-0.01704578287899494,0,0.9998546838760376,0,1,0,-0.9998546838760376,0,-0.01704578287899494],5,1.0076117515563965],[[760.1185302734375,231.8689727783203,46.851173400878909,-0.018058324232697488,0,0.9998369216918945,0,1,0,-0.9998369216918945,0,-0.018058324232697488],5,1.0174922943115235],[[759.9852294921875,232.18460083007813,46.85536193847656,-0.018999189138412477,0,0.9998195171356201,0,1,0,-0.9998195171356201,0,-0.018999189138412477],5,1.0266695022583008],[[759.7852783203125,232.63250732421876,46.86164474487305,-0.02029794454574585,0,0.9997939467430115,0,1,0,-0.9997939467430115,0,-0.02029794454574585],5,1.0374605655670167],[[759.6519775390625,232.91407775878907,46.8658332824707,-0.021089205518364908,0,0.999777615070343,0,1,0,-0.999777615070343,0,-0.021089205518364908],5,1.0461418628692628],[[759.4520263671875,233.31088256835938,46.87211608886719,-0.022173266857862474,0,0.9997541308403015,0,1,0,-0.9997541308403015,0,-0.022173266857862474],5,1.058215618133545],[[759.3187255859375,233.5583953857422,46.87648010253906,-0.022894643247127534,0,0.9997378587722778,0,1,0,-0.9997378587722778,0,-0.022894643247127534],5,1.06734037399292],[[759.1854248046875,233.7922821044922,46.88106918334961,-0.023660847917199136,0,0.99972003698349,0,1,0,-0.99972003698349,0,-0.023660847917199136],5,1.0750434398651124],[[759.0521240234375,234.01254272460938,46.885719299316409,-0.02442309446632862,0,0.999701738357544,0,1,0,-0.999701738357544,0,-0.02442309446632862],5,1.0844216346740723],[[758.8521728515625,234.3173828125,46.89298629760742,-0.025615617632865907,0,0.9996718764305115,0,1,0,-0.9996718764305115,0,-0.025615617632865907],5,1.094595193862915],[[758.5855712890625,234.6761474609375,46.90276336669922,-0.0271315835416317,0,0.9996318817138672,0,1,0,-0.9996318817138672,0,-0.0271315835416317],5,1.1123199462890626],[[758.4522705078125,234.83509826660157,46.90765380859375,-0.027817722409963609,0,0.9996129870414734,0,1,0,-0.9996129870414734,0,-0.027817722409963609],5,1.1184227466583253],[[758.3856201171875,234.9094696044922,46.910099029541019,-0.028136922046542169,0,0.9996041059494019,0,1,0,-0.9996041059494019,0,-0.028136922046542169],5,1.1252810955047608],[[758.1856689453125,235.11212158203126,46.91743469238281,-0.029029209166765214,0,0.9995785355567932,0,1,0,-0.9995785355567932,0,-0.029029209166765214],5,1.13480806350708],[[758.0523681640625,235.23019409179688,46.922325134277347,-0.029572419822216035,0,0.9995626211166382,0,1,0,-0.9995626211166382,0,-0.029572419822216035],5,1.144333839416504],[[757.9190673828125,235.3346405029297,46.927215576171878,-0.030073825269937516,0,0.9995476603507996,0,1,0,-0.9995476603507996,0,-0.030073825269937516],5,1.1532976627349854],[[757.7191162109375,235.46575927734376,46.93455123901367,-0.030763886868953706,0,0.9995266795158386,0,1,0,-0.9995266795158386,0,-0.030763886868953706],5,1.166076421737671],[[757.5859375,235.53614807128907,46.939613342285159,-0.031246503815054895,0,0.99951171875,0,1,0,-0.99951171875,0,-0.031246503815054895],5,1.1833341121673585],[[757.319580078125,235.63604736328126,46.94984817504883,-0.03220977261662483,0,0.9994811415672302,0,1,0,-0.9994811415672302,0,-0.03220977261662483],5,1.1896748542785645],[[757.1864013671875,235.66555786132813,46.9549674987793,-0.032653793692588809,0,0.9994667172431946,0,1,0,-0.9994667172431946,0,-0.032653793692588809],5,1.1988577842712403],[[757.05322265625,235.6814422607422,46.960086822509769,-0.033061910420656207,0,0.9994533061981201,0,1,0,-0.9994533061981201,0,-0.033061910420656207],5,1.2082080841064454],[[756.9200439453125,235.68370056152345,46.965206146240237,-0.033439576625823978,0,0.9994407296180725,0,1,0,-0.9994407296180725,0,-0.033439576625823978],5,1.215315818786621],[[756.786865234375,235.6435089111328,46.9703254699707,-0.03379003331065178,0,0.999428927898407,0,1,0,-0.999428927898407,0,-0.03379003331065178],7,1.2262241840362549],[[756.6536865234375,235.58258056640626,46.97562026977539,-0.0341782383620739,0,0.9994157552719116,0,1,0,-0.9994157552719116,0,-0.0341782383620739],7,1.2323932647705079],[[756.5205078125,235.5080108642578,46.98096466064453,-0.0345766544342041,0,0.9994020462036133,0,1,0,-0.9994020462036133,0,-0.0345766544342041],7,1.2432096004486085],[[756.3207397460938,235.37063598632813,46.98899841308594,-0.03514986112713814,0,0.9993820786476135,0,1,0,-0.9993820786476135,0,-0.03514986112713814],7,1.2524099349975587],[[756.254150390625,235.31802368164063,46.991676330566409,-0.035329584032297137,0,0.9993757009506226,0,1,0,-0.9993757009506226,0,-0.035329584032297137],7,1.259014368057251],[[756.0543823242188,235.1397705078125,46.99971008300781,-0.03583374246954918,0,0.9993577599525452,0,1,0,-0.9993577599525452,0,-0.03583374246954918],8,1.2725718021392823],[[755.9212036132813,235.00389099121095,47.00506591796875,-0.036141250282526019,0,0.9993466734886169,0,1,0,-0.9993466734886169,0,-0.036141250282526019],8,1.2789146900177003],[[755.721435546875,234.7745361328125,47.013099670410159,-0.0365627147257328,0,0.9993313550949097,0,1,0,-0.9993313550949097,0,-0.0365627147257328],8,1.2908990383148194],[[755.5882568359375,234.60459899902345,47.018455505371097,-0.036818865686655048,0,0.9993219375610352,0,1,0,-0.9993219375610352,0,-0.036818865686655048],8,1.2998969554901124],[[755.3884887695313,234.32415771484376,47.0264892578125,-0.03716954216361046,0,0.9993090033531189,0,1,0,-0.9993090033531189,0,-0.03716954216361046],8,1.3119144439697266],[[755.188720703125,234.0130615234375,47.034523010253909,-0.03748525306582451,0,0.9992972016334534,0,1,0,-0.9992972016334534,0,-0.03748525306582451],8,1.3229753971099854],[[754.9889526367188,233.81948852539063,47.04255676269531,-0.03776811808347702,0,0.9992865324020386,0,1,0,-0.9992865324020386,0,-0.03776811808347702],8,1.3361117839813233],[[754.7891845703125,233.82443237304688,47.05059051513672,-0.03802120313048363,0,0.9992769360542297,0,1,0,-0.9992769360542297,0,-0.03802120313048363],8,1.350989580154419],[[754.656005859375,233.84774780273438,47.055946350097659,-0.03817401081323624,0,0.9992710947990418,0,1,0,-0.9992710947990418,0,-0.03817401081323624],8,1.357072353363037],[[754.5228271484375,233.87066650390626,47.061302185058597,-0.038314733654260638,0,0.999265730381012,0,1,0,-0.999265730381012,0,-0.038314733654260638],8,1.3659489154815674],[[754.3896484375,233.88987731933595,47.06665802001953,-0.03844505548477173,0,0.9992607235908508,0,1,0,-0.9992607235908508,0,-0.03844505548477173],8,1.3753385543823243],[[754.2564697265625,233.9049530029297,47.07201385498047,-0.03856601566076279,0,0.9992560744285584,0,1,0,-0.9992560744285584,0,-0.03856601566076279],8,1.3831892013549805],[[754.0567016601563,233.9210662841797,47.080047607421878,-0.03873290494084358,0,0.9992495775222778,0,1,0,-0.9992495775222778,0,-0.03873290494084358],8,1.3955798149108887],[[753.9235229492188,233.9285125732422,47.08540344238281,-0.03883455693721771,0,0.9992456436157227,0,1,0,-0.9992456436157227,0,-0.03883455693721771],8,1.403517246246338],[[753.7903442382813,233.93402099609376,47.09075927734375,-0.038928400725126269,0,0.9992420077323914,0,1,0,-0.9992420077323914,0,-0.038928400725126269],8,1.412435531616211],[[753.6571655273438,233.9381103515625,47.09611511230469,-0.039015404880046847,0,0.9992386102676392,0,1,0,-0.9992386102676392,0,-0.039015404880046847],8,1.421337604522705],[[753.4573974609375,233.94235229492188,47.104148864746097,-0.03913538530468941,0,0.9992339015007019,0,1,0,-0.9992339015007019,0,-0.03913538530468941],8,1.4335970878601075],[[753.32421875,233.94427490234376,47.10950469970703,-0.039208460599184039,0,0.9992310404777527,0,1,0,-0.9992310404777527,0,-0.039208460599184039],8,1.4421226978302003],[[753.1910400390625,233.94569396972657,47.11486053466797,-0.03927593305706978,0,0.9992284178733826,0,1,0,-0.9992284178733826,0,-0.03927593305706978],8,1.4511067867279053],[[752.9912719726563,233.9471435546875,47.122894287109378,-0.03936877101659775,0,0.9992247223854065,0,1,0,-0.9992247223854065,0,-0.03936877101659775],8,1.4632682800292969],[[752.8580932617188,233.9477996826172,47.12825012207031,-0.03942526504397392,0,0.9992225170135498,0,1,0,-0.9992225170135498,0,-0.03942526504397392],8,1.4709429740905762],[[752.7249145507813,233.9482879638672,47.13360595703125,-0.039477404206991199,0,0.9992204904556274,0,1,0,-0.9992204904556274,0,-0.039477404206991199],8,1.4788892269134522],[[752.525146484375,233.94879150390626,47.141639709472659,-0.039549149572849277,0,0.9992176294326782,0,1,0,-0.9992176294326782,0,-0.039549149572849277],8,1.491391658782959],[[752.3919677734375,233.9490203857422,47.146995544433597,-0.03959280624985695,0,0.9992159008979797,0,1,0,-0.9992159008979797,0,-0.03959280624985695],8,1.5014877319335938],[[752.2587890625,233.94918823242188,47.15235137939453,-0.03963309898972511,0,0.9992142915725708,0,1,0,-0.9992142915725708,0,-0.03963309898972511],8,1.5083258152008057],[[752.0590209960938,233.94935607910157,47.16038513183594,-0.03968854621052742,0,0.9992120862007141,0,1,0,-0.9992120862007141,0,-0.03968854621052742],8,1.5205340385437012],[[751.9258422851563,233.94943237304688,47.165740966796878,-0.03972228616476059,0,0.999210774898529,0,1,0,-0.999210774898529,0,-0.03972228616476059],8,1.5278189182281495],[[751.7926635742188,233.94949340820313,47.17109680175781,-0.039753422141075137,0,0.9992095232009888,0,1,0,-0.9992095232009888,0,-0.039753422141075137],8,1.5366127490997315],[[751.5928955078125,233.94955444335938,47.17913055419922,-0.039796266704797748,0,0.9992077946662903,0,1,0,-0.9992077946662903,0,-0.039796266704797748],8,1.5487034320831299],[[751.459716796875,233.9495849609375,47.184486389160159,-0.039822354912757876,0,0.9992067813873291,0,1,0,-0.9992067813873291,0,-0.039822354912757876],8,1.5555942058563233],[[751.3265380859375,233.94961547851563,47.189842224121097,-0.03984643518924713,0,0.9992058277130127,0,1,0,-0.9992058277130127,0,-0.03984643518924713],8,1.5656211376190186],[[751.193359375,233.9496307373047,47.19519805908203,-0.03986877575516701,0,0.9992049336433411,0,1,0,-0.9992049336433411,0,-0.03986877575516701],8,1.5751368999481202],[[751.0601806640625,233.9496307373047,47.20055389404297,-0.03988952934741974,0,0.9992040991783142,0,1,0,-0.9992040991783142,0,-0.03988952934741974],8,1.5825896263122559],[[750.8604125976563,233.9496307373047,47.208587646484378,-0.03991817310452461,0,0.9992029666900635,0,1,0,-0.9992029666900635,0,-0.03991817310452461],8,1.596222162246704],[[750.5940551757813,233.9496307373047,47.21929931640625,-0.03995239734649658,0,0.9992015957832336,0,1,0,-0.9992015957832336,0,-0.03995239734649658],8,1.6119091510772706],[[750.4608764648438,233.93942260742188,47.22465515136719,-0.03996891900897026,0,0.9992009401321411,0,1,0,-0.9992009401321411,0,-0.03996891900897026],8,1.6180319786071778],[[750.3276977539063,233.91558837890626,47.230010986328128,-0.03998535871505737,0,0.9992002844810486,0,1,0,-0.9992002844810486,0,-0.03998535871505737],8,1.6270666122436524],[[750.1945190429688,233.8781280517578,47.23536682128906,-0.0400017686188221,0,0.999199628829956,0,1,0,-0.999199628829956,0,-0.0400017686188221],8,1.6361057758331299],[[750.0613403320313,233.82704162597657,47.24072265625,-0.04001816734671593,0,0.9991989731788635,0,1,0,-0.9991989731788635,0,-0.04001816734671593],8,1.6457746028900147],[[749.9281616210938,233.7623291015625,47.24607849121094,-0.040034566074609759,0,0.999198317527771,0,1,0,-0.999198317527771,0,-0.040034566074609759],8,1.6526448726654053],[[749.7283935546875,233.63970947265626,47.254112243652347,-0.0400591641664505,0,0.9991973042488098,0,1,0,-0.9991973042488098,0,-0.0400591641664505],8,1.6654562950134278],[[749.59521484375,234.08139038085938,47.25946807861328,-0.04007555544376373,0,0.9991966485977173,0,1,0,-0.9991966485977173,0,-0.04007555544376373],3,1.6774861812591553],[[749.3954467773438,234.72344970703126,47.267784118652347,-0.04019952192902565,0,0.9991917014122009,0,1,0,-0.9991917014122009,0,-0.04019952192902565],5,1.6966640949249268],[[749.1290893554688,235.53184509277345,47.278953552246097,-0.04041951894760132,0,0.9991828203201294,0,1,0,-0.9991828203201294,0,-0.04041951894760132],5,1.7025225162506104],[[749.0625,235.72543334960938,47.28174591064453,-0.04047299921512604,0,0.9991806149482727,0,1,0,-0.9991806149482727,0,-0.04047299921512604],5,1.7095685005187989],[[748.9293212890625,236.1023712158203,47.287330627441409,-0.04057390242815018,0,0.999176561832428,0,1,0,-0.999176561832428,0,-0.04057390242815018],5,1.7167589664459229],[[748.796142578125,236.4656982421875,47.29291534423828,-0.040667757391929629,0,0.9991727471351624,0,1,0,-0.9991727471351624,0,-0.040667757391929629],5,1.7248334884643555],[[748.5963745117188,236.98513793945313,47.301292419433597,-0.04079737141728401,0,0.9991674423217773,0,1,0,-0.9991674423217773,0,-0.04079737141728401],5,1.736419677734375],[[748.3966064453125,237.4739227294922,47.309669494628909,-0.04091445356607437,0,0.9991626739501953,0,1,0,-0.9991626739501953,0,-0.04091445356607437],5,1.7500948905944825],[[748.263427734375,237.78274536132813,47.31525421142578,-0.04098531976342201,0,0.9991597533226013,0,1,0,-0.9991597533226013,0,-0.04098531976342201],5,1.767911672592163],[[747.9970703125,238.35951232910157,47.32642364501953,-0.04111348092556,0,0.9991545081138611,0,1,0,-0.9991545081138611,0,-0.04111348092556],5,1.77372145652771],[[747.8638916015625,238.62745666503907,47.332008361816409,-0.041170891374349597,0,0.9991521239280701,0,1,0,-0.9991521239280701,0,-0.041170891374349597],5,1.7837779521942139],[[747.730712890625,238.88177490234376,47.33759307861328,-0.04122336953878403,0,0.9991499781608582,0,1,0,-0.9991499781608582,0,-0.04122336953878403],5,1.789771318435669],[[747.5975341796875,239.1224822998047,47.343177795410159,-0.04127182811498642,0,0.9991479516029358,0,1,0,-0.9991479516029358,0,-0.04127182811498642],5,1.799142837524414],[[747.46435546875,239.34954833984376,47.34876251220703,-0.04131675884127617,0,0.9991461038589478,0,1,0,-0.9991461038589478,0,-0.04131675884127617],5,1.8071622848510743],[[747.3311767578125,239.56300354003907,47.354347229003909,-0.04135848581790924,0,0.9991443753242493,0,1,0,-0.9991443753242493,0,-0.04135848581790924],5,1.8160719871520997],[[747.197998046875,239.7628173828125,47.35993194580078,-0.04139725863933563,0,0.9991427659988403,0,1,0,-0.9991427659988403,0,-0.04139725863933563],5,1.826848030090332],[[746.9982299804688,240.03700256347657,47.368309020996097,-0.041450805962085727,0,0.9991405606269836,0,1,0,-0.9991405606269836,0,-0.041450805962085727],5,1.834648609161377],[[746.8650512695313,240.2027587890625,47.37389373779297,-0.04148343577980995,0,0.9991391897201538,0,1,0,-0.9991391897201538,0,-0.04148343577980995],5,1.84666109085083],[[746.5986938476563,240.493408203125,47.38506317138672,-0.041542571038007739,0,0.999136745929718,0,1,0,-0.999136745929718,0,-0.041542571038007739],5,1.863661289215088],[[746.39892578125,240.67562866210938,47.39344024658203,-0.041581764817237857,0,0.9991350769996643,0,1,0,-0.9991350769996643,0,-0.041581764817237857],5,1.884629726409912],[[746.132568359375,240.8708953857422,47.40460968017578,-0.04162769392132759,0,0.9991331696510315,0,1,0,-0.9991331696510315,0,-0.04162769392132759],5,1.8901877403259278],[[745.9328002929688,240.98158264160157,47.412986755371097,-0.04165787622332573,0,0.9991319179534912,0,1,0,-0.9991319179534912,0,-0.04165787622332573],5,1.9032011032104493],[[745.7330322265625,241.06161499023438,47.421363830566409,-0.04168461263179779,0,0.9991308450698853,0,1,0,-0.9991308450698853,0,-0.04168461263179779],5,1.9141254425048829],[[745.6664428710938,241.08148193359376,47.424156188964847,-0.04169280454516411,0,0.9991304874420166,0,1,0,-0.9991304874420166,0,-0.04169280454516411],5,1.9234094619750977],[[745.4666748046875,241.12063598632813,47.432533264160159,-0.04171561822295189,0,0.9991295337677002,0,1,0,-0.9991295337677002,0,-0.04171561822295189],5,1.9407095909118653],[[745.2669067382813,241.12913513183595,47.44091033935547,-0.041736163198947909,0,0.9991286396980286,0,1,0,-0.9991286396980286,0,-0.041736163198947909],5,1.9462578296661378],[[745.1337280273438,241.11776733398438,47.446495056152347,-0.04174858704209328,0,0.9991281628608704,0,1,0,-0.9991281628608704,0,-0.04174858704209328],5,1.9523720741271973],[[745.0005493164063,241.09278869628907,47.45207977294922,-0.04176003485918045,0,0.9991276860237122,0,1,0,-0.9991276860237122,0,-0.04176003485918045],5,1.962101936340332],[[744.8673706054688,241.05416870117188,47.457664489746097,-0.04177064076066017,0,0.999127209186554,0,1,0,-0.999127209186554,0,-0.04177064076066017],5,1.9701576232910157],[[744.7341918945313,241.00193786621095,47.46324920654297,-0.041780486702919009,0,0.9991267919540405,0,1,0,-0.9991267919540405,0,-0.041780486702919009],5,1.978226900100708],[[744.6010131835938,240.93606567382813,47.468833923339847,-0.04178963601589203,0,0.9991264343261719,0,1,0,-0.9991264343261719,0,-0.04178963601589203],5,1.9887151718139649],[[744.4678344726563,240.85658264160157,47.47441864013672,-0.041798148304224017,0,0.9991260766983032,0,1,0,-0.9991260766983032,0,-0.041798148304224017],5,1.9961602687835694],[[744.26806640625,240.7117919921875,47.48279571533203,-0.041809920221567157,0,0.999125599861145,0,1,0,-0.999125599861145,0,-0.041809920221567157],5,2.0073328018188478],[[744.1348876953125,240.59825134277345,47.488380432128909,-0.04181709140539169,0,0.9991253018379211,0,1,0,-0.9991253018379211,0,-0.04181709140539169],5,2.018857717514038],[[743.9351196289063,240.40237426757813,47.49675750732422,-0.04182688891887665,0,0.9991248846054077,0,1,0,-0.9991248846054077,0,-0.04182688891887665],5,2.0273425579071047],[[743.8019409179688,240.2547607421875,47.502342224121097,-0.04183283820748329,0,0.9991246461868286,0,1,0,-0.9991246461868286,0,-0.04183283820748329],5,2.0374410152435304],[[743.6687622070313,240.09352111816407,47.50792694091797,-0.041838303208351138,0,0.9991244077682495,0,1,0,-0.9991244077682495,0,-0.041838303208351138],5,2.047405242919922],[[743.5355834960938,239.9186553955078,47.513511657714847,-0.04184335842728615,0,0.9991241693496704,0,1,0,-0.9991241693496704,0,-0.04184335842728615],5,2.055211305618286],[[743.4024047851563,239.73016357421876,47.51909637451172,-0.04184804484248161,0,0.9991239905357361,0,1,0,-0.9991239905357361,0,-0.04184804484248161],5,2.063411235809326],[[743.20263671875,239.421875,47.52747344970703,-0.04185451567173004,0,0.9991236925125122,0,1,0,-0.9991236925125122,0,-0.04185451567173004],5,2.072408676147461],[[743.0694580078125,239.19932556152345,47.533058166503909,-0.041858457028865817,0,0.9991235733032227,0,1,0,-0.9991235733032227,0,-0.041858457028865817],5,2.081932783126831],[[742.936279296875,238.96315002441407,47.53864288330078,-0.04186209663748741,0,0.9991233944892883,0,1,0,-0.9991233944892883,0,-0.04186209663748741],5,2.0929555892944338],[[742.8031005859375,238.71334838867188,47.544227600097659,-0.04186546802520752,0,0.9991232752799988,0,1,0,-0.9991232752799988,0,-0.04186546802520752],5,2.1000664234161379],[[742.5367431640625,238.17286682128907,47.555397033691409,-0.04187162220478058,0,0.9991229772567749,0,1,0,-0.9991229772567749,0,-0.04187162220478058],5,2.117738962173462],[[742.403564453125,237.88218688964845,47.56081008911133,-0.04181177541613579,0,0.9991254806518555,0,1,0,-0.9991254806518555,0,-0.04181177541613579],5,2.1239640712738039],[[742.2703857421875,237.577880859375,47.56617736816406,-0.041718509048223498,0,0.9991294145584106,0,1,0,-0.9991294145584106,0,-0.041718509048223498],5,2.132683038711548],[[742.13720703125,237.2599639892578,47.571533203125,-0.04161771386861801,0,0.9991335868835449,0,1,0,-0.9991335868835449,0,-0.04161771386861801],5,2.1425321102142336],[[741.9374389648438,236.7575225830078,47.579566955566409,-0.04146985709667206,0,0.9991397261619568,0,1,0,-0.9991397261619568,0,-0.04146985709667206],5,2.1542389392852785],[[741.870849609375,236.58323669433595,47.582244873046878,-0.04142323136329651,0,0.9991416931152344,0,1,0,-0.9991416931152344,0,-0.04142323136329651],5,2.1603736877441408],[[741.6710815429688,236.0399169921875,47.59027862548828,-0.04129217565059662,0,0.9991471171379089,0,1,0,-0.9991471171379089,0,-0.04129217565059662],5,2.169490337371826],[[741.5379028320313,235.66067504882813,47.59563446044922,-0.041212160140275958,0,0.9991503953933716,0,1,0,-0.9991503953933716,0,-0.041212160140275958],5,2.1802852153778078],[[741.4047241210938,235.26780700683595,47.600990295410159,-0.041138242930173877,0,0.9991534352302551,0,1,0,-0.9991534352302551,0,-0.041138242930173877],5,2.1874425411224367],[[741.2049560546875,234.65296936035157,47.60902404785156,-0.04103647172451019,0,0.9991576671600342,0,1,0,-0.9991576671600342,0,-0.04103647172451019],5,2.197849988937378],[[741.0791625976563,234.61480712890626,47.61408233642578,-0.04100579768419266,0,0.9991589188575745,0,1,0,-0.9991589188575745,0,-0.04100579768419266],12,2.2093334197998049],[[740.9091186523438,234.7344207763672,47.62091827392578,-0.040151968598365787,0,0.9991936087608337,0,1,0,-0.9991936087608337,0,-0.040151968598365787],12,2.2226500511169435],[[740.7613525390625,234.87335205078126,47.62685775756836,-0.04016219824552536,0,0.9991931915283203,0,1,0,-0.9991931915283203,0,-0.04016219824552536],12,2.239748954772949],[[740.6359252929688,235.01329040527345,47.631900787353519,-0.04016420245170593,0,0.9991930723190308,0,1,0,-0.9991930723190308,0,-0.04016420245170593],12,2.2465267181396486],[[740.5958251953125,235.1066131591797,47.63351058959961,-0.04016459733247757,0,0.9991930723190308,0,1,0,-0.9991930723190308,0,-0.04016459733247757],12,2.2533183097839357],[[740.5906982421875,235.1532745361328,47.63371658325195,-0.04016469791531563,0,0.9991930723190308,0,1,0,-0.9991930723190308,0,-0.04016469791531563],12,2.2595059871673586],[[740.5878295898438,235.2932586669922,47.63383483886719,-0.04016467556357384,0,0.9991930723190308,0,1,0,-0.9991930723190308,0,-0.04016467556357384],12,2.268937349319458],[[740.587646484375,235.38658142089845,47.63383865356445,-0.038419488817453387,0,0.9992616772651672,0,1,0,-0.9992616772651672,0,-0.038419488817453387],12,2.2817208766937258],[[740.587646484375,235.5265655517578,47.63383865356445,-0.03667406365275383,0,0.9993273019790649,0,1,0,-0.9993273019790649,0,-0.03667406365275383],12,2.3005731105804445],[[740.587646484375,235.7132110595703,47.63383865356445,-0.03667406365275383,0,0.9993273019790649,0,1,0,-0.9993273019790649,0,-0.03667406365275383],12,2.3059513568878176],[[740.587646484375,235.80653381347657,47.63383865356445,-0.03667406365275383,0,0.9993273019790649,0,1,0,-0.9993273019790649,0,-0.03667406365275383],12,2.3174517154693605],[[740.587646484375,235.8998565673828,47.63383865356445,-0.03667406365275383,0,0.9993273019790649,0,1,0,-0.9993273019790649,0,-0.03667406365275383],12,2.327838897705078],[[740.587646484375,236.0398406982422,47.63383865356445,-0.03667406365275383,0,0.9993273019790649,0,1,0,-0.9993273019790649,0,-0.03667406365275383],12,2.337109088897705],[[740.587646484375,236.17982482910157,47.63383865356445,-0.03667406365275383,0,0.9993273019790649,0,1,0,-0.9993273019790649,0,-0.03667406365275383],12,2.352673292160034],[[740.587646484375,236.31980895996095,47.63383865356445,-0.03667406365275383,0,0.9993273019790649,0,1,0,-0.9993273019790649,0,-0.03667406365275383],12,2.362863779067993],[[740.5104370117188,236.4446258544922,47.63667297363281,-0.03667406365275383,0,0.9993273019790649,0,1,0,-0.9993273019790649,0,-0.03667406365275383],8,2.381007432937622],[[740.2677612304688,236.5572052001953,47.64557647705078,-0.03492841124534607,0,0.9993898272514343,0,1,0,-0.9993898272514343,0,-0.03492841124534607],8,2.405636787414551],[[739.93505859375,236.6324920654297,47.65727615356445,-0.03492841124534607,0,0.9993898272514343,0,1,0,-0.9993898272514343,0,-0.03492841124534607],8,2.4183123111724855],[[739.735107421875,236.65704345703126,47.66425704956055,-0.03492841124534607,0,0.9993898272514343,0,1,0,-0.9993898272514343,0,-0.03492841124534607],8,2.4233076572418215],[[739.601806640625,236.66819763183595,47.66891098022461,-0.03492841124534607,0,0.9993898272514343,0,1,0,-0.9993898272514343,0,-0.03492841124534607],8,2.4328088760375978],[[739.40185546875,236.67971801757813,47.6758918762207,-0.03492841124534607,0,0.9993898272514343,0,1,0,-0.9993898272514343,0,-0.03492841124534607],8,2.447394609451294],[[739.2685546875,236.6849365234375,47.680545806884769,-0.03318217024207115,0,0.9994493126869202,0,1,0,-0.9994493126869202,0,-0.03318217024207115],8,2.4540603160858156],[[739.13525390625,236.6887969970703,47.685028076171878,-0.03318217024207115,0,0.9994493126869202,0,1,0,-0.9994493126869202,0,-0.03318217024207115],8,2.4649155139923097],[[738.935302734375,236.69276428222657,47.69167709350586,-0.03318217024207115,0,0.9994493126869202,0,1,0,-0.9994493126869202,0,-0.03318217024207115],8,2.482692003250122],[[738.7353515625,236.69529724121095,47.69831466674805,-0.03318217024207115,0,0.9994493126869202,0,1,0,-0.9994493126869202,0,-0.03318217024207115],8,2.4883148670196535],[[738.60205078125,236.69644165039063,47.70273971557617,-0.03318217024207115,0,0.9994493126869202,0,1,0,-0.9994493126869202,0,-0.03318217024207115],8,2.4947094917297365],[[738.46875,236.69729614257813,47.7071647644043,-0.03318217024207115,0,0.9994493126869202,0,1,0,-0.9994493126869202,0,-0.03318217024207115],8,2.502591609954834],[[738.33544921875,236.6979217529297,47.71158981323242,-0.03318217024207115,0,0.9994493126869202,0,1,0,-0.9994493126869202,0,-0.03318217024207115],8,2.5099728107452394],[[738.135498046875,236.6985626220703,47.71822738647461,-0.03318217024207115,0,0.9994493126869202,0,1,0,-0.9994493126869202,0,-0.03318217024207115],8,2.5248355865478517],[[737.935546875,236.69895