[[[776,222.69961547851563,47,1,9.639465048394413e-8,-2.4983340540801629e-15,-9.639465048394413e-8,1,-9.541385459499452e-9,1.5785955044026975e-15,9.541385459499452e-9,1],8,0.022500038146972657],[[776,222.69961547851563,47,1,4.5894829270309859e-8,-2.2082993850284497e-15,-4.5894829270309859e-8,1,-4.542783038630205e-9,1.9998092130836186e-15,4.542783038630205e-9,1],8,0.04627871513366699],[[776,222.69961547851563,47,1,3.861080344336187e-9,-2.158434555423589e-15,-3.861080344336187e-9,1,-3.8217298770071297e-10,2.156959024029472e-15,3.8217298770071297e-10,1],8,0.053618431091308597],[[776,222.69961547851563,47,1,-2.133761967115788e-8,-2.2123374028462478e-15,2.133761967115788e-8,1,2.112060526471282e-9,2.1672710148875828e-15,-2.112060526471282e-9,1],8,0.06492018699645996],[[776,222.69961547851563,47,1,-3.812778004430584e-8,-2.2831319930612886e-15,3.812778004430584e-8,1,3.7739948943738e-9,2.139238035981728e-15,-3.7739948943738e-9,1],8,0.07712459564208985],[[776,222.69961547851563,47,-0.05995254963636398,-2.8542141095044827e-8,0.9982012510299683,3.428651851322684e-8,1,3.065284204240015e-8,-0.9982012510299683,3.6062559161109678e-8,-0.05995254963636398],8,0.09191060066223145],[[776,222.69961547851563,47,-0.03662031516432762,-6.392718177039569e-8,0.9993292689323425,3.0688045882243389e-8,1,6.509464611781368e-8,-0.9993292689323425,3.305125062524894e-8,-0.03662031516432762],8,0.11438822746276856],[[776,222.69961547851563,47,0.08077343553304672,-1.009798253903682e-7,0.9967324733734131,3.2251300297048149e-8,1,9.86972708005851e-8,-0.9967324733734131,2.4173800738935826e-8,0.08077343553304672],8,0.12585163116455079],[[776,222.69961547851563,47,0.11847838014364243,-9.958090885220372e-8,0.9929566383361816,2.6294973309859416e-8,1,9.714977977637318e-8,-0.9929566383361816,1.4599618403110526e-8,0.11847838014364243],8,0.15006136894226075],[[776,222.69961547851563,47,0.12388823181390763,-5.2138730666229097e-8,0.9922961592674255,7.501618881633476e-9,1,5.160693916650416e-8,-0.9922961592674255,1.0503353742308264e-9,0.12388823181390763],8,0.15734553337097169],[[776,222.69961547851563,47,0.11848700791597367,-2.364633999718535e-8,0.9929556250572205,-3.626382527599503e-9,1,2.424682321588989e-8,-0.9929556250572205,-6.4737704086326179e-9,0.11848700791597367],8,0.17213845252990724],[[776,222.69961547851563,47,0.09763982146978378,1.4175863150001078e-8,0.9952217936515808,-1.7685602315964389e-8,1,-1.2508813540534902e-8,-0.9952217936515808,-1.6379738454475047e-8,0.09763982146978378],8,0.18616318702697755],[[776,222.69961547851563,47,0.029666706919670106,5.094832999930077e-8,0.9995598196983337,-2.9200379003668787e-8,1,-5.010410575323476e-8,-0.9995598196983337,-2.7701101856791867e-8,0.029666706919670106],8,0.2061772346496582],[[776,222.69961547851563,47,-0.007010501343756914,7.831715720385546e-8,0.9999754428863525,-3.6790908097827926e-8,1,-7.857700978775029e-8,-0.9999754428863525,-3.734086817530624e-8,-0.007010501343756914],8,0.21744537353515626],[[776,222.69961547851563,47,-0.050657130777835849,1.0501317859734627e-7,0.9987161159515381,-4.312716583854126e-8,1,-1.0733568700516116e-7,-0.9987161159515381,-4.850911494713728e-8,-0.050657130777835849],8,0.2311697006225586],[[776,222.69961547851563,47,-0.16142454743385316,7.310455174547315e-8,0.9868850708007813,-2.4260993214397787e-8,1,-7.804441537473395e-8,-0.9868850708007813,-3.654109548278939e-8,-0.16142454743385316],8,0.2449808120727539],[[775.9747314453125,222.69961547851563,46.840362548828128,-0.2864302396774292,4.202514602980045e-8,0.9581010937690735,-9.116906340977949e-9,1,-4.658851082695037e-8,-0.9581010937690735,-2.2079277073316918e-8,-0.2864302396774292],8,0.26418256759643557],[[775.9056396484375,222.69961547851563,46.58674240112305,-0.40968823432922366,1.2902740209597141e-8,0.912225604057312,1.723559406308084e-9,1,-1.337017785374428e-8,-0.912225604057312,-3.905329393205648e-9,-0.40968823432922366],8,0.28728652000427248],[[775.8032836914063,222.69961547851563,46.34089660644531,-0.5801946520805359,-1.3996002579119704e-8,0.814477801322937,5.8441207428927559e-9,1,2.1347089429468725e-8,-0.814477801322937,1.7145374897609146e-8,-0.5801946520805359],8,0.29728126525878909],[[775.6954956054688,222.69961547851563,46.17310333251953,-0.6269213557243347,-3.2383699277716008e-8,0.7790825366973877,7.365730692043826e-9,1,4.7493600163761587e-8,-0.7790825366973877,3.5513263441089296e-8,-0.6269213557243347],8,0.31069111824035647],[[775.5730590820313,222.69961547851563,46.015174865722659,-0.7217439413070679,-4.702984668369936e-8,0.6921601891517639,5.439273476071094e-9,1,7.361823151086355e-8,-0.6921601891517639,5.6898361577850667e-8,-0.7217439413070679],8,0.3215343952178955],[[775.4330444335938,222.69961547851563,45.87274932861328,-0.7199724316596985,-6.652119566297188e-8,0.6940026879310608,3.719876406904632e-9,1,9.971056869062522e-8,-0.6940026879310608,7.43704617889307e-8,-0.7199724316596985],8,0.3336470127105713],[[775.2894897460938,222.69961547851563,45.73348617553711,-0.8307461738586426,-6.143241648715048e-8,0.5566514134407044,-1.9834831554987888e-9,1,1.074005027135172e-7,-0.5566514134407044,8.81184476497765e-8,-0.8307461738586426],8,0.34683918952941897],[[775.1281127929688,222.69961547851563,45.616119384765628,-0.8553644418716431,-4.4845776869806289e-8,0.5180266499519348,-4.268069897506166e-9,1,7.952297664814978e-8,-0.5180266499519348,6.581015554729675e-8,-0.8553644418716431],8,0.359424352645874],[[774.95849609375,222.69961547851563,45.51023483276367,-0.8955758810043335,-2.6539286324123169e-8,0.4449087679386139,-4.006501796993689e-9,1,5.158621618761572e-8,-0.4449087679386139,4.441684353650999e-8,-0.8955758810043335],8,0.3723464012145996],[[774.7811279296875,222.69961547851563,45.4182243347168,-0.921600878238678,-1.103249669398565e-8,0.38813886046409609,-1.97216465380734e-9,1,2.3741371535379586e-8,-0.38813886046409609,2.11145945172575e-8,-0.921600878238678],8,0.385007381439209],[[774.597900390625,222.69961547851563,45.338260650634769,-0.9314233064651489,2.2004473798631354e-9,0.3639376163482666,7.907000609819193e-10,1,-4.022587596352878e-9,-0.3639376163482666,-3.4589664466011529e-9,-0.9314233064651489],8,0.39807558059692385],[[774.3499145507813,222.69961547851563,45.24012756347656,-0.9475381374359131,1.892636269928971e-8,0.31964266300201418,6.211144043533068e-9,1,-4.079889492913935e-8,-0.31964266300201418,-3.667316406108512e-8,-0.9475381374359131],8,0.41297292709350588],[[774.1610717773438,222.69961547851563,45.17449951171875,-0.9591189026832581,3.016246097331532e-8,0.2830033600330353,1.1329289506534224e-8,1,-6.81840859328986e-8,-0.2830033600330353,-6.2190416372232e-8,-0.9591189026832581],8,0.4268345832824707],[[773.90576171875,222.69961547851563,45.097503662109378,-0.9666519165039063,4.5279033855649689e-8,0.2560938596725464,1.9165163678280807e-8,1,-1.0446557752175068e-7,-0.2560938596725464,-9.607376938447487e-8,-0.9666519165039063],8,0.44043993949890139],[[773.7127075195313,222.69961547851563,45.04523468017578,-0.9697093367576599,4.1487957957997426e-8,0.2442616969347,1.8485479813534768e-8,1,-9.646381471384302e-8,-0.2442616969347,-8.902656389864205e-8,-0.9697093367576599],8,0.45348048210144045],[[773.5188598632813,222.69961547851563,44.995880126953128,-0.9746159315109253,2.9376545640502628e-8,0.22388340532779694,1.3830695699823537e-8,1,-7.100539534121708e-8,-0.22388340532779694,-6.610653002780964e-8,-0.9746159315109253],8,0.4653818607330322],[[773.3241577148438,222.69961547851563,44.9503059387207,-0.976909339427948,1.8452155359227619e-8,0.21365413069725038,8.912442339692462e-9,1,-4.561346855780357e-8,-0.21365413069725038,-4.2656044030309206e-8,-0.976909339427948],8,0.47825026512145998],[[773.1288452148438,222.69961547851563,44.90714645385742,-0.9808328151702881,7.406238289320299e-9,0.19485121965408326,3.5108607132627869e-9,1,-2.033690549296807e-8,-0.19485121965408326,-1.926300896570865e-8,-0.9808328151702881],8,0.49308347702026369],[[772.9328002929688,222.69961547851563,44.8674430847168,-0.9834603667259216,-3.0803821715608139e-9,0.1811235100030899,-2.239786578428493e-9,1,4.845538192910226e-9,-0.1811235100030899,4.359716587742923e-9,-0.9834603667259216],8,0.5050504207611084],[[772.670654296875,222.69961547851563,44.818565368652347,-0.9834603667259216,-1.6692418114416797e-8,0.1811235100030899,-9.901583553073579e-9,1,3.839702245045373e-8,-0.1811235100030899,3.59685401463139e-8,-0.9834603667259216],8,0.520045280456543],[[772.408447265625,222.69961547851563,44.77025604248047,-0.9858943819999695,-2.9788772337724369e-8,0.16736862063407899,-1.802433757802646e-8,1,7.180963734754187e-8,-0.16736862063407899,6.778000738449919e-8,-0.9858943819999695],8,0.5389935970306397],[[772.1456298828125,222.69961547851563,44.72508239746094,-0.9875934720039368,-4.266593833790466e-8,0.15703245997428895,-2.6489392013218095e-8,1,1.0510686365705624e-7,-0.15703245997428895,9.96431523958563e-8,-0.9875934720039368],8,0.5599160194396973],[[771.9481811523438,222.69961547851563,44.693275451660159,-0.9886665344238281,-3.829865846682878e-8,0.15012826025485993,-2.4230960349314047e-8,1,9.553377822157927e-8,-0.15012826025485993,9.08132946619844e-8,-0.9886665344238281],8,0.5698182582855225],[[771.6845703125,222.69961547851563,44.65294647216797,-0.9891855120658875,-2.3859080044985604e-8,0.14666984975337983,-1.5248438955950406e-8,1,5.983196871284236e-8,-0.14666984975337983,5.694842641901232e-8,-0.9891855120658875],8,0.5840263366699219],[[771.48681640625,222.69961547851563,44.62347412109375,-0.991369366645813,-1.2377318725498299e-8,0.13109846413135529,-8.09672595636357e-9,1,3.318477581615298e-8,-0.13109846413135529,3.183690111541182e-8,-0.991369366645813],8,0.5978052616119385],[[771.2225341796875,222.69961547851563,44.587894439697269,-0.9937049746513367,2.3372472846006078e-9,0.11202852427959442,2.1120738491475778e-9,1,-2.1286454821023428e-9,-0.11202852427959442,-1.878633248963979e-9,-0.9937049746513367],8,0.6116774082183838],[[771.0901489257813,222.69961547851563,44.57229232788086,-0.994999885559082,9.35991817385684e-9,0.0998762920498848,7.428462289738036e-9,1,-1.9710380882997925e-8,-0.0998762920498848,-1.8869897644435697e-8,-0.994999885559082],8,0.6239588260650635],[[770.8911743164063,222.69961547851563,44.551753997802737,-0.9971444010734558,1.9458807898331544e-8,0.07551843672990799,1.6040875294720537e-8,1,-4.586614110735354e-8,-0.07551843672990799,-4.452378377095556e-8,-0.9971444010734558],8,0.6355314254760742],[[770.6257934570313,223.56251525878907,44.5249137878418,-0.9984115362167358,3.2673131755700527e-8,0.05634186416864395,2.8183086087096855e-8,1,-8.048746025224318e-8,-0.05634186416864395,-7.877171981363063e-8,-0.9984115362167358],3,0.6539249420166016],[[770.3597412109375,224.37091064453126,44.50815200805664,-0.9909751415252686,4.6622322003031516e-8,0.1340457946062088,3.106152135501361e-8,1,-1.1817696332627747e-7,-0.1340457946062088,-1.129467719351851e-7,-0.9909751415252686],5,0.6802804470062256],[[770.0267944335938,225.3047637939453,44.49343490600586,-0.9799736738204956,5.224273635917598e-8,0.19912715256214143,2.2665542331878897e-8,1,-1.5081370463576605e-7,-0.19912715256214143,-1.4328013264730544e-7,-0.9799736738204956],5,0.6889479160308838],[[769.69384765625,226.15347290039063,44.48032760620117,-0.9768408536911011,1.9098914449955374e-8,0.21396704018115998,-5.499236621631098e-9,1,-1.1436711133683275e-7,-0.21396704018115998,-1.1289512968915005e-7,-0.9768408536911011],5,0.7107365131378174],[[769.4940795898438,226.62181091308595,44.47085189819336,-0.9888722896575928,-8.350920843724907e-9,0.14876675605773927,-2.2359685658557283e-8,1,-9.249347243667217e-8,-0.14876675605773927,-9.479060736339307e-8,-0.9888722896575928],5,0.7207603454589844],[[769.3609008789063,226.91700744628907,44.464290618896487,-0.9932770729064941,-2.431737300412351e-8,0.11576113849878311,-3.3542690403010059e-8,1,-7.774468713250826e-8,-0.11576113849878311,-8.11049574167555e-8,-0.9932770729064941],5,0.73093581199646],[[769.1611328125,227.33425903320313,44.45441818237305,-0.9888696074485779,-4.080023430219626e-8,0.148784801363945,-4.9491266196355357e-8,1,-5.4711051689082527e-8,-0.148784801363945,-6.146564146547462e-8,-0.9888696074485779],5,0.743560791015625],[[768.9613647460938,227.72084045410157,44.444541931152347,-0.9888694286346436,-5.961943827514915e-8,0.14878582954406739,-6.49224674020843e-8,1,-3.078521615407226e-8,-0.14878582954406739,-4.010210119531621e-8,-0.9888694286346436],5,0.7572433948516846],[[768.6950073242188,228.18861389160157,44.431373596191409,-0.9833645820617676,-8.330559353453282e-8,0.18164290487766267,-8.4143621847943e-8,1,3.0925300098516574e-9,-0.18164290487766267,-1.2243006608514407e-8,-0.9833645820617676],5,0.7708625793457031],[[768.4952392578125,228.50367736816407,44.4214973449707,-0.9888694286346436,-1.0175648412769078e-7,0.14878612756729127,-9.842874248988665e-8,1,2.9729333661521197e-8,-0.14878612756729127,1.4753597454841838e-8,-0.9888694286346436],5,0.7834842205047607],[[768.362060546875,228.69668579101563,44.414913177490237,-0.9932767152786255,-1.1284019763024844e-7,0.11576434224843979,-1.079916245316781e-7,1,4.815496268406605e-8,-0.11576434224843979,3.5329623671032098e-8,-0.9932767152786255],5,0.7944016456604004],[[768.0291137695313,229.11959838867188,44.39845275878906,-0.9767683148384094,-1.4655307722932776e-7,0.21429815888404847,-1.2841874763580564e-7,1,9.854364435568641e-8,-0.21429815888404847,6.873440838717215e-8,-0.9767683148384094],5,0.8120381832122803],[[767.8959350585938,229.26492309570313,44.391868591308597,-0.9932767152786255,-1.195635377371218e-7,0.11576422303915024,-1.0919774240392144e-7,1,9.588428895312973e-8,-0.11576422303915024,8.25984400876223e-8,-0.9932767152786255],5,0.8230819702148438],[[767.6961669921875,229.45736694335938,44.38199234008789,-0.9888694286346436,-9.332682537888104e-8,0.14878612756729127,-8.083205926823212e-8,1,9.002503986721422e-8,-0.14878612756729127,7.699632220692365e-8,-0.9888694286346436],5,0.8386960029602051],[[767.4963989257813,229.619140625,44.37211608886719,-0.9888693690299988,-6.456824763745317e-8,0.1487862467765808,-5.288488580390549e-8,1,8.248078842143514e-8,-0.1487862467765808,7.369418142388895e-8,-0.9888693690299988],5,0.8480584621429443],[[767.3632202148438,229.7099609375,44.36553192138672,-0.9932767152786255,-4.302543388234881e-8,0.11576423794031143,-3.436520756849859e-8,1,7.680500146989289e-8,-0.11576423794031143,7.231036391885937e-8,-0.9932767152786255],5,0.8584935665130615],[[767.1634521484375,229.82064819335938,44.355655670166019,-0.9888693690299988,-1.6858042073408798e-8,0.14878614246845246,-7.061750739723038e-9,1,6.636971505713518e-8,-0.14878614246845246,6.45802913368243e-8,-0.9888693690299988],5,0.8693983554840088],[[766.9636840820313,229.9006805419922,44.34577941894531,-0.988075852394104,1.1286203083216151e-8,0.1539677381515503,1.983535824479077e-8,1,5.3989460013781357e-8,-0.1539677381515503,5.639968847503951e-8,-0.988075852394104],5,0.8807549476623535],[[766.763916015625,229.95005798339845,44.335060119628909,-0.9878062605857849,3.9638734961044977e-8,0.15568801760673524,4.638254935684927e-8,1,3.9683460073547397e-8,-0.15568801760673524,4.642078010874684e-8,-0.9878062605857849],5,0.8926243782043457],[[766.5641479492188,229.96878051757813,44.3238639831543,-0.9875335097312927,6.80127456575974e-8,0.15740899741649629,7.259412626581252e-8,1,2.3355621436849107e-8,-0.15740899741649629,3.4491428380079017e-8,-0.9875335097312927],5,0.9050254821777344],[[766.3645629882813,229.9568328857422,44.31231689453125,-0.9875335097312927,9.650619148260376e-8,0.15740886330604554,9.851110860381596e-8,1,4.935116315607502e-9,-0.15740886330604554,2.0380115373086484e-8,-0.9875335097312927],5,0.9164671897888184],[[766.1649780273438,229.91424560546876,44.30070495605469,-0.9875335097312927,1.2507020130669844e-7,0.1574089676141739,1.241440514831993e-7,1,-1.571568652991573e-8,-0.1574089676141739,4.021621702321454e-9,-0.9875335097312927],5,0.9327273368835449],[[765.8323364257813,229.77513122558595,44.28134536743164,-0.9748610258102417,1.3834031165060879e-7,0.22281382977962495,1.316085445068893e-7,1,-4.506127027070761e-8,-0.22281382977962495,-1.4604270681672915e-8,-0.9748610258102417],5,0.9625487327575684],[[765.4996948242188,229.5508575439453,44.261985778808597,-0.975632905960083,9.897278374637608e-8,0.21940921247005464,8.805940154843484e-8,1,-5.951950754479185e-8,-0.21940921247005464,-3.8748144248756947e-8,-0.975632905960083],5,0.9831175804138184],[[765.166748046875,229.24143981933595,44.243648529052737,-0.9756329655647278,5.872143304941346e-8,0.21940910816192628,4.4662979092890967e-8,1,-6.903431426508178e-8,-0.21940910816192628,-5.7552689725071107e-8,-0.9756329655647278],5,0.9910826683044434],[[765.0335693359375,229.0938262939453,44.23637008666992,-0.9926570057868958,3.59822820428235e-8,0.1209631934762001,2.7428146864849624e-8,1,-7.238185872893155e-8,-0.1209631934762001,-6.853255740679742e-8,-0.9926570057868958],5,1.0014488697052003],[[764.8338012695313,228.84686279296876,44.2254524230957,-0.9880768656730652,1.311810038373551e-8,0.15396156907081605,1.4966936578986179e-9,1,-7.559842885029866e-8,-0.15396156907081605,-7.446662664278847e-8,-0.9880768656730652],5,1.0125477313995362],[[764.7006225585938,228.66517639160157,44.21817398071289,-0.9926570057868958,-6.357217419150629e-9,0.12096308916807175,-1.5802632091777015e-8,1,-7.712581151508857e-8,-0.12096308916807175,-7.847101102242959e-8,-0.9926570057868958],5,1.02150297164917],[[764.5008544921875,228.3671112060547,44.20725631713867,-0.9880768656730652,-2.9371092225005669e-8,0.15396146476268769,-4.1822556084980536e-8,1,-7.763507170466255e-8,-0.15396146476268769,-8.314847832480155e-8,-0.9880768656730652],5,1.0331463813781739],[[764.36767578125,228.1513671875,44.19997787475586,-0.9926570057868958,-4.944225295844262e-8,0.1209632158279419,-5.923547519159911e-8,1,-7.736446150374832e-8,-0.1209632158279419,-8.396168738045162e-8,-0.9926570057868958],5,1.044032096862793],[[764.1679077148438,227.80221557617188,44.18906021118164,-0.9880768060684204,-7.282767455762951e-8,0.15396158397197724,-8.541784524140894e-8,1,-7.515977529237716e-8,-0.15396158397197724,-8.741469770257027e-8,-0.9880768060684204],5,1.0534064769744874],[[764.0347290039063,227.5524139404297,44.18178176879883,-0.9926570057868958,-9.340006812408319e-8,0.12096310406923294,-1.0299413588654716e-7,1,-7.306180549448982e-8,-0.12096310406923294,-8.498380310584253e-8,-0.9926570057868958],5,1.0638413429260255],[[763.9015502929688,227.2889862060547,44.174503326416019,-0.9926570057868958,-1.1126644494652283e-7,0.12096310406923294,-1.2064521115462413e-7,1,-7.021036196874775e-8,-0.12096310406923294,-8.428842335206355e-8,-0.9926570057868958],5,1.0734479427337647],[[763.7017822265625,226.86830139160157,44.1635856628418,-0.9880768656730652,-1.3555371936035955e-7,0.15396147966384889,-1.471688761967016e-7,1,-6.404489738542907e-8,-0.15396147966384889,-8.59396109831323e-8,-0.9880768656730652],5,1.0838830471038819],[[763.4354248046875,226.2596893310547,44.14902877807617,-0.9824000597000122,-1.229666821700448e-7,0.18678909540176392,-1.3230099682459696e-7,1,-3.750658805756757e-8,-0.18678909540176392,-6.155885756697899e-8,-0.9824000597000122],5,1.0999226570129395],[[763.30224609375,225.93495178222657,44.14175033569336,-0.9926570057868958,-1.1353365891864087e-7,0.12096323817968369,-1.1703291846743014e-7,1,-2.1823854723379555e-8,-0.12096323817968369,-3.5820281851783878e-8,-0.9926570057868958],5,1.110084056854248],[[763.1024780273438,225.42230224609376,44.13083267211914,-0.9880768060684204,-9.234231157506656e-8,0.15396161377429963,-9.354180718901262e-8,1,-5.467588048979621e-10,-0.15396161377429963,-1.49420866790706e-8,-0.9880768060684204],5,1.120626449584961],[[762.9027099609375,224.8789825439453,44.11991500854492,-0.9880765676498413,-7.180155137120892e-8,0.1539631336927414,-6.976541300218742e-8,1,1.8627742903731815e-8,-0.1539631336927414,7.664334944479379e-9,-0.9880765676498413],5,1.1338422298431397],[[762.6363525390625,224.10687255859376,44.1053581237793,-0.9820730090141296,-4.4187693504227357e-8,0.18850097060203553,-3.7210241998764107e-8,1,4.05542799342129e-8,-0.18850097060203553,3.281309801650423e-8,-0.9820730090141296],5,1.1527457237243653],[[762.3034057617188,223.0651092529297,44.08665084838867,-0.974470853805542,-9.488144492308948e-9,0.22451408207416535,4.676117715263217e-9,1,6.255680773392669e-8,-0.22451408207416535,6.200964008939991e-8,-0.974470853805542],5,1.189758062362671],[[761.7046508789063,222.7258758544922,44.0508918762207,-0.9960493445396423,5.1631840136678878e-8,0.08880118280649185,6.109022621103577e-8,1,1.0379414305816681e-7,-0.08880118280649185,1.0880897605147766e-7,-0.9960493445396423],7,1.2150788307189942],[[761.5050659179688,222.77725219726563,44.038360595703128,-0.998162567615509,4.4426300860322956e-8,0.06059255823493004,4.9023682890947387e-8,1,7.43871026998022e-8,-0.06059255823493004,7.722088923856063e-8,-0.998162567615509],8,1.2233190536499024],[[761.3054809570313,222.81362915039063,44.02570724487305,-0.9980281591415405,3.422365324468046e-8,0.0627674013376236,3.7114276096872348e-8,1,4.488699900662141e-8,-0.0627674013376236,4.712805790063612e-8,-0.9980281591415405],8,1.232039451599121],[[761.1724243164063,222.8307647705078,44.017269134521487,-0.9979992508888245,2.7536101399050496e-8,0.06322573870420456,2.9189068939672326e-8,1,2.5220243671242316e-8,-0.06322573870420456,2.7015284231879378e-8,-0.9979992508888245],8,1.2461771965026856],[[760.9728393554688,222.84869384765626,44.00461196899414,-0.9979958534240723,1.754509248996783e-8,0.06327924132347107,1.7309753630456727e-8,1,-4.267272313285275e-9,-0.06327924132347107,-3.163372008785359e-9,-0.9979958534240723],8,1.2539465427398682],[[760.8397827148438,222.8568878173828,43.99617385864258,-0.9979943037033081,1.0889448454065587e-8,0.06330423057079315,9.39433775215548e-9,1,-2.391551134905967e-8,-0.06330423057079315,-2.3272841431776216e-8,-0.9979943037033081],8,1.2673068046569825],[[760.6401977539063,222.86537170410157,43.983516693115237,-0.9979937672615051,9.113363952373277e-10,0.06331271678209305,-2.4727606628971445e-9,1,-5.337215824852137e-8,-0.06331271678209305,-5.342163689192603e-8,-0.9979937672615051],8,1.276066541671753],[[760.4406127929688,222.87075805664063,43.97085952758789,-0.9978815317153931,-8.967264264470032e-9,0.0650569498538971,-1.438374575002399e-8,1,-8.278916396875502e-8,-0.0650569498538971,-8.354954417200133e-8,-0.9978815317153931],8,1.2867474555969239],[[760.3075561523438,222.87319946289063,43.962242126464847,-0.9978818893432617,-1.5612153347888126e-8,0.06505163013935089,-2.2320069348324979e-8,1,-1.0239007508516807e-7,-0.06505163013935089,-1.0362515467932099e-7,-0.9978818893432617],8,1.297304630279541],[[760.1079711914063,222.875732421875,43.949241638183597,-0.9978818297386169,-1.8204733720494916e-8,0.06505255401134491,-2.452431857591364e-8,1,-9.634730702146044e-8,-0.06505255401134491,-9.773859943607022e-8,-0.9978818297386169],8,1.307305097579956],[[759.9083862304688,222.87733459472657,43.93622970581055,-0.997992992401123,-1.728186660443498e-8,0.06332401931285858,-2.1922895498960316e-8,1,-7.259535550474539e-8,-0.06332401931285858,-7.383790290305115e-8,-0.997992992401123],8,1.319295883178711],[[759.7753295898438,222.8780517578125,43.92772674560547,-0.9981026649475098,-1.668376015118156e-8,0.06157197058200836,-2.0217324703253327e-8,1,-5.676615799643514e-8,-0.06157197058200836,-5.790327151089514e-8,-0.9981026649475098],8,1.3293750286102296],[[759.6422729492188,222.8785858154297,43.91944885253906,-0.99820876121521,-1.6057578378081417e-8,0.059826869517564777,-1.854014541891047e-8,1,-4.094076544447489e-8,-0.059826869517564777,-4.1976630171802756e-8,-0.99820876121521],8,1.3396391868591309],[[759.4426879882813,222.87913513183595,43.907405853271487,-0.9982082843780518,-1.496675672285619e-8,0.05983448401093483,-1.6025543558839673e-8,1,-1.7215382897006749e-8,-0.05983448401093483,-1.8143419211469337e-8,-0.9982082843780518],8,1.3497216701507569],[[759.3096313476563,222.87937927246095,43.8994255065918,-0.9984114170074463,-1.4303498829804085e-8,0.05634350702166557,-1.4405328485622704e-8,1,-1.401152194269173e-9,-0.05634350702166557,-2.2105730579369266e-9,-0.9984114170074463],8,1.3607568740844727],[[759.1099243164063,222.879638671875,43.888023376464847,-0.9985082745552063,-1.321799825149128e-8,0.054600972682237628,-1.2017683737042262e-8,1,2.2311725800250316e-8,-0.054600972682237628,2.1622264867460218e-8,-0.9985082745552063],8,1.3710596561431885],[[758.91015625,222.8798065185547,43.87702941894531,-0.9986022710800171,-1.209150024550354e-8,0.052853506058454517,-9.67304369936528e-9,1,4.6013546750600656e-8,-0.052853506058454517,4.543797871292554e-8,-0.9986022710800171],8,1.3844408988952637],[[758.7103881835938,222.87991333007813,43.866390228271487,-0.9987809658050537,-1.084462741829384e-8,0.04936191067099571,-7.412733538103566e-9,1,6.970821431195873e-8,-0.04936191067099571,6.92573323135548e-8,-0.9987809658050537],8,1.3952491283416749],[[758.5772094726563,222.8799591064453,43.859683990478519,-0.9988659024238586,-9.9983727963604e-9,0.04761207103729248,-5.93432591955434e-9,1,8.549883290243088e-8,-0.04761207103729248,8.511932492183405e-8,-0.9988659024238586],8,1.4055020809173585],[[758.37744140625,222.8800048828125,43.850074768066409,-0.9989481568336487,-8.761768199860854e-9,0.04585398733615875,-3.759568656391821e-9,1,1.0917598558535247e-7,-0.04585398733615875,1.088887557898488e-7,-0.9989481568336487],8,1.4163684844970704],[[758.2442626953125,222.88003540039063,43.843894958496097,-0.9989477396011353,-7.168587057293507e-9,0.045863036066293719,-2.2434885060818034e-9,1,1.0743857359329923e-7,-0.045863036066293719,1.0722262544504702e-7,-0.9989477396011353],8,1.4264369010925294],[[758.111083984375,222.88003540039063,43.837772369384769,-0.9989482164382935,-4.704125977639251e-9,0.04585255682468414,-6.609958691505824e-10,1,8.819192487408145e-8,-0.04585255682468414,8.80688588722478e-8,-0.9989482164382935],8,1.435579776763916],[[757.9113159179688,222.88003540039063,43.82859802246094,-0.9989479780197144,-1.0115360771223437e-9,0.04585755988955498,1.711331076847955e-9,1,5.933736346719343e-8,-0.04585755988955498,5.9353418180307929e-8,-0.9989479780197144],8,1.4454798698425294],[[757.7781372070313,222.88003540039063,43.822486877441409,-0.99894779920578,1.4489155431007817e-9,0.04586184769868851,3.2919555970067906e-9,1,4.011125653846648e-8,-0.04586184769868851,4.0220026420456637e-8,-0.99894779920578],8,1.455233097076416],[[757.578369140625,222.88003540039063,43.81332015991211,-0.9989476203918457,5.137879455219263e-9,0.04586494341492653,5.661537461065791e-9,1,1.1287488277389457e-8,-0.04586494341492653,1.1535275845631077e-8,-0.9989476203918457],8,1.4661521911621094],[[757.3786010742188,222.88003540039063,43.80415344238281,-0.9988663196563721,8.804525997163637e-9,0.047602783888578418,7.979481964071056e-9,1,-1.7521873729720029e-8,-0.047602783888578418,-1.712216501914554e-8,-0.9988663196563721],8,1.4781818389892579],[[757.2454223632813,222.88003540039063,43.7978630065918,-0.9981036186218262,1.1499436070039338e-8,0.06155650317668915,9.255552768649978e-9,1,-3.6737564101940737e-8,-0.06155650317668915,-3.6098157352171259e-8,-0.9981036186218262],8,1.4893181324005128],[[757.1123046875,222.88003540039063,43.79014205932617,-0.9981034994125366,1.3954947419847486e-8,0.06155816838145256,1.0531045369077674e-8,1,-5.594504770556341e-8,-0.06155816838145256,-5.519067514114795e-8,-0.9981034994125366],8,1.4990768432617188],[[756.9127197265625,222.88003540039063,43.77790451049805,-0.9959931373596191,1.9173219456547487e-8,0.08942990750074387,1.1637708574596673e-8,1,-8.47830747829903e-8,-0.08942990750074387,-8.340259682881879e-8,-0.9959931373596191],8,1.5098943710327149],[[756.7134399414063,222.88003540039063,43.761077880859378,-0.9920436143875122,2.589771419536646e-8,0.12589481472969056,1.1686047685088852e-8,1,-1.1362378415924468e-7,-0.12589481472969056,-1.1124853926958167e-7,-0.9920436143875122],8,1.5212018489837647],[[756.514892578125,222.88003540039063,43.737335205078128,-0.9889288544654846,2.0203373196636677e-8,0.148390531539917,7.0728423118282539e-9,1,-8.901400150307382e-8,-0.148390531539917,-8.69789715807201e-8,-0.9889288544654846],8,1.5337016582489014],[[756.3169555664063,222.88003540039063,43.70858383178711,-0.9794469475746155,1.6673045166726298e-8,0.20170187950134278,3.800585179902782e-9,1,-6.420650322525035e-8,-0.20170187950134278,-6.212027869878512e-8,-0.9794469475746155],8,1.546006679534912],[[756.1207275390625,222.88003540039063,43.670310974121097,-0.9722161889076233,1.0521294058207787e-8,0.23408479988574983,1.35470423767714e-9,1,-3.932006364948393e-8,-0.23408479988574983,-3.791048541756936e-8,-0.9722161889076233],8,1.5575084686279297],[[755.926025390625,222.88003540039063,43.62482833862305,-0.9529740810394287,5.00881114362528e-9,0.3030518889427185,6.962689869105532e-10,1,-1.4338418452553015e-8,-0.3030518889427185,-1.3453135494501112e-8,-0.9529740810394287],8,1.5718626976013184],[[755.671142578125,222.88003540039063,43.546791076660159,-0.9281963109970093,-4.941297593319405e-9,0.3720909059047699,2.261132836522961e-9,1,1.8920303546110518e-8,-0.3720909059047699,1.840310126510758e-8,-0.9281963109970093],8,1.6010522842407227],[[755.3607788085938,222.88003540039063,43.42555618286133,-0.869500994682312,-2.097062612449463e-8,0.4939311444759369,9.849453697086119e-9,1,5.979524786425827e-8,-0.4939311444759369,5.6856979568919999e-8,-0.869500994682312],8,1.6099424362182618],[[755.1257934570313,222.88003540039063,43.300193786621097,-0.8212037682533264,-3.698045247801929e-8,0.5706350803375244,1.8726053596651583e-8,1,9.175453641319109e-8,-0.5706350803375244,8.60349160802798e-8,-0.8212037682533264],8,1.6254525184631348],[[754.9593505859375,222.88003540039063,43.18964767456055,-0.7925987839698792,-4.9401311486008129e-8,0.6097435355186462,2.6427702692899403e-8,1,1.1537289879015589e-7,-0.6097435355186462,1.0755854162880496e-7,-0.7925987839698792],8,1.637641191482544],[[754.799560546875,222.88003540039063,43.0694580078125,-0.7211009860038757,-4.329509906142448e-8,0.692829966545105,2.302707713397467e-8,1,8.645692162190244e-8,-0.692829966545105,7.829802228798144e-8,-0.7211009860038757],8,1.6488842964172364],[[754.70068359375,222.88003540039063,42.98026657104492,-0.7225249409675598,-3.151745886498247e-8,0.6913448572158814,2.0692432656232996e-8,1,6.721430167999643e-8,-0.6913448572158814,6.286961706791772e-8,-0.7225249409675598],8,1.6592674255371094],[[754.5556030273438,222.88003540039063,42.842628479003909,-0.6402167677879334,-2.0853670790188518e-8,0.768194317817688,1.4116452007328917e-8,1,3.891106459263938e-8,-0.768194317817688,3.575569351710328e-8,-0.6402167677879334],8,1.6694982051849366],[[754.467041015625,222.88003540039063,42.74314880371094,-0.551000714302063,-1.3014185284987434e-8,0.8345047831535339,7.675605040446954e-9,1,2.066309257031662e-8,-0.8345047831535339,1.7790707573794863e-8,-0.551000714302063],8,1.6812512874603272],[[754.3768310546875,222.88003540039063,42.63909912109375,-0.5061008930206299,9.270880063638743e-9,0.862474262714386,-7.2431656228388878e-9,1,-1.4999464781340067e-8,-0.862474262714386,-1.3838286960776714e-8,-0.5061008930206299],8,1.6983494758605958],[[754.3709106445313,222.88003540039063,42.632266998291019,-0.33590540289878847,4.635839800926078e-8,0.9418957233428955,-3.9217830760662767e-8,1,-6.320431822359751e-8,-0.9418957233428955,-5.816977832751036e-8,-0.33590540289878847],8,1.7313010692596436],[[754.3709106445313,222.88003540039063,42.63225173950195,-0.2826091945171356,7.261709100703229e-8,0.9592351317405701,-6.210761682723387e-8,1,-9.400122280567303e-8,-0.9592351317405701,-8.614141933094288e-8,-0.2826091945171356],8,1.7384989261627198],[[754.3709106445313,222.88003540039063,42.63225173950195,-0.2570003271102905,5.7739370618037358e-8,0.966411292552948,-4.974735645646433e-8,1,-7.297560955521476e-8,-0.966411292552948,-6.683116282601986e-8,-0.2570003271102905],8,1.7498223781585694],[[754.3709106445313,222.88003540039063,42.63225173950195,-0.2318936586380005,4.804354247767151e-8,0.9727411270141602,-4.113521967497036e-8,1,-5.919615730931582e-8,-0.9727411270141602,-5.3741132433060559e-8,-0.2318936586380005],8,1.7600131034851075],[[754.3709106445313,222.88003540039063,42.63225173950195,-0.1858084350824356,3.342526966321202e-8,0.9825859665870667,-2.726065950753309e-8,1,-3.917268287523257e-8,-0.9825859665870667,-3.406455562071642e-8,-0.1858084350824356],8,1.7703709602355958],[[754.2949829101563,222.88003540039063,42.6466064453125,-0.13929811120033265,1.790861858808057e-8,0.9902504682540894,-1.2466355947537977e-8,1,-1.9838573450670084e-8,-0.9902504682540894,-1.5108291506749084e-8,-0.13929811120033265],8,1.786005973815918],[[754.0548095703125,222.88003540039063,42.68196105957031,-0.09768176823854447,-4.2365395636068119e-9,0.9952176809310913,8.306886734033015e-9,1,5.072227970970289e-9,-0.9952176809310913,8.762625292035864e-9,-0.09768176823854447],8,1.8102622032165528],[[753.7901000976563,222.88003540039063,42.7096061706543,-0.05588643625378609,-2.734309134666546e-8,0.9984371066093445,3.0087271341017188e-8,1,2.9069994411656809e-8,-0.9984371066093445,3.1664864508229587e-8,-0.05588643625378609],8,1.817861557006836],[[753.590576171875,222.88003540039063,42.72239685058594,-0.034947630017995837,-4.504527595372565e-8,0.9993891716003418,4.6783704021891029e-8,1,4.670878794854616e-8,-0.9993891716003418,4.838748779434354e-8,-0.034947630017995837],8,1.8289806842803956],[[753.4573974609375,222.88003540039063,42.72785568237305,0.0034735556691884996,-5.822796111942807e-8,0.9999939799308777,5.835203964466018e-8,1,5.802561986456567e-8,-0.9999939799308777,5.815013182086659e-8,0.0034735556691884996],8,1.839766263961792],[[753.2574462890625,222.88003540039063,42.72874069213867,0.020938578993082048,-7.626103837310439e-8,0.9997807741165161,7.598895734872713e-8,1,7.468631224583078e-8,-0.9997807741165161,7.440847582529386e-8,0.020938578993082048],8,1.851013422012329],[[753.0574951171875,222.88003540039063,42.72529602050781,0.03665238618850708,-8.128591844069888e-8,0.999328076839447,8.070611556831864e-8,1,7.838050919417583e-8,-0.999328076839447,7.777905608463698e-8,0.03665238618850708],8,1.861753225326538],[[752.9241943359375,222.88003540039063,42.720985412597659,0.061077870428562167,-6.820791043082863e-8,0.9981330037117004,6.594690660222114e-8,1,6.430006038726788e-8,-0.9981330037117004,6.18964719478754e-8,0.061077870428562167],8,1.8719003200531006],[[752.7245483398438,222.88003540039063,42.709781646728519,0.07153504341840744,-4.643138851179174e-8,0.9974380731582642,4.359989702606981e-8,1,4.3423714402024419e-8,-0.9974380731582642,4.038187739752175e-8,0.07153504341840744],8,1.8831605911254883],[[752.5914916992188,222.88003540039063,42.700653076171878,0.08024191856384278,-3.184258190458422e-8,0.9967753887176514,2.858895697954722e-8,1,2.964413958750356e-8,-0.9967753887176514,2.6118065932223545e-8,0.08024191856384278],8,1.895294189453125],[[752.39208984375,222.88003540039063,42.68499755859375,0.09068416804075241,-9.71705560459668e-9,0.9958797097206116,5.869297936555995e-9,1,9.222804742137214e-9,-0.9958797097206116,5.00875207976037e-9,0.09068416804075241],8,1.9048645496368409],[[752.25927734375,222.88003540039063,42.673282623291019,0.09068464487791062,5.206637787580348e-9,0.9958796501159668,-9.269055745164679e-9,1,-4.384141050195467e-9,-0.9958796501159668,-8.833289655285626e-9,0.09068464487791062],8,1.9161667823791505],[[752.06005859375,222.88003540039063,42.65520477294922,0.09068512171506882,2.7580229655654877e-8,0.995879590511322,-3.196446485276283e-8,1,-2.4783645358184004e-8,-0.995879590511322,-2.9585249805563764e-8,0.09068512171506882],8,1.927384376525879],[[751.86083984375,222.88003540039063,42.63706970214844,0.09068452566862107,4.993945523779075e-8,0.9958796501159668,-5.464530872245632e-8,1,-4.517008989068927e-8,-0.9958796501159668,-5.0323922806683188e-8,0.09068452566862107],8,1.937169075012207],[[751.72802734375,222.88003540039063,42.624977111816409,0.09068392962217331,6.483762859943454e-8,0.9958797097206116,-6.975778177320535e-8,1,-5.8753798271027338e-8,-0.9958797097206116,-6.414233411078385e-8,0.09068392962217331],8,1.9473888874053956],[[751.52880859375,222.88003540039063,42.60683822631836,0.09068440645933151,7.438153204475384e-8,0.9958797097206116,-7.895433640214833e-8,1,-6.749972669695126e-8,-0.9958797097206116,-7.250784506140917e-8,0.09068440645933151],8,1.9573073387145997],[[751.39599609375,222.88003540039063,42.59474563598633,0.09068333357572556,6.368897231823212e-8,0.9958797693252564,-6.713919020739923e-8,1,-5.78388750227532e-8,-0.9958797693252564,-6.161753418609806e-8,0.09068333357572556],8,1.9681663513183594],[[751.26318359375,222.88003540039063,42.5826530456543,0.09068499505519867,5.300116256989895e-8,0.9958796501159668,-5.53290746552193e-8,1,-4.818217291813198e-8,-0.9958796501159668,-5.073169973002223e-8,0.09068499505519867],8,1.9780375957489014],[[751.06396484375,222.88003540039063,42.56451416015625,0.09068381041288376,3.6977798600901227e-8,0.9958797097206116,-3.7623387072471817e-8,1,-3.370483980802419e-8,-0.9958797097206116,-3.441188667352435e-8,0.09068381041288376],8,1.9878811836242676],[[750.93115234375,222.88003540039063,42.55242156982422,0.09068381041288376,2.6301302469278199e-8,0.9958797097206116,-2.5825899641063189e-8,1,-2.4058438796714655e-8,-0.9958797097206116,-2.3537779725302245e-8,0.09068381041288376],8,1.998509407043457],[[750.73193359375,222.88003540039063,42.53428268432617,0.09068381041288376,1.0295113206382212e-8,0.9958797097206116,-8.139120488692697e-9,1,-9.596567096537001e-9,-0.9958797097206116,-7.235331889177132e-9,0.09068381041288376],8,2.0081686973571779],[[750.53271484375,222.88003540039063,42.516143798828128,0.09242502599954605,-5.688181925478375e-9,0.9957196712493897,9.561565761373459e-9,1,4.825107424721864e-9,-0.9957196712493897,9.074678786191726e-9,0.09242502599954605],8,2.0207691192626955],[[750.39990234375,222.88003540039063,42.50387954711914,0.0924239531159401,-1.634643354009313e-8,0.9957197308540344,2.1355713641924013e-8,1,1.4434437645149956e-8,-0.9957197308540344,1.993021747637158e-8,0.0924239531159401],8,2.0311827659606935],[[750.20068359375,222.88003540039063,42.48540115356445,0.08024203032255173,-3.20803721365337e-8,0.9967753887176514,3.886001564978869e-8,1,2.905585816392886e-8,-0.9967753887176514,3.6403204006774106e-8,0.08024203032255173],8,2.0418901443481447],[[750.0013427734375,222.88003540039063,42.46889114379883,0.07676022499799729,-4.792164887135186e-8,0.9970495700836182,5.630196042716307e-8,1,4.372891382331545e-8,-0.9970495700836182,5.277920323010221e-8,0.07676022499799729],8,2.053792715072632],[[749.8019409179688,222.88003540039063,42.4533805847168,0.07327663898468018,-6.369535299199924e-8,0.9973116517066956,7.368139165464527e-8,1,5.845337369692061e-8,-0.9973116517066956,6.920004125277046e-8,0.07327663898468018],8,2.0662624835968019],[[749.6690063476563,222.88003540039063,42.4434814453125,0.07327663898468018,-7.432859661093971e-8,0.9973116517066956,8.526149031240493e-8,1,6.826444121088571e-8,-0.9973116517066956,8.00300838932344e-8,0.07327663898468018],8,2.078094959259033],[[749.4031372070313,222.88003540039063,42.423919677734378,0.07327663898468018,-7.050663697327764e-8,0.9973116517066956,8.005072515970824e-8,1,6.481503334043737e-8,-0.9973116517066956,7.508609201067884e-8,0.07327663898468018],8,2.093519687652588],[[749.2037353515625,222.88003540039063,42.40925979614258,0.07327663898468018,-4.884221738166161e-8,0.9973116517066956,5.488530518960033e-8,1,4.494122407550094e-8,-0.9973116517066956,5.144461212580609e-8,0.07327663898468018],8,2.103726387023926],[[749.07080078125,222.88003540039063,42.39948654174805,0.07327663898468018,-3.4406983928647608e-8,0.9973116517066956,3.811732440794913e-8,1,3.169909490452483e-8,-0.9973116517066956,3.569204665154757e-8,0.07327663898468018],8,2.1134257316589357],[[748.9378662109375,222.88003540039063,42.389713287353519,0.07327663898468018,-1.9977919762936837e-8,0.9973116517066956,2.1356507673431225e-8,1,1.8462619877368526e-8,-0.9973116517066956,1.994621534606722e-8,0.07327663898468018],8,2.122544050216675],[[748.804931640625,222.88003540039063,42.379940032958987,0.07327663898468018,-5.555017335012735e