[[[776,222.69961547851563,47,1,-2.3370457569171778e-8,6.545087110905023e-15,2.3370457569171778e-8,1,-2.681979793806022e-8,-5.918296282463997e-15,2.681979793806022e-8,1],8,0.018938064575195314],[[776,222.69961547851563,47,1,2.706772583849215e-9,6.4753199716550018e-15,-2.706772583849215e-9,1,3.106359169890993e-9,-6.466911899104082e-15,-3.106359169890993e-9,1],8,0.038483381271362308],[[776,222.69961547851563,47,1,2.3548503591541704e-8,6.980296450852545e-15,-2.3548503591541704e-8,1,2.702427792655726e-8,-6.343915091866232e-15,-2.702427792655726e-8,1],8,0.04647636413574219],[[776,222.69961547851563,47,1,3.396268866140417e-8,7.419329297523973e-15,-3.396268866140417e-8,1,3.897557476761904e-8,-6.095614159642212e-15,-3.897557476761904e-8,1],8,0.056783199310302737],[[776,222.69961547851563,47,1,4.957562538265847e-8,8.310618022206416e-15,-4.957562538265847e-8,1,5.6892943689490497e-8,-5.490114774879843e-15,-5.6892943689490497e-8,1],8,0.06805872917175293],[[776,222.69961547851563,47,1,6.517855410947959e-8,9.480717805872979e-15,-6.517855410947959e-8,1,7.47988408988931e-8,-4.6054379893836678e-15,-7.47988408988931e-8,1],8,0.0784142017364502],[[776,222.69961547851563,47,1,8.077148550000857e-8,1.092909247666805e-14,-8.077148550000857e-8,1,9.269326284311319e-8,-3.4421201867675329e-15,-9.269326284311319e-8,1],8,0.08969521522521973],[[776,222.69961547851563,47,1,6.72013840130603e-8,9.899730605319578e-15,-6.72013840130603e-8,1,7.712021243833078e-8,-4.717145541500512e-15,-7.712021243833078e-8,1],8,0.10384654998779297],[[776,222.69961547851563,47,1,4.0078564467194158e-8,8.535743285960612e-15,-4.0078564467194158e-8,1,4.599407077421347e-8,-6.6923670821912327e-15,-4.599407077421347e-8,1],8,0.11925196647644043],[[776,222.69961547851563,47,1,1.297892193719008e-8,8.031529136415597e-15,-1.297892193719008e-8,1,1.4894519395625139e-8,-7.838214194995537e-15,-1.4894519395625139e-8,1],8,0.1352083683013916],[[776,222.69961547851563,47,1,-1.4097567557769253e-8,8.370996224752597e-15,1.4097567557769253e-8,1,-1.617846479007312e-8,-8.14291905117722e-15,1.617846479007312e-8,1],8,0.1758115291595459],[[776,222.69961547851563,47,1,-6.459953993953605e-8,1.1507344929099616e-14,6.459953993953605e-8,1,-7.413454738980363e-8,-6.718287560926635e-15,7.413454738980363e-8,1],8,0.19625592231750489],[[776,222.69961547851563,47,1,-5.426838711741766e-8,1.0909716597999608e-14,5.426838711741766e-8,1,-6.227848814432946e-8,-7.529963658896646e-15,6.227848814432946e-8,1],8,0.20472335815429688],[[776,222.69961547851563,47,1,-4.394164676568835e-8,1.0426023515667724e-14,4.394164676568835e-8,1,-5.042749151584758e-8,-8.210156526530267e-15,5.042749151584758e-8,1],8,0.21347284317016602],[[776,222.69961547851563,47,1,-2.8459810508252305e-8,9.925200886043515e-15,2.8459810508252305e-8,1,-3.266048764771767e-8,-8.995689799616222e-15,3.266048764771767e-8,1],8,0.2236499786376953],[[776,222.69961547851563,47,1,-1.8144099556138827e-8,9.743216704358876e-15,1.8144099556138827e-8,1,-2.0822142232646e-8,-9.365417987026829e-15,2.0822142232646e-8,1],8,0.2345731258392334],[[776,222.69961547851563,47,1,-2.678796073851686e-9,9.69876441528697e-15,2.678796073851686e-9,1,-3.0741074130702374e-9,-9.690529560973764e-15,3.0741074130702374e-9,1],8,0.24426007270812989],[[776,222.69961547851563,47,1,7.625899911545276e-9,9.821407162752868e-15,-7.625899911545276e-9,1,8.751597668776867e-9,-9.754668589805754e-15,-8.751597668776867e-9,1],8,0.2557966709136963],[[776,222.69961547851563,47,1,2.3074687049984278e-8,1.0233469209834298e-14,-2.3074687049984278e-8,1,2.6480684311991355e-8,-9.622434888278096e-15,-2.6480684311991355e-8,1],8,0.2689974308013916],[[776,222.69961547851563,47,1,3.851357632811414e-8,1.0918800179325963e-14,-3.851357632811414e-8,1,4.419840848868262e-8,-9.216561263909306e-15,-4.419840848868262e-8,1],8,0.2824244499206543],[[776,222.69961547851563,47,1,5.908337286086862e-8,1.2256760717314647e-14,-5.908337286086862e-8,1,6.780437900033576e-8,-8.250648936573759e-15,-6.780437900033576e-8,1],8,0.3081228733062744],[[776,222.69961547851563,47,-0.8139445185661316,-5.67156206443542e-8,0.5809425711631775,-7.069476737342484e-8,1,-1.4218259902776254e-9,-0.5809425711631775,-4.222688687605114e-8,-0.8139445185661316],8,0.3328433036804199],[[776,222.69961547851563,47,-0.6968792676925659,-3.1610575490503837e-8,0.7171884775161743,-8.093501691064375e-8,1,-3.4567424478382239e-8,-0.7171884775161743,-8.213498148279541e-8,-0.6968792676925659],8,0.35003089904785159],[[776,222.69961547851563,47,-0.7178753018379211,-1.2126071702311947e-8,0.6961717009544373,-9.536888967431878e-8,1,-8.092386138969232e-8,-0.6961717009544373,-1.2448636255157909e-7,-0.7178753018379211],8,0.36449646949768069],[[776,222.69961547851563,47,-0.7312868237495422,-6.777423955384165e-9,0.6820700168609619,-7.48302468878137e-8,1,-7.029329651686567e-8,-0.6820700168609619,-1.0244403370052169e-7,-0.7312868237495422],8,0.37398362159729006],[[776,222.69961547851563,47,-0.7454070448875427,2.7205566688337514e-9,0.6666095852851868,-4.43827374851935e-8,1,-5.371023803490971e-8,-0.6666095852851868,-6.96219473184101e-8,-0.7454070448875427],8,0.3858969211578369],[[776,222.69961547851563,47,-0.7726778388023377,1.143409189552358e-8,0.6347983479499817,-1.467664567655902e-8,1,-3.587660657444758e-8,-0.6347983479499817,-3.7037771960513058e-8,-0.7726778388023377],8,0.41157960891723635],[[776,222.69961547851563,47,-0.8493490219116211,5.0193278866572658e-8,0.5278316140174866,8.568401455022468e-8,1,4.278325960171969e-8,-0.5278316140174866,8.156465014508285e-8,-0.8493490219116211],8,0.4452965259552002],[[776,222.69961547851563,47,-0.8625284433364868,5.156627125302293e-8,0.5060085654258728,8.824085995229325e-8,1,4.85050719589708e-8,-0.5060085654258728,8.648763127894199e-8,-0.8625284433364868],8,0.4543759822845459],[[776,222.69961547851563,47,-0.8715274930000305,4.405652376249236e-8,0.49034667015075686,7.570728399741711e-8,1,4.471215220291924e-8,-0.49034667015075686,7.60906857522059e-8,-0.8715274930000305],8,0.46391916275024416],[[776,222.69961547851563,47,-0.8797943592071533,3.1819794799048398e-8,0.47535449266433718,5.7047959245437599e-8,1,3.864626307858998e-8,-0.47535449266433718,6.111876871273125e-8,-0.8797943592071533],8,0.47407960891723635],[[776,222.69961547851563,47,-0.8902755379676819,1.967855389750639e-8,0.4554223418235779,3.855057073565149e-8,1,3.2150545337117367e-8,-0.4554223418235779,4.61796325623709e-8,-0.8902755379676819],8,0.48786497116088869],[[776,222.69961547851563,47,-0.8941969871520996,6.5803877902226308e-9,0.4476737082004547,2.01235739183403e-8,1,2.549636413107237e-8,-0.4476737082004547,3.1807566358565967e-8,-0.8941969871520996],8,0.5103037357330322],[[776,222.69961547851563,47,-0.8965270519256592,-1.573087615724944e-8,0.4429890215396881,-1.0503033109898752e-8,1,1.425458329151752e-8,-0.4429890215396881,8.126891160031846e-9,-0.8965270519256592],8,0.5189034938812256],[[776,222.69961547851563,47,-0.8965247273445129,-2.0223543728548067e-8,0.4429936707019806,-1.662442983274559e-8,1,1.2007690841642216e-8,-0.4429936707019806,3.4006748528270238e-9,-0.8965247273445129],8,0.5271470546722412],[[776,222.69961547851563,47,-0.8988320231437683,-3.3677579835966756e-8,0.4382932186126709,-3.494524491998163e-8,1,5.173870665231561e-9,-0.4382932186126709,-1.0665822891553489e-8,-0.8988320231437683],8,0.5393381118774414],[[776,222.69961547851563,47,-0.8995950818061829,-4.715960955081755e-8,0.4367249608039856,-5.324237761783479e-8,1,-1.687491701929389e-9,-0.4367249608039856,-2.4770335116386378e-8,-0.8995950818061829],8,0.550485372543335],[[776,222.69961547851563,47,-0.9011189341545105,-6.070091984611281e-8,0.43357202410697939,-7.15036563292415e-8,1,-8.608447288338539e-9,-0.43357202410697939,-3.8759221610007447e-8,-0.9011189341545105],8,0.5627400875091553],[[776,222.69961547851563,47,-0.9078218340873718,-7.474880447944088e-8,0.4193561375141144,-8.964227760088761e-8,1,-1.581093123093069e-8,-0.4193561375141144,-5.194554830723064e-8,-0.9078218340873718],8,0.5737988948822022],[[776,222.69961547851563,47,-0.9135921001434326,-8.442660970331417e-8,0.4066319167613983,-1.0166000663502928e-7,1,-2.0778413656330487e-8,-0.4066319167613983,-6.032119870269526e-8,-0.9135921001434326],8,0.5861785411834717],[[776,222.69961547851563,47,-0.9285404682159424,-1.0011370221718608e-7,0.37123122811317446,-1.1937754607060925e-7,1,-2.8912372940226306e-8,-0.37123122811317446,-7.116297950915396e-8,-0.9285404682159424],8,0.5983657836914063],[[775.8499755859375,222.69961547851563,46.93999481201172,-0.9450072050094605,-6.356764714610108e-8,0.3270495533943176,-7.482004349412819e-8,1,-2.1824927642910553e-8,-0.3270495533943176,-4.5094576961446367e-8,-0.9450072050094605],8,0.6154818534851074],[[775.6019287109375,222.69961547851563,46.85237503051758,-0.9593763947486877,-2.5867933572953917e-8,0.28212934732437136,-3.068402776307266e-8,1,-1.265234850222896e-8,-0.28212934732437136,-2.0795228650172249e-8,-0.9593763947486877],8,0.6386547088623047],[[775.2827758789063,222.69961547851563,46.75654602050781,-0.9686458110809326,2.3067675769539165e-8,0.24844565987586976,2.399918663797962e-8,1,7.206249486024774e-10,-0.24844565987586976,6.660524576318494e-9,-0.9686458110809326],8,0.6478445529937744],[[775.1539306640625,222.69961547851563,46.72224807739258,-0.971197247505188,4.297986677670451e-8,0.23827692866325379,4.579887402655913e-8,1,6.2946607926051e-9,-0.23827692866325379,1.702617247190119e-8,-0.971197247505188],8,0.6569018363952637],[[774.5712890625,222.69961547851563,46.57868576049805,-0.9748215079307556,8.260838058049558e-8,0.22298656404018403,8.941656659544606e-8,1,2.0435376058003386e-8,-0.22298656404018403,3.9859539668896107e-8,-0.9748215079307556],8,0.6966712474822998],[[774.4414672851563,222.69961547851563,46.54842758178711,-0.9796307682991028,7.00896407579421e-8,0.20080716907978059,7.517893862996061e-8,1,1.7718310374448266e-8,-0.20080716907978059,3.245387247829967e-8,-0.9796307682991028],8,0.7053244113922119],[[774.2457275390625,222.69961547851563,46.50734329223633,-0.9823440909385681,5.044450901436903e-8,0.18708322942256928,5.389298252111985e-8,1,1.3346685534543213e-8,-0.18708322942256928,2.31935093353286e-8,-0.9823440909385681],8,0.7160923480987549],[[774.1148071289063,222.69961547851563,46.48188400268555,-0.9839378595352173,3.725711295032852e-8,0.17851144075393678,3.973585904759602e-8,1,1.0310277964720172e-8,-0.17851144075393678,1.723797815600392e-8,-0.9839378595352173],8,0.7269008159637451],[[773.9180908203125,222.69961547851563,46.445777893066409,-0.9854598641395569,1.733547883020492e-8,0.16990822553634644,1.8552098524082795e-8,1,5.572841299539277e-9,-0.16990822553634644,8.643965543342347e-9,-0.9854598641395569],8,0.738508939743042],[[773.7210693359375,222.69961547851563,46.41144943237305,-0.9888060688972473,-2.545021082767107e-9,0.1492062509059906,-2.5141451143184669e-9,1,3.955540339717345e-10,-0.1492062509059906,1.6000057181941864e-11,-0.9888060688972473],8,0.7506980895996094],[[773.5233764648438,222.69961547851563,46.38080596923828,-0.9905553460121155,-2.2589725645616455e-8,0.13711348176002503,-2.350209626911237e-8,1,-5.035257100161061e-9,-0.13711348176002503,-8.210155222343474e-9,-0.9905553460121155],8,0.7619621753692627],[[773.3253173828125,222.69961547851563,46.352882385253909,-0.9938081502914429,-4.282935250898845e-8,0.11110943555831909,-4.432717304325706e-8,1,-1.1010348188733588e-8,-0.11110943555831909,-1.5867341218722687e-8,-0.9938081502914429],8,0.7743806838989258],[[773.1929321289063,222.69961547851563,46.33715057373047,-0.995263397693634,-5.639453348749157e-8,0.0972151830792427,-5.814616699240105e-8,1,-1.518506920206164e-8,-0.0972151830792427,-2.0765833497193854e-8,-0.995263397693634],8,0.7863068580627441],[[772.9939575195313,222.69961547851563,46.317039489746097,-0.9972139000892639,-7.686229253067722e-8,0.07459477335214615,-7.871616247712154e-8,1,-2.1912539338586613e-8,-0.07459477335214615,-2.772330276457069e-8,-0.9972139000892639],8,0.7976686954498291],[[772.7281494140625,222.69961547851563,46.29622268676758,-0.9979408383369446,-1.0380973947121675e-7,0.06414156407117844,-1.0602688149674577e-7,1,-3.1162471714196729e-8,-0.06414156407117844,-3.789903146866891e-8,-0.9979408383369446],8,0.8110921382904053],[[772.528564453125,222.69961547851563,46.28297805786133,-0.999066174030304,-1.0745871037443067e-7,0.0432063527405262,-1.0899134395003785e-7,1,-3.311665608407566e-8,-0.0432063527405262,-3.7794848140038087e-8,-0.999066174030304],8,0.8235270977020264],[[772.3953857421875,222.69961547851563,46.2764778137207,-0.9994639754295349,-8.69658336455359e-8,0.03273855522274971,-8.78966162076722e-8,1,-2.6991441970380948e-8,-0.03273855522274971,-2.985458280591047e-8,-0.9994639754295349],8,0.8367063999176025],[[772.1288452148438,222.69961547851563,46.267215728759769,-0.9999656081199646,-4.5930818259876108e-8,0.00829019583761692,-4.6046153556744687e-8,1,-1.3721589198212314e-8,-0.00829019583761692,-1.410284955483121e-8,-0.9999656081199646],8,0.8497560024261475],[[771.9288940429688,222.69961547851563,46.264617919921878,-0.999770998954773,-1.5048398083195026e-8,-0.021399598568677903,-1.4990844121598458e-8,1,-2.849906755031384e-9,0.021399598568677903,-2.52845611115049e-9,-0.999770998954773],8,0.8642086982727051],[[771.5289916992188,222.69961547851563,46.27193832397461,-0.9979954361915588,4.736045511322118e-8,-0.06328600645065308,4.609509929309752e-8,1,2.1454328091863318e-8,0.06328600645065308,1.84941466585542e-8,-0.9979954361915588],8,0.8856120109558106],[[771.3958740234375,222.69961547851563,46.278934478759769,-0.9971472024917603,6.839908905931225e-8,-0.0754818543791771,6.6339211457489e-8,1,2.9796929368330894e-8,0.0754818543791771,2.470451754277292e-8,-0.9971472024917603],8,0.8970165252685547],[[771.1964111328125,222.69961547851563,46.2933464050293,-0.9959952235221863,9.994502647714398e-8,-0.08940669149160385,9.651145660427574e-8,1,4.272698106433381e-8,0.08940669149160385,3.392709757576995e-8,-0.9959952235221863],8,0.9090976715087891],[[770.9307861328125,222.69961547851563,46.31660461425781,-0.9956762790679932,7.568751669850826e-8,-0.0928911566734314,7.302207194470611e-8,1,3.209321164376888e-8,0.0928911566734314,2.5171344120167306e-8,-0.9956762790679932],8,0.9286067485809326],[[770.5987548828125,223.7697296142578,46.3463020324707,-0.9953449964523315,4.533494646352665e-8,-0.09637590497732163,4.373522699552268e-8,1,1.8711178384478445e-8,0.09637590497732163,1.4409055282271766e-8,-0.9953449964523315],3,0.9503459930419922],[[770.3333740234375,224.5644989013672,46.37171936035156,-0.9999899864196777,2.1286185258873048e-8,-0.004474402405321598,2.12596056314851e-8,1,5.988135320933452e-9,0.004474402405321598,5.892951460140239e-9,-0.9999899864196777],5,0.998638391494751],[[769.6035766601563,226.46910095214845,46.442378997802737,-0.9652026891708374,-3.9660239536942757e-8,0.2615029513835907,-4.377639584163262e-8,1,-9.915197551890742e-9,-0.2615029513835907,-2.101783280750169e-8,-0.9652026891708374],5,1.0107967853546143],[[769.3381958007813,227.0594940185547,46.468074798583987,-0.9993256330490112,-6.747412584218182e-8,0.03671833500266075,-6.801365515229918e-8,1,-1.3444591218103597e-8,-0.03671833500266075,-1.5932872798885e-8,-0.9993256330490112],5,1.024855375289917],[[769.0728149414063,227.5953826904297,46.493770599365237,-0.9993252754211426,-9.20560694339656e-8,0.03672941029071808,-9.264355327331941e-8,1,-1.4292963257389602e-8,-0.03672941029071808,-1.7686062392385794e-8,-0.9993252754211426],5,1.056579351425171],[[768.6083984375,228.40206909179688,46.53873825073242,-0.990672767162323,-1.3410569010829932e-7,0.13626259565353394,-1.3633446371841274e-7,1,-7.0243424410421088e-9,-0.13626259565353394,-2.553611189171079e-8,-0.990672767162323],5,1.0692534446716309],[[768.4757080078125,228.6018829345703,46.55158615112305,-0.9995532035827637,-1.4944238557745849e-7,-0.029888944700360299,-1.4937636194645166e-7,1,-4.441518264286515e-9,0.029888944700360299,2.51682719804025e-11,-0.9995532035827637],5,1.080338478088379],[[768.2766723632813,228.87606811523438,46.570858001708987,-0.999994158744812,-1.6907326028103854e-7,0.0034228386357426645,-1.6907019073642005e-7,1,1.1868354077293475e-9,-0.0034228386357426645,6.081284920078645e-10,-0.999994158744812],5,1.092355489730835],[[768.07763671875,229.11959838867188,46.59012985229492,-0.9999940991401672,-1.3649075469857053e-7,0.003427174873650074,-1.3646386776144937e-7,1,8.079956259621213e-9,-0.003427174873650074,7.612223740238733e-9,-0.9999940991401672],5,1.106137990951538],[[767.7459106445313,229.45736694335938,46.622249603271487,-0.9974232912063599,-8.317653765743671e-8,0.07174089550971985,-8.256544958840095e-8,1,1.1483447970306316e-8,-0.07174089550971985,5.53053958185501e-9,-0.9974232912063599],5,1.1438968181610108],[[767.281494140625,229.7871551513672,46.66647720336914,-0.9894461631774902,-8.755376867952691e-9,0.14490102231502534,-8.772238935250698e-9,1,5.225512800244303e-10,-0.14490102231502534,-7.540700286412516e-10,-0.9894461631774902],5,1.171130895614624],[[766.617431640625,229.96878051757813,46.7252082824707,-0.9696227312088013,1.0003330430663482e-7,0.24460536241531373,9.145445289959753e-8,1,-4.64298359759141e-8,-0.24460536241531373,-2.2649174979960663e-8,-0.9696227312088013],5,1.1954479217529297],[[766.484619140625,229.96421813964845,46.736724853515628,-0.9998112916946411,1.118761048246597e-7,-0.019424788653850557,1.1300359403776383e-7,1,-5.6946369397792299e-8,0.019424788653850557,-5.913069855978392e-8,-0.9998112916946411],5,1.20371413230896],[[766.351806640625,229.946044921875,46.74819564819336,-0.9998114109039307,1.3310872759575433e-7,-0.01942097768187523,1.344732396546533e-7,1,-6.895369608628244e-8,0.01942097768187523,-7.155229297950427e-8,-0.9998114109039307],5,1.21195387840271],[[766.218994140625,229.91424560546876,46.7596549987793,-0.9998437166213989,1.2088943890375959e-7,-0.017677970230579377,1.2209503097437847e-7,1,-6.71179947175915e-8,0.017677970230579377,-6.926589435352071e-8,-0.9998437166213989],5,1.2223916053771973],[[766.086181640625,229.8688201904297,46.77094268798828,-0.9998440146446228,1.087447003556008e-7,-0.01766367442905903,1.0990690668677417e-7,1,-6.482587622258507e-8,0.01766367442905903,-6.67571171675263e-8,-0.9998440146446228],5,1.232832908630371],[[765.820556640625,229.73709106445313,46.79340744018555,-0.9987146258354187,8.914919646940689e-8,0.05068592727184296,8.631749892629159e-8,1,-5.805635439060097e-8,-0.05068592727184296,-5.360664800946324e-8,-0.9987146258354187],5,1.2470293045043946],[[765.5547485351563,229.5508575439453,46.81547164916992,-0.9986245036125183,6.596324908514362e-8,0.052431851625442508,6.345848646560626e-8,1,-4.9436437166150429e-8,-0.052431851625442508,-4.60411904157354e-8,-0.9986245036125183],5,1.270423173904419],[[765.2888793945313,229.3101348876953,46.83706283569336,-0.9984349608421326,4.341814019426238e-8,0.05592496320605278,4.1308641840487328e-8,1,-3.887609878461262e-8,-0.05592496320605278,-3.650507096608635e-8,-0.9984349608421326],5,1.2794020175933838],[[765.1559448242188,229.16934204101563,46.84748077392578,-0.9999428987503052,2.9910570020774688e-8,-0.010688957758247853,3.0267500505942738e-8,1,-3.323067687688308e-8,0.010688957758247853,-3.355230404622489e-8,-0.9999428987503052],5,1.2893474102020264],[[764.95654296875,228.93258666992188,46.862945556640628,-0.9997026324272156,1.4734826692119896e-8,0.024385159835219384,1.4165887129991006e-8,1,-2.350411243412509e-8,-0.024385159835219384,-2.315168678990176e-8,-0.9997026324272156],5,1.3011672496795655],[[764.7571411132813,228.66517639160157,46.87811279296875,-0.999702513217926,-1.296405205408746e-9,0.024391403421759607,-1.6038033123777496e-9,1,-1.2583158515155901e-8,-0.024391403421759607,-1.2618533773434138e-8,-0.999702513217926],5,1.3129899501800538],[[764.5577392578125,228.3671112060547,46.89321517944336,-0.9997028112411499,-1.7035906907381105e-8,0.02437763474881649,-1.705073238156274e-8,1,-4.002532472124898e-10,-0.02437763474881649,-8.157908237826916e-10,-0.9997028112411499],5,1.3246350288391114],[[764.3583374023438,228.03839111328126,46.90830993652344,-0.9997024536132813,-3.249104807423464e-8,0.024391507729887964,-3.2180491160715977e-8,1,1.3124648035045539e-8,-0.024391507729887964,1.2335812371588873e-8,-0.9997024536132813],5,1.3498384952545167],[[764.0260009765625,227.4224090576172,46.933467864990237,-0.9953704476356506,-5.9230774951402057e-8,0.09611306339502335,-5.566586125382855e-8,1,3.977214291239761e-8,-0.09611306339502335,3.423779659783577e-8,-0.9953704476356506],5,1.3589842319488526],[[763.8264770507813,227.01193237304688,46.94771957397461,-0.999451220035553,-7.173770910640087e-8,0.033125732094049457,-6.987412604075871e-8,1,5.741553366078733e-8,-0.033125732094049457,5.506939260158106e-8,-0.999451220035553],5,1.3817284107208253],[[763.4273071289063,226.09902954101563,46.97457504272461,-0.990207850933075,-1.0785382897893214e-7,0.1396007090806961,-9.49055305454749e-8,1,9.94094051520733e-8,-0.1396007090806961,8.518709648797085e-8,-0.990207850933075],5,1.395723819732666],[[763.2942504882813,225.76747131347657,46.9827880859375,-0.9999470710754395,-1.0511558912185137e-7,0.01029001921415329,-1.0394235516741901e-7,1,1.1455140480620685e-7,-0.01029001921415329,1.1347577100195849e-7,-0.9999470710754395],5,1.4047887325286866],[[763.1611938476563,225.42230224609376,46.990447998046878,-0.9998793601989746,-1.0186742827045237e-7,0.015532812103629113,-1.0004943362673657e-7,1,1.1781913400454869e-7,-0.015532812103629113,1.162508738161705e-7,-0.9998793601989746],5,1.4195044040679932],[[762.8948364257813,224.69107055664063,47.00429916381836,-0.9961828589439392,-7.573301274987898e-8,0.08729078620672226,-6.749372261083409e-8,1,9.734036865438611e-8,-0.08729078620672226,9.107723286660985e-8,-0.9961828589439392],5,1.4339346885681153],[[762.6284790039063,223.90533447265626,47.01673126220703,-0.9958713054656982,-4.277200460478525e-8,0.09077607840299607,-3.615495103304056e-8,1,7.45386330436304e-8,-0.09077607840299607,7.094888587744208e-8,-0.9958713054656982],5,1.4480211734771729],[[762.3621215820313,223.78680419921876,47.02817153930664,-0.9999733567237854,-1.1198650007315792e-8,-0.007301789708435535,-1.1552053535979212e-8,1,4.835745315290296e-8,0.007301789708435535,4.844051559871332e-8,-0.9999733567237854],7,1.4639525413513184],[[762.162353515625,223.78453063964845,47.036643981933597,-0.9992584586143494,6.9087775500520369e-9,-0.03850332275032997,5.819453363642424e-9,1,2.84037788844671e-8,0.03850332275032997,2.8158646969700386e-8,-0.9992584586143494],7,1.4757542610168458],[[761.89599609375,223.78440856933595,47.04753875732422,-0.999193549156189,2.895631112664887e-8,-0.0401528999209404,2.8906354643254418e-8,1,1.824705608832744e-9,0.0401528999209404,6.625600068588255e-10,-0.999193549156189],7,1.494156837463379],[[761.6962280273438,223.7160186767578,47.0556640625,-0.9992462396621704,4.543685605540304e-8,-0.038819365203380588,4.61749394276012e-8,1,-1.8116763200737297e-8,0.038819365203380588,-1.9895589176144314e-8,-0.9992462396621704],8,1.5045092105865479],[[761.5630493164063,223.64845275878907,47.060909271240237,-0.9993112087249756,5.645264877784939e-8,-0.03710917383432388,5.765844690586164e-8,1,-3.142304905168203e-8,0.03710917383432388,-3.3541063260145168e-8,-0.9993112087249756],8,1.514312744140625],[[761.3631591796875,223.5215606689453,47.06841278076172,-0.999434232711792,7.30330853571104e-8,-0.03363336995244026,7.480520736180552e-8,1,-5.143119707895494e-8,0.03363336995244026,-5.3918050468837467e-8,-0.999434232711792],8,1.5249052047729493],[[761.2298583984375,223.419921875,47.073020935058597,-0.9995452761650086,8.419068819875975e-8,-0.03015274368226528,8.618384583769512e-8,1,-6.480245673401441e-8,0.03015274368226528,-6.737166557968522e-8,-0.9995452761650086],8,1.5360236167907715],[[760.9632568359375,223.17579650878907,47.081214904785159,-0.9996445775032044,6.672708963151308e-8,-0.02665869891643524,6.827531251474284e-8,1,-5.716551143564175e-8,0.02665869891643524,-5.896532329074944e-8,-0.9996445775032044],8,1.5488488674163819],[[760.7633056640625,222.95693969726563,47.0866813659668,-0.9998959302902222,4.4276305288803999e-8,-0.014428311958909035,4.489486471470627e-8,1,-4.254733454445159e-8,0.014428311958909035,-4.319066349012246e-8,-0.9998959302902222],8,1.5611307621002198],[[760.5633544921875,222.8141632080078,47.09004211425781,-0.9999886155128479,2.1945076866813907e-8,0.004770847503095865,2.1814161144106948e-8,1,-2.7492628618119853e-8,-0.004770847503095865,-2.7388244561166176e-8,-0.9999886155128479],8,1.5733308792114258],[[760.4300537109375,222.80728149414063,47.090087890625,-0.9998837113380432,6.8043322087874e-9,0.015251632779836655,6.5412262273412129e-9,1,-1.730088250440076e-8,-0.015251632779836655,-1.7199106139287325e-8,-0.9998837113380432],8,1.5857515335083008],[[760.2301025390625,222.8249969482422,47.08753967285156,-0.9993445873260498,-1.5964310762228707e-8,0.03619964048266411,-1.6030746508022277e-8,1,-1.5450029033914348e-9,-0.03619964048266411,-2.1242976266933057e-9,-0.9993445873260498],8,1.5982940196990967],[[759.9635009765625,222.85057067871095,47.078731536865237,-0.9989103078842163,-4.675484177596445e-8,0.04667171090841293,-4.58825546445496e-8,1,1.9761179359534254e-8,-0.04667171090841293,1.7598228652104809e-8,-0.9989103078842163],8,1.6131391525268555],[[759.7637329101563,222.86366271972657,47.06980895996094,-0.9982644319534302,-7.005964874906567e-8,0.0588906966149807,-6.805762353678802e-8,1,3.600141695869752e-8,-0.0588906966149807,3.193097342091278e-8,-0.9982644319534302],8,1.6261897087097169],[[759.5640869140625,222.87232971191407,47.05851745605469,-0.9982640743255615,-9.313802706856223e-8,0.058897122740745547,-9.021836433475983e-8,1,5.223138543897221e-8,-0.058897122740745547,4.682711107761861e-8,-0.9982640743255615],8,1.6378133296966553],[[759.364501953125,222.87789916992188,47.04676055908203,-0.9982637763023377,-8.529033124204943e-8,0.05890164151787758,-8.249217842148937e-8,1,4.993710334133539e-8,-0.05890164151787758,4.4991477210487577e-8,-0.9982637763023377],8,1.6498994827270508],[[759.1649169921875,222.88145446777345,47.03498458862305,-0.9982647895812988,-6.199599766887332e-8,0.058884743601083758,-5.983920914331975e-8,1,3.839066664568236e-8,-0.058884743601083758,3.4800436310433727e-8,-0.9982647895812988],8,1.6613774299621583],[[758.96533203125,222.8837127685547,47.02320861816406,-0.9982646107673645,-3.8717459460713147e-8,0.058887362480163577,-3.7200795333092176e-8,1,2.685157696191709e-8,-0.058887362480163577,2.461432302425237e-8,-0.9982646107673645],8,1.6818580627441407],[[758.6326904296875,222.88580322265626,47.00358200073242,-0.998264491558075,4.704100303731806e-11,0.05889022350311279,4.975950207430913e-10,1,7.636079324413459e-9,-0.05889022350311279,7.652130484814279e-9,-0.998264491558075],8,1.696364164352417],[[758.3665771484375,222.88665771484376,46.98788070678711,-0.9982643723487854,3.102888612716015e-8,0.058891408145427707,3.062730868919061e-8,1,-7.72158248452115e-9,-0.058891408145427707,-5.904496003239501e-9,-0.9982643723487854],8,1.7173840999603272],[[757.9674072265625,222.8872528076172,46.96432876586914,-0.9982643127441406,7.745203589593075e-8,0.058892834931612018,7.577357052923617e-8,1,-3.073353482818675e-8,-0.058892834931612018,-2.6217671589279236e-8,-0.9982643127441406],8,1.736058235168457],[[757.767822265625,222.8874053955078,46.952552795410159,-0.9980522990226746,1.0073249967490483e-7,0.06238304823637009,9.828467284478393e-8,1,-4.230723504861089e-8,-0.06238304823637009,-3.609353527167514e-8,-0.9980522990226746],8,1.747004747390747],[[757.634765625,222.88746643066407,46.94435501098633,-0.997591495513916,1.0000326255976688e-7,0.06936328113079071,9.726332450554765e-8,1,-4.287854338258512e-8,-0.06936328113079071,-3.6028769301310606e-8,-0.997591495513916],8,1.758577823638916],[[757.4351806640625,222.8875274658203,46.93076705932617,-0.9973426461219788,7.402272927947706e-8,0.0728534534573555,7.182532613114745e-8,1,-3.278181281984871e-8,-0.0728534534573555,-2.746197580449916e-8,-0.9973426461219788],8,1.770143747329712],[[757.2357788085938,222.8875732421875,46.91633987426758,-0.9966686367988586,4.817039922500044e-8,0.08155778050422669,4.649268348089208e-8,1,-2.246999386557036e-8,-0.08155778050422669,-1.8603298457264829e-8,-0.9966686367988586],8,1.7822186946868897],[[757.036376953125,222.88760375976563,46.900367736816409,-0.9962281584739685,2.2194548421339279e-8,0.08677224814891815,2.1230544433592514e-8,1,-1.2032444374199258e-8,-0.08677224814891815,-1.0144837858661049e-8,-0.9962281584739685],8,1.7969565391540528],[[756.837158203125,222.88760375976563,46.88323211669922,-0.9955974817276001,-3.790924907320914e-9,0.09373152256011963,-3.941887261049715e-9,1,-1.4254318836393055e-9,-0.09373152256011963,-1.7886355729856974e-9,-0.9955974817276001],8,1.8088059425354005],[[756.6380004882813,222.88760375976563,46.86476135253906,-0.995431661605835,-2.982688940278422e-8,0.09547676146030426,-2.9079547658739103e-8,1,9.218863006310585e-9,-0.09547676146030426,6.400326491018404e-9,-0.995431661605835],8,1.8206229209899903],[[756.43896484375,222.88760375976563,46.84574508666992,-0.9952627420425415,-5.5860478909153247e-8,0.09722169488668442,-5.418240789367701e-8,1,1.9900358694258103e-8,-0.09722169488668442,1.4538380277429042e-8,-0.9952627420425415],8,1.83345627784729],[[756.2399291992188,222.88760375976563,46.82637023925781,-0.9952627420425415,-8.186621869299415e-8,0.09722169488668442,-7.926917788836363e-8,1,3.057500919112499e-8,-0.09722169488668442,2.2723481762909615e-8,-0.9952627420425415],8,1.8451290130615235],[[756.0408935546875,222.88760375976563,46.80693054199219,-0.9952627420425415,-1.0785528559154045e-7,0.09722169488668442,-1.0433987540636736e-7,1,4.124281716144651e-8,-0.09722169488668442,3.09033403311787e-8,-0.9952627420425415],8,1.856842279434204],[[755.908203125,222.88760375976563,46.793968200683597,-0.9952627420425415,-9.174317483484629e-8,0.09722169488668442,-8.872520851355148e-8,1,3.536533199621772e-8,-0.09722169488668442,2.6571782996143157e-8,-0.9952627420425415],8,1.8676929473876954],[[755.7091674804688,222.88760375976563,46.7745246887207,-0.9952627420425415,-6.75879192613138e-8,0.09722193330526352,-6.531572438461808e-8,1,2.6553808041285266e-8,-0.09722193330526352,2.007789490221512e-8,-0.9952627420425415],8,1.8806970119476319],[[755.5101318359375,222.88760375976563,46.75508117675781,-0.9952627420425415,-4.344813575585249e-8,0.09722193330526352,-4.1921239812836578e-8,1,1.7747934677458944e-8,-0.09722193330526352,1.3588193681357552e-8,-0.9952627420425415],8,1.8915691375732422],[[755.1784057617188,222.88760375976563,46.72267532348633,-0.9950907230377197,-3.273290749561397e-9,0.0989668071269989,-2.989509528816825e-9,1,3.0157327746138664e-9,-0.0989668071269989,2.7050655049265517e-9,-0.9950907230377197],8,1.9130268096923829],[[754.9793701171875,222.88760375976563,46.70294952392578,-0.9950907230377197,2.0825268620683347e-8,0.0989668071269989,2.0349574469946675e-8,1,-5.816037429440257e-9,-0.0989668071269989,-3.773552581520789e-9,-0.9950907230377197],8,1.927919864654541],[[754.7139892578125,222.88760375976563,46.67656326293945,-0.9950907230377197,5.2932662697458e-8,0.0989668071269989,5.1445091742152729e-8,1,-1.7582928890647055e-8,-0.0989668071269989,-1.2405253713154707e-8,-0.9950907230377197],8,1.9445087909698487],[[754.4486083984375,222.88760375976563,46.65016555786133,-0.9950907230377197,8.501262982463231e-8,0.0989668071269989,8.251404892689607e-8,1,-2.9339769724856525e-8,-0.0989668071269989,-2.1029581631637485e-8,-0.9950907230377197],8,1.9646291732788087],[[754.1832275390625,222.88760375976563,46.6237678527832,-0.9949164390563965,1.1710177005852529e-7,0.10070379078388214,1.1353590423368587e-7,1,-4.1140737039313538e-8,-0.10070379078388214,-2.9498101739022787e-8,-0.9949164390563965],8,1.9772963523864747],[[753.9178466796875,222.88760375976563,46.596981048583987,-0.994558572769165,7.892661102459897e-8,0.10417919605970383,7.641621380116703e-8,1,-2.8088251724511794e-8,-0.10417919605970383,-1.9974430998104255e-8,-0.994558572769165],8,1.9934253692626954],[[753.718994140625,222.88760375976563,46.57627868652344,-0.9939993619918823,5.034345917920291e-8,0.10938587039709091,4.8648864492406577e-8,1,-1.8160660530952556e-8,-0.10938587039709091,-1.273018757075306e-8,-0.9939993619918823],8,2.0046846866607668],[[753.5201416015625,222.88760375976563,46.55460739135742,-0.9938064217567444,2.1697381669127936e-8,0.11112519353628159,2.091671724713251e-8,1,-8.190888856063339e-9,-0.11112519353628159,-5.815783854501433e-9,-0.9938064217567444],8,2.0154571533203127],[[753.3875732421875,222.88760375976563,46.539859771728519,-0.9934114813804627,2.6156263821519589e-9,0.11460209637880326,2.461856718483091e-9,1,-1.483304257199336e-9,-0.11460209637880326,-1.1913975361821372e-9,-0.9934114813804627],8,2.025920867919922],[[753.1889038085938,222.88760375976563,46.51708221435547,-0.9923731088638306,-2.601172077731917e-8,0.12327051162719727,-2.5116795754343003e-8,1,8.813859864176266e-9,-0.12327051162719727,5.650477419294475e-9,-0.9923731088638306],8,2.0376579761505129],[[752.9904174804688,222.88760375976563,46.49276351928711,-0.9917125105857849,-5.4660311832321898e-8,0.1284768283367157,-5.26233847608637e-8,1,1.9248924232329047e-8,-0.1284768283367157,1.2328513321335777e-8,-0.9917125105857849],8,2.049621105194092],[[752.7920532226563,222.88760375976563,46.46728515625,-0.9903109669685364,-8.338751911196596e-8,0.13886761665344239,-8.000149875897478e-8,1,2.9964944303628729e-8,-0.13886761665344239,1.856499309838e-8,-0.9903109669685364],8,2.06129789352417],[[752.5939331054688,222.88760375976563,46.43991470336914,-0.9895700216293335,-1.1206623895532175e-7,0.14405252039432527,-1.0730560262572908e-7,1,4.081725180071771e-8,-0.14405252039432527,2.4933886066946799e-8,-0.9895700216293335],8,2.0725648403167726],[[752.39599609375,222.88760375976563,46.41132354736328,-0.9871841669082642,-8.811765184191245e-8,0.15958507359027863,-8.40055136563933e-8,1,3.251393820846715e-8,-0.15958507359027863,1.8691219239030944e-8,-0.9871841669082642],8,2.085780143737793],[[752.198486328125,222.88760375976563,46.380008697509769,-0.9857519865036011,-6.396665241936717e-8,0.1682051718235016,-6.079376646539458e-8,1,2.4012797084083105e-8,-0.1682051718235016,1.3444837243525854e-8,-0.9857519865036011],8,2.0978143215179445],[[752.0670166015625,222.88760375976563,46.357906341552737,-0.9820092916488648,-4.803578335099701e-8,0.1888326108455658,-4.5449667140928798e-8,1,1.8025419379341657e-8,-0.1888326108455658,9.118750199377246e-9,-0.9820092916488648],8,2.1106040477752687],[[751.8704833984375,222.88760375976563,46.32097244262695,-0.979276716709137,-2.387342412646376e-8,0.20252670347690583,-2.2573402702619206e-8,1,8.728807010527362e-9,-0.20252670347690583,3.976201146116409e-9,-0.979276716709137],8,2.122164726257324],[[751.6744995117188,222.88760375976563,46.281028747558597,-0.9724243879318237,2.8279595332136866e-10,0.23321837186813355,-1.5233817679538576e-11,1,-1.276098782199142e-9,-0.23321837186813355,-1.244462422000936e-9,-0.9724243879318237],8,2.1344704627990724],[[751.0908203125,222.88760375976563,46.14235305786133,-0.9682025909423828,7.30194926745753e-8,0.25016751885414126,6.703864130486181e-8,1,-3.242828583438495e-8,-0.25016751885414126,-1.4626259314809431e-8,-0.9682025909423828],8,2.1745986938476564],[[750.7678833007813,222.88760375976563,46.05963897705078,-0.9220342040061951,1.1471481542457696e-7,0.3871084451675415,1.0114006698813682e-7,1,-5.543721570688831e-8,-0.3871084451675415,-1.19628351669121e-8,-0.9220342040061951],8,2.196301221847534],[[750.5812377929688,222.88760375976563,45.98866653442383,-0.9038410782814026,8.727221256776829e-8,0.42786839604377749,7.584640115965158e-8,1,-4.374971851461851e-8,-0.42786839604377749,-7.090515286023447e-9,-0.9038410782814026],8,2.204545259475708],[[750.4597778320313,222.88760375976563,45.93373107910156,-0.8947812914848328,6.883801972890069e-8,0.44650471210479739,5.922424506366042e-8,1,-3.548735705294348e-8,-0.44650471210479739,-5.3095190466478929e-9,-0.8947812914848328],8,2.2149271965026857],[[750.2802734375,222.88760375976563,45.845558166503909,-0.8853362798690796,4.110459173034542e-8,0.4649512469768524,3.45840547311127e-8,1,-2.2553059864094395e-8,-0.4649512469768524,-3.887141719616238e-9,-0.8853362798690796],8,2.2256126403808595],[[750.102783203125,222.88760375976563,45.75335693359375,-0.8720651268959045,1.338581778753678e-8,0.4893898367881775,1.0332978028770868e-8,1,-8.939270657037924e-9,-0.4893898367881775,-2.738772097998776e-9,-0.8720651268959045],8,2.236541748046875],[[749.9278564453125,222.88760375976563,45.656455993652347,-0.8686341047286987,-1.4388608526871849e-8,0.4954541325569153,-1.3806660703608032e-8,1,4.835305933426071e-9,-0.4954541325569153,-2.6404556319192808e-9,-0.8686341047286987],8,2.2478790283203127],[[749.8119506835938,222.88760375976563,45.59065246582031,-0.8686367869377136,-3.290752204065939e-8,0.495449423789978,-2.989118641494315e-8,1,1.4013416205216345e-8,-0.495449423789978,-2.637001506045067e-9,-0.8686367869377136],8,2.2588045597076418],[[749.63818359375,222.88760375976563,45.491600036621097,-0.8695006370544434,-6.067558899758296e-8,0.4939318001270294,-5.4029083429441019e-8,1,2.7731084983884103e-8,-0.4939318001270294,-2.5744866238852639e-9,-0.8695006370544434],8,2.270810842514038],[[749.406494140625,223.75050354003907,45.35948944091797,-0.8779960870742798,-9.770164410838334e-8,0.47866779565811159,-8.650324190284664e-8,1,4.544306975162726e-8,-0.47866779565811159,-1.5074795856051538e-9,-0.8779960870742798],3,2.288285493850708],[[749.2312622070313,224.36190795898438,45.26312255859375,-0.861778199672699,-1.2561510231989815e-7,0.5072852969169617,-1.076379874120903e-7,1,6.476638247931987e-8,-0.5072852969169617,1.2110868974346545e-9,-0.861778199672699],5,2.3105852603912355],[[748.9345703125,225.3127899169922,45.11124801635742,-0.8276110887527466,-1.3892930894598977e-7,0.5613018870353699,-1.0940790673430456e-7,1,8.61962163867247e-8,-0.5613018870353699,9.926076849353649e-9,-0.8276110887527466],5,2.3200905323028566],[[748.8143310546875,225.6693115234375,45.05371856689453,-0.8830377459526062,-1.2094643864202227e-7,0.4693019390106201,-9.180546101106302e-8,1,8.497461578826915e-8,-0.4693019390106201,3.195131625943759e-8,-0.8830377459526062],5,2.3313207626342775],[[748.5714111328125,226.34146118164063,44.9437141418457,-0.8649923205375671,-8.967275988425172e-8,0.5017850995063782,-5.703944339074951e-8,1,8.038118437525554e-8,-0.5017850995063782,4.090756888786018e-8,-0.8649923205375671],5,2.343716621398926],[[748.4486694335938,226.65708923339845,44.891754150390628,-0.9047561883926392,-6.910026684181503e-8,0.4259299039840698,-3.967962314277429e-8,1,7.79468223299773e-8,-0.4259299039840698,5.3622130735675458e-8,-0.9047561883926392],5,2.3557257652282717],[[748.2627563476563,227.10499572753907,44.81797790527344,-0.9091088175773621,-4.317197621617197e-8,0.41655874252319338,-1.3736863202495897e-8,1,7.365989063146117e-8,-0.41655874252319338,6.124264473328367e-8,-0.9091088175773621],5,2.367387533187866],[[748.0740966796875,227.52224731445313,44.75162887573242,-0.9190205335617065,-1.5794244134781367e-8,0.39420971274375918,1.2141708971569188e-8,1,6.837153421201947e-8,-0.39420971274375918,6.762122239933888e-8,-0.9190205335617065],5,2.3783628940582277],[[747.947265625,227.7833709716797,44.7106819152832,-0.9504851698875427,7.867024365282305e-9,0.3107699453830719,2.9584592553533186e-8,1,6.516939521361565e-8,-0.3107699453830719,7.113654731938368e-8,-0.9504851698875427],5,2.3898696899414064],[[747.689453125,228.2647705078125,44.64262008666992,-0.938959538936615,4.097583072848465e-8,0.34402763843536379,6.429607424252026e-8,1,5.6377970736321006e-8,-0.34402763843536379,7.505625632120427e-8,-0.938959538936615],5,2.4021801948547365],[[747.29931640625,228.88467407226563,44.55486297607422,-0.9508669972419739,9.873117079450822e-8,0.3095995783805847,1.170987360410436e-7,1,4.074344772675431e-8,-0.3095995783805847,7.499532017618549e-8,-0.9508669972419739],5,2.435626268386841],[[746.9204711914063,229.3819580078125,44.51914596557617,-0.9828334450721741,1.472471069519088e-7,0.18449507653713227,1.5416554788316717e-7,1,2.315479541437071e-8,-0.18449507653713227,5.1200089501435289e-8,-0.9828334450721741],5,2.463912010192871