[[[776,222.69961547851563,47,1,-1.1479936112834821e-8,-6.172078364889699e-15,1.1479936112834821e-8,1,8.394114736631764e-9,6.075714391095893e-15,-8.394114736631764e-9,1],8,0.005262136459350586],[[776,222.69961547851563,47,1,-3.537041948220576e-8,-6.741150674238923e-15,3.537041948220576e-8,1,2.586279457261753e-8,5.826372878896171e-15,-2.586279457261753e-8,1],8,0.02749776840209961],[[775.9044799804688,222.69961547851563,46.86960220336914,0.9983072280883789,-5.6572318385406109e-8,0.05816076323390007,5.361433252915049e-8,1,5.241922806931143e-8,-0.05816076323390007,-4.921224316944972e-8,0.9983072280883789],8,0.04132485389709473],[[775.7883911132813,222.69961547851563,46.71103286743164,0.9933939576148987,-6.661861107204459e-8,0.11475370079278946,5.684435322450554e-8,1,8.844833132570784e-8,-0.11475370079278946,-8.134094287015614e-8,0.9933939576148987],8,0.0583643913269043],[[775.5916137695313,222.69961547851563,46.44227600097656,0.9793651103973389,-2.6609734860016944e-8,0.20209892094135285,8.070551338335008e-9,1,9.255723654177928e-8,-0.20209892094135285,-8.90162823452556e-8,0.9793651103973389],8,0.0719001293182373],[[775.4341430664063,222.69961547851563,46.22715377807617,0.9652425646781921,7.864650264366447e-9,0.26135578751564028,-3.4262413350916179e-8,1,9.64466408959197e-8,-0.26135578751564028,-1.0204907852084944e-7,0.9652425646781921],8,0.08604884147644043],[[775.2766723632813,222.69961547851563,46.01202392578125,0.9503659605979919,3.340643317528702e-8,0.31113430857658389,-5.6627143862897358e-8,1,6.559892540280998e-8,-0.31113430857658389,-7.996163731149864e-8,0.9503659605979919],8,0.10300564765930176],[[775.1192016601563,222.69961547851563,45.796897888183597,-0.6702301502227783,-7.771473775619597e-8,0.7421533465385437,-3.836473894125447e-8,1,7.006845237356174e-8,-0.7421533465385437,1.848946773463922e-8,-0.6702301502227783],8,0.12110614776611328],[[774.9617309570313,222.69961547851563,45.581764221191409,-0.6159982681274414,-1.0557176466363672e-7,0.7877475023269653,-3.0535431960743156e-8,1,1.1013934653192337e-7,-0.7877475023269653,4.379143803134866e-8,-0.6159982681274414],8,0.14437437057495118],[[774.8042602539063,222.69961547851563,45.36663055419922,-0.5771963000297546,-7.155500725275488e-8,0.8166054487228394,-9.118904742422274e-9,1,8.117948624430938e-8,-0.8166054487228394,3.940995085827126e-8,-0.5771963000297546],8,0.15584754943847657],[[774.6502075195313,222.69961547851563,45.14895248413086,-0.5553532838821411,-3.653576285955751e-8,0.8316144943237305,1.1715300729520095e-8,1,5.175702355586509e-8,-0.8316144943237305,3.8486049902530797e-8,-0.5553532838821411],8,0.1750495433807373],[[774.5013427734375,222.69961547851563,44.92770004272461,-0.5376017093658447,-1.3280431199191867e-9,0.8431988954544067,3.1921658205646966e-8,1,2.1927425208900787e-8,-0.8431988954544067,3.870452758292231e-8,-0.5376017093658447],8,0.187178373336792],[[774.3572387695313,222.69961547851563,44.70330810546875,-0.531674325466156,3.43859021256776e-8,0.8469488620758057,5.190245033759311e-8,1,-8.017842390017904e-9,-0.8469488620758057,3.9695841280718017e-8,-0.531674325466156],8,0.20433855056762696],[[774.2152099609375,222.69961547851563,44.47760772705078,-0.5316716432571411,7.034052629251164e-8,0.8469505906105042,7.186611838960744e-8,1,-3.793768854620794e-8,-0.8469505906105042,4.069665848760451e-8,-0.5316716432571411],8,0.21880125999450684],[[774.0733642578125,222.69961547851563,44.25175857543945,-0.5463818311691284,1.0696457763970102e-7,0.8375362157821655,9.233176001544052e-8,1,-6.747908543047743e-8,-0.8375362157821655,4.046184187700419e-8,-0.5463818311691284],8,0.23664522171020509],[[773.92822265625,222.69961547851563,44.028045654296878,-0.5493058562278748,7.599152240800322e-8,0.8356213569641113,5.944901104726341e-8,1,-5.186060292317052e-8,-0.8356213569641113,2.11895301305276e-8,-0.5493058562278748],8,0.2535128593444824],[[773.7818603515625,222.69961547851563,43.80513381958008,-0.5551305413246155,4.505046646841038e-8,0.8317632079124451,2.6486134174774635e-8,1,-3.6485388932305798e-8,-0.8317632079124451,1.7760383164144856e-9,-0.5551305413246155],8,0.2696216106414795],[[773.6340942382813,222.69961547851563,43.58317565917969,-0.562373697757721,1.4003570747433969e-8,0.8268831968307495,-6.581494904622787e-9,1,-2.141152499746113e-8,-0.8268831968307495,-1.7483406722362816e-8,-0.562373697757721],8,0.28804874420166018],[[773.4844360351563,222.69961547851563,43.36248016357422,-0.5781581401824951,-1.736909815974741e-8,0.8159247636795044,-3.990415819998816e-8,1,-6.988162493115624e-9,-0.8159247636795044,-3.659905090103166e-8,-0.5781581401824951],8,0.31066036224365237],[[773.3308715820313,222.69961547851563,43.144466400146487,-0.5979337692260742,-4.9266343893350498e-8,0.8015455007553101,-7.354072550924684e-8,1,6.604562674539238e-9,-0.8015455007553101,-5.499714816892265e-8,-0.5979337692260742],8,0.32020068168640139],[[773.1721801757813,222.69961547851563,42.93014907836914,-0.6242019534111023,-8.204530388411513e-8,0.7812630534172058,-1.0758069635130596e-7,1,1.9063003620090059e-8,-0.7812630534172058,-7.21496604683125e-8,-0.6242019534111023],8,0.33615994453430178],[[773.0067749023438,222.69961547851563,42.721004486083987,-0.6550774574279785,-7.239744803655413e-8,0.7555617690086365,-8.892977376717681e-8,1,1.8716617589120689e-8,-0.7555617690086365,-5.493109966892007e-8,-0.6550774574279785],8,0.353924036026001],[[772.833251953125,222.69961547851563,42.518497467041019,-0.6836199164390564,-4.751353799292701e-8,0.7298382520675659,-5.2458283050782487e-8,1,1.5965200717005247e-8,-0.7298382520675659,-2.7371932276309964e-8,-0.6836199164390564],8,0.3711123466491699],[[772.652099609375,222.69961547851563,42.322845458984378,-0.7111532092094421,-2.16123048346617e-8,0.7030370831489563,-1.5939248143581609e-8,1,1.461808807334819e-8,-0.7030370831489563,-8.101824766626464e-10,-0.7111532092094421],8,0.3865063190460205],[[772.463623046875,222.69961547851563,42.13429260253906,-0.7364546656608582,5.267213776249946e-9,0.6764868497848511,2.0573391878997428e-8,1,1.461101106770002e-8,-0.6764868497848511,2.467797699523544e-8,-0.7364546656608582],8,0.40347766876220705],[[772.2682495117188,222.69961547851563,41.95283508300781,-0.7584972977638245,3.2954918793848267e-8,0.6516762375831604,5.703496697151422e-8,1,1.581452302445996e-8,-0.6516762375831604,4.916360296647326e-8,-0.7584972977638245],8,0.418973445892334],[[772.06689453125,222.69961547851563,41.77806091308594,-0.7883740663528442,6.20846023480226e-8,0.615196168422699,9.336821449323907e-8,1,1.8733002704607317e-8,-0.615196168422699,7.220837971999572e-8,-0.7883740663528442],8,0.43701171875],[[771.85791015625,222.69961547851563,41.6125602722168,-0.8083521127700806,6.676059882693153e-8,0.5886992812156677,9.492578811887143e-8,1,1.6940500557893757e-8,-0.5886992812156677,6.957662890272332e-8,-0.8083521127700806],8,0.4531433582305908],[[771.64794921875,223.56251525878907,41.44831466674805,-0.8303734064102173,4.719579749234981e-8,0.5572073459625244,6.218918002787177e-8,1,7.976288074473814e-9,-0.5572073459625244,4.127556607613769e-8,-0.8303734064102173],3,0.4724736213684082],[[771.4287109375,224.37091064453126,41.29673385620117,-0.8003599643707275,1.1875833649810375e-8,0.5995197296142578,2.2309476932491635e-8,1,9.974281844904454e-9,-0.5995197296142578,2.1357987378678446e-8,-0.8003599643707275],5,0.4914360046386719],[[771.2024536132813,225.1248016357422,41.15576171875,-0.80258709192276,-8.389665850927486e-8,0.5965349674224854,-4.8288697485077139e-8,1,7.567162896293667e-8,-0.5965349674224854,3.192717912270382e-8,-0.80258709192276],5,0.5046994686126709],[[770.9706420898438,225.82420349121095,41.02402877807617,-0.8235116004943848,-1.3126555131748319e-7,0.5672994256019592,-7.690346137678716e-8,1,1.197509646999606e-7,-0.5672994256019592,5.4989019560025557e-8,-0.8235116004943848],5,0.5189533233642578],[[770.7337036132813,226.46910095214845,40.90171432495117,-0.8453680872917175,-1.313240005629268e-7,0.5341842770576477,-7.04447202792835e-8,1,1.3435865753308463e-7,-0.5341842770576477,7.595206596988646e-8,-0.8453680872917175],5,0.5364160537719727],[[770.4920043945313,227.0594940185547,40.789005279541019,-0.8669847249984741,-1.243258793692803e-7,0.49833473563194277,-5.876239583813003e-8,1,1.4724997754456127e-7,-0.49833473563194277,9.83801342613333e-8,-0.8669847249984741],5,0.5535545349121094],[[770.249267578125,227.5953826904297,40.70236587524414,-0.8950404524803162,-1.1076433281687059e-7,0.44598501920700076,-5.0360714709540846e-8,1,1.4729072006502975e-7,-0.44598501920700076,1.0937102246089126e-7,-0.8950404524803162],5,0.5711584091186523],[[770.0064697265625,228.0767822265625,40.65544128417969,-0.9168024063110352,-1.0731201172120564e-7,0.3993411064147949,-5.0570292842166967e-8,1,1.5262402541793564e-7,-0.3993411064147949,1.1973128266618006e-7,-0.9168024063110352],5,0.593308687210083],[[769.7650146484375,228.50367736816407,40.6482048034668,-0.9408411383628845,-9.500924136318645e-8,0.3388479948043823,-4.801346875638046e-8,1,1.4707536877267558e-7,-0.3388479948043823,1.2210529121148284e-7,-0.9408411383628845],5,0.6031932830810547],[[769.5267333984375,228.87606811523438,40.680545806884769,-0.9483426213264465,-9.569955494725946e-8,0.3172478973865509,-5.104368838715345e-8,1,1.4907158174537472e-7,-0.3172478973865509,1.2517743641637936e-7,-0.9483426213264465],5,0.6196718215942383],[[769.293212890625,229.1939697265625,40.75232696533203,-0.9606806039810181,-9.60177573006149e-8,0.27765586972236636,-5.4605134636176447e-8,1,1.5688364385368914e-7,-0.27765586972236636,1.3555363409523125e-7,-0.9606806039810181],5,0.6378529071807861],[[769.0664672851563,229.45736694335938,40.86321258544922,-0.9674293398857117,-9.246278409591469e-8,0.25314125418663027,-5.6227829503541218e-8,1,1.5037585399113596e-7,-0.25314125418663027,1.3124441977652169e-7,-0.9674293398857117],5,0.654726505279541],[[768.8626098632813,229.666259765625,41.00358200073242,-0.9874476194381714,-7.930996304139626e-8,0.15794673562049867,-6.037719657570051e-8,1,1.2466637144825655e-7,-0.15794673562049867,1.1356512885640768e-7,-0.9874476194381714],5,0.6774196624755859],[[768.6908569335938,229.82064819335938,41.16744613647461,-0.9947731494903565,-6.66916761815628e-8,0.10210979729890824,-5.8401251834538928e-8,1,8.41807406004591e-8,-0.10210979729890824,7.77773934146353e-8,-0.9947731494903565],5,0.6919107437133789],[[768.551513671875,229.92054748535157,41.35416030883789,-0.9974699020385742,-5.861594587486252e-8,0.07108978927135468,-5.564797689316947e-8,1,4.373011108782521e-8,-0.07108978927135468,3.9663468953676787e-8,-0.9974699020385742],5,0.7044775485992432],[[768.4453125,229.9659423828125,41.56284713745117,-0.9990827441215515,-5.195937902158221e-8,0.0428212508559227,-5.185959750519942e-8,1,3.4410505556081718e-9,-0.0428212508559227,1.2172014507427776e-9,-0.9990827441215515],5,0.7198305130004883],[[768.3729248046875,229.9568328857422,41.792354583740237,-0.9998378157615662,-4.648745743907057e-8,0.01800820603966713,-4.715572643476662e-8,1,-3.66843444510323e-8,-0.01800820603966713,-3.752758814812296e-8,-0.9998378157615662],5,0.7375447750091553],[[768.3353271484375,229.8932342529297,42.041099548339847,-1,-4.178523838049841e-8,-0.0002259687753394246,-4.1767908243173227e-8,1,-7.669498103268779e-8,0.0002259687753394246,-7.66855450251569e-8,-1],5,0.753563404083252],[[768.329345703125,229.77513122558595,42.30485534667969,-0.9999127388000488,-3.739851450745846e-8,-0.01321222260594368,-3.586082186757267e-8,1,-1.1662088894581757e-7,0.01321222260594368,-1.1613690986678194e-7,-0.9999127388000488],5,0.7700531482696533],[[768.332763671875,229.60252380371095,42.571434020996097,-0.9996709227561951,-3.347252075514007e-8,-0.02565317042171955,-2.9468996132209214e-8,1,-1.5644157258520864e-7,0.02565317042171955,-1.5563411182029086e-7,-0.9996709227561951],5,0.7859463691711426],[[768.339599609375,229.37542724609376,42.838008880615237,-0.9993401765823364,-1.9853883870268875e-8,-0.03632128983736038,-1.5312927814647993e-8,1,-1.2530007609257155e-7,0.03632128983736038,-1.2466121290799493e-7,-0.9993401765823364],5,0.8038358688354492],[[768.3493041992188,229.0938262939453,43.10449981689453,-0.9989017248153687,-5.8855391671386318e-9,-0.046853967010974887,-1.4806257331301254e-9,1,-9.404837442161807e-8,0.046853967010974887,-9.387571253682836e-8,-0.9989017248153687],5,0.8199443817138672],[[768.3565063476563,229.04940795898438,43.2687873840332,-0.998855710029602,9.400806355586156e-9,-0.047825366258621219,1.2419612005487579e-8,1,-6.28242702305215e-8,0.047825366258621219,-6.334635571647596e-8,-0.998855710029602],7,0.837120532989502],[[768.3628540039063,229.04852294921876,43.40037155151367,-0.9987512230873108,2.4663089348564428e-8,-0.04996002838015556,2.6274530995351598e-8,1,-3.159788164452948e-8,0.04996002838015556,-3.2871099620024327e-8,-0.9987512230873108],7,0.8536558151245117],[[768.3694458007813,229.0485076904297,43.53230285644531,-0.9986600875854492,3.999117481612302e-8,-0.05174983665347099,4.006415466051294e-8,1,-3.7291050802856775e-10,0.05174983665347099,-2.4457245118014727e-9,-0.9986600875854492],8,0.8693094253540039],[[768.3762817382813,229.06277465820313,43.664390563964847,-0.9984729290008545,5.53563914706956e-8,-0.05524318665266037,5.373289369003942e-8,1,3.087350819441781e-8,0.05524318665266037,2.7857986140134018e-8,-0.9984729290008545],8,0.8868272304534912],[[768.3817138671875,229.06593322753907,43.76309585571289,-0.9984728693962097,6.687830023111019e-8,-0.0552438385784626,6.397677054792439e-8,1,5.4290822504299288e-8,0.0552438385784626,5.067359154509177e-8,-0.9984728693962097],8,0.9021236896514893],[[768.390869140625,229.1009979248047,43.92746353149414,-0.9984728693962097,7.44733412716414e-8,-0.055243827402591708,7.018046233042696e-8,1,7.964791848280584e-8,0.055243827402591708,7.564925397218758e-8,-0.9984728693962097],8,0.9203195571899414],[[768.398193359375,229.96389770507813,44.0589485168457,-0.9984728693962097,4.346593485138328e-8,-0.055243827402591708,4.0417990732066758e-8,1,5.628984212080468e-8,0.055243827402591708,5.3971035640643097e-8,-0.9984728693962097],3,0.9379792213439941],[[768.4068603515625,230.7722930908203,44.21522903442383,-0.9984728693962097,1.2485029898812173e-8,-0.055243827402591708,1.0680961892717278e-8,1,3.2951721351537347e-8,0.055243827402591708,3.2311344710933557e-8,-0.9984728693962097],5,0.961357593536377],[[768.417724609375,231.52618408203126,44.411170959472659,-0.9984728693962097,-1.8469398455067677e-8,-0.055243827402591708,-1.903065438568774e-8,1,9.633551734111734e-9,0.055243827402591708,1.0670166084025823e-8,-0.9984728693962097],5,0.9755094051361084],[[768.4307861328125,232.2255859375,44.64677429199219,-0.9984728693962097,-4.9397371526538339e-8,-0.055243827402591708,-4.871687764307353e-8,1,-1.3664688935932645e-8,0.055243827402591708,-1.0952514450934814e-8,-0.9984728693962097],5,0.9861469268798828],[[768.4453735351563,232.8704833984375,44.91071319580078,-0.9984728693962097,-8.029891063188188e-8,-0.055243827402591708,-7.837773097207901e-8,1,-3.694301398127209e-8,0.055243827402591708,-3.255671288115991e-8,-0.9984728693962097],5,1.0030720233917237],[[768.4600219726563,233.46087646484376,45.17692947387695,-0.9984728693962097,-1.1117404596916458e-7,-0.055243827402591708,-1.0801323213627256e-7,1,-6.020144383001025e-8,0.055243827402591708,-5.414244341750418e-8,-0.9984728693962097],5,1.023468255996704],[[768.4746704101563,233.99676513671876,45.44319152832031,-0.9984728693962097,-1.420227846438138e-7,-0.055243827402591708,-1.3762340245193628e-7,1,-8.343998558757448e-8,0.055243827402591708,-7.570972115900077e-8,-0.9984728693962097],5,1.0453717708587647],[[768.4893188476563,234.47816467285157,45.70945739746094,-0.9984728693962097,-1.1070210348407272e-7,-0.055243827402591708,-1.0710802911262363e-7,1,-6.801921870192018e-8,0.055243827402591708,-6.199829272190982e-8,-0.9984728693962097],5,1.0545175075531006],[[768.5039672851563,234.90505981445313,45.97572326660156,-0.9984728693962097,-7.940818846918774e-8,-0.055243827402591708,-7.661872558628602e-8,1,-5.261163593672791e-8,0.055243827402591708,-4.829858113453156e-8,-0.9984728693962097],5,1.075751781463623],[[768.5186157226563,235.27745056152345,46.24198913574219,-0.9984728693962097,-4.8141025388304118e-8,-0.055243827402591708,-4.615548832020977e-8,1,-3.721722308114295e-8,0.055243827402591708,-3.4610582844152307e-8,-0.9984728693962097],5,1.088700532913208],[[768.5332641601563,235.59535217285157,46.50825500488281,-0.9984728693962097,-1.6900580490641916e-8,-0.055243827402591708,-1.5718281787258094e-8,1,-2.1835965924310586e-8,0.055243827402591708,-2.09342818635605e-8,-0.9984728693962097],5,1.1055715084075928],[[768.5479125976563,235.85874938964845,46.77452087402344,-0.9984728693962097,1.4313163987367261e-8,-0.055243827402591708,1.4692910887958988e-8,1,-6.467854696268205e-9,0.055243827402591708,-7.269670199150369e-9,-0.9984728693962097],5,1.1244981288909913],[[768.5625610351563,236.06764221191407,47.04078674316406,-0.9984728693962097,4.550023291471916e-8,-0.055243827402591708,4.50781136862588e-8,1,8.88712126112523e-9,0.055243827402591708,6.383262363129916e-9,-0.9984728693962097],5,1.136518955230713],[[768.5772094726563,236.22203063964845,47.30705261230469,-0.9984728693962097,7.666064760769587e-8,-0.055243827402591708,7.543734881210185e-8,1,2.4228974382367597e-8,0.055243827402591708,2.002452603733218e-8,-0.9984728693962097],5,1.1541731357574463],[[768.5918579101563,236.32192993164063,47.57331848144531,-0.9984728693962097,1.0779444892250467e-7,-0.055244043469429019,1.0577063846994861e-7,1,3.955772243102729e-8,0.055244043469429019,3.3654114162118279e-8,-0.9984728693962097],5,1.1701161861419678],[[768.6065063476563,236.36732482910157,47.83958435058594,-0.9984728693962097,1.3890162620100455e-7,-0.05524403974413872,1.360780146342222e-7,1,5.487337162435324e-8,0.05524403974413872,4.727207425503366e-8,-0.9984728693962097],5,1.186131238937378],[[768.6211547851563,236.35821533203126,48.10585021972656,-0.9981986284255981,1.3689927413906845e-7,-0.05999569967389107,1.3376960339428479e-7,1,5.618134579776779e-8,0.05999569967389107,4.8054541679221077e-8,-0.9981986284255981],5,1.205890417098999],[[768.6307983398438,236.45242309570313,48.27109146118164,-0.998074471950531,1.0144835727032842e-7,-0.06202743202447891,9.894753816297453e-8,1,4.338958348171218e-8,0.06202743202447891,3.716857222002545e-8,-0.998074471950531],7,1.2267470359802247],[[768.6390991210938,236.63800048828126,48.40497589111328,-0.9979534149169922,6.599392321504638e-8,-0.06394510716199875,6.417077003106897e-8,1,3.0564986985837098e-8,0.06394510716199875,2.6399026964440965e-8,-0.9979534149169922],7,1.236058235168457],[[768.6455078125,236.80117797851563,48.50492477416992,-0.9979521632194519,3.9369616899875839e-8,-0.06396444886922836,3.810729864994755e-8,1,2.095469042728837e-8,0.06396444886922836,1.8474265672807634e-8,-0.9979521632194519],7,1.2553846836090088],[[768.6561889648438,237.07347106933595,48.67149353027344,-0.9979518055915833,-4.967113387266409e-9,-0.06397009640932083,-5.294686022949691e-9,1,4.951192345004074e-9,0.06397009640932083,5.279753079179272e-9,-0.9979518055915833],8,1.2706034183502198],[[768.6647338867188,237.29714965820313,48.80474853515625,-0.9979521632194519,-4.040249379499983e-8,-0.0639645978808403,-3.998294673124292e-8,1,-7.839088489447477e-9,0.0639645978808403,-5.26554222446407e-9,-0.9979521632194519],8,1.2868976593017579],[[768.6732788085938,237.5277862548828,48.93800354003906,-0.9978392124176025,-7.581666494616002e-8,-0.06570305675268173,-7.461924411700238e-8,1,-2.067879734113376e-8,0.06570305675268173,-1.5731403735230743e-8,-0.9978392124176025],8,1.3031785488128663],[[768.6820678710938,237.75909423828126,49.07124328613281,-0.9978387355804443,-1.1119157505845578e-7,-0.06571019440889359,-1.0922583726369339e-7,1,-3.350778143840216e-8,0.06571019440889359,-2.625811212908502e-8,-0.9978387355804443],8,1.3223726749420167],[[768.6908569335938,237.99026489257813,49.20448303222656,-0.9978388547897339,-7.777191513014259e-8,-0.06570829451084137,-7.631381038208929e-8,1,-2.4700495870888518e-8,0.06570829451084137,-1.9632665271274165e-8,-0.9978388547897339],8,1.3436810970306397],[[768.6996459960938,238.22129821777345,49.33772277832031,-0.9980619549751282,-4.4311910585292938e-8,-0.06222761049866676,-4.339941384046142e-8,1,-1.6015487602771829e-8,0.06222761049866676,-1.3283807831498962e-8,-0.9980619549751282],8,1.3531310558319092],[[768.7108154296875,238.45501708984376,49.5152587890625,-0.9985670447349548,-1.0831782581988137e-8,-0.05351519584655762,-1.043867570160728e-8,1,-7.625231113195241e-9,0.05351519584655762,-7.055676487510709e-9,-0.9985670447349548],8,1.3708603382110596],[[768.7185668945313,238.71107482910157,49.65536117553711,-0.9991468787193298,2.2589331294398108e-8,-0.04129767417907715,2.259396936210578e-8,1,3.5442970780508178e-10,0.04129767417907715,-5.789510537645981e-10,-0.9991468787193298],8,1.3947715759277344],[[768.7243041992188,238.9679718017578,49.78804016113281,-0.9996724724769592,5.590116458620287e-8,-0.025591980665922166,5.571959960093409e-8,1,7.807656743352709e-9,0.025591980665922166,6.379124339872533e-9,-0.9996724724769592],8,1.4030685424804688],[[768.7279663085938,239.2161102294922,49.91993713378906,-0.9999998211860657,8.899187520228225e-8,0.0006124954670667648,8.900070014306039e-8,1,1.43846659028668e-8,-0.0006124954670667648,1.4439176077019056e-8,-0.9999998211860657],8,1.420046329498291],[[768.7283935546875,239.45071411132813,50.096073150634769,-0.9977569580078125,1.0391816829269374e-7,0.06694099307060242,1.0523450555410818e-7,1,1.613795319599376e-8,-0.06694099307060242,2.3146256467043714e-8,-0.9977569580078125],8,1.436645269393921],[[768.7178955078125,239.66888427734376,50.27953338623047,-0.9920254349708557,6.694380516591991e-8,0.12603765726089478,6.903709959260596e-8,1,1.2240472635483002e-8,-0.12603765726089478,2.0844135306674617e-8,-0.9920254349708557],8,1.4540741443634034],[[768.6964111328125,239.87721252441407,50.46195602416992,-0.9818134903907776,3.0070477663457498e-8,0.18984805047512055,3.2694632778884628e-8,1,1.0690395235712913e-8,-0.18984805047512055,1.6702985661254389e-8,-0.9818134903907776],8,1.4703776836395264],[[768.6521606445313,240.04150390625,50.699920654296878,-0.9675033688545227,-6.427988807899965e-9,0.2528580129146576,-3.640997059406459e-9,1,1.1489893481098079e-8,-0.2528580129146576,1.0195855715267044e-8,-0.9675033688545227],8,1.4866654872894288],[[768.5907592773438,240.15386962890626,50.944217681884769,-0.9507874250411987,-4.234866679553306e-8,0.3098439872264862,-3.9834127107951647e-8,1,1.4442373519329977e-8,-0.3098439872264862,1.3892623718092523e-9,-0.9507874250411987],8,1.5036756992340088],[[768.5145263671875,240.19606018066407,51.18533706665039,-0.933881402015686,-7.766129783703946e-8,0.35758283734321597,-7.58006137857592e-8,1,1.9219360325450908e-8,-0.35758283734321597,-9.156395641696236e-9,-0.933881402015686],8,1.5207514762878419],[[768.4453125,240.15567016601563,51.37163162231445,-0.9187670946121216,-1.1249736076024419e-7,0.3948000371456146,-1.1151569623280011e-7,1,2.5431631911487785e-8,-0.3948000371456146,-2.0660653632376126e-8,-0.9187670946121216],8,1.536200761795044],[[768.3707275390625,240.0469512939453,51.548133850097659,-0.9051620960235596,-7.799582135703531e-8,0.4250665605068207,-7.800528578627564e-8,1,1.7381724504161867e-8,-0.4250665605068207,-1.7424161669055139e-8,-0.9051620960235596],8,1.5533411502838135],[[768.3082275390625,239.8837432861328,51.683555603027347,-0.8889645338058472,-4.3579092334766759e-8,0.45797601342201235,-4.484100202262198e-8,1,8.11621880814073e-9,-0.45797601342201235,-1.33210722452759e-8,-0.8889645338058472],8,1.5704154968261719],[[768.2428588867188,239.66603088378907,51.812103271484378,-0.8663841485977173,-9.206160278552034e-9,0.4993780851364136,-1.2178362318593372e-8,1,-2.6933102414972156e-9,-0.4993780851364136,-8.415049101984096e-9,-0.8663841485977173],8,1.5873432159423829],[[768.1705322265625,239.39381408691407,51.93968200683594,-0.8418816924095154,2.4868382908493915e-8,0.5396621227264404,1.991099551901243e-8,1,-1.501991775398892e-8,-0.5396621227264404,-1.899783219627693e-9,-0.8418816924095154],8,1.6027178764343262],[[768.0902709960938,239.0670928955078,52.06671142578125,-0.7990127205848694,5.857969753719772e-8,0.6013140678405762,5.095835575730234e-8,1,-2.9707141635526569e-8,-0.6013140678405762,6.905592986328202e-9,-0.7990127205848694],8,1.6207940578460694],[[767.9982299804688,238.83798217773438,52.191810607910159,-0.7686606049537659,9.178216231475744e-8,0.6396568417549133,8.122466965687636e-8,1,-4.5880788945851239e-8,-0.6396568417549133,1.6689160275973337e-8,-0.7686606049537659],8,1.6368372440338135],[[767.9044799804688,239.7111053466797,52.316627502441409,-0.7364675402641296,1.2443781827187196e-7,0.6764729022979736,1.1063887228601743e-7,1,-6.349979031483599e-8,-0.6764729022979736,2.807866117393587e-8,-0.7364675402641296],3,1.6569092273712159],[[767.7916870117188,240.5331268310547,52.45724868774414,-0.7101936340332031,1.5666408614833927e-7,0.7040063738822937,1.3954428368379014e-7,1,-8.176151311545255e-8,-0.7040063738822937,4.01735604782516e-8,-0.7101936340332031],5,1.6771323680877686],[[767.6856689453125,241.11387634277345,52.57749557495117,-0.688531219959259,1.2942582827690786e-7,0.725206732749939,1.1567209412532975e-7,1,-6.864522106297955e-8,-0.725206732749939,3.66218024794307e-8,-0.688531219959259],5,1.6855275630950928],[[767.4650268554688,242.013671875,52.797576904296878,-0.6736888885498047,8.549594809892369e-8,0.7390150427818298,7.621605391250341e-8,1,-4.6210207216290658e-8,-0.7390150427818298,2.5193507724452503e-8,-0.6736888885498047],5,1.7038283348083497],[[767.2681884765625,242.6721954345703,52.976898193359378,-0.6655387878417969,5.0782411165073429e-8,0.7463632822036743,4.4760955830724927e-8,1,-2.8126061479838428e-8,-0.7463632822036743,1.4688946947671866e-8,-0.6655387878417969],5,1.7213683128356934],[[767.0691528320313,243.27621459960938,53.154300689697269,-0.6645868420600891,1.6399019031609897e-8,0.7472110390663147,1.3299695567070558e-8,1,-1.011791184168942e-8,-0.7472110390663147,3.2134481742218669e-9,-0.6645868420600891],5,1.7367088794708253],[[766.8699340820313,243.8257293701172,53.331443786621097,-0.6607477068901062,-1.7946996777595815e-8,0.7506080865859985,-1.8043962768388157e-8,1,8.02614597006368e-9,-0.7506080865859985,-8.240686355520666e-9,-0.6607477068901062],5,1.754004716873169],[[766.6697998046875,244.3207550048828,53.5076904296875,-0.6581113338470459,-5.221014731660034e-8,0.7529206275939941,-4.930003427716656e-8,1,2.625141881651416e-8,-0.7529206275939941,-1.9842655518687026e-8,-0.6581113338470459],5,1.7699918746948243],[[766.468994140625,244.7612762451172,53.68318557739258,-0.6554432511329651,-8.639565152179785e-8,0.7552444338798523,-8.046715294085516e-8,1,4.4560405143556639e-8,-0.7552444338798523,-3.1565548397338719e-8,-0.6554432511329651],5,1.7873203754425049],[[766.2676391601563,245.1472930908203,53.85797882080078,-0.6540002226829529,-1.2056024445428194e-7,0.7564943432807922,-1.1156900114883683e-7,1,6.291400467262065e-8,-0.7564943432807922,-4.325555025275207e-8,-0.6540002226829529],5,1.8037347793579102],[[766.0659790039063,245.4788055419922,54.032371520996097,-0.6538300514221191,-1.5475154668820324e-7,0.7566414475440979,-1.4262914760365676e-7,1,8.127538109192756e-8,-0.7566414475440979,-5.477883391336036e-8,-0.6538300514221191],5,1.8203768730163575],[[765.8640747070313,245.75582885742188,54.20671081542969,-0.6537762880325317,-1.2096519697024633e-7,0.7566878795623779,-1.1121783671796948e-7,1,6.376949812647581e-8,-0.7566878795623779,-4.24662047748825e-8,-0.6537762880325317],5,1.8364169597625733],[[765.6621704101563,245.9783477783203,54.38104248046875,-0.6537700295448303,-8.721173827552775e-8,0.7566933035850525,-7.983287275692419e-8,1,4.6279510002023019e-8,-0.7566933035850525,-3.0152843777386809e-8,-0.6537700295448303],5,1.8538594245910645],[[765.4602661132813,246.1463623046875,54.55537414550781,-0.6537693738937378,-5.3487489992676276e-8,0.7566938400268555,-4.84746891515897e-8,1,2.880454808007471e-8,-0.7566938400268555,-1.7848966749056673e-8,-0.6537693738937378],5,1.8703603744506837],[[765.2583618164063,246.2598876953125,54.729705810546878,-0.6537693738937378,-1.9792095073967176e-8,0.7566938400268555,-1.7143296560107048e-8,1,1.134452620732418e-8,-0.7566938400268555,-5.555523596711964e-9,-0.6537693738937378],5,1.886059045791626],[[765.0564575195313,246.31890869140626,54.90403747558594,-0.6537693738937378,1.3874499771304727e-8,0.7566938400268555,1.416131567566481e-8,1,-6.1005711593509208e-9,-0.7566938400268555,6.72741418128453e-9,-0.6537693738937378],5,1.9059274196624756],[[764.8545532226563,246.32342529296876,55.078369140625,-0.6537693738937378,4.7512319412135187e-8,0.7566938400268555,4.543917242472162e-8,1,-2.3530759563072935e-8,-0.7566938400268555,1.899985235809254e-8,-0.6537693738937378],5,1.9206011295318604],[[764.6526489257813,246.27345275878907,55.25270080566406,-0.6537693738937378,8.112139227023363e-8,0.7566938400268555,7.669029855605913e-8,1,-4.0946051882428949e-8,-0.7566938400268555,3.126180203594231e-8,-0.6537693738937378],5,1.9364182949066163],[[764.4507446289063,246.16897583007813,55.427032470703128,-0.6537693738937378,1.1470174854366633e-7,0.7566938400268555,1.0791471538595943e-7,1,-5.8346458331470788e-8,-0.7566938400268555,4.35132747611533e-8,-0.6537693738937378],5,1.9527537822723389],[[764.2488403320313,246.00999450683595,55.60136413574219,-0.6513679623603821,1.4809987192165864e-7,0.758762001991272,1.3907408913382825e-7,1,-7.579643579447293e-8,-0.758762001991272,5.615276776893552e-8,-0.6513679623603821],5,1.9711134433746338],[[764.0465087890625,245.79652404785157,55.77510452270508,-0.6488080620765686,1.1610357120162007e-7,0.7609520554542542,1.0893582214066555e-7,1,-5.969511818193496e-8,-0.7609520554542542,4.4164266910229347e-8,-0.6488080620765686],5,1.9864749908447266],[[763.8436279296875,245.52854919433595,55.94813537597656,-0.6461553573608398,8.417621444323231e-8,0.763205885887146,7.887801700690034e-8,1,-4.351219473619494e-8,-0.763205885887146,3.208453236425157e-8,-0.6461553573608398],5,2.0031232833862306],[[763.6400756835938,245.20606994628907,56.12045669555664,-0.6434890031814575,5.232501365526332e-8,0.7654553055763245,4.889995608436948e-8,1,-2.7249699385833993e-8,-0.7654553055763245,1.9895850300599706e-8,-0.6434890031814575],5,2.020009994506836],[[763.43603515625,244.82908630371095,56.29206466674805,-0.6432430744171143,2.0620159801865158e-8,0.7656620144844055,1.893998735624791e-8,1,-1.1019410273149788e-8,-0.7656620144844055,7.413469393924288e-9,-0.6432430744171143],5,2.036302328109741],[[763.282958984375,244.5105743408203,56.42069625854492,-0.6431445479393005,-3.1346316653468877e-9,0.7657448053359985,-3.5138876253171249e-9,1,1.142278827082066e-9,-0.7657448053359985,-1.956090844856817e-9,-0.6431445479393005],5,2.0523059368133547],[[763.02783203125,243.91162109375,56.63508224487305,-0.6431354880332947,-4.2690277979318128e-8,0.765752375125885,-4.090496474873362e-8,1,2.13944364446661e-8,-0.765752375125885,-1.7563552390242877e-8,-0.6431354880332947],5,2.0687308311462404],[[762.912353515625,243.848876953125,56.732078552246097,-0.6404529213905335,-7.424269199418632e-8,0.7679974436759949,-7.07322627135909e-8,1,3.768503376022636e-8,-0.7679974436759949,-3.0186704691459457e-8,-0.6404529213905335],7,2.086930990219116],[[762.8388671875,243.88619995117188,56.79345703125,-0.6323702335357666,-1.0550940743314641e-7,0.7746663093566895,-1.00361873478505e-7,1,5.4273108673896789e-8,-0.7746663093566895,-4.3426265250445797e-8,-0.6323702335357666],7,2.1030070781707765],[[762.765869140625,243.99354553222657,56.853233337402347,-0.6049242615699768,-7.18309323133326e-8,0.7962830066680908,-6.850881106856832e-8,1,3.8162674798059018e-8,-0.7962830066680908,-3.146687532762371e-8,-0.6049242615699768],8,2.1213724613189699],[[762.69287109375,244.86666870117188,56.91289520263672,-0.5463948249816895,-3.732543518708553e-8,0.8375276923179627,-3.7916365158707779e-8,1,1.9829943909144278e-8,-0.8375276923179627,-2.0921026688824896e-8,-0.5463948249816895],3,2.1368303298950197],[[762.5982666015625,245.68869018554688,56.98488998413086,-0.4629431962966919,-3.0546203344528068e-9,0.8863879442214966,-9.611787810115402e-9,1,-1.5739060055253163e-9,-0.8863879442214966,-9.248402044192972e-9,-0.4629431962966919],5,2.152785539627075],[[762.4671020507813,246.45620727539063,57.071876525878909,-0.3563632071018219,2.909172280851635e-8,0.9343475103378296,1.5627280802732458e-8,1,-2.5175573625801918e-8,-0.9343475103378296,5.629661181671963e-9,-0.3563632071018219],5,2.1714396476745607],[[762.2969360351563,247.1692352294922,57.1633415222168,-0.26222631335258486,5.808345449054286e-8,0.965006411075592,3.801477888032423e-8,1,-4.9859750106406867e-8,-0.965006411075592,2.360996553818495e-8,-0.26222631335258486],5,2.193207263946533],[[762.08837890625,247.8277587890625,57.24672317504883,-0.21732784807682038,8.5899507951126e-8,0.9760986566543579,5.878000663983585e-8,1,-7.491555464866906e-8,-0.9760986566543579,4.1093848324180729e-8,-0.21732784807682038],5,2.2039759159088136],[[761.8445434570313,248.43177795410157,57.31270217895508,-0.2208673655986786,1.1501970931249162e-7,0.9753038287162781,7.915573263517217e-8,1,-1.0000656658348817e-7,-0.9753038287162781,5.5112703734039317e-8,-0.2208673655986786],5,2.227297306060791],[[761.5850219726563,248.98129272460938,57.37135314941406,-0.29028311371803286,1.4791289970617073e-7,0.9569408297538757,1.0043559228734012e-7,1,-1.2410185945554986e-7,-0.9569408297538757,6.008624353626146e-8,-0.29028311371803286],5,2.236945629119873],[[761.329345703125,249.476318359375,57.44633865356445,-0.3442743718624115,1.2982715702491988e-7,0.938869059085846,8.795966977004355e-8,1,-1.0602638411683074e-7,-0.938869059085846,4.6080447901886149e-8,-0.3442743718624115],5,2.254568338394165],[[761.0790405273438,249.91683959960938,57.537960052490237,-0.38512346148490908,9.329754391274037e-8,0.9228650331497192,6.263093865754854e-8,1,-7.495884091213157e-8,-0.9228650331497192,2.8931497197959289e-8,-0.38512346148490908],5,2.276329517364502],[[760.8329467773438,250.3028564453125,57.64064025878906,-0.41106322407722475,5.538772640534262e-8,0.9116068482398987,3.661617498096348e-8,1,-4.424732225061234e-8,-0.9116068482398987,1.51911088153156e-8,-0.41106322407722475],5,2.287785291671753],[[760.5899658203125,250.63436889648438,57.750308990478519,-0.4296687841415405,1.687979711562093e-8,0.9029865860939026,1.0075624778949077e-8,1,-1.3899005502082673e-8,-0.9029865860939026,3.1261846444863296e-9,-0.4296687841415405],5,2.311821222305298],[[760.3492431640625,250.91139221191407,57.864891052246097,-0.44439494609832766,-2.1930413041104658e-8,0.8958309888839722,-1.691089757116515e-8,1,1.609153521542339e-8,-0.8958309888839722,-7.99830779385502e-9,-0.44439494609832766],5,2.3202831745147707],[[760.1103515625,251.1339111328125,57.98337173461914,-0.4543381631374359,-6.089688753263545e-8,0.8908292651176453,-4.420083499212524e-8,1,4.581659496238899e-8,-0.8908292651176453,-1.8559171977017287e-8,-0.4543381631374359],5,2.343574047088623],[[759.8728637695313,251.3019256591797,58.10453796386719,-0.4610211253166199,-9.990723981445626e-8,0.8873891234397888,-7.169967375375563e-8,1,7.533579804430701e-8,-0.8873891234397888,-2.889411732098779e-8,-0.4610211253166199],5,2.3529086112976076],[[759.689208984375,251.4243621826172,58.193992614746097,-0.48499757051467898,-0.021343592554330827,0.8742550015449524,-0.0014584516175091267,0.9997204542160034,0.023597555235028268,-0.8745142817497253,0.010169697925448418,-0.4848931133747101],5,2.378636360168457],[[759.6650390625,251.48837280273438,58.186790466308597,-0.4877629578113556,-0.03407697379589081,0.8723107576370239,-0.0024114474654197695,0.9992865920066834,0.03768891841173172,-0.8729727864265442,0.01627972722053528,-0.4874971807003021],5,2.3850481510162355],[[759.6464233398438,251.52896118164063,58.16245651245117,-0.4732101857662201,-0.016013655811548234,0.8808040022850037,-0.0012815515510737897,0.9998462200164795,0.017489418387413026,-0.8809486031532288,0.007147375028580427,-0.47315794229507449],5,2.4039180278778078],[[759.6409301757813,251.50404357910157,58.128604888916019,-0.4709547162055969,-0.006274366285651922,0.8821350932121277,-0.0014312413986772299,0.9999788403511047,0.0063484422862529758,-0.882156252861023,0.0017272805562242866,-0.47095373272895815],5,2.4299938678741457],[[759.5814208984375,251.64393615722657,58.15168762207031,-0.48434677720069888,-0.00316317449323833,0.8748704195022583,-0.000727191218174994,0.9999945759773254,0.003212984185665846,-0.8748757839202881,0.0009200004278682172,-0.4843464493751526],7,2.4466259479522707],[[759.5028076171875,251.84158325195313,58.193912506103519,-0.505139946937561,-0.00291913328692317,0.8630325198173523,0.00015059582074172795,0.9999939799308777,0.0034705386497080328,-0.8630374073982239,0.0018830768531188369,-0.5051364898681641],7,2.4644057750701906],[[759.4225463867188,252.0524139404297,58.23975372314453,-0.5400305986404419,-0.001570593798533082,0.8416439294815064,0.00010383030166849494,0.999998152256012,0.001932720304466784,-0.8416454195976257,0.0011311161797493697,-0.5400294065475464],8,2.472921133041382],[[759.3406372070313,252.93577575683595,58.28694534301758,-0.5988187193870544,0.0007021772325970233,0.8008842468261719,0.00017297516751568764,0.9999997019767761,-0.0007474191952496767,-0.8008845448493958,-0.000309035531245172,-0.5988186597824097],3,2.4977798461914064],[[759.2587280273438,253.8191375732422,58.334136962890628,-0.6818711161613464,0.0028510314878076317,0.7314667701721191,0.0005318668554536998,0.9999940991401672,-0.0034018633887171747,-0.7314721345901489,-0.0019305895548313857,-0.6818686127662659],3,2.505671262741089],[[759.1768188476563,254.70249938964845,58.38132858276367,-0.782573938369751,0.004718776326626539,0.622539758682251,0.0012795890215784312,0.9999813437461853,-0.005971209146082401,-0.6225563287734985,-0.003876317525282502,-0.7825653553009033],3,2.5298962593078615],[[759.0949096679688,255.58584594726563,58.42852020263672,-0.8771771788597107,0.006172472611069679,0.4801271855831146,0.002453711349517107,0.9999619126319885,-0.008372568525373936,-0.48016059398651125,-0.006166132632642984,-0.8771589398384094],3,2.5370190143585207],[[759.0130004882813,256.4692077636719,58.475711822509769,-0.9478246569633484,0.007175647187978029,0.31871140003204348,0.004030297044664621,0.9999364614486694,-0.01052731741219759,-0.318766713142395,-0.008693549782037735,-0.9477933645248413],3,2.555710554122925],[[758.9310913085938,257.3525085449219,58.52290344238281,-0.9871681332588196,0.007837709970772267,0.15949198603630067,0.005936722736805677,0.9999055862426758,-0.012392014265060425,-0.15957406163215638,-0.011286141350865364,-0.9871214628219605],3,2.581040143966675],[[758.8491821289063,258.23577880859377,58.57009506225586,-0.9999164938926697,0.008238517679274083,0.009956232272088528,0.008099262602627278,0.9998699426651001,-0.013947009108960629,-0.010069840587675572,-0.013865205459296704,-0.9998531937599182],3,2.588679075241089],[[758.7744750976563,259.0850830078125,58.64303970336914,-0.9923111796379089,0.0035485036205500366,-0.12371696531772614,0.004489264916628599,0.999963104724884,-0.0073261987417936329,0.12368640303611756,-0.007825267501175404,-0.9922904968261719],5,2.6158924102783205],[[758.697021484375,260.2568359375,58.81757354736328,-0.9403901696205139,-0.00029208255000412464,-0.3400973677635193,0.0000010733372164395406,0.9999996423721314,-0.0008617870626039803,0.34009748697280886,-0.0008107811445370317,-0.9403898119926453],5,2.63303542137146],[[758.6798095703125,260.7967224121094,58.92924118041992,-0.9275177121162415,-0.0002447009028401226,-0.3737790882587433,-0.00026200947468169034,0.9999999403953552,-0.000004501237981457962,0.3737790882587433,0.00009375868830829859,-0.9275177717208862],5,2.6509604454040529],[[758.6842651367188,261.4688720703125,59.099246978759769,-0.9247642755508423,-0.00008151600195560604,-0.38054049015045168,-0.00015524605987593532,1,0.0001630575570743531,0.3805404603481293,0.00020986721210647374,-0.9247642159461975],5,2.657989025115967],[[758.7080688476563,261.9372253417969,59.24277877807617,-0.924066424369812,-0.00002030000905