[[[774.8350219726563,222.69961547851563,46.49436950683594,-0.8784651756286621,4.5397655412671159e-8,0.4778063893318176,-9.549069091008278e-9,1,-1.1256898346800881e-7,-0.4778063893318176,-1.0345053880200794e-7,-0.8784651756286621],8,0.006589651107788086],[[774.8350219726563,222.69961547851563,46.49436950683594,-0.8784651756286621,3.455813768482585e-8,0.4778063893318176,-7.26907378734154e-9,1,-8.569111997758228e-8,-0.4778063893318176,-7.874987772993336e-8,-0.8784651756286621],8,0.03137803077697754],[[774.8350219726563,222.69961547851563,46.49436950683594,-0.8784651756286621,2.372788365789802e-8,0.4778063893318176,-4.991027147127625e-9,1,-5.8836231886516546e-8,-0.4778063893318176,-5.407032332982453e-8,-0.8784651756286621],8,0.03927779197692871],[[774.8350219726563,222.69961547851563,46.49436950683594,-0.8784651756286621,1.2906883561925042e-8,0.4778063893318176,-2.7149251735636428e-9,1,-3.2004283667674829e-8,-0.4778063893318176,-2.9411857838113066e-8,-0.8784651756286621],8,0.05564165115356445],[[774.8350219726563,222.69961547851563,46.49436950683594,-0.8784651756286621,2.0951296253457487e-9,0.4778063893318176,-4.4077042016255066e-10,1,-5.195265551094508e-9,-0.4778063893318176,-4.774462603052143e-9,-0.8784651756286621],8,0.07244277000427246],[[774.8350219726563,222.69961547851563,46.49436950683594,-0.8784651756286621,-1.140657346354601e-8,0.4778063893318176,2.3991912900811487e-9,1,2.828379663810665e-8,-0.4778063893318176,2.5992680008357639e-8,-0.8784651756286621],8,0.09078168869018555],[[774.8350219726563,222.69961547851563,46.49436950683594,-0.8784651756286621,-1.9500673076322529e-8,0.4778063893318176,4.101711859050283e-9,1,4.8354070969480747e-8,-0.4778063893318176,4.443718992774848e-8,-0.8784651756286621],8,0.10464024543762207],[[774.8350219726563,222.69961547851563,46.49436950683594,-0.8784651756286621,-3.0284734719998599e-8,0.4778063893318176,6.370043159620309e-9,1,7.50944266769693e-8,-0.4778063893318176,6.90114845269818e-8,-0.8784651756286621],8,0.12194442749023438],[[774.8350219726563,222.69961547851563,46.49436950683594,-0.8784651756286621,-4.3751857248253148e-8,0.4778063893318176,9.202731909851991e-9,1,1.0848773968064052e-7,-0.4778063893318176,9.969982528446053e-8,-0.8784651756286621],8,0.14272546768188477],[[774.8350219726563,222.69961547851563,46.49436950683594,-0.8784651756286621,-4.4732693993410069e-8,0.4778063893318176,9.409051315856232e-9,1,1.1091985641087376e-7,-0.4778063893318176,1.0193493693577693e-7,-0.8784651756286621],8,0.15745186805725099],[[774.8350219726563,222.69961547851563,46.49436950683594,-0.8784651756286621,-2.273688615161973e-8,0.4778063893318176,4.7824761928438878e-9,1,5.637874522790298e-8,-0.4778063893318176,5.1811863244211057e-8,-0.8784651756286621],8,0.17581701278686524],[[774.8350219726563,222.69961547851563,46.49436950683594,-0.8784651756286621,-5.157156923729644e-9,0.4778063893318176,1.084776712900748e-9,1,1.2787805481195847e-8,-0.4778063893318176,1.17519549647227e-8,-0.8784651756286621],8,0.2012476921081543],[[774.8350219726563,222.69961547851563,46.49436950683594,-0.8784651756286621,1.2407552318904891e-8,0.4778063893318176,-2.6097621841358888e-9,1,-3.0765889391659587e-8,-0.4778063893318176,-2.8273722918470413e-8,-0.8784651756286621],8,0.20846819877624513],[[774.8350219726563,222.69961547851563,46.49436950683594,-0.8784651756286621,2.557123579549625e-8,0.4778063893318176,-5.3785949027940209e-9,1,-6.340673763816085e-8,-0.4778063893318176,-5.827053684015482e-8,-0.8784651756286621],8,0.22183680534362794],[[774.8350219726563,222.69961547851563,46.49436950683594,-0.8784651756286621,4.310968648724156e-8,0.4778063893318176,-9.067610662327752e-9,1,-1.0689532103924648e-7,-0.4778063893318176,-9.823637725503431e-8,-0.8784651756286621],8,0.23792147636413575],[[774.6930541992188,222.69961547851563,46.41714096069336,-0.8784651756286621,3.2380764736217318e-8,0.4778063893318176,-6.810914054966588e-9,1,-8.029176257196014e-8,-0.4778063893318176,-7.378780964018006e-8,-0.8784651756286621],8,0.2556140422821045],[[774.4619140625,222.69961547851563,46.29142761230469,-0.8784651756286621,2.1661010762841216e-8,0.4778063893318176,-4.5561447947761739e-9,1,-5.3710927261363398e-8,-0.4778063893318176,-4.936013553447083e-8,-0.8784651756286621],8,0.27913379669189455],[[774.227783203125,222.69961547851563,46.16404724121094,-0.8784651756286621,1.0950416573507482e-8,0.4778063893318176,-2.3033028817565084e-9,1,-2.7152813331099425e-8,-0.4778063893318176,-2.495333362162455e-8,-0.8784651756286621],8,0.28990674018859866],[[773.993408203125,222.69961547851563,46.03663635253906,-0.8784651756286621,2.4897389705458297e-10,0.4778063893318176,-5.238631403670091e-11,1,-6.173911382134634e-10,-0.4778063893318176,-5.673871372735562e-10,-0.8784651756286621],8,0.3137969970703125],[[773.759033203125,222.69961547851563,45.90922546386719,-0.8742590546607971,-1.0438377273658262e-8,0.48545971512794497,2.4280575328106126e-9,1,2.587470859793939e-8,-0.48545971512794497,2.3799922033163058e-8,-0.8742590546607971],8,0.32337021827697756],[[773.5256958007813,222.69961547851563,45.78007125854492,-0.8699835538864136,-2.1329116250967674e-8,0.4930807948112488,5.137589909054441e-9,1,5.232151778500338e-8,-0.4930807948112488,4.8052108070351099e-8,-0.8699835538864136],8,0.34712648391723635],[[773.2935180664063,222.69961547851563,45.648887634277347,-0.8665156960487366,-3.233851586514902e-8,0.4991498589515686,8.029442888357608e-9,1,7.872616691884105e-8,-0.4991498589515686,7.222535458595303e-8,-0.8665156960487366],8,0.35434746742248537],[[773.062255859375,222.69961547851563,45.51602554321289,-0.8630093932151794,-4.3506947378091357e-8,0.5051879286766052,1.110295944073414e-8,1,1.0508744452408792e-7,-0.5051879286766052,9.630053199316535e-8,-0.8630093932151794],8,0.3727877140045166],[[772.8319702148438,222.69961547851563,45.38154983520508,-0.8585655689239502,-4.7531447222581849e-8,0.5127038359642029,1.2409714145178441e-8,1,1.1348852524406539e-7,-0.5127038359642029,1.0379984871633497e-7,-0.8585655689239502],8,0.3892374038696289],[[772.6028442382813,222.69961547851563,45.2451286315918,-0.854960560798645,-2.9036616666644478e-8,0.5186929702758789,7.419306058409347e-9,1,6.820958020625767e-8,-0.5186929702758789,6.216484393917199e-8,-0.854960560798645],8,0.4045078754425049],[[772.374755859375,222.69961547851563,45.10704803466797,-0.8504011631011963,-1.037520647173551e-8,0.5261348485946655,2.038510471535915e-9,1,2.301455204190006e-8,-0.5261348485946655,2.0644133513769704e-8,-0.8504011631011963],8,0.4216146469116211],[[772.1477661132813,222.69961547851563,44.967044830322269,-0.8448387980461121,8.59538396014159e-9,0.5350209474563599,-3.810777471358051e-9,1,-2.2083018080820694e-8,-0.5350209474563599,-2.069543469929158e-8,-0.8448387980461121],8,0.4387016296386719],[[771.9222412109375,222.69961547851563,44.82472610473633,-0.8382331728935242,2.8017863584750559e-8,0.5453119277954102,-1.0205623013348486e-8,1,-6.706721933369409e-8,-0.5453119277954102,-6.17832185412226e-8,-0.8382331728935242],8,0.45568394660949709],[[771.6984252929688,222.69961547851563,44.679725646972659,-0.8285803198814392,4.824643085044045e-8,0.5598702430725098,-1.7379100825110073e-8,1,-1.1189452209237061e-7,-0.5598702430725098,-1.0244363579658966e-7,-0.8285803198814392],8,0.472322940826416],[[771.47705078125,222.69961547851563,44.531005859375,-0.8196755647659302,3.678741578028166e-8,0.5728280544281006,-1.352413736555036e-8,1,-8.357275760317862e-8,-0.5728280544281006,-7.624954889706714e-8,-0.8196755647659302],8,0.4895467758178711],[[771.258056640625,222.69961547851563,44.3787727355957,-0.8156514167785645,2.426698841873076e-8,0.5785436630249023,-9.474752538096709e-9,1,-5.530279878485089e-8,-0.5785436630249023,-5.0589363809194768e-8,-0.8156514167785645],8,0.5038492679595947],[[771.0403442382813,222.69961547851563,44.224727630615237,-0.8156514167785645,1.1225617768673147e-8,0.5785436630249023,-5.42883027421226e-9,1,-2.7056991314111657e-8,-0.5785436630249023,-2.520988751086861e-8,-0.8156514167785645],8,0.5211169719696045],[[770.8228149414063,222.69961547851563,44.07045364379883,-0.8146411776542664,-1.760659062988168e-9,0.5799652934074402,-1.3371528329031435e-9,1,1.1575853609002707e-9,-0.5799652934074402,1.6751453002505912e-10,-0.8146411776542664],8,0.5390486717224121],[[770.6055297851563,222.69961547851563,43.915855407714847,-0.8146421313285828,-1.4779750756588328e-8,0.5799639225006104,2.7509765576638758e-9,1,2.9348052876798648e-8,-0.5799639225006104,2.5503627654188678e-8,-0.8146421313285828],8,0.5553755760192871],[[770.3882446289063,222.69961547851563,43.76119613647461,-0.8166643977165222,-2.769848173045375e-8,0.5771128535270691,6.7371304091068399e-9,1,5.752853127205526e-8,-0.5771128535270691,5.0869587653323836e-8,-0.8166643977165222],8,0.5715377330780029],[[770.1705322265625,222.69961547851563,43.6071891784668,-0.8186725974082947,-4.0517718957744367e-8,0.5742605924606323,1.0621632462459729e-8,1,8.569865173058133e-8,-0.5742605924606323,7.62587220037858e-8,-0.8186725974082947],8,0.5886414051055908],[[769.9523315429688,222.69961547851563,43.45393753051758,-0.8226630687713623,-5.296992000580758e-8,0.5685292482376099,1.4306162476884765e-8,1,1.1387113119099013e-7,-0.5685292482376099,1.018110467043698e-7,-0.8226630687713623],8,0.6037740707397461],[[769.7340698242188,222.6655731201172,43.30080032348633,-0.8275983333587647,-4.083251781139552e-8,0.5613207221031189,1.1140015132582448e-8,1,8.91682319092979e-8,-0.5613207221031189,8.004860063692831e-8,-0.8275983333587647],8,0.6222553253173828],[[769.5158081054688,222.5770263671875,43.14766311645508,-0.8343969583511353,-2.054468595247272e-8,0.551163911819458,6.294436971643336e-9,1,4.680412146740309e-8,-0.551163911819458,4.2522486864982059e-8,-0.8343969583511353],8,0.6385519504547119],[[769.2975463867188,223.43992614746095,42.99452590942383,-0.848547101020813,-1.3394273190581175e-10,0.5291198492050171,2.56333154702304e-9,1,4.3639456492883259e-9,-0.5291198492050171,5.059323182621256e-9,-0.848547101020813],3,0.6588051319122315],[[769.0724487304688,224.24832153320313,42.851654052734378,-0.8209649324417114,2.0399587796759989e-8,0.5709786415100098,-1.6790113743780922e-9,1,-3.8141525493529119e-8,-0.5709786415100098,-3.2271533001448918e-8,-0.8209649324417114],5,0.6782987117767334],[[768.84130859375,225.00221252441407,42.71871566772461,-0.8338443040847778,3.901272904727193e-8,0.5519997477531433,-6.690151099775221e-9,1,-8.07813336223262e-8,-0.5519997477531433,-7.10520140501103e-8,-0.8338443040847778],5,0.68914794921875],[[768.60302734375,225.7016143798828,42.599098205566409,-0.8682668209075928,5.240912415160892e-8,0.49609753489494326,-1.0705633712859708e-8,1,-1.2437971008694149e-7,-0.49609753489494326,-1.1330581628499204e-7,-0.8682668209075928],5,0.7052454948425293],[[768.357421875,226.3465118408203,42.49538040161133,-0.9080267548561096,4.456977720224131e-8,0.41891220211982729,-1.2944863847508259e-8,1,-1.34453145506086e-7,-0.41891220211982729,-1.275098071573666e-7,-0.9080267548561096],5,0.7238547801971436],[[768.0407104492188,227.07598876953126,42.39200210571289,-0.9543960094451904,9.636069719931584e-9,0.2985435128211975,-2.3119685721439965e-8,1,-1.0618688861541159e-7,-0.2985435128211975,-1.0824657437069618e-7,-0.9543960094451904],5,0.7427115440368652],[[767.7806396484375,227.59825134277345,42.33708953857422,-0.9869771003723145,-1.898711232684036e-8,0.16086076200008393,-3.316364782790515e-8,1,-8.544437690716222e-8,-0.16086076200008393,-8.966637210505724e-8,-0.9869771003723145],5,0.758263111114502],[[767.581787109375,227.95419311523438,42.320621490478519,-0.999163031578064,-3.894377798019377e-8,0.04090529680252075,-4.1875356515674869e-8,1,-7.081061426106317e-8,-0.04090529680252075,-7.2464267475425e-8,-0.999163031578064],5,0.7744684219360352],[[767.315673828125,228.38108825683595,42.32841110229492,-0.9999996423721314,-5.4091579215764798e-8,0.0008720869664102793,-5.4136688021344528e-8,1,-5.170273809085302e-8,-0.0008720869664102793,-5.1749928786648527e-8,-0.9999996423721314],5,0.7901883125305176],[[767.0509643554688,228.75347900390626,42.359378814697269,-0.9978550672531128,-6.921347761590369e-8,-0.06546235829591751,-6.721258216657589e-8,1,-3.2767903945796209e-8,0.06546235829591751,-2.829772327572755e-8,-0.9978550672531128],5,0.8052036762237549],[[766.7890014648438,229.07138061523438,42.4088134765625,-0.9908495545387268,-8.233598691731459e-8,-0.1349707990884781,-8.122884054273527e-8,1,-1.3709820834151288e-8,0.1349707990884781,-2.6208493153490055e-9,-0.9908495545387268],5,0.8219616413116455],[[766.5310668945313,229.33477783203126,42.47610855102539,-0.9768192768096924,-9.300801195877284e-8,-0.2140655666589737,-9.645762588661455e-8,1,5.66956614989067e-9,0.2140655666589737,2.6186398827121594e-8,-0.9768192768096924],5,0.8388411998748779],[[766.279052734375,229.54367065429688,42.56282424926758,-0.9544245004653931,-1.0032493236167284e-7,-0.29845237731933596,-1.1312493342074959e-7,1,2.5613072551777806e-8,0.29845237731933596,5.820815118795508e-8,-0.9544245004653931],5,0.8550195693969727],[[766.0243530273438,229.69805908203126,42.5933837890625,-0.925367534160614,-0.00007467435352737084,-0.37907111644744875,-0.00002146639599232003,1,-0.00014459040539804846,0.37907111644744875,-0.00012566198711283505,-0.925367534160614],5,0.873039960861206],[[765.7930297851563,229.79795837402345,42.654197692871097,-0.8887163400650024,0.0002726258826442063,-0.45845744013786318,0.000054746484238421547,0.9999998807907105,0.0004885333473794162,0.4584575295448303,0.000409068597946316,-0.8887162208557129],5,0.8886058330535889],[[765.5818481445313,229.84335327148438,42.7431755065918,-0.8474757671356201,-0.0000025639415071054829,-0.5308340787887573,0.00003908260623575188,1,-0.00006722534453729168,0.5308340787887573,-0.00007771822856739163,-0.8474757671356201],5,0.9057023525238037],[[765.3762817382813,229.83424377441407,42.877899169921878,-0.7740371227264404,-0.00002649133966770023,-0.6331402659416199,0.000008348049050255213,1,-0.00005204698027228005,0.6331402659416199,-0.00004557178181130439,-0.7740371227264404],5,0.9219264984130859],[[765.1822509765625,229.77064514160157,43.04958724975586,-0.7072737216949463,-0.000015913437891867944,-0.7069398164749146,-0.00000516977115694317,1,-0.000017338101315544919,0.7069398164749146,-0.000008608066309534479,-0.7072737216949463],5,0.9386870861053467],[[765.0111083984375,229.6525421142578,43.251625061035159,-0.628078818321228,-0.000004670500857173465,-0.7781497240066528,-0.000005197449354454875,1,-0.0000018069702036882518,0.7781497240066528,0.0000029094740057189485,-0.628078818321228],5,0.9546825885772705],[[764.8649291992188,229.4799346923828,43.474029541015628,-0.5417639017105103,1.11200421315516e-7,-0.8405306935310364,-0.000002139823436664301,1,0.0000015115206224436407,0.8405306935310364,0.0000026174745926255129,-0.5417639017105103],5,0.9714148044586182],[[764.7437133789063,229.25283813476563,43.711151123046878,-0.4632888436317444,7.982409329088114e-7,-0.8862073421478272,-3.0073698553678698e-7,1,0.0000010579567515378586,0.8862073421478272,7.566549129478517e-7,-0.4632888436317444],5,0.9895880222320557],[[764.6470336914063,228.9712371826172,43.95940017700195,-0.4034883379936218,3.823571432803874e-7,-0.9149847626686096,1.936627143095393e-7,1,3.324825854633673e-7,0.9149847626686096,-4.304558842704864e-8,-0.4034883379936218],5,1.004737377166748],[[764.569580078125,228.6351318359375,44.21446990966797,-0.35827186703681948,7.210261543377783e-8,-0.9336172938346863,1.5321850810323668e-7,1,1.8432322335115715e-8,0.9336172938346863,-1.3644365992604436e-7,-0.35827186703681948],5,1.0218350887298585],[[764.506103515625,228.24452209472657,44.47340774536133,-0.3204851746559143,-8.097150328012504e-8,-0.9472535252571106,4.613513482354392e-8,1,-1.0108922765539319e-7,0.9472535252571106,-7.609926910845388e-8,-0.3204851746559143],5,1.0391314029693604],[[764.453369140625,227.79942321777345,44.73478317260742,-0.2620127201080322,-1.2640985858070054e-7,-0.9650644063949585,-3.445592966500044e-8,1,-1.216312170981837e-7,0.9650644063949585,1.3832675005431839e-9,-0.2620127201080322],5,1.0582313537597657],[[764.415771484375,227.29981994628907,44.99871826171875,-0.2417277693748474,-1.1438386593454197e-7,-0.9703441262245178,-7.895167897231659e-8,1,-9.821160773526572e-8,0.9703441262245178,5.2869822297907379e-8,-0.2417277693748474],5,1.0782675743103028],[[764.4074096679688,226.59866333007813,45.31913375854492,-0.2141406089067459,-7.572376148345939e-8,-0.9768028259277344,-1.1909156683032052e-7,1,-5.141408010445048e-8,0.9768028259277344,1.0531913829936457e-7,-0.2141406089067459],5,1.0925428867340088],[[764.4310302734375,226.13710021972657,45.503047943115237,-0.14733284711837769,-4.39172040955782e-8,-0.9890869855880737,-1.432730840633667e-7,1,-2.3060026776988708e-8,0.9890869855880737,1.3831203204972554e-7,-0.14733284711837769],5,1.1138839721679688],[[764.4956665039063,225.4739990234375,45.73804473876953,-0.17468976974487306,-1.3856300107306652e-8,-0.9846235513687134,-1.5659763619169099e-7,1,1.371052515963811e-8,0.9846235513687134,1.5658480378988316e-7,-0.17468976974487306],5,1.1226027011871338],[[764.6299438476563,224.5684814453125,46.01545333862305,-0.21359683573246003,2.258911813157738e-8,-0.9769219160079956,-1.051939975127425e-7,1,4.612264703496294e-8,0.9769219160079956,1.1261796828421211e-7,-0.21359683573246003],5,1.1435606479644776],[[764.7948608398438,223.78274536132813,46.22135543823242,-0.1120220273733139,5.5442054502918839e-8,-0.9937057495117188,-6.872939195545769e-8,1,6.354120785090345e-8,0.9937057495117188,7.541480329109618e-8,-0.1120220273733139],7,1.1607604026794434],[[764.9234008789063,223.4285888671875,46.374488830566409,-0.08751511573791504,7.131244217362109e-8,-0.9961631894111633,-4.259776886783584e-8,1,7.532941737053989e-8,0.9961631894111633,4.9026791515416338e-8,-0.08751511573791504],7,1.1716587543487549],[[764.9769897460938,223.47116088867188,46.615909576416019,-0.08658069372177124,8.994740596790507e-8,-0.9962448477745056,-7.88545850838318e-9,1,9.09717456920589e-8,0.9962448477745056,1.573224395201578e-8,-0.08658069372177124],7,1.1905438899993897],[[764.9566040039063,223.5634765625,46.88075637817383,-0.08634930104017258,1.0851213971818652e-7,-0.9962649345397949,2.677531085737428e-8,1,1.0659826443770726e-7,0.9962649345397949,-1.7470618729475974e-8,-0.08634930104017258],8,1.2136802673339844],[[764.9336547851563,223.62466430664063,47.14641189575195,-0.08632262796163559,9.456742589009082e-8,-0.9962672591209412,4.347342397181819e-8,1,9.115494492561993e-8,0.9962672591209412,-3.5442411672192978e-8,-0.08632262796163559],8,1.2214419841766358],[[764.9107055664063,223.6597137451172,47.41208267211914,-0.0863194689154625,4.815993648321637e-8,-0.9962674975395203,4.223464245001196e-8,1,4.468103753652031e-8,0.9962674975395203,-3.822015770538201e-8,-0.0863194689154625],8,1.2376306056976319],[[764.8877563476563,223.67906188964845,47.67775344848633,-0.08631915599107743,1.7922137107717618e-9,-0.996267557144165,4.0996908978740979e-8,1,-1.7531484042265789e-9,0.996267557144165,-4.0995217887029869e-8,-0.08631915599107743],8,1.2554712295532227],[[764.8648071289063,223.68963623046876,47.943424224853519,-0.08631915599107743,-4.4535884313745558e-8,-0.996267557144165,3.9760227110718918e-8,1,-4.814766541016979e-8,0.996267557144165,-4.376789064508557e-8,-0.08631915599107743],8,1.2710211277008057],[[764.8418579101563,223.69540405273438,48.2090950012207,-0.09501690417528153,-9.044044446682165e-8,-0.9954756498336792,3.811981130752429e-8,1,-9.448997673189297e-8,0.9954756498336792,-4.6925489272098278e-8,-0.09501690417528153],8,1.2911221981048585],[[764.810546875,223.69908142089845,48.54094696044922,-0.13319213688373567,-7.84434419642821e-8,-0.9910902380943298,1.7163699794764399e-8,1,-8.145526209091259e-8,0.9910902380943298,-2.7859975659794146e-8,-0.13319213688373567],8,1.3192691802978516],[[764.7968139648438,223.7008056640625,48.68389129638672,-0.14357106387615205,-5.105657407966646e-8,-0.9896399974822998,-7.616039354729765e-9,1,-5.048616813496665e-8,0.9896399974822998,2.887844130494699e-10,-0.14357106387615205],8,1.332475185394287],[[764.7965698242188,223.7014923095703,48.687217712402347,-0.12279821932315827,-2.9387662081603595e-8,-0.992431640625,-2.7935167068449119e-8,1,-2.615522376459012e-8,0.992431640625,2.4511928486958824e-8,-0.12279821932315827],8,1.3584892749786378],[[764.7965698242188,223.7019500732422,48.687286376953128,-0.05670267343521118,-6.586099998706629e-10,-0.9983910918235779,-5.5269083532039079e-8,1,2.479283667256027e-9,0.9983910918235779,5.5320743541642517e-8,-0.05670267343521118],8,1.369551181793213],[[764.7965698242188,223.70204162597657,48.687286376953128,-0.03227373585104942,1.1501576580030815e-8,-0.9994790554046631,-6.647105976753665e-8,1,1.3653958852444248e-8,0.9994790554046631,6.68770923084594e-8,-0.03227373585104942],8,1.3789434432983399],[[764.7965698242188,223.7021484375,48.687286376953128,0.014881923794746399,3.0843992249174337e-8,-0.9998892545700073,-8.403618068086871e-8,1,2.9596650463759034e-8,0.9998892545700073,8.358642133998728e-8,0.014881923794746399],8,1.390430212020874],[[764.7965698242188,223.7022247314453,48.687286376953128,0.0672331377863884,5.676665537635017e-8,-0.9977372884750366,-1.0851926646182619e-7,1,4.9582755679011828e-8,0.9977372884750366,1.0494011348782806e-7,0.0672331377863884],8,1.4049668312072755],[[764.7965698242188,224.56512451171876,48.687286376953128,0.1315297782421112,8.49940136049554e-8,-0.9913122057914734,-1.3422003064533784e-7,1,6.793025164597566e-8,0.9913122057914734,1.241191114331741e-7,0.1315297782421112],3,1.4267332553863526],[[764.7965698242188,225.37351989746095,48.687286376953128,0.1952771544456482,9.190713257112293e-8,-0.9807481169700623,-1.2981688257696079e-7,1,6.78633611528312e-8,0.9807481169700623,1.140655001563573e-7,0.1952771544456482],5,1.4488494396209717],[[764.7965698242188,226.12741088867188,48.687286376953128,0.2615852952003479,7.606803364978987e-8,-0.9651803374290466,-9.316013915849908e-8,1,5.3563780966214838e-8,0.9651803374290466,7.590484329966785e-8,0.2615852952003479],5,1.4548068046569825],[[764.7965698242188,226.82681274414063,48.687286376953128,0.33656394481658938,5.8422692461590489e-8,-0.9416606426239014,-5.5525937625588998e-8,1,4.21963761709776e-8,0.9416606426239014,3.8084813525074426e-8,0.33656394481658938],5,1.472203016281128],[[764.7402954101563,228.20115661621095,48.687286376953128,0.47336331009864809,-0.000016491687347297558,-0.8808673024177551,0.000004665806500270264,1,-0.000016214775314438158,0.8808673024177551,0.000003565523684301297,0.47336331009864809],5,1.5115509033203126],[[764.647705078125,228.46908569335938,48.68730163574219,0.6244065165519714,-0.00025020810426212847,-0.7810994982719421,0.00011751089914469048,0.9999999403953552,-0.00022639051894657314,0.7810995578765869,0.00004957200144417584,0.6244065165519714],5,1.5182421207427979],[[764.6063232421875,228.723388671875,48.68134307861328,0.6645573973655701,-0.00011021897080354393,-0.7472372055053711,0.00004750188236357644,1,-0.00010525606194278225,0.7472372055053711,0.00003445352558628656,0.6645573973655701],5,1.5273165702819825],[[764.5565795898438,229.1911163330078,48.66709899902344,0.7092638611793518,-0.000023570622943225318,-0.7049431204795837,0.000007380379884125432,1,-0.00002601058986329008,0.7049431204795837,0.000013245624359115027,0.7092638611793518],5,1.5420024394989014],[[764.5504760742188,229.5061492919922,48.66488265991211,0.7179882526397705,-5.906514957132458e-7,-0.6960552334785461,-0.0000017962177025765414,1,-0.0000027013873022951886,0.6960552334785461,0.0000031898309771349888,0.7179882526397705],5,1.5552427768707276],[[764.5501098632813,229.8784942626953,48.664756774902347,0.7179885506629944,0.000004149596406932687,-0.6960549354553223,-0.000002479045406289515,1,0.000003404429889997118,0.6960549354553223,-7.187897494986828e-7,0.7179885506629944],5,1.5740041732788087],[[764.5501098632813,230.19635009765626,48.664756774902347,0.7179886102676392,0.0000020213549305481139,-0.6960548758506775,-9.591191201252514e-7,1,0.00000191467415788793,0.6960548758506775,-7.071147365422803e-7,0.7179886102676392],5,1.5992825031280518],[[764.5501098632813,230.45970153808595,48.664756774902347,0.7179886102676392,4.716044088581839e-7,-0.6960548758506775,-1.6479664566304565e-7,1,5.07549486883363e-7,0.6960548758506775,-2.497072557616775e-7,0.7179886102676392],5,1.6056385040283204],[[764.5501098632813,230.66854858398438,48.664756774902347,0.7179886102676392,-1.1740839411800153e-8,-0.6960548758506775,3.3329087045785857e-8,1,1.7511643690681923e-8,0.6960548758506775,-3.5772036000025767e-8,0.7179886102676392],5,1.621138095855713],[[764.5501098632813,230.82290649414063,48.664756774902347,0.7179886102676392,-9.014894430947607e-8,-0.6960548758506775,4.5464773279491058e-8,1,-8.261670103593133e-8,0.6960548758506775,2.7671873681356375e-8,0.7179886102676392],5,1.6384353637695313],[[764.5501098632813,230.92276000976563,48.664756774902347,0.7131102681159973,-1.0469056377360175e-7,-0.7010518908500671,3.639796375409787e-8,1,-1.1230952168261865e-7,0.7010518908500671,5.457220808580132e-8,0.7131102681159973],5,1.656905174255371],[[764.5501098632813,230.96810913085938,48.664756774902347,0.7094287872314453,-1.0381938153614101e-7,-0.704777181148529,2.2771256880105285e-8,1,-1.243865455080595e-7,0.704777181148529,7.219473729946913e-8,0.7094287872314453],5,1.680593729019165],[[764.5501098632813,230.95896911621095,48.664756774902347,0.7336086630821228,-1.0008025697061385e-7,-0.6795721650123596,9.585897409181144e-9,1,-1.369213862290053e-7,0.6795721650123596,9.393240674171466e-8,0.7336086630821228],5,1.689948558807373],[[764.524658203125,230.89532470703126,48.66135025024414,0.8270500302314758,-8.374182414172538e-8,-0.5621283650398254,-1.565490403976355e-9,1,-1.5127605479392515e-7,0.5621283650398254,1.2599286947079237e-7,0.8270500302314758],5,1.7060248851776124],[[764.5231323242188,230.7771759033203,48.66114044189453,0.8870307803153992,-6.730449086944646e-8,-0.4617103338241577,-1.0956394902450484e-8,1,-1.6682136561030348e-7,0.4617103338241577,1.5303436384783709e-7,0.8870307803153992],5,1.7218353748321534],[[764.5231323242188,230.6045379638672,48.661136627197269,0.9317368268966675,-4.5040991381029019e-8,-0.3631342053413391,-1.635975976910231e-8,1,-1.6601019581230504e-7,0.3631342053413391,1.606186117442121e-7,0.9317368268966675],5,1.7389683723449708],[[764.5231323242188,230.3773956298828,48.661136627197269,0.9659802913665772,-9.27802457084681e-9,-0.258615642786026,-2.0807062739436334e-8,1,-1.1359419715972763e-7,0.258615642786026,1.1511078668036134e-7,0.9659802913665772],5,1.7569859027862549],[[764.5231323242188,230.0957489013672,48.661136627197269,0.9888020753860474,2.1458415488950778e-8,-0.14923301339149476,-3.106554302689801e-8,1,-6.204564328982087e-8,0.14923301339149476,6.598686752568028e-8,0.9888020753860474],5,1.772120475769043],[[764.5231323242188,229.7595977783203,48.661136627197269,0.9992781281471252,4.650708973485962e-8,-0.03799042850732803,-4.6997136848858648e-8,1,-1.200610899587673e-8,0.03799042850732803,1.378288327913424e-8,0.9992781281471252],5,1.7894887924194337],[[764.5231323242188,229.36895751953126,48.661136627197269,0.99727863073349,6.556026477255728e-8,0.07372455298900604,-6.839330524144316e-8,1,3.590281139054241e-8,-0.07372455298900604,-4.084737526000026e-8,0.99727863073349],5,1.8046543598175049],[[764.5231323242188,228.92381286621095,48.661136627197269,0.9834684729576111,7.855205552687039e-8,0.1810794472694397,-9.481956908530265e-8,1,8.117984862110461e-8,-0.1810794472694397,-9.700769965093059e-8,0.9834684729576111],5,1.8227269649505616],[[764.5231323242188,228.42416381835938,48.661136627197269,0.959131121635437,6.870293134397798e-8,0.28296205401420596,-1.0020364982210595e-7,1,9.6852247111201e-8,-0.28296205401420596,-1.2124783665967699e-7,0.959131121635437],5,1.838930368423462],[[764.5231323242188,227.87001037597657,48.661136627197269,0.9249319434165955,3.955475236239181e-8,0.380132794380188,-7.897457976469014e-8,1,8.810436469275374e-8,-0.380132794380188,-1.1151136192211198e-7,0.9249319434165955],5,1.8547630310058594],[[764.5231323242188,227.26136779785157,48.661136627197269,0.8792595863342285,1.1175115055550578e-8,0.47634291648864748,-5.6954398530706388e-8,1,8.166929177377824e-8,-0.47634291648864748,-9.893832952911908e-8,0.8792595863342285],5,1.8735888004302979],[[764.5231323242188,226.42391967773438,48.661136627197269,0.8236175179481506,-1.9760335590035539e-8,0.567145586013794,-2.8756993231127127e-8,1,7.660307943524458e-8,-0.567145586013794,-7.940104040926599e-8,0.8236175179481506],5,1.8930175304412842],[[764.5231323242188,225.69264221191407,48.661136627197269,0.7342283725738525,-4.715664658760943e-8,0.6789026260375977,-5.873568298397913e-9,1,7.581233063547188e-8,-0.6789026260375977,-5.965114269201877e-8,0.7342283725738525],5,1.908735990524292],[[764.5231323242188,224.90687561035157,48.661136627197269,0.6735057830810547,-6.833414545326377e-8,0.7391819357872009,1.6974158967286713e-8,1,7.697963155806065e-8,-0.7391819357872009,-3.929923408918512e-8,0.6735057830810547],5,1.9279909133911133],[[764.5231323242188,224.0666046142578,48.661136627197269,0.6106186509132385,-8.756385483366103e-8,0.791924774646759,3.962982830785222e-8,1,8.00140966816798e-8,-0.791924774646759,-1.7474256708283066e-8,0.6106186509132385],5,1.9440455436706544],[[764.5231323242188,223.509765625,48.661136627197269,0.5465468764305115,-1.0083432044893925e-7,0.8374285101890564,5.637786770762432e-8,1,8.361450198890452e-8,-0.8374285101890564,1.5131871311524492e-9,0.5465468764305115],7,1.9575209617614747],[[764.5231323242188,223.4619903564453,48.661136627197269,0.485224187374115,-1.1668034716194598e-7,0.8743897676467896,7.829144976767566e-8,1,8.999583656077448e-8,-0.8743897676467896,2.4789088115539927e-8,0.485224187374115],7,1.9717481136322022],[[764.5231323242188,223.550048828125,48.661136627197269,0.4340471029281616,-9.750064577929152e-8,0.9008901715278626,7.435912152686797e-8,1,7.240092969595935e-8,-0.9008901715278626,3.556398908699521e-8,0.4340471029281616],7,1.9897441864013672],[[764.5231323242188,223.61602783203126,48.661136627197269,0.4007156193256378,-4.484549265271198e-8,0.9162024855613709,4.660654084887028e-8,1,2.8563034604189853e-8,-0.9162024855613709,3.125537517689736e-8,0.4007156193256378],8,2.005328416824341],[[764.5231323242188,223.65480041503907,48.661136627197269,0.3814272880554199,7.060825257809711e-9,0.9243988394737244,1.9801657202833668e-8,1,-1.580888842056538e-8,-0.9243988394737244,2.4334569914685745e-8,0.3814272880554199],8,2.0255045890808107],[[764.5231323242188,223.67636108398438,48.661136627197269,0.36847448348999026,5.8597827035100639e-8,0.9296378493309021,-6.358277904183751e-9,1,-6.051276812968354e-8,-0.9296378493309021,1.6386515255817359e-8,0.36847448348999026],8,2.0403897762298586],[[764.4757080078125,223.68817138671876,48.78083419799805,0.35708072781562807,1.0994772736694358e-7,0.9340735077857971,-3.194779907289558e-8,1,-1.054946778822341e-7,-0.9340735077857971,7.828521830788305e-9,0.35708072781562807],8,2.058272361755371],[[764.3833618164063,223.69461059570313,49.02145767211914,0.35218068957328799,8.634809489649342e-8,0.9359320402145386,-3.119720659583436e-8,1,-8.051978284129291e-8,-0.9359320402145386,-8.409532514797036e-10,0.35218068957328799],8,2.080592393875122],[[764.289306640625,223.6981201171875,49.27079772949219,0.3521799147129059,6.272914276905795e-8,0.9359323382377625,-3.04472749235174e-8,1,-5.556622539870659e-8,-0.9359323382377625,-8.927281136550392e-9,0.3521799147129059],8,2.0894103050231935],[[764.1953125,223.70004272460938,49.5203742980957,0.36033934354782107,3.920593982797982e-8,0.9328212738037109,-2.9480297314421479e-8,1,-3.064148401676903e-8,-0.9328212738037109,-1.6458516327588769e-8,0.36033934354782107],8,2.106218099594116],[[764.101318359375,223.66748046875,49.769962310791019,0.37171921133995058,1.5825671439984036e-8,0.9283452033996582,-2.820969235983739e-8,1,-5.751724874158981e-9,-0.9283452033996582,-2.405030663510388e-8,0.37171921133995058],8,2.121781349182129],[[764.00732421875,223.58041381835938,50.01955032348633,0.39270105957984927,-7.190800843659417e-9,0.9196661710739136,-2.637587392939622e-8,1,1.9081525692854485e-8,-0.9196661710739136,-3.175033569391417e-8,0.39270105957984927],8,2.139453411102295],[[763.8898315429688,223.3949432373047,50.33153533935547,0.4118880331516266,-3.594357167457929e-8,0.911234438419342,-2.343640481683451e-8,1,5.0038433840882138e-8,-0.911234438419342,-4.1966291774997447e-8,0.4118880331516266],8,2.159139633178711],[[763.8193359375,223.24278259277345,50.51872634887695,0.44346165657043459,-5.209271947137495e-8,0.8962933421134949,-2.102716045726538e-8,1,6.852383904742965e-8,-0.8962933421134949,-4.923419893998471e-8,0.44346165657043459],8,2.1727631092071535],[[763.7018432617188,224.31289672851563,50.830711364746097,0.48675262928009035,-7.899274123701616e-8,0.8735398650169373,-1.5514965312490859e-8,1,9.907354581173422e-8,-0.8735398650169373,-6.177724998224221e-8,0.48675262928009035],3,2.193244695663452],[[763.617919921875,224.91407775878907,51.01163101196289,0.477831095457077,-9.342784323962405e-8,0.8784517049789429,-1.820666994944986e-8,1,1.162585832048535e-7,-0.8784517049789429,-7.154564940492492e-8,0.477831095457077],5,2.2117950916290285],[[763.4454956054688,225.84793090820313,51.29650115966797,0.4427884817123413,-1.1657925824692939e-7,0.8966261148452759,-2.9591401329298607e-8,1,1.4463330444414169e-7,-0.8966261148452759,-9.057438177251243e-8,0.4427884817123413],5,2.2249252796173097],[[763.3316650390625,226.36737060546876,51.46085739135742,0.5407832264900208,-1.173888577454818e-7,0.8411619663238525,-3.632347755910814e-8,1,1.6290796622797644e-7,-0.8411619663238525,-1.1865181903658595e-7,0.5407832264900208],5,2.242142915725708],[[763.167724609375,227.01226806640626,51.671077728271487,0.5650905966758728,-8.096320414097136e-8,0.8250288367271423,-3.307391693851969e-8,1,1.2078724864750257e-7,-0.8250288367271423,-9.554268132205834e-8,0.5650905966758728],5,2.2557294368743898],[[762.9913330078125,227.6026611328125,51.87093734741211,0.6266904473304749,-4.304530065724066e-8,0.7792683243751526,-3.164219819495884e-8,1,8.068487034051941e-8,-0.7792683243751526,-7.522220357714105e-8,0.6266904473304749],5,2.271528959274292],[[762.8012084960938,228.1385498046875,52.057682037353519,0.699794352054596,-6.991722756310992e-9,0.7143443822860718,-3.2760890888994257e-8,1,4.188121494053121e-8,-0.7143443822860718,-5.271079572821691e-8,0.699794352054596],5,2.2894697189331056],[[762.5953979492188,228.6199493408203,52.22679901123047,0.8102268576622009,2.9351554076129106e-8,0.5861164331436157,-3.908964529841796e-8,1,3.958128935721561e-9,-0.5861164331436157,-2.6118065932223545e-8,0.8102268576622009],5,2.305316686630249],[[762.3721313476563,229.04684448242188,52.37076950073242,0.8731186389923096,5.8962633886494589e-8,0.48750776052474978,-4.8615660830364507e-8,1,-3.387718905401016e-8,-0.48750776052474978,5.878294739858347e-9,0.8731186389923096],5,2.322129011154175],[[762.1302490234375,229.4192352294922,52.481178283691409,0.9220539331436157,8.440493104444613e-8,0.3870614171028137,-6.11990671472995e-8,1,-7.227816922750208e-8,-0.3870614171028137,4.295657163311262e-8,0.9220539331436157],5,2.3395941257476808],[[761.8762817382813,229.7371368408203,52.56076431274414,0.9594792723655701,1.0536194849919412e-7,0.28177928924560549,-7.695914661098868e-8,1,-1.118650274634092e-7,-0.28177928924560549,8.564668263488784e-8,0.9594792723655701],5,2.354020357131958],[[761.6148071289063,230.0005340576172,52.61086654663086,0.9849246740341187,8.37516225260515e-8,0.17298364639282227,-6.577668187901509e-8,1,-1.0964357954890147e-7,-0.17298364639282227,9.661237498903574e-8,0.9849246740341187],5,2.3716533184051515],[[761.28271484375,230.2531280517578,52.634254455566409,0.9945852160453796,4.663051456077483e-8,0.1039244756102562,-3.732354514340841e-8,1,-9.149979263156638e-8,-0.1039244756102562,8.71255068091159e-8,0.9945852160453796],5,2.3911149501800539],[[761.0830688476563,230.3638153076172,52.629127502441409,0.9983846545219421,1.4767797651416004e-8,-0.056816332042217258,-1.9453283428561009e-8,1,-8.191415901137589e-8,0.056816332042217258,8.288709807402484e-8,0.9983846545219421],5,2.4080235958099367],[[760.8189697265625,230.46371459960938,52.595184326171878,0.9938611388206482,-1.2407093130661906e-8,-0.11063447594642639,4.749279636229176e-9,1,-6.948076958224192e-8,0.11063447594642639,6.852879863572525e-8,0.9938611388206482],5,2.4221346378326418],[[760.5103149414063,230.51194763183595,52.51366424560547,0.9758169054985046,-4.673686149203604e-8,-0.21858957409858704,3.5502509376783567e-8,1,-5.5322463055063056e-8,0.21858957409858704,4.622411609034316e-8,0.9758169054985046],5,2.442314386367798],[[760.3427124023438,230.5,52.440731048583987,0.9446901679039002,-6.652918926874918e-8,-0.327964186668396,5.405395242519262e-8,1,-4.715440127256443e-8,0.327964186668396,2.6818540277417925e-8,0.9446901679039002],5,2.462130069732666],[[760.0951538085938,230.4119873046875,52.281063079833987,0.9362533688545227,-9.145085755335458e-8,-0.35132545232772829,8.540707341353482e-8,1,-3.2699578156325518e-8,0.35132545232772829,6.094118543131799e-10,0.9362533688545227],5,2.4749903678894045],[[759.9273071289063,230.28025817871095,52.12043380737305,0.89620041847229,-1.091405010811286e-7,-0.44364941120147707,1.1142864764224214e-7,1,-2.0913123677246405e-8,0.44364941120147707,-3.069290244184231e-8,0.89620041847229],5,2.493333578109741],[[759.7885131835938,230.09402465820313,51.932743072509769,0.8643937110900879,-1.2379577185583913e-7,-0.5028156638145447,1.3823732558648772e-7,1,-8.5604030530817e-9,0.5028156638145447,-6.210833447539699e-8,0.8643937110900879],5,2.510568380355835],[[759.6808471679688,229.85330200195313,51.72037887573242,0.8080633282661438,-1.3205037419083966e-7,-0.5890956521034241,1.664028701497955e-7,1,4.097264749702845e-9,0.5890956521034241,-1.0133805261602902e-7,0.8080633282661438],5,2.529893159866333],[[759.6071166992188,229.55807495117188,51.48752212524414,0.7565011978149414,-8.706684440085155e-8,-0.6539923548698425,1.2553125827707846e-7,1,1.2076131206129049e-8,0.6539923548698425,-9.12320885504414e-8,0.7565011978149414],5,2.5515706539154054],[[759.5697631835938,229.20834350585938,51.2391357421875,0.7031953930854797,-4.6582979251752479e-8,-0.7109966278076172,8.550711783072984e-8,1,1.9051054067631413e-8,0.7109966278076172,-7.419188818857947e-8,0.7031953930854797],5,2.5582993030548097],[[759.5668334960938,228.9102783203125,51.04603958129883,0.6393604278564453,-1.747826772202643e-8,-0.7689071297645569,5.59321620130504e-8,1,2.377731078695433e-8,0.7689071297645569,-5.8208911468682348e-8,0.6393604278564453],5,2.5727484226226808],[[759.5968017578125,228.46517944335938,50.78479766845703,0.6357260346412659,1.0514575876641175e-8,-0.7719147801399231,1.6757644161202735e-8,1,2.7422517590025565e-8,0.7719147801399231,-3.036868179151497e-8,0.6357260346412659],5,2.589076042175293],[[759.649658203125,227.965576171875,50.52360916137695,0.6241159439086914,3.5858196412164037e-8,-0.7813317775726318,-2.2294136314826575e-8,1,2.808546994970129e-8,0.7813317775726318,-1.0947176498632416e-10,0.6241159439086914],5,2.605255126953125],[[759.7174072265625,227.4812469482422,50.56196594238281,0.6375599503517151,0.002413592068478465,-0.7703969478607178,-0.0018714681500568987,0.9999970197677612,0.0015841334825381637,0.7703984379768372,0.0004317932762205601,0.6375625729560852],5,2.6231606006622316],[[759.8004760742188,226.96568298339845,50.623291015625,0.5674580931663513,0.0014145385939627886,-0.8234010934829712,-0.001020127208903432,0.9999989867210388,0.0010148853762075306,0.8234016299247742,0.0002640689199324697,0.5674589276313782],5,2.6416664123535158],[[759.9360961914063,226.2445831298828,50.65409851074219,0.5407242774963379,0.0002484468568582088,-0.8411998152732849,-0.0001662606227910146,0.9999999403953552,0.0001884756493382156,0.8411998748779297,0.00003794503936660476,0.5407243371009827],5,2.6683189868927],[[760.0345458984375,225.77105712890626,50.64812469482422,0.5426980257034302,0.000021664462110493333,-0.8399279117584229,-0.000007664173608645797,1,0.000020841231162194164,0.8399279117584229,-0.000004873141