[[[776,222.69961547851563,47,1,-1.4884568244610819e-8,7.84216475666153e-15,1.4884568244610819e-8,1,-1.4353046751125476e-8,-7.628526106705051e-15,1.4353046751125476e-8,1],8,0.008371591567993164],[[776,222.69961547851563,47,1,1.3835852463728316e-8,8.132171897142458e-15,-1.3835852463728316e-8,1,1.3341840521263748e-8,-7.947576312881434e-15,-1.3341840521263748e-8,1],8,0.029796838760375978],[[776,222.69961547851563,47,1,4.2531734578687977e-8,9.216234309191666e-15,-4.2531734578687977e-8,1,4.101307027326584e-8,-7.471877527505736e-15,-4.101307027326584e-8,1],8,0.03754854202270508],[[776,222.69961547851563,47,1,5.687047632818576e-8,1.0055344957290297e-14,-5.687047632818576e-8,1,5.483981979637065e-8,-6.936578115829435e-15,-5.483981979637065e-8,1],8,0.0446171760559082],[[776,222.69961547851563,47,1,7.120308964658762e-8,1.1092164106706396e-14,-7.120308964658762e-8,1,6.866066826205497e-8,-6.203312704819702e-15,-6.866066826205497e-8,1],8,0.05490303039550781],[[776,222.69961547851563,47,1,6.767562865661603e-8,1.105542405261924e-14,-6.767562865661603e-8,1,6.525916518285158e-8,-6.6389688546469008e-15,-6.525916518285158e-8,1],8,0.06528854370117188],[[776,222.69961547851563,47,1,5.698873195569831e-8,1.0510772550172305e-14,-5.698873195569831e-8,1,5.4953858352746468e-8,-7.379021540662983e-15,-5.4953858352746468e-8,1],8,0.0774691104888916],[[776,222.69961547851563,47,1,4.096694539157397e-8,9.886021377068268e-15,-4.096694539157397e-8,1,3.9504151061464657e-8,-8.267656511121678e-15,-3.9504151061464657e-8,1],8,0.08751106262207031],[[776,222.69961547851563,47,-0.081881083548069,-5.67497409065254e-8,0.9966421127319336,-2.8554996589491567e-8,1,5.4594949006059326e-8,-0.9966421127319336,-2.398881804310804e-8,-0.081881083548069],8,0.10348653793334961],[[776,222.69961547851563,47,-0.05826489254832268,-7.683659930535214e-8,0.9983011484146118,-9.723579275089378e-9,1,7.639985000196248e-8,-0.9983011484146118,-5.2556314855678469e-9,-0.05826489254832268],8,0.12520480155944825],[[776,222.69961547851563,47,-0.03487544506788254,-9.799848044167448e-8,0.9993916749954224,1.0991962007267375e-8,1,9.844170989481427e-8,-0.9993916749954224,1.4418473526234266e-8,-0.03487544506788254],8,0.13245415687561036],[[776,222.69961547851563,47,-0.03207996487617493,-1.0869769795363027e-7,0.9994853138923645,2.147436717336859e-8,1,1.0944292228032282e-7,-0.9994853138923645,2.4974239565267454e-8,-0.03207996487617493],8,0.1411595344543457],[[776,222.69961547851563,47,-0.031924981623888019,-1.0795506710792324e-7,0.9994902610778809,3.1147283863219857e-8,1,1.0900500768684651e-7,-0.9994902610778809,3.461139286287107e-8,-0.031924981623888019],8,0.15313076972961427],[[776,222.69961547851563,47,-0.03183376044034958,-8.516622784782158e-8,0.9994931817054749,2.9499295450818864e-8,1,8.614896529479665e-8,-0.9994931817054749,3.22267901253781e-8,-0.03183376044034958],8,0.16243958473205567],[[776,222.69961547851563,47,-0.03182324022054672,-5.0996145972703746e-8,0.9994935393333435,2.7030239380110289e-8,1,5.188261198441069e-8,-0.9994935393333435,2.866762294218006e-8,-0.03182324022054672],8,0.1744709014892578],[[776,222.69961547851563,47,-0.03181729093194008,-2.82280829821957e-8,0.9994937181472778,2.5385249458054205e-8,1,2.9050481131775997e-8,-0.9994937181472778,2.629670348142099e-8,-0.03181729093194008],8,0.1875934600830078],[[775.8384399414063,222.69961547851563,47.00514221191406,-0.03181641176342964,1.7279226938171634e-8,0.9994937181472778,2.2097411900290355e-8,1,-1.658456305619893e-8,-0.9994937181472778,2.1558564711199325e-8,-0.03181641176342964],8,0.2113945484161377],[[775.5088500976563,222.69961547851563,47.01563262939453,-0.02483184263110161,7.395766488116351e-8,0.9996916651725769,1.759348045027309e-8,1,-7.354346109877952e-8,-0.9996916651725769,1.5761834504246509e-8,-0.02483184263110161],8,0.2274785041809082],[[775.3088989257813,222.69961547851563,47.0208625793457,-0.017846236005425454,1.0791430327117269e-7,0.9998407363891602,1.4654910174272118e-8,1,-1.0766991920263536e-7,-0.9998407363891602,1.273107397281592e-8,-0.017846236005425454],8,0.2353065013885498],[[775.1089477539063,222.69961547851563,47.02471160888672,-0.014353024773299694,8.840783038976952e-8,0.9998970031738281,7.530825740786895e-9,1,-8.830883757582342e-8,-0.9998970031738281,6.262550922286891e-9,-0.014353024773299694],8,0.2474968433380127],[[774.9089965820313,222.69961547851563,47.02772521972656,-0.010860114358365536,6.893654358464119e-8,0.9999410510063171,4.789372232139044e-10,1,-6.893540671626397e-8,-0.9999410510063171,-2.697373990834251e-10,-0.010860114358365536],8,0.265794038772583],[[774.7090454101563,222.69961547851563,47.03003692626953,-0.0038732229731976988,4.950033627437733e-8,0.9999924898147583,-6.432984811510778e-9,1,-4.9525624490343037e-8,-0.9999924898147583,-6.624760295892429e-9,-0.0038732229731976988],8,0.27296924591064455],[[774.5090942382813,222.69961547851563,47.03108215332031,0.0013669682666659356,3.011041727063457e-8,0.9999990463256836,-1.3238738993948118e-8,1,-3.009234816886419e-8,-0.9999990463256836,-1.3197590575941831e-8,0.0013669682666659356],8,0.28390049934387209],[[774.2424926757813,222.69961547851563,47.03093719482422,0.008353966288268566,4.322656899091726e-9,0.9999651312828064,-2.2125165699549144e-8,1,-4.137968634410072e-9,-0.9999651312828064,-2.2089825080229276e-8,0.008353966288268566],8,0.2995877265930176],[[774.1091918945313,222.69961547851563,47.030067443847659,0.010100546292960644,-8.570093967819048e-9,0.9999489784240723,-2.6542876341295597e-8,1,8.838642706621158e-9,-0.9999489784240723,-2.663079712306171e-8,0.010100546292960644],8,0.3116593360900879],[[773.9092407226563,222.69961547851563,47.02814865112305,0.011847094632685185,-2.7910200373071349e-8,0.9999298453330994,-3.313191143661243e-8,1,2.8304702581749553e-8,-0.9999298453330994,-3.3464914395153758e-8,0.011847094632685185],8,0.32288026809692385],[[773.7092895507813,222.69961547851563,47.02585220336914,0.015340078622102738,-4.716733670306894e-8,0.9998823404312134,-3.964872519190976e-8,1,4.778117457249209e-8,-0.9998823404312134,-4.0377027943350188e-8,0.015340078622102738],8,0.3347506523132324],[[773.5759887695313,222.69961547851563,47.023929595947269,0.01708650216460228,-6.000598062883e-8,0.9998540282249451,-4.3968274354710959e-8,1,6.07661121421188e-8,-0.9998540282249451,-4.500013517372281e-8,0.01708650216460228],8,0.34354209899902346],[[773.4426879882813,222.69961547851563,47.021728515625,0.020579306408762933,-7.275212965396349e-8,0.999788224697113,-4.824060795272089e-8,1,7.376051058827216e-8,-0.999788224697113,-4.9748333452726e-8,0.020579306408762933],8,0.3524458408355713],[[773.2427368164063,222.69961547851563,47.017757415771487,0.024071982130408288,-9.19231410989596e-8,0.999710202217102,-5.4577586894311028e-8,1,9.326395655762099e-8,-0.999710202217102,-5.680682235720269e-8,0.024071982130408288],8,0.3651547431945801],[[773.1094360351563,222.69961547851563,47.01467514038086,0.02581821195781231,-1.0471371325593282e-7,0.9996666312217712,-5.877727815573053e-8,1,1.0626666124835538e-7,-0.9996666312217712,-6.150129649995506e-8,0.02581821195781231],8,0.37352871894836428],[[772.9094848632813,222.69961547851563,47.00959777832031,0.027564603835344316,-7.774756483058809e-8,0.9996200203895569,-4.100497719150553e-8,1,7.890783138009283e-8,-0.9996200203895569,-4.316445867402763e-8,0.027564603835344316],8,0.3859238624572754],[[772.7761840820313,222.69961547851563,47.00598907470703,0.031056290492415429,-5.970017014078621e-8,0.9995176196098328,-2.9226853826003209e-8,1,6.063709889758684e-8,-0.9995176196098328,-3.109591872885176e-8,0.031056290492415429],8,0.39461207389831545],[[772.5762329101563,222.69961547851563,46.99991989135742,0.03280181437730789,-3.281590466031048e-8,0.9994618892669678,-1.1616966943961416e-8,1,3.321483887930299e-8,-0.9994618892669678,-1.2700223095407637e-8,0.03280181437730789],8,0.4030740261077881],[[772.4429321289063,222.69961547851563,46.99561309814453,0.03280193358659744,-1.4938878578618643e-8,0.9994618892669678,1.1668679911203129e-10,1,1.49430920970417e-8,-0.9994618892669678,-3.7353828363784205e-10,0.03280193358659744],8,0.4150383472442627],[[772.2429809570313,222.69961547851563,46.98906326293945,0.03280193358659744,1.1862344884150389e-8,0.9994618892669678,1.7707773025676944e-8,1,-1.2449893560528836e-8,-0.9994618892669678,1.8106623755898e-8,0.03280193358659744],8,0.42638182640075686],[[772.0430297851563,222.69961547851563,46.982505798339847,0.03280169516801834,3.8646398081709779e-8,0.9994618892669678,3.5287595068211888e-8,1,-3.982532348345558e-8,-0.9994618892669678,3.657494218600732e-8,0.03280169516801834],8,0.4392373561859131],[[771.8430786132813,222.69961547851563,46.975948333740237,0.0345473550260067,6.534934016144689e-8,0.9994030594825745,5.2808342587695736e-8,1,-6.72138540380729e-8,-0.9994030594825745,5.50988801251151e-8,0.0345473550260067],8,0.45180678367614748],[[771.7097778320313,222.69961547851563,46.971405029296878,0.03454747423529625,8.318439626009422e-8,0.9994030594825745,6.4482605921512e-8,1,-8.546312102453158e-8,-0.9994030594825745,6.739664826227454e-8,0.03454747423529625],8,0.46293020248413088],[[771.5098266601563,222.69961547851563,46.96450424194336,0.03454771265387535,6.845817779321806e-8,0.9994030594825745,5.118630141964786e-8,1,-7.026849146996028e-8,-0.9994030594825745,5.3583359971298708e-8,0.03454771265387535],8,0.47174787521362307],[[771.3765258789063,222.69961547851563,46.959896087646487,0.0362931527197361,5.855225992945634e-8,0.9993411898612976,4.234452788409726e-8,1,-6.012869135929577e-8,-0.9993411898612976,4.4498889906208208e-8,0.0362931527197361],8,0.4815707206726074],[[771.2432250976563,222.69961547851563,46.955116271972659,0.03629303351044655,4.8744229985686618e-8,0.9993411898612976,3.35065344359009e-8,1,-4.999322200660572e-8,-0.9993411898612976,3.529886427600104e-8,0.03629303351044655],8,0.49086761474609377],[[771.0432739257813,222.69961547851563,46.9478645324707,0.03629279509186745,3.4040045449046377e-8,0.9993411898612976,2.0256626598325057e-8,1,-3.479814125739722e-8,-0.9993411898612976,2.1506203040644324e-8,0.03629279509186745],8,0.5023555755615234],[[770.8433227539063,222.69961547851563,46.940608978271487,0.03629279509186745,1.9345277380011795e-8,0.9993411898612976,7.01521640777969e-9,1,-1.961280027273915e-8,-0.9993411898612976,7.722397832310435e-9,0.03629279509186745],8,0.5124552249908447],[[770.7100219726563,222.69961547851563,46.93577194213867,0.036292914301157,9.553995816702355e-9,0.9993411898612976,-1.8076712349213154e-9,1,-9.494645958341153e-9,-0.9993411898612976,-1.461891940834903e-9,0.036292914301157],8,0.523158073425293],[[770.5100708007813,222.69961547851563,46.92851638793945,0.03629303351044655,-5.125079027834545e-9,0.9993411898612976,-1.5034927969281854e-8,1,5.674480885176081e-9,-0.9993411898612976,-1.5230968486434905e-8,0.03629303351044655],8,0.5337791442871094],[[770.3767700195313,222.6894073486328,46.92367935180664,0.038038719445466998,-1.4879288023905702e-8,0.9992762804031372,-2.383071873168774e-8,1,1.5797210650703165e-8,-0.9992762804031372,-2.441437629840948e-8,0.038038719445466998],8,0.5455155372619629],[[770.1768188476563,222.64854431152345,46.91642379760742,0.04152949899435043,-2.945730415149228e-8,0.999137282371521,-3.6964259209071318e-8,1,3.101917300796231e-8,-0.999137282371521,-3.8220580478309787e-8,0.04152949899435043],8,0.5547993183135986],[[770.0435180664063,222.60427856445313,46.91158676147461,0.04676470533013344,-3.9026993192692319e-8,0.9989059567451477,-4.5662005732083347e-8,1,4.120744634406037e-8,-0.9989059567451477,-4.753910332055966e-8,0.04676470533013344],8,0.5653533935546875],[[769.8435668945313,222.51231384277345,46.90433120727539,0.057230886071920398,-5.317437157259519e-8,0.9983609914779663,-5.854085927126107e-8,1,5.661751245611413e-8,-0.9983609914779663,-6.168517785454242e-8,0.057230886071920398],8,0.5755937099456787],[[769.7102661132813,222.43397521972657,46.89949417114258,0.057230886071920398,-6.293431198400867e-8,0.9983609914779663,-6.712217270887777e-8,1,6.688540565846779e-8,-0.9983609914779663,-7.084006625746042e-8,0.057230886071920398],8,0.5854065418243408],[[769.1770629882813,224.12911987304688,46.88014602661133,0.057230886071920398,-1.0193240029821027e-7,0.9983609914779663,-1.0141078377046142e-7,1,1.0791310245394925e-7,-0.9983609914779663,-1.0742053291323828e-7,0.057230886071920398],3,0.6179883480072022],[[769.0438842773438,224.5196990966797,46.873233795166019,0.057230886071920398,-1.1167151114932494e-7,0.9983609914779663,-1.099737829690639e-7,1,1.1815907186019104e-7,-0.9983609914779663,-1.1655588139092288e-7,0.057230886071920398],5,0.6315028667449951],[[768.84423828125,225.0800018310547,46.861900329589847,0.057230886071920398,-1.0198574784681114e-7,0.9983609914779663,-9.941138756630608e-8,1,1.0785191761897295e-7,-0.9983609914779663,-1.0542090933540749e-7,0.057230886071920398],5,0.6373746395111084],[[768.711181640625,225.4365234375,46.85427474975586,0.057230886071920398,-8.743820245626921e-8,0.9983609914779663,-8.457521261107104e-8,1,9.243001386494143e-8,-0.9983609914779663,-8.972644849336575e-8,0.057230886071920398],5,0.6471705436706543],[[768.578125,225.77940368652345,46.84664535522461,0.057230886071920398,-7.289688142009254e-8,0.9983609914779663,-6.974538280246634e-8,1,7.701469684207041e-8,-0.9983609914779663,-7.403868806932224e-8,0.057230886071920398],5,0.6558868885040283],[[768.445068359375,226.10867309570313,46.83901596069336,0.057230886071920398,-5.8361770527426418e-8,0.9983609914779663,-5.492188748235094e-8,1,6.160597365578724e-8,-0.9983609914779663,-5.835763161599061e-8,0.057230886071920398],5,0.6648197174072266],[[768.31201171875,226.42430114746095,46.83138656616211,0.057230886071920398,-4.3832866225557157e-8,0.9983609914779663,-4.0104719545297488e-8,1,4.620382654252353e-8,-0.9983609914779663,-4.268327202794353e-8,0.057230886071920398],5,0.6729083061218262],[[768.1124267578125,226.87220764160157,46.819942474365237,0.057230886071920398,-2.2051150239121854e-8,0.9983609914779663,-1.7890837256118176e-8,1,2.31129426708776e-8,-0.9983609914779663,-1.918428793601379e-8,0.057230886071920398],5,0.6842818260192871],[[767.9793701171875,227.15377807617188,46.812313079833987,0.057230886071920398,-7.537761526066334e-9,0.9983609914779663,-3.0894911073886534e-9,1,7.72724106923306e-9,-0.9983609914779663,-3.526664293929116e-9,0.057230886071920398],5,0.6920616626739502],[[767.77978515625,227.5505828857422,46.80086898803711,0.057230886071920398,1.422069839662754e-8,0.9983609914779663,1.910067304322638e-8,1,-1.5338988745838834e-8,-0.9983609914779663,1.9947231422179358e-8,0.057230886071920398],5,0.7037339210510254],[[767.646728515625,227.798095703125,46.79323959350586,0.057230886071920398,2.871859372532981e-8,0.9983609914779663,3.388621649946799e-8,1,-3.070826437578944e-8,-0.9983609914779663,3.5588136881870017e-8,0.057230886071920398],5,0.7143075466156006],[[767.4471435546875,228.14381408691407,46.781795501708987,0.062134239822626117,5.026744887004497e-8,0.9980677962303162,5.5946930643813178e-8,1,-5.384771384342457e-8,-0.9980677962303162,5.918461809528708e-8,0.062134239822626117],5,0.7291450500488281],[[767.1810302734375,228.5570831298828,46.765342712402347,0.06387167423963547,7.910568911029259e-8,0.9979581236839294,8.528185446721182e-8,1,-8.472578372220596e-8,-0.9979581236839294,9.05193004996363e-8,0.06387167423963547],5,0.7510709762573242],[[766.9149169921875,228.9158477783203,46.748294830322269,0.05462295934557915,9.711166626402701e-8,0.998507022857666,1.023829625523831e-7,1,-1.0285768325957179e-7,-0.998507022857666,1.0784849990841394e-7,0.05462295934557915],5,0.757758378982544],[[766.7817993164063,229.07479858398438,46.74076843261719,0.04729342460632324,8.873614376625483e-8,0.9988810420036316,9.223720098816557e-8,1,-9.320264382495225e-8,-0.9988810420036316,9.654186072793891e-8,0.04729342460632324],5,0.7687592506408691],[[766.6486206054688,229.22012329101563,46.7342414855957,0.04363694787025452,7.9907479744179e-8,0.9990474581718445,8.207799595538745e-8,1,-8.356871461501214e-8,-0.9990474581718445,8.564649789377654e-8,0.04363694787025452],5,0.7768604755401611],[[766.5154418945313,229.35182189941407,46.728309631347659,0.04342671483755112,7.072654994999539e-8,0.9990566372871399,7.194036300006701e-8,1,-7.392041823095497e-8,-0.9990566372871399,7.508261745670097e-8,0.04342671483755112],5,0.7867386341094971],[[766.1824951171875,229.6214599609375,46.7138557434082,0.04334839805960655,4.7725777108098558e-8,0.9990600347518921,4.6637506301294709e-8,1,-4.979424517159714e-8,-0.9990600347518921,4.8752166748045059e-8,0.04334839805960655],5,0.8057601451873779],[[766.04931640625,229.70545959472657,46.70808792114258,0.04496190324425697,3.8446120953494758e-8,0.998988687992096,3.654463753832715e-8,1,-4.012981946743821e-8,-0.998988687992096,3.8311995353979e-8,0.04496190324425697],5,0.8145468235015869],[[765.8495483398438,229.80593872070313,46.69915008544922,0.04661532863974571,2.4587055946767579e-8,0.9989129304885864,2.1440177633280656e-8,1,-2.5614342646917977e-8,-0.9989129304885864,2.2610892713714749e-8,0.04661532863974571],5,0.827444314956665],[[765.6497802734375,229.87574768066407,46.68986511230469,0.046705566346645358,1.080242206796811e-8,0.9989086985588074,6.343418679222168e-9,1,-1.1110819819748486e-8,-0.9989086985588074,6.855433554164847e-9,0.046705566346645358],5,0.8369629383087158],[[765.4500122070313,229.91490173339845,46.68051528930664,0.046753834933042529,-2.970449886063875e-9,0.9989064335823059,-8.74406413942097e-9,1,3.382967905807277e-9,-0.9989064335823059,-8.892668823534678e-9,0.046753834933042529],5,0.8497040271759033],[[765.3168334960938,229.92398071289063,46.67428207397461,0.04339924082159996,-1.2178052344324897e-8,0.9990578293800354,-1.8829403813924729e-8,1,1.3007489307881315e-8,-0.9990578293800354,-1.937617888359e-8,0.04339924082159996],5,0.8698091506958008],[[765.0504760742188,229.9012451171875,46.662601470947269,0.03544650599360466,-3.06894349932918e-8,0.9993715882301331,-3.9135397145173559e-8,1,3.2096817648152867e-8,-0.9993715882301331,-4.024852628958797e-8,0.03544650599360466],5,0.8771672248840332],[[764.917236328125,229.86944580078126,46.65769577026367,0.029745128005743028,-4.009925191894581e-8,0.9995574951171875,-4.9333046092669977e-8,1,4.1585071386407438e-8,-0.9995574951171875,-5.054817009408907e-8,0.029745128005743028],5,0.8840010166168213],[[764.783935546875,229.8240203857422,46.653564453125,0.0227678045630455,-4.963219879527969e-8,0.9997407793998718,-5.9590842482748488e-8,1,5.100217492781667e-8,-0.9997407793998718,-6.073660330230268e-8,0.0227678045630455],5,0.8938632011413574],[[764.583984375,229.73033142089845,46.648799896240237,0.01602952368557453,-6.381220885032235e-8,0.9998714923858643,-7.506230303988559e-8,1,6.502377658534897e-8,-0.9998714923858643,-7.609495611404782e-8,0.01602952368557453],5,0.9047911167144775],[[764.45068359375,229.65084838867188,46.64649963378906,0.002082954626530409,-7.406919166896842e-8,0.9999978542327881,-8.548204277758487e-8,1,7.424740999795176e-8,-0.9999978542327881,-8.563651476833911e-8,0.002082954626530409],5,0.915790319442749],[[764.3173828125,229.55772399902345,46.64580154418945,0.001724667614325881,-8.327398148821885e-8,0.9999985098838806,-9.592448435569168e-8,1,8.343954505107831e-8,-0.9999985098838806,-9.606824846741802e-8,0.001724667614325881],5,0.9228677749633789],[[764.117431640625,229.39251708984376,46.64544677734375,-0.009945950470864773,-9.818372603831449e-8,0.9999505281448364,-1.1170863700726841e-7,1,9.707748205300959e-8,-0.9999505281448364,-1.1073758798829658e-7,-0.009945950470864773],5,0.9352016448974609],[[763.91748046875,229.19664001464845,46.64714813232422,-0.013737477362155915,-1.123684540971226e-7,0.9999056458473206,-1.2755903355810006e-7,1,1.1062655147497935e-7,-0.9999056458473206,-1.2602727395005787e-7,-0.013737477362155915],5,0.9470913410186768],[[763.7841796875,229.0490264892578,46.648921966552737,-0.014200798235833645,-9.824929492197043e-8,0.99989914894104,-1.115875747359496e-7,1,9.66744053698676e-8,-0.99989914894104,-1.1020346590839836e-7,-0.014200798235833645],5,0.9553139209747315],[[763.65087890625,228.88778686523438,46.650814056396487,-0.014300232753157616,-8.407560159184868e-8,0.9998977184295654,-9.56322949718924e-8,1,8.271648965774148e-8,-0.9998977184295654,-9.443964898991908e-8,-0.014300232753157616],5,0.9663043022155762],[[763.450927734375,228.62037658691407,46.653682708740237,-0.014330325648188591,-6.280644981870864e-8,0.999897301197052,-7.171666993599502e-8,1,6.178507305776293e-8,-0.999897301197052,-7.082390141022188e-8,-0.014330325648188591],5,0.9788508415222168],[[763.2509765625,228.3223114013672,46.65655517578125,-0.01271004881709814,-4.142370002568896e-8,0.9999192357063294,-4.785909624160922e-8,1,4.081870486061234e-8,-0.9999192357063294,-4.733642100518409e-8,-0.01271004881709814],5,0.9894998073577881],[[763.051025390625,227.99359130859376,46.65914535522461,-0.009381815791130066,-2.000581034167226e-8,0.9999560117721558,-2.409405475134463e-8,1,1.9780634019639366e-8,-0.9999560117721558,-2.3907414714585685e-8,-0.009381815791130066],5,0.9988846778869629],[[762.984375,227.87721252441407,46.65984344482422,-0.00917141605168581,-1.2919799452504322e-8,0.9999579191207886,-1.617562439548692e-8,1,1.2771983470827309e-8,-0.9999579191207886,-1.605780575175686e-8,-0.00917141605168581],5,1.006967306137085],[[762.784423828125,227.5076141357422,46.66171646118164,-0.009178664535284043,8.310915511344774e-9,0.9999578595161438,7.57127072148478e-9,1,-8.24176815683586e-9,-0.9999578595161438,7.495303044890989e-9,-0.009178664535284043],5,1.0171031951904297],[[762.651123046875,227.2441864013672,46.662933349609378,-0.009122602641582489,2.2456077886090499e-8,0.9999583959579468,2.3393628367784914e-8,1,-2.2243593633675119e-8,-0.9999583959579468,2.3189734577044875e-8,-0.009122602641582489],5,1.0286450386047364],[[762.451171875,226.82350158691407,46.66475296020508,-0.009116150438785553,4.3663007431860026e-8,0.9999584555625916,4.71142023172888e-8,1,-4.323530333749659e-8,-0.9999584555625916,4.6718103163811978e-8,-0.009116150438785553],5,1.037468433380127],[[762.251220703125,226.3721466064453,46.66657257080078,-0.009112516418099404,6.485639403308596e-8,0.9999584555625916,7.081940367470452e-8,1,-6.421371523401831e-8,-0.9999584555625916,7.023131587402531e-8,-0.009112516418099404],5,1.0502521991729737],[[762.117919921875,226.05422973632813,46.66778564453125,-0.009111828170716763,7.897784826127463e-8,0.9999585151672363,8.661439920842895e-8,1,-7.81918814141136e-8,-0.9999585151672363,8.589832845018464e-8,-0.009111828170716763],5,1.0570390224456788],[[762.05126953125,225.89015197753907,46.668392181396487,-0.009111739695072174,8.603633716575132e-8,0.9999585151672363,9.45093603377245e-8,1,-8.51787262945436e-8,-0.9999585151672363,9.372930520612499e-8,-0.009111739695072174],5,1.0652110576629639],[[761.851318359375,225.37750244140626,46.67021179199219,-0.00911165401339531,1.0720276577558252e-7,0.9999585151672363,1.1818411849162658e-7,1,-1.0613031520279037e-7,-0.9999585151672363,1.1721218839966241e-7,-0.00911165401339531],5,1.0755722522735596],[[761.718017578125,225.01869201660157,46.671424865722659,-0.009111659601330758,9.681890134061178e-8,0.9999585151672363,1.0686876095178377e-7,1,-9.584912419313696e-8,-0.9999585151672363,1.0599097777230782e-7,-0.009111659601330758],5,1.0851881504058838],[[761.51806640625,224.45494079589845,46.67324447631836,-0.009111661463975907,8.125142159087773e-8,0.9999585151672363,8.990478761461418e-8,1,-8.043557642167798e-8,-0.9999585151672363,8.916815374959697e-8,-0.009111661463975907],5,1.09617018699646],[[761.384765625,224.06207275390626,46.67445755004883,-0.009111661463975907,7.087864162258484e-8,0.9999585151672363,7.860150930127929e-8,1,-7.016536329729206e-8,-0.9999585151672363,7.795892287276729e-8,-0.009111661463975907],5,1.105015754699707],[[761.25146484375,223.6555938720703,46.6756706237793,-0.009111661463975907,6.051028833553574e-8,0.9999585151672363,6.730305557312022e-8,1,-5.989953422158578e-8,-0.9999585151672363,6.675448105397663e-8,-0.009111661463975907],5,1.1145081520080567],[[761.051513671875,223.0203094482422,46.677490234375,-0.007365066558122635,4.484937932147659e-8,0.9999728798866272,5.039134265416578e-8,1,-4.447945300967149e-8,-0.9999728798866272,5.006238268379093e-8,-0.007365066558122635],7,1.126131296157837],[[760.918212890625,222.5797576904297,46.678531646728519,-0.005618568044155836,3.440460005776913e-8,0.9999842047691345,3.9140847007956839e-8,1,-3.418522354081688e-8,-0.9999842047691345,3.894815847615973e-8,-0.005618568044155836],7,1.1363084316253663],[[760.784912109375,222.41619873046876,46.67934799194336,-0.005618448834866285,2.4051745484143795e-8,0.9999842047691345,2.7895159959712147e-8,1,-2.3895395884210303e-8,-0.9999842047691345,2.7760464149650944e-8,-0.005618448834866285],7,1.1448843479156495],[[760.5849609375,222.43267822265626,46.68048095703125,-0.005618448834866285,8.530765427394727e-9,0.9999842047691345,1.1035637292877709e-8,1,-8.468895806856836e-9,-0.9999842047691345,1.0987881715607273e-8,-0.005618448834866285],7,1.155634880065918],[[760.45166015625,222.4832000732422,46.68122863769531,-0.005618448834866285,-1.8110286603700843e-9,0.9999842047691345,-1.980428043779625e-10,1,1.8099445275865378e-9,-0.9999842047691345,-1.8787060795943945e-10,-0.005618448834866285],7,1.1632404327392579],[[760.251708984375,222.55374145507813,46.682350158691409,-0.005618448834866285,-1.7315434419629129e-8,0.9999842047691345,-1.703956620247027e-8,1,1.721997122672292e-8,-0.9999842047691345,-1.6942546920972746e-8,-0.005618448834866285],8,1.174912929534912],[[760.118408203125,222.5900421142578,46.68309783935547,-0.005618448834866285,-2.7646185785101808e-8,0.9999842047691345,-2.8261252893457823e-8,1,2.748783423101031e-8,-0.9999842047691345,-2.8106367011559997e-8,-0.005618448834866285],8,1.1824209690093995],[[759.985107421875,222.6179962158203,46.68384552001953,-0.005618448834866285,-3.79725193511149e-8,0.9999842047691345,-3.9478145197335837e-8,1,3.7751309633904387e-8,-0.9999842047691345,-3.92654193603903e-8,-0.005618448834866285],8,1.1937849521636963],[[759.78515625,222.6475372314453,46.684967041015628,-0.005618448834866285,-5.3453749870868708e-8,0.9999842047691345,-5.6294503281151267e-8,1,5.313830087061433e-8,-0.9999842047691345,-5.5995059256019888e-8,-0.005618448834866285],8,1.2048377990722657],[[759.65185546875,222.66111755371095,46.68571472167969,-0.005618448834866285,-6.376905758997964e-8,0.9999842047691345,-6.749942116357488e-8,1,6.339082148087982e-8,-0.9999842047691345,-6.714219580317149e-8,-0.005618448834866285],8,1.2140402793884278],[[759.451904296875,222.67518615722657,46.68683624267578,-0.005618448834866285,-7.923375733298599e-8,0.9999842047691345,-8.429782383245765e-8,1,7.876138141682532e-8,-0.9999842047691345,-8.385397620713775e-8,-0.005618448834866285],8,1.2236392498016358],[[759.318603515625,222.6815948486328,46.687583923339847,-0.005618448834866285,-7.7135794640526e-8,0.9999842047691345,-8.223393166417736e-8,1,7.667497925467615e-8,-0.9999842047691345,-8.180184352113429e-8,-0.005618448834866285],8,1.2367875576019288],[[759.11865234375,222.68820190429688,46.68870544433594,-0.002124929800629616,-5.510685241461033e-8,0.9999977350234985,-5.933651792133787e-8,1,5.498089095112846e-8,-0.9999977350234985,-5.9219551928890726e-8,-0.002124929800629616],8,1.2473673820495606],[[758.9853515625,222.6912078857422,46.689109802246097,0.0013683768920600415,-4.041225665218917e-8,0.9999990463256836,-4.413031362560105e-8,1,4.047268120643821e-8,-0.9999990463256836,-4.418565424657572e-8,0.0013683768920600415],8,1.2565734386444092],[[758.785400390625,222.6942901611328,46.688987731933597,0.015341607853770256,-1.8071418139697927e-8,0.9998822808265686,-2.1639356972968927e-8,1,1.8405566848400669e-8,-0.9998822808265686,-2.191918113680913e-8,0.015341607853770256],8,1.2685599327087403],[[758.58544921875,222.69622802734376,46.686458587646487,0.02058083936572075,3.749228483229672e-9,0.9997881650924683,7.213085684298903e-10,1,-3.7648710815574308e-9,-0.9997881650924683,7.986399874759798e-10,0.02058083936572075],8,1.278623104095459],[[758.4521484375,222.69711303710938,46.683921813964847,0.025819387286901475,1.820762030035894e-8,0.9996666312217712,1.5542845233085246e-8,1,-1.861513432288575e-8,-0.9996666312217712,1.601829424657808e-8,0.025819387286901475],8,1.2892522811889649],[[758.118896484375,222.69845581054688,46.675559997558597,0.03804025426506996,5.413993875436063e-8,0.9992762207984924,5.211261466797623e-8,1,-5.6162967609907358e-8,-0.9992762207984924,5.42113518520182e-8,0.03804025426506996],8,1.3079266548156739],[[757.985595703125,222.69876098632813,46.6709098815918,0.03978570178151131,6.848616607157965e-8,0.9992082118988037,6.670335039871134e-8,1,-7.119637501773468e-8,-0.9992082118988037,6.948312858412464e-8,0.03978570178151131],8,1.3174123764038087],[[757.8524169921875,222.69898986816407,46.66572189331055,0.03978570178151131,7.071323437912724e-8,0.9992082118988037,6.925646545141717e-8,1,-7.352686992589952e-8,-0.9992082118988037,7.212695152247761e-8,0.03978570178151131],8,1.327165126800537],[[757.71923828125,222.69915771484376,46.66043472290039,0.03978570178151131,6.073420877328317e-8,0.9992082118988037,5.977968697834513e-8,1,-6.316259515415368e-8,-0.9992082118988037,6.224532711485154e-8,0.03978570178151131],8,1.3366055488586426],[[757.5194702148438,222.69932556152345,46.65248107910156,0.03978570178151131,4.5773663970294368e-8,0.9992082118988037,4.5572111417868658e-8,1,-4.762448924111595e-8,-0.9992082118988037,4.7430805949488789e-8,0.03978570178151131],8,1.3469724655151368],[[757.3862915039063,222.69940185546876,46.647178649902347,0.03978570178151131,3.5805292952773019e-8,0.9992082118988037,3.610545462606751e-8,1,-3.7271284725193257e-8,-0.9992082118988037,3.755972954877507e-8,0.03978570178151131],8,1.3548974990844727],[[757.1865234375,223.35850524902345,46.639225006103519,0.03978570178151131,2.0860728255911455e-8,0.9992082118988037,2.191305092935636e-8,1,-2.1749775314106047e-8,-0.9992082118988037,2.2761030393780858e-8,0.03978570178151131],3,1.370649814605713],[[756.9867553710938,223.9903564453125,46.63127136230469,0.03978570178151131,5.925742563306358e-9,0.9992082118988037,7.729739515127676e-9,1,-6.238214833587108e-9,-0.9992082118988037,7.971810767060106e-9,0.03978570178151131],5,1.392784833908081],[[756.65380859375,224.9752960205078,46.61801528930664,0.03825536370277405,-1.893039680567199e-8,0.9992679953575134,-1.5931526320400736e-8,1,1.9554176944325264e-8,-0.9992679953575134,-1.666791682453095e-8,0.03825536370277405],5,1.401393175125122],[[756.4540405273438,225.525390625,46.61034393310547,0.02828248403966427,-3.401601489372297e-8,0.9995999932289124,-3.025987638238803e-8,1,3.4885793809280588e-8,-0.9995999932289124,-3.123442837704715e-8,0.02828248403966427],5,1.4209346771240235],[[756.1874389648438,226.21116638183595,46.60258102416992,0.016826599836349489,-5.427821392345322e-8,0.9998584389686585,-4.95663705635252e-8,1,5.5120050745927077e-8,-0.9998584389686585,-5.048683604513826e-8,0.016826599836349489],5,1.42816162109375],[[756.0541381835938,226.5336151123047,46.60010528564453,0.010653484612703324,-6.453954171092846e-8,0.9999432563781738,-5.927897817059602e-8,1,6.517476691669799e-8,-0.9999432563781738,-5.996994900669961e-8,0.010653484612703324],5,1.439673900604248],[[755.8541870117188,226.9917449951172,46.59782028198242,0.003832039423286915,-7.986562877704273e-8,0.9999926686286926,-7.394827861162412e-8,1,8.01495900759619e-8,-0.9999926686286926,-7.425487069667725e-8,0.003832039423286915],5,1.4497520923614503],[[755.7208862304688,227.28012084960938,46.59714889526367,-0.0017188418423756958,-9.021805169595609e-8,0.9999985098838806,-8.378052029911487e-8,1,9.007418100281939e-8,-0.9999985098838806,-8.362557224472767e-8,-0.0017188418423756958],5,1.4581172466278077],[[755.5875854492188,227.5548858642578,46.59721755981445,-0.01373237743973732,-1.0117447146740233e-7,0.9999057054519653,-9.370734943559e-8,1,9.989707194790754e-8,-0.9999057054519653,-9.232669384573455e-8,-0.01373237743973732],5,1.4678480625152588],[[755.3876342773438,227.94146728515626,46.59959411621094,-0.017249874770641328,-1.1640559449688226e-7,0.9998512268066406,-1.0867255184621172e-7,1,1.1454805104449406e-7,-0.9998512268066406,-1.0668043870509791e-7,-0.017249874770641328],5,1.4800682067871094],[[755.2543334960938,228.1821746826172,46.601829528808597,-0.022748183459043504,-1.2692207462805528e-7,0.99974125623703,-1.1870177019090988e-7,1,1.242539866552761e-7,-0.99974125623703,-1.1584450021473458e-7,-0.022748183459043504],5,1.4896893501281739],[[755.0543823242188,228.51766967773438,46.606224060058597,-0.029440881684422494,-1.0315520171388926e-7,0.9995664954185486,-9.659432009812008e-8,1,1.0035488173798513e-7,-0.9995664954185486,-9.359791164342823e-8,-0.029440881684422494],5,1.5010883808135987],[[754.9210815429688,228.72430419921876,46.6099853515625,-0.03323131054639816,-8.714182087032896e-8,0.9994477033615112,-8.181687860542297e-8,1,8.446959753882766e-8,-0.9994477033615112,-7.896465348267157e-8,-0.03323131054639816],5,1.5120184421539307],[[754.7211303710938,229.0087127685547,46.61652374267578,-0.03666264936327934,-6.285966946961708e-8,0.9993277192115784,-5.959132920452248e-8,1,6.071570624044398e-8,-0.9993277192115784,-5.732526631163637e-8,-0.03666264936327934],5,1.5226514339447022],[[754.5211791992188,229.262451171875,46.6237907409668,-0.03854935243725777,-3.841503470880525e-8,0.9992566704750061,-3.7347465564607776e-8,1,3.700281681062734e-8,-0.9992566704750061,-3.589326880160115e-8,-0.03854935243725777],5,1.533104419708252],[[754.3880004882813,229.4145965576172,46.6288948059082,-0.04209638386964798,-2.218011907473283e-8,0.9991135597229004,-2.2470709737376639e-8,1,2.1253024229395124e-8,-0.9991135597229004,-2.155611511511779e-8,-0.04209638386964798],5,1.54396390914917],[[754.188232421875,229.61724853515626,46.637210845947269,-0.04544578492641449,2.280375666074974e-9,0.9989668130874634,-8.750739716179013e-11,1,-2.2867150395455839e-9,-0.9989668130874634,-1.91338542232522e-10,-0.04544578492641449],5,1.5542500019073487],[[753.9884643554688,229.78924560546876,46.6462287902832,-0.0489213652908802,2.6803068209346749e-8,0.998802661895752,2.2361044571539425e-8,1,-2.5739955944459326e-8,-0.998802661895752,2.1075035050444059e-8,-0.0489213652908802],5,1.5662388801574708],[[753.8552856445313,229.8868865966797,46.652671813964847,-0.050841785967350009,4.318704327488376e-8,0.9987066984176636,3.7347902548390269e-8,1,-4.134167497227281e-8,-0.9987066984176636,3.519771851756559e-8,-0.050841785967350009],5,1.5770633220672608],[[753.655517578125,230.00778198242188,46.66278839111328,-0.052559465169906619,6.775095329203396e-8,0.9986177682876587,5.985788931184288e-8,1,-6.469426949706758e-8,-0.9986177682876587,5.6374858559138377e-8,-0.052559465169906619],5,1.5873003005981446],[[753.5223388671875,230.0713653564453,46.66975784301758,-0.057742901146411899,8.437854859266736e-8,0.9983314871788025,7.492904074979379e-8,1,-8.018571406864794e-8,-0.9983314871788025,7.017386138841175e-8,-0.057742901146411899],5,1.597231388092041],[[753.3226928710938,230.14117431640626,46.68114471435547,-0.05946993827819824,1.0898789781776941e-7,0.9982300996780396,9.757117425124307e-8,1,-1.0336830058577107e-7,-0.9982300996780396,9.125117372832392e-8,-0.05946993827819824],5,1.60764479637146],[[753.1896362304688,230.17068481445313,46.68904113769531,-0.06134461984038353,1.118938186550622e-7,0.998116672039032,1.004109932978281e-7,1,-1.0593365828981405e-7,-0.998116672039032,9.37234219122729e-8,-0.06134461984038353],5,1.61781907081604],[[753.0565795898438,230.1865692138672,46.697166442871097,-0.06645818054676056,1.0153882357144539e-7,0.997789204120636,9.090783947840464e-8,1,-9.570884174081584e-8,-0.997789204120636,8.434622600361763e-8,-0.06645818054676056],5,1.629364013671875],[[752.7904663085938,230.17745971679688,46.71474075317383,-0.06969992071390152,8.015466335109522e-8,0.9975680112838745,7.184703321172492e-8,1,-7.5330135018703e-8,-0.9975680112838745,6.64217978396664e-8,-0.06969992071390152],5,1.6409265995025635],[[752.6574096679688,230.15248107910157,46.723976135253909,-0.0717601329088211,6.946082464764913e-8,0.99742192029953,6.230977334098498e-8,1,-6.515745099022752e-8,-0.99742192029953,5.7473425130183389e-8,-0.0717601329088211],5,1.6510472297668458],[[752.5244140625,230.11386108398438,46.733489990234378,-0.08025539666414261,5.9132528207328508e-8,0.9967743158340454,5.267617098070332e-8,1,-5.508266198717138e-8,-0.9967743158340454,4.80855746332054e-8,-0.08025539666414261],5,1.6618943214416505],[[752.3250122070313,230.0303955078125,46.74927520751953,-0.08365918695926666,4.3071700872587829e-8,0.9964944124221802,3.81892064638123e-8,1,-4.0017106073264588e-8,-0.9964944124221802,3.470753284773309e-8,-0.08365918695926666],5,1.6714847087860108],[[752.125732421875,229.91627502441407,46.76594543457031,-0.08723174780607224,2.6972575284389678e-8,0.9961880445480347,2.3663826453912408e-8,1,-2.5003650705457404e-8,-0.9961880445480347,2.139250909749535e-8,-0.08723174780607224],5,1.6826627254486085],[[752.0685424804688,229.83631896972657,46.7860107421875,-0.043149691075086597,0.00013466147356666625,0.9990686178207398,0.0059647271409630779,0.9999821782112122,0.00012283146497793496,-0.9990507960319519,0.005964471492916346,-0.04314972832798958],5,1.6943809986114503],[[752.0743408203125,229.75592041015626,46.83386993408203,-0.04771649092435837,0.00004621587140718475,0.9988608956336975,0.009869428351521492,0.999951183795929,0.000425205216743052,-0.9988121390342712,0.009878475219011307,-0.04771461710333824],5,1.7032151222229005],[[752.115966796875,229.60977172851563,46.949424743652347,-0.07478716969490051,0.0002470688195899129,0.9971994757652283,0.007236302364617586,0.9999737739562988,0.0002949463087134063,-0.9971732497215271,0.007238095160573721,-0.07478699833154679],5,1.7140750885009766],[[752.1520385742188,229.4953155517578,47.04869842529297,-0.09145741164684296,0.0002483973221387714,0.9958089590072632,0.004509463906288147,0.9999898076057434,0.0001647194440010935,-0.9957987666130066,0.004505629185587168,-0.09145759791135788],5,1.72308349609375],[[752.19140625,229.29806518554688,47.18776321411133,-0.09164822101593018,0.00009573866555001587,0.9957914352416992,0.0016053625149652362,0.9999986886978149,0.00005160727596376091,-0.9957901239395142,0.001603335957042873,-0.09164825826883316],5,1.7339065074920655],[[752.2066650390625,229.1495361328125,47.27510452270508,-0.09097788482904434,0.00003675691914395429,0.9958528876304627,0.000584412191528827,0.9999998211860657,0.000016480020349263215,-0.9958527684211731,0.000583487912081182,-0.09097789227962494],5,1.745116949081421],[[752.212890625,228.9011993408203,47.397911071777347,-0.04368376359343529,-0.000019351744413143025,0.9990454316139221,-0.00004336088022682816,1,0.000017474258129368537,-0.9990454316139221,-0.00004255614840076305,-0.04368376359343529],5,1.7565052509307862],[[752.199462890625,228.62220764160157,47.51021194458008,0.016880223527550699,-0.000013843369742971845,0.9998575448989868,-0.00014759539044462144,1,0.00001633714055060409,-0.999857485294342,-0.00014785013627260923,0.016880221664905549],5,1.7670931816101075],[[752.1669921875,228.31256103515626,47.611000061035159,0.1116071566939354,0.000002933084260803298,0.9937524199485779,-0.00009979469905374572,1,0.000008256301043729764,-0.9937524199485779,-0.0001000926858978346,0.1116071566939354],5,1.778334140777588],[[752.3526611328125,228.28665161132813,47.64822006225586,0.40205082297325137,0.0034311716444790365,0.9156109094619751,-0.004092253744602203,0.9999897480010986,-0.0019504379015415907,-0.9156082272529602,-0.002962737111374736,0.40206074714660647],7,1.7898385524749756],[[752.6107177734375,228.46043395996095,47.60591506958008,0.9367409348487854,0.0026721786707639696,0.35001322627067568,-0.002237840322777629,0.9999961256980896,-0.0016453445423394442,-0.3500162661075592,0.000757987960241735,0.9367433190345764],7,1.8138039112091065],[[752.5928955078125,228.52023315429688,47.56321716308594,0.9862506985664368,0.0010178267257288099,0.16525274515151978,-0.0007003535865806043,0.9999977946281433,-0.0019793936517089607,-0.1652543991804123,0.0018364430870860816,0.986249268054