[[[776,222.69961547851563,47,1,4.0900207665117708e-8,9.487956549440215e-15,-4.0900207665117708e-8,1,4.727132463244743e-8,-7.554548790190703e-15,-4.727132463244743e-8,1],8,0.009706974029541016],[[776,222.69961547851563,47,1,6.096488647244769e-8,1.090676977037611e-14,-6.096488647244769e-8,1,7.046151040412951e-8,-6.6110917298033409e-15,-7.046151040412951e-8,1],8,0.034282684326171878],[[776,222.69961547851563,47,1,5.8929085611225676e-8,1.1109980597718943e-14,-5.8929085611225676e-8,1,6.810858366179673e-8,-7.0964043391303758e-15,-6.810858366179673e-8,1],8,0.04246187210083008],[[776,222.69961547851563,47,1,4.353385207878091e-8,1.0347421399261366e-14,-4.353385207878091e-8,1,5.0315190236460697e-8,-8.157007750188902e-15,-5.0315190236460697e-8,1],8,0.05462074279785156],[[776,222.69961547851563,47,1,3.327584252588167e-8,9.986766628781747e-15,-3.327584252588167e-8,1,3.845926244139264e-8,-8.707002336467117e-15,-3.845926244139264e-8,1],8,0.06434965133666992],[[776,222.69961547851563,47,1,1.7897047399628719e-8,9.672225178983599e-15,-1.7897047399628719e-8,1,2.068486715245399e-8,-9.302026888287265e-15,-2.068486715245399e-8,1],8,0.0767660140991211],[[776,222.69961547851563,47,1,2.5281083892991775e-9,9.630390221718709e-15,-2.5281083892991775e-9,1,2.9218603092573405e-9,-9.623004094418651e-15,-2.9218603092573405e-9,1],8,0.08717846870422363],[[776,222.69961547851563,47,1,-7.712379179736218e-9,9.75395708213006e-15,7.712379179736218e-9,1,-8.913820792599836e-9,-9.685210194065007e-15,8.913820792599836e-9,1],8,0.09869623184204102],[[776,222.69961547851563,47,1,-2.306490642922654e-8,1.0166174136240838e-14,2.306490642922654e-8,1,-2.6657863472223654e-8,-9.551312919828942e-15,2.6657863472223654e-8,1],8,0.11050963401794434],[[776,222.69961547851563,47,1,-3.840759532636184e-8,1.0850185428400682e-14,3.840759532636184e-8,1,-4.439053569171847e-8,-9.14525125414586e-15,4.439053569171847e-8,1],8,0.1276862621307373],[[776,222.69961547851563,47,1,-6.395688956217782e-8,1.2592784616721059e-14,6.395688956217782e-8,1,-7.391974321535599e-8,-7.86510749107086e-15,7.391974321535599e-8,1],8,0.13993120193481446],[[776,222.69961547851563,47,1,-6.595990953428555e-8,1.3000865608950394e-14,6.595990953428555e-8,1,-7.623477671359069e-8,-7.97242656548798e-15,7.623477671359069e-8,1],8,0.16102957725524903],[[776,222.69961547851563,47,1,-5.265214042537991e-8,1.2232682958755997e-14,5.265214042537991e-8,1,-6.085399206767761e-8,-9.028590253353473e-15,6.085399206767761e-8,1],8,0.1708078384399414],[[776,222.69961547851563,47,1,-3.2701144903057869e-8,1.1478301016371213e-14,3.2701144903057869e-8,1,-3.779513590984607e-8,-1.024235627951689e-14,3.779513590984607e-8,1],8,0.18221354484558106],[[776,222.69961547851563,47,1,-1.2762937373622663e-8,1.1188104987543048e-14,1.2762937373622663e-8,1,-1.4751054600026237e-8,-1.0999838362488624e-14,1.4751054600026237e-8,1],8,0.19654297828674317],[[776,222.69961547851563,47,1,7.162492821066735e-9,1.1357803803360711e-14,-7.162492821066735e-9,1,8.27826074356608e-9,-1.1298510650019963e-14,-8.27826074356608e-9,1],8,0.2089998722076416],[[776,222.69961547851563,47,1,2.7075152786437685e-8,1.1985838076168307e-14,-2.7075152786437685e-8,1,3.129282077907192e-8,-1.1138580665182984e-14,-3.129282077907192e-8,1],8,0.23079848289489747],[[776,222.69961547851563,47,1,5.3605518246513387e-8,1.3534448931875557e-14,-5.3605518246513387e-8,1,6.195595858571323e-8,-1.0213267474042283e-14,-6.195595858571323e-8,1],8,0.2375955581665039],[[776,222.69961547851563,47,1,7.348841535304018e-8,1.5228161613645154e-14,-7.348841535304018e-8,1,8.493612568827302e-8,-8.986340249944429e-15,-8.493612568827302e-8,1],8,0.2511720657348633],[[776,222.69961547851563,47,1,5.829063809414947e-8,1.42528726315835e-14,-5.829063809414947e-8,1,6.737091240438531e-8,-1.0325779707459019e-14,-6.737091240438531e-8,1],8,0.26160526275634768],[[776,222.69961547851563,47,1,4.310260237616603e-8,1.3508196839741305e-14,-4.310260237616603e-8,1,4.9816947012004678e-8,-1.1360956459990392e-14,-4.9816947012004678e-8,1],8,0.2736659049987793],[[776,222.69961547851563,47,1,3.298265482953866e-8,1.3155408464242836e-14,-3.298265482953866e-8,1,3.8120553824683159e-8,-1.1898091392063392e-14,-3.8120553824683159e-8,1],8,0.2834460735321045],[[776,222.69961547851563,47,1,1.7810839025855786e-8,1.2846577710575076e-14,-1.7810839025855786e-8,1,2.0585330773315037e-8,-1.2479936111224263e-14,-2.0585330773315037e-8,1],8,0.2957174777984619],[[776,222.69961547851563,47,1,2.6487465554225766e-9,1.2803154566534084e-14,-2.6487465554225766e-9,1,3.061343178956122e-9,-1.2795045920130019e-14,-3.061343178956122e-9,1],8,0.3084595203399658],[[776,222.69961547851563,47,1,-7.453915706889802e-9,1.2921612124207598e-14,7.453915706889802e-9,1,-8.61507665206318e-9,-1.2857396015377408e-14,8.61507665206318e-9,1],8,0.3179512023925781],[[776,222.69961547851563,47,1,-2.2599817128821088e-8,1.3320101315342226e-14,2.2599817128821088e-8,1,-2.6120353879832693e-8,-1.2729786266708811e-14,2.6120353879832693e-8,1],8,0.3320000171661377],[[776,222.69961547851563,47,1,-3.773601164880347e-8,1.3983121437003213e-14,3.773601164880347e-8,1,-4.361441696687507e-8,-1.2337287292577167e-14,4.361441696687507e-8,1],8,0.34230947494506838],[[776,222.69961547851563,47,1,-4.7821416160331867e-8,1.457184660479463e-14,4.7821416160331867e-8,1,-5.5270895416015267e-8,-1.1928714174205477e-14,5.5270895416015267e-8,1],8,0.35307860374450686],[[776,222.69961547851563,47,1,-6.797930041102518e-8,1.610073260425917e-14,6.797930041102518e-8,1,-7.856892381141734e-8,-1.0759672334690034e-14,7.856892381141734e-8,1],8,0.36673903465270998],[[776,222.69961547851563,47,1,-7.805178370290378e-8,1.704059189220307e-14,7.805178370290378e-8,1,-9.021047731039289e-8,-9.999504310242557e-15,9.021047731039289e-8,1],8,0.3775467872619629],[[776,222.69961547851563,47,1,-5.840885108909788e-8,1.567533402342322e-14,5.840885108909788e-8,1,-6.750762082674555e-8,-1.173229146890194e-14,6.750762082674555e-8,1],8,0.38925838470458987],[[776,222.69961547851563,47,1,-3.877850929256965e-8,1.4791599138564393e-14,3.877850929256965e-8,1,-4.48193127056129e-8,-1.305357308112624e-14,4.48193127056129e-8,1],8,0.40073633193969729],[[776,222.69961547851563,47,1,-1.9160745878821218e-8,1.43602289754503e-14,1.9160745878821218e-8,1,-2.2145542288853904e-8,-1.3935904432391469e-14,2.2145542288853904e-8,1],8,0.4153015613555908],[[776,222.69961547851563,47,1,6.9767129851072699e-9,1.4478312144561128e-14,-6.9767129851072699e-9,1,8.06355426874461e-9,-1.442205391027039e-14,-8.06355426874461e-9,1],8,0.43187999725341799],[[776,222.69961547851563,47,1,3.309183682631556e-8,1.5384947412181925e-14,-3.309183682631556e-8,1,3.824684569053716e-8,-1.411928875953792e-14,-3.824684569053716e-8,1],8,0.4476187229156494],[[776,222.69961547851563,47,1,5.2663533978147828e-8,1.6581005367550043e-14,-5.2663533978147828e-8,1,6.086739290367405e-8,-1.3375512516685708e-14,-6.086739290367405e-8,1],8,0.46033239364624026],[[776,222.69961547851563,47,1,7.222269005069393e-8,1.8218452191732377e-14,-7.222269005069393e-8,1,8.347344504500143e-8,-1.2189775657779883e-14,-8.347344504500143e-8,1],8,0.471890926361084],[[776,222.69961547851563,47,1,5.729758001393748e-8,1.7277291861181495e-14,-5.729758001393748e-8,1,6.622332193728653e-8,-1.348285530802535e-14,-6.622332193728653e-8,1],8,0.48433399200439455],[[776,222.69961547851563,47,1,4.238203388240436e-8,1.655825745071858e-14,-4.238203388240436e-8,1,4.89842477691127e-8,-1.4482205107986709e-14,-4.89842477691127e-8,1],8,0.4960765838623047],[[776,222.69961547851563,47,1,2.747604632702405e-8,1.608942302034743e-14,-2.747604632702405e-8,1,3.175622254047994e-8,-1.5216887605117199e-14,-3.175622254047994e-8,1],8,0.5112619400024414],[[776,222.69961547851563,47,1,1.7544028452221029e-8,1.5918667954444543e-14,-1.7544028452221029e-8,1,2.0277004963986657e-8,-1.5562927669124893e-14,-2.0277004963986657e-8,1],8,0.5196311473846436],[[776,222.69961547851563,47,1,2.6539594966124015e-9,1.5875882626212834e-14,-2.6539594966124015e-9,1,3.067373466336676e-9,-1.5867740945523825e-14,-3.067373466336676e-9,1],8,0.5298435688018799],[[776,222.69961547851563,47,1,-1.2226566425965757e-8,1.6088952070028758e-14,1.2226566425965757e-8,1,-1.4131232184411147e-8,-1.591617598351372e-14,1.4131232184411147e-8,1],8,0.543327808380127],[[776,222.69961547851563,47,1,-2.709755442253936e-8,1.655746123974816e-14,2.709755442253936e-8,1,-3.131881953777338e-8,-1.5708798601103345e-14,3.131881953777338e-8,1],8,0.5558018684387207],[[776,222.69961547851563,47,1,-4.195901226466958e-8,1.7280932408788794e-14,4.195901226466958e-8,1,-4.849539436690975e-8,-1.524611362992926e-14,4.849539436690975e-8,1],8,0.5677647590637207],[[776,222.69961547851563,47,1,-6.175947220299349e-8,1.8641328308451403e-14,6.175947220299349e-8,1,-7.138037716458712e-8,-1.42329131472144e-14,7.138037716458712e-8,1],8,0.5822834968566895],[[776,222.69961547851563,47,1,-7.659871670284702e-8,1.9957815714194243e-14,7.659871670284702e-8,1,-8.853128719010783e-8,-1.3176432669026635e-14,8.853128719010783e-8,1],8,0.5957677364349365],[[776,222.69961547851563,47,1,-6.37498089872679e-8,1.9027109464278374e-14,6.37498089872679e-8,1,-7.368078058789252e-8,-1.4329972958574377e-14,7.368078058789252e-8,1],8,0.6069803237915039],[[776,222.69961547851563,47,1,-4.4486746730854068e-8,1.8026927877962813e-14,4.4486746730854068e-8,1,-5.141691161725248e-8,-1.5739557755549937e-14,5.141691161725248e-8,1],8,0.6177198886871338],[[776,222.69961547851563,47,1,-1.882187028456883e-8,1.7376482807436763e-14,1.882187028456883e-8,1,-2.175394087089444e-8,-1.696703385699761e-14,2.175394087089444e-8,1],8,0.631758451461792],[[776,222.69961547851563,47,1,4.123969499225666e-10,1.7389943855034528e-14,-4.123969499225666e-10,1,4.766582129001051e-10,-1.7389747343390765e-14,-4.766582129001051e-10,1],8,0.6463785171508789],[[776,222.69961547851563,47,1,3.244211654873652e-8,1.8361399165976907e-14,-3.244211654873652e-8,1,3.74960080762321e-8,-1.7144949739436589e-14,-3.74960080762321e-8,1],8,0.668006181716919],[[776,222.69961547851563,47,1,5.164352501196845e-8,1.951210697734903e-14,-5.164352501196845e-8,1,5.968864513761219e-8,-1.6429574511305814e-14,-5.968864513761219e-8,1],8,0.6813268661499023],[[776,222.69961547851563,47,1,7.083262687501701e-8,2.1087661104075493e-14,-7.083262687501701e-8,1,8.186706423884971e-8,-1.5288802396404983e-14,-8.186706423884971e-8,1],8,0.6907362937927246],[[776,222.69961547851563,47,1,6.591371004560642e-8,2.0902985898717427e-14,-6.591371004560642e-8,1,7.618186259605864e-8,-1.5881556052893543e-14,-7.618186259605864e-8,1],8,0.7028236389160156],[[776,222.69961547851563,47,1,5.4605990840173038e-8,2.0234892049702386e-14,-5.4605990840173038e-8,1,6.31126013672656e-8,-1.678856740314292e-14,-6.31126013672656e-8,1],8,0.7147307395935059],[[776,222.69961547851563,47,1,3.76534714519039e-8,1.9503294446565797e-14,-3.76534714519039e-8,1,4.3519175818573788e-8,-1.786464483559836e-14,-4.3519175818573788e-8,1],8,0.7282536029815674],[[776,222.69961547851563,47,1,1.50670125265151e-8,1.9041607280203579e-14,-1.50670125265151e-8,1,1.7414132358339886e-8,-1.877922866039619e-14,-1.7414132358339886e-8,1],8,0.7453198432922363],[[776,222.69961547851563,47,1,-1.860167686551506e-9,1.9081638057290817e-14,1.860167686551506e-9,1,-2.1500154989695376e-9,-1.907763836771388e-14,2.1500154989695376e-9,1],8,0.7542505264282227],[[776,222.69961547851563,47,1,-1.3138926391320638e-8,1.9292064758311308e-14,1.3138926391320638e-8,1,-1.5185817048291029e-8,-1.909253937132198e-14,1.5185817048291029e-8,1],8,0.7642748355865479],[[776,222.69961547851563,47,1,-3.568198536640921e-8,2.015310254831551e-14,3.568198536640921e-8,1,-4.124071395494866e-8,-1.868155051498472e-14,4.124071395494866e-8,1],8,0.7790310382843018],[[776,222.69961547851563,47,1,-5.257664170699172e-8,2.1183308064479449e-14,5.257664170699172e-8,1,-6.076727743220545e-8,-1.79883692441379e-14,6.076727743220545e-8,1],8,0.790442943572998],[[776,222.69961547851563,47,1,-6.383372408436117e-8,2.205282296021977e-14,6.383372408436117e-8,1,-7.377803967756336e-8,-1.734329605656334e-14,7.377803967756336e-8,1],8,0.8017158508300781],[[776,222.69961547851563,47,1,-6.924132378571812e-8,2.263801261248935e-14,6.924132378571812e-8,1,-8.002805174101013e-8,-1.709676542319908e-14,8.002805174101013e-8,1],8,0.8139457702636719],[[775.89892578125,222.69961547851563,47.000732421875,0.9951267242431641,-5.232568511814861e-8,0.09860420972108841,5.795761026661239e-8,1,-5.4252090819773e-8,-0.09860420972108841,5.970257177523308e-8,0.9951267242431641],8,0.8277270793914795],[[775.6417846679688,222.69961547851563,46.997032165527347,0.9597110748291016,-3.24280264862864e-8,0.2809886038303375,4.0260925260326988e-8,1,-2.210349059339478e-8,-0.2809886038303375,3.252582558843642e-8,0.9597110748291016],8,0.8498225212097168],[[775.3756103515625,222.69961547851563,46.98530960083008,0.8970378637313843,-1.5345149151357874e-8,0.4419536590576172,1.624626833063303e-8,1,1.7459539369824029e-9,-0.4419536590576172,5.613911113755421e-9,0.8970378637313843],8,0.8576633930206299],[[775.2426147460938,222.69961547851563,46.975738525390628,0.8609899282455444,-7.605161833623697e-9,0.5086219906806946,2.6431010713423577e-9,1,1.0478269807379093e-8,-0.5086219906806946,-7.677345870149566e-9,0.8609899282455444],8,0.8676602840423584],[[774.97705078125,222.69961547851563,46.951412200927737,0.7862048149108887,6.747087777370098e-9,0.6179660558700562,-2.6273024644751787e-8,1,2.2507531838300566e-8,-0.6179660558700562,-3.393136793761187e-8,0.7862048149108887],8,0.8829305171966553],[[774.7783203125,222.69961547851563,46.92926025390625,0.7306442260742188,1.676932193106495e-8,0.6827583909034729,-4.8689198450801999e-8,1,2.7542920832956953e-8,-0.6827583909034729,-5.336703523539654e-8,0.7306442260742188],8,0.8998770713806152],[[774.5138549804688,222.69961547851563,46.89514923095703,0.07963877171278,-7.139449920146035e-9,0.996823787689209,-7.334278251391879e-8,1,1.3021738354268564e-8,-0.996823787689209,-7.414686109541435e-8,0.07963877171278],8,0.9155395030975342],[[774.2498779296875,222.69961547851563,46.857242584228519,0.12815243005752564,1.0684054529974674e-8,0.9917544722557068,-9.756683994055493e-8,1,1.83449921919987e-9,-0.9917544722557068,-9.699744651925357e-8,0.12815243005752564],8,0.9391686916351318],[[773.9859619140625,222.69961547851563,46.81879425048828,0.14754913747310639,2.573345092571344e-8,0.9890547394752502,-1.2182395892068599e-7,1,-7.844288774094821e-9,-0.9890547394752502,-1.1933315136047896e-7,0.14754913747310639],8,0.9472291469573975],[[773.7882080078125,222.69961547851563,46.78911209106445,0.14920881390571595,2.2165117741224095e-8,0.9888057112693787,-8.80280524029331e-8,1,-9.132792300192705e-9,-0.9888057112693787,-8.567995024577613e-8,0.14920881390571595],8,0.9585292339324951],[[773.6563720703125,222.69961547851563,46.769203186035159,0.1493714600801468,1.9655551852792997e-8,0.9887811541557312,-6.55104201996437e-8,1,-9.982152882059836e-9,-0.9887811541557312,-6.328441770619975e-8,0.1493714600801468],8,0.9675874710083008],[[773.4586181640625,222.69961547851563,46.739322662353519,0.14420686662197114,1.5538203612663893e-8,0.9895475506782532,-3.174614704448686e-8,1,-1.1075961481310515e-8,-0.9895475506782532,-2.9817094571171768e-8,0.14420686662197114],8,0.9789576530456543],[[773.32666015625,222.69961547851563,46.71991729736328,0.1442178189754486,1.3014959776569413e-8,0.9895459413528442,-9.24873067020826e-9,1,-1.1804533350812108e-8,-0.9895459413528442,-7.4496200319629228e-9,0.1442178189754486],8,0.987684965133667],[[773.1947021484375,222.69961547851563,46.70066452026367,0.11998005211353302,1.030637353238717e-8,0.9927762746810913,1.325013521125129e-8,1,-1.1982684178235559e-8,-0.9927762746810913,1.4592103525501443e-8,0.11998005211353302],8,0.9978859424591065],[[772.9301147460938,222.69961547851563,46.66771697998047,0.10956969857215882,5.416842085992357e-9,0.9939790964126587,5.8220283705168188e-8,1,-1.1867474114524157e-8,-0.9939790964126587,5.9170059074631357e-8,0.10956969857215882],8,1.0113747119903565],[[772.7976684570313,222.69961547851563,46.652732849121097,0.0852329209446907,4.3426799933854458e-9,0.9963610768318176,8.068281687201307e-8,1,-1.1260488541608993e-8,-0.9963610768318176,8.134897910849759e-8,0.0852329209446907],8,1.0261926651000977],[[772.5321044921875,222.69961547851563,46.62899398803711,0.07304450124502182,6.364372917566641e-10,0.9973286986351013,1.0699049823870155e-7,1,-8.474141388603585e-9,-0.9973286986351013,1.0732368593835418e-7,0.07304450124502182],8,1.0393939018249512],[[772.3327026367188,222.69961547851563,46.6139030456543,0.04689151793718338,6.78352596317211e-10,0.9988999962806702,8.48290255817119e-8,1,-4.66124161491166e-9,-0.9988999962806702,8.49542800551717e-8,0.04689151793718338],8,1.0623283386230469],[[771.9998168945313,222.69961547851563,46.59720993041992,0.006733826827257872,-5.220106569225891e-10,0.9999773502349854,4.769952965943958e-8,1,2.0081486473699784e-10,-0.9999773502349854,4.76970960505696e-8,0.006733826827257872],8,1.0705785751342774],[[771.8665161132813,222.69961547851563,46.59492492675781,-0.003746398026123643,-1.8655021971625276e-9,0.9999929666519165,3.283927796360331e-8,1,1.9885451063572647e-9,-0.9999929666519165,3.284649707779863e-8,-0.003746398026123643],8,1.0802242755889893],[[771.6665649414063,222.69961547851563,46.59506607055664,-0.012479713186621666,-4.342174175775426e-9,0.9999220967292786,1.0538248496061442e-8,1,4.4740366966777859e-9,-0.9999220967292786,1.0593263155556088e-8,-0.012479713186621666],8,1.0906040668487549],[[771.5332641601563,222.69961547851563,46.59640121459961,-0.021212195977568628,-6.0909122190366819e-9,0.9997749924659729,-4.335057646187579e-9,1,6.000306029818603e-9,-0.9997749924659729,-4.206802461936832e-9,-0.021212195977568628],8,1.1015489101409913],[[771.3333129882813,222.69961547851563,46.60026168823242,-0.021212076768279077,-8.851567478984635e-9,0.9997749924659729,-2.6633101057882415e-8,1,8.288489006247346e-9,-0.9997749924659729,-2.6451290935369799e-8,-0.021212076768279077],8,1.1129250526428223],[[771.1333618164063,222.69961547851563,46.6044807434082,-0.021212195977568628,-1.1610456596145014e-8,0.9997749924659729,-4.891685279062585e-8,1,1.0575202047391486e-8,-0.9997749924659729,-4.868152458925579e-8,-0.021212195977568628],8,1.1265068054199219],[[770.9334106445313,222.69961547851563,46.608726501464847,-0.021212195977568628,-1.436757379735809e-8,0.9997749924659729,-7.118632083802368e-8,1,1.286044959414312e-8,-0.9997749924659729,-7.089750653221927e-8,-0.021212195977568628],8,1.1357793807983399],[[770.8001098632813,222.69961547851563,46.61155700683594,-0.021212195977568628,-1.6204669606167955e-8,0.9997749924659729,-8.602470558116693e-8,1,1.4383132906914398e-8,-0.9997749924659729,-8.570025045173679e-8,-0.021212195977568628],8,1.1452202796936036],[[770.6668090820313,222.69961547851563,46.61438751220703,-0.021212195977568628,-1.8040980265254804e-8,0.9997749924659729,-1.008567522831072e-7,1,1.5905166961260876e-8,-0.9997749924659729,-1.0049667054090605e-7,-0.021212195977568628],8,1.1575801372528077],[[770.3335571289063,222.69961547851563,46.621463775634769,-0.021212195977568628,-1.6810298930636237e-8,0.9997749924659729,-1.0181916820783954e-7,1,1.4653787516749617e-8,-0.9997749924659729,-1.0148541917942566e-7,-0.021212195977568628],8,1.1753933429718018],[[770.2002563476563,222.6894073486328,46.62429428100586,-0.021212195977568628,-1.2828323292524147e-8,0.9997749924659729,-8.055449995936215e-8,1,1.112208813935922e-8,-0.9997749924659729,-8.030044540419112e-8,-0.021212195977568628],8,1.1849913597106934],[[770.0669555664063,222.6655731201172,46.62712478637695,-0.021212195977568628,-8.848050292442622e-9,0.9997749924659729,-5.929890889433409e-8,1,7.591898665282315e-9,-0.9997749924659729,-5.9124527496123849e-8,-0.021212195977568628],8,1.1939475536346436],[[769.8003540039063,223.52847290039063,46.63278579711914,-0.021212195977568628,-8.926074879234136e-10,0.9997749924659729,-1.6814979630908057e-8,1,5.360454302660855e-10,-0.9997749924659729,-1.6799825530711133e-8,-0.021212195977568628],3,1.2102093696594239],[[769.6004028320313,224.13987731933595,46.63703155517578,-0.021212084218859674,5.069514141808895e-9,0.9997749924659729,1.5024143706909855e-8,1,-4.751889992604674e-9,-0.9997749924659729,1.4919965707349548e-8,-0.021212084218859674],5,1.233823537826538],[[769.2671508789063,225.09075927734376,46.644107818603519,-0.025805940851569177,1.5074352432975503e-8,0.9996669888496399,6.80825635868132e-8,1,-1.3321853842285236e-8,-0.9996669888496399,6.771610827627228e-8,-0.025805940851569177],5,1.2517259120941163],[[769.0005493164063,225.7901611328125,46.65095138549805,-0.03576059266924858,2.3756326683610497e-8,0.9993603825569153,1.1054622461870167e-7,1,-1.981580410870265e-8,-0.9993603825569153,1.0976688713526528e-7,-0.03576059266924858],5,1.2585639953613282],[[768.8672485351563,226.1194305419922,46.65550994873047,-0.04335460066795349,2.8610706692688838e-8,0.9990597367286682,1.3178762969801029e-7,1,-2.2918657194281878e-8,-0.9990597367286682,1.306700880832068e-7,-0.04335460066795349],5,1.267693281173706],[[768.66748046875,226.5877685546875,46.66397476196289,-0.051787953823804858,3.200166176497987e-8,0.9986581206321716,1.459545586612876e-7,1,-2.4475818705127496e-8,-0.9986581206321716,1.4449115326442553e-7,-0.051787953823804858],5,1.2792201042175294],[[768.5343017578125,226.88296508789063,46.670677185058597,-0.06581592559814453,3.058386610632624e-8,0.9978317618370056,1.3173480795103388e-7,1,-2.196123283226825e-8,-0.9978317618370056,1.300037695273204e-7,-0.06581592559814453],5,1.2900426387786866],[[768.334716796875,227.3002166748047,46.68341827392578,-0.07102754712104798,2.6036111933080975e-8,0.9974743723869324,1.1040590663924377e-7,1,-1.824031947705862e-8,-0.9974743723869324,1.088314931507739e-7,-0.07102754712104798],5,1.299834966659546],[[768.20166015625,227.56134033203126,46.69278335571289,-0.07496340572834015,2.2951915923385969e-8,0.9971863031387329,9.618898388907837e-8,1,-1.5785678542101779e-8,-0.9971863031387329,9.473498607803777e-8,-0.07496340572834015],5,1.3135511875152588],[[768.0022583007813,227.92750549316407,46.70767593383789,-0.08001893758773804,1.8159116876859117e-8,0.9967933297157288,7.485662223416512e-8,1,-1.2208317023976179e-8,-0.9967933297157288,7.363968279605615e-8,-0.08001893758773804],5,1.323991298675537],[[767.8028564453125,228.26300048828126,46.72357177734375,-0.08522090315818787,1.3265992748756617e-8,0.9963620901107788,5.3519745080166106e-8,1,-8.736774859130492e-9,-0.9963620901107788,5.2580489295905866e-8,-0.08522090315818787],5,1.334066390991211],[[767.6036376953125,228.56784057617188,46.740509033203128,-0.09043668955564499,8.257768691066758e-9,0.9959021806716919,3.2179098496953887e-8,1,-5.369601652205347e-9,-0.9959021806716919,3.156162620143732e-8,-0.09043668955564499],5,1.3452763557434083],[[767.4708251953125,228.75404357910157,46.752445220947269,-0.0975031927227974,4.956612453810294e-9,0.9952352046966553,1.794407822330868e-8,1,-3.2223614887527676e-9,-0.9952352046966553,1.7544389052659427e-8,-0.0975031927227974],5,1.3568713665008546],[[767.2717895507813,229.00778198242188,46.771732330322269,-0.11070320010185242,-9.392574912281404e-11,0.9938535094261169,-3.4398688342207608e-9,1,-2.8865293488777868e-10,-0.9938535094261169,-3.4506806301237704e-9,-0.11070320010185242],5,1.3681128025054932],[[767.0729370117188,229.2308807373047,46.79355239868164,-0.11785320937633515,-5.418535842238725e-9,0.9930310249328613,-2.4829704514672814e-8,1,2.5097657285755305e-9,-0.9930310249328613,-2.436088308854778e-8,-0.11785320937633515],5,1.379000186920166],[[766.9404907226563,229.36257934570313,46.809120178222659,-0.11850352585315705,-8.96892693447171e-9,0.9929536581039429,-3.908317580680887e-8,1,4.368212902505775e-9,-0.9929536581039429,-3.829013195399966e-8,-0.11850352585315705],5,1.3909776210784913],[[766.6755981445313,229.58509826660157,46.84074401855469,-0.12336049228906632,-1.6230073285328218e-8,0.9923619031906128,-6.758934034678532e-8,1,7.952964509172489e-9,-0.9923619031906128,-6.60920065342907e-8,-0.12336049228906632],5,1.4025335311889649],[[766.5432739257813,229.67591857910157,46.85708999633789,-0.1238003745675087,-1.9792157246456555e-8,0.9923071265220642,-8.183469191180848e-8,1,9.735887651629583e-9,-0.9923071265220642,-7.999984319440046e-8,-0.1238003745675087],5,1.413926362991333],[[766.3447875976563,229.78660583496095,46.88185119628906,-0.1238890066742897,-2.5085368449140334e-8,0.9922960996627808,-1.0319295284944019e-7,1,1.2396395909775038e-8,-0.9922960996627808,-1.0086218793503576e-7,-0.1238890066742897],5,1.4289603233337403],[[766.1463012695313,229.86663818359376,46.906639099121097,-0.12393908947706223,-3.0369296410981408e-8,0.9922898411750794,-1.245381753278707e-7,1,1.50501868745323e-8,-0.9922898411750794,-1.2171265950655653e-7,-0.12393908947706223],5,1.4390599727630616],[[765.9478149414063,229.916015625,46.931427001953128,-0.12394905835390091,-3.5645001617012898e-8,0.9922885894775391,-1.458698761780397e-7,1,1.7701069054965047e-8,-0.9922885894775391,-1.4255098790272314e-7,-0.12394905835390091],5,1.4522757530212403],[[765.6831665039063,229.9341583251953,46.9644775390625,-0.12395089119672775,-3.838867712602223e-8,0.99228835105896,-1.5681787601806719e-7,1,1.909823765799956e-8,-0.99228835105896,-1.5324130231419986e-7,-0.12395089119672775],5,1.4771223068237305],[[765.3523559570313,229.8802032470703,47.00579071044922,-0.11939043551683426,-2.495449358264068e-8,0.9928473830223084,-1.0504363245900095e-7,1,1.2502715307505241e-8,-0.9928473830223084,-1.027995963909234e-7,-0.11939043551683426],5,1.497014045715332],[[765.05859375,229.7410888671875,47.04249572753906,-0.11722630262374878,-1.2088617218353193e-8,0.9931052327156067,-5.333194863510471e-8,1,5.877232034379176e-9,-0.9931052327156067,-5.2275272111046436e-8,-0.11722630262374878],5,1.5158183574676514],[[764.9474487304688,229.5812530517578,47.067569732666019,-0.09680114686489105,0.04122133553028107,0.99444979429245,0.0010430573020130396,0.9991456270217896,-0.04131445661187172,-0.995303213596344,-0.0029620181303471328,-0.09676143527030945],5,1.530761480331421],[[764.93701171875,229.4300994873047,47.07076644897461,-0.10925204306840897,0.029419895261526109,0.9935786128044128,0.0008547512697987258,0.9995643496513367,-0.029503146186470987,-0.9940137267112732,-0.002374016446992755,-0.10922959446907044],7,1.5382001399993897],[[764.9412231445313,229.31422424316407,47.070438385009769,-0.10927087068557739,0.020359251648187639,0.9938035011291504,0.000742575095500797,0.9997916221618652,-0.0204002782702446,-0.9940117597579956,-0.001491182716563344,-0.10926321893930435],7,1.5464050769805909],[[764.9447631835938,229.1856689453125,47.07008361816406,-0.10865557938814163,0.011711450293660164,0.9940104484558106,0.0005842414102517068,0.9999311566352844,-0.011717344634234906,-0.9940792918205261,-0.0006924128392711282,-0.1086549460887909],7,1.5562007427215577],[[764.9453125,229.13429260253907,47.06999969482422,-0.11056189984083176,0.0018375646322965623,0.9938675165176392,0.0002585809270385653,0.9999983310699463,-0.0018201342318207026,-0.9938691854476929,0.000055757674999767917,-0.11056218296289444],7,1.5648653507232667],[[764.946533203125,229.06463623046876,47.06987762451172,-0.10782422125339508,-0.006821662653237581,0.9941465854644775,-0.00014408334391191602,0.9999765753746033,0.006846040021628141,-0.9941699504852295,0.0005949289770796895,-0.10782267153263092],7,1.5791549682617188],[[764.947998046875,228.92408752441407,47.06977462768555,-0.10648833960294724,-0.0036815202329307796,0.9943071603775024,-0.00013353554822970182,0.9999932050704956,0.0036882718559354545,-0.9943139553070068,0.0002599826257210225,-0.10648810118436814],8,1.5952277183532715],[[764.9478149414063,228.72903442382813,47.069801330566409,-0.10311377048492432,-0.00017187197227030993,0.9946695566177368,-0.000021891768483328634,1,0.00017052359180524945,-0.9946695566177368,-0.00000419174511989695,-0.10311377793550492],8,1.615670919418335],[[764.9476318359375,228.54698181152345,47.06981658935547,-0.09617345035076142,0.0003932714753318578,0.9953644871711731,0.000004230596459819935,0.9999999403953552,-0.00039469418697990477,-0.9953646063804627,-0.00003374811421963386,-0.09617344290018082],8,1.623687744140625],[[764.947509765625,228.33425903320313,47.069820404052737,-0.09269680827856064,0.00025651714531704783,0.9956943392753601,0.000006541212314914446,0.9999999403953552,-0.00025701741105876863,-0.9956943988800049,-0.000017311645933659748,-0.09269680827856064],8,1.6322112083435059],[[764.947509765625,228.17543029785157,47.06982421875,-0.08747810870409012,0.00011932361667277291,0.9961664080619812,0.000004441852524905698,1,-0.00011939275282202289,-0.996166467666626,-0.000006019427473802352,-0.08747810870409012],8,1.6416969299316407],[[764.9474487304688,227.91162109375,47.06982421875,-0.08225704729557038,0.000002532525513743167,0.9966111183166504,0.0000014893283832861926,1,-0.0000024182127162930557,-0.9966111183166504,0.0000012853662383349729,-0.08225704729557038],8,1.6527130603790284],[[764.9400634765625,227.71871948242188,47.0704345703125,-0.07218286395072937,-0.000020695892089861446,0.997391402721405,6.269732466535061e-7,1,0.00002079539444821421,-0.997391402721405,0.000002126408844560501,-0.07218286395072937],5,1.6644957065582276],[[764.8782348632813,227.17684936523438,47.07511520385742,-0.06599581241607666,-0.000014349494449561462,0.9978199005126953,-4.475216996979725e-8,1,0.000014377886145666708,-0.9978199005126953,9.042256579050445e-7,-0.06599581241607666],5,1.682973861694336],[[764.88623046875,227.26258850097657,47.078636169433597,-0.051959842443466189,0.017282720655202867,0.9984996318817139,0.025631556287407876,0.9995439648628235,-0.015966983512043954,-0.9983201622962952,0.024763457477092744,-0.05237912759184837],12,1.6935186386108399],[[764.8834838867188,227.40158081054688,47.073482513427737,-0.05584932863712311,0.013910726644098759,0.9983422756195068,0.02045985497534275,0.9997089505195618,-0.012785201892256737,-0.9982295632362366,0.019711893051862718,-0.05611768364906311],12,1.7039854526519776],[[764.8829345703125,227.494873046875,47.072669982910159,-0.06036974862217903,0.007255992386490107,0.9981496930122376,0.010580207221210003,0.9999220371246338,-0.006628967821598053,-0.9981200098991394,0.010160441510379315,-0.06044181063771248],12,1.7127716541290284],[[764.8446044921875,227.75355529785157,47.07537841796875,-0.06105876341462135,0.0022797901183366777,0.9981315732002258,0.0033053355291485788,0.9999923706054688,-0.002081842627376318,-0.9981287121772766,0.0031720451079308988,-0.061065834015607837],8,1.722956895828247],[[764.6949462890625,228.1987762451172,47.085872650146487,-0.06125384569168091,-0.0008051201002672315,0.9981219172477722,-0.00118499924428761,0.9999990463256836,0.0007339118747040629,-0.9981215000152588,-0.0011378187919035555,-0.06125473976135254],8,1.733144760131836],[[764.5651245117188,228.44235229492188,47.09431076049805,-0.06133558601140976,-0.0010303434683009983,0.998116672039032,-0.0015067878412082792,0.9999984502792358,0.0009396919049322605,-0.9981160759925842,-0.0014463135739788414,-0.06133704259991646],8,1.7449674606323243],[[764.4804077148438,228.74624633789063,47.10041427612305,-0.033366743475198749,0.026615291833877565,0.999088704586029,-0.004527159035205841,0.9996310472488403,-0.026780935004353524,-0.9994329214096069,-0.005416626110672951,-0.033233944326639178],8,1.7574026584625245],[[764.4605102539063,228.84158325195313,47.10354995727539,-0.048553746193647388,0.007515399716794491,0.998792290687561,-0.005211752839386463,0.9999561905860901,-0.00777751300483942,-0.9988069534301758,-0.005583086051046848,-0.048512447625398639],8,1.7681336402893067],[[764.472900390625,228.98789978027345,47.10981369018555,-0.024261800572276117,0.008350469172000885,0.9996707439422607,-0.004820180591195822,0.999952495098114,-0.008469807915389538,-0.9996939897537231,-0.005024086683988571,-0.02422039769589901],8,1.7862768173217774],[[764.4846801757813,229.02328491210938,47.113399505615237,-0.07870448380708695,0.007245199289172888,0.9968716502189636,-0.0038201601710170509,0.9999640583992004,-0.007569281850010157,-0.996890664100647,-0.004403945989906788,-0.07867397367954254],8,1.7954902648925782],[[764.4974365234375,229.0501708984375,47.116668701171878,-0.09009358286857605,0.008400936610996724,0.9958978891372681,-0.0032306944485753776,0.9999566674232483,-0.008727438747882843,-0.9959280490875244,-0.004003727808594704,-0.09006254374980927],8,1.8070132732391358],[[764.5364990234375,229.11721801757813,47.11730194091797,-0.11747497320175171,0.009470838122069836,0.9930306673049927,-0.0011250925017520786,0.9999526143074036,-0.009669952094554901,-0.9930751919746399,-0.002253228798508644,-0.1174587532877922],8,1.8198704719543458],[[764.676513671875,229.15335083007813,47.09883499145508,-0.1521630436182022,0.0029038197826594116,0.9883511662483215,-0.000048584533942630517,0.9999956488609314,-0.0029455118346959354,-0.9883553981781006,-0.0004962166422046721,-0.15216225385665894],8,1.8455638885498047],[[764.9979248046875,229.17779541015626,47.0491828918457,-0.18576568365097047,-0.0005869953311048448,0.9825938940048218,0.00006294483318924904,0.9999998211860657,0.0006092936382628977,-0.9825940728187561,0.00017503504932392389,-0.1857656091451645],8,1.8612194061279297],[[765.1947021484375,229.185791015625,47.01312255859375,-0.19461874663829804,-0.00044426205568015575,0.9808788895606995,0.000023058879378368148,0.9999998807907105,0.0004574975755531341,-0.9808789491653442,0.00011165557225467637,-0.19461871683597566],8,1.8684735298156739],[[765.3909301757813,229.1721954345703,46.97458267211914,-0.196345716714859,-0.00013504951493814588,0.9805347323417664,7.277870395228092e-7,1,0.0001378762099193409,-0.9805347323417664,0.000027785024940385484,-0.196345716714859],8,1.8801052570343018],[[765.521728515625,229.14608764648438,46.948486328125,-0.19634853303432465,-0.00001857449024100788,0.9805341958999634,-0.0000037558681924565464,1,0.000018191136405221188,-0.9805341958999634,-1.109538700916346e-7,-0.19634853303432465],8,1.8915119171142579],[[765.7178344726563,229.08139038085938,46.90923309326172,-0.1963488757610321,0.00003397197724552825,0.9805340766906738,-0.000003260602170485072,1,-0.000035299326555104929,-0.9805340766906738,-0.000010128114809049294,-0.1963488757610321],8,1.9006593227386475],[[765.9139404296875,229.74049377441407,46.86996841430664,-0.19634899497032166,0.000052170566050335768,0.9805340766906738,-0.0000013711097608393175,1,-0.00005348083868739195,-0.9805340766906738,-0.000011845329026982654,-0.19634899497032166],3,1.9154832363128663],[[766.1100463867188,230.37234497070313,46.83070373535156,-0.13463594019412995,0.00003919162918464281,0.99089515209198,-0.0000029422644729493187,1,-0.000039951515645952898,-0.99089515209198,-0.000008294385224871803,-0.13463594019412995],5,1.935920238494873],[[766.3715209960938,231.1671142578125,46.77835464477539,-0.0724763423204422,0.000012745689673465677,0.9973701238632202,-0.0000036933849969500445,1,-0.000013047686479694676,-0.9973701238632202,-0.00000462932030131924,-0.0724763423204422],5,1.9432146549224854],[[766.552978515625,231.7274169921875,46.742008209228519,-0.16043175756931306,0.0000027201808734389489,0.9870469570159912,-0.0000024372959614993307,1,-0.0000031520291940978497,-0.9870469570159912,-0.0000029114114568074,-0.16043175756931306],5,1.95491361618042],[[766.7125854492188,232.257080078125,46.71004867553711,-0.18924680352210999,-4.759448870572669e-7,0.9819295406341553,-0.0000010755719586086344,1,2.774092422441754e-7,-0.9819295406341553,-0.0000010036370667876327,-0.18924680352210999],5,1.9758384227752686],[[766.8912963867188,232.9156036376953,46.67426300048828,-0.19479615986347199,-7.872599780966993e-7,0.980843722820282,-1.6756173693011079e-7,1,7.693575980738387e-7,-0.980843722820282,-1.448397579650873e-8,-0.19479615986347199],5,1.9851152896881104],[[766.999755859375,233.3737335205078,46.65254211425781,-0.19618602097034455,-4.2188602833448387e-7,0.980566680431366,2.6332736879908226e-8,1,4.355156590918341e-7,-0.980566680431366,1.1126309118481004e-7,-0.19618602097034455],5,2.0038490295410158],[[767.1103515625,233.93687438964845,46.63040542602539,-0.19164620339870454,-8.136941431757805e-8,0.9814640879631043,5.144696757497513e-8,1,9.29519785586308e-8,-0.9814640879631043,6.83072443052879e-8,-0.19164620339870454],5,2.0113930702209474],[[767.1318969726563,234.0691375732422,46.62607955932617,-0.19129478931427003,-3.2373396408047486e-8,0.981532633304596,4.6728054314826298e-8,1,4.208951054351928e-8,-0.981532633304596,5.391661517251123e-8,-0.19129478931427003],5,2.0215771198272707],[[767.1936645507813,234.5641632080078,46.613563537597659,-0.1882014125585556,7.461388662477475e-8,0.9821304678916931,1.9732409484163328e-8,1,-7.219022535309705e-8,-0.9821304678916931,5.793496793415898e-9,-0.1882014125585556],5,2.0323550701141359],[[767.216552734375,235.0046844482422,46.608619689941409,-0.1863585114479065,1.26401801026077e-7,0.982481837272644,-5.4805915361555439e-9,1,-1.296951950280345e-7,-0.982481837272644,-2.9554383829122345e-8,-0.1863585114479065],5,2.0506458282470705],[[767.210205078125,235.29930114746095,46.59893798828125,-0.1376320868730545,1.1613989414627213e-7,0.9904834032058716,-2.1151222995285935e-8,1,-1.2019482653613523e-7,-0.9904834032058716,-3.749260102381413e-8,-0.1376320868730545],5,2.0616800785064699],[[767.195556640625,235.4786834716797,46.585731506347659,-0.13916878402233125,1.07556893169658e-7,0.9902686476707459,-3.331829390162966e-8,1,-1.1329628080147813e-7,-0.9902686476707459,-4.876136827647315e-8,-0.13916878402233125],5,2.0867910385131838],[[767.1016235351563,235.93508911132813,46.51372146606445,-0.03252528980374336,8.612949642383683e-8,0.9994708895683289,-6.939560392993372e-8,1,-8.843339571740217e-8,-0.9994708895683289,-7.223520981369802e-8,-0.03252528980374336],5,2.096050977706909],[[767.0265502929688,236.1173095703125,46.45949172973633,-0.10851796716451645,6.553538156595096e-8,0.9940944910049439,-8.780238403005569e-8,1,-7.550944047807207e-8,-0.9940944910049439,-9.547799351139474e-8,-0.10851796716451645],5,2.11706805229187],[[766.897216796875,236.3125762939453,46.368289947509769,-0.08241108804941178,4.720430268889686e-8,0.9965984225273132,-1.118692338764049e-7,1,-5.661615176677515e-8,-0.9965984225273132,-1.1615450290491936e-7,-0.08241108804941178],5,2.123685836791992],[[766.7783813476563,236.4232635498047,46.28571701049805,-0.1084422692656517,2.7255232737388725e-8,0.9941027760505676,-1.299614211802691e-7,1,-4.159383237833936e-8,-0.9941027760505676,-1.3370554086122866e-7,-0.1084422692656517],5,2.1352639198303224],[[766.734619140625,236.45335388183595,46.2554931640625,-0.1602928787469864,1.4232392153701312e-8,0.9870694875717163,-1.3610244309347764e-7,1,-3.6520876989243337e-8,-0.9870694875717163,-1.4019660454778205e-7,-0.1602928787469864],5,2.144559860229492],[[766.5906982421875,236.52316284179688,46.15671920776367,-0.10844089835882187,3.2887779166657084e-9,0.9941028952598572,-1.5402343933601515e-7,1,-2.0109808929191787e-8,-0.9941028952598572,-1.5529587926721434e-7,-0.10844089835882187],5,2.157015562057495],[[766.429931640625,236.56231689453126,46.0469970703125,-0.11169581860303879,-1.662188431339473e-8,0.9937424659729004,-1.718884874435389e-7,1,-2.5935702474555457e-9,-0.9937424659729004,-1.711025845452241e-7,-0.11169581860303879],5,2.184016227722168],[[765.9884643554688,236.51686096191407,45.74821472167969,0.003836830146610737,-2.2675791910842237e-8,0.9999926686286926,-7.870423246458813e-8,1,2.2977935998369504e-8,-0.9999926686286926,-7.879182106762528e-8,0.003836830146610737],5,2.1993207931518556],[[765.876953125,236.471435546875,45.67509460449219,-0.16295059025287629,-3.74442414852183e-8,0.9866342544555664,-5.573147632276232e-8,1,2.8746990565764464e-8,-0.9866342544555664,-5.0302244147815148e-8,-0.16295059025287629],5,2.2089717388153078],[[765.7647705078125,236.41238403320313,45.60302734375,-0.17008011043071748,-3.8742751229392527e-8,0.9854302406311035,-3.2777993652644e-8,1,3.3658260178981439e-8,-0.9854302406311035,-2.657582776066647e-8,-0.17008011043071748],5,2.2182726860046388],[[765.5956420898438,236.2982635498047,45.49625778198242,-0.15261131525039674,-3.8290540516072727e-8,0.9882863163948059