[[[776,222.69961547851563,47,1,1.761273438205535e-8,1.0741738106097819e-14,-1.761273438205535e-8,1,9.21727760783142e-9,-1.0579396618460007e-14,-9.21727760783142e-9,1],8,0.008275985717773438],[[776,222.69961547851563,47,1,4.1420243235279489e-8,1.1261002337049648e-14,-4.1420243235279489e-8,1,2.1676434869277729e-8,-1.0363159271421351e-14,-2.1676434869277729e-8,1],8,0.023679733276367189],[[776,222.69961547851563,47,1,6.52124896305395e-8,1.2076175834058872e-14,-6.52124896305395e-8,1,3.412760918308777e-8,-9.850629799433141e-15,-3.412760918308777e-8,1],8,0.033097267150878909],[[776,222.69961547851563,47,1,8.898948777869009e-8,1.3186686849886095e-14,-8.898948777869009e-8,1,4.657080410197523e-8,-9.04237486753709e-15,-4.657080410197523e-8,1],8,0.04578137397766113],[[776,222.69961547851563,47,1,1.0483235257652268e-7,1.4090823370312492e-14,-1.0483235257652268e-7,1,5.4861839515751856e-8,-8.339528103729153e-15,-5.4861839515751856e-8,1],8,0.05565166473388672],[[776,222.69961547851563,47,1,8.047337729522042e-8,1.3064631943285592e-14,-8.047337729522042e-8,1,4.211407045318083e-8,-9.675570959125253e-15,-4.211407045318083e-8,1],8,0.06734442710876465],[[776,222.69961547851563,47,1,5.61300126378228e-8,1.2352178131789897e-14,-5.61300126378228e-8,1,2.9374470855714209e-8,-1.070338868941088e-14,-2.9374470855714209e-8,1],8,0.0802922248840332],[[776,222.69961547851563,47,1,3.9909771487600668e-8,1.2049937294451776e-14,-3.9909771487600668e-8,1,2.088594008853306e-8,-1.121638402952008e-14,-2.088594008853306e-8,1],8,0.09305691719055176],[[776,222.69961547851563,47,1,7.490074338534214e-9,1.1858508695405251e-14,-7.490074338534214e-9,1,3.919752966652368e-9,-1.182914968642047e-14,-3.919752966652368e-9,1],8,0.1074972152709961],[[776,222.69961547851563,47,1,-9.768274367161212e-8,1.502297635250227e-14,9.768274367161212e-8,1,-5.112032042120518e-8,-1.0029402032181792e-14,5.112032042120518e-8,1],8,0.164520263671875],[[776,222.69961547851563,47,-0.9989714622497559,7.634425003288925e-8,-0.04534294083714485,7.777279620313493e-8,1,-2.9741263674054609e-8,0.04534294083714485,-3.3237121499496428e-8,-0.9989714622497559],8,0.17322707176208497],[[776,222.69961547851563,47,-0.9999871850013733,5.708980665986019e-8,0.005064272787421942,5.702301564269874e-8,1,-1.333283083937431e-8,-0.005064272787421942,-1.304387708955801e-8,-0.9999871850013733],8,0.18935608863830567],[[776,222.69961547851563,47,-0.9991730451583862,2.1330224697635459e-8,0.04066040366888046,2.17516262779327e-8,1,9.921532928558463e-9,-0.04066040366888046,1.0797758243086264e-8,-0.9991730451583862],8,0.20229387283325196],[[776,222.69961547851563,47,-0.9987080693244934,6.727369328274335e-9,0.05081513151526451,7.709574312286805e-9,1,1.9132977868707713e-8,-0.05081513151526451,1.9500022929719308e-8,-0.9987080693244934],8,0.21116399765014649],[[776,222.69961547851563,47,-0.9986909627914429,-7.760652565025339e-9,0.05115077644586563,-6.319517797948038e-9,1,2.833598244933455e-8,-0.05115077644586563,2.7975641359034854e-8,-0.9986909627914429],8,0.21994447708129884],[[776,222.69961547851563,47,-0.9986851215362549,-2.223668538192669e-8,0.05126482993364334,-2.0339198769647738e-8,1,3.7535127006549376e-8,-0.05126482993364334,3.644308321781864e-8,-0.9986851215362549],8,0.2293858528137207],[[776,222.69961547851563,47,-0.9986833333969116,-4.3933624738201618e-8,0.05129934847354889,-4.135501541213671e-8,1,5.132735481083728e-8,-0.05129934847354889,4.913828988151181e-8,-0.9986833333969116],8,0.24040865898132325],[[776,222.69961547851563,47,-0.9986822605133057,-5.839021355313889e-8,0.051319669932127,-5.5357407546807738e-8,1,6.05177348234065e-8,-0.051319669932127,5.7597066671633e-8,-0.9986822605133057],8,0.2512080669403076],[[776,222.69961547851563,47,-0.9986821413040161,-8.006193041865117e-8,0.051322076469659808,-7.634951515456123e-8,1,7.42961532296249e-8,-0.051322076469659808,7.027982462659566e-8,-0.9986821413040161],8,0.2622802257537842],[[776,222.69961547851563,47,-0.9986820816993713,-8.088605341072253e-8,0.05132347345352173,-7.729380513410433e-8,1,7.197708384865109e-8,-0.05132347345352173,6.791523787796905e-8,-0.9986820816993713],8,0.2724132537841797],[[776,222.69961547851563,47,-0.9986820816993713,-6.170407829131364e-8,0.051323600113391879,-5.915138601153558e-8,1,5.125614066514572e-8,-0.051323600113391879,4.8152728027162087e-8,-0.9986820816993713],8,0.28326916694641116],[[776,222.69961547851563,47,-0.9986820816993713,-4.892291372016189e-8,0.051323581486940387,-4.7062894026339566e-8,1,3.744956345030914e-8,-0.051323581486940387,3.498477241237197e-8,-0.9986820816993713],8,0.2944984436035156],[[776,222.69961547851563,47,-0.9984965920448303,-2.349892724851088e-8,0.05481338873505592,-2.2997983961658975e-8,1,9.7698373835442e-9,-0.05481338873505592,8.494552616866713e-9,-0.9984965920448303],8,0.3116908073425293],[[776,222.69961547851563,47,-0.9983994364738464,-4.368589046066518e-9,0.05655614286661148,-4.999040736919369e-9,1,-1.1005879763104076e-8,-0.05655614286661148,-1.1270990363243527e-8,-0.9983994364738464],8,0.33249855041503909],[[776,222.69961547851563,47,-0.9946228265762329,2.804893028951483e-8,0.10356380045413971,2.330913950743252e-8,1,-4.6977117307278607e-8,-0.10356380045413971,-4.431052857967188e-8,-0.9946228265762329],8,0.3405613899230957],[[776,222.69961547851563,47,-0.9913404583930969,4.2019156154537998e-8,0.1313168853521347,3.4217755739973657e-8,1,-6.166541766106093e-8,-0.1313168853521347,-5.663805424660495e-8,-0.9913404583930969],8,0.350949764251709],[[776,222.69961547851563,47,-0.9861487150192261,5.670935721013848e-8,0.16586336493492127,4.46022241362698e-8,1,-7.671935264852437e-8,-0.16586336493492127,-6.825881371241849e-8,-0.9861487150192261],8,0.3624720573425293],[[776,222.69961547851563,47,-0.9786915183067322,7.850116645613525e-8,0.20533619821071626,5.925161872255558e-8,1,-9.989526006393135e-8,-0.20533619821071626,-8.56001349802682e-8,-0.9786915183067322],8,0.37310075759887698],[[776,222.69961547851563,47,-0.9590523838996887,6.522295592503724e-8,0.2832287549972534,4.508095940991552e-8,1,-7.763321718812222e-8,-0.2832287549972534,-6.168609445467155e-8,-0.9590523838996887],8,0.38515377044677737],[[776,222.69961547851563,47,-0.9590523838996887,4.5340048160369409e-8,0.2832287549972534,3.0919373728011126e-8,1,-5.538543845773347e-8,-0.2832287549972534,-4.4360280782029807e-8,-0.9590523838996887],8,0.394960880279541],[[776,222.69961547851563,47,-0.9192942976951599,3.688431249315727e-8,0.3935708701610565,2.315879044090252e-8,1,-3.962328065654219e-8,-0.3935708701610565,-2.7310829153748274e-8,-0.9192942976951599],8,0.4062328338623047],[[776,222.69961547851563,47,-0.9060035347938538,1.780507830062561e-8,0.42327016592025759,1.2379826053177112e-8,1,-1.5566683941869998e-8,-0.42327016592025759,-8.863459299846e-9,-0.9060035347938538],8,0.41770124435424807],[[776,222.69961547851563,47,-0.8951349258422852,4.745092319069499e-9,0.44579532742500307,5.627171617561544e-9,1,6.549770725783333e-10,-0.44579532742500307,3.0948597018465309e-9,-0.8951349258422852],8,0.42789125442504885],[[775.797607421875,222.69961547851563,46.89928436279297,-0.877406656742096,-2.8541633056988759e-8,0.4797474145889282,-9.67360858084021e-9,1,4.1801047956369078e-8,-0.4797474145889282,3.2035629260462886e-8,-0.877406656742096],8,0.4468855857849121],[[775.5056762695313,222.69961547851563,46.74135971069336,-0.86282879114151,-6.26073486387213e-8,0.5054962038993836,-2.3736227205972683e-8,1,8.33380084941382e-8,-0.5054962038993836,5.990786178244889e-8,-0.86282879114151],8,0.4771554470062256],[[775.2750244140625,222.69961547851563,46.60758972167969,-0.8592787384986877,-7.667229340313497e-8,0.5115076303482056,-2.97092395129539e-8,1,9.998633743180108e-8,-0.5115076303482056,7.071962926374909e-8,-0.8592787384986877],8,0.4837155342102051],[[775.1603393554688,222.69961547851563,46.539615631103519,-0.8574856519699097,-6.449662492968855e-8,0.5145078897476196,-2.5201815745390378e-8,1,8.335427281735974e-8,-0.5145078897476196,5.8508557998493418e-8,-0.8574856519699097],8,0.4946167469024658],[[774.9887084960938,222.69961547851563,46.43686294555664,-0.8574855327606201,-4.587302271374938e-8,0.514508068561554,-1.844430030928379e-8,1,5.8419498571993247e-8,-0.514508068561554,4.060413161255383e-8,-0.8574855327606201],8,0.503054141998291],[[774.8743286132813,222.69961547851563,46.36827087402344,-0.8547775149345398,-3.3676066379939587e-8,0.5189945697784424,-1.4028824324441303e-8,1,4.1781824222653088e-8,-0.5189945697784424,2.84332823952127e-8,-0.8547775149345398],8,0.5192391872406006],[[774.646240234375,222.69961547851563,46.23004913330078,-0.853870689868927,-8.923310979014332e-9,0.5204851627349854,-5.261563185143814e-9,1,8.512473392841003e-9,-0.5204851627349854,4.5299861639591658e-9,-0.853870689868927],8,0.5292315483093262],[[774.41845703125,222.69961547851563,46.091312408447269,-0.8538695573806763,1.585779152435407e-8,0.5204870104789734,3.4981335605976939e-9,1,-2.4728457503897517e-8,-0.5204870104789734,-1.9294144948389659e-8,-0.8538695573806763],8,0.5475544929504395],[[774.3045654296875,222.69961547851563,46.021915435791019,-0.8547781109809876,2.8206649460571499e-8,0.5189935564994812,7.904203513930952e-9,1,-4.1330586952881279e-8,-0.5189935564994812,-3.122625358287223e-8,-0.8547781109809876],8,0.5556182861328125],[[774.1336059570313,222.69961547851563,45.918060302734378,-0.8565863966941834,4.666135922093417e-8,0.5160036087036133,1.459670428971549e-8,1,-6.619725212431149e-8,-0.5160036087036133,-4.9171713811801968e-8,-0.8565863966941834],8,0.566796064376831],[[774.0194702148438,222.69961547851563,45.84915542602539,-0.8592793345451355,5.8772368305426428e-8,0.5115066170692444,1.9142778029390685e-8,1,-8.274257368157123e-8,-0.5115066170692444,-6.130732543851991e-8,-0.8592793345451355],8,0.5776944160461426],[[773.8477783203125,222.69961547851563,45.746665954589847,-0.8628312945365906,7.688687020390717e-8,0.5054919719696045,2.61313459759549e-8,1,-1.0749909051810391e-7,-0.5054919719696045,-7.954439240620559e-8,-0.8628312945365906],8,0.587998628616333],[[773.7328491210938,222.69961547851563,45.67905044555664,-0.8732355833053589,7.509450483667024e-8,0.48729828000068667,2.6610932124526699e-8,1,-1.0641714709436201e-7,-0.48729828000068667,-7.995977568953094e-8,-0.8732355833053589],8,0.6004245281219482],[[773.5004272460938,222.69961547851563,45.54835510253906,-0.8791287541389465,4.897586336483073e-8,0.47658440470695498,1.807702787459675e-8,1,-6.941861840914498e-8,-0.47658440470695498,-5.241267331257404e-8,-0.8791287541389465],8,0.6117432117462158],[[773.3248291015625,222.69961547851563,45.45261764526367,-0.8928920030593872,2.856061342981775e-8,0.4502708613872528,1.0860889965158549e-8,1,-4.189258717701705e-8,-0.4502708613872528,-3.251521363267784e-8,-0.8928920030593872],8,0.6239440441131592],[[773.2062377929688,222.69961547851563,45.391658782958987,-0.90062016248703,1.543679672977305e-8,0.43460702896118166,5.73309888451945e-9,1,-2.3638483170884684e-8,-0.43460702896118166,-1.8797651435420449e-8,-0.90062016248703],8,0.6351718902587891],[[773.0264892578125,222.69961547851563,45.30400085449219,-0.9166527986526489,-4.114076190830929e-9,0.39968448877334597,-3.000219628290779e-9,1,3.4124834069615419e-9,-0.39968448877334597,1.9289212449535855e-9,-0.9166527986526489],8,0.6470751762390137],[[772.9048461914063,222.69961547851563,45.249473571777347,-0.9234931468963623,-1.6617910603144993e-8,0.3836148679256439,-9.13321862583416e-9,1,2.1332452249112067e-8,-0.3836148679256439,1.6196734620166354e-8,-0.9234931468963623],8,0.6566245555877686],[[772.7205200195313,222.69961547851563,45.17194747924805,-0.9234930872917175,-3.541508775128932e-8,0.383615106344223,-1.8327796169614886e-8,1,4.8198039337421508e-8,-0.383615106344223,3.7479736647583198e-8,-0.9234930872917175],8,0.6676490306854248],[[772.5357666015625,222.69961547851563,45.095184326171878,-0.9417330622673035,-5.2256964977459577e-8,0.3363611400127411,-2.8864180379173378e-8,1,7.454669059825392e-8,-0.3363611400127411,6.049429401855378e-8,-0.9417330622673035],8,0.6801905632019043],[[772.1597900390625,222.69961547851563,44.9587516784668,-0.9496761560440064,-6.466503776891841e-8,0.3132334053516388,-3.746239229940329e-8,1,9.286333124691737e-8,-0.3132334053516388,7.645561339586493e-8,-0.9496761560440064],8,0.7052233219146729],[[771.8435668945313,222.69961547851563,44.853416442871097,-0.966144323348999,-3.2360805590769817e-8,0.25800228118896487,-1.9400037132299987e-8,1,5.278080905668503e-8,-0.25800228118896487,4.598862446414387e-8,-0.966144323348999],8,0.7236785888671875],[[771.7152709960938,222.69961547851563,44.81711196899414,-0.9705038666725159,-2.044392388711458e-8,0.24108555912971497,-1.190173115617199e-8,1,3.6888348375896388e-8,-0.24108555912971497,3.29309486346574e-8,-0.9705038666725159],8,0.7334754467010498],[[771.5861206054688,222.69961547851563,44.78411865234375,-0.9705038666725159,-9.340089590637035e-9,0.24108555912971497,-4.406626175068595e-9,1,2.1002676930947929e-8,-0.24108555912971497,1.9320804511835378e-8,-0.9705038666725159],8,0.7404046058654785],[[771.4567260742188,222.69961547851563,44.751853942871097,-0.9783329367637634,2.439595414571727e-9,0.2070377618074417,3.635369782983844e-9,1,5.39518341113876e-9,-0.2070377618074417,6.030944632584578e-9,-0.9783329367637634],8,0.7520575523376465],[[771.1962280273438,222.69961547851563,44.695289611816409,-0.9814661145210266,2.4718030289250238e-8,0.1916358768939972,2.019734957059427e-8,1,-2.5543320347765076e-8,-0.1916358768939972,-2.119936581834736e-8,-0.9814661145210266],8,0.7650237083435059],[[771.0654296875,222.69961547851563,44.669185638427737,-0.9864379167556763,3.5200844905602938e-8,0.1641349345445633,2.8901794735247678e-8,1,-4.076536441743883e-8,-0.1641349345445633,-3.546870530612978e-8,-0.9864379167556763],8,0.7769241333007813],[[770.8026123046875,222.69961547851563,44.624244689941409,-0.9903991222381592,5.6415135674114938e-8,0.13823753595352174,4.709056966589742e-8,1,-7.072375041161649e-8,-0.13823753595352174,-6.353505455081177e-8,-0.9903991222381592],8,0.7948164939880371],[[770.6046752929688,222.69961547851563,44.59559631347656,-0.9920152425765991,7.223831488545329e-8,0.12611784040927888,6.099545402094009e-8,1,-9.300740089202009e-8,-0.12611784040927888,-8.457215017187991e-8,-0.9920152425765991],8,0.802715539932251],[[770.4724731445313,222.69961547851563,44.57831573486328,-0.9953221678733826,6.931180251967817e-8,0.09661124646663666,6.06735213182219e-8,1,-9.235049702738252e-8,-0.09661124646663666,-8.605675816397707e-8,-0.9953221678733826],8,0.8131537437438965],[[770.2071533203125,222.69961547851563,44.55132293701172,-0.9968580603599548,4.4145458844013777e-8,0.07920898497104645,3.94399748415708e-8,1,-6.097040738950455e-8,-0.07920898497104645,-5.7654837348763979e-8,-0.9968580603599548],8,0.8276209831237793],[[770.074462890625,222.6894073486328,44.538421630859378,-0.9992350339889526,2.9975524284964197e-8,0.03910662606358528,2.8208786417849298e-8,1,-4.572921241674521e-8,-0.03910662606358528,-4.45910792734594e-8,-0.9992350339889526],8,0.837942361831665],[[769.80908203125,223.56253051757813,44.51263427734375,-0.999999463558197,4.53847226467019e-9,-0.0010538920760154725,4.555539945272358e-9,1,-1.6192437612971845e-8,0.0010538920760154725,-1.6197230223724547e-8,-0.999999463558197],3,0.855872392654419],[[769.609375,224.1841583251953,44.50666427612305,-0.9996463060379028,-1.4162865547007187e-8,0.02659527212381363,-1.4004696069491729e-8,1,6.1335478918067569e-9,-0.02659527212381363,5.758919563447762e-9,-0.9996463060379028],5,0.876856803894043],[[769.276123046875,225.15206909179688,44.51692581176758,-0.9962145090103149,-4.688644139605458e-8,0.08692871034145355,-4.2917484677218457e-8,1,4.752649829242728e-8,-0.08692871034145355,4.361582739420555e-8,-0.9962145090103149],5,0.8861401081085205],[[769.2095947265625,225.33543395996095,44.52077102661133,-0.9984692335128784,-4.5987267327518569e-8,-0.05531010031700134,-4.9158888515421498e-8,1,5.5981999480536618e-8,0.05531010031700134,5.861528862283194e-8,-0.9984692335128784],5,0.8947603702545166],[[769.0103149414063,225.86509704589845,44.537269592285159,-0.9999807476997376,-6.649727879448619e-8,-0.006202852353453636,-6.701390020680265e-8,1,8.307922172434701e-8,0.006202852353453636,8.349330471446592e-8,-0.9999807476997376],5,0.9051575660705566],[[768.877685546875,226.201171875,44.55070495605469,-0.9983903169631958,-7.330605455990735e-8,-0.05671655386686325,-7.921930489374063e-8,1,1.0201144107213622e-7,0.05671655386686325,1.0634028058120748e-7,-0.9983903169631958],5,0.9142425060272217],[[768.6791381835938,226.6797332763672,44.57455062866211,-0.9984965324401856,-7.900202803057255e-8,-0.054814763367176059,-8.561437425669283e-8,1,1.1828250734424728e-7,0.054814763367176059,1.2279760142064334e-7,-0.9984965324401856],5,0.9257247447967529],[[768.5472412109375,226.98175048828126,44.593997955322269,-0.994967520236969,-6.14889898997717e-8,-0.10019782930612564,-7.308491234425674e-8,1,1.1205956695903297e-7,0.10019782930612564,1.1881857631124149e-7,-0.994967520236969],5,0.9347331523895264],[[768.3499755859375,227.40921020507813,44.62661361694336,-0.996996283531189,-4.667623443310731e-8,-0.07744908332824707,-5.474610276223757e-8,1,1.0207259037997574e-7,0.07744908332824707,1.0600603417287857e-7,-0.996996283531189],5,0.9473094940185547],[[768.2186889648438,227.67715454101563,44.6497688293457,-0.9920017123222351,-3.0155899111150578e-8,-0.12622463703155518,-4.25407122861543e-8,1,9.542160483988482e-8,0.12622463703155518,1.0002808181752698e-7,-0.9920017123222351],5,0.9572386741638184],[[768.0223388671875,228.05352783203126,44.68752670288086,-0.9951545596122742,-1.625699219687249e-8,-0.09832288324832916,-2.4695911093886026e-8,1,8.461160660999667e-8,0.09832288324832916,8.662979666951287e-8,-0.9951545596122742],5,0.9693517684936523],[[767.8262329101563,228.3992462158203,44.72672653198242,-0.9944434762001038,5.828917348793539e-10,-0.10527215152978897,-7.154089765037952e-9,1,7.311743388527248e-8,0.10527215152978897,7.346427821630641e-8,-0.9944434762001038],5,0.9801812171936035],[[767.6956176757813,228.61270141601563,44.75367736816406,-0.9896460771560669,1.3836351620000187e-8,-0.14352911710739137,4.5222972033798218e-9,1,6.52193605787943e-8,0.14352911710739137,6.389500128989312e-8,-0.9896460771560669],5,0.9902760982513428],[[767.5,228.90731811523438,44.795265197753909,-0.9924530386924744,2.7972026472866675e-8,-0.12262532114982605,2.169852741928935e-8,1,5.2495327196311339e-8,0.12262532114982605,4.943835918425066e-8,-0.9924530386924744],5,1.002281665802002],[[767.3048706054688,229.17127990722657,44.839012145996097,-0.9915724396705627,4.33632187935018e-8,-0.1295536607503891,3.865551789772326e-8,1,3.8852427053370778e-8,0.1295536607503891,3.351703270482176e-8,-0.9915724396705627],5,1.0136682987213135],[[767.1100463867188,229.40460205078126,44.884300231933597,-0.989665687084198,5.842926498189627e-8,-0.14339379966259004,5.5518441399726728e-8,1,2.430069478975838e-8,0.14339379966259004,1.6088563370431076e-8,-0.989665687084198],5,1.025381326675415],[[766.9158935546875,229.6072540283203,44.93205642700195,-0.9883750081062317,7.271255952900901e-8,-0.15203583240509034,7.224002729344648e-8,1,8.631667824943179e-9,0.15203583240509034,-2.4517485819330888e-9,-0.9883750081062317],5,1.0382685661315919],[[766.7221069335938,229.7792510986328,44.981689453125,-0.9855682253837586,8.632294168364752e-8,-0.16927866637706757,8.898549452851512e-8,1,-8.142388097098774e-9,0.16927866637706757,-2.3088224665457348e-8,-0.9855682253837586],5,1.0520293712615967],[[766.4649047851563,229.9608917236328,45.052146911621097,-0.9881265759468079,1.0453945264998765e-7,-0.1536421924829483,1.1091184148881439e-7,1,-3.290424999136121e-8,0.1536421924829483,-4.955429844244463e-8,-0.9881265759468079],5,1.0644779205322266],[[766.3369140625,230.03128051757813,45.0893669128418,-0.9741485714912415,1.0871205091689262e-7,-0.22590835392475129,1.2225939372001449e-7,1,-4.597777802928249e-8,0.22590835392475129,-7.240860355750556e-8,-0.9741485714912415],5,1.0775234699249268],[[766.1454467773438,230.11131286621095,45.147071838378909,-0.9786949753761292,1.222034029524366e-7,-0.2053195983171463,1.3897358996928234e-7,1,-6.725783663341645e-8,0.2053195983171463,-9.435891001885466e-8,-0.9786949753761292],5,1.0878443717956544],[[766.0181884765625,230.14764404296876,45.186912536621097,-0.9704759120941162,1.1261734300660464e-7,-0.24119803309440614,1.3449638913698437e-7,1,-7.42467491932075e-8,0.24119803309440614,-1.0449494425301964e-7,-0.9704759120941162],5,1.098156452178955],[[765.7642211914063,230.17941284179688,45.268123626708987,-0.9843820333480835,8.02116133513664e-8,-0.17604562640190125,9.398893752177173e-8,1,-6.992169687691785e-8,0.17604562640190125,-8.537600137970003e-8,-0.9843820333480835],5,1.111832857131958],[[765.5833740234375,230.16746520996095,45.34052658081055,-0.9750798940658569,4.9091593012917659e-8,-0.22185403108596803,6.488929926717901e-8,1,-6.39188684203873e-8,0.22185403108596803,-7.67219603403646e-8,-0.9750798940658569],5,1.1282546520233155],[[765.4169921875,230.1248779296875,45.42997741699219,-0.9728809595108032,2.2503591878830777e-8,-0.2313062995672226,3.643908996764367e-8,1,-5.597472707563611e-8,0.2313062995672226,-6.288534137866009e-8,-0.9728809595108032],5,1.1531872749328614],[[765.1276245117188,229.94772338867188,45.659934997558597,-0.9895901679992676,-2.261559117755496e-8,-0.14391402900218965,-1.818128758657167e-8,1,-3.21272786152349e-8,0.14391402900218965,-2.9176298710353877e-8,-0.9895901679992676],5,1.1735694408416749],[[764.9302368164063,229.7064208984375,45.90395736694336,-0.9890618920326233,-6.290304099820787e-8,-0.14750102162361146,-6.259016771537063e-8,1,-6.7626317878932699e-9,0.14750102162361146,2.543452337633312e-9,-0.9890618920326233],5,1.1830880641937256],[[764.86181640625,229.5860595703125,46.01539611816406,-0.9779850244522095,-7.777641997108731e-8,-0.20867502689361573,-8.044772670245948e-8,1,4.314149038009418e-9,0.20867502689361573,2.1006604455919843e-8,-0.9779850244522095],5,1.2021424770355225],[[764.7379150390625,229.22801208496095,46.258296966552737,-0.9825761318206787,0.0014161336002871395,-0.18585507571697236,0.005754155106842518,0.9997234344482422,-0.022803539410233499,0.1857713758945465,-0.023475652560591699,-0.9823125004768372],5,1.2118749618530274],[[764.7085571289063,228.8943634033203,46.37183380126953,-0.985344648361206,0.0027991081587970258,-0.17055238783359528,0.011143363080918789,0.9987857937812805,-0.04798726737499237,0.17021098732948304,-0.04918452352285385,-0.9841793775558472],5,1.2373254299163819],[[764.7276611328125,228.51011657714845,46.48933410644531,-0.9839401841163635,0.0010983619140461088,-0.17849503457546235,0.005698824767023325,0.9996646046638489,-0.02526293881237507,0.17840741574764253,-0.025874434038996698,-0.9836164712905884],5,1.2444677352905274],[[764.7357788085938,228.40553283691407,46.53578567504883,-0.9843119382858276,0.000758538895752281,-0.17643533647060395,0.0037539484910666944,0.9998544454574585,-0.01664421521127224,0.17639702558517457,-0.017045428976416589,-0.9841715097427368],7,1.2519760131835938],[[764.7574462890625,228.18606567382813,46.65703582763672,-0.9843004941940308,-0.00002175580993935,-0.17650088667869569,-0.00010407052468508482,0.9999998807907105,0.0004571130557451397,0.1765008568763733,0.00046830513747408986,-0.9843003749847412],7,1.2593638896942139],[[764.79248046875,227.8312530517578,46.84996795654297,-0.9872215390205383,-0.0005871042376384139,-0.1593528836965561,-0.0026714387349784376,0.9999136328697205,0.012866088189184666,0.1593315601348877,0.013127380050718785,-0.9871378540992737],7,1.27213454246521],[[764.81396484375,227.44583129882813,46.96456527709961,-0.9888412952423096,-0.0004158194060437381,-0.14897219836711884,-0.0016282619908452035,0.999966561794281,0.008016846142709256,0.14896388351917268,0.00816995371133089,-0.9888088703155518],7,1.2853906154632569],[[764.817626953125,227.3268280029297,46.98400115966797,-0.9917454123497009,-0.00015034789976198226,-0.1282225400209427,-0.0003479878359939903,0.9999988079071045,0.0015189811820164323,0.12822215259075166,0.0015510625671595336,-0.9917442798614502],8,1.3076765537261963],[[764.8177490234375,227.35231018066407,46.98577117919922,-0.9944011569023132,0.000035857854527421299,-0.10567077994346619,0.00012817214883398265,0.9999996423721314,-0.0008668120135553181,0.10567071288824082,-0.000875502941198647,-0.9944007992744446],8,1.3150911331176758],[[764.8177490234375,227.3735809326172,46.98594665527344,-0.9949418902397156,0.00004754600013257004,-0.10045213997364044,0.0001202971106977202,0.9999997615814209,-0.0007181792752817273,0.10045208036899567,-0.0007266307948157191,-0.9949416518211365],8,1.3240058422088624],[[764.8177490234375,227.39952087402345,46.986000061035159,-0.9952868223190308,0.000024631623091408984,-0.09697505086660385,0.000050076530897058549,0.9999999403953552,-0.0002599523577373475,0.09697503596544266,-0.0002635833225212991,-0.995286762714386],8,1.331939935684204],[[764.8177490234375,227.4122314453125,46.98598098754883,-0.9956196546554565,0.000009800489351619035,-0.09349598735570908,0.00001558794974698685,1,-0.00006117031443864107,0.09349598735570908,-0.00006235978071345016,-0.9956196546554565],8,1.340074062347412],[[764.8177490234375,227.42185974121095,46.9859619140625,-0.9957814812660217,8.943029001784453e-7,-0.09175614267587662,-0.0000017812599253375084,1,0.000029077602448523977,0.09175614267587662,0.000029118380552972668,-0.9957814812660217],8,1.3498127460479737],[[764.8177490234375,227.4319610595703,46.985939025878909,-0.9960958957672119,-0.0000029188393000367798,-0.08827797323465347,-0.000006947694600967225,1,0.00004533102037385106,0.08827797323465347,0.00004576737410388887,-0.9960958957672119],8,1.3625819683074952],[[764.8177490234375,227.4365692138672,46.98593521118164,-0.9963985085487366,-0.0000024523451429558919,-0.08479373157024384,-0.000004896922291663941,1,0.000028621701858355665,0.08479373157024384,0.00002893384953495115,-0.9963985085487366],8,1.3728768825531006],[[764.8177490234375,227.4413299560547,46.985939025878909,-0.9969664216041565,-9.482371865487949e-7,-0.07783311605453491,-0.0000014552052789440496,1,0.000006456809387600515,0.07783311605453491,0.000006550485068146372,-0.9969664216041565],8,1.3852367401123047],[[764.8177490234375,227.44435119628907,46.985939025878909,-0.9972324967384338,-2.1637172054056465e-8,-0.07434637099504471,1.2941677596245428e-7,1,-0.0000020269421838747805,0.07434637099504471,-0.000002030954192377976,-0.9972324967384338],8,1.3966100215911866],[[764.8177490234375,227.4462890625,46.985939025878909,-0.9978440999984741,1.8940875179396245e-7,-0.06562859565019608,3.495715077406203e-7,1,-0.0000024289583961945029,0.06562859565019608,-0.0000024466637569275919,-0.9978440999984741],8,1.4068565368652344],[[764.8177490234375,227.44715881347657,46.985939025878909,-0.9981740117073059,1.519621548595751e-7,-0.06040357053279877,2.3974970986273549e-7,1,-0.0000014461028285950306,0.06040357053279877,-0.000001457944108551601,-0.9981740117073059],8,1.4185283184051514],[[764.8177490234375,227.44805908203126,46.985939025878909,-0.9985713958740234,5.3429374702318458e-8,-0.053433291614055637,6.828148713111659e-8,1,-2.7613066322373927e-7,0.053433291614055637,-2.7938469315813565e-7,-0.9985713958740234],8,1.429744005203247],[[764.8177490234375,227.44845581054688,46.985939025878909,-0.9990764856338501,1.1926069021228614e-8,-0.04296702891588211,9.234016218329089e-9,1,6.285239351200289e-8,0.04296702891588211,6.239758931769757e-8,-0.9990764856338501],8,1.440303087234497],[[764.8177490234375,227.44898986816407,46.985939025878909,-0.9992880821228027,-1.4198888287353384e-8,-0.03772657364606857,-1.9688346952762005e-8,1,1.4513489077216946e-7,0.03772657364606857,1.457743366017894e-7,-0.9992880821228027],8,1.45259428024292],[[764.8148193359375,227.44921875,46.90873718261719,-0.999628484249115,-2.5284075277909325e-8,-0.027255326509475709,-2.8851335542867674e-8,1,1.304897665477256e-7,0.027255326509475709,1.3122763675710304e-7,-0.999628484249115],8,1.4715282917022706],[[764.8078002929688,227.44940185546876,46.66595458984375,-0.9998285174369812,-3.9165346521485847e-8,-0.01851865090429783,-4.1229561986710908e-8,1,1.110849723318097e-7,0.01851865090429783,1.1182943637777498e-7,-0.9998285174369812],8,1.4964735507965088],[[764.80126953125,227.4495086669922,46.33316421508789,-0.999911904335022,-5.5655370090335057e-8,-0.01327434927225113,-5.6814361215629108e-8,1,8.693369579759747e-8,0.01327434927225113,8.768020620664174e-8,-0.999911904335022],8,1.504023790359497],[[764.798828125,227.4393310546875,46.19985580444336,-0.999911904335022,-6.201222646495808e-8,-0.01327434927225113,-6.304362187847801e-8,1,7.728041140353526e-8,0.01327434927225113,7.811046032202285e-8,-0.999911904335022],8,1.5133869647979737],[[764.79638671875,227.41551208496095,46.06654739379883,-0.9999334812164307,-6.850227407539933e-8,-0.011533312499523163,-6.928701878905486e-8,1,6.764210525034287e-8,0.011533312499523163,6.84367194025981e-8,-0.9999334812164307],8,1.5235960483551026],[[764.792724609375,227.354248046875,45.86658477783203,-0.9999334812164307,-7.802839263604256e-8,-0.011533312499523163,-7.864711193406038e-8,1,5.3192373172805676e-8,0.011533312499523163,5.409589576288454e-8,-0.9999334812164307],8,1.533320665359497],[[764.790283203125,227.29637145996095,45.7332763671875,-0.9999334812164307,-8.437574905428846e-8,-0.011533312499523163,-8.488383684834844e-8,1,4.356436278385445e-8,0.011533312499523163,4.454045665625017e-8,-0.9999334812164307],8,1.5449700355529786],[[764.785400390625,228.15927124023438,45.46665954589844,-0.9999334812164307,-9.706232617645583e-8,-0.011533312499523163,-9.734930017657462e-8,1,2.4320682356915314e-8,0.011533312499523163,2.5441824647032264e-8,-0.9999334812164307],3,1.5602452754974366],[[764.7828369140625,228.7706756591797,45.26667785644531,-0.99869704246521,-1.0629116786731174e-7,0.051031313836574557,-1.0558616025946321e-7,1,1.6511119582673929e-8,-0.051031313836574557,1.1101406904856504e-8,-0.99869704246521],5,1.5857691764831544],[[764.7786254882813,229.90151977539063,44.91884231567383,-0.9997033476829529,-1.2362264101284382e-7,0.024356534704566003,-1.2385123682179256e-7,1,-7.876905350201469e-9,-0.024356534704566003,-1.089115553298825e-8,-0.9997033476829529],5,1.5959525108337403],[[764.7769165039063,230.42095947265626,44.77843475341797,-0.9999629259109497,-1.3293458778207424e-7,-0.008609010837972165,-1.3274912191718614e-7,1,-2.2114736708545025e-8,0.008609010837972165,-2.0971077319131838e-8,-0.9999629259109497],5,1.61867356300354],[[764.7747192382813,231.21856689453126,44.59407424926758,-0.9999697804450989,-1.4791899616284355e-7,-0.007772624026983976,-1.4756575694718777e-7,1,-4.6019707156119696e-8,0.007772624026983976,-4.4871342197438938e-8,-0.9999697804450989],5,1.6368215084075928],[[764.7737426757813,231.65625,44.51324462890625,-0.9999678134918213,-1.569201657503072e-7,-0.00802604854106903,-1.5644066309050687e-7,1,-6.037206645714832e-8,0.00802604854106903,-5.9114523054404347e-8,-0.9999678134918213],5,1.643537998199463],[[764.7732543945313,231.93101501464845,44.47177505493164,-0.9999676942825317,-1.6291058102524404e-7,-0.008039213716983796,-1.6235358657468169e-7,1,-6.993642642783016e-8,0.008039213716983796,-6.862897095061271e-8,-0.9999676942825317],5,1.6540946960449219],[[764.7724609375,232.4396514892578,44.41862106323242,-0.999967634677887,-1.27945796180029e-7,-0.008045190013945103,-1.2743804234105483e-7,1,-6.362528637282594e-8,0.008045190013945103,-6.259796236918192e-8,-0.999967634677887],5,1.6771302223205567],[[764.7720947265625,232.893798828125,44.40518569946289,-0.9999536275863648,-7.748118235895163e-8,-0.00962757971137762,-7.70154358065156e-8,1,-4.8746656489129239e-8,0.00962757971137762,-4.800292430218178e-8,-0.9999536275863648],5,1.6928062438964844],[[764.7720947265625,233.29344177246095,44.43147277832031,-0.9999527335166931,-2.6960000454323564e-8,-0.009724760428071022,-2.6631681748767734e-8,1,-3.389063607528442e-8,0.009724760428071022,-3.363004807965808e-8,-0.9999527335166931],5,1.6992411613464356],[[764.7723999023438,233.55740356445313,44.47725296020508,-0.9999348521232605,1.0847058362628559e-8,-0.011414965614676476,1.1106826569573514e-8,1,-2.2693409817975409e-8,0.011414965614676476,-2.281871580578354e-8,-0.9999348521232605],5,1.7110722064971924],[[764.7725830078125,233.63858032226563,44.49747848510742,-0.9999338388442993,2.3461394604851195e-8,-0.011503003537654877,2.3681090866034539e-8,1,-1.896271228929436e-8,0.011503003537654877,-1.923386072633093e-8,-0.9999338388442993],5,1.7191736698150635],[[764.7738647460938,233.99337768554688,44.635841369628909,-0.9998939633369446,8.64348734808118e-8,-0.014562116004526616,8.64460361071906e-8,1,-1.3692776079654579e-10,0.014562116004526616,-1.3957504041428593e-9,-0.9998939633369446],5,1.737241268157959],[[764.774658203125,234.1114501953125,44.708560943603519,-0.9998619556427002,1.1162747881598989e-7,-0.01661589927971363,1.1151941237130814e-7,1,7.430422055421104e-9,0.01661589927971363,5.5764006745562259e-9,-0.9998619556427002],5,1.745851755142212],[[764.7756958007813,234.2158966064453,44.79121017456055,-0.9997985363006592,1.368313604643845e-7,-0.020073177292943,1.3655628094966233e-7,1,1.507411973022954e-8,0.020073177292943,1.2329963716695147e-8,-0.9997985363006592],5,1.754042148590088],[[764.7770385742188,234.3067169189453,44.883785247802737,-0.999722957611084,1.4382933954948386e-7,-0.023536305874586107,1.4340923826239305e-7,1,1.9536512851914268e-8,0.023536305874586107,1.61557771605203e-8,-0.999722957611084],5,1.7660014629364014],[[764.77978515625,234.4174041748047,45.0412483215332,-0.9996806383132935,1.2696526141553478e-7,-0.025272060185670854,1.2646674463212549e-7,1,2.1324343180140205e-8,0.025272060185670854,1.812145811186383e-8,-0.9996806383132935],5,1.7776453495025635],[[764.7837524414063,234.4974365234375,45.22102355957031,-0.9996335506439209,1.1011594835963479e-7,-0.027069710195064546,1.0953104379041179e-7,1,2.309019464519224e-8,0.027069710195064546,2.011675981350436e-8,-0.9996335506439209],5,1.7874510288238526],[[764.7871704101563,234.5337677001953,45.35187911987305,-0.9995328783988953,9.893834373997379e-8,-0.03056209348142147,9.824393032431544e-8,1,2.4223062666806073e-8,0.03056209348142147,2.1209206835237638e-8,-0.9995328783988953],5,1.7972898483276368],[[764.7931518554688,234.5626983642578,45.551414489746097,-0.9995306730270386,8.207481272393125e-8,-0.030633976683020593,8.131836182201369e-8,1,2.593892034497003e-8,0.030633976683020593,2.3435642759750409e-8,-0.9995306730270386],5,1.807363510131836],[[764.7972412109375,234.56495666503907,45.684669494628909,-0.9995278716087341,7.08384106928861e-8,-0.03072509355843067,7.003923485626729e-8,1,2.7086811016374669e-8,0.03072509355843067,2.492206085946691e-8,-0.9995278716087341],5,1.8178014755249024],[[764.803466796875,234.5428009033203,45.88457489013672,-0.9995275735855103,5.398942093393089e-8,-0.030735615640878679,5.312905315690841e-8,1,2.8809179042355028e-8,0.030735615640878679,2.7162613491782396e-8,-0.9995275735855103],5,1.8292884826660157],[[764.8076171875,234.51100158691407,46.017845153808597,-0.9995273351669312,4.276265741509633e-8,-0.030741803348064424,4.186151159046858e-8,1,2.9957014646697647e-8,0.030741803348064424,2.8655959383172559e-8,-0.9995273351669312],5,1.839442253112793],[[764.8138427734375,234.43775939941407,46.217750549316409,-0.9995273351669312,2.593124293071014e-8,-0.030742499977350236,2.49691876064162e-8,1,3.167791362557182e-8,0.030742499977350236,3.089532540911932e-8,-0.9995273351669312],5,1.8543128967285157],[[764.8323974609375,234.34706115722657,46.364688873291019,-0.9997954964637756,0.006016776897013187,0.019307900220155717,0.006004876922816038,0.9999817609786987,-0.000674250943120569,-0.019311605021357538,-0.0005581714794971049,-0.9998133778572083],5,1.8665275573730469],[[764.8858642578125,234.22750854492188,46.31526184082031,-0.9999517798423767,0.005106559954583645,0.008386198431253434,0.005101024638861418,0.9999867677688599,-0.0006812787614762783,-0.008389566093683243,-0.0006384676671586931,-0.9999645948410034],5,1.8790366649627686],[[764.8961181640625,234.14959716796876,46.2863655090332,-0.9999120831489563,0.002821079920977354,0.012955996207892895,0.00281638465821743,0.9999959468841553,-0.00038063741521909833,-0.012957017868757248,-0.0003441148728597909,-0.9999160170555115],5,1.8895814418792725],[[764.8795166015625,234.00718688964845,46.24128723144531,-0.9967398047447205,0.0007967497804202139,0.0806792825460434,0.0007966681150719523,0.9999997019767761,-0.000033201955375261608,-0.0806792825460434,0.00003118090899079107,-0.9967401027679443],5,1.9026732444763184],[[764.8648071289063,234.05435180664063,46.09379196166992,-0.9407569766044617,0.0005813659518025816,0.3390809893608093,0.0003117831947747618,0.9999995827674866,-0.0008495125803165138,-0.339081346988678,-0.000693465699441731,-0.9407567977905273],7,1.9154014587402344],[[764.8289184570313,234.14993286132813,45.83242416381836,-0.6938105821609497,0.004959494806826115,0.7201404571533203,0.0032861344516277315,0.9999876618385315,-0.0037207722198218109,-0.7201500535011292,-0.000215032952837646,-0.6938183307647705],7,1.9280476570129395],[[764.785400390625,234.2176971435547,45.77682113647461,-0.4772183895111084,0.004806542303413153,0.8787716031074524,0.0014187854249030352,0.9999879598617554,-0.004699075128883123,-0.8787835836410523,-0.0009956967551261187,-0.47721946239471438],7,1.9384024143218995],[[764.7561645507813,234.25254821777345,45.7763557434082,-0.15378910303115846,0.0017846716800704599,0.9881020784378052,0.0005592068773694336,0.9999983906745911,-0.001719122868962586,-0.9881035089492798,0.0002881711407098919,-0.15378984808921815],8,1.950148582458496],[[764.74169921875,234.69422912597657,45.776123046875,-0.08375626057386399,-0.0001588396989973262,0.996486246585846,0.00013923924416303635,1,0.00017110306362155825,-0.996486246585846,0.00015308095316868275,-0.08375623822212219],3,1.9628498554229737],[[764.7056884765625,235.33628845214845,45.77726745605469,-0.15593843162059785,-0.00102029531262815,0.9877662658691406,-0.00017921580001711845,0.999999463558197,0.0010046387324109674,-0.9877667427062988,-0.000020361541828606279,-0.1559385359287262],5,1.9734041690826417],[[764.6480102539063,235.94711303710938,45.75746536254883,-0.29253801703453066,-0.0008498008828610182,0.9562535285949707,0.00043707640725187957,0.9999994039535523,0.0010223876452073455,-0.9562538266181946,0.0007170431199483573,-0.2925374507904053],5,1.9851136207580567],[[764.569580078125,236.5271453857422,45.767555236816409,-0.46978819370269778,-0.0003209924034308642,0.8827791213989258,0.0003898260765708983,0.9999997615814209,0.0005710693076252937,-0.882779061794281,0.000612411939073354,-0.46978795528411868],5,1.9968764781951905],[[764.4733276367188,237.07652282714845,45.790863037109378,-0.7997137904167175,0.00010357723658671603,0.6003814339637756,0.0002805398835334927,0.9999999403953552,0.00020116275118198246,-0.6003813743591309,0.0003293035551905632,-0.7997137308120728],5,2.007868766784668],[[764.3702392578125,237.59524536132813,45.834129333496097,-0.9046730995178223,0.00012646119284909219,0.426106333732605,0.0001508175628259778,1,0.000023420001525664703,-0.426106333732605,0.00008545174932805821,-0.9046730995178223],5,2.020282506942749],[[764.26904296875,238.08331298828126,45.89951705932617,-0.9862006306648254,0.00007131729944376275,0.1655546873807907,0.00006663570820819587,1,-0.0000338324171025306,-0.1655546873807907,-0.000022333706510835328,-0.9862006306648254],5,2.0319488048553469],[[764.2061767578125,238.39166259765626,45.954471588134769,-0.9974717497825623,0.000033688142138998958,0.0710640698671341,0.000031244180718204009,1,-0.000035502562241163108,-0.07106407731771469,-0.00003319246752653271,-0.9974717497825623],5,2.0437607765197756],[[764.0972900390625,238.9674835205078,46.08898162841797,-0.999911367893219,5.622084131573502e-7,-0.013313626870512963,7.973179094733496e-7,1,-0.000017653997929301114,0.013313626870512963,-0.000017663047401583755,-0.999911367893219],5,2.0563695430755617],[[764.0520629882813,239.23495483398438,46.16786193847656,-0.9988508820533752,-0.0000033972621622524459,-0.047926291823387149,-0.000002940758122349507,1,-