[[[776,222.69961547851563,47,1,6.561442233987691e-8,4.56356364508673e-15,-6.561442233987691e-8,1,1.863181076089404e-8,-3.34104819209465e-15,-1.863181076089404e-8,1],8,0.01577019691467285],[[776,222.69961547851563,47,1,2.861907866247293e-8,4.1891068962480758e-15,-2.861907866247293e-8,1,8.12664158189591e-9,-3.9565298601404109e-15,-8.12664158189591e-9,1],8,0.03156447410583496],[[776,222.69961547851563,47,1,-9.487449714740138e-10,4.1681428308035319e-15,9.487449714740138e-10,1,-2.694186818086308e-10,-4.167887026853461e-15,2.694186818086308e-10,1],8,0.040143728256225589],[[776,222.69961547851563,47,1,-3.049130370413877e-8,4.394971477814655e-15,3.049130370413877e-8,1,-8.658306072106825e-9,-4.130968248814435e-15,8.658306072106825e-9,1],8,0.05996894836425781],[[776,222.69961547851563,47,1,-6.000861674237967e-8,4.869027866305628e-15,6.000861674237967e-8,1,-1.7040026278891675e-8,-3.846479104468396e-15,1.7040026278891675e-8,1],8,0.07599925994873047],[[776,222.69961547851563,47,0.031383488327264789,-2.7196001894935763e-8,0.9995074272155762,7.390842426957534e-8,1,2.4888755945084996e-8,-0.9995074272155762,7.309092353580127e-8,0.031383488327264789],8,0.09668922424316406],[[776,222.69961547851563,47,0.09525223821401596,-5.591004281768619e-8,0.9954531788825989,8.36864160191908e-8,1,4.815768761545769e-8,-0.9954531788825989,7.87187843798165e-8,0.09525223821401596],8,0.11551380157470703],[[776,222.69961547851563,47,0.13048182427883149,-7.586290706740329e-8,0.9914507269859314,8.553639929687051e-8,1,6.525988993644205e-8,-0.9914507269859314,7.62898935136036e-8,0.13048182427883149],8,0.12964701652526856],[[776,222.69961547851563,47,0.14397166669368745,-5.47395622163549e-8,0.989581823348999,4.806774001053782e-8,1,4.832260458442761e-8,-0.989581823348999,4.060987635057245e-8,0.14397166669368745],8,0.14169573783874513],[[776,222.69961547851563,47,0.13934560120105744,-3.236846879417499e-8,0.9902437925338745,1.07455830899994e-8,1,3.1175268588867769e-8,-0.9902437925338745,6.296610344236342e-9,0.13934560120105744],8,0.15777373313903809],[[776,222.69961547851563,47,0.10821285843849182,-9.990349880695249e-9,0.9941277503967285,-2.5985857021737503e-8,1,1.2877976018899063e-8,-0.9941277503967285,-2.7226825238813036e-8,0.10821285843849182],8,0.1736161708831787],[[776,222.69961547851563,47,0.08213876932859421,1.1445785652597351e-8,0.9966208934783936,-6.21943030409966e-8,1,-6.358708670717306e-9,-0.9966208934783936,-6.146184716726566e-8,0.08213876932859421],8,0.19202780723571778],[[776,222.69961547851563,47,0.0472811758518219,2.588913261547532e-8,0.9988816380500794,-8.88102533735946e-8,1,-2.171436541686944e-8,-0.9988816380500794,-8.768424919480822e-8,0.0472811758518219],8,0.20710325241088868],[[776,222.69961547851563,47,0.005377381574362516,3.080011268252747e-8,0.9999855160713196,-8.254465910795261e-8,1,-3.0356677171994309e-8,-0.9999855160713196,-8.238023241347037e-8,0.005377381574362516],8,0.22411465644836427],[[776,222.69961547851563,47,-0.04002765566110611,2.3763785605979139e-8,0.9991985559463501,-5.133345837293746e-8,1,-2.583925073906812e-8,-0.9991985559463501,-5.232660171827774e-8,-0.04002765566110611],8,0.24187159538269044],[[776,222.69961547851563,47,-0.07316198945045471,1.8752642105823726e-8,0.9973200559616089,-2.0315885862487449e-8,1,-2.0293377644975409e-8,-0.9973200559616089,-2.174614444072631e-8,-0.07316198945045471],8,0.2585587501525879],[[776,222.69961547851563,47,-0.09752638638019562,1.495638457527093e-8,0.9952329397201538,1.0530426308719143e-8,1,-1.3996110048708488e-8,-0.9952329397201538,9.115237453727332e-9,-0.09752638638019562],8,0.2760446071624756],[[775.839111328125,222.69961547851563,47.01576232910156,-0.10968602448701859,1.181056852317397e-8,0.993966281414032,4.127116426388966e-8,1,-7.327913387200624e-9,-0.993966281414032,4.021837796130967e-8,-0.10968602448701859],8,0.3005359172821045],[[775.5775146484375,222.69961547851563,47.044189453125,-0.11315663158893585,8.697599973572779e-9,0.9935771822929382,7.19621837674822e-8,1,-5.581862194681264e-10,-0.9935771822929382,7.14368226795159e-8,-0.11315663158893585],8,0.31603050231933596],[[775.3126220703125,222.69961547851563,47.07421112060547,-0.11315663158893585,5.447024609139817e-9,0.9935771822929382,1.0262699845497991e-7,1,6.205759461863636e-9,-0.9935771822929382,1.0267006445019433e-7,-0.11315663158893585],8,0.3226923942565918],[[775.1139526367188,222.69961547851563,47.09683609008789,-0.11315663158893585,2.8846893762590754e-9,0.9935771822929382,1.0808240347159881e-7,1,9.405964007669354e-9,-0.9935771822929382,1.0845255360436568e-7,-0.11315663158893585],8,0.3397212028503418],[[774.8490600585938,222.69961547851563,47.127017974853519,-0.11489236354827881,-6.761828874601861e-10,0.9933779239654541,6.863609769425239e-8,1,8.619021940603489e-9,-0.9933779239654541,6.917183981158814e-8,-0.11489236354827881],8,0.35709643363952639],[[774.5179443359375,222.69961547851563,47.16524887084961,-0.11662810295820236,-5.238735667489891e-9,0.9931756854057312,1.9377388582597633e-8,1,7.550208458440011e-9,-0.9931756854057312,2.0125716204688616e-8,-0.11662810295820236],8,0.3766157627105713],[[774.1868286132813,222.69961547851563,47.20405960083008,-0.11662952601909638,-9.917139109916207e-9,0.9931755065917969,-2.982874391932455e-8,1,6.482466119450692e-9,-0.9931755065917969,-2.8869129309327947e-8,-0.11662952601909638],8,0.3964393138885498],[[773.9881591796875,222.69961547851563,47.22738265991211,-0.11663094907999039,-1.2721842246321558e-8,0.9931753277778626,-5.93271956006447e-8,1,5.842327066574171e-9,-0.9931753277778626,-5.82409107607873e-8,-0.11663094907999039],8,0.41032862663269045],[[773.7894897460938,222.69961547851563,47.25070571899414,-0.1166323721408844,-1.552479034216958e-8,0.9931751489639282,-8.880673618705259e-8,1,5.202557051831036e-9,-0.9931751489639282,-8.759386105339218e-8,-0.1166323721408844],8,0.42352938652038576],[[773.4583740234375,222.69961547851563,47.28957748413086,-0.1131625548005104,-1.4729016228898218e-8,0.9935764670372009,-1.0097632241468091e-7,1,3.3236264851410626e-9,-0.9935764670372009,-9.995159189202241e-8,-0.1131625548005104],8,0.44173645973205569],[[773.1934814453125,222.69961547851563,47.319889068603519,-0.1079549640417099,-7.627737552695635e-9,0.994155764579773,-6.642678584967143e-8,1,4.5932022074701708e-10,-0.994155764579773,-6.59889920484602e-8,-0.1079549640417099],8,0.45777297019958498],[[772.9283447265625,222.69961547851563,47.34888458251953,-0.10100612789392472,-5.94745197535218e-10,0.9948858022689819,-3.192761255377263e-8,1,-2.643659513523744e-9,-0.9948858022689819,-3.2031355345907289e-8,-0.10100612789392472],8,0.4742133617401123],[[772.7293701171875,222.69961547851563,47.369354248046878,-0.09231448918581009,4.610107851021894e-9,0.995729923248291,-6.093870741352703e-9,1,-5.1948427781667309e-9,-0.995729923248291,-6.547408393231535e-9,-0.09231448918581009],8,0.49046778678894045],[[772.4638671875,222.69961547851563,47.39432907104492,-0.08013340085744858,1.1251726661498651e-8,0.9967841506004334,2.8281229802473719e-8,1,-9.014445190302922e-9,-0.9967841506004334,2.7467923047197475e-8,-0.08013340085744858],8,0.5070621967315674],[[772.131591796875,222.69961547851563,47.421531677246097,-0.0679386705160141,1.9109508642145557e-8,0.9976894855499268,7.114726230383894e-8,1,-1.4308918494521095e-8,-0.9976894855499268,7.001074919799066e-8,-0.0679386705160141],8,0.5254442691802979],[[771.8655395507813,222.69961547851563,47.44013595581055,-0.05399094521999359,2.467865378719125e-8,0.9985414147377014,1.0534464678357836e-7,1,-1.9018736807652205e-8,-0.9985414147377014,1.0416415818781388e-7,-0.05399094521999359],8,0.5406124591827393],[[771.6658325195313,222.69961547851563,47.451473236083987,-0.03654133528470993,2.0447943782642143e-8,0.9993321299552918,9.613308549205613e-8,1,-1.6946430037023675e-8,-0.9993321299552918,9.544963575081056e-8,-0.03654133528470993],8,0.5567770004272461],[[771.332763671875,222.69961547851563,47.46437454223633,-0.013841448351740837,8.173050680682082e-9,0.999904215335846,5.203416719723464e-8,1,-7.45353645470459e-9,-0.999904215335846,5.192601548742459e-8,-0.013841448351740837],8,0.5741586685180664],[[771.066162109375,222.69961547851563,47.468963623046878,0.0001318231225013733,-6.274580299781007e-10,1,1.689839912444313e-8,1,6.252304229903416e-10,-1,1.689831741202852e-8,0.0001318231225013733],8,0.5935647487640381],[[770.8662109375,222.69961547851563,47.469482421875,0.010613100603222847,-6.855614298473256e-9,0.9999436736106873,-9.368822162514335e-9,1,6.9554384474201928e-9,-0.9999436736106873,-9.442112869351149e-9,0.010613100603222847],8,0.6073400974273682],[[770.532958984375,222.69961547851563,47.46638870239258,0.015851885080337526,-1.688255757414936e-8,0.9998743534088135,-5.3054293402965416e-8,1,1.7725795942169499e-8,-0.9998743534088135,-5.3328616189673997e-8,0.015851885080337526],8,0.6233615875244141],[[770.3330078125,222.67919921875,47.464271545410159,0.015851885080337526,-2.292329526198955e-8,0.9998743534088135,-7.924317912966217e-8,1,2.4182487123880493e-8,-0.9998743534088135,-7.961656223187674e-8,0.015851885080337526],8,0.6400442123413086],[[770.06640625,222.60427856445313,47.461448669433597,0.015851885080337526,-3.0971587960948457e-8,0.9998743534088135,-1.1413558809181268e-7,1,3.2784971182309167e-8,-0.9998743534088135,-1.1464094740176734e-7,0.015851885080337526],8,0.6550836563110352],[[769.733154296875,223.68801879882813,47.45792007446289,0.021090829744935037,-4.0421159752668248e-8,0.9997775554656982,-1.5765228056352499e-7,1,4.375591089456066e-8,-0.9997775554656982,-1.5854006107929309e-7,0.021090829744935037],3,0.6753411293029785],[[769.466552734375,224.4964141845703,47.45270538330078,0.022677114233374597,-3.0894426572558589e-8,0.999742865562439,-1.2321157782935189e-7,1,3.369717660461902e-8,-0.999742865562439,-1.2394404791393755e-7,0.022677114233374597],5,0.6978123188018799],[[769.199951171875,225.25030517578126,47.44669723510742,0.025944601744413377,-2.1198550470558076e-8,0.9996633529663086,-8.884128277486525e-8,1,2.3511416813448706e-8,-0.9996633529663086,-8.94213698643398e-8,0.025944601744413377],5,0.7078111171722412],[[768.933349609375,225.94970703125,47.439815521240237,0.027779696509242059,-1.177153041709289e-8,0.9996140599250794,-5.45157519127315e-8,1,1.3291090894540503e-8,-0.9996140599250794,-5.4863935616822349e-8,0.027779696509242059],5,0.7232339382171631],[[768.666748046875,226.5946044921875,47.43239974975586,0.027996502816677095,-2.52598231220702e-9,0.999608039855957,-2.0217294505187057e-8,1,3.0932083561197034e-9,-0.999608039855957,-2.0295969349604094e-8,0.027996502816677095],5,0.7399952411651611],[[768.400146484375,227.18499755859376,47.42491149902344,0.02965245395898819,6.732937762876645e-9,0.9995602965354919,1.403469784833078e-8,1,-7.1522459066386549e-9,-0.9995602965354919,1.4240608692261958e-8,0.02965245395898819],5,0.7578999996185303],[[768.133544921875,227.72088623046876,47.417022705078128,0.02975764311850071,1.594504972501909e-8,0.9995571374893189,4.825632160532223e-8,1,-1.7388744666391177e-8,-0.9995571374893189,4.875239767443418e-8,0.02975764311850071],5,0.7722535133361816],[[767.866943359375,228.20228576660157,47.40907287597656,0.0313994437456131,2.5063805253466854e-8,0.9995068907737732,8.243360127835331e-8,1,-2.766581630453402e-8,-0.9995068907737732,8.326164646632606e-8,0.0313994437456131],5,0.7921662330627441],[[767.6669921875,228.52757263183595,47.402828216552737,0.034781426191329959,3.165967399354486e-8,0.999394953250885,1.0802542504961821e-7,1,-3.543839355302225e-8,-0.999394953250885,1.0919266202336076e-7,0.034781426191329959],5,0.808577299118042],[[767.333740234375,229.00157165527345,47.39128875732422,0.03798387572169304,4.274170350981876e-8,0.9992783665657044,1.506036113596565e-7,1,-4.849720980359962e-8,-0.9992783665657044,1.5233705141781685e-7,0.03798387572169304],5,0.8254396915435791],[[767.0673217773438,229.31947326660157,47.38114929199219,0.04474390670657158,3.2510818925857168e-8,0.9989984631538391,1.1815068035048171e-7,1,-3.783523538913869e-8,-0.9989984631538391,1.197252430529261e-7,0.04474390670657158],5,0.8415498733520508],[[766.8009643554688,229.58287048339845,47.36928939819336,0.051595017313957217,2.2504325514205449e-8,0.9986680746078491,8.580254018397682e-8,1,-2.6967226673946244e-8,-0.9986680746078491,8.707963417009523e-8,0.051595017313957217],5,0.8604934215545654],[[766.5346069335938,229.79176330566407,47.355567932128909,0.05697377398610115,1.2897414691792619e-8,0.998375654220581,5.353384580075726e-8,1,-1.5973386169321203e-8,-0.998375654220581,5.435695271671648e-8,0.05697377398610115],5,0.8726558685302734],[[766.2684326171875,229.94615173339845,47.34038162231445,0.06384793668985367,3.409543980481544e-9,0.9979596138000488,2.1368538938304483e-8,1,-4.783641482930534e-9,-0.9979596138000488,2.1630365054647883e-8,0.06384793668985367],5,0.891803503036499],[[766.0023193359375,230.04605102539063,47.32339859008789,0.07392863929271698,-5.898845412133369e-9,0.9972635507583618,-1.0654205517823812e-8,1,6.7048437912831108e-9,-0.9972635507583618,-1.1120731002733919e-8,0.07392863929271698],5,0.9074192047119141],[[765.7364501953125,230.09144592285157,47.303768157958987,0.08898123353719711,-1.477112743231146e-8,0.9960333108901978,-4.2478450978933327e-8,1,1.862479059866473e-8,-0.9960333108901978,-4.3967208540607319e-8,0.08898123353719711],5,0.9251275062561035],[[765.4708251953125,230.08233642578126,47.28017044067383,0.10757692158222199,-2.2905533469952389e-8,0.9941967725753784,-7.406168123225143e-8,1,3.1053069449171747e-8,-0.9941967725753784,-7.697247639271154e-8,0.10757692158222199],5,0.9396219253540039],[[765.2056884765625,230.01873779296876,47.251609802246097,0.14536213874816895,-2.8684421948810269e-8,0.9893785119056702,-1.0518755999555651e-7,1,4.444680001824963e-8,-0.9893785119056702,-1.1053119663984035e-7,0.14536213874816895],5,0.9585967063903809],[[764.9418334960938,229.900634765625,47.21324157714844,0.17329059541225434,-3.418152161316357e-8,0.9848707318305969,-1.3590160108378769e-7,1,5.861885199465178e-8,-0.9848707318305969,-1.4400360726085638e-7,0.17329059541225434],5,0.9749422073364258],[[764.7448120117188,229.7762908935547,47.1788444519043,0.2036104053258896,-3.2237146285751808e-8,0.9790520071983337,-1.4235142486995756e-7,1,6.253128503885819e-8,-0.9790520071983337,-1.5210146386834823e-7,0.2036104053258896],5,0.9967215061187744],[[764.483642578125,229.5628204345703,47.12498092651367,0.23161107301712037,-2.0806664835504308e-8,0.9728084802627564,-1.0811925221787533e-7,1,4.712981294119345e-8,-0.9728084802627564,-1.1609511574306453e-7,0.23161107301712037],5,1.0069191455841065],[[764.1593627929688,229.21932983398438,47.04766845703125,0.2579537332057953,-9.006310364156889e-9,0.9661572575569153,-6.588202694501888e-8,1,2.6911587625022549e-8,-0.9661572575569153,-7.059434636857986e-8,0.2579537332057953],5,1.0243844985961915],[[763.9017944335938,228.8832244873047,46.97873306274414,0.2842932939529419,-3.2753258438766866e-10,0.9587373733520508,-3.254334757230026e-8,1,9.991670602005343e-9,-0.9587373733520508,-3.404108639415426e-8,0.2842932939529419],5,1.0416157245635987],[[763.6461181640625,229.0507049560547,46.90302276611328,0.3166443705558777,7.367826793114318e-9,0.9485443234443665,2.320458269977621e-10,1,-7.84497089512115e-9,-0.9485443234443665,2.7041717753917284e-9,0.3166443705558777],7,1.0573139190673829],[[763.4755859375,229.28526306152345,46.890804290771487,0.3135933578014374,0.0015310931485146285,0.9495561122894287,0.0053177461959421639,0.9999802112579346,-0.003368597710505128,-0.9495424628257752,0.006105868145823479,0.3135790228843689],7,1.0753192901611329],[[763.4388427734375,229.4268035888672,46.88994598388672,0.31512150168418887,-0.00019827632058877498,0.9490513205528259,-0.00024936452973634005,0.9999999403953552,0.0002917191304732114,-0.9490513205528259,-0.0003285866987425834,0.3151214122772217],8,1.0902023315429688],[[763.4834594726563,229.51058959960938,46.88831329345703,0.38751983642578127,0.0003571504494175315,0.9218612909317017,-0.00013360076991375536,0.9999999403953552,-0.000331261835526675,-0.9218613505363464,0.000005209156370256096,0.38751986622810366],8,1.1072545051574708],[[763.538818359375,229.5587158203125,46.889808654785159,0.46785449981689455,0.00034197818604297936,0.8838054537773132,-0.0001281638687942177,0.9999999403953552,-0.0003190930001437664,-0.883805513381958,0.00003601717253332026,0.4678545296192169],8,1.1265308856964112],[[763.6005859375,229.58444213867188,46.88997268676758,0.5615749359130859,0.0004739935393445194,0.8274257183074951,0.001179342856630683,0.9999983906745911,-0.0013732739025726915,-0.8274250030517578,0.0017470148159191013,0.5615734457969666],8,1.1439638137817383],[[763.6536865234375,229.60780334472657,46.87229919433594,0.6472697854042053,0.0001429444964742288,0.7622609734535217,0.0014412510208785534,0.9999979734420776,-0.001411357196047902,-0.7622596025466919,0.00201213825494051,0.6472682952880859],8,1.1587309837341309],[[763.7235717773438,229.64010620117188,46.735111236572269,0.7488704919815064,0.0002281857014168054,0.6627163290977478,0.00041352908010594547,0.9999995827674866,-0.0008116071694530547,-0.662716269493103,0.0008818411151878536,0.7488700747489929],8,1.17594313621521],[[763.7872924804688,229.66342163085938,46.534114837646487,0.7965585589408875,0.000901033345144242,0.6045607328414917,-0.000873536744620651,0.9999995827674866,-0.0003394362865947187,-0.6045607924461365,-0.000257725128903985,0.7965589761734009],8,1.1966373920440674],[[763.9658203125,229.6774139404297,46.40095138549805,0.8011561036109924,0.0007008260581642389,0.598455011844635,-0.0010013615246862174,0.999999463558197,0.00016947170661296695,-0.5984545946121216,-0.0007350430823862553,0.8011564016342163],8,1.2100985050201417],[[764.1744384765625,229.6872100830078,46.23640441894531,0.7868756651878357,0.00012839490955229849,0.6171115636825562,-0.000161867166752927,1,-0.000001661891360527079,-0.6171115636825562,-0.0000985823935479857,0.7868756651878357],8,1.2305004596710206],[[764.3849487304688,229.69288635253907,46.07239532470703,0.7691564559936523,-8.057368177105673e-7,0.6390604972839356,0.00007220669067464769,1,-0.00008564526797272265,-0.6390604972839356,0.00011201904999325052,0.7691564559936523],8,1.2480449676513672],[[764.5418701171875,229.67581176757813,45.94828796386719,0.7331268191337586,-0.00002779101487249136,0.680091917514801,0.00004996250572730787,1,-0.000012995067663723603,-0.680091917514801,0.0000435061301686801,0.7331268191337586],8,1.256180763244629],[[764.8034057617188,229.57925415039063,45.74147415161133,0.6812838912010193,-0.0000067625492192746609,0.732019305229187,2.711475417527254e-7,1,0.000008985856766230427,-0.732019305229187,-0.000005923434400756378,0.6812838912010193],8,1.274519681930542],[[764.9603271484375,229.48043823242188,45.61738586425781,0.623066782951355,-1.652285703812595e-7,0.7821686863899231,-0.000004340450232120929,1,0.0000036687979445559906,-0.7821686863899231,-0.000005680869890056783,0.623066782951355],8,1.2893927097320557],[[765.1695556640625,229.30099487304688,45.451927185058597,0.5582769513130188,0.0000010837438821909018,0.8296546339988709,-0.0000016184304740818334,1,-2.1721254483964004e-7,-0.8296546339988709,-0.0000012214735534143984,0.5582769513130188],8,1.305356740951538],[[765.4310913085938,230.38473510742188,45.245094299316409,0.45758894085884097,8.503841399942758e-7,0.8891638517379761,0.000002448114173603244,1,-0.000002216255325038219,-0.8891638517379761,0.000003190908500982914,0.45758894085884097],3,1.327561855316162],[[765.6210327148438,231.19313049316407,45.063865661621097,0.5030800104141235,4.806362312592682e-7,0.8642398715019226,0.0000018449097751727095,1,-0.0000016300722336382024,-0.8642398715019226,0.0000024145012957887958,0.5030800104141235],5,1.3461682796478272],[[765.7431030273438,231.76365661621095,44.91172790527344,0.4368842542171478,4.548347476429626e-7,0.8995177149772644,7.056821687001502e-7,1,-8.483837063977262e-7,-0.8995177149772644,0.000001005419107968919,0.4368842542171478],5,1.3563857078552247],[[765.90576171875,232.64642333984376,44.62999725341797,0.3956705927848816,1.4771885048503464e-7,0.9183924794197083,-5.8967493998807188e-8,1,-1.3544007515520207e-7,-0.9183924794197083,-5.656483614835395e-10,0.3956705927848816],5,1.3736186027526856],[[765.9967041015625,233.29132080078126,44.383384704589847,0.2881735563278198,2.3140449556535715e-9,0.957578182220459,-1.0120432847315897e-7,1,2.803986731692021e-8,-0.957578182220459,-1.0499140756792258e-7,0.2881735563278198],5,1.3915023803710938],[[766.0404663085938,233.73922729492188,44.18952560424805,0.17260047793388368,-6.914402206348314e-8,0.9849919080734253,-8.267096518466133e-8,1,8.468401091477063e-8,-0.9849919080734253,-9.604674033880656e-8,0.17260047793388368],5,1.4061858654022217],[[766.068603515625,234.2887420654297,43.92491912841797,0.11570306867361069,-1.3291953848693084e-7,0.9932838678359985,-4.690717503308406e-8,1,1.3928227815540596e-7,-0.9932838678359985,-6.270752805903612e-8,0.11570306867361069],5,1.4230475425720215],[[766.0689697265625,234.8990020751953,43.59185028076172,0.051441214978694919,-1.1877377659175181e-7,0.9986760020256043,1.035881047606324e-9,1,1.1887787820796803e-7,-0.9986760020256043,-5.080713183502894e-9,0.051441214978694919],5,1.4412693977355958],[[766.0523681640625,235.2242889404297,43.39276123046875,-0.11100852489471436,-1.0434315100837921e-7,0.9938194751739502,3.088040045895468e-8,1,1.0844136966170481e-7,-0.9938194751739502,4.272745712796677e-8,-0.11100852489471436],5,1.4562304019927979],[[765.9901123046875,235.6982879638672,43.06563949584961,-0.14021450281143189,-7.81171891617305e-8,0.9901211261749268,8.11550151524898e-8,1,9.038923565185542e-8,-0.9901211261749268,9.302717529635629e-8,-0.14021450281143189],5,1.4742240905761719],[[765.9155883789063,236.0161895751953,42.80984115600586,-0.2651025056838989,-4.142162168818686e-8,0.9642202258110046,1.2280210626158806e-7,1,7.672185375895424e-8,-0.9642202258110046,1.387474242164899e-7,-0.2651025056838989],5,1.4907433986663819],[[765.8173217773438,236.2795867919922,42.56220626831055,-0.3514755070209503,-1.5357315419350926e-9,0.9361971020698547,1.331553676209296e-7,1,5.1630777875288916e-8,-0.9361971020698547,1.428066269681949e-7,-0.3514755070209503],5,1.5081021785736085],[[765.6967163085938,236.4884796142578,42.32467269897461,-0.43337029218673708,3.857270414187042e-8,0.9012159705162048,1.1478920214358368e-7,1,1.2398274407132704e-8,-0.9012159705162048,1.0882290268909856e-7,-0.43337029218673708],5,1.523686408996582],[[765.55517578125,236.6428680419922,42.09891891479492,-0.5073195099830627,7.256763012719603e-8,0.8617580533027649,9.880643148107993e-8,1,-2.604118876092798e-8,-0.8617580533027649,7.193602868937887e-8,-0.5073195099830627],5,1.5405302047729493],[[765.394775390625,236.74276733398438,41.88612747192383,-0.5960937738418579,1.032094587571919e-7,0.8029148578643799,8.597911715924056e-8,1,-6.471152147469184e-8,-0.8029148578643799,3.04597769229531e-8,-0.5960937738418579],5,1.5566284656524659],[[765.2150268554688,236.7881622314453,41.68959426879883,-0.652023196220398,1.2756520106904646e-7,0.7581990361213684,7.491276932114488e-8,1,-1.0382542114939497e-7,-0.7581990361213684,-1.0897797331210768e-8,-0.652023196220398],5,1.5734798908233643],[[765.068359375,236.78643798828126,41.553775787353519,-0.7278499007225037,1.418011521536755e-7,0.6857364773750305,6.851841050092844e-8,1,-1.3406030063833897e-7,-0.6857364773750305,-5.059020224962296e-8,-0.7278499007225037],5,1.5889465808868409],[[764.8596801757813,236.73646545410157,41.38800048828125,-0.7558639049530029,1.1478632444550385e-7,0.6547287106513977,4.2609393346992877e-8,1,-1.2612768784947549e-7,-0.6547287106513977,-6.743777447582034e-8,-0.7558639049530029],5,1.6062734127044678],[[764.5833740234375,236.59735107421876,41.20172882080078,-0.7847320437431336,6.00885172730159e-8,0.6198351383209229,4.392279595588633e-10,1,-9.638666398359419e-8,-0.6198351383209229,-7.536545609809764e-8,-0.7847320437431336],5,1.6237666606903077],[[764.3518676757813,236.42474365234376,41.06965255737305,-0.8518089652061462,8.848616062095971e-9,0.5238525867462158,-3.46745672175075e-8,1,-7.327390250111421e-8,-0.5238525867462158,-8.057972422648163e-8,-0.8518089652061462],5,1.641021728515625],[[764.1713256835938,236.25953674316407,40.98403549194336,-0.9049918055534363,-3.224174349725217e-8,0.42542898654937746,-6.22000513317289e-8,1,-5.6528342895489916e-8,-0.42542898654937746,-7.761939002648433e-8,-0.9049918055534363],5,1.656001091003418],[[763.9217529296875,235.99156188964845,40.890567779541019,-0.9226493239402771,-7.915601685226648e-8,0.3856399655342102,-9.973889092407262e-8,1,-3.3367918206295147e-8,-0.3856399655342102,-6.925019135906041e-8,-0.9226493239402771],5,1.673506498336792],[[763.6011352539063,235.57994079589845,40.79977035522461,-0.9409492015838623,-1.38578513997345e-7,0.33854782581329348,-1.4799931591369387e-7,1,-2.0125185962172056e-9,-0.33854782581329348,-5.199852637360891e-8,-0.9409492015838623],5,1.6903343200683594],[[763.33984375,235.1893310546875,40.74751281738281,-0.9756327867507935,-1.3532047660191893e-7,0.21940980851650239,-1.3482868155278994e-7,1,1.7215210590393327e-8,-0.21940980851650239,-1.2787011449688635e-8,-0.9756327867507935],5,1.7094380855560303],[[763.074951171875,234.74423217773438,40.71828079223633,-0.9921807646751404,-1.0893404578382615e-7,0.12480921298265457,-1.0525142357664663e-7,1,3.609995857800641e-8,-0.12480921298265457,2.2681335920538005e-8,-0.9921807646751404],5,1.7269399166107178],[[762.80859375,234.24462890625,40.71385955810547,-0.9995250105857849,-7.893365250311035e-8,0.030818624421954156,-7.727899742349109e-8,1,5.4881173383591889e-8,-0.030818624421954156,5.2473470901759359e-8,-0.9995250105857849],5,1.7395658493041993],[[762.6093139648438,233.8341522216797,40.7281608581543,-0.9954854846000671,-5.077129827668614e-8,-0.09491407871246338,-5.76406051777667e-8,1,6.963229992607012e-8,0.09491407871246338,7.478885066802832e-8,-0.9954854846000671],5,1.7561428546905518],[[762.2813110351563,233.0819091796875,40.78575897216797,-0.988665759563446,-1.2086109890674379e-8,-0.150133416056633,-2.6613312442691496e-8,1,9.475279227899591e-8,0.150133416056633,9.767438768903958e-8,-0.988665759563446],5,1.7737586498260499],[[762.0252075195313,232.41880798339845,40.858585357666019,-0.9666110277175903,2.674435961580457e-8,-0.2562480568885803,-2.9487079444834309e-9,1,1.1549205680694286e-7,0.2562480568885803,1.123914969980433e-7,-0.9666110277175903],5,1.7915315628051758],[[761.8388671875,231.88571166992188,40.930816650390628,-0.9306742548942566,6.111317674140082e-8,-0.36584895849227908,1.3724588576735642e-8,1,1.3213117711075029e-7,0.36584895849227908,1.1794995913305684e-7,-0.9306742548942566],5,1.8059930801391602],[[761.5401000976563,230.92909240722657,41.078189849853519,-0.9242419600486755,9.9429030342435e-8,-0.38180726766586306,4.121465480011466e-8,1,1.6064838348484046e-7,0.38180726766586306,1.3274191701384553e-7,-0.9242419600486755],5,1.8239619731903077],[[761.3114624023438,230.1024932861328,41.21513366699219,-0.874126672744751,9.532456601846207e-8,-0.48569801449775698,4.3175550246132846e-8,1,1.1855858161879951e-7,0.48569801449775698,8.266493978226208e-8,-0.874126672744751],5,1.842515230178833],[[761.0948486328125,229.2213897705078,41.37038803100586,-0.8313582539558411,8.273313767404034e-8,-0.5557368397712708,4.7205293896013248e-8,1,7.825399706007374e-8,0.5557368397712708,3.882338361904658e-8,-0.8313582539558411],5,1.8665592670440674],[[760.8916625976563,228.28578186035157,41.542877197265628,-0.7851566672325134,6.58645618045739e-8,-0.6192971467971802,5.311543560537757e-8,1,3.901296707908841e-8,0.6192971467971802,-2.2629447204991495e-9,-0.7851566672325134],5,1.8749494552612305],[[760.7039184570313,228.42193603515626,41.73207473754883,-0.6694791913032532,4.419309007630545e-8,-0.7428308129310608,5.918757395306784e-8,1,6.149770470642579e-9,0.7428308129310608,-3.984921193023183e-8,-0.6694791913032532],7,1.897305965423584],[[760.52978515625,228.8278045654297,41.933929443359378,-0.6026031374931336,2.081590189106919e-8,-0.798041045665741,6.695496068687135e-8,1,-2.4474136495200584e-8,0.798041045665741,-6.818099507199804e-8,-0.6026031374931336],7,1.9074983596801758],[[760.3958740234375,229.06576538085938,41.903465270996097,-0.5788515210151672,-0.00042829729500226676,-0.8154328465461731,-0.0003167941758874804,0.9999998807907105,-0.0003003563906531781,0.8154329061508179,0.00008446263382211328,-0.578851580619812],8,1.9267258644104005],[[760.2537841796875,229.92520141601563,41.935760498046878,-0.5721054077148438,-0.0014753688592463732,-0.8201788067817688,0.004564793314784765,0.999977171421051,-0.004982911981642246,0.8201674222946167,-0.00659469747915864,-0.5720856189727783],3,1.9479868412017823],[[760.1486206054688,230.52197265625,41.92668914794922,-0.6223570108413696,-0.0014878284418955446,-0.7827321290969849,0.0034151687286794187,0.9999834895133972,-0.004616213031113148,0.7827260494232178,-0.005546094849705696,-0.6223416328430176],5,1.9575464725494385],[[760.010498046875,231.44699096679688,41.933815002441409,-0.5983343124389648,-0.0005111807840876281,-0.8012464046478272,-0.000013817053513776046,0.9999998211860657,-0.0006276639178395271,0.8012465834617615,-0.0003644819953478873,-0.5983341932296753],5,1.9812428951263428],[[759.9573364257813,231.9595947265625,41.924278259277347,-0.5712863206863403,-0.0003794023359660059,-0.8207507729530335,0.0004842929483857006,0.9999995827674866,-0.0007993560866452754,0.8207507133483887,-0.0008541449788026512,-0.5712859034538269],5,1.991058111190796],[[759.9212646484375,232.59524536132813,41.921566009521487,-0.5696609616279602,-0.00015695214096922427,-0.8218798041343689,0.00041675017564557493,0.9999998211860657,-0.00047982489923015237,0.8218796849250794,-0.000615856028161943,-0.5696607828140259],5,2.0054244995117189],[[759.9169921875,233.17628479003907,41.918479919433597,-0.5692682266235352,-0.00008003443508641794,-0.8221518397331238,0.00031648462754674256,0.9999998807907105,-0.00031648544245399535,0.822151780128479,-0.00044036353938281536,-0.5692681670188904],5,2.023359775543213],[[759.9169311523438,233.82594299316407,41.918582916259769,-0.5975453853607178,-0.000002218535655629239,-0.8018350601196289,0.000056428070820402357,1,-0.00004481828000280075,0.8018350601196289,-0.00007202695996966213,-0.5975453853607178],5,2.0425422191619875],[[759.9169311523438,234.1748504638672,41.918601989746097,-0.6346678137779236,0.000006031368229741929,-0.7727850675582886,0.000006515595032396959,1,0.000002453631850585225,0.7727850675582886,-0.0000034779134239215638,-0.6346678137779236],5,2.062452554702759],[[759.9169311523438,234.68824768066407,41.91860580444336,-0.6896070837974548,0.0000026388349851913519,-0.7241837382316589,-0.00000612750318396138,1,0.00000947881653701188,0.7241837382316589,0.000010974097676808015,-0.6896070837974548],5,2.0743813514709474],[[759.9169311523438,235.03765869140626,41.918601989746097,-0.7431691288948059,1.3177749735859835e-7,-0.6691036224365234,-0.0000029764937607978938,1,0.000003502918843878433,0.6691036224365234,0.000004594843630911782,-0.7431691288948059],5,2.090855836868286],[[759.9169311523438,235.3325653076172,41.918601989746097,-0.7826557755470276,-2.8530283202599096e-7,-0.6224547624588013,-7.672342690057121e-7,1,5.063460548626608e-7,0.6224547624588013,8.738633141547325e-7,-0.7826557755470276],5,2.1078925132751467],[[759.9169311523438,235.57296752929688,41.918601989746097,-0.8080559372901917,-1.3523141717541876e-7,-0.5891057252883911,-3.489327937700182e-8,1,-1.8169181714711159e-7,0.5891057252883911,-1.2626131251636253e-7,-0.8080559372901917],5,2.127946615219116],[[759.9169311523438,235.75888061523438,41.918601989746097,-0.8261768221855164,-1.8469496154693844e-8,-0.5634109377861023,8.224809278090106e-8,1,-1.5338886782956252e-7,0.5634109377861023,-1.7306579991327454e-7,-0.8261768221855164],5,2.1415560245513918],[[759.9169311523438,235.89028930664063,41.918601989746097,-0.8472115993499756,7.99288812913801e-8,-0.5312556028366089,1.4037615869710863e-7,1,-7.340992169702077e-8,0.5312556028366089,-1.3676935850526207e-7,-0.8472115993499756],5,2.1578240394592287],[[759.9169311523438,235.96719360351563,41.918601989746097,-0.8634916543960571,1.0842446585002108e-7,-0.5043631792068481,1.269721963126358e-7,1,-2.408904409278989e-9,0.5043631792068481,-6.612016534290888e-8,-0.8634916543960571],5,2.1806681156158449],[[759.9169311523438,235.98960876464845,41.918601989746097,-0.8814055919647217,1.3499152373697144e-7,-0.4723602533340454,1.1619005846341679e-7,1,6.897480631096187e-8,0.4723602533340454,5.9112119643600639e-9,-0.8814055919647217],5,2.1907730102539064],[[759.9169311523438,235.95751953125,41.918601989746097,-0.9026966094970703,1.1458551796295069e-7,-0.43027761578559878,8.133442008784186e-8,1,9.567128245180356e-8,0.43027761578559878,5.136576319841879e-8,-0.9026966094970703],5,2.2071590423583986],[[759.9169311523438,235.8709259033203,41.918601989746097,-0.9239901304244995,7.706069737878352e-8,-0.3824162781238556,3.803100057098163e-8,1,1.0961987584323652e-7,0.3824162781238556,8.674400930885895e-8,-0.9239901304244995],5,2.223057270050049],[[759.9169311523438,235.72984313964845,41.918601989746097,-0.9427564740180969,3.7762088567205868e-8,-0.33348196744918826,-4.445836143673887e-9,1,1.2580419195273863e-7,0.33348196744918826,1.200853319005546e-7,-0.9427564740180969],5,2.241118907928467],[[759.9169311523438,235.5882568359375,41.918601989746097,-0.9574272632598877,6.093245463745234e-9,-0.2886746823787689,-3.567256001701935e-8,1,1.3942035081981886e-7,0.2886746823787689,1.4378261425918027e-7,-0.9574272632598877],5,2.256138324737549],[[759.9169311523438,235.28416442871095,41.918601989746097,-0.9691155552864075,-2.806551435696747e-8,-0.24660705029964448,-5.9296404231190539e-8,1,1.1921619602617285e-7,0.24660705029964448,1.30157175703971e-7,-0.9691155552864075],5,2.27437686920166],[[759.9169311523438,234.9795684814453,41.918601989746097,-0.9800118803977966,-4.848370238619282e-8,-0.19893893599510194,-6.556405196533888e-8,1,7.92698031659711e-8,0.19893893599510194,9.07285979678818e-8,-0.9800118803977966],5,2.290433883666992],[[759.9169311523438,234.6204833984375,41.918601989746097,-0.9895958304405212,-6.755417558679255e-8,-0.1438751369714737,-7.404644719599674e-8,1,3.9769762594232819e-8,0.1438751369714737,5.0009436591835768e-8,-0.9895958304405212],5,2.3094215393066408],[[759.9169311523438,234.20689392089845,41.918601989746097,-0.9984712600708008,-8.580020960380352e-8,-0.05527363717556,-8.599877077131168e-8,1,1.2138446914278234e-9,0.05527363717556,5.96545390862957e-9,-0.9984712600708008],5,2.3272995948791506],[[759.9169311523438,233.73880004882813,41.918601989746097,-0.9996258020401001,-9.998653638376709e-8,-0.027355032041668893,-9.90125315070145e-8,1,-3.6960436489152929e-8,0.027355032041668893,-3.423811634206686e-8,-0.9996258020401001],5,2.340935230255127],[[759.9169311523438,233.35195922851563,41.918601989746097,-0.9997286200523377,-1.0865663568893069e-7,0.02329559251666069,-1.1020166823527689e-7,1,-6.503920957356968e-8,-0.02329559251666069,-6.758877191259671e-8,-0.9997286200523377],5,2.3556129932403566],[[759.9169311523438,232.6391143798828,41.918601989746097,-0.9980952739715576,-1.1163881907805262e-7,0.06169157475233078,-1.1793220267009019e-7,1,-9.837249592692388e-8,-0.06169157475233078,-1.0546054340920819e-7,-0.9980952739715576],5,2.3725905418395998],[[759.9153442382813,232.0075225830078,41.943382263183597,-0.9945382475852966,-7.305109051003456e-8,0.10437285155057907,-8.25277339799868e-8,1,-8.647747051782062e-8,-0.10437285155057907,-9.461880523531363e-8,-0.9945382475852966],5,2.3927037715911867],[[759.9117431640625,231.49806213378907,41.987911224365237,-0.9910972714424133,-4.484144966454551e-8,0.13313977420330048,-5.575469330665328e-8,1,-7.824015568758114e-8,-0.13313977420330048,-8.496677139646636e-8,-0.9910972714424133],5,2.4123682975769045],[[759.8985595703125,230.58084106445313,42.11124038696289,-0.987467885017395,-4.540897102778274e-10,0.15782023966312409,-1.092175327954692e-8,1,-6.545921849010483e-8,-0.15782023966312409,-6.636255278635872e-8,-0.987467885017395],5,2.422015428543091],[[759.8800048828125,229.78575134277345,42.25385284423828,-0.982208788394928,3.5307941459450379e-8,0.18779222667217256,2.5203396702977444e-8,1,-5.619478926632837e-8,-0.18779222667217256,-5.046201323466448e-8,-0.982208788394928],5,2.4430429935455324],[[759.834228515625,229.23318481445313,42.34804916381836,-0.990272045135498,-0.009138108231127262,0.13884446024894715,-0.014918743632733822,0.9990620613098145,-0.04065036401152611,-0.13834276795387269,-0.04232630506157875,-0.9894795417785645],7,2.4583799839019777],[[759.7809448242188,229.24510192871095,42.372100830078128,-0.9839857816696167,-0.012355886399745942,0.17781829833984376,-0.018545186147093774,0.9992771148681641,-0.033186931163072589,-0.17727969586849214,-0.03595314174890518,-0.9835035800933838],7,2.4733664989471437],[[759.6857299804688,229.3070526123047,42.391361236572269,-0.9850426912307739,0.004918236285448074,0.17224015295505525,0.000629909336566925,0.9996886849403381,-0.02494318224489689,-0.17230920493602754,-0.02446160279214382,-0.9847391247749329],8,2.4929494857788088],[[759.6033935546875,229.33831787109376,42.34273910522461,-0.9730495810508728,0.010343492031097412,0.2303639054298401,0.004609760362654924,0.9996663928031921,-0.025414206087589265,-0.2305499166250229,-0.023667361587285997,-0.9727726578712463],8,2.5105040073394777],[[759.5194091796875,229.3556671142578,42.31763458251953,-0.9640130400657654,0.013190251775085926,0.26552748680114748,0.0076332394964993,0.9997299313545227,-0.021949321031570436,-0.26574528217315676,-0.019132597371935846,-0.9638534188270569],8,2.5260202884674074],[[759.430419921875,229.36602783203126,42.29412078857422,-0.9545877575874329,0.0147489532828331,0.2975645065307617,0.009748767130076886,0.9997853636741638,-0.018280858173966409,-0.29777026176452639,-0.014549796469509602,-0.9545266628265381],8,2.5422558784484865],[[759.1878662109375,229.39511108398438,42.224952697753909,-0.9324280023574829,0.007807256653904915,0.3612714409828186,0.004094586241990328,0.9999306797981262,-0.01104102935642004,-0.36133259534835818,-0.008815707638859749,-0.932395339012146],8,2.562901020050049],[[759.00927734375,229.4113311767578,42.16474151611328,-0.8978078961372376,0.004307587631046772,0.4403662085533142,0.0014238497242331505,0.999975323677063,-0.006878678686916828,-0.44038498401641848,-0.005548716988414526,-0.8977919220924377],8,2.580646514892578],[[758.774169921875,229.4275665283203,42.039146423339847,-0.8628275990486145,0.000605198263656348,0.505497932434082,-0.00003594436202547513,0.9999992251396179,-0.0012585839722305537,-0.5054982900619507,-0.0011041108518838883,-0.8628268837928772],8,2.5940637588500978],[[758.6030883789063,229.43548583984376,41.93708801269531,-0.8315034508705139,-0.00029174151131883264,0.5555195808410645,-0.00020682017202489078,0.9999999403953552,0.00021559961896855384,-0.5555195808410645,0.00006437917181756347,-0.8315034508705139],8,2.6131656169891359],[[758.3255004882813,229.4430389404297,41.752708435058597,-0.8106912970542908,-0.00016974862955976278,0.5854738354682922,-0.00003696424755617045,1,0.00023875026090536267,-0.5854738354682922,0.00017191116057801992,-0.8106912970542908],8,2.623039484024048],[[758.1085205078125,229.4460906982422,41.597618103027347,-0.7958728671073914,-0.000004812456609215587,0.6054638028144836,0.000009466496521781665,1,0.000020391944417497144,-0.6054638028144836,0.00002196101559093222,-0.7958728671073914],8,2.6403703689575197],[[757.8923950195313,229.4144287109375,41.44142532348633,-0.7873179912567139,0.000018755285054794514,0.616547167301178,0.000006334381396300159,1,-0.000022330996216624045,-0.616547167301178,-0.000013676150047103875,-0.7873179912567139],8,2.6570918560028078],[[757.7303466796875,229.35491943359376,41.32426071166992,-0.7873164415359497,0.000008631176569906529,0.6165491342544556,0.0000014970640904721222,1,-0.000012087460163456854,-0.6165491342544556,-0.000008593642633059062,-0.7873164415359497],8,2.6713123321533205],[[757.4602661132813,229.18760681152345,41.128971099853519,-0.786239743232727,-7.347913992816757e-7,0.6179215908050537,-5.