[[[776,222.69961547851563,47.00001907348633,-0.7358615398406982,-7.690454850717288e-8,0.6771320104598999,-1.3544287469358096e-8,1,9.885491181194084e-8,-0.6771320104598999,6.357225856845617e-8,-0.7358615398406982],8,0.005101203918457031],[[776,222.69961547851563,47,-0.6877283453941345,-1.0261312155535052e-7,0.7259681224822998,-3.90313026343847e-8,1,1.0437122455186909e-7,-0.7259681224822998,4.344356696606155e-8,-0.6877283453941345],8,0.02493000030517578],[[775.8507080078125,222.69961547851563,46.83027648925781,-0.6679789423942566,-1.1389958132212996e-7,0.7441801428794861,-6.115777040349713e-8,1,9.815832413551107e-8,-0.7441801428794861,2.005529431414743e-8,-0.6679789423942566],8,0.04109764099121094],[[775.7185668945313,222.69961547851563,46.68182373046875,-0.6697267889976502,-1.1990657355909207e-7,0.742607593536377,-7.425496306723289e-8,1,9.44994908991248e-8,-0.742607593536377,8.146541219389292e-9,-0.6697267889976502],8,0.06160688400268555],[[775.49560546875,222.69961547851563,46.43415451049805,-0.6786584258079529,-1.298764544799269e-7,0.7344540357589722,-9.596517713816866e-8,1,8.81592043810997e-8,-0.7344540357589722,-1.0652025039803448e-8,-0.6786584258079529],8,0.07458019256591797],[[775.3601684570313,222.69961547851563,46.28694534301758,-0.6837466955184937,-1.1886755402201743e-7,0.7297194600105286,-9.44330764696133e-8,1,7.44111332551256e-8,-0.7297194600105286,-1.8031286685982196e-8,-0.6837466955184937],8,0.08820223808288574],[[775.177978515625,222.69961547851563,46.09214401245117,-0.7001370787620544,-5.884859533011877e-8,0.7140084505081177,-5.269080105563262e-8,1,3.075287580145414e-8,-0.7140084505081177,-1.6090451637751358e-8,-0.7001370787620544],8,0.10446047782897949],[[774.991943359375,222.69961547851563,45.901119232177737,-0.7075802683830261,1.332085219907242e-9,0.7066329717636108,-1.0529379146362317e-8,1,-1.242861102923598e-8,-0.7066329717636108,-1.6234647404189674e-8,-0.7075802683830261],8,0.11871027946472168],[[774.8035278320313,222.69961547851563,45.71238327026367,-0.7353909611701965,6.097344140698624e-8,0.6776431202888489,3.329491704562315e-8,1,-5.3846427761072849e-8,-0.6776431202888489,-1.7036104082990279e-8,-0.7353909611701965],8,0.13651299476623536],[[774.6084594726563,222.69961547851563,45.53053283691406,-0.7597479224205017,8.602147261171922e-8,0.6502177715301514,5.554323934120475e-8,1,-6.739682589795848e-8,-0.6502177715301514,-1.5089394622691544e-8,-0.7597479224205017],8,0.15356135368347169],[[774.4068603515625,222.69961547851563,45.35604476928711,-0.7884821891784668,7.64252519047659e-8,0.6150575876235962,5.4182304864980327e-8,1,-5.4797265391925978e-8,-0.6150575876235962,-9.881429896552163e-9,-0.7884821891784668],8,0.17013144493103028],[[774.1976928710938,222.69961547851563,45.19062805175781,-0.8186120390892029,6.701193910885195e-8,0.5743468403816223,5.2186891252858916e-8,1,-4.229346473039186e-8,-0.5743468403816223,-4.6485628679704409e-9,-0.8186120390892029],8,0.18808460235595704],[[773.9806518554688,222.69961547851563,45.03584289550781,-0.8512582182884216,5.7810424891613368e-8,0.5247470736503601,4.945518483623346e-8,1,-2.994070058548459e-8,-0.5247470736503601,4.641944606476045e-10,-0.8512582182884216],8,0.21043610572814942],[[773.7549438476563,222.69961547851563,44.8939323425293,-0.8833720088005066,4.891976956855615e-8,0.468672513961792,4.593438163169594e-8,1,-1.7800537932544104e-8,-0.468672513961792,5.803685088068278e-9,-0.8833720088005066],8,0.21852421760559083],[[773.5206909179688,222.69961547851563,44.76671600341797,-0.9103577733039856,4.0390563782466418e-8,0.41382211446762087,4.16820249427019e-8,1,-5.908356470740728e-9,-0.41382211446762087,1.1870225691268388e-8,-0.9103577733039856],8,0.23593688011169434],[[773.2789916992188,222.69961547851563,44.65416717529297,-0.936415433883667,3.231999912145511e-8,0.35089337825775149,3.6634340006003188e-8,1,5.656884738414192e-9,-0.35089337825775149,1.815194217158478e-8,-0.936415433883667],8,0.2534599304199219],[[773.0303344726563,222.69961547851563,44.55808639526367,-0.9596149325370789,2.4786091401551859e-8,0.28131693601608279,3.075760446336062e-8,1,1.6811524616855423e-8,-0.28131693601608279,2.478522453941423e-8,-0.9596149325370789],8,0.26934146881103518],[[772.7753295898438,222.69961547851563,44.480289459228519,-0.9765389561653137,1.7645897187890115e-8,0.21534094214439393,2.4140835108710236e-8,1,2.753107786190867e-8,-0.21534094214439393,3.208367971296866e-8,-0.9765389561653137],8,0.28746867179870608],[[772.5155639648438,222.69961547851563,44.420223236083987,-0.9922640919685364,1.1773837904627272e-8,0.12414500117301941,1.6567929250754788e-8,1,3.7584463541406879e-8,-0.12414500117301941,3.935053882742068e-8,-0.9922640919685364],8,0.303478479385376],[[772.2516479492188,222.69961547851563,44.383487701416019,-0.9974043965339661,5.0638204740494079e-9,0.07200293242931366,8.48576409140378e-9,1,4.721916724292896e-8,-0.07200293242931366,4.770760497763149e-8,-0.9974043965339661],8,0.31954002380371096],[[771.9859008789063,222.69961547851563,44.3621711730957,-0.9996898770332336,-1.440233599048213e-9,0.024903761222958566,-3.432114661916508e-11,1,5.645424749900485e-8,-0.024903761222958566,5.643588352199913e-8,-0.9996898770332336],8,0.3378560543060303],[[771.7193603515625,222.69967651367188,44.3536376953125,-0.9998551607131958,-7.813556912594777e-9,-0.01701761782169342,-8.926381411811235e-9,1,6.53165415087642e-8,0.01701761782169342,6.545899111642939e-8,-0.9998551607131958],8,0.35405421257019045],[[771.4527587890625,222.69969177246095,44.35649490356445,-0.9983647465705872,-1.3910464780053644e-8,-0.057164840400218967,-1.815934069782088e-8,1,7.380725719485781e-8,0.057164840400218967,7.472463892099768e-8,-0.9983647465705872],8,0.37009167671203616],[[771.1864013671875,222.69969177246095,44.3701286315918,-0.9955962896347046,-1.9885385782458799e-8,-0.09374435991048813,-2.768935836172659e-8,1,8.194665923610956e-8,0.09374435991048813,8.418150798661373e-8,-0.9955962896347046],8,0.3859212398529053],[[770.9207153320313,222.69969177246095,44.39365768432617,-0.9923744201660156,-2.6095030136730203e-8,-0.12326011061668396,-3.744847276720975e-8,1,8.979282739574046e-8,0.12326011061668396,9.372400455731622e-8,-0.9923744201660156],8,0.40495967864990237],[[770.656005859375,222.69969177246095,44.42534255981445,-0.9898234009742737,-3.2999874832739809e-8,-0.14230121672153474,-4.734804903705481e-8,1,9.744353235419112e-8,0.14230121672153474,1.0318957777144533e-7,-0.9898234009742737],8,0.4190855026245117],[[770.3919677734375,222.69969177246095,44.462520599365237,-0.9880099296569824,-4.0438695947386807e-8,-0.15439030528068543,-5.733187435907894e-8,1,1.0496622593336724e-7,0.15439030528068543,1.125591637674006e-7,-0.9880099296569824],8,0.43666958808898928],[[770.1284790039063,222.69969177246095,44.503204345703128,-0.9869078993797302,-4.834707212353351e-8,-0.16128484904766084,-6.735940871749335e-8,1,1.1241265696071423e-7,0.16128484904766084,1.218049874296412e-7,-0.9869078993797302],8,0.45388078689575198],[[769.8650512695313,222.6656494140625,44.544368743896487,-0.985461413860321,-3.522762526131373e-8,-0.16989940404891969,-4.881948001411729e-8,1,7.582186611898578e-8,0.16989940404891969,8.301392284693066e-8,-0.985461413860321],8,0.46944117546081545],[[769.6016235351563,223.5387725830078,44.58553695678711,-0.9839408993721008,-1.5547493958933957e-8,-0.1784946620464325,-2.0312462822857925e-8,1,2.486780026345059e-8,0.1784946620464325,2.8094110149368136e-8,-0.9839408993721008],3,0.48943591117858889],[[769.3390502929688,224.3607940673828,44.63217544555664,-0.9961826205253601,-1.1774799801855807e-8,-0.08729377388954163,-1.5470162040287506e-8,1,4.165596223515422e-8,0.08729377388954163,4.28473931890494e-8,-0.9961826205253601],5,0.5080127716064453],[[769.0765380859375,225.12831115722657,44.67973327636719,-0.9987019896507263,-3.2758045165337538e-8,-0.050934333354234698,-3.977347518002716e-8,1,1.3672118370777754e-7,0.050934333354234698,1.3856956115887443e-7,-0.9987019896507263],5,0.5198347568511963],[[768.8140258789063,225.84133911132813,44.7273063659668,-0.9989078044891357,-4.06402342889578e-8,-0.04672526195645332,-4.963391830870023e-8,1,1.9131988437948167e-7,0.04672526195645332,1.9343008261785145e-7,-0.9989078044891357],5,0.5359601974487305],[[768.2890014648438,227.1038818359375,44.82244110107422,-0.996217668056488,-6.243343619871666e-8,0.08689292520284653,-4.429179156772989e-8,1,2.1070952982427117e-7,-0.08689292520284653,2.0606391615274334e-7,-0.996217668056488],5,0.570260763168335],[[768.0921020507813,227.52113342285157,44.85811996459961,-0.9968408942222595,-2.8861252943102046e-8,-0.07942444831132889,-4.559928967751148e-8,1,2.08927929179481e-7,0.07942444831132889,2.1188959919982154e-7,-0.9968408942222595],5,0.5807833671569824],[[768.0264892578125,227.6533966064453,44.87001419067383,-0.9893405437469482,-1.5096707883799355e-8,-0.14562053978443147,-4.594813418634658e-8,1,2.0849833504144045e-7,0.14562053978443147,2.129668388306527e-7,-0.9893405437469482],5,0.5863752365112305],[[767.7639770507813,228.14842224121095,44.91758728027344,-0.9989333748817444,-3.536467474418714e-8,-0.04617496207356453,-4.5028023976101397e-8,1,2.0823668478442415e-7,0.04617496207356453,2.1009374506775203e-7,-0.9989333748817444],5,0.6022264957427979],[[767.50146484375,228.5889434814453,44.96516036987305,-0.9989333748817444,-3.517376256922944e-8,-0.046174973249435428,-4.483346671690924e-8,1,2.0816219148400706e-7,0.046174973249435428,2.100103415614285e-7,-0.9989333748817444],5,0.6190848350524902],[[767.2389526367188,228.97496032714845,45.012733459472659,-0.9988511204719544,-3.484485233684609e-8,-0.047920651733875278,-4.487111837647717e-8,1,2.0815066648083303e-7,0.047920651733875278,2.1006178485549754e-7,-0.9988511204719544],5,0.6375370025634766],[[766.9766235351563,229.3064727783203,45.060699462890628,-0.9985864162445068,-3.38210917050219e-8,-0.05315250903367996,-4.494815897260196e-8,1,2.0814694323689765e-7,0.05315250903367996,2.1024180796302972e-7,-0.9985864162445068],5,0.6527531147003174],[[766.7145385742188,229.58349609375,45.10990524291992,-0.9984923601150513,-3.344978694030942e-8,-0.054890912026166919,-4.494383176734118e-8,1,2.0816348467178614e-7,0.054890912026166919,2.1031665653481469e-7,-0.9984923601150513],5,0.6695113182067871],[[766.4525146484375,229.80601501464845,45.159698486328128,-0.9984925389289856,-3.3419446765492469e-8,-0.054888077080249789,-4.4913548435943088e-8,1,2.0817627444102983e-7,0.054888077080249789,2.1032766994721897e-7,-0.9984925389289856],5,0.6866762638092041],[[766.1904907226563,229.97402954101563,45.209556579589847,-0.9986783862113953,-3.4103305068811099e-8,-0.05139518156647682,-4.48625669946523e-8,1,2.0819015844608658e-7,0.05139518156647682,2.1022073326548708e-7,-0.9986783862113953],5,0.7030715942382813],[[765.9282836914063,230.08755493164063,45.258636474609378,-0.9987666606903076,-3.4467440457319756e-8,-0.04965054988861084,-4.485933402520459e-8,1,2.081863499370229e-7,0.04965054988861084,2.1015686968439696e-7,-0.9987666606903076],5,0.7196834087371826],[[765.666015625,230.14657592773438,45.30720138549805,-0.9988519549369812,-3.48397222182939e-8,-0.04790358617901802,-4.486395965841439e-8,1,2.0818339407924214e-7,0.04790358617901802,2.10093546115786e-7,-0.9988519549369812],5,0.7372798919677734],[[765.4037475585938,230.15109252929688,45.35530090332031,-0.9990894794464111,-3.59071030686664e-8,-0.042664267122745517,-4.4830404277718119e-8,1,2.081948622389973e-7,0.042664267122745517,2.0991795679492498e-7,-0.9990894794464111],5,0.7553479671478272],[[765.1412353515625,230.1011199951172,45.40216064453125,-0.9994817972183228,-3.8033270755022389e-8,-0.03218816965818405,-4.4758550643564379e-8,1,2.082157948279928e-7,0.03218816965818405,2.0954860247002217e-7,-0.9994817972183228],5,0.7755312919616699],[[764.8782348632813,229.99664306640626,45.446468353271487,-0.9998339414596558,-4.088881055963611e-8,-0.018222127109766008,-4.469065117973514e-8,1,2.0823155466587196e-7,0.018222127109766008,2.0901134689665924e-7,-0.9998339414596558],5,0.7864255905151367],[[764.6146850585938,229.83766174316407,45.48723602294922,-0.9999819993972778,-4.3435122165647047e-8,-0.005995337385684252,-4.468432024395952e-8,1,2.0822722035518383e-7,0.005995337385684252,2.084913859334847e-7,-0.9999819993972778],5,0.8024246692657471],[[764.3506469726563,229.6241912841797,45.52470779418945,-0.9999962449073792,-4.5295390549426887e-8,0.0027340755332261326,-4.472628845064719e-8,1,2.0821227053602343e-7,-0.0027340755332261326,2.0808920453418978e-7,-0.9999962449073792],5,0.8203449249267578],[[764.0863037109375,229.35621643066407,45.55974578857422,-0.9999681711196899,-4.6443247470051577e-8,0.007975555025041104,-4.47841870254706e-8,1,2.0819679491523858e-7,-0.007975555025041104,2.078329970345294e-7,-0.9999681711196899],5,0.8363537788391113],[[763.8217163085938,229.0337371826172,45.593257904052737,-0.999934196472168,-4.721123758599788e-8,0.011472679674625397,-4.482570759023474e-8,1,2.0818866630634148e-7,-0.011472679674625397,2.0766069042110758e-7,-0.999934196472168],5,0.8526763916015625],[[763.5570678710938,228.65675354003907,45.62577438354492,-0.999912679195404,-4.760458693908731e-8,0.013216023333370686,-4.485716331714684e-8,1,2.0818247037368565e-7,-0.013216023333370686,2.0757146046435083e-7,-0.999912679195404],5,0.8693621158599854],[[763.2923583984375,228.2252655029297,45.65775680541992,-0.9998604655265808,-4.8320693224468417e-8,0.01670338399708271,-4.484950011374167e-8,1,2.0818828261326417e-7,-0.01670338399708271,2.0741011041991443e-7,-0.9998604655265808],5,0.8871316909790039],[[763.0274047851563,227.73928833007813,45.68888473510742,-0.9995815753936768,-5.0754490388271736e-8,0.028924500569701196,-4.4750553485073399e-8,1,2.0821995860842436e-7,-0.028924500569701196,2.0683845036728599e-7,-0.9995815753936768],5,0.904559850692749],[[762.76220703125,227.1988067626953,45.717105865478519,-0.999079704284668,-5.357496846158938e-8,0.042892586439847949,-4.468443037808356e-8,1,2.0823324575758307e-7,-0.042892586439847949,2.0612496598459985e-7,-0.999079704284668],5,0.9187793731689453],[[762.49658203125,226.60382080078126,45.74169921875,-0.9982815384864807,-5.677184233832122e-8,0.05859983712434769,-4.464581593310868e-8,1,2.082386032498107e-7,-0.05859983712434769,2.0526451294244908e-7,-0.9982815384864807],5,0.9390928745269775],[[762.2306518554688,225.954345703125,45.76218032836914,-0.9966930747032166,-6.133743113423407e-8,0.08125802129507065,-4.456193991586588e-8,1,2.0826072955060227e-7,-0.08125802129507065,2.0395101785197768e-7,-0.9966930747032166],5,0.9534482955932617],[[761.9642944335938,225.2503662109375,45.776885986328128,-0.9945910573005676,-6.591671564137869e-8,0.10386814922094345,-4.452538959753838e-8,1,2.0826556124120544e-7,-0.10386814922094345,2.0251430044027075e-7,-0.9945910573005676],5,0.9701097011566162],[[761.6976928710938,224.49188232421876,45.78554916381836,-0.992196261882782,-7.015543701527349e-8,0.12468573451042175,-4.4536111687421e-8,1,2.082585268681214e-7,-0.12468573451042175,2.0108031151266915e-7,-0.992196261882782],5,0.9859881401062012],[[761.4310302734375,223.6789093017578,45.78855895996094,-0.9901133179664612,-7.336917207112492e-8,0.14026974141597749,-4.4600540149986048e-8,1,2.0823867430408428e-7,-0.14026974141597749,1.9992377531252715e-7,-0.9901133179664612],5,1.0051519870758057],[[761.1644287109375,222.81143188476563,45.787208557128909,-0.9985687136650086,-4.757746552286335e-8,0.053483542054891589,-4.265164577077485e-8,1,9.324118366293988e-8,-0.053483542054891589,9.08265676002884e-8,-0.9985687136650086],7,1.0203497409820557],[[760.8978271484375,222.40594482421876,45.78284454345703,-0.9992123246192932,-3.943035764564229e-8,0.03968222066760063,-4.0948961554931887e-8,1,-3.745626742102104e-8,-0.03968222066760063,-3.905171297446941e-8,-0.9992123246192932],7,1.0391640663146973],[[760.6312255859375,222.48367309570313,45.77369689941406,-0.9990127682685852,-1.625464740584448e-8,0.04442436620593071,-2.0515278364996449e-8,1,-9.545162527047069e-8,-0.04442436620593071,-9.626877073287688e-8,-0.9990127682685852],8,1.0541644096374512],[[760.3648681640625,222.57318115234376,45.7622184753418,-0.9985069632530212,5.55464696461172e-9,0.054625093936920169,1.0228972113779378e-9,1,-8.29889117426319e-8,-0.054625093936920169,-8.280913021962988e-8,-0.9985069632530212],8,1.0710480213165284],[[760.0985107421875,222.62937927246095,45.748077392578128,-0.9981029033660889,2.69406381647741e-8,0.06156761571764946,2.2631512663906507e-8,1,-7.068747009952858e-8,-0.06156761571764946,-6.916000216961038e-8,-0.9981029033660889],8,1.0866045951843262],[[759.8323974609375,222.6611785888672,45.7319450378418,-0.998103141784668,4.773314543626839e-8,0.06156425550580025,4.422189192609949e-8,1,-5.839646632921358e-8,-0.06156425550580025,-5.556320559207961e-8,-0.998103141784668],8,1.1027531623840333],[[759.5662841796875,222.6786651611328,45.71553039550781,-0.998103141784668,6.850811473668728e-8,0.06156383082270622,6.579384148608369e-8,1,-4.611594661696472e-8,-0.06156383082270622,-4.197795178129127e-8,-0.998103141784668],8,1.1199626922607422],[[759.3001708984375,222.688232421875,45.69911193847656,-0.9978814721107483,8.94119338568089e-8,0.06505846977233887,8.73901910836139e-8,1,-3.392147007730273e-8,-0.06505846977233887,-2.8164134135977293e-8,-0.9978814721107483],8,1.137493371963501],[[759.0340576171875,222.69345092773438,45.68190002441406,-0.9978814721107483,1.1015143286385865e-7,0.06505846977233887,1.0896808788629642e-7,1,-2.173741009414698e-8,-0.06505846977233887,-1.4602060893764702e-8,-0.9978814721107483],8,1.1529541015625],[[758.7679443359375,222.69625854492188,45.66455078125,-0.9979938268661499,1.1341695227429227e-7,0.0633111298084259,1.1305691316465527e-7,1,-9.269351508578439e-9,-0.0633111298084259,-2.0929944444247896e-9,-0.9979938268661499],8,1.1700704097747803],[[758.5018310546875,222.6977996826172,45.64759826660156,-0.9983115792274475,6.442367350700806e-8,0.05808607488870621,6.474820679613913e-8,1,3.705063589265478e-9,-0.05808607488870621,7.459776796281404e-9,-0.9983115792274475],8,1.1865828037261963],[[758.2357177734375,222.6986541748047,45.631900787353519,-0.9986019134521484,1.5522905627562978e-8,0.05286084860563278,1.6413597592190855e-8,1,1.641562086263093e-8,-0.05286084860563278,1.726030696147518e-8,-0.9986019134521484],8,1.2030823230743409],[[757.9693603515625,222.69911193847657,45.617591857910159,-0.9987807273864746,-3.3313920511091058e-8,0.04936639219522476,-3.1923871546268859e-8,1,2.8946264052365224e-8,-0.04936639219522476,2.733500537033251e-8,-0.9987807273864746],8,1.2195851802825928],[[757.7030029296875,222.69935607910157,45.604286193847659,-0.9987807273864746,-8.216927938065055e-8,0.04936639219522476,-8.022005459906723e-8,1,4.146620824485581e-8,-0.04936639219522476,3.7455475165870669e-8,-0.9987807273864746],8,1.2364139556884766],[[757.4366455078125,222.69949340820313,45.59111785888672,-0.9986928701400757,-8.136778717471316e-8,0.05111369490623474,-7.974124116572057e-8,1,3.386127289672913e-8,-0.05111369490623474,2.974114288178953e-8,-0.9986928701400757],8,1.2532503604888917],[[757.1702880859375,223.56239318847657,45.57794952392578,-0.9982084035873413,-6.42051531940524e-8,0.05983325466513634,-6.315828926517497e-8,1,1.9387488947586463e-8,-0.05983325466513634,1.5573787592870759e-8,-0.9982084035873413],3,1.2730436325073243],[[756.9041137695313,224.37078857421876,45.562381744384769,-0.9865584969520569,-8.011954832909396e-8,0.16340841352939607,-6.839832877858498e-8,1,7.735583551493619e-8,-0.16340841352939607,6.513919714734584e-8,-0.9865584969520569],5,1.2936427593231202],[[756.6380615234375,225.1246795654297,45.54362869262695,-0.977437436580658,-9.923878252493523e-8,0.2112250030040741,-6.546596864609455e-8,1,1.6688314019575046e-7,-0.2112250030040741,1.4928978941952665e-7,-0.977437436580658],5,1.3029863834381104],[[756.3722534179688,225.82408142089845,45.5216178894043,-0.9746199250221252,-9.718505822320367e-8,0.22386591136455537,-5.3230813534810298e-8,1,2.0237669673406345e-7,-0.22386591136455537,1.8532379897351348e-7,-0.9746199250221252],5,1.3204340934753419],[[756.1065673828125,226.46897888183595,45.49714660644531,-0.9741155505180359,-9.287442281902259e-8,0.2260507345199585,-4.6562693256646529e-8,1,2.1020493079504377e-7,-0.2260507345199585,1.9423835340148799e-7,-0.9741155505180359],5,1.3373103141784669],[[755.8411254882813,227.0593719482422,45.47193908691406,-0.9733068346977234,-9.144341817091117e-8,0.2295076996088028,-4.448679646884557e-8,1,2.0977124393084524e-7,-0.2295076996088028,1.9396172490360187e-7,-0.9733068346977234],5,1.352315902709961],[[755.57568359375,227.5952606201172,45.445865631103519,-0.9729047417640686,-9.141702861370504e-8,0.23120629787445069,-4.4380151109635338e-8,1,2.0864210625859415e-7,-0.23120629787445069,1.927279242863733e-7,-0.9729047417640686],5,1.369861125946045],[[755.3102416992188,228.07666015625,45.41926574707031,-0.9725009202957153,-9.191329297664197e-8,0.23289890587329865,-4.4654711928160398e-8,1,2.0818707469061338e-7,-0.23289890587329865,1.9206208889954724e-7,-0.9725009202957153],5,1.3869211673736573],[[755.0447998046875,228.50355529785157,45.3922004699707,-0.971680760383606,-9.271936107779766e-8,0.23629751801490785,-4.480755677604975e-8,1,2.0813050127799216e-7,-0.23629751801490785,1.91648496183916e-7,-0.971680760383606],5,1.403712272644043],[[754.7796020507813,228.87594604492188,45.36427688598633,-0.9700078368186951,-9.407116152715389e-8,0.2430737167596817,-4.481341875361977e-8,1,2.0817468282530172e-7,-0.2430737167596817,1.9103811155218865e-7,-0.9700078368186951],5,1.4200501441955567],[[754.5145263671875,229.19384765625,45.33463668823242,-0.9674050807952881,-9.602565853583656e-8,0.25323382019996645,-4.4758230899333287e-8,1,2.0821198631892913e-7,-0.25323382019996645,1.9009104335054872e-7,-0.9674050807952881],5,1.4363222122192383],[[754.249755859375,229.45724487304688,45.30236053466797,-0.9642354846000671,-9.83016192890318e-8,0.26504701375961306,-4.471089098956327e-8,1,2.0822642454731977e-7,-0.26504701375961306,1.8892882280852064e-7,-0.9642354846000671],5,1.4527709484100342],[[753.9854125976563,229.6661376953125,45.26691436767578,-0.9604396820068359,-1.0089893720532928e-7,0.27848801016807558,-4.4676131238929886e-8,1,2.0823232205202658e-7,-0.27848801016807558,1.8755282837901178e-7,-0.9604396820068359],5,1.4702317714691163],[[753.7216186523438,229.82052612304688,45.227848052978519,-0.9549137949943543,-1.0442429498880301e-7,0.29688313603401186,-4.461000102651269e-8,1,2.0824890611947922e-7,-0.29688313603401186,1.8561580361620146e-7,-0.9549137949943543],5,1.4869520664215088],[[753.4586181640625,229.92042541503907,45.18393325805664,-0.947369396686554,-1.0885935353144305e-7,0.3201424777507782,-4.452698831869384e-8,1,2.0826928448514082e-7,-0.3201424777507782,1.8305296123344306e-7,-0.947369396686554],5,1.5023276805877686],[[753.1967163085938,229.9658203125,45.13380432128906,-0.9318586587905884,-1.1684651468613083e-7,0.36282142996788027,-4.4274031552049567e-8,1,2.0833766711803038e-7,-0.36282142996788027,1.780776983650867e-7,-0.9318586587905884],5,1.5205769538879395],[[752.9371337890625,229.9567108154297,45.07264709472656,-0.9199920892715454,-1.224059786864018e-7,0.3919369578361511,-4.430701849855723e-8,1,2.0830870539612079e-7,-0.3919369578361511,1.742768063195399e-7,-0.9199920892715454],5,1.5351579189300538],[[752.6797485351563,229.8931121826172,45.00283432006836,-0.907950222492218,-1.2757708134358837e-7,0.4190780818462372,-4.437255896050374e-8,1,2.0828818492191204e-7,-0.4190780818462372,1.7051972633908009e-7,-0.907950222492218],5,1.552950382232666],[[752.424560546875,229.77500915527345,44.92533874511719,-0.8951058387756348,-1.3260839182294149e-7,0.44585371017456057,-4.4400767507113417e-8,1,2.082858259200293e-7,-0.44585371017456057,1.6664161250901089e-7,-0.8951058387756348],5,1.569622278213501],[[752.1715698242188,229.60240173339845,44.87160110473633,-0.8918693661689758,-1.2957748651842849e-7,0.4522930979728699,-4.554731347639063e-8,1,1.9667606920847903e-7,-0.4522930979728699,1.548086316915942e-7,-0.8918693661689758],5,1.5898714065551758],[[751.859130859375,229.3100128173828,44.86016845703125,-0.8670793771743774,-1.2787535297320574e-7,0.49817001819610598,-4.4533276621905318e-8,1,1.791787127558564e-7,-0.49817001819610598,1.3317702496351559e-7,-0.8670793771743774],5,1.6135644912719727],[[751.6729125976563,229.0937042236328,44.8830680847168,-0.8734906315803528,-1.2209007138608286e-7,0.4868409335613251,-4.2983945292007778e-8,1,1.7365836413318903e-7,-0.4868409335613251,1.3076261495825748e-7,-0.8734906315803528],5,1.6282587051391602],[[751.4237670898438,228.75759887695313,44.948333740234378,-0.8444170951843262,-1.318005473649464e-7,0.5356862545013428,-4.399675290756022e-8,1,1.7668725149633247e-7,-0.5356862545013428,1.2562928475290392e-7,-0.8444170951843262],5,1.6360385417938233],[[751.171142578125,228.3669891357422,45.03170394897461,-0.8305866122245789,-1.352759539940962e-7,0.5568894743919373,-4.464886416144509e-8,1,1.7632082460750099e-7,-0.5568894743919373,1.215852307723253e-7,-0.8305866122245789],5,1.6540684700012208],[[750.9163208007813,227.92189025878907,45.11031723022461,-0.8183858394622803,-1.351881877553751e-7,0.5746691823005676,-4.332408920504349e-8,1,1.7354744841213688e-7,-0.5746691823005676,1.1713174785654701e-7,-0.8183858394622803],5,1.6699018478393555],[[750.659912109375,227.4222869873047,45.1834716796875,-0.8070024251937866,-1.4535149261973857e-7,0.5905480980873108,-4.582286905474575e-8,1,1.835114176174102e-7,-0.5905480980873108,1.2103355118142645e-7,-0.8070024251937866],5,1.687121868133545],[[750.4185180664063,226.86817932128907,45.27559280395508,-0.83014976978302,-1.4089967237396196e-7,0.5575404167175293,-5.6039841211941169e-8,1,1.6927597812355089e-7,-0.5575404167175293,1.0927994509302153e-7,-0.83014976978302],5,1.705568790435791],[[750.2009887695313,226.2595672607422,45.39946746826172,-0.833177387714386,-1.487826182255958e-7,0.5530058145523071,-7.312181793395212e-8,1,1.58875678835102e-7,-0.5530058145523071,9.193482952696286e-8,-0.833177387714386],5,1.7270212173461915],[[750.0066528320313,225.59646606445313,45.55555725097656,-0.823912501335144,-1.590816935959083e-7,0.5667170286178589,-9.08260489040913e-8,1,1.486614706891487e-7,-0.5667170286178589,7.101137100562483e-8,-0.823912501335144],5,1.7365350723266602],[[749.8394165039063,225.65516662597657,45.707130432128909,-0.8170347809791565,-8.731118583682474e-8,0.5765883922576904,-5.697093996559488e-8,1,7.069851903906965e-8,-0.5765883922576904,2.4914367457995469e-8,-0.8170347809791565],12,1.7536497116088868],[[749.7109375,225.8301544189453,45.78477096557617,-0.8379837274551392,-0.0013099329080432654,0.5456936359405518,0.007544628344476223,0.9998737573623657,0.013985950499773026,-0.5456430315971375,0.015837054699659349,-0.8378680348396301],12,1.7699649333953858],[[749.6312866210938,226.01473999023438,45.7845458984375,-0.8283401131629944,-0.00010410506365587935,0.5602254867553711,0.004054990131407976,0.9999727010726929,0.00618146313354373,-0.5602108240127564,0.007392062805593014,-0.8283171057701111],12,1.7867765426635743],[[749.5909423828125,226.2013397216797,45.78488540649414,-0.8179667592048645,0.00013138576468918473,0.5752654671669006,0.00016340508591383696,1,0.000003953226041630842,-0.5752654671669006,0.00009723490802571177,-0.8179667592048645],12,1.8017442226409913],[[749.5848388671875,226.3879852294922,45.78559875488281,-0.8167514801025391,0.00006326856964733452,0.5769896507263184,-0.0004267124750185758,0.9999996423721314,-0.0007136810454539955,-0.576989471912384,-0.0008291086996905506,-0.8167511820793152],12,1.8194937705993653],[[749.5847778320313,226.5746307373047,45.78569030761719,-0.8145894408226013,0.0000024001815290830565,0.5800380110740662,-0.00012999304453842342,1,-0.00018669661949388683,-0.5800380110740662,-0.00022748199990019202,-0.8145893812179565],12,1.837428331375122],[[749.5847778320313,226.7612762451172,45.78564453125,-0.8145731091499329,-0.000007046840437396895,0.5800609588623047,0.00001542692189104855,1,0.00003381230271770619,-0.5800609588623047,0.00003649114660220221,-0.8145731091499329],12,1.8523142337799073],[[749.5847778320313,226.9479217529297,45.785621643066409,-0.8145712614059448,-0.0000021166256374272054,0.5800634622573853,0.000019054075892199763,1,0.00003040620322281029,-0.5800634622573853,0.00003582059434847906,-0.8145712614059448],12,1.869703769683838],[[749.5847778320313,227.1345672607422,45.78562545776367,-0.8145710229873657,2.626060791044438e-7,0.5800638794898987,0.000003186892172379885,1,0.000004022563643957255,-0.5800638794898987,0.000005125265033711912,-0.8145710229873657],12,1.885117530822754],[[749.5847778320313,227.3212127685547,45.785621643066409,-0.8145710229873657,3.1322966265179277e-7,0.5800638794898987,-0.0000013716713738176623,1,-0.0000024661997031216744,-0.5800638794898987,-0.0000028045517410646427,-0.8145710229873657],12,1.9037392139434815],[[749.5847778320313,227.5078582763672,45.785621643066409,-0.8145710229873657,5.134834779596531e-8,0.5800638794898987,-7.262877375069365e-7,1,-0.0000011084318884968525,-0.5800638794898987,-0.0000013241897249827162,-0.8145710229873657],12,1.9191412925720215],[[749.5847778320313,227.6945037841797,45.785621643066409,-0.8145710229873657,-2.2820417555635687e-8,0.5800638794898987,-3.087142985691571e-8,1,-4.010856091696269e-9,-0.5800638794898987,-2.1174527020662027e-8,-0.8145710229873657],12,1.937263011932373],[[749.5847778320313,227.8811492919922,45.785621643066409,-0.8145710229873657,-1.1889913054119461e-8,0.5800638794898987,7.591965811570845e-8,1,1.271099137056808e-7,-0.5800638794898987,1.4757829092104658e-7,-0.8145710229873657],12,1.9527204036712647],[[749.5847778320313,228.0677947998047,45.785621643066409,-0.8145710229873657,5.407887027075731e-9,0.5800638794898987,6.419993070494456e-8,1,8.083164004801802e-8,-0.5800638794898987,1.030831668913379e-7,-0.8145710229873657],12,1.9698386192321778],[[749.5847778320313,228.2544403076172,45.785621643066409,-0.8135563135147095,2.2510798558528223e-8,0.581486165523529,5.240944744855369e-8,1,3.461344277866374e-8,-0.581486165523529,5.863535079697613e-8,-0.8135563135147095],12,1.9858789443969727],[[749.5847778320313,228.4410858154297,45.785621643066409,-0.8135563135147095,3.97790493877892e-8,0.581486165523529,4.062904324086958e-8,1,-1.1565250090939117e-8,-0.581486165523529,1.4216245070031164e-8,-0.8135563135147095],12,2.003471612930298],[[749.5847778320313,228.6277313232422,45.785621643066409,-0.8135563135147095,5.7032533362644247e-8,0.581486165523529,2.8858709200108025e-8,1,-5.770446875885682e-8,-0.581486165523529,-3.01648945821853e-8,-0.8135563135147095],12,2.02167010307312],[[749.5847778320313,228.8143768310547,45.785621643066409,-0.8135563135147095,7.427127712844595e-8,0.581486165523529,1.7098434668127994e-8,1,-1.0380425408129668e-7,-0.581486165523529,-7.450810102227479e-8,-0.8135563135147095],12,2.035346508026123],[[749.5847778320313,229.0010223388672,45.785621643066409,-0.8145719766616821,4.8157524190628467e-8,0.5800625085830689,1.983108788294885e-9,1,-8.023642550369914e-8,-0.5800625085830689,-6.420801668127751e-8,-0.8145719766616821],12,2.052851676940918],[[749.5847778320313,229.1876678466797,45.785621643066409,-0.8175987601280212,2.1859452914441137e-8,0.5757883787155151,-1.3242425822568294e-8,1,-5.6768154621522629e-8,-0.5757883787155151,-5.403840575013419e-8,-0.8175987601280212],12,2.0700018405914308],[[749.5847778320313,229.3743133544922,45.785621643066409,-0.8206032514572144,-4.3628229917658249e-9,0.5714982748031616,-2.8577545663210914e-8,1,-3.3399935261968497e-8,-0.5714982748031616,-4.374011197683103e-8,-0.8206032514572144],12,2.0865375995635988],[[749.5847778320313,229.5609588623047,45.785621643066409,-0.8206033706665039,-3.0279611706873769e-8,0.5714980959892273,-4.3899564872162958e-8,1,-1.0051688370538159e-8,-0.5714980959892273,-3.3336966964725437e-8,-0.8206033706665039],12,2.102330207824707],[[749.5847778320313,229.7476043701172,45.785621643066409,-0.8206033706665039,-5.617424037041019e-8,0.5714980959892273,-5.920848877849494e-8,1,1.3276604704515194e-8,-0.5714980959892273,-2.2942712618601037e-8,-0.8206033706665039],12,2.121073007583618],[[749.5847778320313,229.9342498779297,45.785621643066409,-0.8216030597686768,-8.20868351070203e-8,0.5700599551200867,-7.454512740423525e-8,1,3.6558130744879239e-8,-0.5700599551200867,-1.2458921894165087e-8,-0.8216030597686768],12,2.142411708831787],[[749.5847778320313,230.1208953857422,45.785621643066409,-0.8216029405593872,-1.0793721827440095e-7,0.570060133934021,-8.986865651650078e-8,1,5.9819761588642e-8,-0.570060133934021,-2.0824442170663817e-9,-0.8216029405593872],12,2.1592493057250978],[[749.5847778320313,230.3075408935547,45.785621643066409,-0.8216029405593872,-9.901349073970778e-8,0.570060133934021,-7.8287840210578e-8,1,6.08566921300735e-8,-0.570060133934021,5.3712616576717668e-9,-0.8216029405593872],12,2.174006938934326],[[749.5847778320313,230.4941864013672,45.785621643066409,-0.8216029405593872,-5.53602284014687e-8,0.570060133934021,-3.9837150467292307e-8,1,3.969740092202301e-8,-0.570060133934021,9.905930298259591e-9,-0.8216029405593872],12,2.1867454051971437],[[749.5847778320313,230.6808319091797,45.785621643066409,-0.8216029405593872,-1.1744276662284392e-8,0.570060133934021,-1.4193315411858976e-9,1,1.855620013202497e-8,-0.570060133934021,1.4436723816402264e-8,-0.8216029405593872],12,2.2030422687530519],[[749.5847778320313,230.8674774169922,45.785621643066409,-0.8216029405593872,3.183438934684091e-8,0.570060133934021,3.6965648320119729e-8,1,-2.566927781444406e-9,-0.570060133934021,1.8963648429348724e-8,-0.8216029405593872],12,2.2194571495056154],[[749.5847778320313,231.0541229248047,45.785621643066409,-0.8216029405593872,7.537580870575766e-8,0.570060133934021,7.531782131309228e-8,1,-2.3671999471730488e-8,-0.570060133934021,2.3486704137098969e-8,-0.8216029405593872],12,2.236201524734497],[[749.5847778320313,231.2407684326172,45.785621643066409,-0.8216029405593872,1.0122290206027174e-7,0.570060133934021,9.69998055211363e-8,1,-3.776369794650236e-8,-0.570060133934021,2.4268958398465658e-8,-0.8216029405593872],12,2.2522239685058595],[[749.5847778320313,231.4274139404297,45.785621643066409,-0.8216029405593872,7.409921920498164e-8,0.570060133934021,6.877235136926174e-8,1,-3.086630684379088e-8,-0.570060133934021,1.3844529966888786e-8,-0.8216029405593872],12,2.2699530124664308],[[749.5847778320313,231.6140594482422,45.785621643066409,-0.8216029405593872,4.699871780644571e-8,0.570060133934021,4.056903080140728e-8,1,-2.397480969307253e-8,-0.570060133934021,3.429012407352161e-9,-0.8216029405593872],12,2.2857463359832765],[[749.5847778320313,231.8007049560547,45.785621643066409,-0.8216029405593872,1.9921381877452405e-8,0.570060133934021,1.238981361950664e-8,1,-1.708920471799047e-8,-0.570060133934021,-6.9776016076161799e-9,-0.8216029405593872],12,2.303006887435913],[[749.5847778320313,231.9873504638672,45.785621643066409,-0.8216029405593872,-7.132811674637196e-9,0.570060133934021,-1.5765317940008573e-8,1,-1.0209484813117342e-8,-0.570060133934021,-1.7375322514112669e-8,-0.8216029405593872],12,2.3194260597229006],[[749.5847778320313,232.1739959716797,45.785621643066409,-0.8225991725921631,-3.419427585527046e-8,0.5686216354370117,-4.39083720493727e-8,1,-3.3848799319002866e-9,-0.5686216354370117,-2.775164986701384e-8,-0.8225991725921631],12,2.337965726852417],[[749.5847778320313,232.3606414794922,45.785621643066409,-0.8225991725921631,-6.120224327332835e-8,0.5686216354370117,-7.202736895806084e-8,1,3.4338891730101297e-9,-0.5686216354370117,-3.8131606316937908e-8,-0.8225991725921631],12,2.3580822944641115],[[749.5847778320313,232.5472869873047,45.785621643066409,-0.8225991725921631,-8.818712871061507e-8,0.5686216354370117,-1.0012234241685292e-7,1,1.0246829162952054e-8,-0.5686216354370117,-4.8502698746233366e-8,-0.8225991725921631],12,2.3692264556884767],[[749.5847778320313,232.7339324951172,45.785621643066409,-0.8225991725921631,-9.916582399682739e-8,0.5686216354370117,-1.1054309112523697e-7,1,1.4479162757652375e-8,-0.5686216354370117,-5.0946646013017019e-8,-0.8225991725921631],12,2.385971784591675],[[749.5847778320313,232.9205780029297,45.785621643066409,-0.8225987553596497,-6.220618331553851e-8,0.5686222314834595,-6.802689966889375e-8,1,1.0986803467005757e-8,-0.5686222314834595,-2.964387668669133e-8,-0.8225987553596497],12,2.4081950187683107],[[749.5706787109375,233.07318115234376,45.8060417175293,-0.821602463722229,-2.522618203215643e-8,0.5700609087944031,-2.55531951154353e-8,1,7.423091918923319e-9,-0.5700609087944031,-8.468046708287602e-9,-0.821602463722229],8,2.4263367652893068],[[749.533935546875,233.17127990722657,45.85911560058594,-0.7974017262458801,1.1955561873833176e-8,0.6034488081932068,1.6611439335179058e-8,1,2.138421661967982e-9,-0.6034488081932068,1.1729333948551357e-8,-0.7974017262458801],5,2.441218376159668],[[749.486328125,233.19467163085938,45.7991828918457,-0.7324661016464233,0.001879408722743392,0.6808009147644043,0.003473356831818819,0.9999935030937195,0.0009763790294528008,-0.6807946562767029,0.003079829039052129,-0.7324678897857666],5,2.4531021118164064],[[749.4598999023438,233.17239379882813,45.65195083618164,-0.5157741904258728,0.0005148290074430406,0.8567244410514832,0.00139158486854285,0.9999989867210388,0.0002368498535361141,-0.856723427772522,0.0013143657706677914,-0.5157743692398071],5,2.479445695877075],[[749.694091796875,233.1708526611328,45.343990325927737,-0.08169642835855484,-0.00004991564492229372,0.9966572523117065,-0.0008162320591509342,0.9999996423721314,-0.000016823853002279067,-0.9966569542884827,-0.000814878090750426,-0.08169644325971604],7,2.4873390197753908],[[749.748779296875,233.15005493164063,45.244468688964847,0.5712738633155823,0.00044282121234573424,0.8207594156265259,-0.0003926602948922664,0.9999998807907105,-0.00026622251607477665,-0.8207594156265259,-0.00017019369988702238,0.5712739825248718],7,2.5112433433532717],[[749.7382202148438,233.07481384277345,45.23696517944336,0.6477612853050232,0.0000786833988968283,0.7618433237075806,0.000014736879165866413,1,-0.0001158103987108916,-0.7618433237075806,0.00008624469046480954,0.6477612853050232],8,2.526216506958008],[[749.767333984375,233.93771362304688,45.20439147949219,0.5741166472434998,0.000919518293812871,0.8187729716300964,-0.0012082455214112998,0.9999992251396179,-0.00027583184419199824,-0.8187726140022278,-0.0008309191907756031,0.5741173624992371],3,2.5381581783294679],[[749.78173828125,234.74510192871095,45.15220260620117,0.36697956919670107,0.0004317090497352183,0.9302288889884949,-0.0007444783113896847,0.9999997019767761,-0.00017038884107023478,-0.9302287101745606,-0.0006300060194917023,0.36697977781295779],5,2.552898406982422],[[749.7264404296875,235.49765014648438,45.11830520629883,0.09080946445465088,0.00009398427937412634,0.9958682656288147,-0.0002945169690065086,0.9999999403953552,-0.0000675183764542453,-0.9958682656288147,-0.000287168804788962,0.09080948680639267],5,2.5699639320373537],[[749.6322021484375,236.19570922851563,45.08311462402344,-0.13495761156082154,-0.000018788625311572106,0.9908513426780701,-0.000060959209804423156,1,0.000010659219697117806,-0.9908513426780701,-0.00005896297443541698,-0.13495761156082154],5,2.587770700454712],[[749.5010375976563,236.83926391601563,45.060882568359378,-0.28279390931129458,-0.00001600614450580906,0.9591807126998901,0.000004093335519428365,1,0.000017894140910357238,-0.9591807126998901,0.00000898660255188588,-0.28279390931129458],5,2.6028923988342287],[[749.3812866210938,237.42831420898438,45.04802322387695,-0.383674681186676,-0.000003672531875054119,0.923468291759491,0.000009183266229229048,1,0.000007792275027895812,-0.923468291759491,0.000011470154277049005,-0.383674681186676],5,2.6203770637512209],[[749.301025390625,237.96287536621095,45.03940200805664,-0.45370277762413027,4.461741980321676e-7,0.8911530375480652,0.000004022694611194311,1,0.0000015473589201064897,-0.8911530375480652,0.000004286877810955048,-0.45370277762413027],5,2.640934467315674],[[749.26025390625,238.44293212890626,45.03501892089844,-0.5108575820922852,6.698800234516966e-7,0.8596653342247009,8.954561394602933e-7,1,-2.4710712409614646e-7,-0.8596653342247009,6.435560