[[[776,222.69961547851563,47,1,1.6904035504694549e-8,-5.1477346555339409e-14,-1.6904035504694549e-8,1,-2.765592022058172e-8,5.1009848742959027e-14,2.765592022058172e-8,1],8,0.00907754898071289],[[776,222.69961547851563,47,1,3.849352836482467e-9,-5.139826078312017e-14,-3.849352836482467e-9,1,-6.297709465030721e-9,5.137401870016975e-14,6.297709465030721e-9,1],8,0.03140902519226074],[[776,222.69961547851563,47,1,-1.3543876242749775e-8,-5.1725838917009509e-14,1.3543876242749775e-8,1,2.2158619827905569e-8,5.142572497940194e-14,-2.2158619827905569e-8,1],8,0.03783917427062988],[[776,222.69961547851563,47,1,-2.2234916130514649e-8,-5.2074897806441217e-14,2.2234916130514649e-8,1,3.6377667100850888e-8,5.126604571631735e-14,-3.6377667100850888e-8,1],8,0.0465238094329834],[[776,222.69961547851563,47,1,-3.0922244320663597e-8,-5.2547267752334206e-14,3.0922244320663597e-8,1,5.0590639233405457e-8,5.0982889378313817e-14,-5.0590639233405457e-8,1],8,0.05600237846374512],[[776,222.69961547851563,47,1,-3.9605861701375036e-8,-5.31427861243626e-14,3.9605861701375036e-8,1,6.479753977828295e-8,5.0576421983849e-14,-6.479753977828295e-8,1],8,0.06529974937438965],[[776,222.69961547851563,47,1,-5.2624322677274907e-8,-5.426662605064782e-14,5.2624322677274907e-8,1,8.609651303004284e-8,4.9735853592048146e-14,-8.609651303004284e-8,1],8,0.07770752906799317],[[776,222.69961547851563,47,1,-6.1298663922571e-8,-5.516933277945925e-14,6.1298663922571e-8,1,1.0028824704022554e-7,4.902179804124919e-14,-1.0028824704022554e-7,1],8,0.08956170082092285],[[776,222.69961547851563,47,1,-4.162228606219287e-8,-5.3734177751871978e-14,4.162228606219287e-8,1,6.809651154071617e-8,5.0899846268165e-14,-6.809651154071617e-8,1],8,0.09973883628845215],[[776,222.69961547851563,47,1,-2.687603739559563e-8,-5.308739355774396e-14,2.687603739559563e-8,1,4.397076125428612e-8,5.190563351852549e-14,-4.397076125428612e-8,1],8,0.11406779289245606],[[775.8410034179688,222.69961547851563,46.9710693359375,0.9918158054351807,-5.921704904210401e-9,0.1276768147945404,4.340842352235086e-9,1,1.2660001047493097e-8,-0.1276768147945404,-1.2002164595514842e-8,0.9918158054351807],8,0.1317448616027832],[[775.6476440429688,222.69961547851563,46.93588638305664,0.968161940574646,1.2249579128820188e-8,0.2503247559070587,-8.997694145307378e-9,1,-1.4135052239794277e-8,-0.2503247559070587,1.1432673474587319e-8,0.968161940574646],8,0.1516420841217041],[[775.4510498046875,222.69961547851563,46.900115966796878,0.9319056868553162,3.269062176514126e-8,0.3627006411552429,-1.8104769239357667e-8,1,-4.36136069481563e-8,-0.3627006411552429,3.40771606488488e-8,0.9319056868553162],8,0.15819358825683595],[[775.2542114257813,222.69961547851563,46.86431884765625,0.8877469301223755,5.522774770838623e-8,0.46033185720443728,-2.337666948903916e-8,1,-7.489202147326069e-8,-0.46033185720443728,5.572413641630192e-8,0.8877469301223755],8,0.16951942443847657],[[775.057373046875,222.69961547851563,46.828521728515628,0.8393981456756592,7.962295001107123e-8,0.543516993522644,-2.5394992775318316e-8,1,-1.0727620036732333e-7,-0.543516993522644,7.624483799872906e-8,0.8393981456756592],8,0.18336772918701173],[[774.8605346679688,222.69961547851563,46.792724609375,0.7895032167434692,6.476999914184489e-8,0.6137464046478272,-1.402352900470305e-8,1,-8.749277924380294e-8,-0.6137464046478272,6.046894185374185e-8,0.7895032167434692],8,0.20278096199035645],[[774.5980834960938,222.69961547851563,46.7449951171875,0.7230145335197449,4.3462222265588937e-8,0.690832793712616,-3.3106644092839589e-9,1,-5.9447906153309307e-8,-0.690832793712616,4.069458370281609e-8,0.7230145335197449],8,0.21051931381225587],[[774.4017333984375,222.69961547851563,46.707244873046878,0.6756554245948792,2.654188691053605e-8,0.7372175455093384,1.8188650585670985e-9,1,-3.7669767749548558e-8,-0.7372175455093384,2.6792681850906775e-8,0.6756554245948792],8,0.2309885025024414],[[774.2054443359375,222.69961547851563,46.668785095214847,0.6315955519676209,8.974862630850567e-9,0.7752980589866638,4.900503114413368e-9,1,-1.5568204503324524e-8,-0.7752980589866638,1.3632159401311128e-8,0.6315955519676209],8,0.2370309829711914],[[774.009033203125,222.69961547851563,46.63107681274414,0.5903356671333313,-9.128322098206354e-9,0.8071578741073608,6.327831592045641e-9,1,6.6811933763233359e-9,-0.8071578741073608,1.1634121444004109e-9,0.5903356671333313],8,0.2476038932800293],[[773.8779296875,222.69961547851563,46.606563568115237,0.5644320249557495,-2.1451853626786034e-8,0.8254795074462891,6.505894933894751e-9,1,2.1538655303743327e-8,-0.8254795074462891,-6.786623707455419e-9,0.5644320249557495],8,0.25798511505126955],[[773.5498657226563,222.69961547851563,46.5477409362793,0.5031679272651672,-5.300039518374433e-8,0.8641886711120606,4.645288598226216e-9,1,5.862496976760667e-8,-0.8641886711120606,-2.5483796406433613e-8,0.5031679272651672],8,0.2767171859741211],[[773.418212890625,222.69961547851563,46.52637481689453,0.4801381230354309,-6.587871581587024e-8,0.8771929144859314,3.1149414159159507e-9,1,7.339675534012713e-8,-0.8771929144859314,-3.250817570688014e-8,0.4801381230354309],8,0.28716206550598147],[[773.286376953125,222.69961547851563,46.50664520263672,0.4582672119140625,-7.888174735626308e-8,0.8888144493103027,1.2266000437577418e-9,1,8.811696972088612e-8,-0.8888144493103027,-3.9290899422894657e-8,0.4582672119140625],8,0.29413771629333498],[[773.1544189453125,222.69961547851563,46.487308502197269,0.4375450611114502,-9.199597172937502e-8,0.8991965055465698,-9.705126702286294e-10,1,1.02781328337187e-7,-0.8991965055465698,-4.584414270425441e-8,0.4375450611114502],8,0.30413341522216799],[[772.9561157226563,222.69961547851563,46.46147537231445,0.40736621618270876,-1.1185247927869568e-7,0.9132648706436157,-4.90535612129861e-9,1,1.2466345822303993e-7,-0.9132648706436157,-5.526356972040958e-8,0.40736621618270876],8,0.3149116039276123],[[772.8236083984375,222.69961547851563,46.4467658996582,0.3876861333847046,-9.235932907358802e-8,0.9217914342880249,-6.185794987345616e-9,1,1.0279708817506617e-7,-0.9217914342880249,-4.5555019312359948e-8,0.3876861333847046],8,0.326052188873291],[[772.6245727539063,222.69961547851563,46.4271240234375,0.3590637445449829,-6.289193521524794e-8,0.9333130121231079,-6.881604175390521e-9,1,7.00331668213039e-8,-0.9333130121231079,-3.156906203116705e-8,0.3590637445449829],8,0.33624958992004397],[[772.4253540039063,222.69961547851563,46.40959548950195,0.33181291818618777,-3.318325170198477e-8,0.9433451890945435,-6.204565750067559e-9,1,3.735855003128563e-8,-0.9433451890945435,-1.8249103561629455e-8,0.33181291818618777],8,0.3470792770385742],[[772.2259521484375,222.69961547851563,46.39387130737305,0.30617547035217287,-3.267109915938704e-9,0.9519751071929932,-4.290107824544975e-9,1,4.811720355490934e-9,-0.9519751071929932,-5.5573119439600308e-9,0.30617547035217287],8,0.3595297336578369],[[772.0928955078125,222.69961547851563,46.38515853881836,0.289798378944397,1.6777093492237328e-8,0.9570876955986023,-2.3994395359494549e-9,1,-1.6802783164848735e-8,-0.9570876955986023,2.572940305256566e-9,0.289798378944397],8,0.3685133457183838],[[771.9598388671875,222.69961547851563,46.37744140625,0.27406537532806399,3.6892135568677989e-8,0.961711049079895,-6.09844605370391e-11,1,-3.8343554109587788e-8,-0.961711049079895,1.0449986653782162e-8,0.27406537532806399],8,0.3786783218383789],[[771.7600708007813,222.69961547851563,46.367061614990237,0.2515698969364166,6.718145328932224e-8,0.9678391218185425,4.211165194334399e-9,1,-7.050846306810854e-8,-0.9678391218185425,2.181353409014264e-8,0.2515698969364166],8,0.39163637161254885],[[771.560302734375,222.69961547851563,46.357757568359378,0.23053695261478425,9.759148866805845e-8,0.973063588142395,9.285464841468638e-9,1,-1.0249292614616934e-7,-0.973063588142395,3.266375259158849e-8,0.23053695261478425],8,0.4017174243927002],[[771.4271240234375,222.69961547851563,46.35203170776367,0.2174849808216095,1.0058061405970875e-7,0.9760636687278748,1.114110581568184e-8,1,-1.0552962947940614e-7,-0.9760636687278748,3.382553970254776e-8,0.2174849808216095],8,0.4130687713623047],[[771.16064453125,222.69961547851563,46.342010498046878,0.19304847717285157,7.18345347650029e-8,0.9811891913414002,1.0444852982516295e-8,1,-7.526672618496377e-8,-0.9811891913414002,2.477850458149078e-8,0.19304847717285157],8,0.4258458614349365],[[771.02734375,222.69961547851563,46.3372802734375,0.1818680465221405,5.742874620295879e-8,0.9833229184150696,9.664727684821628e-9,1,-6.019024567649467e-8,-0.9833229184150696,2.045023173025129e-8,0.1818680465221405],8,0.43730926513671877],[[770.7607421875,222.69961547851563,46.328731536865237,0.16132895648479463,2.8567196608264568e-8,0.9869006872177124,7.375104082996131e-9,1,-3.0151984020676539e-8,-0.9869006872177124,1.214288403161845e-8,0.16132895648479463],8,0.4509918689727783],[[770.62744140625,222.69961547851563,46.324527740478519,0.15204836428165437,1.4115971502803859e-8,0.9883730411529541,5.91095705715361e-9,1,-1.51913521762026e-8,-0.9883730411529541,8.152051478305112e-9,0.15204836428165437],8,0.46259379386901858],[[770.427490234375,222.69961547851563,46.31822204589844,0.1394379734992981,-7.579629368592578e-9,0.9902307987213135,3.3800706678022154e-9,1,7.178447170019808e-9,-0.9902307987213135,2.346102423445018e-9,0.1394379734992981],8,0.47475481033325198],[[770.160888671875,222.6655731201172,46.309814453125,-0.007477161008864641,-3.612717947021338e-8,0.9999720454216003,-4.389638430524201e-9,1,3.609536491921972e-8,-0.9999720454216003,-4.119624641418795e-9,-0.007477161008864641],8,0.4919877052307129],[[769.9609375,222.60427856445313,46.30350875854492,-0.0033163861371576788,-5.774473876840602e-8,0.9999945163726807,-1.0249689097463488e-8,1,5.771106614815835e-8,-0.9999945163726807,-1.0058240462740287e-8,-0.0033163861371576788],8,0.5115678310394287],[[769.6943359375,223.47740173339845,46.295101165771487,-0.007338858209550381,-8.653937300096004e-8,0.9999730587005615,-1.8226971931767367e-8,1,8.640793680569914e-8,-0.9999730587005615,-1.7592345358252716e-8,-0.007338858209550381],3,0.5232775211334229],[[769.494384765625,224.09902954101563,46.292476654052737,0.004280261695384979,-1.0794176574790981e-7,0.9999908208847046,-2.3480135169506867e-8,1,1.0804325256685843e-7,-0.9999908208847046,-2.394237341718508e-8,0.004280261695384979],5,0.5387377738952637],[[769.227783203125,224.8801727294922,46.29008102416992,0.007815162651240826,-1.3674457477463876e-7,0.999969482421875,-2.991312442190974e-8,1,1.369825355368448e-7,-0.999969482421875,-3.0982754140040927e-8,0.007815162651240826],5,0.545485258102417],[[769.094482421875,225.25030517578126,46.28890609741211,0.008719420991837979,-1.5116090423816787e-7,0.9999619722366333,-3.306867313312978e-8,1,1.5145499787649897e-7,-0.9999619722366333,-3.438801599031649e-8,0.008719420991837979],5,0.5559952259063721],[[768.961181640625,225.60682678222657,46.2877311706543,0.008775739930570126,-1.6559887683342823e-7,0.9999614953994751,-3.6214203191775599e-8,1,1.6592308327290085e-7,-0.9999614953994751,-3.7668904440124609e-8,0.008775739930570126],5,0.5667738914489746],[[768.76123046875,226.1160430908203,46.28596878051758,0.008792713284492493,-1.3510967278307363e-7,0.9999613165855408,-2.953334110600281e-8,1,1.3537459153667442e-7,-0.9999613165855408,-3.072251075764143e-8,0.008792713284492493],5,0.5745980739593506],[[768.6279296875,226.43849182128907,46.284793853759769,0.008802796714007855,-1.1479475148234997e-7,0.999961256980896,-2.5081043020236394e-8,1,1.1501999352958592e-7,-0.999961256980896,-2.6092569882507634e-8,0.008802796714007855],5,0.5853393077850342],[[768.49462890625,226.747314453125,46.28361892700195,0.008804038166999817,-9.448882565266104e-8,0.999961256980896,-2.0630499975027307e-8,1,9.467412809271991e-8,-0.999961256980896,-2.1463215205130838e-8,0.008804038166999817],5,0.595721960067749],[[768.294677734375,227.18499755859376,46.281856536865237,0.008804477751255036,-6.404625452205437e-8,0.999961256980896,-1.3958185718365712e-8,1,6.41716368932066e-8,-0.999961256980896,-1.4522642644010375e-8,0.008804477751255036],5,0.6076874732971191],[[768.0947265625,227.59202575683595,46.280094146728519,0.00880466029047966,-3.3623198447685357e-8,0.999961256980896,-7.29013382994026e-9,1,3.368868917164036e-8,-0.999961256980896,-7.586468342424269e-9,0.00880466029047966],5,0.6180822849273682],[[767.96142578125,227.84634399414063,46.2789192199707,0.008804770186543465,-1.3351987959708822e-8,0.999961256980896,-2.847139635164808e-9,1,1.3377574603623544e-8,-0.999961256980896,-2.9648157262585075e-9,0.008804770186543465],5,0.6284921169281006],[[767.761474609375,228.20228576660157,46.277156829833987,0.008804766461253167,1.7038592758922279e-8,0.999961256980896,3.813793281182143e-9,1,-1.7072833813358558e-8,-0.999961256980896,3.96396782065267e-9,0.008804766461253167],5,0.6402649879455566],[[767.5615234375,228.52757263183595,46.275394439697269,0.008804765529930592,4.740970638295039e-8,0.999961256980896,1.047045738999941e-8,1,-4.75037360558872e-8,-0.999961256980896,1.088831158568837e-8,0.008804765529930592],5,0.652296781539917],[[767.361572265625,228.8221893310547,46.27363204956055,0.008804765529930592,7.776135646508919e-8,0.999961256980896,1.7122857798312908e-8,1,-7.791514633481711e-8,-0.999961256980896,1.780821712316083e-8,0.008804765529930592],5,0.6634621620178223],[[767.16162109375,229.08615112304688,46.27186965942383,0.002255531493574381,1.082159357679302e-7,0.9999974370002747,2.393998066452241e-8,1,-1.0827020702208756e-7,-0.9999974370002747,2.4184126701243259e-8,0.002255531493574381],5,0.6786763668060303],[[766.89501953125,229.3904266357422,46.27111053466797,-0.020152920857071878,1.4919797308721173e-7,0.9997969269752502,3.374340096229389e-8,1,-1.4854812491194026e-7,-0.9997969269752502,3.0742871359734639e-8,-0.020152920857071878],5,0.7039222717285156],[[766.561767578125,229.69412231445313,46.27767562866211,-0.035445597022771838,1.1421291645774545e-7,0.9993715882301331,2.663495202170907e-8,1,-1.133400431285736e-7,-0.9993715882301331,2.2600810112294313e-8,-0.035445597022771838],5,0.7241685390472412],[[766.2952880859375,229.87576293945313,46.28728103637695,-0.03768157958984375,8.588990141333852e-8,0.9992898106575012,2.1122520621474906e-8,1,-8.515444704926267e-8,-0.9992898106575012,1.7898765136692419e-8,-0.03768157958984375],5,0.73921799659729],[[766.0289306640625,230.00291442871095,46.29749298095703,-0.03827028349041939,5.7537878461744188e-8,0.9992673993110657,1.566136731412371e-8,1,-5.6980255180860698e-8,-0.9992673993110657,1.3469243498320793e-8,-0.03827028349041939],5,0.745539665222168],[[765.895751953125,230.04605102539063,46.30260467529297,-0.03834059461951256,4.336603964816277e-8,0.9992647171020508,1.293413909309038e-8,1,-4.290168220677515e-8,-0.9992647171020508,1.1279753131532289e-8,-0.03834059461951256],5,0.7541038990020752],[[765.7625732421875,230.0755615234375,46.307716369628909,-0.038344889879226688,2.9199291873283074e-8,0.9992645382881165,1.0208254686006058e-8,1,-2.8829058251744756e-8,-0.9992645382881165,9.095300512740323e-9,-0.038344889879226688],5,0.766345739364624],[[765.4296264648438,230.0897216796875,46.32049560546875,-0.0383460707962513,-6.191266610500179e-9,0.9992645382881165,3.3987650471800636e-9,1,6.326248858101735e-9,-0.9992645382881165,3.638852108522883e-9,-0.0383460707962513],5,0.7839984893798828],[[765.2964477539063,230.07154846191407,46.32560729980469,-0.038347091525793079,-2.033691082203859e-8,0.9992644786834717,6.770005667178225e-10,1,2.0377859399900445e-8,-0.9992644786834717,1.4579343288190217e-9,-0.038347091525793079],5,0.7965161800384522],[[765.0966796875,230.01873779296876,46.333274841308597,-0.038347188383340839,-4.1544051754272007e-8,0.9992644786834717,-3.4034681739569807e-9,1,4.14440215479317e-8,-0.9992644786834717,-1.8117032318798466e-9,-0.038347188383340839],5,0.8164427280426025],[[764.830322265625,229.900634765625,46.34349822998047,-0.03834718465805054,-6.979909272786245e-8,0.9992644786834717,-8.840026488599051e-9,1,6.951123054932396e-8,-0.9992644786834717,-6.167963917391717e-9,-0.03834718465805054],5,0.8238658905029297],[[764.6971435546875,229.82115173339845,46.348609924316409,-0.03834718465805054,-8.391756267656092e-8,0.9992644786834717,-1.155656281781603e-8,1,8.353584490805588e-8,-0.9992644786834717,-8.344698265716488e-9,-0.03834718465805054],5,0.8307168483734131],[[764.4973754882813,229.67636108398438,46.35627746582031,-0.0399836003780365,-1.0509840819850069e-7,0.9992003440856934,-1.565520335589099e-8,1,1.0455606513914972e-7,-0.9992003440856934,-1.1462157445407684e-8,-0.0399836003780365],5,0.8470559120178223],[[764.297607421875,229.5009307861328,46.364227294921878,-0.041676394641399387,-1.2627236856133096e-7,0.9991311430931091,-1.9781186466616419e-8,1,1.2555705097838655e-7,-0.9991311430931091,-1.4531234882042554e-8,-0.041676394641399387],5,0.8699703216552734],[[763.9646606445313,229.14041137695313,46.37810134887695,-0.05094517394900322,-1.61645218099693e-7,0.9987014532089233,-2.6850589307514384e-8,1,1.6048571183091554e-7,-0.9987014532089233,-1.863975107596616e-8,-0.05094517394900322],5,0.8768410682678223],[[763.8314819335938,228.9723663330078,46.38471221923828,-0.0570477619767189,-1.5825821719772649e-7,0.998371422290802,-2.668322451881977e-8,1,1.569916747712341e-7,-0.998371422290802,-1.7683746023067216e-8,-0.0570477619767189],5,0.8865954875946045],[[763.6983032226563,228.79067993164063,46.392154693603519,-0.06237288564443588,-1.372688700485014e-7,0.9980528950691223,-2.3339929100529845e-8,1,1.3607804305593164e-7,-0.9980528950691223,-1.480690325905698e-8,-0.06237288564443588],5,0.8943097591400147],[[763.5652465820313,228.5953826904297,46.40031433105469,-0.06763403862714768,-1.1627113138956702e-7,0.9977101683616638,-1.9894791591923423e-8,1,1.1518932296894491e-7,-0.9977101683616638,-1.2058515963531136e-8,-0.06763403862714768],5,0.9044327735900879],[[763.3656616210938,228.27687072753907,46.41368103027344,-0.07269677519798279,-8.473513446460857e-8,0.9973540902137756,-1.4574290219115938e-8,1,8.389761774196814e-8,-0.9973540902137756,-8.436642495723845e-9,-0.07269677519798279],5,0.914219856262207],[[763.166259765625,227.92771911621095,46.42811584472656,-0.07955993711948395,-5.3214346706909058e-8,0.9968301057815552,-9.036893899860843e-9,1,5.266230473921496e-8,-0.9968301057815552,-4.818438092968336e-9,-0.07955993711948395],5,0.92679762840271],[[762.9668579101563,227.54791259765626,46.44388198852539,-0.08647182583808899,-2.168738433283579e-8,0.9962543249130249,-3.288675554102838e-9,1,2.1483478107597877e-8,-0.9962543249130249,-1.418641537576093e-9,-0.08647182583808899],5,0.9405672550201416],[[762.7676391601563,227.13743591308595,46.46103286743164,-0.09178973734378815,9.847278548136274e-9,0.9957783818244934,2.613232075177052e-9,1,-9.648140952833728e-9,-0.9957783818244934,1.7165996402113138e-9,-0.09178973734378815],5,0.9511740207672119],[[762.6348266601563,226.8467559814453,46.47315979003906,-0.09220308810472489,3.086586986000839e-8,0.9957402348518372,6.55005960581434e-9,1,-3.0391394290063548e-8,-0.9957402348518372,3.719977437199873e-9,-0.09220308810472489],5,0.960883378982544],[[762.5020141601563,226.54244995117188,46.48544692993164,-0.09231574088335037,5.1875215234531427e-8,0.9957298040390015,1.0489047852502154e-8,1,-5.11252267187956e-8,-0.9957298040390015,5.724594132061611e-9,-0.09231574088335037],5,0.9712932109832764],[[762.3027954101563,226.06045532226563,46.5039176940918,-0.09397981315851212,8.338183477007988e-8,0.9955741167068481,1.6444124284475948e-8,1,-8.220023062222026e-8,-0.9955741167068481,8.646181548499499e-9,-0.09397981315851212],5,0.9825878143310547],[[762.103759765625,225.5478057861328,46.52267074584961,-0.09405544400215149,1.1485932560617585e-7,0.9955669641494751,2.2402264931997707e-8,1,-1.1325433746378622e-7,-0.9955669641494751,1.1650767461901524e-8,-0.09405544400215149],5,0.9952235221862793],[[761.9047241210938,225.00448608398438,46.5414924621582,-0.08920960128307343,1.462534129359483e-7,0.9960128664970398,2.8243508864989054e-8,1,-1.4430919748065208e-7,-0.9960128664970398,1.525713244632243e-8,-0.08920960128307343],5,1.0079007148742676],[[761.7055053710938,224.43051147460938,46.55946731567383,-0.08415456116199494,1.4167636663842132e-7,0.9964526891708374,2.7144906766807254e-8,1,-1.3988822900046217e-7,-0.9964526891708374,1.527638460174785e-8,-0.08415456116199494],5,1.0201811790466309],[[761.5062866210938,223.82589721679688,46.57640838623047,-0.06916744261980057,1.1896758422835774e-7,0.9976050853729248,2.3083927658262838e-8,1,-1.1765269647412424e-7,-0.9976050853729248,1.4890906285813799e-8,-0.06916744261980057],5,1.0311264991760255],[[761.3067626953125,223.19061279296876,46.590614318847659,-0.061969466507434848,9.641581755204243e-8,0.9980780482292175,1.9151668695371883e-8,1,-9.54123748897473e-8,-0.9980780482292175,1.3202206439189013e-8,-0.061969466507434848],5,1.0435874462127686],[[761.107177734375,222.52467346191407,46.603118896484378,-0.04738268256187439,7.379767907877977e-8,0.9988768100738525,1.547562256121182e-8,1,-7.314655903201128e-8,-0.9988768100738525,1.1992359105761352e-8,-0.04738268256187439],7,1.0562145709991456],[[760.9739990234375,222.36550903320313,46.60988998413086,-0.043633684515953067,5.881927478412763e-8,0.999047577381134,1.3067506188235712e-8,1,-5.830461802247555e-8,-0.999047577381134,1.0511015169356597e-8,-0.043633684515953067],7,1.0665416717529297],[[760.6410522460938,222.45518493652345,46.624637603759769,-0.04011687636375427,2.1478953726727924e-8,0.9991949796676636,7.175471772313813e-9,1,-2.1208169442843429e-8,-0.9991949796676636,6.31888985580531e-9,-0.04011687636375427],7,1.0884578227996827],[[760.4412841796875,222.53553771972657,46.632789611816409,-0.04009398818016052,-8.836849585414086e-10,0.99919593334198,3.64309671319063e-9,1,1.0305799547083439e-9,-0.99919593334198,3.681487559248353e-9,-0.04009398818016052],8,1.115408182144165],[[760.041748046875,223.8264923095703,46.648902893066409,-0.038348861038684848,-4.557209720701394e-8,0.9992644190788269,-3.337267129310817e-9,1,4.5477570154162097e-8,-0.9992644190788269,-1.590799270090315e-9,-0.038348861038684848],3,1.1233868598937989],[[759.9085693359375,224.23068237304688,46.654083251953128,-0.03666473925113678,-6.045050326974888e-8,0.9993276000022888,-5.639667399748305e-9,1,6.028426469129045e-8,-0.9993276000022888,-3.425568495529774e-9,-0.03666473925113678],5,1.1317722797393799],[[759.7752685546875,224.6212615966797,46.659034729003909,-0.03663734719157219,-7.532518964126212e-8,0.99932861328125,-7.939370050280559e-9,1,7.508472066319882e-8,-0.99932861328125,-5.183134366149034e-9,-0.03663734719157219],5,1.1419098377227784],[[759.5753173828125,225.1815643310547,46.66636657714844,-0.03498000279068947,-9.761624397697233e-8,0.9993880391120911,-1.1355225204567887e-8,1,9.727857275265706e-8,-0.9993880391120911,-7.945470947845479e-9,-0.03498000279068947],5,1.1512491703033448],[[759.4420166015625,225.5380859375,46.67107391357422,-0.03321853280067444,-1.124602064805913e-7,0.9994481205940247,-1.360819279483394e-8,1,1.1207001193724864e-7,-0.9994481205940247,-9.877880735587042e-9,-0.03321853280067444],5,1.1613726615905762],[[759.3087158203125,225.88096618652345,46.675559997558597,-0.03316135331988335,-1.2731177889691026e-7,0.9994500279426575,-1.585364906020459e-8,1,1.26855823623373e-7,-0.9994500279426575,-1.163821838900958e-8,-0.03316135331988335],5,1.1703016757965088],[[759.1087646484375,226.3697509765625,46.68218994140625,-0.03313150256872177,-1.4957825555939054e-7,0.9994509816169739,-1.921292280826492e-8,1,1.490235206347279e-7,-0.9994509816169739,-1.4265002512559022e-8,-0.03313150256872177],5,1.1818649768829346],[[758.9754638671875,226.67857360839845,46.686607360839847,-0.03311384469270706,-1.644147431534293e-7,0.9994515776634216,-2.144960831174103e-8,1,1.6379428302570887e-7,-0.9994515776634216,-1.6013986581242535e-8,-0.03311384469270706],5,1.1919245719909669],[[758.7755126953125,227.1162567138672,46.693233489990237,-0.03311203420162201,-1.3458077319228324e-7,0.9994516372680664,-1.7820426023718029e-8,1,1.3406422283424036e-7,-0.9994516372680664,-1.3371515450444349e-8,-0.03311203420162201],5,1.2026338577270508],[[758.6422119140625,227.39102172851563,46.69765090942383,-0.02974463440477848,-1.1465459692772129e-7,0.9995575547218323,-1.5486502746853149e-8,1,1.1424450008234999e-7,-0.9995575547218323,-1.2081489586535099e-8,-0.02974463440477848],5,1.2132649421691895],[[758.4422607421875,227.77760314941407,46.70370864868164,-0.028068356215953828,-8.482982849500331e-8,0.9996060132980347,-1.2038093188948551e-8,1,8.452524014046503e-8,-0.9996060132980347,-9.660865885052772e-9,-0.028068356215953828],5,1.2246465682983399],[[758.2423095703125,228.133544921875,46.70935821533203,-0.019757770001888276,-5.495751409512195e-8,0.9998047947883606,-8.876703816440568e-9,1,5.4792828052541157e-8,-0.9998047947883606,-7.792387179961225e-9,-0.019757770001888276],5,1.2397682666778565],[[757.9757080078125,228.56044006347657,46.71480941772461,-0.0146881602704525,-1.5230719796477389e-8,0.9998921155929565,-4.8606594305056209e-9,1,1.51609604870373e-8,-0.9998921155929565,-4.637448647315523e-9,-0.0146881602704525],5,1.2640376091003419],[[757.6424560546875,229.0174102783203,46.71965789794922,-0.012608926743268967,3.433369499816763e-8,0.9999204874038696,7.568826121406858e-11,1,-3.433546780229335e-8,-0.9999204874038696,-3.572511730887129e-10,-0.012608926743268967],5,1.272399663925171],[[757.3758544921875,229.32168579101563,46.72296905517578,-0.012237859889864922,7.393786916054523e-8,0.9999251365661621,4.0074565887948669e-9,1,-7.389436262883464e-8,-0.9999251365661621,3.1028475344641039e-9,-0.012237859889864922],5,1.290644884109497],[[757.2425537109375,229.45338439941407,46.72459411621094,-0.012162596918642521,9.372693199338755e-8,0.9999260306358337,5.969240657321961e-9,1,-9.366125652832125e-8,-0.9999260306358337,4.829634914216285e-9,-0.012162596918642521],5,1.29823637008667],[[757.1092529296875,229.5714569091797,46.72621154785156,-0.012157981283962727,1.1350776674134977e-7,0.9999260902404785,7.929733314426813e-9,1,-1.1341973760181645e-7,-0.9999260902404785,6.550192388488085e-9,-0.012157981283962727],5,1.3063650131225587],[[756.9759521484375,229.6759033203125,46.72782897949219,-0.012156069278717041,1.3328016734703852e-7,0.9999260902404785,9.88919701683244e-9,1,-1.3316979163846555e-7,-0.9999260902404785,8.269645412894988e-9,-0.012156069278717041],5,1.3161556720733643],[[756.7760009765625,229.80702209472657,46.730255126953128,-0.01215535681694746,1.4552080074281549e-7,0.9999261498451233,1.1390266507760316e-8,1,-1.4539308779148997e-7,-0.9999261498451233,9.622119989671774e-9,-0.01215535681694746],5,1.3284265995025635],[[756.6427001953125,229.87741088867188,46.73187255859375,-0.015522832982242108,1.3051170810740587e-7,0.9998795390129089,1.0406142614272085e-8,1,-1.3036587631631847e-7,-0.9998795390129089,8.38124147861663e-9,-0.015522832982242108],5,1.3369078636169434],[[756.4427490234375,229.9574432373047,46.73487091064453,-0.01883607916533947,1.0799058003385653e-7,0.9998225569725037,8.840133958187835e-9,1,-1.0784319925960517e-7,-0.9998225569725037,6.807222785454314e-9,-0.01883607916533947],5,1.3477706909179688],[[756.3094482421875,229.9937744140625,46.7372932434082,-0.024092037230730058,9.300106285081711e-8,0.9997097253799439,7.709958005364115e-9,1,-9.284226365480208e-8,-0.9997097253799439,5.470961017550735e-9,-0.024092037230730058],5,1.3582353591918946],[[756.1761474609375,230.01646423339845,46.7403450012207,-0.02592337317764759,7.799285128839984e-8,0.9996639490127564,6.5622316469671208e-9,1,-7.784889533013484e-8,-0.9996639490127564,4.541920173295466e-9,-0.02592337317764759],5,1.3679754734039307],[[755.9095458984375,230.02098083496095,46.74721145629883,-0.029185611754655839,4.7990035056955097e-8,0.9995740056037903,4.167760359052863e-9,1,-4.7888796927963997e-8,-0.9995740056037903,2.7683209058437798e-9,-0.029185611754655839],5,1.381199836730957],[[755.7095947265625,229.98861694335938,46.75299835205078,-0.03767416253685951,2.5515895174521576e-8,0.9992900490760803,2.1668913330330499e-9,1,-2.5452328245023638e-8,-0.9992900490760803,1.2064578225334799e-9,-0.03767416253685951],5,1.3952882289886475],[[755.5097045898438,229.9255828857422,46.76033020019531,-0.046241000294685367,3.0428655151126806e-9,0.9989303350448608,-2.639892297817692e-11,1,-3.0473459311508579e-9,-0.9989303350448608,-1.6728302076884916e-10,-0.046241000294685367],5,1.4072155952453614],[[755.5614624023438,229.8850555419922,46.79014205932617,-0.015397954732179642,0.00013853017298970371,0.9998814463615418,0.003732537617906928,0.9999930262565613,-0.00008106554741971195,-0.999874472618103,0.0037308468017727138,-0.015398364514112473],5,1.4219987392425538],[[755.6378173828125,229.8209686279297,46.84992218017578,-0.06370380520820618,0.0001896384492283687,0.997968852519989,0.0013297294499352575,0.9999991059303284,-0.00010514301538933069,-0.9979679584503174,0.001320330542512238,-0.0637039989233017],5,1.432570457458496],[[755.6932373046875,229.72622680664063,46.90353012084961,-0.06027403846383095,0.00007632741471752524,0.9981818795204163,0.00023406266700476408,1,-0.00006233284511836246,-0.9981818199157715,0.00022988005366642028,-0.06027405336499214],5,1.4433741569519044],[[755.718017578125,229.6460418701172,46.9373664855957,-0.06446279585361481,0.00003402700531296432,0.9979200959205627,-0.000035309647500980648,1,-0.00003637882764451206,-0.9979200959205627,-0.00003758128877962008,-0.06446279585361481],5,1.4524180889129639],[[755.73291015625,229.55221557617188,46.96967315673828,-0.06613438576459885,0.000010164005288970657,0.9978107213973999,-0.00011748643009923398,1,-0.000017973246940528044,-0.9978107213973999,-0.00011841786908917129,-0.06613437831401825],5,1.4635145664215088],[[755.7369384765625,229.3859405517578,47.01525115966797,-0.06782323867082596,-0.000003163976998621365,0.9976973533630371,-0.00009949604282155633,1,-0.0000035924388157582145,-0.9976973533630371,-0.0000995105947367847,-0.06782323867082596],5,1.4751360416412354],[[755.7188720703125,229.1890106201172,47.05735397338867,-0.06956758350133896,-0.000004412162070366321,0.9975772500038147,-0.00004960087244398892,1,9.638844176151907e-7,-0.9975772500038147,-0.00004941364750266075,-0.06956758350133896],5,1.4854328632354737],[[755.694580078125,229.0406951904297,47.08351516723633,-0.06968849152326584,-0.000003232738663427881,0.9975687861442566,-0.000025194820409524256,1,0.0000014805490309299785,-0.9975687861442566,-0.00002503038922441192,-0.06968849152326584],5,1.4946789741516114],[[755.6604614257813,228.87875366210938,47.10814666748047,-0.06972399353981018,-0.0000019657086340885145,0.9975663423538208,-0.000010161187674384565,1,0.0000012602971537489794,-0.9975663423538208,-0.000010048585863842164,-0.06972399353981018],5,1.5042436122894288],[[755.5908813476563,228.61029052734376,47.142242431640628,-0.06973464787006378,-6.699632422169088e-7,0.9975655674934387,-2.727819605752302e-7,1,6.525294224957179e-7,-0.9975655674934387,-2.266139915718668e-7,-0.06973464787006378],5,1.514303207397461],[[755.5408325195313,228.3167724609375,47.18193054199219,-0.0012769171735271812,0.0000909477166715078,0.9999991655349731,0.002625103108584881,0.999996542930603,-0.00008759543561609462,-0.999995768070221,0.002624989254400134,-0.0012771515175700188],5,1.5267963409423829],[[755.5966796875,228.11814880371095,47.18822479248047,0.03912133723497391,0.0012069259537383915,0.9992337226867676,0.00200754520483315,0.9999971389770508,-0.0012864461168646813,-0.9992324709892273,0.002056334400549531,0.039118800312280658],5,1.5362622737884522],[[755.7316284179688,227.68003845214845,47.13465881347656,0.1378079056739807,0.00226900028064847,0.9904564023017883,0.0005387424025684595,0.999997079372406,-0.0023658149875700475,-0.9904588460922241,0.0008596288389526308,0.13780628144741059],5,1.5508017539978028],[[756.023681640625,227.58763122558595,47.09931564331055,0.6525628566741943,0.003329620463773608,0.7577272653579712,-0.002933792071416974,0.9999939799308777,-0.0018675803439691663,-0.7577289342880249,-0.0010043007787317038,0.6525686383247376],7,1.5673835277557374],[[756.1043701171875,227.5382080078125,47.06561279296875,0.8965722918510437,0.0030227252282202245,0.44288715720176699,-0.0035303072072565557,0.9999937415122986,0.00032168286270461977,-0.4428834021091461,-0.001851939596235752,0.8965772986412048],7,1.5886671543121338],[[756.0997924804688,227.4700164794922,47.04473876953125,0.9598736763000488,0.00327374879270792,0.2804136872291565,-0.0030183796770870687,0.9999945163726807,-0.0013425457291305066,-0.2804165482521057,0.00044227935723029077,0.9598783254623413],7,1.5955777168273926],[[756.1008911132813,227.3732147216797,47.037879943847659,0.9544720649719238,0.0028337426483631136,0.29828694462776186,-0.0023641292937099935,0.9999953508377075,-0.001935164094902575,-0.29829102754592898,0.001141871209256351,0.9544742703437805],8,1.6079747676849366],[[756.1259765625,227.8148956298828,47.036434173583987,0.9328081011772156,0.003350288374349475,0.3603579103946686,-0.002689809538424015,0.9999936819076538,-0.002334320917725563,-0.3603634238243103,0.001208179397508502,0.9328112006187439],3,1.6173653602600098],[[756.148681640625,228.4555206298828,47.02035903930664,0.8891275525093079,0.002469551982358098,0.45765286684036257,-0.0018823585705831648,0.9999967217445374,-0.0017390628345310689,-0.4576556384563446,0.0006847819313406944,0.8891292810440064],5,1.6288938522338868],[[756.1395263671875,229.06488037109376,46.98463439941406,0.8140321373939514,0.0010822563199326397,0.5808188319206238,-0.0008403292740695179,0.9999994039535523,-0.0006855850224383175,-0.5808192491531372,0.00007000916230026633,0.8140325546264648],5,1.6389601230621338],[[756.1260986328125,229.45408630371095,46.951026916503909,0.5911340713500977,0.0004569302254822105,0.8065731525421143,-0.0004921695217490196,0.9999998807907105,-0.0002057990204775706,-0.8065731525421143,-0.00027531603700481355,0.591134250164032],5,1.6489107608795167],[[756.0899047851563,230.01234436035157,46.89181900024414,0.4710230529308319,0.000014946504961699248,0.8821209073066711,-0.00018603277567308396,1,0.00008239144517574459,-0.8821208477020264,-0.00020291167311370373,0.4710230529308319],5,1.6606597900390626],[[756.032470703125,230.5399627685547,46.82650375366211,0.2793348729610443,-0.00009908063657348976,0.9601937532424927,-0.0000491145983687602,1,0.00011747634562198073,-0.9601937532424927,-0.00007997476495802402,0.2793348729610443],5,1.6730904579162598],[[755.98193359375,230.87466430664063,46.782772064208987,0.20782434940338136,-0.00008537319808965549,0.9781661629676819,-0.00000841916880744975,1,0.00008906758739612997,-0.9781661629676819,-0.000026745759896584788,0.20782434940338136],5,1.6821162700653077],[[755.8878784179688,231.35118103027345,46.72075271606445,0.14880989491939546,-0.00004340821033110842,0.988865852355957,0.000011521414307935629,1,0.00004216316301608458,-0.988865852355957,0.000005118837634654483,0.14880989491939546],5,1.6925115585327149],[[755.813232421875,231.65182495117188,46.68280792236328,0.13318891823291779,-0.000021996025679982269,0.9910906553268433,0.000011707381418091245,1,0.000020620447685359978,-0.9910906553268433,0.000008856661224854179,0.13318891823291779],5,1.7015821933746338],[[755.729248046875,231.9388427734375,46.64815139770508,0.1316324770450592,-0.00000885369172465289,0.9912986159324646,0.000008644751687825192,1,0.000007783488399581984,-0.9912986159324646,0.000007544969776063226,0.1316324770450592],5,1.7114660739898682],[[755.6368408203125,232.33421325683595,46.59778594970703,0.08866602182388306,0.00003180725616402924,0.996061384677887,0.004255416337400675,0.9999908804893494,-0.0004107355489395559,-0.9960523247718811,0.004275074228644371,0.08866507560014725],5,1.7237517833709717],[[755.595703125,232.67970275878907,46.54084777832031,0.06801872700452805,-0.000011948942301387433,0.9976840615272522,0.006834269035607576,0.9999765157699585,-0.00045396099449135363,-0.9976606369018555,0.0068493192084133629,0.06801720708608628],5,1.7362773418426514],[[755.6170654296875,232.98997497558595,46.45635986328125,0.07868008315563202,-0.00011120179988211021,0.9968999028205872,0.005303970538079739,0.9999858736991882,-0.0003070686070714146,-0.9968858361244202,0.00531168794259429,0.07867956161499024],5,1.7470173835754395],[[755.6129150390625,233.17977905273438,46.401512145996097,0.07649558037519455,-0.00007389841630356386,0.9970698952674866,0.0033760329242795707,0.9999942779541016,-0.00018489538342691958,-0.9970642328262329,0.003380284644663334,0.07649539411067963],5,1.7567722797393799],[[755.5888671875,233.43894958496095,46.325401306152347,0.0681181475520134,-0.000011256431207584683,0.9976772665977478,0.0012440383434295655,0.9999992251396179,-0.000073656250606291,-0.9976764917373657,0.0012461660662665964,0.06811811029911041],5,1.77042818069458],[[755.5475463867188,233.85757446289063,46.173614501953128,0.01334068737924099,-0.0035196994431316854,0.9999048113822937,0.001815571915358305,0.9999922513961792,0.0034957840107381346,-0.9999093413352966,0.0017687629442662,0.013346973806619645],5,1.8017730712890626],[[755.5328369140625,234.0626678466797,46.07204055786133,0.004562280140817165,-0.0032257114071398975,0.9999843835830689,0.001263235229998827,0.9999940395355225,0.003219979116693139,-0.9999887943267822,0.0012485251063480974,0.004566327668726444],5,1.8097622394561768],[[755.5276489257813,234.1437530517578,46.01475143432617,-0.0004952959716320038,-0.0031026010401546957,0.9999950528144836,0.0009727382566779852,0.999994695186615,0.0031030818354338409,-0.9999994039535523,0.0009742703987285495,-0.0004922753432765603],5,1.8188459873199463],[[755.5220947265625,234.21087646484376,45.9539909362793,-0.0006894608377479017,-0.003028053557500243,0.9999951720237732,0.0006842039874754846,0.9999951720237732,0.003028525272384286,-0.9999995231628418,0.0006862886948511004,-0.0006873856764286757],5,1.8284111022949219],[[755.5165405273438,234.26405334472657,45.89007568359375,-0.00007046762766549364,-0.002656728494912386,0.9999964833259583,0.00044474052265286446,0.9999963641166687,0.002656759461387992,-0.9999998807907105,0.00044492617598734796,-0.00006928582297405228],5,1.8381335735321046],[[755.49169921875,234.31825256347657,45.80253219604492,0.0010393133852630854,-0.0014105431037023664,0.9999984502792358,0.00016955156752374023,0.9999989867210388,0.0014103676658123732,-0.999999463558197,0.00016808550572022796,0.0010395514545962215],5,1.848236322402954],[[755.4639892578125,234.33737182617188,45.74972915649414,0.0016927109099924565,-0.0007473910227417946,0.9999982714653015,0.0000672736277920194,0.9999997019767761,0.0007472782162949443,-0.9999985694885254,0.00006600858614547178,0.0016927607357501984],5,1.8571891784667969],[[755.4273071289063,234.3428497314453,45.70136642456055,0.0017769091064110399,-0.0003220762009732425,0.9999983906745911,0.000014509636457660236,0.9999999403953552,0.0003220509388484061,-0.9999984502792358,0.000013937357834947761,0.001776913646608591],5,1.866647481918335],[[755.3555297851563,234.32553100585938,45.637142181396487,0.0018023226875811816,-0.00002790968028421048,0.9999983906745911,-0.000011387065569579136,1,0.000027930249416385778,-0.9999983906745911,-0.000011437386092438829,0.0018023224547505379],5,1.8770105838775635],[[755.2685546875,234.5611572265625,45.61376953125,0.0018172890413552523,0.00006518569716718048,0.9999983310699463,-0.00001280153537663864,1,-0.00006516253779409453,-0.9999983310699463,-0.000012683095519605559,0.001817289856262505],7,1.8866615295410157],[[755.0784912109375,235.0466766357422,45.60846710205078,0.001818946679122746,0.00008702486957190558,0.9999983310699463,-0.000004571530553221237,1,-0.00008701669867150486,-0.9999983310699463,-0.00000441324391431408,0.0018189470283687115],7,1.8973207473754883],[[754.9456176757813,235.3234405517578,45.60798645019531,0.0018199427286162973,0.00004744235047837719,0.9999983310699463,0.0000014314917962110486,1,-0.00004744503166875802,-0.9999983310699463,0.0000015178366084001028,0.0018199427286162973],7,1.9090852737426758],[[754.6790771484375,235.71115112304688,45.60746383666992,0.0018200919730588794,-0.000028165217372588814,0.9999983310699463,0.000004455781436263351,1,0.00002815715