[[[776,222.69961547851563,47,1,-2.896211270808635e-8,-5.80871351249534e-15,2.896211270808635e-8,1,5.150956994270928e-8,4.316887322055544e-15,-5.150956994270928e-8,1],8,0.009397745132446289],[[776,222.69961547851563,47,1,-1.347017075659096e-8,-5.388686814610877e-15,1.347017075659096e-8,1,2.3956873818065106e-8,5.0659833553329869e-15,-2.3956873818065106e-8,1],8,0.024147510528564454],[[776,222.69961547851563,47,1,2.0085340057818259e-9,-5.394286125908702e-15,-2.0085340057818259e-9,1,-3.5722869107246426e-9,5.387111333328984e-15,3.5722869107246426e-9,1],8,0.05338764190673828],[[776,222.69961547851563,47,1,3.2926273263456099e-8,-6.680454410821048e-15,-3.2926273263456099e-8,1,-5.856008300497706e-8,4.752289361998566e-15,5.856008300497706e-8,1],8,0.07138705253601074],[[776,222.69961547851563,47,1,4.064745340315312e-8,-7.266862519985252e-15,-4.064745340315312e-8,1,-7.229235166050785e-8,4.3283625009084718e-15,7.229235166050785e-8,1],8,0.08072757720947266],[[776,222.69961547851563,47,1,4.836533307184254e-8,-7.958946036132429e-15,-4.836533307184254e-8,1,-8.601875833846862e-8,3.798620472399107e-15,8.601875833846862e-8,1],8,0.08962082862854004],[[776,222.69961547851563,47,1,5.6079915822238038e-8,-8.756570704540438e-15,-5.6079915822238038e-8,1,-9.9739295933432e-8,3.16319964877498e-15,9.9739295933432e-8,1],8,0.09932971000671387],[[776,222.69961547851563,47,1,5.4900628043697e-8,-8.728743131124293e-15,-5.4900628043697e-8,1,-9.764190167516063e-8,3.3681411761872896e-15,9.764190167516063e-8,1],8,0.10941743850708008],[[776,222.69961547851563,47,1,3.980105134360201e-8,-7.640642065982577e-15,-3.980105134360201e-8,1,-7.078698160967179e-8,4.823245735506533e-15,7.078698160967179e-8,1],8,0.12015986442565918],[[776,222.69961547851563,47,1,2.471115045921124e-8,-6.977143370706391e-15,-2.471115045921124e-8,1,-4.3949267336529377e-8,5.89110610134066e-15,4.3949267336529377e-8,1],8,0.13328790664672852],[[776,222.69961547851563,47,1,9.630922725989422e-9,-6.722279627207044e-15,-9.630922725989422e-9,1,-1.712874642123552e-8,6.557314031498639e-15,1.712874642123552e-8,1],8,0.14620542526245118],[[776,222.69961547851563,47,1,-5.43963984966922e-9,-6.872261633594995e-15,5.43963984966922e-9,1,9.674590017993978e-9,6.8196354765820859e-15,-9.674590017993978e-9,1],8,0.15736103057861329],[[776,222.69961547851563,47,1,-2.0500543485013624e-8,-7.42571592594627e-15,2.0500543485013624e-8,1,3.646075441565699e-8,6.678250854608766e-15,-3.646075441565699e-8,1],8,0.16899681091308595],[[776,222.69961547851563,47,1,-4.0566735748370777e-8,-8.789750679150284e-15,4.0566735748370777e-8,1,7.214894282014939e-8,5.862903292328881e-15,-7.214894282014939e-8,1],8,0.18528032302856446],[[776,222.69961547851563,47,-0.17711111903190614,-8.783111837828983e-8,0.9841908812522888,-3.381741553454276e-9,1,8.863339218123656e-8,-0.9841908812522888,1.2369680391088878e-8,-0.17711111903190614],8,0.20219874382019044],[[776,222.69961547851563,47,-0.12836627662181855,-1.0424506768913489e-7,0.991726815700531,-3.3484845118891829e-8,1,1.007805181529875e-7,-0.991726815700531,-2.0270999101512645e-8,-0.12836627662181855],8,0.22561120986938477],[[776,222.69961547851563,47,-0.08814256638288498,-8.149353192266062e-8,0.9961078763008118,-4.890232219167956e-8,1,7.748473507263043e-8,-0.9961078763008118,-4.188228430734853e-8,-0.08814256638288498],8,0.23487353324890138],[[776,222.69961547851563,47,-0.061294615268707278,-3.738170661904405e-8,0.9981197118759155,-4.580343571092271e-8,1,3.463933495595484e-8,-0.9981197118759155,-4.359410610277337e-8,-0.061294615268707278],8,0.2524693012237549],[[776,222.69961547851563,47,-0.048714518547058108,-1.5373455397593717e-8,0.998812735080719,-4.4512688646136669e-8,1,1.3220737393737636e-8,-0.998812735080719,-4.38157989890442e-8,-0.048714518547058108],8,0.26264142990112307],[[775.8990478515625,222.69961547851563,47.004920959472659,-0.026002999395132066,1.7791432327385338e-8,0.9996618628501892,-4.330676262043198e-8,1,-1.892393619584709e-8,-0.9996618628501892,-4.3784197600871269e-8,-0.026002999395132066],8,0.2757885456085205],[[775.6419677734375,222.69961547851563,47.01227951049805,-0.008527317084372044,6.140805197674126e-8,0.999963641166687,-4.244875029257855e-8,1,-6.177227618309189e-8,-0.999963641166687,-4.2973958613856669e-8,-0.008527317084372044],8,0.29903554916381838],[[775.3755493164063,222.69961547851563,47.01524353027344,0.0037022437900304796,1.0474636980006835e-7,0.9999931454658508,-4.211517179442126e-8,1,-1.0459116595029627e-7,-0.9999931454658508,-4.172765954990609e-8,0.0037022437900304796],8,0.3059666156768799],[[775.2422485351563,222.69961547851563,47.01518249511719,0.008942781016230584,9.193283290187537e-8,0.9999600052833557,-3.184812413792315e-8,1,-9.165168535218982e-8,-0.9999600052833557,-3.102723056258583e-8,0.008942781016230584],8,0.31581830978393557],[[775.0422973632813,222.69961547851563,47.0136604309082,0.014182849787175656,7.255842149334058e-8,0.9998994469642639,-1.6354336551671623e-8,1,-7.233374788029323e-8,-0.9998994469642639,-1.532679227977951e-8,0.014182849787175656],8,0.3303685188293457],[[774.8423461914063,222.69961547851563,47.01103591918945,0.022914944216609,5.316628559626224e-8,0.9997374415397644,-7.024608672523414e-10,1,-5.3164146862627606e-8,-0.9997374415397644,5.159770943841124e-10,0.022914944216609],8,0.3400747776031494],[[774.6423950195313,222.69961547851563,47.006797790527347,0.03164529800415039,3.364903733427127e-8,0.9994991421699524,1.5106097706052425e-8,1,-3.414417548697202e-8,-0.9994991421699524,1.617903500061857e-8,0.03164529800415039],8,0.3556830883026123],[[774.3757934570313,222.69961547851563,46.99871826171875,0.03862794116139412,7.540337243483464e-9,0.9992536902427673,3.634496081872385e-8,1,-8.95094842690014e-9,-0.9992536902427673,3.666359305043443e-8,0.03862794116139412],8,0.38156843185424807],[[773.9761962890625,222.69961547851563,46.98355484008789,0.047353945672512057,-3.17308064268218e-8,0.9988781809806824,6.849772660189046e-8,1,2.8519162142970346e-8,-0.9988781809806824,6.707038835429558e-8,0.047353945672512057],8,0.393115758895874],[[773.7764282226563,222.69961547851563,46.97441482543945,0.047353945672512057,-5.118740631360197e-8,0.9988781809806824,8.455864985990047e-8,1,4.7236213163159849e-8,-0.9988781809806824,8.222696834536691e-8,0.047353945672512057],8,0.41631650924682619],[[773.5100708007813,222.69961547851563,46.96180725097656,0.05084220692515373,-6.607846358974712e-8,0.9987066984176636,9.157158586958758e-8,1,6.150229836521248e-8,-0.9987066984176636,8.832624587284954e-8,0.05084220692515373],8,0.42368030548095705],[[773.3768920898438,222.69961547851563,46.95514678955078,0.05258747935295105,-5.655593326991948e-8,0.9986163377761841,7.335628282589824e-8,1,5.277133041658999e-8,-0.9986163377761841,7.047967187645554e-8,0.05258747935295105],8,0.4328293800354004],[[773.1771240234375,222.69961547851563,46.9447135925293,0.05607490986585617,-4.2294310276247418e-8,0.9984265565872192,4.600236991336715e-8,1,3.9777319216227627e-8,-0.9984265565872192,4.369947603777291e-8,0.05607490986585617],8,0.444333553314209],[[772.9773559570313,222.69961547851563,46.93363571166992,0.06653519719839096,-2.825181155685641e-8,0.9977840781211853,1.8531396861476425e-8,1,2.7078826292381565e-8,-0.9977840781211853,1.6688638027062553e-8,0.06653519719839096],8,0.4696381092071533],[[772.6447143554688,222.69961547851563,46.91188049316406,0.0891738310456276,-4.480542159512879e-9,0.9960160851478577,-2.7682803604989205e-8,1,6.97691948658985e-9,-0.9960160851478577,-2.819467681547394e-8,0.0891738310456276],8,0.4781513214111328],[[772.4454345703125,222.69961547851563,46.89490509033203,0.0961310938000679,1.018994488788394e-8,0.9953686594963074,-5.547115833337557e-8,1,-4.880043036337156e-9,-0.9953686594963074,-5.474512931868958e-8,0.0961310938000679],8,0.48874759674072268],[[772.3126831054688,222.69961547851563,46.88236618041992,0.10308283567428589,2.0215932039491237e-8,0.9946727752685547,-7.404157997825678e-8,1,-1.2650910541367466e-8,-0.9946727752685547,-7.234304888470433e-8,0.10308283567428589],8,0.499114990234375],[[772.1137084960938,222.69961547851563,46.862056732177737,0.10829344391822815,3.505264700720545e-8,0.9941189885139465,-1.0194299449040045e-7,1,-2.415494648744243e-8,-0.9941189885139465,-9.872763939711149e-8,0.10829344391822815],8,0.5092113018035889],[[771.9811401367188,222.69961547851563,46.847808837890628,0.11697064340114594,3.8589835327229596e-8,0.993135392665863,-1.0319017462734337e-7,1,-2.670292076345504e-8,-0.993135392665863,-9.935835265650894e-8,0.11697064340114594],8,0.5211458206176758],[[771.782470703125,222.69961547851563,46.824771881103519,0.11697228997945786,3.217010302591916e-8,0.9931351542472839,-7.895322795548054e-8,1,-2.3093294387876996e-8,-0.9931351542472839,-7.570994853267621e-8,0.11697228997945786],8,0.531282901763916],[[771.5838012695313,222.69961547851563,46.801395416259769,0.1169714629650116,2.5754257393373338e-8,0.9931352734565735,-5.4731813747821437e-8,1,-1.9485963065335455e-8,-0.9931352734565735,-5.2076792655952889e-8,0.1169714629650116],8,0.5426294803619385],[[771.3851318359375,222.69961547851563,46.77800369262695,0.1169714629650116,1.9342587975756943e-8,0.9931352734565735,-3.0525921346225007e-8,1,-1.5880944559398814e-8,-0.9931352734565735,-2.845875179957602e-8,0.1169714629650116],8,0.5711278915405273],[[770.8553466796875,222.69961547851563,46.71562576293945,0.11870548129081726,2.3145532157542449e-9,0.9929295182228088,3.396394276933279e-8,1,-6.391450035891921e-9,-0.9929295182228088,3.448250041060419e-8,0.11870548129081726],8,0.5907094478607178],[[770.6566772460938,222.69961547851563,46.691951751708987,0.11870453506708145,-4.082028048912889e-9,0.9929296374320984,5.811921610643367e-8,1,-2.837045709469521e-9,-0.9929296374320984,5.8045063866529748e-8,0.11870453506708145],8,0.6126151084899902],[[770.3255615234375,223.7697296142578,46.65241241455078,0.11696980893611908,-1.4632537848058292e-8,0.9931354522705078,9.833321712449106e-8,1,3.152158312147435e-9,-0.9931354522705078,9.728950089993305e-8,0.11696980893611908],3,0.6244192123413086],[[770.1268920898438,224.37091064453126,46.62895584106445,0.1137159988284111,-2.0678401213558574e-8,0.993513286113739,1.224295402835196e-7,1,6.800314977795097e-9,-0.993513286113739,1.2086208300843283e-7,0.1137159988284111],5,0.6458590030670166],[[769.8619995117188,225.1248016357422,46.598548889160159,0.10257641971111298,-2.7683062953087757e-8,0.9947251081466675,1.544825636301539e-7,1,1.1899562224471083e-8,-0.9947251081466675,1.5244707185502194e-7,0.10257641971111298],5,0.6530442237854004],[[769.6630859375,225.6544647216797,46.57781982421875,0.09686761349439621,-2.6298655697587493e-8,0.9952972531318665,1.436105634411433e-7,1,1.2445973140984279e-8,-0.9952972531318665,1.4172958628932975e-7,0.09686761349439621],5,0.6635417938232422],[[769.5303955078125,225.99053955078126,46.56480407714844,0.09129350632429123,-2.2927363119151779e-8,0.9958240389823914,1.247485954536387e-7,1,1.1587012238578609e-8,-0.9958240389823914,1.2316982633819863e-7,0.09129350632429123],5,0.672863245010376],[[769.3975830078125,226.31298828125,46.55247497558594,0.08437156677246094,-1.949622507879667e-8,0.9964343905448914,1.0590143517674733e-7,1,1.0598945721085329e-8,-0.9964343905448914,1.0462957789059146e-7,0.08437156677246094],5,0.6835589408874512],[[769.1983642578125,226.7711181640625,46.53539276123047,0.07603218406438828,-1.475397670702705e-8,0.9971053600311279,7.766084308968857e-8,1,8.874942558634303e-9,-0.9971053600311279,7.67612604590795e-8,0.07603218406438828],5,0.6935315132141113],[[769.0654296875,227.0594940185547,46.525047302246097,0.057014066725969318,-1.0692973617665303e-8,0.9983733892440796,5.887254772574124e-8,1,7.34836325122501e-9,-0.9983733892440796,5.835782346252927e-8,0.057014066725969318],5,0.7046966552734375],[[768.8658447265625,227.46652221679688,46.513057708740237,0.0484735481441021,-6.3426384144804619e-9,0.9988244771957398,3.0723271038368696e-8,1,4.859084246078282e-9,-0.9988244771957398,3.045161989234657e-8,0.0484735481441021],5,0.71547532081604],[[768.6660766601563,227.8428955078125,46.503211975097659,0.03790976107120514,-2.20295026664985e-9,0.9992811679840088,2.6183342161090197e-9,1,2.1052031229373826e-9,-0.9992811679840088,2.5366444500463105e-9,0.03790976107120514],5,0.7264769077301025],[[768.5328979492188,228.0767822265625,46.4979133605957,0.02036483958363533,3.689292482622619e-10,0.9997926354408264,-1.60734430210141e-8,1,-4.1604764772218419e-11,-0.9997926354408264,-1.606926325337099e-8,0.02036483958363533],5,0.7378659248352051],[[768.3329467773438,228.40206909179688,46.493309020996097,0.0117954695597291,4.001617259774548e-9,0.9999304413795471,-4.406818732149986e-8,1,-3.4820546446212576e-9,-0.9999304413795471,-4.4024051959468127e-8,0.0117954695597291],5,0.7491729259490967],[[768.1329956054688,228.69668579101563,46.49079895019531,-0.005314449314028025,6.972988408904257e-9,0.9999858736991882,-7.19842390140002e-8,1,-7.35564897880181e-9,-0.9999858736991882,-7.202230989378222e-8,-0.005314449314028025],5,0.7601501941680908],[[767.9330444335938,228.9606475830078,46.49147415161133,-0.014370204880833626,1.0029941321931802e-8,0.999896764755249,-9.984603366319789e-8,1,-1.1465933091869829e-8,-0.999896764755249,-1.0000049144309742e-7,-0.014370204880833626],5,0.7727470397949219],[[767.7997436523438,229.11959838867188,46.49320983886719,-0.03540252521634102,1.0346290935103753e-8,0.9993731379508972,-1.183535260906865e-7,1,-1.4545423532297264e-8,-0.9993731379508972,-1.1879428285510585e-7,-0.03540252521634102],5,0.7839710712432861],[[767.5331420898438,229.39662170410157,46.50205993652344,-0.04526236280798912,1.4035580697679962e-8,0.9989751577377319,-1.5527632513112622e-7,1,-2.108536278910833e-8,-0.9989751577377319,-1.5607156456098893e-7,-0.04526236280798912],5,0.7973480224609375],[[767.3999633789063,229.5146942138672,46.50794219970703,-0.06172507256269455,1.0828975050003465e-8,0.9980931878089905,-1.3905753348808504e-7,1,-1.944939853615324e-8,-0.9980931878089905,-1.3999290615629435e-7,-0.06172507256269455],5,0.8088765144348145],[[767.2003173828125,229.666259765625,46.51981735229492,-0.06700608879327774,9.231349018534729e-9,0.9977525472640991,-1.147452906025137e-7,1,-1.6958093596031177e-8,-0.9977525472640991,-1.1562370616502449e-7,-0.06700608879327774],5,0.820758581161499],[[767.000732421875,229.7871551513672,46.53315734863281,-0.07576638460159302,7.383803346527884e-9,0.9971256256103516,-9.046962645697931e-8,1,-1.427940432563446e-8,-0.9971256256103516,-9.129147571229623e-8,-0.07576638460159302],5,0.83251953125],[[766.8013305664063,229.87741088867188,46.54813003540039,-0.0778929740190506,6.410907360532292e-9,0.9969617128372192,-6.620886949804117e-8,1,-1.1603367155998967e-8,-0.9969617128372192,-6.691153231486169e-8,-0.0778929740190506],5,0.8440790176391602],[[766.6019287109375,229.93701171875,46.5637092590332,-0.0847288966178894,5.17452702908372e-9,0.9964040517807007,-4.198371428287828e-8,1,-8.763272774103826e-9,-0.9964040517807007,-4.2575244663112247e-8,-0.0847288966178894],5,0.8614168167114258],[[766.3067626953125,229.96820068359376,46.58686447143555,-0.09370910376310349,3.5437492940104677e-9,0.995599627494812,-1.680488082023146e-9,1,-3.7175851286264107e-9,-0.995599627494812,-2.02146499539424e-9,-0.09370910376310349],5,0.8926897048950195],[[765.9974365234375,229.8688201904297,46.61112594604492,-0.1252080351114273,1.7501412541420792e-9,0.9921305179595947,5.442309358727471e-8,1,5.1042348125918128e-9,-0.9921305179595947,5.463390095883369e-8,-0.1252080351114273],5,0.9156441688537598],[[765.8751220703125,229.73709106445313,46.6207160949707,-0.1390792578458786,1.5283780907537903e-9,0.9902812242507935,8.637104542685847e-8,1,1.0586933996137305e-8,-0.9902812242507935,8.700404663386507e-8,-0.1390792578458786],5,0.9233579635620117],[[765.8287963867188,229.65078735351563,46.62434768676758,-0.14426681399345399,1.4915413348859375e-9,0.989538848400116,1.0232020741796078e-7,1,1.3410154764414984e-8,-0.989538848400116,1.031844547583205e-7,-0.14426681399345399],5,0.9333779811859131],[[765.7779541015625,229.49578857421876,46.62834167480469,-0.14944866299629212,1.293331219898164e-9,0.9887694716453552,1.2620867551049742e-7,1,1.7767929350043233e-8,-0.9887694716453552,1.2744666832986696e-7,-0.14944866299629212],5,0.9434387683868408],[[765.7197875976563,229.3101348876953,46.63426971435547,-0.1494482308626175,5.550085946381955e-10,0.98876953125,1.500818171962237e-7,1,2.2122904397292588e-8,-0.98876953125,1.517025651764925e-7,-0.1494482308626175],5,0.9595592021942139],[[765.6079711914063,229.01490783691407,46.648048400878909,-0.15258415043354035,2.0336940464993348e-10,0.9882904887199402,1.4644072621194938e-7,1,2.240349772364425e-8,-0.9882904887199402,1.4814439452948137e-7,-0.15258415043354035],5,0.9846749305725098],[[765.4132690429688,228.56922912597657,46.67497253417969,-0.16033266484737397,5.755419474340329e-10,0.9870630502700806,9.769679110149809e-8,1,1.5286202525999216e-8,-0.9870630502700806,9.888377405786741e-8,-0.16033266484737397],5,0.9935719966888428],[[765.3182983398438,228.3671112060547,46.68898391723633,-0.16625764966011048,8.282292629502308e-10,0.9860823750495911,7.822895753406556e-8,1,1.2349813616197025e-8,-0.9860823750495911,7.919344824358632e-8,-0.16625764966011048],5,1.0037248134613038],[[765.1576538085938,228.03839111328126,46.71404266357422,-0.1696934700012207,5.645329759218498e-10,0.9854968786239624,4.9055163486855238e-8,1,7.874005447661148e-9,-0.9854968786239624,4.967987976556287e-8,-0.1696934700012207],5,1.0145957469940186],[[765.0385131835938,227.80221557617188,46.73365783691406,-0.17665192484855653,5.516086476475834e-10,0.984273374080658,2.9637938325777214e-8,1,4.758830662865421e-9,-0.984273374080658,3.0012490270792117e-8,-0.17665192484855653],5,1.024022102355957],[[764.845458984375,227.4224090576172,46.76774215698242,-0.17841139435768128,4.322035784820599e-11,0.983955979347229,5.344839570931015e-10,1,5.298781205476111e-11,-0.983955979347229,5.353623100390337e-10,-0.17841139435768128],5,1.035536527633667],[[764.6488647460938,227.01193237304688,46.80335235595703,-0.17864379286766053,-5.274644609976065e-10,0.9839138388633728,-2.8550074304689589e-8,1,-4.6475912007792889e-9,-0.9839138388633728,-2.8921075312382528e-8,-0.17864379286766053],5,1.048111915588379],[[764.5176391601563,226.72125244140626,46.82717514038086,-0.1803809255361557,-9.609817386291298e-10,0.9835968017578125,-4.792406116393977e-8,1,-7.81174147590491e-9,-0.9835968017578125,-4.854704371837215e-8,-0.1803809255361557],5,1.059499740600586],[[764.35791015625,226.7705841064453,46.855281829833987,-0.15609519183635713,0.005508014466613531,0.987726628780365,-0.0030627695377916099,0.9999769330024719,-0.006060352083295584,-0.987737238407135,-0.003971171099692583,-0.15607473254203797],12,1.0734601020812989],[[764.431884765625,227.03428649902345,46.84231948852539,-0.15119850635528565,0.003326222999021411,0.988497793674469,-0.0018381228437647224,0.9999916553497315,-0.0036460543051362039,-0.9885017275810242,-0.0023682585451751949,-0.15119114518165589],12,1.0977044105529786],[[764.436767578125,227.12757873535157,46.84145736694336,-0.1830132156610489,0.000990568078123033,0.9831099510192871,-0.0006131794070824981,0.9999991655349731,-0.0011217333376407624,-0.983110249042511,-0.0008081148262135685,-0.1830124706029892],12,1.1084952354431153],[[764.4378662109375,227.26756286621095,46.841102600097659,-0.18524481356143952,-0.00038343665073625743,0.982692301273346,0.0001729895593598485,0.9999998807907105,0.00042279972694814205,-0.9826923608779907,0.0002483169664628804,-0.18524473905563355],12,1.1202881336212159],[[764.4380493164063,227.3608856201172,46.840999603271487,-0.1855507344007492,-0.0004723697784356773,0.9826345443725586,0.0002443273551762104,0.9999998211860657,0.0005268538370728493,-0.9826346635818481,0.00033784261904656887,-0.18555058538913728],12,1.1309690475463868],[[764.4381103515625,227.50086975097657,46.840946197509769,-0.1855858415365219,-0.00023848566343076527,0.9826280474662781,0.000132495813886635,0.9999999403953552,0.00026772593264468014,-0.9826280474662781,0.00017988024046644568,-0.18558579683303834],12,1.141547679901123],[[764.4381713867188,227.5273895263672,46.8409538269043,-0.1856059581041336,-0.00004119965888094157,0.9826242327690125,0.0000264796271949308,1,0.0000469298756797798,-0.9826242327690125,0.00003472999014775269,-0.1856059581041336],12,1.156369686126709],[[764.4381713867188,227.52883911132813,46.84096908569336,-0.18560980260372163,0.00002715687151066959,0.9826235175132752,-0.00001369302481180057,1,-0.00003022360942850355,-0.9826235175132752,-0.000019064886146225036,-0.18560980260372163],12,1.184720516204834],[[764.4381713867188,227.5288543701172,46.84097671508789,-0.18561074137687684,0.000004102394996152725,0.9826233386993408,-0.000002477193902450381,1,-0.000004642866315407446,-0.9826233386993408,-0.000003295914439149783,-0.18561074137687684],12,1.1924312114715577],[[764.4381713867188,227.5288543701172,46.84097671508789,-0.18561086058616639,-4.919832363725618e-8,0.9826233386993408,-1.472956228099065e-7,1,2.2245204789328456e-8,-0.9826233386993408,-1.4060715614050424e-7,-0.18561086058616639],12,1.2021551132202149],[[764.4381713867188,227.5288543701172,46.84097671508789,-0.18561086058616639,-0.0000014426543657464209,0.9826233386993408,6.994381465119659e-7,1,0.0000016002853726604372,-0.9826233386993408,9.843145107879537e-7,-0.18561086058616639],12,1.212127447128296],[[764.4381713867188,227.5288543701172,46.84097671508789,-0.18561086058616639,-0.000001382662617288588,0.9826233386993408,7.285477181540045e-7,1,0.00000154473127622623,-0.9826233386993408,0.0000010026068366641994,-0.18561086058616639],12,1.2212588787078858],[[764.4381713867188,227.5288543701172,46.84097671508789,-0.17014171183109284,-5.75892102006037e-7,0.9854196310043335,3.2366642699344086e-7,1,6.402970598173852e-7,-0.9854196310043335,4.2788849441421919e-7,-0.17014171183109284],12,1.233461618423462],[[764.4381713867188,227.5288543701172,46.84097671508789,-0.14599555730819703,-4.144676069017805e-8,0.9892852306365967,2.913734142850899e-8,1,4.619565885377597e-8,-0.9892852306365967,3.5569502898624708e-8,-0.14599555730819703],12,1.2448139190673829],[[764.4381713867188,227.5288543701172,46.84097671508789,-0.022221870720386506,9.076751439351938e-8,0.9997530579566956,-6.245117845082859e-8,1,-9.217806251626826e-8,-0.9997530579566956,-6.448412648296653e-8,-0.022221870720386506],12,1.2572591304779053],[[764.4381713867188,227.36964416503907,46.84097671508789,0.2085147649049759,8.858621924900945e-8,0.9780192375183106,-6.33008312433958e-8,1,-7.708136706696678e-8,-0.9780192375183106,-4.583682411407608e-8,0.2085147649049759],12,1.274815320968628],[[764.5641479492188,227.34274291992188,46.86757278442383,0.49108514189720156,8.350644264965013e-8,0.8711115717887878,-6.056124846054445e-8,1,-6.172081157274079e-8,-0.8711115717887878,-2.2445432179551973e-8,0.49108514189720156],12,1.301100492477417],[[764.920166015625,227.87030029296876,47.01995849609375,0.7226880788803101,-0.00048297690227627754,0.6911741495132446,0.0002489371399860829,0.9999998807907105,0.00043848995119333267,-0.6911742687225342,-0.00014483254926744848,0.7226881384849548],8,1.3124186992645264],[[765.0865478515625,228.19143676757813,47.127227783203128,0.7318487763404846,-0.00004092331073479727,0.6814670562744141,0.00002157216840714682,1,0.00003688475408125669,-0.6814670562744141,-0.000012293339750613086,0.7318487763404846],8,1.3225703239440919],[[765.2484741210938,228.84371948242188,47.240482330322269,0.7157332897186279,0.0002673059643711895,0.6983736753463745,-0.00013204100832808763,0.9999999403953552,-0.00024743174435570836,-0.6983736753463745,0.00008488117600791156,0.7157333493232727],3,1.340503215789795],[[765.4495849609375,229.66574096679688,47.41142654418945,0.5392395853996277,0.00023424824757967144,0.8421523571014404,-0.00008056324440985918,1,-0.00022656867804471403,-0.8421524167060852,0.00005432827674667351,0.5392395853996277],5,1.3663535118103028],[[765.7606201171875,230.7965850830078,47.66179275512695,0.17502664029598237,0.00003292076871730387,0.9845637083053589,-0.0000037393833736132366,1,-0.000032772157283034179,-0.9845637083053589,0.000002054339347523637,0.17502664029598237],5,1.3824598789215088],[[766.10205078125,231.8048095703125,47.86198425292969,0.018857920542359353,-0.0000052078048611292619,0.999822199344635,0.000002652715011208784,1,0.000005158697604201734,-0.999822199344635,0.0000025549609290465016,0.018857920542359353],5,1.401735782623291],[[766.2684936523438,232.262939453125,47.9395866394043,0.06063195317983627,-0.000004320158041082323,0.998160183429718,0.000001166585207101889,1,0.000004257257842255058,-0.998160183429718,9.063129482456134e-7,0.06063195317983627],5,1.4161276817321778],[[766.4146118164063,232.69039916992188,48.007747650146487,0.07656832784414292,-0.0000021092109818710016,0.9970643520355225,3.2848663522599966e-7,1,0.0000020901954940200086,-0.9970643520355225,1.6747955555729278e-7,0.07656832784414292],5,1.4427993297576905],[[766.646240234375,233.453369140625,48.115745544433597,0.07697317749261856,-8.339692669778742e-8,0.9970331788063049,-5.649976841937132e-8,1,8.800699191624517e-8,-0.9970331788063049,-6.310632016948148e-8,0.07697317749261856],5,1.4572334289550782],[[766.755615234375,233.89389038085938,48.16675567626953,0.07866410911083222,9.90588517879587e-8,0.9969011545181274,-3.644418100634539e-8,1,-9.649100718434056e-8,-0.9969011545181274,-2.874086746373905e-8,0.07866410911083222],5,1.4694509506225587],[[766.8129272460938,234.18850708007813,48.197628021240237,0.07872091978788376,1.1576943137470153e-7,0.9968966841697693,-1.4051467545073138e-8,1,-1.1502022800868872e-7,-0.9968966841697693,-4.953363497151031e-9,0.07872091978788376],5,1.4849143028259278],[[766.8551635742188,234.5336456298828,48.232582092285159,0.07872612029314041,1.3803116871713429e-7,0.9968962669372559,1.5782273266040648e-8,1,-1.3970725376566407e-7,-0.9968962669372559,2.6731898472576178e-8,0.07872612029314041],5,1.5135633945465088],[[766.84521484375,234.94918823242188,48.27170181274414,0.0787273645401001,1.2415763706030703e-7,0.9968962073326111,4.124240504665977e-8,1,-1.2780121494415654e-7,-0.9968962073326111,5.117584933600483e-8,0.0787273645401001],5,1.5242252349853516],[[766.80712890625,235.1109619140625,48.28527069091797,0.0787275955080986,9.36199384682368e-8,0.9968961477279663,4.4342122862417457e-8,1,-9.741324191736567e-8,-0.9968961477279663,5.187360230252125e-8,0.0787275955080986],5,1.535055160522461],[[766.76953125,235.2017822265625,48.29209899902344,0.07704895734786987,7.336283402992194e-8,0.9970273375511169,4.6366892547666796e-8,1,-7.716474215158087e-8,-0.9970273375511169,5.217452070382933e-8,0.07704895734786987],5,1.5466554164886475],[[766.6650390625,235.34255981445313,48.30048751831055,0.07861463725566864,3.260581493691461e-8,0.9969050884246826,5.049841433901747e-8,1,-3.6689282723045838e-8,-0.9969050884246826,5.322644014427169e-8,0.07861463725566864],5,1.5688800811767579],[[766.521484375,235.4288330078125,48.30179977416992,0.08499176800251007,-8.407936569199137e-9,0.9963816404342651,5.49135314997784e-8,1,3.754323074645072e-9,-0.9963816404342651,5.439574835008898e-8,0.08499176800251007],5,1.5805797576904297],[[766.233154296875,235.45603942871095,48.28954315185547,0.09863287210464478,-7.01933089430895e-8,0.9951238632202148,6.238260397140039e-8,1,6.435412558403186e-8,-0.9951238632202148,5.573098960098832e-8,0.09863287210464478],5,1.6101024150848389],[[765.9927368164063,235.40606689453126,48.2696533203125,0.10859808325767517,-1.1138629218976348e-7,0.9940857291221619,6.774031646727963e-8,1,1.0464874833360227e-7,-0.9940857291221619,5.597503260901249e-8,0.10859808325767517],5,1.6179308891296387],[[765.8615112304688,235.3606414794922,48.25566864013672,0.11308307200670243,-1.319289850698624e-7,0.9935855269432068,7.052389605632925e-8,1,1.2475416610868707e-7,-0.9935855269432068,5.596393748419359e-8,0.11308307200670243],5,1.6272237300872803],[[765.729248046875,235.3015899658203,48.240753173828128,0.11500100046396256,-1.523097097333448e-7,0.9933653473854065,7.336436169680383e-8,1,1.448336490739166e-7,-0.9933653473854065,5.622160159646228e-8,0.11500100046396256],5,1.6372621059417725],[[765.5305786132813,235.18746948242188,48.21780776977539,0.11999838054180145,-1.3059570846962743e-7,0.9927740693092346,5.6811575888104929e-8,1,1.246793317477568e-7,-0.9927740693092346,4.143974408066242e-8,0.11999838054180145],5,1.6479754447937012],[[765.398193359375,235.09434509277345,48.20193099975586,0.12363280355930329,-1.1608614869373923e-7,0.9923280477523804,4.573813328079268e-8,1,1.1128518906389218e-7,-0.9923280477523804,3.162873341011618e-8,0.12363280355930329],5,1.6589865684509278],[[765.19970703125,234.92913818359376,48.177310943603519,0.1286308467388153,-9.426337754803171e-8,0.9916925430297852,2.902870122056811e-8,1,9.128775957378821e-8,-0.9916925430297852,1.704512619937759e-8,0.1286308467388153],5,1.6702187061309815],[[765.0014038085938,234.73326110839845,48.151695251464847,0.14189653098583222,-7.251915690176247e-8,0.9898815155029297,1.200924959476879e-8,1,7.15389489869267e-8,-0.9898815155029297,1.7366054150258493e-9,0.14189653098583222],5,1.6810753345489503],[[764.869384765625,234.86795043945313,48.133121490478519,0.15121324360370637,-5.788723811406271e-8,0.9885011911392212,5.757502807846038e-10,1,5.8472544139931418e-8,-0.9885011911392212,-8.272693641231399e-9,0.15121324360370637],7,1.6923842430114747],[[764.671630859375,235.2437286376953,48.10321044921875,0.1600574105978012,-3.585321195487268e-8,0.9871076941490173,-1.6712590422685026e-8,1,3.903139145222667e-8,-0.9871076941490173,-2.2744389482909356e-8,0.1600574105978012],7,1.703639030456543],[[764.4741821289063,235.56568908691407,48.07151794433594,0.17739543318748475,-1.3504703133548901e-8,0.9841396808624268,-3.432219486398935e-8,1,1.9909068171841683e-8,-0.9841396808624268,-3.7309611400360157e-8,0.17739543318748475],7,1.7151832580566407],[[764.2772827148438,235.790771484375,48.036705017089847,0.1842920333147049,8.685603347657889e-9,0.9828715324401856,-5.2053223953407726e-8,1,9.23204290792512e-10,-0.9828715324401856,-5.133177083394003e-8,0.1842920333147049],7,1.726560354232788],[[764.0806274414063,235.938720703125,48.00013732910156,0.19287465512752534,3.104801038489313e-8,0.9812234044075012,-6.993795409471204e-8,1,-1.7894755899305893e-8,-0.9812234044075012,-6.517331030408968e-8,0.19287465512752534],8,1.7399837970733643],[[763.8843383789063,236.03382873535157,47.9619026184082,0.19459019601345063,5.30619708172253e-8,0.9808846116065979,-8.784407157236274e-8,1,-3.6669320024884658e-8,-0.9808846116065979,-7.902941234760874e-8,0.19459019601345063],8,1.7522861957550049],[[763.7535400390625,236.0772705078125,47.93603515625,0.19459040462970735,6.765420579313286e-8,0.9808846116065979,-9.977511439274167e-8,1,-4.9179000427557187e-8,-0.9808846116065979,-8.829810838051344e-8,0.19459040462970735],8,1.7625153064727784],[[763.5574340820313,236.12220764160157,47.89712905883789,0.19459037482738496,6.52387655009079e-8,0.9808846116065979,-8.69953282744973e-8,1,-4.925178131998109e-8,-0.9808846116065979,-7.574845284352705e-8,0.19459037482738496],8,1.7769906520843506],[[762.9691162109375,236.18067932128907,47.780364990234378,0.19459037482738496,2.1598641097853034e-8,0.9808846116065979,-2.7491104948040858e-9,1,-2.1474177103186777e-8,-0.9808846116065979,1.4821082139349074e-9,0.19459037482738496],8,1.808953046798706],[[762.7730102539063,236.18814086914063,47.7414436340332,0.19459037482738496,7.070569907341451e-9,0.9808846116065979,2.5296982286704407e-8,1,-1.2226839984919025e-8,-0.9808846116065979,2.7192644580509296e-8,0.19459037482738496],8,1.8251609802246094],[[762.4461669921875,236.19532775878907,47.67657470703125,0.19458943605422975,-1.7122177453643418e-8,0.9808847904205322,7.200053175893118e-8,1,3.172272444729174e-9,-0.9808847904205322,7.000694068892699e-8,0.19458943605422975],8,1.842498779296875],[[762.3807983398438,236.19625854492188,47.66360092163086,0.19116126000881196,-2.1712937225970564e-8,0.981558620929718,8.132445117325915e-8,1,6.282716125127763e-9,-0.981558620929718,7.862370665634444e-8,0.19116126000881196],8,1.8513298034667969],[[762.1845092773438,236.19842529296876,47.625240325927737,0.18601568043231965,-3.5800848507960839e-8,0.9825467467308044,1.0923498905412998e-7,1,1.5756427274027375e-8,-0.9825467467308044,1.04397550160229e-7,0.18601568043231965],8,1.8614978790283204],[[762.0535278320313,236.19944763183595,47.60025405883789,0.16882683336734773,-3.135091830586134e-8,0.9856457114219666,9.346834417556238e-8,1,1.5797716912402394e-8,-0.9856457114219666,8.945959706352369e-8,0.16882683336734773],8,1.8718059062957764],[[761.8565673828125,236.2005157470703,47.5658073425293,0.15848837792873383,-2.6482092962964999e-8,0.9873608350753784,6.983166400686969e-8,1,1.5611906434287449e-8,-0.9873608350753784,6.647474748433524e-8,0.15848837792873383],8,1.8840088844299317],[[761.5933837890625,236.20135498046876,47.52309799194336,0.15848837792873383,-2.1246540526931313e-8,0.9873608350753784,3.833965322996846e-8,1,1.5364342687007594e-8,-0.9873608350753784,3.542000470702078e-8,0.15848837792873383],8,1.9003589153289796],[[761.329345703125,236.20181274414063,47.485538482666019,0.15658293664455415,-1.6018399051631606e-8,0.9876648187637329,6.8452168378030368e-9,1,1.5133226227703746e-8,-0.9876648187637329,4.391174535101072e-9,0.15658293664455415],8,1.926191806793213],[[760.93310546875,236.20213317871095,47.43041229248047,0.15284617245197297,-8.200375489764156e-9,0.9882500171661377,-4.0357747366215338e-8,1,1.4539744519481701e-8,-0.9882500171661377,-4.210588855357855e-8,0.15284617245197297],8,1.9378228187561036],[[760.4696044921875,236.2022705078125,47.375736236572269,0.14494571089744569,8.730869915929418e-10,0.9894396066665649,-9.539546397263621e-8,1,1.3092336992315268e-8,-0.9894396066665649,-9.628573138797947e-8,0.14494571089744569],8,1.9775595664978028],[[760.2044677734375,236.20230102539063,47.34777069091797,0.13957050442695619,4.9166057891625318e-9,0.9902121424674988,-1.0908858882885397e-7,1,1.0410841966290718e-8,-0.9902121424674988,-1.0947388773274725e-7,0.13957050442695619],8,1.9849176406860352],[[759.9393310546875,236.20230102539063,47.32027053833008,0.13451780378818513,5.634475552795948e-9,0.9909111857414246,-6.958893550290668e-8,1,3.760654898599114e-9,-0.9909111857414246,-6.946233099824895e-8,0.13451780378818513],8,2.0026333332061769],[[759.6739501953125,236.19644165039063,47.293174743652347,0.12994448840618134,6.3764420410450388e-9,0.9915212988853455,-3.008169713325515e-8,1,-2.4885913330052746e-9,-0.9915212988853455,-2.9503263831998084e-8,0.12994448840618134],8,2.017350435256958],[[759.4085693359375,236.197998046875,47.266151428222659,0.12593147158622743,7.139712820958266e-9,0.9920389652252197,9.423735569669134e-9,1,-8.393277184381987e-9,-0.9920389652252197,1.0405690531456458e-8,0.12593147158622743],8,2.03395676612854],[[759.1431884765625,236.19943237304688,47.23912811279297,0.12246938049793244,7.921255651410775e-9,0.9924722909927368,4.891849769705914e-8,1,-1.4017795813003886e-8,-0.9924722909927368,5.026700478083512e-8,0.12246938049793244],8,2.049804210662842],[[758.8778076171875,236.2001190185547,47.21210479736328,0.119492307305336,8.71832916971016e-9,0.9928351044654846,8.839564458185123e-8,1,-1.942007088473474e-8,-0.9928351044654846,9.008284962419566e-8,0.119492307305336],8,2.0687568187713625],[[758.6124267578125,236.20045471191407,47.18547821044922,0.11677435785531998,7.140080526824022e-9,0.9931584596633911,9.33621748799851e-8,1,-1.8166677051567605e-8,-0.9931584596633911,9.484483598498628e-8,0.11677435785531998],8,2.0869274139404299],[[758.2807006835938,236.1950225830078,47.153812408447269,0.11314886063337326,2.1765540481055724e-9,0.9935780763626099,5.645224376849001e-8,1,-8.619414515464996e-9,-0.9935780763626099,5.706498740210009e-8,0.11314886063337326],8,2.113636016845703],[[758.0150756835938,236.19671630859376,47.130226135253909,0.10986880958080292,-1.8042609628565743e-9,0.9939460754394531,2.692271650062139e-8,1,-1.160732843175083e-9,-0.9939460754394531,2.6887256865393284e-8,0.10986880958080292],8,2.1242237091064455],[[757.4834594726563,236.1988525390625,47.08616256713867,0.10261184722185135,-9.797389566301718e-9,0.9947214722633362,-3.2158244067659328e-8,1,1.3166707724110438e-8,-0.9947214722633362,-3.333955689299728e-8,0.10261184722185135],8,2.157015085220337],[[757.3505249023438,236.19911193847657,47.0764045715332,0.10059496760368347,-1.180269038059123e-8,0.9949274659156799,-4.693633925967333e-8,1,1.660849768825301e-8,-0.9949274659156799,-4.836898526150435e-8,0.10059496760368347],8,2.1645939350128176],[[757.2174682617188,236.19931030273438,47.06700897216797,0.09854986518621445,-1.3811116694739667e-8,0.9951320886611939,-6.171750044359215e-8,1,1.9990681110471088e-8,-0.9951320886611939,-6.338714797493594e-8,0.09854986518621445],8,2.1721224784851076],[[757.0844116210938,236.19944763183595,47.05766677856445,0.09658462554216385,-1.5822589460867677e-8,0.9953247904777527,-7.649943256637926e-8,1,2.3320286146599757e-8,-0.9953247904777527,-7.839415872012978e-8,0.09658462554216385],8,2.180982828140259],[[756.9513549804688,236.1995391845703,47.048500061035159,0.09467103332281113,-1.783695147139497e-8,0.99550861120224,-9.128213207532099e-8,1,2.659818854056084e-8,-0.99550861120224,-9.339022710719292e-8,0.09467103332281113],8,2.1887526512145998],[[756.8182983398438,236.19961547851563,47.03938674926758,0.09284529089927674,-1.9854063282309654e-8,0.995680570602417,-1.0606405709268074e-7,1,2.983046343274509e-8,-0.995680570602417,-1.0837553787723664e-7,0.09284529089927674],8,2.199397087097168],[[756.6852416992188,236.19967651367188,47.03045654296875,0.0910678580403328,-1.8916455957196378e-8,0.9958446621894836,-1.0398709804348982e-7,1,2.850478431071224e-8,-0.9958446621894836,-1.0615087120413591e-7,0.0910678580403328],8,2.2095611095428469],[[756.4856567382813,236.19972229003907,47.017425537109378,0.08843197673559189,-1.3070776461177047e-8,0.9960822463035584,-7.557586911843828e-8,1,1.983179664932777e-8,-0.9960822463035584,-7.703354754085012e-8,0.08843197673559189],8,2.220770835876465],[[756.2860717773438,236.19976806640626,47.00474548339844,0.08586136996746063,-7.218913466999766e-9,0.9963070750236511,-4.715309742664431e-8,1,1.130930726844781e-8,-0.9963070750236511,-4.794999597379501e-8,0.08586136996746063],8,2.232985734939575],[[756.0864868164063,236.19976806640626,46.992698669433597,0.08326203376054764,-1.361035728564275e-9,0.9965276718139648,-1.8720985650588774e-8,1,2.9299569437313268e-9,-0.9965276718139648,-1.8899934062233116e-8,0.08326203376054764],8,2.2449471950531008],[[755.8869018554688,236.19976806640626,46.98078155517578,0.0808032974600792,4.5026662398583998e-9,0.9967300891876221,9.720065641261045e-9,1,-5.305428096846754e-9,-0.9967300891876221,1.0116978366170315e-8,0.0808032974600792],8,2.256373882293701],[[755.7537841796875,236.19976806640626,46.973182678222659,0.07917337864637375,8.414793306599222e-9,0.9968608617782593,2.8684903341513747e-8,1,-1.0719523935165398e-8,-0.9968608617782593,2.9443558702269e-8,0.07917337864637375],8,2.2678511142730715],[[755.5540161132813,236.19976806640626,46.96223068237305,0.07670321315526962,1.4287500071930026e-8,0.9970539808273315,5.7138414888413538e-8,1,-1.8725366146554735e-8,-0.9970539808273315,5.8406378400377437e-8,0.07670321315526962],8,2.28021240234375],[[755.354248046875,236.19976806640626,46.951927185058597,0.0741603896021843,2.0165739300637143e-8,0.9972463250160217,8.560061104390116e-8,1,-2.6587125390165057e-8,-0.9972463250160217,8.733660905591023e-8,0.0741603896021843],8,2.2929108142852785],[[755.087890625,236.19976806640626,46.938358306884769,0.07095877826213837,2.0519724586165468e-8,0.997479259967804,9.024370228871703e-8,1,-2.699134604711162e-8,-0.997479259967804,9.193148997610479e-8,0.07095877826213837],8,2.305912733078003],[[754.8881225585938,236.19976806640626,46.92875671386719,0.06860140711069107,1.516516334731932e-8,0.9976441264152527,6.873681002161902e-8,1,-1.992755116475564e-8,-0.9976441264152527,6.99419331340323e-8,0.06860140711069107],8,2.317741870880127],[[754.6883544921875,236.19976806640626,46.91927719116211,0.042979560792446139,1.153656814