[[[776,222.69961547851563,47,1,0,0,0,1,0,0,0,1],8,0.0029909610748291017],[[776,222.69961547851563,47,1,0,0,0,1,0,0,0,1],8,0.01890277862548828],[[776,222.69961547851563,47,1,0,0,0,1,0,0,0,1],8,0.0358891487121582],[[776,222.69961547851563,47,1,0,0,0,1,0,0,0,1],8,0.05241131782531738],[[776,222.69961547851563,47,1,0,0,0,1,0,0,0,1],8,0.06966137886047363],[[776,222.69961547851563,47,1,0,0,0,1,0,0,0,1],8,0.08795285224914551],[[775.8385009765625,222.69961547851563,46.99201583862305,0.9902095794677734,0,0.13958866894245149,0,1,0,-0.13958866894245149,0,0.9902095794677734],8,0.10671138763427735],[[775.57568359375,222.69961547851563,46.97901916503906,0.9483974575996399,0,0.3170839250087738,0,1,0,-0.3170839250087738,0,0.9483974575996399],8,0.12528514862060548],[[775.3093872070313,222.69961547851563,46.96585464477539,0.8824467062950134,0,0.47041237354278567,0,1,0,-0.47041237354278567,0,0.8824467062950134],8,0.1359548568725586],[[775.0430297851563,222.69961547851563,46.95268630981445,0.8050859570503235,0,0.5931581854820252,0,1,0,-0.5931581854820252,0,0.8050859570503235],8,0.15307307243347169],[[774.7766723632813,222.69961547851563,46.939517974853519,0.7248473167419434,0,0.6889095902442932,0,1,0,-0.6889095902442932,0,0.7248473167419434],8,0.1702277660369873],[[774.5103149414063,222.69961547851563,46.92634963989258,-0.9954660534858704,0,-0.09511756896972656,0,1,0,0.09511756896972656,0,-0.9954660534858704],8,0.18848705291748048],[[774.2439575195313,222.69961547851563,46.91318130493164,-0.999957263469696,0,0.009247148409485817,0,1,0,-0.009247148409485817,0,-0.999957263469696],8,0.20986700057983399],[[773.9776000976563,222.69961547851563,46.9000129699707,-0.9989129900932312,0,0.046613916754722598,0,1,0,-0.046613916754722598,0,-0.9989129900932312],8,0.21897625923156739],[[773.7112426757813,222.69961547851563,46.886844635009769,-0.9987955093383789,0,0.0490666925907135,0,1,0,-0.0490666925907135,0,-0.9987955093383789],8,0.23658347129821778],[[773.4448852539063,222.69961547851563,46.87367630004883,-0.9987815618515015,0,0.04935014247894287,0,1,0,-0.04935014247894287,0,-0.9987815618515015],8,0.25273680686950686],[[773.1785278320313,222.69961547851563,46.86050796508789,-0.998691976070404,0,0.05113054811954498,0,1,0,-0.05113054811954498,0,-0.998691976070404],8,0.2719259262084961],[[772.9121704101563,222.69961547851563,46.84694290161133,-0.9986007809638977,0,0.052881959825754169,0,1,0,-0.052881959825754169,0,-0.9986007809638977],8,0.2925601005554199],[[772.6458129882813,222.69961547851563,46.832908630371097,-0.9985069036483765,0,0.05462532117962837,0,1,0,-0.05462532117962837,0,-0.9985069036483765],8,0.3033926486968994],[[772.3794555664063,222.69961547851563,46.81841278076172,-0.9983099102973938,0,0.05811473727226257,0,1,0,-0.05811473727226257,0,-0.9983099102973938],8,0.3202683925628662],[[772.11328125,222.69961547851563,46.80305480957031,-0.9982068538665772,0,0.05985858663916588,0,1,0,-0.05985858663916588,0,-0.9982068538665772],8,0.3374898433685303],[[771.84716796875,222.69961547851563,46.787166595458987,-0.9982066750526428,0,0.0598621591925621,0,1,0,-0.0598621591925621,0,-0.9982066750526428],8,0.3553171157836914],[[771.5810546875,222.69961547851563,46.77120590209961,-0.9982064366340637,0,0.05986620485782623,0,1,0,-0.05986620485782623,0,-0.9982064366340637],8,0.3761751651763916],[[771.31494140625,222.69961547851563,46.755245208740237,-0.9982066750526428,0,0.0598614402115345,0,1,0,-0.0598614402115345,0,-0.9982066750526428],8,0.3872568607330322],[[771.048828125,222.69961547851563,46.73928451538086,-0.998206377029419,0,0.05986691638827324,0,1,0,-0.05986691638827324,0,-0.998206377029419],8,0.4032766819000244],[[770.78271484375,222.69961547851563,46.723323822021487,-0.9982060194015503,0,0.05987262725830078,0,1,0,-0.05987262725830078,0,-0.9982060194015503],8,0.42089033126831057],[[770.4500732421875,223.7697296142578,46.703372955322269,-0.998206615447998,0,0.05986287072300911,0,1,0,-0.05986287072300911,0,-0.998206615447998],3,0.43953657150268557],[[770.25048828125,224.37091064453126,46.691402435302737,-0.992508053779602,0,0.12217898666858673,0,1,0,-0.12217898666858673,0,-0.992508053779602],5,0.45895957946777346],[[769.984375,225.1248016357422,46.67544174194336,-0.9829380512237549,0,0.18393675982952119,0,1,0,-0.18393675982952119,0,-0.9829380512237549],5,0.47053027153015139],[[769.71826171875,225.82420349121095,46.659481048583987,-0.9815831780433655,0,0.19103510677814485,0,1,0,-0.19103510677814485,0,-0.9815831780433655],5,0.4864344596862793],[[769.4521484375,226.46910095214845,46.64352035522461,-0.9814233183860779,0,0.191854789853096,0,1,0,-0.191854789853096,0,-0.9814233183860779],5,0.5036358833312988],[[769.18603515625,227.0594940185547,46.627559661865237,-0.9814048409461975,0,0.1919492930173874,0,1,0,-0.1919492930173874,0,-0.9814048409461975],5,0.520378828048706],[[768.919921875,227.5953826904297,46.61159896850586,-0.9814026951789856,0,0.19196026027202607,0,1,0,-0.19196026027202607,0,-0.9814026951789856],5,0.536794900894165],[[768.65380859375,228.0767822265625,46.595638275146487,-0.9814024567604065,0,0.19196149706840516,0,1,0,-0.19196149706840516,0,-0.9814024567604065],5,0.5529675483703613],[[768.3876953125,228.50367736816407,46.57967758178711,-0.9814040064811707,0,0.19195353984832765,0,1,0,-0.19195353984832765,0,-0.9814040064811707],5,0.5693035125732422],[[768.12158203125,228.87606811523438,46.563716888427737,-0.9827209711074829,0,0.18509313464164735,0,1,0,-0.18509313464164735,0,-0.9827209711074829],5,0.5865309238433838],[[767.855224609375,229.1939697265625,46.549339294433597,-0.9833600521087647,0,0.1816672682762146,0,1,0,-0.1816672682762146,0,-0.9833600521087647],5,0.6031320095062256],[[767.5888671875,229.45736694335938,46.5360221862793,-0.9846048355102539,0,0.17479509115219117,0,1,0,-0.17479509115219117,0,-0.9846048355102539],5,0.6199181079864502],[[767.322509765625,229.666259765625,46.52443313598633,-0.9858018755912781,0,0.16791276633739472,0,1,0,-0.16791276633739472,0,-0.9858018755912781],5,0.6362659931182861],[[767.0559692382813,229.82064819335938,46.51470184326172,-0.9866691827774048,0,0.16273880004882813,0,1,0,-0.16273880004882813,0,-0.9866691827774048],5,0.6539816856384277],[[766.7893676757813,229.92054748535157,46.50643539428711,-0.9875094294548035,0,0.15755987167358399,0,1,0,-0.15755987167358399,0,-0.9875094294548035],5,0.6697938442230225],[[766.5227661132813,229.9659423828125,46.49957275390625,-0.9877824187278748,0,0.15583927929401399,0,1,0,-0.15583927929401399,0,-0.9877824187278748],5,0.6878466606140137],[[766.2561645507813,229.9568328857422,46.49331283569336,-0.9877835512161255,0,0.155831977725029,0,1,0,-0.155831977725029,0,-0.9877835512161255],5,0.7032637596130371],[[765.9895629882813,229.8932342529297,46.487117767333987,-0.9880546927452087,0,0.1541036069393158,0,1,0,-0.1541036069393158,0,-0.9880546927452087],5,0.7215142250061035],[[765.7229614257813,229.77513122558595,46.481327056884769,-0.9883201122283936,0,0.1523921936750412,0,1,0,-0.1523921936750412,0,-0.9883201122283936],5,0.7435507774353027],[[765.4563598632813,229.60252380371095,46.47600173950195,-0.9885860681533814,0,0.15065722167491914,0,1,0,-0.15065722167491914,0,-0.9885860681533814],5,0.7535533905029297],[[765.1897583007813,229.37542724609376,46.47113800048828,-0.9891055226325989,0,0.1472080498933792,0,1,0,-0.1472080498933792,0,-0.9891055226325989],5,0.7714149951934815],[[764.9231567382813,229.0938262939453,46.467140197753909,-0.9891062378883362,0,0.14720334112644196,0,1,0,-0.14720334112644196,0,-0.9891062378883362],5,0.7868313789367676],[[764.6565551757813,228.75772094726563,46.46327590942383,-0.9891062378883362,0,0.14720332622528077,0,1,0,-0.14720332622528077,0,-0.9891062378883362],5,0.8024852275848389],[[764.3899536132813,228.3671112060547,46.459415435791019,-0.9891055822372437,0,0.14720802009105683,0,1,0,-0.14720802009105683,0,-0.9891055822372437],5,0.8199889659881592],[[764.1233520507813,227.92201232910157,46.4555549621582,-0.9888468384742737,0,0.14893586933612824,0,1,0,-0.14893586933612824,0,-0.9888468384742737],5,0.8361327648162842],[[763.8567504882813,227.4224090576172,46.451297760009769,-0.9888468384742737,0,0.14893612265586854,0,1,0,-0.14893612265586854,0,-0.9888468384742737],5,0.8529026508331299],[[763.5901489257813,226.86830139160157,46.44697189331055,-0.9888468384742737,0,0.14893586933612824,0,1,0,-0.14893586933612824,0,-0.9888468384742737],5,0.8693690299987793],[[763.3235473632813,226.2596893310547,46.4426383972168,-0.9888468384742737,0,0.14893612265586854,0,1,0,-0.14893612265586854,0,-0.9888468384742737],5,0.885561466217041],[[763.0569458007813,225.59658813476563,46.43830490112305,-0.9888468384742737,0,0.14893586933612824,0,1,0,-0.14893586933612824,0,-0.9888468384742737],5,0.9027440547943115],[[762.7903442382813,224.8789825439453,46.4339714050293,-0.9888468384742737,0,0.14893612265586854,0,1,0,-0.14893612265586854,0,-0.9888468384742737],5,0.9196794033050537],[[762.5237426757813,224.10687255859376,46.42963790893555,-0.9888468384742737,0,0.14893586933612824,0,1,0,-0.14893586933612824,0,-0.9888468384742737],5,0.9358043670654297],[[762.2571411132813,223.2802734375,46.4253044128418,-0.9888468384742737,0,0.14893612265586854,0,1,0,-0.14893612265586854,0,-0.9888468384742737],5,0.9540903568267822],[[761.9905395507813,222.51583862304688,46.42097091674805,-0.9986841082572937,0,0.05128426104784012,0,1,0,-0.05128426104784012,0,-0.9986841082572937],7,0.9705088138580322],[[761.7239379882813,222.51690673828126,46.4166374206543,-0.9997938275337219,0,0.020304221659898759,0,1,0,-0.020304221659898759,0,-0.9997938275337219],7,0.9879179000854492],[[761.4573364257813,222.6431121826172,46.41191482543945,-0.9998337030410767,0,0.018235858529806138,0,1,0,-0.018235858529806138,0,-0.9998337030410767],8,1.0042362213134766],[[761.1907348632813,222.731689453125,46.40712356567383,-0.9998380541801453,0,0.017997000366449357,0,1,0,-0.017997000366449357,0,-0.9998380541801453],8,1.0190279483795167],[[760.9241333007813,222.78305053710938,46.4023323059082,-0.9998385310173035,0,0.017969384789466859,0,1,0,-0.017969384789466859,0,-0.9998385310173035],8,1.0349318981170655],[[760.6575317382813,222.8115234375,46.39754104614258,-0.9998385906219482,0,0.01796765625476837,0,1,0,-0.01796765625476837,0,-0.9998385906219482],8,1.052079439163208],[[760.3909301757813,222.82708740234376,46.39274978637695,-0.9998385310173035,0,0.017971279099583627,0,1,0,-0.017971279099583627,0,-0.9998385310173035],8,1.0716431140899659],[[760.1243286132813,222.8355712890625,46.38795852661133,-0.9998952746391296,0,0.014472239650785923,0,1,0,-0.014472239650785923,0,-0.9998952746391296],8,1.086620807647705],[[759.8577270507813,222.8402099609375,46.38396072387695,-0.9999719262123108,0,0.0074929711408913139,0,1,0,-0.0074929711408913139,0,-0.9999719262123108],8,1.1048715114593506],[[759.5244750976563,222.84315490722657,46.381187438964847,-0.9999955296516419,0,-0.0029900441877543928,0,1,0,0.0029900441877543928,0,-0.9999955296516419],8,1.1227397918701172],[[759.3245239257813,222.8441162109375,46.381385803222659,-0.9999790191650391,0,-0.00647711381316185,0,1,0,0.00647711381316185,0,-0.9999790191650391],8,1.1368355751037598],[[759.0579223632813,222.84486389160157,46.382957458496097,-0.9999092221260071,0,-0.013473620638251305,0,1,0,0.013473620638251305,0,-0.9999092221260071],8,1.1539568901062012],[[758.7913208007813,222.8452606201172,46.38627243041992,-0.9996233582496643,0,-0.027443580329418184,0,1,0,0.027443580329418184,0,-0.9996233582496643],8,1.1701385974884034],[[758.5247192382813,222.84548950195313,46.39303970336914,-0.9994655251502991,0,-0.03269093856215477,0,1,0,0.03269093856215477,0,-0.9994655251502991],8,1.1865336894989014],[[758.2581176757813,222.8455047607422,46.40034866333008,-0.9992805123329163,0,-0.037926916033029559,0,1,0,0.037926916033029559,0,-0.9992805123329163],8,1.2029104232788087],[[757.9248657226563,222.8455047607422,46.40950393676758,-0.9992805123329163,0,-0.037926916033029559,0,1,0,0.037926916033029559,0,-0.9992805123329163],8,1.2222790718078614],[[757.6582641601563,223.70840454101563,46.41682815551758,-0.9992805123329163,0,-0.037926916033029559,0,1,0,0.037926916033029559,0,-0.9992805123329163],3,1.2479851245880128],[[757.4584350585938,224.31980895996095,46.424583435058597,-0.9996961951255798,0,0.02464854158461094,0,1,0,-0.02464854158461094,0,-0.9996961951255798],5,1.2607145309448243],[[757.1920776367188,225.0873260498047,46.435997009277347,-0.9888092875480652,0,0.14918528497219087,0,1,0,-0.14918528497219087,0,-0.9888092875480652],5,1.2748680114746094],[[756.9257202148438,225.80035400390626,46.44869613647461,-0.9604828357696533,0,0.27833911776542666,0,1,0,-0.27833911776542666,0,-0.9604828357696533],5,1.2861294746398926],[[756.6593627929688,226.45887756347657,46.46318054199219,-0.9150274991989136,0,0.40339145064353945,0,1,0,-0.40339145064353945,0,-0.9150274991989136],5,1.3040978908538819],[[756.3931884765625,227.06289672851563,46.47834396362305,-0.8533218502998352,0,0.5213844776153565,0,1,0,-0.5213844776153565,0,-0.8533218502998352],5,1.3202548027038575],[[756.1270751953125,227.61241149902345,46.49436569213867,-0.7786976099014282,0,0.6273993849754334,0,1,0,-0.6273993849754334,0,-0.7786976099014282],5,1.3367443084716797],[[755.8609619140625,228.10743713378907,46.510921478271487,-0.7006797790527344,0,0.7134758830070496,0,1,0,-0.7134758830070496,0,-0.7006797790527344],5,1.3555254936218262],[[755.5948486328125,228.54795837402345,46.52873611450195,-0.6258715391159058,0,0.7799261808395386,0,1,0,-0.7799261808395386,0,-0.6258715391159058],5,1.3701415061950684],[[755.3289184570313,228.93397521972657,46.54794692993164,-0.5570627450942993,0,0.8304704427719116,0,1,0,-0.8304704427719116,0,-0.5570627450942993],5,1.3861279487609864],[[755.0630493164063,229.26548767089845,46.56855010986328,-0.4953199326992035,0,0.8687106370925903,0,1,0,-0.8687106370925903,0,-0.4953199326992035],5,1.4032790660858155],[[754.79736328125,229.54251098632813,46.590938568115237,-0.4409944713115692,0,0.8975098133087158,0,1,0,-0.8975098133087158,0,-0.4409944713115692],5,1.420396327972412],[[754.53173828125,229.76502990722657,46.61518859863281,-0.39388731122016909,0,0.9191587567329407,0,1,0,-0.9191587567329407,0,-0.39388731122016909],5,1.436861276626587],[[754.2000122070313,229.96653747558595,46.6468620300293,-0.34340184926986697,0,0.9391885995864868,0,1,0,-0.9391885995864868,0,-0.34340184926986697],5,1.45753812789917],[[754.0009765625,230.04656982421876,46.6665153503418,-0.3174911141395569,0,0.9482612609863281,0,1,0,-0.9482612609863281,0,-0.3174911141395569],5,1.4808070659637452],[[753.735595703125,230.1055908203125,46.69327926635742,-0.2876316010951996,0,0.9577411413192749,0,1,0,-0.9577411413192749,0,-0.2876316010951996],5,1.4869627952575684],[[753.470458984375,230.110107421875,46.72091293334961,-0.26204636693000796,0,0.9650552868843079,0,1,0,-0.9650552868843079,0,-0.26204636693000796],5,1.5039362907409669],[[753.205322265625,230.0601348876953,46.748680114746097,-0.2400570660829544,0,0.9707587957382202,0,1,0,-0.9707587957382202,0,-0.2400570660829544],5,1.5199391841888428],[[752.940185546875,229.95565795898438,46.77723693847656,-0.22140663862228394,0,0.9751815795898438,0,1,0,-0.9751815795898438,0,-0.22140663862228394],5,1.5359373092651368],[[752.675048828125,229.7966766357422,46.80592346191406,-0.20546598732471467,0,0.9786642789840698,0,1,0,-0.9786642789840698,0,-0.20546598732471467],5,1.5530638694763184],[[752.409912109375,229.5832061767578,46.83460998535156,-0.19175423681735993,0,0.9814429879188538,0,1,0,-0.9814429879188538,0,-0.19175423681735993],5,1.5708131790161133],[[752.144775390625,229.3152313232422,46.86409378051758,-0.18026721477508546,0,0.9836176633834839,0,1,0,-0.9836176633834839,0,-0.18026721477508546],5,1.586564540863037],[[751.8798828125,228.9927520751953,46.894893646240237,-0.17099836468696595,0,0.9852713346481323,0,1,0,-0.9852713346481323,0,-0.17099836468696595],5,1.604909896850586],[[751.6151733398438,228.6157684326172,46.92668914794922,-0.1635778844356537,0,0.9865304231643677,0,1,0,-0.9865304231643677,0,-0.1635778844356537],5,1.6275482177734376],[[751.3505249023438,228.1842803955078,46.95901870727539,-0.15753616392612458,0,0.9875132441520691,0,1,0,-0.9875132441520691,0,-0.15753616392612458],5,1.6357779502868653],[[751.0858764648438,227.69830322265626,46.99141311645508,-0.15244264900684358,0,0.988312304019928,0,1,0,-0.988312304019928,0,-0.15244264900684358],5,1.6523241996765137],[[750.8212280273438,227.15782165527345,47.024600982666019,-0.1483987420797348,0,0.9889276027679443,0,1,0,-0.9889276027679443,0,-0.1483987420797348],5,1.6688501834869385],[[750.5565795898438,226.56283569335938,47.05792236328125,-0.14506752789020539,0,0.9894217848777771,0,1,0,-0.9894217848777771,0,-0.14506752789020539],5,1.6867222785949708],[[750.2921752929688,225.91336059570313,47.092430114746097,-0.1427062749862671,0,0.9897651076316834,0,1,0,-0.9897651076316834,0,-0.1427062749862671],5,1.7029469013214112],[[750.0278930664063,225.20938110351563,47.12792205810547,-0.14121229946613313,0,0.9899793267250061,0,1,0,-0.9899793267250061,0,-0.14121229946613313],5,1.7185399532318116],[[749.7637329101563,224.45089721679688,47.163551330566409,-0.1401061713695526,0,0.9901365041732788,0,1,0,-0.9901365041732788,0,-0.1401061713695526],5,1.737443447113037],[[749.4995727539063,223.63792419433595,47.199180603027347,-0.13918516039848329,0,0.9902663826942444,0,1,0,-0.9902663826942444,0,-0.13918516039848329],5,1.7531607151031495],[[749.2354125976563,223.515380859375,47.23480987548828,-0.13839879631996156,0,0.9903765916824341,0,1,0,-0.9903765916824341,0,-0.13839879631996156],7,1.769141435623169],[[748.9710083007813,223.51296997070313,47.269256591796878,-0.13724595308303834,0,0.9905369877815247,0,1,0,-0.9905369877815247,0,-0.13724595308303834],7,1.7862904071807862],[[748.70556640625,223.41241455078126,47.2944221496582,-0.13237808644771577,0,0.9911993145942688,0,1,0,-0.9911993145942688,0,-0.13237808644771577],8,1.8037374019622803],[[748.4392700195313,223.24998474121095,47.307743072509769,-0.12237899750471115,0,0.9924834370613098,0,1,0,-0.9924834370613098,0,-0.12237899750471115],8,1.8204543590545655],[[748.1726684570313,223.03305053710938,47.305389404296878,-0.10606317222118378,0,0.9943593740463257,0,1,0,-0.9943593740463257,0,-0.10606317222118378],8,1.8364882469177247],[[747.9070434570313,222.7974853515625,47.28319549560547,-0.08213337510824204,0,0.9966213703155518,0,1,0,-0.9966213703155518,0,-0.08213337510824204],8,1.8532960414886475],[[747.6443481445313,222.78440856933595,47.23794937133789,-0.04974180459976196,0,0.9987621307373047,0,1,0,-0.9987621307373047,0,-0.04974180459976196],8,1.869445562362671],[[747.3867797851563,222.8068084716797,47.16914367675781,-0.009272969327867031,0,0.9999570250511169,0,1,0,-0.9999570250511169,0,-0.009272969327867031],8,1.8862318992614747],[[747.1362915039063,222.82366943359376,47.07801055908203,0.037953831255435947,0,0.9992794990539551,0,1,0,-0.9992794990539551,0,0.037953831255435947],8,1.9031131267547608],[[746.8928833007813,222.83358764648438,46.969329833984378,-0.9046167731285095,0,0.42622584104537966,0,1,0,-0.42622584104537966,0,-0.9046167731285095],8,1.9218873977661133],[[746.6552124023438,222.83909606933595,46.84852600097656,-0.8967320322990418,0,0.4425739645957947,0,1,0,-0.4425739645957947,0,-0.8967320322990418],8,1.9461722373962403],[[746.3591918945313,222.84263610839845,46.69541931152344,-0.8701886534690857,0,0.4927186369895935,0,1,0,-0.4927186369895935,0,-0.8701886534690857],8,1.9582760334014893],[[746.1846923828125,222.84378051757813,46.59781265258789,-0.8621221780776978,0,0.5067004561424255,0,1,0,-0.5067004561424255,0,-0.8621221780776978],8,1.9711213111877442],[[745.9544677734375,222.8446807861328,46.46321105957031,-0.8410195708274841,0,0.5410047173500061,0,1,0,-0.5410047173500061,0,-0.8410195708274841],8,1.9863672256469727],[[745.7293701171875,222.84515380859376,46.32029342651367,-0.8333613872528076,0,0.552728533744812,0,1,0,-0.552728533744812,0,-0.8333613872528076],8,2.003715753555298],[[745.5068359375,222.84542846679688,46.17338562011719,-0.830455482006073,0,0.5570850372314453,0,1,0,-0.5570850372314453,0,-0.830455482006073],8,2.019935369491577],[[745.2299194335938,222.84561157226563,45.98786926269531,-0.8285039663314819,0,0.5599831938743591,0,1,0,-0.5599831938743591,0,-0.8285039663314819],8,2.039363145828247],[[745.0641479492188,222.8456573486328,45.87598419189453,-0.8245691061019898,0,0.5657612681388855,0,1,0,-0.5657612681388855,0,-0.8245691061019898],8,2.053830623626709],[[744.8441162109375,222.845703125,45.725345611572269,-0.8225905299186707,0,0.5686341524124146,0,1,0,-0.5686341524124146,0,-0.8225905299186707],8,2.0696020126342775],[[744.6246337890625,222.845703125,45.57382583618164,-0.8225905299186707,0,0.5686341524124146,0,1,0,-0.5686341524124146,0,-0.8225905299186707],8,2.086972951889038],[[744.4053344726563,222.845703125,45.42219161987305,-0.8225905299186707,0,0.5686341524124146,0,1,0,-0.5686341524124146,0,-0.8225905299186707],8,2.10937762260437],[[744.1860961914063,222.845703125,45.27054977416992,-0.8225905299186707,0,0.5686341524124146,0,1,0,-0.5686341524124146,0,-0.8225905299186707],8,2.124150276184082],[[743.9668579101563,222.845703125,45.1189079284668,-0.8225905299186707,0,0.5686341524124146,0,1,0,-0.5686341524124146,0,-0.8225905299186707],8,2.1361136436462404],[[743.7476196289063,222.845703125,44.96726608276367,-0.8195993900299072,0,0.5729370713233948,0,1,0,-0.5729370713233948,0,-0.8195993900299072],8,2.1538326740264894],[[743.5289916992188,222.845703125,44.81465148925781,-0.8155784606933594,0,0.5786465406417847,0,1,0,-0.5786465406417847,0,-0.8155784606933594],8,2.176008701324463],[[743.3114013671875,222.845703125,44.66057205200195,-0.8145604133605957,0,0.5800787210464478,0,1,0,-0.5800787210464478,0,-0.8145604133605957],8,2.1857378482818605],[[743.0941162109375,222.845703125,44.50594711303711,-0.8145604133605957,0,0.5800787210464478,0,1,0,-0.5800787210464478,0,-0.8145604133605957],8,2.20320987701416],[[742.8768310546875,222.845703125,44.351261138916019,-0.8145604133605957,0,0.5800787210464478,0,1,0,-0.5800787210464478,0,-0.8145604133605957],8,2.219529151916504],[[742.6595458984375,222.845703125,44.19656753540039,-0.8145604133605957,0,0.5800787210464478,0,1,0,-0.5800787210464478,0,-0.8145604133605957],8,2.2358574867248537],[[742.4422607421875,222.845703125,44.041873931884769,-0.8145604133605957,0,0.5800787210464478,0,1,0,-0.5800787210464478,0,-0.8145604133605957],8,2.25272798538208],[[742.2249755859375,222.845703125,43.88718032836914,-0.8155781626701355,0,0.5786468982696533,0,1,0,-0.5786468982696533,0,-0.8155781626701355],8,2.2701048851013185],[[742.0075073242188,222.845703125,43.732818603515628,-0.8205978870391846,0,0.5715059638023377,0,1,0,-0.5715059638023377,0,-0.8205978870391846],8,2.286592721939087],[[741.7888793945313,222.845703125,43.58013916015625,-0.8265405893325806,0,0.5628771185874939,0,1,0,-0.5628771185874939,0,-0.8265405893325806],8,2.3028907775878908],[[741.5687255859375,222.845703125,43.429691314697269,-0.828503429889679,0,0.5599839687347412,0,1,0,-0.5599839687347412,0,-0.828503429889679],8,2.319035530090332],[[741.3478393554688,222.845703125,43.28023910522461,-0.828503429889679,0,0.5599839687347412,0,1,0,-0.5599839687347412,0,-0.828503429889679],8,2.336233377456665],[[741.1268920898438,222.845703125,43.13090515136719,-0.813549280166626,0,0.5814959406852722,0,1,0,-0.5814959406852722,0,-0.813549280166626],8,2.3538458347320558],[[740.9093627929688,222.845703125,42.976680755615237,-0.7742980122566223,0,0.6328211426734924,0,1,0,-0.6328211426734924,0,-0.7742980122566223],8,2.3702828884124758],[[740.649658203125,222.845703125,42.767791748046878,-0.6831703186035156,0,0.7302590608596802,0,1,0,-0.7302590608596802,0,-0.6831703186035156],8,2.3898448944091799],[[740.5086669921875,222.845703125,42.62630844116211,-0.6253293752670288,0,0.7803609371185303,0,1,0,-0.7803609371185303,0,-0.6253293752670288],8,2.4041624069213869],[[740.3388671875,222.845703125,42.4208869934082,-0.5849853157997131,0,0.8110438585281372,0,1,0,-0.8110438585281372,0,-0.5849853157997131],8,2.4202725887298586],[[740.1295166015625,223.9158172607422,42.16162109375,-0.572370707988739,0,0.8199949860572815,0,1,0,-0.8199949860572815,0,-0.572370707988739],3,2.4400064945220949],[[740.0123901367188,224.51699829101563,41.999629974365237,-0.524578332901001,0,0.8513622283935547,0,1,0,-0.8513622283935547,0,-0.524578332901001],5,2.464273691177368],[[739.8417358398438,225.4508514404297,41.757694244384769,-0.5826001167297363,0,0.8127589225769043,0,1,0,-0.8127589225769043,0,-0.5826001167297363],5,2.477205753326416],[[739.7565307617188,225.9702911376953,41.636878967285159,-0.6240953803062439,0,0.7813481688499451,0,1,0,-0.7813481688499451,0,-0.6240953803062439],5,2.49768328666687],[[739.6629638671875,226.6151885986328,41.50419998168945,-0.6601114869117737,0,0.7511676549911499,0,1,0,-0.7511676549911499,0,-0.6601114869117737],5,2.5022943019866945],[[739.59228515625,227.20558166503907,41.40398025512695,-0.6975783109664917,0,0.7165085673332214,0,1,0,-0.7165085673332214,0,-0.6975783109664917],5,2.519087076187134],[[739.5444946289063,227.74147033691407,41.33622360229492,-0.7306151986122131,0,0.6827894449234009,0,1,0,-0.6827894449234009,0,-0.7306151986122131],5,2.537154197692871],[[739.5195922851563,228.22286987304688,41.30093002319336,-0.7412607669830322,0,0.671217143535614,0,1,0,-0.671217143535614,0,-0.7412607669830322],5,2.554814577102661],[[739.5213012695313,228.64976501464845,41.294857025146487,-0.8071033358573914,0,0.5904101729393005,0,1,0,-0.5904101729393005,0,-0.8071033358573914],5,2.5781025886535646],[[739.5520629882813,229.02215576171876,41.315826416015628,-0.8261176943778992,0,0.5634976029396057,0,1,0,-0.5634976029396057,0,-0.8261176943778992],5,2.593637466430664],[[739.612060546875,229.34005737304688,41.36377716064453,-0.8185779452323914,0,0.574395477771759,0,1,0,-0.574395477771759,0,-0.8185779452323914],5,2.6031787395477297],[[739.7007446289063,229.60345458984376,41.43923568725586,-0.8107576370239258,0,0.5853819847106934,0,1,0,-0.5853819847106934,0,-0.8107576370239258],5,2.6197521686553957],[[739.8172607421875,229.81234741210938,41.542964935302737,-0.8035720586776733,0,0.5952074527740479,0,1,0,-0.5952074527740479,0,-0.8035720586776733],5,2.636655330657959],[[739.9608154296875,229.96673583984376,41.675838470458987,-0.7983500361442566,0,0.6021936535835266,0,1,0,-0.6021936535835266,0,-0.7983500361442566],5,2.653132677078247],[[740.1302490234375,230.06663513183595,41.838863372802737,-0.7983505725860596,0,0.6021929979324341,0,1,0,-0.6021929979324341,0,-0.7983505725860596],5,2.668714761734009],[[740.3181762695313,230.11203002929688,42.02421951293945,-0.7983505725860596,0,0.6021929979324341,0,1,0,-0.6021929979324341,0,-0.7983505725860596],5,2.6863200664520265],[[740.5078735351563,230.10292053222657,42.21162796020508,-0.79729825258255,0,0.6035855412483215,0,1,0,-0.6035855412483215,0,-0.79729825258255],5,2.7037220001220705],[[740.6973266601563,230.03932189941407,42.399356842041019,-0.7973008155822754,0,0.6035821437835693,0,1,0,-0.6035821437835693,0,-0.7973008155822754],5,2.720040798187256],[[740.8867797851563,229.9212188720703,42.58713150024414,-0.7973012328147888,0,0.6035816073417664,0,1,0,-0.6035816073417664,0,-0.7973012328147888],5,2.7359611988067629],[[741.0762329101563,229.7486114501953,42.774906158447269,-0.7962445616722107,0,0.6049748659133911,0,1,0,-0.6049748659133911,0,-0.7962445616722107],5,2.7531065940856935],[[741.2652587890625,229.52151489257813,42.96296691894531,-0.7898586988449097,0,0.6132888793945313,0,1,0,-0.6132888793945313,0,-0.7898586988449097],5,2.7694361209869386],[[741.4525756835938,229.2399139404297,43.15275192260742,-0.7701918482780457,0,0.6378123164176941,0,1,0,-0.6378123164176941,0,-0.7701918482780457],5,2.7875189781188967],[[741.634521484375,228.90380859375,43.34776306152344,-0.7543650269508362,0,0.6564552187919617,0,1,0,-0.6564552187919617,0,-0.7543650269508362],5,2.803109884262085],[[741.8113403320313,228.51319885253907,43.54733657836914,-0.7392677664756775,0,0.6734115481376648,0,1,0,-0.6734115481376648,0,-0.7392677664756775],5,2.8191685676574709],[[741.9835815429688,228.06809997558595,43.75092315673828,-0.7249886989593506,0,0.6887607574462891,0,1,0,-0.6887607574462891,0,-0.7249886989593506],5,2.836824417114258],[[742.1514282226563,227.56849670410157,43.9581184387207,-0.7091595530509949,0,0.7050480246543884,0,1,0,-0.7050480246543884,0,-0.7091595530509949],5,2.853055000305176],[[742.3145751953125,227.01438903808595,44.169029235839847,-0.6917096972465515,0,0.7221757173538208,0,1,0,-0.7221757173538208,0,-0.6917096972465515],5,2.869112730026245],[[742.4725341796875,226.40577697753907,44.38382339477539,-0.6751363277435303,0,0.7376930117607117,0,1,0,-0.7376930117607117,0,-0.6751363277435303],5,2.8869388103485109],[[742.6256103515625,225.74267578125,44.60218811035156,-0.6608384251594544,0,0.7505282163619995,0,1,0,-0.7505282163619995,0,-0.6608384251594544],5,2.9025280475616457],[[742.7742919921875,225.0250701904297,44.82353210449219,-0.6489555835723877,0,0.7608262896537781,0,1,0,-0.7608262896537781,0,-0.6489555835723877],5,2.9201300144195558],[[742.9555053710938,224.05142211914063,45.10327911376953,-0.664858877658844,0,0.7469689846038818,0,1,0,-0.7469689846038818,0,-0.664858877658844],5,2.9389536380767824],[[743.0621948242188,223.42636108398438,45.272403717041019,-0.6067271828651428,0,0.7949101328849793,0,1,0,-0.7949101328849793,0,-0.6067271828651428],5,2.953584909439087],[[743.2023315429688,222.65431213378907,45.499271392822269,-0.5536829829216003,0,0.8327274918556213,0,1,0,-0.8327274918556213,0,-0.5536829829216003],7,2.9692862033843996],[[743.341796875,222.60614013671876,45.72653579711914,-0.5238914489746094,0,0.8517850041389465,0,1,0,-0.8517850041389465,0,-0.5238914489746094],7,2.9892349243164064],[[743.48095703125,222.69387817382813,45.95404815673828,-0.5216960310935974,0,0.8531314134597778,0,1,0,-0.8531314134597778,0,-0.5216960310935974],8,3.0097742080688478],[[743.6201171875,223.55677795410157,46.18158721923828,-0.5274619460105896,0,0.8495786786079407,0,1,0,-0.8495786786079407,0,-0.5274619460105896],3,3.0202229022979738],[[743.7605590820313,224.36517333984376,46.40830612182617,-0.6280263662338257,0,0.7781920433044434,0,1,0,-0.7781920433044434,0,-0.6280263662338257],5,3.037163257598877],[[743.9071655273438,225.1190643310547,46.631011962890628,-0.6970877051353455,0,0.716985821723938,0,1,0,-0.716985821723938,0,-0.6970877051353455],5,3.0535647869110109],[[744.0652465820313,225.81846618652345,46.84572982788086,-0.7562915086746216,0,0.6542348265647888,0,1,0,-0.6542348265647888,0,-0.7562915086746216],5,3.069470167160034],[[744.2383422851563,226.46336364746095,47.048377990722659,-0.8107593059539795,0,0.5853796601295471,0,1,0,-0.5853796601295471,0,-0.8107593059539795],5,3.0878348350524904],[[744.427978515625,227.0537567138672,47.23561477661133,-0.8469042181968689,0,0.5317454934120178,0,1,0,-0.5317454934120178,0,-0.8469042181968689],5,3.1034462451934816],[[744.6309204101563,227.5896453857422,47.408512115478519,-0.8596566319465637,0,0.5108722448348999,0,1,0,-0.5108722448348999,0,-0.8596566319465637],5,3.119675397872925],[[744.8394165039063,228.071044921875,47.57478713989258,-0.8614393472671509,0,0.5078604817390442,0,1,0,-0.5078604817390442,0,-0.8614393472671509],5,3.136937141418457],[[745.0490112304688,228.49794006347657,47.739662170410159,-0.8578742742538452,0,0.5138596892356873,0,1,0,-0.5138596892356873,0,-0.8578742742538452],5,3.1533710956573488],[[745.2576904296875,228.87033081054688,47.905662536621097,-0.836539089679718,0,0.547907292842865,0,1,0,-0.547907292842865,0,-0.836539089679718],5,3.170531988143921],[[745.46044921875,229.188232421875,48.07889938354492,-0.8097780346870422,0,0.5867363810539246,0,1,0,-0.5867363810539246,0,-0.8097780346870422],5,3.1880109310150148],[[745.6549072265625,229.45162963867188,48.26127243041992,-0.7757367491722107,0,0.6310566663742065,0,1,0,-0.6310566663742065,0,-0.7757367491722107],5,3.2029991149902345],[[745.8391723632813,229.6605224609375,48.453975677490237,-0.735725462436676,0,0.6772798895835877,0,1,0,-0.6772798895835877,0,-0.735725462436676],5,3.219417095184326],[[746.0115966796875,229.81491088867188,48.65731430053711,-0.7017375826835632,0,0.7124354839324951,0,1,0,-0.7124354839324951,0,-0.7017375826835632],5,3.2370522022247316],[[746.17333984375,229.91481018066407,48.8692512512207,-0.680277407169342,0,0.732954740524292,0,1,0,-0.732954740524292,0,-0.680277407169342],5,3.255955696105957],[[746.3281860351563,229.960205078125,49.086368560791019,-0.6712666749954224,0,0.7412159442901611,0,1,0,-0.7412159442901611,0,-0.6712666749954224],5,3.2790656089782717],[[746.479736328125,229.9510955810547,49.30577087402344,-0.6634636521339417,0,0.7482085227966309,0,1,0,-0.7482085227966309,0,-0.6634636521339417],5,3.2875287532806398],[[746.62890625,229.8874969482422,49.52679443359375,-0.6542606949806213,0,0.756269097328186,0,1,0,-0.756269097328186,0,-0.6542606949806213],5,3.303406238555908],[[746.7754516601563,229.76939392089845,49.74958801269531,-0.6355736255645752,0,0.7720402479171753,0,1,0,-0.7720402479171753,0,-0.6355736255645752],5,3.319571018218994],[[746.9168701171875,229.59678649902345,49.97563934326172,-0.6123712658882141,0,0.7905703186988831,0,1,0,-0.7905703186988831,0,-0.6123712658882141],5,3.3365423679351808],[[747.0517578125,229.36968994140626,50.20567321777344,-0.5900423526763916,0,0.8073722720146179,0,1,0,-0.8073722720146179,0,-0.5900423526763916],5,3.352900981903076],[[747.1800537109375,229.0880889892578,50.439422607421878,-0.5658080577850342,0,0.8245369791984558,0,1,0,-0.8245369791984558,0,-0.5658080577850342],5,3.3696610927581789],[[747.3215942382813,228.65943908691407,50.699493408203128,-0.44166994094848635,0,0.8971776366233826,0,1,0,-0.8971776366233826,0,-0.44166994094848635],5,3.3896450996398927],[[747.3922729492188,228.3613739013672,50.829368591308597,-0.3544924855232239,0,0.9350588321685791,0,1,0,-0.9350588321685791,0,-0.3544924855232239],5,3.413879871368408],[[747.4699096679688,227.91627502441407,50.97200393676758,-0.2948203980922699,0,0.9555526971817017,0,1,0,-0.9555526971817017,0,-0.2948203980922699],5,3.420170307159424],[[747.5285034179688,227.4166717529297,51.07975387573242,-0.23371639847755433,0,0.9723048210144043,0,1,0,-0.9723048210144043,0,-0.23371639847755433],5,3.4364376068115236],[[747.5391235351563,226.71551513671876,51.09938049316406,-0.17725878953933717,0,0.984164297580719,0,1,0,-0.984164297580719,0,-0.17725878953933717],7,3.4572830200195314],[[747.5391845703125,226.2539520263672,51.099517822265628,-0.13412101566791535,0,0.990964949131012,0,1,0,-0.990964949131012,0,-0.13412101566791535],7,3.4795827865600588],[[747.5391845703125,226.19029235839845,51.09952163696289,-0.0994265079498291,0,0.9950448870658875,0,1,0,-0.9950448870658875,0,-0.0994265079498291],8,3.492863416671753],[[747.5391845703125,226.84939575195313,51.09952163696289,-0.09942639619112015,0,0.9950449466705322,0,1,0,-0.9950449466705322,0,-0.09942639619112015],3,3.5039680004119875],[[747.5391845703125,227.68504333496095,51.09952163696289,-0.09942639619112015,0,0.9950449466705322,0,1,0,-0.9950449466705322,0,-0.09942639619112015],5,3.5200328826904299],[[747.5391845703125,228.4661865234375,51.09952163696289,-0.09942639619112015,0,0.9950449466705322,0,1,0,-0.9950449466705322,0,-0.09942639619112015],5,3.5360023975372316],[[747.5391845703125,229.19284057617188,51.09952163696289,-0.09942639619112015,0,0.9950449466705322,0,1,0,-0.9950449466705322,0,-0.09942639619112015],5,3.5529661178588869],[[747.5391845703125,229.864990234375,51.09952163696289,-0.09942639619112015,0,0.9950449466705322,0,1,0,-0.9950449466705322,0,-0.09942639619112015],5,3.5691962242126467],[[747.5391845703125,230.48263549804688,51.09952163696289,-0.09247095882892609,0,0.9957153797149658,0,1,0,-0.9957153797149658,0,-0.09247095882892609],5,3.58687686920166],[[747.5391845703125,231.0457763671875,51.09952163696289,-0.09247095882892609,0,0.9957153797149658,0,1,0,-0.9957153797149658,0,-0.09247095882892609],5,3.6035549640655519],[[747.5391845703125,231.55441284179688,51.09952163696289,-0.09768706560134888,0,0.9952172040939331,0,1,0,-0.9952172040939331,0,-0.09768706560134888],5,3.6215386390686037],[[747.5391845703125,232.00856018066407,51.09952163696289,-0.10116401314735413,0,0.9948697686195374,0,1,0,-0.9948697686195374,0,-0.10116401314735413],5,3.636017084121704],[[747.502197265625,232.49960327148438,51.10329055786133,-0.10268770903348923,0,0.9947136640548706,0,1,0,-0.9947136640548706,0,-0.10268770903348923],5,3.6566176414489748],[[747.4503173828125,232.7533416748047,51.10859680175781,-0.10284102708101273,0,0.9946978092193604,0,1,0,-0.9946978092193604,0,-0.10284102708101273],5,3.6776726245880129],[[747.314453125,233.10813903808595,51.1225700378418,-0.10288691520690918,0,0.9946930408477783,0,1,0,-0.9946930408477783,0,-0.10288691520690918],5,3.688241481781006],[[747.203369140625,233.28013610839845,51.134029388427737,-0.10290005803108216,0,0.9946917295455933,0,1,0,-0.9946917295455933,0,-0.10290005803108216],5,3.703291893005371],[[747.0206298828125,233.46177673339845,51.15290069580078,-0.10132306814193726,0,0.9948535561561585,0,1,0,-0.9948535561561585,0,-0.10132306814193726],5,3.7226295471191408],[[746.736572265625,233.61219787597657,51.1820068359375,-0.09665776044130326,0,0.9953176975250244,0,1,0,-0.9953176975250244,0,-0.09665776044130326],5,3.7474429607391359],[[746.540771484375,233.6615753173828,51.20112609863281,-0.09287357330322266,0,0.9956778883934021,0,1,0,-0.9956778883934021,0,-0.09287357330322266],5,3.753368616104126],[[746.2754516601563,233.67971801757813,51.225914001464847,-0.09104686975479126,0,0.9958466291427612,0,1,0,-0.9958466291427612,0,-0.09104686975479126],5,3.7705018520355226],[[746.0098266601563,233.64337158203126,51.25017547607422,-0.09081260114908219,0,0.9958680272102356,0,1,0,-0.9958680272102356,0,-0.09081260114908219],5,3.787090301513672],[[745.7442016601563,233.55252075195313,51.274375915527347,-0.09074056893587113,0,0.9958745837211609,0,1,0,-0.9958745837211609,0,-0.09074056893587113],5,3.8025808334350588],[[745.4785766601563,233.40716552734376,51.29857635498047,-0.09073226898908615,0,0.9958752989768982,0,1,0,-0.9958752989768982,0,-0.09073226898908615],5,3.8200840950012209],[[745.2129516601563,233.20730590820313,51.322776794433597,-0.09073133021593094,0,0.9958754181861877,0,1,0,-0.9958754181861877,0,-0.09073133021593094],5,3.835999011993408],[[744.9473266601563,232.9529571533203,51.34697723388672,-0.09073122590780258,0,0.9958754181861877,0,1,0,-0.9958754181861877,0,-0.09073122590780258],5,3.855677604675293],[[744.62646484375,232.55838012695313,51.3416633605957,-0.004878699779510498,0,0.9999880790710449,0,1,0,-0.9999880790710449,0,-0.004878699779510498],5,3.8733315467834474],[[744.442626953125,232.28074645996095,51.30999755859375,-0.0424981415271759,0,0.9990965723991394,0,1,0,-0.9990965723991394,0,-0.0424981415271759],5,3.9015517234802248],[[744.150146484375,231.74990844726563,51.209537506103519,-0.013974902220070362,0,0.9999023675918579,0,1,0,-0.9999023675918579,0,-0.013974902220070362],5,3.9072089195251467],[[743.989990234375,231.39053344726563,51.12517166137695,-0.06601443886756897,0,0.997818648815155,0,1,0,-0.997818648815155,0,-0.06601443886756897],5,3.921855926513672],[[743.8026123046875,230.86367797851563,50.9897575378418,-0.04645117372274399,0,0.9989205598831177,0,1,0,-0.9989205598831177,0,-0.04645117372274399],5,3.9471356868743898],[[743.644775390625,230.28231811523438,50.82780075073242,-0.06602085381746292,0,0.9978182315826416,0,1,0,-0.9978182315826416,0,-0.06602085381746292],5,3.952906847000122],[[743.5159912109375,229.64646911621095,50.63872146606445,-0.09198135137557984,0,0.9957607388496399,0,1,0,-0.9957607388496399,0,-0.09198135137557984],5,3.9699926376342775],[[743.4152221679688,228.95611572265626,50.4215087890625,-0.14053621888160706,0,0.9900755286216736,0,1,0,-0.9900755286216736,0,-0.14053621888160706],5,3.9862895011901857],[[743.3408203125,228.8516082763672,50.170711517333987,-0.27048906683921816,0,0.9627230763435364,0,1,0,-0.9627230763435364,0,-0.27048906683921816],7,4.004188