[[[776,222.69961547851563,47,1,-7.961401848888272e-8,-7.535069573502695e-15,7.961401848888272e-8,1,5.4662177007003268e-8,3.183193861494918e-15,-5.4662177007003268e-8,1],8,0.019496679306030275],[[776,222.69961547851563,47,1,-2.9964475345423128e-8,-6.040325354559608e-15,2.9964475345423128e-8,1,2.0573272863089188e-8,5.4238581636797178e-15,-2.0573272863089188e-8,1],8,0.04688668251037598],[[776,222.69961547851563,47,1,5.454039442298608e-9,-6.006333922386293e-15,-5.454039442298608e-9,1,-3.744747623102285e-9,5.9859102639620979e-15,3.744747623102285e-9,1],8,0.0572354793548584],[[776,222.69961547851563,47,1,1.9610851609286329e-8,-6.2335843918051498e-15,-1.9610851609286329e-8,1,-1.3464685366670892e-8,5.969530340828094e-15,1.3464685366670892e-8,1],8,0.06802654266357422],[[776,222.69961547851563,47,1,4.083473115201741e-8,-6.831976323107107e-15,-4.083473115201741e-8,1,-2.8036806654085923e-8,5.687101180609777e-15,2.8036806654085923e-8,1],8,0.08160662651062012],[[776,222.69961547851563,47,1,7.617763486678086e-8,-8.51454713348852e-15,-7.617763486678086e-8,1,-5.2302929987035898e-8,4.530233322128747e-15,5.2302929987035898e-8,1],8,0.1007833480834961],[[776,222.69961547851563,47,1,8.965010067640833e-8,-9.494064504022865e-15,-8.965010067640833e-8,1,-6.155300269483632e-8,3.9758320469424419e-15,6.155300269483632e-8,1],8,0.11543083190917969],[[776,222.69961547851563,47,1,5.880595210783213e-8,-8.163066576860612e-15,-5.880595210783213e-8,1,-4.0375663701297529e-8,5.788737087467294e-15,4.0375663701297529e-8,1],8,0.136091947555542],[[775.8383178710938,222.69961547851563,46.998504638671878,0.9896866679191589,2.699033707642684e-8,0.1432492583990097,-2.392149411889477e-8,1,-2.314534341962826e-8,-0.1432492583990097,1.947990035944258e-8,0.9896866679191589],8,0.15546202659606934],[[775.5086669921875,222.69961547851563,46.995460510253909,0.9292842149734497,-1.713890540600005e-8,0.3693654537200928,1.4088136879308877e-8,1,1.0956688889507405e-8,-0.3693654537200928,-4.978206735728463e-9,0.9292842149734497],8,0.1900043487548828],[[774.9754638671875,222.69961547851563,46.98536682128906,0.7635173201560974,-9.871832418184568e-8,0.6457873582839966,5.137634673246794e-8,1,9.212256912860539e-8,-0.6457873582839966,-3.715897989309269e-8,0.7635173201560974],8,0.21805763244628907],[[774.5755615234375,222.69961547851563,46.97747039794922,0.6321970224380493,-6.356889770131602e-8,0.7748076915740967,2.1973656672003018e-8,1,6.41155466496457e-8,-0.7748076915740967,-2.3508297530838719e-8,0.6321970224380493],8,0.22869014739990235],[[774.3756103515625,222.69961547851563,46.9735221862793,0.5733463764190674,-4.5021955941138e-8,0.819313108921051,1.1082644135740339e-8,1,4.7195346297712607e-8,-0.819313108921051,-1.7979123967393208e-8,0.5733463764190674],8,0.24147796630859376],[[774.1756591796875,222.69961547851563,46.969573974609378,0.5203916430473328,-2.600822845977291e-8,0.853927731513977,2.2424533341336429e-9,1,2.909060548006437e-8,-0.853927731513977,-1.3223615979995884e-8,0.5203916430473328],8,0.25331830978393557],[[773.9757080078125,222.69961547851563,46.96591567993164,0.47174373269081118,-6.622636661290926e-9,0.8817356824874878,-4.970962752537389e-9,1,1.0170459141534139e-8,-0.8817356824874878,-9.180926241469934e-9,0.47174373269081118],8,0.2678852081298828],[[773.7757568359375,222.69961547851563,46.962318420410159,0.42706671357154848,1.3063168324833896e-8,0.9042201042175293,-1.0823179685814921e-8,1,-9.335059836246274e-9,-0.9042201042175293,-5.7998441604922849e-9,0.42706671357154848],8,0.2818443775177002],[[773.5758056640625,222.69961547851563,46.959007263183597,0.3861217796802521,3.299095752140602e-8,0.9224478006362915,-1.5534107333792236e-8,1,-2.9262253065098777e-8,-0.9224478006362915,-3.0306097631438435e-9,0.3861217796802521],8,0.29462647438049319],[[773.3092041015625,222.69961547851563,46.955074310302737,0.336535781621933,5.985726403423542e-8,0.9416706562042236,-2.0340868545076775e-8,1,-5.629551580454972e-8,-0.9416706562042236,-2.0894311281161038e-10,0.336535781621933],8,0.31030726432800295],[[773.1092529296875,222.69961547851563,46.952178955078128,0.3032958209514618,8.018155739364374e-8,0.9528964757919312,-2.3072743715601974e-8,1,-7.680130664766694e-8,-0.9528964757919312,1.3075789340177835e-9,0.3032958209514618],8,0.3239717483520508],[[772.8426513671875,222.69961547851563,46.94871520996094,0.26376086473464968,1.0745294787284365e-7,0.9645881056785584,-2.5813033488475413e-8,1,-1.0433932828846082e-7,-0.9645881056785584,2.6216862014649679e-9,0.26376086473464968],8,0.3379859924316406],[[772.6427001953125,222.69961547851563,46.9461669921875,0.23748719692230225,1.1041471736916719e-7,0.9713906645774841,-2.3546750327341216e-8,1,-1.0790989790621097e-7,-0.9713906645774841,2.7541318114998605e-9,0.23748719692230225],8,0.3511390686035156],[[772.4427490234375,222.69961547851563,46.943904876708987,0.21395108103752137,7.81579103659169e-8,0.9768443703651428,-1.4390734826008611e-8,1,-7.685870428986164e-8,-0.9768443703651428,2.386498110240609e-9,0.21395108103752137],8,0.36397576332092287],[[772.2427978515625,222.69961547851563,46.94170379638672,0.1927914023399353,4.582685164677969e-8,0.9812397360801697,-6.348471082162632e-9,1,-4.5455681885187008e-8,-0.9812397360801697,2.534094933892561e-9,0.1927914023399353],8,0.37861108779907229],[[771.9761962890625,222.69961547851563,46.93877410888672,0.1676757037639618,2.635973661568869e-9,0.985842227935791,2.9544791058100374e-9,1,-3.1763378594007465e-9,-0.985842227935791,3.445246754552045e-9,0.1676757037639618],8,0.402299165725708],[[771.4429931640625,222.69961547851563,46.93291473388672,0.1248479038476944,-8.391283756736812e-8,0.9921758770942688,1.7794548057281646e-8,1,8.233543269398069e-8,-0.9921758770942688,7.375916766250157e-9,0.1248479038476944],8,0.4383544921875],[[770.9764404296875,222.69961547851563,46.92778778076172,0.09640443325042725,-7.299416182604546e-8,0.9953422546386719,1.2325766185483645e-8,1,7.214192265792008e-8,-0.9953422546386719,5.3135544852978e-9,0.09640443325042725],8,0.45592498779296877],[[770.7098388671875,223.57273864746095,46.92485809326172,0.08112206310033798,-4.6938346542901857e-8,0.9967041611671448,6.041231515041545e-9,1,4.66018619249553e-8,-0.9967041611671448,2.2408810362861688e-9,0.08112206310033798],3,0.4734218120574951],[[770.4432373046875,224.39476013183595,46.92192840576172,0.06994595378637314,-2.089222839174454e-8,0.9975507855415344,3.823155403370748e-10,1,2.091671547077567e-8,-0.9975507855415344,-1.08166053891523e-9,0.06994595378637314],5,0.4986605644226074],[[770.1099853515625,225.34564208984376,46.91826629638672,0.05942376330494881,1.164360963201716e-8,0.9982328414916992,-6.163081156529415e-9,1,-1.129734084059919e-8,-0.9982328414916992,-5.480859321949083e-9,0.05942376330494881],5,0.50848388671875],[[769.9766845703125,225.70216369628907,46.91680145263672,0.055841315537691119,2.4650157470773594e-8,0.9984396696090698,-8.669228002133878e-9,1,-2.4203822945878529e-8,-0.9984396696090698,-7.304127969121055e-9,0.055841315537691119],5,0.5185151100158691],[[769.3768310546875,227.13784790039063,46.91020965576172,0.04204932600259781,8.311864974075434e-8,0.999115526676178,-1.934913562706697e-8,1,-8.237789472786972e-8,-0.999115526676178,-1.5868087288595235e-8,0.04204932600259781],5,0.5541806221008301],[[769.2435302734375,227.41941833496095,46.90874481201172,0.039553988724946979,9.609750151184926e-8,0.9992174506187439,-2.1631501923025099e-8,1,-9.531648004212912e-8,-0.9992174506187439,-1.7844426380975166e-8,0.039553988724946979],5,0.5634183883666992],[[768.7103271484375,228.40945434570313,46.90288543701172,0.031609393656253818,1.479588718211744e-7,0.9995002746582031,-3.060285891365311e-8,1,-1.470650232704429e-7,-0.9995002746582031,-2.5938931003111067e-8,0.031609393656253818],5,0.5978736877441406],[[768.5103759765625,228.72451782226563,46.90068817138672,0.029247678816318513,1.6738425756557263e-7,0.999572217464447,-3.392543845848195e-8,1,-1.6646322364977096e-7,-0.999572217464447,-2.904226015232325e-8,0.029247678816318513],5,0.6085896492004395],[[768.3104248046875,229.00892639160157,46.897926330566409,0.027493128553032876,1.351264842242017e-7,0.9996219873428345,-2.6984082523995313e-8,1,-1.3443542457025615e-7,-0.9996219873428345,-2.327783121813809e-8,0.027493128553032876],5,0.6200165748596191],[[768.1104736328125,229.26266479492188,46.89447021484375,0.026290038600564004,1.0288957952298006e-7,0.9996543526649475,-2.018167855055708e-8,1,-1.0239439518500149e-7,-0.9996543526649475,-1.7482751246689078e-8,0.026290038600564004],5,0.6394338607788086],[[767.8438720703125,229.55331420898438,46.889286041259769,0.025237366557121278,5.993940277448928e-8,0.9996814727783203,-1.1236423347327218e-8,1,-5.967483218682901e-8,-0.9996814727783203,-9.726808691823408e-9,0.025237366557121278],5,0.6531345844268799],[[767.5106201171875,229.83998107910157,46.88117980957031,0.02489517256617546,6.303503496951635e-9,0.999690055847168,-1.699722029790962e-10,1,-6.301224875215894e-9,-0.999690055847168,-1.3049433929268606e-11,0.02489517256617546],5,0.6696269512176514],[[767.3773193359375,229.93080139160157,46.87751007080078,0.024999774992465974,-1.5134803632577133e-8,0.9996874332427979,4.247801221879399e-9,1,1.503330970820116e-8,-0.9996874332427979,3.870644249559518e-9,0.024999774992465974],5,0.6812748908996582],[[767.1773681640625,230.04148864746095,46.8718376159668,0.0252936240285635,-4.7275129588797429e-8,0.9996800422668457,1.0881040957144706e-8,1,4.701495015524415e-8,-0.9996800422668457,9.688381652495082e-9,0.0252936240285635],5,0.6917376518249512],[[766.9774169921875,230.12152099609376,46.865867614746097,0.025718964636325837,-7.939490842545638e-8,0.9996691942214966,1.7530913609675737e-8,1,7.897015308344635e-8,-0.9996691942214966,1.5494084237843709e-8,0.025718964636325837],5,0.7033426761627197],[[766.7774658203125,230.1708984375,46.85955047607422,0.026278531178832055,-1.1149419520961601e-7,0.9996546506881714,2.4207199800230229e-8,1,1.1089635876260218e-7,-0.9996546506881714,2.1284646933850128e-8,0.026278531178832055],5,0.7170975208282471],[[766.5775146484375,230.1896209716797,46.852882385253909,0.026962120085954667,-1.4357298994127633e-7,0.9996364712715149,3.091828304491173e-8,1,1.427912792451025e-7,-0.9996364712715149,2.7057085461024145e-8,0.026962120085954667],5,0.7481560707092285],[[766.1109619140625,230.11407470703126,46.837162017822269,0.02854727953672409,-1.113353604864642e-7,0.9995924234390259,2.379366748073153e-8,1,1.107012366219351e-7,-0.9995924234390259,2.0623751595394425e-8,0.02854727953672409],5,0.7623245716094971],[[765.5777587890625,229.8233642578125,46.81918716430664,0.02998967655003071,-5.418583981509073e-8,0.9995502233505249,1.1182073933468928e-8,1,5.387472512552449e-8,-0.9995502233505249,9.561358815801669e-9,0.02998967655003071],5,0.8025579452514648],[[765.2445068359375,229.53097534179688,46.80744171142578,0.030883733183145524,-1.8516782773758679e-8,0.9995229840278626,3.257028424741293e-9,1,1.842498420501215e-8,-0.9995229840278626,2.6864424018668844e-9,0.030883733183145524],5,0.812140941619873],[[765.1112060546875,229.3901824951172,46.80271911621094,0.031213609501719476,-4.259799624151128e-9,0.9995127320289612,7.785920519420842e-11,1,4.259444796872458e-9,-0.9995127320289612,-5.513137515955613e-11,0.031213609501719476],5,0.8446078300476074],[[764.5780029296875,228.6907196044922,46.78382873535156,0.03236636146903038,5.270736025408951e-8,0.9994760751724243,-1.2679205241283853e-8,1,-5.232439193036953e-8,-0.9994760751724243,-1.0979012365908148e-8,0.03236636146903038],5,0.8621385097503662],[[764.3114013671875,228.2592315673828,46.774383544921878,0.03282253444194794,8.115449645629269e-8,0.9994611740112305,-1.9072308177214837e-8,1,-8.057190825638827e-8,-0.9994611740112305,-1.641745761560287e-8,0.03282253444194794],5,0.8706111907958984],[[764.1781005859375,228.02305603027345,46.76966094970703,0.033014457672834399,9.536896072859236e-8,0.9994548559188843,-2.226980555519731e-8,1,-9.468535466794492e-8,-0.9994548559188843,-1.913168112821495e-8,0.033014457672834399],5,0.883821964263916],[[763.9114990234375,227.50982666015626,46.760215759277347,0.03335259482264519,1.237796851683015e-7,0.9994436502456665,-2.866590520511636e-8,1,-1.22891975706807e-7,-0.9994436502456665,-2.4551189525823248e-8,0.03335259482264519],5,0.8972399234771729],[[763.7115478515625,227.08914184570313,46.75313186645508,0.03357459232211113,1.4507179457723397e-7,0.9994361996650696,-3.346309540575021e-8,1,-1.4402948522729276e-7,-0.9994361996650696,-2.8608498681137463e-8,0.03357459232211113],5,0.9094979763031006],[[763.2449951171875,225.98831176757813,46.736602783203128,0.03402095288038254,1.2514328773249873e-7,0.9994211196899414,-2.8717579425574514e-8,1,-1.2423821260654223e-7,-0.9994211196899414,-2.4474251958395145e-8,0.03402095288038254],5,0.9370625019073486],[[763.0450439453125,225.46543884277345,46.72951889038086,0.03417874872684479,9.426113933841407e-8,0.9994157552719116,-2.155510969714669e-8,1,-9.357908936635795e-8,-0.9994157552719116,-1.83440995726869e-8,0.03417874872684479],5,0.9677696228027344],[[762.5784912109375,224.1261749267578,46.712989807128909,0.03448190167546272,2.2279715850004324e-8,0.9994053244590759,-4.833515365731955e-9,1,-2.2126204868300193e-8,-0.9994053244590759,-4.067687520148411e-9,0.03448190167546272],5,0.9770693778991699],[[762.5118408203125,223.92123413085938,46.710845947265628,0.03444676846265793,1.2005441973883535e-8,0.9994065165519714,-2.4432573741961507e-9,1,-1.19283587451946e-8,-0.9994065165519714,-2.0309138815122198e-9,0.03444676846265793],5,1.0012962818145753],[[762.0452880859375,222.39122009277345,46.697425842285159,0.03327283263206482,-5.985292972354728e-8,0.9994463324546814,1.4227377498343685e-8,1,5.941244296536752e-8,-0.9994463324546814,1.2242679758855957e-8,0.03327283263206482],5,1.013526201248169],[[761.8453369140625,222.22323608398438,46.69314956665039,0.03220459073781967,-9.061639616447792e-8,0.9994813203811646,2.1287528184643635e-8,1,8.997751166361923e-8,-0.9994813203811646,1.8378797150830907e-8,0.03220459073781967],7,1.0254065990447999],[[761.6453857421875,222.18118286132813,46.689186096191409,0.030906595289707185,-1.213600313576535e-7,0.9995222687721252,2.827689549178558e-8,1,1.20543674597684e-7,-0.9995222687721252,2.453779224254049e-8,0.030906595289707185],7,1.040015459060669],[[761.4454345703125,222.1084747314453,46.685237884521487,0.029563002288341523,-9.828563918290456e-8,0.9995629191398621,2.272452803708802e-8,1,9.765651753923521e-8,-0.9995629191398621,1.9827576025477357e-8,0.029563002288341523],7,1.0626509189605713],[[761.1494140625,221.91915893554688,46.67940139770508,0.028976459056138994,-5.986139939295754e-8,0.9995800852775574,1.3683561839172853e-8,1,5.9489877912710656e-8,-0.9995800852775574,1.195400933795554e-8,0.028976459056138994],8,1.0998058319091797],[[760.6610717773438,223.81129455566407,46.6697883605957,0.02870391309261322,9.198720896108626e-9,0.9995879530906677,-2.4761275252416228e-9,1,-9.131408518214812e-9,-0.9995879530906677,-2.213000005468757e-9,0.02870391309261322],3,1.1109027862548829],[[760.483642578125,224.38182067871095,46.669044494628909,0.025921935215592386,3.2189049647968207e-8,0.9996639490127564,-7.78363240527824e-9,1,-3.1998034444313819e-8,-0.9996639490127564,-6.95156554542109e-9,0.025921935215592386],5,1.123380184173584],[[760.2876586914063,224.9217071533203,46.67167663574219,0.021916463971138,5.516396583971073e-8,0.9997597932815552,-1.2952065198135188e-8,1,-5.4893288137236598e-8,-0.9997597932815552,-1.1745886929759309e-8,0.021916463971138],5,1.1364283561706544],[[760.021240234375,225.59385681152345,46.67735290527344,0.016149738803505899,8.577259080766453e-8,0.9998695850372315,-1.962470896899049e-8,1,-8.546680163590281e-8,-0.9998695850372315,-1.8241882671077293e-8,0.016149738803505899],5,1.1585748195648194],[[759.754638671875,226.2115020751953,46.68406295776367,0.010492714121937752,1.1635247432195684e-7,0.9999449253082275,-2.6078767589865494e-8,1,-1.1608522498818275e-7,-0.9999449253082275,-2.4859284408762506e-8,0.010492714121937752],5,1.1676104068756104],[[759.5546875,226.6389617919922,46.6900520324707,0.006327954586595297,1.3926818098752848e-7,0.9999799728393555,-3.078059407357614e-8,1,-1.3907617812947138e-7,-0.9999799728393555,-2.9899908327024607e-8,0.006327954586595297],5,1.1814966201782227],[[759.354736328125,227.0357666015625,46.697078704833987,0.002115076407790184,1.6216712594996353e-7,0.9999977350234985,-3.5349586369193278e-8,1,-1.6209271791467473e-7,-0.9999977350234985,-3.5006671339488096e-8,0.002115076407790184],5,1.1938962936401368],[[759.1549072265625,227.4019317626953,46.704586029052737,-0.00197185599245131,1.3329301395970106e-7,0.9999980330467224,-2.858341829892197e-8,1,-1.3334963000488643e-7,-0.9999980330467224,-2.884631022936901e-8,-0.00197185599245131],5,1.2071197032928467],[[758.8885498046875,227.8424530029297,46.715484619140628,-0.00727152731269598,9.482769769419974e-8,0.9999735355377197,-1.9817658625242985e-8,1,-9.497431108229648e-8,-0.9999735355377197,-2.0507743059283713e-8,-0.00727152731269598],5,1.2204246520996094],[[758.75537109375,228.04226684570313,46.72117614746094,-0.009776023216545582,7.560954173868595e-8,0.9999521970748901,-1.5546731901849854e-8,1,-7.576514349239005e-8,-0.9999521970748901,-1.6286671566945189e-8,-0.009776023216545582],5,1.2331602573394776],[[758.4224243164063,228.48220825195313,46.73554611206055,-0.01550039928406477,2.7606438024463388e-8,0.9998798370361328,-5.168948380429583e-9,1,-2.7689884163351054e-8,-0.9998798370361328,-5.597531771428521e-9,-0.01550039928406477],5,1.2490627765655518],[[758.2892456054688,228.6343536376953,46.74129867553711,-0.01752718910574913,8.422103014993354e-9,0.9998463988304138,-1.1234617680599968e-9,1,-8.443090671050868e-9,-0.9998463988304138,-1.2712728647557015e-9,-0.01752718910574913],5,1.2628357410430909],[[758.0894775390625,228.83700561523438,46.74992752075195,-0.02024059183895588,-2.0336507589036047e-8,0.999795138835907,4.8516497486161828e-9,1,2.0438895020902238e-8,-0.999795138835907,5.2643511772032529e-9,-0.02024059183895588],5,1.2748725414276124],[[757.8231201171875,229.0595245361328,46.76143264770508,-0.02343946322798729,-5.864824714763017e-8,0.9997252821922302,1.267604599064498e-8,1,5.896156451967727e-8,-0.9997252821922302,1.4054591268575223e-8,-0.02343946322798729],5,1.2865116596221924],[[757.6233520507813,229.19064331054688,46.77006149291992,-0.02554473839700222,-8.73574776960595e-8,0.9996736645698547,1.8459369144352423e-8,1,8.78576855711799e-8,-0.9996736645698547,2.0697646263556636e-8,-0.02554473839700222],5,1.3027160167694092],[[757.423583984375,229.29112243652345,46.778690338134769,-0.027410157024860383,-1.1604589644775842e-7,0.9996242523193359,2.418675393300873e-8,1,1.167527230450105e-7,-0.9996242523193359,2.7377875966294597e-8,-0.027410157024860383],5,1.314713478088379],[[757.1572265625,229.3773956298828,46.79019546508789,-0.02960810624063015,-1.5426510913130188e-7,0.999561607837677,3.1751461904150349e-8,1,1.5527328400821717e-7,-0.999561607837677,3.633488887544445e-8,-0.02960810624063015],5,1.3291962146759034],[[756.9574584960938,229.4063262939453,46.798824310302737,-0.031054463237524034,-1.3080631333650673e-7,0.9995176792144775,2.6713536271927297e-8,1,1.316994087119383e-7,-0.9995176792144775,3.079050614473999e-8,-0.031054463237524034],5,1.3453881740570069],[[756.62451171875,229.3864288330078,46.81320571899414,-0.03315391391515732,-9.174495829711305e-8,0.9994502663612366,1.8453564010201263e-8,1,9.240756781991877e-8,-0.9994502663612366,2.1507091219064024e-8,-0.03315391391515732],5,1.379471778869629],[[756.1583862304688,229.21551513671876,46.83333969116211,-0.03558698296546936,-3.713507368274804e-8,0.9993665814399719,7.109404176475209e-9,1,3.741177323490774e-8,-0.9993665814399719,8.43627301350125e-9,-0.03558698296546936],5,1.4043023586273194],[[755.8251953125,228.99124145507813,46.845672607421878,-0.036095231771469119,1.8190936534878688e-9,0.9993483424186707,-8.651478977661498e-10,1,-1.851527930973873e-9,-0.9993483424186707,-9.314155002826397e-10,-0.036095231771469119],5,1.4148814678192139],[[755.358642578125,228.53421020507813,46.85808563232422,-0.03419872000813484,5.628676191804516e-8,0.9994150400161743,-1.2070813681930304e-8,1,-5.673275182971338e-8,-0.9994150400161743,-1.4003940229656564e-8,-0.03419872000813484],5,1.4425263404846192],[[755.15869140625,228.28724670410157,46.86067581176758,-0.032304394990205768,7.960733938716658e-8,0.9994781017303467,-1.6985076456421667e-8,1,-8.019789277113887e-8,-0.9994781017303467,-1.956695605542791e-8,-0.032304394990205768],5,1.4532673358917237],[[754.958740234375,228.00961303710938,46.861854553222659,-0.02977888099849224,1.0291542906770701e-7,0.9995564818382263,-2.201241855459557e-8,1,-1.036168910673041e-7,-0.9995564818382263,-2.508825147629068e-8,-0.02977888099849224],5,1.4666008949279786],[[754.7587890625,227.70132446289063,46.86196517944336,-0.02689965069293976,1.262114608380216e-7,0.9996381402015686,-2.7153840065352598e-8,1,-1.2698784246367723e-7,-0.9996381402015686,-3.05599421324132e-8,-0.02689965069293976],5,1.4792795181274415],[[754.558837890625,227.36239624023438,46.86017990112305,-0.023427022621035577,1.4949573312605936e-7,0.9997255206108093,-3.246244162369294e-8,1,-1.5029748112738162e-7,-0.9997255206108093,-3.597455489057211e-8,-0.023427022621035577],5,1.4921298027038575],[[754.158935546875,226.59254455566407,46.853294372558597,-0.015384349040687085,1.2581966757352348e-7,0.9998816251754761,-2.8106610372446995e-8,1,-1.2626701106910333e-7,-0.9998816251754761,-3.004582183052662e-8,-0.015384349040687085],5,1.51784348487854],[[753.958984375,226.16163635253907,46.84941864013672,-0.011648505926132203,9.644210763326555e-8,0.9999321699142456,-2.1898598490111e-8,1,-9.670375789028185e-8,-0.9999321699142456,-2.3023567052860018e-8,-0.011648505926132203],5,1.5293819904327393],[[753.82568359375,225.85733032226563,46.84679412841797,-0.009406509809195996,7.686551128927022e-8,0.9999557733535767,-1.7663019491465094e-8,1,-7.703506810230465e-8,-0.9999557733535767,-1.838686891630914e-8,-0.009406509809195996],5,1.5417258739471436],[[753.55908203125,225.20785522460938,46.84153366088867,-0.005363631062209606,3.773339329882219e-8,0.9999856352806091,-9.006646095599536e-9,1,-3.77822431119057e-8,-0.9999856352806091,-9.209165874324299e-9,-0.005363631062209606],5,1.5533325672149659],[[753.42578125,224.86268615722657,46.83890151977539,-0.003554100403562188,1.8178127447754379e-8,0.9999936819076538,-4.599936875848698e-9,1,-1.819459072294194e-8,-0.9999936819076538,-4.664573172163955e-9,-0.003554100403562188],5,1.5651826858520508],[[753.225830078125,224.31936645507813,46.83495330810547,-0.001103354967199266,-1.1140901534645309e-8,0.9999994039535523,2.090955408817763e-9,1,1.1143215239428628e-8,-0.9999994039535523,2.103249130414042e-9,-0.001103354967199266],5,1.578026533126831],[[753.02587890625,223.74539184570313,46.83100509643555,0.0010940085630863906,-4.044299828365183e-8,0.9999994039535523,8.861600342413567e-9,1,4.043332779701814e-8,-0.9999994039535523,8.817361063506724e-9,0.0010940085630863906],5,1.5906810760498047],[[752.6317138671875,222.56121826171876,46.799095153808597,-0.04904273524880409,0.04617207869887352,0.9977288842201233,-0.0863979384303093,0.9949905276298523,-0.05029219016432762,-0.9950528740882874,-0.08866818249225617,-0.044807884842157367],5,1.6151816844940186],[[752.6239624023438,222.65234375,46.80937576293945,-0.09721802920103073,0.07080518454313278,0.9927412867546082,-0.13086605072021485,0.9878963828086853,-0.0832751989364624,-0.9866218566894531,-0.13801199197769166,-0.08677534759044647],12,1.6275913715362549],[[752.6170043945313,223.07196044921876,46.82167053222656,-0.11327265202999115,-0.0030543687753379347,0.9935592412948608,0.005595086142420769,0.9999774694442749,0.003711978206411004,-0.9935482144355774,0.005979515146464109,-0.11325300484895706],12,1.662424087524414],[[752.5438232421875,223.4403533935547,46.815513610839847,-0.10574709624052048,-0.0034450695384293796,0.9943870902061462,0.006359853781759739,0.9999712109565735,0.004140748176723719,-0.9943727254867554,0.00676202867180109,-0.10572214424610138],8,1.6755177974700928],[[752.3693237304688,223.8101043701172,46.8133659362793,-0.09539324790239334,-0.0013402020558714867,0.9954387545585632,0.0025048863608390095,0.9999955892562866,0.0015863812295719982,-0.9954364895820618,0.0026447910349816086,-0.0953894704580307],8,1.6900746822357178],[[752.1038208007813,224.1469268798828,46.81543731689453,-0.08303408324718476,0.00010517119517317042,0.9965466856956482,-0.0001803109043976292,1,-0.00012055945990141481,-0.9965466856956482,-0.0001896987814689055,-0.08303406089544296],8,1.7033910751342774],[[751.90380859375,224.3018798828125,46.8189697265625,-0.07568241655826569,0.00021503517928067595,0.9971319437026978,-0.0003967720549553633,0.9999998807907105,-0.0002457686932757497,-0.997131884098053,-0.0004142344696447253,-0.07568231970071793],8,1.7175171375274659],[[751.7037963867188,224.40147399902345,46.824440002441409,-0.07019016891717911,0.00010070457210531458,0.9975336194038391,-0.00018919841386377811,1,-0.00011426626588217914,-0.9975336194038391,-0.00019675215298775584,-0.07019015401601792],8,1.7286176681518555],[[751.7537231445313,224.4698486328125,46.8088264465332,-0.13494862616062165,0.007287007290869951,0.9908257722854614,0.001387899392284453,0.9999733567237854,-0.0071652536280453209,-0.990851640701294,0.0004082254017703235,-0.13495513796806336],8,1.7647337913513184],[[751.7514038085938,224.48135375976563,46.80234909057617,-0.14574147760868073,0.0073850578628480438,0.9892951250076294,0.00139127008151263,0.9999727010726929,-0.00725980568677187,-0.9893217086791992,0.0003183218650519848,-0.14574778079986573],8,1.7758779525756837],[[751.7439575195313,224.4949951171875,46.791038513183597,-0.16925300657749177,0.004563651978969574,0.9855620861053467,0.0011044207494705916,0.9999895095825195,-0.004440793301910162,-0.9855720400810242,0.00033685757080093026,-0.1692562699317932],8,1.8090276718139649],[[751.7431030273438,224.49652099609376,46.788787841796878,-0.17386461794376374,0.004589383956044912,0.9847588539123535,0.0011036365758627654,0.9999894499778748,-0.004465511534363031,-0.9847689270973206,0.0003104214265476912,-0.1738678365945816],8,1.8184988498687745],[[751.7393798828125,224.49974060058595,46.7860221862793,-0.17980098724365235,0.0018774495692923666,0.983701229095459,0.000746504170820117,0.999998152256012,-0.0017721070908010007,-0.9837027192115784,0.00041571047040633857,-0.1798020601272583],8,1.830932855606079],[[751.7384033203125,224.5005340576172,46.783531188964847,-0.18492664396762849,0.0018938375869765878,0.9827504754066467,0.0007454518345184624,0.999998152256012,-0.0017868016147986055,-0.9827520251274109,0.00040216592606157064,-0.18492771685123444],8,1.8418824672698975],[[751.7346801757813,224.50311279296876,46.780147552490237,-0.1921490877866745,-0.0006264443509280682,0.9813655614852905,0.00038772023981437087,0.9999996423721314,0.0007142539834603667,-0.9813656806945801,0.0005177385173738003,-0.19214878976345063],8,1.8636951446533204],[[751.7308959960938,224.50762939453126,46.77638626098633,-0.19865907728672028,0.002000683918595314,0.9800665974617004,0.0010057712206616998,0.9999977946281433,-0.0018375016516074539,-0.9800681471824646,0.000620686449110508,-0.19866065680980683],8,1.89003324508667],[[751.72802734375,224.5094757080078,46.77517318725586,-0.20127634704113007,-0.0005464155110530555,0.9795343279838562,0.0005487051676027477,0.9999996423721314,0.0006705805426463485,-0.9795343279838562,0.0006724475533701479,-0.20127597451210023],8,1.9013948440551758],[[751.7279663085938,224.52377319335938,46.77488327026367,-0.20225733518600465,-0.0002775444008875638,0.9793323874473572,0.0002810423611663282,0.9999998807907105,0.00034144410165026784,-0.9793323874473572,0.00034429345396347344,-0.20225724577903748],8,1.9168083667755128],[[751.72802734375,224.56060791015626,46.774879455566409,-0.20251114666461945,0.000012523056284408085,0.9792799353599548,-0.000023982836864888669,1,-0.000017747577658155934,-0.9792799353599548,-0.000027079993742518128,-0.20251114666461945],8,1.963386058807373],[[751.72802734375,224.82325744628907,46.77488708496094,-0.2025129348039627,4.18063933693702e-7,0.9792795777320862,2.5536744274745616e-8,1,-4.216287265990104e-7,-0.9792795777320862,-6.037765842847875e-8,-0.2025129348039627],8,1.9783875942230225],[[751.72802734375,224.92510986328126,46.77488708496094,-0.20251299440860749,-7.661408858439245e-7,0.9792795777320862,0.0000015237858406180749,1,0.0000010974673614327913,-0.9792795777320862,0.0000017144637922683615,-0.20251299440860749],8,2.0057566165924074],[[751.72802734375,224.9582061767578,46.77488708496094,-0.09291449189186096,-1.9776582149688694e-8,0.9956740736961365,-4.382200913255474e-8,1,1.57731143701767e-8,-0.9956740736961365,-4.2166888647443559e-8,-0.09291449189186096],8,2.0217530727386476],[[751.72802734375,224.9021759033203,46.77488708496094,-0.10035045444965363,5.880294295934618e-8,0.9949521422386169,-9.399251865715996e-8,1,-6.858132195475264e-8,-0.9949521422386169,-1.0040022857538134e-7,-0.10035045444965363],8,2.049891948699951],[[751.72802734375,224.7672119140625,46.77488708496094,-0.10734394937753678,9.526969080297931e-8,0.9942219257354736,-7.461343898285122e-8,1,-1.0387920923449201e-7,-0.9942219257354736,-8.53331201255969e-8,-0.10734394937753678],8,2.0599324703216554],[[751.72802734375,224.71847534179688,46.77488708496094,-0.10931296646595001,8.628560976831068e-8,0.994007408618927,-4.8998355595131218e-8,1,-9.219425578521623e-8,-0.994007408618927,-5.878275644022324e-8,-0.10931296646595001],8,2.073406457901001],[[751.72802734375,224.7133026123047,46.77488708496094,-0.11453184485435486,6.16154309796002e-8,0.9934195876121521,-1.6575924632888929e-8,1,-6.39346211528391e-8,-0.9934195876121521,-2.378939711888961e-8,-0.11453184485435486],8,2.08447265625],[[751.72802734375,224.6917266845703,46.77488708496094,-0.11453305184841156,3.727089037397491e-8,0.9934194087982178,1.5825886379161603e-8,1,-3.569318351992479e-8,-0.9934194087982178,1.1633694896318048e-8,-0.11453305184841156],8,2.096864938735962],[[751.72802734375,224.66648864746095,46.77488708496094,-0.11973825097084046,1.3002457777133714e-8,0.9928054809570313,4.805858111467387e-8,1,-7.300531290610479e-9,-0.9928054809570313,4.683866805521575e-8,-0.11973825097084046],8,2.1098577976226808],[[751.72802734375,224.6417694091797,46.77488708496094,-0.12320683896541596,-1.9248217242306965e-8,0.9923810362815857,9.08709267832819e-8,1,3.06778709102673e-8,-0.9923810362815857,9.395830602443312e-8,-0.12320683896541596],8,2.128005266189575],[[751.72802734375,224.6405792236328,46.77488708496094,-0.12493927776813507,-3.002165627208342e-8,0.9921643733978272,8.932666872851769e-8,1,4.150729893126481e-8,-0.9921643733978272,9.381263055274758e-8,-0.12493927776813507],8,2.143139362335205],[[751.72802734375,224.63449096679688,46.77488708496094,-0.12840457260608674,-3.536665715841991e-8,0.9917218685150147,6.488315307251469e-8,1,4.4062705484293477e-8,-0.9917218685150147,7.000389246059058e-8,-0.12840457260608674],8,2.1549012660980226],[[751.72802734375,224.63523864746095,46.77488708496094,-0.12840409576892854,-4.103475603756124e-8,0.9917219281196594,4.046051316208832e-8,1,4.661594132926439e-8,-0.9917219281196594,4.6111257034908706e-8,-0.12840409576892854],8,2.1698710918426515],[[751.72802734375,224.63600158691407,46.77488708496094,-0.1335986703634262,-4.504045492126352e-8,0.991035521030426,2.214745009609942e-8,1,4.8433506094625048e-8,-0.991035521030426,2.8419561814985174e-8,-0.1335986703634262],8,2.184009552001953],[[751.72802734375,224.6365509033203,46.77488708496094,-0.13879016041755677,-4.913605877732152e-8,0.9903218150138855,3.836856610206496e-9,1,5.0153975195144088e-8,-0.9903218150138855,1.076060129889811e-8,-0.13879016041755677],8,2.1970088481903078],[[751.72802734375,224.6370086669922,46.77488708496094,-0.14397689700126649,-5.4734975662995569e-8,0.9895810484886169,-2.05706900402447e-8,1,5.231837363339764e-8,-0.9895810484886169,-1.2823727857380618e-8,-0.14397689700126649],8,2.216461181640625],[[751.72802734375,224.6372528076172,46.77488708496094,-0.1474323272705078,-6.043057254601081e-8,0.9890721440315247,-4.4964789225332427e-8,1,5.4395734139234267e-8,-0.9890721440315247,-3.6453730700714007e-8,-0.1474323272705078],8,2.243924140930176],[[751.72802734375,224.637451171875,46.77488708496094,-0.1508876234292984,-6.902524063434612e-8,0.9885509014129639,-8.152753139256674e-8,1,5.738070640859405e-8,-0.9885509014129639,-7.193607842737038e-8,-0.1508876234292984],8,2.2559494972229006],[[751.72802734375,224.6374969482422,46.77488708496094,-0.1526140570640564,-7.338054786032444e-8,0.9882858395576477,-9.979390114267517e-8,1,5.883985565446892e-8,-0.9882858395576477,-8.964511266640329e-8,-0.1526140570640564],8,2.2675371170043947],[[751.5405883789063,224.6375274658203,46.80384063720703,-0.1560649275779724,-5.1087010177752748e-8,0.9877467751502991,-8.180052191164578e-8,1,3.879619470126272e-8,-0.9877467751502991,-7.474348251435004e-8,-0.1560649275779724],8,2.2940030097961427],[[751.2146606445313,224.6617889404297,46.85520935058594,-0.16468596458435059,-9.399853340141817e-9,0.9863460659980774,-3.126074332726603e-8,1,4.310503509685759e-9,-0.9863460659980774,-3.0124031269451737e-8,-0.16468596458435059],8,2.321995258331299],[[750.8859252929688,224.6908721923828,46.909759521484378,-0.16640770435333253,3.28403686467027e-8,0.9860570430755615,1.928513526650022e-8,1,-3.0050159693928438e-8,-0.9860570430755615,1.4015665072975026e-8,-0.16640770435333253],8,2.329252243041992],[[750.9169921875,224.6753692626953,46.90237045288086,-0.18351472914218903,0.03335219621658325,0.9824510216712952,0.0027109335642307998,0.9994376301765442,-0.033422473818063739,-0.9830132126808167,-0.003470159135758877,-0.1835019439458847],8,2.337566375732422],[[750.9149780273438,224.67559814453126,46.89793395996094,-0.1754666417837143,0.0334470309317112,0.9839170575141907,0.003168621566146612,0.9994367361068726,-0.03340952470898628,-0.9844802618026733,-0.0027445966843515636,-0.17547379434108735],8,2.3458633422851564],[[750.9135131835938,224.67562866210938,46.89375686645508,-0.1750754565000534,0.03344618156552315,0.9839867353439331,0.0033059592824429275,0.999437153339386,-0.03338313847780228,-0.9845494627952576,-0.002591547556221485,-0.17508748173713685],8,2.357140302658081],[[750.9107666015625,224.67568969726563,46.88541793823242,-0.1838863044977188,0.03337392210960388,0.9823808073997498,0.003497294383123517,0.9994392991065979,-0.033298805356025699,-0.9829412698745728,-0.0026875194162130357,-0.18389992415905],8,2.386049747467041],[[750.9066772460938,224.67581176757813,46.87213897705078,-0.1925739198923111,0.03321367874741554,0.9807202219963074,0.0036764610558748247,0.9994444251060486,-0.033125896006822589,-0.9812755584716797,-0.002773604355752468,-0.19258904457092286],8,2.395453929901123],[[750.9085083007813,224.6758575439453,46.86692428588867,-0.171116441488266,0.03315386176109314,0.9846928119659424,0.0036573843099176885,0.9994481801986694,-0.03301509469747543,-0.9852440357208252,-0.002048025606200099,-0.1711432784795761],8,2.4069883823394777],[[750.9074096679688,224.6758575439453,46.85942077636719,-0.17161448299884797,0.033046528697013858,0.9846097826957703,0.003512229770421982,0.9994513988494873,-0.03293249011039734,-0.9851579070091248,-0.002193516818806529,-0.1716364026069641],8,2.419635534286499],[[750.9070434570313,224.67591857910157,46.848628997802737,-0.1644427627325058,0.032905999571084979,0.9858375787734985,0.003315489739179611,0.9994561672210693,-0.03280753269791603,-0.9863810539245606,-0.0021264266688376667,-0.16446244716644288],8,2.4349563121795656],[[750.88427734375,224.68011474609376,46.80888366699219,-0.20295414328575135,0.02480389177799225,0.9788740277290344,0.0033388484735041858,0.99969083070755,-0.02463911473751068,-0.9791825413703919,-0.0017322985222563148,-0.20297421514987946],8,2.4903042316436769],[[750.908935546875,224.69454956054688,46.80387878417969,-0.12773485481739045,0.018231431022286416,0.9916407465934753,0.0011928530875593424,0.9998331665992737,-0.018228396773338319,-0.9918076395988464,-0.001145519781857729,-0.12773528695106507],8,2.5120646953582765],[[750.9163818359375,224.7047576904297,46.80299377441406,-0.11838069558143616,0.013783132657408715,0.9928725957870483,0.00022661391994915903,0.9999040365219116,-0.013853723183274269,-0.9929682612419128,-0.001415014616213739,-0.11837245523929596],8,2.536339521408081],[[750.9232177734375,224.71270751953126,46.80177688598633,-0.11571847647428513,0.009755040518939495,0.9932341575622559,-0.00030370423337444663,0.9999513626098633,-0.009856397286057473,-0.9932820200920105,-0.0014422166859731079,-0.11570989340543747],8,2.5442583560943605],[[750.92431640625,224.71383666992188,46.801536560058597,-0.11323559284210205,0.009110485203564167,0.9935263991355896,-0.0003583884972613305,0.9999575018882752,-0.009210304357111454,-0.9935681223869324,-0.0013990027364343405,-0.11322751641273499],8,2.5589470863342287],[[750.9281005859375,224.7181854248047,46.80064010620117,-0.1142120361328125,0.0055967033840715889,0.9934406280517578,-0.0004196276131551713,0.9999837875366211,-0.005681808106601238,-0.9934563040733337,-0.001065805903635919,-0.11420783400535584],8,2.5712056159973146],[[750.9295043945313,224.71990966796876,46.800262451171878,-0.11503353714942932,0.003964678850024939,0.9933537244796753,-0.00036729552084580064,0.999991774559021,-0.004033707082271576,-0.9933615326881409,-0.0008288659737445414,-0.11503113806247711],8,2.584355592727661],[[750.9297485351563,224.7218475341797,46.80021286010742,-0.11994562298059464,0.0010790207888931037,0.9927798509597778,-0.00012339574459474534,0.9999994039535523,-0.0011017757933586836,-0.9927804470062256,-0.0002546579926274717,-0.11994541436433792],8,2.599400758743286],[[750.9298706054688,224.72259521484376,46.800193786621097,-0.119753897190094,0.00019637143122963607,0.9928035736083984,-0.00003260239100200124,1,-0.00020172740914858878,-0.9928036332130432,-0.00005652541221934371,-0.1197538897395134],8,2.6115455627441408],[[750.9299926757813,224.723388671875,46.80016326904297,-0.11974329501390457,-0.00023316702572628856,0.9928048849105835,0.00001856571907410398,1,0.00023709607194177806,-0.9928048849105835,0.000046822802687529477,-0.11974328756332398],8,2.624056339263916],[[750.9300537109375,224.72402954101563,46.800148010253909,-0.11973757296800614,-0.00012613456055987626,0.992805540561676,0.000013114242392475717,1,0.00012863024312537163,-0.9928056001663208,0.000028421765819075519,-0.11973756551742554],8,2.636561155319214],[[750.9301147460938,224.72422790527345,46.80015182495117,-0.11973606050014496,-0.00005034459172748029,0.9928057789802551,0.000005910928848607,1,0.000051422288379399109,-0.9928057789802551,0.000012025506293866784,-0.11973606050014496],8,2.6485097408294679],[[750.9301147460938,224.7244873046875,46.80015182495117,-0.12493707239627838,0.000011373065717634745,0.992164671421051,-6.216386623236758e-7,1,-0.000011541160347405821,-0.992164671421051,-0.0000020586867321981119,-0.12493707239627838],8,2.662698745727539],[[750.9301147460938,224.724609375,46.80015182495117,-0.12840259075164796,0.000011205471309949644,0.9917221069335938,-9.93984826891392e-7,1,-0.000011427699064370245,-0.9917221069335938,-0.000002453102979416144,-0.12840259075164796],8,2.6908557415008547],[[750.9301147460938,224.72474670410157,46.80015182495117,-0.1335984617471695,-4.4206390725776148e-7,0.991035521030426,5.9949369912715159e-9,1,4.4687075728688799e-7,-0.991035521030426,6.564244614537529e-8,-0.1335984617471695],8,2.703674077987671],[[750.9301147460938,224.72476196289063,46.80015182495117,-0.1405188888311386,-7.042008860480564e-7,0.9900779724121094,5.582189643860147e-8,1,7.191806048467697e-7,-0.9900779724121094,1.5632649308372493e-7,-0.1405188888311386],8,2.7183613777160646],[[750.9301147460938,224.72476196289063,46.80015182495117,-0.14397786557674409,-1.8757140196612455e-7,0.9895809292793274,2.235886320534064e-8,1,1.9279937646388135e-7,-0.9895809292793274,4.9884746999850907e-8,-0.14397786557674409],8,2.7359566688537599],[[750.9301147460938,224.72476196289063,46.80015182495117,-0.1577904224395752,1.185873177