[[[776,222.69961547851563,47,1,-1.915682901199034e-8,-3.3624323858810324e-15,1.915682901199034e-8,1,1.0966335395323768e-7,1.2616303757050996e-15,-1.0966335395323768e-7,1],8,0.0074121952056884769],[[776,222.69961547851563,47,1,-1.4069454934428905e-8,-2.9857549284129137e-15,1.4069454934428905e-8,1,8.054067279772426e-8,1.852591498719032e-15,-8.054067279772426e-8,1],8,0.02710437774658203],[[776,222.69961547851563,47,1,-9.144911494729513e-9,-2.7287361213375155e-15,9.144911494729513e-9,1,5.2350088708408296e-8,2.2499992405382526e-15,-5.2350088708408296e-8,1],8,0.057431936264038089],[[776,222.69961547851563,47,1,6.947115105404578e-10,-2.632132437219636e-15,-6.947115105404578e-10,1,-3.9768996984435038e-9,2.6293696275039295e-15,3.9768996984435038e-9,1],8,0.06866931915283203],[[776,222.69961547851563,47,1,5.609793518601691e-9,-2.7914610286640646e-15,-5.609793518601691e-9,1,-3.211332710861825e-8,2.6113119438596519e-15,3.211332710861825e-8,1],8,0.08159804344177246],[[776,222.69961547851563,47,1,1.052172571291976e-8,-3.0888066508417664e-15,-1.052172571291976e-8,1,-6.023172716140835e-8,2.4550648582773346e-15,6.023172716140835e-8,1],8,0.09011530876159668],[[776,222.69961547851563,47,1,1.5430508426561574e-8,-3.5239003707919884e-15,-1.5430508426561574e-8,1,-8.833211495584692e-8,2.1608909509706266e-15,8.833211495584692e-8,1],8,0.10084342956542969],[[776,222.69961547851563,47,1,1.8701284076882986e-8,-3.890358375751484e-15,-1.8701284076882986e-8,1,-1.070556976401349e-7,1.8882793261274608e-15,1.070556976401349e-7,1],8,0.11030769348144531],[[776,222.69961547851563,47,1,1.7300298083000599e-8,-3.8136201553455599e-15,-1.7300298083000599e-8,1,-9.903574493819178e-8,2.100272402825662e-15,9.903574493819178e-8,1],8,0.12148499488830567],[[776,222.69961547851563,47,1,1.426574769425315e-8,-3.5811159640713588e-15,-1.426574769425315e-8,1,-8.166443166146564e-8,2.4161117188572407e-15,8.166443166146564e-8,1],8,0.13257217407226563],[[776,222.69961547851563,47,1,9.716352167288278e-9,-3.329880486201576e-15,-9.716352167288278e-9,1,-5.5621370620428937e-8,2.7894436079419417e-15,5.5621370620428937e-8,1],8,0.1438918113708496],[[776,222.69961547851563,47,1,5.169872974164491e-9,-3.196711025025439e-15,-5.169872974164491e-9,1,-2.9594996675541553e-8,3.043708710905816e-15,2.9594996675541553e-8,1],8,0.16204118728637696],[[776,222.69961547851563,47,1,-8.87567463969674e-10,-3.202958104769676e-15,8.87567463969674e-10,1,5.080897480524982e-9,3.1984485013584944e-15,-5.080897480524982e-9,1],8,0.1732931137084961],[[776,222.69961547851563,47,1,-3.914346624611653e-9,-3.284744641541236e-15,3.914346624611653e-9,1,2.240773611106306e-8,3.1970331093036324e-15,-2.240773611106306e-8,1],8,0.1833815574645996],[[776,222.69961547851563,47,1,-9.964025160513757e-9,-3.6053241657038867e-15,9.964025160513757e-9,1,5.703920535893303e-8,3.0369839045793274e-15,-5.703920535893303e-8,1],8,0.2025585174560547],[[776,222.69961547851563,47,1,-1.6008534942102416e-8,-4.1348010729007609e-15,1.6008534942102416e-8,1,9.164109826542699e-8,2.6677613958382307e-15,-9.164109826542699e-8,1],8,0.21246051788330079],[[776,222.69961547851563,47,1,-1.9028853159852589e-8,-4.4777092325859819e-15,1.9028853159852589e-8,1,1.0893096202835295e-7,2.4048779443942805e-15,-1.0893096202835295e-7,1],8,0.22492742538452149],[[776,222.69961547851563,47,1,-1.569252106037311e-8,-4.230671650002791e-15,1.569252106037311e-8,1,8.983209198731856e-8,2.8209797033594034e-15,-8.983209198731856e-8,1],8,0.25060033798217776],[[776,222.69961547851563,47,1,-7.622743325441661e-9,-3.805442052239819e-15,7.622743325441661e-9,1,4.3636525504098248e-8,3.4728122138530557e-15,-4.3636525504098248e-8,1],8,0.25837254524230959],[[776,222.69961547851563,47,1,-4.397246122778142e-9,-3.7400587320083129e-15,4.397246122778142e-9,1,2.5172111506321927e-8,3.629371007559962e-15,-2.5172111506321927e-8,1],8,0.2685234546661377],[[776,222.69961547851563,47,1,-1.1731271509773933e-9,-3.7342328393970978e-15,1.1731271509773933e-9,1,6.715585865180174e-9,3.726354585954685e-15,-6.715585865180174e-9,1],8,0.2789347171783447],[[776,222.69961547851563,47,1,3.6604685949015449e-9,-3.836957183591836e-15,-3.6604685949015449e-9,1,-2.095441864469194e-8,3.760254115053223e-15,2.095441864469194e-8,1],8,0.29010725021362307],[[776,222.69961547851563,47,1,8.490966152407964e-9,-4.0731938255481138e-15,-8.490966152407964e-9,1,-4.860669378103921e-8,3.6604761749655088e-15,4.860669378103921e-8,1],8,0.30158495903015139],[[776,222.69961547851563,47,1,1.1709578195961967e-8,-4.304729858163603e-15,-1.1709578195961967e-8,1,-6.703169930233344e-8,3.5198168249532754e-15,6.703169930233344e-8,1],8,0.3119471073150635],[[776,222.69961547851563,47,1,1.6534915658894535e-8,-4.762910308124188e-15,-1.6534915658894535e-8,1,-9.465444605893936e-8,3.197806873900949e-15,9.465444605893936e-8,1],8,0.323030948638916],[[776,222.69961547851563,47,1,1.8287220626689306e-8,-5.004538738306212e-15,-1.8287220626689306e-8,1,-1.04685561552742e-7,3.0901305633383249e-15,1.04685561552742e-7,1],8,0.3359241485595703],[[776,222.69961547851563,47,1,1.0977563746905617e-8,-4.48973328878873e-15,-1.0977563746905617e-8,1,-6.284127351818825e-8,3.79988890423762e-15,6.284127351818825e-8,1],8,0.35423803329467776],[[776,222.69961547851563,47,1,6.595517465513012e-9,-4.325687994377516e-15,-6.595517465513012e-9,1,-3.775614487722123e-8,4.07666708414833e-15,3.775614487722123e-8,1],8,0.36851978302001955],[[776,222.69961547851563,47,1,3.6757137333864877e-9,-4.277277943859565e-15,-3.6757137333864877e-9,1,-2.1041655529074889e-8,4.199934518412827e-15,2.1041655529074889e-8,1],8,0.37810206413269045],[[776,222.69961547851563,47,1,-7.016527914238679e-10,-4.2960600524319818e-15,7.016527914238679e-10,1,4.016690535735279e-9,4.2932419738164668e-15,-4.016690535735279e-9,1],8,0.38948845863342287],[[776,222.69961547851563,47,1,-3.618338295652279e-9,-4.369441057751463e-15,3.618338295652279e-9,1,2.0713335047162219e-8,4.294493041479561e-15,-2.0713335047162219e-8,1],8,0.4121370315551758],[[776,222.69961547851563,47,1,-1.2360919399156956e-8,-4.8810502284424819e-15,1.2360919399156956e-8,1,7.076047836562793e-8,4.0063853723828518e-15,-7.076047836562793e-8,1],8,0.42124009132385256],[[776,222.69961547851563,47,1,-1.5272622277962e-8,-5.1485364569218119e-15,1.5272622277962e-8,1,8.742861012933645e-8,3.813272024804238e-15,-8.742861012933645e-8,1],8,0.43077540397644045],[[775.8469848632813,222.69961547851563,46.94808578491211,0.9934523701667786,-1.8793611999967653e-8,0.11424680054187775,6.837053145858363e-9,1,1.0504736280836369e-7,-0.11424680054187775,-1.0357844359987212e-7,0.9934523701667786],8,0.4502699375152588],[[775.5978393554688,222.69961547851563,46.863582611083987,0.9654086828231812,-1.060619769788218e-8,0.2607414424419403,-7.686047354127368e-9,1,6.913505501415784e-8,-0.2607414424419403,-6.874765290376672e-8,0.9654086828231812],8,0.47211766242980959],[[775.2822875976563,222.69961547851563,46.75654983520508,0.9075479507446289,4.632964234474457e-9,0.41994842886924746,-1.540107952280323e-8,1,2.2250956632774434e-8,-0.41994842886924746,-2.6661469476607637e-8,0.9075479507446289],8,0.48584461212158205],[[775.0298461914063,222.69961547851563,46.670902252197269,0.8531573414802551,2.0190453753343719e-8,0.5216536521911621,-1.4359739175517916e-8,1,-1.5219555393741758e-8,-0.5216536521911621,5.493865362637962e-9,0.8531573414802551],8,0.5118370056152344],[[774.6511840820313,222.69961547851563,46.54243087768555,0.7688076496124268,4.779495910156584e-8,0.6394801139831543,-4.104837802998418e-9,1,-6.980534550393713e-8,-0.6394801139831543,5.104191913574141e-8,0.7688076496124268],8,0.5348563194274902],[[774.4618530273438,222.69961547851563,46.47819519042969,0.7286731004714966,6.313892697562551e-8,0.6848616600036621,3.7176122180682116e-9,1,-9.614766582899392e-8,-0.6848616600036621,7.260626944116666e-8,0.7286731004714966],8,0.5417838096618652],[[774.3356323242188,222.69961547851563,46.43537139892578,0.7039831280708313,7.381286337704296e-8,0.7102167010307312,9.522722166366293e-9,1,-1.1336920380244919e-7,-0.7102167010307312,8.657320194060958e-8,0.7039831280708313],8,0.5497713088989258],[[774.2094116210938,222.69961547851563,46.392547607421878,0.68068927526474,6.204631830541985e-8,0.7325722575187683,1.1780345587908414e-8,1,-9.564254099814207e-8,-0.7325722575187683,7.373280652700487e-8,0.68068927526474],8,0.5582172870635986],[[774.0831909179688,222.69961547851563,46.34972381591797,0.6585698127746582,5.001578529117978e-8,0.7525196075439453,1.3100857287895451e-8,1,-7.792968403919076e-8,-0.7525196075439453,6.118079198813575e-8,0.6585698127746582],8,0.5673162937164307],[[773.8938598632813,222.69961547851563,46.28548812866211,0.6271839141845703,3.153542138534249e-8,0.7788711786270142,1.360528933957994e-8,1,-5.144424619629717e-8,-0.7788711786270142,4.2861771021307507e-8,0.6271839141845703],8,0.5794272422790527],[[773.7045288085938,222.69961547851563,46.22125244140625,0.5979676842689514,1.2599471688190534e-8,0.8015201687812805,1.25979733311965e-8,1,-2.5118085389408408e-8,-0.8015201687812805,2.511733399046534e-8,0.5979676842689514],8,0.591611385345459],[[773.4507446289063,222.69961547851563,46.13937759399414,0.5609827637672424,-1.3253266040180734e-8,0.8278274536132813,9.330351602443443e-9,1,9.686920598994675e-9,-0.8278274536132813,2.2897257423437624e-9,0.5609827637672424],8,0.6125798225402832],[[773.2590942382813,222.69961547851563,46.08224105834961,0.5342541337013245,-3.3044038616480978e-8,0.845323920249939,5.622636134461345e-9,1,3.553681438006606e-8,-0.845323920249939,-1.4232742984177094e-8,0.5342541337013245],8,0.6203703880310059],[[773.0667114257813,222.69961547851563,46.027587890625,0.5087664127349854,-5.3137426903049348e-8,0.8609045743942261,9.782223919785338e-10,1,6.114468220630443e-8,-0.8609045743942261,-3.0266200212736297e-8,0.5087664127349854],8,0.6290493011474609],[[772.9382934570313,222.69961547851563,45.99175262451172,0.4927756190299988,-6.668304308732331e-8,0.8701564073562622,-2.553347755451796e-9,1,7.807936697190599e-8,-0.8701564073562622,-4.069741876833177e-8,0.4927756190299988],8,0.6416149139404297],[[772.7454833984375,222.69961547851563,45.93844985961914,0.47033312916755679,-8.719775479448799e-8,0.8824889659881592,-8.395022454976698e-9,1,1.0328312072260815e-7,-0.8824889659881592,-5.598598562528423e-8,0.47033312916755679],8,0.651604413986206],[[772.616943359375,222.69961547851563,45.903133392333987,0.45642125606536868,-1.0099114433614887e-7,0.8897638320922852,-1.2588711406635867e-8,1,1.1996093007837772e-7,-0.8897638320922852,-6.5953699390775e-8,0.45642125606536868],8,0.6613559722900391],[[772.4239501953125,222.69961547851563,45.85051727294922,0.4370114505290985,-7.61743450539143e-8,0.8994559645652771,-1.2367780577449139e-8,1,9.069838569075728e-8,-0.8994559645652771,-5.076050868524362e-8,0.4370114505290985],8,0.6719045639038086],[[772.2950439453125,222.69961547851563,45.81648635864258,0.4247284531593323,-5.9527359042022e-8,0.9053207635879517,-1.1705468594414015e-8,1,7.124436507410792e-8,-0.9053207635879517,-4.085671534426183e-8,0.4247284531593323],8,0.6850376129150391],[[772.1011352539063,222.69961547851563,45.76755905151367,0.4068238437175751,-3.441791918135095e-8,0.9135066270828247,-1.0044199250103248e-8,1,4.21498214109306e-8,-0.9135066270828247,-2.6322997115357795e-8,0.4068238437175751],8,0.6947863101959229],[[771.90625,222.69961547851563,45.722625732421878,0.3888235092163086,-9.151860602685247e-9,0.9213122725486755,-7.654456624095474e-9,1,1.3163934831084135e-8,-0.9213122725486755,-1.2170594310134675e-8,0.3888235092163086],8,0.7051012516021729],[[771.7759399414063,222.69961547851563,45.69438552856445,0.3769623339176178,7.77498598836246e-9,0.9262285828590393,-5.66076918673275e-9,1,-6.09038464105538e-9,-0.9262285828590393,-2.9473221641040938e-9,0.3769623339176178],8,0.7146890163421631],[[771.645263671875,222.69961547851563,45.66788864135742,0.36513617634773257,2.4764299055846096e-8,0.930954098701477,-3.3552902678479769e-9,1,-2.5284984772611098e-8,-0.930954098701477,6.108840100438329e-9,0.36513617634773257],8,0.728032112121582],[[771.3831176757813,222.69961547851563,45.619384765625,0.34110838174819949,5.89220263691459e-8,0.9400239586830139,2.195936987803293e-9,1,-6.34782537645151e-8,-0.9400239586830139,2.3717195318795349e-8,0.34110838174819949],8,0.7383701801300049],[[771.25146484375,222.69961547851563,45.598533630371097,0.3287734389305115,7.608712593309974e-8,0.9444088339805603,5.456779472723383e-9,1,-8.246552596347101e-8,-0.9444088339805603,3.2265901950268019e-8,0.3287734389305115],8,0.7491896152496338],[[771.0534057617188,222.69961547851563,45.57123565673828,0.3098170757293701,1.0193904387278963e-7,0.9507961869239807,1.0976211939350833e-8,1,-1.1079099948574367e-7,-0.9507961869239807,4.476108372841736e-8,0.3098170757293701],8,0.7598936557769775],[[770.9208984375,222.69961547851563,45.55659484863281,0.2966339588165283,8.721350042151244e-8,0.9549912810325623,1.112413361425979e-8,1,-9.47791889416294e-8,-0.9549912810325623,3.873817888688791e-8,0.2966339588165283],8,0.7703442573547363],[[770.7217407226563,222.69961547851563,45.53810119628906,0.27645251154899599,6.50446523309256e-8,0.9610275626182556,1.0844293463208033e-8,1,-7.080190300712275e-8,-0.9610275626182556,2.999503223577449e-8,0.27645251154899599],8,0.7816355228424072],[[770.5888671875,222.69961547851563,45.52719497680664,0.2632487714290619,5.0214953972727019e-8,0.9647279977798462,1.0282167117736663e-8,1,-5.485662768478505e-8,-0.9647279977798462,2.436043722298109e-8,0.2632487714290619],8,0.792008638381958],[[770.2562866210938,222.69961547851563,45.50493240356445,-0.9982850551605225,-2.6694278787431359e-8,-0.058540020138025287,-2.2752926653879514e-8,1,-6.799401575108277e-8,0.058540020138025287,-6.654545359197073e-8,-0.9982850551605225],8,0.8118739128112793],[[770.0567016601563,222.69961547851563,45.49279022216797,-0.9994893670082092,-4.344771653563839e-8,0.03195397928357124,-4.588944690908647e-8,1,-7.568061022311667e-8,-0.03195397928357124,-7.71083108475068e-8,-0.9994893670082092],8,0.8313319683074951],[[769.7240600585938,222.64854431152345,45.47288131713867,-0.9980896711349487,-8.269040563391172e-8,0.061782386153936389,-8.817928431881228e-8,1,-8.611552004822443e-8,-0.061782386153936389,-9.139893819565259e-8,-0.9980896711349487],8,0.8423094749450684],[[769.5910034179688,222.60427856445313,45.46492385864258,-0.9979966878890991,-7.240904409400173e-8,0.06326663494110108,-7.682644564965813e-8,1,-6.738927282867735e-8,-0.06326663494110108,-7.211482255797819e-8,-0.9979966878890991],8,0.8509182929992676],[[769.4579467773438,223.04595947265626,45.456966400146487,-0.9979905486106873,-6.224876614169261e-8,0.06336303800344467,-6.546617470348792e-8,1,-4.870118175404059e-8,-0.06336303800344467,-5.27514529835571e-8,-0.9979905486106873],3,0.8639678955078125],[[769.1918334960938,223.89523315429688,45.4410514831543,-0.9881565570831299,-4.275504039696898e-8,0.1534489244222641,-4.4446732516689738e-8,1,-7.593994766352808e-9,-0.1534489244222641,-1.4324358588169162e-8,-0.9881565570831299],5,0.8831346035003662],[[768.9257202148438,224.69000244140626,45.42513656616211,-0.9826114177703857,-2.7811671188260335e-8,0.1856738179922104,-2.2160795865033834e-8,1,3.250980640245871e-8,-0.1856738179922104,2.7829827331515845e-8,-0.9826114177703857],5,0.9019668102264404],[[768.6596069335938,225.43026733398438,45.409610748291019,-0.9831646084785461,-1.1598753069108625e-8,0.18272216618061067,1.3310389457288352e-9,1,7.063939477802706e-8,-0.18272216618061067,6.969336396878134e-8,-0.9831646084785461],5,0.918402910232544],[[768.3932495117188,226.1160430908203,45.39573669433594,-0.9867026805877686,7.633158105591065e-9,0.1625356525182724,2.5450315632724597e-8,1,1.0753785772976699e-7,-0.1625356525182724,1.1024447132967907e-7,-0.9867026805877686],5,0.9255881309509277],[[768.260009765625,226.43849182128907,45.39100646972656,-0.9964355230331421,2.6466011604497909e-8,0.08435797691345215,3.723291541746221e-8,1,1.2606024313299714e-7,-0.08435797691345215,1.287517932269111e-7,-0.9964355230331421],5,0.9363248348236084],[[768.126708984375,226.747314453125,45.38810729980469,-0.9964352250099182,3.704256457126576e-8,0.08436143398284912,4.9397311130405799e-8,1,1.4436284345720197e-7,-0.08436143398284912,1.4801545944465034e-7,-0.9964352250099182],5,0.9449524879455566],[[767.993408203125,227.04251098632813,45.38565444946289,-0.9964351058006287,3.9995306622131469e-8,0.08436249196529389,5.105495048951525e-8,1,1.289393054548782e-7,-0.08436249196529389,1.327867664713267e-7,-0.9964351058006287],5,0.9532957077026367],[[767.860107421875,227.32408142089845,45.38326644897461,-0.9964351058006287,4.269991293881503e-8,0.08436299115419388,5.24990539929604e-8,1,1.139360747970386e-7,-0.08436299115419388,1.1795887644439063e-7,-0.9964351058006287],5,0.961820125579834],[[767.66015625,227.72088623046876,45.379695892333987,-0.993071973323822,4.272397546856155e-8,0.11750766634941101,5.392036328544236e-8,1,9.210314289020971e-8,-0.11750766634941101,9.780110588053503e-8,-0.993071973323822],5,0.9721894264221191],[[767.52685546875,227.96839904785157,45.377315521240237,-0.9964351058006287,4.808416775858859e-8,0.08436299860477448,5.485705756314019e-8,1,7.79645858983713e-8,-0.08436299860477448,8.231455694840406e-8,-0.9964351058006287],5,0.9816348552703857],[[767.3935546875,228.20228576660157,45.374935150146487,-0.9964350461959839,5.0000910079006647e-8,0.08436322957277298,5.560573868024221e-8,1,6.408717467820679e-8,-0.08436322957277298,6.85497880681396e-8,-0.9964350461959839],5,0.9909055233001709],[[767.193603515625,228.52757263183595,45.37136459350586,-0.993071973323822,5.052766383073504e-8,0.11750774830579758,5.604715269669214e-8,1,4.366684791534681e-8,-0.11750774830579758,4.9950294567224776e-8,-0.993071973323822],5,1.0020389556884766],[[767.060302734375,228.72738647460938,45.36898422241211,-0.9964351058006287,5.3586081349976669e-8,0.08436310291290283,5.634042921087712e-8,1,3.0267948147866267e-8,-0.08436310291290283,3.491309641390217e-8,-0.9964351058006287],5,1.0110406875610352],[[766.927001953125,228.91358947753907,45.36660385131836,-0.9964351058006287,5.482485221364186e-8,0.08436310291290283,5.645860667868874e-8,1,1.697997475957891e-8,-0.08436310291290283,2.168246560074749e-8,-0.9964351058006287],5,1.0206694602966309],[[766.46044921875,229.45797729492188,45.358272552490237,-0.9686534404754639,5.720368534412046e-8,0.24841609597206117,5.1691898761419e-8,1,-2.871051130171054e-8,-0.24841609597206117,-1.4969435468970006e-8,-0.9686534404754639],5,1.0486400127410889],[[766.19384765625,229.69412231445313,45.353511810302737,-0.9886066913604736,5.699970628825213e-8,0.15052182972431184,4.92859335565754e-8,1,-5.4977434160718988e-8,-0.15052182972431184,-4.6932449038195048e-8,-0.9886066913604736],5,1.0732800960540772],[[765.860595703125,229.91265869140626,45.34756088256836,-0.9830442070960999,6.014281694888268e-8,0.18336887657642365,4.4676362165319009e-8,1,-8.847729304761742e-8,-0.18336887657642365,-7.87848293271054e-8,-0.9830442070960999],5,1.093804121017456],[[765.52734375,230.04605102539063,45.341609954833987,-0.9846075773239136,6.008372110954952e-8,0.1747797280550003,3.911462798100729e-8,1,-1.234191273624674e-7,-0.1747797280550003,-1.1468295468830547e-7,-0.9846075773239136],5,1.1071407794952393],[[765.327392578125,230.085205078125,45.33946228027344,-0.9942489266395569,5.127807156668496e-8,0.10709364712238312,3.5903067185927287e-8,1,-1.4549401328167733e-7,-0.10709364712238312,-1.4081227561746346e-7,-0.9942489266395569],5,1.1256422996520997],[[765.12744140625,230.0937042236328,45.33790969848633,-0.9942489266395569,5.002583947089079e-8,0.10709352791309357,3.216166533093201e-8,1,-1.6853620365964162e-7,-0.10709352791309357,-1.6412263903475833e-7,-0.9942489266395569],5,1.1327128410339356],[[764.994140625,230.08233642578126,45.3369255065918,-0.9972645044326782,3.259860292814665e-8,0.07391569763422013,2.164106582824843e-8,1,-1.4904460954312527e-7,-0.07391569763422013,-1.4703728368203884e-7,-0.9972645044326782],5,1.1397945880889893],[[764.86083984375,230.05735778808595,45.33594512939453,-0.9972645044326782,2.1047890541581183e-8,0.07391569018363953,1.1504424080044373e-8,1,-1.295386198307824e-7,-0.07391569018363953,-1.2833390883315588e-7,-0.9972645044326782],5,1.1485471725463868],[[764.7275390625,230.01873779296876,45.33496856689453,-0.997133731842041,1.0088285762321903e-8,0.07565934211015701,1.7748359448788165e-9,1,-1.0994725130331062e-7,-0.07565934211015701,-1.0949783302294236e-7,-0.997133731842041],5,1.1570966243743897],[[764.59423828125,229.9665069580078,45.33381271362305,-0.997133731842041,-7.426668169330242e-10,0.07565932720899582,-7.591421713470936e-9,1,-9.023337099733908e-8,-0.07565932720899582,-9.054909355654672e-8,-0.997133731842041],5,1.1662137508392335],[[764.394287109375,229.8625946044922,45.33200454711914,-0.9938682913780212,-1.3650963914813019e-8,0.11057019978761673,-2.0419983925989983e-8,1,-6.008681907587743e-8,-0.11057019978761673,-6.197623036996447e-8,-0.9938682913780212],5,1.1760544776916505],[[764.1943359375,229.72802734375,45.32990264892578,-0.993868350982666,-2.9013985880510519e-8,0.11057008057832718,-3.246267965550942e-8,1,-2.938989673850756e-8,-0.11057008057832718,-3.279908966646872e-8,-0.993868350982666],5,1.191176414489746],[[763.994384765625,229.5628204345703,45.32773971557617,-0.9938682913780212,-4.3692768514347338e-8,0.11057019978761673,-4.3733109578170118e-8,1,2.0603938555296965e-9,-0.11057019978761673,-2.7878184205576419e-9,-0.9938682913780212],5,1.2112317085266114],[[763.727783203125,229.2948455810547,45.3248405456543,-0.9891266226768494,-6.279815067955497e-8,0.14706654846668244,-5.6684662297357138e-8,1,4.576053314053752e-8,-0.14706654846668244,3.692654360065717e-8,-0.9891266226768494],5,1.2211344242095948],[[763.52783203125,229.05809020996095,45.322105407714847,-0.9932750463485718,-7.480139174731448e-8,0.11577874422073364,-6.600734536732489e-8,1,7.978967175858998e-8,-0.11577874422073364,7.16108417009309e-8,-0.9932750463485718],5,1.2407255172729493],[[763.26123046875,228.69473266601563,45.317893981933597,-0.9880744814872742,-9.491453312193699e-8,0.15397650003433228,-7.616174002578191e-8,1,1.2768870760737628e-7,-0.15397650003433228,1.1443883352058038e-7,-0.9880744814872742],5,1.2480342388153077],[[763.1279296875,228.49261474609376,45.31523132324219,-0.9959790110588074,-7.40067847004866e-8,0.08958682417869568,-6.339894298434956e-8,1,1.212541320683158e-7,-0.08958682417869568,1.1508685560102094e-7,-0.9959790110588074],5,1.2578775882720948],[[762.99462890625,228.27687072753907,45.31224060058594,-0.9959790110588074,-6.08938961477179e-8,0.08958681672811508,-5.0835787135383728e-8,1,1.145539272329188e-7,-0.08958681672811508,1.0953909423960795e-7,-0.9959790110588074],5,1.2664108276367188],[[762.861328125,228.04751586914063,45.30917739868164,-0.9959790110588074,-4.7944542558298056e-8,0.08958680927753449,-3.846207619062625e-8,1,1.0757300117347768e-7,-0.08958680927753449,1.0369475944571605e-7,-0.9959790110588074],5,1.2745912075042725],[[762.72802734375,227.8045196533203,45.30610275268555,-0.9959790110588074,-3.514758262213036e-8,0.08958680182695389,-2.6268137887086597e-8,1,1.0029457087057381e-7,-0.08958680182695389,9.753801322176514e-8,-0.9959790110588074],5,1.28367280960083],[[762.528076171875,227.41448974609376,45.301490783691409,-0.9924421906471252,-1.928967030551121e-8,0.12271323055028916,-8.49530312763136e-9,1,8.848738985989258e-8,-0.12271323055028916,8.67761258405153e-8,-0.9924421906471252],5,1.2926595211029053],[[762.394775390625,227.13743591308595,45.29841613769531,-0.9959790110588074,-3.924385261200314e-9,0.08958666771650315,3.290481220830088e-9,1,8.03873589916293e-8,-0.08958666771650315,8.035890886048947e-8,-0.9959790110588074],5,1.3021585941314698],[[762.261474609375,226.8467559814453,45.29534149169922,-0.9959790110588074,8.422951225384168e-9,0.08958666026592255,1.4925690905442935e-8,1,7.19160979656408e-8,-0.08958666026592255,7.296407034118602e-8,-0.9959790110588074],5,1.3107500076293946],[[762.128173828125,226.54244995117188,45.292266845703128,-0.9959790110588074,2.0662746180732939e-8,0.08958665281534195,2.6417302123604715e-8,1,6.304883015673113e-8,-0.08958665281534195,6.516194872574488e-8,-0.9959790110588074],5,1.3217227458953858],[[761.92822265625,226.06045532226563,45.287654876708987,-0.9924421310424805,3.685646632334283e-8,0.12271331995725632,4.3155555573548557e-8,1,4.867381164785911e-8,-0.12271331995725632,5.360170263202235e-8,-0.9924421310424805],5,1.3330144882202149],[[761.728271484375,225.5478057861328,45.283042907714847,-0.9920071363449097,5.487500231993181e-8,0.1261819303035736,5.954178661227161e-8,1,3.3212948835625869e-8,-0.1261819303035736,4.0460580663648219e-8,-0.9920071363449097],5,1.3452978134155274],[[761.5283203125,225.00448608398438,45.277862548828128,-0.9917858839035034,7.287046344117698e-8,0.1279090791940689,7.561335735317698e-8,1,1.6588346696266855e-8,-0.1279090791940689,2.6123723628757035e-8,-0.9917858839035034],5,1.355302333831787],[[761.39501953125,224.625244140625,45.27415466308594,-0.9949856400489807,8.53877537565495e-8,0.1000177189707756,8.631400305603165e-8,1,4.933577546495371e-9,-0.1000177189707756,1.3541768595359827e-8,-0.9949856400489807],5,1.366830587387085],[[761.12841796875,223.82589721679688,45.26542663574219,-0.9800647497177124,1.0782343906612368e-7,0.19867832958698274,1.0565810981688628e-7,1,-2.1500332181290106e-8,-0.19867832958698274,-7.974087362638827e-11,-0.9800647497177124],5,1.382706880569458],[[760.9953002929688,223.40577697753907,45.25767517089844,-0.9779837727546692,1.195446373003506e-7,0.20868104696273805,1.145445409633794e-7,1,-3.6045118889660446e-8,-0.20868104696273805,-1.1348265438471117e-8,-0.9779837727546692],5,1.39164400100708],[[760.7970581054688,222.75006103515626,45.23212814331055,-0.9708369970321655,1.024874194399672e-7,0.2397405505180359,9.594791094968969e-8,1,-3.894892941502803e-8,-0.2397405505180359,-1.481046041362788e-8,-0.9708369970321655],7,1.4031007289886475],[[760.615966796875,222.36546325683595,45.279747009277347,-0.9278783202171326,6.861427692683719e-8,0.3728830814361572,6.292172827215836e-8,1,-2.7436398042368638e-8,-0.3728830814361572,-1.9951911234272758e-9,-0.9278783202171326],7,1.4177720546722413],[[760.4348754882813,222.3959503173828,45.361228942871097,-0.8269751667976379,3.246783819577104e-8,0.5622384548187256,3.330505649046245e-8,1,-8.760307146360447e-9,-0.5622384548187256,1.14808278439682e-8,-0.8269751667976379],7,1.43906569480896],[[760.11083984375,222.53533935546876,45.4350700378418,-0.6664506793022156,-2.97567499529805e-8,0.7455491423606873,-7.022801007394719e-9,1,3.3634805163273998e-8,-0.7455491423606873,1.7180093792035224e-8,-0.6664506793022156],8,1.451869010925293],[[759.9116821289063,222.59315490722657,45.43647766113281,-0.5891258120536804,-6.661099405391724e-8,0.8080413341522217,-2.8499840709628189e-8,1,6.165650034972714e-8,-0.8080413341522217,1.3294389589191269e-8,-0.5891258120536804],8,1.4602816104888917],[[759.779541015625,222.62054443359376,45.42070007324219,-0.41765153408050539,-9.14834501486439e-8,0.9086073040962219,-3.8717335115734389e-8,1,8.288849784321428e-8,-0.9086073040962219,-5.603423836042509e-10,-0.41765153408050539],8,1.4714715480804444],[[759.5897216796875,222.64927673339845,45.360015869140628,-0.34149977564811709,-9.16239031312216e-8,0.9398818612098694,-3.7537162711487329e-8,1,8.384561311913785e-8,-0.9398818612098694,-6.647240091695039e-9,-0.34149977564811709],8,1.4806900024414063],[[759.4675903320313,222.6624298095703,45.306968688964847,-0.2772127389907837,-7.967790338625491e-8,0.9608085751533508,-3.2863631815871489e-8,1,7.344614516568982e-8,-0.9608085751533508,-1.1215449902124419e-8,-0.2772127389907837],8,1.4922420978546143],[[759.2910766601563,222.67604064941407,45.21320343017578,-0.18230627477169038,-6.127508100917112e-8,0.9832417964935303,-2.7448134432006556e-8,1,5.723018858816431e-8,-0.9832417964935303,-1.6554730919438044e-8,-0.18230627477169038],8,1.502868413925171],[[759.1242065429688,222.68467712402345,45.10326385498047,-0.14972549676895142,-4.377103479669131e-8,0.9887276291847229,-2.25846736867652e-8,1,4.085001137354993e-8,-0.9887276291847229,-1.621380363303615e-8,-0.14972549676895142],8,1.5129377841949463],[[759.01611328125,222.6885986328125,45.02525329589844,-0.12206849455833435,-3.2024576768208138e-8,0.9925217032432556,-1.9651018590138848e-8,1,2.9849026361716827e-8,-0.9925217032432556,-1.5860436519687938e-8,-0.12206849455833435],8,1.5252013206481934],[[758.7040405273438,222.69448852539063,44.99339294433594,-0.05422770977020264,-2.699516610249475e-9,0.9985285997390747,-1.42103901978885e-8,1,1.931762083628996e-9,-0.9985285997390747,-1.4084726274177229e-8,-0.05422770977020264],8,1.5458242893218995],[[758.4408569335938,223.56761169433595,45.02032470703125,-0.0350356325507164,2.008690458410456e-8,0.9993860721588135,-1.0291548946383955e-8,1,-2.046003722000478e-8,-0.9993860721588135,-1.1002060595899366e-8,-0.0350356325507164],3,1.5723719596862794],[[758.1083374023438,224.5866241455078,45.03510665893555,-0.035036031156778339,4.8204054081679718e-8,0.9993860721588135,-5.397688962460734e-9,1,-4.842289769158015e-8,-0.9993860721588135,-7.0909211835612499e-9,-0.035036031156778339],5,1.5885107517242432],[[757.9083862304688,225.1571502685547,45.042137145996097,-0.03503625839948654,6.50599361051718e-8,0.9993860125541687,-2.463876214164884e-9,1,-6.518628481444466e-8,-0.9993860125541687,-4.7462469510151099e-9,-0.03503625839948654],5,1.5949211120605469],[[757.7750854492188,225.52047729492188,45.046810150146487,-0.03503625839948654,7.629118670138269e-8,0.9993860125541687,-5.0904608306368e-10,1,-7.635590293375572e-8,-0.9993860125541687,-3.1839586522863785e-9,-0.03503625839948654],5,1.6041769981384278],[[757.5751342773438,226.0399169921875,45.05381393432617,-0.03503625839948654,9.312906001923693e-8,0.9993860125541687,2.4216324501225019e-9,1,-9.310137727425172e-8,-0.9993860125541687,-8.417783137204538e-10,-0.03503625839948654],5,1.6126887798309327],[[757.3751831054688,226.52870178222657,45.06081771850586,-0.03503625839948654,1.0995613308750763e-7,0.9993860125541687,5.350431209194539e-9,1,-1.0983610820858303e-7,-0.9993860125541687,1.4989000041154555e-9,-0.03503625839948654],5,1.627441167831421],[[757.1752319335938,226.98683166503907,45.06782150268555,-0.03503625839948654,1.2677240590619477e-7,0.9993860125541687,8.277352137042726e-9,1,-1.2656010994760437e-7,-0.9993860125541687,3.838077411444374e-9,-0.03503625839948654],5,1.6412889957427979],[[756.7086791992188,227.93655395507813,45.084163665771487,-0.03503625839948654,1.6596845853200649e-7,0.9993860125541687,1.509953762024452e-8,1,-1.6554106707644679e-7,-0.9993860125541687,9.290326730138077e-9,-0.03503625839948654],5,1.6709961891174317],[[756.3754272460938,228.51275634765626,45.0958366394043,-0.03503625839948654,1.4081477672789334e-7,0.9993860125541687,1.4311256180121746e-8,1,-1.4039956397482457e-7,-0.9993860125541687,9.383394505846354e-9,-0.03503625839948654],5,1.6915764808654786],[[756.1754760742188,228.81759643554688,45.102840423583987,-0.03503625839948654,1.0449629428421759e-7,0.9993860125541687,1.1577408365326392e-8,1,-1.0415460849344527e-7,-0.9993860125541687,7.921112654685203e-9,-0.03503625839948654],5,1.7008843421936036],[[756.0421752929688,229.00379943847657,45.10750961303711,-0.03503625839948654,8.02969140067944e-8,0.9993860125541687,9.755817487189234e-9,1,-8.000422013765274e-8,-0.9993860125541687,6.946779151917326e-9,-0.03503625839948654],5,1.709019422531128],[[755.6422729492188,229.4806365966797,45.121517181396487,-0.030611449852585794,7.723643946633274e-9,0.9995313882827759,4.699853395351283e-9,1,-7.583328631710629e-9,-0.9995313882827759,4.465514180651553e-9,-0.030611449852585794],5,1.735581874847412],[[755.4423217773438,229.67308044433595,45.12767791748047,-0.008704598993062973,-2.8616213398890978e-8,0.9999620914459229,2.978390645225204e-9,1,2.8643222904634059e-8,-0.9999620914459229,3.2276057382318869e-9,-0.008704598993062973],5,1.7498459815979005],[[755.2423706054688,229.83485412597657,45.129966735839847,0.03638886287808418,-6.4953418643654e-8,0.9993377327919006,2.84291301611006e-9,1,6.489294435141346e-8,-0.9993377327919006,4.796498198622601e-10,0.03638886287808418],5,1.7592346668243409],[[755.1090698242188,229.92567443847657,45.12628936767578,0.0757625475525856,-8.905626458499683e-8,0.9971258640289307,3.6602503250549036e-9,1,8.903485593236837e-8,-0.9971258640289307,-3.095776746064871e-9,0.0757625475525856],5,1.7685253620147706],[[754.97607421875,230.00286865234376,45.11738967895508,0.11575101315975189,-1.129859867887717e-7,0.9932782649993897,5.428200999801902e-9,1,1.1311801273450328e-7,-0.9932782649993897,-7.701810744720206e-9,0.11575101315975189],5,1.7775111198425294],[[754.77734375,230.09312438964845,45.0954704284668,0.15259939432144166,-1.487999128357842e-7,0.9882881045341492,9.419074409322548e-9,1,1.4910889944985684e-7,-0.9882881045341492,-1.3445168534076402e-8,0.15259939432144166],5,1.7876129150390626],[[754.6454467773438,230.13626098632813,45.07600021362305,0.18679866194725038,-1.3655976260906756e-7,0.9823982119560242,9.706652370766733e-9,1,1.3716085334181117e-7,-0.9823982119560242,-1.6085664356069175e-8,0.18679866194725038],5,1.798572301864624],[[754.5142822265625,230.165771484375,45.052101135253909,0.2374376356601715,-1.2385218894905848e-7,0.9714027643203735,9.301525771832076e-9,1,1.2522473014087155e-7,-0.9714027643203735,-2.0697536129432593e-8,0.2374376356601715],5,1.8087272644042969],[[753.9961547851563,230.14756774902345,44.92619705200195,0.25406965613365176,-7.687511072163034e-8,0.967185914516449,7.459473039261866e-9,1,7.752375807967837e-8,-0.967185914516449,-1.2481737421410344e-8,0.25406965613365176],5,1.8412210941314698],[[753.8028564453125,230.08453369140626,44.874847412109378,0.3022596538066864,-5.868569985523209e-8,0.9532256126403809,5.838017180792576e-9,1,5.971419625439012e-8,-0.9532256126403809,-1.2484245637267577e-8,0.3022596538066864],5,1.8684325218200684],[[753.4214477539063,229.8665008544922,44.75436019897461,0.34035801887512209,-2.3196745857489988e-8,0.940295934677124,1.0518281801097374e-9,1,2.4288892674917407e-8,-0.940295934677124,-7.277889402246274e-9,0.34035801887512209],5,1.8839657306671143],[[753.2333984375,229.7115020751953,44.686241149902347,0.3609321117401123,-5.602239117052932e-9,0.9325920939445496,-1.6026889815279333e-9,1,6.627443038809133e-9,-0.9325920939445496,-3.886712285350313e-9,0.3609321117401123],5,1.8916115760803223],[[753.0468139648438,229.52584838867188,44.61419677734375,0.3748522400856018,1.1869204286085733e-8,0.9270845651626587,-4.492365146546717e-9,1,-1.0986301646198627e-8,-0.9270845651626587,-4.6562788347248588e-11,0.3748522400856018],5,1.9010248184204102],[[752.923095703125,229.3850555419922,44.56448745727539,0.3915182948112488,2.3470036580874877e-8,0.9201703071594238,-6.621259984740391e-9,1,-2.2688942280524317e-8,-0.9201703071594238,2.7904494270813986e-9,0.3915182948112488],5,1.911388635635376],[[752.8001708984375,229.23062133789063,44.51276779174805,0.39670246839523318,3.505207857301684e-8,0.9179472327232361,-8.819230679080193e-9,1,-3.437394369143476e-8,-0.9179472327232361,5.540640835022259e-9,0.39670246839523318],5,1.9203858375549317],[[752.7534790039063,229.0766143798828,44.45669937133789,0.35615894198417666,0.0008452137699350715,0.9344249963760376,-0.0052518947049975399,0.9999856352806091,0.0010972603922709823,-0.9344106316566467,-0.00529830064624548,0.3561582565307617],5,1.929248571395874],[[752.7694091796875,228.84112548828126,44.360107421875,0.3518134355545044,0.0008015319472178817,0.9360697865486145,-0.008258688263595105,0.9999633431434631,0.002247711643576622,-0.9360337257385254,-0.008521483279764653,0.3518071472644806],5,1.9391992092132569],[[752.7683715820313,228.57498168945313,44.2801513671875,0.33318448066711428,0.0005864663980901241,0.9428614974021912,-0.005081435665488243,0.9999864101409912,0.00117365806363523,-0.9428479671478272,-0.005182134453207254,0.3331829309463501],5,1.9525887966156006],[[752.7503051757813,228.27816772460938,44.21452713012695,0.3088759779930115,0.0003823780280072242,0.9511022567749023,-0.002124035730957985,0.9999976754188538,0.00028775716782547534,-0.9510999321937561,-0.0021090565714985134,0.30887606739997866],5,1.9713857173919678],[[752.7235717773438,227.95069885253907,44.16789245605469,0.2673855423927307,0.00019075228192377836,0.963589608669281,-0.0005517571116797626,0.9999998211860657,-0.00004485351382754743,-0.9635894894599915,-0.0005196742713451386,0.2673856019973755],5,1.980881929397583],[[752.6925048828125,227.59259033203126,44.142906188964847,0.22471493482589723,0.0000672100213705562,0.9744245409965515,0.000022962822185945698,1,-0.0000742695847293362,-0.9744245409965515,0.00003906502388417721,0.22471493482589723],5,2.002943754196167],[[752.62841796875,226.9300079345703,44.3017578125,0.23151995241641999,0.00884221587330103,0.9727899432182312,-0.0027119077276438476,0.9999606609344482,-0.008443762548267842,-0.972826361656189,-0.0006832170183770359,0.23153482377529145],7,2.0102384090423586],[[752.6343383789063,226.6519012451172,44.42250061035156,0.23673810064792634,0.008708793669939042,0.9715344905853272,-0.005543568171560764,0.9999556541442871,-0.007612734101712704,-0.9715576767921448,-0.003583543235436082,0.23677587509155274],7,2.0206680297851564],[[752.6088256835938,226.54637145996095,44.54946517944336,0.22283096611499787,0.0017518700333312154,0.9748555421829224,-0.00498567521572113,0.9999873638153076,-0.0006574154831469059,-0.9748443365097046,-0.004713819827884436,0.22283688187599183],7,2.028489828109741],[[752.5748901367188,226.57894897460938,44.86189270019531,0.18219606578350068,0.0010163873666897417,0.9832617044448853,-0.0019069513073191047,0.9999979734420776,-0.0006803332944400609,-0.9832603931427002,-0.0017510780598968268,0.18219763040542603],8,2.049100637435913],[[752.5789794921875,226.6053466796875,44.98894119262695,0.2115936130285263,0.000868347124196589,0.9773573279380798,-0.0004957548808306456,0.9999995827674866,-0.0007811350515112281,-0.9773576259613037,-0.00031924646464176476,0.21159395575523377],8,2.057058095932007],[[752.55810546875,226.62799072265626,45.120094299316409,0.22496917843818665,0.00031939204200170934,0.9743658304214478,0.00016524511738680303,0.9999999403953552,-0.00036594783887267113,-0.9743658900260925,0.00024333618057426065,0.22496911883354188],8,2.065990924835205],[[752.5335693359375,227.2802734375,45.319427490234378,0.25118258595466616,0.000671601272188127,0.9679394960403442,0.0009257936617359519,0.9999991059303284,-0.0009340913384221494,-0.9679392576217651,0.0011307396925985814,0.2511817216873169],3,2.078277826309204],[[752.497802734375,227.9019012451172,45.51698684692383,0.2160230129957199,-0.00003659611684270203,0.9763882756233215,0.0008548699552193284,0.9999996423721314,-0.0001516563497716561,-0.9763879179954529,0.0008674463024362922,0.21602295339107514],5,2.097975015640259],[[752.4423828125,228.68304443359376,45.779666900634769,0.2196665108203888,-0.0002915827790275216,0.9755749702453613,0.00031224670237861574,0.9999999403953552,0.00022857556177768856,-0.9755749702453613,0.0002544096496421844,0.21966658532619477],5,2.1053707599639894],[[752.3994750976563,229.0531768798828,45.90578079223633,0.31618282198905947,-0.00020990363555029035,0.9486982822418213,0.00013109065184835345,1,0.00017756439046934247,-0.9486982822418213,0.0000682226600474678,0.31618282198905947],5,2.1181676387786867],[[752.3278198242188,229.5828399658203,46.09269332885742,0.37468236684799197,0.00004245615127729252,0.9271532297134399,0.000013099212992528919,1,-0.00005108561526867561,-0.9271532297134399,0.00003128585740341805,0.37468236684799197],5,2.126330852508545],[[752.27099609375,229.91891479492188,46.21311950683594,0.45715633034706118,0.000042861600377364087,0.8893863558769226,-0.00001006233742373297,1,-0.00004302015804569237,-0.8893863558769226,0.00001071763108484447,0.45715633034706118],5,2.1355984210968019],[[752.2058715820313,230.24136352539063,46.32929992675781,0.5121181011199951,0.00003192979420418851,0.8589150309562683,-0.000013485722774930764,1,-0.000029133860152796843,-0.8589150309562683,0.000003336888084959355,0.5121181011199951],5,2.144526481628418],[[752.1334228515625,230.550186