[[[776,222.69961547851563,47,1,8.811336726921582e-8,7.017975017445258e-15,-8.811336726921582e-8,1,7.529626344648932e-8,-3.833678530811252e-16,-7.529626344648932e-8,1],8,0.008885622024536133],[[776,222.69961547851563,47,1,8.750534163937118e-8,7.068533143517446e-15,-8.750534163937118e-8,1,7.477667196553739e-8,-5.251747739182103e-16,-7.477667196553739e-8,1],8,0.03130006790161133],[[776,222.69961547851563,47,1,4.133161368713445e-8,5.001091737727361e-15,-4.133161368713445e-8,1,3.531943093548762e-8,-3.5412827574190675e-15,-3.531943093548762e-8,1],8,0.04115867614746094],[[776,222.69961547851563,47,1,2.2875932259580624e-8,4.713788749930543e-15,-2.2875932259580624e-8,1,1.9548332730323638e-8,-4.266602364108845e-15,-1.9548332730323638e-8,1],8,0.05061459541320801],[[776,222.69961547851563,47,1,4.428137856393732e-9,4.720037735498912e-15,-4.428137856393732e-9,1,3.783972246651501e-9,-4.703281729736327e-15,-3.783972246651501e-9,1],8,0.06143927574157715],[[776,222.69961547851563,47,1,-2.3228773571304374e-8,5.2755257539565448e-15,2.3228773571304374e-8,1,-1.9849942134442246e-8,-4.814436169338614e-15,1.9849942134442246e-8,1],8,0.07235026359558106],[[776,222.69961547851563,47,1,-5.086796051045894e-8,6.483908038707213e-15,5.086796051045894e-8,1,-4.346871662619378e-8,-4.272743352976439e-15,4.346871662619378e-8,1],8,0.0825190544128418],[[776,222.69961547851563,47,1,-6.928424056695803e-8,7.6514010784786e-15,6.928424056695803e-8,1,-5.920615464560797e-8,-3.5493475698681125e-15,5.920615464560797e-8,1],8,0.0939488410949707],[[776,222.69961547851563,47,1,-7.01484808018904e-8,7.962208807045252e-15,7.01484808018904e-8,1,-5.994468210701598e-8,-3.757180232487637e-15,5.994468210701598e-8,1],8,0.10585188865661621],[[776,222.69961547851563,47,1,-6.181110023817382e-8,7.572599062296692e-15,6.181110023817382e-8,1,-5.282004877926738e-8,-4.307733436994567e-15,5.282004877926738e-8,1],8,0.1159365177154541],[[776,222.69961547851563,47,1,-4.931170494160142e-8,7.061771703015989e-15,4.931170494160142e-8,1,-4.2138811551239999e-8,-4.983835135492949e-15,4.2138811551239999e-8,1],8,0.12800240516662599],[[776,222.69961547851563,47,1,-3.6820317461661037e-8,6.673041178466678e-15,3.6820317461661037e-8,1,-3.146441684975798e-8,-5.514511441343135e-15,3.146441684975798e-8,1],8,0.14012408256530763],[[776,222.69961547851563,47,1,-2.4336939574709505e-8,6.415432624701754e-15,2.4336939574709505e-8,1,-2.0796859345750819e-8,-5.909300792564156e-15,2.0796859345750819e-8,1],8,0.15041351318359376],[[776,222.69961547851563,47,1,-1.1861559734427374e-8,6.2905299933325828e-15,1.1861559734427374e-8,1,-1.0136136374683247e-8,-6.170299595700465e-15,1.0136136374683247e-8,1],8,0.16479992866516114],[[776,222.69961547851563,47,1,4.759843186263879e-9,6.330564582068083e-15,-4.759843186263879e-9,1,4.067535641638642e-9,-6.311203949992692e-15,-4.067535641638642e-9,1],8,0.17939043045043946],[[776,222.69961547851563,47,1,1.7216574832445987e-8,6.515267315996935e-15,-1.7216574832445987e-8,1,1.4712326468213633e-8,-6.2619714304829568e-15,-1.4712326468213633e-8,1],8,0.20227766036987306],[[776,222.69961547851563,47,1,3.3813133626381389e-8,6.967306353573453e-15,-3.3813133626381389e-8,1,2.8894772796661529e-8,-5.9902834950687718e-15,-2.8894772796661529e-8,1],8,0.21033453941345216],[[775.9005126953125,222.69961547851563,47.01776123046875,0.994024932384491,4.5900637957174698e-8,0.10915301740169525,-4.994668501012711e-8,1,3.433358486404359e-8,-0.10915301740169525,-3.9580271504746636e-8,0.994024932384491],8,0.22595930099487306],[[775.6442260742188,222.69961547851563,47.03694152832031,0.9531564712524414,6.056651358221643e-8,0.30247774720191958,-7.404728563642493e-8,1,3.31004095244225e-8,-0.30247774720191958,-5.394752378151679e-8,0.9531564712524414],8,0.24712347984313966],[[775.378662109375,222.69961547851563,47.01923370361328,0.8880980014801025,7.385929734482488e-8,0.45965415239334109,-9.69841522646675e-8,1,2.669862908533105e-8,-0.45965415239334109,-6.829016285792022e-8,0.8880980014801025],8,0.2550358772277832],[[775.2488403320313,222.69961547851563,46.99068069458008,0.8552552461624146,8.016652230935506e-8,0.5182069540023804,-1.0765254643274602e-7,1,2.2971288871076468e-8,-0.5182069540023804,-7.543261659748168e-8,0.8552552461624146],8,0.2645447254180908],[[775.06005859375,222.69961547851563,46.92555618286133,0.8122997879981995,8.936994078112548e-8,0.5832401514053345,-1.2282376360417403e-7,1,1.7831032650406088e-8,-0.5832401514053345,-8.611989699147671e-8,0.8122997879981995],8,0.2747013568878174],[[774.938720703125,222.69961547851563,46.870601654052737,0.788191556930542,8.29288993031696e-8,0.6154299974441528,-1.151197253079772e-7,1,1.2686240502546298e-8,-0.6154299974441528,-8.084732172619624e-8,0.788191556930542],8,0.2853374481201172],[[774.7659301757813,222.69961547851563,46.77031707763672,0.760284960269928,5.471423136782505e-8,0.6495897173881531,-7.68720340715845e-8,1,5.742730291302678e-9,-0.6495897173881531,-5.430139182749372e-8,0.760284960269928],8,0.2958252429962158],[[774.6627197265625,222.69961547851563,46.686649322509769,0.7489845156669617,3.599786424501872e-8,0.6625875234603882,-5.119028045896812e-8,1,3.5359335459617115e-9,-0.6625875234603882,-3.6566397909609807e-8,0.7489845156669617],8,0.3066084384918213],[[774.3859252929688,222.69961547851563,46.39830780029297,0.7391939163208008,-1.9975933795990387e-8,0.6734926700592041,2.600419968246115e-8,1,1.1192208271282312e-9,-0.6734926700592041,1.6686316328673457e-8,0.7391939163208008],8,0.3276228904724121],[[774.3139038085938,222.69961547851563,46.28700637817383,0.743877649307251,-3.861224229240179e-8,0.6683158278465271,5.173054518081699e-8,1,1.9608192847186957e-10,-0.6683158278465271,3.442648122131686e-8,0.743877649307251],8,0.3396883010864258],[[774.2251586914063,222.69961547851563,46.10813903808594,-0.3426978290081024,-1.200720589622506e-8,0.9394456744194031,6.80489122828476e-8,1,3.76045363736921e-8,-0.9394456744194031,7.681524749614255e-8,-0.3426978290081024],8,0.3520188331604004],[[774.1580200195313,222.69961547851563,45.9200325012207,-0.3287665545940399,-3.428526085258454e-8,0.9444112181663513,7.301596127717858e-8,1,6.172149369376712e-8,-0.9444112181663513,8.924905614549061e-8,-0.3287665545940399],8,0.37372350692749026],[[774.0533447265625,222.69961547851563,45.60358428955078,-0.2515850365161896,-4.868302028171456e-8,0.9678351879119873,4.188207824995516e-8,1,6.118802531318579e-8,-0.9678351879119873,5.592893970174373e-8,-0.2515850365161896],8,0.3826291561126709],[[774.0180053710938,222.69961547851563,45.47507095336914,-0.24811303615570069,-5.168996963789141e-8,0.9687311053276062,2.9518631095015736e-8,1,6.091879356517893e-8,-0.9687311053276062,4.3710361552484758e-8,-0.24811303615570069],8,0.39316391944885256],[[773.9680786132813,222.69961547851563,45.28141784667969,-0.24801085889339448,-5.5890897243671137e-8,0.9687572717666626,1.0995243826528167e-8,1,6.050828460502089e-8,-0.9687572717666626,2.565843360002873e-8,-0.24801085889339448],8,0.40370702743530276],[[773.9349975585938,222.69961547851563,45.152252197265628,-0.2479507476091385,-5.8686744353053658e-8,0.9687726497650147,-1.3448308022745437e-9,1,6.023424958812029e-8,-0.9687726497650147,1.3632291739895664e-8,-0.2479507476091385],8,0.4126880168914795],[[773.8093872070313,222.69961547851563,45.015499114990237,-0.24794380366802216,-6.287559983775282e-8,0.9687744379043579,-1.984426489798352e-8,1,5.982335693488494e-8,-0.9687744379043579,-4.391785601853826e-9,-0.24794380366802216],8,0.4256722927093506],[[773.6973266601563,222.69961547851563,44.945526123046878,-0.24793973565101624,-6.566654775497227e-8,0.9687754511833191,-3.217048671899647e-8,1,5.954962034593336e-8,-0.9687754511833191,-1.640126079394122e-8,-0.24793973565101624],8,0.4479074478149414],[[773.4110107421875,222.69961547851563,44.77529525756836,-0.2479393035173416,-7.263876256047297e-8,0.9687755703926086,-6.29628971182683e-8,1,5.886583309688831e-8,-0.9687755703926086,-4.640176243242422e-8,-0.2479393035173416],8,0.4592154026031494],[[773.2388916015625,222.69961547851563,44.6733512878418,-0.24793900549411775,-7.681850178187233e-8,0.9687756299972534,-8.142254159793083e-8,1,5.8455924545341989e-8,-0.9687756299972534,-6.438666844132968e-8,-0.24793900549411775],8,0.47924184799194338],[[773.0093994140625,222.69961547851563,44.53742599487305,-0.24793900549411775,-8.238733784082797e-8,0.9687756299972534,-1.0601699784729135e-7,1,5.790978718778206e-8,-0.9687756299972534,-8.83485924418892e-8,-0.24793900549411775],8,0.4863436222076416],[[772.8946533203125,222.69961547851563,44.46946334838867,-0.24793900549411775,-7.440874583153345e-8,0.9687756299972534,-1.0211495293788175e-7,1,5.067268560310367e-8,-0.9687756299972534,-8.63627462877048e-8,-0.24793900549411775],8,0.4944920539855957],[[772.7799072265625,222.69961547851563,44.4015007019043,-0.24793900549411775,-5.567462935118783e-8,0.9687756299972534,-8.202663792644671e-8,1,3.647596358291594e-8,-0.9687756299972534,-7.042159211323451e-8,-0.24793900549411775],8,0.5028302669525147],[[772.5943603515625,222.69961547851563,44.39363098144531,-0.24793900549411775,-2.7588468398676015e-8,0.9687756299972534,-5.1910255649545437e-8,1,1.5192259894547534e-8,-0.9687756299972534,-4.652263640991805e-8,-0.24793900549411775],8,0.5154991149902344],[[772.3397216796875,223.56251525878907,44.433990478515628,-0.24793900549411775,9.83173986668362e-9,0.9687756299972534,-1.1785099118810649e-8,1,-1.3164788370545466e-8,-0.9687756299972534,-1.4681181603748428e-8,-0.24793900549411775],3,0.5408494472503662],[[771.9530639648438,224.75466918945313,44.52676010131836,-0.23074474930763246,6.620678760782539e-8,0.9730142951011658,4.757458071935616e-8,1,-5.6760935507327306e-8,-0.9730142951011658,3.3193458648383969e-8,-0.23074474930763246],5,0.5632474422454834],[[771.628662109375,225.6544647216797,44.60341262817383,-0.19249796867370606,1.1131933064234545e-7,0.9812973737716675,9.571209602654562e-8,1,-9.466544526048892e-8,-0.9812973737716675,7.569911986138323e-8,-0.19249796867370606],5,0.5822608470916748],[[771.366943359375,226.31298828125,44.65477752685547,-0.13185752928256989,1.0152898255455512e-7,0.9912686944007874,9.385558286112428e-8,1,-8.993870181939201e-8,-0.9912686944007874,8.117699934473421e-8,-0.13185752928256989],5,0.5930261611938477],[[771.1689453125,226.7711181640625,44.682308197021487,-0.09252215921878815,8.422895803050779e-8,0.9957106113433838,8.322516720227213e-8,1,-7.685845559990412e-8,-0.9957106113433838,7.575707172691182e-8,-0.09252215921878815],5,0.6069555282592773],[[770.9035034179688,227.33425903320313,44.70734786987305,-0.01844281516969204,5.9530357532366909e-8,0.999829888343811,7.061105122829758e-8,1,-5.8237997535570688e-8,-0.999829888343811,6.952497244583356e-8,-0.01844281516969204],5,0.6195368766784668],[[770.7703857421875,227.5953826904297,44.71247482299805,0.06563109904527664,4.4060485038244226e-8,0.9978439807891846,6.51188258871116e-8,1,-4.843873924187392e-8,-0.9978439807891846,6.815751163458117e-8,0.06563109904527664],5,0.6314327716827393],[[770.5707397460938,227.9615478515625,44.70426559448242,0.10212680697441101,2.763201933930759e-8,0.9947713613510132,5.7287838473030209e-8,1,-3.365862966120403e-8,-0.9947713613510132,6.0425747960835e-8,0.10212680697441101],5,0.6415183544158936],[[770.4381103515625,228.18861389160157,44.691497802734378,0.1377025544643402,1.6268231206595375e-8,0.9904736280441284,5.236950073594926e-8,1,-2.3705473140012147e-8,-0.9904736280441284,5.5134915299959178e-8,0.1377025544643402],5,0.6514382362365723],[[770.2399291992188,228.50367736816407,44.66493225097656,0.1905491203069687,-5.152689941390065e-10,0.9816776514053345,4.583031554261652e-8,1,-8.371033644039017e-9,-0.9816776514053345,4.65856899722894e-8,0.1905491203069687],5,0.6628611087799072],[[770.1088256835938,228.69668579101563,44.64085388183594,0.21684524416923524,-1.0907201364318553e-8,0.9762060046195984,4.172112610945078e-8,1,1.9055137467915985e-9,-0.9762060046195984,4.0315214278052738e-8,0.21684524416923524],5,0.6740322113037109],[[769.9134521484375,228.9606475830078,44.598209381103519,0.2419375479221344,-2.559973211191391e-8,0.970291793346405,3.595254938204562e-8,1,1.741894450901782e-8,-0.970291793346405,3.067016862701166e-8,0.2419375479221344],5,0.6873242855072022],[[769.7192993164063,229.1939697265625,44.550289154052737,0.28323471546173098,-4.054685476262421e-8,0.9590506553649902,3.083210131649139e-8,1,3.317252961210215e-8,-0.9590506553649902,2.0173933634737297e-8,0.28323471546173098],5,0.6973450183868408],[[769.5911865234375,229.3324737548828,44.5135383605957,0.30014219880104067,-4.996834235271308e-8,0.9538944959640503,2.7612225395046154e-8,1,4.3695344231764469e-8,-0.9538944959640503,1.3224332739980582e-8,0.30014219880104067],5,0.7074637413024902],[[769.4002685546875,229.5146942138672,44.45396423339844,0.3119208514690399,-6.370464689098299e-8,0.9501081109046936,2.3017461714402999e-8,1,5.9493252990705517e-8,-0.9501081109046936,3.311890539592355e-9,0.3119208514690399],5,0.7174432277679443],[[769.210205078125,229.666259765625,44.391746520996097,0.31609615683555605,-7.727319939476729e-8,0.9487271308898926,1.8536338686203636e-8,1,7.527341949753463e-8,-0.9487271308898926,-6.207709901673297e-9,0.31609615683555605],5,0.7301695346832275],[[769.0204467773438,229.7871551513672,44.32853317260742,0.31661897897720339,-9.081400520472016e-8,0.9485527873039246,1.4101503076346944e-8,1,9.103256815023997e-8,-0.9485527873039246,-1.5446618206738095e-8,0.31661897897720339],5,0.7421150207519531],[[768.8939819335938,229.85073852539063,44.28630065917969,0.30398330092430117,-1.0004306716382416e-7,0.9526773691177368,1.1059464455343005e-8,1,1.0148364992801362e-7,-0.9526773691177368,-2.0313235538083064e-8,0.30398330092430117],5,0.7529568672180176],[[768.70361328125,229.92054748535157,44.22509002685547,0.29291146993637087,-1.1382142162119635e-7,0.9561395645141602,6.355867387952685e-9,1,1.1709557412586946e-7,-0.9561395645141602,-2.822154065995619e-8,0.29291146993637087],5,0.7639527320861816],[[768.5125122070313,229.95970153808595,44.1662483215332,0.2639690041542053,-1.281972572542145e-7,0.9645311832427979,1.3381827868030883e-9,1,1.3254525299544185e-7,-0.9645311832427979,-3.3697119761200159e-8,0.2639690041542053],5,0.7784991264343262],[[768.2554321289063,229.96421813964845,44.09526443481445,0.23201769590377809,-1.4737871367742628e-7,0.9727115631103516,-5.871229724618843e-9,1,1.5291372790215974e-7,-0.9727115631103516,-4.118970409194844e-8,0.23201769590377809],5,0.7943098545074463],[[767.9961547851563,229.91424560546876,44.033164978027347,0.20283086597919465,-1.6669814328906797e-7,0.9792137742042542,-1.3687411204443834e-8,1,1.7307188215909265e-7,-0.9792137742042542,-4.8507221350746479e-8,0.20283086597919465],5,0.8187956809997559],[[767.5391845703125,229.69564819335938,43.9392204284668,0.15825042128562928,-9.906184317287625e-8,0.9873989820480347,-1.4711192264371676e-8,1,1.0268381345213129e-7,-0.9873989820480347,-3.0775570536434319e-8,0.15825042128562928],5,0.8386235237121582],[[767.3416748046875,229.5508575439453,43.90782928466797,0.13936616480350495,-6.247196182584958e-8,0.9902409315109253,-1.3855615321745063e-8,1,6.503767480126044e-8,-0.9902409315109253,-2.278444810599467e-8,0.13936616480350495],5,0.8497557640075684],[[767.2096557617188,229.43731689453126,43.889137268066409,0.12902024388313294,-3.7921466855550537e-8,0.9916419386863709,-1.3114549446413548e-8,1,3.9947391172745486e-8,-0.9916419386863709,-1.815895878110041e-8,0.12902024388313294],5,0.859816312789917],[[767.0113525390625,229.24143981933595,43.86311340332031,0.11558941751718521,-1.004481386956968e-9,0.9932971000671387,-1.1498743290871971e-8,1,2.3493620382453175e-9,-0.9932971000671387,-1.1693229495790547e-8,0.11558941751718521],5,0.8701462745666504],[[766.8789672851563,229.0938262939453,43.847381591796878,0.10966596752405167,2.369174900707094e-8,0.9939684867858887,-1.0288676577374645e-8,1,-2.2700348267790106e-8,-0.9939684867858887,-7.737164686716369e-9,0.10966596752405167],5,0.8841347694396973],[[766.68017578125,228.84686279296876,43.825294494628909,0.10610609501600266,6.079776682099691e-8,0.994354784488678,-8.338615131719962e-9,1,-6.025312870860944e-8,-0.994354784488678,-1.898317725235188e-9,0.10610609501600266],5,0.8945653438568115],[[766.4813232421875,228.56922912597657,43.80402755737305,0.1024932786822319,9.790257138320158e-8,0.9947336912155151,-6.252890205615813e-9,1,-9.777661347243338e-8,-0.9947336912155151,3.801484460552729e-9,0.1024932786822319],5,0.9066133499145508],[[766.2824096679688,228.2609405517578,43.78346252441406,0.09899140894412995,1.3500475404271129e-7,0.9950882792472839,-4.038281709028979e-9,1,-1.352694170009272e-7,-0.9950882792472839,9.37206312556782e-9,0.09899140894412995],5,0.9251012802124023],[[766.0170288085938,227.80221557617188,43.757015228271487,0.08614953607320786,1.3069694659861853e-7,0.9962822198867798,-8.618308289243259e-10,1,-1.3111014141031775e-7,-0.9962822198867798,1.0436451702844352e-8,0.08614953607320786],5,0.9362707138061523],[[765.8178100585938,227.4224090576172,43.739540100097659,0.08030277490615845,1.139906729008544e-7,0.9967705011367798,1.3776531027076545e-9,1,-1.1447098557937352e-7,-0.9967705011367798,1.0565542218898827e-8,0.08030277490615845],5,0.9467711448669434],[[765.618408203125,227.01193237304688,43.72341537475586,0.07648536562919617,9.727354921551523e-8,0.9970707297325134,3.596186681775748e-9,1,-9.783519061556945e-8,-0.9970707297325134,1.1068612693065916e-8,0.07648536562919617],5,0.9589028358459473],[[765.4854736328125,226.72125244140626,43.71315002441406,0.06942581385374069,8.618538061000436e-8,0.9975871443748474,4.991567159606802e-9,1,-8.674121687590741e-8,-0.9975871443748474,1.10016022958348e-8,0.06942581385374069],5,0.969914436340332],[[765.2859497070313,226.2596893310547,43.69905471801758,0.06600525975227356,6.94847273052801e-8,0.9978193044662476,7.038290394945079e-9,1,-7.01021605209462e-8,-0.9978193044662476,1.1650053366452085e-8,0.06600525975227356],5,0.9826176166534424],[[765.0863647460938,225.76747131347657,43.68579864501953,0.05754043161869049,5.2857352272894789e-8,0.9983431696891785,8.92577656230742e-9,1,-5.345951947788308e-8,-0.9983431696891785,1.1987071779628878e-8,0.05754043161869049],5,0.9942805767059326],[[764.8867797851563,225.24459838867188,43.67409133911133,0.05223121494054794,3.6207509879204738e-8,0.9986349940299988,1.0730940580572224e-8,1,-3.681825688772733e-8,-0.9986349940299988,1.2639355340127168e-8,0.05223121494054794],5,1.005246639251709],[[764.68701171875,224.69107055664063,43.66355514526367,0.04201378673315048,1.9636697601299603e-8,0.9991170167922974,1.2357161516263205e-8,1,-2.01736813920661e-8,-0.9991170167922974,1.3193823811263883e-8,0.04201378673315048],5,1.0172927379608155],[[764.4872436523438,224.10687255859376,43.65491485595703,0.03495469689369202,3.0420026497779419e-9,0.9993888735771179,1.3870415038752526e-8,1,-3.528995318191619e-9,-0.9993888735771179,1.398529381191338e-8,0.03495469689369202],5,1.028412103652954],[[764.3023071289063,224.10772705078126,43.64719009399414,0.01872664876282215,-1.3414386934584855e-8,0.9998246431350708,1.512076508447535e-8,1,1.313352893106412e-8,-0.9998246431350708,1.4872166609336546e-8,0.01872664876282215],12,1.0437734127044678],[[764.1397094726563,224.24038696289063,43.640403747558597,0.001036333735100925,-2.982460500788875e-8,0.999999463558197,1.6075508924018324e-8,1,2.980796409701725e-8,-0.999999463558197,1.6044609196796956e-8,0.001036333735100925],12,1.0546903610229493],[[764.1553344726563,224.3188018798828,43.63785934448242,-0.015396061353385449,0.01180355530232191,0.9998118281364441,0.001558596035465598,0.9999293684959412,-0.011780942790210247,-0.9998802542686462,0.0013769225915893913,-0.015413370914757252],12,1.065504550933838],[[764.152587890625,224.5341339111328,43.63520812988281,-0.004771857988089323,0.0034837827552109958,0.9999825358390808,0.00018450748757459223,0.9999939203262329,-0.0034829420037567617,-0.9999886155128479,0.00016788420907687396,-0.004772471729665995],8,1.0779545307159424],[[764.17041015625,224.73013305664063,43.6353874206543,-0.007006512023508549,0.0016174999764189125,0.9999741315841675,-0.00048200483433902264,0.9999985694885254,-0.0016209166496992112,-0.999975323677063,-0.0004933493328280747,-0.007005722261965275],8,1.089052677154541],[[764.17529296875,224.86956787109376,43.637020111083987,-0.005730131641030312,0.001510935602709651,0.9999824166297913,-0.0001820871839299798,0.9999988675117493,-0.0015120037132874132,-0.999983549118042,-0.00019074796000495553,-0.00572984991595149],8,1.0991511344909669],[[764.1858520507813,224.9353790283203,43.63789749145508,0.016076548025012018,0.0012587117962539197,0.9998699426651001,-0.00006182999641168863,0.9999992251396179,-0.0012578803580254317,-0.999870777130127,-0.00004159958189120516,0.01607661321759224],8,1.110339879989624],[[764.281982421875,225.03421020507813,43.558197021484378,0.0956733301281929,0.0003742719709407538,0.9954127073287964,0.004131882451474667,0.9999911785125732,-0.0007731261430308223,-0.9954041838645935,0.004186895675957203,0.09567093849182129],8,1.1253883838653565],[[764.5772705078125,225.10293579101563,43.34095001220703,0.37378284335136416,-0.0001441406348021701,0.9275162220001221,0.002394171431660652,0.9999967813491821,-0.0008094306103885174,-0.9275131821632385,0.0025231840554624798,0.3737820088863373],8,1.1509003639221192],[[764.8871459960938,225.14578247070313,43.09431076049805,0.7355159521102905,0.0007486175163649023,0.6775069832801819,-0.0003586368402466178,0.9999997019767761,-0.0007156148203648627,-0.6775073409080505,0.0002833670878317207,0.7355159521102905],8,1.1700005531311036],[[765.0468139648438,225.13771057128907,42.80897521972656,0.8006079792976379,-0.000012121094187023118,0.5991885662078857,-0.00011465741408756003,1,0.00017342909995932132,-0.599188506603241,-0.00020755012519657612,0.8006079196929932],8,1.177553653717041],[[765.124755859375,225.11062622070313,42.705196380615237,0.7860815525054932,-0.00007037197792669758,0.6181228160858154,-0.000029352851925068536,1,0.00015117661678232253,-0.6181228160858154,-0.00013698081602342427,0.7860814929008484],8,1.1871886253356934],[[765.2444458007813,225.76290893554688,42.5518913269043,0.6809231638908386,-0.00013692452921532094,0.7323548793792725,0.00008866307325661182,1,0.00010452826973050833,-0.7323548793792725,-0.000006242888957785908,0.6809231638908386],3,1.1995890140533448],[[765.3308715820313,226.1807403564453,42.4524040222168,0.6218112707138062,-0.00012073636753484607,0.7831671237945557,0.00010790541273308918,1,0.00006849057535873726,-0.7831671237945557,0.000041919756768038499,0.6218112707138062],5,1.2197506427764893],[[765.493408203125,226.9755096435547,42.241851806640628,0.3616829514503479,-0.00003542343256413005,0.9323011636734009,0.00006424108141800389,1,0.000013073595255264081,-0.9323011636734009,0.00005516354212886654,0.3616829514503479],5,1.2267730236053467],[[765.5661010742188,227.35244750976563,42.1315803527832,0.3109447658061981,-0.000011504468602652196,0.9504280090332031,0.00003780133556574583,1,-2.6268065766998918e-7,-0.9504280090332031,0.000036009125324198979,0.3109447658061981],5,1.2363204956054688],[[765.6845703125,228.0654754638672,41.89820098876953,0.1833057403564453,0.000006090126134949969,0.9830559492111206,0.000007858241588110105,1,-0.00000766038465371821,-0.9830559492111206,0.000009129284080700018,0.1833057403564453],5,1.250354528427124],[[765.7490234375,228.56448364257813,41.71419906616211,0.07285568118095398,0.000005169907581148436,0.9973424673080444,-2.650118062774709e-7,1,-0.000005164324193174252,-0.9973424673080444,1.1194283189297494e-7,0.07285568118095398],5,1.2632744312286378],[[765.7918090820313,229.03282165527345,41.52490997314453,-0.0370696596801281,0.0000022168264877109324,0.999312698841095,-0.0000021454497982631439,1,-0.00000229793681683077,-0.999312698841095,-0.0000022291590084932979,-0.0370696596801281],5,1.2769715785980225],[[765.814453125,229.60958862304688,41.26754379272461,-0.08226045966148377,1.1588898729542052e-7,0.9966108798980713,-0.0000013853515383743798,1,-2.306302775423319e-7,-0.9966108798980713,-0.0000013996281040817849,-0.08226045966148377],5,1.2919275760650635],[[765.8109130859375,229.87753295898438,41.13784408569336,-0.21881446242332459,-3.3686609413052795e-7,0.9757664799690247,-8.562680591239769e-7,1,1.5321519697408804e-7,-0.9757664799690247,-8.019919732760172e-7,-0.21881446242332459],5,1.302581548690796],[[765.7870483398438,230.25390625,40.944095611572269,-0.2289050817489624,-3.196208524514077e-7,0.9734487533569336,-2.922888313605654e-7,1,2.596073329641513e-7,-0.9734487533569336,-2.2510275243803336e-7,-0.2289050817489624],5,1.31196928024292],[[765.7587890625,230.48779296875,40.81613540649414,-0.3080812394618988,-2.2716406533618284e-7,0.9513600468635559,-8.830408404492118e-8,1,2.1018250606630318e-7,-0.9513600468635559,-1.925569215188716e-8,-0.3080812394618988],5,1.3223953247070313],[[765.6497802734375,231.0128936767578,40.50358963012695,-0.38148200511932375,-8.997022682422085e-9,0.9243762493133545,9.053692906491051e-8,1,4.709687217996361e-8,-0.9243762493133545,1.01656802087291e-7,-0.38148200511932375],5,1.3421638011932374],[[765.59423828125,231.1990966796875,40.38296127319336,-0.5277721285820007,5.290591431617031e-8,0.8493859767913818,1.0204405498370761e-7,1,1.1185672388336343e-9,-0.8493859767913818,8.726514266754748e-8,-0.5277721285820007],5,1.351780652999878],[[765.49462890625,231.4528350830078,40.21095657348633,-0.5511922240257263,1.063104306808782e-7,0.8343783020973206,1.0815990947321552e-7,1,-5.5962061651371189e-8,-0.8343783020973206,5.9400431240419496e-8,-0.5511922240257263],5,1.3625733852386475],[[765.417724609375,231.60498046875,40.10280990600586,-0.626060426235199,1.2166854901352054e-7,0.77977454662323,9.550623047971385e-8,1,-7.935098267353169e-8,-0.77977454662323,2.479481686634699e-8,-0.626060426235199],5,1.3731844425201417],[[765.2882690429688,231.80763244628907,39.95100402832031,-0.6827130317687988,1.3836468326644536e-7,0.730686604976654,7.919195610384122e-8,1,-1.1536997845951191e-7,-0.730686604976654,-2.0900079888974689e-8,-0.6827130317687988],5,1.3842742443084717],[[765.1447143554688,231.97962951660157,39.81239700317383,-0.7188344597816467,1.5148033583045618e-7,0.6951812505722046,6.39296260374067e-8,1,-1.517956746965865e-7,-0.6951812505722046,-6.467328717008059e-8,-0.7188344597816467],5,1.395488977432251],[[765.0419311523438,232.0772705078125,39.72763442993164,-0.80147385597229,1.2056879938882049e-7,0.5980297923088074,4.509027462518134e-8,1,-1.4118046465227963e-7,-0.5980297923088074,-8.618712854513433e-8,-0.80147385597229],5,1.4064052104949952],[[764.87841796875,232.1981658935547,39.61298370361328,-0.8127402067184448,8.657063688133349e-8,0.5826262831687927,1.6748249009879147e-8,1,-1.2522377801360563e-7,-0.5826262831687927,-9.201642825473755e-8,-0.8127402067184448],5,1.418450117111206],[[764.7064819335938,232.28842163085938,39.51097106933594,-0.844957172870636,4.841993472837203e-8,0.5348339080810547,-1.201185551025219e-8,1,-1.0950957829436448e-7,-0.5348339080810547,-9.895525465708488e-8,-0.844957172870636],5,1.429487943649292],[[764.52880859375,232.3480224609375,39.419254302978519,-0.9053651690483093,2.4835895562347334e-9,0.42463383078575137,-4.2227672025774157e-8,1,-9.588273286453841e-8,-0.42463383078575137,-1.0474018807826724e-7,-0.9053651690483093],5,1.4429121017456055],[[764.3445434570313,232.376953125,39.34259033203125,-0.9309004545211792,-3.7904754890405459e-8,0.36527299880981448,-7.304609539460216e-8,1,-8.238738757881947e-8,-0.36527299880981448,-1.0337622313727479e-7,-0.9309004545211792],5,1.4539570808410645],[[764.2175903320313,232.37921142578126,39.302371978759769,-0.9762594699859619,-7.611598817902632e-8,0.21660424768924714,-9.465029648936252e-8,1,-7.519366818087292e-8,-0.21660424768924714,-9.391018807036744e-8,-0.9762594699859619],5,1.4645068645477296],[[763.9570922851563,232.34286499023438,39.24861145019531,-0.9730823636054993,-1.207587700946533e-7,0.23045757412910462,-1.3799146358906e-7,1,-5.865847541031144e-8,-0.23045757412910462,-8.888071079127258e-8,-0.9730823636054993],5,1.4793567657470704],[[763.692138671875,232.25201416015626,39.21951675415039,-0.9931317567825317,-1.2691074857684726e-7,0.11700119823217392,-1.3145620414434235e-7,1,-3.1132913136389109e-8,-0.11700119823217392,-4.629961836144503e-8,-0.9931317567825317],5,1.4967930316925049],[[763.4926147460938,232.14810180664063,39.21357727050781,-0.9996979832649231,-1.1520500464712313e-7,0.024575497955083848,-1.1540569033741122e-7,1,-6.747759684344601e-9,-0.024575497955083848,-9.581873960939902e-9,-0.9996979832649231],5,1.518042802810669],[[763.2266235351563,231.9618682861328,39.229698181152347,-0.9999772906303406,-9.487079921655095e-8,-0.006739507429301739,-9.503846598590826e-8,1,2.4558120870210588e-8,0.006739507429301739,2.51980747378866e-8,-0.9999772906303406],5,1.5269451141357422],[[763.0282592773438,231.78643798828126,39.25465393066406,-0.9970576167106628,-7.666866252975524e-8,-0.07665577530860901,-8.054742295371398e-8,1,4.750788562546404e-8,0.07665577530860901,5.354252508027457e-8,-0.9970576167106628],5,1.53914213180542],[[762.8311157226563,231.58035278320313,39.28828048706055,-0.9931735396385193,-5.792817958649721e-8,-0.1166461706161499,-6.656912887592625e-8,1,7.018245185008709e-8,0.1166461706161499,7.746838548428059e-8,-0.9931735396385193],5,1.5492546558380128],[[762.7006225585938,231.42591857910157,39.3155403137207,-0.9693955779075623,-3.5857041780218427e-8,-0.24550411105155946,-5.876055908515809e-8,1,8.596671818850155e-8,0.24550411105155946,9.776170628583714e-8,-0.9693955779075623],5,1.5598869323730469],[[762.5086059570313,231.16873168945313,39.37057113647461,-0.9645324945449829,-1.6805289604349128e-8,-0.26396405696868899,-4.74870454070242e-8,1,1.0985400678009683e-7,0.26396405696868899,1.1849262904206626e-7,-0.9645324945449829],5,1.5712287425994874],[[762.3833618164063,230.98023986816407,39.41615676879883,-0.9203774929046631,1.1216747530795601e-8,-0.39103102684020998,-4.159438304895957e-8,1,1.2658658476993879e-7,0.39103102684020998,1.3277214350182477e-7,-0.9203774929046631],5,1.581799030303955],[[762.2015380859375,230.6719512939453,39.498863220214847,-0.914877712726593,3.124890923800194e-8,-0.4037310481071472,-3.303247453345648e-8,1,1.5225380423089519e-7,0.4037310481071472,1.5262983765751415e-7,-0.914877712726593],5,1.5936925411224366],[[762.033447265625,230.33302307128907,39.596160888671878,-0.8698949813842773,5.302534233919687e-8,-0.4932369589805603,-2.070835769529822e-8,1,1.440269983277176e-7,0.4932369589805603,1.3550248922911124e-7,-0.8698949813842773],5,1.60805082321167],[[761.8829956054688,229.9634246826172,39.70713424682617,-0.8430678844451904,6.036783872787055e-8,-0.5378071665763855,-4.3279300143694858e-9,1,1.1903258467782507e-7,0.5378071665763855,1.0268013994618741e-7,-0.8430678844451904],5,1.6300580501556397],[[761.6727294921875,229.27931213378907,39.92088317871094,-0.8041682839393616,6.819574593919242e-8,-0.5944016575813294,2.6490212690077898e-8,1,7.889135389405055e-8,0.5944016575813294,4.7696101290739537e-8,-0.8041682839393616],5,1.639251470565796],[[761.57177734375,228.8279571533203,40.06489562988281,-0.734695315361023,7.1181439409429e-8,-0.6783972382545471,4.586608781664836e-8,1,5.525352619883961e-8,0.6783972382545471,9.479078855179069e-9,-0.734695315361023],5,1.6505005359649659],[[761.5155029296875,228.51004028320313,40.166656494140628,-0.6825342774391174,6.955079356885108e-8,-0.7308536171913147,5.935574876048122e-8,1,3.97322601486394e-8,0.7308536171913147,-1.6261735069633688e-8,-0.6825342774391174],5,1.6609117984771729],[[761.4479370117188,228.00759887695313,40.327117919921878,-0.643322229385376,6.473585045796426e-8,-0.765595555305481,8.082922420271643e-8,1,1.663621596037501e-8,0.765595555305481,-5.1180045090859497e-8,-0.643322229385376],5,1.671687364578247],[[761.4144897460938,227.65560913085938,40.43861770629883,-0.5899029970169067,5.749840426005903e-8,-0.8074740767478943,9.574750947649591e-8,1,1.2590610776186396e-9,0.8074740767478943,-7.657091316559672e-8,-0.5899029970169067],5,1.6810235977172852],[[761.382080078125,227.10208129882813,40.61146545410156,-0.58444744348526,5.080052645212163e-8,-0.8114315867424011,1.1827440005163226e-7,1,-2.258310161096233e-8,0.8114315867424011,-1.0917021597833809e-7,-0.58444744348526],5,1.6917345523834229],[[761.3723754882813,226.7160186767578,40.73002243041992,-0.5367205739021301,3.913950763489993e-8,-0.843760073184967,1.3382349095536484e-7,1,-3.8738868113341599e-8,0.843760073184967,-1.3370686247071718e-7,-0.5367205739021301],5,1.70345139503479],[[761.3760375976563,226.1114044189453,40.91188430786133,-0.5177589058876038,2.4350436333975268e-8,-0.8555265665054321,1.4090416300405196e-7,1,-5.681173931293415e-8,0.8555265665054321,-1.49962048112684e-7,-0.5177589058876038],5,1.71394681930542],[[761.4017333984375,225.4761199951172,41.09703063964844,-0.4971690773963928,2.727330583596199e-9,-0.8676536679267883,1.1406314115447458e-7,1,-6.221529957883831e-8,0.8676536679267883,-1.2989882236524864e-7,-0.4971690773963928],5,1.725076675415039],[[761.4312133789063,225.0355682373047,41.22148513793945,-0.439267098903656,-1.6843646477582298e-8,-0.8983564972877502,9.63932649256094e-8,1,-6.588257406292542e-8,0.8983564972877502,-1.1553556333865345e-7,-0.439267098903656],5,1.7360165119171143],[[761.344482421875,224.38433837890626,41.33528518676758,-0.4627924859523773,-0.014387359842658043,-0.8863499164581299,0.0011881814571097494,0.9998573064804077,-0.016850218176841737,0.886465847492218,-0.00885129813104868,-0.46270933747291567],5,1.7475569248199463],[[761.2889404296875,223.7110595703125,41.460792541503909,-0.41078290343284609,-0.007586885243654251,-0.9117016196250916,-0.00014382382505573332,0.9999659061431885,-0.008256589993834496,0.9117331504821777,-0.0032605414744466545,-0.4107699990272522],5,1.7598841190338135],[[761.2666625976563,223.2451629638672,41.55021286010742,-0.3552038371562958,-0.004152359440922737,-0.9347796440124512,-0.0007121269591152668,0.9999910593032837,-0.004171434789896011,0.9347885847091675,-0.0008160278084687889,-0.35520362854003909],5,1.7699849605560303],[[761.2394409179688,223.22528076171876,41.67073059082031,-0.303984135389328,-0.000639251375105232,-0.9526768922805786,-0.000590937037486583,0.9999997019767761,-0.0004824466013815254,0.9526768922805786,0.00041631603380665183,-0.3039844334125519],12,1.7816243171691895],[[761.2164916992188,223.3568572998047,41.769187927246097,-0.21769839525222779,0.0004914275486953557,-0.9760159850120544,-0.00025135756004601717,0.9999998211860657,0.0005595682887360454,0.9760160446166992,0.00036714610178023577,-0.21769823133945466],12,1.7938997745513917],[[761.1983642578125,223.4964141845703,41.845863342285159,-0.1820782721042633,0.0004030436393804848,-0.9832839369773865,-0.000029045077098999174,0.9999999403953552,0.0004152738256379962,0.983284056186676,0.00010417190060252324,-0.18207824230194093],12,1.8075518608093262],[[761.1853637695313,223.63638305664063,41.90083312988281,-0.11896123737096787,0.00013081559154670686,-0.9928988814353943,0.00003893872781191021,1,0.00012708583381026983,0.9928988814353943,-0.000023543931092717686,-0.11896124482154846],12,1.8196921348571778],[[761.176025390625,223.82302856445313,41.94034194946289,-0.06311787664890289,-0.00002369924186496064,-0.9980061054229736,0.00002423201840429101,1,-0.000025279119654442185,0.9980061054229736,-0.00002577926716185175,-0.06311787664890289],12,1.8350918292999268],[[761.174560546875,224.10299682617188,41.946468353271487,-0.008965233340859414,-0.000010389302588009742,-0.9999598264694214,-0.0000013297288887770265,1,-0.000010377798389527016,0.9999598264694214,0.000001236636080648168,-0.008965233340859414],12,1.8587226867675782],[[761.174560546875,224.28964233398438,41.94648361206055,0.001521248952485621,8.838874805405794e-7,-0.9999988675117493,-0.0000016751595239838935,1,8.8134015641117e-7,0.9999988675117493,0.0000016738167687435635,0.001521248952485621],12,1.873828649520874],[[761.1798706054688,224.3727569580078,41.951744079589847,0.01374868769198656,0.0000017985673821385718,-0.9999054670333862,-8.934865149967663e-7,1,0.0000017864520032162546,0.9999054670333862,8.688407433510292e-7,0.01374868769198656],8,1.8843231201171876],[[761.1922607421875,224.44224548339845,41.96394348144531,-0.014427749440073967,0.0000015902671748335707,-0.9998959302902222,-3.1677274137109637e-7,1,0.0000015950035958667286,0.9998959302902222,3.3975209134951e-7,-0.014427749440073967],5,1.8962655067443848],[[761.2241821289063,224.52093505859376,41.995216369628909,-0.05474524945020676,8.575340189054259e-7,-0.9985003471374512,8.94067042622737e-8,1,8.539199711776746e-7,0.9985003471374512,-4.2524561649770479e-8,-0.05474524945020676],5,1.9050538539886475],[[761.25439453125,224.5563507080078,42.02471160888672,-0.036946870386600497,4.5524402025876045e-7,-0.9993172287940979,1.6385081380576595e-7,1,4.4949715061193276e-7,0.9993172287940979,-1.4713143059452705e-7,-0.036946870386600497],5,1.9141371250152588],[[761.2916870117188,224.57815551757813,42.06112289428711,-0.03802095353603363,1.927092228015681e-7,-0.9992769360542297,1.557202438107197e-7,1,1.869237422624792e-7,0.9992769360542297,-1.4850063223548205e-7,-0.03802095353603363],5,1.9260525703430176],[[761.3610229492188,224.58531188964845,42.12871170043945,-0.06447695940732956,1.1698663371362273e-8,-0.9979192018508911,9.10981725610327e-8,1,5.837075711667694e-9,0.9979192018508911,-9.053225369370921e-8,-0.06447695940732956],5,1.9377424716949463],[[761.4022827148438,224.56607055664063,42.179893493652347,-0.005972320679575205,-0.00014939173706807196,-0.9999821782112122,-0.00016414148558396846,1,-0.00014841408119536936,0.9999821782112122,0.0001632521889405325,-0.005972344893962145],5,1.9505586624145508],[[761.3436279296875,224.73805236816407,42.19301223754883,0.012751897796988488,-0.00009162989590549842,-0.9999186992645264,-0.000553353107534349,0.9999998211860657,-0.00009869421046460047,0.999918520450592,0.0005545666208490729,0.012751845642924309],7,1.9749171733856202],[[761.2943725585938,224.89418029785157,42.198116302490237,0.010912738740444184,-0.0000778864196036011,-0.9999404549598694,-0.00005533455987460911,1,-0.00007849494431866333,0.9999404549598694,0.000056187858717748898,0.010912735015153885],7,1.982595443725586],[[761.2943725585938,224.9676971435547,42.20085906982422,0.012000099755823613,-0.00008515233639627695,-0.9999279975891113,0.00020860244694631547,1,-0.00008265503856819123,0.9999279975891113,-0.00020759555627591908,0.01200011745095253],7,1.9964485168457032],[[761.2943725585938,225.00833129882813,42.20136260986328,0.012001508846879006,-0.00007532918971264735,-0.9999279975891113,0.00015411253843922168,1,-0.00007348490180447698,0.9999279379844666,-0.00015321950195357203,0.012001520954072476],8,2.0176408290863039],[[761.2943725585938,225.00791931152345,42.201377868652347,0.012001052498817444,-0.00005810147922602482,-0.9999279975891113,0.000011555335731827654,1,-0.000057966979511547837,0.9999279975891113,-0.000010858838322747033,0.012001053430140019],8,2.0256032943725588],[[761.2943725585938,224.98391723632813,42.20137405395508,0.012001615948975087,-0.000053047446272103119,-0.9999279975891113,-0.000004060147148265969,1,-0.00005310000051395036,0.9999279975891113,0.000004697140411735745,0.012001615017652512],8,2.034897565841675],[[761.283203125,224.9224090576172,42.20137405395508,0.01138297189027071,-0.000860321510117501,-0.9999348521232605,-8.195563054869126e-7,0.9999996423721314,-0.0008603865862824023,0.9999352097511292,0.000010613259291858413,0.011382967233657837],8,2.045396327972412],[[761.2733154296875,224.8644561767578,42.20137405395508,0.011459330096840859,-0.0015212330035865307,-0.9999331831932068,0.000006914510777278338,0.9999988675117493,-0.0015212537255138159,0.9999343156814575,0.000010518499038880691,0.011459327302873135],8,2.058058023452759],[[761.27685546875,224.71377563476563,42.20079040527344,0.004668047651648521,-0.0035010024439543487,-0.9999829530715942,0.00070163857890293,0.999993622303009,-0.003497764468193054,0.999988853931427,-0.0006852988735772669,0.004670474678277969],5,2.0819075107574465],[[761.2782592773438,224.46681213378907,42.199562072753909,-0.00002489030703145