[[[776,222.69961547851563,47,1,-4.875708777690724e-12,3.167736282597925e-23,4.875708777690724e-12,1,1.3600948980344724e-13,-3.234050770190062e-23,-1.3600948980344724e-13,1],8,0.006312131881713867],[[776,222.69961547851563,47,1,-4.92714159402996e-12,3.167029463226847e-23,4.92714159402996e-12,1,1.3744424164335162e-13,-3.23475001649645e-23,-1.3744424164335162e-13,1],8,0.026750802993774415],[[776,222.69961547851563,47,1,-4.995667508139734e-12,3.166075888164616e-23,4.995667508139734e-12,1,1.393557984936608e-13,-3.2356934941390947e-23,-1.393557984936608e-13,1],8,0.034612417221069339],[[776,222.69961547851563,47,1,-5.029908347470302e-12,3.165594683012431e-23,5.029908347470302e-12,1,1.4031096705509339e-13,-3.236169650581486e-23,-1.4031096705509339e-13,1],8,0.044164180755615237],[[776,222.69961547851563,47,1,-5.0641344416513245e-12,3.1651103224166257e-23,5.0641344416513245e-12,1,1.4126572904071128e-13,-3.236648962467498e-23,-1.4126572904071128e-13,1],8,0.05370378494262695],[[776,222.69961547851563,47,1,-5.1154466947089805e-12,3.1643779439522186e-23,5.1154466947089805e-12,1,1.426971063013538e-13,-3.237373767867215e-23,-1.426971063013538e-13,1],8,0.06413102149963379],[[776,222.69961547851563,47,1,-5.166725554339724e-12,3.163638939056207e-23,5.166725554339724e-12,1,1.4412757554267686e-13,-3.238105515242898e-23,-1.4412757554267686e-13,1],8,0.09265255928039551],[[776,222.69961547851563,47,1,-5.269185261724818e-12,3.162139787791925e-23,5.269185261724818e-12,1,1.469857628623103e-13,-3.2395895203778e-23,-1.469857628623103e-13,1],8,0.10077953338623047],[[776,222.69961547851563,47,1,-5.303309440901627e-12,3.1616342857238599e-23,5.303309440901627e-12,1,1.4793767881722542e-13,-3.240089973736072e-23,-1.4793767881722542e-13,1],8,0.11104488372802735],[[776,222.69961547851563,47,1,-5.33741887492889e-12,3.161125312667811e-23,5.33741887492889e-12,1,1.4888918819632586e-13,-3.2405938980823277e-23,-1.4888918819632586e-13,1],8,0.12084007263183594],[[776,222.69961547851563,47,1,-5.405594374896516e-12,3.1600988468579377e-23,5.405594374896516e-12,1,1.5079098722708268e-13,-3.241610582016976e-23,-1.5079098722708268e-13,1],8,0.13540387153625489],[[776,222.69961547851563,47,-0.4803531765937805,1.7432714343249e-12,-0.8770751357078552,5.299016433979453e-12,1,-9.145488186201867e-13,0.8770751357078552,-5.086942152232599e-12,-0.4803531765937805],8,0.1642131805419922],[[776,222.69961547851563,47,-0.3450797498226166,7.890243363187222e-13,-0.9385733604431152,5.348604805582857e-12,1,-1.1258265370309162e-12,0.9385733604431152,-5.408557716274354e-12,-0.3450797498226166],8,0.18604469299316407],[[776,222.69961547851563,47,-0.3220924139022827,5.960548894734519e-13,-0.9467082023620606,5.4526227283302475e-12,1,-1.225502663758371e-12,0.9467082023620606,-5.556767719572253e-12,-0.3220924139022827],8,0.19260597229003907],[[776,222.69961547851563,47,-0.31808874011039736,5.525100234098079e-13,-0.948060929775238,5.506968145385649e-12,1,-1.2648918371049866e-12,0.948060929775238,-5.623289160705536e-12,-0.31808874011039736],8,0.2014484405517578],[[776,222.69961547851563,47,-0.31783899664878847,5.324388933219959e-13,-0.9481446743011475,5.561624945304988e-12,1,-1.3028205901252643e-12,0.9481446743011475,-5.687312166352543e-12,-0.31783899664878847],8,0.21082019805908204],[[776,222.69961547851563,47,-0.3177541494369507,5.138494881332112e-13,-0.9481731653213501,5.616375853972899e-12,1,-1.3402374912999115e-12,0.9481731653213501,-5.75116256701369e-12,-0.3177541494369507],8,0.2207646369934082],[[776,222.69961547851563,47,-0.3177303373813629,4.779720998333847e-13,-0.94818115234375,5.725902824799123e-12,1,-1.4146251444552282e-12,0.94818115234375,-5.8786621404127715e-12,-0.3177303373813629],8,0.2335491180419922],[[776,222.69961547851563,47,-0.31108084321022036,4.189772172865508e-13,-0.9503834247589111,5.7809013652432295e-12,1,-1.4513621424475098e-12,0.9503834247589111,-5.945563919668162e-12,-0.31108084321022036],8,0.24370551109313966],[[776,222.69961547851563,47,-0.30110082030296328,3.3883597425239666e-13,-0.9535923004150391,5.83626029448947e-12,1,-1.4874982755958e-12,0.9535923004150391,-6.013300100915497e-12,-0.30110082030296328],8,0.2547149658203125],[[776,222.69961547851563,47,-0.3127375841140747,3.59016635864684e-13,-0.9498395919799805,6.000861266231006e-12,1,-1.5978258213061869e-12,0.9498395919799805,-6.199555625807651e-12,-0.3127375841140747],8,0.2759113311767578],[[776,222.69961547851563,47,-0.34408196806907656,5.378942733932912e-13,-0.93893963098526,6.0812088871486925e-12,1,-1.655633746419638e-12,0.93893963098526,-6.2795619398814395e-12,-0.34408196806907656],8,0.2894606590270996],[[776,222.69961547851563,47,-0.39920613169670107,8.830546428632846e-13,-0.9168612360954285,6.157933971767671e-12,1,-1.718068504304171e-12,0.9168612360954285,-6.331834362383049e-12,-0.39920613169670107],8,0.31821417808532717],[[776,222.69961547851563,47,-0.5338165163993836,1.7142406201139937e-12,-0.8456003665924072,6.271793848156015e-12,1,-1.9320549934226383e-12,0.8456003665924072,-6.334794234313934e-12,-0.5338165163993836],8,0.33496570587158205],[[775.8814697265625,222.69961547851563,47.192440032958987,-0.6334940195083618,2.3719290420665118e-12,-0.7737475633621216,6.340512316571623e-12,1,-2.125690248822032e-12,0.7737475633621216,-6.2525679078717644e-12,-0.6334940195083618],8,0.34566235542297366],[[775.7608032226563,222.69961547851563,47.35004425048828,-0.7350205183029175,3.1527122492519544e-12,-0.678044855594635,6.364100219036217e-12,1,-2.2491615774694607e-12,0.678044855594635,-5.968325226396454e-12,-0.7350205183029175],8,0.36931324005126955],[[775.5216064453125,222.69961547851563,47.58155059814453,-0.8332681059837341,3.941356789549655e-12,-0.5528690814971924,6.367064861456662e-12,1,-2.4673386164048017e-12,0.5528690814971924,-5.5761081516059186e-12,-0.8332681059837341],8,0.3800036907196045],[[775.3049926757813,222.69961547851563,47.73634338378906,-0.9047849774360657,4.6159668969092404e-12,-0.4258686602115631,6.3438130616655375e-12,1,-2.6388882398697966e-12,0.4258686602115631,-5.089257574392159e-12,-0.9047849774360657],8,0.41474413871765139],[[774.8876342773438,222.69961547851563,47.94423294067383,-0.9803475737571716,5.506833704316261e-12,-0.1972779482603073,6.214229651690939e-12,1,-2.9667353643181293e-12,0.1972779482603073,-4.1343621234868344e-12,-0.9803475737571716],8,0.4251079559326172],[[774.3704223632813,222.69961547851563,48.07029724121094,-0.9883858561515808,5.553883741793442e-12,-0.15196502208709718,6.110341833204247e-12,1,-3.1947608621074597e-12,0.15196502208709718,-4.086214873411098e-12,-0.9883858561515808],8,0.45804595947265627],[[774.2391357421875,222.69961547851563,48.09339904785156,-0.987626314163208,5.50410021379899e-12,-0.15682575106620789,6.0882388540350885e-12,1,-3.244396071244715e-12,0.15682575106620789,-4.1590433354221634e-12,-0.987626314163208],8,0.46672987937927248],[[774.1075439453125,222.69961547851563,48.114620208740237,-0.9876217246055603,5.474498458724053e-12,-0.15685462951660157,6.0662408256362266e-12,1,-3.293831353501364e-12,0.15685462951660157,-4.204577224581341e-12,-0.9876217246055603],8,0.47493505477905276],[[774.0416870117188,222.69961547851563,48.1251106262207,-0.9876198172569275,5.4597303240921935e-12,-0.15686649084091187,6.055259592352424e-12,1,-3.3185149506814726e-12,0.15686649084091187,-4.227298632669685e-12,-0.9876198172569275],8,0.48358750343322756],[[773.8441162109375,222.69961547851563,48.1565055847168,-0.9884293079376221,5.43772882624638e-12,-0.15168213844299317,6.0219620089119186e-12,1,-3.392323531456465e-12,0.15168213844299317,-4.266496010651988e-12,-0.9884293079376221],8,0.49312257766723635],[[773.7123413085938,222.69961547851563,48.176910400390628,-0.9881612658500671,5.400842967295816e-12,-0.15341860055923463,5.999868570721878e-12,1,-3.4415309144164574e-12,0.15341860055923463,-4.321279011704204e-12,-0.9881612658500671],8,0.5029199123382568],[[773.5147705078125,222.69961547851563,48.207557678222659,-0.987342357635498,5.334038766235949e-12,-0.15860357880592347,5.967135206091934e-12,1,-3.5154711173351894e-12,0.15860357880592347,-4.4173826922733195e-12,-0.987342357635498],8,0.5138936042785645],[[773.383056640625,222.69961547851563,48.22852325439453,-0.9864985942840576,5.2814952931912185e-12,-0.16376957297325135,5.945583001626398e-12,1,-3.564851322121476e-12,0.16376957297325135,-4.490426259995406e-12,-0.9864985942840576],8,0.5244548320770264],[[773.1856689453125,222.69961547851563,48.26105499267578,-0.9847275018692017,5.190131310839341e-12,-0.17410257458686829,5.914050499322698e-12,1,-3.6392160986109534e-12,0.17410257458686829,-4.613287616500594e-12,-0.9847275018692017],8,0.5351777076721191],[[772.7916259765625,222.69961547851563,48.33027267456055,-0.9838032722473145,5.078014397863484e-12,-0.17925165593624116,5.851823366154196e-12,1,-3.7881299659592305e-12,0.17925165593624116,-4.7757236533441105e-12,-0.9838032722473145],8,0.5594539642333984],[[772.660400390625,222.69961547851563,48.35399627685547,-0.9825278520584106,5.015269449737403e-12,-0.18611577153205872,5.831445569481897e-12,1,-3.8378688248241755e-12,0.18611577153205872,-4.8561371937538844e-12,-0.9825278520584106],8,0.5685827732086182],[[772.5293579101563,222.69961547851563,48.3785514831543,-0.982201337814331,4.977515795367982e-12,-0.18783114850521089,5.811163182600776e-12,1,-3.887622428838666e-12,0.18783114850521089,-4.909945280212602e-12,-0.982201337814331],8,0.5789358615875244],[[772.0054321289063,222.69961547851563,48.47861862182617,-0.9822012186050415,4.86057158063935e-12,-0.187831848859787,5.7301212386118294e-12,1,-4.086422606547346e-12,0.187831848859787,-5.089988326656414e-12,-0.9822012186050415],8,0.6113049983978272],[[771.8744506835938,222.69961547851563,48.503665924072269,-0.9822012782096863,4.8313701130064945e-12,-0.18783137202262879,5.709882219817608e-12,1,-4.1360695250680646e-12,0.18783137202262879,-5.134948022345043e-12,-0.9822012782096863],8,0.6203861236572266],[[771.677978515625,222.69961547851563,48.541236877441409,-0.9822012186050415,4.787586559834578e-12,-0.18783161044120789,5.679540171499298e-12,1,-4.2105008715709324e-12,0.18783161044120789,-5.2023563408554185e-12,-0.9822012186050415],8,0.6305413246154785],[[771.5469970703125,222.69961547851563,48.5662841796875,-0.982201337814331,4.75841631722429e-12,-0.18783114850521089,5.659323270429395e-12,1,-4.260094881025633e-12,0.18783114850521089,-5.247267897967589e-12,-0.982201337814331],8,0.6408720016479492],[[771.3505249023438,222.69961547851563,48.60385513305664,-0.9825277924537659,4.723834604730692e-12,-0.18611599504947663,5.628883643915561e-12,1,-4.33439308750172e-12,0.18611599504947663,-5.306286660067272e-12,-0.9825277924537659],8,0.6700692176818848],[[770.9575805664063,222.69961547851563,48.67837142944336,-0.987893283367157,4.8009322212161365e-12,-0.1551351100206375,5.563426021953921e-12,1,-4.480861428429739e-12,0.1551351100206375,-5.289695331062161e-12,-0.987893283367157],8,0.6781611442565918],[[770.7601928710938,222.69961547851563,48.7105712890625,-0.9899644255638123,4.830722193788217e-12,-0.14131659269332887,5.529709502793967e-12,1,-4.553560653541844e-12,0.14131659269332887,-5.289302849875721e-12,-0.9899644255638123],8,0.6894633769989014],[[770.6282958984375,222.69961547851563,48.72994613647461,-0.9924960732460022,4.902337650408706e-12,-0.12227627635002136,5.506318057763027e-12,1,-4.601560885802991e-12,0.12227627635002136,-5.240323366212385e-12,-0.9924960732460022],8,0.6994764804840088],[[770.3637084960938,222.69961547851563,48.76338195800781,-0.996749222278595,5.059553904313008e-12,-0.08056638389825821,5.455584334984609e-12,1,-4.695455829706319e-12,0.08056638389825821,-5.119728859609429e-12,-0.996749222278595],8,0.7141892910003662],[[770.23095703125,222.69961547851563,48.77557373046875,-0.9984216690063477,5.154221667524883e-12,-0.056161534041166309,5.429093806463836e-12,1,-4.741739119407118e-12,0.056161534041166309,-5.0391613624911624e-12,-0.9984216690063477],8,0.7243435382843018],[[769.96484375,222.69961547851563,48.7917366027832,-0.9999847412109375,5.344740709040119e-12,-0.005527600646018982,5.371529176317891e-12,1,-4.8314460071585685e-12,0.005527600646018982,-4.8610638084256586e-12,-0.9999847412109375],8,0.742203950881958],[[769.698486328125,222.6655731201172,48.80673599243164,-0.9992726445198059,5.49385103382205e-12,0.03813312575221062,5.310155960780438e-12,1,-4.918480553395277e-12,-0.03813312575221062,-4.712410149598778e-12,-0.9992726445198059],8,0.7579009532928467],[[769.5653076171875,222.62811279296876,48.81422805786133,-0.9975799322128296,5.6102965155513385e-12,0.06952910870313645,5.278136868541727e-12,1,-4.960984314322792e-12,-0.06952910870313645,-4.581994072355711e-12,-0.9975799322128296],8,0.7661850452423096],[[769.3655395507813,223.28721618652345,48.82546615600586,-0.9970694184303284,5.598737185669167e-12,0.07650181651115418,5.229689944985516e-12,1,-5.02436850804977e-12,-0.07650181651115418,-4.609563598878541e-12,-0.9970694184303284],3,0.7793703079223633],[[769.0995483398438,224.12286376953126,48.81730651855469,-0.9855228066444397,5.55122831383259e-12,0.16954305768013,4.6758734037477545e-12,1,-5.56229671697106e-12,-0.16954305768013,-4.689008296226982e-12,-0.9855228066444397],5,0.8025410175323486],[[768.8336791992188,224.9040069580078,48.79683303833008,-0.9824549555778503,5.020188691834404e-12,0.18649987876415254,3.9193969250672644e-12,1,-6.271092152509983e-12,-0.18649987876415254,-5.430098645037296e-12,-0.9824549555778503],5,0.8111929893493652],[[768.7006225585938,225.27413940429688,48.78830337524414,-0.9921577572822571,4.3409438370278774e-12,0.12499190866947174,3.537834955547048e-12,1,-6.6472573972964355e-12,-0.12499190866947174,-6.1529275598160016e-12,-0.9921577572822571],5,0.819523811340332],[[768.5675659179688,225.6306610107422,48.78033447265625,-0.9921237826347351,4.007227275698577e-12,0.12526123225688935,3.151762054467988e-12,1,-7.027626744426918e-12,-0.12526123225688935,-6.577482048603089e-12,-0.9921237826347351],5,0.8278381824493408],[[768.4345092773438,225.97354125976563,48.77244567871094,-0.9921122193336487,3.669254136640099e-12,0.1253526657819748,2.761813781143596e-12,1,-7.412883674950966e-12,-0.1253526657819748,-7.008211719283786e-12,-0.9921122193336487],5,0.837740421295166],[[768.2349243164063,226.4623260498047,48.7606315612793,-0.9873817563056946,3.3980216643941796e-12,0.1583581268787384,2.1596572186838303e-12,1,-7.992109578303097e-12,-0.1583581268787384,-7.54926416518531e-12,-0.9873817563056946],5,0.8474380970001221],[[768.1018676757813,226.77114868164063,48.75275802612305,-0.9921066761016846,2.7977999691314315e-12,0.12539680302143098,1.7590815956647354e-12,1,-8.394181183479788e-12,-0.12539680302143098,-8.107340319918333e-12,-0.9921066761016846],5,0.8569839000701904],[[767.9688110351563,227.06634521484376,48.7448844909668,-0.9921064376831055,2.4466110561116583e-12,0.12539876997470857,1.3531133678801321e-12,1,-8.805339270223645e-12,-0.12539876997470857,-8.566155597355963e-12,-0.9921064376831055],5,0.8672909736633301],[[767.7692260742188,227.4835968017578,48.73307418823242,-0.987378716468811,2.20680266595219e-12,0.1583770513534546,7.222505471297935e-13,1,-9.431086987754523e-12,-0.1583770513534546,-9.197666933635773e-12,-0.987378716468811],5,0.8773648738861084],[[767.5696411132813,227.87017822265626,48.72126388549805,-0.9873786568641663,1.671599057090356e-12,0.1583772897720337,7.557295718038648e-14,1,-1.0083389852255653e-11,-0.1583772897720337,-9.944154874541589e-12,-0.9873786568641663],5,0.8898072242736816],[[767.4365844726563,228.1108856201172,48.7133903503418,-0.9921062588691711,9.66805628610512e-13,0.12539981305599214,-3.5805505695790665e-13,1,-1.0542554676473692e-11,-0.12539981305599214,-1.0504234634889365e-11,-0.9921062588691711],5,0.9003298282623291],[[767.2369995117188,228.44638061523438,48.70158004760742,-0.9873786568641663,7.571672780946892e-13,0.15837734937667848,-1.037500489166343e-12,1,-1.1248913259209737e-11,-0.15837734937667848,-1.1271253895495104e-11,-0.9873786568641663],5,0.9113764762878418],[[767.1039428710938,228.65301513671876,48.69370651245117,-0.9921062588691711,-9.822526940309138e-15,0.1253998875617981,-1.494880282927602e-12,1,-1.1748477191098062e-11,-0.1253998875617981,-1.1843195694971609e-11,-0.9921062588691711],5,0.921358585357666],[[766.9043579101563,228.9374237060547,48.6818962097168,-0.9873786568641663,-2.0419942321249496e-13,0.15837745368480683,-2.2151668520320467e-12,1,-1.252077868468815e-11,-0.15837745368480683,-1.2713581923340378e-11,-0.9873786568641663],5,0.9326298236846924],[[766.5717163085938,229.3433074951172,48.66221237182617,-0.9746422171592712,-3.324881060577656e-13,0.2237689346075058,-3.5244077621621184e-12,1,-1.3864964731880037e-11,-0.2237689346075058,-1.430203351582282e-11,-0.9746422171592712],5,0.9561197757720947],[[766.3056030273438,229.60670471191407,48.64646530151367,-0.9818867444992065,-1.6793019882652138e-12,0.18946868181228639,-4.616465196227715e-12,1,-1.5060768604469034e-11,-0.18946868181228639,-1.5662644792246995e-11,-0.9818867444992065],5,0.9755597114562988],[[765.9729614257813,229.8592987060547,48.62729263305664,-0.971419095993042,-2.0021915982798566e-12,0.23737096786499024,-6.1296718568970565e-12,1,-1.665026103103706e-11,-0.23737096786499024,-1.76293875331357e-11,-0.971419095993042],5,0.9901926517486572],[[765.7069702148438,230.0000762939453,48.608436584472659,-0.9734852313995361,-3.1153257057381367e-12,0.22874999046325684,-7.438399722559108e-12,1,-1.8036488969030985e-11,-0.22874999046325684,-1.925978994343769e-11,-0.9734852313995361],5,1.0043907165527344],[[765.5078735351563,230.06988525390626,48.58989715576172,-0.9739107489585877,-3.928476467740527e-12,0.22693145275115968,-8.493576501844569e-12,1,-1.9140180759769089e-11,-0.22693145275115968,-2.0568286657196567e-11,-0.9739107489585877],5,1.018249273300171],[[765.37548828125,230.09939575195313,48.57386779785156,-0.9755015969276428,-4.628129476880183e-12,0.2199922800064087,-9.234154239867732e-12,1,-1.9908893977849119e-11,-0.2199922800064087,-2.145260184771569e-11,-0.9755015969276428],5,1.0277786254882813],[[765.177734375,230.1181182861328,48.54411315917969,-0.945967435836792,-3.1158847203782702e-12,0.3242616653442383,-1.0496172507534763e-11,1,-2.1011281256533288e-11,-0.3242616653442383,-2.3279494651418099e-11,-0.945967435836792],5,1.0391404628753663],[[765.0471801757813,230.11355590820313,48.51723098754883,-0.9413845539093018,-3.3854731084498324e-12,0.33733534812927248,-1.1392974237633969e-11,1,-2.1757864607230283e-11,-0.33733534812927248,-2.432577056454832e-11,-0.9413845539093018],5,1.0481994152069092],[[764.854248046875,230.08119201660157,48.464874267578128,-0.9097760915756226,-2.223404403298157e-12,0.4150993227958679,-1.2864276484336746e-11,1,-2.2838404778458e-11,-0.4150993227958679,-2.6117786752766216e-11,-0.9097760915756226],5,1.0612149238586426],[[764.664306640625,230.01815795898438,48.402381896972659,-0.8613629341125488,-3.972047029395659e-13,0.5079900026321411,-1.450792697782477e-11,1,-2.3818157515731465e-11,-0.5079900026321411,-2.7885960901530283e-11,-0.8613629341125488],5,1.0873010158538819],[[764.3587036132813,229.84498596191407,48.270118713378909,-0.7436845302581787,3.6554041044079e-12,0.6685307025909424,-1.763146052768949e-11,1,-2.508134151757435e-11,-0.6685307025909424,-3.0439779169499917e-11,-0.7436845302581787],5,1.0947329998016358],[[764.2411499023438,229.75186157226563,48.207855224609378,-0.7866296172142029,9.492342892616912e-13,0.6174252033233643,-1.892450259000089e-11,1,-2.5648139861944587e-11,-0.6174252033233643,-3.1860049320986408e-11,-0.7866296172142029],5,1.10394287109375],[[764.0730590820313,229.58665466308595,48.0999870300293,-0.7485144734382629,1.851332021712837e-12,0.6631184816360474,-2.096256501715743e-11,1,-2.6453969223516617e-11,-0.6631184816360474,-3.370184339934745e-11,-0.7485144734382629],5,1.1142687797546387],[[763.9100952148438,229.39077758789063,47.984031677246097,-0.7356331944465637,1.4798886942279932e-12,0.6773801445960999,-2.309634081210099e-11,1,-2.7267294325228343e-11,-0.6773801445960999,-3.5703728168412499e-11,-0.7356331944465637],5,1.1262834072113038],[[763.6431274414063,228.99620056152345,47.784507751464847,-0.6799798011779785,2.6393965138482578e-12,0.7332308292388916,-2.6905686012490549e-11,1,-2.8551334907422899e-11,-0.7332308292388916,-3.9142408064796189e-11,-0.6799798011779785],5,1.1478581428527833],[[763.4844360351563,228.71856689453126,47.66281509399414,-0.7236884236335754,-8.779366122979582e-13,0.6901268362998962,-2.9294261461032536e-11,1,-2.944673324623004e-11,-0.6901268362998962,-4.1527014466025139e-11,-0.7236884236335754],5,1.161170482635498],[[763.379150390625,228.51644897460938,47.58104705810547,-0.7451133728027344,-2.981117956657453e-12,0.6669378280639648,-3.093581987800853e-11,1,-3.009211976823245e-11,-0.6669378280639648,-4.305431011708549e-11,-0.7451133728027344],5,1.1716537475585938],[[763.0112915039063,227.70175170898438,47.293731689453128,-0.6310113072395325,1.3471716147142598e-12,0.7757736444473267,-3.723067687477766e-11,1,-3.201984163925253e-11,-0.7757736444473267,-4.9087459791374857e-11,-0.6310113072395325],5,1.195692539215088],[[762.9057006835938,227.43832397460938,47.212303161621097,-0.755508303642273,-8.060093391326628e-12,0.6551390886306763,-3.90919102644105e-11,1,-3.2778033759450767e-11,-0.6551390886306763,-5.0374714816170399e-11,-0.755508303642273],5,1.2046456336975098],[[762.799560546875,227.16127014160157,47.13162612915039,-0.7612038850784302,-9.445985660327949e-12,0.6485126614570618,-4.100836337173064e-11,1,-3.356872071980099e-11,-0.6485126614570618,-5.21470817915759e-11,-0.7612038850784302],5,1.2140817642211915],[[762.6927490234375,226.87059020996095,47.05183410644531,-0.7679550647735596,-1.097725035870134e-11,0.6405037045478821,-4.298129560598163e-11,1,-3.43955142145802e-11,-0.6405037045478821,-5.3943887551310968e-11,-0.7679550647735596],5,1.2242317199707032],[[762.53125,226.40902709960938,46.93387985229492,-0.7542763352394104,-1.1346787225086086e-11,0.6565570831298828,-4.6074036946786026e-11,1,-3.564925438181987e-11,-0.6565570831298828,-5.7139626363778009e-11,-0.7542763352394104],5,1.2436583042144776],[[762.31396484375,225.7459259033203,46.779335021972659,-0.7530440092086792,-1.3345412448739769e-11,0.657970130443573,-5.042619100059653e-11,1,-3.7429857824289317e-11,-0.657970130443573,-6.136526009559162e-11,-0.7530440092086792],5,1.2650234699249268],[[762.0367431640625,224.8404083251953,46.594268798828128,-0.7390062212944031,-1.487674566869046e-11,0.6736986041069031,-5.631758601132297e-11,1,-3.9694750958441108e-11,-0.6736986041069031,-6.727574747289467e-11,-0.7390062212944031],5,1.2727560997009278],[[761.9249267578125,224.454345703125,46.521663665771487,-0.8271234631538391,-2.3139145113870719e-11,0.5620202422142029,-5.720068863013239e-11,1,-4.301070610779334e-11,-0.5620202422142029,-6.772311184066737e-11,-0.8271234631538391],7,1.283543348312378],[[761.7565307617188,223.9530487060547,46.41371536254883,-0.8404146432876587,-2.105431627652532e-11,0.5419439673423767,-5.7144330933844858e-11,1,-4.976643055987218e-11,-0.5419439673423767,-7.279345876076704e-11,-0.8404146432876587],7,1.2927682399749756],[[761.643798828125,223.90304565429688,46.342437744140628,-0.847053587436676,-1.9119955618762675e-11,0.5315074324607849,-5.681531980994414e-11,1,-5.4572450725043356e-11,-0.5315074324607849,-7.642355498438391e-11,-0.847053587436676],7,1.3031654357910157],[[761.5236206054688,223.95777893066407,46.22161102294922,-0.8361976146697998,-0.012345384806394577,0.5482892394065857,-0.007528879214078188,0.999910831451416,0.011031865142285824,-0.5483765602111816,0.005096815526485443,-0.8362159729003906],7,1.3139159679412842],[[761.450927734375,224.00746154785157,46.13189697265625,-0.8431450128555298,-0.003097834065556526,0.5376773476600647,-0.002884216606616974,0.9999950528144836,0.0012386724120005966,-0.5376785397529602,-0.0005063973949290812,-0.8431497812271118],8,1.3256607055664063],[[761.2821655273438,224.0841827392578,45.95746994018555,-0.8391764163970947,-0.0013254424557089806,0.5438576936721802,-0.0013372485991567374,0.9999990463256836,0.00037372446968220174,-0.5438576936721802,-0.00041365320794284344,-0.8391773700714111],8,1.342726469039917],[[761.1536254882813,224.12310791015626,45.81819534301758,-0.8544771671295166,0.001692700432613492,0.5194861888885498,0.00010769713844638318,0.999995231628418,-0.003081251634284854,-0.5194889307022095,-0.002576911821961403,-0.8544732928276062],8,1.3517191410064698],[[761.0028686523438,224.14984130859376,45.692543029785159,-0.8636188507080078,0.003460810985416174,0.504133403301239,0.0009018225828185678,0.9999854564666748,-0.005319880787283182,-0.5041444897651672,-0.004139710683375597,-0.8636094331741333],8,1.362077236175537],[[760.8976440429688,224.16256713867188,45.61000442504883,-0.8716939687728882,0.0038591637276113035,0.49003541469573977,0.0010392158292233945,0.9999812841415405,-0.006026530172675848,-0.4900495111942291,-0.0047440375201404099,-0.8716816902160645],8,1.3753561973571778],[[760.7334594726563,224.19769287109376,45.49238586425781,-0.8799898624420166,0.0023655761033296587,0.47498661279678347,0.0005206657806411386,0.999991774559021,-0.004015641752630472,-0.47499221563339236,-0.003286414546892047,-0.8799838423728943],8,1.3861172199249268],[[760.5664672851563,224.23123168945313,45.378971099853519,-0.8903845548629761,0.0010075337486341596,0.45520803332328799,0.0000735601715859957,0.9999978542327881,-0.0020694597624242307,-0.4552091658115387,-0.001809129724279046,-0.890382707118988],8,1.3996555805206299],[[760.392822265625,224.25534057617188,45.278656005859378,-0.8962712287902832,0.00020595434762071818,0.44350627064704897,-0.00007816714060027152,0.9999998211860657,-0.0006223435630090535,-0.44350630044937136,-0.0005924562574364245,-0.8962710499763489],8,1.4104957580566407],[[760.2152099609375,224.2713165283203,45.18648147583008,-0.9025183320045471,-0.00007033322617644444,0.43065139651298525,-0.00006635921454289928,1,0.000024248885893030093,-0.43065139651298525,-0.000006692623628623551,-0.9025183320045471],8,1.4214367866516114],[[760.096435546875,224.27870178222657,45.12519836425781,-0.9170216917991638,-0.00001583155790285673,0.3988373279571533,-0.000043189509597141299,1,-0.00005960865382803604,-0.3988373279571533,-0.00007188801828306168,-0.9170216917991638],8,1.4324889183044434],[[759.853271484375,224.28823852539063,45.01559066772461,-0.9316846132278442,0.000005855372364749201,0.36326825618743899,-0.000006261910129978787,1,-0.000032178693800233307,-0.36326825618743899,-0.00003225514592486434,-0.9316846132278442],8,1.4469172954559327],[[759.6054077148438,224.29344177246095,44.917293548583987,-0.9466676712036133,-0.000003105290488747414,0.3222115933895111,0.0000023254183361132165,1,0.00001646957935008686,-0.3222115933895111,0.00001634049476706423,-0.9466676712036133],8,1.4657630920410157],[[759.4166259765625,224.29571533203126,44.85126876831055,-0.9542645215988159,-0.0000016789848586995504,0.2989635467529297,0.0000017178614371005097,1,0.000011099276889581234,-0.2989635467529297,0.000011105224075436127,-0.9542645215988159],8,1.4762790203094483],[[759.22607421875,224.29714965820313,44.79051208496094,-0.9681782126426697,-1.240820779457863e-7,0.25026166439056399,6.461583552663797e-7,1,0.0000029955785976198969,-0.25026166439056399,0.0000030619626159023029,-0.9681782126426697],8,1.490535020828247],[[759.032958984375,224.29806518554688,44.73856735229492,-0.9809889793395996,2.4126890707520945e-7,0.19406336545944215,1.4286854366218905e-7,1,-5.210484914641711e-7,-0.19406336545944215,-4.834172955270333e-7,-0.9809889793395996],8,1.5007853507995606],[[758.8372802734375,224.2986602783203,44.69752502441406,-0.9860295653343201,1.190471436984808e-7,0.16657032072544099,-2.990499226029897e-8,1,-8.917215836845571e-7,-0.16657032072544099,-8.842451393320516e-7,-0.9860295653343201],8,1.5186328887939454],[[758.5745239257813,224.2991180419922,44.65190505981445,-0.9939882159233093,-2.4726006131459145e-8,0.10948701947927475,-5.236814359932396e-8,1,-2.4959408051472567e-7,-0.10948701947927475,-2.5382720991729e-7,-0.9939882159233093],8,1.5321402549743653],[[758.309814453125,224.25814819335938,44.620445251464847,-0.9984570741653442,-2.3172079366418076e-8,0.05552946776151657,-2.10149071477872e-8,1,3.943127069305774e-8,-0.05552946776151657,3.820348126737372e-8,-0.9984570741653442],8,1.5459036827087403],[[758.1768188476563,224.2172393798828,44.61114501953125,-0.9995160698890686,-7.981475036444863e-9,0.03110629692673683,-5.918325829412652e-9,1,6.641785432748293e-8,-0.03110629692673683,6.620161485670906e-8,-0.9995160698890686],8,1.5562407970428467],[[757.9103393554688,224.170166015625,44.60158920288086,-0.9999845027923584,1.4885918275808763e-8,-0.005563933402299881,1.4401305037381462e-8,1,8.7139099491651e-8,0.005563933402299881,8.705762155614139e-8,-0.9999845027923584],8,1.57041335105896],[[757.7103881835938,224.17483520507813,44.60129165649414,-0.9997735619544983,2.553368183555449e-8,-0.021279623731970788,2.389824160786702e-8,1,7.710909244451614e-8,0.021279623731970788,7.658309186808765e-8,-0.9997735619544983],8,1.58504056930542],[[757.5104370117188,224.18238830566407,44.60487747192383,-0.9989542961120606,3.6674123293778396e-8,-0.04572059214115143,3.363135547829188e-8,1,6.732059176783878e-8,0.04572059214115143,6.571254829168538e-8,-0.9989542961120606],8,1.596252202987671],[[757.3772583007813,224.18658447265626,44.610103607177737,-0.9978914856910706,4.4110155528187536e-8,-0.06490455567836762,4.02407458466314e-8,1,6.092421500625278e-8,0.06490455567836762,5.8183946549661417e-8,-0.9978914856910706],8,1.6074600219726563],[[757.1776733398438,224.19122314453126,44.62221908569336,-0.9972869753837586,5.3881798578458986e-8,-0.07361159473657608,5.023285609695449e-8,1,5.142161541016321e-8,0.07361159473657608,4.758438976182333e-8,-0.9972869753837586],8,1.6174752712249756],[[757.044677734375,224.19338989257813,44.63169479370117,-0.9964612722396851,6.055093138002121e-8,-0.0840529128909111,5.695665450389242e-8,1,4.516001794740987e-8,0.0840529128909111,4.021283928068442e-8,-0.9964612722396851],8,1.6282339096069337],[[756.8453369140625,224.19566345214845,44.64805603027344,-0.9944810271263123,7.063595575118598e-8,-0.10491670668125153,6.723147549791975e-8,1,3.5985941337912666e-8,0.10491670668125153,2.8733630585975335e-8,-0.9944810271263123],8,1.6395542621612549],[[756.6463623046875,224.19712829589845,44.66822814941406,-0.9933260679244995,8.018307084967091e-8,-0.11533994227647782,7.75952955223147e-8,1,2.6925929930143867e-8,0.11533994227647782,1.7796390139324104e-8,-0.9933260679244995],8,1.6509137153625489],[[756.513916015625,224.19778442382813,44.68320846557617,-0.9920625686645508,8.65283524831284e-8,-0.12574505805969239,8.456371602960644e-8,1,2.096185980349219e-8,0.12574505805969239,1.0162006347513853e-8,-0.9920625686645508],8,1.6612420082092286],[[756.3154296875,224.19847106933595,44.70790100097656,-0.9894632697105408,9.594742778062937e-8,-0.14478419721126557,9.51806384819065e-8,1,1.2222923118088147e-8,0.14478419721126557,-1.6865180363367927e-9,-0.9894632697105408],8,1.6759085655212403],[[756.117431640625,224.1988983154297,44.73611068725586,-0.9876192212104797,1.0515351078765889e-7,-0.15687012672424317,1.058967313838366e-7,1,3.6199596653574419e-9,0.15687012672424317,-1.3036892454465488e-8,-0.9876192212104797],8,1.6863479614257813],[[755.9197998046875,224.1991729736328,44.76698303222656,-0.9867848753929138,1.1431179558485383e-7,-0.1620359867811203,1.1665078858413836e-7,1,-4.921330454266126e-9,0.1620359867811203,-2.37579182993386e-8,-0.9867848753929138],8,1.697608470916748],[[755.7882080078125,224.1992950439453,44.78838348388672,-0.9867849349975586,1.204604842541812e-7,-0.1620355099439621,1.238163207517573e-7,1,-1.0612485112915238e-8,0.1620355099439621,-3.053488129012294e-8,-0.9867849349975586],8,1.7070834636688233],[[755.6566162109375,224.1993865966797,44.809959411621097,-0.9867849349975586,1.266065225991042e-7,-0.1620355099439621,1.3097880469103985e-7,1,-1.630120927131884e-8,0.1620355099439621,-3.730900388632108e-8,-0.9867849349975586],8,1.717245101928711],[[755.3934326171875,224.19952392578126,44.85316467285156,-0.9865014553070068,7.221265008183764e-8,-0.1637524962425232,7.569008175778436e-8,1,-1.4996588859617078e-8,0.1637524962425232,-2.7188596263272303e-8,-0.9865014553070068],8,1.7291476726531983],[[755.2618408203125,224.19955444335938,44.874942779541019,-0.9865015149116516,4.5065693399237719e-8,-0.163752019405365,4.806344833241383e-8,1,-1.4344685439482419e-8,0.163752019405365,-2.202154014696589e-8,-0.9865015149116516],8,1.7425963878631592],[[754.9986572265625,224.19961547851563,44.918601989746097,-0.9865015149116516,-9.193449557187705e-9,-0.1637522578239441,-7.1544112856258838e-9,1,-1.3041725921425496e-8,0.1637522578239441,-1.1694130996886543e-8,-0.9865015149116516],8,1.7552211284637452],[[754.8670654296875,224.19961547851563,44.94043731689453,-0.9878932237625122,-3.620320754293971e-8,-0.15513519942760468,-3.473891041494426e-8,1,-1.2149856232213097e-8,0.15513519942760468,-6.613532832489e-9,-0.9878932237625122],8,1.766357183456421],[[754.6695556640625,224.1312255859375,44.9717903137207,-0.9889521598815918,-7.680270641685638e-8,-0.14823485910892487,-7.608321794805306e-8,1,-1.05240989256572e-8,0.14823485910892487,8.703550657962467e-10,-0.9889521598815918],8,1.7770276069641114],[[754.4718017578125,224.02476501464845,45.00171661376953,-0.9904508590698242,-9.916073651083934e-8,-0.1378663033246994,-9.905329534376506e-8,1,-7.640122312579934e-9,0.1378663033246994,6.088946236104675e-9,-0.9904508590698242],8,1.7894926071166993],[[754.351318359375,223.88766479492188,45.030555725097659,-0.993722677230835,-8.510201610079094e-8,-0.1118713766336441,-8.524943240217908e-8,1,-3.4657254843750708e-9,0.1118713766336441,6.093001658769026e-9,-0.993722677230835],8,1.8006949424743653],[[754.3291015625,223.7792205810547,45.046730041503909,-0.9951883554458618,-7.572774052277964e-8,-0.09798013418912888,-7.601382634447873e-8,1,-8.130258688510139e-10,0.09798013418912888,6.638731342434312e-9,-0.9951883554458618],8,1.8125534057617188],[[754.3153686523438,223.5910186767578,45.067047119140628,-0.9974134564399719,-6.17066149288803e-8,-0.07187739759683609,-6.206840197364727e-8,1,2.7998356966207895e-9,0.07187739759683609,7.25390902900358e-9,-0.9974134564399719],8,1.8244221210479737],[[754.2992553710938,224.46414184570313,45.09344482421875,-0.9983205199241638,-4.292401811767377e-8,-0.05793207511305809,-4.342293635772876e-8,1,7.353267328369384e-9,0.05793207511305809,9.85649872831118e-9,-0.9983205199241638],3,1.8405468463897706],[[754.272216796875,225.0857696533203,45.112586975097659,-0.9999893307685852,-2.883567518097152e-8,0.004622747655957937,-2.8777584759609455e-8,1,1.2632763279896153e-8,-0.004622747655957937,1.2499596913073674e-8,-0.9999893307685852],5,1.8633701801300049],[[754.1775512695313,226.05368041992188,45.14232635498047,-0.9946495890617371,-5.201353570072342e-9,0.10330658406019211,-3.2116342918442344e-9,1,1.9426670050393114e-8,-0.10330658406019211,1.8990945704899788e-8,-0.9946495890617371],5,1.8719534873962403],[[754.122314453125,226.41700744628907,45.153419494628909,-0.9999309778213501,6.793426710061112e-9,0.011748741380870343,7.049231420808155e-9,1,2.173154634022012e-8,-0.011748741380870343,2.1812866179971026e-8,-0.9999309778213501],5,1.8818061351776124],[[754.0208740234375,226.9364471435547,45.16914367675781,-0.9988928437232971,2.1417362106035399e-8,0.04704378917813301,2.2567725466160483e-8,1,2.3921893799183637e-8,-0.04704378917813301,2.4957079958198848e-8,-0.9988928437232971],5,1.8922531604766846],[[753.8971557617188,227.42523193359376,45.1837158203125,-0.9988864064216614,3.696773376304918e-8,0.047180239111185077,3.818697891233569e-8,1,2.4940966625308648e-8,-0.047180239111185077,2.6714863210486329e-8,-0.9988864064216614],5,1.9064066410064698],[[753.7510986328125,227.88336181640626,45.19710159301758,-0.9988851547241211,5.2684711704387158e-8,0.04720647633075714,5.3915083952915668e-8,1,2.479034399982538e-8,-0.04720647633075714,2.730784842697176e-8,-0.9988851547241211],5,1.9163832664489747],[[753.5827026367188,228.31082153320313,45.20930480957031,-0.9989661574363709,6.862403267859918e-8,0.04545946791768074,6.97638569135961e-8,1,2.348678940222726e-8,-0.04545946791768074,2.663393594559693e-8,-0.9989661574363709],5,1.9311044216156006],[[753.3926391601563,228.70762634277345,45.22056579589844,-0.9991188049316406,8.479162971752885e-8,0.04197166860103607,8.575008081379565e-8,1,2.1035260644453048e-8,-0.04197166860103607,2.4615797400429075e-8,-0.9991188049316406],5,1.9428396224975587],[[753.2600708007813,228.95513916015626,45.22819137573242,-0.9999760985374451,9.639897058377756e-8,0.006912934593856335,9.653201971104863e-8,1,1.8913320687374836e-8,-0.006912934593856335,1.95801881375246e-8,-0.9999760985374451],5,1.9537649154663087],[[752.8609619140625,229.6159210205078,45.25197982788086,-0.9906731843948364,1.263908586679463e-7,0.13625939190387727,1.2855646502885066e-7,1,7.093712728334367e-9,-0.13625939190387727,2.4544577925667e-8,-0.9906731843948364],5,1.9742934703826905],[[752.79443359375,229.71412658691407,45.256103515625,-0.9995531439781189,1.342554440952881e-7,-0.02989180013537407,1.3416386934750336e-7,1,5.069562103443559e-9,0.02989180013537407,1.0568973474178734e-9,-0.9995531439781189],5,1.984069585800171],[[752.5948486328125,229.98831176757813,45.2686882019043,-0.9993876218795776,1.5086558846633125e-7,0.03499091789126396,1.5087034910266085e-7,1,-2.504329410513151e-9,-0.03499091789126396,2.776295859874267e-9,-0.9993876218795776],5,1.9942011833190919],[[752.4617919921875,230.15406799316407,45.277278900146487,-0.9999985694885254,1.6222072929394927e-7,0.001682331203483045,1.6220715792769625e-7,1,-8.201443968403055e-9,-0.001682331203483045,-7.928546708058093e-9,-0.9999985694885254],5,2.0053305625915529],[[752.26220703125,230.37716674804688,45.290252685546878,-0.9994469285011292,1.6209234843245214e-7,0.03325384110212326,1.6160188920366637e-7,1,-1.743647892737954e-8,-0.03325384110212326,-1.2052951525731715e-8,-0.9994469285011292],5,2.0163114070892336],[[752.0626220703125,230.56961059570313,45.30351257324219,-0.9994469285011292,1.2674830429659779e-7,0.033254366368055347,1.259798239061638e-7,1,-2.5204242248832999e-8,-0.033254366368055347,-2.100092366674744e-8,-0.9994469285011292],5,2.0270893573760988],[[751.863037109375,230.73138427734376,45.316837310791019,-0.9995570182800293,9.142922863247805e-8,0.02976139448583126,9.057110617050057e-8,1,-3.0181578125620948e-8,-0.02976139448583126,-2.7472687236240746e-8,-0.9995570182800293],5,2.040703535079956],[[751.6634521484375,230.8625030517578,45.33073043823242,-0.999607264995575,5.6224365607704388e-8,0.028024079278111459,5.533906133337041e-8,1,-3.236638335124553e-8,-0.028024079278111459,-3.080284471934647e-8,-0.999607264995575],5,2.0520212650299074],[[751.4640502929688,230.96298217773438,45.345027923583987,-0.9996544718742371,2.108713736959089e-8,0.026285720989108087,2.0258466904010676e-8,1,-3.179176388812266e-8,-0.026285720989108087,-3.124827330225344e-8,-0.9996544718742371],5,2.0634546279907228],[[751.2646484375,231.0327911376953,45.359676361083987,-0.9996986985206604,-1.3992663916440052e-8,0.024547306820750238,-1.4695811678677729e-8,1,-2.8464198109645623e-8,-0.024547306820750238,-2.881636262941356e-8,-0.9996986985206604],5,2.0761797428131105],[[751.1317138671875,231.0623016357422,45.36965560913086,-0.9999615550041199,-3.822707839162831e-8,-0.008766802959144116,-3.8008842295766956e-8,1,-2.5060248987074375e-8,0.008766802959144116,-2.4726070080305364e-8,-0.9999615550041199],5,2.0878210067749025],[[750.9323120117188,231.08102416992188,45.38471221923828,-0.9996986985206604,-7.232783616473171e-8,0.024547116830945016,-7.276666025290979e-8,1,-1.698369800351429e-8,-0.024547116830945016,-1.8764792386605224e-8,-0.9996986985206604],5,2.098855972290039],[[750.73291015625,231.06907653808595,45.39977264404297,-0.9997398853302002,-1.0729168309353554e-7,0.022808155044913293,-1.0745756640062609e-7,1,-6.04752647959117e-9,-0.022808155044913293,-8.496861880757934e-9,-0.9997398853302002],5,2.1112167835235597],[[750.5335083007813,231.0264892578125,45.41511535644531,-0.9997780323028565,-1.4223